1593446044.000000, IBI
52.296875,0.546875
55.875000,0.687500
56.593750,0.718750
57.265625,0.671875
57.921875,0.656250
63.328125,0.687500
64.031250,0.703125
64.734375,0.703125
65.421875,0.687500
66.109375,0.687500
66.781250,0.671875
2087.671875,0.750000
2088.328125,0.656250
2193.093750,0.656250
2193.718750,0.625000
2194.375000,0.656250
2195.015625,0.640625
2195.718750,0.703125
2196.421875,0.703125
2197.078125,0.656250
2197.796875,0.718750
2198.531250,0.734375
2199.250000,0.718750
2200.015625,0.765625
2200.718750,0.703125
2201.453125,0.734375
2202.187500,0.734375
2202.890625,0.703125
2203.562500,0.671875
2204.218750,0.656250
2210.859375,0.640625
2219.390625,0.671875
2220.078125,0.687500
2220.750000,0.671875
2221.406250,0.656250
2222.109375,0.703125
2222.796875,0.687500
2223.531250,0.734375
2224.234375,0.703125
2224.968750,0.734375
2225.671875,0.703125
2226.421875,0.750000
2227.109375,0.687500
2227.781250,0.671875
2228.500000,0.718750
2229.171875,0.671875
2235.234375,0.703125
2235.968750,0.734375
2236.671875,0.703125
2242.312500,0.671875
2243.015625,0.703125
2243.671875,0.656250
2244.328125,0.656250
2245.000000,0.671875
2245.687500,0.687500
2246.359375,0.671875
2247.031250,0.671875
2247.703125,0.671875
2248.375000,0.671875
2248.906250,0.531250
2261.734375,0.625000
2262.375000,0.640625
2263.000000,0.625000
2269.562500,0.656250
2270.234375,0.671875
2270.921875,0.687500
2271.578125,0.656250
2272.250000,0.671875
2272.921875,0.671875
2273.578125,0.656250
2274.296875,0.718750
2274.984375,0.687500
2275.640625,0.656250
2276.328125,0.687500
2277.015625,0.687500
2277.687500,0.671875
2278.234375,0.546875
2302.828125,0.593750
3145.968750,0.718750
3146.687500,0.718750
3147.359375,0.671875
3148.093750,0.734375
3148.781250,0.687500
3149.453125,0.671875
3150.312500,0.859375
3983.609375,0.656250
4231.609375,0.750000
4232.218750,0.609375
4232.843750,0.625000
4233.515625,0.671875
4234.109375,0.593750
4234.781250,0.671875
4235.406250,0.625000
4236.031250,0.625000
4236.671875,0.640625
4237.312500,0.640625
4237.937500,0.625000
4238.578125,0.640625
4239.203125,0.625000
4239.859375,0.656250
4240.484375,0.625000
4519.343750,0.625000
4519.921875,0.578125
4520.500000,0.578125
4521.109375,0.609375
4521.671875,0.562500
4522.265625,0.593750
4522.843750,0.578125
4523.406250,0.562500
4524.015625,0.609375
4524.593750,0.578125
4525.203125,0.609375
4525.750000,0.546875
4526.343750,0.593750
4535.187500,0.609375
4535.765625,0.578125
4536.359375,0.593750
4536.984375,0.625000
4556.437500,0.578125
4557.015625,0.578125
4557.593750,0.578125
4558.187500,0.593750
4558.781250,0.593750
4559.390625,0.609375
4718.171875,0.640625
4718.843750,0.671875
4719.500000,0.656250
4720.171875,0.671875
4720.828125,0.656250
4721.484375,0.656250
4765.750000,0.640625
4836.171875,0.687500
4836.828125,0.656250
4837.562500,0.734375
4912.984375,0.687500
4913.640625,0.656250
4914.328125,0.687500
4914.953125,0.625000
5087.687500,0.703125
5088.359375,0.671875
5088.984375,0.625000
5089.609375,0.625000
5090.312500,0.703125
5148.218750,0.640625
5148.796875,0.578125
5149.390625,0.593750
5150.000000,0.609375
5150.625000,0.625000
5151.218750,0.593750
5151.828125,0.609375
5152.437500,0.609375
5153.078125,0.640625
5153.687500,0.609375
5154.312500,0.625000
5154.937500,0.625000
5155.546875,0.609375
5156.203125,0.656250
5156.828125,0.625000
5157.468750,0.640625
5158.093750,0.625000
5158.718750,0.625000
5159.343750,0.625000
5159.984375,0.640625
5160.609375,0.625000
5161.250000,0.640625
5161.859375,0.609375
5162.468750,0.609375
5163.093750,0.625000
5163.671875,0.578125
5164.375000,0.703125
5164.953125,0.578125
6175.750000,0.625000
6176.375000,0.625000
6177.031250,0.656250
6177.609375,0.578125
6178.250000,0.640625
6178.859375,0.609375
6179.484375,0.625000
6180.093750,0.609375
6180.750000,0.656250
6181.359375,0.609375
6181.968750,0.609375
6182.562500,0.593750
6183.218750,0.656250
6192.531250,0.328125
6192.953125,0.421875
6193.265625,0.312500
6460.500000,0.640625
6461.156250,0.656250
6461.828125,0.671875
6462.468750,0.640625
6463.171875,0.703125
6463.843750,0.671875
6464.484375,0.640625
6465.187500,0.703125
6465.875000,0.687500
6466.500000,0.625000
6467.171875,0.671875
6467.828125,0.656250
6468.515625,0.687500
6469.187500,0.671875
6469.828125,0.640625
6470.453125,0.625000
6471.109375,0.656250
6471.890625,0.781250
6472.546875,0.656250
6473.234375,0.687500
6473.906250,0.671875
6474.531250,0.625000
6475.218750,0.687500
6475.968750,0.750000
6476.609375,0.640625
6477.203125,0.593750
6515.171875,0.640625
6775.828125,0.375000
6776.312500,0.484375
6782.421875,0.500000
6782.906250,0.484375
6784.921875,0.390625
6785.390625,0.468750
6788.421875,0.375000
6934.125000,0.703125
6934.781250,0.656250
7116.000000,0.546875
7174.859375,0.703125
7175.484375,0.625000
7193.140625,0.609375
7233.234375,0.656250
7240.593750,0.671875
7241.281250,0.687500
7241.968750,0.687500
7242.609375,0.640625
7243.312500,0.703125
7243.968750,0.656250
7244.671875,0.703125
8185.156250,0.609375
8193.625000,0.687500
8194.312500,0.687500
8194.921875,0.609375
8195.421875,0.500000
8196.156250,0.734375
8196.750000,0.593750
8197.281250,0.531250
8403.125000,0.750000
8403.843750,0.718750
8407.234375,0.703125
8473.328125,0.531250
8540.359375,0.484375
8563.531250,0.578125
8564.171875,0.640625
8566.906250,0.656250
8572.203125,0.593750
8572.906250,0.703125
8573.609375,0.703125
8574.156250,0.546875
8638.843750,0.343750
8639.234375,0.390625
8686.750000,0.515625
8730.281250,0.609375
8731.015625,0.734375
8731.718750,0.703125
8732.343750,0.625000
8733.031250,0.687500
8733.687500,0.656250
8734.296875,0.609375
8734.812500,0.515625
8771.281250,0.656250
8771.984375,0.703125
8772.640625,0.656250
8773.359375,0.718750
