1589802835.000000, IBI
58.031250,0.718750
58.765625,0.734375
59.484375,0.718750
143.125000,0.734375
166.890625,0.734375
167.687500,0.796875
168.484375,0.796875
249.453125,0.843750
273.890625,0.765625
274.671875,0.781250
275.453125,0.781250
276.187500,0.734375
276.968750,0.781250
277.765625,0.796875
417.359375,0.718750
418.125000,0.765625
418.828125,0.703125
419.593750,0.765625
420.343750,0.750000
421.062500,0.718750
421.796875,0.734375
422.562500,0.765625
423.328125,0.765625
424.031250,0.703125
424.781250,0.750000
425.515625,0.734375
426.265625,0.750000
427.031250,0.765625
489.062500,0.734375
489.875000,0.812500
490.687500,0.812500
491.453125,0.765625
492.281250,0.828125
493.093750,0.812500
493.890625,0.796875
494.687500,0.796875
747.078125,0.640625
790.250000,0.734375
791.015625,0.765625
791.734375,0.718750
826.484375,0.781250
872.937500,0.781250
873.671875,0.734375
874.406250,0.734375
875.171875,0.765625
986.609375,0.750000
987.390625,0.781250
988.234375,0.843750
1014.859375,0.796875
1015.687500,0.828125
1016.515625,0.828125
1017.328125,0.812500
1026.078125,0.671875
1036.765625,0.812500
1049.328125,0.796875
1050.140625,0.812500
1050.953125,0.812500
1062.343750,0.781250
1094.218750,0.625000
1175.437500,0.828125
1176.281250,0.843750
1177.109375,0.828125
1177.921875,0.812500
1196.906250,0.828125
1197.796875,0.890625
1198.609375,0.812500
1199.468750,0.859375
1221.953125,0.984375
1232.671875,0.906250
1233.546875,0.875000
1234.343750,0.796875
1235.250000,0.906250
1236.171875,0.921875
1273.812500,0.859375
1283.031250,0.859375
1290.265625,0.734375
1291.015625,0.750000
1387.109375,0.859375
1387.921875,0.812500
1388.796875,0.875000
1476.437500,0.843750
1477.312500,0.875000
1478.203125,0.890625
1478.953125,0.750000
1512.125000,0.812500
1512.984375,0.859375
1523.359375,0.843750
1524.265625,0.906250
1525.140625,0.875000
1525.984375,0.843750
1526.859375,0.875000
1527.765625,0.906250
1528.578125,0.812500
1529.437500,0.859375
1530.343750,0.906250
1531.171875,0.828125
1532.031250,0.859375
1532.906250,0.875000
1533.750000,0.843750
1534.593750,0.843750
1535.453125,0.859375
1536.312500,0.859375
1537.156250,0.843750
1538.046875,0.890625
1538.921875,0.875000
1539.750000,0.828125
1540.609375,0.859375
1541.500000,0.890625
1542.312500,0.812500
1543.187500,0.875000
1544.046875,0.859375
1544.890625,0.843750
1545.765625,0.875000
1546.640625,0.875000
1547.484375,0.843750
1548.343750,0.859375
1549.234375,0.890625
1550.062500,0.828125
1550.937500,0.875000
1551.828125,0.890625
1552.656250,0.828125
1553.531250,0.875000
1554.421875,0.890625
1555.281250,0.859375
1556.109375,0.828125
1556.968750,0.859375
1557.828125,0.859375
1580.921875,0.765625
1705.656250,0.671875
1706.328125,0.671875
1707.015625,0.687500
1707.703125,0.687500
1708.406250,0.703125
1727.984375,0.703125
1728.656250,0.671875
1729.359375,0.703125
1733.234375,0.546875
1902.906250,0.687500
1903.593750,0.687500
1904.281250,0.687500
1904.968750,0.687500
1927.093750,0.734375
1927.781250,0.687500
1928.546875,0.765625
1929.312500,0.765625
1930.109375,0.796875
1930.843750,0.734375
1931.578125,0.734375
1932.281250,0.703125
1933.000000,0.718750
1933.703125,0.703125
1934.375000,0.671875
1951.734375,0.765625
1952.484375,0.750000
1953.312500,0.828125
1954.078125,0.765625
1954.812500,0.734375
1955.562500,0.750000
1956.265625,0.703125
1956.984375,0.718750
1957.593750,0.609375
1989.125000,0.765625
1989.843750,0.718750
1990.593750,0.750000
1991.390625,0.796875
1996.468750,0.703125
1997.156250,0.687500
2005.984375,0.812500
2006.671875,0.687500
2007.406250,0.734375
2008.187500,0.781250
2008.937500,0.750000
2009.687500,0.750000
2010.421875,0.734375
2011.156250,0.734375
2011.859375,0.703125
2012.640625,0.781250
2013.359375,0.718750
2014.125000,0.765625
2017.671875,0.656250
2018.390625,0.718750
2019.125000,0.734375
2023.312500,0.671875
2023.984375,0.671875
2024.750000,0.765625
2025.484375,0.734375
2026.171875,0.687500
2049.015625,0.734375
2049.796875,0.781250
2050.765625,0.968750
2075.890625,0.703125
2076.593750,0.703125
2077.406250,0.812500
2098.390625,0.640625
2099.109375,0.718750
2099.828125,0.718750
2100.562500,0.734375
2101.265625,0.703125
2102.000000,0.734375
2102.734375,0.734375
2103.468750,0.734375
2104.187500,0.718750
2124.593750,0.921875
2135.562500,0.875000
2136.343750,0.781250
2137.125000,0.781250
2137.921875,0.796875
2138.734375,0.812500
2139.531250,0.796875
2140.375000,0.843750
2141.187500,0.812500
2142.000000,0.812500
2142.734375,0.734375
2143.484375,0.750000
2144.265625,0.781250
2145.046875,0.781250
2145.875000,0.828125
2146.718750,0.843750
2147.515625,0.796875
2148.281250,0.765625
2149.109375,0.828125
2149.953125,0.843750
2172.171875,0.703125
2172.921875,0.750000
2173.562500,0.640625
2186.703125,0.734375
2187.390625,0.687500
2188.140625,0.750000
2188.843750,0.703125
2189.625000,0.781250
2190.296875,0.671875
2191.109375,0.812500
2329.843750,0.718750
2330.703125,0.859375
2352.906250,0.796875
2353.718750,0.812500
2354.546875,0.828125
2355.328125,0.781250
2364.531250,0.718750
2365.218750,0.687500
2365.921875,0.703125
2366.671875,0.750000
2367.390625,0.718750
2389.234375,0.734375
2390.078125,0.843750
2390.890625,0.812500
2391.687500,0.796875
2392.437500,0.750000
2397.828125,0.734375
2406.953125,0.765625
2407.562500,0.609375
2408.421875,0.859375
2409.187500,0.765625
2410.015625,0.828125
2410.734375,0.718750
2411.515625,0.781250
2412.296875,0.781250
2413.046875,0.750000
2413.796875,0.750000
2414.546875,0.750000
2415.390625,0.843750
2416.046875,0.656250
2416.656250,0.609375
2417.515625,0.859375
2418.187500,0.671875
2419.015625,0.828125
2419.781250,0.765625
2433.312500,0.796875
2434.125000,0.812500
2434.968750,0.843750
2443.171875,0.765625
2443.984375,0.812500
2444.765625,0.781250
2457.875000,0.671875
2458.593750,0.718750
2459.343750,0.750000
2460.078125,0.734375
2460.859375,0.781250
2461.609375,0.750000
2462.375000,0.765625
2463.156250,0.781250
2463.984375,0.828125
2464.765625,0.781250
2465.546875,0.781250
2466.312500,0.765625
2467.109375,0.796875
2467.906250,0.796875
2468.687500,0.781250
2469.484375,0.796875
2470.296875,0.812500
2471.078125,0.781250
2471.859375,0.781250
2472.718750,0.859375
2473.484375,0.765625
2474.265625,0.781250
2475.078125,0.812500
2475.937500,0.859375
2476.625000,0.687500
2477.437500,0.812500
2478.218750,0.781250
2479.015625,0.796875
2479.812500,0.796875
2480.578125,0.765625
2481.250000,0.671875
2482.109375,0.859375
2482.890625,0.781250
2483.609375,0.718750
2484.390625,0.781250
2496.203125,0.640625
2496.937500,0.734375
2497.625000,0.687500
2498.296875,0.671875
2498.984375,0.687500
2499.687500,0.703125
2500.390625,0.703125
2501.015625,0.625000
2501.703125,0.687500
2502.406250,0.703125
2503.125000,0.718750
2503.843750,0.718750
2504.531250,0.687500
2505.265625,0.734375
2505.937500,0.671875
2506.609375,0.671875
2507.296875,0.687500
2507.968750,0.671875
2512.171875,0.718750
2512.890625,0.718750
2513.562500,0.671875
2514.265625,0.703125
2515.015625,0.750000
2515.781250,0.765625
2520.078125,0.734375
2520.765625,0.687500
2521.484375,0.718750
2522.250000,0.765625
2523.015625,0.765625
2523.796875,0.781250
2524.531250,0.734375
2525.218750,0.687500
2525.984375,0.765625
2536.031250,0.687500
2536.765625,0.734375
2537.500000,0.734375
2538.265625,0.765625
2539.000000,0.734375
2539.734375,0.734375
2540.515625,0.781250
2541.265625,0.750000
2542.000000,0.734375
2542.796875,0.796875
2543.500000,0.703125
2547.953125,0.796875
2548.718750,0.765625
2549.421875,0.703125
2550.187500,0.765625
2550.906250,0.718750
2551.671875,0.765625
2552.437500,0.765625
2553.171875,0.734375
2553.968750,0.796875
2554.765625,0.796875
2555.515625,0.750000
2556.171875,0.656250
2560.156250,0.750000
2560.906250,0.750000
2561.656250,0.750000
2566.156250,0.703125
2566.890625,0.734375
2567.640625,0.750000
2568.390625,0.750000
2569.109375,0.718750
2569.890625,0.781250
2570.640625,0.750000
2571.343750,0.703125
2648.578125,0.687500
2649.250000,0.671875
2649.937500,0.687500
2650.640625,0.703125
2651.359375,0.718750
2652.109375,0.750000
2652.843750,0.734375
2653.546875,0.703125
2654.281250,0.734375
2705.656250,0.828125
2706.421875,0.765625
2707.203125,0.781250
2707.953125,0.750000
2712.515625,0.750000
2713.250000,0.734375
2714.078125,0.828125
2714.781250,0.703125
2715.500000,0.718750
2716.218750,0.718750
2716.984375,0.765625
2717.703125,0.718750
2718.468750,0.765625
2719.250000,0.781250
2720.000000,0.750000
2720.703125,0.703125
2721.453125,0.750000
2722.203125,0.750000
2722.984375,0.781250
2723.734375,0.750000
2724.484375,0.750000
2725.234375,0.750000
2725.984375,0.750000
2726.750000,0.765625
2727.515625,0.765625
2728.281250,0.765625
2729.093750,0.812500
2729.859375,0.765625
2730.625000,0.765625
2731.406250,0.781250
2732.171875,0.765625
2732.921875,0.750000
2733.687500,0.765625
2734.453125,0.765625
2735.203125,0.750000
2735.937500,0.734375
2736.703125,0.765625
2737.484375,0.781250
2738.250000,0.765625
2739.000000,0.750000
2739.781250,0.781250
2740.546875,0.765625
2741.312500,0.765625
2742.000000,0.687500
2742.812500,0.812500
2743.546875,0.734375
2744.296875,0.750000
2745.031250,0.734375
2745.796875,0.765625
2746.546875,0.750000
2747.265625,0.718750
2747.984375,0.718750
2748.578125,0.593750
2761.140625,0.734375
2761.890625,0.750000
2762.671875,0.781250
2766.312500,0.703125
2767.062500,0.750000
2767.703125,0.640625
2768.234375,0.531250
2771.859375,0.765625
2772.546875,0.687500
2773.328125,0.781250
2774.046875,0.718750
2774.734375,0.687500
2775.468750,0.734375
2776.187500,0.718750
2776.890625,0.703125
2777.562500,0.671875
2778.312500,0.750000
2826.890625,0.656250
2827.578125,0.687500
2828.250000,0.671875
2828.953125,0.703125
2829.703125,0.750000
2830.390625,0.687500
2831.171875,0.781250
2831.921875,0.750000
2832.656250,0.734375
2833.359375,0.703125
2834.218750,0.859375
2834.984375,0.765625
2849.968750,0.625000
2882.875000,0.656250
2883.656250,0.781250
2884.296875,0.640625
2885.062500,0.765625
2885.906250,0.843750
2896.078125,0.765625
2896.812500,0.734375
2901.515625,0.656250
2902.218750,0.703125
2906.296875,0.734375
2906.953125,0.656250
2927.593750,0.718750
2928.281250,0.687500
2928.953125,0.671875
2951.406250,0.687500
2952.140625,0.734375
2952.906250,0.765625
2953.625000,0.718750
2954.359375,0.734375
2958.640625,0.781250
2959.359375,0.718750
2960.078125,0.718750
2960.828125,0.750000
2961.484375,0.656250
2962.234375,0.750000
3135.812500,0.671875
3136.531250,0.718750
3137.093750,0.562500
3210.718750,0.718750
3211.437500,0.718750
3323.281250,0.671875
3323.953125,0.671875
3324.609375,0.656250
3325.281250,0.671875
3325.984375,0.703125
3326.656250,0.671875
3327.328125,0.671875
3328.062500,0.734375
3328.765625,0.703125
3329.484375,0.718750
3330.187500,0.703125
3341.312500,0.984375
3453.984375,0.671875
3454.656250,0.671875
3497.843750,0.671875
3498.515625,0.671875
3499.203125,0.687500
3499.859375,0.656250
3510.640625,0.609375
3511.312500,0.671875
3511.953125,0.640625
3512.609375,0.656250
3521.765625,0.671875
3522.484375,0.718750
3526.515625,0.609375
3527.125000,0.609375
3548.812500,0.640625
3549.484375,0.671875
3550.171875,0.687500
3550.843750,0.671875
3551.562500,0.718750
3583.531250,0.671875
3584.187500,0.656250
3584.828125,0.640625
3585.375000,0.546875
3586.125000,0.750000
3586.750000,0.625000
3587.406250,0.656250
3588.046875,0.640625
3588.703125,0.656250
3589.359375,0.656250
3589.984375,0.625000
3590.640625,0.656250
