1593608450.000000, IBI
371.500000,0.734375
372.171875,0.671875
873.140625,0.625000
873.796875,0.656250
874.453125,0.656250
875.062500,0.609375
881.062500,0.687500
885.296875,0.718750
886.000000,0.703125
898.000000,0.703125
902.062500,0.703125
937.921875,0.656250
938.609375,0.687500
939.281250,0.671875
980.703125,0.671875
981.390625,0.687500
982.093750,0.703125
982.796875,0.703125
983.531250,0.734375
984.234375,0.703125
984.968750,0.734375
996.015625,0.625000
996.765625,0.750000
997.437500,0.671875
998.078125,0.640625
1002.984375,0.796875
1003.718750,0.734375
1004.468750,0.750000
1005.234375,0.765625
1005.984375,0.750000
1006.718750,0.734375
1007.468750,0.750000
1008.218750,0.750000
1008.937500,0.718750
1012.484375,0.687500
1013.187500,0.703125
1013.984375,0.796875
1019.140625,0.656250
1019.875000,0.734375
1024.171875,0.781250
1025.140625,0.968750
1026.171875,1.031250
1026.921875,0.750000
1027.625000,0.703125
1055.125000,0.625000
1076.625000,0.687500
1077.312500,0.687500
1078.078125,0.765625
1078.765625,0.687500
1079.468750,0.703125
1080.187500,0.718750
1080.875000,0.687500
1081.562500,0.687500
1085.484375,0.593750
1086.125000,0.640625
1086.765625,0.640625
1087.546875,0.781250
1088.406250,0.859375
1089.218750,0.812500
1092.890625,0.718750
1093.546875,0.656250
1094.203125,0.656250
1094.859375,0.656250
1095.406250,0.546875
1096.125000,0.718750
1096.765625,0.640625
1097.421875,0.656250
1098.093750,0.671875
1098.781250,0.687500
1099.437500,0.656250
1100.140625,0.703125
1100.890625,0.750000
1101.687500,0.796875
1102.500000,0.812500
1103.312500,0.812500
1104.062500,0.750000
1104.765625,0.703125
1105.531250,0.765625
1106.250000,0.718750
1106.968750,0.718750
1107.718750,0.750000
1108.468750,0.750000
1113.640625,0.718750
1114.312500,0.671875
1115.015625,0.703125
1115.687500,0.671875
1116.390625,0.703125
1117.078125,0.687500
1117.812500,0.734375
1118.546875,0.734375
1119.296875,0.750000
1120.015625,0.718750
1120.734375,0.718750
1121.484375,0.750000
1122.234375,0.750000
1125.968750,0.781250
1126.750000,0.781250
1127.500000,0.750000
1128.281250,0.781250
1129.031250,0.750000
1129.781250,0.750000
1130.562500,0.781250
1131.343750,0.781250
1132.140625,0.796875
1132.875000,0.734375
1133.640625,0.765625
1134.437500,0.796875
1135.265625,0.828125
1136.000000,0.734375
1136.765625,0.765625
1137.562500,0.796875
1138.312500,0.750000
1139.062500,0.750000
1139.828125,0.765625
1140.593750,0.765625
1141.343750,0.750000
1142.109375,0.765625
1142.828125,0.718750
1143.593750,0.765625
1144.328125,0.734375
1145.062500,0.734375
1145.796875,0.734375
1146.546875,0.750000
1147.328125,0.781250
1153.718750,0.703125
1154.484375,0.765625
1155.109375,0.625000
1155.781250,0.671875
1156.500000,0.718750
1157.171875,0.671875
1157.843750,0.671875
1158.531250,0.687500
1159.234375,0.703125
1159.906250,0.671875
1160.578125,0.671875
1161.281250,0.703125
1172.859375,0.703125
1180.593750,0.703125
1181.296875,0.703125
1182.078125,0.781250
1182.734375,0.656250
1183.609375,0.875000
1184.265625,0.656250
1184.984375,0.718750
1185.718750,0.734375
1186.437500,0.718750
1187.125000,0.687500
1187.828125,0.703125
1188.531250,0.703125
1189.234375,0.703125
1206.390625,0.718750
1207.109375,0.718750
1207.875000,0.765625
1208.562500,0.687500
1209.312500,0.750000
1210.062500,0.750000
1218.046875,0.625000
1218.703125,0.656250
1233.843750,0.703125
1234.531250,0.687500
1235.296875,0.765625
1236.078125,0.781250
1236.812500,0.734375
1237.625000,0.812500
1244.156250,0.734375
1244.859375,0.703125
1245.578125,0.718750
1246.250000,0.671875
1247.000000,0.750000
1247.703125,0.703125
1248.375000,0.671875
1249.000000,0.625000
1253.109375,0.750000
1253.890625,0.781250
1254.687500,0.796875
1260.140625,0.781250
1260.953125,0.812500
1261.781250,0.828125
1262.562500,0.781250
1263.328125,0.765625
1263.937500,0.609375
1268.062500,0.812500
1268.843750,0.781250
1273.421875,0.703125
1274.187500,0.765625
1274.781250,0.593750
1281.671875,0.750000
1282.406250,0.734375
1283.125000,0.718750
1283.859375,0.734375
1288.781250,0.671875
1289.500000,0.718750
1290.171875,0.671875
1290.828125,0.656250
1291.500000,0.671875
1303.625000,0.734375
1304.375000,0.750000
1305.093750,0.718750
1305.812500,0.718750
1306.531250,0.718750
1307.281250,0.750000
1308.000000,0.718750
1308.703125,0.703125
1356.921875,0.703125
1357.484375,0.562500
1361.265625,0.750000
1361.984375,0.718750
1365.578125,0.734375
1366.265625,0.687500
1366.984375,0.718750
1367.734375,0.750000
1368.437500,0.703125
1369.156250,0.718750
1369.875000,0.718750
1370.593750,0.718750
1371.281250,0.687500
1372.015625,0.734375
1372.656250,0.640625
1373.468750,0.812500
1374.156250,0.687500
1374.890625,0.734375
1375.593750,0.703125
1396.796875,0.718750
1397.578125,0.781250
1410.875000,0.687500
1411.593750,0.718750
1412.296875,0.703125
1412.984375,0.687500
1413.671875,0.687500
1414.375000,0.703125
1415.062500,0.687500
1415.750000,0.687500
1416.375000,0.625000
1417.062500,0.687500
1417.750000,0.687500
1418.515625,0.765625
1419.312500,0.796875
1420.078125,0.765625
1420.843750,0.765625
1421.593750,0.750000
1422.359375,0.765625
1423.093750,0.734375
1423.859375,0.765625
1424.625000,0.765625
1425.375000,0.750000
1426.109375,0.734375
1426.859375,0.750000
1427.609375,0.750000
1428.328125,0.718750
1429.062500,0.734375
1429.812500,0.750000
1430.562500,0.750000
1431.296875,0.734375
1432.015625,0.718750
1432.765625,0.750000
1433.515625,0.750000
1434.218750,0.703125
1434.953125,0.734375
1435.718750,0.765625
1439.937500,0.703125
1444.000000,0.703125
1444.718750,0.718750
1445.500000,0.781250
1446.312500,0.812500
1447.062500,0.750000
1447.796875,0.734375
1448.546875,0.750000
1449.312500,0.765625
1450.062500,0.750000
1450.781250,0.718750
1451.453125,0.671875
1452.296875,0.843750
1453.000000,0.703125
1453.718750,0.718750
1454.515625,0.796875
1455.218750,0.703125
1455.937500,0.718750
1456.703125,0.765625
1457.421875,0.718750
1458.125000,0.703125
1464.859375,0.765625
1465.625000,0.765625
1466.343750,0.718750
1475.406250,0.687500
1476.140625,0.734375
1476.843750,0.703125
1477.562500,0.718750
1478.265625,0.703125
1479.031250,0.765625
1479.734375,0.703125
1485.781250,0.671875
1486.468750,0.687500
1487.187500,0.718750
1487.890625,0.703125
1488.593750,0.703125
1489.281250,0.687500
1490.000000,0.718750
1490.671875,0.671875
1491.390625,0.718750
1492.125000,0.734375
1492.843750,0.718750
1493.593750,0.750000
1494.328125,0.734375
1495.046875,0.718750
1495.765625,0.718750
1508.687500,0.750000
1509.406250,0.718750
1510.203125,0.796875
1510.937500,0.734375
1511.671875,0.734375
1512.437500,0.765625
1513.234375,0.796875
1514.000000,0.765625
1514.765625,0.765625
1515.531250,0.765625
1516.328125,0.796875
1517.093750,0.765625
1517.843750,0.750000
1518.640625,0.796875
1519.453125,0.812500
1525.531250,0.765625
1526.171875,0.640625
1532.390625,0.765625
1533.140625,0.750000
1542.203125,0.734375
1542.968750,0.765625
1543.734375,0.765625
1547.468750,0.765625
1548.203125,0.734375
1548.968750,0.765625
1549.734375,0.765625
1550.468750,0.734375
1551.250000,0.781250
1552.015625,0.765625
1552.796875,0.781250
1553.531250,0.734375
1554.312500,0.781250
1555.109375,0.796875
1555.906250,0.796875
1556.703125,0.796875
1557.359375,0.656250
1558.078125,0.718750
1558.796875,0.718750
1559.484375,0.687500
1560.203125,0.718750
1560.937500,0.734375
1565.468750,0.703125
1574.968750,0.750000
1575.734375,0.765625
1576.500000,0.765625
1577.234375,0.734375
1578.000000,0.765625
1578.750000,0.750000
1579.484375,0.734375
1580.234375,0.750000
1581.000000,0.765625
1581.750000,0.750000
1582.500000,0.750000
1583.234375,0.734375
1584.000000,0.765625
1584.781250,0.781250
1585.531250,0.750000
1586.312500,0.781250
1587.093750,0.781250
1587.828125,0.734375
1596.031250,0.687500
1596.734375,0.703125
1597.437500,0.703125
1598.156250,0.718750
1598.875000,0.718750
1599.656250,0.781250
1600.437500,0.781250
1601.234375,0.796875
1601.984375,0.750000
1602.734375,0.750000
1603.484375,0.750000
1604.234375,0.750000
1604.968750,0.734375
1605.687500,0.718750
1606.406250,0.718750
1607.156250,0.750000
1607.875000,0.718750
1608.593750,0.718750
1609.265625,0.671875
1610.015625,0.750000
1610.734375,0.718750
1611.390625,0.656250
1619.906250,0.687500
1620.625000,0.718750
1621.359375,0.734375
1622.140625,0.781250
1622.875000,0.734375
1623.578125,0.703125
1624.343750,0.765625
1625.062500,0.718750
1625.843750,0.781250
1626.562500,0.718750
1627.343750,0.781250
1628.078125,0.734375
1628.828125,0.750000
1634.515625,0.687500
1635.265625,0.750000
1636.093750,0.828125
1636.906250,0.812500
1637.640625,0.734375
1643.625000,0.703125
1644.343750,0.718750
1645.093750,0.750000
1645.796875,0.703125
1646.546875,0.750000
1647.296875,0.750000
1648.031250,0.734375
1648.750000,0.718750
1649.500000,0.750000
1650.234375,0.734375
1650.984375,0.750000
1651.687500,0.703125
1652.390625,0.703125
1653.093750,0.703125
1653.843750,0.750000
1654.531250,0.687500
1655.187500,0.656250
1655.937500,0.750000
1662.484375,0.781250
1663.234375,0.750000
1663.984375,0.750000
1664.765625,0.781250
1665.546875,0.781250
1666.328125,0.781250
1667.015625,0.687500
1667.750000,0.734375
1668.515625,0.765625
1669.234375,0.718750
1669.921875,0.687500
1670.750000,0.828125
1686.156250,0.718750
1686.984375,0.828125
1691.359375,0.718750
1692.093750,0.734375
2033.187500,0.671875
2197.312500,0.453125
2197.734375,0.421875
2198.156250,0.421875
2198.687500,0.531250
2473.125000,0.781250
2915.250000,0.812500
2938.390625,0.750000
2939.187500,0.796875
2939.968750,0.781250
2940.718750,0.750000
2941.515625,0.796875
2942.328125,0.812500
2943.046875,0.718750
2943.750000,0.703125
2944.609375,0.859375
2945.406250,0.796875
2946.125000,0.718750
2946.875000,0.750000
2947.531250,0.656250
2948.140625,0.609375
2996.906250,0.812500
2997.703125,0.796875
2998.593750,0.890625
3005.234375,0.718750
3028.078125,0.734375
3029.000000,0.921875
3029.671875,0.671875
3113.937500,0.843750
3150.593750,1.125000
3158.687500,0.781250
3159.296875,0.609375
3174.343750,0.875000
3175.156250,0.812500
3176.015625,0.859375
3176.843750,0.828125
3177.625000,0.781250
3178.437500,0.812500
3179.296875,0.859375
3180.062500,0.765625
3180.890625,0.828125
