1595854651.000000, IBI
154.062500,0.640625
154.796875,0.734375
155.484375,0.687500
156.093750,0.609375
156.765625,0.671875
157.437500,0.671875
158.171875,0.734375
159.078125,0.906250
162.046875,0.609375
162.703125,0.656250
163.343750,0.640625
164.062500,0.718750
164.796875,0.734375
165.468750,0.671875
166.171875,0.703125
166.875000,0.703125
167.562500,0.687500
168.250000,0.687500
168.968750,0.718750
169.671875,0.703125
170.359375,0.687500
171.062500,0.703125
171.781250,0.718750
172.453125,0.671875
173.109375,0.656250
173.796875,0.687500
174.484375,0.687500
175.140625,0.656250
175.828125,0.687500
176.468750,0.640625
177.109375,0.640625
177.734375,0.625000
178.406250,0.671875
190.656250,0.593750
198.156250,0.671875
202.046875,0.625000
202.687500,0.640625
203.343750,0.656250
219.562500,0.671875
220.187500,0.625000
220.921875,0.734375
221.468750,0.546875
222.078125,0.609375
222.750000,0.671875
223.421875,0.671875
224.140625,0.718750
224.828125,0.687500
225.484375,0.656250
226.156250,0.671875
226.750000,0.593750
227.390625,0.640625
228.125000,0.734375
228.828125,0.703125
229.468750,0.640625
230.062500,0.593750
247.687500,0.671875
248.359375,0.671875
249.031250,0.671875
249.703125,0.671875
250.375000,0.671875
251.078125,0.703125
251.796875,0.718750
259.562500,0.656250
260.234375,0.671875
260.906250,0.671875
261.578125,0.671875
262.281250,0.703125
267.343750,0.734375
268.031250,0.687500
268.750000,0.718750
269.437500,0.687500
338.062500,0.671875
338.671875,0.609375
339.312500,0.640625
340.000000,0.687500
340.687500,0.687500
341.390625,0.703125
342.078125,0.687500
342.796875,0.718750
343.484375,0.687500
344.218750,0.734375
344.921875,0.703125
345.625000,0.703125
346.296875,0.671875
347.000000,0.703125
347.718750,0.718750
348.390625,0.671875
348.937500,0.546875
349.703125,0.765625
350.328125,0.625000
350.953125,0.625000
351.609375,0.656250
352.250000,0.640625
352.875000,0.625000
353.578125,0.703125
354.234375,0.656250
354.828125,0.593750
355.468750,0.640625
356.109375,0.640625
356.765625,0.656250
357.437500,0.671875
358.109375,0.671875
358.796875,0.687500
359.500000,0.703125
360.171875,0.671875
360.843750,0.671875
361.500000,0.656250
362.171875,0.671875
362.812500,0.640625
363.453125,0.640625
364.093750,0.640625
364.750000,0.656250
365.375000,0.625000
366.015625,0.640625
366.640625,0.625000
367.312500,0.671875
367.968750,0.656250
368.625000,0.656250
369.312500,0.687500
369.984375,0.671875
370.625000,0.640625
371.281250,0.656250
371.921875,0.640625
372.546875,0.625000
373.187500,0.640625
373.812500,0.625000
374.437500,0.625000
375.078125,0.640625
375.703125,0.625000
376.343750,0.640625
377.000000,0.656250
377.687500,0.687500
378.359375,0.671875
379.031250,0.671875
379.718750,0.687500
380.375000,0.656250
381.031250,0.656250
381.671875,0.640625
382.312500,0.640625
382.953125,0.640625
383.578125,0.625000
384.234375,0.656250
384.875000,0.640625
385.531250,0.656250
386.171875,0.640625
386.828125,0.656250
387.500000,0.671875
388.156250,0.656250
388.781250,0.625000
389.421875,0.640625
390.046875,0.625000
390.687500,0.640625
391.328125,0.640625
391.984375,0.656250
392.687500,0.703125
393.390625,0.703125
394.062500,0.671875
394.750000,0.687500
395.437500,0.687500
396.125000,0.687500
396.796875,0.671875
397.468750,0.671875
398.125000,0.656250
398.796875,0.671875
399.484375,0.687500
400.125000,0.640625
400.765625,0.640625
401.421875,0.656250
402.078125,0.656250
402.734375,0.656250
403.375000,0.640625
404.015625,0.640625
404.656250,0.640625
410.734375,0.593750
411.328125,0.593750
411.921875,0.593750
412.500000,0.578125
413.093750,0.593750
413.703125,0.609375
414.343750,0.640625
414.875000,0.531250
423.500000,0.609375
424.140625,0.640625
424.765625,0.625000
425.375000,0.609375
426.000000,0.625000
426.640625,0.640625
427.265625,0.625000
427.859375,0.593750
428.484375,0.625000
429.125000,0.640625
429.718750,0.593750
430.312500,0.593750
430.937500,0.625000
431.546875,0.609375
432.156250,0.609375
432.781250,0.625000
433.375000,0.593750
433.968750,0.593750
434.593750,0.625000
435.234375,0.640625
435.875000,0.640625
448.484375,0.562500
449.093750,0.609375
449.671875,0.578125
456.812500,0.640625
457.437500,0.625000
458.046875,0.609375
458.656250,0.609375
459.234375,0.578125
459.859375,0.625000
460.453125,0.593750
461.062500,0.609375
464.546875,0.578125
465.125000,0.578125
465.671875,0.546875
466.234375,0.562500
466.843750,0.609375
467.484375,0.640625
468.218750,0.734375
469.000000,0.781250
469.750000,0.750000
473.625000,0.593750
474.250000,0.625000
474.875000,0.625000
475.484375,0.609375
476.078125,0.593750
476.687500,0.609375
477.312500,0.625000
477.953125,0.640625
478.609375,0.656250
479.250000,0.640625
479.875000,0.625000
480.546875,0.671875
481.140625,0.593750
486.671875,0.625000
487.281250,0.609375
487.875000,0.593750
488.500000,0.625000
489.109375,0.609375
489.750000,0.640625
490.390625,0.640625
491.062500,0.671875
491.718750,0.656250
499.875000,0.640625
500.562500,0.687500
501.234375,0.671875
501.906250,0.671875
502.546875,0.640625
503.187500,0.640625
503.843750,0.656250
504.468750,0.625000
505.109375,0.640625
505.750000,0.640625
506.359375,0.609375
506.968750,0.609375
509.937500,0.578125
510.546875,0.609375
511.187500,0.640625
511.812500,0.625000
514.734375,0.593750
515.328125,0.593750
515.937500,0.609375
516.531250,0.593750
517.109375,0.578125
520.140625,0.625000
520.812500,0.671875
521.437500,0.625000
522.109375,0.671875
522.734375,0.625000
523.343750,0.609375
523.953125,0.609375
524.531250,0.578125
525.125000,0.593750
525.718750,0.593750
526.328125,0.609375
552.203125,0.671875
552.859375,0.656250
553.468750,0.609375
557.343750,0.656250
557.953125,0.609375
558.578125,0.625000
559.203125,0.625000
559.812500,0.609375
578.343750,0.609375
578.906250,0.562500
579.531250,0.625000
580.187500,0.656250
580.859375,0.671875
581.390625,0.531250
609.796875,0.828125
610.593750,0.796875
613.796875,0.656250
614.406250,0.609375
615.046875,0.640625
644.625000,0.843750
668.781250,0.484375
669.312500,0.531250
674.765625,0.468750
678.875000,0.609375
718.265625,0.718750
718.843750,0.578125
1119.515625,0.671875
1120.187500,0.671875
1120.875000,0.687500
1121.531250,0.656250
1122.140625,0.609375
1127.656250,0.546875
1128.250000,0.593750
1128.828125,0.578125
1129.484375,0.656250
1130.109375,0.625000
1130.781250,0.671875
1150.562500,0.765625
1151.250000,0.687500
1151.968750,0.718750
1152.625000,0.656250
1153.171875,0.546875
1153.890625,0.718750
1154.546875,0.656250
1155.093750,0.546875
1845.359375,0.968750
1864.390625,0.781250
1918.453125,0.640625
1919.093750,0.640625
1919.734375,0.640625
1920.421875,0.687500
1921.046875,0.625000
1921.750000,0.703125
1922.421875,0.671875
