1595360012.000000, IBI
183.453125,0.625000
184.078125,0.625000
184.703125,0.625000
185.437500,0.734375
195.140625,0.640625
195.781250,0.640625
209.171875,0.734375
209.906250,0.734375
210.546875,0.640625
211.281250,0.734375
211.921875,0.640625
212.640625,0.718750
213.390625,0.750000
214.031250,0.640625
214.765625,0.734375
215.390625,0.625000
216.125000,0.734375
216.859375,0.734375
217.500000,0.640625
218.218750,0.718750
218.875000,0.656250
234.125000,0.640625
234.765625,0.640625
235.484375,0.718750
236.218750,0.734375
236.859375,0.640625
237.578125,0.718750
238.218750,0.640625
238.859375,0.640625
239.484375,0.625000
240.187500,0.703125
240.828125,0.640625
241.453125,0.625000
242.093750,0.640625
242.703125,0.609375
248.234375,0.703125
248.890625,0.656250
249.625000,0.734375
250.265625,0.640625
251.015625,0.750000
251.734375,0.718750
252.453125,0.718750
253.125000,0.671875
253.843750,0.718750
254.578125,0.734375
255.218750,0.640625
255.937500,0.718750
256.593750,0.656250
257.312500,0.718750
258.031250,0.718750
258.687500,0.656250
259.328125,0.640625
260.000000,0.671875
260.656250,0.656250
261.281250,0.625000
262.015625,0.734375
262.656250,0.640625
263.390625,0.734375
264.109375,0.718750
268.093750,0.625000
271.296875,0.703125
271.937500,0.640625
272.640625,0.703125
273.281250,0.640625
273.921875,0.640625
274.640625,0.718750
275.343750,0.703125
276.015625,0.671875
276.718750,0.703125
277.375000,0.656250
278.015625,0.640625
278.734375,0.718750
279.375000,0.640625
280.109375,0.734375
280.796875,0.687500
281.453125,0.656250
282.171875,0.718750
282.828125,0.656250
283.468750,0.640625
284.156250,0.687500
284.796875,0.640625
285.453125,0.656250
286.156250,0.703125
286.781250,0.625000
287.437500,0.656250
288.125000,0.687500
341.468750,0.750000
342.187500,0.718750
346.531250,0.734375
347.265625,0.734375
347.953125,0.687500
348.656250,0.703125
349.375000,0.718750
353.500000,0.625000
354.203125,0.703125
360.484375,0.687500
361.187500,0.703125
361.890625,0.703125
362.546875,0.656250
391.468750,0.796875
392.109375,0.640625
392.843750,0.734375
393.546875,0.703125
394.250000,0.703125
441.953125,0.562500
445.734375,0.671875
446.265625,0.531250
447.000000,0.734375
447.640625,0.640625
448.265625,0.625000
552.437500,0.765625
553.062500,0.625000
553.765625,0.703125
554.406250,0.640625
586.265625,0.750000
586.953125,0.687500
601.984375,0.703125
602.656250,0.671875
603.312500,0.656250
604.015625,0.703125
604.687500,0.671875
618.109375,0.671875
618.781250,0.671875
619.437500,0.656250
620.140625,0.703125
620.703125,0.562500
621.453125,0.750000
622.156250,0.703125
622.984375,0.828125
623.609375,0.625000
624.234375,0.625000
641.796875,0.750000
642.531250,0.734375
643.250000,0.718750
643.937500,0.687500
644.750000,0.812500
645.515625,0.765625
653.468750,0.718750
657.718750,0.718750
658.437500,0.718750
659.187500,0.750000
659.843750,0.656250
660.531250,0.687500
661.203125,0.671875
661.937500,0.734375
662.656250,0.718750
663.359375,0.703125
664.046875,0.687500
664.781250,0.734375
665.515625,0.734375
666.203125,0.687500
666.875000,0.671875
667.625000,0.750000
668.328125,0.703125
681.828125,0.765625
689.906250,0.718750
690.609375,0.703125
691.281250,0.671875
692.000000,0.718750
692.671875,0.671875
693.375000,0.703125
694.125000,0.750000
771.265625,0.640625
771.890625,0.625000
772.609375,0.718750
773.265625,0.656250
773.968750,0.703125
774.609375,0.640625
775.250000,0.640625
775.968750,0.718750
776.609375,0.640625
777.328125,0.718750
777.968750,0.640625
778.656250,0.687500
858.140625,0.765625
862.843750,0.703125
863.515625,0.671875
864.218750,0.703125
867.703125,0.734375
868.437500,0.734375
869.078125,0.640625
875.421875,0.656250
876.109375,0.687500
876.781250,0.671875
915.406250,0.718750
916.093750,0.687500
916.812500,0.718750
917.468750,0.656250
918.109375,0.640625
918.890625,0.781250
919.578125,0.687500
920.250000,0.671875
920.859375,0.609375
921.625000,0.765625
922.359375,0.734375
927.843750,0.703125
928.515625,0.671875
929.171875,0.656250
929.875000,0.703125
930.593750,0.718750
931.250000,0.656250
931.937500,0.687500
932.609375,0.671875
933.328125,0.718750
934.000000,0.671875
934.625000,0.625000
935.343750,0.718750
936.031250,0.687500
949.875000,0.718750
950.531250,0.656250
951.171875,0.640625
951.859375,0.687500
952.531250,0.671875
956.515625,0.656250
957.109375,0.593750
957.828125,0.718750
958.484375,0.656250
959.140625,0.656250
1006.031250,0.703125
1006.734375,0.703125
1007.437500,0.703125
1008.109375,0.671875
1175.593750,0.656250
1176.250000,0.656250
1177.078125,0.828125
1237.609375,0.718750
1238.265625,0.656250
1285.750000,0.593750
1315.156250,0.562500
1332.062500,0.734375
1332.812500,0.750000
1333.421875,0.609375
1334.062500,0.640625
1342.750000,0.750000
1343.468750,0.718750
1344.125000,0.656250
1344.890625,0.765625
1345.609375,0.718750
1346.343750,0.734375
1347.062500,0.718750
1347.703125,0.640625
1348.484375,0.781250
1351.921875,0.609375
1352.687500,0.765625
1358.390625,0.781250
1359.000000,0.609375
1359.718750,0.718750
1365.187500,0.734375
1365.921875,0.734375
1366.515625,0.593750
1453.187500,0.812500
1453.828125,0.640625
1467.531250,0.578125
1491.843750,0.703125
1496.562500,0.671875
1497.265625,0.703125
1497.968750,0.703125
1498.671875,0.703125
1499.343750,0.671875
1499.890625,0.546875
1503.468750,0.718750
1508.250000,0.703125
1508.906250,0.656250
1509.656250,0.750000
1510.375000,0.718750
1511.109375,0.734375
1511.843750,0.734375
1512.515625,0.671875
1513.203125,0.687500
1523.046875,0.718750
1523.765625,0.718750
1524.484375,0.718750
1525.218750,0.734375
1525.921875,0.703125
1526.656250,0.734375
1531.562500,0.703125
1532.281250,0.718750
1532.968750,0.687500
1533.656250,0.687500
1534.343750,0.687500
1535.031250,0.687500
1535.718750,0.687500
1536.421875,0.703125
1537.109375,0.687500
1537.781250,0.671875
1538.500000,0.718750
1539.187500,0.687500
1539.890625,0.703125
1540.609375,0.718750
1541.312500,0.703125
1542.031250,0.718750
1542.718750,0.687500
1543.390625,0.671875
1544.093750,0.703125
1544.765625,0.671875
1545.468750,0.703125
1546.140625,0.671875
1546.843750,0.703125
1547.515625,0.671875
1548.234375,0.718750
