1608296659.000000, IBI
65.328125,0.671875
66.062500,0.734375
66.781250,0.718750
67.500000,0.718750
68.203125,0.703125
68.984375,0.781250
69.671875,0.687500
70.437500,0.765625
71.187500,0.750000
105.265625,0.687500
105.953125,0.687500
106.687500,0.734375
107.359375,0.671875
108.109375,0.750000
108.828125,0.718750
109.546875,0.718750
110.359375,0.812500
110.968750,0.609375
111.750000,0.781250
141.687500,0.765625
142.375000,0.687500
143.187500,0.812500
144.031250,0.843750
181.031250,0.703125
201.531250,0.734375
202.281250,0.750000
223.296875,0.765625
224.046875,0.750000
224.812500,0.765625
225.593750,0.781250
226.343750,0.750000
227.109375,0.765625
227.828125,0.718750
228.656250,0.828125
235.453125,0.687500
236.125000,0.671875
236.703125,0.578125
240.562500,0.812500
241.281250,0.718750
242.015625,0.734375
242.781250,0.765625
243.531250,0.750000
244.265625,0.734375
371.718750,0.687500
372.312500,0.593750
372.937500,0.625000
423.953125,0.859375
424.640625,0.687500
425.468750,0.828125
467.781250,0.718750
468.750000,0.968750
469.593750,0.843750
491.859375,0.734375
492.609375,0.750000
493.515625,0.906250
494.203125,0.687500
495.000000,0.796875
579.968750,0.828125
580.781250,0.812500
586.765625,0.859375
587.578125,0.812500
588.390625,0.812500
611.765625,0.765625
612.578125,0.812500
613.421875,0.843750
614.312500,0.890625
615.156250,0.843750
615.968750,0.812500
616.812500,0.843750
617.656250,0.843750
618.421875,0.765625
619.265625,0.843750
619.937500,0.671875
620.890625,0.953125
621.796875,0.906250
630.703125,0.843750
635.968750,0.640625
641.562500,0.640625
645.796875,0.812500
646.562500,0.765625
647.312500,0.750000
647.968750,0.656250
648.859375,0.890625
649.531250,0.671875
650.328125,0.796875
651.078125,0.750000
651.843750,0.765625
652.593750,0.750000
653.328125,0.734375
654.109375,0.781250
654.906250,0.796875
655.671875,0.765625
656.468750,0.796875
657.203125,0.734375
657.906250,0.703125
666.093750,0.765625
666.906250,0.812500
667.734375,0.828125
668.484375,0.750000
669.296875,0.812500
684.000000,0.921875
684.765625,0.765625
690.734375,0.859375
691.437500,0.703125
692.296875,0.859375
703.359375,0.687500
704.046875,0.687500
704.781250,0.734375
705.515625,0.734375
714.609375,0.812500
715.359375,0.750000
750.734375,0.718750
783.250000,0.796875
784.031250,0.781250
784.843750,0.812500
785.609375,0.765625
786.343750,0.734375
787.156250,0.812500
787.890625,0.734375
799.906250,0.953125
800.718750,0.812500
801.484375,0.765625
802.234375,0.750000
802.921875,0.687500
803.765625,0.843750
804.625000,0.859375
805.312500,0.687500
806.078125,0.765625
806.843750,0.765625
836.500000,0.781250
837.281250,0.781250
838.078125,0.796875
838.921875,0.843750
839.640625,0.718750
840.390625,0.750000
841.156250,0.765625
841.906250,0.750000
842.671875,0.765625
843.390625,0.718750
844.125000,0.734375
844.906250,0.781250
845.625000,0.718750
846.421875,0.796875
852.312500,0.734375
853.078125,0.765625
853.875000,0.796875
854.703125,0.828125
855.515625,0.812500
856.359375,0.843750
871.250000,0.703125
871.968750,0.718750
872.734375,0.765625
873.515625,0.781250
874.296875,0.781250
875.109375,0.812500
875.890625,0.781250
876.671875,0.781250
877.437500,0.765625
878.171875,0.734375
878.937500,0.765625
879.531250,0.593750
880.343750,0.812500
881.078125,0.734375
881.796875,0.718750
882.562500,0.765625
883.328125,0.765625
889.500000,0.812500
890.250000,0.750000
894.765625,0.875000
895.531250,0.765625
896.296875,0.765625
897.140625,0.843750
897.828125,0.687500
898.609375,0.781250
899.390625,0.781250
923.125000,0.812500
926.328125,0.765625
927.109375,0.781250
927.906250,0.796875
928.656250,0.750000
929.437500,0.781250
930.187500,0.750000
931.000000,0.812500
931.796875,0.796875
932.625000,0.828125
933.421875,0.796875
934.156250,0.734375
934.906250,0.750000
935.656250,0.750000
936.406250,0.750000
937.187500,0.781250
938.000000,0.812500
938.781250,0.781250
939.515625,0.734375
945.828125,0.796875
946.671875,0.843750
950.453125,0.796875
951.265625,0.812500
952.140625,0.875000
958.140625,0.750000
958.937500,0.796875
959.656250,0.718750
960.421875,0.765625
980.921875,0.796875
981.687500,0.765625
982.484375,0.796875
983.187500,0.703125
983.906250,0.718750
984.609375,0.703125
985.328125,0.718750
986.078125,0.750000
986.843750,0.765625
987.562500,0.718750
988.187500,0.625000
998.421875,0.781250
999.265625,0.843750
1000.125000,0.859375
1005.437500,0.750000
1013.078125,0.687500
1014.015625,0.937500
1014.718750,0.703125
1015.453125,0.734375
1029.187500,0.890625
1030.000000,0.812500
1030.781250,0.781250
1031.531250,0.750000
1032.265625,0.734375
1033.000000,0.734375
1033.750000,0.750000
1034.484375,0.734375
1035.281250,0.796875
1036.109375,0.828125
1036.937500,0.828125
1037.750000,0.812500
1038.546875,0.796875
1039.312500,0.765625
1040.109375,0.796875
1040.875000,0.765625
1060.640625,0.765625
1061.390625,0.750000
1062.234375,0.843750
1063.062500,0.828125
1063.796875,0.734375
1064.625000,0.828125
1065.250000,0.625000
1069.187500,0.859375
1069.953125,0.765625
1070.703125,0.750000
1081.578125,0.796875
1082.406250,0.828125
1087.875000,0.734375
1088.625000,0.750000
1089.359375,0.734375
1090.171875,0.812500
1096.234375,0.765625
1097.046875,0.812500
1097.843750,0.796875
1098.609375,0.765625
1099.343750,0.734375
1110.484375,0.765625
1147.281250,0.812500
1148.062500,0.781250
1148.890625,0.828125
1160.218750,0.734375
1161.000000,0.781250
1161.781250,0.781250
1162.609375,0.828125
1163.437500,0.828125
1164.218750,0.781250
1165.031250,0.812500
1165.875000,0.843750
1166.718750,0.843750
1167.593750,0.875000
1175.812500,0.781250
1176.546875,0.734375
1177.343750,0.796875
1178.125000,0.781250
1178.937500,0.812500
1179.750000,0.812500
1210.046875,0.750000
1218.500000,0.843750
1219.234375,0.734375
1219.953125,0.718750
1242.312500,0.718750
1243.046875,0.734375
1243.843750,0.796875
1244.656250,0.812500
1245.421875,0.765625
1246.203125,0.781250
1255.328125,0.781250
1264.312500,0.781250
1265.109375,0.796875
1265.921875,0.812500
1266.734375,0.812500
1267.531250,0.796875
1268.296875,0.765625
1269.031250,0.734375
1269.765625,0.734375
1270.468750,0.703125
1292.203125,0.734375
1292.937500,0.734375
1298.062500,0.625000
1301.921875,0.765625
1302.718750,0.796875
1303.421875,0.703125
1304.171875,0.750000
1304.953125,0.781250
1305.718750,0.765625
1336.328125,0.796875
1337.140625,0.812500
1340.812500,0.703125
1364.328125,0.718750
1365.078125,0.750000
1365.875000,0.796875
1366.718750,0.843750
1367.562500,0.843750
1368.406250,0.843750
1369.187500,0.781250
1369.984375,0.796875
1370.765625,0.781250
1371.562500,0.796875
1372.312500,0.750000
1373.078125,0.765625
1373.812500,0.734375
1374.609375,0.796875
1375.406250,0.796875
1376.171875,0.765625
1376.828125,0.656250
1382.250000,0.781250
1388.968750,0.781250
1389.734375,0.765625
1390.515625,0.781250
1391.312500,0.796875
1392.093750,0.781250
1392.875000,0.781250
1393.640625,0.765625
1394.468750,0.828125
1395.203125,0.734375
1395.921875,0.718750
1396.656250,0.734375
1397.421875,0.765625
1398.203125,0.781250
1398.968750,0.765625
1399.812500,0.843750
1400.578125,0.765625
1401.406250,0.828125
1406.109375,0.828125
1406.921875,0.812500
1407.734375,0.812500
1408.531250,0.796875
1409.312500,0.781250
1410.125000,0.812500
1410.890625,0.765625
1411.671875,0.781250
1412.453125,0.781250
1429.546875,0.765625
1430.296875,0.750000
1431.093750,0.796875
1431.890625,0.796875
1432.625000,0.734375
1433.359375,0.734375
1434.156250,0.796875
1434.906250,0.750000
1435.656250,0.750000
1436.484375,0.828125
1437.296875,0.812500
1438.078125,0.781250
1438.875000,0.796875
1439.703125,0.828125
1440.437500,0.734375
1441.203125,0.765625
1441.937500,0.734375
1442.718750,0.781250
1443.484375,0.765625
1444.265625,0.781250
1445.031250,0.765625
1445.859375,0.828125
1446.640625,0.781250
1447.468750,0.828125
1448.203125,0.734375
1448.875000,0.671875
1449.656250,0.781250
1450.375000,0.718750
1451.062500,0.687500
1451.812500,0.750000
1452.546875,0.734375
1453.390625,0.843750
1461.875000,0.734375
1462.468750,0.593750
1470.203125,0.796875
1480.031250,0.781250
1480.843750,0.812500
1481.640625,0.796875
1482.468750,0.828125
1483.265625,0.796875
1483.906250,0.640625
1484.843750,0.937500
1485.578125,0.734375
1486.343750,0.765625
1487.093750,0.750000
1487.843750,0.750000
1488.656250,0.812500
1489.500000,0.843750
1490.140625,0.640625
1490.937500,0.796875
1491.703125,0.765625
1492.406250,0.703125
1493.328125,0.921875
1494.109375,0.781250
1494.828125,0.718750
1495.562500,0.734375
1496.296875,0.734375
1497.062500,0.765625
1497.859375,0.796875
1498.656250,0.796875
1499.328125,0.671875
1503.437500,0.796875
1504.296875,0.859375
1505.109375,0.812500
1505.843750,0.734375
1506.609375,0.765625
1507.343750,0.734375
1508.125000,0.781250
1508.859375,0.734375
1509.625000,0.765625
1510.421875,0.796875
1511.218750,0.796875
1512.015625,0.796875
1512.812500,0.796875
1513.515625,0.703125
1514.375000,0.859375
1515.203125,0.828125
1515.921875,0.718750
1516.671875,0.750000
1517.421875,0.750000
1528.921875,0.750000
1529.656250,0.734375
1530.437500,0.781250
1531.281250,0.843750
1532.171875,0.890625
1533.046875,0.875000
1533.875000,0.828125
1534.750000,0.875000
1535.609375,0.859375
1536.468750,0.859375
1537.265625,0.796875
1538.093750,0.828125
1538.906250,0.812500
1539.703125,0.796875
1544.531250,0.828125
1545.375000,0.843750
1546.125000,0.750000
1546.906250,0.781250
1547.687500,0.781250
1555.640625,0.828125
1556.500000,0.859375
1557.312500,0.812500
1558.093750,0.781250
1558.906250,0.812500
1559.734375,0.828125
1560.531250,0.796875
1561.312500,0.781250
1562.078125,0.765625
1562.843750,0.765625
1563.609375,0.765625
1564.406250,0.796875
1565.140625,0.734375
1565.937500,0.796875
1566.703125,0.765625
1567.531250,0.828125
1568.312500,0.781250
1569.093750,0.781250
1575.343750,0.781250
1576.046875,0.703125
1576.812500,0.765625
1577.500000,0.687500
1578.437500,0.937500
1579.203125,0.765625
1580.093750,0.890625
1580.921875,0.828125
1581.656250,0.734375
1582.468750,0.812500
1583.265625,0.796875
1584.062500,0.796875
1584.875000,0.812500
1585.625000,0.750000
1586.375000,0.750000
1587.171875,0.796875
1588.015625,0.843750
1588.843750,0.828125
1589.656250,0.812500
1590.453125,0.796875
1591.296875,0.843750
1592.109375,0.812500
1592.906250,0.796875
1593.640625,0.734375
1594.375000,0.734375
1595.015625,0.640625
1599.343750,0.828125
1623.906250,0.765625
1624.640625,0.734375
1625.437500,0.796875
1626.203125,0.765625
1627.015625,0.812500
1627.828125,0.812500
1628.703125,0.875000
1629.484375,0.781250
1630.328125,0.843750
1631.234375,0.906250
1632.125000,0.890625
1632.984375,0.859375
1633.796875,0.812500
1634.671875,0.875000
1639.546875,0.796875
1640.328125,0.781250
1641.140625,0.812500
1648.906250,0.765625
1649.750000,0.843750
1650.546875,0.796875
1651.375000,0.828125
1652.156250,0.781250
1652.968750,0.812500
1653.781250,0.812500
1654.578125,0.796875
1675.421875,0.875000
1676.234375,0.812500
1677.046875,0.812500
1677.859375,0.812500
1678.531250,0.671875
1679.421875,0.890625
1680.187500,0.765625
1681.015625,0.828125
1681.812500,0.796875
1682.687500,0.875000
1683.468750,0.781250
1684.125000,0.656250
1781.250000,0.687500
1782.062500,0.812500
1782.796875,0.734375
1783.578125,0.781250
