1587293342.000000, 1587293342.000000, 1587293342.000000
32.000000, 32.000000, 32.000000
-23,-38,43
-25,-37,46
-24,-40,47
-17,-44,50
-18,-46,51
-27,-54,50
-28,-53,51
-32,-48,53
-31,-51,54
-23,-42,58
-19,-45,51
-10,-35,38
-14,-17,29
-22,-26,32
-17,-36,37
-14,-41,41
-16,-51,48
-17,-51,48
-15,-45,45
-17,-44,44
-24,-41,42
-24,-39,42
-25,-34,44
-26,-33,45
-25,-30,48
-25,-30,52
-28,-31,55
-30,-36,61
-28,-37,62
-26,-39,63
-27,-40,62
-24,-40,58
-21,-39,55
-20,-38,50
-21,-38,49
-20,-37,48
-20,-37,47
-21,-36,46
-24,-35,46
-25,-35,46
-25,-35,47
-26,-35,47
-27,-34,47
-27,-34,48
-25,-34,48
-24,-34,49
-24,-35,50
-23,-36,50
-21,-37,51
-21,-37,51
-19,-38,52
-21,-38,52
-19,-38,52
-20,-38,52
-20,-38,51
-21,-38,51
-23,-38,51
-21,-37,51
-22,-37,51
-23,-37,50
-24,-36,50
-24,-36,49
-24,-36,49
-24,-35,49
-23,-35,48
-23,-35,49
-22,-35,49
-22,-35,50
-22,-36,51
-23,-35,51
-23,-35,52
-22,-35,52
-23,-35,52
-22,-35,52
-22,-36,52
-22,-36,52
-22,-36,51
-22,-36,52
-23,-36,51
-22,-36,51
-22,-36,51
-23,-36,50
-23,-36,51
-22,-35,51
-22,-35,50
-23,-35,50
-23,-35,51
-22,-35,51
-23,-35,51
-22,-35,50
-22,-35,51
-22,-36,51
-22,-36,51
-22,-35,51
-22,-36,52
-22,-36,52
-22,-36,52
-22,-36,52
-21,-35,51
-22,-35,50
-22,-35,50
-22,-35,50
-22,-36,50
-23,-36,50
-23,-36,51
-22,-37,50
-22,-37,50
-22,-38,50
-21,-38,50
-21,-38,49
-21,-37,49
-22,-37,49
-22,-36,50
-23,-36,51
-23,-36,51
-24,-35,51
-23,-35,51
-23,-36,51
-23,-36,51
-22,-36,51
-22,-36,51
-22,-36,50
-22,-36,50
-22,-35,50
-23,-35,50
-23,-35,50
-23,-35,51
-23,-35,52
-24,-34,53
-23,-33,54
-22,-32,56
-22,-27,61
-21,-24,65
-21,-20,66
-19,-19,66
-18,-16,68
-18,-16,67
-13,-14,67
-12,-13,65
-12,-15,60
-4,-16,61
-3,-17,59
1,-22,56
2,-28,51
-16,-34,55
-10,-36,60
13,-30,71
14,-25,71
17,-19,64
16,-17,59
18,-17,54
22,-17,54
15,-22,52
5,-26,59
-1,-24,65
11,-16,65
8,-15,59
11,-17,66
9,-15,71
10,-17,64
8,-17,66
18,-16,69
-1,-16,51
1,-18,56
-4,-19,54
-5,-20,52
-1,-21,55
0,-21,60
-8,-23,57
-3,-19,54
-4,-17,62
1,-18,63
0,-17,69
6,-19,70
2,-19,62
-2,-20,61
1,-19,62
9,-19,63
11,-20,65
2,-21,66
-3,-22,61
-4,-22,59
-4,-18,61
5,-20,64
4,-19,59
3,-18,64
0,-21,66
-3,-20,58
0,-18,58
6,-18,66
7,-23,72
-7,-23,58
1,-19,62
6,-20,66
6,-23,63
-3,-28,55
0,-24,62
0,-22,62
4,-21,68
3,-24,64
-6,-26,58
-8,-26,56
-4,-26,58
-5,-26,57
-1,-28,59
-3,-28,59
-1,-22,62
-2,-22,63
-1,-24,61
-4,-24,60
-4,-22,63
-3,-24,61
-4,-24,59
0,-21,62
-1,-22,63
-2,-22,62
-3,-21,62
-1,-22,62
-1,-21,63
-2,-20,64
0,-21,64
-8,-20,60
-5,-21,61
-5,-21,61
-5,-21,63
-8,-19,63
-10,-17,63
-8,-17,65
-2,-13,66
-8,-15,65
-15,-10,64
-16,-10,63
-17,-13,62
-17,-13,61
-19,-11,59
-21,-13,61
-20,-13,62
-19,-10,62
-21,-9,60
-28,-8,58
-31,-9,59
-27,-8,58
-26,-6,59
-29,-5,59
-29,-4,62
-33,-8,61
-35,-4,53
-46,2,52
-53,-1,46
-54,4,41
-52,10,49
-51,7,49
-42,4,47
-42,5,45
-44,1,42
-29,-13,34
-27,-4,37
-52,8,51
-43,6,45
-52,10,45
-54,9,38
-53,7,37
-49,7,40
-44,10,38
-44,10,36
-41,9,32
-39,10,31
-33,9,33
-37,5,37
-39,-6,44
-39,-9,46
-40,-11,55
-41,-11,59
-41,-11,61
-44,-8,60
-44,-5,61
-43,-3,60
-40,-1,59
-44,0,53
-44,1,51
-47,5,49
-50,4,47
-45,6,45
-46,8,42
-45,12,38
-42,14,39
-42,13,42
-47,11,43
-44,11,47
-50,9,53
-60,5,55
-83,-23,54
-75,-35,54
-44,-33,55
-41,-32,51
-44,-30,46
-44,-28,45
-50,-21,31
-52,-18,28
-55,-10,25
-56,-6,21
-59,2,15
-58,5,20
-57,5,25
-58,3,25
-62,1,21
-58,-2,28
-58,-2,30
-59,-6,28
-61,-7,26
-59,-9,29
-52,-8,32
-47,-11,34
-51,-12,32
-56,-14,32
-54,-15,34
-50,-16,38
-39,-10,47
-42,-9,51
-54,-14,50
-54,-13,48
-53,-10,52
-50,-13,52
-31,-13,52
-24,-9,52
-33,-9,46
-39,-8,40
-44,-6,38
-42,-2,41
-41,-2,44
-40,-1,48
-43,-1,48
-46,4,45
-45,5,44
-48,12,43
-61,12,42
-74,8,33
-91,-1,29
-87,-9,31
-80,-9,28
-63,-8,29
-57,-12,33
-56,-13,35
-55,-16,35
-52,-13,32
-46,-9,28
-44,-9,28
-42,-7,27
-44,-7,26
-53,-10,28
-58,-12,29
-59,-14,33
-54,-16,37
-51,-16,42
-47,-19,49
-47,-18,57
-50,-25,64
-52,-27,63
-41,-25,57
-32,-23,54
-22,-22,51
-23,-24,48
-29,-27,41
-33,-27,38
-39,-22,35
-40,-19,33
-41,-10,34
-38,-5,43
-39,-4,46
-42,-1,49
-43,0,52
-47,2,54
-48,3,52
-53,6,44
-60,8,44
-72,2,44
-83,-12,45
-85,-26,39
-72,-25,40
-52,-22,38
-49,-25,37
-49,-26,38
-44,-25,35
-42,-23,34
-44,-21,30
-45,-20,29
-45,-19,29
-47,-19,29
-51,-23,34
-52,-27,38
-55,-39,44
-50,-38,49
-50,-46,60
-35,-37,61
-27,-29,59
-21,-29,52
-17,-30,48
-12,-27,48
-14,-26,45
-23,-23,41
-28,-21,41
-38,-16,39
-41,-14,40
-43,-10,44
-42,-10,47
-38,-9,53
-41,-7,55
-42,-6,56
-45,-4,56
-46,-3,53
-54,2,47
-61,1,45
-73,-9,50
-80,-18,51
-79,-27,43
-63,-22,41
-45,-16,36
-47,-20,35
-49,-25,33
-48,-26,36
-40,-25,38
-37,-22,35
-39,-23,34
-38,-22,34
-36,-21,36
-37,-22,39
-38,-24,41
-37,-28,46
-35,-30,49
-32,-35,55
-33,-35,57
-44,-40,63
-45,-39,65
-39,-33,60
-24,-26,54
-23,-26,50
-23,-29,46
-22,-29,44
-24,-30,42
-28,-29,42
-33,-24,40
-33,-20,42
-29,-16,47
-30,-15,50
-34,-11,54
-35,-10,56
-36,-8,58
-38,-2,59
-48,-6,57
-67,-11,55
-72,-14,54
-69,-20,48
-57,-14,46
-46,-9,40
-49,-13,39
-51,-21,36
-47,-22,38
-42,-23,40
-41,-22,39
-39,-21,37
-38,-20,37
-39,-20,39
-38,-23,44
-37,-25,47
-36,-32,50
-37,-33,54
-35,-41,56
-36,-40,58
-38,-43,61
-32,-37,58
-19,-23,54
-19,-21,52
-21,-23,49
-20,-22,49
-22,-22,48
-32,-24,45
-36,-22,43
-34,-17,43
-30,-14,44
-28,-15,48
-29,-15,52
-31,-16,58
-34,-17,60
-35,-18,64
-34,-17,64
-32,-8,57
-43,-7,52
-56,-9,53
-66,-17,54
-71,-23,53
-62,-24,43
-47,-18,40
-40,-15,37
-43,-17,38
-47,-16,40
-54,-16,39
-66,-16,33
-67,-15,31
-59,-13,29
-56,-11,26
-58,-12,25
-61,-13,23
-59,-12,24
-58,-11,26
-59,-9,27
-60,-10,26
-62,-8,25
-71,-11,26
-70,-11,25
-68,-4,24
-64,-1,23
-56,-2,25
-60,-3,22
-58,-2,22
-57,-2,22
-60,0,20
-58,4,20
-54,8,22
-51,18,23
-51,20,23
-56,22,26
-56,21,27
-60,17,28
-64,17,26
-55,14,24
-51,19,28
-56,23,31
-61,16,28
-62,15,23
-64,14,18
-61,13,18
-52,16,17
-47,18,21
-39,16,36
-42,13,31
-46,13,26
-51,14,25
-55,15,34
-60,15,34
-64,14,33
-66,11,33
-62,8,34
-50,4,41
-47,3,43
-53,4,37
-61,0,32
-72,-1,18
-67,5,14
-47,19,16
-44,23,14
-33,19,28
-21,13,50
-33,-11,55
-24,-4,57
-25,1,55
-45,-1,51
-57,-8,53
-71,-2,63
-71,0,55
-66,3,44
-62,8,40
-58,8,33
-57,9,33
-71,10,11
-89,12,0
-84,8,-1
-65,13,4
-62,16,2
-61,17,-3
-59,17,-7
-53,17,-28
-49,15,-23
-53,17,-29
-51,16,-28
-47,14,-24
-53,16,-25
-47,14,-25
-47,13,-25
-58,12,-26
-57,13,-21
-48,14,-18
-52,18,-18
-56,20,-19
-66,21,-20
-72,22,-17
-67,22,-12
-52,22,-4
-62,21,6
-68,19,4
-56,19,6
-48,22,17
-58,15,28
-53,12,22
-46,12,28
-31,7,49
-32,3,55
-37,-4,56
-33,-7,56
-25,-13,59
-31,-12,59
-43,-6,52
-51,-4,46
-56,2,40
-51,5,44
-44,8,42
-55,10,32
-58,11,26
-67,16,9
-68,17,3
-58,18,-4
-58,20,-7
-69,21,-16
-67,20,-17
-64,23,-13
-65,22,-15
-72,23,-24
-73,23,-28
-68,20,-27
-60,23,-26
-53,21,-22
-55,19,-17
-51,19,-15
-47,19,-10
-46,20,-8
-46,20,-8
-48,20,-10
-50,20,-10
-51,19,-4
-55,21,-8
-57,21,-15
-61,19,-15
-69,19,-15
-71,18,-15
-73,18,-12
-70,18,-10
-73,14,-9
-75,14,-11
-76,13,-12
-74,10,-14
-73,9,-17
-70,9,-18
-69,9,-21
-64,9,-20
-57,9,-16
-58,5,-15
-55,4,-13
-45,3,-5
-42,3,-2
-44,4,-1
-48,4,-2
-54,2,0
-57,1,4
-60,-4,16
-61,-8,18
-69,-16,28
-69,-18,37
-64,-15,37
-56,-17,29
-51,-20,31
-39,-22,33
-29,-22,32
-14,-19,27
-13,-18,24
-27,-16,16
-52,-20,4
-78,-28,0
-69,-28,6
-69,-20,0
-81,-25,-13
-89,-30,-21
-78,-27,-19
-67,-33,-18
-62,-30,-14
-63,-31,-22
-51,-35,-20
-40,-37,-11
-40,-48,-17
-44,-54,-19
-35,-59,-15
-36,-62,-17
-39,-64,-23
-36,-64,-20
-39,-60,-23
-44,-60,-23
-22,-68,-5
-33,-66,-3
-39,-63,-3
-41,-56,-8
-42,-57,-13
-39,-50,-8
-50,-46,-18
-40,-46,-23
-38,-50,-21
-37,-50,-18
-39,-50,-20
-43,-50,-19
-24,-55,-24
41,-91,-20
-5,-67,-10
-26,-62,-17
-45,-69,-17
-46,-75,-9
-41,-66,-9
-48,-61,-11
-45,-61,-3
-34,-57,6
-38,-51,0
-61,-47,-17
-38,-54,-1
-46,-51,-4
-47,-55,-8
-84,-52,-22
-88,-43,-10
-70,-31,-19
-66,-28,-17
-42,-24,24
-55,-19,7
-11,-22,30
-26,-23,18
2,-17,37
14,-23,38
-89,-110,127
-51,-59,77
-1,-20,32
-6,-41,62
-24,-32,46
-8,-29,63
0,-28,63
-7,-29,63
-14,-29,62
-13,-28,55
-13,-30,59
-14,-33,53
-22,-39,48
-16,-37,37
-19,-32,37
-32,-38,57
-35,-42,52
-29,-44,48
-21,-41,48
-25,-41,49
-42,-30,32
-51,-28,19
-70,-25,6
-62,-17,26
-41,0,30
-27,-4,38
-16,-12,22
-32,-28,30
-51,-35,48
-52,-30,14
-78,-43,9
-63,-47,32
-55,-37,22
-84,-21,4
-77,-22,12
-68,-9,16
-74,-7,10
-71,-5,14
-75,-1,20
-96,-4,13
-82,-3,18
-54,-12,16
-45,-32,8
-36,-40,-7
-41,-42,-16
-41,-49,-20
-63,-78,-13
-76,-73,-15
-58,-52,13
-27,-49,21
-71,-48,-2
-62,-51,7
-91,-55,60
-61,-40,35
-38,-33,17
-40,-43,19
-71,-43,14
-62,-41,23
-46,-46,31
-29,-51,30
-32,-47,31
-52,-48,22
-54,-47,11
-51,-42,-1
-49,-32,1
-49,-31,-4
-47,-32,-13
-50,-24,-22
-49,-21,-25
-50,-26,-26
-42,-16,-30
-51,-3,-49
-70,3,-63
-75,4,-63
-38,28,-70
-24,37,-65
-13,42,-64
-19,44,-63
-19,41,-50
-23,32,-37
-34,21,-28
-27,19,-15
-13,26,-24
-31,5,-30
-34,-5,-39
-68,3,-80
-65,10,-72
-77,3,-72
-55,8,-67
-16,-13,7
-83,-37,-11
-127,-21,-15
-81,-1,19
-26,-12,47
-10,-3,38
-34,22,14
-20,40,18
11,49,25
-42,53,-11
-92,55,-47
-39,78,-73
-3,72,-42
-62,20,-25
-55,13,-16
-88,-7,7
-128,-39,-20
-59,-17,10
-56,-77,44
-61,-38,20
-33,5,12
-14,-17,24
-3,-49,32
-1,-46,48
-42,-57,57
-30,-40,56
-28,-55,81
-21,-59,103
-39,-24,53
-31,-22,40
-19,-31,49
-8,-31,50
-21,-35,49
-28,-36,53
-27,-34,51
-20,-39,55
-11,-38,56
-5,-38,52
-5,-36,51
-1,-35,52
-3,-39,53
-13,-39,56
-19,-36,52
-19,-39,51
-27,-42,50
-20,-38,49
-17,-42,49
-19,-42,52
-22,-46,49
-10,-44,51
-8,-44,49
-16,-48,47
-18,-55,49
-11,-67,56
-15,-59,53
-17,-54,51
-27,-70,55
-67,-53,35
-69,-42,25
-59,-34,26
-53,-26,24
-44,-7,9
-42,0,-18
-47,15,-10
-42,15,-13
-51,15,-12
-49,23,-10
-46,31,-6
-36,33,-10
-49,43,-33
-41,43,-30
-30,43,-40
-37,34,-36
-45,36,-39
-39,40,-37
-44,44,-37
-33,46,-40
-26,40,-32
-28,27,-53
-43,27,-70
-32,30,-67
-13,24,-52
-17,14,-56
-26,18,-74
-33,18,-81
-31,6,-56
-25,7,-44
-38,10,-42
-46,11,-35
-60,10,-10
-60,6,14
-33,4,19
-63,9,-29
-80,35,-50
-71,16,-27
-67,12,-19
-83,20,-41
-39,29,-7
-16,45,5
-27,68,-12
-28,94,-26
-23,89,-18
-71,56,-44
-95,42,-51
-67,5,-21
-50,-8,-14
-23,-20,1
-16,-43,16
3,-50,35
8,-47,48
-22,-60,43
-41,-54,44
-14,-57,58
2,-51,69
-2,-52,100
-23,-44,80
-22,-40,74
-15,-32,36
-51,-43,27
-46,-39,35
-33,-35,45
-23,-37,55
-23,-42,51
-20,-44,54
-20,-33,47
-19,-41,44
-5,-46,50
-3,-47,54
-10,-46,53
-6,-42,56
-12,-52,59
-13,-50,57
-15,-47,51
-9,-46,47
-26,-50,42
-23,-56,46
-24,-54,41
-25,-57,34
-15,-56,32
-30,-55,44
-31,-55,37
-10,-57,33
-1,-59,45
-7,-70,60
-44,-81,70
-32,-75,35
4,-63,36
16,-51,50
-10,-44,34
-28,-42,37
-27,-37,64
-14,-31,40
-76,-22,7
-71,-11,-5
-51,14,-30
-70,33,-61
-104,42,-79
-89,41,-23
-65,6,-35
-68,17,-37
-37,24,-16
-45,19,10
-68,32,-16
-66,22,-22
-87,19,-28
-68,3,-5
-49,1,5
-70,12,-17
-77,10,-16
-46,12,2
-39,15,5
-43,28,-6
-43,35,-2
-14,35,25
3,34,37
-71,20,13
-61,33,-4
-51,26,7
-85,17,-12
-68,16,-5
-51,19,-1
-44,14,15
-17,19,45
-24,30,36
-32,35,30
-26,36,35
-40,38,37
-31,38,44
-16,36,51
-7,18,50
20,23,52
8,12,31
-6,4,23
-21,-1,13
-60,-9,5
-56,-27,2
-44,-33,17
-8,-94,64
-13,-76,79
-48,-70,65
-50,-57,51
-41,-42,38
-73,-57,30
-75,-91,65
-13,-55,90
-12,-54,75
-23,-49,37
-28,-49,26
-17,-46,31
-19,-54,30
-15,-56,32
-11,-56,32
-9,-54,37
-14,-56,38
-15,-53,45
-21,-53,44
-23,-48,40
-22,-43,39
-21,-39,38
-33,-44,37
-31,-45,37
-25,-48,43
-25,-49,45
-44,-52,46
-28,-54,53
-6,-52,50
-15,-53,34
-50,-42,-7
-42,-43,2
-47,-47,8
-50,-54,13
-38,-52,20
-36,-50,22
-36,-52,24
-37,-52,25
-38,-51,24
-41,-50,19
-43,-51,19
-45,-48,19
-45,-45,22
-55,-40,21
-59,-39,17
-68,-40,24
-70,-32,28
-72,-31,23
-74,-23,22
-70,-19,22
-66,-11,21
-66,-8,19
-68,-5,20
-63,-1,23
-58,5,21
-59,7,21
-56,12,21
-57,15,26
-57,22,28
-48,32,30
-40,34,30
-33,38,26
-41,36,20
-41,38,25
-34,38,25
-31,32,21
-39,27,16
-33,13,32
-34,7,34
-42,-4,27
-32,-12,41
-34,-28,47
-13,-41,57
-5,-45,65
-14,-51,62
-8,-44,51
28,-52,89
47,-58,112
-10,-24,36
11,-38,55
20,-31,48
28,-25,57
-6,-17,59
-30,-12,59
-5,-13,64
-8,-11,55
-18,-13,60
-20,-9,66
-32,-15,60
-29,-17,63
-27,-17,68
-27,-28,59
-18,-29,56
3,-30,52
12,-35,67
50,-48,90
17,-52,67
-11,-30,59
-22,-30,56
-39,-17,48
-48,1,35
-48,5,25
-64,15,1
-76,18,-11
-67,29,-14
-65,31,-8
-47,37,-11
-34,41,-4
-16,41,5
-11,44,12
-4,51,24
-1,54,31
-12,56,38
-22,56,49
-29,53,55
-25,46,59
-18,43,54
4,40,46
-2,36,52
-13,26,45
-14,23,44
-11,25,52
-31,23,52
-29,15,32
-39,20,32
-38,18,35
-36,13,33
-31,6,29
-35,-13,30
-40,-24,35
-41,-40,43
-37,-47,45
-29,-58,53
-27,-59,57
-20,-64,54
-14,-65,54
-10,-69,54
-19,-81,62
-22,-70,60
-23,-54,39
-22,-51,33
-39,-54,25
-45,-53,25
-44,-54,24
-38,-56,24
-30,-58,33
-29,-60,36
-39,-54,36
-45,-49,35
-41,-39,37
-42,-38,30
-43,-38,25
-48,-40,18
-46,-39,20
-40,-38,21
-42,-36,23
-42,-30,25
-43,-29,26
-53,-31,28
-55,-32,28
-54,-33,29
-50,-32,31
-49,-33,29
-50,-34,27
-49,-36,27
-49,-41,28
-48,-44,28
-50,-49,30
-49,-52,31
-40,-52,33
-36,-53,34
-29,-50,30
-24,-48,27
-19,-45,22
-16,-44,18
-23,-48,14
-30,-50,14
-33,-51,13
-33,-54,17
-32,-57,18
-17,-60,20
-11,-64,28
-29,-63,31
-38,-60,24
-37,-58,20
-32,-59,22
-31,-62,21
-25,-64,21
-14,-64,24
-11,-64,24
-9,-63,24
-13,-60,21
-16,-62,20
-27,-78,20
-29,-84,18
-24,-86,12
-20,-84,11
-17,-80,12
-16,-78,12
-19,-72,10
-22,-69,9
-27,-65,9
-29,-62,7
-33,-58,4
-37,-54,7
-38,-50,8
-46,-42,8
-49,-40,9
-54,-39,14
-54,-39,14
-54,-38,22
-54,-40,26
-45,-42,34
-41,-42,35
-37,-47,40
-35,-47,43
-20,-43,53
-22,-43,51
-18,-41,51
-12,-36,48
-9,-32,45
-7,-22,49
-5,-20,56
-10,-25,56
-13,-33,53
-1,-38,54
3,-40,53
-2,-47,45
-3,-49,46
6,-47,50
-128,-43,1
8,-38,62
-32,-20,65
-16,-13,68
-9,-15,71
-8,-11,70
-26,2,68
-17,10,61
-33,13,60
-42,19,56
-34,34,52
-32,27,40
-28,23,38
-21,19,37
-30,17,39
-31,9,38
-30,8,45
-76,-22,35
-64,-27,36
-86,-26,24
-80,-28,26
-68,-38,25
-62,-39,23
-44,-31,28
-50,-29,21
-46,-26,18
-41,-25,15
-47,-24,12
-57,-28,13
-59,-32,12
-47,-38,9
-50,-43,7
-48,-51,10
-43,-51,13
-33,-66,8
-38,-76,9
-35,-80,20
-32,-72,24
-18,-58,25
-8,-56,19
-5,-58,16
-3,-59,10
-5,-58,8
-13,-54,6
-16,-53,5
-23,-56,4
-27,-57,3
-36,-58,3
-41,-63,4
-37,-74,5
-31,-77,6
-22,-66,12
-20,-71,20
-24,-80,25
-22,-107,24
-17,-94,21
-10,-66,12
-7,-65,9
-5,-77,3
-4,-80,2
-9,-72,1
-13,-71,-3
-18,-60,-10
-18,-57,-13
-21,-50,-15
-22,-48,-14
-24,-50,-11
-22,-57,-10
-22,-60,-8
-21,-62,-3
-17,-72,-4
-12,-76,1
-15,-78,8
-33,-70,31
-31,-66,36
5,-67,40
24,-69,41
38,-73,27
26,-68,14
15,-65,10
-9,-59,6
-19,-53,5
-29,-45,0
-28,-44,-1
-27,-44,2
-28,-45,5
-29,-53,7
-28,-58,7
-26,-65,7
-25,-69,8
-27,-73,16
-38,-90,24
-45,-100,24
-29,-100,21
-16,-80,23
-5,-63,18
-6,-71,13
-8,-83,11
-9,-83,12
-14,-72,11
-17,-69,8
-17,-62,1
-17,-61,-1
-18,-58,-1
-17,-56,0
-15,-56,0
-13,-56,1
-13,-57,1
-12,-58,2
-12,-60,3
-10,-67,3
-13,-68,7
-30,-63,21
-34,-58,27
-15,-53,30
-3,-56,30
16,-67,27
16,-75,17
12,-77,13
-5,-70,9
-15,-63,7
-30,-51,3
-34,-49,3
-40,-48,5
-40,-51,6
-36,-57,9
-32,-62,11
-22,-66,14
-18,-64,18
-17,-75,24
-22,-103,26
-18,-106,23
-15,-79,18
-16,-70,15
-14,-61,10
-14,-65,9
-18,-80,8
-23,-78,6
-30,-71,-4
-30,-65,-7
-23,-58,-9
-21,-56,-9
-21,-55,-6
-23,-54,-4
-22,-54,-4
-20,-58,-5
-19,-58,-5
-18,-56,-2
-19,-56,1
-20,-67,4
-21,-71,6
-22,-77,15
-20,-75,21
-6,-65,31
5,-59,31
20,-61,27
16,-68,23
2,-75,18
-14,-77,16
-20,-76,13
-29,-69,7
-30,-62,5
-32,-52,6
-35,-50,9
-42,-46,9
-47,-47,6
-54,-45,2
-51,-42,2
-49,-39,6
-47,-38,7
-58,-49,7
-82,-67,1
-89,-70,-2
-65,-47,11
-53,-43,15
-50,-44,7
-52,-46,2
-48,-49,-5
-44,-45,-3
-44,-40,0
-45,-43,-3
-41,-38,-6
-38,-36,-6
-37,-34,-3
-37,-37,-1
-37,-38,-1
-39,-43,3
-37,-46,5
-26,-51,9
-18,-58,8
-8,-71,10
-12,-79,17
-24,-75,27
-24,-69,27
-17,-69,26
-13,-73,24
-5,-77,16
-1,-79,9
-2,-80,7
-10,-74,3
-14,-65,-1
-24,-50,-5
-31,-45,-4
-49,-46,1
-54,-50,1
-41,-55,2
-32,-58,2
-17,-59,12
-13,-61,19
-25,-76,29
-37,-109,31
-29,-102,29
-8,-68,22
-3,-66,17
-2,-73,10
-3,-78,11
-7,-81,14
-11,-77,12
-19,-69,5
-18,-64,1
-18,-60,-5
-19,-58,-6
-23,-55,-5
-24,-55,-4
-24,-56,-4
-21,-56,-2
-20,-57,0
-14,-64,3
-11,-69,3
-11,-67,12
-18,-68,18
-26,-57,26
-20,-53,26
-4,-61,26
4,-65,26
13,-69,22
15,-79,19
1,-77,13
-24,-70,5
-31,-62,8
-42,-54,13
-46,-55,14
-40,-61,11
-33,-65,9
-14,-68,8
-8,-68,11
-10,-68,19
-16,-63,19
-27,-70,13
-36,-99,3
-30,-95,-2
-24,-71,5
-22,-62,6
-15,-66,1
-11,-72,-2
-10,-72,-3
-10,-70,-3
-12,-63,-5
-11,-62,-7
-12,-59,-9
-13,-59,-11
-17,-55,-9
-18,-55,-7
-19,-56,-5
-20,-61,-2
-21,-63,-1
-17,-70,-2
-12,-76,-4
-11,-77,5
-16,-74,11
-25,-67,19
-26,-64,23
-19,-66,23
-11,-68,20
5,-74,13
9,-75,9
4,-74,8
-11,-64,8
-16,-57,6
-22,-52,2
-25,-51,0
-30,-51,0
-30,-51,1
-27,-52,5
-26,-53,7
-26,-57,9
-26,-61,11
-27,-67,15
-29,-73,18
-30,-74,18
-27,-85,20
-23,-94,21
-9,-104,22
-6,-99,22
-10,-78,16
-12,-70,13
-10,-62,8
-8,-64,4
-5,-73,-2
-11,-73,-15
-12,-71,-18
-12,-58,-20
-13,-53,-17
-22,-49,-13
-24,-50,-13
-24,-52,-12
-23,-53,-10
-20,-57,-6
-18,-60,-4
-17,-66,10
-13,-76,11
-2,-91,25
5,-98,39
14,-77,54
15,-56,34
16,-54,23
13,-47,10
11,-46,7
-3,-49,5
-13,-50,7
-31,-39,7
-31,-38,8
-30,-41,10
-29,-45,9
-25,-54,9
-20,-55,10
-11,-62,12
-7,-70,17
-7,-86,18
-23,-113,24
-29,-116,24
-32,-83,21
-29,-66,17
-13,-65,12
-6,-72,10
1,-78,10
-1,-78,9
-9,-70,3
-12,-67,-1
-16,-60,-9
-20,-56,-13
-27,-53,-12
-31,-59,-12
-30,-63,-11
-24,-68,-9
-18,-81,-11
-11,-80,-4
-12,-73,4
-32,-51,26
-35,-45,31
-12,-55,28
4,-63,27
30,-73,23
36,-71,20
24,-65,16
0,-56,14
-13,-53,14
-30,-52,12
-35,-53,10
-34,-59,9
-30,-63,10
-20,-68,15
-16,-70,16
-16,-71,18
-21,-75,18
-44,-94,23
-52,-106,23
-36,-84,17
-15,-53,16
-13,-59,11
-13,-80,6
-12,-82,6
-15,-71,6
-18,-65,5
-22,-68,-1
-23,-66,-5
-23,-62,-9
-22,-60,-8
-18,-60,-6
-16,-61,-6
-15,-66,-6
-14,-68,-3
-14,-65,0
-12,-74,3
-11,-78,5
-19,-79,16
-24,-74,24
-13,-57,26
-1,-54,24
17,-59,25
17,-65,25
10,-69,22
10,-71,20
-3,-71,8
-10,-68,-2
-13,-65,-5
-22,-56,-3
-26,-53,0
-36,-56,2
-40,-59,1
-34,-62,-1
-30,-62,0
-28,-65,8
-36,-74,11
-59,-95,15
-40,-93,14
-23,-73,18
-11,-60,16
-13,-67,13
-12,-86,14
-10,-88,15
-10,-77,12
-12,-74,10
-14,-68,2
-15,-67,-2
-16,-64,-5
-16,-64,-6
-17,-68,-8
-18,-64,-8
-17,-68,-8
-10,-76,-9
-9,-71,-6
-23,-57,12
-31,-48,22
-21,-41,24
-6,-44,22
14,-57,23
17,-64,22
17,-73,19
13,-76,18
4,-74,15
-8,-71,9
-25,-69,5
-38,-65,7
-42,-65,4
-35,-69,6
-31,-69,8
-28,-61,9
-33,-66,10
-58,-84,17
-63,-101,14
-34,-79,16
-17,-61,20
-10,-60,13
-11,-75,9
-8,-90,5
-6,-79,7
-11,-70,7
-19,-67,0
-21,-65,-4
-23,-60,-7
-23,-58,-5
-21,-57,-3
-19,-59,-3
-15,-58,-4
-15,-57,-2
-13,-55,2
-14,-60,3
-15,-67,4
-28,-73,14
-35,-70,23
-19,-57,28
-1,-53,29
21,-63,30
21,-71,26
9,-76,20
3,-77,16
-8,-71,9
-15,-66,5
-26,-54,-1
-31,-50,0
-42,-51,4
-42,-55,5
-38,-57,5
-30,-58,9
-26,-58,11
-27,-78,17
-33,-87,22
-26,-105,23
-19,-88,25
-9,-62,19
-7,-64,14
-5,-85,9
-4,-88,9
-7,-83,9
-12,-75,3
-13,-69,-2
-18,-60,-8
-21,-57,-9
-24,-54,-8
-25,-56,-8
-22,-60,-9
-19,-59,-8
-16,-56,-4
-15,-56,-2
-15,-65,0
-18,-65,4
-36,-63,19
-27,-57,24
-10,-53,25
18,-59,27
24,-66,26
19,-69,24
13,-72,23
-2,-69,21
-12,-65,18
-28,-58,12
-33,-57,12
-32,-61,15
-29,-62,17
-25,-67,17
-25,-67,17
-24,-67,17
-19,-68,21
-18,-64,24
-22,-64,23
-25,-72,23
-30,-91,23
-29,-97,21
-20,-88,11
-14,-84,6
-11,-81,-3
-10,-77,-7
-16,-69,-11
-38,-60,-25
-38,-56,-29
-35,-51,-34
-33,-49,-33
-41,-50,-27
-52,-54,-24
-46,-63,-9
-35,-70,2
-8,-75,20
-4,-71,22
-16,-68,17
-23,-65,18
-35,-59,28
-40,-55,33
-40,-54,35
-42,-57,39
-24,-57,50
5,-49,61
2,-45,56
-15,-35,41
-17,-31,39
-14,-23,38
-16,-25,41
-25,-25,42
-29,-24,41
-31,-20,42
-36,-15,42
-37,-13,44
-38,-10,45
-38,-9,45
-40,-7,49
-42,-6,49
-45,-4,48
-45,-2,48
-56,-4,48
-65,-5,48
-83,-6,50
-90,-3,43
-82,-11,22
-46,-20,21
-38,-18,24
-56,-13,25
-59,-12,22
-60,-11,26
-63,-15,33
-58,-13,43
-68,-13,26
-88,-4,3
-101,1,-7
-97,6,-10
-88,8,-13
-87,20,-4
-85,25,-9
-74,27,-8
-49,33,9
-41,37,8
-30,42,16
-25,42,25
-18,40,38
-16,36,35
-26,36,31
-28,31,29
-22,20,15
-20,10,38
-13,1,46
-1,7,48
2,-2,51
12,-12,54
17,-12,49
7,-20,47
-2,-26,55
-21,-45,67
-21,-49,69
-13,-37,67
-6,-31,69
-2,-20,67
0,-17,66
-1,-12,67
-2,-12,67
-1,-15,70
-1,-7,71
2,-7,71
0,-12,69
-1,-10,72
-18,-4,68
-23,-1,62
-23,2,55
-36,5,47
-28,10,45
-22,8,53
-6,-3,75
-8,3,67
-3,1,65
-19,9,54
-15,3,59
-19,-8,66
-22,-10,63
-20,-4,60
-15,-5,63
-16,-4,62
-16,-3,60
-18,-5,59
-24,-5,62
-11,1,69
-31,0,59
-37,-1,57
-40,-4,62
-39,-5,61
-46,-9,54
-45,-11,53
-45,-10,50
-43,-14,50
-61,-7,25
-49,-3,26
-60,-5,34
-63,-10,36
-40,1,38
-20,-3,61
-30,-11,59
-40,-5,43
-28,-4,52
-37,-4,62
-39,0,64
-24,4,66
-23,4,73
-25,16,72
-24,15,69
-10,15,64
-2,17,68
0,13,68
4,13,66
3,15,64
4,24,69
-3,27,67
-10,29,60
-12,30,54
-21,28,47
-18,28,52
-7,30,41
-9,34,35
-11,41,32
-11,41,24
-21,39,21
-23,44,19
-19,45,8
-27,47,6
-31,49,4
-37,47,0
-34,48,0
-43,46,4
-49,44,2
-60,40,0
-58,39,8
-52,35,16
-57,33,13
-64,31,8
-63,28,7
-60,25,13
-66,21,9
-67,20,9
-68,17,10
-71,17,8
-69,15,8
-68,13,8
-69,12,8
-68,12,8
-69,12,8
-72,11,8
-70,12,6
-67,13,8
-68,13,7
-66,14,9
-68,13,8
-71,13,9
-69,14,10
-58,16,16
-62,15,18
-64,10,18
-58,11,21
-49,12,32
-48,13,34
-50,14,35
-52,13,33
-57,15,28
-55,18,25
-59,17,23
-62,17,19
-61,16,19
-62,17,12
-61,18,10
-63,18,9
-63,18,8
-61,17,9
-61,18,9
-60,19,10
-60,20,10
-60,20,11
-60,21,11
-57,21,12
-56,22,12
-57,22,13
-56,21,13
-57,20,13
-60,20,11
-61,19,10
-61,20,8
-61,20,8
-58,20,9
-59,20,9
-61,19,9
-61,20,8
-62,20,7
-65,19,6
-65,19,6
-66,20,5
-64,21,6
-64,21,7
-64,20,6
-62,20,7
-60,20,7
-58,20,7
-59,20,6
-60,19,5
-58,19,5
-59,19,5
-62,19,3
-63,19,2
-63,19,2
-62,19,3
-62,19,3
-62,19,3
-62,19,3
-62,19,3
-63,19,3
-64,19,2
-64,19,2
-63,19,2
-62,19,2
-62,20,1
-62,21,1
-64,22,-3
-63,23,-2
-60,25,-3
-57,26,-3
-56,25,-9
-54,25,-11
-52,24,-12
-53,23,-16
-50,23,-20
-52,22,-20
-53,22,-22
-54,19,-24
-53,18,-17
-45,18,-22
-46,19,-26
-46,18,-32
-46,20,-37
-44,20,-41
-37,21,-45
-36,24,-49
-37,25,-51
-43,18,-52
-45,20,-43
-44,21,-43
-42,27,-53
-44,27,-51
-49,28,-50
-50,31,-49
-37,32,-44
-37,35,-43
-40,29,-30
-47,28,-26
-42,26,-27
-47,25,-36
-52,21,-34
-45,12,-17
-43,8,-12
-33,1,-28
-36,2,-25
-17,-6,-20
-18,-11,-30
-43,-19,-40
-46,-29,-26
-37,-47,-24
-53,-51,-40
-55,-57,-30
-53,-60,-27
-55,-59,-26
-43,-71,-14
-40,-78,-15
-38,-85,-3
-47,-79,-5
-34,-65,-20
-22,-64,-25
-26,-61,-16
-44,-68,-19
-32,-74,8
-34,-73,-1
-2,-70,-18
1,-76,-21
-21,-70,-28
5,-67,-10
30,-65,-24
-16,-55,-8
-11,-59,-7
-20,-54,-26
-12,-48,-4
-21,-53,-28
-13,-56,-33
-2,-53,-33
8,-48,-27
20,-45,-28
26,-46,-25
21,-54,-17
17,-56,-28
21,-54,-34
16,-56,-27
21,-61,-22
13,-58,-21
10,-47,-16
4,-47,-21
-4,-45,-19
2,-54,-14
8,-58,-37
2,-61,-38
-1,-72,-17
-18,-84,7
-27,-76,-11
-28,-65,-21
-16,-71,-9
-14,-78,-7
-13,-85,-13
-17,-83,-7
-19,-66,2
-30,-59,-4
-37,-54,-9
-39,-52,-14
-45,-47,-10
-33,-49,-12
-42,-44,-12
-43,-43,-7
-37,-46,-5
-36,-49,1
-27,-54,-1
-29,-60,-5
-32,-52,-4
-24,-53,-8
-31,-50,-12
-31,-47,-5
-33,-46,-5
-21,-46,-4
-8,-51,2
-10,-54,0
-8,-55,-7
-10,-52,-16
-30,-48,-20
-33,-48,-24
-28,-52,-22
-25,-56,-23
-3,-66,-17
-9,-72,-13
-4,-86,-26
13,-71,-19
-4,-76,-18
-10,-71,-7
0,-70,-15
-13,-68,-6
24,-62,-33
1,-56,-28
-9,-59,-22
-5,-61,-30
-1,-61,-30
-23,-69,-24
-28,-72,-9
-10,-61,-7
-7,-68,-13
-17,-63,-16
-19,-67,-20
-18,-75,-32
-15,-78,-26
-17,-81,-25
-17,-75,-36
-6,-71,-31
6,-68,-20
3,-65,-12
6,-54,-16
1,-49,-14
0,-54,-33
3,-54,-39
12,-56,-41
13,-58,-40
17,-53,-31
14,-49,-28
12,-58,-35
13,-60,-39
11,-58,-36
9,-57,-38
7,-55,-40
1,-49,-40
2,-49,-41
1,-48,-44
1,-46,-44
0,-43,-49
0,-43,-52
-3,-41,-52
-5,-40,-50
-9,-34,-44
-13,-31,-47
-16,-29,-49
-18,-28,-54
-17,-28,-53
-22,-32,-52
-23,-34,-52
-30,-36,-56
-34,-35,-54
-44,-31,-43
-48,-28,-40
-47,-23,-31
-39,-16,-41
-41,-9,-41
-46,-1,-25
-51,1,-30
-61,3,-23
-67,3,-17
-58,-4,-27
-67,-7,-28
-81,-1,-12
-67,-3,-15
-60,-8,-31
-72,-10,-23
-59,-7,2
-61,-10,14
-65,-11,15
-64,-9,22
-69,-9,21
-51,-8,30
-53,-8,29
-37,-8,43
-26,-9,52
-28,-8,54
-28,-8,52
-22,-8,58
-25,-9,55
-20,-9,60
-16,-7,66
-11,-6,66
-9,-4,65
-8,-4,64
-6,-2,67
-10,-2,66
-10,-3,64
-8,0,64
-8,0,63
-10,-1,61
-10,-1,66
-9,0,66
-12,0,61
-13,-1,58
-16,1,56
-21,3,52
-25,4,49
-33,0,44
-36,-1,42
-40,-5,40
-43,-7,35
-59,-8,15
-65,-6,5
-65,-3,-12
-70,-1,-22
-62,5,-34
-66,9,-38
-60,8,-38
-50,8,-43
-48,8,-47
-41,4,-49
-38,2,-48
-43,0,-50
-46,0,-52
-45,1,-54
-44,3,-52
-39,4,-50
-37,4,-50
-36,4,-50
-34,3,-51
-33,5,-53
-34,4,-53
-34,4,-53
-33,5,-53
-32,5,-53
-32,4,-54
-32,4,-54
-30,4,-53
-31,4,-54
-31,4,-55
-29,3,-55
-29,1,-55
-30,1,-56
-30,0,-56
-29,1,-54
-30,2,-54
-29,3,-55
-29,3,-55
-29,4,-56
-28,3,-56
-29,3,-56
-28,2,-55
-28,3,-56
-28,3,-55
-28,3,-55
-28,3,-55
-28,2,-56
-28,3,-55
-28,3,-55
-28,3,-56
-28,3,-56
-28,3,-56
-28,4,-55
-27,4,-56
-27,4,-56
-27,4,-56
-28,4,-55
-28,3,-55
-28,3,-56
-28,3,-55
-29,3,-56
-29,3,-56
-29,3,-55
-30,3,-55
-30,3,-55
-30,3,-55
-30,4,-55
-31,4,-55
-31,5,-54
-31,4,-53
-30,5,-54
-30,4,-54
-32,4,-56
-33,3,-55
-33,3,-55
-39,4,-59
-40,5,-58
-40,6,-57
-41,8,-54
-37,9,-51
-41,16,-49
-42,16,-46
-44,15,-44
-43,15,-42
-36,17,-39
-33,21,-41
-31,21,-40
-32,20,-41
-30,22,-43
-27,23,-44
-23,27,-47
-24,27,-47
-28,27,-49
-30,27,-49
-34,29,-51
-37,30,-49
-37,30,-44
-39,29,-45
-33,28,-42
-29,25,-41
-26,25,-40
-26,22,-39
-28,22,-37
-32,24,-37
-35,20,-40
-39,16,-46
-46,17,-50
-48,16,-51
-47,14,-51
-44,15,-52
-43,15,-52
-43,17,-50
-40,20,-46
-41,19,-46
-43,18,-43
-43,18,-38
-41,14,-38
-45,15,-39
-42,12,-39
-43,11,-40
-52,9,-38
-55,7,-38
-53,6,-33
-51,5,-31
-46,4,-29
-49,4,-29
-41,3,-28
-39,1,-28
-69,-6,-35
-82,-2,-33
-74,-3,-33
-56,-7,-27
-56,-7,-23
-60,-6,-21
-58,-6,-23
-54,-3,-26
-64,-2,-28
-64,-6,-25
-61,-6,-24
-60,-7,-25
-58,-7,-24
-58,-8,-24
-58,-8,-23
-58,-8,-23
-59,-8,-25
-59,-9,-26
-58,-10,-25
-56,-9,-27
-57,-9,-28
-60,-8,-31
-59,-8,-31
-56,-7,-31
-58,-7,-31
-57,-7,-28
-58,-7,-27
-58,-8,-27
-58,-6,-27
-57,-6,-24
-58,-4,-25
-57,-3,-29
-56,-2,-29
-57,-4,-29
-57,-4,-30
-56,-5,-30
-57,-5,-28
-58,-6,-28
-57,-6,-28
-58,-6,-28
-57,-7,-27
-57,-7,-26
-57,-7,-29
-58,-7,-28
-57,-7,-27
-57,-7,-27
-59,-7,-29
-58,-6,-28
-57,-6,-27
-57,-7,-27
-58,-7,-27
-57,-7,-27
-58,-8,-28
-58,-8,-28
-57,-8,-27
-57,-8,-27
-58,-9,-28
-58,-9,-28
-57,-9,-28
-57,-9,-28
-58,-8,-28
-59,-8,-28
-59,-8,-27
-60,-8,-26
-60,-9,-24
-61,-10,-24
-59,-11,-21
-58,-9,-19
-60,-9,-19
-61,-9,-18
-60,-9,-18
-60,-9,-18
-62,-9,-17
-62,-9,-16
-62,-9,-16
-62,-9,-14
-62,-9,-14
-61,-9,-13
-61,-9,-13
-61,-9,-14
-60,-10,-14
-59,-10,-15
-60,-10,-16
-61,-11,-19
-62,-11,-21
-61,-11,-24
-61,-11,-25
-60,-11,-24
-59,-12,-24
-58,-12,-24
-59,-12,-24
-59,-12,-24
-58,-12,-24
-58,-12,-24
-58,-12,-24
-59,-12,-24
-59,-11,-24
-59,-12,-24
-59,-12,-24
-59,-12,-24
-58,-11,-24
-58,-11,-24
-58,-11,-24
-59,-11,-25
-59,-10,-25
-58,-10,-25
-58,-11,-24
-58,-11,-24
-59,-11,-24
-58,-11,-25
-58,-11,-24
-59,-11,-24
-59,-11,-24
-58,-11,-25
-58,-11,-25
-58,-11,-24
-59,-11,-25
-59,-11,-25
-59,-11,-25
-58,-11,-25
-58,-12,-25
-58,-12,-25
-58,-11,-25
-58,-12,-25
-58,-12,-25
-58,-12,-25
-58,-12,-25
-58,-11,-25
-58,-12,-25
-58,-12,-25
-58,-12,-25
-58,-12,-25
-58,-12,-26
-58,-12,-25
-58,-12,-25
-58,-12,-25
-58,-12,-25
-58,-12,-25
-58,-12,-25
-58,-12,-26
-58,-12,-26
-58,-12,-25
-58,-12,-25
-58,-11,-25
-58,-11,-26
-58,-11,-26
-58,-11,-25
-58,-11,-25
-58,-12,-26
-58,-11,-26
-58,-11,-25
-58,-11,-25
-58,-11,-25
-58,-11,-25
-58,-11,-26
-58,-12,-26
-58,-11,-25
-58,-11,-25
-58,-11,-25
-58,-11,-25
-58,-11,-25
-58,-11,-25
-58,-11,-25
-58,-11,-25
-58,-11,-25
-58,-11,-25
-58,-11,-25
-58,-11,-25
-58,-11,-25
-58,-11,-25
-58,-11,-25
-58,-11,-25
-59,-11,-25
-59,-11,-25
-58,-11,-25
-58,-11,-25
-58,-11,-25
-58,-11,-25
-58,-11,-25
-58,-11,-25
-58,-11,-25
-58,-12,-25
-58,-11,-25
-58,-11,-25
-58,-11,-24
-58,-11,-24
-59,-10,-24
-59,-10,-23
-59,-9,-23
-59,-10,-24
-59,-10,-24
-58,-11,-24
-58,-11,-24
-58,-11,-24
-58,-11,-25
-59,-11,-25
-58,-11,-25
-58,-10,-25
-58,-10,-25
-58,-10,-25
-58,-9,-26
-58,-9,-26
-58,-9,-26
-58,-10,-25
-58,-10,-26
-58,-10,-27
-57,-11,-27
-57,-11,-28
-57,-11,-27
-57,-11,-27
-57,-11,-27
-57,-11,-27
-58,-11,-27
-57,-11,-27
-58,-11,-27
-57,-11,-27
-57,-11,-27
-57,-11,-27
-57,-11,-27
-57,-11,-27
-57,-11,-27
-57,-11,-27
-57,-11,-27
-57,-11,-27
-57,-11,-27
-57,-11,-27
-57,-11,-27
-57,-11,-27
-57,-11,-27
-57,-11,-27
-58,-11,-27
-58,-11,-28
-57,-11,-27
-57,-10,-27
-57,-10,-27
-58,-11,-27
-58,-10,-27
-57,-10,-27
-57,-10,-27
-57,-10,-27
-58,-10,-27
-58,-10,-27
-58,-10,-27
-58,-10,-27
-58,-10,-27
-58,-10,-27
-57,-10,-26
-58,-10,-27
-58,-10,-27
-58,-10,-26
-57,-11,-27
-57,-10,-27
-58,-10,-26
-58,-10,-26
-58,-10,-27
-58,-10,-26
-57,-10,-27
-57,-10,-27
-58,-10,-27
-58,-10,-26
-57,-10,-27
-58,-10,-26
-58,-10,-27
-58,-10,-27
-58,-10,-27
-57,-10,-27
-57,-10,-26
-57,-11,-26
-58,-11,-27
-58,-11,-27
-58,-11,-27
-57,-11,-27
-57,-11,-26
-58,-11,-27
-58,-10,-27
-58,-10,-27
-57,-11,-26
-57,-10,-27
-57,-10,-26
-58,-11,-27
-58,-10,-27
-57,-10,-27
-58,-11,-26
-57,-11,-26
-58,-11,-27
-58,-11,-27
-58,-10,-27
-57,-11,-26
-57,-11,-26
-58,-11,-27
-58,-11,-27
-58,-11,-27
-58,-11,-26
-57,-11,-27
-57,-11,-27
-58,-11,-27
-58,-11,-27
-57,-11,-26
-58,-11,-26
-57,-11,-27
-58,-11,-27
-57,-11,-27
-58,-11,-27
-58,-11,-27
-57,-11,-27
-57,-11,-27
-57,-11,-27
-58,-11,-27
-57,-11,-27
-57,-11,-27
-57,-11,-26
-58,-10,-27
-58,-11,-27
-57,-11,-27
-58,-11,-27
-57,-11,-26
-57,-11,-27
-58,-10,-27
-58,-10,-27
-58,-10,-26
-58,-10,-26
-58,-10,-27
-58,-10,-26
-58,-10,-26
-58,-10,-26
-58,-10,-26
-58,-10,-27
-58,-10,-27
-58,-10,-26
-58,-10,-26
-58,-10,-27
-58,-10,-26
-58,-10,-27
-58,-10,-27
-58,-10,-26
-58,-10,-26
-58,-10,-27
-58,-10,-27
-58,-10,-27
-57,-10,-26
-57,-10,-26
-58,-10,-26
-58,-10,-27
-58,-10,-27
-58,-10,-26
-57,-10,-27
-57,-10,-27
-58,-10,-27
-58,-10,-26
-58,-10,-26
-58,-10,-26
-58,-10,-27
-58,-10,-27
-58,-10,-27
-58,-10,-27
-58,-10,-26
-58,-10,-27
-58,-10,-26
-57,-10,-27
-58,-10,-26
-58,-10,-26
-58,-10,-27
-58,-10,-27
-58,-10,-27
-58,-10,-26
-58,-10,-26
-58,-10,-26
-58,-10,-27
-58,-10,-27
-58,-10,-26
-58,-10,-26
-58,-10,-26
-58,-10,-27
-58,-10,-26
-58,-10,-26
-58,-10,-27
-58,-10,-26
-57,-10,-26
-58,-10,-27
-58,-10,-27
-58,-10,-27
-58,-10,-26
-58,-11,-26
-58,-10,-26
-57,-11,-27
-57,-11,-26
-58,-10,-27
-58,-11,-27
-57,-11,-27
-58,-11,-26
-58,-11,-26
-58,-11,-27
-58,-11,-27
-58,-11,-26
-58,-11,-26
-57,-11,-27
-58,-11,-27
-58,-11,-27
-58,-11,-26
-57,-11,-27
-57,-11,-27
-57,-11,-27
-58,-11,-27
-58,-11,-27
-58,-11,-27
-58,-11,-27
-58,-11,-27
-58,-10,-27
-58,-11,-27
-58,-11,-27
-57,-11,-26
-57,-11,-27
-58,-11,-27
-58,-10,-27
-57,-11,-26
-58,-11,-27
-57,-11,-27
-57,-11,-27
-57,-10,-27
-57,-10,-26
-57,-10,-26
-58,-11,-27
-58,-10,-27
-58,-10,-27
-58,-10,-26
-58,-10,-26
-58,-11,-27
-57,-10,-26
-58,-10,-26
-58,-10,-27
-58,-10,-27
-58,-10,-27
-58,-10,-27
-58,-10,-26
-58,-10,-26
-58,-10,-27
-58,-10,-27
-58,-10,-27
-57,-10,-27
-57,-10,-27
-58,-10,-26
-58,-10,-27
-58,-10,-27
-58,-10,-27
-58,-10,-27
-58,-10,-27
-58,-10,-27
-58,-10,-27
-58,-10,-27
-58,-10,-26
-58,-10,-26
-58,-10,-26
-58,-10,-26
-58,-10,-27
-58,-10,-26
-58,-10,-27
-58,-10,-27
-58,-10,-27
-58,-10,-26
-58,-10,-26
-58,-10,-26
-58,-10,-27
-58,-10,-27
-57,-10,-26
-57,-10,-27
-58,-10,-27
-58,-10,-27
-58,-10,-27
-58,-10,-26
-58,-10,-26
-58,-10,-26
-58,-10,-27
-58,-10,-27
-58,-10,-26
-57,-10,-26
-58,-10,-27
-58,-10,-26
-58,-10,-27
-58,-10,-26
-58,-10,-26
-58,-10,-26
-58,-10,-26
-58,-10,-26
-58,-10,-26
-58,-10,-27
-58,-10,-27
-58,-10,-26
-58,-10,-26
-58,-10,-26
-58,-10,-26
-58,-10,-27
-58,-10,-27
-57,-10,-27
-58,-10,-27
-57,-10,-26
-58,-10,-27
-58,-10,-27
-58,-10,-27
-57,-11,-27
-57,-11,-27
-57,-10,-26
-58,-11,-27
-58,-10,-27
-58,-11,-27
-58,-11,-26
-58,-11,-27
-57,-11,-27
-58,-11,-27
-58,-11,-27
-57,-11,-27
-57,-11,-27
-57,-11,-27
-57,-11,-26
-58,-11,-27
-58,-11,-27
-58,-11,-27
-57,-11,-27
-57,-11,-27
-57,-11,-27
-58,-11,-27
-58,-11,-27
-57,-11,-27
-57,-11,-26
-57,-11,-26
-57,-11,-27
-57,-11,-27
-57,-11,-27
-58,-11,-27
-58,-11,-27
-58,-10,-27
-58,-10,-27
-57,-10,-26
-58,-10,-27
-58,-11,-27
-58,-11,-27
-58,-11,-27
-58,-10,-26
-58,-10,-27
-58,-10,-27
-58,-10,-27
-57,-10,-26
-57,-10,-26
-57,-10,-26
-58,-10,-27
-58,-10,-27
-58,-11,-27
-58,-10,-27
-57,-10,-27
-58,-10,-27
-58,-10,-27
-58,-10,-27
-58,-10,-26
-58,-10,-27
-58,-10,-26
-58,-10,-27
-58,-10,-27
-58,-10,-27
-58,-10,-27
-58,-10,-27
-58,-10,-27
-58,-10,-26
-57,-10,-26
-58,-10,-27
-58,-10,-27
-58,-10,-27
-57,-10,-27
-58,-10,-26
-57,-10,-26
-58,-10,-27
-58,-10,-27
-57,-10,-26
-58,-10,-27
-58,-10,-27
-58,-10,-26
-58,-10,-27
-58,-10,-27
-58,-10,-27
-58,-10,-27
-57,-10,-26
-58,-10,-27
-58,-10,-27
-58,-10,-27
-58,-10,-27
-57,-10,-27
-58,-10,-26
-58,-10,-26
-58,-10,-26
-58,-10,-27
-58,-10,-26
-58,-10,-26
-57,-10,-26
-58,-10,-26
-58,-10,-26
-58,-10,-26
-58,-10,-27
-58,-10,-26
-58,-10,-26
-58,-10,-26
-58,-10,-26
-58,-10,-27
-58,-10,-27
-57,-10,-27
-57,-10,-26
-58,-10,-26
-58,-10,-27
-58,-10,-27
-58,-10,-27
-58,-10,-26
-57,-11,-27
-58,-10,-27
-58,-10,-27
-58,-11,-27
-58,-10,-27
-58,-10,-27
-58,-10,-27
-58,-11,-27
-57,-11,-27
-57,-11,-26
-58,-11,-27
-58,-11,-27
-58,-11,-27
-57,-11,-27
-57,-11,-26
-58,-10,-27
-58,-11,-27
-57,-11,-26
-57,-11,-26
-57,-11,-27
-58,-11,-27
-58,-11,-27
-58,-11,-27
-57,-11,-26
-57,-11,-26
-57,-11,-27
-57,-11,-27
-58,-11,-27
-57,-11,-27
-57,-11,-27
-57,-11,-27
-58,-11,-27
-58,-10,-27
-58,-10,-27
-57,-11,-26
-58,-11,-27
-58,-10,-27
-57,-11,-27
-58,-10,-26
-58,-10,-27
-58,-10,-27
-57,-11,-27
-58,-11,-27
-58,-11,-26
-57,-10,-27
-57,-10,-26
-57,-10,-26
-58,-10,-27
-58,-10,-27
-58,-10,-26
-58,-10,-26
-58,-10,-26
-58,-10,-26
-58,-10,-27
-58,-10,-27
-57,-10,-26
-58,-10,-26
-58,-10,-27
-58,-10,-27
-58,-10,-27
-57,-10,-26
-57,-10,-26
-58,-10,-26
-58,-10,-27
-58,-10,-27
-58,-10,-27
-57,-10,-27
-57,-10,-26
-58,-10,-27
-58,-10,-27
-57,-10,-26
-58,-10,-26
-58,-10,-26
-58,-10,-27
-58,-10,-27
-58,-10,-26
-58,-10,-27
-58,-10,-27
-58,-10,-27
-58,-10,-27
-58,-10,-27
-57,-10,-27
-58,-10,-27
-58,-10,-26
-58,-10,-26
-58,-10,-27
-58,-10,-26
-58,-10,-26
-58,-10,-26
-58,-10,-27
-58,-10,-27
-58,-10,-26
-58,-10,-27
-58,-10,-26
-58,-10,-26
-58,-10,-27
-58,-10,-27
-58,-10,-26
-58,-10,-26
-58,-10,-26
-58,-10,-26
-58,-10,-26
-58,-10,-26
-58,-10,-27
-57,-10,-27
-58,-10,-27
-58,-10,-27
-58,-10,-26
-58,-10,-26
-58,-10,-27
-58,-10,-27
-58,-10,-26
-57,-10,-26
-58,-10,-26
-58,-10,-27
-58,-10,-27
-58,-10,-27
-58,-10,-27
-57,-10,-27
-57,-11,-26
-58,-11,-27
-57,-11,-27
-57,-11,-27
-58,-11,-27
-58,-11,-27
-57,-11,-27
-57,-11,-27
-58,-11,-27
-58,-11,-27
-58,-11,-27
-57,-11,-27
-58,-11,-26
-57,-11,-27
-58,-11,-27
-58,-11,-27
-57,-11,-27
-58,-11,-27
-57,-11,-27
-57,-11,-27
-57,-11,-27
-57,-11,-27
-57,-11,-27
-58,-11,-27
-57,-11,-27
-58,-11,-27
-58,-11,-27
-57,-11,-27
-57,-11,-26
-57,-11,-27
-58,-11,-27
-58,-10,-27
-58,-10,-27
-58,-10,-27
-58,-10,-27
-58,-10,-27
-57,-10,-26
-58,-10,-27
-58,-10,-27
-58,-11,-26
-57,-10,-27
-57,-10,-27
-58,-10,-27
-58,-10,-26
-58,-10,-27
-58,-10,-27
-58,-10,-27
-58,-10,-27
-58,-10,-26
-57,-11,-27
-58,-10,-27
-57,-10,-26
-57,-10,-27
-58,-10,-27
-57,-10,-27
-58,-10,-27
-58,-10,-27
-57,-11,-27
-58,-10,-27
-58,-10,-27
-57,-11,-26
-57,-11,-26
-58,-11,-26
-58,-12,-27
-57,-12,-26
-58,-12,-27
-57,-12,-27
-57,-11,-27
-57,-11,-27
-57,-11,-26
-57,-11,-26
-58,-11,-27
-58,-11,-27
-57,-11,-27
-58,-11,-26
-57,-11,-26
-57,-11,-26
-58,-11,-27
-58,-11,-26
-58,-11,-27
-58,-11,-27
-57,-11,-27
-58,-11,-26
-57,-11,-27
-58,-11,-27
-58,-11,-26
-57,-11,-26
-58,-11,-26
-58,-11,-26
-57,-11,-27
-58,-10,-26
-58,-10,-26
-58,-10,-26
-57,-10,-26
-58,-11,-26
-58,-11,-26
-58,-11,-26
-58,-11,-26
-58,-10,-27
-58,-10,-27
-57,-11,-27
-57,-11,-27
-58,-11,-27
-58,-11,-27
-58,-11,-27
-58,-10,-26
-57,-11,-27
-57,-11,-27
-58,-11,-27
-58,-11,-27
-58,-11,-27
-58,-11,-26
-57,-10,-27
-58,-11,-27
-57,-11,-27
-58,-11,-27
-57,-11,-27
-57,-11,-27
-57,-11,-27
-58,-11,-27
-58,-11,-27
-57,-11,-26
-57,-11,-26
-57,-11,-27
-57,-11,-27
-57,-11,-27
-57,-11,-27
-57,-11,-26
-57,-11,-26
-58,-11,-27
-57,-11,-27
-57,-11,-27
-57,-11,-26
-57,-12,-27
-57,-11,-27
-57,-11,-27
-57,-11,-27
-57,-11,-27
-58,-11,-27
-58,-11,-27
-57,-11,-27
-57,-11,-27
-57,-11,-27
-57,-11,-27
-57,-11,-27
-57,-11,-27
-57,-11,-27
-58,-11,-27
-58,-11,-27
-57,-11,-27
-57,-11,-27
-57,-11,-26
-57,-11,-27
-57,-11,-27
-57,-11,-27
-57,-11,-27
-57,-11,-27
-57,-11,-27
-58,-11,-27
-57,-11,-26
-57,-11,-27
-58,-11,-27
-57,-11,-27
-57,-11,-27
-58,-11,-27
-57,-11,-27
-58,-11,-27
-57,-11,-27
-57,-11,-27
-57,-11,-27
-57,-11,-27
-58,-11,-27
-58,-11,-27
-58,-11,-27
-57,-11,-27
-58,-11,-27
-57,-11,-27
-57,-11,-27
-58,-11,-27
-58,-11,-27
-57,-11,-27
-57,-11,-26
-57,-11,-26
-58,-10,-27
-58,-10,-27
-57,-11,-27
-57,-11,-26
-57,-11,-26
-58,-11,-27
-58,-11,-27
-57,-11,-27
-58,-10,-27
-57,-11,-27
-57,-11,-27
-57,-11,-26
-58,-11,-27
-58,-9,-26
-58,-9,-26
-58,-9,-25
-58,-10,-27
-57,-10,-28
-56,-11,-29
-56,-12,-29
-56,-12,-29
-56,-12,-29
-57,-12,-30
-57,-12,-29
-57,-12,-29
-56,-11,-29
-56,-12,-29
-56,-12,-29
-56,-12,-29
-57,-12,-29
-57,-12,-29
-56,-12,-28
-56,-12,-28
-56,-12,-29
-57,-12,-29
-56,-12,-29
-56,-12,-28
-57,-12,-28
-57,-12,-28
-57,-12,-29
-56,-12,-28
-56,-11,-28
-56,-12,-29
-56,-12,-29
-56,-13,-28
-56,-13,-28
-56,-13,-29
-56,-13,-29
-56,-13,-28
-56,-13,-28
-56,-13,-28
-56,-13,-28
-56,-13,-28
-57,-13,-28
-56,-13,-28
-57,-13,-28
-57,-13,-28
-56,-13,-28
-56,-13,-28
-57,-13,-28
-57,-12,-28
-56,-12,-27
-57,-12,-28
-57,-13,-28
-57,-13,-28
-57,-13,-28
-57,-13,-28
-56,-13,-27
-57,-13,-28
-57,-13,-28
-57,-13,-28
-57,-13,-28
-56,-13,-28
-56,-13,-28
-56,-13,-28
-57,-13,-28
-57,-12,-28
-57,-12,-28
-56,-12,-28
-57,-13,-28
-56,-13,-28
-56,-13,-28
-57,-12,-28
-57,-13,-28
-57,-12,-28
-57,-12,-28
-57,-12,-27
-57,-12,-28
-57,-12,-28
-57,-12,-28
-56,-12,-28
-56,-12,-27
-57,-12,-27
-57,-12,-28
-57,-12,-28
-57,-12,-28
-56,-12,-27
-57,-12,-28
-57,-12,-28
-57,-12,-28
-57,-12,-28
-57,-12,-28
-57,-12,-27
-56,-12,-27
-57,-12,-30
-58,-11,-30
-58,-12,-27
-57,-11,-27
-56,-11,-25
-56,-10,-24
-57,-12,-23
-59,-13,-27
-59,-12,-27
-57,-12,-24
-57,-12,-24
-58,-12,-25
-58,-11,-25
-58,-11,-25
-58,-11,-25
-58,-11,-25
-58,-11,-25
-58,-11,-25
-58,-11,-26
-58,-11,-25
-58,-11,-25
-58,-11,-25
-58,-11,-25
-58,-11,-26
-57,-12,-25
-57,-11,-25
-58,-11,-26
-58,-11,-27
-58,-11,-28
-57,-11,-27
-57,-11,-26
-57,-12,-26
-57,-12,-27
-57,-12,-28
-57,-12,-27
-57,-13,-27
-57,-13,-27
-57,-13,-27
-57,-13,-27
-57,-12,-27
-57,-12,-27
-57,-12,-27
-57,-12,-27
-57,-13,-27
-56,-12,-27
-56,-12,-27
-57,-11,-31
-57,-10,-31
-56,-10,-29
-55,-10,-28
-56,-11,-29
-56,-11,-30
-56,-11,-30
-56,-11,-30
-56,-11,-30
-56,-12,-29
-56,-12,-29
-56,-12,-29
-56,-12,-29
-56,-12,-29
-56,-12,-29
-56,-11,-29
-56,-11,-29
-56,-11,-29
-56,-11,-29
-56,-12,-29
-56,-12,-29
-56,-12,-29
-56,-12,-29
-56,-12,-29
-56,-12,-29
-56,-12,-29
-56,-12,-29
-56,-12,-29
-56,-12,-29
-56,-12,-29
-56,-13,-29
-56,-12,-29
-56,-13,-29
-56,-13,-29
-56,-13,-29
-56,-13,-29
-56,-13,-29
-56,-13,-28
-57,-13,-29
-56,-12,-29
-56,-12,-29
-56,-12,-29
-56,-12,-29
-56,-12,-29
-56,-12,-29
-56,-12,-29
-56,-12,-29
-56,-12,-29
-56,-12,-29
-56,-12,-29
-56,-13,-29
-56,-13,-29
-56,-13,-28
-56,-12,-29
-56,-12,-29
-56,-12,-29
-56,-12,-29
-56,-12,-29
-56,-12,-29
-56,-12,-29
-56,-12,-29
-56,-12,-29
-56,-12,-28
-56,-12,-28
-56,-12,-29
-56,-12,-29
-56,-12,-29
-56,-12,-29
-56,-12,-29
-56,-12,-29
-56,-12,-28
-56,-12,-29
-56,-12,-29
-56,-12,-29
-56,-12,-28
-56,-12,-29
-56,-12,-29
-56,-12,-29
-56,-12,-29
-56,-12,-29
-56,-12,-29
-56,-12,-29
-56,-12,-29
-56,-12,-29
-56,-12,-29
-56,-12,-29
-56,-11,-29
-56,-11,-29
-56,-11,-30
-56,-12,-29
-56,-11,-29
-57,-12,-29
-57,-12,-28
-57,-12,-29
-57,-11,-28
-56,-10,-27
-57,-12,-27
-56,-13,-24
-58,-12,-25
-59,-12,-28
-57,-11,-29
-55,-11,-27
-57,-11,-27
-57,-10,-28
-58,-11,-29
-58,-10,-29
-56,-10,-28
-56,-10,-28
-58,-9,-26
-57,-9,-27
-56,-8,-31
-55,-7,-30
-55,-6,-30
-55,-5,-33
-54,-5,-34
-55,-6,-32
-55,-6,-33
-56,-5,-33
-56,-5,-33
-55,-4,-33
-55,-4,-32
-55,-4,-34
-55,-4,-33
-54,-4,-32
-54,-5,-32
-54,-5,-32
-54,-6,-33
-54,-7,-32
-54,-7,-32
-55,-7,-33
-55,-7,-33
-56,-6,-32
-56,-5,-31
-56,-4,-32
-55,-3,-32
-55,-3,-31
-55,-3,-31
-55,-3,-32
-55,-3,-33
-54,-3,-33
-54,-3,-34
-54,-3,-34
-54,-3,-34
-53,-3,-34
-53,-3,-35
-54,-3,-35
-54,-3,-35
-54,-4,-35
-54,-4,-34
-54,-3,-33
-54,-4,-33
-54,-4,-34
-54,-4,-34
-54,-4,-34
-54,-4,-34
-54,-4,-34
-54,-4,-34
-54,-4,-34
-55,-5,-34
-54,-5,-34
-54,-5,-33
-55,-4,-33
-55,-3,-33
-54,-3,-33
-54,-2,-33
-54,-2,-34
-54,-2,-34
-54,-3,-34
-54,-4,-35
-54,-5,-35
-53,-5,-34
-54,-4,-33
-54,-4,-33
-54,-3,-34
-54,-3,-34
-54,-3,-34
-54,-3,-34
-54,-4,-34
-54,-5,-33
-54,-5,-33
-54,-4,-34
-54,-4,-34
-55,-3,-34
-54,-3,-34
-54,-3,-34
-54,-2,-34
-54,-2,-34
-53,-2,-34
-53,-3,-35
-53,-3,-35
-53,-3,-35
-54,-2,-35
-54,-2,-36
-54,-2,-35
-54,-2,-34
-53,-3,-34
-54,-4,-34
-54,-4,-35
-54,-4,-34
-55,-3,-35
-54,-4,-36
-56,-4,-36
-56,-4,-35
-54,-4,-33
-56,-4,-35
-57,-3,-36
-56,0,-34
-55,3,-32
-55,3,-32
-55,3,-31
-56,3,-31
-57,4,-30
-55,3,-31
-54,3,-30
-54,4,-28
-55,4,-29
-57,4,-28
-54,4,-26
-54,4,-27
-52,4,-29
-54,6,-30
-56,5,-32
-57,6,-31
-57,5,-28
-59,3,-30
-56,3,-29
-55,4,-29
-52,5,-29
-52,5,-28
-54,5,-28
-58,5,-30
-60,3,-30
-61,-1,-28
-56,-1,-28
-54,-2,-32
-52,-3,-32
-54,-6,-36
-55,-6,-37
-55,-6,-35
-55,-6,-33
-58,-6,-32
-60,-6,-33
-60,-6,-40
-57,-5,-31
-54,-7,-24
-52,-8,-25
-56,-6,-22
-60,-6,-28
-53,-4,-29
-54,-4,-32
-59,-3,-34
-57,-2,-31
-57,-2,-31
-53,-6,-24
-55,-8,-23
-56,-11,-29
-58,-11,-34
-57,-13,-34
-56,-13,-30
-56,-15,-30
-55,-16,-32
-55,-16,-31
-53,-17,-30
-54,-18,-29
-55,-18,-29
-55,-18,-29
-54,-17,-29
-55,-18,-30
-55,-18,-31
-54,-18,-30
-52,-18,-29
-53,-18,-31
-54,-18,-33
-53,-18,-32
-52,-18,-31
-52,-18,-31
-53,-18,-32
-54,-19,-33
-53,-19,-32
-53,-19,-29
-54,-19,-29
-53,-19,-30
-54,-19,-30
-54,-18,-29
-54,-18,-29
-54,-18,-29
-54,-19,-30
-54,-19,-29
-53,-19,-29
-54,-19,-30
-54,-18,-33
-54,-18,-34
-53,-18,-32
-53,-18,-31
-53,-18,-31
-53,-18,-33
-52,-18,-32
-53,-18,-31
-52,-18,-32
-52,-18,-32
-52,-18,-31
-52,-18,-31
-53,-19,-31
-53,-18,-31
-53,-18,-31
-53,-18,-31
-53,-18,-31
-53,-18,-32
-53,-18,-32
-53,-18,-32
-52,-18,-32
-53,-18,-32
-53,-18,-32
-53,-17,-32
-52,-18,-32
-52,-17,-32
-52,-17,-32
-52,-17,-32
-52,-17,-33
-53,-17,-33
-52,-17,-32
-52,-17,-32
-52,-17,-32
-52,-17,-33
-52,-17,-32
-53,-17,-32
-53,-17,-33
-52,-17,-33
-52,-17,-33
-52,-17,-33
-53,-17,-32
-53,-17,-31
-52,-17,-32
-53,-18,-32
-53,-17,-32
-53,-17,-31
-53,-17,-31
-53,-17,-31
-54,-17,-32
-53,-17,-32
-53,-17,-30
-53,-17,-30
-53,-17,-31
-54,-17,-31
-54,-17,-31
-54,-16,-31
-54,-16,-31
-54,-16,-31
-53,-16,-31
-54,-16,-31
-54,-16,-32
-53,-16,-31
-53,-16,-31
-53,-16,-31
-54,-16,-32
-54,-16,-32
-53,-16,-31
-53,-16,-31
-53,-17,-31
-53,-16,-32
-53,-17,-32
-53,-17,-32
-53,-17,-32
-53,-17,-32
-53,-17,-32
-53,-17,-32
-53,-16,-32
-53,-16,-33
-54,-16,-32
-54,-17,-33
-54,-17,-33
-55,-18,-33
-54,-16,-29
-54,-16,-27
-56,-16,-26
-57,-16,-25
-55,-15,-25
-56,-12,-34
-56,-14,-35
-56,-12,-33
-56,-12,-33
-57,-10,-32
-59,-9,-31
-55,-8,-27
-56,-7,-27
-59,-4,-28
-60,-3,-32
-59,-1,-32
-56,-1,-30
-58,1,-28
-49,-2,-25
-48,-1,-27
-57,-2,-30
-61,-2,-28
-58,-2,-22
-58,-3,-24
-57,-4,-27
-58,-5,-24
-57,-4,-25
-58,-5,-26
-58,-4,-24
-55,-7,-20
-55,-6,-19
-70,-9,-21
-71,-8,-18
-65,-10,-5
-62,-12,-1
-68,-11,-6
-70,-9,-6
-70,-7,-7
-66,-5,-5
-60,-4,-1
-63,-5,1
-63,-7,3
-58,-6,7
-59,-6,7
-62,-6,5
-61,-7,4
-60,-7,0
-65,-7,-4
-75,-8,-14
-75,-9,-13
-68,-9,-7
-69,-10,-7
-72,-10,-9
-61,-11,-1
-58,-10,0
-63,-9,-3
-66,-8,-4
-68,-7,-4
-69,-5,-1
-75,-5,-9
-77,-4,-2
-68,-2,4
-64,-3,6
-65,2,7
-68,1,5
-49,2,15
-47,1,23
-35,1,29
-23,-1,37
-25,-2,41
-35,-5,47
-40,-5,55
-59,-14,68
-60,-18,69
-42,-23,48
-40,-23,41
-41,-24,46
-37,-24,49
-38,-25,49
-39,-24,46
-42,-24,47
-38,-23,48
-37,-22,46
-45,-27,43
-44,-27,46
-40,-27,46
-39,-27,45
-35,-26,48
-35,-25,48
-42,-25,44
-44,-26,42
-46,-26,40
-44,-26,42
-43,-26,42
-42,-26,43
-42,-26,43
-45,-26,42
-46,-26,41
-44,-25,41
-43,-25,42
-47,-25,39
-48,-25,39
-47,-25,40
-47,-25,40
-47,-25,40
-44,-25,42
-44,-25,42
-43,-26,43
-42,-26,43
-41,-26,44
-41,-26,44
-43,-26,43
-44,-26,42
-43,-26,42
-42,-26,43
-42,-26,44
-43,-26,43
-45,-26,42
-43,-26,42
-42,-26,43
-42,-26,43
-44,-26,42
-44,-26,42
-44,-26,42
-43,-26,43
-42,-26,43
-44,-26,42
-44,-26,41
-44,-26,41
-44,-26,41
-43,-26,42
-44,-26,42
-44,-26,41
-45,-26,41
-44,-26,41
-44,-26,42
-44,-26,42
-44,-26,41
-44,-26,41
-45,-26,41
-44,-26,41
-44,-26,41
-44,-26,42
-45,-26,41
-45,-26,40
-45,-26,40
-44,-26,41
-45,-26,41
-45,-26,41
-45,-26,41
-45,-26,41
-45,-26,41
-45,-26,41
-45,-26,41
-44,-26,41
-45,-26,41
-45,-26,41
-44,-26,41
-44,-26,41
-45,-26,41
-45,-26,41
-45,-26,41
-45,-26,41
-44,-26,41
-45,-26,41
-45,-26,41
-45,-26,41
-44,-26,41
-45,-26,41
-44,-26,41
-44,-26,41
-45,-26,41
-45,-26,41
-45,-26,41
-44,-26,41
-44,-25,41
-45,-26,41
-45,-26,41
-45,-26,41
-45,-25,41
-45,-26,41
-45,-26,41
-45,-26,41
-45,-26,41
-45,-26,41
-46,-26,40
-45,-25,40
-45,-26,41
-45,-26,41
-46,-26,40
-46,-25,40
-45,-26,40
-45,-26,41
-45,-25,41
-45,-25,41
-45,-26,40
-46,-26,40
-46,-26,40
-45,-25,40
-45,-26,41
-45,-26,40
-45,-25,40
-45,-26,40
-45,-26,41
-45,-26,40
-45,-26,40
-45,-26,41
-45,-25,41
-45,-25,40
-45,-25,40
-45,-26,41
-45,-26,41
-45,-26,41
-45,-25,41
-45,-26,41
-45,-26,41
-45,-25,41
-45,-25,41
-45,-25,41
-45,-26,41
-45,-25,41
-45,-25,40
-45,-26,41
-45,-26,41
-45,-26,40
-45,-26,40
-45,-25,40
-45,-25,41
-45,-25,41
-45,-25,41
-45,-25,41
-45,-25,40
-45,-25,41
-45,-26,41
-45,-26,41
-45,-26,40
-45,-26,41
-45,-26,41
-45,-26,41
-46,-26,41
-46,-26,40
-45,-26,40
-45,-26,40
-45,-26,41
-45,-26,41
-45,-26,40
-45,-26,40
-45,-26,41
-45,-26,41
-45,-26,40
-46,-26,40
-45,-26,40
-45,-26,41
-45,-26,41
-45,-26,40
-45,-26,40
-45,-26,40
-45,-26,40
-45,-26,40
-46,-26,40
-45,-26,40
-45,-26,40
-45,-26,40
-45,-26,40
-45,-26,40
-46,-26,40
-46,-26,41
-44,-26,40
-44,-26,41
-45,-25,40
-45,-26,40
-46,-25,41
-46,-26,40
-45,-25,40
-46,-25,40
-46,-26,40
-45,-25,40
-46,-26,40
-46,-25,40
-45,-25,40
-46,-25,41
-45,-25,40
-46,-25,40
-46,-25,40
-46,-25,40
-46,-25,40
-45,-25,40
-45,-25,40
-46,-25,40
-46,-25,40
-46,-26,40
-46,-25,40
-45,-25,40
-46,-25,40
-46,-25,40
-46,-25,40
-46,-25,40
-45,-25,40
-46,-25,40
-45,-25,40
-46,-25,40
-46,-25,40
-46,-26,40
-45,-25,40
-46,-26,40
-46,-26,40
-46,-25,40
-46,-25,40
-45,-26,40
-45,-25,41
-46,-26,40
-47,-25,40
-46,-25,40
-46,-25,40
-46,-25,40
-46,-25,40
-46,-25,40
-46,-25,40
-46,-25,40
-46,-25,40
-46,-25,40
-46,-25,40
-46,-25,40
-46,-25,39
-46,-25,40
-46,-25,40
-46,-26,40
-46,-26,40
-46,-25,40
-46,-25,40
-46,-25,40
-46,-26,40
-46,-25,39
-46,-25,39
-46,-25,40
-46,-26,40
-46,-25,40
-46,-25,40
-46,-25,39
-46,-25,40
-46,-25,40
-46,-25,40
-46,-26,39
-46,-25,40
-46,-25,40
-45,-25,40
-45,-25,41
-45,-25,40
-46,-25,40
-45,-25,40
-46,-26,40
-46,-26,40
-46,-25,40
-45,-25,40
-46,-25,40
-46,-25,40
-46,-25,40
-46,-25,40
-46,-25,40
-46,-25,40
-46,-25,40
-46,-26,40
-45,-26,40
-45,-25,40
-46,-26,40
-46,-25,40
-46,-25,40
-46,-26,40
-46,-26,40
-46,-26,40
-45,-26,40
-46,-26,40
-46,-26,40
-46,-26,40
-46,-26,40
-46,-26,40
-46,-26,40
-46,-26,40
-46,-26,40
-46,-26,40
-45,-26,40
-46,-26,40
-46,-26,40
-46,-26,39
-46,-26,40
-45,-26,40
-46,-26,40
-46,-26,40
-46,-26,40
-46,-26,40
-46,-26,39
-46,-26,40
-46,-26,40
-46,-26,40
-46,-26,40
-46,-26,39
-46,-26,39
-46,-26,40
-46,-26,40
-46,-26,40
-46,-26,39
-46,-26,39
-46,-26,40
-46,-26,40
-46,-26,40
-46,-26,40
-46,-25,40
-46,-26,40
-46,-26,40
-46,-26,40
-46,-25,39
-46,-26,40
-46,-26,40
-46,-26,40
-46,-26,40
-46,-26,40
-46,-26,40
-46,-26,40
-45,-25,40
-46,-26,40
-46,-25,40
-46,-25,40
-46,-26,40
-45,-26,40
-46,-25,40
-46,-26,40
-46,-26,40
-45,-26,40
-46,-26,40
-46,-26,40
-46,-26,40
-46,-25,40
-46,-26,40
-46,-26,40
-46,-26,40
-46,-26,40
-46,-26,40
-46,-26,40
-46,-26,40
-46,-25,40
-46,-26,40
-46,-26,40
-46,-26,40
-46,-25,40
-46,-26,40
-46,-26,40
-46,-25,40
-46,-25,40
-45,-26,40
-46,-25,40
-46,-25,40
-46,-26,40
-45,-25,40
-46,-26,40
-46,-26,40
-45,-26,40
-46,-26,40
-46,-26,40
-46,-26,40
-46,-26,40
-46,-25,40
-45,-26,40
-46,-25,40
-46,-25,40
-46,-25,40
-46,-26,40
-46,-26,40
-46,-26,40
-46,-26,40
-46,-25,40
-46,-26,40
-46,-26,40
-46,-26,40
-46,-26,40
-45,-25,40
-45,-26,40
-45,-26,40
-46,-26,40
-45,-26,40
-46,-26,40
-46,-26,40
-46,-26,40
-46,-26,40
-45,-26,40
-46,-26,40
-46,-26,40
-46,-26,40
-45,-26,40
-45,-26,40
-46,-26,40
-46,-26,40
-46,-26,40
-46,-26,40
-46,-26,40
-46,-26,40
-46,-26,40
-46,-26,40
-46,-26,40
-46,-26,40
-46,-26,40
-46,-26,40
-46,-26,39
-46,-26,40
-46,-26,40
-46,-26,40
-46,-26,40
-46,-26,40
-46,-26,40
-45,-26,40
-46,-26,40
-46,-26,40
-46,-26,40
-46,-26,40
-46,-26,40
-46,-26,40
-46,-26,40
-46,-26,40
-46,-26,40
-46,-26,40
-46,-26,40
-46,-26,40
-46,-26,40
-46,-26,39
-46,-26,40
-46,-26,40
-46,-26,40
-46,-26,40
-46,-26,40
-46,-25,40
-46,-26,40
-46,-26,40
-46,-26,40
-46,-26,40
-46,-26,40
-46,-25,40
-46,-25,40
-46,-26,40
-46,-26,40
-46,-26,40
-45,-26,40
-46,-26,40
-46,-26,40
-46,-26,40
-46,-26,40
-46,-26,40
-46,-26,40
-46,-26,40
-46,-25,40
-46,-25,40
-46,-26,40
-46,-26,40
-46,-26,40
-46,-25,40
-46,-26,40
-46,-25,40
-46,-26,40
-45,-26,40
-46,-26,40
-46,-25,40
-46,-26,40
-46,-26,40
-46,-26,40
-46,-26,40
-46,-26,40
-46,-26,40
-46,-26,40
-46,-26,40
-46,-26,40
-46,-26,40
-46,-25,40
-46,-25,40
-46,-25,40
-46,-26,40
-46,-26,40
-46,-26,40
-46,-25,40
-46,-26,40
-46,-26,40
-46,-26,40
-46,-26,40
-46,-26,40
-46,-26,40
-46,-26,40
-46,-26,40
-46,-26,40
-46,-26,40
-46,-26,40
-46,-26,40
-46,-26,40
-46,-26,40
-46,-26,40
-46,-25,40
-46,-26,40
-46,-25,40
-46,-25,40
-46,-26,40
-46,-26,40
-46,-25,40
-46,-26,40
-46,-26,40
-46,-26,40
-46,-25,40
-46,-26,40
-46,-25,40
-46,-26,40
-46,-26,40
-46,-26,40
-46,-26,40
-46,-26,40
-46,-26,40
-46,-26,40
-46,-26,40
-46,-25,40
-46,-25,40
-46,-25,40
-46,-25,40
-46,-26,40
-46,-26,40
-45,-26,40
-46,-26,40
-46,-26,40
-46,-26,40
-46,-26,40
-46,-26,40
-46,-26,40
-46,-26,40
-46,-26,40
-46,-26,40
-46,-26,40
-46,-26,40
-46,-26,40
-46,-26,40
-46,-26,40
-46,-26,39
-46,-26,40
-46,-26,40
-46,-26,40
-46,-26,39
-46,-26,40
-46,-26,39
-46,-26,40
-46,-26,40
-46,-26,39
-46,-26,40
-46,-26,40
-46,-26,40
-46,-26,40
-46,-26,40
-46,-26,40
-46,-26,40
-46,-26,39
-46,-26,40
-46,-26,40
-46,-26,40
-46,-26,39
-46,-26,40
-46,-26,40
-46,-26,40
-46,-26,40
-46,-26,40
-46,-26,40
-46,-26,40
-46,-26,40
-46,-26,40
-46,-26,40
-46,-26,40
-46,-26,40
-46,-25,40
-46,-26,40
-46,-26,40
-46,-26,40
-45,-26,40
-46,-26,40
-46,-26,40
-45,-26,40
-46,-26,40
-46,-26,40
-46,-26,40
-46,-25,40
-46,-26,40
-46,-26,40
-46,-26,40
-46,-26,40
-46,-26,40
-46,-26,40
-46,-26,40
-46,-26,40
-46,-26,40
-46,-26,40
-46,-26,40
-46,-26,40
-46,-26,40
-46,-25,40
-46,-26,40
-46,-26,40
-46,-26,40
-46,-26,40
-46,-26,40
-46,-26,40
-46,-26,40
-46,-26,40
-46,-26,40
-46,-26,40
-46,-26,40
-46,-25,40
-45,-26,40
-46,-26,40
-46,-26,40
-46,-26,40
-45,-26,40
-46,-26,40
-46,-26,40
-46,-26,40
-45,-26,40
-46,-25,40
-46,-26,40
-46,-26,40
-46,-26,40
-46,-26,40
-46,-26,40
-46,-26,40
-46,-26,40
-46,-26,40
-46,-26,40
-46,-26,40
-46,-26,40
-46,-26,40
-46,-26,40
-46,-26,40
-45,-26,40
-46,-25,40
-46,-26,40
-46,-26,40
-46,-26,40
-46,-26,40
-46,-25,40
-45,-26,40
-46,-26,40
-46,-26,40
-45,-25,40
-45,-26,40
-46,-26,40
-46,-25,40
-46,-26,40
-46,-26,40
-46,-25,40
-46,-26,40
-46,-26,40
-46,-26,40
-46,-26,40
-46,-26,40
-46,-26,40
-45,-26,40
-46,-25,40
-46,-26,40
-46,-25,40
-46,-26,40
-46,-26,40
-45,-26,40
-46,-26,40
-46,-26,40
-46,-26,40
-46,-26,40
-46,-26,40
-46,-26,40
-46,-26,40
-46,-26,39
-46,-26,40
-46,-26,40
-46,-26,40
-46,-26,40
-46,-26,40
-46,-26,40
-46,-26,39
-46,-26,40
-46,-26,40
-46,-26,40
-46,-26,40
-46,-26,40
-46,-26,40
-46,-26,40
-46,-26,39
-46,-26,40
-46,-26,40
-46,-26,40
-46,-26,40
-46,-26,40
-46,-26,40
-46,-26,40
-46,-26,40
-46,-26,40
-46,-26,40
-46,-26,40
-46,-26,40
-46,-26,39
-46,-26,40
-46,-26,40
-46,-26,40
-46,-26,40
-46,-26,39
-46,-26,40
-46,-26,40
-46,-26,40
-46,-26,40
-46,-26,40
-46,-26,40
-46,-26,40
-46,-26,40
-46,-26,39
-46,-26,40
-46,-26,40
-46,-26,40
-46,-26,40
-46,-26,40
-46,-26,40
-46,-26,40
-46,-26,40
-46,-26,40
-46,-26,40
-46,-26,40
-46,-26,39
-46,-26,40
-46,-26,40
-46,-26,40
-46,-26,40
-46,-26,39
-46,-26,40
-46,-26,40
-46,-26,40
-46,-26,40
-46,-26,40
-46,-26,39
-46,-26,40
-46,-26,40
-46,-26,40
-46,-26,40
-46,-25,40
-46,-26,40
-46,-26,40
-46,-26,40
-46,-26,40
-46,-25,40
-46,-26,40
-46,-26,40
-46,-26,40
-46,-26,40
-46,-26,40
-46,-26,40
-46,-26,40
-46,-26,39
-46,-26,40
-46,-26,40
-46,-26,40
-46,-26,40
-46,-25,40
-46,-26,40
-46,-26,40
-46,-26,40
-46,-26,40
-46,-26,40
-46,-26,40
-46,-26,40
-45,-26,40
-46,-26,40
-46,-26,40
-46,-26,40
-46,-26,40
-45,-26,40
-46,-26,40
-46,-26,40
-46,-26,40
-46,-26,40
-46,-26,40
-46,-26,40
-46,-26,40
-46,-26,40
-46,-26,40
-46,-26,40
-46,-26,40
-46,-26,40
-46,-26,40
-46,-26,40
-46,-26,40
-46,-26,40
-46,-26,40
-46,-26,40
-46,-26,40
-46,-26,40
-46,-26,40
-46,-26,40
-46,-26,39
-46,-26,40
-46,-26,40
-46,-26,39
-46,-26,40
-46,-26,39
-46,-26,40
-46,-26,40
-46,-26,40
-46,-26,39
-46,-26,40
-46,-26,40
-46,-26,39
-46,-26,39
-46,-26,40
-46,-26,40
-46,-26,40
-46,-26,39
-46,-26,40
-46,-26,39
-46,-26,40
-46,-26,39
-46,-26,39
-46,-26,40
-46,-26,40
-46,-26,40
-46,-26,39
-46,-26,40
-46,-26,40
-45,-26,40
-46,-26,40
-46,-26,39
-46,-26,40
-46,-26,39
-46,-26,40
-46,-26,40
-46,-26,40
-46,-26,40
-46,-26,40
-46,-26,40
-46,-26,40
-46,-26,40
-46,-26,39
-46,-26,40
-46,-26,40
-46,-26,40
-46,-26,40
-46,-26,40
-46,-26,40
-46,-26,40
-46,-26,40
-46,-26,39
-46,-26,40
-46,-26,40
-46,-26,40
-46,-26,40
-46,-26,39
-45,-26,40
-46,-26,40
-46,-26,40
-46,-26,40
-46,-26,40
-46,-26,40
-45,-26,40
-46,-26,40
-46,-26,40
-46,-26,40
-46,-26,40
-46,-26,40
-46,-26,40
-46,-26,40
-46,-26,40
-46,-26,40
-46,-26,40
-46,-26,40
-46,-26,40
-46,-26,40
-46,-26,40
-46,-26,40
-46,-26,40
-46,-26,40
-46,-26,40
-46,-26,40
-46,-26,39
-46,-26,40
-46,-26,40
-46,-26,40
-46,-26,40
-46,-26,40
-46,-26,40
-46,-26,40
-46,-26,40
-46,-26,40
-46,-26,40
-46,-26,40
-46,-26,40
-46,-26,40
-46,-26,40
-46,-26,40
-46,-26,40
-46,-26,40
-45,-26,40
-45,-26,40
-46,-26,40
-46,-26,40
-46,-26,40
-46,-26,40
-46,-26,40
-46,-26,40
-46,-26,40
-46,-26,40
-46,-26,40
-46,-26,40
-46,-26,40
-46,-26,40
-46,-26,40
-46,-26,40
-46,-26,40
-46,-25,40
-46,-26,40
-46,-26,40
-46,-26,40
-45,-26,40
-46,-26,40
-46,-26,40
-46,-26,40
-46,-26,40
-46,-26,40
-46,-26,40
-46,-26,40
-46,-26,40
-46,-26,40
-46,-26,40
-46,-26,40
-46,-26,40
-46,-26,40
-46,-26,40
-46,-26,39
-46,-26,40
-46,-26,40
-46,-26,40
-46,-26,40
-46,-26,39
-46,-26,39
-46,-26,40
-46,-26,40
-46,-26,40
-46,-26,40
-46,-26,39
-46,-26,40
-46,-26,39
-46,-26,40
-46,-26,39
-46,-26,40
-46,-26,40
-46,-26,40
-46,-26,39
-46,-26,39
-46,-26,39
-46,-26,40
-46,-26,39
-46,-26,39
-46,-26,39
-46,-26,40
-46,-26,39
-46,-26,39
-46,-26,40
-46,-26,39
-46,-26,40
-46,-26,40
-46,-26,40
-46,-26,39
-46,-26,39
-46,-26,40
-46,-26,40
-46,-26,40
-46,-26,40
-46,-26,39
-46,-26,40
-46,-26,40
-46,-26,40
-46,-26,40
-46,-26,40
-46,-26,40
-46,-26,40
-46,-26,40
-46,-26,39
-46,-26,40
-46,-26,40
-46,-26,40
-46,-26,40
-46,-26,40
-46,-26,39
-46,-26,40
-45,-26,40
-44,-26,40
-45,-26,40
-44,-26,40
-47,-26,39
-48,-26,38
-48,-25,37
-49,-25,36
-49,-25,37
-49,-25,36
-48,-25,37
-48,-25,37
-49,-25,37
-48,-25,37
-48,-26,37
-48,-26,37
-48,-26,37
-48,-26,36
-48,-26,37
-48,-26,37
-48,-25,37
-49,-25,37
-48,-25,37
-48,-25,37
-48,-25,37
-48,-25,37
-48,-25,37
-48,-25,37
-48,-25,37
-48,-25,37
-48,-25,37
-48,-25,37
-48,-25,37
-48,-26,37
-48,-26,37
-48,-25,37
-48,-25,37
-48,-25,37
-48,-26,37
-47,-26,38
-47,-26,38
-47,-25,38
-47,-26,38
-47,-26,38
-47,-26,38
-47,-26,38
-47,-26,38
-47,-26,37
-47,-26,37
-47,-26,38
-47,-26,39
-47,-26,38
-47,-26,38
-47,-26,38
-46,-26,39
-47,-26,39
-47,-26,38
-47,-26,38
-46,-26,39
-46,-26,39
-46,-26,39
-47,-26,39
-47,-26,38
-47,-26,38
-47,-26,38
-47,-26,39
-46,-26,39
-46,-26,38
-47,-26,38
-47,-26,38
-47,-26,38
-47,-26,38
-47,-26,38
-48,-26,38
-47,-26,38
-47,-26,38
-47,-26,38
-47,-26,38
-48,-25,37
-49,-25,36
-48,-25,37
-48,-25,38
-47,-25,38
-48,-26,37
-49,-26,36
-48,-26,36
-48,-26,37
-47,-26,37
-47,-26,37
-48,-26,37
-48,-25,37
-48,-26,37
-48,-25,37
-48,-25,37
-48,-25,37
-48,-25,37
-48,-25,38
-48,-25,37
-47,-25,37
-48,-25,37
-48,-25,38
-48,-25,38
-48,-25,37
-48,-25,37
-48,-26,38
-48,-25,38
-48,-25,37
-48,-25,37
-48,-26,37
-48,-25,38
-48,-26,37
-48,-26,37
-48,-26,37
-48,-26,37
-48,-26,37
-48,-26,37
-48,-26,37
-48,-26,37
-48,-25,37
-48,-26,37
-48,-26,37
-48,-25,37
-47,-26,37
-48,-26,37
-48,-26,37
-48,-26,37
-48,-26,37
-48,-26,37
-48,-26,37
-48,-26,37
-48,-26,37
-48,-26,37
-48,-26,37
-48,-26,37
-48,-26,37
-48,-26,37
-48,-26,37
-48,-26,37
-48,-26,37
-48,-26,37
-48,-26,37
-48,-26,37
-48,-26,37
-48,-26,37
-48,-26,37
-48,-26,38
-47,-25,38
-48,-26,37
-48,-26,37
-48,-25,37
-47,-25,37
-48,-26,38
-48,-26,37
-48,-26,37
-47,-26,37
-48,-26,38
-48,-26,38
-48,-26,37
-47,-26,37
-47,-26,38
-48,-25,38
-48,-26,37
-48,-26,38
-47,-26,38
-47,-25,38
-48,-26,37
-48,-26,37
-47,-26,37
-48,-26,38
-48,-26,37
-48,-26,37
-47,-25,37
-48,-26,37
-48,-26,38
-48,-26,37
-48,-25,38
-48,-26,38
-48,-26,38
-48,-26,37
-48,-26,38
-48,-26,38
-48,-26,37
-48,-26,37
-48,-25,37
-47,-26,38
-47,-26,38
-48,-26,37
-47,-25,38
-47,-26,38
-48,-26,37
-48,-26,38
-48,-26,38
-47,-26,37
-48,-26,38
-48,-26,38
-47,-26,37
-47,-26,38
-48,-26,37
-48,-26,38
-47,-26,37
-48,-26,38
-47,-26,38
-48,-25,37
-48,-25,37
-48,-26,38
-48,-26,38
-47,-25,38
-47,-26,37
-48,-26,38
-47,-26,38
-47,-25,38
-48,-25,37
-50,-26,37
-47,-25,38
-45,-26,39
-45,-26,40
-46,-26,39
-48,-26,38
-47,-26,38
-46,-26,39
-46,-26,39
-47,-25,38
-47,-26,38
-47,-26,39
-47,-26,39
-47,-26,39
-47,-26,38
-47,-26,38
-47,-26,39
-47,-26,39
-47,-26,38
-47,-26,38
-47,-26,38
-47,-26,39
-47,-26,38
-47,-26,38
-47,-26,38
-47,-26,39
-47,-26,39
-47,-26,38
-47,-26,38
-47,-26,39
-47,-26,38
-47,-26,38
-47,-26,38
-47,-26,38
-47,-26,38
-47,-26,38
-47,-26,38
-47,-26,38
-47,-26,38
-47,-26,38
-47,-26,38
-48,-26,38
-47,-26,38
-47,-26,38
-47,-26,38
-47,-26,38
-47,-26,38
-47,-26,38
-47,-26,38
-47,-26,38
-47,-26,38
-47,-26,37
-47,-26,38
-47,-26,38
-47,-26,38
-47,-26,38
-47,-26,38
-47,-26,38
-47,-26,38
-47,-26,38
-47,-26,38
-47,-26,38
-47,-26,38
-47,-26,38
-47,-26,38
-47,-26,38
-47,-26,38
-47,-26,38
-47,-26,38
-47,-26,38
-47,-26,38
-47,-26,38
-47,-26,38
-47,-26,38
-47,-26,38
-47,-25,38
-47,-26,38
-47,-26,38
-47,-26,39
-47,-26,38
-47,-26,38
-47,-26,38
-47,-26,38
-47,-26,38
-47,-26,38
-47,-26,38
-47,-26,38
-47,-26,38
-47,-26,38
-47,-26,38
-47,-26,38
-47,-26,38
-47,-26,38
-47,-26,38
-47,-26,38
-47,-26,38
-47,-26,38
-47,-26,38
-47,-26,38
-47,-26,38
-47,-26,38
-47,-26,38
-47,-26,38
-47,-26,38
-47,-26,38
-47,-26,38
-47,-26,38
-47,-25,38
-47,-26,38
-47,-26,38
-47,-26,38
-47,-26,39
-47,-26,39
-47,-26,38
-47,-26,38
-47,-26,38
-47,-26,39
-47,-26,38
-47,-26,38
-47,-26,38
-47,-26,38
-47,-26,38
-47,-26,39
-47,-26,38
-47,-26,38
-47,-26,38
-47,-26,38
-47,-26,38
-47,-26,38
-47,-26,38
-47,-26,39
-47,-26,38
-47,-26,38
-47,-26,38
-47,-26,39
-47,-26,39
-47,-26,38
-47,-26,38
-47,-26,39
-47,-26,39
-47,-26,39
-47,-26,38
-47,-26,38
-47,-26,39
-47,-26,39
-47,-26,39
-47,-26,38
-47,-26,38
-47,-26,39
-47,-26,39
-47,-26,38
-47,-26,39
-47,-26,39
-47,-26,38
-47,-26,38
-47,-26,38
-47,-26,38
-47,-26,39
-47,-26,39
-47,-25,38
-47,-26,39
-47,-26,38
-47,-26,39
-47,-26,38
-47,-26,39
-47,-26,38
-47,-26,39
-47,-26,38
-47,-26,38
-47,-26,38
-47,-26,38
-47,-26,38
-47,-26,38
-47,-26,38
-47,-26,39
-47,-26,38
-47,-26,38
-47,-26,38
-47,-26,38
-47,-26,38
-47,-26,38
-47,-26,38
-47,-26,38
-47,-26,38
-47,-26,38
-47,-26,38
-47,-26,38
-47,-26,38
-47,-26,38
-47,-26,38
-47,-26,38
-47,-26,38
-47,-26,38
-47,-26,38
-47,-26,38
-47,-26,38
-47,-26,38
-47,-26,38
-47,-26,38
-47,-26,38
-47,-26,38
-47,-26,38
-47,-26,39
-47,-26,39
-47,-26,38
-47,-26,38
-47,-26,39
-47,-26,38
-47,-26,38
-47,-26,38
-47,-26,38
-46,-26,38
-47,-26,38
-47,-26,38
-47,-26,39
-47,-26,39
-47,-26,38
-47,-26,38
-47,-26,38
-47,-26,38
-47,-26,39
-47,-26,38
-47,-26,38
-47,-26,38
-47,-26,39
-47,-26,38
-47,-26,38
-47,-26,38
-47,-26,38
-47,-26,38
-47,-26,39
-47,-26,38
-47,-26,38
-47,-26,39
-48,-26,38
-47,-26,38
-47,-26,38
-47,-26,39
-47,-26,39
-47,-26,39
-47,-26,38
-47,-26,38
-47,-26,38
-47,-26,38
-47,-26,39
-47,-26,38
-47,-26,39
-47,-26,39
-47,-26,38
-47,-26,38
-47,-26,39
-47,-26,39
-47,-26,38
-47,-26,38
-47,-26,39
-47,-26,38
-47,-26,38
-47,-26,38
-47,-26,39
-46,-26,38
-47,-26,38
-47,-26,38
-47,-26,38
-47,-26,39
-47,-26,38
-47,-26,38
-47,-26,39
-47,-26,38
-47,-26,38
-47,-26,39
-47,-26,39
-46,-26,38
-47,-26,39
-47,-26,39
-47,-26,38
-47,-26,38
-47,-26,38
-47,-26,39
-47,-26,39
-47,-26,38
-47,-26,39
-47,-26,38
-47,-26,38
-47,-26,38
-47,-26,39
-47,-26,39
-47,-26,38
-47,-26,38
-47,-26,38
-46,-26,38
-47,-26,38
-47,-26,38
-47,-26,38
-47,-26,38
-47,-26,39
-47,-26,38
-46,-26,38
-47,-26,39
-47,-26,39
-47,-26,38
-47,-26,38
-47,-26,38
-46,-26,39
-47,-26,39
-47,-26,38
-47,-26,38
-47,-26,38
-46,-26,38
-47,-26,39
-47,-26,38
-47,-26,38
-47,-26,38
-47,-26,38
-47,-26,38
-47,-26,38
-46,-26,38
-47,-26,38
-47,-26,38
-47,-26,38
-47,-26,39
-47,-26,39
-47,-26,38
-46,-26,38
-47,-26,38
-47,-26,38
-47,-26,38
-47,-26,38
-47,-26,39
-47,-26,38
-47,-26,38
-47,-26,38
-47,-26,38
-47,-26,38
-47,-26,38
-47,-26,38
-47,-26,38
-47,-26,38
-47,-26,38
-47,-26,38
-47,-26,39
-47,-26,38
-47,-26,38
-47,-26,38
-47,-26,38
-47,-26,39
-47,-26,38
-47,-26,38
-47,-26,38
-47,-26,38
-47,-26,39
-47,-26,39
-47,-26,38
-47,-26,38
-47,-26,39
-47,-26,38
-47,-26,38
-47,-26,39
-47,-26,39
-46,-26,38
-46,-26,38
-47,-26,39
-47,-26,39
-47,-26,39
-47,-26,38
-47,-26,38
-47,-26,38
-46,-26,39
-47,-26,39
-47,-26,38
-47,-26,38
-47,-26,38
-47,-27,37
-47,-27,37
-53,-28,34
-55,-31,39
-43,-22,49
-37,-21,46
-52,-14,44
-45,-8,44
-42,-7,46
-34,-9,52
-28,-10,55
-21,-13,58
-18,-14,61
-18,-15,61
-19,-16,60
-22,-15,60
-24,-15,59
-24,-16,58
-24,-15,59
-24,-15,59
-23,-16,59
-22,-16,60
-22,-15,59
-23,-15,59
-22,-15,59
-23,-15,59
-23,-15,59
-23,-15,59
-23,-15,58
-25,-15,57
-27,-16,58
-31,-11,60
-33,-10,57
-35,-8,53
-34,-7,52
-36,-8,55
-38,-8,55
-35,-11,56
-34,-11,57
-32,-10,57
-31,-10,56
-32,-9,55
-32,-9,56
-34,-9,55
-33,-8,55
-33,-8,55
-32,-8,56
-33,-9,56
-33,-10,56
-32,-10,56
-32,-10,56
-32,-10,56
-33,-10,56
-33,-11,55
-33,-10,56
-32,-10,56
-33,-10,55
-33,-10,56
-33,-11,56
-33,-11,55
-33,-10,55
-33,-10,56
-34,-10,56
-33,-10,55
-32,-10,55
-32,-10,56
-33,-10,56
-34,-10,55
-33,-10,56
-33,-10,55
-33,-10,55
-33,-10,56
-33,-10,56
-33,-10,56
-33,-10,56
-33,-10,55
-33,-10,55
-33,-9,55
-33,-10,56
-32,-9,56
-30,-9,56
-28,-9,55
-31,-10,56
-33,-8,55
-34,-9,52
-40,-18,46
-48,-20,48
-47,-18,48
-43,-17,46
-39,-19,40
-43,-21,41
-47,-22,43
-48,-22,42
-53,-24,36
-53,-25,35
-59,-24,31
-57,-24,31
-44,-20,30
-55,-18,21
-61,-17,14
-70,-12,1
-69,-10,2
-60,-9,6
-56,-11,5
-66,-12,-2
-67,-12,-2
-63,-13,-3
-62,-14,-5
-62,-17,-1
-69,-14,-6
-62,-15,-6
-65,-13,-8
-65,-12,-10
-63,-12,-8
-64,-12,-7
-60,-16,-3
-61,-15,-4
-64,-14,-6
-66,-13,-8
-64,-12,-8
-63,-11,-9
-67,-12,-10
-63,-12,-5
-64,-13,-4
-62,-13,-3
-63,-13,-1
-63,-13,-3
-61,-12,-2
-63,-12,-3
-64,-11,-5
-64,-10,-8
-64,-9,-9
-66,-10,-10
-65,-10,-9
-63,-10,-5
-63,-9,-4
-63,-10,-5
-63,-8,-8
-63,-8,-11
-65,-8,-15
-64,-7,-15
-65,-6,-13
-64,-7,-11
-62,-8,-12
-62,-8,-14
-62,-8,-13
-63,-8,-14
-64,-8,-14
-64,-8,-13
-63,-8,-13
-63,-8,-12
-61,-8,-12
-62,-8,-13
-62,-8,-13
-66,-7,-15
-66,-7,-14
-62,-6,-14
-64,-6,-15
-65,-6,-13
-60,-7,-13
-60,-8,-10
-61,-9,-9
-63,-9,-8
-63,-11,-5
-64,-11,-6
-61,-10,-4
-59,-11,-6
-65,-11,-15
-63,-12,-12
-64,-12,-13
-65,-10,-15
-65,-11,-14
-66,-11,-18
-64,-10,-20
-65,-9,-19
-64,-11,-15
-62,-15,-10
-60,-13,-10
-60,-12,-14
-60,-11,-13
-64,-12,-14
-65,-13,-14
-64,-12,-11
-62,-12,-9
-63,-13,-11
-63,-13,-10
-62,-13,-9
-62,-13,-6
-62,-13,-7
-64,-13,-8
-64,-13,-8
-62,-13,-7
-62,-14,-7
-63,-13,-8
-63,-13,-8
-64,-13,-8
-63,-13,-8
-63,-13,-8
-63,-13,-8
-63,-13,-9
-64,-13,-9
-63,-13,-8
-63,-13,-9
-63,-13,-8
-64,-13,-8
-63,-14,-8
-62,-14,-8
-64,-12,-10
-64,-11,-11
-62,-11,-10
-62,-11,-9
-63,-11,-9
-64,-11,-12
-64,-10,-12
-64,-9,-12
-63,-10,-12
-62,-9,-13
-62,-8,-15
-63,-7,-16
-62,-7,-16
-63,-7,-16
-62,-7,-16
-63,-7,-15
-62,-7,-16
-61,-7,-16
-63,-7,-15
-65,-7,-15
-62,-9,-13
-63,-8,-14
-63,-8,-14
-62,-8,-14
-63,-8,-14
-64,-8,-14
-64,-8,-14
-63,-8,-14
-63,-7,-14
-62,-7,-13
-62,-8,-12
-62,-8,-13
-63,-8,-14
-63,-8,-14
-59,-8,-11
-59,-9,-11
-61,-10,-12
-65,-10,-15
-66,-11,-17
-66,-11,-19
-60,-12,-19
-59,-13,-20
-61,-13,-16
-61,-14,-15
-61,-14,-17
-63,-12,-16
-64,-13,-17
-62,-11,-19
-61,-10,-18
-64,-9,-22
-63,-10,-20
-62,-9,-19
-61,-8,-19
-61,-8,-20
-60,-7,-20
-61,-5,-22
-61,-5,-21
-61,-5,-19
-61,-5,-19
-63,-4,-18
-63,-6,-14
-61,-7,-12
-67,-11,-9
-67,-9,-11
-62,-8,-12
-61,-9,-12
-66,-9,-15
-64,-10,-15
-65,-9,-16
-65,-6,-15
-64,-6,-15
-65,-6,-13
-64,-5,-11
-66,-3,-11
-66,-3,-12
-62,-5,-9
-55,-4,-8
-60,0,-10
-62,2,-9
-60,2,-4
-61,1,-3
-63,1,-3
-63,1,-4
-63,-2,-9
-64,-3,-10
-62,-4,-11
-59,-4,-14
-61,-4,-15
-64,-4,-15
-64,-4,-15
-64,-4,-15
-64,-4,-15
-64,-4,-16
-61,-6,-16
-62,-7,-20
-63,-7,-21
-61,-9,-23
-60,-11,-21
-60,-12,-21
-61,-12,-23
-61,-12,-22
-60,-13,-22
-58,-14,-22
-56,-15,-24
-57,-15,-25
-58,-14,-29
-59,-14,-30
-58,-16,-26
-57,-17,-27
-58,-15,-28
-57,-16,-28
-56,-16,-27
-56,-16,-28
-56,-16,-28
-57,-16,-28
-57,-15,-29
-56,-15,-29
-56,-15,-28
-56,-15,-29
-56,-15,-29
-56,-14,-29
-56,-14,-29
-56,-14,-28
-56,-14,-30
-57,-14,-30
-56,-14,-29
-56,-14,-29
-56,-14,-29
-56,-14,-29
-56,-14,-29
-56,-14,-28
-56,-14,-29
-56,-14,-29
-56,-14,-29
-56,-14,-29
-57,-14,-28
-56,-13,-28
-56,-14,-27
-56,-14,-28
-57,-14,-28
-56,-14,-28
-56,-14,-28
-56,-14,-28
-56,-14,-29
-57,-14,-29
-57,-14,-29
-56,-14,-28
-56,-14,-28
-56,-13,-29
-56,-13,-29
-56,-14,-29
-56,-13,-29
-56,-13,-29
-56,-13,-29
-56,-13,-29
-56,-13,-29
-56,-13,-28
-56,-13,-29
-56,-13,-29
-56,-13,-29
-56,-13,-29
-56,-13,-29
-56,-13,-29
-56,-13,-29
-56,-13,-29
-56,-13,-29
-56,-13,-29
-56,-13,-29
-56,-13,-28
-56,-13,-29
-56,-13,-29
-57,-13,-29
-56,-13,-29
-56,-13,-29
-56,-13,-29
-56,-13,-29
-56,-13,-29
-57,-13,-29
-56,-13,-29
-56,-14,-28
-56,-13,-29
-56,-13,-29
-56,-13,-29
-56,-14,-29
-56,-13,-29
-57,-13,-29
-56,-13,-29
-56,-13,-28
-56,-13,-29
-56,-13,-29
-56,-13,-29
-56,-13,-29
-56,-13,-29
-56,-13,-29
-56,-13,-29
-56,-13,-29
-56,-13,-29
-56,-13,-29
-56,-13,-29
-56,-13,-29
-56,-13,-29
-56,-13,-29
-56,-13,-29
-56,-13,-29
-56,-13,-29
-56,-13,-29
-56,-13,-29
-56,-13,-29
-57,-13,-29
-57,-13,-29
-57,-13,-29
-56,-13,-28
-56,-13,-28
-57,-13,-29
-57,-13,-29
-57,-13,-28
-56,-13,-28
-56,-12,-28
-57,-13,-28
-57,-13,-28
-57,-13,-28
-57,-13,-29
-56,-13,-29
-56,-13,-28
-57,-13,-28
-57,-13,-28
-57,-13,-29
-56,-13,-28
-56,-13,-28
-56,-13,-28
-57,-13,-28
-56,-13,-29
-56,-14,-29
-56,-14,-29
-56,-14,-29
-56,-14,-29
-56,-14,-29
-56,-14,-29
-57,-14,-29
-56,-14,-29
-56,-14,-29
-56,-14,-29
-56,-14,-29
-56,-14,-29
-56,-14,-29
-56,-14,-29
-56,-14,-29
-56,-14,-29
-56,-14,-29
-56,-14,-29
-56,-14,-29
-56,-14,-29
-56,-14,-29
-55,-14,-29
-56,-14,-29
-56,-14,-29
-56,-14,-29
-56,-13,-29
-56,-13,-29
-56,-14,-29
-56,-13,-29
-56,-13,-29
-56,-13,-29
-56,-13,-29
-56,-13,-29
-56,-13,-29
-56,-13,-29
-56,-13,-29
-56,-13,-29
-56,-13,-29
-56,-13,-29
-56,-13,-29
-56,-13,-29
-56,-13,-29
-56,-13,-29
-56,-13,-29
-56,-13,-29
-56,-13,-28
-56,-13,-29
-56,-13,-29
-57,-13,-29
-57,-13,-29
-56,-13,-28
-56,-13,-29
-56,-13,-29
-57,-13,-29
-57,-13,-29
-56,-13,-29
-56,-13,-29
-56,-13,-29
-56,-13,-28
-56,-13,-28
-57,-13,-29
-56,-13,-28
-56,-13,-28
-56,-13,-28
-56,-13,-28
-56,-13,-28
-57,-13,-28
-56,-13,-28
-56,-13,-28
-56,-13,-28
-56,-13,-29
-56,-13,-29
-56,-14,-29
-56,-14,-29
-56,-14,-29
-56,-14,-29
-56,-14,-29
-56,-14,-29
-56,-14,-29
-56,-14,-29
-56,-14,-29
-56,-14,-29
-56,-14,-29
-56,-14,-29
-56,-14,-29
-56,-14,-30
-56,-14,-29
-56,-14,-29
-56,-14,-29
-56,-14,-29
-56,-14,-29
-56,-14,-29
-56,-14,-29
-56,-14,-29
-56,-14,-29
-56,-14,-29
-56,-14,-29
-56,-14,-29
-56,-13,-29
-56,-14,-29
-56,-14,-29
-56,-14,-29
-56,-14,-29
-56,-14,-29
-56,-14,-29
-56,-14,-29
-56,-14,-29
-56,-14,-29
-56,-14,-29
-56,-14,-29
-56,-14,-29
-56,-14,-29
-56,-14,-29
-56,-14,-29
-56,-14,-29
-56,-14,-29
-56,-14,-29
-56,-14,-29
-56,-14,-29
-56,-14,-29
-56,-14,-30
-56,-14,-29
-56,-14,-29
-56,-14,-29
-56,-14,-29
-56,-14,-30
-56,-14,-29
-55,-14,-29
-56,-14,-29
-56,-14,-30
-56,-14,-29
-56,-14,-30
-56,-14,-29
-56,-14,-29
-56,-14,-29
-56,-14,-29
-56,-14,-29
-56,-14,-29
-56,-14,-30
-56,-14,-30
-55,-14,-29
-56,-14,-29
-56,-14,-30
-56,-14,-30
-56,-14,-29
-56,-14,-29
-56,-14,-30
-56,-14,-29
-55,-14,-29
-56,-14,-30
-56,-14,-29
-56,-14,-30
-56,-14,-29
-56,-14,-29
-56,-14,-29
-56,-14,-29
-56,-14,-29
-56,-14,-29
-56,-14,-29
-56,-14,-29
-56,-14,-29
-56,-14,-29
-56,-14,-29
-56,-14,-30
-56,-14,-29
-56,-14,-29
-56,-14,-30
-56,-14,-29
-56,-14,-29
-56,-14,-29
-56,-14,-29
-56,-14,-29
-56,-14,-29
-56,-14,-29
-56,-14,-29
-56,-14,-29
-56,-14,-29
-56,-14,-29
-56,-14,-29
-56,-14,-29
-56,-14,-29
-56,-14,-30
-56,-14,-29
-56,-14,-30
-56,-14,-30
-56,-14,-29
-56,-14,-30
-56,-14,-30
-56,-14,-29
-56,-14,-29
-56,-14,-30
-56,-14,-30
-56,-14,-29
-56,-14,-29
-56,-14,-29
-56,-14,-29
-56,-14,-29
-56,-14,-29
-56,-14,-29
-56,-14,-29
-56,-14,-29
-56,-13,-29
-56,-13,-29
-56,-13,-29
-56,-13,-29
-56,-13,-29
-56,-13,-29
-56,-13,-29
-56,-13,-29
-56,-13,-29
-56,-13,-29
-56,-13,-29
-56,-13,-29
-56,-13,-29
-57,-13,-29
-56,-13,-29
-56,-13,-29
-56,-13,-29
-56,-13,-29
-56,-13,-29
-57,-13,-28
-56,-13,-29
-56,-13,-29
-57,-13,-29
-56,-13,-28
-56,-13,-28
-56,-13,-28
-56,-13,-28
-56,-13,-29
-57,-13,-29
-57,-14,-28
-56,-13,-28
-56,-14,-28
-56,-14,-29
-56,-14,-29
-56,-14,-29
-56,-14,-29
-56,-14,-30
-56,-14,-29
-56,-14,-29
-56,-14,-29
-56,-14,-29
-56,-14,-29
-56,-14,-30
-56,-14,-30
-56,-14,-30
-56,-14,-29
-55,-14,-29
-56,-14,-30
-56,-14,-30
-56,-14,-30
-56,-14,-29
-55,-14,-29
-56,-14,-29
-56,-14,-30
-56,-14,-30
-56,-14,-29
-55,-14,-30
-56,-14,-29
-56,-14,-30
-56,-14,-30
-56,-14,-30
-56,-14,-30
-56,-14,-30
-56,-13,-30
-56,-14,-30
-56,-14,-29
-56,-14,-30
-56,-14,-29
-55,-14,-29
-56,-14,-30
-56,-14,-30
-56,-14,-30
-55,-14,-30
-55,-14,-30
-55,-14,-31
-56,-14,-32
-55,-14,-30
-55,-14,-30
-54,-14,-30
-55,-14,-31
-56,-13,-32
-56,-14,-32
-55,-14,-30
-55,-14,-31
-55,-14,-31
-55,-14,-30
-55,-14,-30
-55,-14,-29
-56,-13,-31
-55,-14,-29
-54,-14,-28
-55,-13,-30
-55,-13,-31
-56,-14,-30
-56,-14,-30
-55,-13,-30
-55,-13,-29
-56,-13,-31
-56,-13,-31
-55,-13,-30
-55,-13,-30
-55,-13,-30
-55,-12,-32
-55,-12,-33
-55,-12,-32
-55,-12,-33
-54,-12,-32
-55,-12,-32
-55,-12,-32
-55,-12,-32
-54,-12,-31
-54,-12,-31
-55,-12,-32
-55,-12,-32
-55,-12,-32
-55,-13,-32
-54,-13,-31
-55,-14,-31
-56,-14,-31
-55,-14,-30
-54,-14,-30
-54,-13,-30
-55,-13,-31
-55,-13,-31
-56,-13,-31
-55,-13,-30
-55,-13,-31
-55,-13,-31
-54,-14,-31
-55,-13,-32
-55,-14,-31
-57,-15,-27
-52,-14,-29
-53,-13,-33
-56,-12,-35
-55,-12,-34
-53,-12,-33
-55,-13,-34
-54,-13,-33
-54,-13,-32
-53,-14,-32
-55,-13,-34
-54,-13,-33
-54,-12,-32
-53,-12,-32
-54,-12,-33
-54,-12,-33
-54,-13,-33
-55,-13,-33
-54,-13,-32
-54,-13,-32
-54,-13,-32
-54,-13,-32
-55,-13,-32
-54,-13,-32
-54,-13,-32
-54,-13,-32
-54,-13,-32
-55,-13,-32
-54,-14,-32
-54,-13,-32
-54,-14,-32
-54,-14,-33
-54,-14,-33
-54,-13,-32
-54,-13,-33
-54,-13,-32
-54,-13,-32
-54,-13,-32
-54,-13,-32
-54,-13,-32
-54,-13,-32
-54,-13,-32
-54,-13,-32
-54,-13,-32
-54,-13,-32
-54,-13,-33
-54,-13,-32
-54,-14,-34
-54,-15,-30
-54,-15,-27
-54,-16,-30
-55,-15,-33
-54,-14,-35
-54,-14,-35
-54,-14,-34
-53,-15,-31
-53,-14,-31
-53,-14,-33
-53,-14,-33
-54,-14,-34
-54,-14,-34
-53,-14,-33
-53,-14,-33
-53,-14,-34
-53,-15,-34
-53,-15,-34
-53,-14,-34
-53,-14,-33
-53,-14,-34
-53,-14,-34
-52,-14,-34
-52,-14,-34
-53,-14,-35
-52,-15,-34
-53,-14,-34
-52,-14,-34
-52,-14,-34
-53,-15,-34
-53,-14,-34
-53,-15,-34
-53,-15,-34
-52,-15,-34
-52,-15,-34
-52,-15,-34
-53,-14,-34
-53,-14,-34
-53,-14,-34
-53,-15,-34
-52,-14,-34
-53,-14,-34
-53,-14,-34
-52,-14,-34
-53,-14,-34
-53,-14,-34
-52,-14,-34
-53,-14,-34
-53,-14,-34
-53,-14,-34
-53,-14,-34
-53,-14,-34
-53,-13,-34
-54,-13,-35
-54,-13,-34
-52,-13,-33
-52,-13,-33
-53,-13,-34
-54,-13,-34
-53,-13,-34
-53,-13,-34
-53,-13,-34
-53,-13,-34
-53,-13,-34
-53,-13,-34
-53,-13,-34
-53,-13,-33
-53,-13,-33
-54,-13,-34
-54,-13,-34
-54,-13,-34
-53,-13,-33
-53,-12,-34
-54,-13,-34
-54,-12,-33
-53,-12,-33
-54,-12,-33
-53,-12,-34
-53,-12,-35
-54,-12,-34
-53,-12,-34
-54,-12,-34
-54,-13,-34
-52,-12,-35
-54,-12,-34
-54,-13,-34
-55,-14,-32
-55,-15,-29
-54,-14,-29
-54,-15,-30
-56,-15,-30
-56,-15,-31
-56,-13,-30
-55,-14,-30
-55,-14,-29
-56,-14,-29
-57,-13,-31
-57,-14,-30
-56,-15,-26
-57,-15,-27
-57,-13,-29
-57,-14,-28
-56,-14,-26
-57,-14,-27
-57,-14,-27
-58,-15,-25
-56,-16,-24
-58,-15,-26
-57,-15,-26
-58,-14,-27
-57,-14,-27
-58,-14,-27
-57,-14,-27
-58,-14,-27
-58,-14,-28
-58,-15,-25
-58,-16,-21
-58,-16,-23
-57,-15,-26
-57,-14,-28
-57,-14,-27
-56,-13,-26
-57,-12,-28
-57,-11,-28
-57,-10,-29
-56,-10,-28
-56,-9,-30
-57,-9,-30
-57,-9,-30
-57,-9,-31
-57,-9,-32
-57,-9,-29
-58,-9,-29
-56,-9,-31
-56,-9,-34
-53,-10,-25
-58,-9,-27
-58,-8,-28
-56,-8,-27
-56,-8,-27
-57,-8,-28
-58,-8,-29
-58,-8,-29
-57,-9,-29
-56,-9,-29
-56,-10,-29
-57,-10,-30
-57,-10,-30
-57,-10,-30
-57,-10,-29
-56,-10,-29
-56,-10,-30
-56,-10,-30
-56,-10,-30
-57,-10,-30
-56,-10,-30
-56,-10,-30
-56,-10,-30
-56,-10,-30
-56,-10,-30
-57,-10,-31
-56,-10,-30
-56,-10,-30
-56,-10,-30
-56,-10,-30
-57,-10,-30
-56,-10,-31
-56,-11,-29
-57,-9,-31
-56,-9,-34
-55,-11,-27
-58,-11,-27
-58,-10,-30
-56,-10,-29
-56,-10,-28
-57,-10,-29
-57,-10,-29
-57,-10,-29
-56,-10,-29
-56,-10,-30
-57,-10,-29
-57,-10,-30
-57,-10,-29
-57,-10,-29
-56,-10,-29
-56,-10,-29
-57,-10,-29
-57,-10,-29
-57,-11,-30
-56,-11,-29
-56,-10,-29
-56,-11,-30
-56,-11,-30
-56,-11,-29
-56,-11,-30
-56,-11,-30
-56,-11,-29
-57,-11,-29
-56,-11,-30
-56,-11,-30
-56,-11,-29
-56,-11,-28
-57,-11,-30
-56,-11,-30
-56,-12,-29
-56,-11,-30
-56,-12,-30
-57,-11,-30
-56,-11,-31
-56,-12,-27
-57,-11,-28
-56,-11,-29
-56,-11,-29
-56,-11,-29
-57,-11,-29
-57,-10,-29
-57,-11,-29
-57,-10,-29
-56,-11,-29
-56,-11,-29
-57,-10,-29
-57,-10,-29
-56,-10,-29
-57,-11,-29
-57,-10,-29
-56,-10,-29
-56,-11,-29
-56,-11,-29
-56,-11,-29
-56,-11,-29
-56,-11,-29
-57,-11,-30
-57,-11,-30
-56,-11,-31
-56,-11,-30
-56,-11,-30
-56,-12,-30
-56,-12,-30
-56,-12,-31
-57,-11,-30
-56,-11,-30
-56,-11,-30
-56,-11,-30
-56,-10,-31
-55,-10,-31
-56,-10,-30
-56,-10,-29
-56,-10,-29
-57,-9,-31
-56,-9,-30
-56,-9,-30
-56,-9,-30
-56,-9,-30
-56,-9,-30
-56,-9,-30
-56,-9,-30
-56,-9,-30
-56,-9,-30
-56,-9,-30
-56,-9,-30
-56,-9,-30
-56,-9,-30
-56,-9,-30
-56,-9,-30
-56,-9,-30
-56,-9,-31
-56,-9,-31
-56,-10,-31
-55,-10,-30
-56,-10,-31
-56,-10,-32
-56,-10,-31
-56,-10,-31
-57,-10,-32
-56,-9,-31
-57,-9,-29
-57,-9,-31
-58,-8,-30
-57,-8,-28
-56,-8,-29
-57,-7,-30
-57,-7,-29
-59,-8,-25
-57,-7,-23
-58,-6,-21
-62,-11,-22
-63,-12,-22
-62,-12,-21
-60,-12,-21
-57,-11,-21
-58,-10,-22
-61,-10,-23
-61,-10,-21
-61,-9,-22
-61,-9,-25
-56,-9,-23
-59,-9,-25
-60,-11,-23
-61,-13,-22
-61,-12,-21
-59,-9,-21
-60,-9,-21
-61,-8,-25
-61,-7,-25
-59,-9,-21
-59,-10,-19
-61,-10,-20
-61,-10,-22
-59,-11,-18
-60,-10,-20
-61,-8,-22
-62,-8,-21
-62,-8,-22
-59,-9,-21
-58,-9,-21
-60,-9,-21
-61,-9,-22
-62,-8,-23
-62,-8,-21
-60,-9,-21
-61,-8,-22
-61,-7,-22
-60,-9,-19
-60,-9,-19
-60,-8,-21
-61,-8,-20
-62,-8,-20
-61,-8,-20
-61,-8,-21
-61,-8,-21
-61,-8,-20
-60,-8,-20
-61,-8,-21
-61,-8,-20
-61,-8,-20
-61,-8,-21
-61,-8,-20
-61,-9,-20
-60,-9,-19
-62,-8,-20
-62,-9,-19
-61,-9,-18
-62,-9,-19
-62,-10,-19
-61,-9,-19
-61,-9,-19
-62,-9,-19
-62,-9,-19
-62,-9,-17
-62,-10,-17
-60,-10,-16
-62,-10,-17
-61,-10,-17
-61,-10,-16
-62,-10,-18
-64,-9,-21
-61,-9,-19
-61,-9,-18
-60,-9,-16
-63,-9,-19
-62,-9,-18
-61,-9,-18
-61,-9,-18
-61,-9,-18
-62,-10,-18
-61,-10,-18
-62,-10,-18
-62,-10,-18
-62,-9,-18
-61,-9,-18
-61,-9,-18
-62,-10,-18
-62,-9,-18
-62,-9,-18
-62,-9,-18
-62,-9,-18
-61,-9,-18
-61,-9,-18
-63,-9,-18
-62,-9,-18
-61,-9,-18
-61,-9,-18
-62,-9,-19
-62,-9,-18
-61,-9,-17
-62,-9,-18
-61,-9,-17
-62,-9,-18
-62,-9,-18
-62,-9,-18
-62,-8,-18
-61,-9,-17
-62,-10,-17
-61,-10,-16
-61,-10,-17
-63,-10,-17
-62,-9,-18
-62,-10,-15
-60,-12,-14
-62,-10,-19
-62,-10,-18
-61,-9,-19
-60,-8,-19
-61,-8,-19
-61,-9,-18
-62,-9,-19
-62,-8,-21
-62,-8,-21
-60,-7,-20
-62,-6,-21
-62,-7,-21
-60,-8,-19
-61,-8,-20
-63,-7,-21
-63,-7,-20
-59,-8,-18
-58,-9,-14
-62,-8,-18
-62,-7,-17
-62,-9,-16
-62,-9,-17
-62,-9,-17
-63,-8,-18
-61,-8,-19
-61,-8,-18
-62,-8,-18
-62,-8,-18
-62,-8,-18
-61,-8,-18
-61,-8,-18
-63,-8,-19
-63,-8,-19
-62,-8,-18
-62,-8,-18
-61,-8,-18
-61,-9,-17
-63,-8,-19
-62,-8,-18
-62,-10,-15
-62,-10,-16
-63,-10,-16
-64,-8,-17
-63,-8,-17
-61,-9,-15
-60,-10,-12
-61,-10,-13
-61,-10,-14
-64,-10,-16
-63,-12,-11
-63,-13,-14
-63,-12,-14
-62,-12,-14
-63,-11,-15
-62,-11,-15
-62,-12,-14
-63,-11,-15
-61,-11,-14
-62,-11,-14
-62,-12,-14
-62,-12,-14
-63,-12,-15
-62,-11,-14
-62,-12,-14
-63,-12,-14
-62,-11,-14
-62,-11,-15
-62,-11,-14
-63,-11,-15
-62,-11,-14
-61,-12,-12
-62,-12,-13
-64,-12,-14
-64,-12,-14
-62,-11,-13
-62,-11,-14
-63,-11,-13
-63,-11,-9
-61,-14,-9
-61,-13,-11
-60,-12,-11
-62,-9,-17
-63,-8,-20
-63,-8,-20
-62,-8,-20
-63,-8,-20
-62,-10,-20
-61,-10,-19
-61,-10,-20
-62,-9,-20
-61,-9,-19
-61,-9,-19
-60,-9,-19
-61,-9,-18
-60,-9,-18
-61,-9,-19
-61,-10,-20
-60,-10,-20
-61,-10,-22
-60,-10,-23
-60,-10,-23
-61,-11,-22
-61,-11,-22
-59,-13,-20
-61,-11,-22
-62,-10,-23
-61,-10,-22
-59,-8,-21
-60,-7,-19
-61,-6,-21
-62,-5,-22
-62,-4,-24
-61,-4,-22
-59,-6,-23
-62,-8,-19
-61,-9,-15
-60,-9,-19
-61,-9,-20
-60,-9,-20
-60,-9,-21
-58,-9,-19
-59,-9,-19
-62,-11,-19
-61,-12,-20
-62,-12,-24
-61,-12,-22
-59,-13,-19
-58,-13,-20
-61,-14,-23
-60,-14,-23
-60,-15,-23
-58,-15,-22
-59,-14,-23
-59,-13,-24
-59,-13,-24
-59,-13,-24
-59,-14,-24
-58,-13,-24
-58,-13,-23
-59,-13,-23
-59,-12,-23
-59,-11,-23
-59,-11,-23
-59,-12,-24
-58,-12,-26
-57,-13,-26
-57,-13,-27
-57,-13,-28
-58,-12,-27
-57,-13,-27
-58,-12,-26
-58,-12,-27
-58,-12,-27
-58,-12,-27
-58,-12,-27
-57,-12,-27
-58,-12,-27
-58,-12,-26
-58,-13,-26
-58,-13,-27
-58,-13,-26
-57,-13,-27
-57,-13,-26
-58,-13,-27
-58,-13,-26
-58,-13,-26
-58,-13,-26
-58,-12,-26
-58,-12,-26
-58,-12,-25
-57,-11,-25
-58,-11,-25
-58,-11,-26
-59,-11,-26
-58,-11,-25
-58,-11,-25
-58,-11,-26
-58,-11,-26
-59,-12,-26
-58,-12,-26
-58,-11,-26
-58,-11,-26
-58,-11,-26
-58,-11,-26
-58,-11,-26
-58,-11,-26
-58,-11,-26
-58,-11,-26
-58,-11,-26
-58,-11,-26
-58,-11,-26
-58,-11,-26
-58,-11,-26
-58,-11,-26
-58,-11,-26
-59,-11,-26
-58,-10,-25
-58,-10,-26
-59,-11,-26
-58,-11,-25
-58,-11,-26
-58,-11,-26
-58,-11,-25
-59,-11,-26
-58,-11,-25
-58,-11,-26
-58,-10,-25
-58,-10,-25
-58,-11,-25
-58,-11,-25
-58,-11,-25
-58,-11,-25
-58,-10,-26
-58,-10,-25
-58,-10,-25
-59,-10,-26
-58,-10,-26
-58,-10,-25
-58,-10,-26
-59,-10,-26
-58,-10,-25
-58,-10,-25
-58,-10,-26
-59,-10,-26
-59,-10,-26
-58,-10,-25
-58,-10,-25
-58,-10,-26
-59,-10,-26
-59,-10,-26
-59,-10,-25
-58,-10,-25
-58,-10,-25
-58,-10,-25
-59,-10,-26
-59,-10,-25
-59,-10,-25
-58,-10,-25
-59,-10,-25
-58,-10,-26
-58,-10,-26
-59,-10,-25
-59,-10,-26
-59,-10,-26
-58,-10,-25
-58,-10,-25
-59,-10,-26
-59,-10,-25
-59,-11,-25
-59,-10,-25
-58,-10,-25
-58,-10,-25
-59,-10,-26
-59,-10,-25
-59,-11,-25
-59,-10,-25
-58,-10,-25
-58,-10,-25
-58,-10,-25
-59,-11,-25
-59,-11,-25
-58,-11,-25
-58,-11,-25
-58,-11,-25
-58,-11,-26
-58,-11,-25
-59,-11,-25
-59,-11,-25
-58,-11,-26
-58,-11,-25
-58,-11,-25
-59,-11,-26
-58,-11,-25
-58,-12,-25
-58,-11,-25
-58,-11,-25
-58,-11,-25
-59,-11,-25
-59,-11,-25
-58,-11,-25
-58,-11,-25
-58,-11,-25
-58,-11,-25
-58,-12,-25
-58,-11,-25
-58,-11,-25
-58,-12,-25
-58,-11,-24
-59,-11,-25
-59,-11,-25
-58,-12,-25
-58,-12,-25
-58,-12,-25
-58,-12,-25
-58,-12,-25
-58,-12,-25
-58,-12,-25
-58,-12,-25
-59,-12,-25
-58,-12,-25
-58,-12,-25
-58,-12,-25
-58,-12,-25
-58,-12,-25
-58,-12,-25
-58,-12,-25
-58,-12,-25
-58,-12,-25
-58,-12,-25
-58,-12,-25
-58,-12,-25
-58,-12,-25
-58,-12,-25
-58,-13,-25
-58,-13,-25
-58,-12,-26
-58,-12,-26
-58,-13,-25
-58,-13,-25
-59,-13,-24
-58,-13,-25
-58,-13,-25
-58,-13,-26
-58,-13,-25
-58,-12,-25
-58,-12,-25
-58,-12,-26
-58,-12,-25
-59,-12,-25
-58,-12,-25
-58,-12,-25
-58,-12,-25
-58,-11,-25
-58,-11,-25
-58,-12,-25
-58,-12,-25
-58,-12,-25
-58,-11,-25
-58,-12,-26
-58,-12,-25
-58,-12,-25
-58,-12,-26
-58,-12,-25
-57,-12,-24
-58,-12,-25
-59,-12,-27
-59,-12,-26
-57,-12,-25
-57,-12,-27
-58,-12,-27
-57,-12,-29
-57,-12,-29
-58,-11,-29
-57,-11,-28
-56,-11,-28
-56,-11,-28
-58,-11,-30
-58,-11,-29
-57,-10,-30
-56,-10,-28
-58,-11,-28
-59,-11,-29
-58,-10,-27
-57,-11,-25
-56,-11,-24
-57,-13,-26
-59,-11,-27
-58,-12,-28
-58,-12,-27
-57,-12,-25
-57,-12,-25
-58,-11,-25
-58,-11,-26
-59,-11,-26
-58,-12,-24
-58,-12,-24
-58,-12,-25
-58,-12,-27
-58,-12,-27
-57,-12,-26
-57,-13,-26
-57,-13,-26
-57,-13,-26
-56,-12,-25
-57,-11,-28
-57,-11,-30
-57,-11,-30
-55,-11,-30
-56,-10,-31
-55,-11,-31
-55,-11,-31
-56,-11,-32
-55,-11,-33
-55,-10,-34
-55,-9,-35
-54,-8,-37
-54,-7,-36
-54,-5,-35
-54,-4,-34
-54,-3,-33
-54,-2,-33
-55,-2,-33
-55,-2,-34
-55,-1,-33
-54,0,-34
-54,0,-34
-54,2,-34
-54,2,-34
-53,3,-34
-53,3,-34
-54,2,-36
-54,1,-36
-53,0,-36
-54,0,-36
-54,0,-36
-54,1,-34
-54,1,-34
-54,2,-35
-54,2,-35
-54,2,-35
-54,2,-34
-54,2,-34
-54,2,-34
-55,2,-34
-55,2,-34
-55,2,-34
-55,2,-34
-55,2,-34
-55,2,-34
-54,2,-34
-54,3,-34
-54,3,-35
-54,3,-35
-55,3,-34
-56,3,-33
-56,2,-32
-55,2,-32
-56,2,-31
-56,2,-31
-57,2,-31
-56,2,-30
-56,3,-31
-55,3,-32
-56,3,-32
-56,3,-32
-56,3,-31
-56,2,-32
-56,1,-32
-56,0,-32
-56,0,-32
-56,0,-31
-56,1,-31
-56,1,-31
-56,0,-31
-56,0,-31
-56,0,-31
-56,0,-31
-56,0,-32
-56,0,-32
-56,0,-32
-56,1,-32
-56,1,-32
-56,0,-32
-56,1,-32
-56,0,-31
-56,0,-31
-56,0,-32
-56,0,-32
-56,0,-32
-55,1,-32
-55,1,-31
-55,1,-32
-56,1,-35
-56,0,-34
-56,-1,-33
-55,-1,-33
-56,-1,-33
-55,-1,-32
-55,0,-33
-55,0,-33
-56,0,-32
-56,0,-32
-56,0,-32
-56,0,-32
-56,0,-32
-56,0,-32
-56,1,-32
-55,1,-32
-55,1,-32
-56,1,-32
-56,1,-32
-56,1,-32
-57,1,-31
-56,1,-31
-56,2,-30
-56,2,-31
-56,2,-31
-56,2,-31
-56,1,-31
-56,1,-31
-56,1,-31
-57,2,-31
-58,1,-31
-58,0,-30
-58,-1,-30
-57,-1,-29
-57,-1,-29
-57,-1,-29
-58,0,-29
-58,0,-29
-58,1,-29
-58,0,-29
-58,0,-29
-58,0,-28
-58,1,-28
-58,1,-28
-58,2,-28
-57,2,-29
-57,2,-29
-57,2,-29
-57,2,-29
-57,3,-30
-57,3,-30
-57,3,-29
-57,3,-29
-57,2,-29
-57,2,-29
-57,2,-29
-58,2,-29
-58,1,-28
-58,2,-28
-58,1,-28
-58,1,-28
-58,2,-28
-58,1,-28
-57,1,-28
-57,1,-29
-57,1,-29
-57,1,-30
-57,1,-30
-57,0,-30
-57,0,-30
-58,-1,-30
-58,-1,-30
-57,0,-29
-58,0,-29
-58,0,-29
-58,0,-28
-57,0,-28
-57,0,-29
-56,0,-29
-57,0,-31
-56,0,-30
-56,0,-32
-57,-1,-32
-56,-1,-33
-54,-1,-32
-53,-2,-33
-56,-3,-34
-58,-3,-35
-60,-4,-31
-60,-4,-31
-58,-4,-29
-57,-1,-29
-52,1,-29
-51,1,-29
-52,1,-32
-53,0,-34
-53,-1,-35
-54,-2,-35
-55,-3,-35
-56,-4,-35
-55,-5,-34
-54,-5,-34
-54,-5,-34
-54,-6,-35
-54,-6,-36
-54,-6,-36
-54,-6,-36
-53,-7,-37
-52,-7,-38
-52,-7,-37
-52,-8,-37
-52,-7,-37
-52,-7,-37
-52,-7,-38
-52,-7,-38
-52,-6,-37
-52,-6,-37
-52,-6,-37
-52,-4,-37
-52,-4,-37
-52,-4,-37
-52,-5,-37
-52,-5,-37
-52,-5,-38
-52,-6,-38
-52,-6,-38
-51,-6,-38
-51,-6,-37
-52,-6,-38
-52,-6,-38
-52,-6,-38
-52,-6,-37
-52,-6,-37
-52,-6,-37
-51,-5,-38
-52,-5,-38
-53,-5,-37
-52,-5,-37
-52,-6,-37
-52,-6,-37
-52,-6,-37
-51,-6,-37
-52,-6,-37
-52,-6,-37
-52,-5,-38
-52,-5,-38
-52,-5,-37
-52,-5,-37
-52,-5,-37
-52,-5,-37
-52,-5,-37
-52,-5,-38
-52,-5,-38
-52,-5,-37
-52,-5,-37
-52,-5,-37
-52,-5,-37
-52,-5,-37
-52,-5,-37
-52,-5,-37
-52,-5,-37
-52,-5,-38
-52,-6,-38
-52,-6,-37
-52,-6,-37
-52,-7,-37
-52,-7,-37
-52,-7,-37
-52,-6,-37
-52,-6,-37
-52,-6,-37
-52,-6,-37
-52,-6,-37
-52,-5,-37
-52,-5,-37
-52,-4,-37
-52,-4,-37
-52,-4,-37
-53,-4,-37
-52,-4,-37
-52,-4,-38
-51,-5,-37
-51,-6,-38
-51,-6,-38
-52,-6,-37
-52,-6,-38
-52,-6,-37
-52,-6,-37
-51,-6,-37
-52,-6,-37
-52,-6,-38
-52,-6,-38
-52,-6,-38
-52,-6,-38
-52,-6,-37
-52,-6,-38
-52,-6,-37
-52,-6,-37
-52,-6,-37
-52,-6,-37
-52,-5,-37
-52,-5,-37
-52,-5,-37
-52,-5,-38
-52,-6,-37
-52,-6,-37
-52,-6,-38
-52,-6,-37
-52,-6,-37
-52,-6,-37
-52,-6,-37
-52,-6,-37
-52,-6,-37
-52,-6,-37
-52,-6,-37
-52,-6,-37
-52,-6,-37
-52,-6,-37
-52,-6,-37
-52,-6,-37
-52,-6,-37
-52,-6,-37
-52,-6,-37
-52,-7,-37
-52,-7,-37
-52,-6,-37
-52,-6,-37
-52,-6,-37
-52,-6,-37
-52,-6,-37
-52,-6,-37
-52,-6,-37
-51,-6,-37
-52,-6,-37
-52,-6,-37
-52,-6,-37
-52,-6,-37
-52,-6,-37
-52,-6,-37
-52,-6,-37
-52,-6,-38
-52,-6,-37
-52,-7,-37
-52,-6,-37
-52,-6,-37
-52,-6,-38
-52,-6,-37
-52,-6,-37
-52,-6,-37
-52,-6,-37
-52,-6,-37
-52,-6,-37
-52,-6,-37
-52,-6,-37
-52,-6,-37
-52,-6,-37
-52,-6,-37
-52,-6,-37
-52,-6,-37
-52,-6,-37
-52,-6,-37
-52,-6,-37
-52,-6,-37
-52,-6,-37
-52,-6,-37
-52,-6,-37
-52,-6,-37
-52,-6,-37
-52,-6,-37
-52,-6,-37
-52,-6,-37
-52,-6,-37
-52,-6,-37
-52,-6,-37
-52,-6,-37
-52,-6,-37
-52,-6,-37
-52,-6,-37
-52,-6,-37
-52,-6,-37
-52,-6,-37
-52,-6,-37
-52,-6,-37
-52,-6,-37
-52,-6,-37
-52,-6,-37
-52,-6,-37
-52,-6,-37
-52,-6,-37
-52,-6,-37
-52,-6,-37
-52,-6,-37
-52,-6,-37
-52,-6,-37
-52,-6,-37
-52,-6,-37
-52,-6,-37
-52,-6,-37
-52,-6,-37
-52,-6,-37
-52,-6,-37
-52,-6,-37
-52,-6,-37
-52,-6,-37
-52,-6,-37
-52,-6,-37
-52,-6,-37
-52,-6,-37
-52,-6,-37
-52,-6,-37
-52,-6,-37
-52,-6,-37
-52,-6,-37
-52,-6,-37
-52,-6,-37
-52,-6,-37
-52,-6,-37
-52,-6,-38
-52,-6,-37
-52,-6,-37
-52,-6,-36
-52,-6,-37
-52,-6,-37
-52,-6,-37
-52,-6,-37
-52,-7,-36
-52,-7,-37
-52,-7,-37
-52,-7,-37
-52,-7,-37
-52,-7,-37
-52,-7,-36
-52,-7,-36
-52,-7,-37
-52,-7,-36
-52,-7,-37
-52,-7,-37
-52,-7,-36
-52,-7,-36
-52,-7,-36
-52,-7,-36
-52,-7,-37
-52,-7,-36
-52,-7,-36
-52,-7,-36
-52,-7,-36
-53,-7,-36
-52,-7,-37
-52,-7,-36
-52,-7,-36
-52,-7,-36
-52,-7,-36
-52,-7,-36
-52,-7,-36
-52,-7,-36
-52,-7,-37
-52,-7,-37
-52,-7,-36
-52,-8,-36
-52,-7,-37
-52,-7,-37
-52,-8,-36
-52,-8,-36
-53,-8,-36
-52,-8,-36
-52,-8,-36
-52,-8,-36
-52,-8,-36
-52,-8,-36
-52,-8,-36
-52,-8,-36
-52,-8,-36
-52,-8,-36
-52,-8,-36
-53,-8,-37
-52,-8,-37
-52,-8,-37
-52,-8,-37
-52,-8,-36
-52,-7,-37
-52,-7,-37
-52,-7,-37
-52,-7,-37
-52,-7,-37
-52,-7,-37
-52,-7,-37
-52,-8,-37
-52,-8,-37
-52,-8,-37
-52,-7,-37
-52,-7,-37
-52,-7,-37
-52,-7,-37
-52,-7,-37
-52,-7,-37
-52,-7,-37
-52,-7,-37
-52,-7,-37
-52,-7,-37
-52,-7,-37
-52,-7,-37
-52,-7,-37
-52,-7,-37
-52,-7,-37
-52,-7,-37
-52,-7,-37
-52,-7,-37
-52,-7,-37
-52,-7,-37
-52,-7,-37
-52,-7,-37
-52,-7,-37
-52,-7,-37
-52,-7,-37
-52,-7,-37
-52,-7,-37
-52,-7,-37
-52,-7,-37
-52,-7,-37
-52,-7,-37
-52,-7,-37
-52,-7,-37
-52,-7,-37
-52,-7,-37
-52,-7,-37
-52,-7,-37
-52,-7,-37
-52,-7,-37
-52,-7,-37
-52,-7,-37
-52,-7,-37
-52,-7,-37
-52,-7,-37
-52,-7,-37
-52,-7,-37
-52,-7,-37
-52,-7,-37
-52,-7,-37
-52,-7,-37
-52,-7,-37
-52,-7,-37
-52,-7,-37
-52,-7,-37
-52,-7,-37
-52,-7,-37
-52,-7,-37
-52,-7,-37
-52,-7,-37
-52,-7,-37
-52,-7,-37
-52,-7,-37
-52,-7,-37
-52,-7,-37
-52,-7,-37
-52,-7,-37
-52,-7,-37
-52,-7,-37
-52,-7,-37
-52,-7,-37
-52,-7,-37
-52,-7,-37
-52,-7,-37
-52,-7,-37
-52,-7,-37
-52,-7,-37
-52,-7,-37
-52,-7,-37
-52,-7,-37
-52,-7,-37
-52,-7,-37
-52,-7,-37
-52,-7,-37
-52,-7,-37
-52,-7,-37
-52,-7,-37
-52,-7,-37
-52,-7,-37
-52,-8,-37
-52,-7,-37
-52,-7,-37
-52,-7,-37
-52,-7,-37
-52,-7,-37
-52,-7,-37
-52,-8,-37
-52,-8,-37
-52,-7,-37
-52,-7,-37
-52,-7,-37
-52,-8,-37
-52,-8,-37
-52,-7,-37
-52,-8,-37
-52,-8,-37
-52,-7,-37
-52,-8,-37
-52,-8,-37
-52,-8,-37
-52,-8,-37
-52,-8,-37
-52,-8,-37
-52,-8,-37
-52,-8,-37
-52,-7,-37
-52,-8,-37
-52,-7,-37
-52,-7,-37
-52,-8,-37
-52,-7,-37
-52,-7,-37
-52,-8,-37
-52,-7,-37
-52,-7,-37
-52,-7,-37
-52,-7,-37
-52,-7,-37
-52,-7,-37
-52,-7,-37
-52,-8,-37
-52,-7,-37
-52,-7,-37
-52,-7,-37
-52,-7,-37
-52,-7,-37
-52,-7,-37
-52,-7,-37
-52,-7,-37
-52,-7,-37
-52,-7,-37
-52,-7,-37
-52,-7,-37
-52,-7,-37
-52,-7,-37
-52,-7,-37
-52,-7,-37
-52,-7,-37
-52,-7,-37
-52,-7,-37
-52,-7,-37
-52,-8,-37
-52,-8,-37
-52,-7,-37
-52,-7,-36
-52,-7,-37
-52,-7,-37
-52,-7,-37
-52,-7,-37
-52,-7,-37
-52,-7,-37
-52,-7,-37
-52,-7,-37
-52,-7,-38
-52,-7,-37
-52,-7,-37
-52,-7,-37
-51,-7,-37
-51,-8,-37
-52,-8,-37
-52,-7,-36
-51,-7,-38
-51,-8,-38
-50,-7,-38
-51,-7,-40
-50,-7,-39
-50,-7,-39
-50,-7,-38
-50,-7,-39
-49,-7,-42
-48,-7,-42
-48,-7,-42
-47,-7,-42
-48,-8,-43
-48,-7,-43
-48,-8,-42
-47,-8,-41
-48,-9,-41
-47,-8,-42
-47,-8,-41
-48,-9,-42
-48,-8,-41
-48,-8,-41
-48,-8,-42
-48,-8,-42
-48,-8,-41
-48,-8,-42
-48,-8,-41
-48,-7,-41
-48,-8,-40
-49,-8,-41
-49,-8,-41
-48,-7,-41
-48,-8,-41
-48,-8,-41
-49,-7,-41
-49,-8,-41
-49,-7,-40
-49,-8,-40
-49,-8,-39
-49,-8,-41
-49,-8,-41
-49,-8,-40
-49,-8,-40
-49,-8,-41
-49,-8,-41
-49,-8,-40
-49,-8,-40
-49,-8,-40
-49,-8,-39
-50,-8,-40
-49,-8,-40
-50,-8,-40
-49,-8,-39
-49,-8,-39
-50,-8,-40
-50,-8,-39
-50,-8,-39
-50,-8,-40
-49,-8,-39
-49,-8,-39
-50,-9,-39
-50,-8,-39
-50,-8,-40
-50,-9,-40
-50,-9,-39
-50,-9,-39
-50,-9,-39
-50,-8,-39
-50,-8,-40
-50,-8,-39
-50,-8,-39
-50,-8,-39
-50,-8,-40
-50,-8,-39
-50,-8,-39
-50,-9,-39
-50,-8,-39
-50,-8,-39
-50,-8,-39
-51,-8,-39
-50,-8,-38
-51,-8,-38
-51,-8,-38
-51,-8,-39
-50,-8,-38
-51,-8,-39
-51,-8,-39
-51,-8,-39
-50,-7,-39
-50,-8,-39
-51,-8,-39
-50,-8,-38
-50,-8,-38
-51,-7,-39
-51,-7,-39
-50,-7,-39
-51,-7,-39
-50,-7,-39
-50,-7,-39
-50,-7,-39
-50,-7,-39
-50,-8,-39
-50,-7,-39
-50,-8,-39
-51,-7,-39
-51,-7,-39
-50,-8,-39
-50,-8,-39
-50,-8,-38
-50,-8,-39
-51,-8,-39
-50,-8,-39
-50,-8,-39
-50,-8,-38
-51,-8,-38
-50,-8,-39
-51,-8,-39
-51,-8,-39
-51,-8,-38
-51,-8,-38
-51,-7,-38
-51,-7,-39
-50,-7,-39
-50,-7,-39
-50,-7,-39
-49,-8,-39
-50,-7,-39
-50,-7,-40
-51,-7,-39
-50,-7,-39
-50,-7,-39
-50,-7,-39
-50,-7,-40
-49,-7,-40
-49,-8,-40
-49,-8,-40
-49,-8,-40
-49,-8,-40
-49,-8,-40
-49,-8,-40
-49,-8,-40
-49,-8,-40
-49,-8,-41
-49,-9,-40
-49,-9,-40
-50,-9,-40
-50,-9,-40
-49,-9,-39
-49,-9,-39
-49,-9,-39
-50,-9,-40
-50,-9,-40
-50,-9,-40
-50,-9,-40
-49,-9,-39
-49,-9,-40
-50,-9,-39
-50,-9,-39
-50,-9,-39
-50,-9,-40
-50,-9,-40
-50,-9,-39
-50,-8,-39
-49,-8,-40
-50,-8,-40
-50,-8,-39
-49,-8,-39
-49,-8,-40
-49,-8,-40
-50,-8,-40
-49,-8,-40
-49,-8,-40
-49,-8,-39
-49,-8,-40
-50,-8,-40
-50,-8,-39
-49,-8,-39
-49,-8,-39
-49,-8,-40
-50,-8,-40
-50,-8,-40
-49,-8,-39
-50,-8,-40
-49,-8,-40
-49,-8,-39
-49,-8,-39
-49,-8,-40
-49,-8,-40
-50,-8,-40
-50,-8,-39
-50,-8,-40
-50,-8,-40
-50,-8,-40
-50,-8,-39
-49,-8,-39
-49,-8,-40
-49,-8,-40
-50,-8,-39
-50,-9,-39
-49,-8,-40
-49,-8,-39
-49,-8,-39
-50,-8,-40
-50,-8,-40
-50,-8,-39
-50,-8,-40
-49,-8,-39
-49,-8,-39
-50,-8,-40
-50,-8,-40
-50,-8,-40
-50,-8,-40
-50,-8,-39
-49,-8,-40
-50,-8,-39
-50,-8,-40
-50,-9,-39
-49,-8,-39
-49,-8,-40
-49,-8,-40
-50,-8,-39
-50,-8,-39
-50,-8,-39
-49,-8,-39
-50,-8,-40
-50,-8,-40
-50,-8,-40
-50,-8,-39
-49,-8,-39
-49,-8,-40
-50,-8,-39
-50,-8,-39
-50,-8,-40
-50,-8,-40
-49,-8,-39
-49,-8,-39
-49,-8,-39
-50,-8,-40
-50,-8,-40
-50,-8,-39
-50,-9,-39
-49,-8,-39
-50,-8,-40
-50,-8,-40
-50,-8,-39
-49,-8,-39
-49,-8,-39
-50,-8,-39
-49,-8,-39
-50,-8,-40
-50,-8,-40
-50,-9,-39
-50,-8,-39
-50,-8,-40
-49,-8,-40
-50,-9,-40
-50,-8,-39
-50,-8,-39
-50,-9,-39
-49,-9,-39
-49,-9,-39
-50,-9,-39
-50,-9,-39
-50,-9,-40
-49,-9,-39
-49,-9,-39
-49,-9,-39
-50,-9,-39
-50,-9,-39
-49,-9,-39
-49,-9,-39
-50,-9,-39
-49,-9,-39
-50,-9,-39
-50,-9,-39
-50,-9,-39
-50,-9,-40
-49,-9,-39
-49,-9,-39
-50,-9,-39
-50,-9,-39
-50,-9,-39
-50,-9,-39
-50,-9,-39
-50,-9,-40
-50,-9,-39
-50,-9,-39
-50,-9,-39
-49,-9,-39
-50,-9,-39
-49,-10,-39
-49,-9,-39
-50,-9,-40
-49,-10,-39
-49,-10,-39
-49,-10,-39
-50,-9,-39
-50,-9,-39
-49,-9,-39
-50,-10,-39
-50,-10,-40
-49,-9,-39
-50,-10,-39
-49,-10,-39
-50,-9,-39
-49,-9,-39
-49,-9,-40
-49,-9,-39
-50,-10,-39
-50,-9,-39
-49,-9,-39
-49,-9,-39
-50,-10,-39
-49,-9,-39
-49,-9,-39
-49,-9,-39
-49,-9,-40
-49,-9,-40
-49,-9,-40
-49,-9,-39
-49,-9,-39
-50,-9,-39
-50,-9,-40
-49,-9,-39
-49,-10,-39
-49,-9,-40
-49,-9,-39
-50,-10,-40
-50,-10,-39
-49,-10,-39
-50,-9,-39
-50,-10,-38
-51,-10,-40
-50,-10,-40
-49,-9,-39
-49,-9,-40
-49,-9,-40
-49,-9,-40
-50,-9,-39
-50,-9,-39
-49,-9,-38
-50,-10,-38
-50,-10,-39
-50,-10,-40
-49,-9,-39
-49,-9,-39
-49,-9,-40
-50,-9,-39
-50,-9,-39
-50,-9,-39
-50,-9,-39
-49,-9,-39
-49,-9,-39
-50,-9,-39
-50,-9,-39
-50,-9,-39
-50,-9,-39
-50,-9,-39
-50,-9,-39
-49,-9,-39
-49,-9,-39
-50,-9,-39
-50,-10,-39
-50,-9,-39
-49,-9,-39
-50,-9,-39
-50,-9,-39
-50,-9,-39
-50,-9,-39
-49,-9,-39
-49,-9,-39
-50,-10,-39
-50,-9,-39
-49,-10,-39
-49,-9,-39
-49,-9,-39
-50,-9,-39
-50,-9,-39
-50,-9,-39
-49,-9,-39
-50,-9,-39
-50,-9,-39
-50,-10,-39
-50,-9,-39
-50,-9,-39
-49,-9,-39
-50,-9,-40
-49,-9,-39
-50,-9,-38
-50,-9,-39
-50,-9,-39
-50,-9,-39
-50,-9,-39
-50,-9,-39
-50,-9,-39
-50,-9,-39
-50,-9,-39
-50,-9,-39
-50,-9,-39
-50,-9,-39
-50,-9,-39
-50,-9,-39
-50,-9,-39
-50,-9,-39
-50,-9,-39
-50,-10,-39
-50,-9,-39
-50,-9,-39
-50,-9,-39
-50,-9,-39
-50,-9,-39
-50,-9,-39
-50,-9,-39
-50,-9,-39
-50,-9,-39
-50,-9,-39
-50,-9,-39
-50,-9,-39
-50,-9,-39
-50,-9,-39
-50,-9,-39
-50,-9,-40
-50,-9,-39
-50,-9,-39
-50,-9,-39
-50,-9,-39
-50,-9,-39
-50,-10,-39
-50,-9,-39
-50,-9,-39
-50,-10,-39
-50,-9,-39
-50,-10,-39
-50,-10,-39
-50,-9,-39
-50,-10,-39
-50,-9,-39
-50,-9,-39
-50,-10,-39
-50,-10,-39
-50,-9,-39
-50,-9,-39
-50,-9,-39
-50,-9,-39
-50,-9,-39
-50,-9,-39
-50,-10,-39
-50,-9,-39
-50,-9,-39
-50,-9,-39
-50,-9,-39
-50,-9,-39
-50,-9,-39
-50,-9,-39
-50,-9,-39
-50,-9,-39
-50,-9,-39
-50,-9,-39
-50,-9,-39
-50,-9,-39
-50,-9,-39
-50,-9,-39
-50,-9,-39
-50,-9,-39
-50,-9,-40
-50,-9,-40
-50,-9,-39
-50,-9,-39
-50,-9,-39
-50,-9,-39
-50,-9,-39
-50,-9,-39
-50,-9,-39
-50,-9,-39
-50,-9,-39
-50,-9,-39
-50,-9,-39
-50,-9,-39
-50,-9,-39
-49,-9,-39
-50,-9,-39
-50,-9,-39
-50,-9,-39
-50,-9,-39
-49,-9,-39
-50,-9,-39
-50,-9,-39
-49,-9,-39
-50,-9,-39
-50,-9,-39
-50,-9,-39
-50,-9,-39
-50,-9,-39
-49,-9,-39
-50,-9,-39
-50,-9,-39
-50,-9,-39
-50,-9,-39
-49,-9,-39
-50,-9,-39
-50,-9,-39
-50,-9,-39
-50,-9,-39
-50,-9,-39
-50,-9,-39
-50,-9,-39
-50,-9,-39
-49,-9,-39
-50,-9,-39
-50,-9,-39
-50,-9,-39
-50,-9,-39
-50,-9,-39
-50,-9,-39
-50,-9,-39
-50,-9,-39
-50,-9,-39
-50,-9,-40
-50,-9,-39
-50,-9,-39
-50,-9,-39
-50,-9,-39
-50,-9,-40
-50,-9,-39
-50,-9,-39
-50,-9,-39
-50,-9,-40
-50,-9,-39
-50,-9,-39
-50,-9,-39
-50,-9,-39
-50,-9,-40
-50,-10,-39
-50,-9,-38
-50,-9,-38
-50,-10,-38
-50,-10,-38
-50,-10,-38
-51,-10,-39
-50,-9,-39
-51,-10,-39
-50,-10,-39
-50,-10,-38
-50,-10,-38
-51,-10,-38
-50,-10,-38
-50,-10,-38
-50,-10,-38
-51,-10,-39
-50,-10,-38
-50,-9,-38
-50,-10,-39
-50,-9,-38
-51,-10,-39
-51,-10,-39
-50,-10,-39
-50,-10,-38
-51,-10,-39
-50,-10,-38
-50,-10,-39
-50,-10,-39
-50,-10,-39
-51,-10,-38
-50,-10,-38
-50,-9,-39
-50,-9,-39
-50,-9,-39
-50,-10,-38
-50,-9,-39
-50,-10,-39
-50,-9,-39
-50,-9,-38
-50,-9,-38
-50,-9,-39
-50,-9,-39
-50,-9,-39
-50,-9,-39
-50,-9,-39
-50,-9,-39
-50,-9,-39
-50,-10,-39
-50,-9,-39
-50,-10,-39
-50,-9,-39
-50,-9,-39
-50,-9,-39
-50,-9,-39
-50,-9,-39
-50,-10,-39
-50,-9,-38
-50,-9,-39
-50,-9,-39
-50,-10,-39
-50,-10,-39
-50,-9,-39
-50,-9,-39
-50,-9,-39
-50,-9,-39
-50,-10,-39
-50,-9,-39
-49,-9,-39
-50,-9,-39
-50,-9,-39
-51,-9,-39
-50,-9,-39
-50,-9,-38
-50,-9,-38
-50,-9,-39
-50,-9,-39
-50,-9,-39
-50,-9,-39
-50,-9,-39
-50,-9,-39
-50,-9,-39
-50,-9,-39
-50,-9,-39
-50,-9,-39
-50,-9,-39
-50,-9,-39
-50,-9,-39
-50,-9,-39
-50,-9,-39
-50,-9,-39
-50,-9,-39
-50,-9,-39
-50,-9,-39
-50,-9,-38
-50,-9,-39
-50,-9,-39
-50,-9,-39
-50,-9,-39
-50,-9,-39
-50,-9,-39
-51,-9,-39
-51,-9,-39
-50,-9,-39
-50,-9,-39
-50,-9,-39
-50,-9,-39
-50,-9,-39
-50,-9,-39
-50,-9,-39
-50,-9,-39
-50,-9,-39
-50,-9,-39
-50,-9,-39
-50,-9,-39
-50,-9,-39
-50,-9,-39
-50,-9,-38
-50,-9,-39
-50,-9,-39
-50,-9,-39
-50,-9,-39
-50,-9,-38
-50,-9,-39
-50,-9,-39
-50,-9,-39
-50,-9,-39
-50,-9,-39
-50,-9,-39
-50,-9,-39
-50,-9,-39
-50,-9,-39
-50,-9,-39
-50,-9,-39
-50,-9,-38
-50,-9,-38
-50,-9,-39
-50,-9,-39
-50,-9,-39
-50,-9,-39
-50,-9,-39
-50,-9,-39
-50,-9,-39
-50,-9,-39
-50,-9,-39
-50,-9,-39
-50,-9,-38
-50,-9,-39
-50,-9,-39
-50,-9,-39
-50,-10,-39
-50,-10,-39
-50,-9,-39
-50,-10,-39
-50,-9,-39
-50,-9,-39
-50,-9,-39
-50,-9,-39
-50,-9,-39
-50,-9,-38
-50,-9,-39
-50,-9,-39
-50,-9,-39
-50,-9,-39
-50,-9,-39
-50,-9,-38
-50,-9,-39
-50,-9,-39
-50,-9,-39
-50,-9,-39
-50,-9,-39
-50,-9,-39
-50,-9,-39
-50,-9,-39
-50,-9,-39
-50,-9,-39
-50,-9,-39
-50,-9,-39
-50,-9,-39
-50,-9,-39
-50,-9,-39
-50,-9,-39
-50,-9,-39
-50,-9,-39
-50,-9,-39
-50,-9,-38
-50,-9,-39
-50,-9,-39
-50,-9,-39
-50,-9,-38
-50,-9,-39
-50,-9,-39
-50,-9,-39
-50,-9,-39
-50,-9,-39
-50,-9,-39
-50,-9,-39
-50,-9,-39
-50,-9,-39
-50,-9,-39
-50,-9,-39
-50,-9,-39
-50,-9,-39
-50,-9,-39
-50,-9,-39
-50,-9,-39
-50,-9,-39
-50,-9,-39
-50,-9,-39
-50,-9,-39
-50,-9,-39
-50,-9,-39
-50,-9,-39
-50,-9,-39
-50,-9,-39
-50,-9,-38
-50,-9,-38
-50,-9,-39
-51,-9,-39
-50,-9,-39
-50,-9,-38
-50,-9,-39
-50,-9,-38
-50,-9,-39
-50,-9,-39
-50,-9,-39
-50,-9,-39
-50,-9,-39
-50,-9,-39
-50,-9,-39
-50,-9,-39
-50,-9,-39
-50,-9,-39
-50,-9,-39
-50,-9,-38
-50,-9,-38
-50,-9,-39
-50,-9,-39
-50,-9,-39
-50,-9,-39
-50,-9,-38
-50,-9,-38
-50,-9,-38
-50,-9,-38
-50,-8,-37
-50,-8,-40
-51,-9,-40
-50,-11,-39
-50,-12,-40
-50,-13,-39
-50,-13,-39
-49,-14,-38
-49,-14,-38
-50,-14,-38
-50,-13,-38
-51,-12,-38
-51,-12,-38
-51,-11,-38
-51,-11,-38
-51,-11,-38
-51,-11,-37
-51,-11,-37
-51,-11,-38
-50,-11,-37
-51,-11,-37
-52,-10,-37
-52,-10,-37
-52,-9,-37
-52,-9,-37
-52,-9,-36
-52,-9,-36
-52,-9,-36
-52,-8,-36
-53,-8,-35
-53,-8,-34
-53,-9,-37
-52,-9,-36
-53,-9,-37
-54,-9,-35
-54,-9,-34
-55,-9,-34
-55,-9,-34
-54,-8,-33
-53,-7,-33
-53,-7,-32
-53,-8,-34
-53,-9,-34
-53,-9,-34
-54,-10,-34
-55,-11,-33
-56,-12,-32
-55,-12,-32
-55,-13,-32
-55,-13,-31
-54,-12,-31
-54,-13,-32
-54,-13,-33
-54,-14,-32
-55,-15,-33
-55,-16,-32
-55,-17,-32
-54,-18,-29
-54,-19,-28
-56,-19,-28
-55,-19,-27
-55,-18,-29
-55,-17,-29
-55,-17,-29
-55,-17,-29
-55,-17,-29
-55,-16,-29
-55,-16,-30
-55,-16,-31
-54,-16,-30
-53,-18,-29
-55,-17,-30
-54,-17,-31
-54,-17,-32
-55,-18,-31
-53,-18,-31
-53,-17,-31
-54,-17,-31
-55,-17,-32
-54,-16,-30
-54,-16,-30
-55,-16,-31
-54,-16,-31
-54,-15,-31
-54,-15,-31
-55,-16,-32
-54,-16,-32
-54,-16,-31
-54,-16,-32
-55,-16,-31
-55,-17,-30
-54,-17,-30
-54,-17,-30
-54,-16,-30
-54,-16,-31
-54,-15,-31
-56,-15,-30
-56,-15,-29
-54,-16,-28
-55,-16,-30
-55,-16,-30
-54,-16,-31
-54,-16,-30
-55,-16,-30
-55,-16,-30
-55,-16,-29
-55,-16,-29
-55,-16,-30
-55,-16,-31
-54,-16,-30
-55,-17,-30
-55,-16,-31
-54,-16,-31
-54,-16,-31
-54,-16,-31
-55,-15,-32
-54,-15,-30
-54,-15,-30
-54,-15,-31
-54,-15,-31
-54,-15,-32
-54,-16,-32
-54,-16,-31
-54,-16,-30
-54,-15,-31
-54,-15,-30
-55,-15,-31
-54,-15,-31
-54,-15,-31
-54,-15,-30
-55,-15,-31
-55,-15,-31
-55,-15,-32
-54,-15,-31
-54,-15,-31
-54,-15,-31
-54,-15,-31
-54,-15,-31
-54,-15,-31
-54,-15,-31
-54,-15,-31
-54,-15,-31
-54,-15,-31
-55,-15,-31
-54,-15,-30
-55,-15,-30
-55,-14,-31
-55,-14,-31
-55,-15,-31
-54,-14,-31
-54,-14,-31
-54,-14,-31
-55,-15,-31
-54,-14,-31
-55,-14,-31
-54,-14,-31
-55,-14,-31
-55,-14,-32
-55,-14,-32
-54,-14,-30
-54,-15,-31
-54,-16,-29
-55,-16,-30
-55,-15,-31
-55,-15,-30
-55,-15,-29
-55,-16,-30
-55,-15,-30
-55,-15,-29
-55,-15,-30
-55,-15,-30
-55,-15,-30
-55,-15,-30
-55,-15,-30
-55,-15,-30
-55,-15,-30
-55,-15,-30
-55,-15,-30
-55,-15,-30
-55,-15,-30
-55,-15,-30
-55,-15,-30
-55,-15,-31
-55,-15,-30
-55,-15,-30
-55,-15,-30
-56,-15,-31
-55,-14,-30
-55,-14,-30
-55,-14,-31
-55,-14,-30
-55,-15,-31
-55,-15,-30
-55,-15,-29
-55,-15,-30
-55,-15,-30
-55,-15,-30
-55,-15,-30
-55,-15,-30
-55,-15,-30
-55,-15,-30
-55,-15,-30
-55,-15,-30
-55,-15,-30
-55,-15,-30
-55,-15,-30
-55,-15,-30
-55,-15,-30
-55,-14,-30
-55,-14,-30
-55,-14,-30
-55,-14,-31
-55,-14,-30
-55,-14,-30
-55,-13,-30
-55,-13,-30
-55,-14,-30
-56,-14,-30
-55,-13,-31
-56,-13,-31
-55,-13,-30
-56,-13,-30
-56,-14,-29
-55,-14,-29
-55,-14,-30
-55,-14,-30
-55,-14,-30
-55,-14,-32
-55,-13,-32
-55,-14,-31
-55,-14,-31
-54,-13,-32
-55,-14,-33
-54,-14,-33
-54,-14,-32
-54,-14,-32
-54,-13,-32
-54,-14,-32
-54,-14,-32
-54,-14,-32
-54,-14,-32
-54,-14,-32
-54,-14,-32
-54,-14,-32
-55,-14,-32
-54,-14,-32
-54,-14,-33
-54,-14,-32
-54,-14,-32
-54,-14,-32
-54,-14,-32
-55,-14,-32
-55,-13,-35
-53,-13,-33
-52,-14,-28
-55,-13,-32
-55,-13,-34
-54,-13,-32
-54,-13,-31
-54,-12,-32
-55,-12,-33
-55,-13,-31
-54,-14,-28
-56,-13,-31
-55,-13,-30
-56,-13,-31
-55,-13,-30
-54,-12,-31
-55,-12,-32
-55,-13,-32
-55,-12,-32
-55,-12,-31
-55,-12,-31
-54,-13,-30
-55,-13,-32
-55,-13,-32
-55,-13,-31
-55,-13,-31
-55,-13,-32
-55,-13,-32
-55,-13,-31
-55,-13,-32
-54,-13,-31
-55,-13,-31
-55,-13,-32
-55,-13,-31
-55,-13,-31
-54,-14,-32
-55,-14,-31
-55,-14,-30
-55,-14,-30
-55,-14,-31
-55,-14,-31
-55,-14,-30
-55,-14,-31
-55,-14,-31
-55,-14,-30
-55,-14,-31
-55,-14,-31
-55,-14,-31
-55,-14,-30
-55,-14,-30
-55,-14,-31
-55,-14,-30
-55,-14,-30
-55,-14,-30
-55,-14,-30
-55,-14,-30
-56,-14,-30
-55,-14,-30
-56,-14,-30
-55,-14,-30
-55,-14,-30
-56,-14,-31
-56,-13,-30
-55,-13,-30
-55,-13,-30
-56,-14,-30
-56,-14,-31
-55,-14,-30
-55,-14,-30
-55,-14,-31
-55,-14,-31
-56,-14,-31
-55,-14,-30
-55,-14,-30
-55,-14,-31
-56,-14,-31
-55,-14,-31
-55,-14,-30
-55,-14,-30
-55,-14,-30
-55,-14,-31
-55,-14,-31
-55,-14,-30
-55,-13,-30
-55,-14,-30
-55,-14,-31
-56,-14,-31
-55,-14,-30
-55,-14,-30
-55,-13,-30
-55,-14,-30
-55,-14,-30
-55,-14,-30
-55,-14,-30
-56,-13,-30
-55,-14,-30
-55,-14,-31
-55,-14,-30
-55,-14,-31
-55,-14,-31
-55,-14,-31
-55,-14,-31
-55,-15,-30
-56,-14,-31
-55,-14,-30
-55,-14,-30
-55,-14,-30
-56,-15,-30
-56,-15,-30
-55,-15,-30
-55,-14,-30
-55,-14,-30
-55,-14,-30
-55,-14,-30
-55,-14,-30
-55,-14,-30
-55,-14,-30
-55,-14,-30
-55,-14,-31
-55,-14,-30
-55,-14,-30
-55,-14,-30
-54,-15,-30
-55,-14,-31
-55,-14,-30
-55,-14,-30
-55,-14,-30
-55,-14,-30
-55,-14,-30
-55,-14,-31
-55,-14,-30
-55,-14,-31
-55,-14,-30
-55,-14,-31
-55,-14,-31
-55,-14,-30
-55,-14,-30
-55,-14,-31
-55,-14,-31
-55,-14,-31
-55,-14,-31
-55,-14,-30
-55,-14,-30
-55,-14,-30
-55,-14,-30
-55,-14,-30
-55,-14,-30
-55,-14,-31
-55,-14,-30
-54,-14,-30
-56,-14,-30
-56,-14,-31
-55,-14,-31
-55,-14,-30
-55,-14,-30
-55,-14,-30
-55,-14,-30
-55,-14,-30
-55,-14,-30
-55,-14,-30
-55,-14,-30
-55,-14,-31
-55,-14,-31
-55,-15,-30
-55,-15,-30
-55,-15,-30
-55,-15,-30
-55,-15,-31
-55,-15,-30
-55,-15,-31
-55,-14,-31
-55,-14,-31
-55,-14,-30
-55,-14,-30
-55,-14,-31
-55,-14,-31
-55,-14,-30
-55,-14,-30
-55,-14,-31
-55,-14,-30
-55,-14,-30
-55,-14,-31
-55,-14,-31
-55,-14,-31
-55,-14,-30
-55,-14,-31
-55,-14,-30
-55,-14,-30
-55,-14,-30
-55,-14,-31
-55,-14,-31
-55,-14,-31
-55,-14,-30
-55,-14,-31
-55,-14,-30
-55,-14,-30
-55,-14,-31
-55,-14,-30
-55,-14,-30
-55,-15,-30
-55,-15,-30
-55,-14,-30
-55,-14,-30
-55,-14,-30
-55,-14,-31
-55,-14,-30
-55,-14,-30
-55,-14,-30
-55,-14,-30
-55,-14,-30
-55,-14,-31
-55,-14,-30
-55,-14,-30
-55,-14,-30
-55,-14,-30
-55,-14,-30
-55,-14,-30
-56,-14,-30
-56,-14,-30
-55,-14,-30
-55,-14,-30
-55,-14,-30
-55,-14,-30
-55,-14,-30
-55,-14,-30
-55,-14,-30
-55,-14,-31
-55,-14,-31
-55,-14,-30
-55,-14,-30
-55,-14,-30
-55,-14,-31
-55,-14,-30
-55,-14,-30
-55,-14,-31
-55,-14,-31
-55,-14,-31
-55,-14,-30
-55,-14,-30
-55,-14,-30
-55,-14,-31
-55,-14,-30
-55,-14,-31
-55,-14,-30
-55,-14,-31
-55,-14,-31
-55,-14,-31
-55,-14,-31
-55,-14,-31
-54,-15,-30
-55,-14,-30
-55,-15,-30
-55,-15,-30
-55,-15,-30
-55,-15,-30
-55,-15,-30
-55,-15,-30
-55,-15,-31
-55,-14,-30
-55,-14,-31
-55,-15,-30
-55,-14,-31
-55,-15,-31
-55,-14,-30
-55,-14,-30
-55,-14,-30
-55,-14,-30
-55,-14,-30
-55,-14,-30
-55,-14,-31
-55,-14,-31
-55,-14,-30
-55,-14,-30
-55,-15,-30
-55,-15,-30
-55,-15,-31
-55,-15,-30
-55,-15,-30
-55,-15,-30
-55,-15,-31
-56,-14,-33
-55,-15,-29
-54,-14,-29
-55,-14,-30
-56,-14,-30
-56,-15,-30
-55,-15,-30
-55,-14,-30
-54,-14,-30
-53,-13,-30
-53,-13,-32
-54,-12,-36
-53,-12,-36
-51,-12,-37
-51,-11,-37
-52,-11,-39
-51,-11,-39
-51,-10,-39
-50,-10,-39
-50,-10,-39
-51,-10,-39
-51,-11,-37
-52,-11,-39
-53,-11,-39
-52,-11,-38
-51,-12,-33
-52,-15,-26
-56,-16,-26
-57,-15,-30
-53,-13,-35
-52,-13,-36
-53,-13,-32
-52,-13,-31
-52,-12,-34
-51,-11,-35
-51,-10,-39
-51,-9,-39
-50,-9,-41
-50,-9,-43
-50,-8,-44
-49,-8,-42
-50,-8,-42
-48,-9,-39
-48,-9,-37
-50,-11,-37
-52,-10,-38
-50,-10,-38
-50,-10,-37
-50,-10,-37
-50,-10,-37
-51,-9,-40
-50,-9,-40
-52,-9,-41
-53,-9,-41
-52,-10,-36
-51,-12,-33
-53,-13,-33
-54,-16,-26
-56,-16,-27
-55,-16,-28
-54,-16,-35
-54,-15,-34
-54,-14,-33
-54,-14,-33
-54,-14,-30
-54,-13,-29
-54,-14,-30
-56,-15,-33
-55,-14,-33
-54,-15,-31
-54,-16,-30
-54,-16,-30
-55,-15,-31
-55,-15,-31
-55,-16,-31
-55,-17,-29
-56,-19,-27
-56,-19,-26
-55,-19,-26
-56,-19,-27
-56,-19,-27
-56,-19,-27
-56,-18,-27
-55,-18,-28
-55,-18,-29
-56,-18,-28
-56,-17,-29
-55,-16,-31
-55,-15,-32
-53,-14,-33
-53,-14,-33
-54,-14,-32
-53,-15,-33
-53,-15,-35
-52,-15,-37
-50,-15,-35
-54,-14,-35
-53,-14,-35
-51,-14,-36
-51,-14,-36
-51,-13,-36
-51,-14,-36
-52,-14,-36
-53,-14,-35
-51,-14,-35
-52,-14,-36
-51,-14,-36
-52,-14,-36
-51,-14,-36
-52,-14,-36
-52,-14,-37
-51,-14,-36
-51,-14,-36
-51,-14,-35
-51,-14,-36
-52,-13,-36
-52,-13,-37
-52,-13,-36
-52,-14,-36
-51,-13,-36
-51,-13,-36
-51,-14,-36
-52,-14,-36
-52,-14,-36
-52,-14,-36
-51,-14,-36
-51,-13,-36
-52,-13,-37
-52,-14,-35
-52,-13,-35
-52,-13,-36
-52,-13,-37
-53,-13,-35
-52,-14,-33
-52,-14,-33
-53,-13,-34
-53,-13,-35
-53,-13,-36
-53,-13,-35
-53,-13,-33
-53,-13,-33
-53,-13,-34
-54,-14,-34
-54,-13,-33
-53,-13,-33
-54,-13,-34
-53,-13,-34
-54,-13,-34
-54,-13,-34
-54,-13,-34
-53,-13,-33
-53,-13,-33
-54,-13,-34
-54,-13,-34
-54,-13,-33
-54,-13,-33
-53,-13,-33
-54,-13,-34
-54,-13,-34
-54,-13,-34
-54,-13,-34
-53,-13,-33
-53,-13,-33
-54,-13,-33
-54,-13,-34
-54,-13,-34
-54,-13,-33
-53,-14,-33
-54,-13,-33
-54,-13,-33
-54,-13,-33
-54,-13,-33
-53,-14,-32
-53,-14,-33
-54,-13,-34
-53,-13,-35
-53,-13,-34
-54,-12,-34
-54,-12,-35
-53,-12,-34
-52,-11,-34
-54,-12,-34
-54,-11,-34
-54,-11,-34
-53,-11,-34
-53,-11,-34
-53,-12,-33
-54,-12,-34
-53,-12,-35
-54,-12,-34
-54,-11,-34
-53,-12,-33
-53,-12,-34
-54,-12,-34
-54,-12,-34
-54,-12,-34
-53,-12,-34
-53,-12,-34
-53,-12,-34
-54,-12,-34
-54,-12,-35
-54,-12,-34
-53,-12,-34
-53,-12,-34
-53,-12,-34
-54,-12,-35
-53,-12,-34
-53,-12,-34
-53,-12,-34
-53,-12,-34
-53,-12,-34
-54,-12,-34
-53,-12,-34
-53,-12,-34
-53,-12,-34
-54,-12,-35
-54,-12,-34
-53,-12,-34
-53,-12,-34
-54,-12,-34
-53,-12,-34
-53,-12,-35
-53,-12,-34
-54,-12,-34
-53,-11,-34
-54,-12,-34
-54,-12,-35
-54,-12,-34
-53,-12,-34
-54,-12,-34
-54,-12,-34
-54,-12,-34
-54,-12,-34
-54,-12,-34
-53,-12,-34
-53,-12,-35
-52,-12,-34
-53,-12,-35
-53,-11,-35
-52,-11,-35
-53,-12,-35
-53,-12,-35
-53,-12,-35
-52,-12,-34
-52,-11,-34
-53,-11,-35
-53,-11,-36
-53,-11,-35
-53,-11,-35
-53,-11,-36
-53,-12,-34
-52,-12,-34
-52,-12,-34
-53,-12,-35
-53,-12,-35
-53,-12,-35
-52,-11,-35
-52,-11,-35
-53,-12,-35
-53,-11,-35
-52,-11,-36
-52,-11,-35
-52,-12,-35
-53,-12,-35
-53,-12,-36
-53,-12,-35
-52,-12,-35
-52,-12,-35
-52,-12,-35
-52,-12,-35
-52,-12,-35
-53,-12,-35
-52,-12,-35
-53,-12,-35
-53,-12,-36
-53,-12,-35
-53,-12,-35
-52,-12,-35
-53,-12,-35
-53,-12,-35
-53,-12,-35
-53,-12,-35
-53,-11,-35
-53,-11,-35
-52,-11,-35
-53,-11,-35
-53,-12,-35
-52,-11,-35
-52,-12,-35
-53,-12,-36
-53,-12,-35
-53,-12,-34
-53,-12,-34
-53,-12,-35
-53,-12,-35
-54,-12,-35
-53,-12,-34
-53,-12,-34
-53,-12,-35
-53,-12,-35
-53,-12,-34
-53,-12,-34
-53,-12,-34
-53,-12,-34
-53,-12,-35
-53,-12,-35
-53,-12,-34
-53,-12,-35
-53,-12,-35
-53,-12,-35
-53,-12,-34
-52,-12,-35
-52,-12,-35
-53,-12,-36
-53,-12,-35
-53,-12,-34
-53,-12,-34
-53,-12,-35
-53,-12,-35
-53,-12,-34
-53,-12,-35
-53,-12,-35
-53,-12,-35
-53,-12,-35
-53,-12,-35
-53,-12,-35
-53,-12,-34
-53,-12,-35
-53,-12,-35
-53,-12,-35
-53,-12,-35
-53,-12,-34
-53,-12,-35
-53,-12,-35
-53,-12,-35
-53,-12,-34
-53,-12,-34
-53,-12,-35
-53,-12,-34
-53,-12,-34
-53,-12,-34
-53,-12,-34
-53,-12,-34
-53,-12,-34
-53,-12,-34
-53,-12,-34
-53,-12,-35
-53,-12,-35
-53,-12,-34
-53,-12,-34
-53,-12,-35
-53,-13,-35
-53,-13,-34
-53,-13,-34
-53,-13,-34
-53,-13,-35
-53,-12,-34
-53,-12,-34
-53,-13,-35
-53,-12,-34
-53,-12,-34
-53,-12,-34
-53,-12,-35
-54,-13,-35
-53,-12,-34
-53,-12,-34
-53,-12,-34
-53,-12,-34
-53,-12,-35
-53,-12,-34
-53,-12,-34
-53,-12,-35
-53,-12,-35
-53,-12,-35
-53,-12,-34
-53,-12,-34
-53,-12,-35
-53,-12,-34
-53,-12,-35
-53,-12,-35
-53,-12,-35
-53,-12,-35
-53,-12,-35
-53,-12,-35
-53,-12,-35
-53,-12,-35
-52,-12,-35
-52,-12,-35
-53,-12,-35
-53,-12,-35
-53,-12,-35
-52,-12,-35
-52,-12,-35
-53,-12,-35
-52,-12,-35
-53,-12,-35
-53,-12,-35
-53,-12,-35
-53,-12,-35
-53,-12,-35
-53,-12,-35
-53,-12,-35
-53,-12,-35
-53,-12,-35
-52,-12,-35
-53,-12,-35
-53,-12,-35
-53,-12,-35
-52,-12,-35
-52,-12,-34
-53,-12,-35
-53,-12,-35
-53,-12,-35
-53,-12,-34
-52,-12,-34
-53,-12,-35
-53,-12,-35
-53,-12,-35
-53,-12,-35
-53,-12,-34
-53,-12,-34
-53,-12,-35
-53,-12,-35
-53,-12,-35
-53,-12,-35
-53,-12,-34
-53,-12,-35
-53,-12,-34
-53,-12,-35
-53,-12,-35
-53,-13,-35
-53,-13,-34
-53,-13,-35
-53,-13,-35
-53,-13,-35
-53,-13,-34
-53,-13,-35
-53,-13,-35
-53,-13,-35
-53,-13,-34
-53,-13,-34
-53,-13,-35
-53,-13,-35
-53,-13,-35
-53,-13,-34
-53,-13,-34
-53,-13,-35
-53,-13,-35
-53,-13,-34
-53,-13,-34
-53,-13,-35
-53,-13,-35
-53,-13,-34
-53,-13,-34
-53,-13,-34
-53,-13,-35
-53,-13,-35
-53,-13,-35
-53,-13,-34
-53,-13,-34
-53,-13,-35
-53,-13,-35
-53,-13,-34
-53,-13,-34
-53,-13,-34
-53,-13,-34
-53,-13,-34
-53,-13,-34
-53,-13,-34
-54,-13,-34
-53,-13,-34
-53,-13,-34
-53,-13,-34
-53,-13,-34
-53,-13,-34
-53,-12,-34
-53,-13,-34
-53,-12,-34
-53,-13,-34
-53,-13,-34
-53,-13,-34
-53,-13,-34
-53,-12,-34
-53,-13,-34
-53,-13,-34
-54,-13,-34
-53,-13,-34
-53,-13,-34
-53,-13,-34
-53,-13,-34
-53,-13,-34
-53,-13,-35
-53,-13,-34
-53,-13,-34
-53,-13,-34
-53,-13,-35
-53,-13,-34
-53,-13,-34
-53,-13,-34
-53,-13,-34
-53,-13,-34
-53,-13,-34
-53,-13,-35
-53,-13,-34
-53,-13,-34
-53,-13,-34
-53,-13,-34
-53,-13,-34
-53,-13,-34
-53,-12,-34
-52,-13,-35
-52,-13,-35
-53,-12,-35
-53,-12,-36
-52,-12,-35
-53,-12,-35
-53,-12,-35
-53,-12,-35
-53,-12,-35
-53,-13,-34
-53,-13,-34
-52,-13,-34
-52,-13,-34
-53,-13,-35
-53,-13,-35
-52,-12,-35
-53,-12,-35
-53,-12,-36
-53,-12,-35
-53,-12,-35
-52,-12,-35
-53,-12,-35
-52,-12,-35
-53,-12,-35
-52,-12,-35
-52,-12,-35
-53,-12,-35
-53,-12,-35
-52,-12,-35
-52,-12,-35
-53,-12,-35
-52,-12,-35
-52,-12,-35
-52,-12,-35
-53,-12,-35
-53,-12,-35
-52,-12,-35
-52,-12,-35
-52,-12,-35
-52,-12,-35
-53,-12,-35
-53,-13,-35
-53,-13,-35
-53,-12,-35
-53,-12,-35
-52,-12,-35
-52,-12,-35
-53,-12,-35
-52,-12,-35
-52,-12,-35
-52,-13,-35
-52,-13,-35
-52,-13,-35
-52,-13,-36
-52,-12,-35
-52,-13,-35
-52,-12,-35
-52,-13,-35
-53,-13,-35
-53,-13,-35
-52,-13,-35
-53,-13,-35
-52,-13,-35
-52,-13,-35
-52,-13,-35
-52,-13,-35
-52,-13,-35
-53,-13,-35
-52,-13,-35
-52,-13,-35
-52,-13,-35
-52,-13,-35
-52,-13,-35
-52,-13,-35
-52,-13,-35
-53,-13,-35
-52,-13,-35
-52,-13,-35
-52,-13,-35
-52,-13,-35
-52,-13,-35
-52,-13,-35
-52,-13,-35
-52,-13,-35
-52,-13,-35
-52,-13,-35
-52,-13,-35
-52,-13,-35
-52,-13,-35
-52,-13,-35
-52,-13,-35
-52,-13,-35
-52,-13,-35
-52,-13,-35
-52,-13,-35
-52,-13,-35
-52,-13,-35
-53,-13,-35
-52,-13,-35
-52,-13,-35
-52,-13,-35
-52,-13,-35
-52,-13,-35
-53,-13,-35
-52,-13,-35
-52,-13,-35
-52,-13,-35
-52,-13,-36
-52,-13,-35
-52,-13,-35
-52,-13,-35
-52,-13,-35
-52,-13,-35
-52,-13,-35
-52,-13,-35
-52,-13,-35
-52,-13,-35
-52,-13,-35
-52,-13,-35
-52,-13,-35
-52,-13,-35
-52,-13,-35
-52,-13,-35
-52,-13,-35
-52,-13,-35
-52,-13,-35
-52,-13,-35
-52,-13,-35
-52,-13,-35
-52,-13,-35
-52,-13,-35
-52,-13,-35
-52,-13,-35
-52,-13,-35
-52,-13,-35
-52,-13,-35
-52,-13,-35
-52,-13,-35
-53,-13,-35
-52,-13,-35
-52,-13,-35
-52,-13,-35
-53,-13,-35
-52,-13,-35
-52,-13,-35
-52,-13,-35
-52,-13,-35
-52,-13,-35
-53,-13,-35
-52,-13,-35
-52,-13,-34
-52,-13,-35
-52,-13,-35
-53,-13,-35
-52,-13,-35
-52,-13,-35
-52,-13,-35
-53,-13,-35
-53,-13,-35
-52,-13,-35
-52,-13,-35
-52,-13,-35
-52,-13,-35
-52,-13,-35
-52,-13,-35
-52,-13,-35
-52,-13,-35
-52,-13,-35
-52,-13,-35
-52,-13,-35
-52,-13,-36
-52,-13,-35
-52,-14,-35
-52,-13,-35
-52,-13,-35
-52,-13,-36
-52,-13,-35
-52,-13,-35
-52,-13,-35
-52,-13,-35
-52,-13,-35
-52,-14,-35
-52,-14,-35
-52,-13,-35
-52,-14,-35
-52,-13,-35
-52,-13,-35
-52,-13,-35
-52,-13,-35
-52,-13,-35
-52,-14,-35
-52,-14,-36
-52,-14,-36
-52,-13,-35
-52,-13,-35
-52,-13,-35
-52,-13,-35
-52,-13,-35
-52,-13,-35
-52,-13,-35
-52,-13,-35
-52,-13,-35
-52,-13,-35
-52,-14,-35
-52,-14,-35
-52,-14,-35
-52,-13,-35
-53,-13,-35
-52,-13,-35
-52,-13,-35
-52,-13,-35
-52,-13,-35
-52,-13,-35
-53,-13,-35
-52,-13,-35
-52,-13,-35
-52,-13,-35
-52,-13,-35
-52,-13,-35
-52,-13,-35
-52,-13,-35
-52,-13,-35
-52,-13,-35
-52,-13,-35
-52,-13,-35
-52,-13,-34
-52,-14,-35
-52,-13,-35
-52,-14,-35
-52,-13,-35
-52,-13,-35
-53,-13,-35
-52,-13,-35
-52,-13,-35
-52,-13,-35
-52,-13,-35
-52,-13,-35
-52,-13,-35
-52,-13,-35
-52,-13,-35
-52,-13,-35
-52,-13,-35
-52,-13,-35
-52,-13,-35
-52,-13,-35
-52,-13,-35
-52,-13,-35
-52,-13,-34
-52,-14,-35
-52,-13,-35
-52,-13,-35
-52,-13,-35
-52,-13,-35
-52,-13,-35
-53,-13,-35
-52,-13,-35
-52,-13,-35
-52,-13,-35
-52,-13,-35
-52,-13,-35
-52,-13,-35
-52,-13,-35
-52,-13,-35
-52,-13,-34
-52,-13,-35
-52,-13,-35
-53,-13,-35
-52,-13,-35
-52,-13,-35
-52,-14,-35
-52,-13,-35
-52,-13,-35
-52,-13,-35
-52,-13,-35
-52,-13,-35
-52,-13,-35
-53,-13,-35
-52,-13,-35
-52,-13,-35
-52,-13,-35
-52,-13,-35
-52,-13,-35
-52,-13,-35
-52,-13,-35
-52,-13,-35
-52,-13,-35
-52,-13,-35
-52,-13,-35
-52,-13,-35
-52,-13,-35
-52,-13,-35
-52,-13,-35
-52,-14,-35
-52,-14,-35
-52,-14,-35
-52,-13,-35
-52,-13,-35
-52,-13,-35
-52,-13,-35
-52,-14,-35
-52,-13,-35
-52,-13,-35
-52,-14,-35
-52,-13,-35
-52,-13,-35
-52,-14,-35
-52,-14,-35
-52,-13,-36
-52,-13,-35
-52,-13,-35
-52,-13,-36
-52,-13,-36
-52,-13,-37
-51,-13,-35
-51,-13,-34
-52,-15,-34
-52,-15,-35
-53,-14,-35
-53,-15,-36
-52,-15,-34
-50,-14,-34
-52,-15,-36
-56,-17,-36
-54,-16,-33
-52,-16,-30
-53,-17,-31
-55,-18,-33
-54,-18,-31
-53,-18,-29
-54,-18,-28
-54,-18,-29
-54,-18,-28
-56,-19,-30
-55,-17,-29
-53,-17,-29
-54,-18,-30
-54,-17,-30
-54,-17,-30
-53,-16,-30
-54,-17,-33
-54,-16,-33
-53,-16,-34
-53,-16,-34
-53,-15,-32
-54,-16,-33
-52,-16,-34
-52,-15,-36
-52,-15,-36
-51,-14,-36
-51,-14,-35
-52,-14,-36
-52,-15,-36
-52,-15,-35
-51,-15,-34
-52,-15,-35
-53,-15,-36
-52,-15,-34
-52,-15,-34
-53,-15,-34
-52,-15,-35
-52,-15,-36
-52,-15,-35
-52,-15,-34
-52,-15,-35
-52,-15,-35
-53,-15,-34
-52,-15,-34
-52,-15,-34
-52,-15,-34
-53,-15,-35
-52,-15,-35
-52,-15,-34
-52,-15,-34
-52,-15,-34
-52,-15,-34
-53,-15,-35
-52,-15,-35
-52,-15,-35
-52,-15,-35
-52,-15,-35
-52,-15,-34
-52,-15,-34
-52,-15,-34
-52,-15,-35
-52,-15,-35
-52,-15,-35
-53,-15,-34
-52,-15,-35
-52,-15,-35
-52,-15,-35
-52,-15,-35
-52,-15,-35
-52,-15,-35
-52,-15,-35
-52,-15,-35
-52,-15,-35
-52,-15,-35
-52,-15,-35
-52,-15,-34
-53,-15,-34
-52,-15,-34
-52,-15,-34
-52,-15,-34
-52,-15,-34
-52,-15,-35
-52,-15,-34
-52,-15,-34
-52,-15,-35
-52,-15,-34
-52,-15,-34
-52,-15,-34
-53,-15,-35
-53,-15,-35
-52,-15,-34
-52,-15,-34
-52,-15,-34
-52,-15,-35
-52,-15,-34
-52,-15,-34
-52,-15,-34
-52,-15,-35
-52,-15,-35
-52,-15,-35
-52,-15,-34
-52,-15,-34
-52,-15,-35
-52,-15,-35
-52,-15,-35
-52,-15,-34
-52,-15,-34
-52,-15,-35
-52,-15,-35
-52,-15,-34
-52,-15,-35
-52,-15,-34
-53,-14,-35
-52,-14,-35
-52,-14,-35
-52,-15,-34
-52,-14,-34
-53,-14,-35
-53,-15,-34
-52,-15,-34
-53,-15,-34
-52,-15,-34
-52,-15,-35
-53,-15,-34
-53,-15,-34
-52,-15,-35
-52,-15,-34
-52,-15,-34
-52,-15,-34
-53,-15,-35
-52,-15,-34
-52,-15,-34
-52,-15,-34
-53,-15,-35
-52,-15,-35
-52,-15,-34
-52,-15,-34
-53,-15,-35
-52,-15,-35
-52,-15,-34
-52,-15,-34
-52,-15,-35
-53,-15,-35
-53,-15,-34
-52,-15,-34
-52,-15,-34
-52,-15,-34
-52,-15,-34
-52,-15,-35
-52,-15,-34
-52,-15,-34
-52,-15,-34
-52,-15,-35
-53,-15,-34
-53,-15,-34
-52,-15,-34
-52,-15,-34
-52,-15,-35
-53,-15,-35
-52,-15,-34
-53,-14,-34
-52,-15,-34
-53,-15,-35
-52,-14,-35
-52,-14,-35
-52,-14,-34
-53,-15,-33
-53,-15,-35
-53,-15,-34
-53,-15,-33
-52,-14,-34
-52,-14,-34
-53,-14,-35
-53,-13,-35
-53,-14,-34
-53,-14,-34
-53,-13,-34
-53,-13,-35
-53,-13,-34
-52,-14,-34
-52,-14,-34
-53,-13,-34
-53,-13,-34
-53,-13,-34
-52,-13,-34
-53,-13,-35
-53,-12,-34
-53,-13,-34
-53,-13,-34
-53,-13,-35
-53,-13,-34
-53,-13,-35
-53,-13,-34
-53,-13,-34
-53,-13,-34
-53,-13,-35
-53,-13,-35
-53,-13,-34
-53,-13,-34
-53,-13,-35
-53,-13,-35
-53,-13,-35
-52,-13,-34
-52,-13,-35
-53,-13,-35
-53,-13,-35
-53,-13,-35
-52,-13,-34
-53,-13,-35
-53,-13,-35
-53,-13,-35
-52,-13,-34
-52,-13,-35
-53,-13,-35
-53,-13,-35
-53,-13,-35
-52,-13,-35
-52,-13,-35
-53,-13,-35
-52,-13,-35
-52,-13,-35
-52,-13,-35
-53,-13,-35
-53,-13,-35
-53,-13,-35
-52,-13,-34
-53,-13,-34
-53,-13,-35
-53,-13,-35
-53,-13,-34
-53,-13,-35
-53,-13,-34
-53,-13,-34
-53,-13,-34
-53,-13,-35
-53,-13,-35
-53,-13,-35
-53,-13,-35
-53,-13,-34
-53,-13,-35
-53,-13,-34
-52,-13,-35
-53,-13,-34
-53,-13,-34
-53,-13,-34
-52,-13,-35
-53,-12,-35
-53,-12,-35
-53,-12,-34
-53,-12,-34
-53,-12,-34
-53,-12,-35
-53,-13,-35
-53,-13,-35
-53,-13,-34
-53,-13,-35
-53,-13,-35
-53,-12,-35
-53,-12,-34
-53,-12,-35
-53,-12,-35
-53,-12,-34
-53,-12,-35
-53,-12,-34
-53,-12,-34
-53,-12,-35
-53,-12,-35
-53,-12,-35
-53,-12,-34
-53,-12,-34
-53,-12,-35
-53,-12,-35
-53,-12,-35
-53,-12,-34
-53,-12,-34
-53,-13,-34
-53,-13,-35
-53,-12,-34
-53,-12,-34
-53,-12,-35
-53,-12,-35
-53,-12,-35
-53,-12,-34
-53,-12,-34
-53,-12,-35
-53,-12,-35
-53,-12,-35
-53,-12,-34
-53,-12,-35
-53,-12,-35
-53,-12,-35
-53,-12,-35
-53,-12,-35
-53,-12,-35
-53,-12,-35
-53,-12,-34
-53,-12,-34
-53,-12,-35
-53,-12,-35
-53,-13,-35
-52,-12,-34
-53,-12,-34
-53,-12,-35
-53,-12,-35
-53,-12,-34
-53,-12,-34
-53,-12,-35
-53,-12,-35
-53,-13,-34
-52,-12,-34
-52,-13,-35
-53,-12,-35
-53,-12,-35
-53,-12,-34
-52,-12,-35
-53,-12,-35
-52,-12,-35
-53,-12,-34
-53,-13,-34
-53,-13,-35
-53,-13,-35
-53,-13,-35
-53,-13,-35
-52,-13,-35
-53,-13,-35
-53,-13,-35
-53,-13,-35
-53,-12,-35
-53,-13,-35
-53,-13,-35
-52,-13,-35
-53,-13,-35
-52,-13,-35
-52,-12,-35
-52,-13,-35
-53,-12,-35
-53,-12,-35
-53,-12,-35
-53,-12,-35
-53,-12,-35
-53,-12,-35
-53,-13,-35
-52,-13,-35
-53,-13,-35
-53,-13,-35
-53,-12,-35
-53,-12,-35
-53,-12,-35
-53,-12,-35
-53,-12,-34
-53,-12,-35
-53,-12,-35
-53,-12,-34
-53,-12,-34
-53,-12,-35
-53,-12,-35
-53,-12,-35
-53,-12,-35
-53,-12,-35
-53,-12,-35
-53,-12,-35
-53,-12,-34
-53,-12,-34
-53,-12,-35
-53,-13,-35
-53,-13,-35
-53,-12,-35
-52,-12,-34
-53,-12,-34
-53,-12,-34
-53,-12,-35
-53,-12,-35
-53,-12,-35
-53,-12,-34
-53,-12,-35
-53,-12,-35
-53,-12,-35
-53,-12,-35
-53,-12,-35
-53,-12,-35
-53,-12,-35
-53,-12,-35
-53,-12,-35
-53,-12,-34
-53,-12,-35
-53,-12,-35
-53,-12,-35
-53,-12,-35
-53,-12,-35
-53,-12,-35
-53,-12,-35
-53,-12,-35
-53,-12,-34
-53,-12,-34
-53,-12,-35
-53,-12,-35
-53,-12,-35
-53,-13,-35
-53,-12,-35
-53,-12,-34
-53,-12,-35
-53,-12,-35
-53,-12,-35
-53,-12,-34
-53,-12,-35
-53,-12,-35
-53,-12,-35
-53,-12,-34
-53,-12,-34
-53,-12,-35
-53,-12,-35
-53,-12,-34
-53,-12,-34
-53,-12,-35
-54,-12,-35
-53,-12,-35
-52,-12,-34
-52,-13,-35
-53,-13,-35
-53,-13,-35
-53,-13,-34
-53,-13,-34
-52,-13,-34
-53,-13,-35
-53,-13,-34
-53,-13,-34
-53,-14,-34
-53,-14,-35
-53,-14,-35
-53,-13,-34
-53,-14,-34
-53,-14,-34
-53,-14,-35
-53,-14,-34
-53,-14,-34
-53,-14,-34
-53,-13,-34
-53,-13,-34
-53,-14,-35
-53,-14,-34
-53,-14,-34
-53,-13,-35
-53,-13,-35
-53,-13,-35
-52,-13,-35
-52,-13,-35
-53,-13,-34
-53,-13,-35
-53,-13,-34
-53,-13,-34
-53,-13,-34
-53,-13,-35
-53,-13,-34
-53,-13,-34
-52,-13,-34
-53,-13,-35
-53,-13,-34
-53,-12,-34
-53,-12,-34
-53,-12,-34
-53,-12,-35
-53,-12,-34
-53,-12,-34
-53,-12,-35
-53,-12,-34
-53,-12,-34
-53,-12,-34
-53,-12,-34
-53,-12,-34
-53,-12,-35
-53,-12,-35
-53,-12,-34
-53,-12,-35
-53,-12,-34
-53,-12,-34
-53,-12,-34
-53,-12,-34
-53,-12,-34
-53,-12,-35
-53,-12,-34
-53,-12,-34
-53,-12,-34
-53,-12,-35
-53,-12,-34
-53,-12,-34
-53,-12,-34
-53,-12,-35
-53,-12,-35
-53,-12,-34
-53,-12,-34
-53,-12,-34
-53,-12,-35
-53,-12,-35
-53,-12,-34
-53,-12,-34
-53,-12,-35
-53,-12,-35
-53,-12,-35
-53,-12,-34
-53,-12,-34
-53,-12,-34
-53,-12,-34
-53,-12,-34
-53,-12,-34
-53,-12,-34
-53,-12,-34
-53,-12,-34
-53,-12,-34
-53,-12,-34
-53,-12,-34
-53,-12,-34
-54,-12,-35
-53,-12,-35
-53,-12,-34
-53,-12,-34
-53,-12,-35
-53,-12,-35
-53,-12,-34
-53,-12,-34
-53,-12,-34
-53,-12,-35
-53,-12,-35
-53,-12,-34
-53,-12,-34
-54,-12,-35
-53,-12,-34
-53,-12,-34
-53,-12,-34
-53,-12,-35
-53,-12,-34
-53,-12,-34
-53,-12,-34
-53,-12,-35
-53,-12,-35
-53,-12,-35
-53,-12,-34
-53,-12,-34
-53,-12,-35
-54,-12,-35
-53,-12,-34
-53,-12,-34
-53,-12,-34
-53,-13,-35
-53,-12,-35
-53,-13,-34
-53,-12,-34
-53,-12,-35
-53,-12,-35
-53,-12,-34
-53,-12,-34
-53,-12,-35
-53,-12,-35
-53,-12,-35
-53,-12,-35
-53,-12,-34
-53,-12,-35
-53,-12,-35
-53,-12,-35
-53,-13,-35
-53,-13,-35
-53,-12,-35
-53,-12,-34
-53,-12,-34
-53,-13,-35
-53,-13,-35
-53,-12,-34
-53,-13,-34
-53,-12,-34
-53,-12,-35
-53,-12,-35
-53,-12,-34
-53,-12,-34
-53,-12,-34
-53,-12,-35
-53,-12,-35
-53,-12,-34
-53,-12,-34
-53,-12,-35
-53,-12,-34
-53,-12,-34
-53,-12,-35
-53,-12,-35
-53,-12,-35
-53,-12,-34
-53,-12,-34
-53,-12,-34
-53,-12,-34
-53,-12,-35
-53,-12,-35
-53,-13,-34
-53,-13,-34
-53,-13,-34
-53,-13,-34
-54,-13,-34
-53,-13,-34
-53,-13,-34
-54,-13,-34
-54,-13,-34
-53,-13,-34
-53,-13,-36
-53,-13,-33
-53,-13,-33
-53,-13,-34
-53,-13,-34
-54,-13,-34
-53,-13,-33
-53,-13,-34
-53,-13,-34
-54,-13,-34
-53,-13,-34
-53,-13,-34
-54,-13,-34
-54,-13,-34
-54,-13,-34
-53,-13,-34
-54,-12,-34
-54,-13,-34
-54,-13,-34
-54,-13,-34
-53,-13,-34
-53,-13,-34
-54,-13,-34
-53,-13,-33
-53,-13,-34
-53,-13,-34
-53,-13,-34
-54,-13,-34
-53,-13,-34
-53,-13,-34
-53,-13,-33
-54,-13,-34
-53,-13,-34
-53,-13,-34
-53,-13,-34
-53,-13,-34
-54,-13,-34
-54,-13,-34
-54,-13,-34
-53,-13,-34
-53,-13,-34
-53,-13,-34
-54,-13,-34
-54,-13,-34
-53,-13,-34
-54,-13,-34
-53,-13,-33
-54,-13,-34
-53,-13,-34
-53,-13,-34
-53,-13,-34
-54,-13,-34
-54,-13,-34
-54,-13,-34
-53,-13,-34
-53,-13,-34
-54,-13,-34
-53,-13,-34
-53,-13,-34
-54,-13,-34
-54,-13,-34
-53,-13,-34
-53,-13,-34
-54,-13,-34
-53,-13,-34
-53,-13,-34
-53,-13,-34
-54,-13,-34
-53,-13,-34
-53,-13,-34
-53,-13,-34
-54,-13,-34
-53,-13,-34
-53,-13,-34
-53,-13,-34
-54,-13,-34
-54,-13,-34
-53,-13,-34
-53,-13,-34
-53,-13,-34
-53,-13,-34
-54,-13,-34
-54,-13,-34
-53,-13,-33
-53,-13,-34
-53,-13,-34
-54,-13,-34
-53,-13,-34
-53,-13,-33
-53,-13,-34
-53,-13,-34
-54,-13,-34
-54,-13,-34
-54,-13,-34
-54,-13,-34
-53,-13,-34
-54,-13,-34
-53,-13,-34
-53,-13,-34
-54,-13,-34
-54,-13,-34
-53,-13,-34
-54,-13,-34
-54,-13,-34
-54,-13,-34
-54,-13,-34
-53,-13,-34
-54,-13,-34
-53,-13,-34
-54,-13,-34
-54,-13,-34
-54,-13,-33
-54,-13,-34
-54,-13,-34
-54,-13,-34
-54,-13,-34
-54,-13,-34
-53,-13,-34
-53,-13,-33
-54,-13,-34
-54,-13,-34
-54,-13,-34
-53,-13,-34
-53,-13,-34
-54,-13,-34
-54,-13,-34
-54,-13,-34
-53,-13,-34
-54,-13,-34
-54,-13,-34
-54,-13,-34
-54,-13,-34
-53,-13,-34
-53,-13,-34
-54,-13,-34
-54,-13,-34
-53,-13,-34
-53,-13,-34
-53,-13,-34
-53,-13,-34
-53,-13,-34
-53,-13,-34
-53,-13,-34
-53,-13,-34
-53,-13,-34
-53,-13,-34
-53,-13,-34
-53,-13,-34
-53,-13,-34
-53,-13,-34
-53,-13,-34
-53,-13,-34
-53,-13,-34
-53,-13,-34
-53,-13,-33
-53,-13,-34
-54,-13,-34
-53,-13,-34
-53,-13,-34
-53,-13,-34
-53,-13,-34
-53,-13,-34
-53,-13,-34
-53,-14,-34
-53,-14,-34
-53,-13,-34
-53,-13,-34
-53,-13,-34
-53,-13,-34
-53,-13,-34
-53,-13,-34
-53,-13,-34
-53,-13,-34
-53,-13,-35
-54,-13,-35
-53,-13,-35
-52,-13,-34
-53,-13,-35
-53,-13,-35
-53,-13,-34
-53,-13,-34
-53,-13,-35
-53,-13,-35
-53,-13,-34
-53,-13,-34
-53,-14,-34
-53,-14,-34
-53,-14,-34
-53,-14,-34
-53,-14,-35
-53,-14,-34
-53,-14,-33
-54,-13,-34
-54,-14,-34
-53,-13,-34
-53,-14,-33
-53,-14,-34
-53,-14,-34
-53,-14,-33
-54,-14,-33
-53,-14,-34
-53,-14,-35
-53,-13,-34
-54,-14,-33
-54,-14,-34
-53,-14,-34
-53,-14,-33
-53,-15,-34
-53,-15,-34
-53,-14,-34
-53,-14,-34
-53,-14,-34
-54,-14,-34
-54,-13,-34
-53,-14,-34
-53,-14,-34
-53,-14,-34
-53,-14,-34
-53,-14,-34
-53,-14,-34
-53,-14,-33
-53,-14,-34
-53,-14,-34
-53,-14,-34
-53,-13,-34
-53,-14,-34
-53,-13,-34
-53,-14,-34
-53,-14,-34
-53,-14,-35
-53,-14,-34
-53,-14,-34
-53,-13,-34
-53,-13,-34
-54,-13,-34
-53,-14,-34
-53,-13,-34
-53,-13,-34
-53,-13,-34
-53,-13,-34
-54,-13,-34
-53,-14,-34
-53,-14,-34
-53,-14,-34
-53,-14,-34
-53,-13,-34
-53,-14,-34
-53,-13,-34
-53,-14,-34
-53,-14,-34
-53,-13,-34
-53,-14,-34
-53,-14,-33
-54,-14,-33
-53,-14,-34
-53,-13,-34
-53,-13,-34
-54,-13,-34
-54,-13,-35
-53,-14,-34
-53,-14,-33
-53,-13,-34
-53,-13,-34
-53,-14,-34
-53,-14,-34
-53,-14,-34
-53,-14,-34
-53,-14,-34
-54,-13,-34
-53,-13,-34
-53,-13,-34
-53,-14,-34
-53,-14,-34
-54,-14,-34
-53,-13,-34
-53,-13,-34
-53,-13,-35
-53,-14,-34
-53,-14,-34
-53,-13,-34
-53,-13,-34
-53,-13,-34
-54,-13,-34
-53,-13,-34
-53,-14,-34
-53,-13,-34
-53,-13,-34
-53,-13,-34
-53,-13,-34
-53,-13,-34
-53,-14,-34
-53,-13,-34
-53,-13,-34
-53,-13,-34
-53,-13,-34
-53,-13,-34
-53,-14,-34
-53,-13,-34
-53,-13,-34
-53,-14,-34
-53,-14,-34
-53,-14,-34
-53,-14,-34
-53,-14,-34
-53,-13,-34
-53,-14,-34
-53,-14,-34
-53,-14,-34
-53,-14,-34
-53,-14,-34
-53,-13,-34
-53,-14,-34
-53,-13,-34
-53,-14,-34
-53,-14,-34
-53,-14,-34
-53,-14,-34
-53,-13,-34
-53,-13,-34
-53,-14,-34
-54,-14,-34
-53,-14,-34
-53,-14,-34
-53,-13,-34
-53,-13,-34
-54,-13,-34
-54,-14,-34
-53,-14,-34
-53,-13,-34
-53,-13,-33
-53,-13,-34
-54,-13,-34
-54,-13,-34
-53,-13,-33
-54,-14,-33
-54,-14,-33
-54,-14,-34
-53,-13,-34
-54,-14,-33
-54,-14,-34
-54,-14,-33
-54,-13,-33
-54,-13,-34
-54,-13,-34
-54,-14,-33
-53,-13,-33
-53,-14,-33
-53,-13,-34
-54,-14,-34
-53,-14,-35
-53,-14,-34
-53,-14,-34
-53,-13,-35
-53,-14,-34
-53,-14,-34
-53,-14,-34
-53,-14,-34
-53,-14,-34
-53,-14,-34
-53,-14,-34
-53,-13,-34
-53,-13,-34
-53,-13,-34
-53,-13,-34
-53,-13,-34
-54,-13,-34
-53,-13,-34
-53,-13,-34
-53,-13,-34
-53,-13,-34
-53,-14,-34
-53,-13,-34
-53,-13,-34
-53,-13,-34
-53,-13,-34
-53,-14,-34
-53,-14,-34
-53,-14,-34
-53,-14,-34
-53,-14,-34
-53,-14,-34
-53,-14,-34
-53,-13,-34
-53,-13,-34
-53,-13,-34
-53,-13,-34
-53,-14,-34
-53,-13,-34
-53,-14,-34
-53,-13,-34
-53,-13,-34
-53,-13,-34
-53,-13,-34
-53,-13,-34
-53,-13,-34
-53,-13,-34
-53,-13,-34
-53,-13,-34
-53,-14,-34
-53,-14,-34
-53,-14,-34
-53,-14,-34
-53,-13,-34
-53,-14,-34
-53,-13,-34
-53,-13,-34
-53,-13,-34
-53,-13,-34
-53,-14,-34
-53,-13,-34
-53,-13,-34
-53,-13,-34
-53,-13,-34
-53,-14,-34
-53,-13,-34
-53,-14,-34
-53,-13,-34
-53,-13,-34
-53,-13,-34
-53,-14,-34
-53,-14,-34
-53,-14,-34
-53,-14,-34
-53,-14,-34
-53,-14,-34
-53,-14,-34
-53,-14,-34
-53,-14,-34
-53,-14,-34
-53,-14,-34
-53,-14,-34
-53,-14,-34
-53,-14,-34
-53,-14,-34
-53,-14,-34
-53,-14,-34
-53,-14,-34
-53,-14,-34
-53,-14,-34
-53,-14,-34
-53,-14,-33
-53,-14,-34
-53,-14,-34
-53,-14,-34
-53,-14,-34
-53,-14,-34
-53,-14,-34
-53,-14,-34
-53,-14,-34
-53,-13,-34
-53,-14,-34
-53,-14,-34
-53,-13,-35
-53,-14,-34
-53,-14,-34
-53,-14,-35
-53,-14,-34
-53,-14,-34
-53,-13,-34
-53,-13,-35
-53,-14,-35
-53,-14,-34
-53,-14,-34
-53,-14,-34
-53,-14,-34
-53,-14,-34
-53,-14,-34
-53,-14,-34
-53,-14,-34
-53,-13,-34
-54,-14,-34
-53,-14,-34
-53,-13,-34
-53,-14,-34
-53,-13,-34
-53,-13,-34
-53,-13,-34
-53,-13,-34
-53,-13,-34
-53,-13,-35
-53,-13,-35
-53,-13,-34
-53,-13,-34
-53,-13,-34
-53,-14,-34
-53,-14,-34
-53,-14,-34
-53,-13,-34
-53,-13,-34
-53,-13,-34
-53,-13,-34
-53,-13,-34
-53,-13,-34
-53,-13,-34
-53,-14,-34
-53,-13,-34
-53,-13,-34
-53,-13,-34
-53,-13,-34
-53,-13,-34
-53,-13,-34
-53,-13,-34
-53,-14,-34
-53,-13,-34
-53,-13,-34
-53,-13,-34
-53,-14,-34
-53,-14,-34
-53,-13,-34
-53,-13,-34
-53,-13,-34
-53,-13,-34
-54,-13,-34
-53,-13,-34
-53,-13,-34
-53,-13,-34
-53,-13,-34
-53,-13,-35
-53,-14,-34
-53,-13,-34
-53,-13,-34
-53,-13,-34
-53,-14,-35
-53,-13,-35
-53,-13,-34
-53,-14,-34
-53,-14,-34
-53,-14,-34
-53,-14,-34
-53,-14,-34
-53,-14,-34
-53,-14,-34
-53,-14,-34
-53,-13,-34
-53,-13,-34
-53,-14,-34
-53,-13,-34
-53,-14,-34
-53,-13,-34
-53,-13,-34
-53,-14,-34
-53,-14,-34
-53,-14,-34
-53,-14,-34
-53,-14,-34
-53,-13,-34
-53,-14,-34
-53,-14,-34
-53,-14,-34
-53,-14,-34
-53,-14,-34
-53,-14,-34
-53,-14,-34
-53,-14,-34
-53,-13,-34
-53,-14,-34
-53,-14,-34
-53,-14,-34
-53,-13,-34
-53,-14,-34
-53,-14,-35
-53,-14,-34
-53,-14,-34
-53,-13,-34
-53,-13,-34
-53,-14,-34
-53,-14,-34
-53,-14,-34
-53,-14,-34
-53,-14,-34
-53,-14,-34
-53,-14,-34
-53,-13,-34
-53,-13,-34
-53,-13,-34
-53,-13,-34
-53,-13,-34
-53,-13,-34
-53,-13,-34
-53,-13,-34
-53,-13,-34
-53,-14,-34
-53,-13,-34
-53,-13,-34
-53,-14,-34
-53,-14,-34
-53,-13,-34
-53,-13,-35
-53,-13,-34
-53,-13,-34
-53,-14,-34
-53,-14,-34
-53,-13,-34
-53,-13,-34
-53,-13,-34
-53,-13,-35
-53,-13,-34
-53,-13,-34
-53,-13,-34
-53,-13,-34
-53,-13,-34
-53,-13,-34
-53,-13,-34
-53,-13,-34
-53,-14,-34
-53,-14,-34
-53,-14,-34
-53,-13,-34
-53,-13,-34
-53,-13,-34
-53,-14,-34
-53,-13,-34
-53,-13,-34
-53,-14,-34
-53,-13,-34
-53,-14,-34
-53,-13,-34
-53,-13,-34
-53,-13,-34
-53,-13,-34
-53,-13,-34
-53,-13,-34
-53,-13,-34
-53,-13,-34
-53,-13,-34
-53,-13,-34
-53,-13,-34
-53,-13,-34
-53,-13,-34
-53,-13,-34
-53,-13,-34
-53,-13,-35
-53,-13,-35
-53,-13,-34
-53,-13,-34
-53,-14,-34
-53,-14,-34
-53,-14,-34
-53,-13,-34
-53,-13,-34
-53,-13,-34
-53,-13,-34
-53,-13,-34
-53,-13,-34
-53,-13,-34
-53,-13,-34
-54,-14,-33
-54,-14,-33
-53,-13,-34
-53,-13,-34
-54,-14,-33
-54,-14,-34
-53,-14,-34
-53,-14,-34
-53,-14,-34
-53,-14,-34
-53,-14,-34
-53,-14,-34
-53,-14,-34
-53,-14,-34
-53,-14,-34
-53,-14,-34
-53,-14,-34
-54,-14,-34
-54,-14,-34
-53,-14,-34
-53,-14,-34
-53,-14,-34
-53,-14,-34
-53,-14,-34
-53,-14,-34
-53,-14,-34
-53,-14,-33
-53,-14,-34
-54,-14,-34
-53,-14,-34
-53,-14,-34
-53,-14,-34
-54,-14,-34
-53,-14,-34
-53,-14,-34
-53,-14,-34
-53,-14,-34
-53,-14,-34
-54,-14,-34
-53,-14,-34
-53,-14,-34
-53,-14,-34
-53,-14,-34
-53,-14,-34
-53,-14,-34
-53,-14,-34
-53,-14,-34
-53,-14,-34
-53,-14,-34
-53,-14,-34
-53,-14,-34
-53,-14,-34
-53,-14,-34
-53,-14,-34
-53,-14,-34
-53,-14,-34
-53,-13,-34
-53,-14,-34
-53,-14,-34
-53,-14,-34
-53,-14,-34
-53,-14,-34
-53,-14,-34
-53,-13,-34
-53,-13,-34
-53,-14,-34
-54,-14,-34
-53,-14,-34
-53,-14,-34
-53,-14,-34
-53,-13,-34
-53,-14,-33
-53,-13,-34
-54,-13,-34
-54,-13,-34
-54,-14,-34
-53,-14,-33
-54,-14,-33
-53,-14,-34
-53,-14,-34
-54,-14,-33
-53,-14,-34
-54,-14,-34
-53,-13,-34
-53,-14,-34
-53,-14,-34
-54,-14,-34
-54,-14,-34
-53,-13,-34
-53,-14,-34
-53,-14,-34
-53,-14,-34
-53,-13,-34
-53,-13,-34
-53,-13,-34
-53,-13,-34
-53,-14,-34
-53,-13,-34
-53,-13,-34
-53,-14,-34
-53,-14,-34
-53,-14,-34
-53,-14,-34
-53,-14,-34
-53,-14,-34
-53,-14,-34
-53,-14,-34
-53,-14,-34
-53,-13,-35
-53,-13,-34
-53,-14,-34
-53,-14,-34
-53,-14,-34
-53,-14,-34
-53,-14,-34
-53,-13,-34
-53,-14,-34
-53,-14,-34
-53,-14,-34
-53,-14,-34
-53,-14,-34
-53,-14,-34
-53,-14,-34
-53,-14,-34
-53,-14,-34
-53,-14,-34
-53,-14,-34
-53,-14,-34
-53,-14,-34
-53,-14,-34
-53,-14,-34
-53,-14,-34
-53,-14,-34
-53,-14,-34
-52,-14,-34
-53,-14,-33
-53,-14,-33
-53,-14,-35
-53,-15,-35
-52,-15,-34
-52,-15,-34
-52,-15,-34
-52,-15,-35
-53,-15,-34
-53,-15,-34
-52,-15,-34
-52,-15,-34
-53,-15,-35
-53,-15,-34
-53,-15,-34
-52,-14,-34
-53,-15,-35
-52,-15,-34
-53,-15,-34
-53,-15,-34
-53,-15,-34
-53,-16,-34
-52,-16,-34
-53,-16,-34
-52,-16,-34
-52,-16,-34
-52,-15,-34
-53,-15,-34
-53,-15,-35
-52,-15,-34
-52,-15,-34
-52,-15,-34
-54,-14,-35
-53,-14,-35
-53,-14,-34
-53,-13,-34
-53,-13,-35
-53,-13,-35
-53,-13,-34
-53,-13,-34
-53,-13,-35
-53,-13,-34
-53,-13,-35
-53,-13,-35
-53,-13,-35
-53,-13,-35
-53,-13,-35
-53,-12,-35
-53,-12,-35
-53,-12,-35
-53,-12,-35
-53,-12,-35
-53,-12,-35
-53,-12,-35
-53,-12,-35
-53,-12,-35
-53,-12,-35
-53,-11,-34
-53,-12,-35
-53,-12,-35
-53,-11,-34
-53,-11,-34
-53,-12,-35
-54,-12,-35
-53,-12,-35
-53,-11,-34
-53,-11,-34
-54,-11,-35
-54,-11,-35
-54,-11,-35
-53,-11,-34
-53,-11,-34
-53,-11,-34
-54,-12,-35
-53,-12,-34
-53,-12,-34
-53,-11,-34
-53,-11,-34
-54,-12,-35
-54,-12,-35
-53,-12,-34
-53,-12,-34
-53,-12,-34
-53,-12,-35
-54,-12,-35
-53,-12,-35
-53,-12,-34
-54,-12,-34
-53,-12,-35
-53,-11,-35
-53,-12,-35
-53,-12,-35
-53,-12,-35
-52,-13,-34
-53,-12,-34
-54,-12,-35
-53,-12,-35
-53,-12,-34
-53,-12,-34
-53,-12,-34
-53,-12,-35
-53,-12,-34
-53,-12,-34
-53,-12,-35
-53,-12,-34
-53,-12,-34
-53,-12,-34
-53,-12,-34
-53,-12,-34
-53,-12,-34
-53,-12,-34
-53,-12,-34
-53,-12,-35
-53,-12,-33
-54,-12,-34
-53,-12,-35
-53,-12,-34
-53,-12,-34
-53,-12,-34
-53,-12,-34
-54,-12,-35
-54,-12,-34
-53,-11,-34
-54,-12,-34
-54,-12,-34
-54,-12,-34
-54,-12,-34
-54,-12,-34
-54,-12,-34
-54,-12,-34
-54,-12,-34
-53,-11,-35
-53,-12,-35
-54,-11,-35
-54,-11,-34
-53,-11,-34
-53,-12,-34
-53,-12,-35
-53,-12,-35
-53,-12,-34
-53,-12,-34
-54,-12,-35
-54,-12,-35
-53,-11,-34
-54,-12,-34
-53,-12,-35
-53,-12,-34
-53,-12,-34
-54,-12,-35
-53,-12,-34
-53,-12,-34
-53,-12,-34
-54,-12,-35
-54,-12,-35
-54,-11,-35
-53,-12,-34
-53,-12,-34
-53,-12,-34
-54,-12,-35
-54,-12,-35
-53,-12,-34
-53,-12,-34
-54,-12,-34
-54,-12,-35
-54,-12,-35
-53,-12,-34
-53,-12,-34
-54,-12,-35
-53,-12,-34
-54,-12,-34
-53,-12,-34
-53,-12,-34
-54,-12,-34
-54,-13,-34
-54,-13,-34
-54,-13,-34
-54,-13,-34
-53,-13,-34
-53,-14,-33
-53,-13,-33
-53,-13,-34
-54,-13,-33
-54,-14,-34
-53,-14,-34
-53,-13,-34
-53,-13,-34
-54,-13,-34
-54,-13,-34
-53,-13,-34
-53,-13,-33
-53,-13,-34
-53,-13,-34
-53,-13,-34
-53,-13,-34
-53,-13,-34
-53,-13,-34
-53,-13,-34
-53,-13,-34
-53,-13,-35
-53,-13,-34
-53,-13,-34
-53,-13,-34
-53,-13,-34
-53,-13,-34
-53,-13,-34
-53,-13,-34
-54,-13,-34
-53,-13,-34
-54,-13,-34
-54,-13,-34
-53,-13,-34
-53,-13,-34
-53,-13,-34
-53,-13,-34
-53,-13,-34
-53,-13,-34
-53,-13,-34
-53,-13,-34
-54,-13,-35
-53,-13,-35
-53,-13,-34
-53,-13,-34
-53,-13,-34
-53,-13,-34
-53,-13,-35
-53,-13,-34
-53,-13,-34
-53,-13,-34
-54,-13,-34
-53,-13,-34
-54,-13,-34
-53,-12,-35
-53,-13,-34
-53,-13,-34
-53,-13,-34
-54,-13,-34
-54,-13,-34
-54,-13,-34
-54,-13,-33
-54,-13,-33
-53,-13,-34
-53,-13,-34
-54,-13,-34
-54,-13,-33
-54,-14,-34
-53,-13,-34
-53,-13,-34
-53,-13,-34
-53,-13,-34
-53,-13,-34
-53,-13,-34
-54,-13,-35
-53,-13,-34
-53,-13,-34
-53,-13,-34
-53,-13,-34
-53,-13,-34
-53,-13,-34
-53,-13,-34
-54,-13,-34
-53,-13,-34
-53,-13,-34
-53,-13,-34
-54,-13,-34
-54,-13,-34
-53,-13,-34
-53,-13,-34
-53,-13,-34
-53,-13,-34
-53,-13,-34
-53,-13,-34
-53,-13,-34
-53,-13,-34
-54,-13,-34
-54,-13,-34
-54,-13,-33
-53,-13,-33
-53,-13,-34
-54,-13,-34
-54,-13,-34
-54,-13,-33
-53,-13,-34
-54,-13,-34
-54,-13,-34
-54,-13,-34
-54,-13,-34
-54,-13,-34
-53,-13,-34
-53,-13,-34
-54,-13,-34
-54,-14,-34
-53,-14,-33
-54,-14,-34
-54,-13,-34
-53,-13,-33
-54,-13,-34
-53,-14,-34
-53,-14,-34
-53,-13,-34
-53,-13,-34
-53,-13,-34
-53,-13,-34
-53,-13,-34
-53,-13,-34
-53,-13,-34
-53,-13,-34
-53,-13,-34
-53,-13,-33
-53,-13,-34
-53,-13,-34
-53,-13,-34
-54,-13,-34
-53,-13,-34
-53,-13,-34
-53,-13,-34
-53,-13,-34
-53,-13,-34
-53,-13,-34
-54,-13,-34
-53,-13,-34
-53,-13,-34
-53,-13,-34
-53,-13,-34
-53,-13,-34
-53,-13,-34
-53,-13,-34
-53,-13,-35
-53,-13,-34
-53,-13,-34
-53,-13,-34
-53,-13,-34
-53,-13,-34
-53,-13,-34
-53,-13,-34
-53,-13,-34
-53,-13,-34
-53,-13,-34
-53,-13,-34
-54,-13,-34
-54,-13,-34
-53,-14,-34
-53,-13,-34
-53,-13,-34
-53,-13,-34
-54,-13,-34
-54,-13,-34
-54,-13,-34
-53,-13,-34
-53,-13,-34
-54,-13,-34
-54,-13,-33
-53,-13,-34
-53,-13,-33
-54,-13,-34
-54,-13,-34
-54,-13,-34
-54,-13,-33
-54,-13,-33
-53,-13,-34
-54,-13,-34
-54,-13,-33
-54,-13,-33
-54,-13,-34
-54,-13,-34
-54,-14,-34
-53,-14,-34
-53,-13,-34
-53,-13,-34
-54,-13,-34
-53,-13,-34
-53,-14,-33
-53,-13,-34
-53,-13,-34
-53,-13,-34
-53,-13,-34
-54,-13,-34
-54,-13,-34
-53,-13,-34
-53,-13,-34
-54,-13,-34
-54,-13,-34
-54,-13,-34
-53,-13,-34
-54,-13,-34
-53,-13,-34
-54,-13,-34
-54,-13,-34
-54,-13,-34
-54,-13,-34
-54,-13,-34
-54,-13,-34
-53,-13,-34
-53,-13,-34
-53,-13,-34
-53,-13,-34
-53,-13,-34
-54,-13,-34
-54,-13,-34
-53,-13,-34
-53,-14,-34
-53,-13,-34
-53,-13,-34
-53,-14,-34
-53,-13,-34
-53,-13,-34
-53,-13,-34
-53,-13,-34
-53,-13,-34
-53,-13,-34
-54,-13,-34
-53,-13,-34
-53,-13,-34
-53,-13,-34
-53,-13,-34
-53,-13,-34
-53,-13,-34
-53,-13,-34
-53,-13,-34
-53,-13,-34
-53,-13,-34
-54,-13,-34
-54,-13,-34
-54,-13,-34
-53,-13,-34
-53,-13,-34
-54,-13,-34
-53,-13,-34
-53,-13,-34
-53,-13,-34
-54,-13,-34
-54,-13,-34
-53,-13,-34
-53,-13,-34
-54,-13,-34
-54,-13,-34
-54,-13,-34
-53,-13,-33
-54,-13,-34
-54,-13,-34
-54,-13,-34
-54,-13,-34
-54,-13,-34
-54,-13,-34
-54,-13,-34
-54,-13,-33
-54,-13,-33
-54,-13,-34
-54,-13,-34
-54,-13,-34
-53,-13,-33
-54,-13,-34
-54,-13,-34
-54,-13,-34
-54,-13,-34
-54,-13,-33
-53,-13,-33
-54,-13,-34
-54,-13,-34
-53,-13,-34
-53,-13,-34
-53,-13,-34
-54,-13,-34
-54,-13,-34
-54,-13,-34
-54,-13,-34
-53,-13,-34
-53,-13,-34
-54,-13,-34
-53,-13,-34
-54,-13,-34
-53,-13,-34
-54,-13,-34
-53,-13,-34
-53,-13,-34
-54,-13,-34
-54,-13,-34
-53,-13,-34
-54,-13,-34
-53,-13,-34
-53,-13,-34
-54,-13,-34
-53,-13,-34
-54,-13,-34
-53,-13,-34
-54,-13,-34
-54,-13,-34
-53,-13,-34
-53,-13,-34
-54,-13,-34
-53,-13,-34
-53,-13,-33
-53,-13,-34
-53,-13,-34
-54,-13,-34
-53,-13,-34
-54,-13,-34
-54,-13,-34
-53,-13,-34
-53,-13,-34
-53,-13,-34
-54,-13,-34
-54,-13,-34
-53,-13,-34
-53,-13,-34
-54,-13,-33
-53,-13,-34
-54,-13,-34
-54,-13,-34
-53,-13,-34
-54,-13,-34
-54,-13,-34
-54,-13,-34
-53,-13,-34
-53,-13,-34
-54,-13,-34
-54,-13,-34
-54,-13,-34
-53,-13,-34
-53,-13,-34
-53,-13,-34
-54,-13,-34
-54,-13,-34
-53,-13,-34
-53,-13,-34
-53,-13,-34
-53,-13,-34
-53,-13,-34
-53,-13,-34
-53,-13,-34
-53,-13,-34
-53,-13,-34
-53,-13,-34
-53,-13,-34
-53,-13,-34
-53,-13,-34
-53,-13,-34
-53,-13,-34
-53,-13,-34
-53,-13,-34
-53,-13,-34
-54,-13,-35
-53,-13,-34
-53,-13,-34
-53,-13,-34
-53,-13,-34
-53,-13,-34
-53,-13,-34
-53,-13,-34
-53,-13,-34
-53,-13,-34
-53,-13,-34
-53,-13,-34
-54,-13,-34
-54,-13,-34
-54,-13,-34
-54,-13,-34
-54,-13,-34
-54,-13,-34
-53,-13,-34
-54,-13,-34
-54,-13,-33
-53,-13,-34
-54,-13,-34
-54,-13,-34
-54,-13,-33
-54,-13,-33
-54,-14,-33
-54,-13,-34
-53,-13,-33
-53,-13,-33
-53,-13,-34
-54,-13,-34
-54,-13,-34
-54,-13,-34
-54,-13,-34
-53,-13,-34
-53,-13,-34
-53,-13,-34
-54,-13,-34
-53,-13,-34
-53,-13,-34
-53,-13,-34
-53,-13,-34
-53,-13,-34
-54,-13,-34
-54,-13,-34
-54,-13,-34
-53,-13,-34
-53,-13,-33
-53,-13,-34
-53,-13,-34
-53,-13,-34
-53,-13,-34
-53,-13,-34
-54,-13,-34
-54,-13,-34
-54,-13,-34
-54,-13,-34
-54,-13,-34
-53,-13,-34
-53,-13,-34
-54,-13,-34
-54,-13,-34
-54,-13,-34
-53,-13,-34
-53,-13,-34
-53,-13,-34
-54,-13,-34
-54,-13,-34
-54,-13,-34
-53,-13,-33
-54,-13,-34
-54,-13,-34
-54,-13,-34
-54,-13,-34
-54,-13,-34
-54,-13,-34
-53,-13,-33
-54,-13,-34
-54,-13,-34
-54,-13,-34
-54,-13,-34
-53,-13,-34
-54,-13,-33
-54,-13,-34
-53,-13,-34
-53,-13,-34
-53,-13,-34
-53,-13,-34
-54,-13,-34
-53,-13,-34
-53,-13,-33
-53,-13,-34
-54,-13,-34
-53,-13,-34
-53,-13,-34
-53,-13,-34
-53,-13,-34
-53,-13,-34
-53,-13,-34
-54,-13,-34
-53,-13,-34
-53,-13,-34
-53,-13,-34
-53,-13,-34
-53,-13,-34
-53,-13,-34
-53,-13,-34
-54,-13,-34
-53,-13,-34
-53,-13,-34
-53,-13,-34
-53,-13,-34
-54,-13,-34
-53,-13,-34
-53,-13,-34
-53,-13,-34
-53,-14,-34
-53,-13,-34
-54,-13,-34
-53,-13,-34
-53,-13,-34
-53,-13,-34
-53,-13,-34
-53,-13,-34
-53,-13,-34
-53,-13,-34
-53,-13,-34
-53,-13,-34
-53,-13,-34
-53,-13,-34
-53,-13,-34
-53,-13,-34
-53,-13,-34
-53,-13,-34
-53,-13,-34
-53,-13,-34
-53,-13,-34
-53,-13,-34
-53,-13,-34
-53,-13,-34
-53,-13,-34
-54,-13,-34
-54,-13,-34
-53,-13,-34
-53,-13,-34
-53,-13,-34
-53,-13,-34
-54,-13,-34
-53,-13,-34
-53,-13,-34
-53,-13,-34
-53,-13,-34
-53,-13,-34
-53,-13,-34
-53,-13,-34
-53,-13,-34
-54,-13,-34
-54,-13,-34
-53,-13,-34
-53,-13,-33
-54,-14,-33
-54,-14,-33
-54,-14,-33
-53,-14,-34
-53,-14,-33
-54,-13,-34
-53,-13,-34
-54,-14,-34
-54,-14,-35
-54,-14,-34
-53,-14,-33
-53,-14,-34
-53,-13,-34
-54,-13,-34
-53,-14,-34
-53,-14,-34
-53,-13,-34
-54,-14,-34
-54,-14,-34
-53,-14,-33
-53,-14,-34
-53,-14,-34
-53,-14,-34
-53,-14,-34
-53,-14,-34
-53,-13,-34
-54,-13,-34
-53,-13,-34
-53,-13,-34
-53,-13,-34
-54,-13,-34
-53,-13,-34
-53,-13,-34
-53,-13,-33
-53,-14,-34
-53,-13,-34
-54,-13,-34
-53,-13,-34
-53,-13,-34
-53,-13,-34
-53,-14,-34
-54,-14,-34
-54,-14,-34
-53,-14,-33
-53,-13,-34
-53,-13,-34
-54,-13,-33
-54,-13,-34
-53,-13,-34
-53,-13,-34
-54,-13,-34
-53,-13,-34
-54,-14,-34
-54,-14,-34
-53,-14,-34
-53,-13,-33
-53,-14,-34
-54,-13,-34
-54,-14,-34
-54,-14,-34
-53,-13,-34
-53,-14,-34
-53,-14,-34
-53,-14,-34
-53,-14,-34
-53,-14,-34
-53,-14,-34
-53,-13,-34
-53,-13,-34
-53,-13,-34
-54,-14,-34
-53,-14,-34
-53,-14,-34
-53,-14,-34
-53,-14,-34
-53,-14,-34
-53,-14,-34
-53,-14,-34
-53,-14,-34
-53,-14,-35
-53,-14,-34
-53,-14,-33
-52,-14,-34
-52,-15,-35
-53,-14,-35
-53,-14,-35
-52,-14,-34
-53,-13,-34
-53,-13,-35
-54,-12,-36
-54,-13,-35
-53,-13,-34
-54,-13,-32
-54,-14,-33
-53,-14,-33
-54,-14,-33
-54,-14,-33
-54,-13,-32
-54,-13,-33
-54,-13,-33
-54,-13,-32
-54,-13,-34
-53,-13,-34
-54,-13,-35
-52,-13,-34
-53,-13,-34
-53,-13,-35
-53,-13,-35
-53,-13,-35
-52,-13,-35
-53,-13,-36
-52,-13,-34
-52,-13,-34
-52,-12,-36
-52,-12,-37
-52,-12,-36
-52,-12,-36
-52,-12,-36
-52,-12,-36
-52,-12,-36
-52,-12,-36
-52,-12,-36
-52,-12,-37
-52,-12,-37
-52,-12,-36
-52,-12,-36
-52,-12,-36
-52,-12,-36
-52,-12,-36
-52,-12,-36
-52,-12,-36
-52,-12,-36
-52,-12,-36
-52,-12,-36
-52,-12,-36
-52,-12,-36
-52,-12,-36
-52,-12,-36
-52,-12,-36
-52,-12,-36
-52,-13,-36
-52,-13,-36
-52,-13,-36
-52,-13,-36
-52,-13,-36
-52,-13,-36
-52,-14,-36
-52,-13,-36
-51,-13,-36
-52,-14,-36
-52,-13,-36
-52,-13,-36
-52,-14,-36
-52,-14,-36
-52,-14,-36
-51,-14,-36
-52,-13,-36
-52,-13,-36
-52,-13,-36
-52,-14,-36
-52,-13,-36
-52,-14,-36
-52,-13,-36
-52,-13,-36
-52,-13,-36
-52,-14,-36
-52,-14,-36
-52,-14,-36
-51,-14,-35
-52,-13,-36
-52,-13,-36
-52,-13,-36
-52,-13,-36
-52,-13,-36
-52,-14,-36
-52,-14,-36
-52,-13,-36
-52,-13,-36
-52,-13,-36
-52,-13,-36
-52,-14,-36
-52,-14,-36
-52,-13,-36
-52,-14,-36
-52,-13,-36
-51,-13,-36
-52,-13,-36
-52,-13,-36
-52,-13,-36
-52,-14,-35
-52,-14,-35
-52,-14,-35
-52,-14,-35
-52,-14,-35
-52,-14,-34
-53,-14,-34
-53,-14,-34
-53,-15,-35
-53,-14,-34
-53,-15,-34
-53,-15,-33
-53,-15,-33
-54,-14,-33
-54,-15,-33
-54,-14,-34
-54,-14,-32
-54,-14,-32
-54,-14,-31
-55,-13,-32
-56,-13,-33
-54,-13,-33
-56,-13,-32
-56,-14,-32
-57,-14,-31
-59,-15,-32
-57,-13,-31
-58,-14,-30
-59,-11,-31
-60,-13,-33
-65,-8,-33
-65,-9,-35
-65,-7,-32
-65,-3,-30
-68,-1,-30
-71,2,-28
-65,3,-24
-71,18,-25
-77,19,-25
-75,21,-21
-75,22,-20
-76,24,-11
-74,27,-8
-66,29,2
-60,31,9
-56,30,13
-43,30,21
-35,29,22
-13,26,29
-1,24,30
22,20,30
38,18,30
60,18,29
64,17,26
60,16,27
56,17,28
50,12,28
51,1,28
50,0,26
52,-5,18
54,-8,19
59,-11,20
58,-11,20
50,-11,22
51,-12,20
54,-15,20
57,-14,23
53,-15,22
48,-17,17
55,-21,19
55,-19,24
52,-22,23
49,-26,20
51,-26,23
55,-26,22
50,-27,22
49,-33,15
49,-34,14
55,-32,19
50,-31,16
53,-30,10
56,-30,6
55,-28,4
54,-31,14
54,-31,16
50,-29,7
50,-30,10
49,-33,14
54,-31,18
55,-35,7
57,-36,6
57,-31,12
56,-31,11
54,-31,6
58,-31,-1
57,-30,-4
56,-26,-3
55,-27,-3
58,-28,-1
57,-30,-5
54,-31,-9
50,-32,-7
53,-32,2
56,-32,-2
54,-31,-5
53,-31,-7
54,-29,-8
56,-30,-9
57,-31,-9
54,-31,-14
56,-30,-14
54,-31,-17
55,-31,-17
56,-31,-19
55,-32,-20
52,-29,-16
53,-28,-13
53,-28,-11
53,-28,-11
52,-29,-12
53,-31,-12
53,-31,-12
52,-32,-14
52,-32,-15
52,-33,-15
52,-33,-14
51,-34,-13
51,-35,-13
50,-35,-13
51,-35,-12
51,-35,-11
50,-35,-12
50,-36,-12
50,-36,-12
50,-36,-12
50,-36,-12
50,-36,-12
50,-37,-11
50,-37,-11
49,-37,-10
50,-37,-10
50,-37,-11
52,-37,-11
52,-37,-11
51,-36,-12
51,-35,-12
52,-35,-11
53,-33,-9
54,-32,-9
55,-31,-9
58,-29,-9
59,-29,-10
62,-28,-10
62,-27,-9
63,-25,-8
66,-25,-8
70,-23,-5
68,-19,-3
64,-16,-2
66,-11,2
63,-10,2
60,-3,5
61,-1,4
67,-1,1
69,-1,-1
71,3,-3
73,3,-3
69,4,-6
65,6,-6
60,11,-8
51,13,-11
48,17,-13
51,21,-17
49,22,-19
45,24,-21
44,27,-22
42,32,-24
39,32,-24
34,30,-24
41,35,-14
35,33,-31
36,37,-29
30,33,-28
32,34,-35
33,37,-38
27,34,-39
24,32,-40
27,36,-50
16,34,-76
15,37,-54
8,33,-55
1,44,-44
1,43,-38
-3,46,-37
1,48,-37
4,47,-44
1,41,-50
-11,44,-58
-11,47,-41
-11,47,-39
-9,48,-39
-8,49,-38
-4,50,-38
-5,49,-39
-3,48,-39
-3,48,-39
-3,47,-37
-2,48,-37
-2,49,-38
-5,49,-37
-6,49,-36
-8,50,-35
-9,50,-35
-10,50,-35
-9,50,-35
-7,49,-35
-4,49,-35
1,48,-28
3,47,-25
7,46,-26
9,45,-39
8,42,-45
16,40,-51
19,38,-53
21,38,-56
25,39,-55
30,38,-51
32,39,-48
30,38,-40
30,37,-39
35,38,-40
35,39,-38
27,40,-35
28,40,-31
32,40,-31
33,39,-34
33,38,-34
36,37,-35
36,38,-36
34,37,-39
36,37,-38
38,37,-37
37,37,-36
37,37,-34
38,36,-32
40,36,-33
42,35,-31
42,34,-31
39,34,-31
38,35,-32
37,36,-32
37,36,-33
35,36,-34
37,36,-34
39,35,-32
43,33,-33
42,32,-35
40,32,-35
45,31,-36
43,32,-35
42,31,-35
42,30,-37
42,33,-36
41,30,-33
41,29,-32
41,32,-36
40,33,-37
40,28,-34
43,28,-32
39,33,-34
37,30,-37
36,30,-34
36,33,-38
36,32,-40
38,31,-39
39,30,-39
41,29,-40
41,28,-40
42,28,-40
41,28,-40
32,23,-46
34,26,-46
49,29,-29
45,25,-29
34,25,-40
48,28,-29
47,26,-27
43,25,-31
46,25,-29
50,23,-27
50,25,-27
47,22,-27
47,23,-25
53,27,-18
53,26,-18
55,29,-19
56,28,-15
56,28,-12
57,27,-9
56,27,-10
55,22,-12
54,19,-14
56,22,-9
58,19,-5
56,19,-5
56,21,-5
61,18,1
64,16,5
64,18,4
65,13,11
64,16,12
64,12,10
62,11,9
63,10,11
64,9,6
64,8,16
62,10,17
60,11,13
60,11,12
61,9,16
62,9,18
67,10,25
68,12,25
66,12,20
66,9,13
68,10,15
65,11,17
53,13,4
53,14,-8
58,14,-4
56,16,-2
58,5,-5
53,12,-2
51,17,-8
51,18,-11
59,20,-7
59,17,-7
55,18,-13
56,22,-11
57,19,-9
58,19,-5
58,22,-4
59,20,-6
61,23,-6
60,22,-3
58,21,0
58,20,-1
59,21,1
61,19,1
60,20,-1
60,18,-1
60,20,0
59,21,-2
59,20,-3
60,23,-2
59,22,-2
59,20,-5
58,21,-7
59,23,-6
56,22,-7
56,21,-8
59,22,-6
59,22,-6
57,19,-8
58,19,-8
57,18,-8
55,14,-11
56,20,-9
55,25,-7
53,15,-10
55,11,-12
58,27,-4
57,21,0
53,20,-1
57,22,-8
61,21,-4
57,17,5
55,19,9
53,20,6
53,20,6
56,15,13
55,12,12
58,12,18
62,21,22
52,28,21
57,22,25
62,20,15
61,19,3
60,15,-2
61,17,14
61,15,19
58,12,29
59,10,27
60,9,16
59,9,12
59,9,17
61,7,22
62,5,31
61,6,28
59,6,25
59,6,23
59,5,24
59,3,26
58,3,27
56,3,25
56,3,25
57,3,26
58,3,26
57,1,26
55,2,26
55,2,27
61,1,27
61,1,24
57,2,23
57,3,23
57,1,22
57,2,22
56,0,24
56,0,25
54,-2,23
54,-1,21
55,-1,24
54,-2,30
62,-3,30
62,-5,20
61,-4,17
58,-9,20
59,-9,18
59,-12,19
59,-13,21
55,-9,22
57,-3,22
64,-19,16
89,-28,19
77,-49,19
96,-36,17
55,-34,-3
43,-25,-18
45,-21,-17
50,-4,-15
55,6,-22
48,21,-26
48,14,-22
50,19,-13
49,21,-13
41,22,8
46,29,14
43,19,12
10,20,7
-6,20,-2
-46,5,-29
-76,18,-12
-106,28,6
-105,24,-7
-100,36,12
-99,38,29
-107,31,20
-109,22,5
-115,19,6
-93,27,23
-97,15,17
-71,9,7
-69,8,8
-63,6,10
-60,9,10
-63,14,5
-63,12,1
-66,18,1
-69,20,2
-69,21,4
-66,21,5
-67,19,7
-68,17,10
-63,16,16
-60,16,19
-56,13,21
-52,6,25
-51,5,29
-46,4,27
-46,3,26
-55,0,19
-60,2,21
-58,8,29
-52,13,26
-57,16,24
-51,18,37
-59,15,25
-57,28,26
-68,26,24
-54,26,23
-48,27,27
-49,32,29
-48,30,25
-48,32,21
-47,29,17
-60,31,17
-42,26,29
-44,25,33
-56,17,24
-63,17,25
-64,17,25
-49,23,24
-55,16,12
-64,20,0
-71,32,-12
-63,34,1
-46,34,0
-49,33,-11
-53,27,-22
-41,28,-32
-61,15,-8
-58,16,26
-70,19,25
-85,13,15
-64,4,32
-70,14,20
-56,10,20
-40,18,26
-62,23,17
-56,24,4
-50,26,1
-60,30,-2
-60,30,-4
-60,29,-1
-63,26,2
-66,25,3
-64,21,5
-62,20,6
-63,19,6
-63,19,4
-60,17,4
-60,18,3
-60,19,4
-61,19,5
-61,19,5
-61,22,3
-62,23,3
-62,24,1
-60,24,2
-60,25,-2
-63,25,-5
-63,25,-4
-61,25,-5
-59,24,-3
-61,24,-3
-61,24,-4
-60,24,-3
-58,24,-3
-58,25,-3
-58,24,-5
-62,25,-6
-61,25,-6
-58,25,-4
-59,24,-3
-60,26,-5
-60,26,-6
-57,27,-6
-57,27,-4
-67,18,-1
-52,21,-2
-57,23,-6
-65,28,-10
-43,21,-2
-62,25,-5
-64,25,-9
-58,27,-10
-58,29,-13
-56,31,-20
-58,33,-22
-53,33,-15
-51,32,-15
-55,31,-15
-55,29,-10
-65,22,-2
-60,19,10
-63,18,14
-67,16,17
-65,17,18
-61,14,19
-60,15,19
-60,15,18
-60,16,19
-57,16,19
-56,17,18
-57,17,18
-60,19,19
-61,19,19
-61,19,20
-61,19,19
-60,18,17
-61,18,16
-58,19,18
-56,19,18
-56,20,19
-58,20,19
-63,19,19
-64,19,22
-61,18,27
-58,18,28
-55,18,31
-50,17,37
-45,15,42
-42,12,47
-41,11,45
-43,8,47
-40,5,51
-37,6,54
-34,7,48
-32,8,49
-41,5,55
-43,7,54
-36,9,49
-35,9,51
-38,10,51
-42,7,51
-35,7,50
-32,1,56
-38,3,56
-42,4,54
-38,6,53
-29,4,53
-31,2,53
-34,1,53
-33,0,55
-34,-1,58
-38,-1,56
-40,2,50
-38,2,50
-38,3,50
-40,2,48
-39,3,47
-39,6,45
-46,9,43
-49,9,43
-54,11,44
-57,12,44
-56,12,42
-52,10,41
-51,9,41
-47,7,42
-46,5,43
-48,3,44
-49,2,44
-50,2,44
-49,2,44
-47,4,44
-47,4,44
-49,5,46
-50,6,47
-50,7,48
-50,10,50
-50,11,50
-48,13,51
-46,15,52
-43,14,52
-42,15,51
-42,16,46
-40,15,43
-42,15,36
-44,16,32
-48,10,26
-49,5,24
-57,-1,20
-58,-3,17
-63,1,11
-71,1,8
-66,8,8
-67,21,8
-77,28,4
-48,30,9
-41,30,18
-57,39,14
-63,41,8
-61,41,2
-43,42,14
-37,43,23
-42,40,17
-46,41,17
-42,40,22
-40,38,27
-39,38,26
-43,38,24
-45,37,25
-48,37,25
-52,35,18
-47,36,21
-46,37,26
-51,37,22
-53,39,21
-48,39,20
-45,37,21
-50,37,16
-48,36,14
-44,36,16
-46,35,19
-48,35,18
-53,36,15
-51,39,16
-49,39,14
-53,39,12
-58,41,12
-54,41,14
-43,41,19
-42,39,20
-50,40,19
-50,41,20
-49,40,21
-49,37,22
-46,37,28
-46,37,30
-51,34,25
-49,34,27
-47,35,26
-46,35,25
-45,35,26
-48,35,25
-48,36,25
-46,37,26
-46,36,27
-46,36,27
-45,36,27
-47,36,25
-47,37,26
-43,37,28
-44,35,28
-46,36,26
-45,37,28
-41,37,31
-37,35,34
-37,34,32
-45,34,29
-46,35,27
-41,37,30
-41,33,29
-48,27,18
-52,29,14
-62,27,-2
-60,21,-11
-64,21,-13
-66,23,-17
-67,22,-19
-63,21,-16
-63,20,-17
-62,19,-20
-60,19,-20
-58,20,-16
-58,20,-16
-58,19,-16
-60,19,-18
-60,19,-18
-60,19,-17
-60,18,-18
-60,18,-18
-59,18,-17
-58,18,-17
-57,19,-17
-60,18,-18
-59,18,-19
-61,18,-19
-61,18,-18
-61,18,-18
-61,18,-18
-61,18,-15
-58,18,-9
-59,17,-9
-61,18,-9
-61,18,-10
-62,18,-8
-63,18,-8
-62,18,-8
-63,18,-6
-63,18,-5
-63,19,-3
-61,19,0
-61,20,0
-63,20,1
-63,21,3
-61,21,7
-58,21,8
-59,21,7
-65,22,4
-65,22,5
-60,23,10
-60,23,12
-60,24,14
-59,25,17
-55,25,23
-48,24,27
-53,24,29
-51,25,31
-48,24,32
-46,24,36
-47,26,37
-44,22,36
-44,23,37
-43,23,41
-41,23,42
-45,24,38
-47,21,37
-47,23,41
-41,23,43
-40,18,34
-62,21,19
-58,24,19
-68,25,12
-70,27,14
-63,27,14
-62,25,16
-65,25,16
-59,22,19
-46,14,37
-46,12,42
-42,17,45
-46,15,39
-43,15,40
-46,15,37
-41,16,40
-45,18,44
-47,16,44
-40,20,46
-41,20,47
-43,16,51
-40,14,46
-42,15,49
-39,14,48
-36,13,48
-37,13,46
-38,13,47
-39,12,48
-38,10,52
-45,13,47
-50,12,44
-48,11,45
-45,12,46
-44,10,42
-52,9,39
-57,9,37
-54,9,39
-47,8,40
-54,8,34
-57,8,32
-59,7,29
-57,7,31
-54,8,33
-56,8,32
-57,8,34
-56,6,36
-50,1,30
-50,-4,26
-49,-2,26
-49,-2,27
-43,0,25
-36,0,17
-45,-4,16
-53,-8,9
-55,-7,3
-73,-10,-2
-68,-10,9
-77,-10,-12
-92,-7,-14
-73,-5,-5
-65,-7,1
-60,-12,4
-64,-17,-3
-110,-29,26
-70,-25,25
-60,-26,19
-58,-26,13
-58,-29,11
-56,-26,24
-58,-28,23
-55,-31,22
-51,-29,30
-50,-31,29
-52,-30,27
-51,-34,29
-49,-36,29
-49,-36,29
-47,-36,29
-48,-38,27
-44,-39,28
-44,-39,29
-42,-40,32
-41,-41,33
-40,-40,37
-41,-40,36
-38,-38,30
-36,-39,31
-33,-41,32
-31,-39,27
-31,-39,27
-34,-48,36
-37,-49,39
-41,-47,40
-41,-44,38
-39,-42,34
-34,-40,33
-29,-42,31
-27,-46,34
-29,-49,26
-31,-47,24
-30,-40,13
-41,-70,5
-37,-55,6
-41,-59,8
-45,-59,-2
-44,-54,-11
-46,-56,-7
-42,-72,18
-36,-70,32
-39,-66,21
-64,-64,13
-30,-50,15
-30,-44,23
-57,-37,3
-70,-40,7
-62,-41,12
-48,-25,11
-23,-21,14
-6,-16,0
-47,-42,-14
-72,-52,-29
-78,-44,-50
-12,-43,-23
9,-64,-7
10,-103,13
-21,-87,-23
-38,-78,-18
-35,-61,-8
-28,-65,-1
-27,-60,-8
-27,-61,-14
-26,-52,-19
-26,-49,-14
-44,-57,-13
-31,-57,-8
-24,-58,-7
-28,-56,-12
-26,-53,-16
-33,-61,-10
-32,-60,-10
-32,-56,-12
-42,-54,-11
-32,-58,-11
-33,-58,-13
-24,-55,-15
-34,-56,-10
-40,-54,-10
-37,-51,-11
-42,-55,-9
-43,-56,-11
-33,-44,-21
-55,-41,-21
-53,-48,-12
-44,-41,-14
-42,-29,-21
-23,-21,-16
-35,-31,-13
-44,-34,-5
-64,-34,-10
-66,-44,-19
-70,-77,96
-127,-49,-3
-38,-78,-27
-44,-65,-84
-28,-34,-44
-41,-17,-12
-32,-19,-21
-36,-21,-22
-30,-20,-21
-33,-15,-24
-40,-11,-30
-52,-13,-25
-57,-7,-36
-54,-9,-37
-64,-9,-29
-58,-2,-44
-55,1,-46
-60,3,-42
-59,3,-45
-44,4,-38
-45,7,-39
-53,8,-41
-53,9,-45
-45,9,-42
-48,10,-39
-49,8,-40
-45,9,-39
-45,10,-41
-42,9,-36
-41,9,-44
-45,10,-42
-45,9,-43
-41,8,-43
-42,9,-44
-43,9,-49
-44,10,-46
-43,10,-45
-42,10,-45
-46,10,-48
-46,11,-46
-45,11,-44
-47,11,-46
-46,12,-45
-47,12,-43
-48,12,-44
-45,15,-45
-46,15,-45
-45,15,-46
-45,16,-45
-47,16,-45
-48,16,-48
-50,14,-46
-49,11,-48
-48,9,-45
-47,5,-43
-44,3,-43
-38,5,-43
-38,8,-42
-40,11,-40
-41,6,-38
-43,-1,-41
-45,-1,-42
-47,-6,-29
-50,-9,-21
-44,-21,-8
-47,-35,-5
-47,-39,-6
-52,-48,-17
-54,-53,-25
-50,-54,-33
-51,-47,-33
-46,-49,-26
-47,-50,-19
-32,-58,-17
-35,-60,-25
-24,-57,-12
-11,-51,2
3,-54,-1
-1,-64,-3
0,-75,5
-11,-90,5
-18,-106,4
-43,-109,13
-5,-92,-11
21,-91,-10
27,-84,-17
10,-70,-28
8,-64,-23
5,-66,-28
6,-67,-17
-4,-54,-14
-5,-61,-23
14,-63,-12
-5,-62,-26
-20,-55,-19
-9,-56,-20
-11,-52,-21
-11,-60,-22
-29,-56,-27
-38,-49,-31
-32,-50,-29
-36,-51,-13
-38,-49,-17
-41,-55,-29
-58,-46,-17
-48,-51,-17
-34,-49,-2
-46,-47,5
-55,-54,-8
-50,-50,-8
-52,-48,-9
-40,-42,-11
-41,-43,-3
-24,-59,1
-84,-79,-13
-48,-29,5
-52,-42,1
-52,-40,5
-52,-38,3
-53,-39,5
-54,-38,6
-55,-37,4
-55,-36,3
-55,-37,1
-53,-37,3
-51,-38,5
-50,-38,5
-51,-39,5
-49,-39,5
-51,-39,5
-54,-39,5
-55,-40,5
-53,-41,3
-52,-41,4
-52,-41,4
-52,-41,5
-51,-39,6
-51,-38,6
-51,-37,4
-52,-38,3
-54,-38,1
-56,-39,2
-55,-38,3
-52,-38,4
-52,-38,4
-53,-38,4
-54,-38,3
-54,-39,3
-54,-39,4
-56,-40,4
-56,-40,5
-53,-38,6
-51,-37,6
-52,-35,3
-56,-35,3
-57,-35,3
-57,-35,2
-56,-36,3
-56,-37,3
-57,-37,3
-57,-40,4
-57,-40,6
-55,-41,8
-52,-41,9
-47,-40,10
-50,-34,8
-55,-33,6
-54,-32,6
-54,-32,5
-58,-31,4
-59,-30,4
-60,-28,5
-59,-27,6
-58,-28,9
-58,-29,9
-59,-30,12
-61,-31,13
-66,-33,13
-68,-32,11
-71,-27,14
-71,-22,12
-72,-17,10
-72,-5,7
-74,0,4
-84,5,-1
-82,2,0
-73,3,2
-75,4,2
-76,-1,4
-72,-4,2
-58,-1,4
-54,1,8
-47,-5,12
-43,-10,21
-40,-10,31
-33,-8,29
-43,-5,28
-49,2,37
-44,5,34
-27,4,54
-46,3,54
-63,12,20
-70,17,10
-68,25,8
-71,24,9
-72,24,7
-41,25,29
-42,21,33
-52,18,47
-63,18,42
-41,11,58
-33,15,55
-52,17,38
-41,19,44
-44,15,52
-41,14,47
-44,12,48
-41,19,40
-45,18,36
-63,16,34
-59,17,40
-51,15,41
-49,15,39
-41,14,43
-45,15,36
-52,17,32
-52,16,36
-51,16,35
-54,16,34
-57,18,35
-55,16,36
-58,17,35
-53,17,36
-41,14,37
-39,14,30
-58,16,19
-61,19,17
-57,19,17
-58,23,10
-58,30,6
-63,30,4
-65,32,-3
-60,32,1
-65,29,-8
-61,28,-7
-62,22,1
-69,20,0
-65,12,9
-50,11,25
-53,12,30
-48,17,29
-56,21,18
-68,23,12
-65,36,-5
-54,36,7
-60,35,-1
-58,37,-13
-64,36,-18
-50,31,-27
-25,19,-8
-49,13,28
-60,20,21
-76,22,4
-79,20,14
-62,14,30
-49,9,29
-60,15,18
-61,17,16
-52,22,9
-53,27,4
-57,28,1
-61,28,-3
-58,29,-2
-57,29,1
-59,28,2
-61,25,5
-54,24,8
-63,19,10
-67,16,10
-66,15,10
-66,16,9
-62,20,6
-60,21,7
-61,20,8
-62,20,9
-62,20,9
-61,20,10
-60,20,9
-59,22,9
-58,22,8
-58,22,8
-59,21,9
-58,19,7
-64,20,3
-66,21,3
-64,21,6
-63,22,6
-61,21,7
-61,21,7
-59,20,7
-77,15,11
-44,15,20
-50,15,13
-74,24,-7
-61,23,-7
-49,26,-2
-61,30,-9
-64,30,-9
-62,29,-2
-62,27,3
-58,20,16
-56,16,25
-61,12,34
-62,12,31
-54,8,40
-48,6,46
-40,3,48
-36,-3,57
-32,0,62
-39,7,42
-40,7,42
-35,2,53
-34,-1,56
-38,0,51
-37,1,45
-36,-7,52
-41,-5,54
-48,-4,50
-46,-3,48
-43,1,46
-44,4,43
-49,8,39
-52,11,36
-54,12,35
-57,13,34
-59,13,35
-58,11,37
-57,9,37
-53,7,35
-52,6,37
-55,6,36
-55,6,34
-55,4,36
-57,5,36
-58,4,35
-53,4,36
-53,4,36
-52,3,36
-52,3,36
-52,5,36
-52,6,36
-54,8,37
-56,8,37
-58,10,37
-59,11,36
-60,10,37
-54,9,37
-54,10,36
-54,9,39
-47,7,44
-42,7,50
-40,8,50
-32,10,46
-29,11,49
-26,9,41
-34,7,27
-74,6,-9
-83,15,-14
-70,15,-8
-58,14,-6
-59,12,-3
-64,4,-1
-65,2,1
-70,7,1
-70,8,-10
-61,18,-16
-61,17,-13
-50,20,-10
-58,20,-11
-62,22,-15
-64,19,-14
-60,13,-15
-68,13,-9
-73,8,-6
-68,0,1
-74,0,-2
-42,-5,-3
-22,-4,10
-30,-15,15
-47,-22,-1
-39,-29,10
-50,-34,9
-64,-51,9
-67,-59,1
-49,-70,8
-24,-87,26
-43,-94,9
-67,-93,-18
-69,-90,-28
-54,-75,-37
-54,-70,-44
-51,-63,-43
-50,-62,-42
-56,-68,-27
-63,-70,-21
-77,-73,7
-49,-68,28
-22,-82,36
-7,-118,10
9,-102,0
27,-83,-24
29,-69,-28
-12,-63,-52
2,-55,-39
7,-45,-30
-2,-40,-31
-8,-36,-38
-4,-30,-32
1,-29,-35
-13,-26,-46
48,-43,-14
-26,-54,-47
-19,-60,-47
-14,-49,-29
-20,-58,-38
-18,-58,-42
-16,-56,-39
-16,-51,-34
-15,-51,-34
-14,-55,-31
-11,-58,-28
-8,-60,-23
-9,-63,-31
-3,-59,-30
-5,-54,-24
-6,-49,-31
6,-59,-34
4,-65,-14
-2,-65,-12
-4,-64,-24
6,-58,-35
5,-56,-35
6,-54,-33
11,-55,-29
5,-60,-15
-1,-64,-18
1,-60,-28
11,-51,-36
8,-49,-30
5,-57,-20
5,-60,-19
4,-59,-17
2,-62,-30
8,-55,-26
6,-58,-25
6,-62,-30
8,-60,-29
6,-55,-30
7,-62,-29
6,-63,-25
3,-61,-29
6,-60,-31
9,-61,-33
4,-58,-31
2,-59,-23
4,-62,-29
9,-60,-42
13,-59,-45
3,-56,-31
3,-54,-36
4,-52,-34
5,-52,-34
6,-52,-35
-6,-53,-33
-4,-54,-36
11,-54,-38
1,-54,-36
13,-54,-36
16,-55,-33
5,-55,-38
0,-54,-36
3,-55,-34
4,-53,-35
1,-53,-34
6,-55,-36
8,-54,-35
0,-55,-33
4,-55,-36
12,-57,-37
15,-56,-36
6,-53,-36
3,-52,-31
7,-51,-34
8,-52,-34
-2,-55,-30
5,-56,-33
7,-57,-34
4,-59,-32
8,-58,-34
6,-55,-31
3,-54,-32
8,-54,-33
9,-55,-30
4,-56,-31
4,-55,-31
5,-55,-32
4,-55,-31
6,-56,-32
10,-55,-31
7,-56,-30
7,-56,-35
8,-57,-29
8,-55,-32
4,-54,-32
3,-55,-30
3,-55,-31
8,-55,-30
6,-55,-30
6,-56,-32
8,-56,-31
8,-56,-31
7,-54,-31
3,-55,-31
6,-55,-30
6,-55,-31
1,-54,-31
4,-54,-31
5,-56,-32
-1,-56,-32
7,-58,-32
6,-56,-31
-4,-53,-34
4,-53,-31
5,-55,-34
-2,-53,-39
-1,-51,-35
-3,-53,-33
-8,-54,-37
1,-52,-37
-1,-52,-34
-13,-49,-35
-17,-49,-39
-20,-46,-38
-10,-45,-27
-23,-43,-24
-61,-54,-47
-66,-16,-128
127,-128,65
84,-118,55
-28,-108,31
-11,-105,37
-26,-110,22
-33,-93,7
-43,-73,-11
-48,-69,-29
-35,-31,-56
-30,-14,-59
-56,-14,-78
-47,-30,-40
-49,-33,-26
-33,-24,-38
-37,-24,-31
-50,-13,-27
-43,-10,-25
-50,4,-36
-54,9,-39
-53,15,-37
-51,17,-40
-50,24,-47
-50,24,-48
-46,24,-43
-46,27,-46
-47,27,-48
-45,25,-46
-46,25,-45
-44,24,-43
-41,24,-46
-41,22,-41
-39,19,-40
-41,16,-39
-42,15,-36
-42,14,-29
-40,14,-28
-46,15,-26
-50,20,-26
-51,21,-25
-53,24,-26
-56,25,-30
-53,27,-29
-48,28,-25
-47,31,-26
-47,32,-29
-50,33,-26
-53,32,-24
-57,29,-22
-58,28,-18
-60,25,-16
-58,25,-15
-59,25,-13
-60,25,-13
-59,24,-11
-58,24,-3
-56,25,-3
-58,25,-4
-62,25,-3
-58,25,-2
-58,25,0
-57,24,0
-55,24,2
-58,24,-1
-59,25,-2
-59,22,-1
-59,24,4
-61,25,1
-63,25,-1
-59,24,3
-58,23,7
-60,24,5
-61,24,7
-57,25,12
-62,23,6
-60,24,10
-57,26,14
-61,25,10
-61,24,12
-56,26,17
-57,25,17
-54,25,22
-51,24,26
-55,26,23
-53,27,23
-55,24,17
-61,24,13
-61,24,17
-55,26,18
-54,25,14
-60,25,8
-61,26,8
-57,26,7
-55,27,6
-64,27,-3
-66,27,-2
-58,27,6
-58,26,7
-64,24,4
-65,23,6
-60,24,10
-51,23,23
-54,21,17
-59,23,10
-57,25,13
-50,23,14
-54,22,11
-62,25,12
-63,26,13
-58,26,15
-55,25,15
-57,26,16
-58,26,17
-55,23,14
-63,25,9
-64,26,12
-57,26,16
-57,26,14
-59,24,11
-59,24,13
-55,25,14
-55,25,15
-55,23,16
-57,23,15
-53,21,14
-48,20,9
-55,21,10
-61,26,4
-60,24,-1
-71,20,-8
-67,22,-3
-69,16,-3
-71,15,2
-77,15,6
-69,16,14
-58,19,14
-62,18,15
-52,16,15
-47,13,27
-53,10,31
-37,1,37
-18,-2,48
9,-12,44
10,-24,36
-20,-45,24
-30,-52,20
-30,-74,23
-33,-90,25
-31,-111,11
-40,-115,-3
-53,-116,-21
-62,-105,-29
-66,-98,-33
-59,-97,-36
-59,-89,-38
-49,-73,-26
-56,-62,-31
-78,-68,-17
-88,-71,-11
-92,-57,14
-70,-57,28
-17,-111,2
51,-109,17
18,-107,-5
21,-84,-28
12,-70,-30
-17,-59,-40
-15,-54,-36
3,-42,-32
9,-43,-30
-1,-42,-33
-8,-39,-41
-13,-34,-58
9,-31,-54
29,-38,-45
-6,-44,-32
-11,-43,-26
-15,-53,-32
-17,-52,-40
-18,-56,-34
-21,-58,-35
-24,-56,-42
-20,-52,-34
-21,-51,-28
-18,-55,-26
-13,-59,-25
-10,-57,-26
-9,-58,-26
-1,-59,-23
1,-58,-23
-17,-55,-36
-16,-60,-34
7,-60,-31
7,-61,-36
6,-62,-32
11,-60,-31
7,-55,-25
8,-54,-23
4,-51,-27
-1,-50,-30
7,-57,-26
14,-61,-18
13,-61,-24
15,-61,-34
16,-60,-31
15,-56,-23
14,-54,-19
15,-57,-27
19,-57,-30
13,-52,-23
10,-49,-21
13,-56,-23
13,-62,-16
7,-61,-17
12,-59,-36
20,-58,-37
12,-51,-35
11,-46,-31
14,-48,-25
12,-54,-15
5,-63,-28
15,-63,-31
18,-61,-37
13,-58,-36
9,-57,-29
8,-50,-29
7,-49,-28
8,-57,-32
12,-62,-34
8,-64,-31
7,-63,-29
14,-61,-33
13,-59,-35
13,-55,-34
9,-52,-29
11,-56,-33
11,-55,-34
6,-54,-33
5,-52,-37
2,-51,-39
-4,-53,-38
0,-53,-37
8,-51,-44
10,-51,-43
0,-52,-37
-7,-53,-38
-12,-51,-45
5,-53,-45
4,-50,-42
-4,-52,-39
-4,-52,-40
-13,-52,-40
-1,-52,-41
-8,-49,-43
-11,-48,-42
-8,-51,-40
-5,-49,-37
-23,-39,-41
-29,-35,-44
-29,-35,-45
-28,-40,-45
-9,-43,-36
-27,-43,-31
-43,-44,-34
-11,-56,-128
104,-95,15
11,-83,-5
71,-79,41
-10,-118,42
-29,-109,36
-34,-105,41
-42,-111,39
-43,-70,-8
-39,-56,-25
-27,-29,-43
-27,-22,-48
-59,-23,-69
-49,-39,-30
-43,-38,-22
-39,-31,-29
-39,-31,-26
-48,-26,-24
-47,-24,-20
-52,-19,-21
-56,-16,-23
-55,-16,-19
-51,-20,-15
-62,-23,-17
-39,-29,-26
-23,-28,-27
-30,-44,-39
-36,-52,-35
-32,-73,-40
-19,-97,-29
-15,-89,-26
-30,-95,-37
-28,-85,-20
-26,-78,-20
-38,-81,-18
-35,-81,-9
-66,-85,-20
-48,-81,28
-39,-78,12
18,-91,15
10,-90,9
-14,-75,-9
-28,-68,-12
-34,-74,-19
-3,-75,-13
-10,-64,-14
-12,-65,-13
-12,-58,-8
-19,-54,-12
-40,-53,-21
-28,-45,-7
-33,-43,-9
-30,-44,8
-34,-47,8
-54,-37,3
-56,-34,3
-54,-33,9
-45,-36,16
-66,-35,10
-74,-34,6
-64,-45,18
-53,-43,20
-50,-36,9
-51,-28,0
-42,-28,3
-32,-22,6
-34,-16,5
-22,-16,3
-34,-29,1
-30,-57,15
-16,-54,22
-9,-63,22
-20,-72,29
-35,-92,15
-20,-64,8
-8,-52,2
-18,-64,-16
-23,-73,-13
-31,-80,-4
-41,-83,-11
-33,-84,-15
-36,-78,-16
-57,-76,2
-44,-58,-19
-2,-52,-7
-14,-59,-4
-23,-58,-10
-60,-63,-23
-43,-60,-13
-36,-57,-16
-35,-62,-20
-26,-63,-20
-26,-64,-12
-31,-61,-3
-21,-58,-4
-8,-67,-5
-19,-71,-10
-5,-68,-20
11,-79,-10
30,-79,-10
-12,-95,-45
19,-83,-17
-9,-84,-39
-36,-88,-51
-29,-64,-48
-44,-59,-56
14,-44,-52
33,-42,-35
-12,-74,-15
-18,-59,2
31,-56,8
-15,-53,-7
-33,-54,-7
-27,-53,-9
-17,-50,-2
-4,-59,4
-2,-63,7
0,-62,6
10,-63,8
19,-62,3
11,-63,2
-1,-63,-1
-4,-57,0
-13,-51,1
-20,-52,3
-34,-60,6
-25,-63,17
-18,-63,14
-7,-69,5
-7,-71,1
-7,-71,13
-9,-73,23
-13,-68,30
-29,-64,25
-28,-51,9
-33,-45,1
-20,-40,20
-22,-32,16
-26,-30,20
-34,-37,20
-33,-43,21
-47,-66,14
-37,-71,11
-11,-63,19
0,-55,19
-15,-49,8
-31,-47,-4
-9,-50,17
-31,-45,24
-60,-62,30
-53,-66,33
-29,-60,26
-22,-70,14
-20,-67,14
-25,-48,10
-42,-45,8
-20,-44,-1
-21,-44,21
-55,-54,27
-40,-53,37
-26,-58,15
-28,-60,6
-10,-60,5
-27,-60,-3
-21,-56,-5
-11,-50,-3
-14,-53,-19
-23,-74,-10
-15,-75,-11
-9,-83,-18
-37,-81,-18
-40,-64,-17
-31,-59,-9
45,-71,29
-79,-54,-13
86,-28,-33
-21,-89,-15
-34,-108,-34
-84,-63,-58
-82,-55,-49
-59,-39,-17
-56,-40,-14
-35,-50,0
-7,-52,15
-5,-55,22
-4,-80,19
-13,-93,24
-21,-91,20
-44,-80,-21
-20,-57,-9
-25,-48,-11
-2,-44,-9
-11,-42,-14
-24,-50,-15
-28,-55,-2
-19,-57,-3
-8,-57,0
-13,-59,0
-15,-60,0
-16,-70,0
-20,-70,0
-18,-70,-1
-23,-71,3
-22,-71,9
-23,-72,4
-22,-68,-2
-9,-72,-17
-15,-74,-19
-24,-74,0
-15,-72,3
-9,-92,-15
-26,-89,-10
-32,-74,-5
-36,-61,1
-39,-61,3
-33,-54,4
-27,-52,9
-20,-56,13
-22,-59,11
-39,-58,21
-41,-63,20
-25,-53,17
-34,-62,13
-26,-39,4
-13,-37,-1
-9,-40,13
-8,-27,9
-7,-26,12
5,-21,3
7,-29,2
-17,-55,25
-29,-55,36
-38,-43,39
-32,-54,39
-32,-49,45
-26,-51,49
-22,-53,41
-33,-69,47
-24,-73,46
-19,-61,33
-26,-55,23
-1,-49,36
-20,-51,27
-15,-58,40
-19,-70,40
-11,-75,46
-15,-80,53
-30,-82,55
-12,-93,31
16,-84,27
15,-64,50
1,-52,58
-42,-15,58
-44,-11,61
-15,-18,57
5,-20,52
5,-21,36
2,-12,29
-7,-3,18
5,2,14
12,4,14
-20,-16,40
-35,-38,64
-45,-47,73
-35,-38,73
15,-40,90
56,-47,88
-2,-47,65
-4,-47,59
5,-44,59
-2,-47,45
14,-47,42
2,-56,41
-13,-66,36
-3,-71,43
-22,-80,32
-33,-68,23
-31,-62,27
-26,-54,34
-18,-53,37
-17,-51,31
-29,-52,33
-10,-52,42
1,-46,41
6,-42,39
15,-38,39
8,-56,46
14,-50,50
15,-55,43
9,-44,37
1,-48,37
27,-52,53
38,-51,62
5,-47,32
9,-46,29
7,-59,25
8,-56,21
4,-61,13
-3,-61,6
-34,-73,-6
-24,-78,-5
-28,-81,6
-40,-83,10
-40,-84,9
-55,-95,3
-62,-98,2
-71,-114,27
-68,-117,26
-56,-113,20
-59,-104,16
-69,-84,10
-74,-72,10
-90,-45,1
-85,-28,-11
-74,-24,-8
-53,-15,2
-45,-11,7
-30,0,19
-20,3,29
-11,9,27
-16,3,27
-28,-16,23
-36,-15,19
-44,-28,21
-48,-31,24
-63,-35,19
-57,-41,60
-61,-34,63
-38,-10,45
-26,-1,35
-68,-3,58
-68,-17,84
-44,6,65
-53,11,46
-33,9,54
-36,6,52
-39,-2,44
-38,-11,44
-42,-20,30
-2,-26,35
17,-26,37
59,-31,53
64,-30,52
70,-37,46
81,-35,43
73,-31,29
76,-15,22
63,-18,47
66,-18,40
56,-11,28
38,-10,15
61,4,4
69,2,-7
78,5,-4
65,6,-6
51,3,0
57,14,0
63,16,-3
53,14,-8
59,18,-10
43,15,-7
42,23,-9
12,28,-3
20,42,-2
35,43,15
14,48,-9
25,52,-9
41,50,-4
37,48,-10
29,40,-13
23,38,-8
7,28,-12
-3,26,-17
-40,17,-42
-43,6,-44
-26,-21,-8
-34,-44,3
-49,-39,11
-56,-16,30
-53,-27,49
-58,-31,52
-59,-38,51
-66,-49,75
-62,-53,81
-60,-71,79
-44,-83,80
-8,-93,60
3,-113,51
4,-128,57
11,-113,55
15,-97,41
-7,-63,31
-18,-65,32
-30,-64,10
-30,-65,5
-14,-72,7
-7,-64,11
-21,-57,7
-30,-59,7
-22,-60,8
-17,-54,10
-22,-64,18
-19,-54,22
-16,-52,26
-18,-55,29
-18,-55,28
-17,-54,28
-19,-54,30
-17,-54,31
-18,-54,33
-18,-54,34
-18,-51,35
-17,-49,37
-16,-47,38
-16,-46,39
-17,-44,39
-20,-41,38
-23,-40,38
-25,-42,42
-25,-42,44
-25,-44,43
-33,-39,43
-30,-37,41
-32,-36,38
-31,-37,39
-30,-38,40
-30,-36,39
-31,-37,38
-39,-46,35
-40,-48,33
-34,-50,31
-33,-50,30
-27,-47,31
-24,-46,31
-28,-48,29
-28,-48,28
-31,-50,26
-31,-50,26
-32,-50,25
-31,-50,26
-32,-50,26
-32,-51,26
-33,-51,26
-33,-51,26
-33,-50,27
-34,-50,26
-34,-51,26
-35,-51,26
-35,-51,26
-35,-54,27
-35,-55,26
-33,-55,25
-32,-55,24
-33,-53,24
-34,-52,22
-34,-52,23
-35,-55,26
-37,-54,28
-43,-51,28
-47,-51,30
-48,-48,37
-49,-46,38
-66,-39,38
-69,-34,39
-60,-23,39
-56,-16,36
-55,-14,33
-53,-7,30
-50,-5,29
-48,-1,27
-47,1,26
-47,5,25
-46,6,25
-44,7,26
-43,9,27
-44,12,31
-44,15,33
-43,20,36
-45,29,37
-47,34,37
-53,41,42
-51,42,45
-38,33,43
-28,28,44
-17,22,41
-18,18,47
-19,8,51
-17,5,53
-24,0,52
-21,9,55
-20,11,58
-24,7,59
-20,6,60
-27,11,60
-26,13,60
-25,13,59
-23,13,58
-23,14,61
-25,13,63
-26,11,61
-27,11,60
-27,12,59
-28,12,59
-27,12,60
-27,11,58
-27,11,58
-25,11,58
-25,11,58
-28,10,59
-28,9,58
-28,10,58
-27,10,58
-27,9,62
-29,9,63
-26,7,65
-31,9,66
-28,10,59
-43,13,38
-53,14,44
-41,28,53
-38,29,49
-45,27,42
-44,26,41
-26,21,46
-30,19,50
-27,14,55
-23,14,55
-28,11,53
-26,12,55
-28,10,52
-18,6,49
-22,-2,56
-23,1,62
-19,5,62
-19,8,60
-26,12,53
-37,22,38
-42,27,32
-44,29,6
-48,30,-11
-60,34,-28
-57,36,-37
-54,36,-37
-50,36,-37
-48,35,-36
-44,35,-30
-44,36,-29
-47,36,-28
-47,37,-28
-46,39,-26
-46,39,-26
-47,41,-24
-45,41,-23
-44,42,-23
-45,42,-23
-44,42,-22
-43,42,-22
-42,41,-22
-42,41,-22
-43,42,-23
-42,43,-21
-41,42,-21
-37,43,-20
-38,43,-21
-41,44,-23
-38,45,-23
-38,45,-22
-41,45,-21
-42,45,-19
-37,43,-14
-37,43,-12
-46,43,-18
-52,42,-24
-51,39,-30
-46,35,-25
-50,34,-24
-52,34,-27
-46,29,-20
-39,31,-11
-43,30,-11
-51,26,-12
-53,23,-9
-66,18,-15
-69,16,-16
-79,3,-18
-76,-3,-14
-67,-10,-4
-61,-13,3
-58,-10,8
-56,-8,10
-48,-3,10
-46,-2,11
-49,-4,12
-55,-1,6
-54,0,4
-55,1,0
-56,-1,-1
-57,-5,-5
-56,-9,-9
-62,-15,-8
-62,-16,-8
-62,-21,-9
-56,-29,-1
-47,-31,5
-40,-34,10
-38,-37,10
-39,-41,7
-36,-42,7
-32,-42,6
-31,-42,6
-26,-50,5
-27,-51,2
-24,-58,6
-20,-63,5
-20,-65,7
-19,-75,7
-18,-76,9
-19,-74,14
-18,-74,11
-18,-75,11
-20,-78,15
-11,-79,16
-5,-81,11
-18,-92,6
-16,-92,6
-13,-104,-14
-9,-112,-17
14,-108,-1
-12,-114,-3
-37,-91,16
-37,-74,0
-30,-79,0
-48,-75,10
-50,-69,6
-57,-61,-5
-61,-61,-8
-50,-54,-11
-48,-49,-17
-52,-40,-20
-56,-38,-26
-29,-38,-22
-32,-35,-29
-32,-34,-31
-25,-25,-33
-24,-24,-35
-29,-22,-42
-21,-24,-44
-7,-29,-31
-7,-42,-17
-12,-41,14
-37,-41,25
-35,-64,7
-21,-62,8
-36,-43,15
-34,-46,26
-35,-43,21
-37,-38,5
-38,-40,-2
-48,-38,-12
-15,-52,7
-56,-56,-1
-35,-55,15
-40,-52,23
-47,-52,12
-47,-51,6
-48,-47,9
-41,-42,14
-48,-39,2
-50,-41,0
-30,-50,14
-37,-48,12
-41,-52,7
-42,-53,3
-42,-57,-4
-38,-59,-8
-36,-55,-17
-41,-53,-9
-24,-54,9
-23,-50,10
-29,-52,6
-29,-47,13
-32,-46,12
-29,-57,5
-28,-59,8
-32,-59,2
-29,-55,4
-21,-49,0
-23,-49,3
-25,-56,6
-18,-58,9
-21,-50,12
-30,-60,14
-26,-57,16
-29,-55,10
-41,-60,4
-32,-57,17
-23,-57,21
-37,-70,2
-34,-66,14
-18,-69,25
-22,-69,20
-36,-75,10
-25,-73,16
-14,-68,14
-16,-59,13
-19,-60,11
-8,-69,15
-24,-62,17
-24,-60,24
-22,-55,24
-22,-52,20
-24,-54,17
-43,-59,2
-44,-59,2
-30,-61,11
-34,-68,5
-15,-63,11
-16,-69,-4
-13,-65,-2
-10,-66,-5
-12,-67,-4
-12,-67,-2
-7,-64,-2
-13,-63,-2
-17,-62,1
-14,-66,7
-8,-62,16
-16,-59,16
-20,-57,20
-19,-59,10
-27,-61,7
-25,-67,7
-17,-65,15
-14,-63,14
-9,-63,18
-8,-61,25
-23,-63,11
-23,-60,12
-32,-62,7
-34,-63,0
-27,-58,1
-15,-57,6
-15,-57,3
-19,-59,4
-26,-66,-7
-35,-60,-10
-36,-56,-14
-30,-54,-15
-25,-59,-12
-22,-61,-10
-24,-59,-11
-24,-55,-11
-24,-55,-14
-21,-57,-12
-24,-58,-9
-22,-57,-8
-29,-58,-22
-27,-60,-14
-22,-59,-9
-19,-62,-6
-8,-65,-2
-10,-64,-1
-16,-66,-7
-14,-62,-3
-15,-65,-5
-8,-66,-2
-7,-69,-5
-11,-67,-12
-12,-66,-14
-15,-64,-22
-13,-67,-20
-30,-61,-23
-28,-59,-20
-25,-58,-25
-24,-57,-26
-23,-60,-18
-16,-64,-9
-11,-64,-10
-9,-67,-11
-12,-70,-15
-24,-59,-1
-15,-54,13
-30,-48,18
-40,-48,10
-38,-56,2
-35,-58,1
-29,-58,-7
-18,-66,-6
-16,-56,36
-27,-55,31
-27,-56,10
-34,-57,13
-43,-58,11
-40,-58,20
-34,-57,16
-23,-54,27
-20,-60,26
-12,-49,24
-4,-42,28
-58,-39,7
-34,-34,25
-33,-32,21
-29,-38,17
-45,-59,-11
-51,-60,-10
-33,-68,-12
9,-65,-19
-36,-77,-47
-25,-77,-25
-16,-71,-23
-30,-77,-37
-28,-80,-30
-26,-72,-12
4,-72,-11
-52,-63,-10
-36,-52,5
-24,-47,-16
-27,-45,-27
-28,-30,-34
-51,-31,-10
-8,-25,-6
-24,-50,-18
-14,-49,-16
-26,-53,-35
-55,-51,-47
-18,-55,-30
-24,-61,-51
-33,-72,-53
11,-63,-1
-13,-61,-49
-9,-55,-25
3,-57,-24
-9,-44,-38
-1,-36,-28
-36,-45,-48
-44,-43,-54
-21,-48,-40
-24,-61,-37
-54,-54,-38
-62,-33,-28
-54,-45,-29
-105,-30,-35
-29,-38,-14
-15,-45,2
-34,-45,-1
-56,-49,-13
-70,-45,-23
-93,-38,-32
-97,-36,-29
-77,-25,-22
-76,-22,-22
-77,-13,-18
-66,-11,-16
-61,-6,-4
-58,3,0
-54,1,8
-38,2,26
-31,7,28
-34,18,43
-21,25,47
-21,15,30
-27,6,47
-4,-18,55
4,-12,46
-41,-19,50
-37,-35,63
3,-10,45
-1,6,43
-5,-4,44
7,-24,70
19,-17,81
-4,-34,74
3,-31,74
8,-37,73
1,-36,71
-34,-17,40
-49,-10,34
-46,-11,27
-51,-13,19
-69,1,23
-49,10,19
-51,13,9
-74,20,-13
-78,20,-13
-55,27,-2
-52,29,-1
-55,33,-11
-59,33,-14
-54,30,-18
-56,28,-23
-57,23,-34
-55,23,-31
-52,23,-31
-49,22,-29
-50,22,-29
-44,23,-26
-43,22,-26
-51,22,-27
-54,22,-29
-52,21,-25
-53,20,-23
-51,21,-23
-57,20,-22
-61,20,-22
-55,20,-21
-55,19,-19
-59,20,-19
-60,21,-20
-57,22,-19
-52,23,-19
-53,27,-24
-57,28,-26
-55,27,-24
-57,26,-23
-56,27,-23
-54,27,-20
-60,25,-12
-71,22,-10
-73,22,-11
-81,19,2
-81,15,7
-42,9,23
-29,12,28
-16,14,29
-5,11,34
-13,-10,48
-15,-19,52
-7,-22,54
-29,-34,55
-46,-51,61
-56,-32,52
-54,-36,42
-41,-38,46
-38,-40,43
-50,-61,20
-92,-72,65
-11,-25,54
-7,-21,48
-5,-29,57
-11,-22,62
-8,-18,71
-7,-21,63
-10,-24,57
-4,-23,64
-4,-23,62
-9,-24,55
-7,-25,56
-7,-22,61
-9,-23,58
-10,-22,61
-9,-22,61
-11,-22,60
-9,-22,60
-8,-23,60
-9,-23,58
-10,-23,58
-9,-23,59
-8,-23,59
-9,-22,60
-10,-22,60
-10,-22,59
-9,-21,61
-6,-23,59
-8,-22,60
-9,-22,62
-12,-22,58
-9,-24,57
-8,-25,59
-7,-25,58
-8,-27,56
-7,-26,57
-7,-26,57
-6,-26,57
-7,-26,57
-7,-26,59
-7,-25,59
-7,-25,59
-7,-27,57
-6,-27,57
-5,-27,57
-6,-28,56
-6,-28,57
-6,-27,57
-6,-27,57
-6,-27,57
-6,-27,57
-7,-27,57
-6,-26,58
-7,-26,58
-6,-26,58
-7,-26,58
-7,-26,58
-7,-26,58
-7,-25,58
-8,-26,58
-7,-26,58
-7,-26,58
-6,-26,58
-6,-26,58
-6,-26,57
-7,-26,58
-6,-26,58
-7,-26,58
-7,-26,58
-7,-26,58
-8,-26,58
-8,-27,57
-10,-26,57
-9,-27,57
-8,-26,58
-8,-27,57
-8,-27,57
-7,-27,57
-7,-27,57
-7,-28,57
-7,-28,57
-6,-28,57
-7,-28,56
-7,-28,57
-7,-28,56
-7,-28,57
-7,-28,57
-7,-28,57
-7,-28,57
-7,-28,57
-6,-28,57
-6,-28,57
-7,-28,57
-7,-28,57
-6,-28,57
-6,-28,58
-6,-28,57
-6,-28,57
-7,-28,56
-8,-28,57
-8,-28,57
-8,-28,57
-7,-28,57
-8,-29,56
-8,-29,56
-9,-30,55
-9,-30,55
-9,-30,56
-9,-29,57
-9,-28,57
-10,-29,56
-10,-29,56
-11,-29,55
-11,-28,57
-11,-29,56
-12,-28,56
-12,-28,57
-12,-28,56
-13,-28,56
-13,-28,56
-13,-28,56
-12,-28,56
-13,-28,56
-13,-28,56
-11,-28,56
-12,-28,56
-11,-28,56
-9,-29,56
-9,-29,56
-10,-28,56
-9,-29,56
-9,-28,56
-9,-27,57
-9,-27,57
-9,-27,57
-8,-26,58
-9,-26,57
-8,-25,58
-7,-25,58
-7,-25,58
-6,-24,58
-5,-23,59
-5,-22,61
-5,-22,61
-4,-22,61
-6,-22,61
-6,-23,61
-9,-26,55
-3,-26,63
-2,-29,62
-1,-32,58
-6,-38,48
-7,-39,53
-5,-40,60
-5,-42,50
-25,-36,-19
-8,-54,-31
-16,-76,29
-24,-58,26
-7,-55,39
-3,-49,83
0,-58,79
-13,-55,47
-18,-56,47
-36,-58,51
-31,-53,57
-92,-37,34
-114,-37,15
-51,-29,35
-75,-23,9
-42,-40,14
-42,-30,-1
-49,-25,-19
-61,-32,-13
-63,-34,-10
-63,-41,0
-39,-47,11
-13,-50,34
-7,-53,34
-21,-55,43
-28,-61,44
-41,-69,49
-48,-65,47
-36,-46,29
-17,-30,22
-12,-26,28
-19,-25,43
-27,-25,46
-28,-37,37
-26,-41,22
-43,-43,25
-53,-47,28
-50,-51,35
-46,-47,41
-33,-41,37
-30,-42,46
-50,-43,32
-56,-40,32
-60,-40,32
-61,-31,26
-59,-28,23
-62,-24,14
-62,-22,12
-64,-16,6
-62,-14,6
-64,-12,1
-65,-10,1
-60,-5,2
-55,-3,3
-58,-3,1
-59,-4,-2
-60,-5,-3
-65,-3,-4
-66,0,-3
-63,5,0
-63,6,1
-67,8,6
-67,11,11
-64,13,15
-64,14,16
-67,11,17
-70,14,21
-68,18,24
-61,26,31
-55,25,35
-46,23,41
-39,25,47
-39,21,43
-33,22,41
-18,21,53
-6,18,50
-12,14,46
-5,11,50
0,0,63
-2,-12,61
-16,-10,53
-8,-5,71
-8,-12,79
-15,-6,76
-19,-11,63
-25,1,65
-26,7,59
-34,12,47
-43,11,36
-58,21,24
-63,24,18
-65,28,6
-61,34,-24
-65,30,-25
-57,34,-27
-51,30,-34
-50,29,-41
-53,32,-40
-43,33,-40
-37,32,-37
-35,34,-34
-34,33,-35
-25,31,-33
-20,30,-33
-19,28,-33
-21,26,-36
-21,25,-40
-17,23,-39
-14,22,-43
-15,19,-47
-13,20,-49
-11,24,-59
-14,26,-63
-16,29,-68
-14,30,-68
-14,31,-71
-14,31,-71
-13,30,-72
-12,29,-71
-11,28,-72
-8,26,-72
-8,26,-67
-6,26,-65
-6,26,-65
-4,28,-60
-2,28,-58
-2,28,-53
-1,28,-53
-2,30,-49
-1,26,-46
-2,26,-45
-6,24,-43
-7,24,-38
-8,20,-29
-10,18,-33
-18,19,-51
-21,24,-51
-23,27,-51
-29,28,-58
-31,37,-54
-33,38,-47
-42,32,-41
-34,24,-14
-40,22,0
-38,1,25
-43,-8,38
-57,-29,78
-61,-39,102
-6,-11,112
6,-9,96
-25,-10,75
-30,-22,71
-43,-30,72
-44,-34,75
-23,-35,88
-3,-28,74
-1,-12,67
-3,13,52
3,15,53
14,25,42
0,35,21
-20,47,-3
-32,50,-4
-58,33,-3
-81,33,-14
-62,33,-5
-6,29,10
-37,-9,24
-33,-16,38
-50,-27,25
-52,-29,35
-54,-25,27
-55,-28,43
-49,-25,51
-42,-21,54
-36,-21,58
-34,-31,71
-37,-28,69
-55,-16,51
-36,-16,49
-33,-18,48
-47,-24,39
-46,-22,41
-55,-22,40
-49,-26,46
-36,-21,49
-36,-23,47
-49,-26,52
-41,-20,54
-41,-20,51
-57,-12,39
-62,-9,31
-66,-3,19
-70,3,14
-74,1,14
-74,3,13
-69,8,0
-74,9,-2
-72,10,-1
-58,5,10
-62,10,3
-68,11,-1
-65,14,0
-66,15,0
-65,19,-9
-46,18,-3
-54,19,-6
-50,26,-6
-58,27,-14
-61,32,-19
-60,32,-17
-49,34,-9
-49,33,-12
-47,37,-5
-43,36,-5
-40,38,-9
-41,34,-11
-33,36,-5
-29,32,-6
-38,31,-9
-27,24,-4
-34,20,-1
-54,22,1
-54,30,3
-53,22,7
-64,23,6
-78,17,10
-43,16,26
-64,17,23
-88,14,8
-68,7,27
-64,2,44
-79,-8,44
-52,-1,53
-48,-7,64
-80,-4,46
-84,0,42
-69,11,25
-70,12,22
-78,18,10
-76,22,27
-73,28,-14
-52,30,-2
-43,29,0
-51,32,-9
-45,31,-4
-32,33,0
-33,34,0
-30,33,-3
-32,35,0
-41,38,-2
-47,39,-4
-43,40,-4
-42,42,-5
-46,42,-2
-54,45,-6
-52,48,-9
-41,49,1
-46,50,-2
-46,49,-7
-42,51,-2
-35,51,8
-47,52,5
-49,49,12
-44,47,20
-42,44,32
-44,42,35
-42,41,44
-42,39,46
-35,39,44
-30,39,41
-32,39,40
-33,40,38
-27,40,39
-19,41,36
-20,40,29
-21,37,29
-26,34,29
-30,27,33
-30,24,38
-34,17,48
-37,11,54
-40,6,58
-31,4,66
-32,2,66
-30,5,61
-25,4,63
-32,6,59
-33,5,59
-35,9,55
-36,13,51
-40,25,37
-38,32,35
-36,25,40
-37,26,54
-26,27,56
-20,24,60
-8,21,63
-12,16,63
-22,16,59
-14,6,62
-28,-4,60
-40,-3,51
-21,-2,53
-16,-9,59
-16,-17,65
-19,-18,55
-28,-13,38
7,-13,36
52,-20,50
57,-21,53
76,-10,52
77,-12,51
65,-9,38
75,-8,40
72,-10,39
70,-9,41
62,-11,42
52,-5,40
61,-1,41
47,1,32
51,5,28
49,8,24
45,14,21
47,22,17
44,19,14
40,14,9
38,13,8
38,18,-3
43,22,-9
42,21,-12
42,22,-3
52,29,3
44,33,1
41,36,4
49,51,16
58,52,28
47,47,39
14,48,30
33,46,51
37,45,60
28,43,58
16,45,48
16,45,48
25,42,47
29,41,47
23,37,39
24,35,36
24,32,54
29,33,56
2,30,35
-9,30,39
1,40,71
-7,42,59
-31,48,33
-21,58,41
-19,58,41
-17,46,26
-29,40,37
-37,43,41
-38,43,38
-60,39,14
-62,41,9
-53,54,-10
-51,59,-5
-27,59,2
-22,57,-11
-12,62,-13
-18,61,-30
-6,57,-42
-16,55,-49
-18,61,-44
-14,62,-24
-18,62,-15
-1,53,25
1,63,47
-3,70,37
1,63,27
-59,67,-1
-54,41,-4
-49,48,-2
-42,50,19
-33,50,12
-25,63,8
-22,62,5
-30,49,9
-34,36,6
-49,11,-9
-55,7,-17
-71,14,-24
-71,16,-33
-75,11,-44
-75,8,-47
-71,8,-50
-63,-3,-16
-54,-6,-18
-70,4,-38
-72,12,-28
-71,9,-1
-77,13,-6
-66,2,19
-50,1,21
-36,-7,35
-28,-6,44
-9,-1,61
-1,-6,63
15,-17,71
39,-34,80
43,-40,77
56,-57,69
60,-62,65
56,-62,49
52,-60,45
41,-56,39
34,-51,36
23,-44,37
21,-43,38
24,-47,33
33,-46,21
36,-43,15
31,-31,5
26,-30,1
32,-32,15
34,-28,12
39,-22,12
35,-21,15
34,-21,27
31,-16,26
27,-11,27
18,-7,34
15,-8,54
3,-17,50
0,-15,48
-2,-10,58
-6,-8,60
-38,-4,54
-46,2,50
-51,20,49
-49,26,50
-61,32,48
-71,38,41
-64,49,50
-60,53,55
-74,53,53
-100,25,42
-90,30,38
-80,29,18
-74,45,9
-79,25,4
-66,20,14
-33,8,23
-36,8,25
-28,5,36
-19,3,43
-42,2,29
-45,3,33
-28,0,31
-84,1,7
-91,8,-3
-45,5,2
-60,5,-15
-54,-5,6
-54,-7,5
-59,-4,-19
-59,-3,-7
-52,0,-8
-52,-1,-7
-81,18,-30
-65,11,-18
-64,12,-26
-55,24,-22
-56,25,0
-51,16,5
-35,20,7
-95,1,2
-68,-1,11
-27,-4,13
-41,-10,20
-67,-14,21
-53,-12,10
-49,-17,-7
-41,-22,-29
-50,-34,-25
-71,-61,25
-117,-70,44
-75,-36,1
-83,-38,-17
-55,-30,0
-55,-27,-1
-83,-45,-15
-80,-49,-13
-72,-41,-2
-55,-31,9
-60,-17,1
-71,-21,-8
-48,-20,7
-51,-6,8
-47,-14,14
-61,-10,10
-82,-6,1
-65,-5,10
-61,-3,7
-72,-1,2
-75,-1,-4
-78,10,-14
-75,8,-14
-52,10,-7
-60,20,-20
-50,22,-24
-43,12,-7
-40,12,-8
-58,9,-11
-60,8,-12
-71,4,-13
-56,0,-4
-63,-7,-3
-69,-11,-9
-53,-11,-4
-81,-16,-7
-91,-4,-13
-69,-7,-6
-71,-11,-6
-70,-10,-8
-57,-7,-9
-41,-10,-9
-37,-16,-23
-45,-18,-29
-45,-25,-28
-48,-33,-35
-53,-30,-50
-58,-18,-48
-81,-19,-66
-32,-10,-51
-53,-3,-55
-54,-1,-47
-60,-14,-24
-31,-24,-2
6,-47,25
14,-41,18
-108,-44,-13
-114,-32,-18
-125,-42,-32
-101,-64,-31
-40,-89,-7
-69,-64,-6
-28,-89,29
-108,-73,-12
-87,-51,-28
-70,-13,-34
-76,2,-41
-74,24,-49
-76,25,-51
-56,9,-30
-36,4,-14
-14,-7,21
-8,-11,38
-47,4,48
-33,-1,58
-39,7,43
-49,10,38
-45,9,45
-31,1,52
-28,5,55
-16,0,47
16,1,45
42,14,67
39,15,63
38,9,61
23,11,49
46,5,44
59,0,46
57,5,56
40,2,16
53,-2,15
61,-11,20
59,-11,17
47,-15,3
46,-17,-4
52,-23,-9
62,-33,-6
62,-37,-2
47,-45,3
40,-47,10
45,-56,22
43,-54,19
36,-48,15
34,-49,14
39,-46,25
47,-45,28
56,-53,40
63,-44,50
36,-46,28
33,-47,21
37,-37,9
41,-30,-2
46,-25,-11
46,-20,-23
39,-12,-24
13,-1,-15
1,0,-18
-17,22,-11
-28,33,-1
-106,39,8
-128,39,12
-123,39,23
-118,42,26
-106,38,35
-107,10,40
-105,3,41
-75,0,41
-68,0,38
-59,-1,35
-49,2,39
-49,4,32
-47,3,28
-40,2,32
-41,3,35
-53,1,32
-58,-1,32
-60,2,33
-57,5,37
-58,0,36
-61,4,38
-57,6,41
-59,4,29
-61,3,34
-59,8,36
-53,8,34
-58,7,33
-59,4,31
-55,2,33
-59,1,34
-57,-7,31
-55,-10,38
-56,-15,35
-64,-28,23
-77,-30,30
-76,-16,42
-72,-10,41
-67,-7,28
-56,0,34
-45,8,32
-40,15,33
-35,21,36
-35,23,41
-38,18,47
-26,9,43
-35,5,46
-30,3,56
-39,-2,55
-57,1,53
-70,4,40
-40,-1,38
-46,0,34
-47,2,36
-46,6,36
-51,-5,31
-62,2,36
-62,1,36
-61,0,41
-59,1,38
-22,-18,30
-2,-13,66
10,-27,79
10,-32,75
-21,-40,61
-22,-34,57
-31,-30,26
-35,-26,6
-33,-5,-40
13,-6,-110
2,-30,-128
28,-10,-128
47,-24,-128
-27,8,-94
-77,22,-42
-128,20,108
-128,12,127
-2,14,61
27,14,-5
87,-64,-128
70,-46,-128
-24,-25,-104
-128,-8,101
-128,-4,127
-47,-9,83
6,-12,8
95,-61,-128
92,-30,-128
18,4,-103
-71,6,-27
-128,22,127
-128,12,121
-8,-4,19
65,-12,-128
80,-15,-128
19,27,-120
-33,26,-65
-95,28,5
-105,30,22
-65,23,13
-38,23,-5
0,39,-42
0,44,-50
-15,43,-57
-26,40,-52
-47,37,-30
-45,38,-15
-43,39,-13
-38,46,-18
-35,48,-18
-34,51,-22
-35,49,-24
-40,46,-27
-42,46,-27
-40,46,-22
-39,47,-22
-38,50,-23
-37,52,-21
-35,54,-12
-37,52,-19
-39,51,-18
-41,48,-12
-43,49,-12
-48,46,-13
-47,46,-14
-44,46,-8
-42,47,-7
-35,51,-6
-35,53,-7
-36,55,-7
-41,54,-11
-49,51,-9
-51,47,-7
-51,45,-4
-53,40,2
-53,38,2
-54,34,4
-57,31,6
-60,26,10
-57,23,12
-52,22,16
-51,17,19
-52,10,12
-51,9,15
-53,8,15
-56,8,13
-55,11,16
-61,14,14
-65,15,9
-70,15,8
-73,15,5
-72,21,-6
-69,21,-3
-55,24,5
-64,25,-3
-57,26,1
-59,26,-4
-63,26,-9
-68,27,-12
-67,27,-11
-61,28,-4
-70,27,-8
-87,32,-15
-75,33,-9
-52,28,6
-76,30,4
-37,23,17
-25,20,30
-54,10,40
-42,2,34
-11,1,53
-34,-3,47
-34,-6,41
-13,-6,53
-24,-6,54
-27,-7,61
-12,-5,66
-35,3,70
-38,10,75
-35,16,61
-26,20,62
-23,12,57
-22,-2,32
-18,-5,31
-19,-9,29
-24,-13,35
-38,-22,66
-52,-22,83
-73,-7,92
-72,3,85
-50,15,70
-37,18,54
-10,24,36
1,22,27
7,6,13
-8,-24,39
-20,-37,48
-61,-46,71
-64,-41,90
-55,-18,93
-53,-3,87
-46,19,64
-40,22,47
-17,22,32
-1,16,28
11,2,19
21,-18,33
-4,-36,40
-48,-47,62
-67,-49,84
-74,-24,108
-70,-7,100
-61,15,77
-53,21,57
-19,31,32
-11,31,29
10,20,19
14,9,17
10,-17,29
9,-36,42
-30,-49,55
-53,-42,62
-65,-39,76
-74,-13,97
-85,5,95
-66,22,71
-51,26,62
-18,23,39
0,20,31
17,11,13
20,1,8
5,-31,27
-36,-47,70
-61,-50,93
-93,-27,105
-86,-7,94
-45,0,38
-18,2,28
-1,4,14
-8,8,8
-11,11,30
-18,2,42
-25,1,56
-26,6,62
-24,11,68
-38,20,68
-45,22,63
-68,26,52
-64,28,51
-55,40,48
-53,40,45
-56,42,40
-47,37,48
-46,35,40
-43,30,39
-35,21,40
-30,19,40
-25,19,47
-22,19,57
-30,20,57
-21,16,45
-18,14,49
-29,19,54
-37,21,54
-37,24,60
-32,25,58
-23,23,63
-21,21,67
-23,13,73
-19,9,84
-7,10,92
-16,10,96
-13,14,96
-12,21,87
-12,26,84
-9,37,83
-9,38,79
5,40,66
8,40,60
9,34,42
10,33,31
19,30,15
22,27,9
26,27,4
30,29,-4
34,25,-4
44,25,-15
50,27,-21
50,26,-22
50,24,-22
49,24,-25
43,23,-27
39,25,-23
39,24,-21
52,33,-20
48,29,-16
51,29,-14
52,30,-13
53,31,-12
58,34,-12
56,32,-12
53,33,-12
55,33,-13
55,34,-14
54,34,-13
52,34,-14
49,35,-14
47,34,-14
48,35,-13
48,35,-13
49,34,-13
50,35,-13
48,37,-13
48,38,-12
47,38,-11
46,37,-11
47,38,-10
48,39,-10
51,40,-11
49,39,-11
46,38,-12
46,38,-11
47,39,-10
50,38,-10
49,36,-10
49,38,-11
51,40,-10
50,40,-10
49,39,-9
44,39,-9
44,41,-9
45,41,-8
46,41,-8
47,40,-7
50,41,-6
51,40,-6
51,39,-7
48,38,-8
45,39,-9
45,39,-9
46,38,-9
48,38,-9
50,38,-9
51,37,-10
50,37,-11
49,37,-11
49,36,-10
51,38,-9
52,39,-9
52,37,-11
50,37,-12
48,36,-15
47,38,-15
46,38,-17
46,39,-16
47,38,-15
49,38,-14
51,38,-15
51,38,-15
50,37,-15
48,37,-15
47,38,-15
49,37,-12
49,36,-11
51,33,-9
52,33,-9
52,32,-10
53,34,-11
54,37,-10
54,35,-9
47,30,-8
38,25,-8
35,21,-9
30,15,-7
28,11,-8
26,9,-12
25,8,-13
34,5,-17
39,4,-21
44,15,-28
35,21,-11
19,31,15
34,17,43
-20,2,39
-125,-5,13
-128,-5,24
-128,6,25
-128,20,18
-112,33,13
-105,29,13
-113,5,16
-91,-10,11
-75,-12,30
-84,-17,31
-71,-1,2
-73,3,4
-81,7,-4
-66,6,6
-56,5,11
-63,-3,14
-74,-2,15
-69,-2,11
-66,3,9
-63,3,13
-57,4,13
-60,-5,12
-58,-15,25
-61,-1,20
-51,-5,19
-50,-4,18
-47,-6,25
-43,-7,30
-47,5,32
-24,-1,53
-100,3,7
-93,5,-10
-69,17,6
-77,13,-4
-63,8,-2
-63,8,-1
-62,3,-6
-62,-3,5
-67,-3,5
-53,-8,10
-50,-15,15
-60,-26,19
-60,-24,21
-59,-23,17
-57,-24,22
-56,-23,28
-61,-27,33
-58,-19,29
-56,-16,28
-56,-16,26
-58,-18,30
-60,-19,27
-62,-23,23
-53,-26,25
-53,-30,28
-50,-31,26
-51,-32,17
-52,-28,16
-55,-23,14
-55,-18,13
-59,-18,16
-60,-9,22
-58,-9,19
-61,-12,17
-61,-11,18
-63,-11,15
-64,-12,17
-64,-13,17
-62,-14,16
-60,-15,18
-60,-15,17
-59,-18,14
-57,-18,15
-56,-20,15
-56,-24,15
-55,-24,16
-50,-25,18
-47,-26,19
-43,-29,22
-41,-32,22
-39,-37,25
-37,-39,25
-32,-46,26
-31,-52,26
-35,-58,26
-35,-61,27
-32,-67,24
-37,-69,26
-35,-68,27
-31,-65,22
-31,-65,21
-31,-60,20
-29,-59,20
-28,-57,18
-27,-57,18
-25,-55,17
-24,-55,16
-25,-60,16
-25,-69,13
-24,-70,11
-25,-67,9
-26,-65,8
-25,-58,7
-26,-55,7
-28,-52,6
-28,-51,7
-24,-52,8
-23,-53,9
-20,-55,10
-18,-57,11
-18,-58,14
-21,-59,13
-23,-60,13
-24,-60,13
-24,-61,13
-24,-61,15
-24,-61,16
-23,-69,16
-21,-72,16
-19,-78,15
-20,-77,16
-20,-69,18
-22,-64,18
-22,-58,19
-20,-57,18
-13,-58,15
-9,-58,13
-9,-58,12
-12,-56,10
-14,-55,10
-19,-53,12
-20,-53,13
-17,-52,17
-14,-52,19
-8,-51,22
-6,-51,23
-5,-53,25
-10,-57,22
-13,-60,21
-20,-67,18
-23,-68,17
-27,-67,15
-29,-65,15
-33,-66,13
-37,-70,13
-48,-81,9
-50,-89,12
-40,-73,21
-38,-64,20
-56,-61,12
-58,-71,12
-54,-74,16
-57,-81,11
-67,-85,4
-91,-84,4
-85,-75,6
-92,-66,-6
-83,-61,-8
-62,-43,0
-61,-38,-1
-56,-22,1
-47,-17,11
-24,-3,18
-15,3,29
-14,11,30
-13,23,33
-14,23,30
-15,24,40
-22,25,42
-25,25,42
-26,26,45
-28,31,42
-30,34,39
-36,41,33
-37,40,34
-36,37,34
-44,33,32
-46,31,30
-45,30,28
-43,31,30
-49,31,28
-50,31,29
-50,34,30
-53,33,31
-51,32,32
-48,32,31
-48,33,28
-45,35,26
-43,35,26
-41,25,36
-46,24,38
-49,21,37
-48,18,35
-38,13,30
-23,13,34
-18,6,44
-19,4,41
-23,1,21
-15,1,31
-25,1,20
-73,-27,25
-64,-28,44
-56,-41,60
-61,-45,65
-55,-39,72
-48,-39,77
-29,-27,72
-23,-32,70
-20,-41,66
-17,-39,73
-18,-39,67
-16,-37,64
-10,-26,56
-17,-25,49
-22,-30,47
-18,-32,48
-18,-30,52
-12,-27,53
-7,-26,50
-6,-24,44
-7,-27,45
-8,-34,48
-11,-38,49
-18,-47,51
-18,-48,55
-15,-43,59
-18,-36,56
-17,-34,55
-18,-30,57
-20,-29,56
-18,-24,54
-21,-22,55
-20,-19,55
-19,-16,55
-18,-15,55
-19,-15,54
-22,-11,56
-20,-12,61
-22,-13,59
-28,-14,59
-25,-14,62
-26,-16,57
-29,-17,54
-32,-16,57
-32,-15,57
-36,-19,51
-38,-18,52
-32,-17,55
-31,-17,54
-32,-19,51
-33,-19,51
-33,-19,50
-35,-22,48
-37,-24,48
-36,-26,51
-34,-27,52
-31,-27,52
-30,-27,52
-30,-27,51
-31,-27,50
-32,-26,50
-33,-26,49
-33,-26,49
-34,-25,48
-35,-24,47
-38,-22,46
-40,-22,45
-39,-23,47
-37,-24,48
-32,-25,50
-31,-26,52
-29,-27,52
-29,-27,51
-32,-28,49
-33,-28,49
-33,-28,49
-32,-28,49
-32,-27,48
-34,-26,48
-34,-26,47
-36,-25,46
-36,-23,46
-44,-20,42
-51,-18,39
-52,-11,40
-50,-9,42
-41,-7,48
-26,-12,47
-18,-16,47
-21,-29,53
-21,-37,54
-16,-45,48
-13,-49,39
-11,-52,34
-11,-54,41
-13,-52,37
-13,-54,31
-1,-47,45
-1,-54,57
-6,-52,58
-10,-51,46
-10,-51,42
-7,-52,45
-15,-46,52
-14,-26,31
-6,-23,26
-4,-41,64
-25,-32,53
-32,-40,48
-29,-37,36
-9,-41,39
-3,-54,51
-19,-56,45
-11,-56,46
-8,-50,38
-9,-55,38
-6,-60,42
-15,-57,35
-11,-53,33
-11,-52,36
-6,-55,37
-6,-51,48
-5,-44,44
-19,-39,47
-16,-37,63
-18,-32,67
-25,-26,63
-31,-21,62
-32,-17,63
-33,-14,68
-26,-7,66
-32,-6,59
-20,0,56
-13,4,56
-24,-1,46
-17,-1,43
-5,-9,44
-4,-10,57
-2,-16,55
14,-26,52
12,-29,56
12,-32,49
23,-35,49
24,-34,47
27,-31,47
38,-28,48
34,-25,54
22,-22,48
21,-27,47
17,-29,51
24,-26,54
28,-27,56
15,-32,55
17,-26,47
21,-27,54
18,-25,57
22,-26,54
29,-24,52
16,-27,57
14,-27,59
15,-26,57
21,-24,55
13,-26,57
12,-25,61
15,-23,58
6,-25,60
10,-23,62
18,-13,61
17,-32,45
9,-22,75
5,-20,62
-4,-27,58
-11,-30,64
-11,-34,69
-1,-36,62
1,-25,63
-13,-25,52
-22,-25,47
-34,-7,39
-48,-3,28
-69,-3,14
-66,1,13
-70,12,10
-76,10,4
-67,13,11
-63,14,15
-65,13,13
-65,11,11
-58,13,16
-61,11,19
-62,11,16
-58,12,11
-56,12,15
-52,14,19
-55,14,17
-63,13,12
-60,13,16
-55,12,23
-57,12,22
-64,12,18
-58,14,21
-57,14,23
-61,14,19
-61,15,19
-59,15,20
-59,14,19
-62,14,18
-62,15,18
-62,15,18
-62,15,18
-60,15,18
-60,14,18
-62,14,18
-61,14,18
-61,14,17
-60,15,17
-60,15,17
-61,15,17
-60,15,17
-61,16,16
-60,16,16
-59,17,16
-61,17,16
-64,17,15
-62,16,17
-61,16,16
-61,16,16
-60,16,15
-60,16,15
-60,16,15
-60,16,15
-60,17,16
-61,17,15
-61,17,15
-61,17,15
-61,17,15
-61,17,15
-61,17,15
-60,17,16
-61,17,15
-61,17,15
-61,17,15
-61,17,15
-60,17,15
-60,17,15
-61,17,15
-61,17,15
-60,17,15
-60,17,15
-60,17,15
-61,18,15
-60,18,15
-60,18,15
-60,18,15
-61,18,15
-61,19,15
-61,19,15
-60,19,15
-61,19,14
-61,20,14
-61,19,15
-60,19,15
-60,19,15
-60,19,15
-60,18,15
-60,19,15
-59,19,15
-60,18,15
-60,19,15
-61,19,15
-61,19,15
-60,19,15
-60,18,15
-60,19,14
-60,18,14
-60,18,15
-61,19,14
-61,19,14
-62,19,14
-61,19,14
-60,19,14
-59,19,14
-60,19,13
-61,18,13
-63,18,13
-63,18,13
-59,18,15
-60,18,14
-61,18,13
-60,18,14
-60,19,14
-60,19,14
-60,19,14
-61,18,14
-61,19,14
-60,19,14
-61,19,14
-61,18,14
-61,18,14
-60,18,14
-61,18,13
-61,18,14
-61,18,14
-61,18,14
-61,18,14
-61,18,14
-61,18,14
-60,18,14
-60,18,14
-60,18,14
-61,18,14
-60,18,14
-61,18,14
-60,18,15
-61,18,14
-62,18,14
-62,18,14
-60,18,15
-60,18,14
-61,18,14
-60,17,14
-60,18,14
-61,18,14
-61,18,14
-61,18,14
-61,18,14
-61,18,14
-61,18,14
-61,18,14
-60,18,14
-61,18,14
-61,18,14
-61,18,14
-61,18,14
-61,19,14
-61,19,14
-61,18,14
-61,18,14
-61,18,14
-60,18,14
-61,18,14
-60,18,14
-60,18,14
-61,18,14
-61,18,14
-61,18,14
-61,19,14
-61,19,13
-60,19,13
-61,19,13
-61,19,14
-61,19,14
-61,19,13
-61,19,13
-61,19,12
-62,19,12
-61,19,12
-61,18,12
-61,18,13
-62,18,13
-63,18,13
-63,18,13
-63,18,12
-61,18,12
-60,18,12
-60,17,12
-55,17,13
-51,15,14
-53,13,13
-69,6,9
-67,5,10
-68,4,13
-71,0,15
-66,-4,23
-61,-9,19
-62,-5,17
-53,1,19
-52,-7,16
-53,0,10
-58,0,5
-59,-1,2
-58,-1,5
-62,1,6
-65,1,4
-71,-2,5
-75,-4,7
-73,-7,8
-72,-8,9
-74,-10,10
-73,-12,7
-72,-13,7
-65,-14,12
-61,-18,15
-59,-19,17
-60,-17,17
-55,-16,23
-50,-18,27
-49,-23,30
-51,-22,32
-44,-19,36
-34,-25,42
-32,-22,44
-29,-22,44
-30,-22,45
-27,-25,56
-35,-28,54
-38,-34,48
-29,-36,49
-22,-41,50
-27,-42,51
-27,-40,51
-25,-40,47
-19,-43,41
-21,-41,47
-21,-40,45
-17,-42,46
-18,-41,43
-16,-40,44
-15,-41,45
-15,-43,42
-16,-45,43
-18,-51,53
-21,-47,49
-16,-41,46
-18,-42,43
-19,-44,45
-20,-43,42
-19,-43,44
-20,-43,45
-21,-43,45
-22,-43,45
-28,-45,45
-34,-48,45
-28,-46,52
-29,-39,50
-32,-35,47
-25,-25,45
-19,-19,45
-18,-22,39
-22,-34,37
-10,-35,41
-18,-46,40
-22,-52,36
7,-64,73
-1,-67,68
-25,-44,41
-27,-43,39
-33,-38,33
-19,-39,36
-14,-44,47
-34,-42,40
-34,-41,41
-27,-35,47
-21,-35,49
-25,-37,45
-29,-39,43
-21,-37,46
-18,-37,45
-25,-39,40
-26,-44,35
-15,-50,47
-20,-52,48
-23,-46,44
-17,-43,43
-21,-45,38
-20,-46,44
-23,-46,42
-18,-46,41
-14,-46,40
-17,-42,34
6,-46,46
-9,-52,39
-13,-52,36
-16,-49,39
-15,-48,40
-2,-50,49
-8,-50,46
-4,-51,47
-4,-51,41
-1,-52,46
-5,-56,49
-4,-55,46
-4,-49,46
-7,-48,44
-18,-43,40
-22,-41,42
-23,-37,40
-28,-36,39
-36,-36,39
-43,-32,34
-47,-30,32
-55,-31,24
-54,-32,22
-49,-29,20
-50,-29,17
-50,-27,14
-50,-28,12
-52,-26,10
-53,-24,8
-59,-23,3
-61,-21,0
-60,-19,-2
-65,-16,-8
-68,-15,-10
-68,-13,-15
-70,-12,-18
-68,-9,-18
-67,-8,-17
-70,-6,-17
-72,-6,-16
-72,-7,-12
-73,-7,-11
-75,-9,-7
-72,-11,-1
-69,-12,2
-69,-14,-1
-69,-14,-3
-69,-9,-2
-69,-5,-2
-70,-1,-5
-70,0,-4
-72,6,-7
-71,6,-4
-73,7,0
-73,11,2
-79,11,4
-61,9,14
-46,11,18
-36,14,21
-37,16,20
-29,17,16
-27,19,12
-29,23,9
-34,23,8
-44,20,-1
-50,20,-5
-59,15,-3
-65,18,2
-68,12,1
-74,14,-6
-75,15,-8
-68,18,-7
-64,18,-9
-64,23,-15
-64,23,-16
-69,22,-14
-68,22,-11
-63,24,-9
-62,24,-11
-60,26,-9
-59,27,-8
-58,27,-8
-58,27,-9
-58,28,-9
-57,29,-10
-57,29,-11
-59,28,-11
-59,28,-10
-57,29,-9
-57,28,-10
-59,27,-10
-58,27,-10
-58,26,-9
-57,26,-9
-56,29,-8
-59,30,-9
-59,30,-9
-59,30,-10
-58,30,-9
-58,30,-8
-56,29,-7
-56,30,-7
-56,30,-8
-55,31,-7
-55,30,-8
-52,29,-10
-55,28,-8
-58,29,-7
-62,28,-9
-62,29,-8
-58,30,-8
-56,30,-6
-58,31,-7
-59,31,-7
-58,30,-7
-57,31,-7
-56,31,-8
-58,30,-8
-58,31,-8
-56,30,-8
-55,31,-7
-55,30,-7
-57,31,-7
-58,31,-7
-58,31,-5
-57,31,-5
-56,31,-4
-56,31,-3
-56,31,-4
-56,31,-3
-57,31,-3
-56,32,-3
-57,31,-3
-56,31,-2
-58,33,-4
-57,33,-4
-56,33,-2
-56,33,-1
-55,33,-1
-54,33,0
-57,33,-1
-57,34,-1
-55,34,0
-55,34,1
-56,34,0
-54,33,1
-54,33,2
-55,34,2
-55,34,1
-55,34,1
-55,34,1
-56,34,1
-56,34,0
-55,34,1
-54,34,1
-55,34,1
-56,35,0
-55,34,0
-54,34,1
-54,34,1
-54,34,0
-55,35,1
-55,35,1
-55,35,1
-55,35,1
-55,35,1
-54,34,1
-54,34,1
-55,35,1
-56,34,1
-55,34,1
-55,34,1
-54,35,1
-55,35,1
-55,35,1
-55,35,2
-54,35,2
-54,35,2
-55,35,2
-55,35,2
-54,35,2
-54,35,2
-55,35,0
-56,35,0
-56,35,1
-54,35,1
-54,35,0
-54,35,0
-55,35,1
-55,35,1
-54,35,1
-54,35,1
-55,35,0
-55,35,0
-54,35,1
-54,35,0
-55,35,0
-54,35,1
-55,35,1
-55,35,0
-55,35,1
-54,35,0
-54,35,0
-55,35,1
-55,35,0
-55,35,0
-54,35,1
-54,35,1
-55,35,0
-55,35,0
-54,35,0
-54,35,1
-54,35,0
-55,35,0
-55,35,0
-54,35,0
-54,35,0
-55,35,0
-55,35,0
-55,35,0
-54,35,0
-54,35,0
-55,35,0
-54,36,0
-55,35,0
-55,35,0
-54,35,0
-55,35,0
-54,36,-1
-54,36,1
-54,36,1
-54,36,1
-54,36,1
-54,36,1
-54,36,1
-54,36,1
-54,35,1
-54,35,1
-54,35,0
-54,35,1
-54,35,1
-54,35,1
-55,35,0
-54,35,1
-54,35,1
-55,35,0
-56,35,0
-55,35,1
-54,35,1
-54,34,1
-55,35,1
-54,35,0
-54,35,0
-56,35,1
-56,35,1
-54,35,1
-55,35,1
-54,35,1
-55,35,1
-55,35,1
-54,35,1
-54,35,1
-54,35,1
-54,35,1
-54,35,1
-54,35,1
-56,35,1
-55,35,1
-55,35,1
-54,35,1
-55,34,1
-55,35,1
-54,35,1
-54,35,1
-55,34,1
-55,35,1
-55,35,1
-55,35,1
-55,35,1
-55,35,2
-55,35,1
-54,35,1
-54,35,1
-54,35,1
-55,35,1
-55,35,1
-54,35,1
-54,35,1
-55,35,0
-56,35,0
-54,36,1
-54,35,1
-55,35,1
-55,35,1
-54,35,1
-55,35,1
-54,35,1
-53,35,1
-54,35,1
-55,35,0
-54,36,1
-54,35,0
-53,36,1
-54,36,0
-54,36,-1
-55,36,0
-53,36,0
-52,36,-1
-54,36,-2
-55,36,-2
-55,36,-2
-52,36,-1
-52,37,-2
-53,37,-3
-54,36,-3
-54,36,-3
-53,37,-3
-53,36,-4
-53,36,-3
-53,38,-4
-53,38,-4
-53,38,-4
-53,38,-4
-52,37,-4
-52,37,-4
-53,37,-5
-52,36,-5
-52,37,-4
-53,38,-5
-54,35,-6
-58,36,-6
-57,37,-6
-54,35,-5
-53,35,-4
-53,35,-4
-54,35,-4
-54,35,-3
-53,35,-3
-53,36,-3
-54,36,-3
-54,36,-3
-55,35,-3
-54,36,-3
-53,36,-4
-54,36,-4
-54,36,-3
-54,36,-3
-54,36,-3
-54,35,-3
-54,35,-3
-55,35,-3
-53,36,-3
-54,36,-3
-54,36,-3
-54,36,-3
-54,36,-3
-54,36,-3
-54,36,-3
-53,36,-3
-54,35,-3
-55,36,-3
-55,36,-3
-53,36,-3
-53,35,-3
-54,36,-3
-54,36,-3
-54,36,-4
-54,36,-4
-54,36,-3
-54,36,-2
-54,36,-3
-54,35,-3
-54,36,-3
-54,36,-3
-54,36,-3
-54,35,-4
-54,36,-3
-53,36,-3
-54,36,-3
-53,36,-3
-52,36,-3
-52,36,-3
-53,36,-4
-55,36,-5
-55,36,-4
-54,36,-3
-52,37,-4
-53,37,-4
-54,36,-4
-53,36,-3
-53,37,-3
-53,37,-4
-53,37,-5
-54,36,-4
-53,37,-4
-53,37,-5
-54,37,-5
-53,37,-4
-53,37,-5
-53,37,-4
-53,37,-4
-53,37,-5
-53,37,-4
-53,38,-4
-53,38,-4
-53,38,-4
-52,37,-4
-51,38,-4
-53,37,-5
-54,37,-5
-53,38,-4
-52,37,-4
-51,36,-4
-51,36,-4
-52,38,-5
-52,38,-5
-52,36,-6
-53,36,-6
-55,38,-5
-55,38,-8
-56,36,-9
-54,36,-4
-55,36,-4
-56,35,-6
-54,35,-5
-52,36,-3
-52,36,-3
-55,36,-5
-55,36,-5
-55,35,-4
-54,35,-4
-52,36,-2
-54,35,-5
-55,36,-4
-54,36,-3
-52,37,-3
-53,36,-4
-55,36,-3
-55,37,-3
-54,37,-3
-53,36,-3
-54,36,-3
-54,37,-4
-53,36,-4
-53,36,-2
-54,36,-3
-54,37,-4
-54,36,-3
-54,36,-2
-54,36,-3
-53,36,-3
-53,36,-3
-54,36,-3
-54,36,-3
-54,36,-3
-53,37,-3
-53,36,-3
-54,36,-4
-54,36,-4
-54,36,-4
-54,36,-3
-54,36,-3
-52,37,-3
-53,36,-3
-54,36,-3
-54,37,-3
-52,37,-4
-52,36,-3
-54,37,-3
-54,37,-4
-54,38,-4
-51,38,-2
-51,37,-2
-53,37,-4
-54,37,-4
-54,38,-5
-52,38,-4
-51,37,-4
-52,38,-5
-53,38,-7
-54,38,-7
-54,37,-6
-51,36,-5
-50,36,-5
-51,36,-7
-52,35,-7
-52,37,-5
-55,37,-8
-58,36,-11
-58,36,-10
-53,39,-8
-52,37,-8
-52,38,-6
-52,38,-6
-51,38,-5
-51,38,-4
-51,38,-5
-54,36,-6
-54,37,-5
-54,36,-5
-54,37,-5
-52,37,-5
-54,36,-5
-54,37,-5
-53,37,-4
-52,36,-4
-54,36,-5
-55,36,-4
-52,38,-4
-51,38,-4
-53,38,-3
-54,38,-4
-54,38,-4
-52,37,-4
-52,37,-4
-52,38,-4
-52,38,-4
-52,36,-4
-54,37,-3
-53,37,-4
-53,37,-4
-53,38,-4
-54,37,-4
-54,37,-4
-53,37,-4
-52,37,-4
-53,37,-4
-54,36,-4
-53,36,-3
-53,37,-4
-53,37,-4
-54,37,-4
-53,37,-4
-53,37,-4
-53,37,-4
-53,37,-4
-53,37,-4
-53,37,-3
-53,37,-3
-53,37,-4
-54,36,-3
-53,37,-3
-52,37,-4
-53,36,-3
-53,38,-2
-53,37,-3
-53,36,-4
-54,38,-3
-52,38,-3
-52,37,-3
-52,37,-3
-53,39,-4
-52,39,-4
-50,37,-2
-51,37,-2
-53,39,-6
-53,38,-8
-51,39,-4
-50,38,-5
-53,38,-7
-54,39,-8
-54,38,-8
-49,38,-5
-50,38,-6
-52,38,-7
-52,38,-6
-52,37,-7
-52,38,-6
-49,38,-6
-50,37,-8
-50,38,-7
-50,38,-9
-52,37,-11
-51,38,-9
-52,39,-9
-52,41,-12
-52,41,-15
-55,38,-13
-52,39,-8
-52,37,-13
-53,36,-13
-56,37,-11
-50,37,-6
-53,36,-7
-52,36,-6
-52,37,-5
-54,36,-7
-56,36,-7
-53,37,-6
-53,36,-6
-52,36,-7
-52,36,-7
-55,36,-6
-56,37,-6
-53,36,-6
-52,35,-5
-53,36,-5
-54,36,-6
-54,37,-6
-54,36,-5
-53,36,-5
-53,36,-6
-53,36,-6
-52,37,-4
-52,37,-4
-54,36,-5
-54,35,-5
-54,36,-4
-53,36,-5
-54,36,-5
-54,36,-4
-53,37,-5
-53,36,-5
-54,36,-5
-54,36,-5
-53,36,-4
-53,37,-4
-53,36,-5
-54,36,-4
-54,37,-4
-53,37,-5
-53,36,-5
-54,36,-5
-53,37,-5
-53,37,-6
-54,37,-5
-54,37,-4
-54,36,-5
-53,37,-5
-52,37,-4
-53,37,-5
-53,36,-5
-54,36,-4
-53,36,-5
-52,37,-4
-52,38,-4
-52,37,-5
-53,37,-6
-54,37,-7
-53,37,-7
-50,38,-5
-50,38,-5
-52,38,-8
-54,37,-9
-52,39,-5
-51,39,-5
-51,38,-8
-52,39,-7
-52,38,-7
-52,38,-8
-50,38,-7
-50,39,-6
-50,38,-7
-50,38,-7
-49,37,-7
-49,39,-6
-51,38,-11
-54,38,-11
-53,38,-9
-52,38,-12
-52,39,-12
-52,39,-12
-51,38,-10
-51,38,-10
-52,37,-12
-53,37,-12
-52,39,-10
-52,38,-11
-53,38,-9
-51,38,-8
-51,37,-10
-52,38,-8
-52,38,-8
-52,37,-9
-52,37,-9
-51,38,-7
-51,37,-7
-52,37,-9
-53,37,-8
-52,38,-7
-53,38,-8
-52,37,-8
-52,37,-8
-52,37,-8
-53,38,-8
-53,37,-8
-52,36,-8
-53,37,-8
-53,38,-8
-53,37,-8
-54,37,-8
-53,37,-7
-52,37,-7
-52,37,-8
-52,37,-7
-52,37,-7
-52,37,-6
-54,36,-8
-52,38,-5
-52,38,-7
-52,36,-8
-52,38,-5
-50,38,-5
-54,37,-9
-54,38,-9
-49,38,-5
-49,37,-6
-52,38,-9
-53,39,-10
-54,38,-10
-50,39,-9
-48,39,-10
-50,38,-13
-51,38,-13
-50,39,-10
-49,38,-12
-48,35,-11
-49,37,-9
-53,38,-16
-56,38,-19
-55,39,-19
-56,39,-19
-50,39,-15
-49,39,-12
-49,37,-10
-48,38,-6
-50,37,-8
-51,38,-8
-51,37,-9
-51,39,-7
-49,39,-6
-53,37,-9
-52,38,-9
-51,38,-9
-53,39,-10
-51,39,-10
-51,38,-11
-52,38,-11
-51,38,-9
-52,37,-8
-52,37,-8
-52,38,-9
-54,38,-12
-53,36,-14
-54,36,-11
-52,37,-10
-53,35,-14
-55,35,-14
-54,35,-13
-53,33,-13
-53,33,-12
-54,32,-14
-57,32,-19
-51,32,-13
-51,31,-14
-55,31,-18
-56,31,-17
-53,32,-14
-54,33,-16
-53,32,-15
-53,32,-15
-55,33,-16
-53,32,-15
-53,32,-16
-54,33,-17
-54,33,-17
-53,33,-16
-53,33,-17
-53,33,-17
-54,33,-18
-53,33,-18
-53,33,-17
-53,33,-17
-53,33,-18
-53,33,-18
-53,32,-18
-52,32,-17
-52,32,-17
-53,33,-18
-53,32,-17
-53,32,-18
-53,33,-18
-53,33,-18
-53,33,-19
-53,32,-19
-53,33,-19
-53,32,-18
-53,32,-18
-52,32,-19
-53,32,-19
-53,32,-19
-53,32,-19
-53,32,-19
-53,32,-19
-53,32,-19
-53,32,-19
-53,31,-19
-53,31,-20
-53,32,-19
-54,32,-19
-54,31,-19
-53,32,-19
-53,32,-19
-54,31,-19
-54,31,-18
-53,30,-20
-54,29,-21
-56,31,-19
-57,31,-17
-56,31,-19
-55,31,-10
-56,30,-8
-54,31,-9
-55,29,-9
-60,30,-9
-57,30,-7
-57,29,-5
-56,29,-5
-57,28,-5
-59,28,-6
-59,28,-6
-58,29,-6
-58,30,-4
-60,29,-4
-59,28,-3
-59,29,-3
-58,28,-2
-59,28,-2
-58,28,-2
-58,26,-3
-59,26,-2
-58,27,1
-58,27,0
-57,26,1
-59,27,2
-57,29,0
-60,30,0
-59,30,1
-55,30,1
-56,30,1
-60,30,0
-58,31,1
-56,32,0
-57,32,0
-57,31,0
-56,32,0
-54,34,2
-54,32,-1
-56,34,0
-53,36,0
-54,35,-2
-55,35,-2
-56,34,-3
-56,35,-3
-54,35,-3
-54,34,-2
-52,35,-2
-57,34,-8
-54,35,-4
-53,35,-4
-54,34,-6
-55,34,-7
-55,35,-7
-54,34,-8
-53,34,-8
-53,35,-8
-55,34,-9
-55,35,-9
-54,36,-9
-54,35,-9
-55,35,-9
-54,36,-9
-53,36,-10
-54,35,-10
-54,35,-10
-53,36,-9
-52,35,-9
-54,36,-8
-53,35,-9
-53,36,-9
-54,36,-9
-53,36,-7
-53,36,-8
-53,36,-8
-53,36,-8
-53,37,-7
-52,36,-7
-53,36,-7
-53,36,-8
-54,36,-7
-52,37,-6
-52,36,-6
-54,36,-6
-54,36,-7
-53,37,-6
-52,38,-6
-53,36,-7
-54,36,-6
-53,38,-6
-51,36,-7
-53,36,-6
-54,37,-6
-53,37,-7
-52,37,-6
-52,36,-7
-54,37,-7
-53,37,-7
-52,37,-7
-53,37,-7
-52,37,-6
-53,37,-7
-53,37,-8
-52,37,-7
-52,37,-6
-52,36,-8
-52,36,-8
-52,37,-8
-52,37,-8
-52,37,-9
-53,37,-10
-52,38,-9
-52,38,-9
-51,37,-10
-52,37,-9
-52,38,-9
-52,38,-9
-51,38,-9
-52,38,-9
-52,38,-9
-51,37,-10
-51,38,-9
-52,38,-9
-51,38,-9
-52,38,-9
-52,37,-9
-51,38,-8
-52,38,-9
-53,38,-9
-54,36,-9
-53,37,-8
-52,38,-8
-52,37,-9
-52,37,-8
-52,37,-8
-53,37,-9
-53,36,-9
-53,37,-5
-53,37,-5
-51,33,-7
-56,35,-6
-56,36,-5
-54,37,-6
-52,37,-5
-55,34,-3
-56,35,-3
-55,36,-6
-54,35,-5
-54,36,-4
-54,35,-4
-56,35,-4
-55,35,-4
-54,35,-4
-55,35,-4
-56,34,-5
-53,36,0
-53,36,-2
-56,36,-4
-55,36,-5
-53,35,-2
-50,37,2
-51,37,-6
-53,38,-8
-53,39,-6
-51,38,-7
-51,37,-6
-53,36,-6
-54,37,-7
-52,37,-7
-51,38,-6
-52,37,-8
-53,38,-7
-53,38,-7
-51,38,-7
-51,38,-7
-52,38,-7
-53,38,-7
-52,38,-7
-52,38,-7
-52,39,-7
-52,38,-7
-52,38,-7
-52,38,-7
-51,38,-7
-51,38,-7
-53,38,-7
-53,38,-7
-51,37,-7
-51,37,-6
-52,38,-7
-54,38,-7
-53,38,-7
-52,38,-7
-51,38,-7
-51,38,-7
-52,38,-7
-52,38,-7
-51,38,-7
-52,38,-6
-52,38,-7
-52,38,-7
-52,38,-7
-52,38,-7
-52,37,-7
-52,38,-7
-52,37,-7
-53,37,-7
-52,38,-6
-51,38,-7
-52,38,-7
-52,38,-7
-52,39,-7
-52,38,-7
-52,38,-6
-52,38,-6
-52,38,-7
-51,39,-7
-51,38,-8
-50,39,-8
-50,39,-9
-52,39,-10
-52,39,-10
-49,39,-8
-48,39,-8
-50,39,-12
-52,38,-14
-50,39,-11
-49,39,-11
-49,39,-13
-51,39,-14
-51,39,-14
-48,40,-12
-48,39,-14
-50,39,-17
-51,40,-15
-50,40,-14
-49,40,-14
-47,39,-14
-48,39,-14
-49,39,-14
-48,40,-14
-48,40,-14
-47,39,-14
-47,39,-14
-51,39,-17
-51,40,-16
-50,40,-15
-50,40,-15
-48,39,-15
-48,39,-13
-51,39,-16
-51,39,-17
-49,39,-15
-49,39,-16
-49,39,-15
-50,39,-15
-51,39,-15
-50,39,-15
-51,39,-15
-49,38,-14
-49,38,-13
-49,38,-13
-51,38,-14
-51,39,-13
-50,39,-13
-50,39,-13
-50,38,-13
-50,39,-13
-50,39,-14
-50,39,-13
-50,39,-13
-50,38,-14
-49,38,-13
-50,38,-12
-51,38,-14
-52,39,-13
-49,39,-12
-49,38,-12
-51,39,-13
-50,37,-15
-50,38,-13
-48,39,-11
-48,39,-13
-50,38,-16
-49,38,-14
-47,39,-13
-52,39,-18
-52,40,-18
-47,39,-14
-45,39,-13
-48,38,-16
-48,39,-17
-49,39,-17
-48,38,-16
-47,39,-15
-47,41,-16
-52,40,-18
-50,40,-16
-48,39,-17
-48,40,-17
-47,39,-16
-47,39,-16
-48,40,-15
-48,39,-16
-49,39,-17
-49,39,-18
-48,39,-17
-49,39,-17
-49,39,-18
-49,39,-18
-49,39,-17
-49,38,-18
-50,39,-17
-50,38,-18
-50,38,-18
-49,38,-16
-50,38,-16
-50,38,-16
-50,38,-16
-49,38,-16
-49,38,-16
-50,38,-15
-51,38,-16
-50,38,-15
-49,38,-15
-50,38,-15
-50,38,-15
-49,38,-14
-49,38,-14
-50,38,-15
-50,38,-14
-50,38,-15
-50,38,-14
-50,38,-14
-50,38,-14
-49,38,-14
-51,38,-15
-50,38,-14
-50,38,-14
-50,38,-15
-50,38,-14
-50,38,-14
-50,38,-14
-50,38,-14
-50,38,-14
-50,38,-15
-50,38,-14
-50,38,-14
-49,38,-15
-50,38,-15
-51,38,-14
-50,38,-14
-50,38,-14
-50,38,-14
-50,39,-14
-49,38,-15
-50,38,-14
-51,39,-14
-50,39,-14
-50,38,-13
-49,38,-14
-50,38,-14
-50,38,-14
-50,38,-14
-49,39,-13
-50,39,-14
-51,39,-15
-50,38,-14
-48,39,-13
-48,38,-15
-50,39,-17
-50,39,-16
-48,38,-15
-49,39,-15
-50,39,-17
-49,39,-16
-49,39,-16
-48,39,-16
-49,39,-17
-50,40,-17
-49,39,-17
-48,38,-16
-48,39,-16
-49,38,-19
-50,39,-19
-47,38,-16
-46,38,-16
-48,38,-19
-49,38,-18
-48,39,-17
-49,39,-19
-50,39,-18
-51,39,-18
-50,38,-19
-49,39,-18
-49,38,-19
-49,37,-18
-49,38,-18
-50,37,-19
-49,37,-17
-49,38,-18
-49,38,-19
-49,38,-17
-50,38,-18
-50,38,-17
-49,38,-17
-49,38,-16
-49,38,-16
-50,38,-17
-49,39,-17
-49,38,-17
-49,38,-16
-50,38,-16
-50,38,-17
-50,38,-17
-50,39,-16
-49,38,-16
-49,38,-16
-49,38,-16
-50,38,-17
-50,39,-16
-50,38,-16
-49,39,-16
-49,38,-16
-50,38,-16
-50,38,-16
-49,38,-15
-49,38,-15
-49,39,-15
-51,39,-16
-50,38,-16
-49,38,-15
-48,37,-14
-48,38,-15
-50,39,-17
-50,38,-15
-49,38,-13
-49,39,-16
-49,38,-18
-47,38,-16
-46,38,-18
-49,39,-20
-48,39,-20
-48,39,-20
-46,39,-18
-45,39,-19
-47,38,-22
-47,39,-22
-47,38,-21
-46,37,-22
-45,37,-20
-46,39,-27
-46,37,-28
-45,37,-21
-44,40,-18
-54,37,-34
-43,40,-23
-41,41,-18
-42,39,-31
-46,40,-25
-47,41,-24
-46,41,-34
-45,41,-27
-45,39,-25
-45,39,-26
-44,39,-25
-43,38,-23
-44,39,-25
-45,39,-26
-43,38,-23
-45,39,-26
-45,39,-28
-44,40,-27
-44,39,-28
-44,39,-29
-43,39,-27
-45,40,-27
-48,40,-32
-36,38,-18
-46,37,-25
-46,38,-29
-46,37,-27
-46,37,-26
-48,37,-27
-46,37,-26
-47,38,-26
-46,37,-28
-45,37,-26
-46,37,-26
-46,37,-26
-46,36,-26
-46,36,-27
-46,37,-26
-45,36,-25
-46,36,-26
-46,36,-26
-46,37,-26
-46,37,-27
-47,36,-26
-46,37,-25
-46,36,-27
-46,37,-26
-45,37,-25
-46,37,-26
-47,37,-26
-47,37,-25
-45,37,-25
-46,36,-26
-46,36,-26
-46,37,-25
-46,37,-25
-46,36,-25
-46,36,-26
-47,37,-26
-47,37,-26
-46,36,-26
-46,38,-26
-46,37,-26
-46,37,-25
-46,37,-25
-45,37,-26
-46,37,-26
-46,37,-25
-45,37,-25
-47,37,-26
-46,37,-26
-46,37,-25
-46,37,-26
-46,37,-26
-47,37,-25
-46,37,-26
-47,37,-26
-46,37,-26
-46,37,-26
-46,38,-25
-46,37,-26
-48,37,-26
-47,37,-25
-46,38,-24
-46,38,-24
-46,38,-25
-47,37,-24
-45,38,-23
-45,38,-23
-46,38,-23
-47,38,-24
-46,38,-23
-46,38,-24
-45,38,-24
-44,38,-23
-45,39,-24
-45,38,-26
-45,39,-23
-45,38,-24
-45,38,-27
-44,38,-23
-43,38,-24
-46,39,-29
-46,38,-30
-43,38,-23
-43,38,-24
-44,37,-26
-43,37,-23
-43,40,-27
-46,38,-32
-46,39,-27
-44,39,-26
-46,39,-28
-43,39,-26
-44,39,-27
-44,38,-26
-44,38,-26
-44,38,-24
-43,38,-25
-42,37,-27
-43,37,-22
-42,36,-23
-41,37,-28
-46,38,-33
-44,39,-31
-42,40,-32
-40,40,-30
-40,40,-31
-43,41,-35
-40,40,-31
-41,38,-28
-43,38,-30
-43,39,-34
-42,39,-32
-42,38,-29
-44,38,-31
-45,40,-37
-40,38,-29
-43,39,-25
-49,41,-33
-48,42,-30
-40,39,-15
-39,37,-11
-47,37,-16
-52,37,-19
-48,38,-18
-46,38,-14
-50,38,-20
-50,38,-15
-47,38,-14
-50,39,-17
-51,40,-18
-48,39,-15
-47,38,-15
-49,38,-15
-50,38,-15
-50,38,-15
-49,38,-14
-49,37,-13
-48,37,-14
-51,39,-15
-51,39,-15
-51,38,-14
-50,38,-15
-49,38,-15
-49,38,-15
-48,37,-14
-49,38,-16
-49,38,-15
-48,37,-16
-48,38,-16
-51,39,-20
-50,39,-19
-48,38,-14
-51,38,-18
-52,38,-21
-48,36,-15
-47,35,-13
-51,35,-17
-52,36,-19
-52,37,-18
-51,37,-16
-51,35,-17
-50,35,-17
-52,35,-17
-51,36,-17
-51,36,-18
-51,35,-16
-51,35,-16
-52,36,-18
-52,35,-17
-51,35,-19
-55,36,-20
-52,35,-15
-51,36,-15
-50,35,-14
-53,36,-15
-53,37,-15
-51,35,-15
-51,34,-11
-57,35,-19
-50,36,-18
-55,33,-13
-56,33,-13
-49,35,-18
-52,36,-17
-55,34,-20
-50,33,-16
-49,34,-17
-50,33,-15
-51,34,-21
-48,34,-21
-47,34,-20
-48,35,-24
-45,35,-25
-48,35,-25
-48,35,-27
-46,35,-31
-46,35,-30
-42,35,-26
-42,35,-29
-46,36,-33
-45,36,-33
-42,36,-31
-41,35,-30
-42,35,-33
-44,35,-38
-43,35,-36
-40,34,-34
-40,34,-33
-41,34,-36
-43,35,-37
-40,34,-35
-40,33,-35
-41,34,-37
-41,34,-36
-40,33,-37
-39,34,-38
-39,34,-36
-40,33,-39
-39,34,-38
-39,34,-38
-39,34,-38
-39,33,-39
-39,34,-38
-39,34,-38
-38,34,-39
-39,33,-38
-39,33,-38
-38,34,-39
-38,33,-38
-39,33,-38
-39,34,-39
-39,34,-39
-39,33,-38
-38,33,-39
-38,34,-38
-38,34,-38
-39,33,-38
-39,33,-39
-38,34,-39
-38,33,-39
-39,34,-39
-38,33,-38
-38,33,-39
-38,34,-39
-38,34,-39
-38,34,-39
-39,34,-39
-38,33,-39
-38,33,-39
-38,33,-39
-38,34,-39
-38,34,-39
-38,34,-39
-38,34,-39
-37,33,-39
-38,33,-39
-37,34,-39
-38,33,-40
-38,33,-40
-38,34,-39
-37,33,-40
-38,33,-40
-37,33,-40
-37,33,-40
-37,33,-40
-37,33,-40
-38,33,-41
-37,33,-40
-37,33,-40
-37,33,-40
-37,34,-40
-37,33,-40
-37,33,-40
-37,33,-40
-37,33,-40
-37,33,-41
-36,33,-40
-37,33,-40
-37,33,-40
-37,33,-41
-36,33,-41
-36,33,-40
-37,33,-40
-37,33,-40
-36,33,-40
-37,34,-40
-36,33,-40
-37,33,-40
-37,33,-40
-37,33,-40
-37,34,-41
-37,34,-40
-36,33,-41
-37,34,-38
-37,33,-38
-37,33,-40
-37,33,-40
-37,33,-40
-38,34,-40
-38,34,-40
-38,34,-39
-37,34,-39
-38,34,-39
-38,35,-38
-38,34,-38
-38,34,-38
-38,34,-39
-38,34,-38
-39,34,-39
-39,34,-39
-38,34,-38
-38,34,-39
-38,34,-38
-39,34,-38
-39,33,-38
-38,34,-38
-38,34,-38
-39,34,-38
-39,34,-38
-39,34,-38
-38,34,-38
-39,33,-38
-39,33,-39
-39,34,-38
-39,34,-38
-39,34,-38
-39,33,-39
-39,33,-38
-38,34,-38
-38,34,-38
-39,33,-38
-39,34,-38
-39,34,-38
-39,34,-38
-39,33,-39
-39,34,-39
-39,34,-38
-39,34,-38
-39,33,-39
-39,34,-38
-39,34,-38
-39,33,-38
-39,33,-38
-39,33,-39
-39,33,-38
-39,33,-38
-39,34,-38
-39,33,-38
-39,33,-38
-39,33,-38
-39,33,-39
-39,33,-39
-39,33,-39
-39,33,-38
-39,33,-39
-38,33,-39
-38,33,-38
-39,33,-38
-39,33,-40
-38,34,-38
-38,34,-39
-38,33,-39
-38,34,-39
-38,34,-38
-38,33,-39
-38,34,-39
-38,33,-39
-38,34,-39
-37,34,-37
-38,33,-41
-38,34,-39
-39,34,-37
-39,33,-38
-38,35,-40
-38,35,-37
-38,33,-39
-40,33,-40
-38,34,-37
-37,34,-38
-38,34,-38
-39,34,-38
-39,34,-38
-38,34,-37
-38,34,-38
-38,35,-37
-39,34,-38
-39,34,-38
-39,34,-38
-38,34,-38
-39,34,-38
-39,34,-37
-39,34,-38
-39,35,-38
-39,34,-38
-39,34,-38
-38,35,-37
-38,34,-37
-39,34,-38
-39,34,-38
-39,34,-37
-39,34,-37
-39,34,-37
-39,34,-38
-39,34,-38
-38,34,-37
-38,34,-37
-39,35,-38
-39,35,-37
-39,34,-38
-39,34,-38
-39,35,-37
-39,35,-38
-40,34,-38
-40,34,-37
-39,35,-37
-38,34,-38
-38,34,-36
-39,34,-38
-40,35,-37
-38,35,-37
-39,35,-37
-39,35,-37
-39,35,-38
-39,35,-37
-39,35,-36
-38,35,-37
-39,34,-38
-39,35,-37
-38,35,-37
-39,35,-38
-38,34,-38
-38,35,-36
-38,35,-38
-38,36,-39
-38,35,-38
-38,35,-38
-37,35,-38
-37,35,-37
-37,34,-38
-38,35,-38
-38,36,-38
-37,36,-37
-37,34,-39
-39,36,-39
-39,35,-36
-36,33,-39
-38,34,-38
-38,35,-39
-38,35,-38
-39,35,-39
-39,35,-38
-38,35,-38
-37,35,-38
-39,35,-39
-39,34,-37
-38,34,-38
-37,35,-37
-38,35,-38
-39,35,-38
-39,35,-37
-38,34,-38
-39,34,-38
-39,35,-37
-39,35,-37
-39,35,-37
-39,34,-38
-39,34,-37
-38,34,-38
-39,35,-38
-39,34,-37
-39,34,-37
-38,34,-37
-39,35,-37
-38,35,-37
-38,34,-37
-39,34,-38
-39,35,-37
-39,35,-38
-39,35,-37
-38,35,-37
-39,35,-36
-39,34,-37
-38,35,-36
-38,35,-37
-39,35,-38
-39,35,-38
-38,35,-38
-38,35,-39
-38,35,-38
-38,35,-38
-37,35,-38
-37,34,-38
-38,35,-38
-38,34,-38
-38,34,-38
-38,35,-38
-38,35,-38
-37,34,-38
-39,35,-39
-39,35,-39
-39,35,-39
-38,35,-38
-37,34,-38
-38,34,-38
-38,34,-38
-37,34,-38
-38,35,-39
-39,35,-39
-38,35,-38
-37,35,-38
-38,35,-38
-38,34,-38
-38,34,-38
-37,34,-38
-38,35,-38
-38,35,-38
-38,35,-39
-38,35,-38
-38,35,-38
-38,34,-38
-38,34,-38
-38,35,-38
-38,35,-38
-39,35,-38
-38,34,-38
-38,35,-38
-38,35,-38
-38,35,-38
-38,35,-38
-38,35,-38
-38,34,-37
-38,34,-38
-38,35,-38
-38,35,-38
-38,35,-38
-38,35,-38
-38,35,-38
-38,34,-38
-38,35,-38
-38,35,-38
-38,35,-38
-38,34,-37
-38,35,-38
-38,35,-38
-38,35,-38
-38,35,-37
-38,34,-38
-38,35,-38
-38,35,-37
-38,34,-38
-38,34,-39
-38,35,-38
-38,35,-37
-38,35,-38
-38,35,-38
-38,35,-38
-38,34,-37
-38,35,-38
-38,35,-38
-38,35,-38
-38,35,-38
-38,35,-38
-37,35,-38
-38,35,-38
-38,35,-38
-38,35,-38
-38,35,-37
-38,34,-38
-38,35,-39
-38,35,-38
-38,35,-38
-38,34,-38
-38,35,-38
-38,35,-38
-38,35,-38
-38,35,-38
-38,35,-38
-38,35,-38
-38,35,-38
-38,35,-38
-38,35,-37
-38,35,-38
-38,34,-38
-38,34,-38
-38,35,-38
-38,35,-38
-37,34,-38
-37,34,-38
-38,35,-38
-38,35,-38
-37,35,-38
-37,35,-38
-38,35,-38
-38,35,-38
-37,35,-38
-38,35,-39
-38,35,-38
-37,34,-39
-37,35,-38
-37,34,-38
-37,34,-39
-37,34,-39
-37,34,-38
-37,34,-39
-38,34,-39
-38,34,-40
-38,33,-39
-38,33,-38
-39,35,-36
-38,35,-36
-39,35,-37
-40,34,-39
-40,34,-37
-38,34,-37
-39,34,-38
-39,34,-38
-39,34,-39
-39,34,-37
-39,33,-38
-39,33,-38
-39,33,-37
-38,34,-38
-39,34,-38
-39,34,-38
-39,34,-38
-39,34,-38
-38,34,-38
-39,34,-38
-39,34,-38
-39,34,-38
-39,34,-38
-38,34,-37
-38,34,-38
-39,34,-38
-39,34,-38
-39,34,-38
-39,34,-38
-39,35,-38
-39,34,-38
-39,34,-38
-38,34,-38
-39,34,-38
-39,34,-38
-38,34,-38
-39,34,-38
-39,34,-38
-39,34,-38
-39,34,-38
-38,34,-38
-39,34,-38
-39,34,-38
-38,34,-38
-38,34,-38
-38,34,-38
-38,34,-39
-39,34,-38
-38,34,-39
-39,34,-38
-38,34,-38
-38,34,-38
-38,34,-38
-38,34,-39
-39,34,-39
-38,34,-38
-37,34,-38
-38,34,-38
-39,33,-39
-38,34,-38
-39,34,-39
-39,34,-38
-39,33,-38
-38,33,-39
-38,33,-38
-39,33,-39
-38,33,-39
-38,33,-38
-38,33,-38
-39,33,-39
-39,33,-39
-39,33,-38
-39,33,-39
-40,34,-38
-39,32,-38
-39,32,-39
-39,32,-39
-39,32,-38
-40,32,-37
-38,31,-38
-41,30,-40
-42,31,-37
-44,29,-37
-45,27,-37
-41,30,-39
-44,31,-32
-47,30,-33
-49,26,-33
-46,27,-32
-46,30,-27
-44,31,-26
-51,28,-29
-52,26,-31
-54,24,-29
-51,24,-25
-51,24,-22
-52,23,-23
-60,19,-24
-57,19,-20
-56,20,-17
-58,18,-20
-62,18,-21
-63,17,-18
-59,17,-14
-58,17,-12
-60,17,-13
-64,17,-15
-65,16,-14
-64,16,-13
-62,15,-11
-63,15,-11
-64,14,-11
-63,14,-11
-63,13,-10
-62,13,-10
-62,12,-11
-62,12,-10
-63,11,-11
-64,11,-10
-62,11,-9
-62,11,-10
-65,11,-13
-65,11,-12
-64,11,-11
-63,11,-9
-63,10,-9
-63,10,-9
-65,9,-9
-63,9,-6
-60,8,-4
-54,7,1
-55,6,1
-68,4,-7
-68,4,-6
-59,3,1
-58,1,3
-63,-2,-1
-65,-5,-2
-60,-6,0
-51,-8,3
-50,-8,3
-67,-11,-12
-71,-13,-15
-53,-10,-7
-55,-6,-5
-67,-16,-19
-61,-15,-14
-59,-11,-18
-73,-11,-32
-79,-16,-30
-61,-28,-4
-52,-24,3
-52,-25,-8
-49,-24,-16
-48,-30,-26
-51,-36,-34
-48,-38,-33
-58,-41,-37
-73,-41,-44
-66,-36,-37
-61,-34,-31
-56,-38,-27
-51,-39,-14
-47,-21,6
-50,-21,9
-51,-23,14
-51,-23,16
-61,-24,13
-58,-23,18
-51,-26,24
-47,-30,24
-50,-29,29
-51,-26,30
-42,-28,30
-46,-30,31
-50,-28,30
-48,-29,35
-47,-27,39
-42,-24,39
-41,-22,41
-35,-20,47
-38,-22,46
-39,-30,47
-41,-28,49
-42,-31,61
-34,-28,50
-30,-28,45
-29,-29,46
-27,-29,45
-24,-31,38
-25,-35,36
-28,-45,44
-39,-44,48
-42,-40,37
-38,-38,35
-35,-30,38
-26,-36,37
-45,-38,40
-44,-35,40
-40,-34,41
-39,-37,40
-40,-40,38
-39,-46,31
-46,-46,32
-30,-39,47
-28,-36,47
-19,-31,50
-19,-26,50
-33,-22,45
-37,-24,45
-50,-24,47
-46,-20,53
-40,-25,58
-32,-36,55
-28,-32,48
-23,-37,40
-15,-39,43
-11,-40,45
-14,-39,46
-18,-38,47
-20,-36,48
-23,-36,49
-21,-35,47
-23,-37,49
-23,-41,48
-20,-38,44
-13,-39,42
-19,-41,40
-24,-54,48
-25,-56,50
-16,-47,39
-13,-46,36
-18,-47,38
-23,-50,40
-15,-53,41
-22,-53,39
-26,-46,40
-28,-42,45
-28,-39,46
-29,-33,49
-34,-33,45
-40,-30,42
-40,-27,41
-40,-23,39
-46,-23,37
-49,-22,34
-50,-22,31
-54,-20,31
-55,-19,32
-58,-19,32
-60,-18,33
-61,-17,33
-65,-17,31
-70,-16,31
-71,-16,33
-72,-15,33
-73,-12,26
-72,-10,25
-65,-3,30
-66,-1,24
-65,7,15
-60,8,-1
-57,6,-12
-61,-4,-30
-61,-8,-36
-37,-9,-19
-34,-12,-19
-50,-16,-23
-49,-15,-23
-51,-9,-21
-50,-6,-23
-47,3,-23
-50,6,-25
-58,8,-26
-58,7,-37
-55,5,-36
-55,7,-45
-53,8,-43
-52,6,-45
-49,4,-45
-44,3,-39
-46,4,-38
-51,6,-37
-52,7,-35
-50,8,-32
-54,10,-34
-58,12,-32
-58,11,-30
-57,9,-29
-60,7,-30
-61,6,-32
-61,4,-28
-60,5,-25
-61,4,-24
-62,4,-25
-60,3,-22
-60,3,-22
-63,2,-21
-62,3,-19
-63,2,-19
-63,3,-19
-64,2,-19
-62,2,-17
-62,2,-16
-63,1,-15
-63,2,-15
-62,2,-14
-63,2,-14
-65,2,-16
-66,2,-16
-65,3,-16
-67,4,-17
-69,5,-20
-72,9,-19
-70,12,-17
-73,15,-19
-75,17,-17
-71,15,-16
-70,9,-15
-87,-17,-42
-73,-24,-54
-98,-1,-79
-74,4,-61
-49,-15,-26
-29,-12,5
-24,-4,8
-16,17,18
5,25,14
33,43,0
41,44,-10
42,40,-20
30,41,-25
-28,37,-68
-41,36,-87
-126,40,-92
-121,56,-72
-50,42,-1
-53,43,2
-45,46,-8
-31,43,-6
-13,37,-1
-25,31,-16
-45,29,-18
-49,29,-34
-54,32,-37
-65,33,-31
-74,28,-33
-61,21,-21
-68,23,-20
-77,33,-16
-70,29,-9
-64,25,-6
-63,22,-3
-62,23,-4
-55,22,-3
-50,24,-3
-52,33,-2
-50,33,-1
-34,39,1
-26,40,4
-48,44,0
-43,40,-2
-34,34,2
-55,35,3
-56,28,-4
-58,8,-13
-79,4,-21
-88,1,-27
-78,-10,-18
-88,-26,7
-88,-30,15
-72,-19,17
-65,-14,14
-52,-6,2
-63,6,-8
-61,24,-20
-72,41,-42
-77,45,-49
-80,55,-52
-73,55,-44
-65,51,-23
-58,53,-20
-49,55,-15
-40,55,-14
-8,58,-22
7,60,-25
17,61,-25
9,60,-5
0,59,-5
12,48,5
10,44,25
-16,45,9
-16,49,2
-10,53,0
-6,51,7
-5,49,16
3,47,26
-1,47,28
-7,47,21
-8,46,21
-16,43,15
-10,43,5
-47,42,3
-51,43,-9
-27,43,-10
-55,40,8
-78,30,-6
-63,26,-11
-46,27,8
-83,21,12
-82,28,-10
-58,23,-3
-82,22,13
-66,23,6
-55,23,-4
-59,19,-9
-74,7,-10
-59,-4,-14
-49,-7,1
-4,-14,-27
-7,-16,-39
-15,-24,-22
-12,-16,-20
-6,-24,-25
-86,-59,-60
-79,-68,-42
-46,-43,-14
-40,-56,-8
-60,-62,-6
-56,-63,-3
-32,-74,8
-33,-81,14
-54,-72,15
-51,-67,15
-70,-60,-12
-68,-59,-12
-21,-65,12
-10,-78,8
20,-68,12
24,-71,19
17,-72,9
-15,-80,-21
-7,-87,-13
1,-93,-6
-11,-98,-9
27,-94,-4
23,-104,-6
2,-94,-6
-22,-90,-20
-36,-85,2
-14,-64,6
-21,-71,-8
-25,-86,-36
-41,-58,-7
-32,-72,-45
-31,-70,-53
-43,-57,-74
-62,-51,-62
-60,-49,-59
-58,-53,-47
-62,-34,-50
-72,-34,-62
-69,-40,-62
-47,-37,-73
-20,-40,-62
-8,-23,-27
-30,-10,-31
-53,9,-30
-55,21,-38
-52,29,-26
-49,35,-15
-37,39,-6
-25,41,8
-29,40,18
-35,50,26
-34,49,26
-47,39,23
-47,34,25
-35,32,33
-5,33,33
37,42,46
34,34,45
6,11,49
1,3,40
-24,-5,7
-26,4,7
-64,6,0
-52,6,16
-51,-14,16
-17,-36,29
10,-32,51
28,-22,74
18,-13,70
14,10,43
7,33,21
-27,58,5
-57,43,9
-76,22,32
-70,8,51
-45,-8,74
-47,-28,94
-56,-43,108
-97,-68,68
-91,-54,67
-59,-28,74
-69,-15,57
-81,3,39
-68,16,31
-35,12,30
-49,10,31
-50,7,41
-51,14,27
-58,14,30
-78,14,16
-66,20,15
-62,19,20
-57,12,29
-47,5,21
-50,-1,20
-49,7,22
-54,8,18
-52,4,12
-48,0,15
-72,-5,15
-75,-9,24
-63,-13,29
-60,-8,29
-66,2,24
-82,23,3
-80,28,-1
-72,36,7
-61,31,17
-62,29,21
-59,32,19
-47,38,22
-48,38,20
-61,35,1
-63,33,-9
-61,29,-16
-52,27,-19
-59,28,-19
-59,17,-14
-52,18,-7
-54,5,11
-46,-4,23
-70,-15,29
-73,-17,26
-67,-11,30
-75,-12,34
-61,-24,46
-44,-10,54
-55,-5,55
-31,-10,83
-29,-5,72
-27,1,39
-25,9,34
-15,24,59
-21,15,59
-26,29,27
-5,36,41
-13,32,27
1,26,43
45,30,107
-8,14,107
-50,15,81
-43,22,71
-34,22,71
5,31,71
32,35,63
23,28,61
-10,20,32
-76,28,-31
-97,33,-28
-66,24,5
-74,5,28
-51,-2,34
-4,-48,121
-10,-42,125
-47,15,27
-38,35,28
3,16,61
8,2,75
-34,22,34
-50,28,24
-55,25,41
-58,21,41
-59,25,34
-52,27,39
-51,26,44
-55,20,40
-52,17,46
-39,15,56
-22,16,64
-24,18,59
-22,17,56
-22,14,53
-53,13,42
-62,14,-18
-14,15,6
-3,-1,36
4,-18,69
-15,-34,78
-59,0,47
21,24,80
-29,-21,58
-38,-20,56
-25,-22,63
-24,-39,58
-56,-48,52
-51,-40,61
-50,-47,45
-76,-34,-20
-88,-31,-26
-84,-24,-6
-82,-21,-9
-77,-5,-15
-78,1,-18
-89,7,-29
-92,12,-27
-82,9,-20
-66,8,-9
-62,12,-15
-43,7,4
-68,6,18
-47,8,32
-49,1,31
-55,6,21
-51,-2,10
-74,-6,-30
-70,-1,-39
-69,10,-43
-61,16,-27
-50,22,-35
-44,26,-64
-59,24,-47
-55,19,-40
-56,21,-20
-72,18,-24
-76,22,-25
-77,24,-28
-70,22,-20
-64,21,-12
-59,20,-13
-56,17,1
-49,17,5
-57,16,7
-53,10,21
-46,10,24
-51,12,23
-58,6,26
-40,0,44
-35,1,47
-38,-1,54
-51,-6,58
-44,-8,61
-28,-4,57
-50,7,36
-33,7,43
-41,6,26
-41,-1,23
-46,-3,42
-63,-2,34
-67,9,21
-56,6,32
-57,7,31
-73,15,19
-87,13,13
-89,10,14
-70,13,29
-65,7,40
-68,10,44
-87,8,37
-79,6,37
-26,3,56
-31,-3,51
14,-1,51
13,2,49
2,-7,40
44,-3,56
17,-14,45
23,-22,58
23,-26,64
28,-20,58
22,-23,50
25,-23,44
32,-24,49
60,-23,48
45,-33,45
33,-38,48
50,-18,49
51,-20,54
19,-26,50
-24,-28,36
19,-12,58
32,-13,64
36,-14,66
46,-9,69
39,-11,59
16,-5,46
-19,6,38
-22,22,15
-34,33,0
-17,54,-4
-15,53,-9
-51,53,-37
-97,48,-39
-102,45,-27
-92,43,-21
-87,19,17
-81,-5,59
-85,-2,39
-64,8,38
-44,5,44
-69,22,16
-73,24,14
-31,19,28
-26,10,33
-30,0,35
-25,-6,46
-39,-5,43
-44,-6,41
-41,-4,43
-39,-3,45
-42,-7,47
-32,-5,48
-14,5,47
-53,-4,31
-63,1,28
-42,1,31
-24,-5,40
-37,-14,44
-42,-23,37
-18,-56,54
15,-73,70
40,-108,105
10,-111,74
-35,-89,25
-37,-63,7
-51,-27,-25
-89,-10,-30
-100,-11,-20
-53,-6,8
-37,-4,9
-42,0,-6
-47,-1,-14
-51,-2,-17
-42,-3,-11
-16,-2,-14
-10,-8,-7
3,-41,15
-27,-64,19
-34,-79,15
13,-94,34
20,-98,46
46,-101,65
54,-89,82
40,-95,57
55,-80,48
59,-73,10
-5,-72,-36
-4,-56,-30
20,-39,-40
20,-46,5
-128,1,-104
-36,-21,13
6,-48,34
0,-40,13
42,-76,24
-8,-63,15
-17,-57,1
-31,-56,-9
3,-58,-4
1,-64,9
-19,-58,15
-38,-61,30
-31,-64,49
-17,-98,63
-31,-85,24
23,-74,-3
27,-69,-6
-3,-71,-11
-16,-87,-25
1,-97,-8
19,-83,-16
-32,-86,1
-51,-75,19
-103,-50,-7
-40,-72,-15
-57,-59,-5
-32,-33,-6
0,-29,-2
0,-20,-1
-2,-26,8
-46,-15,30
-57,-18,55
-33,-33,39
-41,-44,19
-21,-50,11
-14,-44,10
-3,-50,5
-1,-46,5
-24,-44,0
-40,-68,-7
-58,-74,0
-39,-56,-2
-49,-54,-15
-29,-48,-5
-18,-46,-4
-4,-42,-18
-17,-47,-22
-14,-58,-29
-8,-60,-28
-14,-67,-29
-22,-72,-36
-27,-73,-37
-8,-70,-24
-2,-66,-23
-6,-61,-36
0,-62,-31
9,-61,-18
13,-60,-23
5,-62,-34
5,-65,-38
9,-61,-31
4,-58,-24
7,-61,-18
-1,-69,-26
-2,-69,-23
0,-68,-17
-5,-62,-27
-7,-57,-47
-20,-61,-68
28,-66,-16
-3,-59,-20
-26,-65,-52
40,-71,-25
-1,-65,-30
4,-70,-25
22,-74,-18
16,-85,-24
7,-67,-29
-49,-56,-52
-75,-45,-40
-65,-36,-29
-45,-58,-26
-26,-64,-8
-24,-67,-12
33,-50,-16
20,-44,-38
-22,-44,-36
-38,-36,-20
-20,-44,-6
-10,-46,0
-23,-52,-3
-19,-50,-6
-18,-56,-19
-30,-65,-31
-13,-61,-29
-13,-49,-43
-40,-65,-46
-23,-67,-8
-47,-68,-11
-61,-65,-18
-59,-99,-39
-52,-111,-29
28,-75,13
6,-70,8
-30,-60,3
-40,-50,1
-43,-39,5
-39,-35,2
-21,-41,4
-29,-60,7
-8,-52,19
-6,-50,11
-22,-56,5
-10,-66,21
-16,-68,17
-24,-45,-19
-26,-38,-29
-9,-47,-11
-10,-51,-5
6,-52,-9
13,-54,-9
-9,-64,-23
-3,-63,-20
1,-68,-18
-5,-75,-12
-11,-70,-7
-11,-70,5
-24,-69,7
-21,-53,11
-23,-49,12
-44,-56,1
-46,-64,-2
-21,-69,15
-19,-66,14
0,-63,-13
-14,-84,-12
-63,-71,-11
-93,-63,-8
-30,-39,11
-1,-83,-4
-6,-77,9
-1,-66,-18
-27,-82,-21
-41,-67,-3
-29,-66,1
-9,-72,5
-14,-72,6
-12,-76,-5
-18,-83,-19
8,-67,-21
2,-69,-21
-15,-69,-20
-12,-59,-16
-15,-66,-31
6,-44,-26
4,-43,-21
2,-59,4
-1,-60,-8
-10,-62,-7
-4,-68,-5
-7,-66,-8
-6,-65,-6
-4,-59,3
-9,-53,-7
-6,-61,-6
-19,-55,-114
71,-59,-32
-23,-77,-11
-45,-71,-6
-36,-51,-4
-34,-37,-11
-19,-32,-19
-6,-35,-24
5,-44,-29
-15,-54,-27
-31,-64,-26
-36,-69,-22
-52,-64,-8
-57,-49,-6
-45,-48,-4
-25,-42,-11
-28,-46,-13
-33,-54,-23
-59,-63,-21
-37,-75,-2
-32,-73,-11
-34,-58,-32
-30,-52,-19
-32,-50,-12
-33,-49,-9
-35,-50,-9
-38,-52,-7
-35,-56,-6
-34,-54,-9
-33,-52,-13
-11,-48,2
-21,-56,-9
-32,-62,-12
-28,-68,-14
-28,-66,-34
-26,-63,-42
-22,-65,-31
-27,-74,-19
-23,-68,-19
-23,-60,-21
-23,-56,-16
-27,-61,-34
-42,-50,-1
-35,-39,16
-36,-40,13
-25,-43,-3
-24,-47,2
-31,-49,8
-30,-56,5
-27,-56,8
-44,-58,14
-49,-57,8
-46,-54,15
-45,-52,18
-42,-52,6
-34,-47,2
-23,-41,-3
-31,-43,1
-27,-52,-3
-24,-55,-4
-39,-63,12
-41,-57,22
-35,-62,21
-37,-52,27
-36,-55,14
-29,-47,9
-27,-45,15
-32,-46,24
-25,-52,18
-27,-58,1
-28,-61,8
-28,-62,14
-20,-61,22
-10,-59,13
-33,-64,15
-40,-70,27
-12,-79,33
-22,-85,10
-58,-64,-1
-48,-62,7
-22,-58,10
-24,-52,0
-23,-41,4
-21,-32,5
-11,-24,0
-24,-42,15
-27,-44,21
-19,-50,5
-20,-56,6
-25,-66,24
-29,-69,29
-46,-61,37
-42,-60,40
-25,-58,39
-7,-57,40
-3,-48,40
-10,-47,37
-25,-43,39
-26,-34,35
-32,-34,24
-19,-38,29
-14,-49,29
-3,-61,35
-20,-59,30
-19,-62,25
-11,-69,35
-8,-77,37
-4,-72,41
-13,-59,35
-11,-57,32
-6,-48,30
-5,-43,31
-16,-46,26
-14,-49,20
-8,-53,20
-15,-51,43
-30,-66,18
19,-82,13
28,-82,16
-2,-77,19
-7,-76,27
23,-73,39
17,-68,30
1,-61,36
-24,-64,37
-21,-66,32
2,-71,25
-5,-74,27
4,-59,-1
0,-58,-1
-1,-56,35
10,-40,41
-9,-28,30
-5,-35,26
9,-49,40
13,-52,44
-2,-62,29
-11,-52,33
-8,-54,37
-1,-58,44
-3,-55,46
-13,-63,26
-16,-60,23
-6,-54,30
-11,-57,27
-4,-66,51
-14,-61,62
-32,-51,57
-31,-48,48
-23,-50,48
-10,-59,45
-13,-52,38
-9,-44,39
-14,-43,35
-26,-31,23
-23,-23,20
-20,-21,21
-12,-31,28
-17,-40,35
-26,-51,46
-23,-62,61
-20,-51,57
-18,-44,53
-27,-44,51
-25,-47,51
-23,-52,46
-17,-50,39
-17,-53,29
-15,-49,37
-23,-38,37
-36,-34,27
-37,-26,30
-31,-26,32
-40,-30,27
-76,-42,17
-65,-39,30
-57,-33,36
-50,-30,32
-58,-28,13
-62,-30,7
-56,-31,13
-54,-35,18
-60,-41,25
-59,-42,23
-54,-38,24
-87,-31,3
-62,-30,11
-42,-31,19
-37,-33,22
-33,-40,27
-27,-43,27
-24,-40,20
-33,-41,23
-34,-50,33
-20,-52,39
-15,-51,40
-15,-48,45
-26,-45,46
-41,-43,32
-41,-40,35
-34,-38,39
-34,-41,37
-35,-42,47
-34,-41,56
-27,-51,53
-31,-55,51
-23,-55,41
-14,-60,43
-38,-63,25
-36,-50,23
-24,-29,25
-9,-24,37
-9,-26,44
-18,-32,42
-19,-30,42
-13,-35,43
-17,-32,47
-31,-41,23
-47,-48,2
-71,-52,-9
-57,-51,-7
-63,-47,-10
-61,-50,-5
-51,-57,-8
-43,-59,-9
-38,-59,-10
-34,-56,-13
-30,-53,-12
-22,-44,-7
-21,-43,-6
-24,-42,-6
-26,-45,-4
-35,-58,-3
-40,-64,-5
-74,-67,-11
-80,-65,-16
-86,-61,-17
-55,-48,1
-45,-48,7
-24,-39,17
-8,-42,20
-27,-51,17
-31,-57,12
0,-68,13
-22,-65,2
-51,-55,-2
-36,-54,2
4,-49,-7
-35,-48,-35
-16,-57,-21
-16,-78,-5
-31,-75,-4
-30,-55,-2
-31,-44,-2
-43,-49,-27
-37,-57,-30
-47,-43,-29
-54,-55,-12
-36,-50,1
-24,-55,-2
-45,-51,-3
-37,-44,-2
-44,-51,-29
-33,-58,-40
-28,-62,-16
-46,-69,-1
-30,-66,11
-38,-59,-5
-32,-53,7
-31,-52,7
-28,-56,8
-36,-54,20
-30,-57,5
-35,-57,-8
-34,-56,4
-29,-56,3
-28,-56,1
-27,-57,1
-34,-59,7
-36,-58,3
-28,-50,8
-27,-47,4
-35,-51,-8
-35,-47,-10
-33,-54,0
-38,-56,-3
-37,-52,-8
-41,-45,-20
-41,-43,-19
-49,-60,-4
-36,-67,3
-48,-55,-9
-54,-52,-12
-31,-59,15
-37,-58,5
-19,-59,16
-21,-62,17
-19,-62,13
0,-66,21
-36,-59,-13
-21,-55,-5
-27,-57,-8
-27,-55,-9
-27,-56,-6
-42,-57,-9
-48,-49,-23
-44,-50,-12
-45,-51,-13
-35,-51,-11
-34,-50,-2
-40,-55,-19
-44,-46,-32
-39,-44,-36
-18,-63,-7
-34,-59,-13
-32,-59,-13
-30,-63,-6
-20,-65,-5
-19,-66,-8
-28,-67,-15
-34,-69,-15
-39,-73,-16
-32,-71,-16
-22,-62,-5
-22,-60,2
-31,-56,3
-35,-52,11
-37,-53,11
-51,-50,1
-56,-46,-6
-44,-46,-21
-42,-39,-18
-36,-36,-8
-39,-35,-3
-42,-41,1
-42,-43,1
-39,-44,2
-46,-46,5
-44,-47,5
-33,-44,-4
-36,-46,-6
-38,-55,-3
-42,-58,0
-47,-67,21
-43,-65,8
-59,-51,-19
-64,-52,-24
-50,-52,-27
-42,-45,-22
-43,-42,-24
-47,-39,-29
-43,-37,-33
-29,-37,-25
-33,-39,-23
-45,-33,-23
-47,-34,-25
-40,-42,-26
-43,-42,-18
-49,-39,-18
-56,-38,-22
-65,-43,-25
-66,-32,-37
-55,-28,-42
-41,-43,-24
-30,-43,-8
-22,-41,-1
-23,-35,-12
-46,-24,-39
-58,-19,-46
-76,-21,-37
-80,-28,-29
-90,-26,-24
-97,-27,-23
-26,-41,0
-26,-34,19
-27,-38,22
-46,-51,17
-35,-51,25
-12,-49,38
-7,-49,35
8,-43,43
-5,-49,30
-37,-54,29
-42,-54,35
-45,-50,38
-53,-47,41
-51,-35,33
-25,-32,42
-34,-34,48
-32,-38,45
-21,-39,51
-12,-37,58
-6,-29,57
-9,-35,52
-6,-40,52
-33,-27,31
-46,-16,9
-69,-14,-28
-65,-27,-36
-69,-27,-33
-75,-27,-19
-65,-27,-16
-44,-31,-3
-54,-30,3
-32,-29,9
-25,-31,7
-42,-21,-11
-77,-19,-41
-58,-37,-28
-73,-28,-19
-81,-26,-17
-67,-41,14
-68,-42,22
-50,-33,-9
-51,-30,-17
-40,-46,1
-38,-43,-3
-50,-37,-21
-46,-36,-16
-43,-31,-19
-60,-29,-36
-41,-37,-19
-36,-34,-17
-44,-35,-20
-57,-39,-22
-60,-35,-29
-55,-26,-38
-58,-26,-43
-53,-26,-41
-50,-25,-39
-49,-27,-41
-53,-26,-42
-49,-28,-41
-49,-29,-38
-43,-36,-34
-44,-37,-31
-44,-38,-23
-47,-39,-25
-51,-39,-25
-58,-38,-21
-46,-40,-17
-20,-42,2
35,-47,19
-49,-34,-29
-44,-28,-24
-61,-25,-26
-57,-31,-23
-45,-35,-21
-49,-33,-26
-55,-30,-33
-57,-26,-38
-58,-27,-39
-58,-29,-39
-52,-29,-37
-44,-31,-34
-48,-33,-34
-53,-31,-30
-54,-32,-31
-45,-39,-29
-42,-32,-25
-46,-35,-24
-45,-36,-20
-50,-33,-22
-49,-30,-22
-51,-30,-20
-56,-31,-21
-53,-32,-22
-51,-35,-20
-52,-37,-21
-55,-32,-19
-60,-30,-23
-59,-32,-20
-53,-34,-16
-53,-32,-11
-48,-31,-5
-47,-34,-8
-62,-36,-16
-69,-33,-16
-61,-29,-14
-56,-32,-9
-55,-39,2
-49,-37,-1
-42,-36,2
-40,-37,5
-52,-34,-13
-47,-34,-19
-48,-31,-17
-57,-36,-23
-63,-30,-27
-58,-28,-21
-57,-30,-26
-40,-32,-26
-48,-32,-27
-46,-36,-27
-47,-35,-38
-46,-32,-35
-46,-32,-35
-47,-34,-39
-47,-30,-40
-47,-28,-43
-42,-22,-38
-45,-22,-40
-49,-29,-36
-47,-25,-30
-55,-31,-41
-52,-23,-35
-44,-23,-37
-48,-22,-37
-51,-24,-35
-49,-22,-33
-53,-24,-34
-53,-20,-29
-53,-30,-25
-48,-28,-31
-39,-22,-37
-58,-24,-29
-65,-29,-23
-67,-29,-20
-65,-32,-15
-56,-33,-10
-55,-30,-6
-70,-38,-8
-73,-42,-4
-37,-39,14
-24,-29,23
-38,-31,22
-35,-43,29
-48,-35,26
-30,-35,45
-28,-38,43
-40,-39,35
-71,-42,29
-45,-44,38
-42,-44,36
-20,-45,37
-19,-46,34
2,-54,44
21,-65,59
15,-63,51
-54,-54,24
-65,-47,39
-60,-30,49
-52,-14,47
-67,9,40
-66,10,30
-59,7,16
-62,6,14
-61,-5,6
-64,-20,-2
-81,-38,10
-58,-15,23
-42,-9,32
-37,-8,38
-30,-12,31
-16,-9,40
-19,-9,45
-18,-5,42
-10,-7,43
-11,-22,66
-11,-30,79
-13,-23,84
-13,-17,83
-18,-18,64
-29,-18,57
-22,-14,51
-26,-12,51
-56,-20,41
-22,-14,59
-24,-19,56
-36,-22,53
-36,-28,53
-36,-25,60
-35,-27,65
-34,-35,66
-41,-35,54
-44,-25,42
-63,-5,13
-66,2,7
-54,25,-1
-53,35,-6
-45,46,-28
-45,49,-38
-68,43,-41
-65,38,-36
-51,35,-28
-56,35,-22
-57,32,-19
-52,31,-24
-56,28,-16
-65,20,-8
-72,18,-9
-42,13,4
-24,7,18
-9,-2,43
-17,-4,43
-45,-22,50
-36,-37,55
2,-42,52
3,-32,48
-21,-16,48
-20,5,53
-21,10,55
-27,10,62
-41,14,59
-65,19,67
-71,18,68
-58,20,72
-53,24,69
-51,5,59
-38,1,55
-35,-12,57
-30,-22,55
-18,-25,59
-36,-39,75
-30,-31,78
-47,-16,49
-61,-14,19
-68,4,4
-64,8,3
-56,7,3
-52,8,-14
-81,18,-38
-68,21,-33
-38,29,-44
-44,28,-54
-33,31,-56
-15,36,-47
-12,39,-46
-14,41,-38
-12,42,-32
-11,43,-30
-10,41,-32
-18,40,-16
-21,40,-22
-31,38,-16
-42,35,-14
-67,29,-14
-78,28,-10
-92,19,-8
-56,15,16
-60,19,17
-69,24,-1
-64,26,-6
-53,39,-6
-51,43,-15
-56,45,-6
-51,44,-8
-57,32,5
-62,33,1
-66,28,6
-56,26,6
-61,27,5
-53,27,6
-49,27,8
-57,27,9
-57,27,9
-56,27,12
-59,27,14
-58,27,14
-57,27,14
-60,28,13
-61,27,12
-57,29,11
-48,33,10
-46,38,6
-47,43,-5
-47,44,-7
-62,46,-13
-53,46,-13
-46,45,-8
-48,42,-7
-47,37,-6
-49,36,-6
-50,38,-7
-45,37,-6
-46,37,-4
-43,36,-2
-38,34,0
-45,32,1
-48,30,1
-53,23,1
-61,20,-4
-70,25,-9
-67,26,-11
-71,29,-14
-73,30,-16
-67,32,-17
-60,35,-19
-59,37,-18
-57,38,-13
-54,35,-10
-52,32,-2
-52,30,3
-57,24,11
-59,22,12
-60,24,17
-58,23,18
-52,27,10
-48,31,8
-65,29,5
-69,29,4
-62,24,14
-42,22,34
-38,26,39
-25,26,47
-16,26,54
-28,27,54
-37,26,45
-54,24,32
-62,23,29
-63,20,35
-57,21,37
-44,26,33
-12,39,39
-19,42,30
10,29,38
21,29,47
-2,12,54
7,2,63
14,0,69
14,-1,71
19,-5,73
5,-9,69
-10,-4,74
7,5,76
10,1,73
-9,9,61
-12,8,55
-21,16,43
-41,21,11
-73,27,-51
-86,26,-61
-73,24,-27
-79,21,-23
-73,11,-15
-67,9,-8
-62,4,0
-68,2,0
-71,-3,6
-57,-3,17
-63,-3,10
-76,0,-4
-69,4,-5
-65,9,-4
-67,11,-4
-62,18,-4
-54,19,1
-49,17,20
-55,15,19
-41,10,31
-29,8,65
-50,2,59
-30,12,61
-15,10,61
-30,16,51
-30,23,49
-9,43,55
6,46,52
24,34,38
18,24,42
60,9,90
42,11,98
-31,-2,61
-38,4,63
-37,7,74
-15,6,55
7,9,59
49,-3,81
68,-6,78
45,22,72
41,2,67
36,-5,48
6,-13,30
-39,-10,24
-45,22,4
-62,-9,-18
-73,7,-18
-77,17,-18
-70,19,-8
-64,6,-7
-82,-1,-9
-82,-4,-4
-100,-26,-25
-89,-20,-5
-74,-3,24
-69,-2,28
-69,-8,23
-67,-7,20
-42,11,30
-37,24,31
-43,27,28
-25,45,32
-16,47,30
-27,27,31
-21,48,28
-13,52,21
-18,52,21
-15,47,34
-11,47,36
-16,48,43
-12,48,47
-26,65,29
-17,35,36
-22,49,24
-30,42,0
-33,39,-5
-49,29,-27
-58,25,-39
-56,40,-6
-52,35,-4
-60,31,-17
-60,29,-16
-70,31,-16
-64,35,-9
-54,33,6
-49,29,27
-43,26,41
-58,22,48
-41,20,54
-20,18,68
-24,20,62
-38,19,52
-51,14,32
-20,11,49
-26,9,53
-37,16,48
-46,19,54
-32,41,51
-17,32,44
-24,34,44
-6,35,54
10,34,57
10,30,52
22,32,55
-1,29,48
3,28,50
-6,22,44
-13,23,45
-36,23,44
-35,36,26
-58,27,5
-58,35,2
-55,37,0
-62,34,-1
-57,31,-5
-50,30,-16
-49,33,-15
-43,30,-17
-36,28,-11
-55,21,0
-35,19,4
-35,20,9
-50,20,3
-54,19,5
-51,20,9
-47,19,23
-41,-9,46
-41,-26,52
-29,-40,91
-55,-48,78
-70,-63,59
-62,-42,60
-45,-54,66
-42,-58,58
-25,-45,59
-65,-4,50
-70,-8,31
-70,-2,39
-62,-1,51
-34,4,43
-43,0,13
-51,13,-3
-47,18,-17
-47,41,-46
-50,43,-52
-29,51,-67
-55,52,-52
-49,46,-39
-53,40,-22
-50,40,-23
-57,31,-27
-58,32,-22
-49,24,-1
-39,31,-14
-47,33,-23
-50,34,-21
-44,33,-25
-43,33,-28
-48,34,-26
-57,34,-36
-55,34,-38
-66,34,-34
-68,35,-27
-48,26,-11
-52,25,-13
-40,18,4
-17,16,23
-29,26,19
-60,22,11
-60,6,20
-61,5,26
-78,13,42
-56,10,48
-51,16,27
-90,23,1
-86,14,-6
-69,12,15
-59,10,13
-65,24,-17
-72,31,-24
-69,33,-27
-51,23,-11
-23,4,18
-36,14,-13
-73,18,-15
-70,20,-15
-66,18,-17
-50,19,-3
-55,19,3
-83,24,-23
-94,28,-30
-29,25,12
-13,15,37
-68,17,17
-63,18,12
-42,15,24
-60,18,25
-59,15,27
-69,19,-1
-96,20,-18
-63,32,-20
-57,36,-12
-51,38,-7
-53,39,-5
-63,40,2
-64,38,9
-71,36,10
-80,33,12
-84,29,13
-67,28,18
-65,27,21
-46,22,27
-42,20,28
-42,15,30
-39,5,37
-31,-8,42
-28,-15,48
-45,-15,46
-49,-19,50
-14,-28,56
-31,-23,37
-64,-23,35
-51,-8,31
-65,-9,23
-82,2,15
-58,13,15
-68,16,2
-63,9,8
-62,21,-1
-64,16,2
-71,8,8
-65,5,19
-76,18,11
-53,11,13
-92,12,-5
-21,6,27
-35,9,35
-76,4,16
-72,8,12
-63,14,20
-61,10,28
-50,7,38
-50,11,32
-65,23,19
-64,27,14
-44,35,23
-30,34,31
-25,44,34
-24,57,28
-9,54,36
6,39,60
5,32,64
-3,38,50
-16,47,30
-31,51,6
-35,54,9
-46,32,18
-50,22,27
-40,18,44
-45,9,73
-43,4,78
-36,4,72
-20,7,65
-25,-4,44
-44,-9,38
-33,-12,51
-21,-16,63
-39,-20,43
-66,-29,26
-70,-31,28
-64,-27,30
-76,-36,25
-54,-38,38
-50,-32,38
-56,-31,29
-59,-31,26
-65,-30,24
-65,-30,25
-58,-31,36
-47,-30,45
-43,-28,54
-39,-28,54
-36,-25,54
-38,-23,53
-31,-20,50
-13,-14,59
-16,-11,56
-24,-9,52
-26,-9,50
-27,-8,50
-22,-6,55
-29,-2,46
-31,-2,41
-31,1,43
-35,1,45
-35,-1,42
-23,1,54
-15,1,61
-25,0,59
-25,0,60
-27,0,60
-32,0,59
-32,1,58
-30,2,59
-35,1,55
-36,1,54
-34,1,57
-36,0,56
-40,0,56
-37,1,51
-37,1,52
-40,0,54
-41,1,52
-40,0,49
-39,1,47
-38,0,49
-34,0,52
-35,-1,53
-38,-2,54
-39,-1,54
-38,0,53
-35,1,54
-36,2,53
-37,3,54
-37,3,53
-36,4,54
-36,4,55
-36,4,54
-37,4,54
-38,3,54
-39,3,56
-37,3,58
-37,3,56
-36,3,57
-33,4,58
-32,3,57
-36,2,57
-44,-3,51
-39,-3,52
-1,-1,71
13,-3,80
10,-8,85
0,-12,83
-1,-13,82
4,-12,75
7,-14,63
8,-13,46
9,-12,27
-27,-3,-26
-28,3,-53
-19,21,-73
16,28,-95
15,40,-112
17,49,-103
33,51,-45
36,56,-16
53,60,27
34,58,19
3,73,0
-15,114,-35
-18,127,-28
-39,126,24
-45,113,39
-24,84,42
-3,66,39
-4,28,15
-10,19,11
11,2,9
5,-15,14
-33,-43,18
-34,-51,19
-43,-72,17
-95,-100,-5
-95,-93,-19
-127,-92,-45
-128,-61,-78
-128,-63,-90
-128,-93,-44
-93,-118,34
-43,-100,52
-46,-59,21
-59,-47,3
-80,-36,-4
-68,-37,0
-33,-26,4
-19,-29,-17
-11,-31,-29
-30,-17,-62
-44,-10,-72
-32,-4,-67
-24,-4,-65
-26,-6,-78
-32,-6,-86
-42,-2,-80
-46,-1,-62
-60,-1,-53
-53,-5,-52
-46,-3,-53
-33,9,-54
-18,7,-54
-15,13,-33
-17,22,-22
-43,31,-16
-18,30,-7
-22,9,-10
-23,6,-6
-24,-12,-5
-31,-18,-5
-45,-42,-4
-57,-58,-6
-95,-81,0
-103,-53,4
-96,-38,8
-81,-40,-1
-106,-31,26
-13,-77,7
-52,-51,4
-70,-78,-14
-69,-63,-6
-50,-73,25
-35,-79,44
-56,-73,49
0,-68,57
15,-57,67
-28,-78,46
-33,-61,18
-34,-54,11
-3,-43,28
5,-34,28
-7,-28,32
-43,-45,33
-46,-37,37
-35,-35,34
-36,-36,41
-23,-36,55
-39,-26,62
-68,-19,45
-57,-10,44
-33,-8,37
-34,15,19
-25,29,16
8,16,39
44,49,30
9,42,-7
18,61,20
-26,71,20
-26,71,30
-24,50,56
37,45,90
39,44,69
-17,34,-43
15,54,-21
15,26,1
1,16,8
-8,-34,57
-27,-77,104
-32,-127,127
-24,-89,111
-50,-46,88
-47,-9,52
-34,-29,39
-22,2,36
-22,17,41
-24,30,40
-26,27,34
-12,25,42
6,44,44
2,39,38
-5,39,38
-3,55,59
-12,53,45
-23,56,30
-23,51,-3
-24,53,-7
-20,55,-9
-4,58,-4
-23,56,-13
-30,59,-13
-14,61,3
-12,61,10
-15,64,-11
-12,65,-6
-16,75,-12
-20,71,-17
-28,68,-24
-38,56,-29
-35,52,-25
-37,51,-14
-35,48,-7
-32,42,-1
-35,42,-2
-57,36,-11
-56,38,-14
-38,36,-1
-28,35,19
-37,32,43
-23,26,52
-2,15,52
-10,8,46
-15,-8,40
-13,-44,30
4,-66,46
-39,-71,29
-41,-60,16
-59,-33,-18
-68,-30,-28
-67,-27,-42
-58,-26,-42
-53,-27,-22
-49,-34,-12
-49,-51,-24
-77,-52,-5
-81,-52,-9
-95,-69,-22
-102,-82,-27
-93,-95,-18
-92,-108,-18
-80,-119,2
-80,-119,14
-72,-93,31
-74,-81,25
-67,-66,23
-67,-53,27
-62,-40,14
-58,-18,18
-59,-10,20
-52,1,26
-42,6,31
-36,17,37
-37,20,35
-42,23,15
-45,17,15
-40,20,35
-41,17,37
-48,11,31
-45,7,31
-33,7,39
-32,13,39
-27,16,35
-17,25,25
-30,29,17
-31,35,33
-27,37,30
-26,41,27
-28,37,27
-24,35,27
-26,39,28
-23,37,26
-21,46,38
-21,44,32
-30,47,27
-33,46,26
-40,46,20
-37,49,20
-45,48,21
-44,45,26
-34,47,35
-33,44,37
-35,43,38
-35,42,34
-21,44,43
-30,45,33
-39,46,19
-36,49,17
-38,49,16
-33,50,18
-34,51,17
-34,51,22
-35,50,24
-32,49,28
-33,48,26
-33,50,21
-35,49,18
-36,51,14
-40,53,10
-42,52,10
-29,50,26
-31,46,32
-38,49,24
-34,51,24
-30,43,19
-24,43,14
-16,40,13
-33,52,-2
-22,56,-7
-26,59,-8
-26,62,-9
-50,48,-2
-25,70,4
-32,57,8
-32,55,10
-34,57,-13
-33,53,-7
-31,55,-4
-31,58,-10
-35,55,-8
-36,56,-15
-33,54,-19
-36,37,-32
-42,55,-20
-31,58,-6
-29,57,-5
-33,54,-27
-42,52,-23
-39,54,-15
-35,53,1
-25,50,16
-17,52,26
-28,51,23
-31,50,25
-23,47,32
-46,41,19
-37,41,5
-34,46,-20
-36,48,-16
-30,45,2
-29,50,3
-22,52,6
-24,54,10
-21,55,18
-32,49,16
-29,49,21
-34,56,27
-36,55,26
-45,59,18
-41,64,36
-22,63,30
-28,63,24
-33,63,18
-37,64,15
-27,58,13
-22,59,16
-13,55,20
-22,59,24
-19,51,25
-25,61,19
-40,61,16
-18,68,16
-15,57,29
0,59,23
9,59,17
24,59,26
3,60,24
-48,41,37
7,66,18
2,63,2
-6,59,6
-33,62,9
-23,58,17
-14,58,15
-7,62,10
-10,60,11
-15,60,14
-25,55,9
-20,55,10
-24,55,7
-25,55,9
-26,55,11
-22,55,13
-16,55,15
-16,52,25
-17,40,33
-8,43,45
19,43,41
28,43,41
45,32,64
21,23,58
35,35,64
33,35,55
37,32,47
33,31,46
23,31,45
25,29,55
32,31,57
28,34,52
29,37,54
22,33,57
18,28,58
21,29,60
22,19,56
20,14,57
20,12,56
27,20,49
29,22,47
32,22,46
34,24,47
35,23,49
36,23,43
32,18,45
38,22,47
31,22,46
33,25,49
35,21,49
33,23,49
33,25,48
32,23,52
34,24,50
29,23,49
31,21,49
32,17,48
39,16,42
38,18,38
38,29,50
37,32,48
12,25,45
12,28,48
11,18,51
20,21,57
23,22,56
25,21,59
28,24,57
28,23,57
21,22,53
23,24,53
25,22,54
28,19,53
28,17,51
30,12,49
31,9,48
37,6,51
38,3,52
39,-1,52
34,-5,53
32,-9,55
34,-9,56
36,-10,56
36,-12,55
26,-23,51
23,12,59
25,6,55
51,-58,49
64,-50,57
38,-15,48
31,-27,47
39,-21,52
42,-22,52
44,-20,53
43,-22,49
40,-22,47
35,-20,43
35,-17,42
36,-15,42
33,-17,41
25,-22,42
23,-24,43
6,-25,48
0,-26,47
-1,-22,46
-20,-17,37
-31,-15,34
-50,-14,26
-63,-10,18
-67,-9,6
-72,-8,-3
-107,-9,-14
-114,-8,-16
-110,0,-14
-113,-1,-19
-104,-13,-13
-79,-22,4
-71,-23,-18
-64,-23,-38
-55,-17,-44
-54,-11,-54
-55,-12,-56
-32,-19,-26
-32,-20,-31
-55,-19,-51
-49,-19,-42
-41,-28,-35
-59,-28,-40
-74,-24,-37
-46,-25,-21
-75,-24,-30
-48,0,-41
-27,8,-28
-17,10,0
-41,9,1
-13,12,8
-20,14,15
-11,2,7
10,-7,23
-58,-49,11
-65,-53,4
-60,-66,16
-28,-62,39
-55,-83,10
-14,-67,31
-15,-81,13
-35,-78,1
-27,-75,12
-27,-86,13
-31,-84,12
-20,-72,6
-3,-70,2
-25,-87,-35
-47,-78,-48
-57,-59,-30
-33,-52,-30
-38,-57,-35
-12,-54,-14
2,-50,-18
-13,-56,-30
-9,-47,-31
14,-41,-33
18,-41,-33
-17,-36,-19
-39,-29,-18
-10,-32,14
-18,-45,18
-55,-102,23
-56,-93,31
-46,-95,16
-36,-111,14
-27,-112,-6
-53,-123,-40
-11,-127,-17
30,-114,35
-23,-101,18
-62,-93,13
-55,-92,7
-49,-76,13
-48,-67,15
-49,-50,17
-34,-31,22
-29,-22,27
-49,-7,27
-50,1,27
-43,9,35
-40,9,39
-36,7,37
-34,8,36
-18,14,50
-8,21,56
-15,12,69
-9,6,76
-2,5,73
-6,5,64
-11,-1,62
-24,3,45
-20,7,42
-37,-1,14
-56,15,27
-39,24,42
-21,31,41
-9,31,25
-29,28,30
-27,38,45
-33,37,50
-28,24,12
-42,-6,-10
-37,-8,12
-44,-15,86
-17,0,110
-38,0,57
-36,5,42
-54,0,60
-51,22,117
-54,43,104
-45,45,82
-84,13,22
-70,2,52
-68,-4,63
-62,18,81
-31,28,85
-2,47,86
-9,50,76
-10,54,52
-9,54,43
-2,46,39
2,41,36
8,32,34
8,29,34
12,22,34
5,16,28
4,21,29
5,31,30
2,31,30
12,40,33
8,45,35
4,45,36
2,43,35
8,49,34
3,51,36
1,56,38
-1,58,42
3,58,46
1,60,58
5,56,74
-7,38,73
-8,32,62
-15,32,46
-21,34,33
-22,32,16
-27,37,-6
-18,40,-40
-6,48,-50
1,57,-67
-2,63,-71
-12,68,-49
-25,60,-25
-30,53,-19
-36,43,-17
-34,35,-14
-20,16,-7
-17,4,-3
2,-7,7
21,-8,16
41,5,30
49,4,42
38,3,44
29,10,51
17,20,58
43,29,68
39,10,63
-46,-16,25
-98,-14,2
-120,-25,22
-110,-22,35
-95,-15,42
-87,-11,38
-108,-29,46
-128,-42,43
-103,-45,40
-61,-40,45
-51,-39,42
-51,-35,33
-53,-29,27
-69,-20,9
-78,-17,2
-85,-14,-3
-81,-14,-4
-71,-12,3
-70,-10,7
-75,-8,1
-74,-5,1
-61,-3,15
-45,-1,26
-42,1,28
-29,0,37
-27,-3,43
-43,-6,48
-45,-10,45
-40,-17,53
-31,-20,58
-21,-13,60
-16,-13,60
-1,-20,57
1,-22,65
1,-17,64
-7,-19,48
-4,-22,53
2,-15,63
5,-16,64
-1,-14,65
-7,-16,67
-14,-11,75
-7,-9,71
-20,-14,55
-24,-14,57
-26,-13,49
-23,-16,49
-23,-20,45
-16,-9,43
-17,-11,46
-1,2,61
-5,9,62
-9,3,58
-12,1,61
-16,1,64
-16,-3,61
-26,0,63
-27,-3,69
-21,-7,68
-16,-13,61
-8,-18,62
-4,-25,69
-8,-28,67
-11,-32,63
-8,-34,61
-6,-31,58
-7,-32,55
-7,-28,55
-9,-27,54
-12,-22,59
-16,-23,62
-19,-19,71
-23,-17,86
-23,-16,91
-22,-11,98
-25,-8,96
-30,-8,93
-32,-5,89
-42,-2,75
-43,0,69
-38,8,62
-34,11,56
-22,21,47
-16,26,42
-11,34,40
-6,36,32
-1,35,33
17,35,36
20,34,37
24,28,38
23,24,41
23,17,41
20,7,39
7,-7,37
0,-11,39
-3,-21,40
-2,-26,43
-25,-30,48
-5,-33,42
-29,-34,37
-21,-38,113
-58,-10,49
-45,-11,57
-3,-23,75
-13,-17,81
-14,-12,77
-2,-5,80
2,-6,78
-11,3,66
-16,9,49
0,18,33
2,18,38
0,12,35
-17,11,36
17,4,73
-9,-11,99
-19,0,90
-10,-4,89
-10,-5,80
23,-1,43
1,4,23
22,-3,50
13,-15,48
-7,-20,52
-3,-28,63
-12,-27,60
-23,-25,61
-19,-20,68
-9,-19,67
30,-16,59
77,-2,56
90,3,58
86,3,60
45,-1,47
35,24,8
37,19,6
47,20,6
45,17,6
43,16,2
56,16,6
56,14,5
50,15,7
50,17,7
64,20,7
62,18,10
94,18,16
126,27,20
38,-8,6
9,34,-13
27,27,13
16,34,30
38,54,8
57,38,0
127,57,18
28,-2,-4
34,24,3
46,40,10
62,34,19
62,37,17
50,37,9
35,40,-7
29,43,-6
37,43,3
45,41,7
40,41,6
31,44,0
32,47,-7
32,46,-6
38,45,-7
42,44,-8
36,43,-6
30,34,-5
38,38,-5
33,33,1
51,37,-9
51,41,-1
67,35,0
65,34,2
65,30,2
61,30,0
64,29,6
61,25,5
61,32,5
45,29,1
59,36,-1
55,34,-4
50,34,-4
50,36,-7
48,38,-10
48,37,-14
48,38,-15
48,33,-13
52,36,-3
55,35,-3
54,33,-7
49,32,-9
50,34,-9
46,32,-10
44,36,-13
45,36,-14
46,37,-18
40,37,-25
42,44,-36
40,43,-37
33,42,-45
34,45,-45
32,45,-43
32,45,-41
36,44,-34
39,43,-29
45,42,-20
41,44,-16
43,44,-13
45,42,-10
43,41,-10
46,43,-5
47,44,-3
40,45,-9
41,46,-7
40,46,-4
39,47,-6
36,47,-5
34,52,-7
31,52,-9
31,52,-9
29,52,-12
32,53,-13
31,54,-15
36,53,-10
37,53,-9
26,51,-14
26,52,-13
30,57,-16
31,56,-15
33,52,-14
28,53,-24
22,54,-31
33,53,-17
42,49,-11
35,47,-16
29,48,-23
26,51,-21
26,50,-19
26,52,-16
25,53,-18
28,49,-21
28,49,-20
26,46,-11
37,60,-16
50,42,-18
29,47,-16
29,39,-13
61,48,6
63,62,14
36,46,-9
31,47,-12
36,44,-14
29,43,-7
34,42,8
29,38,-12
42,46,-12
58,43,-8
61,41,-5
59,35,-6
63,39,-12
49,38,-7
51,32,-6
46,42,-31
57,18,-10
4,55,-40
71,38,-15
27,26,64
85,43,90
48,32,55
38,29,32
43,23,25
35,18,19
30,15,11
34,10,-2
36,8,-4
50,3,5
64,2,8
75,6,4
70,1,-4
69,-7,-4
63,-10,-15
62,-12,-18
58,-7,-19
48,0,-24
56,26,-15
59,26,-14
47,36,-25
24,38,-18
-6,37,-14
-25,49,-17
-58,63,-11
-64,66,-8
-68,77,-1
-84,77,22
-88,72,36
-95,55,50
-97,44,63
-103,28,50
-85,30,42
-47,33,47
-46,36,46
-48,33,37
-46,30,37
-45,25,38
-40,19,49
-71,4,24
-38,2,37
-31,2,40
-28,-21,40
-28,-36,21
-39,11,66
-57,17,45
-57,22,55
-56,50,58
-57,36,15
-37,35,8
-11,20,53
-24,25,51
-43,18,35
-63,8,36
-72,9,21
-82,22,-8
-76,30,-20
-52,39,-24
-59,44,-22
-66,40,-11
-65,36,10
-61,39,19
-76,42,15
-54,44,4
-43,48,4
-41,47,1
-19,38,0
-13,30,5
-37,28,-3
-36,22,-7
-46,11,-4
-46,5,-5
-36,2,-9
-40,4,-6
-44,5,10
-35,0,24
-54,-22,43
-30,-47,57
-20,-55,57
-40,-52,67
-44,-41,63
-40,-14,60
-38,-10,61
-55,17,54
-58,19,54
-44,32,69
-46,36,68
-64,26,57
-59,23,61
-57,16,51
-60,5,36
-46,-2,38
-55,-4,36
-43,-5,36
-43,-15,32
-54,-26,25
-42,-33,41
-30,-38,55
-17,-22,74
-20,-12,65
-15,-9,64
-12,-9,71
-5,-17,69
4,-12,77
-9,-11,69
-5,-10,54
-9,-7,56
-6,-6,59
5,-8,48
10,-4,56
14,-6,61
21,-4,63
21,-3,66
13,-7,62
17,-14,63
27,-11,56
27,-13,50
28,-15,51
42,-22,59
43,-22,57
36,-23,56
41,-17,56
41,-11,48
46,-14,50
53,-26,63
42,-30,76
40,-26,80
14,-20,73
5,-16,66
2,-2,62
-8,-4,72
-15,-2,52
-27,-7,48
-39,-8,41
-62,-8,31
-71,1,18
-64,1,19
-46,2,19
-43,8,20
-45,12,26
-48,17,18
-61,17,11
-54,20,11
-55,24,17
-46,25,22
-56,29,20
-40,25,40
-34,26,39
-45,34,29
-40,33,27
-38,29,22
-26,29,31
-32,31,36
-38,38,27
-36,40,25
-55,39,21
-55,43,20
-52,48,22
-53,49,20
-51,49,14
-45,49,16
-42,51,13
-40,51,15
-34,52,19
-29,52,19
-27,54,19
-20,52,18
-21,53,16
-19,52,15
-17,53,17
-17,50,15
-17,48,13
-24,45,16
-23,41,17
-26,39,17
-27,38,23
-17,34,25
-3,30,30
1,30,33
9,31,35
9,28,36
-10,21,28
-21,18,29
-27,8,26
-7,6,28
-51,-3,15
-59,-3,1
-75,9,-9
-88,21,-36
-114,20,-38
-128,7,-12
-100,15,7
-101,19,-3
-116,17,-13
-85,3,22
-86,-7,33
-78,-8,12
-74,0,2
-81,3,1
-68,2,10
-61,13,5
-64,11,12
-52,-3,22
-42,4,39
-48,7,36
-53,1,34
-62,1,34
-54,2,33
-62,-1,24
-51,5,39
-49,-1,25
-45,-13,29
-55,-13,33
-58,-17,16
-83,-14,14
-70,-20,18
-61,-13,18
-65,-8,10
-63,-10,12
-62,-9,12
-61,-8,16
-61,-16,22
-58,-20,25
-58,-18,25
-42,-18,36
-32,-21,27
-51,-7,-10
-52,-3,-38
-51,3,-52
-50,9,-73
-51,7,-76
-35,11,-74
-31,13,-80
-30,18,-65
-40,20,-62
-52,14,-58
-61,11,-52
-57,12,-46
-67,9,-35
-72,8,-29
-40,14,-7
-35,20,-2
-28,25,6
-1,29,21
-24,29,-1
-20,29,4
-30,20,11
-34,14,6
-73,-2,-54
-123,-3,-85
-128,6,-78
-104,25,-59
-71,28,-28
-45,14,5
-39,15,16
-26,27,26
-15,31,29
-1,38,14
-6,37,8
-27,33,5
-41,26,1
-92,14,-56
-128,12,-73
-128,12,-42
-96,38,-29
-78,26,-17
-32,11,9
-11,12,21
-14,31,23
-16,31,18
-4,34,14
-2,34,12
-21,29,0
-43,26,-13
-100,21,-33
-128,9,-39
-128,5,-39
-108,37,-37
-72,34,-25
-33,17,15
-40,22,16
-12,23,22
4,29,25
0,35,15
-11,36,9
-46,35,-9
-60,33,-9
-72,28,-11
-88,30,-18
-103,38,-18
-89,41,-8
-78,40,-7
-59,36,3
-47,37,8
-24,33,14
-11,34,19
6,38,24
15,39,22
4,32,21
-4,27,20
-40,18,-1
-69,15,-20
-128,8,-42
-128,32,-42
-116,44,-29
-55,38,-8
-40,32,1
-37,31,24
-31,32,30
-16,34,32
-17,36,27
-26,43,9
-44,48,-4
-69,51,-17
-70,48,-14
-73,42,-5
-69,41,4
-64,40,9
-47,35,20
-46,30,23
-48,30,27
-50,30,27
-51,30,25
-50,31,23
-48,30,26
-46,28,29
-45,27,30
-38,24,34
-38,22,38
-32,17,47
-30,16,51
-24,16,50
-25,17,48
-33,19,43
-33,19,42
-32,18,45
-28,18,43
-43,21,-8
-65,35,-22
-87,51,-6
-31,72,-3
-7,71,6
9,50,39
38,40,66
53,27,89
31,-1,54
-16,-36,70
-66,-18,38
-70,-1,24
-68,8,28
-97,-11,32
-103,-8,36
-69,5,36
-43,3,45
-38,0,45
-61,8,26
-62,14,24
-61,29,2
-53,33,1
-86,17,9
-68,15,6
-72,9,6
-79,22,-6
-53,22,-2
-31,18,11
-16,2,30
6,-26,79
-6,-34,94
-53,-2,16
-66,19,-12
-95,43,-35
-78,33,-13
-72,18,-3
-86,-1,8
-82,13,-17
-61,33,-23
-12,35,-6
-2,10,31
10,-27,83
-26,-27,66
-32,-5,40
-88,37,-34
-105,48,-43
-61,27,-7
-75,10,4
-112,10,-18
-79,22,-29
-14,38,-11
5,8,45
-13,-25,86
-31,-27,62
-39,-18,56
-59,9,-16
-83,29,-32
-89,43,-39
-63,33,-30
-79,8,-13
-87,3,3
-103,4,-1
-74,3,-11
-24,0,41
-38,2,47
-62,-15,40
-41,-27,45
-26,-26,49
-33,-18,46
-46,-11,33
-46,8,13
-59,21,9
-67,34,-6
-65,35,-5
-78,35,0
-80,31,6
-68,32,26
-68,34,28
-67,44,8
-60,43,20
-60,39,26
-53,39,26
-44,38,24
-32,35,31
-27,30,28
-5,16,11
11,3,1
6,-12,8
2,-21,14
24,-46,41
38,-59,54
43,-78,69
29,-83,52
21,-69,46
28,-29,17
31,-3,-2
36,34,3
41,52,3
11,100,1
-14,118,1
-11,104,54
-70,98,45
-60,59,82
-60,52,70
-49,54,55
-31,41,55
-26,36,47
-6,14,63
3,13,72
39,26,63
56,26,65
19,20,37
23,21,35
32,26,46
15,24,32
18,31,44
16,29,50
4,24,53
-37,31,59
-41,30,54
-4,28,60
5,27,65
1,21,60
6,23,63
7,28,56
-2,22,55
-10,24,55
-20,29,51
-30,28,44
-48,36,50
-53,35,50
-45,36,43
-28,36,48
-26,38,57
-35,38,54
-45,30,64
-39,26,71
-33,28,62
-35,28,64
-30,21,67
-30,21,50
-41,29,38
-42,37,24
-33,36,18
-45,41,16
-38,38,23
-37,38,31
-37,37,35
-39,39,28
-40,39,20
-48,40,23
-49,35,22
-61,25,27
-26,8,44
-16,3,54
-51,-19,43
-17,-33,56
51,-22,81
25,-20,59
5,-11,43
16,-2,39
22,13,16
10,22,3
10,32,-2
10,31,-5
-32,44,-17
-57,50,9
-93,67,39
-126,74,85
-108,73,118
-94,43,113
-69,36,105
-24,42,85
-24,42,70
-21,33,62
-15,27,57
6,24,55
8,30,64
3,26,47
-3,49,46
-1,54,40
50,44,40
21,47,25
47,43,43
-18,35,22
17,38,25
22,40,24
65,27,37
50,45,15
50,50,4
46,32,5
54,31,-4
62,25,-3
59,23,-4
65,17,-7
58,12,-7
50,7,-9
47,11,-8
34,1,-7
38,-1,-14
33,-15,6
47,-10,-4
60,-14,-2
64,-21,-1
70,-22,-7
77,-21,-13
74,-23,-16
73,-27,-29
73,-26,-30
54,-23,-22
50,-19,-18
58,-8,-16
63,-5,-17
65,-7,-14
59,-8,-16
52,-14,-15
61,-8,-24
62,-3,-31
72,-2,-37
77,-1,-32
76,-6,-27
73,-3,-21
39,1,9
32,-3,18
-8,-11,35
-12,-13,44
-2,-15,66
-15,-19,62
-63,-11,50
-55,20,62
-52,37,57
-48,46,47
-49,45,38
-55,54,48
-67,54,63
-83,42,71
-93,40,64
-91,22,60
-103,17,43
-106,31,13
-109,35,-7
-88,15,-5
-26,-5,29
-11,5,30
-35,4,7
-40,-2,0
-86,1,-28
-112,-7,-37
-76,-7,-12
-60,-2,-11
-64,-8,19
-54,-9,25
-75,4,-4
-36,18,18
-23,34,65
-9,33,72
-30,29,40
-48,26,41
-9,31,59
23,31,39
-45,17,11
-16,22,49
-17,17,62
-43,4,42
-16,14,22
-36,10,-1
-61,-3,1
-51,-5,47
-62,-36,63
-48,-39,50
-13,-35,64
-49,-41,57
-70,-46,56
-36,-46,94
-16,-59,81
-49,-71,58
-117,-65,23
-118,-46,11
-65,-4,8
-40,31,-6
-21,52,13
11,56,43
5,44,63
-46,16,42
-69,17,20
-74,23,5
-76,15,16
-73,14,-1
-81,30,9
-70,31,-14
-78,33,7
-70,26,2
-72,24,-11
-68,16,-6
-51,-7,29
-46,-9,44
-42,5,16
-52,6,-5
-79,-11,-12
-82,-17,-10
-77,-16,1
-73,-14,-8
-70,-13,7
-74,-13,4
-70,-6,13
-61,2,12
-54,4,13
-53,7,23
-57,8,25
-63,5,11
-63,4,8
-56,1,25
-55,-2,22
-61,-3,9
-67,-4,7
-66,-9,9
-64,-6,5
-60,4,10
-52,-11,21
-49,-18,19
-50,-22,3
-44,-15,0
-34,-29,0
-45,-20,-5
-56,5,-36
-65,2,-30
-81,6,-44
-101,14,-39
-113,11,-37
-85,9,-15
-61,15,-3
-58,6,24
-48,2,25
-16,1,24
-32,0,17
-76,2,1
-63,-16,-7
-41,-22,-9
-61,-23,-34
-60,-11,-23
-51,-11,6
-66,-27,-21
-68,-13,-30
-61,-14,-23
-74,-22,-43
-82,-22,-55
-91,-42,-22
-57,-37,-14
-52,-34,-31
-58,-34,-33
-36,-28,-21
-35,-31,-16
-32,-25,-23
-43,-31,-28
-48,-39,-21
-45,-44,-23
-59,-42,-45
-72,-38,-50
-53,-40,-50
-49,-39,-44
-48,-35,-26
-28,-30,-29
-23,-28,-41
-26,-30,-45
-29,-28,-57
-30,-16,-67
-23,-12,-63
-22,-24,-76
-32,-3,-61
-21,-6,-51
-18,-17,-59
-13,-4,-68
-43,-10,-55
-40,-11,-49
-16,-25,-17
-24,-28,-26
-9,-32,-23
-27,-40,-46
-31,-29,-67
-45,-34,-58
-27,-44,-58
-15,-63,-47
-39,-56,-77
-23,-64,-52
-12,-70,-36
-15,-52,-32
-28,-38,-54
-7,-26,-42
-21,-28,-38
-26,-34,-23
-28,-37,-13
-29,-36,-22
-19,-44,-23
-17,-45,-23
-42,-50,-37
-57,-49,-33
-56,-51,-61
-56,-40,-57
-25,-55,-35
-4,-54,-35
-5,-55,-37
-4,-53,-37
-13,-48,-42
-14,-39,-33
-33,-48,-34
-1,-40,-13
11,-52,2
-24,-59,-47
-47,-51,-66
-16,-106,44
-96,-67,-116
-53,-84,-29
-42,-87,-9
-40,-58,-27
-35,-54,-27
-37,-50,-48
-50,-41,-62
-12,-41,-52
-4,-56,-15
-6,-65,-6
-17,-64,-4
-26,-58,-15
-47,-48,-26
-41,-42,-21
-37,-42,-19
-46,-37,-26
-28,-33,-17
-17,-36,-16
-45,-24,-26
-58,-26,-35
-45,-32,-35
-42,-37,-37
-44,-41,-41
-43,-45,-38
-39,-45,-37
-40,-36,-41
-43,-30,-47
-33,-27,-35
-30,-32,-33
-35,-36,-33
-41,-37,-30
-52,-44,-28
-54,-43,-28
-51,-39,-29
-49,-33,-27
-44,-29,-24
-37,-25,-32
-46,-21,-37
-50,-21,-40
-52,-21,-45
-57,-16,-46
-53,-16,-36
-52,-21,-32
-53,-23,-29
-39,-25,-19
-16,-42,-1
-35,-52,-19
-51,-50,-35
-42,-45,-27
-50,-45,-41
-56,-45,-46
-45,-57,-53
-44,-56,-41
-30,-47,-15
-24,-45,-20
-26,-41,-33
-28,-38,-39
-32,-31,-48
-33,-39,-39
-29,-47,-35
-19,-45,-36
-26,-43,-60
-55,-28,-88
-72,-29,-76
-73,-19,-40
-62,-21,-27
-57,-14,-35
-55,-9,-50
-32,-7,-53
-34,0,-52
-49,-9,-41
-36,-19,-25
-53,-25,-32
-43,-28,-14
-39,-24,6
-5,-34,-1
5,-44,0
11,-62,11
-3,-85,-5
-40,-103,-13
-55,-97,-9
-31,-80,25
-37,-82,18
-26,-91,3
-43,-75,-15
-31,-61,-9
-20,-53,-21
-26,-48,-26
-15,-47,-18
-11,-54,-14
-20,-57,-40
-24,-55,-47
-18,-56,-46
4,-51,-43
-12,-48,-50
-5,-49,-39
10,-67,-35
14,-55,-40
-18,-44,-40
-46,-38,0
-49,-24,8
-83,-14,-18
-124,-5,-55
-41,-33,-42
-30,-59,-46
3,-96,-24
-2,-112,-29
37,-128,31
3,-95,24
-4,-81,16
-39,-65,-4
-51,-55,-8
-42,-64,-3
-34,-62,-4
-59,-65,-36
-69,-67,-41
-61,-63,-46
-54,-63,-47
-59,-55,-45
-54,-52,-39
-44,-42,-28
-41,-29,-17
-43,-25,-10
-46,-22,-1
-42,-22,6
-44,-11,13
-37,-4,18
-44,4,19
-60,9,10
-78,20,-7
-62,25,4
-63,27,1
-63,30,9
-59,24,14
-69,23,13
-74,23,14
-56,15,43
-37,14,51
-35,20,41
-25,17,43
-24,17,47
-18,17,49
-25,22,55
-25,19,50
-23,19,56
-20,24,57
-17,26,58
-25,30,50
-24,31,51
-29,32,46
-29,33,43
-29,30,46
-20,35,58
-27,38,52
-31,39,48
-20,42,52
-16,44,55
-22,40,42
-19,43,42
-15,44,45
-12,41,38
-18,40,35
-4,42,37
-2,44,49
-14,43,36
-18,45,32
-2,49,52
-9,50,55
-21,37,45
-21,44,45
-17,47,63
-24,32,44
-38,37,41
-28,39,55
-21,37,51
-23,19,78
-49,37,63
-27,38,56
-11,32,51
7,26,76
1,24,85
-16,22,55
-5,27,52
11,29,47
12,25,29
25,17,32
37,2,36
41,-1,37
47,-8,33
46,-14,28
57,-31,28
53,-29,34
75,-61,25
69,-35,70
34,-35,28
27,-29,10
31,-18,4
36,-7,-9
37,-2,-13
30,7,-19
19,15,-19
-18,33,-7
-34,30,4
-71,15,0
-122,26,4
-128,41,38
-128,41,36
-100,29,56
-81,15,66
-83,11,46
-44,-1,47
-47,-7,49
-35,-13,49
-26,-15,51
-28,-34,56
-21,-40,60
-8,-35,62
-7,-31,61
-2,-32,53
-2,-27,57
2,-21,61
-10,-28,53
-5,-27,58
-4,-23,67
-6,-21,65
-25,-22,49
-23,-25,56
-19,-29,66
-23,-33,63
-31,-31,54
-21,-29,57
-14,-26,62
-6,-27,63
-14,-23,57
-18,-22,64
-21,-18,61
-41,-22,49
-51,-22,42
-55,-10,38
-54,-7,35
-61,3,27
-62,5,21
-69,7,3
-74,9,-1
-74,18,-3
-70,16,-9
-68,15,-10
-67,22,-7
-70,20,-15
-65,21,-14
-62,22,-16
-66,22,-21
-61,24,-19
-55,28,-15
-54,29,-15
-53,30,-18
-52,31,-17
-52,33,-9
-42,36,2
-40,36,7
-40,37,6
-47,36,7
-40,37,14
-31,37,19
-26,40,26
-26,38,28
-25,40,32
-20,38,35
-13,35,34
-16,33,35
-13,30,46
-17,23,57
-16,23,57
-24,23,61
-27,22,59
-33,22,58
-30,25,51
-28,34,48
-23,36,54
-21,40,49
-25,43,47
-36,36,45
-48,33,43
-28,31,60
-39,27,51
-38,21,56
-25,18,72
-8,24,81
-31,27,38
-47,32,18
-38,27,26
-31,27,36
-41,24,49
-41,24,50
-40,24,42
-51,20,28
-49,18,27
-51,19,26
-58,19,19
-55,19,20
-60,18,21
-63,21,24
-64,20,22
-59,19,20
-61,21,20
-68,21,16
-64,22,15
-60,23,19
-64,23,17
-64,23,19
-63,22,27
-63,22,28
-50,19,35
-54,20,33
-56,21,34
-58,24,27
-53,28,22
-57,31,20
-53,34,18
-59,37,12
-60,36,14
-65,33,27
-66,34,30
-55,32,41
-50,31,43
-47,30,45
-45,28,43
-36,26,43
-32,25,39
-27,26,28
-25,23,27
-25,18,32
-29,19,31
-34,16,27
-33,11,41
-36,10,44
-46,8,43
-46,11,41
-49,12,44
-47,12,41
-63,14,36
-60,14,35
-57,11,41
-52,9,47
-54,4,37
-44,4,45
-35,3,54
-39,1,53
-31,0,63
-32,-2,60
-36,-1,56
-33,1,60
-34,1,56
-37,2,53
-35,2,54
-38,5,54
-37,6,48
-30,9,57
-38,9,52
-35,9,51
-22,10,60
-22,9,60
-31,9,57
-30,9,60
-26,8,62
-25,7,60
-25,6,61
-24,5,59
-21,4,58
-19,4,61
-13,3,61
-7,3,62
-8,3,63
-1,5,61
9,6,59
8,6,57
4,6,53
2,2,48
-1,1,46
-16,2,51
-19,-1,48
-23,-7,58
3,-6,70
16,-14,80
11,-16,71
15,-12,61
-13,2,22
-43,10,13
-79,30,-1
-70,30,-14
-71,42,-15
-51,42,-13
-82,40,-15
-76,42,-13
-81,52,-6
-90,58,-13
-30,67,-34
-11,39,-21
-28,21,7
-25,-6,60
-8,-12,76
-11,-6,87
-28,3,69
-62,21,17
-86,22,11
-87,19,-1
-77,24,-1
-79,27,-17
-69,30,-24
-59,40,-22
-64,32,-30
-40,26,-26
13,0,24
27,-18,66
18,-24,117
-18,-15,93
-46,2,27
-61,8,5
-88,26,-36
-92,28,-38
-77,20,-17
-79,19,-17
-86,20,-18
-47,25,-15
-31,25,-8
5,0,44
10,-13,75
3,-14,96
-18,-8,64
-63,9,16
-68,10,3
-74,13,-11
-80,18,-18
-76,28,-21
-56,23,-15
-58,22,-14
-69,16,-2
-73,14,1
-74,13,-14
-52,21,-13
-38,18,9
-39,-3,28
-54,-5,53
-47,-7,61
-16,3,70
-27,7,45
-72,14,-7
-80,25,-32
-67,27,-33
-63,11,-4
-75,10,3
-73,15,-7
-76,17,-19
-65,15,-12
-40,13,0
-29,-13,65
-11,-20,78
-19,-10,53
-49,11,10
-68,14,-15
-81,23,-41
-81,19,-32
-68,17,-19
-71,11,-18
-64,10,-19
-54,16,-22
-58,15,-4
-57,7,5
-69,-5,15
-60,-9,17
-45,-15,19
-53,-31,11
-61,-30,15
-65,-16,19
-61,-9,12
-70,2,-3
-71,8,-9
-72,19,-24
-69,19,-26
-59,10,-9
-60,9,-1
-64,5,-5
-68,6,-10
-99,10,-31
-63,11,-14
-57,13,-9
-86,13,-10
-85,10,-5
-71,12,3
-74,18,-2
-41,23,-6
-49,29,-14
-59,38,-6
-57,37,-9
-60,38,-5
-59,42,1
-52,44,5
-41,44,9
-42,45,12
-47,48,2
-46,45,1
-55,41,6
-59,35,12
-55,31,24
-45,24,36
-39,16,29
-34,22,45
-35,22,48
-35,20,55
-24,30,57
-19,34,40
-16,35,32
-26,30,36
-28,26,41
-16,23,36
-4,18,36
-8,6,44
-21,4,40
-17,-2,38
-13,-12,31
51,-45,61
43,-56,67
36,-58,61
27,-57,47
26,-52,39
9,-45,18
2,-43,9
-22,-42,-17
-37,-40,-32
-95,-46,-70
-128,-51,-89
-128,-47,-59
-128,-38,-36
-128,-55,-9
-95,-54,34
-96,-61,57
-128,-71,53
-89,-65,62
-51,-44,65
-64,-32,43
-49,-13,25
-51,-9,24
-46,-21,8
-58,-19,12
-43,-19,3
-42,-25,-15
-62,-14,-13
-47,-7,-11
-55,3,-16
-95,16,-25
-105,-3,-30
-77,9,-21
-75,8,-22
-69,25,-22
-74,23,-23
-67,28,-18
-59,26,-14
-58,27,-7
-56,31,-4
-53,29,0
-24,19,16
-14,17,24
-23,25,30
-36,28,29
-40,25,23
-44,24,19
-50,30,20
-57,29,15
-65,31,0
-72,33,-1
-57,29,6
-61,26,10
-95,36,-3
-73,32,0
-63,30,1
-73,27,1
-74,31,14
-67,15,19
-87,10,24
-17,11,46
-2,-3,43
-74,16,36
-84,15,34
46,21,61
13,27,60
-6,29,51
19,35,38
22,30,34
13,45,33
13,47,25
37,43,23
31,41,22
9,48,25
-1,51,28
-7,49,27
-15,49,26
-12,55,27
-8,60,32
-8,61,34
-18,64,34
-23,61,30
-35,67,20
-38,68,18
-27,67,24
-25,65,17
-24,61,-4
-17,62,-9
-10,57,-8
-10,53,-36
-14,53,-43
-9,58,-37
-2,61,-23
11,68,-3
11,69,-6
21,71,-27
37,69,-26
25,63,-16
-6,56,-9
-20,39,-39
-83,32,-46
-106,37,-4
-94,31,14
-84,34,5
-60,28,24
-59,16,38
-53,26,0
-65,25,7
-59,23,25
-60,34,-13
-55,59,-75
-46,59,-70
-31,64,-35
-13,63,-43
18,59,-22
1,67,-23
23,58,-42
26,49,-69
11,48,-72
-22,53,-39
-20,53,-30
11,67,-33
20,79,-24
48,76,22
43,69,34
19,60,14
5,46,18
-21,13,10
-62,-1,-12
-89,-3,-20
-101,-35,-31
-97,-28,-44
-80,12,-35
-78,17,-29
-56,18,-34
-56,19,-34
-36,8,-18
-67,32,-59
-41,-13,-21
-37,-16,-40
-64,-26,-82
-75,-19,-95
-73,-8,-94
-50,-2,-59
-57,-7,-48
-82,-7,-74
-89,-20,-65
-78,-33,-47
-91,-36,-42
-106,-57,-44
-112,-57,-36
-96,-45,-7
-76,-33,17
-72,-24,37
-48,-15,47
-31,-5,45
-3,2,71
-7,5,59
17,4,58
23,-5,75
-12,-13,34
-17,-7,3
-33,26,-49
-30,47,-56
-39,52,-44
-65,35,-72
-57,32,-57
-36,38,-20
-39,41,-12
-55,32,1
-56,36,1
-48,36,7
-45,30,16
-54,24,37
-52,29,41
-40,30,37
-43,28,41
-43,33,38
-42,38,25
-44,41,19
-47,42,13
-46,43,11
-42,44,8
-43,42,11
-51,37,22
-51,36,28
-38,41,29
-34,43,29
-43,40,32
-50,40,28
-48,42,24
-45,42,21
-49,42,18
-44,44,21
-46,42,14
-47,20,17
-40,63,34
-40,45,20
-45,42,14
-44,32,6
-49,46,6
-45,43,12
-48,52,13
-49,32,5
-36,37,1
-40,41,-7
-40,45,-15
-34,43,-17
-24,49,-29
-12,44,-40
-5,50,-53
-1,52,-56
6,52,-54
8,55,-53
11,57,-50
19,59,-57
17,61,-57
11,54,-57
11,52,-55
7,53,-49
5,49,-46
1,43,-35
-2,45,-31
-21,32,-19
-28,30,-5
-32,34,14
-40,33,21
-48,35,34
-49,38,37
-51,41,34
-56,39,35
-58,40,40
-58,40,40
-53,42,36
-53,43,37
-54,44,36
-95,62,-13
14,25,55
-19,44,13
-30,51,-4
-10,49,-8
-17,59,-23
-25,61,-29
-26,54,-22
-29,49,-19
-35,48,-12
-39,50,0
-37,44,-1
-32,43,2
-37,47,7
-38,48,12
-31,51,17
-23,49,23
-25,45,32
-20,41,45
-12,40,49
-3,34,52
5,33,48
-28,38,102
21,40,51
26,28,64
17,23,56
26,32,54
22,28,52
19,30,53
20,30,57
21,30,56
22,30,54
21,31,54
19,26,52
18,25,51
26,26,48
33,26,50
21,14,48
14,10,45
14,-15,53
10,-10,54
8,-6,47
8,-11,60
-2,-11,58
-9,-9,65
-28,-12,58
-73,-5,37
-77,6,33
-84,31,8
-92,36,11
-109,25,24
-85,18,44
-81,4,47
-89,5,39
-89,2,34
-67,0,27
-55,2,22
-71,7,-1
-76,4,1
-55,1,10
-51,0,13
-49,4,6
-56,8,0
-50,-7,15
-48,-11,20
-57,-6,0
-43,-13,-2
-45,-17,-9
-47,-18,-29
-45,-20,-38
-39,-12,-47
-39,-10,-46
-54,-13,-41
-56,-9,-41
-48,-3,-46
-47,1,-47
-51,3,-42
-60,-11,-43
-71,2,-57
-48,6,-45
-73,9,-45
-79,6,-43
-68,3,-34
-71,4,-30
-48,-2,4
-66,11,-26
-80,12,-30
-57,-1,-12
-51,-5,-8
-47,-8,-9
-47,-5,-2
-60,-13,-25
-49,-17,-9
-37,-21,2
-42,-39,1
-46,-42,-8
-39,-44,-8
-48,-44,-11
-49,-46,-21
-50,-52,-32
-56,-51,-37
-40,-55,-14
-71,-55,-41
-70,-47,-32
-74,-49,-29
-59,-52,-6
-57,-57,-12
-68,-61,-17
-58,-60,-7
-50,-51,-22
-32,-47,-39
-36,-40,-48
-37,-39,-47
-30,-34,-49
-29,-38,-50
-36,-39,-48
-31,-36,-59
-18,-33,-51
-32,-30,-46
-29,-30,-43
-36,-21,-44
-28,-31,-27
-17,-44,3
0,-49,10
16,-38,0
27,-32,-10
42,-46,-20
22,-82,-14
-65,-95,3
-81,-72,60
-40,-65,63
-9,-86,-49
-72,-91,-93
-26,-56,-57
-21,-55,-41
-31,-57,-40
4,-44,-33
-6,-47,-24
-25,-42,-29
-34,-31,-47
-31,-19,-51
-24,-19,-51
-25,-21,-50
-26,-24,-53
-49,-26,-60
-59,-28,-56
-59,-35,-48
-49,-39,-32
-35,-39,-5
-30,-40,-1
-30,-37,-13
-21,-39,-15
22,-47,9
-1,-64,-15
-57,-77,-35
-51,-69,-32
-41,-59,-21
-37,-60,-12
-46,-65,-5
-30,-76,21
-18,-72,33
-17,-75,17
-20,-78,4
-26,-83,-17
-29,-81,-27
-30,-64,-33
-28,-61,-27
-11,-63,-29
-31,-51,-45
-33,-48,-46
-18,-39,-47
-17,-38,-46
-14,-30,-45
-11,-28,-39
-4,-16,-26
17,-21,-9
31,-42,15
13,-61,20
-30,-128,46
-42,-128,46
-12,-87,10
-28,-83,-1
-46,-88,-23
-27,-97,-39
-2,-105,-23
11,-86,6
17,-86,-8
14,-77,-12
15,-76,-10
-28,-50,-23
-32,-47,-30
-28,-50,-19
-14,-54,-1
-7,-51,3
-25,-56,-10
-52,-56,-25
-84,-45,-30
-93,-42,-32
-79,-28,-25
-72,-21,-23
-54,-19,-21
-48,-25,-4
-48,-21,-24
-56,-16,-29
-45,-23,-10
-51,-22,-18
-56,-23,-19
-51,-26,-2
-42,-30,5
-46,-27,-11
-59,-25,-16
-57,-27,-14
-53,-25,-17
-78,-29,-28
-81,-34,-21
-57,-31,-10
-51,-32,-5
-54,-33,-10
-57,-29,-15
-58,-30,-13
-59,-29,-10
-59,-27,-13
-57,-27,6
-56,-25,3
-41,-26,-7
-50,-28,-11
-73,-34,-9
-77,-36,3
-54,-27,39
-38,-14,49
-31,-7,56
-31,-9,65
-28,-8,62
-44,-19,43
-41,-26,43
-48,-37,38
-50,-41,37
-53,-46,35
-53,-42,38
-28,-33,62
-3,-39,62
-46,-53,31
-48,-46,27
-54,-52,35
-51,-49,52
-42,-47,61
-45,-37,65
-50,-34,62
-57,-30,56
-57,-27,52
-57,-18,48
-53,-15,48
-45,-13,48
-46,-12,43
-43,-3,41
-35,-2,42
-28,0,42
-7,10,52
-10,12,53
-4,9,54
3,8,54
1,5,56
-4,7,52
-6,2,42
-18,1,36
-33,9,36
-43,15,39
-29,14,30
-59,3,40
-73,14,48
-32,30,44
-37,33,48
-18,32,52
-36,31,43
-56,28,42
-56,28,34
-28,9,-19
-45,-11,-33
-70,-20,24
-71,-24,74
-38,-16,58
-48,0,61
-49,-2,86
-68,33,86
-71,58,59
-36,61,49
-53,35,29
-100,0,31
-100,-3,51
-64,-6,57
-51,-8,59
-49,11,78
-14,33,74
-4,37,70
-2,42,48
-2,46,42
7,47,35
5,45,33
-3,35,32
-6,30,33
-6,25,31
-9,23,34
-11,24,36
-7,32,35
-8,36,33
-5,41,33
-3,43,35
-6,46,38
-7,48,36
-16,50,25
-16,52,26
-10,54,27
-13,56,28
-9,56,36
-2,57,40
-8,44,55
-11,35,59
-29,31,38
-45,38,22
-43,37,19
-36,30,4
-30,27,-14
-11,36,-56
-7,42,-71
1,53,-79
-12,51,-73
-22,46,-52
-27,32,-45
-18,9,-34
-21,9,-29
-18,2,-12
-10,3,3
0,20,13
18,36,39
21,30,59
19,19,94
1,7,105
-33,-12,112
-33,-13,112
-10,-25,109
-10,-28,108
-12,-29,95
-13,-32,88
-3,-32,74
0,-29,68
3,-34,62
7,-29,49
11,-24,49
25,-25,58
31,-25,63
16,-18,51
10,-28,52
8,-31,65
14,-27,58
20,-20,49
26,-19,56
16,-20,58
13,-23,68
9,-23,69
21,-24,70
21,-26,66
6,-28,60
25,-23,58
33,-22,43
19,-28,54
22,-31,57
28,-29,50
38,-28,44
30,-33,47
24,-35,46
35,-31,39
34,-28,38
31,-37,42
30,-40,43
39,-33,31
39,-34,28
39,-35,38
35,-40,40
42,-59,44
25,-26,-1
50,-48,21
64,-40,26
61,-39,24
52,-53,20
27,-59,7
15,-52,11
11,-47,18
1,-29,39
-19,-20,51
-39,1,83
-42,6,92
-59,25,99
-79,32,73
-67,30,61
-62,28,43
-57,24,38
-34,12,38
-34,5,41
-21,-4,39
-19,-12,35
-7,-26,46
-11,-32,52
-5,-46,71
-13,-40,74
-55,-17,55
-64,-11,43
-67,-9,38
-62,6,23
-71,3,5
-76,11,-31
-79,16,-21
-67,19,-40
-55,20,-35
-45,30,-32
-41,31,-32
-39,38,-30
-34,40,-27
-23,45,-23
-28,45,-21
-22,43,-13
-8,47,-5
-6,49,-6
-9,48,0
-5,49,-1
-3,45,-2
-8,44,-2
0,37,7
-14,38,0
-21,33,1
-14,31,9
-8,32,20
-13,38,21
-20,42,17
-23,48,28
-33,47,30
-48,40,62
-59,34,72
-79,34,82
-67,33,88
-63,26,71
-54,29,69
-76,32,41
-80,33,24
-31,39,10
-71,36,3
-79,41,-4
-58,47,-4
-52,55,8
-52,52,19
-50,46,24
-51,33,34
-52,30,40
-43,25,41
-38,24,40
-38,24,37
-50,24,30
-47,22,26
-42,24,34
-35,26,34
-32,30,34
-38,30,33
-53,25,35
-44,24,35
-54,27,27
-57,28,21
-69,28,8
-72,26,-1
-79,25,-19
-75,23,-19
-72,22,-14
-74,17,-4
-70,16,5
-37,13,39
-30,23,55
-24,24,53
-32,25,46
-43,25,32
-48,24,39
-70,24,25
-55,34,27
-62,33,20
-34,33,23
-17,38,32
9,25,42
28,23,51
22,19,40
14,6,55
12,-13,82
7,-5,82
-8,-17,64
-5,-8,54
0,-17,55
16,-39,59
24,-40,62
-1,-41,50
-17,-49,46
-44,-47,45
-56,-40,42
-55,-30,28
-73,-27,16
-69,-27,-3
-94,-12,2
-46,-9,-5
-64,-21,-15
-99,-9,-64
-92,-11,-23
-53,-10,0
-68,-12,-25
-61,-6,-28
-58,6,-85
-64,11,-128
-92,17,-119
-72,13,-93
-73,24,-15
-40,15,-4
72,24,26
80,34,42
40,23,29
-5,16,19
-19,10,14
-57,-13,3
-75,-9,0
-121,-23,2
-128,-30,-2
-122,-37,32
-74,-27,54
-66,-18,44
-70,-12,21
-100,-6,-16
-90,-6,-22
-94,-14,21
-53,4,21
-52,2,9
-52,4,5
-45,7,15
27,42,44
30,44,41
24,30,26
7,25,14
-49,14,-39
-73,11,-49
-93,21,-40
-73,27,-24
-50,29,-20
-74,33,-35
-84,26,-40
-61,15,-24
-42,12,-11
-55,8,15
-50,6,21
-74,2,11
-76,0,1
-52,-13,39
-103,-29,12
-97,-42,14
-35,-22,67
-60,-14,75
-52,-83,70
-68,50,61
-56,13,7
-51,39,-12
-44,48,-35
-50,56,-39
-43,43,-60
-53,42,-50
-62,32,-33
-62,27,-16
-51,24,8
-59,22,12
-48,23,14
-40,20,8
-48,22,4
-48,20,-10
-52,25,-18
-77,27,-27
-76,31,-21
-71,34,-11
-57,35,-3
-49,37,6
-52,37,12
-54,35,14
-44,35,17
-48,34,12
-51,36,7
-48,35,3
-47,34,4
-47,32,6
-49,34,10
-50,34,12
-43,36,21
-40,35,24
-43,34,20
-46,36,20
-51,30,10
-50,24,23
-55,20,24
-55,16,26
-54,14,28
-54,10,39
-55,10,43
-46,9,48
-47,11,49
-60,18,36
-49,22,40
-53,26,32
-55,26,25
-53,27,25
-48,29,26
-47,29,24
-48,30,21
-49,30,24
-53,29,29
-54,26,28
-39,17,26
-34,15,20
-54,8,-5
-43,4,-10
1,18,34
-21,35,22
-29,39,19
-29,25,46
-5,27,58
31,32,73
20,28,75
-61,5,54
-102,-7,35
-75,10,78
-49,16,96
-59,14,77
-57,5,61
-50,0,44
-51,1,56
-65,-6,35
-42,-19,17
-49,-24,7
-51,-22,4
-53,-24,-8
-48,-33,-42
-54,-32,-40
-72,-28,-47
-74,-25,-60
-69,-10,-49
-68,-5,-42
-75,-7,-35
-80,-11,-26
-76,-12,-27
-63,-17,-8
-58,-9,-13
-79,4,-30
-63,5,-39
-60,14,-50
-49,20,-54
-20,29,-49
-30,37,-56
-19,37,-40
-33,40,-42
2,44,-19
-8,37,-2
-30,32,-6
-48,34,-1
-51,29,7
-58,26,7
-49,28,6
-62,27,-6
-65,28,-9
-60,28,-11
-49,26,-7
-47,27,-7
-45,25,-8
-53,25,-15
-58,26,-31
-60,30,-33
-52,34,-27
-56,34,-23
-58,32,-16
-55,31,-13
-54,30,-14
-53,31,-12
-48,33,-11
-45,33,-13
-54,34,-18
-55,34,-28
-42,30,-24
-99,19,-53
-127,5,-78
-74,11,-34
-72,8,-18
-55,-9,12
-31,-4,26
-56,21,25
-63,31,19
-34,35,20
-26,34,35
-17,20,31
19,2,68
37,8,76
20,15,53
4,9,43
-23,-15,39
-22,-8,29
24,-34,46
5,-31,48
11,-73,24
-16,-104,21
-27,-109,56
-46,-97,59
-59,-80,39
-52,-54,29
-65,-52,23
-69,-52,16
-61,-46,0
-58,-55,-8
-64,-55,-9
-57,-49,-1
-50,-45,12
-65,-39,-7
-79,-48,-20
-73,-42,-20
-55,-16,-2
-55,-19,0
-43,-13,-9
-44,-11,-9
-59,7,-34
-74,11,-49
-59,21,-48
-45,23,-51
-27,29,-43
-39,35,-41
-48,28,-33
-51,28,-24
-46,29,-17
-49,28,-7
-48,27,-3
-43,28,-1
-48,27,11
-58,25,20
-58,31,6
-65,42,-15
-32,46,-9
-39,46,-10
-40,46,-5
-41,40,4
-45,41,7
-46,42,14
-30,38,10
-29,41,12
-33,44,8
-50,43,17
-72,45,45
-69,39,25
-44,45,17
-59,61,9
-21,69,2
9,62,17
22,44,42
23,27,51
4,-10,66
-46,-19,44
-44,-17,38
-77,-4,-6
-123,-11,-17
-52,-27,63
-72,-17,62
-67,6,37
-48,15,46
-78,34,6
-88,39,-15
-69,46,-16
-55,39,-17
-63,19,2
-80,8,0
-84,18,-10
-67,34,-37
-30,44,-40
6,24,9
12,-2,45
10,-24,84
23,-29,100
-43,-8,47
-68,0,21
-94,32,-9
-75,33,-16
-56,13,20
-75,11,15
-92,14,6
-52,23,-1
-57,37,-22
-32,23,1
-23,-1,41
3,-23,72
30,-28,90
-17,-15,58
-59,-3,13
-87,26,-34
-83,29,-23
-91,9,-2
-93,10,1
-91,14,-5
-51,31,-8
-44,31,-12
-8,5,31
-15,-10,58
20,-25,88
17,-18,76
-38,-2,7
-76,17,-44
-105,51,-58
-103,6,-9
-100,11,-6
-56,14,-1
-59,23,-13
-47,11,18
14,12,26
-29,-16,76
-22,-23,64
-33,-14,38
-36,-12,18
-68,3,-8
-79,-1,-6
-86,21,-34
-89,21,-27
-76,18,-17
-67,20,-16
-65,21,-21
-36,15,10
-35,0,35
-55,-17,39
-55,-22,29
-21,-22,39
-35,-18,47
-59,-4,-8
-59,0,-21
-82,12,-24
-78,19,-37
-64,16,-26
-58,8,-7
-74,1,-8
-85,-5,-6
-73,-9,5
-67,-12,15
-63,-7,15
-60,-15,33
-66,-20,35
-65,-23,36
-42,-17,37
-56,-3,16
-62,-1,18
-58,-3,19
-59,18,10
-63,19,8
-62,19,8
-69,20,6
-79,20,1
-80,21,0
-71,20,1
-57,25,4
-42,29,16
-49,35,4
-39,34,14
-30,17,38
-41,10,39
-43,2,43
-21,-3,57
-28,-9,50
-37,-6,40
-45,-9,27
-46,-4,22
-61,6,4
-66,9,-2
-88,6,-13
-102,8,-19
-83,-3,-5
-69,-24,16
-81,-30,20
-62,-51,27
-47,-54,39
-38,-43,40
-42,-36,37
-52,-33,33
-55,-24,41
-54,5,28
-23,34,26
-5,40,42
-4,24,66
4,31,69
-26,24,58
-8,22,62
5,21,61
-1,15,63
-5,10,64
-10,11,66
-7,18,64
-8,18,61
-11,13,70
-14,13,69
-12,16,62
-5,14,48
0,7,52
14,4,54
33,0,53
22,2,63
27,-2,61
19,1,51
23,-1,54
21,6,53
31,6,56
37,5,52
35,2,48
34,4,50
28,6,52
25,9,49
39,11,47
37,8,50
23,11,47
31,8,55
52,5,49
46,5,44
32,5,44
32,3,46
32,-2,48
34,-13,34
31,-13,29
39,-14,20
53,-16,19
72,-24,18
76,-23,10
71,-24,3
73,-28,0
45,-18,-2
32,-10,-7
7,6,-13
-6,6,-13
-54,2,-10
-109,-8,-27
-123,-8,-14
-128,-4,-22
-128,7,-26
-128,37,13
-128,41,35
-128,14,26
-117,9,24
-87,1,17
-81,4,10
-77,-2,-20
-47,-6,-14
-41,-9,-6
-42,-5,-6
-46,-1,-5
-47,8,3
-49,13,1
-61,22,-4
-60,23,3
-67,26,9
-75,28,12
-73,19,12
-69,25,4
-41,36,-13
-62,36,-27
-57,34,-16
-45,31,-4
-43,33,-5
-50,37,-1
-53,36,1
-55,45,-7
-58,44,-7
-61,35,1
-57,32,1
-50,34,-1
-49,33,1
-51,30,2
-49,26,9
-49,26,10
-51,27,14
-54,29,10
-52,31,14
-49,31,19
-47,34,14
-48,33,12
-54,37,9
-54,41,9
-44,43,16
-47,42,26
-64,42,-1
-60,38,7
-54,35,11
-55,35,6
-55,36,4
-55,35,6
-53,35,5
-54,33,8
-55,35,7
-56,33,11
-55,34,7
-54,38,5
-55,36,7
-54,35,10
-53,34,5
-56,37,4
-55,35,10
-55,34,13
-59,33,9
-57,33,10
-52,33,14
-50,34,13
-50,36,14
-52,36,15
-51,33,18
-58,26,13
-60,28,11
-53,23,15
-51,21,15
-61,20,7
-63,18,5
-54,16,8
-53,15,9
-54,18,9
-58,19,6
-53,21,2
-44,22,4
-43,24,2
-44,35,0
-43,41,-5
-52,56,-11
-53,57,-11
-58,55,-15
-69,56,-23
-85,37,-21
-89,32,-21
-78,26,-23
-74,23,-28
-64,28,-20
-65,26,-19
-61,18,-9
-42,11,6
-36,18,9
-39,20,7
-38,22,7
-43,29,10
-49,28,11
-58,29,14
-63,30,15
-66,33,15
-69,35,14
-76,35,12
-72,34,15
-67,36,14
-61,36,13
-51,34,18
-46,30,20
-51,29,18
-49,17,39
-44,19,40
-45,7,54
-52,1,69
-32,15,68
-28,13,67
-19,6,55
-14,-5,55
11,-5,84
24,8,58
25,11,48
29,22,23
34,26,18
41,28,14
37,26,18
-3,42,10
2,47,11
10,62,11
26,69,10
29,67,19
33,64,38
5,65,26
14,68,15
16,75,19
10,74,15
6,69,20
-10,64,30
-10,68,28
-12,73,16
-17,60,-5
-12,64,17
0,63,25
-4,50,6
-8,53,8
-4,48,5
19,46,-10
17,49,-9
-1,56,4
11,59,7
1,60,1
-3,63,0
-1,71,6
-2,73,6
5,72,2
-5,71,-2
-4,73,-3
-17,76,-14
-14,71,-15
-21,64,-28
-30,61,-25
-51,51,-18
-60,49,-20
-56,51,0
-49,45,24
-10,48,64
-8,64,66
10,69,42
13,53,2
-5,67,17
-8,39,-1
-16,77,11
-27,54,28
-20,53,32
-10,75,31
-20,66,19
-11,69,10
5,65,20
-19,64,19
-26,55,13
-16,57,22
-9,60,37
1,59,40
2,53,25
2,55,18
-2,63,15
1,62,14
5,64,5
2,73,14
-13,59,14
-13,52,14
-28,46,41
-21,49,57
7,45,87
41,48,85
41,35,78
38,30,69
19,16,46
10,3,-18
-17,24,-46
17,64,-26
27,76,-25
42,71,-16
23,64,-17
-2,58,-25
0,59,-23
3,56,-1
-13,28,-5
14,33,-34
18,45,-11
36,80,22
-15,46,-34
-28,127,127
-71,11,-7
-14,17,-9
-41,43,-65
-55,41,-77
-41,16,-80
-38,4,-72
-18,0,-34
-13,-4,-3
-12,4,5
-19,25,21
-4,34,27
-11,46,31
-15,41,22
-128,-49,-52
-128,-97,-44
-128,-92,-1
-128,-128,3
-121,-128,55
-100,-128,64
-40,-128,68
-37,-113,56
-28,-97,53
-5,-65,47
9,-44,31
41,20,-1
27,27,16
-26,-10,-21
-35,-11,-32
-41,-20,-33
-27,-21,-11
-23,-30,-4
-49,-24,-9
-71,-32,-6
-69,-32,14
-84,-30,15
-113,-48,10
-88,-39,21
-75,-13,-16
-69,-13,-7
-93,-17,-9
-74,-16,-10
-67,2,-23
-69,4,-19
-60,-3,-15
-37,-6,-11
-48,-4,-29
-66,4,-34
-54,-3,-11
-42,-16,6
-33,-21,12
-11,-30,-6
-6,-39,-14
1,-67,-25
-10,-75,-26
-29,-76,-35
-50,-74,-41
-93,-54,-23
-120,-22,53
-78,-37,49
-51,-55,24
-54,-57,23
-54,-62,19
-41,-56,20
-40,-48,26
-46,-50,22
-64,-54,-5
-75,-43,-11
-71,-29,-9
-64,-28,-2
-46,-26,27
-7,-21,28
-13,-20,25
10,-6,-4
5,-28,2
-51,-60,-36
-61,-45,-30
-106,-61,34
-58,-61,56
-64,-77,35
-45,-81,30
-24,-87,31
-14,-80,30
-1,-60,31
-11,-61,6
-18,-61,-13
-51,-48,-55
-41,-47,-56
-20,-44,-49
-27,-44,-47
-38,-41,-62
-39,-32,-65
-21,-28,-57
-27,-35,-41
-20,-36,-34
-20,-36,-43
-17,-34,-44
-29,-41,-56
-10,-28,-61
-14,-35,-40
-21,-31,-50
-34,-29,-50
-33,-31,-48
-31,-40,-36
-20,-47,-25
-32,-48,-32
-36,-43,-34
-7,-47,-22
-37,-45,-34
-13,-39,-28
7,-71,16
-43,-74,-15
-44,-28,-73
36,-33,-29
-50,-111,-6
-47,-75,-33
-62,-51,-47
-28,-66,-29
-3,-48,-21
18,-51,-24
-1,-47,-33
-9,-52,-29
10,-49,-23
21,-50,-12
4,-48,-10
-25,-81,-18
-15,-90,26
22,-85,14
-2,-85,-8
5,-77,-28
-27,-78,-47
-4,-70,-25
-1,-66,-12
-15,-58,-21
-14,-54,-28
-10,-53,-22
-16,-48,-25
-16,-47,-27
-37,-41,-33
-49,-40,-36
-30,-37,-44
-23,-38,-42
-34,-39,-54
-16,-39,-54
-11,-54,-47
-14,-55,-34
-20,-57,-20
-5,-56,-11
-7,-53,-7
-35,-58,-36
-39,-55,-42
-29,-54,-31
-49,-55,-29
-64,-56,-50
-32,-58,-28
-30,-53,-4
-31,-52,-3
-29,-41,-5
-40,-37,1
-41,-35,-3
-58,-34,7
-59,-30,19
-38,-32,23
-58,-31,24
-66,-25,6
-59,-26,3
-18,-23,36
-30,-39,14
-83,-66,-19
-62,-51,-14
-48,-56,-15
-46,-57,-11
-45,-59,6
-51,-59,25
-44,-55,29
-53,-43,34
-49,-41,26
-40,-49,12
-49,-47,14
-52,-45,3
-49,-41,-3
-43,-38,-6
-44,-38,-5
-29,-43,14
-24,-50,17
-29,-53,14
-33,-59,11
-43,-64,5
-63,-61,-2
-63,-54,0
-59,-50,-5
-56,-50,-1
-40,-49,10
-32,-50,13
-31,-69,21
-31,-64,34
-35,-55,27
-39,-49,9
-39,-45,9
-39,-44,-1
-39,-43,-10
-44,-36,-22
-41,-39,-7
-34,-47,6
-35,-50,8
-17,-56,22
-13,-58,25
-10,-56,21
-27,-60,13
-57,-59,-5
-7,-67,16
-2,-76,36
-35,-75,13
-19,-77,27
-7,-71,34
-3,-73,35
4,-80,52
0,-80,63
-31,-76,59
-55,-65,40
-101,-41,23
-90,-29,15
-81,-21,10
-63,-13,13
-58,-9,10
-39,8,0
-38,13,1
-28,18,12
-28,18,11
-29,9,18
-33,4,23
-34,-1,30
-39,-3,29
-52,-15,42
-52,1,39
-50,10,39
-51,14,44
-53,15,42
-51,15,52
-64,17,61
-73,23,47
-48,23,49
-31,25,46
-32,22,47
-22,18,53
-16,19,52
-6,18,52
5,-3,51
2,-13,56
-13,-17,55
-13,-18,53
-9,-13,43
4,-15,49
1,-12,59
1,-13,62
-4,-13,74
4,-13,82
1,4,70
3,1,81
2,7,74
-14,19,50
-8,17,50
0,13,47
0,9,44
3,4,41
4,5,40
4,4,50
3,7,53
-12,10,57
-20,10,61
-15,12,64
-19,6,67
-15,4,66
-13,-2,53
-1,-5,52
-16,-6,31
-26,-6,26
-51,1,11
-58,4,5
-83,5,-10
-87,2,-2
-85,-6,2
-95,-9,-2
-99,-8,0
-85,-11,-2
-88,-8,-12
-74,-15,5
-72,-20,9
-75,-18,-14
-73,-16,-11
-58,-13,-19
-58,-16,-20
-57,-27,-5
-51,-26,-5
-51,-20,-10
-44,-14,11
-55,-18,14
-85,-16,7
-72,-14,13
-63,-11,18
-41,-12,17
-39,-23,-16
-60,-22,-36
-86,-41,-41
-75,-39,-20
-69,-46,-10
-69,-46,-15
-67,-38,-18
-69,-31,-18
-50,-26,-12
-46,-31,-13
-46,-36,-7
-43,-45,2
-41,-46,8
-50,-39,-4
-55,-35,-16
-60,-28,-30
-59,-25,-27
-48,-26,-13
-50,-26,-11
-60,-22,-22
-64,-24,-5
-68,-25,-6
-58,-26,-25
-51,-28,-42
-56,-29,-33
-58,-31,-20
-64,-32,-6
-62,-29,1
-46,-26,1
-51,-23,-10
-72,-27,-43
-70,-31,-36
-65,-30,-13
-67,-39,8
-56,-41,20
-42,-43,30
-37,-42,26
-31,-28,20
-29,-24,15
-34,-17,2
-34,-14,-3
-40,-16,-22
-58,-20,-34
-59,-21,-24
-58,-22,-25
-51,-38,-30
-26,-63,5
-15,-76,18
-49,-89,3
-59,-85,-3
-54,-77,12
-42,-58,22
-35,-55,10
-41,-52,7
-49,-44,0
-55,-44,-7
-40,-51,-5
-44,-56,-2
-38,-52,-6
-31,-54,-23
-46,-51,-23
-16,-52,-13
-29,-50,-25
-24,-45,-25
-23,-46,-22
-29,-44,-27
-29,-46,-30
-36,-51,-20
-41,-52,-18
-43,-54,-15
-28,-49,7
-19,-44,15
0,-54,10
-3,-66,3
-42,-80,-6
-49,-85,-13
-25,-80,9
-23,-83,1
-15,-77,-2
-20,-73,-9
-10,-65,-20
-14,-61,-22
-19,-58,-29
-8,-46,-26
-12,-51,-23
-25,-45,-40
-21,-46,-42
-20,-46,-31
-22,-49,-29
-18,-49,-35
-14,-46,-34
7,-56,-19
-3,-64,-18
-38,-61,-34
-35,-58,-32
-11,-57,-25
10,-58,-14
7,-62,-13
-5,-63,-20
-20,-63,-27
-30,-49,-42
-21,-42,-41
56,-37,-11
55,-42,1
-32,-79,-7
-69,-84,-21
-31,-72,-5
-4,-79,11
37,-76,31
19,-82,28
8,-81,21
-15,-79,-10
-29,-72,-24
-29,-54,-22
-22,-49,-12
-16,-40,-15
-16,-45,-17
-28,-44,-25
-41,-53,-21
-7,-64,-5
4,-59,23
-35,-61,22
-24,-68,2
-26,-71,-9
-41,-69,-2
-11,-72,8
-25,-70,-19
-35,-61,-32
-29,-60,-12
-28,-62,0
-52,-55,14
-20,-54,10
-2,-53,4
-9,-57,20
-20,-63,16
-22,-61,18
-17,-64,25
-32,-57,33
-31,-60,37
-30,-75,14
-32,-83,10
1,-87,38
0,-84,35
-15,-74,21
-23,-73,13
-53,-60,-18
-51,-55,-8
-43,-51,-1
-34,-43,2
-32,-34,-6
-48,-25,-22
-53,-21,-20
-51,-13,-24
-54,-12,-26
-44,-9,-10
-36,-5,-5
-8,-5,21
-13,-8,14
-80,-13,-17
-53,-20,9
-57,-22,16
-82,-8,16
-81,1,3
-74,-21,-12
-77,-36,-2
-59,-65,8
-54,-64,3
-72,-43,-18
-67,-46,-22
-69,-18,-30
-67,-14,-45
-60,-24,-33
-39,-37,10
-44,-48,25
-33,-38,36
-61,-30,14
-68,-29,2
-50,-35,5
-44,-26,8
-55,-33,-3
-63,-27,-1
-59,-29,-5
-59,-37,0
-53,-30,4
-54,-29,-7
-47,-33,-5
-46,-35,2
-51,-35,-6
-49,-34,-8
-56,-26,-16
-71,-31,-10
-78,-33,-3
-67,-21,11
-65,-21,13
-68,-24,8
-67,-24,4
-39,-23,4
-41,-22,-8
-48,-26,-31
-50,-23,-38
-59,-29,-32
-55,-30,-22
-54,-42,-13
-56,-41,-9
-54,-42,-16
-55,-42,-27
-38,-36,-22
-43,-37,-24
-43,-33,-26
-55,-23,-25
-63,-23,-30
-64,-21,-23
-64,-24,-15
-68,-29,-11
-60,-30,-11
-55,-27,-15
-62,-29,-20
-65,-35,-23
-60,-33,-26
-64,-27,-25
-83,-31,-27
-85,-32,-27
-85,-33,-12
-77,-30,-3
-35,-28,5
-24,-20,13
-14,-7,34
-21,-6,36
-26,0,25
-28,3,21
-28,-1,16
-28,-2,13
-45,-19,-14
-38,-25,-3
-25,-39,-1
-49,-51,-15
-36,-66,-7
-50,-84,-11
-79,-77,-37
-67,-78,-14
-70,-60,-40
15,-80,4
20,-90,17
21,-87,22
14,-92,23
-8,-74,11
-27,-62,-2
-36,-58,-8
-43,-53,-10
-43,-52,-8
-37,-54,-3
-34,-57,1
-27,-62,6
-22,-64,6
-13,-73,4
-14,-69,4
-15,-67,0
-11,-65,-1
12,-67,16
18,-69,22
26,-62,34
7,-68,9
-6,-74,2
-31,-69,-21
-34,-64,-21
-33,-58,-17
-43,-59,-20
-29,-50,-14
-28,-46,-14
-32,-52,-8
-27,-51,-6
-32,-50,-13
-37,-56,-17
-36,-57,-16
-37,-57,-18
-36,-58,-18
-33,-57,-15
-34,-57,-17
-31,-52,-21
-30,-52,-23
-35,-47,-27
-31,-48,-28
-33,-47,-32
-36,-43,-39
-37,-43,-40
-24,-47,-34
-26,-48,-31
-24,-49,-29
-18,-49,-37
-37,-57,-33
-33,-57,-27
-14,-57,-17
-17,-60,-20
-33,-53,-28
-34,-53,-29
-39,-57,-28
-34,-50,-19
-36,-45,-21
-33,-41,-26
-34,-36,-28
-29,-37,-25
-28,-41,-25
-27,-42,-32
-24,-47,-29
-22,-52,-22
-20,-58,-21
-31,-59,-23
-36,-59,-24
-27,-60,-17
-34,-61,-13
-33,-61,-16
-35,-59,-17
-24,-59,-11
-20,-62,-9
-15,-60,-11
-25,-61,-14
-24,-62,-22
-14,-57,-30
-9,-60,-29
-15,-59,-32
-24,-56,-33
-28,-48,-36
-23,-54,-21
-25,-54,-24
-31,-56,-24
-30,-57,-26
-28,-59,-15
-31,-57,-17
-32,-52,-28
-25,-58,-21
-43,-49,-24
-36,-45,-21
-46,-44,-39
-25,-47,-29
-10,-51,-19
-21,-54,-27
-22,-54,-32
-21,-49,-31
-24,-49,-24
-18,-56,-23
-19,-54,-30
-28,-52,-43
-28,-46,-45
-24,-47,-39
-22,-47,-38
-28,-46,-35
-31,-56,-18
-26,-56,-19
-40,-56,-28
-37,-49,-33
-28,-45,-37
-29,-46,-32
-33,-47,-21
-35,-49,-14
-30,-47,-20
-30,-50,-19
-35,-50,-24
-38,-52,-27
-26,-57,-25
-26,-60,-18
-28,-62,-18
-18,-66,-8
-25,-65,-17
-29,-58,-30
-30,-52,-32
-26,-54,-19
-26,-54,-16
-37,-55,-23
-35,-56,-15
-27,-57,-2
-21,-62,14
-20,-59,-7
-19,-63,13
-19,-64,2
-33,-64,-13
-43,-63,-16
-39,-64,5
-42,-65,1
-64,-55,4
-58,-49,13
-48,-86,-17
-52,-62,12
-12,-39,30
-1,-38,34
14,-46,36
-49,-67,-11
-46,-67,-9
-42,-55,-33
-31,-49,-29
-24,-54,-22
-29,-53,-14
-34,-55,-7
-37,-54,-8
-45,-56,-19
-41,-54,-23
-49,-48,-12
-13,-52,1
-10,-55,14
-9,-56,23
-4,-52,34
-10,-57,57
-5,-62,46
-22,-59,17
-28,-61,5
-31,-66,-1
-32,-66,4
-6,-58,35
-3,-60,43
-28,-64,35
1,-53,27
-1,-59,30
-19,-67,31
-31,-75,16
-21,-64,9
-34,-57,2
31,-56,21
37,-50,8
-7,-55,2
-9,-62,0
-9,-63,4
-20,-62,0
-45,-56,-19
-24,-58,5
-33,-60,5
-42,-52,-9
-36,-56,1
-34,-61,7
-38,-58,-3
-36,-53,-6
-35,-53,-6
-40,-52,-8
-40,-52,-7
-30,-56,-3
-28,-53,-10
-34,-55,-12
-24,-60,-14
-23,-59,-15
-10,-63,-9
-12,-69,-8
-15,-61,4
-15,-60,-4
-22,-62,-9
-28,-63,-15
-30,-55,-20
-25,-56,-19
-33,-53,-26
-35,-52,-28
-32,-51,-28
-35,-48,-30
-31,-50,-26
-31,-53,-30
-32,-51,-29
-34,-50,-23
-27,-50,-19
-24,-54,-11
-21,-54,-3
-23,-51,-9
-28,-53,-13
-35,-54,-15
-41,-57,-19
-40,-59,-20
-45,-60,-16
-47,-58,-14
-36,-53,-15
-38,-51,-21
-40,-47,-25
-38,-48,-23
-35,-50,-18
-35,-48,-19
-47,-44,-25
-42,-44,-25
-41,-40,-30
-38,-35,-37
-36,-33,-41
-48,-40,-44
-37,-39,-31
-23,-44,-24
-27,-43,-29
-31,-48,-29
-35,-50,-24
-38,-46,-27
-39,-45,-29
-43,-45,-32
-45,-44,-33
-40,-42,-33
-35,-45,-32
-33,-45,-33
-37,-49,-33
-35,-48,-31
-34,-46,-30
-37,-45,-31
-40,-44,-36
-41,-44,-37
-40,-44,-34
-38,-43,-35
-33,-45,-29
-35,-46,-25
-39,-42,-24
-43,-39,-28
-44,-39,-31
-40,-38,-31
-36,-37,-30
-25,-36,-29
-27,-38,-30
-25,-40,-31
-31,-37,-37
-32,-45,-31
-39,-46,-34
-40,-45,-38
-39,-46,-41
-38,-45,-41
-35,-46,-40
-34,-45,-38
-31,-42,-36
-34,-43,-36
-32,-44,-37
-31,-43,-36
-34,-38,-44
-36,-40,-47
-32,-39,-41
-36,-40,-40
-45,-38,-41
-34,-36,-35
-36,-34,-32
-36,-32,-23
-36,-32,-21
-41,-32,-25
-43,-32,-27
-41,-41,-20
-47,-41,-24
-47,-42,-29
-46,-42,-30
-45,-40,-27
-46,-39,-28
-45,-38,-28
-44,-37,-26
-45,-37,-26
-47,-38,-28
-45,-39,-27
-44,-39,-27
-45,-39,-27
-44,-38,-27
-44,-38,-27
-45,-38,-28
-44,-38,-28
-45,-38,-26
-47,-38,-26
-45,-39,-27
-43,-38,-26
-45,-38,-27
-45,-38,-27
-46,-38,-27
-44,-38,-27
-44,-38,-27
-45,-38,-27
-46,-39,-27
-45,-38,-27
-45,-38,-26
-46,-38,-27
-44,-39,-26
-44,-38,-26
-46,-38,-27
-45,-39,-27
-44,-38,-27
-44,-38,-26
-46,-38,-27
-45,-38,-26
-45,-38,-27
-45,-38,-26
-45,-38,-26
-46,-38,-27
-46,-38,-27
-44,-38,-26
-45,-38,-27
-45,-38,-27
-45,-38,-27
-45,-38,-27
-45,-38,-27
-46,-38,-27
-45,-38,-26
-46,-38,-27
-46,-38,-27
-46,-38,-28
-55,-40,-33
-52,-38,-26
-44,-38,-22
-48,-39,-22
-52,-38,-17
-52,-38,-15
-51,-39,-10
-48,-38,-8
-43,-38,-2
-44,-38,3
-39,-37,11
-39,-39,10
-49,-43,12
-41,-44,21
-40,-46,22
-41,-48,21
-40,-46,24
-40,-46,26
-43,-46,28
-38,-45,27
-35,-45,28
-33,-52,31
-30,-51,30
-29,-52,30
-31,-56,23
-31,-59,24
-28,-57,25
-16,-55,30
-36,-61,29
-41,-65,26
-4,-47,34
-5,-49,39
-17,-45,16
-42,-58,-17
-52,-54,16
-46,-52,17
-31,-46,18
-27,-48,18
-33,-55,13
-40,-59,2
-46,-60,4
-16,-50,26
-9,-52,3
-53,-50,-15
-37,-49,-4
-48,-45,-23
-49,-40,-29
-36,-43,-24
-35,-41,-29
-40,-43,-34
-40,-44,-28
-35,-44,-29
-34,-48,-14
-34,-45,-16
-35,-37,-33
-31,-36,-43
-40,-43,-50
-52,-46,-22
-38,-39,-36
-41,-41,-51
-37,-42,-48
-50,-46,-34
-41,-43,-43
-38,-41,-37
-36,-41,-44
-37,-40,-40
-35,-37,-41
-40,-40,-43
-41,-37,-46
-46,-34,-44
-53,-34,-47
-40,-34,-38
-39,-28,-31
-38,-34,-19
-35,-37,-17
-40,-32,-5
-34,-32,-1
-35,-32,6
-44,-36,15
-45,-39,19
-50,-49,21
-46,-49,24
-40,-56,28
-43,-60,23
-35,-54,27
-34,-52,26
-40,-55,18
-32,-58,16
-15,-59,29
-12,-62,26
0,-53,23
-26,-58,10
-42,-62,5
-50,-55,-19
-53,-52,-12
-30,-44,-16
-48,-37,-26
-61,-35,-28
-48,-32,-28
-52,-37,-20
-58,-40,-19
-43,-35,-14
-58,-32,-24
-62,-31,-30
-47,-33,-23
-44,-32,-20
-47,-30,-34
-36,-34,-34
-51,-31,-35
-51,-29,-40
-34,-35,-23
-35,-37,-23
-35,-36,-24
-34,-36,-24
-31,-35,-25
-37,-39,-34
-37,-45,-33
-33,-52,-26
-42,-52,-30
-53,-44,-39
-51,-43,-39
-43,-48,-38
-37,-46,-32
-33,-49,-30
-36,-50,-18
6,-60,3
-23,-61,-17
-39,-58,-31
-51,-54,-30
-43,-53,-23
-41,-52,-16
-31,-51,-11
-37,-48,-14
-37,-40,-23
-22,-38,-22
-28,-41,-25
-65,-34,-52
-56,-30,-51
-39,-33,-48
-30,-47,-29
-23,-49,-22
-39,-46,-26
-43,-47,-34
-21,-44,-18
-36,-49,-20
-52,-49,-29
-52,-47,-29
-50,-43,-24
-52,-39,-31
-24,-54,-6
-20,-50,-2
-22,-47,-6
-33,-52,-29
-44,-52,-27
-35,-45,-29
-41,-41,-35
-48,-42,-37
-49,-46,-32
-55,-47,-28
-50,-47,-27
-27,-47,-14
-30,-47,-20
-36,-44,-29
-38,-41,-35
-38,-39,-39
-38,-38,-34
-28,-41,-11
-59,-47,-21
-71,-45,-19
-63,-47,-24
-55,-38,-17
-40,-42,-11
-54,-47,-16
-9,-38,8
2,-42,25
-17,-47,30
-3,-43,37
-12,-45,45
-16,-59,43
-16,-67,44
-9,-58,46
-7,-57,47
-15,-56,42
-30,-57,36
-24,-52,36
-15,-46,31
-11,-35,2
-28,-38,-14
-62,-51,-20
-55,-48,-7
-35,-44,-5
-36,-47,-16
-38,-49,-17
-45,-51,-23
-50,-48,-27
-56,-50,-28
-41,-49,-18
-41,-45,-22
-31,-43,-20
-45,-41,-26
-43,-44,-26
-46,-39,-33
-48,-35,-39
-57,-38,-39
-35,-37,-29
-36,-36,-28
-34,-37,-35
-39,-35,-41
-41,-37,-40
-36,-37,-32
-35,-39,-31
-38,-41,-33
-31,-39,-33
-35,-40,-36
-34,-42,-36
-42,-41,-40
-38,-42,-39
-27,-41,-36
-32,-39,-40
-34,-36,-42
-33,-33,-46
-32,-32,-52
-31,-34,-48
-34,-42,-44
-37,-43,-47
-33,-39,-45
-31,-38,-40
-25,-38,-41
-35,-39,-38
-31,-45,-31
-31,-36,-43
-38,-34,-45
-35,-32,-50
-39,-31,-54
-34,-26,-53
-34,-30,-39
-43,-30,-46
-47,-33,-53
-31,-32,-40
-36,-29,-41
-51,-36,-53
-44,-36,-37
-46,-35,-33
-39,-32,-33
-30,-30,-33
-38,-24,-37
-34,-26,-33
-34,-23,-30
-34,-21,-32
-36,-22,-36
-33,-24,-38
-47,-27,-49
-48,-23,-50
-41,-23,-44
-44,-22,-47
-48,-25,-46
-57,-28,-50
-62,-30,-51
-65,-32,-43
-61,-31,-41
-46,-26,-24
-55,-26,-23
-60,-24,-21
-37,-21,-10
-35,-20,14
-16,-18,37
-27,-22,38
-37,-24,44
-32,-23,48
-34,-30,49
-34,-36,47
-30,-36,51
-27,-35,48
-19,-36,51
-19,-38,56
-24,-38,55
-21,-37,51
-2,-36,51
-11,-45,49
-8,-45,51
-20,-50,54
-17,-49,54
-6,-48,53
-6,-52,54
21,-40,54
42,-20,55
56,-44,24
12,-73,-41
-63,-64,-17
-46,-50,-3
-60,-40,-26
-44,-39,-15
-36,-44,0
-47,-53,-13
-48,-53,-8
-55,-51,-2
-64,-52,-8
-58,-52,-8
-56,-54,-3
-35,-53,17
-34,-54,13
-27,-51,27
-19,-55,20
-26,-60,8
-34,-52,16
-34,-53,7
-29,-46,18
-58,-47,-12
-6,-55,-8
11,-57,8
35,-65,16
53,-66,36
27,-77,40
-2,-87,45
-1,-89,42
-25,-76,28
-53,-73,14
-70,-66,20
-71,-55,25
-73,-41,33
-72,-33,32
-85,-16,5
-84,-12,4
-70,-8,-1
-63,-4,-10
-48,6,-7
-37,9,0
-25,14,7
-21,10,20
-28,7,25
-29,6,41
-41,-2,42
-35,9,44
-42,14,37
-47,10,43
-49,7,46
-31,8,51
-35,6,50
-51,16,49
-45,13,49
-50,20,47
-36,7,50
-21,0,54
2,2,63
-20,7,50
2,-3,59
13,-2,67
4,6,66
-6,17,55
4,26,57
-6,20,52
-4,21,53
-2,22,61
-1,20,48
6,31,29
1,33,31
4,21,47
4,21,58
-17,9,84
-19,-3,82
-25,2,74
-29,9,66
-24,4,55
-15,10,67
-13,4,57
-13,-6,68
-16,-7,67
-21,-10,50
-23,-9,52
-17,-8,53
-15,-7,44
-15,-7,31
-17,-4,24
-25,3,4
-35,4,-1
-45,0,-6
-87,-4,-24
-88,-9,-15
-102,-9,-22
-107,-10,-23
-100,-28,7
-100,-31,19
-65,-23,7
-69,-25,13
-74,-28,5
-81,-34,-5
-83,-36,13
-73,-35,18
-19,-30,41
-45,-32,3
-83,-32,-30
-45,-25,1
-35,-25,-2
-33,-16,-4
-26,-16,-9
-69,-19,-30
-72,-20,-13
-48,-32,3
-43,-33,-4
-42,-24,-3
-72,-35,-28
-76,-46,-37
-73,-53,-14
-62,-53,-3
-51,-41,10
-50,-40,8
-48,-34,1
-48,-30,8
-43,-28,14
-53,-31,8
-64,-32,3
-47,-34,5
-57,-41,-5
-35,-35,8
-14,-48,5
-36,-55,6
-35,-56,12
-43,-59,16
-44,-61,17
-43,-52,16
-42,-49,16
-40,-56,2
-38,-55,1
-31,-56,-3
-35,-58,-7
-57,-48,-18
-59,-43,-20
-60,-33,-20
-40,-42,-7
-27,-51,12
-62,-53,8
-39,-50,10
-6,-41,18
-8,-39,20
9,-49,29
-4,-59,20
0,-81,28
-8,-81,38
-25,-79,33
-78,-81,8
-63,-78,21
-43,-62,33
-35,-59,35
-47,-45,29
-42,-37,30
-46,-19,31
-39,-10,34
-45,0,27
-51,0,24
-60,1,18
-47,3,24
-38,3,33
-47,-5,28
-43,-8,27
-54,-8,36
-45,-12,46
-29,-9,42
-20,-11,48
-15,-25,55
-7,-25,57
-11,-29,59
-16,-30,60
-6,-25,56
-4,-23,55
-15,-15,57
-5,-15,63
-19,-16,62
-60,-11,45
-56,-3,45
-75,1,15
-82,5,13
-89,8,-6
-82,9,-9
-62,14,-4
-61,17,-7
-67,21,-12
-60,21,-10
-63,19,-8
-67,22,-1
-64,26,0
-59,32,1
-57,34,1
-46,37,4
-41,37,2
-33,42,3
-35,46,4
-27,43,-1
-34,42,-3
-39,45,-5
-39,48,-14
-41,48,-18
-44,45,-21
-40,43,-22
-45,39,-30
-48,37,-31
-41,34,-25
-41,33,-26
-47,30,-30
-46,29,-32
-41,27,-31
-43,27,-35
-45,26,-42
-44,25,-42
-45,24,-42
-48,24,-43
-48,25,-40
-51,25,-38
-48,24,-37
-44,23,-31
-47,23,-32
-46,22,-33
-50,21,-33
-49,19,-38
-50,19,-37
-50,24,-36
-49,26,-42
-47,25,-42
-52,21,-44
-49,19,-44
-42,19,-47
-39,18,-43
-41,16,-39
-43,15,-42
-42,18,-44
-40,20,-41
-39,24,-44
-40,26,-46
-39,27,-49
-35,28,-48
-37,28,-48
-40,23,-45
-43,21,-45
-45,17,-46
-47,16,-41
-53,14,-37
-56,14,-33
-61,10,-26
-57,10,-16
-53,11,-8
-56,11,-3
-67,10,-8
-70,6,-13
-71,6,-11
-65,4,-7
-65,3,-6
-62,1,-3
-59,1,-4
-66,0,-15
-71,0,-22
-74,1,-16
-69,2,-9
-70,0,-3
-54,-4,7
-57,-5,8
-77,-5,-4
-75,-4,-6
-68,0,-6
-67,1,-8
-70,1,-3
-67,3,7
-57,4,19
-57,5,20
-55,6,21
-53,8,25
-54,10,24
-52,13,32
-50,14,33
-51,21,41
-64,23,32
-50,26,36
-51,26,36
-63,21,31
-55,19,34
-48,15,37
-49,11,38
-43,5,26
-42,2,26
-42,2,16
-76,13,-23
-74,14,-29
-51,20,-36
-54,21,-40
-52,18,-41
-47,18,-42
-43,19,-44
-43,22,-43
-43,25,-42
-43,24,-40
-46,23,-39
-44,20,-42
-44,19,-46
-45,19,-47
-46,20,-47
-47,23,-46
-47,23,-46
-48,22,-44
-49,20,-42
-48,18,-38
-50,17,-38
-47,16,-39
-47,14,-38
-51,14,-36
-53,14,-39
-58,14,-40
-72,16,-41
-68,15,-37
-57,15,-18
-55,13,-7
-60,11,0
-61,12,0
-59,9,1
-53,11,4
-59,12,4
-65,12,5
-59,9,9
-66,12,13
-68,12,15
-62,12,15
-61,14,10
-63,23,1
-58,24,0
-52,27,1
-51,25,3
-57,23,5
-61,21,2
-60,22,-1
-60,23,-3
-65,23,-12
-61,22,-14
-59,22,-13
-56,22,-10
-58,23,-10
-57,22,-14
-54,21,-15
-58,20,-19
-58,19,-24
-51,20,-26
-52,22,-29
-66,27,-49
-59,29,-52
-48,26,-41
-44,24,-35
-46,20,-33
-60,22,-33
-64,22,-36
-53,25,-38
-54,26,-37
-57,23,-30
-57,22,-25
-49,22,-13
-49,20,-13
-49,18,-13
-59,17,-24
-65,16,-31
-61,11,-26
-53,9,-19
-60,5,-21
-58,6,-20
-52,8,-19
-53,10,-21
-56,16,-25
-53,17,-28
-56,23,-33
-50,24,-30
-51,29,-31
-50,30,-35
-48,31,-36
-52,32,-35
-50,32,-35
-42,33,-34
-38,33,-37
-34,34,-34
-36,30,-25
-36,34,-39
-35,35,-43
-36,34,-42
-35,34,-31
-42,33,-41
-41,33,-48
-37,31,-47
-31,29,-40
-33,29,-35
-36,29,-42
-34,28,-42
-32,27,-41
-31,27,-42
-36,27,-47
-34,26,-48
-27,24,-50
-29,22,-50
-38,22,-54
-38,22,-57
-37,23,-56
-40,22,-53
-40,22,-51
-41,21,-50
-38,20,-49
-35,19,-48
-37,20,-49
-37,18,-49
-36,19,-49
-36,17,-51
-34,16,-50
-33,14,-48
-35,12,-49
-37,12,-49
-40,11,-49
-40,11,-50
-42,11,-53
-42,11,-52
-40,11,-50
-40,11,-49
-39,11,-50
-38,11,-51
-37,12,-50
-37,12,-50
-37,11,-50
-39,10,-50
-39,10,-51
-40,9,-49
-39,9,-47
-43,9,-48
-43,8,-48
-43,9,-49
-44,9,-47
-47,10,-43
-46,9,-39
-50,12,-38
-51,13,-41
-54,12,-38
-50,17,-38
-59,19,-42
-72,24,-46
-73,23,-39
-44,18,-15
-39,19,3
-53,9,18
-55,8,18
-64,7,31
-69,13,32
-54,10,27
-57,1,12
-64,0,10
-58,-1,2
-50,-2,-2
-59,-3,-17
-71,-1,-26
-74,6,-28
-67,7,-24
-73,12,-19
-78,12,-13
-75,15,-3
-64,17,17
-63,16,20
-57,19,27
-51,20,32
-48,22,30
-47,23,31
-47,30,32
-43,30,30
-52,28,14
-64,29,6
-63,29,7
-60,28,8
-62,30,5
-66,31,4
-63,32,7
-53,32,8
-51,32,6
-56,32,3
-57,32,3
-51,32,4
-46,30,7
-51,29,8
-52,29,10
-49,26,11
-46,26,15
-53,25,18
-55,22,17
-56,20,17
-57,22,23
-54,22,27
-55,20,24
-53,20,21
-56,22,14
-59,23,10
-58,22,5
-59,22,4
-65,21,-8
-67,22,-13
-64,22,-10
-60,23,-12
-62,24,-13
-64,22,-12
-63,21,-9
-61,20,-6
-62,20,-5
-65,20,-7
-64,20,-6
-66,21,-3
-67,21,-3
-66,20,-4
-65,20,-3
-60,21,-1
-61,22,-2
-62,22,-5
-57,23,-5
-55,23,-5
-59,23,-8
-61,21,-10
-63,21,-11
-61,23,-10
-59,24,-9
-60,23,-8
-62,20,-8
-65,17,-10
-64,15,-10
-66,12,-7
-65,11,-4
-64,11,-1
-65,12,-1
-64,11,-1
-66,14,0
-59,18,4
-56,20,7
-51,21,11
-56,22,9
-63,20,6
-64,19,5
-64,18,4
-60,19,6
-60,19,5
-59,20,0
-61,20,-2
-61,21,-3
-64,20,-4
-61,18,-2
-61,16,-1
-63,15,2
-63,14,4
-60,12,5
-62,12,1
-63,13,-2
-62,13,-9
-64,12,-11
-62,15,-15
-59,17,-16
-62,21,-20
-66,21,-24
-68,24,-29
-70,27,-23
-75,24,-31
-53,28,-17
-62,25,-5
-81,24,-6
-76,22,-4
-48,18,2
-41,16,14
-55,29,37
-65,28,38
-68,35,20
-72,37,12
-58,32,23
-43,29,31
-41,28,37
-37,28,37
-31,24,40
-32,17,45
-32,15,43
-18,15,47
-14,16,48
-17,15,53
-19,16,54
-30,16,44
-28,21,39
-27,31,42
-28,34,42
-30,34,37
-32,31,39
-32,28,43
-28,26,49
-31,23,51
-47,25,57
-42,26,60
-28,26,59
-31,28,56
-36,30,50
-42,29,48
-53,25,39
-54,20,39
-59,20,39
-53,18,35
-50,17,36
-57,18,37
-59,18,34
-60,19,35
-67,21,36
-79,21,38
-80,20,39
-76,23,40
-72,21,44
-60,22,49
-53,24,50
-47,27,47
-37,23,53
-30,21,58
-28,20,57
-27,19,51
-17,19,42
-10,18,39
-5,17,31
-2,15,26
10,17,27
18,20,31
22,20,28
24,19,29
40,23,39
50,22,44
51,25,44
45,28,34
44,31,32
47,30,38
49,29,45
38,26,42
29,28,41
31,33,41
33,34,45
27,31,52
20,35,53
18,35,56
18,34,53
18,32,50
24,28,44
32,25,41
48,22,36
53,22,36
46,25,41
38,25,41
26,30,47
23,32,48
24,35,51
30,35,53
29,35,53
21,32,51
20,32,52
30,28,46
37,28,42
39,25,32
42,24,33
45,22,43
36,23,43
26,28,46
24,31,48
28,34,52
35,35,48
37,34,46
38,31,37
35,27,31
41,24,29
46,24,33
41,24,43
37,24,46
37,28,48
37,30,45
39,33,46
29,33,45
26,31,45
28,30,49
33,28,49
27,28,48
26,25,46
27,26,42
27,29,43
32,29,45
32,27,44
32,27,46
33,28,48
25,27,45
29,25,49
28,23,51
25,23,52
28,22,48
30,23,42
33,23,45
39,21,52
40,20,53
34,21,49
35,20,47
36,20,51
34,19,51
34,19,48
34,18,49
36,15,51
39,19,54
41,15,53
28,14,46
31,15,49
33,15,47
37,12,46
31,8,45
27,8,46
52,10,55
61,8,55
40,10,47
33,9,46
37,7,47
43,5,49
42,5,48
43,6,43
43,4,45
41,5,46
43,5,46
42,5,43
42,4,43
43,4,44
44,4,44
52,4,44
53,6,46
50,6,45
46,6,43
51,4,43
50,7,42
47,9,40
42,9,38
48,6,38
49,9,37
47,9,36
42,11,37
48,6,35
51,3,30
53,3,28
55,3,28
66,-4,26
60,-3,26
54,-1,25
57,-1,24
56,-1,22
53,1,20
63,1,22
66,0,21
62,1,16
61,1,16
59,1,16
64,0,12
66,-2,10
61,-6,5
58,-5,6
62,-4,9
63,-3,7
60,-5,6
58,-7,7
62,-5,14
69,-2,17
70,-2,17
53,-4,16
57,-1,15
65,-3,20
59,-3,22
55,-7,17
59,-7,19
60,-8,22
57,-9,19
49,-5,12
63,-4,17
62,-2,14
57,-1,12
61,-3,15
67,3,17
62,2,16
50,-3,13
55,-3,14
64,1,12
64,0,11
60,1,12
64,2,11
67,0,5
63,0,5
60,-1,7
55,-3,5
60,-1,14
57,3,8
59,-1,4
65,1,5
64,2,5
69,0,6
67,1,7
72,5,7
81,7,13
82,-2,16
57,-9,6
47,-2,39
60,-1,38
33,-8,12
35,-4,37
41,-4,37
34,-2,25
45,1,29
49,3,25
55,3,23
64,2,27
58,3,28
67,3,19
75,4,19
66,6,11
61,3,4
65,3,9
62,1,3
62,0,0
59,0,2
57,0,3
70,2,2
73,1,1
55,-2,-11
65,0,2
67,2,0
64,1,-1
60,-1,-4
52,-2,-1
50,1,5
71,-1,-2
59,-4,-12
60,-4,-18
70,0,-9
69,-5,-14
63,-3,-10
62,-3,-4
63,-1,-3
84,1,5
83,3,6
37,-4,-18
64,-1,14
71,-2,24
54,-1,24
46,-2,18
54,-4,18
52,-3,22
48,-4,31
49,-6,33
53,-10,33
61,-9,33
51,-10,28
49,-13,27
63,-13,33
58,-13,32
54,-12,30
54,-12,27
57,-11,29
56,-10,31
54,-10,29
51,-12,29
53,-11,34
53,-13,33
52,-13,32
52,-10,28
55,-11,31
55,-7,34
50,-10,30
53,-11,31
56,-13,32
53,-14,32
50,-15,25
50,-15,25
54,-15,30
54,-15,28
49,-13,26
49,-8,29
51,-3,36
57,-3,23
61,-3,21
63,0,20
65,-1,20
64,-2,20
62,-2,20
59,-2,19
59,-3,19
62,-6,19
62,-4,20
60,-4,16
61,-4,16
62,-8,17
57,-7,16
58,-5,19
59,-4,20
60,-6,19
60,-5,23
62,-5,25
58,-7,23
55,-6,26
56,-3,24
55,-5,22
52,-4,26
59,-1,30
59,-2,27
57,1,31
57,3,33
55,2,32
49,1,31
50,5,37
53,7,38
53,7,31
48,9,28
45,10,33
49,10,35
48,6,36
48,6,34
52,4,31
65,-2,32
73,4,32
66,13,33
58,12,30
46,7,26
40,5,26
45,0,31
50,-1,30
62,0,29
63,2,29
58,2,31
56,3,29
57,3,29
57,2,27
58,2,27
58,2,25
59,1,25
60,0,25
59,1,25
57,-1,25
57,-2,24
57,-2,25
56,-3,25
52,-6,26
54,-5,29
55,-5,29
57,-2,29
57,-2,29
57,-1,27
57,-1,26
56,-1,25
56,-1,24
57,-2,25
57,-2,27
57,-1,29
54,-2,29
57,-2,31
56,-3,30
54,-4,28
60,-3,27
60,-2,25
61,-3,20
58,-3,21
55,-1,20
54,0,18
63,1,20
63,0,20
54,2,20
62,-2,19
59,-3,22
55,0,26
55,0,23
61,1,25
65,1,24
63,1,18
62,3,18
58,4,17
58,5,19
53,1,10
56,2,11
63,3,12
68,1,13
65,2,15
59,-3,13
53,-2,14
63,0,20
62,0,20
54,-3,15
50,-1,15
61,-1,17
64,-1,18
57,-3,16
57,-4,20
62,-6,24
61,-6,24
60,-6,22
55,-5,18
57,-8,16
65,-9,18
64,-6,20
59,-8,16
55,-9,13
61,-7,17
62,-8,17
61,-9,16
58,-9,17
60,-8,14
62,-7,16
61,-7,13
58,-3,11
56,-3,7
58,-6,6
64,-7,7
64,-8,2
66,-11,-5
67,-10,-6
63,-11,-7
59,-10,-9
59,-7,-7
59,-4,-9
61,0,-7
60,0,-6
68,-4,-5
70,-5,-7
62,0,-7
64,-2,-6
65,-3,-9
65,-2,-10
57,-3,-9
58,1,-6
62,2,-7
70,8,0
60,9,-4
56,5,-8
59,3,-6
63,9,-1
70,10,2
69,5,0
59,2,-10
59,7,5
58,7,4
60,6,3
61,5,2
60,1,-1
61,3,5
62,3,3
61,13,-2
62,16,-5
61,23,-2
56,25,-1
47,37,3
37,41,9
45,42,31
46,42,30
-12,45,18
-47,45,37
-51,39,36
-74,30,42
-62,29,53
-58,22,55
-58,17,53
-40,20,55
-43,23,44
-47,26,43
-41,29,47
-47,28,40
-52,28,35
-64,24,32
-54,24,39
-39,26,48
-38,35,51
-29,36,42
-48,44,15
-29,48,25
-11,50,47
-12,49,45
-21,49,30
-18,49,26
7,48,43
17,50,48
18,48,50
13,39,58
6,39,56
16,38,53
19,35,53
19,31,55
15,32,52
14,25,48
26,20,54
36,16,55
24,14,52
24,11,55
32,5,60
30,-1,52
16,-23,59
12,-31,60
18,-33,54
14,-38,51
9,-34,46
3,-33,43
6,-40,52
2,-35,48
3,-23,51
8,-18,60
7,-13,60
9,-6,62
17,-7,63
14,-12,64
14,-13,68
11,-9,70
10,-5,64
7,-5,51
1,-9,43
9,-16,69
7,-18,72
5,-19,67
10,-17,68
9,-16,66
19,-14,53
21,-8,54
8,-11,55
1,-16,51
7,-18,68
6,-19,65
7,-16,55
14,-16,58
21,-21,58
21,-21,56
25,-15,55
17,-12,47
37,-6,53
29,-14,53
18,-20,41
16,-18,52
25,-21,56
15,-25,47
17,-25,43
49,-21,46
57,-19,45
69,-14,41
63,-13,33
42,-15,37
40,-10,36
58,-14,31
60,-11,35
51,-14,27
53,-16,22
58,-12,23
67,-9,24
68,-10,21
58,-11,16
58,-10,16
57,-9,15
52,-9,15
64,-11,21
67,-15,20
62,-13,19
55,-8,24
52,-3,22
60,-5,15
60,-9,15
58,-6,17
57,-8,16
64,-12,21
66,-14,22
53,-14,21
53,-15,23
52,-12,23
51,-15,19
63,-16,23
62,-13,24
56,-11,21
49,-15,16
63,-13,22
76,-10,34
68,-14,28
35,-20,22
35,-16,21
59,-10,31
54,-14,35
51,-16,37
47,-8,36
48,-6,36
55,-6,41
56,-3,52
36,0,52
25,4,50
34,5,53
27,7,56
15,4,46
13,5,48
22,2,60
23,0,57
25,0,60
27,2,56
26,3,53
28,8,57
27,6,64
21,7,69
24,10,64
30,17,62
22,18,59
14,15,58
22,15,60
18,12,61
15,12,62
17,14,62
22,19,57
26,22,54
28,24,56
26,26,57
29,28,57
28,28,55
24,30,53
22,30,53
28,33,46
29,34,42
22,36,43
19,36,46
18,35,42
14,36,44
15,38,44
12,38,41
7,40,42
4,40,44
1,40,44
5,40,48
4,41,45
1,41,44
1,41,47
4,43,47
3,45,47
1,46,46
0,47,44
-1,47,43
0,47,43
-1,47,42
-5,48,40
-5,48,40
-2,47,41
-6,47,40
-9,47,39
-9,46,42
-7,46,45
-13,45,44
-13,45,44
-13,43,47
-11,41,48
-13,40,45
-14,40,44
-18,38,47
-18,37,47
-7,34,53
-14,34,48
-32,28,49
-39,26,53
-14,23,50
-33,25,62
-34,33,50
0,19,76
-19,26,70
-6,20,51
-35,21,38
-22,27,44
19,31,60
-31,35,26
-39,39,31
-29,46,31
-3,41,19
22,43,31
62,42,25
76,41,31
66,35,43
52,30,44
35,21,56
25,26,53
37,25,48
32,22,40
37,24,49
38,26,51
24,29,54
27,32,56
25,31,46
21,32,54
25,33,58
32,29,62
22,29,54
14,35,43
15,36,49
4,28,54
-21,29,41
-14,29,54
-2,28,60
14,25,65
10,27,61
12,29,58
5,37,44
7,37,43
15,36,44
14,36,45
11,33,49
7,33,46
9,31,47
9,31,47
18,29,48
18,28,39
35,36,37
34,32,41
34,32,38
42,34,45
40,30,43
53,28,45
58,28,51
48,29,53
33,30,44
30,28,43
28,29,47
15,24,46
10,26,48
14,24,62
22,30,51
22,28,52
10,29,56
-2,33,53
9,30,58
1,32,55
6,31,56
8,32,60
8,33,57
5,30,57
-4,28,53
-11,26,50
-7,27,47
5,29,47
5,30,50
2,32,60
6,32,63
0,31,49
-4,31,55
-14,29,55
-10,30,58
-11,26,56
-6,27,59
-1,29,64
-9,29,53
-15,28,44
-11,30,56
-6,30,57
-19,27,48
-17,27,54
-7,28,63
-4,25,58
-24,23,54
-21,22,55
-21,20,56
-18,20,58
-26,19,61
-39,18,40
-33,20,50
-16,20,60
-25,20,61
-23,21,58
-23,21,53
-26,20,55
-28,19,57
-36,18,54
-37,17,55
-31,17,63
-37,15,53
-30,15,50
-12,16,56
-18,23,50
-16,22,59
0,18,71
-11,21,51
-5,21,59
-8,23,60
-5,24,56
-9,26,58
-14,26,59
-10,26,56
-11,24,54
-18,21,57
-16,17,62
-4,18,65
-21,22,59
-25,22,57
-15,23,65
-9,25,65
-7,26,60
-14,30,52
6,32,52
15,33,58
-3,35,55
3,34,54
8,35,55
19,31,56
20,30,55
8,26,50
13,23,55
6,22,50
11,24,52
9,30,48
4,34,46
4,32,44
2,40,53
-7,48,37
4,49,38
7,47,38
14,51,36
15,54,36
21,47,32
23,41,32
29,39,36
21,40,21
17,33,10
17,35,8
28,54,-11
40,58,-23
31,59,-29
14,59,-17
9,59,-8
14,63,12
17,66,16
24,70,13
31,72,10
18,77,1
11,80,2
7,88,8
8,89,10
-16,86,-3
-5,78,4
-1,74,7
-9,67,0
-9,63,0
-7,61,-3
-14,60,-5
-10,57,-1
-9,56,-1
-12,56,-3
-9,58,-2
-8,60,-5
-9,61,-6
-11,64,-5
-11,65,-4
-11,66,-2
-16,65,-3
-16,65,-3
-15,62,-5
-12,60,-7
-12,60,-9
-10,59,-9
-11,61,-9
-15,60,-6
-22,58,7
-20,62,8
-14,72,10
-27,72,8
-28,74,7
-32,70,14
-28,68,10
-41,57,8
-49,50,12
-43,41,39
-46,32,50
-52,23,48
-46,19,48
-25,17,59
-22,18,65
-16,21,70
-18,29,55
-20,33,49
-10,42,56
-2,36,53
13,48,47
15,47,36
17,43,34
29,41,33
28,31,30
26,27,38
26,20,41
28,15,34
29,9,43
36,6,42
37,2,40
39,-1,47
29,-2,49
30,-3,53
38,2,59
27,7,53
27,7,50
30,7,59
31,9,61
33,8,53
30,8,50
28,8,56
25,8,59
27,7,57
28,8,51
29,9,54
23,8,60
21,7,61
27,7,56
27,6,56
25,5,55
26,7,55
30,5,54
31,5,55
30,6,54
31,4,54
33,3,55
34,3,49
34,4,48
37,3,51
39,3,50
44,1,50
44,1,46
47,0,42
47,0,40
46,2,42
52,2,45
52,3,45
47,1,41
46,1,39
51,1,36
53,2,37
47,2,39
47,2,40
48,2,37
49,2,39
46,2,38
46,-1,39
48,-2,40
54,-3,40
54,-2,38
52,-2,34
51,-1,33
52,0,36
51,-1,36
53,0,36
51,0,34
51,0,40
51,-2,39
52,0,34
52,-1,35
51,-1,34
53,-1,37
55,-1,35
51,-1,33
53,-1,34
56,-1,34
55,0,34
56,-1,35
51,-2,35
48,-2,30
54,-1,32
55,0,34
53,0,35
52,-1,37
52,-2,36
54,-2,32
52,-4,30
56,-2,30
69,2,28
65,2,23
59,-3,24
57,-4,29
48,-1,36
50,1,38
45,12,36
38,27,31
29,31,32
13,38,29
12,42,32
8,48,37
4,49,34
1,53,42
7,53,46
7,48,48
7,43,49
19,46,57
25,47,54
36,40,46
41,40,40
38,38,32
32,42,31
32,44,32
39,43,36
45,42,34
42,38,26
39,37,24
42,36,25
44,35,24
44,37,22
38,38,19
37,39,22
42,41,31
41,40,28
33,42,24
41,41,28
42,41,29
41,42,29
43,42,30
44,42,32
45,40,29
38,39,27
26,40,35
38,39,33
44,38,29
40,40,26
36,44,28
41,47,28
48,43,26
51,42,27
41,40,25
39,36,26
37,34,25
39,30,26
42,27,28
50,26,29
45,25,20
47,26,28
52,24,39
47,24,35
44,23,29
46,25,29
57,24,31
55,24,30
50,24,20
49,25,21
54,23,28
59,23,31
64,22,26
40,18,30
44,16,31
47,15,37
54,17,44
42,16,34
36,16,31
52,15,41
57,15,40
41,13,36
42,13,39
51,11,36
50,12,35
45,11,33
52,11,36
51,12,35
49,14,38
52,13,35
55,12,32
54,12,31
53,12,33
57,11,30
56,12,30
56,12,29
45,15,34
57,10,26
63,10,23
59,15,24
53,16,24
53,17,21
48,18,20
62,24,26
66,29,32
59,31,29
55,31,31
46,30,27
46,29,23
55,24,20
58,19,20
57,16,18
59,11,15
52,9,13
59,5,27
59,7,30
52,7,21
41,6,18
48,10,28
53,6,26
69,10,30
71,10,28
58,10,23
49,14,27
64,15,34
46,15,35
44,18,39
53,21,44
49,22,42
52,24,49
45,23,46
38,23,39
36,20,37
16,15,43
22,15,48
17,13,42
29,12,51
43,12,52
41,10,47
30,11,44
31,11,45
30,13,49
32,15,48
34,15,43
36,17,48
45,20,56
50,14,61
44,15,57
33,17,50
29,18,54
30,16,56
30,16,54
31,17,50
29,18,49
29,18,52
27,15,58
29,15,55
30,13,48
27,12,53
27,13,58
13,13,55
16,13,59
17,15,64
14,16,62
11,19,64
7,19,64
5,21,62
3,21,63
2,18,56
-4,18,57
-6,17,61
-8,17,59
-1,14,64
2,14,64
0,15,61
3,15,60
7,15,64
6,14,57
2,13,56
11,13,63
13,15,64
5,15,54
5,16,53
17,14,63
12,15,58
12,17,57
12,20,56
13,21,56
14,22,58
13,22,57
13,21,59
12,21,58
13,22,58
13,22,58
14,22,58
15,20,59
15,20,59
17,17,61
15,16,61
9,12,63
7,12,63
13,13,59
14,14,59
13,11,59
12,11,61
11,10,61
12,10,61
12,9,59
11,8,60
11,8,62
14,9,61
13,9,60
12,9,60
13,9,62
14,9,62
14,9,62
14,10,60
13,10,60
13,12,61
15,11,61
15,9,62
14,9,61
11,5,59
11,0,61
11,-3,61
8,-2,62
7,1,60
8,6,59
9,7,62
12,7,64
12,8,64
13,7,60
12,7,56
10,9,58
12,9,61
14,8,61
11,9,61
6,12,58
17,15,65
17,17,66
17,21,63
15,24,61
17,28,57
17,26,55
19,24,54
22,22,56
20,18,54
19,18,55
18,18,54
18,19,55
16,20,55
16,20,56
17,20,57
17,23,57
17,24,56
16,24,53
17,23,53
19,22,57
19,22,57
22,23,52
23,24,45
23,25,41
32,28,44
31,29,43
30,29,45
33,28,48
39,32,47
39,34,44
38,35,46
39,35,51
43,30,58
39,29,57
34,27,45
26,26,46
25,25,46
20,24,46
19,26,46
20,27,49
18,28,50
13,29,47
16,31,53
18,33,55
16,34,53
17,38,54
15,40,54
15,44,54
13,45,55
14,44,57
14,40,56
12,36,54
14,30,52
15,29,50
15,28,57
11,28,58
3,30,58
-1,30,57
-5,29,61
-6,30,60
-3,27,58
-7,22,56
-2,19,58
4,14,60
5,12,58
7,13,57
13,12,60
14,10,56
12,13,53
19,17,55
17,20,54
14,22,51
10,25,54
8,24,53
-10,24,47
-12,23,52
-8,18,59
-14,14,59
-11,15,67
-12,14,62
10,14,66
13,14,64
7,15,60
11,13,54
23,16,66
16,11,60
19,9,61
16,14,69
8,10,64
4,6,74
3,12,69
-2,11,62
-4,9,63
-1,5,61
-3,5,59
-15,5,54
-16,8,58
-11,9,63
-13,11,59
-13,10,57
-12,11,63
-14,12,64
-14,10,64
-14,8,60
-11,7,55
-13,7,61
-9,8,66
-10,7,61
-13,7,61
-12,7,63
-9,8,66
-12,11,63
-10,12,62
-8,14,63
-13,14,61
-16,15,60
-12,14,61
-7,15,62
-12,15,58
-10,14,61
-3,13,64
-5,12,62
-7,12,61
-8,12,62
-5,13,62
-3,13,64
1,12,63
-1,12,62
-4,11,63
-5,11,64
1,9,63
-1,8,60
-3,9,60
-3,9,61
3,9,64
2,9,62
1,8,61
1,9,63
0,9,61
2,8,63
3,8,65
1,6,62
1,6,61
6,7,61
6,9,61
6,11,64
3,13,64
6,15,63
4,16,65
0,18,69
3,16,71
6,14,63
5,10,62
4,9,67
12,3,62
8,5,58
7,2,56
7,3,53
12,1,56
15,0,57
17,-3,62
12,-4,58
6,-5,62
7,-2,63
7,0,57
10,1,53
15,4,57
10,3,63
10,2,63
8,6,62
9,10,70
9,7,71
9,6,61
18,4,56
15,5,61
18,5,65
23,3,59
21,7,57
26,11,63
20,10,56
15,10,59
21,10,63
20,11,62
22,13,62
20,11,57
16,11,60
19,11,62
21,11,58
18,11,57
17,12,60
17,12,60
18,12,58
18,13,58
19,15,58
19,15,61
16,16,59
15,16,59
21,14,61
22,13,58
19,12,54
20,14,58
22,13,57
22,11,55
23,12,56
19,16,63
22,16,67
27,14,51
28,16,54
33,12,56
32,10,48
27,12,51
26,13,56
28,13,59
32,12,53
35,12,49
25,11,55
28,12,60
30,12,58
26,11,54
18,11,57
20,12,61
24,13,59
24,13,54
21,12,56
20,11,62
22,10,62
24,8,58
23,6,52
27,6,50
36,8,49
46,12,49
50,11,48
47,9,47
39,10,44
38,7,39
46,9,43
41,6,33
36,7,26
55,12,35
75,11,25
74,8,14
64,7,18
62,6,18
63,7,20
61,7,17
56,8,19
62,7,20
66,7,20
60,8,31
62,7,28
42,5,34
26,9,46
38,9,51
38,10,54
34,8,54
32,7,53
38,5,55
26,2,49
18,11,53
24,12,48
32,12,48
29,12,59
32,11,59
31,8,55
32,5,51
24,10,52
24,12,50
27,15,50
28,15,49
33,11,58
35,13,63
28,16,53
20,17,50
22,16,51
33,14,49
32,14,55
31,11,56
34,13,53
38,19,48
35,19,43
26,18,45
28,18,45
35,16,47
44,17,51
38,18,48
39,17,48
41,17,49
30,15,45
44,13,51
39,16,54
50,15,52
47,18,46
43,15,45
33,13,44
37,12,45
34,11,45
40,12,51
41,15,52
39,19,46
40,20,45
37,20,42
34,21,43
38,21,45
39,20,45
38,15,44
43,16,49
40,18,46
37,19,42
41,18,43
38,16,45
38,16,46
39,15,50
38,16,49
36,15,48
38,15,49
40,14,50
37,14,49
35,14,48
37,12,47
41,13,51
38,13,50
34,14,45
33,12,46
35,14,53
30,16,49
32,16,51
36,15,55
33,14,56
29,13,52
30,14,52
29,16,50
29,19,53
26,22,51
28,24,53
27,25,52
23,23,51
24,20,52
29,15,54
30,13,55
30,11,56
29,12,54
30,11,57
28,12,55
26,12,53
26,12,55
23,14,55
25,15,57
25,14,54
23,14,54
24,14,56
28,14,58
26,14,56
24,13,56
26,13,57
25,15,55
24,15,55
25,15,54
25,16,55
26,17,56
26,17,57
25,15,55
24,15,54
24,15,54
26,16,55
26,16,55
25,16,55
25,17,55
25,17,54
27,17,55
26,17,54
26,17,53
26,18,54
26,19,54
28,20,54
28,18,53
28,17,52
29,16,53
28,16,52
27,15,52
29,16,52
34,18,54
34,20,53
33,20,52
32,19,51
32,17,51
33,17,52
32,15,51
32,15,50
33,15,52
32,16,52
31,18,51
30,19,51
30,20,52
30,19,53
30,19,52
29,19,54
29,19,53
29,19,47
28,19,55
32,18,56
33,17,53
28,16,53
29,15,56
23,16,50
28,18,53
31,18,56
28,17,52
27,18,49
30,18,55
34,20,53
30,21,54
35,20,56
41,19,64
35,18,60
19,23,48
14,24,52
11,23,53
6,16,59
9,15,62
8,15,61
10,17,58
14,19,49
9,16,41
15,13,39
22,8,34
24,5,43
39,-2,54
28,-3,55
23,-7,58
27,-2,52
26,-3,35
16,-3,24
0,-1,-6
-13,2,-24
-58,-1,-46
-76,1,-72
-83,-2,-72
-128,-3,-69
-128,0,-67
-122,7,-33
-119,4,-17
-116,-9,-7
-113,-15,-7
-61,-18,3
-36,-20,9
-62,-30,-10
-66,-28,-24
-59,-18,-30
-67,-30,-15
-58,-37,-9
-44,-32,-13
-45,-32,-12
-61,-32,-22
-48,-27,-15
-83,-28,-17
-50,-33,-4
-52,-32,1
-64,-28,-8
-63,-35,-12
-54,-29,-15
-35,-27,-3
-35,-25,-8
-43,-22,-15
-54,-23,-14
-58,-20,-13
-52,-15,-17
-47,-11,-26
-61,-10,-16
-76,-16,-10
-56,-16,-25
-54,-21,-21
-59,-22,-17
-68,-34,-32
-73,-30,-28
-55,-34,-25
-52,-28,-25
-55,-18,-31
-49,-12,-26
-41,-11,-4
-42,-17,-7
-62,-19,-22
-81,1,-28
-73,-31,-35
-71,-29,-27
-47,-34,-13
-49,-39,-28
-55,-43,-33
-47,-43,-22
-44,-42,-27
-44,-46,-21
-39,-45,-18
-45,-45,-25
-45,-45,-22
-57,-54,-35
-36,-47,-5
-44,-51,-19
-49,-53,-31
-45,-47,-14
-46,-50,-9
-50,-52,-10
-52,-51,-7
-50,-48,-3
-41,-35,-17
-49,-36,-31
-59,-42,-35
-63,-45,-36
-59,-42,-17
-66,-42,-18
-84,-36,-20
-77,-26,-16
-92,-12,4
-80,-15,-5
-63,-13,-3
-67,3,2
-69,4,4
-67,10,7
-50,19,4
-61,33,-8
-65,31,-8
-49,23,-2
-42,21,5
-41,15,20
-31,8,33
-37,12,34
-44,19,33
-47,23,34
-51,13,41
-43,5,47
-54,25,41
-66,27,47
-59,22,41
-44,16,45
-50,26,49
-47,20,39
-31,24,32
-25,18,31
21,-15,82
-46,6,47
-16,0,53
10,4,65
-2,7,49
-17,28,24
-20,31,23
-24,34,32
-24,34,38
-25,35,44
-26,32,46
-22,22,55
-27,16,52
-25,13,44
-45,3,47
-41,7,43
-38,-6,34
-39,-6,28
-60,-5,-8
-62,0,-11
-77,-4,-26
-92,-7,-32
-94,1,-36
-96,3,-39
-78,1,-26
-82,-12,-8
-108,-21,-14
-60,-4,-26
-35,-9,-15
-48,-17,-26
-56,-17,-38
-58,-21,-40
-46,-25,-26
-35,-23,-21
-36,-20,-23
-53,-25,-23
-46,-23,-24
-44,-21,-19
-64,-35,-25
-56,-35,-22
-16,-36,-7
-27,-50,-12
-66,-64,-80
-48,-63,-73
-33,-50,-62
-32,-53,-59
-36,-57,-39
-36,-54,-21
-27,-46,-8
-41,-45,-16
-48,-46,-18
-74,-51,-38
-74,-51,-44
-78,-27,-46
-90,-30,-53
-51,-21,-24
-50,-17,-20
-14,-8,16
-10,-6,23
-42,-2,10
-54,-1,4
-57,-12,13
-41,-11,38
-39,-14,44
-35,-17,45
-39,-21,49
-43,-27,51
-40,-26,49
-42,-20,50
-48,-21,49
-42,-23,47
-41,-21,48
-42,-19,47
-42,-19,47
-40,-22,46
-38,-18,46
-41,-18,45
-42,-19,45
-42,-18,45
-41,-17,43
-42,-17,42
-43,-18,44
-39,-17,47
-37,-16,49
-40,-15,48
-36,-13,53
-35,-13,54
-31,-12,55
-28,-12,58
-28,-12,58
-27,-12,61
-25,-13,61
-18,-14,59
-18,-15,61
-23,-17,67
-29,-19,66
-34,-15,57
-39,-15,56
-36,-14,54
-37,-11,52
-46,-6,37
-59,-5,27
-58,-7,28
-44,-7,34
-42,-5,37
-47,-1,36
-52,1,35
-58,6,30
-66,6,23
-69,7,19
-65,8,18
-71,7,14
-69,0,16
-65,-3,18
-60,-12,24
-56,-17,27
-50,-16,35
-48,-13,36
-47,-4,37
-49,2,37
-53,5,33
-55,3,31
-54,3,37
-51,2,39
-48,3,39
-50,2,37
-52,2,38
-52,4,38
-56,3,37
-57,3,40
-57,2,41
-50,-2,44
-48,-3,42
-47,-1,38
-47,-4,40
-44,-9,34
-48,-5,39
-54,-1,40
-39,3,43
-37,-4,46
-44,-7,51
-44,-8,53
-38,-9,61
-34,-9,61
-36,-13,53
-34,-15,54
-28,-17,59
-27,-18,59
-27,-19,51
-30,-20,49
-32,-19,55
-32,-20,56
-32,-20,56
-32,-18,55
-33,-17,53
-27,-17,52
-27,-17,53
-20,-17,56
-21,-17,57
-22,-18,59
-23,-19,60
-23,-18,61
-23,-17,59
-26,-17,60
-24,-18,59
-21,-18,60
-17,-14,55
-18,-15,56
-11,-16,60
-10,-17,64
-29,-20,55
-30,-18,53
-14,-15,55
-16,-18,58
-24,-19,60
-22,-19,52
-21,-19,53
-19,-18,58
-18,-18,65
-24,-16,62
-24,-14,57
-25,-12,52
-27,-13,53
-26,-16,64
-23,-19,67
-21,-18,56
-22,-17,52
-23,-19,61
-23,-22,70
-21,-22,66
-18,-20,48
-19,-20,38
-24,-18,29
-46,-18,32
-36,-5,58
-28,-6,61
-37,-4,55
-37,0,54
-30,-9,46
-27,-11,52
-28,-14,51
-28,-18,51
-36,-22,49
-29,-29,53
-26,-27,53
-42,-29,47
-40,-34,47
-33,-34,51
-37,-34,44
-44,-32,38
-40,-32,41
-36,-33,46
-33,-33,50
-24,-36,54
-21,-45,51
-19,-47,51
-21,-49,50
-21,-50,47
-15,-50,42
-14,-51,40
-16,-49,37
-17,-48,36
-19,-47,36
-20,-45,37
-22,-45,39
-21,-45,40
-21,-45,41
-20,-45,41
-20,-45,41
-21,-44,39
-21,-45,38
-23,-45,37
-23,-44,36
-22,-44,36
-23,-46,35
-20,-50,35
-18,-52,34
-18,-52,34
-19,-53,35
-24,-52,36
-23,-51,37
-25,-51,38
-19,-46,51
-20,-47,49
-19,-49,51
-23,-50,47
-28,-52,46
-29,-51,51
-33,-46,41
-33,-46,39
-37,-42,40
-33,-42,39
-35,-43,38
-39,-36,37
-41,-33,35
-40,-27,34
-41,-25,34
-42,-23,35
-39,-22,36
-40,-19,42
-40,-19,37
-43,-14,42
-39,-17,38
-40,-20,39
-41,-13,44
-46,-16,38
-43,-16,36
-46,-15,37
-46,-14,41
-45,-14,42
-48,-13,43
-54,-13,41
-53,-12,42
-54,-10,47
-50,-7,47
-54,-8,42
-55,-9,39
-52,-10,41
-56,-13,36
-62,-14,34
-54,-10,40
-53,-7,40
-50,-6,41
-51,-9,44
-47,-11,50
-33,-16,56
-28,-17,59
-23,-22,60
-30,-25,55
-30,-24,53
-29,-22,48
-28,-22,47
-28,-21,44
-27,-19,44
-29,-15,46
-30,-13,47
-35,-11,48
-37,-10,51
-37,-9,54
-37,-9,56
-36,-11,58
-34,-14,57
-33,-16,56
-30,-18,53
-30,-19,52
-30,-19,50
-31,-18,51
-35,-17,50
-37,-17,49
-38,-17,50
-39,-16,51
-38,-14,51
-38,-12,51
-43,-4,47
-59,0,36
-69,1,31
-79,3,30
-77,2,28
-75,-2,22
-71,-2,22
-64,-2,20
-62,-1,16
-61,-4,13
-57,-6,12
-48,-10,15
-50,-18,11
-57,-25,4
-62,-31,4
-58,-30,14
-64,-21,19
-52,-21,24
-61,-13,22
-55,-12,27
-58,-15,26
-64,-13,25
-68,-8,13
-71,-4,6
-70,-1,3
-66,4,1
-68,6,0
-69,7,-4
-70,10,-3
-66,10,3
-69,9,3
-68,6,4
-67,4,4
-66,1,5
-66,-1,6
-66,-5,7
-67,-8,6
-66,-8,7
-64,-8,7
-63,-8,7
-62,-6,10
-63,-4,9
-63,-5,7
-61,-4,7
-61,-4,3
-62,0,3
-62,-1,5
-69,1,6
-72,2,8
-70,6,6
-63,7,6
-71,6,9
-73,8,9
-68,6,8
-66,5,9
-63,5,12
-63,3,13
-60,-5,15
-64,-7,17
-61,-10,29
-52,-11,28
-40,-12,46
-50,-8,42
-53,3,41
-43,8,29
-47,5,26
-48,5,29
-57,2,29
-67,1,32
-65,-1,28
-68,-2,24
-67,-1,22
-60,3,24
-57,2,26
-50,-1,34
-53,2,30
-57,1,31
-55,2,35
-54,3,36
-54,4,36
-59,4,32
-57,5,36
-52,4,39
-56,2,40
-51,7,41
-44,-2,34
-66,10,43
-44,1,48
-35,4,49
-36,3,39
-41,5,40
-46,1,45
-58,-4,38
-59,-4,29
-50,7,20
-60,4,14
-74,-1,24
-60,0,41
-58,2,30
-55,0,33
-61,-5,45
-50,-1,32
-44,-2,34
-52,1,34
-55,2,27
-56,3,26
-54,5,29
-50,1,35
-51,0,43
-64,3,24
-72,4,20
-59,5,27
-58,0,27
-68,2,24
-55,-5,39
-53,0,36
-60,0,34
-54,-1,35
-44,3,40
-44,0,40
-48,2,41
-52,3,42
-53,5,41
-56,5,42
-55,2,40
-58,4,34
-62,5,28
-51,0,29
-42,0,45
-31,1,61
-30,1,61
-21,-1,55
-21,-2,59
-23,-2,61
-16,-1,64
-9,-4,64
-6,-4,65
-5,-3,64
-2,-2,63
1,-3,63
1,-4,62
1,-3,62
4,-4,62
4,-4,61
2,-5,62
3,-5,63
6,-4,62
6,-4,62
7,-5,63
7,-5,62
8,-4,62
9,-5,61
8,-5,62
9,-5,63
10,-6,62
9,-6,61
9,-6,62
9,-4,64
8,-5,64
8,-6,63
9,-6,64
7,-6,63
8,-6,62
9,-6,62
9,-5,62
9,-5,62
9,-4,61
9,-4,61
8,-5,62
8,-5,63
7,-4,63
7,-4,64
7,-4,63
7,-4,62
7,-4,63
8,-4,63
7,-4,62
7,-5,62
7,-4,62
9,-4,62
9,-4,63
7,-4,64
5,-4,64
5,-4,63
5,-4,63
7,-4,63
7,-4,63
7,-3,63
6,-3,62
5,-4,62
8,-5,64
8,-3,63
6,-3,62
6,-3,62
5,-4,63
6,-3,62
8,-1,63
9,-2,63
5,-3,62
9,-3,64
5,-3,64
3,-3,63
3,-2,63
6,-1,61
8,-1,62
8,-3,63
4,-2,64
4,-1,62
6,-2,62
1,-1,60
5,0,62
8,0,64
5,1,62
2,1,58
4,4,62
1,3,65
-7,4,64
-1,4,65
-1,6,68
-9,10,64
-13,8,61
-18,9,54
-44,10,38
-55,9,33
-65,4,28
-67,1,34
-71,1,29
-65,2,28
-62,3,33
-50,0,33
-50,1,22
-62,2,30
-62,2,31
-46,1,38
-49,2,36
-42,6,35
-45,0,41
-55,-1,43
-55,4,39
-51,4,42
-48,8,32
-45,7,39
-36,2,36
-37,0,37
-57,-6,45
-63,-11,46
-60,-7,34
-59,-2,43
-49,6,40
-53,10,26
-69,9,20
-61,10,15
-54,4,31
-48,5,36
-59,8,26
-55,3,34
-46,-7,49
-35,-3,46
-50,-6,38
-54,-6,53
-42,10,33
-70,9,20
-66,10,23
-56,4,36
-46,-1,37
-54,4,32
-46,-3,44
-37,1,46
-54,-1,34
-64,0,35
-67,-5,24
-59,-5,24
-67,-12,4
-72,-14,10
-69,-19,18
-56,-13,23
-53,-12,24
-50,-8,29
-48,-5,31
-53,-6,34
-56,-6,33
-59,-7,33
-55,-7,32
-52,-7,35
-58,-6,36
-46,-9,42
-34,-13,43
-47,-13,45
-39,-9,56
-33,-9,57
-39,-8,54
-47,-9,49
-30,-10,57
-30,-12,61
-33,-14,52
-36,-17,51
-39,-18,54
-32,-21,54
-32,-25,52
-27,-24,54
-26,-25,50
-26,-23,55
-29,-24,56
-31,-21,55
-32,-18,53
-35,-17,51
-37,-17,51
-33,-16,53
-34,-18,52
-33,-17,52
-32,-17,52
-33,-17,50
-32,-18,51
-31,-20,55
-33,-20,54
-36,-20,53
-35,-18,54
-33,-17,55
-34,-17,53
-34,-17,53
-32,-17,53
-31,-17,53
-31,-17,53
-30,-18,53
-31,-19,53
-31,-21,55
-30,-20,58
-32,-17,60
-34,-22,60
-23,-20,62
-12,-21,64
-12,-27,60
-18,-21,55
-34,-13,39
-47,-6,28
-66,3,41
-61,-5,59
-8,-18,57
1,-32,70
-17,-24,75
-48,-14,63
-47,-7,61
-37,-2,64
-37,0,63
-41,4,55
-45,5,48
-68,8,35
-75,6,33
-67,9,35
-69,8,33
-63,8,30
-65,8,21
-62,8,19
-56,5,19
-52,5,20
-41,4,23
-35,5,26
-33,3,34
-30,2,38
-21,8,41
-18,12,41
-11,18,49
-15,24,51
-22,24,49
-29,23,43
-26,22,48
-25,21,53
-24,22,46
-22,35,26
-16,39,32
22,45,45
18,45,47
-23,52,50
20,51,65
-19,59,47
-9,57,64
-7,55,78
-17,50,57
-6,45,58
-29,47,35
-40,47,32
2,39,41
9,39,30
13,31,37
6,30,51
-26,39,43
-18,48,61
-34,51,51
-57,56,36
-47,51,34
-42,42,27
-42,44,21
-6,41,32
18,29,44
9,32,49
-17,36,42
-35,43,54
-56,46,42
-67,58,27
-59,53,30
-26,48,34
12,33,43
22,24,47
-6,35,36
-8,32,40
-27,46,47
-54,58,47
-42,57,49
-49,48,42
-15,41,40
-6,43,36
47,23,38
22,35,41
4,40,47
-48,48,59
-64,55,57
-35,48,46
-26,49,36
11,35,33
40,26,36
10,30,46
13,26,44
-34,39,53
-75,48,60
-55,49,58
-4,39,47
31,33,36
21,28,43
10,28,44
-11,39,58
-59,46,59
-58,49,62
-20,45,51
11,39,39
77,22,31
33,29,51
9,29,45
-72,40,74
-31,43,64
-33,42,57
11,42,34
53,32,28
23,37,30
12,29,32
-26,45,63
-51,52,73
-33,47,70
-27,44,66
-11,37,41
35,31,25
23,32,39
9,28,35
-2,38,49
-40,54,77
-46,55,83
-19,40,64
0,40,55
33,26,22
58,22,13
36,32,37
15,30,37
-31,41,69
-51,48,90
-24,40,73
-5,36,47
30,25,22
55,20,24
35,31,39
-7,37,63
-50,43,76
-39,50,83
-19,40,68
10,30,36
51,25,14
33,33,36
26,31,34
-53,40,75
-32,43,76
-15,39,69
29,32,32
64,25,9
40,32,35
1,28,42
-62,41,85
-65,47,94
-14,35,63
15,31,46
71,21,9
27,30,48
19,23,39
-66,40,82
-71,45,92
-3,37,60
14,33,45
64,23,23
41,25,33
18,30,47
1,30,61
-82,46,92
-50,42,71
8,31,50
82,17,15
43,25,39
19,23,45
-58,23,81
-53,47,85
-10,36,60
12,31,37
59,23,19
32,28,49
16,27,52
-87,43,96
-59,38,62
4,35,50
65,20,28
87,20,26
25,25,39
-1,27,56
-88,51,95
-40,43,73
13,32,40
25,28,35
52,24,35
32,29,47
-20,40,60
-81,58,83
-28,49,59
13,39,41
15,40,41
55,31,34
36,36,42
-10,31,43
-64,53,72
-29,53,59
-15,49,52
19,49,48
49,32,29
35,43,33
29,33,34
-33,38,56
-41,63,71
-24,52,62
1,48,43
38,36,31
46,37,25
28,39,36
14,36,38
-44,45,66
-32,56,63
-20,53,61
15,45,43
63,26,16
38,39,30
21,34,38
-10,44,56
-54,61,74
-27,52,57
-5,46,39
28,37,29
50,32,34
36,39,47
17,42,41
-46,45,60
-38,58,66
17,41,40
6,47,39
64,26,18
43,39,35
23,34,37
6,36,43
-64,66,76
-34,57,60
4,48,47
31,39,29
57,33,24
26,34,36
7,43,46
-64,64,74
-34,57,63
-1,49,42
34,38,27
64,29,22
40,36,43
19,42,52
-40,47,61
-43,59,66
-12,52,54
39,40,31
63,33,24
41,36,41
8,37,52
-53,52,75
-29,53,60
9,45,44
39,37,23
74,29,20
53,38,46
37,35,42
-62,55,75
-61,65,73
14,47,38
64,29,13
93,24,12
44,32,45
21,31,47
-67,65,71
-28,56,56
16,46,35
48,34,28
65,33,24
44,38,47
26,35,46
-58,60,70
-36,59,58
9,45,40
41,36,29
78,30,19
53,40,37
36,37,39
-6,42,57
-56,62,70
-22,53,52
32,43,33
70,30,18
48,38,39
34,35,37
-36,47,61
-30,56,57
-7,51,48
35,37,22
73,34,18
44,37,38
34,35,39
-72,61,82
-32,58,59
21,45,36
38,38,28
48,40,25
24,37,38
-15,44,61
-26,51,59
-10,48,50
32,43,39
24,42,30
54,39,23
38,40,35
14,41,47
-55,52,70
-27,59,57
20,45,40
30,41,30
84,35,12
46,42,25
13,37,46
-68,58,74
-14,53,52
-3,48,46
28,43,27
89,30,5
48,33,26
18,35,39
-83,68,90
-24,53,66
14,52,40
69,32,12
79,30,10
37,34,34
8,35,47
-68,69,78
-34,57,61
15,48,38
6,52,33
75,29,14
54,37,28
26,36,34
7,41,47
-74,62,79
-11,51,52
10,47,42
69,29,16
79,30,11
28,34,30
4,40,46
-72,66,81
-33,58,62
14,48,34
58,34,22
62,36,23
39,35,33
-21,46,57
-51,60,70
-23,52,53
20,42,23
87,31,11
42,37,38
10,35,51
-70,60,76
-32,59,48
56,36,14
83,37,15
20,32,50
-72,56,74
-19,52,49
46,41,27
48,40,24
27,42,40
-1,50,58
-36,52,63
-26,49,51
12,49,34
36,44,27
35,46,27
27,46,33
-11,50,54
-29,49,66
-13,43,55
6,42,40
-4,45,35
30,40,24
20,47,41
10,46,50
8,48,48
-23,43,48
-37,48,58
-7,41,55
-1,44,55
2,33,55
6,33,50
1,35,49
12,34,43
22,38,44
-5,43,59
-43,53,58
8,54,45
8,49,51
-20,38,61
-9,30,59
-1,18,49
0,18,49
9,15,51
3,20,55
2,17,46
5,38,55
-15,44,60
-40,67,41
-16,61,53
9,39,56
5,27,56
2,24,49
25,13,48
10,19,53
11,16,55
-7,19,65
-31,64,65
-39,70,62
-21,62,48
-10,50,51
4,34,43
33,18,42
15,11,52
20,18,55
20,25,59
4,39,62
-16,70,45
-8,57,44
-14,52,43
12,37,33
49,25,32
39,6,48
22,23,50
36,23,53
18,34,57
-22,84,43
-10,77,35
2,58,37
9,40,37
48,19,39
51,11,32
25,24,40
39,19,51
38,35,55
-29,83,46
-6,76,38
1,51,47
-5,46,42
59,23,27
62,16,17
35,22,50
41,24,55
14,44,61
-18,82,42
26,61,35
-7,52,41
-2,44,35
56,19,28
61,11,30
35,18,53
38,19,55
10,43,62
-32,78,58
-2,69,40
21,44,47
2,41,43
46,18,34
48,11,33
28,18,68
25,13,65
8,38,61
-27,61,62
13,71,27
1,61,29
-5,40,41
17,35,41
60,12,38
30,17,55
34,20,53
15,50,45
-16,71,45
1,59,36
-7,54,47
40,31,58
52,24,53
11,5,48
8,14,58
7,13,69
-8,43,53
-39,75,32
-17,63,31
-22,60,34
20,25,51
21,9,58
0,-5,63
2,12,66
-2,23,66
-3,49,60
-48,81,41
-9,66,38
-12,68,29
17,47,44
42,7,53
-23,0,48
20,24,62
19,22,61
-7,58,57
-40,77,40
2,70,34
0,56,34
9,35,47
22,7,61
23,-8,63
17,17,67
0,20,59
-17,62,47
-29,80,27
-7,62,39
7,44,49
19,32,50
34,4,57
23,-4,66
22,20,68
7,25,59
-13,61,48
-32,66,45
4,65,34
22,45,35
13,32,43
12,-1,63
16,-11,71
14,20,64
1,26,53
-14,63,51
-22,66,50
1,61,40
-5,61,31
16,35,44
18,15,57
15,-9,72
12,22,62
7,27,55
-25,72,40
-42,86,31
-1,59,26
16,51,38
30,9,67
23,-4,69
21,30,55
25,32,50
2,51,48
-7,53,47
-2,47,46
18,39,53
23,35,52
-2,34,40
-9,36,39
-2,38,44
-6,37,46
-34,41,33
-30,45,37
-31,41,39
-33,40,41
-34,40,42
-41,39,36
-40,41,36
-33,39,38
-30,40,35
-30,40,34
-34,40,34
-33,40,35
-29,42,39
-23,41,45
-31,43,41
-30,43,43
-32,42,49
-22,48,48
-30,50,40
-26,48,38
-15,46,43
-16,45,41
-18,49,38
-17,53,37
-18,52,40
-21,49,36
-14,41,40
-15,37,44
8,21,62
3,21,63
-17,32,44
-25,34,49
-27,35,48
-30,58,36
-32,60,35
-27,63,39
-19,58,41
-13,48,44
-16,51,37
-14,50,29
-13,48,31
-14,34,45
-13,25,52
-6,16,54
-6,32,53
-17,28,50
-10,42,50
-20,63,40
-34,83,26
-23,81,30
-17,64,31
-9,55,28
0,37,41
2,23,48
-6,10,59
-12,23,57
-11,24,50
-6,51,45
-17,66,39
-21,78,28
0,71,38
-1,61,32
-14,55,29
-4,30,44
4,15,56
-24,16,45
-25,30,44
-18,27,54
-18,51,51
-36,67,39
-41,80,34
-27,74,36
-25,65,38
-28,53,26
-7,37,38
0,22,46
-12,3,45
-26,12,49
-24,22,60
-32,23,59
-37,42,51
-34,57,42
-30,73,35
-12,75,29
-16,68,26
-18,53,29
-7,44,38
10,21,54
13,11,57
-10,26,40
-13,23,46
-21,25,56
-26,35,51
-39,69,37
-37,83,29
-19,74,37
-23,64,25
-9,56,25
-6,36,36
6,19,49
-10,11,49
-22,24,44
-18,22,56
-29,30,41
-26,62,38
-32,77,29
-23,80,30
-24,66,34
-10,56,30
-12,46,30
-2,28,43
-3,4,57
-22,17,44
-7,20,53
-23,25,51
-21,62,41
-43,78,27
-26,74,31
-6,57,41
-9,61,33
-30,60,21
-16,49,26
-16,27,52
-15,15,54
-23,25,42
-25,30,42
-31,36,48
-34,53,33
-26,59,28
-28,62,31
-12,56,41
-10,47,35
-10,45,45
-26,47,47
-36,54,35
-9,62,29
-10,57,32
-23,46,34
-15,43,42
-26,42,37
-29,47,30
-26,45,39
-21,40,47
-22,39,49
-19,40,38
-31,44,35
-31,57,37
-22,54,33
-24,48,39
-20,43,51
-32,51,33
-6,51,30
-11,47,34
-17,46,37
-20,47,41
-20,47,42
-25,47,42
-32,45,29
-25,48,32
-30,49,31
-30,50,32
-30,50,31
-26,50,32
-27,48,33
-27,48,35
-32,47,33
-31,46,32
-28,47,34
-24,47,36
-40,45,30
-33,47,26
-36,46,25
-38,46,23
-39,47,21
-45,47,21
-42,47,21
-46,47,20
-49,46,18
-47,46,18
-47,45,17
-48,48,11
-53,48,7
-46,47,8
-47,44,9
-51,42,10
-30,39,18
-26,38,27
-39,33,33
-36,31,34
-48,50,7
-57,56,2
-73,62,-3
-59,54,4
-40,42,18
-17,38,23
-10,27,35
-26,27,30
-47,42,16
-64,61,7
-74,66,7
-58,53,0
-46,46,19
-15,41,19
9,27,35
-27,33,39
-46,42,34
-62,69,18
-60,58,5
-34,42,16
-45,47,6
-15,37,20
-5,24,36
-9,38,45
-51,52,38
-53,64,26
-69,64,3
-46,49,11
-22,39,13
-6,40,21
6,39,34
-16,36,56
-48,49,41
-58,62,22
-75,65,3
-30,40,25
-13,44,23
-10,39,23
6,40,37
-21,47,60
-44,53,45
-59,52,27
-60,58,9
-31,48,12
-5,36,17
-13,32,26
22,36,75
-14,51,63
-39,64,32
-60,61,12
-52,48,17
-29,46,20
0,32,20
21,27,48
-14,48,57
-36,61,47
-31,59,34
-69,58,4
-34,45,22
-5,40,30
0,39,37
26,41,57
-21,44,44
-43,58,43
-41,61,36
-41,54,22
-28,44,23
-16,39,16
-5,40,30
-3,40,36
11,41,70
-13,51,68
-37,57,42
-71,65,15
-59,58,19
-23,47,33
-8,38,23
-4,36,22
27,28,60
7,44,54
-23,55,45
-53,60,30
-63,59,25
-27,48,32
-16,45,29
-7,39,25
1,32,32
24,40,48
6,46,52
-33,57,57
-45,59,52
-60,60,28
-32,47,21
-23,43,20
-3,31,31
17,30,48
-7,44,51
-24,53,53
-24,57,54
-30,53,42
-53,51,19
-38,47,18
-17,40,23
-3,31,41
2,31,42
-4,45,56
-22,54,53
-24,62,51
-29,58,47
-53,53,22
-42,45,20
-14,43,22
0,35,32
17,29,55
-5,35,46
-44,55,47
-38,68,42
-33,58,39
-32,46,28
-24,41,22
-6,28,23
3,31,33
-6,40,41
-26,48,58
-35,72,61
-26,65,47
-23,49,25
-31,41,18
-10,31,25
-12,28,22
-16,47,32
-10,44,61
-33,57,60
-35,62,48
-30,57,36
-41,47,14
-26,47,17
-11,47,26
-12,45,31
-3,45,42
-3,48,50
-26,55,48
-26,60,44
-41,59,29
-27,53,23
-22,50,21
-7,42,23
-3,39,28
20,41,45
-9,42,33
-26,47,52
-33,65,51
-45,66,37
-55,64,21
-25,53,28
-9,38,19
-8,33,18
24,37,46
11,41,48
-36,62,52
-38,64,53
-41,61,27
-48,61,20
-26,50,18
-2,45,21
13,32,32
2,39,33
-10,45,53
-32,72,57
-24,66,48
-51,61,7
-41,56,11
-5,41,20
7,32,26
-20,41,23
-8,44,43
-31,72,58
-31,71,54
-37,58,22
-24,47,14
-10,36,17
-7,39,30
-12,48,35
3,53,65
-21,62,59
-24,57,46
-34,50,26
-54,45,2
-22,44,9
2,40,39
-1,41,56
-6,43,48
-22,78,19
-46,66,23
-46,60,34
-18,52,38
0,48,18
17,43,35
-7,42,39
-35,47,48
-21,69,23
-35,80,8
-34,59,16
-9,47,26
9,37,31
-14,41,40
-5,45,49
-21,72,38
-27,71,32
-32,55,24
-24,57,21
-2,42,15
-3,53,13
14,34,48
5,34,62
-27,66,44
-23,73,31
-45,70,12
-23,55,21
-4,46,16
14,41,24
17,40,35
-12,49,48
-32,65,45
-32,68,35
-45,69,15
-22,54,13
-16,52,8
9,39,31
13,43,49
-11,50,53
-35,65,43
-29,67,35
-38,57,9
-18,51,14
2,40,26
1,39,37
-10,49,58
-22,66,53
-20,65,31
-40,68,15
-20,46,20
4,41,20
6,40,27
7,49,57
-8,52,59
-25,69,40
-19,59,31
-44,53,12
-23,51,19
7,47,27
10,40,34
2,49,51
-14,54,51
-32,70,38
-40,55,21
-18,50,23
11,42,19
15,37,31
-11,45,40
-3,55,55
-29,69,42
-25,62,39
-41,50,17
-23,49,24
7,44,29
-12,48,31
-8,48,36
-16,44,38
-13,47,35
-34,56,21
-36,59,23
-29,63,31
-20,60,37
-10,54,37
10,49,56
-2,51,48
-1,56,50
9,52,44
11,46,41
19,47,41
2,45,29
2,39,30
23,33,46
30,31,48
20,28,38
13,37,37
30,36,43
23,48,43
9,68,35
11,73,35
5,63,27
0,49,34
20,39,45
20,24,55
9,30,55
14,37,53
19,40,49
9,58,36
1,64,30
9,52,34
2,51,34
20,38,49
21,27,65
-3,33,54
21,37,52
12,46,43
3,72,18
3,65,16
5,41,41
-1,44,41
12,27,59
4,25,65
14,30,64
8,42,51
6,67,32
10,67,25
8,48,29
1,43,36
12,35,49
13,20,70
-2,29,60
9,44,52
15,36,54
5,63,34
5,67,25
10,53,25
1,45,37
10,38,43
3,23,63
1,29,64
8,49,48
13,42,52
-10,56,36
-6,65,30
9,65,28
1,61,27
-6,53,34
7,44,41
-1,22,61
0,20,70
9,46,47
-9,50,40
-7,60,42
-19,77,23
-10,70,21
3,58,24
-4,51,26
1,27,38
5,21,49
3,36,57
-17,47,53
-17,71,43
-34,81,30
-20,69,23
0,48,29
9,34,35
22,3,69
12,17,65
-16,47,47
-10,57,51
-32,64,28
-16,59,29
-4,49,29
3,39,34
6,26,47
-1,25,56
-3,44,57
-3,65,47
-25,68,36
-22,54,33
-17,49,34
10,30,40
10,27,41
0,35,63
9,34,72
5,56,58
-27,68,38
-37,64,17
7,50,27
13,37,37
9,24,53
4,31,56
-4,48,47
-1,55,48
-39,68,26
-35,63,26
1,48,31
14,42,36
8,29,51
5,32,53
10,43,51
-2,52,48
6,55,46
-32,67,20
-21,64,21
-7,47,35
7,42,40
14,27,48
0,30,48
9,41,59
-6,53,49
-10,66,45
-28,70,28
-13,59,26
12,38,30
19,25,38
-3,34,43
-7,39,48
5,53,58
0,63,57
-40,76,21
-26,71,19
5,49,24
10,40,27
5,23,50
2,40,56
-2,49,52
0,57,52
-7,60,42
-29,63,20
-6,59,34
3,42,33
11,35,38
-1,29,44
-9,36,51
1,44,59
-7,53,51
-21,70,33
-29,69,23
-9,56,35
7,35,44
10,22,47
-5,32,44
-2,38,52
-4,49,61
-10,61,58
-40,74,25
-32,65,21
5,43,27
6,33,29
5,16,56
12,39,59
-9,56,47
-15,67,42
-31,66,26
-9,53,33
2,43,33
12,22,50
-5,28,51
7,41,53
10,49,53
-13,67,42
-30,68,30
-10,52,31
17,33,41
21,22,49
-9,33,47
6,38,56
-21,54,44
12,54,58
-29,66,25
-22,63,23
1,48,42
7,39,48
7,26,52
-3,29,52
3,42,51
2,52,56
-19,60,43
-23,55,30
-6,47,35
3,35,43
3,34,43
1,31,43
8,28,61
-12,36,63
-35,46,47
-3,47,54
-21,61,32
-21,61,25
-10,51,32
-9,46,38
-1,30,51
-4,28,54
-18,31,51
-15,36,51
-20,42,54
-22,47,54
-21,40,48
-20,44,46
-35,50,36
-8,41,50
-8,49,42
-6,60,30
-9,56,30
-26,45,27
-28,50,31
-20,45,37
-10,41,41
-16,23,69
-13,13,74
-30,37,41
-20,40,47
-8,46,38
-30,78,10
-28,76,19
-20,63,26
-25,62,23
-20,47,43
-22,25,68
-21,10,62
-39,37,42
-11,32,49
-20,34,40
-33,77,7
-42,89,-6
-15,64,23
-29,58,28
-25,41,53
-14,3,77
-31,14,51
-26,34,51
-16,24,54
-34,50,22
-64,91,-17
4,57,29
-22,64,14
-12,46,47
-24,19,63
-26,4,69
-50,35,41
-27,34,47
-3,26,54
-42,51,18
-29,92,1
0,64,28
-31,63,25
-40,55,25
-18,29,55
-17,17,69
-53,22,36
-20,34,48
-7,25,55
-39,62,10
-58,99,-20
-1,60,16
-26,74,11
-26,40,46
-24,28,67
-47,15,40
-28,38,48
-17,27,53
-20,25,43
-37,69,4
-4,77,16
-2,59,20
-44,58,19
-40,43,40
-6,7,85
-28,7,46
-32,45,41
-14,32,52
-23,42,34
-42,58,17
-38,63,18
-27,63,30
-18,52,39
-31,53,29
-28,47,35
0,37,52
-14,46,39
-25,60,24
-4,47,46
-20,51,36
-23,50,37
0,20,64
-29,33,34
-22,42,43
-18,39,51
-15,38,57
-4,38,54
-10,46,41
-13,65,16
15,58,41
-14,49,35
-23,51,34
-3,40,57
-2,30,67
-22,34,43
-18,41,45
-3,32,62
-15,40,48
-13,46,37
-11,61,24
14,46,50
-4,39,44
-5,42,43
-5,39,44
-3,42,41
-10,47,37
-10,47,37
-12,54,33
-18,58,28
-18,58,31
-17,55,39
-18,53,38
-12,51,40
-13,48,41
-7,42,51
-11,41,52
-11,42,46
-11,45,48
-15,49,40
-18,50,34
-2,49,44
-3,47,44
-10,49,37
-7,50,40
-4,49,42
-5,47,41
-6,49,42
-29,60,31
-23,62,27
-9,59,35
-11,53,38
2,49,46
-9,51,34
-9,47,37
-12,45,37
-10,46,37
-9,44,43
-16,41,40
-18,46,45
-13,45,51
-4,37,55
-10,41,46
-2,42,46
-5,41,49
-18,52,32
-13,56,35
2,50,46
-5,57,37
-10,55,34
-1,55,40
-5,55,37
-14,48,33
-23,54,38
0,32,60
2,24,60
-18,44,31
-2,37,44
-1,35,53
-5,44,48
-17,63,26
4,63,34
4,56,37
-16,55,34
-7,41,47
-13,34,52
-4,30,63
-8,34,47
6,31,56
-13,46,37
-12,62,29
-5,70,37
1,57,39
-10,52,44
-9,38,49
-9,30,56
-4,25,56
3,31,53
-17,48,31
-8,56,30
-5,72,32
6,57,47
-16,57,41
-2,39,58
-11,22,57
-5,35,54
6,29,62
-5,33,47
-38,59,7
7,56,45
1,49,37
-5,50,47
-15,43,51
-19,36,52
-23,38,48
-12,39,46
2,36,54
-17,39,39
-5,65,32
1,59,36
10,56,42
-5,58,34
-42,55,27
-46,52,29
-50,43,31
-41,43,29
-27,54,30
7,45,50
22,55,42
-13,54,35
-16,41,45
-61,57,5
-34,40,22
-33,63,5
-42,53,45
49,19,98
23,41,60
-18,43,31
-58,60,-12
-23,39,34
-31,50,27
-6,55,45
8,36,80
-10,45,52
-33,52,15
-59,62,-30
-33,38,28
-36,51,26
-11,53,50
17,42,78
-13,45,49
-36,44,33
-64,60,-13
-37,41,24
-26,56,21
-15,57,32
15,45,77
-31,50,43
-29,50,31
-53,61,-13
-45,43,19
-36,52,22
-15,54,35
24,43,83
15,43,72
-24,51,21
-36,50,12
-43,43,13
-28,49,22
-2,55,53
25,45,74
-13,46,55
-38,43,8
-77,59,-33
-34,51,14
-25,64,35
40,37,101
29,34,83
-24,40,32
-66,50,-27
-42,45,18
-25,55,50
16,43,71
-4,46,57
-24,40,44
-60,57,-32
-72,56,-8
-48,53,21
0,58,53
40,30,93
-20,35,50
-54,48,-22
-89,60,-32
-36,54,27
15,47,71
28,37,90
-32,39,35
-24,44,22
-84,61,-22
-49,50,13
-25,57,38
10,41,78
-6,39,53
-35,41,27
-79,59,-34
-80,47,17
-45,62,22
6,43,80
41,27,94
-26,37,28
-47,48,-20
-45,41,16
-53,54,22
-20,60,50
31,37,92
-27,40,41
-38,39,10
-82,59,-27
-47,49,23
-34,61,28
5,39,86
-4,37,60
-43,46,6
-53,54,-25
-48,50,16
-38,54,24
4,40,87
7,34,75
-36,40,13
-62,52,-30
-30,54,11
-28,63,30
19,28,102
-45,46,21
-41,46,-8
-48,55,-1
-36,56,22
5,39,89
11,34,77
-30,41,23
-39,45,-11
-51,57,-1
-38,59,19
9,36,91
-32,44,40
-33,41,19
-79,66,-42
-41,58,4
-20,55,55
11,35,100
-35,41,35
-36,45,0
-57,61,-18
-36,58,8
-16,49,73
6,28,97
-34,44,27
-54,58,-35
-55,60,-13
-32,55,42
-6,41,82
-33,41,41
-36,45,15
-70,62,-34
-36,57,6
-17,47,58
-2,29,88
-44,45,26
-39,44,16
-42,43,7
-38,41,22
-36,39,23
-34,37,26
-31,34,26
-34,34,24
-35,34,18
-43,43,10
-42,45,10
-31,43,17
-38,42,17
-59,45,4
-28,50,13
-30,43,19
-58,33,18
-63,18,33
-90,11,31
-70,10,46
-43,4,52
-44,-1,47
-34,-24,63
-18,-23,73
-39,-33,55
-30,-38,50
-39,-46,81
-32,-16,57
-38,-17,50
-33,-23,42
-29,-11,39
-37,-14,32
-36,-17,31
-36,-6,31
-38,-7,12
-68,12,25
-64,8,17
-67,2,20
-67,3,12
-76,2,-5
-73,-6,-22
-70,-8,-27
-75,-17,-34
-71,-21,-37
-58,-21,-20
-58,-19,-17
-55,-23,-27
-58,-21,-16
-59,-25,-17
-56,-30,-26
-68,-30,-17
-63,-26,-8
-53,-22,-10
-57,-21,-18
-58,-20,-13
-67,-16,-13
-78,-16,-24
-50,-19,-9
-66,-20,-10
-60,-23,-8
-54,-28,-10
-66,-26,-2
-57,-16,6
-45,-33,14
-52,-27,16
-51,-30,14
-59,-30,16
-53,-29,18
-55,-30,10
-50,-28,12
-63,-30,19
-56,-31,15
-63,-32,4
-71,-31,12
-45,-29,21
-48,-34,14
-50,-31,33
-44,-32,19
-44,-35,19
-56,-36,22
-59,-32,22
-50,-29,22
-43,-30,21
-56,-36,17
-53,-33,21
-54,-33,12
-55,-31,10
-59,-33,6
-57,-32,3
-56,-31,6
-55,-29,1
-57,-30,3
-65,-31,1
-57,-27,7
-58,-30,7
-59,-33,11
-53,-32,7
-51,-32,8
-62,-33,17
-57,-28,12
-54,-32,14
-53,-32,18
-56,-30,15
-56,-30,8
-55,-32,10
-57,-31,8
-55,-32,6
-59,-28,13
-53,-27,11
-57,-33,2
-60,-34,4
-55,-30,3
-56,-29,4
-60,-31,5
-56,-29,7
-56,-30,3
-62,-30,4
-63,-29,4
-55,-30,5
-56,-29,5
-62,-29,7
-57,-28,7
-62,-27,5
-62,-28,5
-62,-28,6
-64,-28,5
-62,-29,4
-64,-29,1
-73,-31,-4
-52,-29,11
-36,-26,22
-16,-29,40
0,-30,56
-19,-28,62
-43,-27,56
-52,-32,38
-36,-33,48
-9,-33,62
-6,-31,62
-8,-29,66
-13,-23,64
-17,-22,62
-16,-20,61
-16,-17,65
-22,-11,66
-23,-8,62
-28,-3,59
-34,0,58
-35,3,52
-37,4,47
-47,6,42
-46,8,41
-43,8,40
-49,6,37
-50,8,35
-43,6,31
-46,6,32
-46,6,29
-47,6,30
-45,7,33
-42,6,35
-34,1,39
-35,-1,39
-37,0,46
-36,0,49
-30,-3,49
-38,-3,51
-42,-4,50
-44,-3,49
-45,-2,53
-42,-9,52
-45,-12,53
-46,-10,58
-48,-8,57
-47,-11,51
-51,-15,51
-47,-15,54
-56,-13,48
-51,-13,51
-46,-20,56
-44,-27,52
-32,-32,46
-29,-30,41
-31,-24,34
-32,-23,30
-30,-14,33
-31,-13,32
-33,-7,31
-34,-2,38
-40,8,52
-54,2,45
-54,1,38
-69,10,47
-72,10,49
-69,5,45
-65,4,41
-55,-1,40
-50,2,41
-58,4,32
-59,3,28
-56,-2,36
-55,-3,40
-50,-7,39
-71,-21,36
-55,-19,44
-34,-38,45
-46,-34,37
-66,-24,19
-60,-24,26
-56,-17,32
-55,-18,31
-54,-22,26
-57,-23,22
-58,-23,22
-58,-22,22
-57,-23,22
-58,-20,23
-59,-19,23
-57,-22,22
-56,-24,23
-53,-24,26
-55,-24,24
-54,-26,23
-53,-27,25
-53,-27,24
-55,-27,23
-54,-26,23
-54,-26,25
-55,-26,24
-56,-26,22
-55,-26,24
-53,-25,28
-55,-26,25
-58,-23,25
-58,-21,29
-58,-24,29
-52,-26,33
-56,-28,41
-39,-23,50
-45,30,28
-45,9,-37
-43,-1,-51
-37,-4,-50
-34,-9,-39
-34,-18,-48
-39,-19,-55
-29,-28,-67
-34,-34,-79
-28,-41,-82
-32,-37,-74
-21,-27,-53
-18,-23,-48
-21,-17,-53
-19,-14,-62
-19,-12,-62
-20,-9,-59
-18,-10,-59
-16,-11,-60
-16,-11,-61
-16,-10,-60
-15,-9,-60
-14,-8,-62
-13,-8,-63
-12,-8,-68
-12,-7,-70
-11,-5,-68
-9,-1,-75
-11,3,-76
-17,10,-71
-19,11,-67
-22,10,-61
-17,9,-60
-16,9,-53
-12,7,-51
-10,4,-48
-12,3,-47
-18,2,-50
-17,3,-51
-15,6,-61
-20,11,-61
-24,11,-57
-24,10,-59
-22,10,-59
-24,11,-59
-24,12,-59
-23,15,-61
-24,15,-58
-24,13,-58
-25,13,-57
-24,14,-59
-26,16,-57
-24,16,-54
-25,16,-56
-26,16,-57
-28,16,-54
-28,15,-54
-27,17,-55
-28,17,-54
-28,15,-55
-28,16,-56
-31,17,-55
-29,17,-54
-29,17,-54
-28,17,-54
-28,17,-53
-31,18,-55
-33,18,-56
-28,17,-52
-26,17,-52
-27,16,-55
-29,14,-52
-30,8,-45
-29,3,-45
-34,-4,-33
-41,-7,-32
-48,-13,-45
-90,-13,-71
-101,-9,-72
-89,-6,-57
-31,-1,-23
43,-37,70
31,-61,96
-25,-47,67
-46,-35,33
-67,-21,21
-44,-16,41
-14,-14,53
-18,-7,45
-18,-2,52
-15,2,64
-18,-1,62
-10,-9,65
-11,-11,64
-16,-9,65
-12,-11,61
-9,-14,59
-10,-13,61
-12,-12,61
-12,-11,59
-13,-13,60
-14,-11,62
-14,-10,63
-14,-10,63
-15,-9,64
-15,-9,62
-14,-8,62
-16,-9,62
-16,-9,62
-16,-9,61
-16,-9,60
-16,-9,59
-16,-8,60
-16,-9,61
-15,-8,61
-16,-8,61
-16,-9,61
-16,-9,61
-16,-10,62
-16,-10,62
-16,-10,61
-16,-10,61
-16,-9,61
-16,-9,60
-16,-9,61
-17,-9,61
-16,-8,61
-16,-9,61
-16,-9,61
-16,-10,62
-16,-10,62
-16,-10,61
-15,-10,61
-16,-9,61
-16,-9,61
-16,-9,61
-17,-9,61
-16,-9,61
-16,-9,61
-16,-9,61
-16,-10,62
-15,-10,62
-15,-10,61
-15,-10,61
-16,-9,61
-16,-9,61
-16,-9,61
-16,-8,61
-16,-9,61
-16,-9,61
-17,-9,62
-16,-10,62
-15,-10,61
-15,-10,61
-16,-10,61
-16,-10,62
-16,-9,62
-16,-9,60
-16,-9,60
-16,-9,61
-16,-9,62
-16,-10,61
-15,-9,61
-16,-9,60
-15,-10,62
-16,-10,61
-16,-9,61
-16,-9,60
-16,-9,62
-16,-9,62
-16,-9,61
-16,-9,61
-15,-9,61
-16,-9,61
-16,-9,61
-16,-10,62
-16,-9,62
-15,-10,61
-15,-10,61
-16,-9,61
-15,-9,62
-15,-9,61
-15,-9,61
-15,-9,61
-16,-9,61
-16,-9,62
-16,-9,61
-16,-10,62
-16,-10,62
-15,-10,62
-15,-10,61
-15,-9,61
-15,-9,61
-16,-9,61
-15,-9,61
-15,-10,61
-15,-9,61
-15,-9,61
-15,-9,61
-14,-9,61
-15,-10,61
-15,-9,61
-15,-9,61
-16,-9,61
-16,-9,61
-16,-9,61
-16,-9,61
-16,-9,61
-16,-9,61
-16,-9,62
-16,-9,62
-16,-9,61
-16,-9,61
-16,-9,61
-17,-9,61
-16,-9,61
-15,-8,61
-16,-8,61
-17,-7,60
-16,-7,59
-12,-7,59
-10,-7,59
-2,-6,64
-3,-9,73
-5,-6,69
-6,-3,66
-25,-3,51
-28,-38,56
-12,-28,77
-11,-25,71
-9,-16,63
-13,-4,53
-20,-5,55
-16,-13,61
-12,-14,58
-16,-14,55
-20,-14,60
-13,-21,64
-17,-15,61
-23,-19,62
-22,-19,63
-19,-17,63
-24,-20,63
-26,-22,64
-30,-22,60
-30,-18,53
-26,-25,37
-18,-48,19
-34,-38,23
-37,-31,35
-24,-11,48
-26,3,82
-15,-3,100
-11,-19,62
-3,-31,19
-84,-43,10
-99,-17,46
-24,-22,110
-15,-10,63
-16,-16,13
-53,-20,18
-54,-26,60
-36,-25,68
-21,-22,53
-34,-24,36
-42,-23,38
-46,-21,42
-46,-20,42
-41,-18,45
-39,-19,46
-33,-18,51
-30,-20,53
-32,-25,49
-33,-26,47
-33,-24,46
-28,-23,48
-27,-20,49
-33,-23,47
-35,-22,45
-39,-24,46
-37,-24,52
-23,-21,59
-22,-22,61
-30,-21,62
-36,-25,61
-31,-32,62
-25,-31,63
-21,-28,58
-24,-29,55
-32,-32,50
-30,-33,48
-29,-31,49
-32,-31,47
-33,-31,44
-35,-29,42
-34,-25,42
-34,-18,40
-35,-17,39
-33,-16,41
-31,-17,44
-32,-24,52
-30,-31,56
-27,-33,56
-23,-34,57
-23,-34,56
-23,-32,51
-23,-32,50
-17,-31,47
-14,-29,44
-17,-29,38
-18,-30,35
-28,-36,31
-32,-41,32
-24,-45,34
-15,-50,35
-13,-54,35
-10,-60,33
-11,-63,31
-15,-66,26
-17,-65,24
-21,-66,23
-25,-67,26
-20,-63,30
-12,-61,31
-7,-57,28
-9,-57,27
-22,-55,25
-26,-56,42
-18,-50,52
-16,-48,46
-17,-52,35
-26,-55,5
-48,-58,-4
-36,-60,27
-27,-60,36
-25,-66,40
-25,-69,37
-31,-71,33
-27,-66,34
-30,-59,35
-35,-71,33
-40,-79,21
-61,-85,12
-65,-81,13
-72,-80,-2
-66,-78,-1
-63,-65,4
-61,-56,6
-57,-44,9
-50,-33,13
-54,-25,16
-50,-22,19
-41,-9,28
-40,2,27
-33,4,34
-21,8,42
-23,14,41
-9,21,54
-9,26,53
-31,27,35
-33,28,39
-31,21,44
-29,18,40
-28,10,43
-37,7,34
-43,11,23
-36,22,22
-35,34,22
-47,34,21
-51,31,26
-38,22,42
-22,17,50
-12,7,47
-10,5,41
-3,0,29
-3,-3,21
-11,-6,-7
-112,4,-61
-105,-7,-62
27,-47,-5
17,-116,68
-59,-82,79
-69,-68,54
-56,-61,35
-64,-62,24
-40,-62,22
-29,-62,23
-17,-68,19
-16,-69,9
-17,-65,4
-26,-63,-7
-25,-63,-13
-12,-65,-19
-6,-67,-17
-10,-66,-22
-14,-66,-24
-15,-73,-22
-14,-75,-23
-10,-76,-28
-11,-77,-23
-6,-77,-22
-6,-78,-17
-5,-79,-10
2,-77,-5
-2,-80,-6
-10,-82,-14
-11,-78,-23
-10,-83,-5
6,-74,-2
9,-82,-20
1,-84,-17
-5,-69,-13
-18,-64,-13
12,-71,-8
-7,-65,-22
-12,-69,-22
-9,-66,-25
-4,-62,-33
-12,-62,-45
-10,-59,-47
-30,-59,-74
-25,-64,-72
0,-73,-53
-1,-76,-45
-20,-72,-37
-26,-72,-30
-33,-53,-60
-20,-60,-19
-30,-55,0
-41,-45,-32
-30,-43,-11
-48,-33,5
-66,-26,1
-47,-22,11
-20,-13,22
-32,9,40
-49,18,44
-49,29,44
-40,35,39
-43,47,27
-41,53,5
-32,56,8
-25,54,9
-22,54,13
-23,47,14
-14,41,24
-30,38,15
-34,30,18
-31,14,26
-49,13,18
13,-37,82
-58,39,7
-40,38,22
-23,28,52
-32,32,27
-10,30,60
-27,28,48
-12,28,53
-5,33,55
-10,40,54
-10,38,59
-4,34,53
-11,39,53
-17,43,53
-40,55,34
-57,48,64
-58,44,70
-52,44,32
-36,55,5
-43,50,11
-30,45,16
-18,49,11
-13,5,60
-36,19,54
-59,39,23
-45,35,33
-51,33,18
-56,33,21
-43,35,24
-49,33,17
-44,36,22
-37,43,22
-45,40,18
-53,36,30
-55,43,33
-63,36,24
-61,34,20
-39,26,30
-33,39,29
-45,38,23
-33,34,33
-32,41,38
-50,33,34
-50,38,33
-51,33,41
-53,30,39
-42,30,38
-41,30,32
-31,38,25
-25,34,30
-35,56,27
-45,43,43
6,40,60
-24,49,33
-45,51,11
-28,55,13
-33,51,12
-32,50,22
-25,45,28
-28,44,38
-34,41,26
-60,42,25
-71,38,-1
-66,48,3
-24,50,40
-66,43,25
-27,41,47
-29,36,52
-27,34,61
-11,33,64
-13,28,54
-16,26,52
-17,27,62
-10,31,67
-41,17,37
-32,25,51
-47,26,39
-52,22,39
-39,23,38
-40,22,38
-50,17,36
-38,9,42
-18,9,51
-24,-6,46
-29,-9,53
-45,-10,42
-39,-10,45
-52,-21,30
-62,-23,15
-79,-29,13
-19,-43,57
-24,-49,47
-38,-50,21
-43,-49,17
-50,-45,14
-56,-48,11
-59,-42,8
-54,-38,9
-44,-33,11
-42,-34,12
-54,-37,15
-45,-39,26
-37,-37,31
-30,-46,37
-28,-55,38
-23,-77,42
-21,-87,40
-21,-88,34
-18,-85,38
-21,-77,45
-21,-74,47
-19,-65,50
-17,-59,50
-20,-51,41
-11,-52,32
-11,-59,28
-25,-62,34
-23,-76,31
-26,-73,29
-22,-70,35
-24,-56,37
-27,-52,33
-32,-44,33
-33,-42,33
-32,-38,35
-35,-38,37
-39,-35,33
-40,-33,33
-39,-32,33
-43,-31,31
-40,-28,32
-42,-21,35
-45,-23,31
-37,-24,33
-33,-20,39
-24,-23,48
-23,-35,40
-39,-44,46
-19,-40,60
-42,-29,47
-35,-27,39
-12,-37,59
-26,-30,45
-17,-26,51
-14,-31,54
-17,-36,48
-20,-32,34
-26,-33,25
-17,-38,26
-19,-38,27
-25,-45,21
-23,-48,20
-34,-47,22
-39,-44,17
-36,-50,10
-56,-67,10
-58,-66,15
-61,-61,29
-65,-65,35
-72,-72,40
-74,-72,42
-63,-67,47
-60,-63,40
-49,-58,31
-35,-63,25
-32,-67,24
-29,-70,19
-29,-70,14
-36,-65,5
-38,-63,5
-42,-57,6
-44,-54,5
-45,-45,7
-39,-37,15
-39,-32,18
-34,-28,20
-30,-27,22
-43,-39,18
-28,-40,38
-29,-42,60
-29,-30,53
-39,-17,37
-48,-15,40
-77,-14,24
-74,-17,13
-66,-21,9
-63,-18,10
-58,-3,9
-56,0,11
-54,1,16
-63,-4,14
-66,-9,15
-61,-14,11
-55,-16,9
-45,-21,13
-42,-26,17
-40,-36,13
-40,-47,15
-19,-74,10
-15,-55,4
-34,-69,3
-67,-95,11
-64,-105,1
-37,-81,-24
-36,-75,-31
-50,-66,-31
-56,-59,-31
-55,-39,-32
-18,-13,0
-67,-42,-25
-19,-18,-6
-33,-42,-21
-30,-39,-16
-34,-40,-8
-40,-40,-2
-46,-43,8
-29,-52,14
-22,-56,12
-11,-60,20
-10,-62,27
-9,-66,33
-12,-68,36
-31,-66,33
-39,-65,27
-36,-67,19
-32,-72,20
-30,-79,14
-30,-68,10
-30,-62,9
-31,-60,8
-30,-64,6
-29,-65,2
-27,-63,0
-23,-58,-1
-22,-55,-1
-23,-51,0
-26,-51,0
-29,-52,-1
-26,-53,-1
-22,-57,0
-18,-60,2
-17,-60,3
-20,-61,6
-23,-63,7
-29,-69,11
-32,-71,16
-29,-71,26
-19,-66,29
5,-57,34
12,-57,33
8,-62,27
0,-65,24
-19,-70,21
-25,-60,23
-24,-56,24
-28,-54,26
-31,-55,29
-35,-50,34
-41,-48,36
-63,-38,35
-77,-34,31
-76,-24,33
-76,-19,35
-80,-16,31
-76,-16,25
-72,-16,26
-66,-13,27
-61,-10,26
-53,1,31
-49,3,31
-35,5,32
-33,2,29
-25,1,27
-19,3,30
-16,0,27
-15,-3,32
-18,-1,37
-35,7,25
-45,-3,58
-22,20,59
-18,35,55
-34,38,57
-32,43,49
-48,55,40
-47,57,40
-35,59,39
-30,61,40
-5,56,33
-8,50,30
-27,42,20
-40,37,39
-31,41,45
-45,44,39
-31,47,41
-39,48,32
-10,50,28
-52,43,11
-45,44,13
-31,45,10
-21,39,18
-18,28,20
-30,22,19
-28,20,26
-23,14,30
-27,7,26
-31,-5,17
-38,-16,13
-56,-35,8
-67,-42,8
-75,-61,-12
-72,-63,-23
-68,-65,-34
-64,-65,-29
-27,-77,-13
-7,-103,18
11,-120,30
11,-122,41
9,-114,38
-2,-86,17
-57,-79,-20
87,-54,18
87,-51,1
39,-67,-14
10,-84,-32
-6,-21,53
-14,-61,-57
-46,-54,-29
-34,-69,-8
-30,-75,-4
-11,-67,-6
-11,-64,-8
-14,-65,-16
-13,-65,-17
-13,-67,-14
-17,-67,-14
-22,-64,-11
-26,-61,-9
-28,-62,0
-31,-65,1
-25,-71,0
-4,-70,5
1,-67,9
11,-65,11
5,-63,9
-1,-61,8
-11,-62,6
-14,-60,9
-12,-57,12
-11,-55,11
-11,-55,12
-12,-53,12
-15,-52,15
-17,-54,18
-18,-63,20
-16,-67,20
-11,-68,17
-10,-68,15
-15,-72,13
-19,-75,12
-29,-79,9
-33,-77,8
-38,-64,10
-38,-58,11
-31,-53,13
-26,-55,13
-17,-62,11
-13,-65,9
-15,-66,8
-16,-74,5
-16,-70,3
-17,-62,0
-19,-62,0
-22,-61,0
-22,-58,-1
-21,-57,0
-18,-58,1
-14,-58,5
-10,-57,8
-9,-60,10
-7,-73,11
-7,-72,12
-15,-71,15
-20,-69,18
-22,-63,23
-22,-61,24
-15,-64,22
-7,-68,20
4,-71,16
4,-70,14
-6,-64,10
-17,-54,8
-20,-51,7
-23,-49,5
-23,-48,4
-20,-48,7
-20,-48,9
-21,-53,15
-21,-57,17
-19,-63,22
-17,-64,22
-15,-64,21
-18,-70,20
-31,-89,19
-32,-88,17
-30,-78,18
-27,-59,18
-24,-55,16
-23,-60,11
-24,-65,10
-26,-75,5
-24,-76,2
-20,-68,1
-22,-65,0
-22,-65,-1
-20,-59,-3
-21,-57,-3
-25,-57,-3
-24,-58,-2
-18,-57,0
-15,-55,1
-12,-58,5
-11,-62,6
-15,-61,9
-20,-61,12
-29,-62,20
-27,-61,24
-15,-62,29
2,-71,27
9,-76,25
12,-76,17
7,-73,13
-7,-64,11
-13,-61,11
-20,-56,7
-21,-54,4
-24,-49,1
-25,-47,2
-27,-49,7
-27,-51,9
-27,-56,11
-26,-57,16
-27,-58,17
-30,-68,17
-34,-77,18
-36,-97,17
-31,-96,18
-22,-67,19
-21,-59,18
-19,-62,13
-17,-65,11
-20,-72,11
-23,-73,8
-24,-67,1
-21,-59,-1
-20,-58,-1
-22,-58,-1
-24,-57,-3
-23,-57,-6
-21,-57,-6
-16,-57,-4
-13,-58,-1
-12,-57,2
-11,-59,3
-13,-61,5
-16,-62,6
-25,-62,16
-26,-61,25
-19,-58,29
-5,-57,34
-2,-62,32
1,-75,22
0,-77,18
-6,-73,15
-11,-67,14
-18,-54,11
-21,-53,9
-22,-54,4
-22,-54,2
-23,-51,4
-27,-51,10
-28,-54,13
-27,-62,19
-23,-65,19
-11,-64,23
-8,-60,24
-16,-68,24
-23,-78,25
-29,-93,22
-27,-88,21
-24,-67,21
-20,-60,16
-17,-60,13
-16,-66,9
-17,-69,7
-18,-75,3
-17,-75,1
-16,-64,-2
-16,-62,-4
-18,-57,-7
-19,-55,-9
-23,-56,-11
-25,-56,-11
-24,-58,-9
-20,-57,-5
-21,-60,-1
-19,-73,4
-20,-74,10
-19,-70,22
-14,-65,25
3,-51,24
4,-55,28
8,-67,37
8,-65,38
5,-65,33
-4,-65,27
-6,-62,24
-14,-63,17
-14,-64,12
-33,-64,-3
-38,-64,2
-12,-56,21
-7,-53,27
-13,-53,27
-14,-55,23
-22,-54,11
-40,-65,1
-51,-77,-2
-53,-88,-3
-33,-84,3
-10,-61,22
-7,-57,23
-11,-66,15
-13,-68,11
-23,-72,5
-25,-70,3
-21,-60,0
-19,-56,2
-20,-55,3
-22,-59,2
-23,-62,-2
-20,-63,-3
-17,-66,-2
-11,-70,-1
-9,-70,0
-9,-73,0
-11,-72,-1
-18,-63,6
-22,-58,13
-28,-51,24
-25,-49,27
-6,-51,32
4,-56,32
16,-67,26
7,-74,19
-1,-74,17
-17,-65,16
-20,-59,14
-21,-54,9
-21,-54,9
-18,-52,7
-17,-52,7
-19,-53,10
-21,-55,11
-23,-57,15
-23,-57,17
-26,-52,23
-30,-62,22
-37,-73,21
-48,-110,16
-34,-109,15
-9,-73,22
-9,-62,19
-17,-64,10
-20,-69,8
-25,-71,3
-24,-69,1
-20,-68,0
-14,-58,2
-13,-57,3
-16,-56,1
-17,-54,1
-15,-56,0
-13,-58,0
-8,-60,2
-6,-59,3
-6,-61,5
-7,-64,4
-10,-64,5
-17,-66,9
-32,-65,24
-20,-60,30
-6,-59,33
11,-69,33
13,-76,27
5,-83,15
-2,-81,11
-17,-67,10
-21,-59,9
-26,-48,6
-26,-46,4
-26,-45,3
-24,-44,4
-24,-48,8
-25,-53,12
-24,-57,15
-18,-61,21
-14,-60,23
-12,-61,23
-16,-69,22
-26,-101,24
-24,-105,20
-15,-79,21
-16,-60,21
-20,-56,17
-22,-64,13
-18,-76,9
-11,-69,2
-10,-66,3
-9,-60,4
-10,-59,3
-16,-52,0
-20,-49,-1
-24,-48,-4
-24,-51,-4
-18,-57,-2
-14,-58,1
-8,-58,6
-6,-60,7
-8,-65,8
-18,-72,10
-25,-72,14
-31,-67,22
-25,-65,24
-4,-67,24
5,-69,23
12,-74,16
7,-75,11
-8,-70,8
-15,-64,9
-23,-54,11
-23,-48,9
-20,-48,8
-14,-46,11
-11,-46,14
-11,-49,16
-12,-53,16
-15,-59,17
-17,-59,16
-26,-74,17
-33,-87,20
-37,-106,14
-30,-96,13
-19,-59,17
-18,-60,13
-20,-67,10
-23,-67,8
-26,-68,5
-24,-62,1
-22,-58,1
-20,-53,1
-21,-52,0
-25,-52,-2
-25,-52,-3
-21,-54,-2
-19,-57,0
-14,-61,5
-8,-68,10
-5,-67,13
-3,-59,18
-3,-59,19
-5,-64,18
-8,-69,19
-18,-76,20
-19,-72,21
-17,-61,22
-17,-59,22
-21,-68,18
-20,-73,13
-12,-70,8
-10,-58,6
-12,-53,5
-17,-48,0
-21,-47,-3
-28,-48,-4
-33,-52,-2
-34,-55,5
-32,-53,8
-29,-58,16
-30,-67,19
-32,-92,19
-25,-104,19
-7,-85,19
5,-68,20
5,-69,22
-2,-75,17
-8,-77,13
-18,-68,2
-18,-60,-2
-17,-51,-4
-18,-50,-4
-27,-54,-5
-28,-54,-6
-24,-55,-7
-22,-61,-8
-19,-61,-6
-12,-62,-2
-12,-69,-4
-18,-66,-4
-23,-64,0
-35,-53,12
-38,-50,17
-30,-46,23
-23,-52,23
-5,-67,22
5,-76,22
13,-79,23
0,-68,20
-7,-62,19
-16,-55,15
-19,-53,12
-21,-51,9
-19,-52,8
-16,-53,11
-18,-55,12
-23,-56,14
-26,-58,15
-39,-77,17
-49,-88,16
-45,-101,9
-16,-75,18
-11,-60,19
-14,-57,12
-18,-62,11
-27,-68,8
-30,-68,5
-27,-67,-2
-25,-63,-2
-21,-60,-1
-21,-62,-1
-21,-67,-3
-18,-69,-5
-16,-71,-5
-12,-69,-4
-11,-65,-3
-10,-67,0
-10,-68,1
-16,-58,9
-22,-53,18
-25,-48,26
-5,-44,30
6,-47,32
12,-55,31
12,-69,25
4,-76,19
-3,-73,17
-16,-63,13
-20,-60,11
-25,-58,8
-27,-57,7
-28,-57,6
-28,-57,7
-30,-61,11
-33,-63,13
-37,-64,18
-36,-63,21
-31,-65,22
-33,-88,22
-33,-100,22
-13,-98,21
-10,-80,22
-15,-62,16
-16,-62,10
-18,-75,4
-20,-82,1
-19,-75,-7
-19,-76,-8
-16,-70,-7
-13,-64,-7
-17,-59,-9
-24,-57,-11
-26,-58,-12
-23,-61,-12
-20,-62,-10
-14,-63,-5
-11,-71,-4
-9,-66,6
-13,-63,13
-18,-57,25
-12,-53,28
3,-47,34
7,-55,36
14,-71,38
15,-79,35
10,-82,30
-3,-78,23
-7,-76,22
-11,-71,20
-13,-68,17
-16,-61,10
-18,-58,8
-23,-54,4
-27,-53,4
-33,-57,5
-31,-56,7
-28,-54,9
-28,-51,13
-30,-53,14
-34,-67,15
-35,-80,15
-25,-93,14
-18,-88,16
-15,-70,17
-15,-65,15
-14,-68,10
-14,-70,9
-15,-82,9
-8,-75,4
-5,-70,2
-6,-65,3
-7,-63,1
-13,-59,-4
-17,-56,-5
-21,-56,-4
-19,-58,-3
-15,-58,0
-13,-59,2
-5,-60,7
-6,-63,6
-10,-67,8
-21,-64,11
-21,-60,15
-13,-59,26
-10,-60,30
-3,-71,29
7,-71,33
11,-76,28
7,-79,23
-1,-70,12
-7,-66,6
-19,-59,3
-23,-57,3
-25,-59,-1
-20,-62,0
-18,-61,1
-12,-61,7
-11,-60,10
-16,-61,10
-17,-63,8
-16,-66,6
-15,-66,7
-15,-65,8
-16,-63,9
-17,-60,11
-17,-59,12
-17,-60,15
-16,-60,18
-14,-59,20
-12,-58,22
-11,-57,23
-7,-56,22
-6,-55,20
-7,-52,17
-8,-51,15
-13,-50,15
-19,-49,17
-28,-64,19
-22,-67,18
-19,-66,16
-15,-63,14
-19,-64,14
-24,-66,10
-26,-66,6
-35,-72,3
-41,-76,1
-32,-69,0
-24,-64,2
-23,-57,2
-27,-49,-3
-30,-45,-4
-36,-38,-7
-42,-36,-8
-52,-34,-11
-56,-36,-13
-54,-41,-12
-52,-44,-11
-48,-51,-7
-47,-54,-5
-47,-54,1
-48,-53,3
-52,-47,6
-53,-44,8
-51,-43,7
-44,-42,5
-41,-42,4
-35,-42,4
-33,-43,4
-31,-46,3
-31,-50,3
-28,-62,0
-26,-70,-1
-24,-79,2
-25,-81,6
-28,-76,9
-29,-68,8
-28,-62,7
-22,-55,7
-20,-54,6
-15,-54,6
-16,-54,7
-19,-55,10
-21,-57,10
-22,-57,14
-21,-56,16
-16,-54,20
-12,-54,21
-9,-55,22
-8,-59,23
-7,-59,23
-10,-61,23
-13,-62,22
-19,-63,20
-21,-62,19
-24,-69,16
-28,-79,15
-36,-97,13
-36,-98,11
-31,-71,15
-29,-61,15
-24,-53,10
-25,-63,5
-27,-66,4
-27,-64,-1
-26,-68,-3
-22,-67,-3
-20,-63,-3
-20,-65,-2
-20,-64,-2
-18,-62,-3
-18,-63,-3
-16,-68,-3
-14,-67,-2
-12,-65,1
-10,-69,3
-10,-68,6
-13,-64,17
-15,-62,25
-10,-57,36
-1,-53,40
16,-52,40
17,-56,35
8,-68,23
1,-73,18
-15,-76,11
-22,-71,10
-27,-59,7
-27,-54,4
-28,-52,3
-27,-51,4
-26,-51,7
-26,-55,12
-25,-56,15
-23,-59,21
-22,-59,24
-20,-56,28
-20,-58,27
-29,-79,23
-30,-101,20
-25,-95,20
-19,-66,24
-19,-58,22
-18,-57,14
-17,-58,10
-19,-70,7
-19,-69,5
-16,-68,2
-15,-66,1
-16,-62,1
-17,-61,0
-18,-58,-2
-20,-56,-4
-20,-58,-4
-16,-60,-1
-14,-61,1
-9,-61,7
-9,-59,10
-7,-62,13
-6,-64,15
-12,-70,22
-16,-72,26
-12,-68,31
-6,-64,32
4,-63,27
3,-70,14
0,-72,9
-10,-74,4
-15,-70,2
-22,-55,2
-25,-50,3
-29,-47,3
-28,-46,3
-22,-47,6
-20,-47,9
-19,-52,14
-18,-57,19
-19,-58,20
-33,-75,23
-41,-86,23
-41,-107,16
-32,-99,15
-24,-68,17
-24,-64,16
-24,-67,9
-23,-70,7
-30,-62,0
-36,-58,-8
-41,-52,-19
-40,-52,-22
-43,-56,-23
-45,-57,-21
-43,-55,-19
-37,-53,-14
-35,-53,-11
-27,-53,-5
-24,-48,-5
-45,-32,-18
-56,-32,-23
-68,-35,-23
-66,-32,-19
-63,-26,-18
-66,-29,-17
-66,-27,-13
-62,-25,-9
-59,-27,-12
-56,-26,-22
-55,-24,-25
-54,-20,-25
-54,-16,-24
-54,-8,-20
-55,-5,-18
-59,1,-16
-61,3,-16
-65,10,-15
-69,14,-13
-72,16,-15
-75,17,-15
-67,21,-11
-52,29,-10
-48,32,-8
-55,27,1
-56,24,5
-66,17,15
-67,10,19
-60,5,19
-54,8,13
-52,15,-2
-49,16,-4
-52,16,-3
-61,13,2
-68,10,2
-70,4,4
-64,2,5
-54,-1,7
-54,-2,7
-57,-1,7
-61,-1,9
-65,-2,12
-66,-3,16
-65,-2,19
-68,-1,21
-69,-2,19
-72,-5,15
-78,-8,13
-76,-18,22
-63,-24,30
-40,-28,35
-40,-29,29
-49,-23,14
-53,-18,12
-62,-11,15
-66,-9,23
-65,-11,24
-57,-11,24
-57,-9,23
-58,-5,23
-60,-2,24
-64,2,24
-66,4,23
-65,8,22
-64,11,23
-67,15,18
-71,17,13
-96,10,-4
-74,1,4
-58,0,13
-50,-2,17
-57,1,11
-74,6,-7
-72,4,-9
-54,2,2
-48,0,7
-46,0,12
-51,-5,14
-57,-8,13
-62,-9,14
-58,-12,17
-36,-16,27
-18,-18,33
14,-25,40
13,-32,36
-12,-54,22
-23,-63,19
-39,-76,21
-35,-75,23
-20,-81,21
-11,-89,19
-2,-97,12
-3,-96,8
-13,-89,5
-27,-69,7
-31,-61,8
-35,-55,7
-35,-54,7
-26,-49,11
-24,-51,14
-22,-52,21
-21,-55,23
-20,-59,25
-19,-62,25
-20,-79,21
-19,-95,16
-17,-90,14
-19,-69,15
-21,-60,15
-21,-54,13
-19,-52,11
-20,-52,9
-24,-56,8
-29,-61,4
-31,-62,2
-29,-68,0
-26,-68,0
-19,-68,2
-16,-65,3
-17,-62,1
-20,-58,-3
-22,-56,-4
-24,-56,-6
-25,-56,-6
-25,-54,-4
-25,-54,0
-27,-57,9
-24,-62,11
-11,-70,14
-1,-76,23
0,-74,29
0,-68,35
-3,-65,34
-8,-61,26
-11,-64,22
-11,-71,15
-11,-73,13
-14,-72,9
-17,-68,9
-21,-56,8
-23,-52,7
-23,-51,4
-22,-50,4
-17,-48,8
-15,-48,12
-14,-49,14
-15,-53,18
-16,-55,20
-19,-57,24
-20,-57,25
-22,-68,21
-29,-81,21
-40,-108,20
-34,-104,22
-23,-72,25
-19,-59,18
-18,-57,13
-23,-62,8
-27,-68,7
-28,-75,1
-26,-71,0
-20,-68,-4
-18,-66,-5
-18,-63,-7
-19,-60,-8
-23,-57,-10
-24,-58,-11
-23,-60,-10
-20,-63,-5
-20,-63,-2
-18,-63,6
-16,-65,8
-9,-66,17
-5,-66,24
0,-69,40
6,-69,45
16,-63,44
15,-64,37
6,-71,22
1,-74,16
-8,-78,11
-18,-68,10
-20,-60,9
-23,-52,4
-23,-51,2
-25,-50,-3
-26,-51,-3
-27,-53,-2
-27,-53,0
-28,-52,5
-31,-52,8
-37,-53,14
-38,-61,18
-34,-69,19
-21,-97,21
-9,-107,23
-1,-80,26
-8,-70,24
-20,-69,16
-23,-71,13
-25,-85,7
-27,-88,4
-33,-84,-3
-31,-74,-6
-33,-65,-6
-41,-56,-6
-48,-50,-10
-48,-43,-7
-44,-40,-3
-38,-32,3
-38,-30,7
-35,-26,12
-35,-23,14
-40,-19,18
-42,-16,21
-51,-15,25
-55,-13,26
-60,-10,25
-64,-8,26
-62,-8,28
-61,-11,24
-65,-12,23
-61,-12,24
-56,-10,26
-49,-12,36
-39,-6,48
-41,-12,42
-46,-17,44
-44,-16,49
-45,-16,48
-40,-16,51
-38,-16,49
-39,-15,47
-38,-12,52
-38,-11,52
-38,-12,49
-38,-12,50
-38,-14,53
-36,-14,52
-34,-12,50
-34,-12,49
-35,-14,50
-34,-15,51
-32,-15,50
-33,-16,49
-39,-19,50
-37,-21,54
-31,-20,55
-30,-20,56
-31,-19,55
-33,-17,52
-33,-17,52
-33,-16,52
-33,-17,52
-32,-18,51
-32,-18,52
-33,-17,53
-34,-17,52
-34,-18,50
-35,-18,51
-36,-17,52
-35,-17,51
-34,-19,51
-33,-19,51
-35,-18,50
-35,-18,51
-34,-18,51
-34,-18,51
-34,-17,52
-34,-18,53
-34,-18,52
-33,-18,51
-34,-17,51
-34,-17,52
-33,-17,52
-33,-17,53
-32,-17,52
-33,-16,54
-35,-15,52
-34,-15,53
-35,-15,52
-36,-14,53
-36,-15,52
-35,-15,51
-35,-16,51
-34,-17,50
-35,-17,51
-36,-16,51
-36,-16,51
-35,-18,51
-35,-18,50
-35,-18,49
-36,-18,50
-36,-19,49
-35,-20,49
-36,-20,49
-36,-20,50
-35,-20,50
-35,-21,49
-35,-21,49
-35,-20,50
-35,-21,50
-35,-20,50
-35,-20,49
-35,-20,49
-36,-20,49
-35,-20,49
-35,-19,50
-36,-19,50
-34,-19,49
-35,-19,49
-36,-18,51
-36,-18,50
-36,-18,49
-36,-18,49
-36,-17,50
-36,-17,51
-36,-16,50
-36,-15,51
-36,-15,51
-36,-14,52
-36,-14,52
-36,-13,52
-36,-13,51
-36,-13,52
-36,-13,52
-36,-13,51
-36,-13,51
-37,-13,50
-37,-12,50
-36,-13,52
-34,-13,52
-35,-13,52
-35,-13,53
-35,-12,53
-34,-13,53
-34,-13,53
-34,-12,52
-34,-12,53
-34,-12,54
-33,-12,54
-33,-13,53
-33,-13,54
-33,-13,54
-33,-14,53
-33,-13,53
-33,-14,54
-32,-14,54
-32,-16,53
-32,-15,52
-29,-15,57
-27,-16,56
-28,-22,59
-30,-22,56
-41,-17,44
-52,-19,32
-60,-18,24
-62,-18,13
-57,-18,10
-57,-15,10
-57,-14,11
-59,-11,15
-65,-9,15
-66,-6,16
-61,-4,16
-67,-2,13
-69,-1,13
-70,1,11
-71,1,8
-71,1,7
-71,2,7
-72,2,7
-69,2,8
-68,3,9
-69,3,10
-70,2,10
-66,2,14
-65,3,15
-72,1,5
-72,1,2
-63,2,18
-63,1,16
-60,-1,18
-50,-5,24
-50,-6,27
-59,-10,11
-51,-10,14
-47,-10,48
-51,-4,36
-40,-3,41
-40,-1,40
-63,10,-8
-73,17,-13
-68,11,10
-58,12,1
-67,13,-10
-75,22,-20
-67,19,-18
-55,23,-19
-55,19,-19
-55,23,-26
-58,24,-32
-52,26,-19
-54,23,-20
-59,11,-14
-78,16,-33
-64,15,-36
-66,10,-5
-63,10,-1
-64,13,-5
-71,17,-10
-57,23,-8
-49,25,3
-56,16,3
-59,13,0
-65,8,17
-65,8,18
-73,9,4
-64,8,14
-67,6,15
-45,15,1
-46,7,10
-80,2,23
-63,7,15
-63,3,20
-64,6,20
-71,9,10
-64,8,10
-59,5,13
-57,6,20
-64,6,20
-61,18,7
-61,18,6
-87,16,-1
-91,14,5
-56,17,7
-57,16,9
-48,20,10
-40,1,1
-61,-4,7
-65,22,10
-69,11,3
-63,10,2
-56,7,-8
-64,9,-13
-66,10,-14
-59,18,-21
-58,21,-27
-72,28,-37
-73,30,-50
-71,18,-22
-37,26,3
-36,16,38
-35,11,48
-50,8,44
-52,1,38
-38,-3,49
-29,-13,49
-22,-16,58
-55,-15,55
-48,-9,54
-48,-7,19
-77,-10,1
-67,-7,15
-78,-4,21
-58,-7,12
-47,-11,25
-60,-9,21
-73,-13,17
-72,-8,15
-58,-10,18
-56,-12,18
-61,-16,19
-52,-14,17
-60,-13,20
-56,-10,16
-60,-6,13
-66,-6,12
-66,-2,4
-70,-2,4
-78,-2,5
-77,-5,2
-72,-5,6
-60,-10,8
-59,-11,9
-56,-12,5
-57,-11,5
-58,-11,7
-62,-10,9
-66,-11,12
-66,-12,13
-66,-11,12
-66,-9,8
-66,-10,5
-65,-9,5
-65,-10,5
-65,-9,6
-63,-8,6
-62,-9,6
-62,-9,6
-62,-13,6
-63,-14,5
-63,-17,6
-63,-18,7
-63,-18,10
-62,-15,9
-67,-12,6
-75,-4,10
-69,-1,11
-74,-3,3
-71,-6,6
-56,-10,17
-52,-13,20
-42,-20,20
-40,-25,31
-32,-24,48
-34,-25,44
-36,-31,40
-49,-26,46
-55,-24,43
-46,-19,46
-44,-18,50
-40,-20,47
-37,-19,48
-37,-22,45
-37,-23,51
-31,-17,53
-31,-18,53
-20,-20,60
-20,-19,61
-17,-18,59
-15,-17,58
-14,-18,59
-15,-20,61
-17,-22,63
-13,-21,67
-10,-19,66
-21,-19,58
-28,-19,54
-44,-17,46
-46,-14,42
-43,-6,43
-43,1,45
-53,7,31
-59,5,7
-69,8,6
-66,7,9
-61,11,2
-50,9,5
-35,8,9
-55,2,12
-54,3,20
-52,-11,30
-41,-10,43
-33,-7,63
-46,-9,63
-40,-11,61
-35,-28,57
-77,-13,53
-53,-9,42
-44,-5,45
-40,-3,45
-35,-5,52
-46,-6,50
-51,-7,51
-46,-10,43
-40,-11,42
-34,-11,50
-33,-16,51
-24,-15,62
-25,-20,59
-34,-19,62
-42,-13,59
-44,-12,50
-37,-7,57
-35,-11,49
-25,-14,47
-24,-19,52
-15,-21,56
-20,-24,53
-15,-19,64
-36,-20,58
-34,-16,58
-3,-13,54
-4,-21,51
-32,-18,59
-57,-24,44
-20,-16,51
-14,-18,62
-11,-21,61
-16,-24,53
-20,-20,48
-18,-20,48
-18,-19,51
-15,-19,66
-16,-23,65
-22,-16,60
-9,-37,69
-10,-8,63
-10,-14,55
-10,-17,51
-17,-18,55
-11,-21,56
-10,-22,66
-19,-16,59
-36,-21,58
-25,-15,71
-17,-17,56
-25,-19,48
-25,-19,56
-25,-18,55
-14,-19,57
-22,-22,53
-35,-18,45
-33,-19,45
-36,-23,47
-33,-21,45
-37,-16,51
-55,-18,51
-56,-20,47
-47,-14,44
-55,-17,38
-45,-19,37
-45,-19,39
-60,-12,5
-54,-10,0
-71,-13,1
-69,-14,2
-68,-10,2
-64,-8,8
-70,-16,25
-49,-15,40
-52,-12,32
-19,-20,45
-26,-20,52
-39,-19,50
-36,-17,49
-37,-20,47
-26,-19,52
-31,-24,66
-21,-20,66
-17,-18,63
-7,-19,60
-2,-21,48
-20,-25,57
27,-27,58
-7,-26,49
-7,-15,64
-13,-20,67
-12,-23,63
-4,-18,47
-2,-21,55
0,-21,56
-8,-28,67
1,-31,63
18,-34,54
16,-34,56
14,-35,63
14,-29,67
-11,-26,55
-11,-25,48
15,-22,55
10,-26,56
-4,-21,51
-8,-15,54
-9,-22,68
-7,-19,70
-20,-14,48
-35,-1,55
-31,6,64
-23,-11,45
-29,-6,53
-49,-4,50
-40,-5,50
-7,-12,67
-17,-9,70
-20,-8,63
-24,-11,59
-23,-14,61
-19,-17,64
-23,-13,66
-19,-12,58
-19,-9,58
-24,-4,62
-30,-5,52
-41,-3,45
-55,-2,40
-49,-2,43
-45,1,40
-57,8,43
-55,4,37
-41,-1,42
-47,-1,47
-33,-4,57
-51,-14,36
-34,-11,56
-12,-8,69
-18,-12,61
-1,-10,69
-2,-12,64
2,-19,61
-3,-13,63
6,-2,57
1,-3,54
-7,-14,54
-12,-17,62
-21,-9,60
-9,1,67
-4,-3,64
-12,-8,60
-25,-8,60
-15,-7,62
-15,-10,55
-32,-10,61
-41,-10,64
-35,-5,57
-33,-3,54
-19,-5,58
-11,-5,65
-12,-8,62
-22,-15,65
-24,-15,59
-20,-7,56
-31,-3,50
-32,3,54
-33,3,51
-42,-3,46
-49,-5,47
-54,-7,48
-50,-3,41
-53,-7,39
-45,-7,43
-41,-10,41
-44,-4,28
-49,-19,46
-57,-18,46
-40,-12,47
-38,-8,46
-46,-8,44
-43,-9,50
-37,-11,47
-29,-13,49
-32,-15,55
-26,-13,56
-22,-14,50
-30,-16,52
-33,-13,54
-33,-12,53
-26,-8,62
-24,-10,53
-25,-12,63
-28,-11,66
-27,-12,57
-30,-17,50
-21,-16,57
-22,-16,58
-11,-18,53
-7,-21,57
-10,-20,55
-22,-14,46
-32,-12,42
-17,-24,62
-25,-24,58
-31,-21,55
-28,-19,56
-22,-22,61
-32,-20,57
-27,-18,56
-28,-16,56
-31,-16,53
-32,-11,50
-36,-11,48
-40,-12,49
-46,-11,45
-47,-5,47
-49,-5,47
-48,-6,45
-51,-6,45
-51,-5,45
-50,-7,45
-45,-12,45
-42,-13,47
-41,-12,47
-44,-12,46
-43,-12,46
-44,-12,44
-43,-11,44
-42,-8,45
-43,-8,45
-47,-10,45
-49,-10,45
-49,-13,44
-46,-14,44
-43,-16,45
-44,-16,45
-44,-15,45
-42,-13,44
-43,-12,45
-43,-12,46
-44,-12,46
-43,-11,46
-44,-11,45
-44,-11,44
-43,-11,43
-43,-12,44
-46,-11,45
-48,-7,44
-47,-11,38
-65,-16,33
-61,-5,56
-52,2,55
-43,-1,43
-29,-6,45
-13,-9,52
-10,-14,48
-9,-20,58
-15,-25,56
-26,-25,55
-22,-21,54
-20,-21,53
-15,-6,55
-24,-5,49
-46,-10,46
-58,-7,47
-83,-18,29
-66,-9,30
-52,-5,28
-46,-12,30
-49,-17,39
-47,-18,38
-44,-24,42
-44,-21,41
-44,-21,35
-53,-18,33
-58,-19,33
-53,-18,31
-49,-17,35
-56,-17,36
-53,-18,33
-54,-18,34
-56,-15,25
-61,-18,21
-64,-17,16
-52,-20,30
-47,-21,29
-47,-22,35
-57,-20,33
-50,-21,34
-57,-22,19
-40,-33,33
-51,-28,33
-54,-27,32
-60,-21,29
-53,-19,33
-54,-18,29
-53,-16,34
-57,-18,28
-62,-16,19
-66,-15,17
-64,-11,13
-62,-12,11
-60,-13,15
-60,-13,15
-54,-13,17
-53,-15,19
-64,-9,21
-59,-8,20
-64,-9,21
-66,-6,22
-58,-4,23
-59,-7,19
-64,-6,19
-67,-3,20
-65,-3,20
-58,-3,20
-58,-1,18
-57,1,14
-55,3,14
-56,5,13
-58,7,12
-65,8,11
-64,10,13
-66,13,12
-70,12,10
-71,12,9
-66,11,9
-62,10,9
-59,9,11
-59,8,13
-62,7,14
-61,5,16
-68,4,13
-69,4,11
-70,2,10
-65,3,12
-61,4,10
-64,5,20
-64,4,16
-74,10,12
-57,5,22
-71,1,15
-81,-2,8
-81,-7,4
-73,-9,6
-62,-10,8
-57,-9,8
-52,-10,9
-53,-14,10
-54,-16,11
-61,-20,10
-62,-20,11
-61,-15,14
-61,-12,16
-64,-7,20
-65,-6,19
-62,-2,15
-58,-1,16
-57,4,19
-58,6,22
-60,9,29
-65,13,32
-71,14,26
-92,7,7
-99,4,4
-74,2,4
-56,3,8
-49,6,9
-51,8,8
-57,8,8
-60,7,10
-63,5,13
-61,3,13
-58,3,12
-58,2,13
-58,2,14
-54,0,28
-53,0,34
-61,1,33
-65,3,28
-64,4,23
-63,5,22
-66,3,25
-74,1,23
-88,-8,17
-85,-11,18
-59,-10,20
-50,-10,17
-49,-11,14
-48,-14,14
-46,-15,16
-51,-17,12
-52,-13,15
-62,-6,11
-60,-3,13
-61,4,17
-62,7,15
-64,14,20
-67,15,28
-73,14,24
-70,11,21
-69,12,17
-70,16,12
-75,17,9
-87,6,5
-82,2,0
-64,-3,-4
-53,-2,-3
-45,2,-1
-50,3,-3
-65,-2,-5
-65,-5,-2
-64,-7,1
-60,-5,6
-59,-3,6
-60,-2,4
-60,-2,7
-54,-2,19
-60,-1,17
-70,-3,5
-73,-4,0
-67,-10,3
-64,-15,12
-64,-20,19
-45,-33,23
-62,-25,8
-28,-44,12
-25,-48,11
-11,-58,16
-6,-64,18
-4,-79,17
-6,-88,12
-12,-109,-3
-16,-114,-9
-24,-97,-14
-31,-68,-11
-34,-60,-10
-43,-54,-13
-47,-53,-15
-43,-52,-14
-39,-51,-9
-35,-51,0
-37,-51,4
-47,-53,13
-52,-57,16
-45,-66,21
-19,-82,25
-13,-95,28
-2,-122,25
2,-113,21
-11,-79,13
-12,-68,9
-6,-57,12
-3,-59,11
-20,-65,11
-43,-74,-4
-43,-74,-18
-29,-67,-17
-12,-58,-7
-13,-57,-3
-22,-54,-5
-29,-50,-9
-28,-48,-9
-20,-49,-4
-17,-49,-1
-11,-52,5
-11,-58,7
-22,-61,19
-26,-61,24
-20,-62,30
-11,-62,35
9,-65,44
12,-70,42
3,-84,24
-13,-84,12
-19,-80,10
-24,-64,8
-25,-57,8
-27,-49,6
-28,-48,5
-26,-45,4
-24,-45,4
-24,-47,6
-27,-49,8
-35,-55,15
-38,-55,19
-39,-62,19
-44,-93,16
-39,-105,11
-13,-97,13
-8,-79,15
-13,-66,13
-17,-67,12
-31,-78,9
-41,-79,1
-46,-76,-19
-40,-69,-21
-30,-60,-19
-32,-55,-19
-35,-53,-20
-35,-48,-21
-34,-47,-21
-28,-45,-18
-25,-47,-17
-22,-47,-9
-21,-47,-3
-14,-50,7
-12,-50,13
-12,-55,27
-10,-60,31
-1,-64,34
7,-72,34
3,-77,30
-9,-88,19
-13,-90,16
-14,-86,15
-16,-80,15
-18,-63,10
-20,-57,7
-27,-52,1
-31,-49,-1
-36,-46,-3
-35,-47,1
-34,-49,5
-31,-56,13
-31,-61,17
-27,-70,24
-23,-70,25
-16,-76,23
-16,-85,23
-17,-101,20
-16,-94,17
-15,-73,15
-14,-63,14
-12,-56,10
-14,-57,7
-27,-63,4
-37,-70,-6
-37,-70,-12
-26,-65,-14
-22,-61,-11
-21,-58,-6
-22,-55,-6
-25,-51,-11
-26,-49,-12
-27,-53,-10
-25,-54,-8
-23,-55,-1
-21,-63,5
-19,-65,9
-14,-69,19
-8,-67,25
7,-65,34
9,-64,36
2,-71,32
1,-73,28
2,-75,18
1,-76,15
-7,-74,12
-12,-70,12
-20,-58,11
-25,-53,8
-25,-52,6
-24,-48,6
-22,-48,8
-20,-50,11
-21,-52,13
-24,-56,17
-26,-59,19
-25,-61,23
-25,-68,22
-28,-85,20
-28,-96,18
-17,-85,17
-14,-64,18
-14,-59,15
-16,-59,11
-17,-61,10
-20,-56,6
-21,-54,3
-19,-65,1
-18,-61,1
-20,-60,1
-22,-59,1
-21,-55,0
-18,-56,-1
-16,-58,0
-13,-59,2
-12,-59,4
-13,-57,9
-15,-56,11
-16,-62,15
-15,-67,17
-11,-78,23
-8,-80,26
2,-75,33
4,-70,34
-3,-62,24
-9,-62,13
-10,-65,10
-10,-67,6
-12,-65,3
-16,-56,3
-18,-50,5
-23,-45,6
-24,-43,6
-22,-45,7
-21,-47,9
-17,-52,15
-16,-56,17
-13,-63,23
-14,-66,26
-16,-67,25
-25,-80,22
-31,-88,21
-31,-99,20
-25,-89,21
-19,-65,21
-18,-60,18
-18,-65,11
-19,-73,10
-18,-76,3
-16,-74,-1
-13,-66,-3
-13,-61,-2
-16,-61,-3
-24,-57,-4
-26,-55,-5
-23,-56,-6
-19,-56,-4
-11,-54,1
-8,-54,3
-2,-60,6
0,-61,6
-7,-63,6
-16,-65,9
-37,-67,18
-37,-72,23
-26,-76,22
15,-76,23
30,-75,23
24,-75,14
11,-73,11
-15,-65,12
-21,-61,11
-26,-49,6
-25,-47,5
-20,-44,7
-15,-44,10
-14,-45,11
-15,-50,13
-16,-54,14
-17,-62,15
-16,-63,15
-17,-64,15
-21,-71,16
-36,-94,17
-37,-98,16
-38,-91,13
-40,-78,13
-35,-57,7
-34,-61,-3
-44,-57,-8
-70,-53,-32
-62,-49,-35
-39,-40,-41
-36,-37,-39
-39,-41,-38
-35,-39,-34
-28,-42,-18
-29,-52,2
-27,-50,4
-37,-47,-8
-46,-49,-11
-64,-45,-14
-65,-36,-13
-70,-25,-17
-56,-20,-8
-58,-16,4
-63,-18,5
-91,-42,0
-81,-46,6
-33,-25,5
-22,-21,10
-19,-31,19
-32,-41,23
-39,-44,26
-44,-42,43
-52,-39,48
-54,-29,42
-39,-26,38
-21,-24,44
-28,-35,38
-35,-38,27
15,-52,36
-23,-64,32
-24,-61,35
-28,-56,33
-40,-51,19
-46,-48,16
-53,-49,12
-58,-52,8
-67,-52,-2
-65,-47,-3
-58,-36,-2
-60,-35,-1
-63,-39,0
-66,-44,-2
-67,-55,-13
-64,-57,-15
-51,-53,-7
-47,-55,0
-43,-56,0
-36,-57,1
-32,-59,1
-25,-62,5
-20,-63,7
-9,-61,10
-6,-63,11
-4,-69,8
-7,-67,7
-16,-59,8
-19,-57,9
-22,-53,11
-21,-55,11
-19,-61,10
-13,-73,7
-8,-77,5
-6,-76,6
-11,-69,7
-22,-55,6
-30,-53,4
-39,-56,1
-36,-55,0
-25,-53,6
-21,-52,11
-18,-52,18
-30,-71,21
-42,-89,25
-42,-112,13
-31,-98,9
-23,-59,17
-24,-59,18
-26,-67,12
-30,-68,6
-41,-63,-8
-51,-62,-17
-40,-56,-18
-32,-52,-17
-34,-48,-18
-44,-46,-24
-47,-47,-26
-43,-52,-24
-40,-52,-21
-37,-50,-17
-35,-48,-14
-37,-50,-9
-38,-49,-9
-47,-42,-5
-57,-41,-1
-68,-37,4
-69,-30,3
-73,-29,0
-58,-26,-6
-56,-26,-8
-54,-25,-19
-56,-26,-28
-52,-22,-31
-48,-20,-29
-43,-16,-28
-47,-14,-33
-45,-14,-33
-45,-8,-32
-53,-7,-33
-53,-3,-35
-50,-5,-48
-45,-10,-64
-38,-11,-58
-34,-12,-44
-31,-11,-36
-18,-11,-35
-15,-13,-37
-20,-18,-45
-21,-25,-52
-19,-32,-55
-24,-32,-50
-19,-33,-42
-58,-22,-46
-39,-44,-31
-50,-46,-38
-43,-55,-42
-34,-61,-31
-28,-67,-31
-24,-71,-28
-22,-66,-22
-30,-55,-17
-33,-52,-14
-34,-49,-8
-38,-47,-4
-39,-49,-4
-43,-52,1
-39,-52,4
-33,-55,12
-30,-55,13
-23,-53,18
-22,-51,21
-18,-49,19
-17,-48,21
-17,-48,24
-18,-49,25
-24,-59,20
-23,-62,17
-29,-70,12
-22,-74,4
-18,-66,-1
-14,-66,-13
0,-68,-8
9,-73,-3
-1,-72,-8
2,-66,-15
3,-68,-18
-6,-73,-20
-6,-66,-23
-12,-64,-22
13,-65,-11
18,-62,-7
-1,-76,-1
-5,-75,7
-15,-63,-6
-5,-65,-3
1,-69,-14
-6,-73,-16
-9,-87,-9
-3,-90,-3
-11,-69,-23
-4,-72,-16
2,-74,-9
-8,-74,0
-22,-80,9
-43,-70,7
-48,-66,2
-47,-61,2
-40,-53,4
-35,-56,0
-31,-57,2
-42,-54,-10
-43,-49,-16
-38,-47,-18
-33,-48,7
-26,-47,25
-27,-46,34
-41,-43,20
-50,-38,21
-59,-35,12
-59,-28,11
-59,-29,11
-58,-27,13
-54,-27,15
-56,-24,14
-57,-22,14
-56,-18,21
-49,-15,22
-43,-15,25
-47,-10,24
-47,-10,23
-30,-11,21
-22,-12,25
-40,-9,20
-59,-1,15
-70,-12,17
-70,-12,28
-68,-11,18
-73,-3,13
-67,-3,14
-62,-7,12
-61,-10,13
-57,-14,13
-61,-13,16
-65,-11,12
-64,-12,13
-63,-14,16
-63,-16,16
-62,-16,16
-61,-17,17
-58,-19,18
-57,-19,19
-53,-19,21
-54,-18,23
-56,-18,24
-58,-15,22
-59,-13,19
-63,-8,24
-64,-7,23
-57,-9,25
-54,-11,25
-55,-12,24
-58,-13,27
-59,-14,25
-59,-13,25
-64,-12,28
-65,-12,22
-68,-11,17
-68,-8,11
-69,-8,12
-70,-7,10
-71,-5,9
-67,-5,10
-66,-6,11
-64,-5,15
-65,-4,15
-62,-2,12
-59,-3,17
-61,-3,17
-59,-1,26
-55,0,24
-52,-1,29
-61,6,33
-62,3,42
-52,5,46
-54,8,44
-75,6,31
-66,1,51
-66,4,57
-55,1,43
-43,6,28
-42,8,27
-44,13,26
-36,-6,27
-22,3,47
25,-25,79
-39,-15,27
-90,-23,5
-42,-16,51
-41,-19,54
-48,-11,72
-45,-20,59
-44,-27,43
-37,-25,52
-43,-21,50
-37,-20,41
-41,-20,42
-47,-13,46
-43,-10,53
-30,-14,51
-33,-15,48
-42,-13,47
-41,-15,48
-37,-15,50
-36,-14,48
-37,-14,50
-38,-14,48
-35,-14,47
-36,-13,48
-36,-16,45
-43,-20,48
-52,-18,56
-45,-18,43
-46,-17,39
-58,-17,43
-59,-11,43
-43,-4,56
-55,8,19
-63,0,28
-61,-4,44
-49,-3,54
-64,-8,25
-57,-9,31
-44,-5,46
-48,-9,32
-60,-8,12
-68,-13,6
-71,-11,-9
-54,-11,-6
-54,-11,-14
-55,-12,-32
-64,-12,-40
-50,-11,-32
-28,-11,-2
-29,-23,-7
-38,-21,-8
-40,-30,-50
-77,-44,-88
-114,-58,-71
-63,-55,-25
-55,-30,-22
-67,-39,-30
-91,-22,-27
-68,-15,-21
-73,-15,-25
-66,4,-24
-42,11,-11
-47,20,-15
-44,27,-7
-42,27,2
-40,20,-5
-25,18,36
-19,18,52
-45,-10,32
-101,-12,19
-75,10,12
-88,11,-2
-79,12,-1
-55,9,10
-67,4,20
-55,12,35
-35,13,15
-67,32,-53
-122,44,-74
-74,33,-41
-63,31,-28
-75,22,-11
-116,22,-31
-95,25,-38
13,-3,27
7,-1,53
-19,69,-70
-43,72,-61
80,15,2
103,76,85
-19,-71,14
11,28,22
1,113,-49
-11,89,8
22,78,18
19,73,36
11,78,32
-6,77,23
-7,79,10
21,76,13
29,66,17
46,50,26
42,43,22
38,28,36
19,31,54
-2,22,62
-13,20,64
-8,17,57
-7,14,44
-3,6,39
7,0,52
-12,-10,42
-2,-4,17
11,7,20
48,-2,46
4,3,54
6,20,78
22,32,88
22,38,52
11,63,23
-4,56,28
-13,33,44
-32,30,46
-50,24,61
-49,22,70
-49,19,78
-47,20,67
-42,19,54
-41,16,49
-31,21,45
-30,20,42
-33,25,47
-38,15,46
-50,23,54
-46,20,47
-40,17,44
-39,11,46
-40,8,46
-40,10,46
-41,10,45
-45,12,49
-44,13,48
-44,14,47
-50,15,44
-46,14,48
-40,14,45
-34,15,44
-20,14,35
-39,9,36
-6,15,31
-26,-5,42
-36,11,44
-32,4,46
-61,3,49
-66,11,58
-53,18,70
-46,13,61
-43,8,48
-53,11,50
-50,13,53
-42,15,50
-43,16,47
-44,17,41
-46,16,37
-43,16,40
-43,14,42
-46,13,44
-42,14,43
-42,16,45
-46,18,45
-46,19,46
-46,19,46
-45,19,47
-48,19,46
-48,19,46
-45,16,44
-43,14,42
-41,13,40
-42,14,40
-44,13,42
-44,12,42
-47,10,43
-48,7,43
-50,6,44
-47,6,47
-46,5,45
-47,5,44
-45,6,44
-40,7,42
-41,8,42
-43,12,43
-45,12,43
-50,13,47
-49,12,47
-45,10,44
-42,12,43
-42,14,44
-47,17,45
-49,17,45
-44,16,42
-43,14,41
-42,13,40
-35,15,40
-54,18,40
-49,20,47
-48,14,40
-41,13,36
-42,20,36
-49,27,41
-50,27,43
-43,25,40
-44,26,36
-46,26,27
-51,26,26
-60,23,30
-63,18,35
-56,10,40
-42,9,37
-40,14,35
-45,22,42
-39,23,53
-40,18,59
-45,17,53
-43,20,57
-41,22,57
-40,27,48
-39,30,43
-36,33,33
-35,32,30
-39,34,27
-41,36,27
-41,35,34
-41,28,43
-38,25,49
-34,20,53
-36,18,50
-39,14,57
-36,14,58
-39,18,50
-41,18,45
-42,17,44
-42,16,44
-42,15,43
-45,15,41
-50,15,39
-51,14,42
-49,13,42
-50,11,43
-51,11,42
-53,14,42
-53,15,44
-54,16,48
-52,17,52
-36,8,58
-27,-1,46
-34,-12,-4
-69,-15,-21
-71,-6,-19
-61,3,-28
-60,3,-33
-74,3,-35
-81,1,-32
-84,-1,-40
-83,4,-49
-71,14,-59
-56,20,-55
-2,17,-17
37,-5,20
47,-43,115
-20,-10,78
-35,-3,57
-15,-5,57
-30,-4,53
-2,-3,71
12,0,82
1,7,75
3,5,75
-21,19,67
-25,25,56
-31,27,42
-48,22,36
-28,14,43
-28,21,46
-25,24,45
-78,-23,10
-85,13,42
-41,11,44
-38,10,40
-44,10,44
-48,9,45
-42,10,43
-41,9,42
-46,6,48
-43,5,47
-42,4,45
-41,2,49
-41,3,49
-44,1,49
-45,0,48
-42,0,45
-42,1,47
-43,-1,46
-44,-2,46
-40,-1,46
-42,-2,47
-46,-1,47
-43,-1,47
-41,-2,49
-43,-2,49
-42,-2,48
-44,-2,48
-43,-1,47
-44,-2,48
-43,-1,46
-43,-2,47
-44,-2,46
-43,-2,47
-43,-1,47
-44,-1,47
-43,-1,47
-43,-2,48
-43,-1,48
-41,-1,48
-42,-1,49
-41,-1,49
-40,-1,49
-39,-1,49
-41,-1,50
-42,-1,49
-41,0,49
-40,0,50
-40,-1,50
-41,-2,51
-40,-2,52
-40,-1,50
-39,-1,49
-40,-1,50
-40,-1,50
-39,-1,50
-39,-1,51
-39,-2,51
-39,-2,52
-39,-2,52
-38,-2,51
-37,-1,50
-37,-2,51
-38,-2,51
-38,-2,52
-38,-2,52
-39,-2,52
-38,-3,52
-37,-2,52
-38,-3,52
-37,-3,51
-39,-2,52
-38,-2,52
-35,-4,54
-36,-3,53
-38,-3,52
-37,-3,52
-36,-3,51
-38,-3,52
-39,-2,50
-40,-3,51
-40,-3,51
-39,-3,50
-40,-4,51
-39,-4,50
-41,-3,49
-41,-3,49
-41,-2,49
-41,-3,51
-41,-3,50
-41,-3,50
-40,-3,50
-40,-3,50
-39,-2,50
-39,-2,51
-39,-2,51
-39,-2,51
-38,-2,51
-38,-2,51
-38,-2,51
-37,-1,51
-39,-1,51
-39,-1,52
-37,-1,50
-36,0,52
-38,0,51
-41,0,53
-39,0,53
-38,0,52
-38,0,52
-39,0,51
-39,1,52
-38,1,51
-38,1,52
-39,1,51
-39,1,51
-39,2,51
-39,2,51
-39,1,51
-35,1,51
-36,2,50
-39,2,50
-35,4,48
-41,1,50
-42,2,51
-41,3,52
-40,3,51
-39,3,52
-40,2,52
-40,3,52
-40,3,52
-39,3,50
-38,3,49
-37,4,48
-39,4,48
-38,3,47
-40,4,52
-40,4,52
-40,4,51
-39,4,51
-39,5,50
-37,4,50
-38,5,50
-38,5,50
-36,6,51
-39,5,52
-38,5,51
-36,5,51
-36,6,51
-36,5,51
-37,5,53
-38,6,53
-38,7,53
-38,7,54
-38,7,53
-37,7,52
-36,8,51
-35,7,50
-39,9,51
-40,7,52
-39,8,52
-37,8,50
-39,7,51
-39,7,52
-36,8,48
-42,10,51
-42,8,52
-40,8,52
-40,8,51
-40,8,50
-39,8,49
-39,8,49
-38,7,49
-39,7,49
-39,7,49
-37,11,51
-38,6,46
-41,7,51
-41,7,51
-39,8,50
-40,8,50
-40,7,49
-39,8,49
-39,7,50
-37,8,49
-39,9,49
-39,8,47
-41,10,52
-39,11,50
-41,8,49
-39,10,51
-39,8,51
-39,9,51
-39,9,51
-38,9,50
-39,9,51
-39,9,51
-39,9,51
-38,9,51
-38,9,51
-37,8,51
-37,8,51
-37,7,51
-37,8,50
-36,7,51
-38,7,51
-38,7,51
-35,9,51
-34,9,50
-42,10,53
-42,11,54
-36,9,52
-30,11,52
-27,12,51
-22,17,46
-27,21,45
-32,22,56
-46,23,66
-59,26,56
-60,28,56
-51,37,50
-48,38,41
-43,32,28
-35,30,25
-29,19,22
-58,10,12
-54,21,22
-49,33,31
-42,32,28
-50,33,31
-46,29,34
-42,28,38
-44,28,38
-39,28,41
-37,28,41
-35,30,42
-36,30,45
-35,30,43
-34,32,43
-36,33,45
-35,33,42
-33,34,42
-34,34,41
-37,35,42
-35,36,39
-34,35,39
-34,36,38
-36,37,38
-35,35,37
-38,37,39
-36,37,38
-37,37,39
-38,37,40
-36,35,40
-35,34,41
-34,34,41
-34,35,41
-36,36,40
-35,37,40
-34,38,39
-34,38,38
-34,38,38
-34,39,37
-34,40,37
-34,40,37
-33,40,37
-34,40,37
-34,41,37
-34,41,38
-35,41,38
-35,41,39
-32,40,39
-33,39,42
-32,38,40
-32,36,40
-32,38,40
-31,38,39
-30,42,39
-32,43,37
-31,44,35
-30,44,34
-32,45,36
-33,45,36
-31,43,36
-31,42,36
-33,42,38
-33,42,39
-32,41,39
-31,40,39
-31,40,39
-31,41,39
-32,42,39
-31,41,37
-31,41,37
-31,42,36
-31,42,36
-32,42,36
-32,43,37
-31,42,37
-31,42,37
-33,42,37
-32,42,36
-32,41,36
-32,42,36
-32,42,36
-32,43,36
-32,43,37
-32,43,37
-32,43,37
-32,42,36
-32,42,36
-32,42,37
-31,42,37
-32,42,36
-32,42,36
-32,42,36
-32,42,35
-32,42,35
-33,43,34
-33,43,35
-33,43,36
-32,41,36
-33,42,36
-34,42,36
-33,41,36
-33,41,37
-33,41,37
-33,41,37
-33,41,37
-33,41,37
-33,41,37
-32,40,37
-33,41,37
-33,40,37
-33,40,37
-33,40,37
-33,40,37
-32,41,34
-33,43,34
-33,45,33
-33,46,34
-32,45,35
-34,45,35
-34,44,36
-32,43,36
-33,42,36
-32,41,36
-33,41,36
-33,41,35
-33,41,36
-32,41,36
-33,42,36
-34,42,36
-34,43,36
-34,43,37
-32,42,37
-32,42,37
-36,41,36
-33,40,36
-33,40,36
-34,40,36
-34,40,35
-35,41,35
-35,41,35
-33,42,35
-33,42,36
-36,43,34
-36,43,34
-34,42,35
-34,42,35
-34,41,35
-34,41,35
-36,40,34
-35,40,35
-34,40,35
-35,41,34
-35,41,34
-35,43,35
-35,44,35
-33,43,35
-33,43,35
-33,42,35
-35,42,34
-34,41,35
-33,40,36
-35,40,35
-35,41,35
-35,41,35
-34,41,36
-33,42,36
-34,43,35
-33,43,35
-33,43,35
-34,42,34
-34,42,33
-34,42,33
-36,43,32
-35,42,32
-36,43,31
-35,44,31
-35,45,29
-35,45,28
-36,46,27
-38,47,26
-37,47,27
-37,48,28
-38,47,28
-42,44,27
-41,43,27
-38,42,30
-39,42,31
-38,40,32
-39,39,31
-39,38,31
-41,37,31
-44,39,33
-41,38,34
-43,36,32
-43,37,32
-43,39,30
-43,41,37
-51,43,36
-54,49,29
-51,52,29
-34,55,49
-43,53,26
-51,50,14
-33,47,11
-27,43,9
-7,44,17
2,36,27
-13,43,26
-17,49,22
-31,54,11
-24,58,17
-11,64,26
-10,62,22
-17,56,10
6,54,26
2,53,26
2,56,23
7,56,23
6,56,22
1,54,22
-7,53,20
-9,55,16
-18,53,9
-19,50,12
-14,46,23
-13,39,27
-26,33,33
-19,22,47
-20,18,48
-52,-3,43
-67,-15,43
-85,-18,36
-96,-18,35
-89,-23,37
-77,-22,38
-65,-19,36
-59,-19,33
-52,-17,28
-59,-12,24
-58,-9,22
-65,-9,20
-67,-14,17
-66,-15,20
-63,-14,22
-53,-15,22
-47,-14,22
-39,-15,25
-34,-17,27
-26,-26,30
-25,-33,30
-27,-46,33
-26,-62,31
-18,-63,29
-5,-64,22
-1,-65,19
-4,-78,14
-10,-86,11
-22,-88,5
-25,-85,4
-28,-66,5
-28,-59,6
-30,-52,6
-31,-51,4
-30,-50,5
-25,-49,10
-24,-51,13
-23,-60,18
-23,-65,19
-22,-70,23
-20,-68,24
-18,-68,25
-18,-72,25
-19,-88,23
-18,-96,21
-14,-76,16
-16,-65,12
-16,-68,10
-15,-75,3
-15,-73,-2
-20,-74,-5
-20,-70,-4
-16,-56,-2
-14,-52,-2
-18,-50,-4
-21,-50,-6
-22,-51,-7
-20,-51,-6
-14,-53,-2
-13,-56,1
-13,-62,0
-17,-73,1
-23,-75,6
-41,-70,23
-41,-68,28
-16,-72,33
-1,-74,33
25,-79,31
32,-78,30
19,-69,22
8,-64,18
-12,-59,16
-22,-52,15
-23,-50,13
-19,-48,9
-17,-49,10
-15,-49,12
-16,-48,13
-15,-49,14
-14,-51,14
-13,-56,14
-12,-59,14
-14,-62,13
-18,-63,13
-25,-64,14
-30,-66,17
-30,-67,19
-24,-72,21
-21,-76,22
-14,-83,21
-12,-85,21
-13,-77,19
-14,-70,17
-14,-58,13
-13,-57,10
-13,-58,6
-16,-57,3
-19,-61,2
-20,-62,-1
-19,-59,-2
-20,-55,-3
-22,-53,-3
-26,-53,-4
-27,-54,-4
-22,-56,-1
-20,-58,1
-15,-63,5
-14,-65,7
-13,-68,8
-17,-73,10
-20,-75,12
-25,-75,17
-25,-74,19
-18,-73,21
-11,-69,23
4,-63,25
10,-62,24
8,-64,17
5,-67,15
-5,-70,9
-9,-68,8
-15,-59,8
-17,-55,12
-16,-54,13
-14,-53,18
-13,-54,20
-14,-54,24
-19,-53,25
-29,-54,24
-31,-53,22
-31,-50,19
-31,-47,19
-35,-43,17
-37,-39,16
-43,-37,12
-49,-42,9
-53,-48,8
-66,-62,6
-67,-62,5
-59,-54,9
-52,-52,10
-44,-53,9
-43,-57,8
-41,-62,6
-38,-63,7
-38,-61,5
-39,-51,4
-40,-44,3
-47,-33,0
-48,-28,1
-49,-25,0
-50,-24,1
-52,-23,3
-56,-23,1
-57,-24,-3
-56,-24,-5
-60,-26,-12
-55,-22,-8
-57,-24,-8
-63,-23,-5
-65,-23,-4
-66,-26,-10
-69,-25,-9
-69,-25,-7
-68,-24,-8
-70,-22,-2
-68,-22,1
-58,-24,4
-63,-26,8
-69,-22,12
-66,-20,16
-63,-15,24
-60,-8,18
-57,-7,20
-48,-5,31
-48,-4,29
-55,-10,25
-53,-12,27
-50,-11,32
-49,-13,35
-50,-15,30
-47,-19,28
-51,-21,34
-46,-13,41
-43,-24,33
-59,-22,40
-53,-14,49
-47,-8,51
-50,-1,46
-34,4,46
-31,2,43
-54,-4,39
-48,-4,44
-39,-4,45
-20,-8,50
-38,-10,48
-25,-2,52
-70,-11,22
-37,-4,54
-46,-6,39
-59,-5,25
-64,-4,26
-66,-6,20
-59,-5,22
-66,-4,17
-75,-6,13
-56,-4,11
-50,-1,12
-72,-1,10
-55,-5,14
-61,-4,11
-62,-5,11
-77,-10,7
-59,-6,9
-62,-5,10
-76,-9,2
-65,-7,6
-64,-5,4
-64,-6,4
-66,-6,-4
-58,-5,2
-62,-6,3
-30,-1,-14
-110,-17,-57
-61,-8,-1
-56,-12,-17
-56,-9,-22
-65,-8,-14
-61,-14,-18
-56,-13,-20
-58,-16,-30
-62,-17,-29
-64,-11,-23
-51,-11,-20
-50,0,12
-57,3,22
-51,-1,36
-59,-3,56
-52,-5,58
-44,-10,59
-42,-13,56
-38,-20,54
-33,-24,56
-35,-21,45
-24,-19,44
-14,-25,39
1,-42,54
-2,-54,59
6,-35,48
-7,-32,42
-74,-24,45
-20,-25,70
-59,-29,35
-35,-26,46
-42,-28,44
-49,-28,40
-41,-26,42
-51,-27,38
-45,-26,38
-53,-26,30
-51,-27,33
-47,-27,38
-34,-26,40
-55,-27,29
-49,-29,35
-46,-32,38
-44,-31,41
-44,-33,40
-41,-33,40
-40,-34,35
-40,-35,32
-37,-33,36
-23,-33,35
-19,-37,41
-33,-30,41
-37,-27,46
-46,-19,52
-42,-17,54
-45,-21,42
-53,-24,38
-54,-25,31
-61,-30,23
-40,-25,42
-38,-26,44
-32,-25,48
-32,-27,42
-29,-27,46
-32,-27,39
-29,-24,37
-55,-35,-2
-56,-39,-6
-54,-31,-26
-67,-28,-41
-85,-31,-44
-79,-32,-43
-61,-31,-42
-41,-33,-14
-47,-26,6
-69,-28,-9
-72,-24,-1
-65,-23,4
-64,-24,6
-56,-23,19
-51,-26,17
-37,-31,20
-40,-29,28
-35,-26,33
-27,-28,31
-27,-44,37
-35,-43,37
-38,-39,37
-44,-31,37
-48,-30,42
-45,-32,43
-44,-36,37
-34,-34,38
-36,-32,37
-51,-35,30
-56,-36,21
-41,-34,28
-44,-31,34
-64,-37,14
-64,-37,5
-33,-29,28
-48,-42,0
-82,-42,-27
-63,-39,-9
-61,-37,1
-49,-36,5
-50,-35,5
-57,-38,4
-57,-38,4
-50,-37,5
-53,-38,3
-56,-38,2
-52,-36,4
-52,-39,10
-51,-38,10
-55,-37,7
-56,-38,7
-57,-37,8
-56,-37,11
-52,-36,15
-50,-37,14
-53,-36,13
-56,-37,13
-54,-36,16
-52,-36,17
-48,-36,19
-47,-34,23
-46,-34,27
-49,-35,24
-47,-34,28
-42,-35,30
-47,-35,26
-50,-35,23
-46,-33,29
-33,-30,43
-49,-35,31
-42,-35,33
-41,-35,32
-46,-34,32
-45,-32,33
-40,-31,35
-40,-30,36
-41,-30,45
-37,-30,46
-43,-33,41
-41,-33,41
-39,-33,38
-37,-34,35
-29,-36,33
-35,-38,19
-40,-37,14
-48,-41,17
-51,-42,18
-51,-40,16
-51,-41,13
-56,-42,10
-59,-43,9
-60,-41,12
-64,-44,10
-62,-43,11
-59,-41,12
-57,-37,11
-60,-38,4
-58,-39,5
-57,-37,7
-57,-38,5
-57,-37,6
-54,-36,5
-55,-36,-3
-57,-36,-3
-59,-32,4
-58,-28,8
-52,-21,15
-56,-20,13
-50,-19,13
-49,-24,14
-49,-26,11
-55,-28,17
-55,-28,16
-52,-33,16
-51,-33,18
-48,-34,20
-50,-34,18
-50,-33,18
-46,-34,23
-45,-35,32
-48,-34,27
-48,-33,29
-49,-34,33
-49,-34,34
-44,-34,39
-44,-34,41
-44,-39,46
-41,-41,44
-43,-32,40
-35,-28,41
-26,-27,44
-30,-32,44
-26,-41,46
-12,-39,46
-7,-39,46
0,-38,46
2,-38,47
0,-41,45
0,-41,45
-1,-45,46
-1,-44,45
1,-45,43
1,-46,40
7,-44,40
11,-45,41
12,-49,41
11,-51,36
14,-48,33
16,-48,33
10,-52,38
15,-56,42
20,-53,43
12,-53,51
4,-54,50
21,-58,28
25,-61,26
19,-54,28
22,-59,21
15,-59,25
-1,-62,19
5,-55,28
-15,-60,14
-19,-60,5
19,-68,15
25,-64,22
22,-68,22
8,-71,21
-5,-94,20
6,-103,26
34,-96,23
38,-87,-11
71,-83,15
38,-79,6
18,-69,2
6,-59,4
-3,-55,-3
-6,-45,-5
-6,-41,-4
-9,-38,1
-13,-39,3
-20,-45,7
-20,-49,8
-16,-58,11
-12,-64,14
-12,-69,15
-7,-75,14
-4,-77,11
-8,-74,7
-11,-70,7
-18,-59,7
-21,-56,6
-22,-64,4
-22,-74,3
-23,-85,0
-22,-79,0
-14,-82,-1
-5,-87,-5
-5,-83,-6
-9,-67,-7
-8,-58,-4
-8,-49,0
-8,-47,2
-10,-50,-2
-9,-55,-4
-5,-63,-6
-3,-65,-6
-4,-64,-7
-5,-64,-8
-6,-59,-7
-9,-61,-10
-9,-67,-13
-15,-73,-13
-18,-73,-9
-24,-73,-4
-30,-78,1
-47,-92,25
-45,-95,31
-25,-84,35
-11,-78,44
2,-63,55
-6,-57,46
-12,-55,41
-15,-48,39
-14,-47,38
-14,-46,40
-14,-47,40
-10,-47,42
-5,-44,43
-7,-35,52
-4,-30,54
3,-28,55
11,-16,58
0,0,60
-12,0,42
-19,-12,41
-12,-28,55
-4,-27,55
-9,-30,50
-3,-30,48
0,-39,50
13,-38,53
12,-24,44
15,-26,45
23,-25,44
20,-29,47
19,-47,69
20,-34,63
14,-30,45
26,-36,41
46,-30,50
40,-32,48
27,-36,45
26,-31,46
31,-26,45
20,-28,48
22,-28,53
33,-27,54
33,-24,54
21,-25,57
28,-21,51
31,-19,46
25,-21,50
24,-23,53
37,-19,52
36,-18,52
22,-24,51
20,-28,45
28,-27,39
36,-23,46
35,-29,53
33,-28,54
30,-21,56
25,-16,62
19,-21,58
20,-29,46
17,-34,49
-1,-63,63
11,-62,56
-2,-46,11
-52,-51,-28
-43,-39,21
-49,-40,40
-44,-14,62
-66,7,50
-95,10,51
-120,4,51
-126,5,44
-128,-15,15
-127,-21,-1
-73,-8,-6
-56,9,-9
-41,24,-18
-37,27,-22
-27,21,-11
-23,20,-7
-29,21,3
-32,19,1
-34,18,5
-42,20,9
-40,23,12
-48,32,3
-43,36,-2
-55,41,4
-54,39,15
-46,47,-2
-40,49,-8
-47,48,2
-42,50,-2
-38,48,-8
-52,49,-6
-53,50,-4
-42,51,-5
-36,51,-5
-45,49,-1
-47,49,1
-38,52,-7
-29,50,-6
-23,47,3
-30,49,2
-46,55,-7
-36,53,-6
-35,53,-5
-41,48,-1
-40,46,2
-41,35,7
-38,29,9
-51,29,-10
-50,35,-18
-31,25,14
-46,32,7
-61,25,-24
-55,26,-14
-52,28,6
-61,23,3
-73,23,2
-71,23,1
-61,19,-4
-79,17,-4
-79,18,-4
-74,18,0
-74,16,1
-73,15,-1
-74,12,0
-70,8,6
-68,7,8
-65,5,10
-69,4,7
-69,4,7
-64,5,8
-65,5,9
-62,5,11
-61,5,12
-64,7,15
-64,6,15
-63,8,15
-65,8,17
-64,8,19
-65,8,19
-64,9,21
-61,10,21
-59,9,23
-54,10,25
-53,9,27
-51,10,30
-51,9,29
-52,8,26
-57,7,28
-59,8,31
-60,8,30
-62,9,28
-57,9,30
-56,10,30
-58,9,25
-58,9,23
-57,8,26
-57,8,28
-59,7,28
-61,7,28
-59,8,29
-59,9,29
-56,9,28
-58,8,27
-59,9,27
-56,8,28
-56,8,28
-55,7,29
-56,7,28
-59,7,26
-57,7,27
-56,6,28
-58,8,27
-56,10,22
-50,13,27
-56,6,38
-57,4,40
-56,-1,40
-51,-4,50
-52,-1,50
-48,0,38
-58,-1,26
-49,5,42
-49,7,39
-51,6,31
-59,8,29
-54,12,40
-47,12,43
-48,12,41
-38,8,43
-39,9,47
-44,10,50
-41,10,50
-40,4,46
-43,4,47
-36,6,54
-33,4,52
-36,2,53
-35,4,56
-32,4,57
-33,4,57
-34,3,56
-35,3,55
-35,3,54
-35,3,53
-34,3,52
-33,3,54
-32,3,54
-34,4,53
-35,3,53
-34,3,55
-32,4,55
-34,4,53
-34,4,54
-33,4,54
-34,4,54
-32,3,53
-41,2,49
-42,2,50
-39,2,52
-41,3,52
-42,2,51
-42,3,50
-39,2,50
-41,1,48
-41,3,46
-44,3,42
-53,2,36
-53,1,34
-50,5,33
-64,3,11
-67,0,3
-73,0,1
-63,1,5
-61,1,4
-62,-2,-1
-73,-2,-14
-72,-5,-13
-73,-4,-19
-70,-6,-16
-62,-8,-11
-61,-4,-5
-69,-2,-1
-49,-4,11
-52,-3,15
-50,-4,26
-35,-6,38
-8,-4,68
-20,-8,61
-54,-19,36
-68,-16,38
-65,-11,33
-55,-11,34
-55,-16,35
-59,-17,31
-51,-18,35
-25,-19,38
-41,-23,29
-57,-26,8
-50,-26,12
-69,-22,-13
-73,-25,-18
-72,-20,-26
-73,-19,-27
-64,-20,-24
-62,-18,-28
-62,-18,-28
-67,-12,-37
-67,-14,-37
-61,-13,-31
-59,-12,-28
-67,-7,-29
-67,-7,-30
-62,-7,-22
-58,-4,-17
-60,-3,-18
-59,-1,-18
-62,4,-21
-60,8,-20
-54,6,-18
-49,10,-16
-56,10,-19
-61,12,-24
-61,13,-24
-59,15,-23
-60,16,-22
-60,16,-21
-60,16,-19
-60,17,-17
-61,17,-18
-60,17,-15
-57,18,-18
-59,18,-20
-58,20,-23
-57,20,-23
-51,21,-19
-52,21,-18
-52,18,-17
-53,18,-18
-53,16,-20
-52,15,-21
-57,13,-27
-56,13,-30
-57,15,-29
-54,15,-33
-53,16,-32
-52,19,-31
-51,19,-33
-54,20,-34
-54,19,-33
-50,17,-32
-56,16,-34
-57,15,-32
-57,15,-34
-57,15,-31
-56,13,-28
-57,13,-28
-59,14,-35
-60,14,-35
-57,13,-34
-57,14,-34
-56,14,-33
-56,15,-31
-56,15,-29
-55,15,-28
-56,16,-26
-57,16,-24
-58,15,-24
-62,14,-23
-62,14,-22
-59,11,-20
-58,10,-16
-69,12,-9
-70,9,-5
-55,10,7
-54,7,19
-42,7,41
-44,6,45
-44,6,46
-53,13,47
-49,18,48
-49,16,37
-46,17,37
-45,17,40
-47,16,43
-48,14,34
-61,12,28
-55,12,45
-47,12,46
-41,6,45
-35,2,48
-50,2,41
-51,4,39
-47,6,43
-44,6,41
-47,6,41
-49,9,38
-48,6,35
-32,1,46
-38,-2,38
-67,-9,24
-56,-7,35
-69,1,27
-69,4,24
-58,4,23
-60,5,10
-50,6,15
-66,5,4
-61,4,5
-60,3,0
-72,0,-6
-63,5,-28
-69,5,-24
-69,4,-28
-65,3,-28
-59,2,-37
-73,4,-49
-61,3,-35
-72,1,-27
-78,-1,-35
-61,-5,-15
-40,-3,7
-51,-5,28
-60,-7,25
-59,-6,31
-59,-5,32
-43,-4,46
-45,-4,46
-41,-7,44
-48,-4,40
-44,-3,47
-48,-4,54
-45,-6,42
-40,-8,39
-42,-5,44
-42,-7,51
-35,-6,48
-50,-1,39
-54,0,37
-54,2,38
-58,3,33
-66,6,26
-66,8,25
-66,14,28
-60,8,26
-64,11,26
-59,7,28
-62,7,25
-47,5,36
-52,4,35
-53,0,35
-47,3,38
-44,3,39
-49,0,35
-50,-3,39
-48,-5,37
-40,-2,47
-33,2,54
-35,3,51
-35,4,52
-40,4,52
-45,5,49
-41,5,50
-39,4,53
-39,3,50
-44,0,47
-42,0,46
-41,3,49
-48,5,51
-39,1,48
-41,4,52
-41,7,51
-45,6,49
-47,5,51
-47,5,56
-46,3,55
-42,12,49
-41,11,47
-33,9,43
-36,0,44
-24,-16,53
-25,-17,46
-27,-13,48
-31,-4,48
-33,7,46
-27,19,49
-43,25,48
-57,10,55
-68,-1,55
-20,-21,66
0,8,64
-13,3,51
-18,11,48
-54,-12,14
-47,2,-9
-86,0,-35
-70,-4,-9
-76,-2,-23
-84,10,-25
-55,5,-14
-100,0,-62
-66,5,-42
-48,5,-22
-71,1,-38
-49,0,-39
-49,0,-40
-48,3,-43
-54,4,-45
-51,2,-45
-50,0,-45
-56,-2,-44
-55,-2,-29
-55,-1,-32
-65,-1,-34
-69,1,-26
-67,4,-17
-63,6,-7
-65,8,4
-80,5,-1
-70,5,6
-47,2,27
-37,0,34
-34,-6,39
-25,-6,48
-23,-7,57
-27,-5,56
-46,-5,44
-28,1,54
-33,-3,58
-35,-3,53
-9,-7,56
-25,0,75
-16,-30,60
-19,-17,51
-18,-12,51
-16,-2,52
-15,4,49
-24,14,50
-31,16,46
-55,9,38
-62,8,37
-65,1,39
-47,-3,45
-44,-9,43
-44,-18,48
-28,-16,61
-28,-18,57
-38,-20,53
-31,-15,56
-29,-14,56
-31,-20,51
-31,-23,54
-24,-18,58
-25,-16,60
-30,-16,56
-26,-20,56
-25,-18,61
-28,-19,58
-28,-20,56
-23,-20,57
-21,-19,60
-22,-19,58
-23,-18,58
-21,-21,57
-19,-20,61
-27,-19,59
-29,-18,59
-30,-25,58
-28,-19,65
-16,-20,59
-22,-15,62
-20,-10,62
-17,-14,59
-11,-10,58
-17,-13,48
-20,-19,45
-14,-30,52
-7,-64,46
-23,-25,54
-30,-16,54
-24,-17,54
-32,-16,52
-41,-17,45
-45,-19,41
-31,-18,39
-47,-14,-2
-60,-17,-12
-51,-15,-34
-69,-13,-53
-82,-15,-47
-60,-13,-31
-58,-13,-30
-60,-14,-35
-69,-11,-46
-68,-13,-44
-59,-14,-40
-56,-16,-30
-57,-19,-19
-58,-15,-10
-59,-16,-1
-59,-18,15
-55,-17,24
-41,-15,35
-27,-14,48
-39,-22,49
-27,-21,51
-24,-20,53
-32,-23,49
-38,-23,46
-17,-18,63
9,-35,35
-28,-16,51
-42,-21,64
3,-13,45
-9,-16,38
-48,-26,21
-35,-24,31
-43,-20,26
-45,-26,27
-41,-34,26
-58,-47,12
-57,-48,17
-62,-56,15
-58,-59,14
-57,-60,21
-56,-60,24
-44,-65,15
-50,-65,12
-45,-65,9
-38,-63,7
-36,-57,-2
-35,-56,-3
-29,-52,-2
-31,-52,-10
-31,-52,-13
-28,-50,-19
-30,-50,-20
-30,-48,-19
-30,-48,-19
-36,-49,-25
-38,-51,-20
-19,-52,0
-18,-53,3
-31,-60,3
-35,-62,1
-34,-63,1
-35,-64,-2
-36,-62,-4
-36,-59,-5
-36,-58,-4
-33,-57,-3
-33,-57,-3
-31,-58,-2
-29,-60,-2
-28,-63,-1
-27,-64,0
-25,-66,1
-22,-65,1
-21,-64,1
-19,-63,2
-18,-63,2
-17,-61,3
-17,-60,3
-18,-59,4
-20,-59,5
-19,-59,9
-21,-59,9
-27,-58,8
-26,-57,10
-26,-56,11
-22,-59,14
-20,-59,13
-16,-62,15
-15,-61,19
-22,-61,18
-26,-61,17
-26,-60,12
-25,-58,11
-22,-57,10
-25,-55,7
-28,-52,2
-31,-51,1
-31,-53,0
-27,-52,-3
-30,-53,-3
-31,-55,-4
-30,-56,-3
-32,-56,-4
-32,-56,-3
-32,-56,0
-31,-55,2
-33,-56,2
-33,-57,2
-41,-60,-1
-40,-63,-2
-33,-64,0
-12,-69,6
-1,-71,12
11,-72,17
9,-70,15
2,-65,11
-2,-64,9
-7,-64,8
-9,-64,7
-15,-64,5
-15,-65,9
-15,-64,10
-16,-60,7
-18,-61,7
-19,-61,3
-18,-61,1
-17,-62,-3
-16,-62,-5
-14,-64,-7
-12,-64,-5
-11,-62,0
-10,-60,0
-10,-58,3
-13,-61,5
-10,-61,7
-10,-64,6
-9,-65,7
-13,-67,6
-13,-68,5
-13,-68,4
-14,-68,2
-13,-70,4
-14,-72,4
-11,-73,5
-11,-69,11
-11,-62,17
-12,-59,12
-9,-60,14
-4,-61,15
-3,-61,13
-3,-63,10
-8,-62,8
-11,-63,18
-9,-62,19
-2,-59,23
-2,-56,25
-12,-52,22
-19,-53,23
-22,-50,30
-22,-47,32
-22,-48,29
-30,-45,24
-30,-46,23
-32,-51,18
-34,-51,16
-36,-53,17
-35,-55,17
-38,-62,18
-41,-66,18
-42,-67,15
-40,-65,17
-33,-59,18
-29,-56,17
-27,-55,17
-31,-56,12
-32,-57,8
-38,-58,-5
-41,-56,-9
-43,-50,-15
-42,-47,-14
-38,-43,-9
-36,-42,-8
-40,-42,-10
-40,-40,-10
-44,-40,-10
-48,-42,-12
-46,-44,-13
-49,-45,-12
-48,-47,-13
-58,-48,-20
-61,-48,-19
-64,-44,-20
-66,-42,-20
-58,-39,-12
-49,-37,-7
-41,-36,-5
-38,-38,-5
-40,-39,-7
-40,-43,-12
-42,-43,-11
-49,-38,-11
-48,-37,-7
-48,-35,-7
-50,-35,-7
-50,-34,-5
-53,-33,-5
-55,-34,-4
-56,-33,-4
-47,-35,-4
-50,-36,-2
-50,-37,-1
-46,-38,3
-43,-40,7
-43,-43,12
-48,-45,11
-44,-47,12
-46,-50,14
-47,-50,21
-52,-53,17
-48,-57,15
-46,-57,13
-43,-57,9
-34,-55,12
-36,-55,14
-34,-55,7
-30,-55,10
-33,-52,1
-34,-51,-7
-40,-54,4
-38,-54,6
-36,-53,-1
-34,-55,1
-32,-55,11
-34,-55,11
-32,-54,8
-31,-56,11
-31,-54,10
-36,-56,11
-39,-56,12
-39,-55,11
-39,-54,10
-39,-53,10
-39,-53,10
-37,-53,9
-39,-53,8
-38,-54,7
-37,-54,8
-36,-54,8
-36,-54,7
-35,-55,8
-35,-53,10
-33,-52,11
-32,-51,12
-33,-51,12
-35,-53,12
-35,-56,12
-32,-60,14
-31,-61,14
-29,-59,16
-24,-56,16
-21,-55,16
-14,-54,15
-12,-55,14
-10,-60,13
-12,-63,12
-17,-64,11
-19,-63,11
-19,-61,11
-18,-60,10
-16,-57,11
-16,-55,12
-18,-54,14
-17,-55,16
-16,-57,16
-16,-60,16
-17,-61,16
-18,-62,16
-20,-63,16
-20,-64,14
-21,-64,13
-21,-63,12
-22,-64,11
-21,-68,9
-22,-74,6
-23,-77,5
-24,-77,1
-22,-74,0
-17,-65,-2
-14,-63,-3
-11,-66,-4
-11,-66,-5
-12,-65,-6
-13,-65,-8
-14,-61,-9
-15,-60,-10
-18,-56,-9
-19,-54,-8
-19,-53,-7
-18,-56,-5
-19,-57,-3
-21,-61,-4
-14,-65,1
-14,-71,1
-12,-75,5
-16,-84,9
-17,-85,12
-18,-72,21
-17,-64,24
-19,-53,21
-14,-53,19
-8,-54,18
-1,-61,16
-4,-64,14
-7,-64,12
-13,-63,11
-18,-60,13
-24,-61,13
-21,-57,19
-17,-53,22
-18,-47,24
-17,-46,26
-21,-44,27
-28,-46,25
-31,-46,24
-37,-46,19
-40,-47,17
-51,-54,8
-59,-61,3
-70,-67,-5
-64,-61,-3
-46,-46,2
-43,-43,0
-46,-39,-6
-48,-36,-11
-62,-36,-21
-66,-35,-16
-64,-34,-11
-65,-40,-7
-67,-43,-8
-65,-44,-11
-64,-42,-10
-62,-38,-13
-65,-33,-16
-68,-30,-18
-59,-24,-19
-61,-10,-21
-57,2,-22
-62,6,-19
-80,15,-27
-84,11,-25
-62,5,-13
-58,5,-17
-53,11,-25
-43,16,-21
-17,19,-3
-22,16,8
-29,19,16
-30,29,11
-53,39,10
-71,43,14
-65,42,14
-51,44,10
-51,46,3
-51,41,0
-52,37,0
-52,29,2
-54,29,4
-68,38,3
-54,37,14
-32,33,25
-39,35,25
-33,49,22
-42,39,41
-74,42,40
-66,42,35
-48,35,30
-32,25,17
-30,25,18
-48,26,20
-57,27,26
-62,27,32
-58,29,30
-51,33,25
-50,32,27
-51,29,26
-48,26,22
-46,28,22
-50,27,21
-52,26,25
-55,23,39
-59,28,40
-64,33,46
-61,36,45
-49,34,37
-43,27,33
-32,17,28
-30,15,26
-27,14,29
-43,22,35
-45,25,40
-48,36,37
-49,38,31
-47,36,32
-46,34,37
-56,32,37
-60,35,35
-50,33,32
-47,33,30
-50,28,27
-52,23,31
-49,20,34
-50,23,33
-53,26,34
-53,31,38
-49,32,37
-45,33,32
-42,32,29
-39,32,26
-38,32,24
-45,32,24
-50,32,25
-51,31,29
-54,35,28
-57,36,27
-55,35,31
-56,33,32
-54,36,32
-51,37,33
-49,42,31
-42,42,34
-41,47,34
-41,46,33
-29,38,41
-25,36,44
-33,38,36
-22,35,47
-14,37,48
-15,40,42
-17,44,35
-15,47,47
-7,45,52
-8,41,42
-12,40,40
-6,41,44
0,44,46
2,43,41
-2,41,40
7,47,47
-14,61,38
29,68,35
1,46,32
-5,47,44
11,44,51
-5,43,44
-12,48,56
-16,46,67
-10,45,66
-5,40,48
-1,51,51
15,52,46
21,52,38
47,57,60
45,57,65
4,41,20
-3,44,27
-12,45,40
-11,46,30
-39,40,15
-39,38,17
-31,45,36
-34,42,30
-47,30,18
-54,22,12
-54,23,11
-62,22,11
-69,23,10
-70,28,10
-68,28,10
-65,29,14
-66,31,18
-61,31,21
-67,28,28
-67,24,30
-66,20,26
-65,18,28
-54,28,35
-50,27,32
-36,27,34
-28,25,33
-12,24,36
-3,25,34
7,27,28
3,35,24
-2,31,25
0,16,25
-2,16,9
-8,1,16
6,-7,27
-12,-22,5
-10,-13,20
-10,-27,112
2,-20,119
-25,1,79
-48,-16,39
-81,-14,44
-67,-4,73
-81,-12,95
-60,-41,77
36,-70,121
-50,-73,110
-54,-45,85
-37,-18,40
-31,-1,39
-47,36,34
-42,46,23
-25,27,8
-10,18,12
-111,-8,-20
-86,2,0
-29,14,36
-33,12,44
-33,-17,27
-66,-35,14
-77,-42,16
-84,-27,16
-81,-29,0
-67,-29,-2
-71,-24,-2
-77,-22,-14
-73,-18,-6
-66,-15,-5
-61,-15,4
-73,-22,-27
-65,-17,-26
-66,-20,-44
-91,-43,-52
-97,-20,-54
-85,3,-11
-65,11,-4
-65,35,-4
-63,22,2
-15,1,26
-54,9,18
-63,21,41
-62,12,32
-25,35,65
-25,52,66
-2,69,66
-21,67,22
-28,58,12
-39,19,-7
-58,8,-17
-71,-1,-24
-77,-1,-25
-39,16,-7
-28,21,-10
-18,25,-6
-19,19,0
-15,50,8
-4,52,1
-21,62,-6
-5,64,13
-11,44,34
-79,-31,-67
-83,-41,-30
-99,12,-56
-128,100,-128
-16,-13,26
-38,34,62
-128,25,-40
-86,-27,-1
-65,0,32
-72,4,3
-68,7,5
-60,10,9
-52,11,8
-48,10,5
-48,8,7
-47,10,14
-35,12,20
-41,6,29
-48,4,36
-52,8,36
-56,12,30
-63,19,33
-46,10,19
-44,3,20
-45,-5,16
-41,-7,7
-53,-16,10
-57,-22,3
-48,-25,9
-47,-26,14
-63,-12,5
-63,3,2
-85,4,14
-98,-43,-19
-118,-49,-26
-76,-51,2
-55,-57,12
-44,-38,-5
-35,-33,-4
-50,-28,8
-60,-29,8
-62,-26,-5
-58,-31,-13
-70,-27,-19
-65,-26,-15
-46,-19,-9
-55,-22,-5
-56,-27,2
-62,-27,-6
-58,-26,-6
-61,-25,-1
-65,-24,-7
-67,-25,-17
-57,-24,-23
-65,-22,-19
-76,-21,-13
-67,-20,-11
-54,-15,-2
-59,-18,-6
-67,-12,-10
-65,-7,-10
-63,-4,-16
-63,-1,-16
-73,4,-26
-81,6,-34
-77,10,-41
-69,7,-41
-72,9,-37
-71,-1,-44
-63,17,-43
-53,10,-33
-43,16,-28
-54,10,-37
-50,10,-34
-42,7,-14
-43,13,-17
-43,12,-22
-42,10,-26
-47,8,-22
-49,8,-19
-58,12,-23
-61,15,-19
-54,14,-17
-53,16,-19
-54,24,-19
-49,29,-23
-49,32,-22
-53,36,-23
-57,35,-26
-56,39,-29
-54,40,-27
-62,40,-23
-60,39,-19
-55,36,-3
-54,34,0
-66,33,-8
-68,33,-5
-53,30,12
-59,29,16
-60,28,16
-48,28,34
-45,27,37
-45,28,37
-63,29,31
-36,27,38
-29,29,45
-29,25,40
-12,21,50
-21,26,50
-22,27,46
-6,23,62
-5,17,69
-7,18,65
-14,22,59
-8,21,62
-6,15,72
-10,19,62
-5,24,58
-4,23,61
-4,20,61
0,21,58
-5,22,55
-7,21,54
-8,20,55
-12,20,55
-10,20,59
-12,18,59
-11,19,58
-10,18,58
-9,20,59
-14,17,59
-14,17,62
-12,17,64
-10,16,63
-18,16,55
-29,20,53
-27,20,53
-39,22,39
-36,25,38
-35,19,49
-36,17,47
-36,14,45
-40,13,46
-48,20,43
-48,19,39
-46,18,39
-48,20,37
-55,19,27
-57,21,26
-52,21,26
-38,13,40
-52,22,21
-53,26,22
-49,24,25
-49,27,16
-52,33,15
-65,37,-24
-52,39,-16
-46,53,-2
-75,36,-25
-53,43,-30
-38,38,-26
-44,39,-26
-69,34,-45
-64,34,-35
-54,21,-10
-74,14,-9
-69,8,-3
-55,0,16
-56,-3,45
-43,-3,48
-29,-6,60
-45,-4,54
-43,0,54
-35,2,57
-33,4,59
-37,7,58
-36,8,56
-31,4,55
-41,6,53
-38,8,51
-26,9,58
-7,-2,58
-17,18,72
-35,12,52
-30,13,58
17,-47,57
-21,8,67
-39,-3,69
-28,10,63
-24,17,58
-45,12,30
-32,1,45
-51,-5,60
-40,1,-12
-37,-3,16
-77,-4,6
-71,-7,3
-69,-7,-38
-45,-4,-33
-59,-5,-32
-62,-1,-23
-53,-4,-29
-58,-4,-34
-58,-3,-30
-59,-2,-29
-58,-4,-29
-55,-3,-33
-56,-3,-30
-57,-4,-28
-58,-4,-31
-56,-2,-31
-55,-3,-30
-59,-4,-30
-55,-3,-29
-61,-3,-31
-58,-4,-31
-52,-3,-31
-59,-3,-32
-54,-3,-29
-55,-3,-31
-58,-3,-31
-61,-5,-33
-63,-5,-34
-62,-11,-30
-75,-19,-29
-28,0,6
-55,-11,-2
-62,-25,-5
-66,-24,-3
-42,-30,13
-51,-29,19
-63,-21,19
-58,-20,24
-60,-16,31
-59,-17,19
-71,-19,15
-72,-16,23
-67,-13,30
-66,-9,26
-66,-7,21
-65,-9,15
-57,-15,16
-53,-14,28
-53,-10,29
-59,-13,23
-50,-9,35
-63,-12,45
-69,-33,26
-59,-21,21
-45,-30,30
-28,-37,39
-22,-49,48
-28,-53,45
-18,-47,43
-13,-45,51
-28,-41,53
-38,-31,46
-46,-31,27
-46,-30,30
-44,-36,40
-38,-39,44
-19,-35,45
15,-25,58
11,-26,59
5,-34,59
0,-35,54
-12,-39,45
-16,-44,40
-32,-50,43
-7,-42,43
1,-38,46
-5,-44,44
2,-45,46
16,-49,53
18,-50,52
-1,-50,44
-5,-54,46
3,-58,49
6,-58,49
2,-55,45
-4,-54,45
-21,-46,46
-21,-42,50
-33,-39,48
-36,-36,47
-39,-36,45
-50,-33,41
-57,-33,38
-54,-23,29
-61,-19,25
-67,-20,34
-71,-18,32
-59,-7,29
-51,-1,33
-44,14,33
-43,22,28
-51,38,6
-55,40,4
-56,39,3
-58,39,-5
-63,40,-7
-66,32,-2
-60,28,3
-54,27,8
-49,25,13
-48,20,19
-49,20,20
-45,15,24
-36,12,32
-38,9,40
-31,1,56
-23,-3,67
-36,2,61
-24,-4,65
-45,9,55
-28,9,57
-34,13,52
-32,16,54
-28,20,52
-21,18,54
-11,20,60
-20,22,64
-28,19,58
-20,23,54
-18,21,56
-10,22,64
-6,22,63
-6,26,63
0,24,69
-13,19,55
-15,20,48
-38,20,45
-42,20,46
-40,21,41
-54,22,34
-59,20,40
-51,17,39
-51,16,35
-57,19,28
-56,19,29
-50,19,25
-49,18,24
-47,17,29
-46,17,34
-49,15,34
-56,13,35
-63,13,37
-59,13,39
-59,14,36
-61,17,31
-62,17,28
-58,17,27
-57,16,28
-56,16,25
-53,16,24
-51,14,29
-55,12,33
-59,12,33
-58,12,32
-56,11,33
-53,12,37
-50,12,36
-51,11,37
-50,10,39
-43,8,42
-44,8,42
-40,7,42
-39,8,44
-42,4,46
-45,4,47
-44,4,48
-42,2,47
-44,2,48
-43,2,51
-41,3,50
-34,2,47
-36,1,46
-44,-2,40
-30,-1,53
-31,-1,57
-33,-4,54
-45,-9,45
-43,-11,49
-23,-8,63
-17,-9,50
-22,-8,44
-25,-6,43
-25,-4,50
6,-6,72
9,-8,74
-16,0,69
-22,-1,62
-22,4,61
-16,4,58
-15,15,53
-22,18,47
-30,25,39
-36,31,32
-41,33,28
-45,39,25
-43,39,24
-52,44,21
-58,44,19
-56,44,15
-52,46,15
-54,45,13
-56,43,11
-53,44,7
-43,47,10
-41,45,10
-42,44,9
-45,44,8
-43,51,8
-43,55,10
-52,70,6
-55,65,5
-52,50,-1
-51,51,-4
-44,46,-7
-44,46,-8
-38,48,-6
-36,49,-4
-35,49,-3
-38,50,-1
-38,51,-2
-39,52,-2
-40,52,-2
-39,51,-2
-40,51,-1
-40,50,-1
-40,49,0
-41,49,1
-40,50,2
-38,50,2
-31,50,1
-26,50,1
-17,49,3
-20,45,7
-40,35,8
-42,33,8
-54,26,16
-61,20,22
-45,9,43
-34,-1,51
-25,-5,66
-24,-2,66
-40,-7,41
-97,-10,1
-104,-15,6
-65,-15,33
-60,-16,38
-60,-22,41
-54,-23,45
-44,-21,39
-41,-20,38
-55,-20,35
-51,-22,34
-39,-22,36
-44,-26,38
-60,-32,32
-53,-30,35
-52,-31,38
-54,-31,36
-58,-31,31
-49,-27,34
-50,-24,35
-52,-18,28
-52,-14,26
-51,-12,21
-51,-12,18
-60,-14,19
-65,-21,27
-57,-24,32
-85,-26,25
-85,-28,25
-76,-21,27
-75,-17,31
-72,-9,25
-68,-4,21
-60,4,19
-56,10,22
-51,17,19
-47,17,18
-48,17,31
-49,19,26
-55,18,17
-66,12,16
-61,11,14
-44,11,13
-54,14,8
-48,7,9
-63,9,6
-69,18,3
-66,22,-11
-75,20,-8
-69,25,-4
-62,27,-2
-58,27,-3
-60,26,-3
-60,26,-3
-61,27,-3
-62,29,0
-60,30,0
-61,30,0
-62,30,0
-63,32,-3
-60,31,-5
-57,28,-6
-57,25,-11
-55,22,-16
-55,23,-15
-54,18,-18
-56,14,-16
-59,13,-13
-58,12,-4
-56,15,-3
-54,19,-11
-57,21,-12
-58,21,-10
-61,19,-12
-65,17,-15
-65,19,-14
-67,19,-16
-67,20,-15
-65,19,-14
-62,18,-12
-60,19,-12
-59,17,-11
-60,17,-13
-60,18,-13
-62,17,-13
-63,16,-12
-63,15,-12
-61,15,-11
-62,15,-12
-61,15,-12
-61,16,-12
-61,16,-12
-62,18,-13
-61,18,-13
-60,19,-14
-61,19,-14
-60,20,-14
-60,20,-14
-59,20,-15
-59,21,-15
-60,21,-15
-61,21,-15
-61,21,-15
-60,20,-15
-60,20,-15
-60,19,-15
-60,20,-15
-60,20,-14
-60,19,-14
-60,20,-14
-60,20,-15
-60,20,-14
-60,20,-14
-60,20,-14
-61,19,-15
-60,19,-15
-59,18,-13
-60,18,-15
-60,18,-16
-60,18,-15
-61,19,-16
-61,19,-16
-61,19,-16
-60,19,-15
-60,19,-15
-61,19,-15
-60,19,-15
-62,18,-16
-59,18,-14
-59,18,-14
-61,18,-16
-61,18,-16
-60,18,-15
-60,18,-15
-60,18,-15
-60,18,-16
-59,18,-15
-61,18,-15
-60,18,-15
-60,18,-15
-61,19,-16
-60,19,-16
-60,18,-16
-60,18,-17
-60,18,-17
-60,19,-16
-60,19,-16
-60,19,-16
-60,19,-15
-60,19,-15
-60,19,-15
-60,19,-16
-60,19,-16
-60,19,-15
-60,19,-16
-60,19,-16
-60,19,-16
-60,19,-16
-60,19,-16
-60,19,-16
-60,19,-16
-60,19,-16
-60,19,-16
-59,19,-16
-60,19,-16
-60,19,-16
-60,19,-17
-60,19,-16
-60,19,-16
-60,19,-16
-60,19,-17
-60,19,-17
-60,19,-17
-60,19,-16
-59,19,-17
-60,19,-16
-60,19,-16
-60,19,-17
-60,19,-17
-60,19,-17
-60,19,-17
-60,19,-16
-60,19,-17
-60,19,-16
-60,19,-16
-59,19,-16
-60,19,-16
-60,19,-17
-59,19,-17
-60,19,-17
-60,19,-17
-60,19,-17
-60,19,-17
-59,19,-17
-60,19,-17
-60,19,-17
-59,19,-17
-60,19,-17
-60,19,-17
-60,19,-18
-60,19,-17
-60,19,-17
-60,19,-18
-59,19,-17
-59,19,-17
-60,19,-17
-60,19,-17
-60,18,-17
-60,18,-17
-60,18,-17
-60,18,-17
-60,18,-17
-60,18,-17
-60,18,-17
-60,18,-17
-60,18,-17
-60,18,-17
-60,18,-17
-62,18,-18
-60,18,-17
-58,18,-17
-60,17,-18
-60,17,-16
-59,17,-17
-58,18,-16
-61,18,-17
-60,18,-17
-60,18,-17
-60,18,-17
-60,18,-18
-60,18,-17
-60,18,-17
-60,18,-18
-60,18,-17
-60,18,-17
-60,18,-17
-59,18,-17
-60,18,-18
-60,18,-17
-60,18,-18
-60,18,-18
-59,18,-18
-60,18,-17
-60,18,-18
-60,18,-18
-60,18,-18
-60,19,-17
-60,19,-17
-59,19,-18
-59,19,-18
-60,19,-18
-60,19,-18
-60,19,-18
-60,18,-18
-60,18,-18
-60,19,-18
-60,18,-18
-59,19,-18
-60,19,-18
-60,18,-18
-60,19,-18
-60,19,-18
-59,19,-18
-59,19,-17
-60,18,-18
-60,18,-18
-60,19,-18
-60,19,-17
-59,19,-18
-59,19,-17
-59,19,-17
-60,19,-17
-60,19,-18
-60,19,-18
-60,19,-18
-60,19,-18
-59,18,-18
-59,19,-17
-59,18,-18
-60,19,-18
-60,19,-18
-60,18,-18
-60,19,-18
-60,18,-18
-60,18,-18
-59,18,-18
-60,18,-18
-60,18,-18
-60,18,-18
-60,18,-18
-60,18,-17
-60,18,-18
-60,18,-18
-59,18,-17
-60,18,-18
-60,18,-18
-60,18,-18
-60,18,-18
-60,18,-18
-60,18,-18
-60,18,-18
-60,18,-18
-60,18,-18
-60,18,-18
-60,18,-18
-59,18,-18
-59,18,-18
-59,17,-18
-60,17,-19
-60,18,-18
-60,18,-17
-60,18,-17
-60,18,-17
-60,18,-18
-60,18,-18
-60,18,-18
-59,18,-19
-60,18,-18
-60,18,-18
-60,18,-18
-60,18,-19
-60,18,-19
-60,18,-18
-60,18,-18
-59,18,-18
-60,18,-18
-59,18,-18
-60,18,-18
-60,18,-18
-60,18,-18
-59,18,-18
-59,18,-18
-60,18,-18
-60,18,-18
-59,18,-18
-59,18,-18
-59,18,-18
-59,18,-18
-60,18,-18
-59,18,-18
-60,18,-18
-59,18,-18
-59,18,-18
-60,18,-18
-60,18,-18
-60,18,-18
-60,18,-18
-60,18,-18
-59,19,-18
-59,18,-18
-59,18,-18
-60,18,-18
-60,19,-18
-60,19,-18
-60,19,-18
-60,18,-18
-59,18,-18
-59,18,-18
-59,18,-18
-60,18,-18
-60,19,-18
-60,18,-18
-60,18,-18
-60,18,-18
-60,18,-18
-60,18,-18
-60,18,-18
-60,18,-18
-60,18,-18
-60,18,-18
-60,18,-18
-59,18,-18
-60,17,-18
-60,17,-18
-60,18,-18
-60,18,-18
-60,18,-18
-60,18,-18
-59,18,-18
-60,18,-17
-60,18,-18
-60,17,-18
-60,18,-19
-60,18,-18
-60,17,-18
-59,17,-18
-59,17,-18
-60,17,-18
-60,17,-18
-60,18,-18
-60,18,-18
-60,18,-18
-59,17,-18
-60,17,-17
-60,17,-17
-59,18,-18
-61,19,-20
-60,18,-19
-59,18,-17
-59,18,-18
-59,18,-19
-60,18,-18
-60,18,-19
-60,18,-19
-60,19,-18
-59,18,-18
-59,18,-18
-59,18,-18
-60,18,-19
-59,18,-19
-59,18,-18
-59,18,-19
-60,19,-19
-59,19,-19
-59,18,-18
-59,18,-19
-59,18,-19
-60,18,-18
-60,19,-18
-59,19,-18
-59,19,-18
-59,18,-19
-59,18,-18
-60,19,-18
-60,18,-19
-59,18,-19
-59,19,-18
-59,19,-18
-59,18,-18
-60,19,-18
-59,18,-18
-60,19,-18
-59,19,-18
-59,18,-18
-59,18,-18
-59,18,-18
-59,18,-18
-60,18,-19
-60,18,-19
-59,18,-18
-59,18,-18
-59,18,-18
-59,18,-19
-59,18,-19
-60,18,-19
-60,18,-18
-59,18,-18
-60,18,-18
-59,18,-18
-59,18,-18
-59,18,-19
-60,18,-18
-60,18,-19
-60,18,-19
-60,18,-19
-60,18,-19
-60,18,-18
-59,18,-19
-59,18,-18
-59,18,-19
-59,18,-19
-59,18,-19
-59,18,-19
-59,18,-18
-59,18,-19
-60,18,-19
-60,18,-19
-59,18,-18
-60,18,-19
-60,18,-18
-60,18,-19
-60,18,-19
-59,18,-19
-59,18,-18
-59,18,-19
-59,18,-19
-60,18,-18
-60,18,-19
-60,18,-19
-60,18,-19
-59,18,-19
-59,18,-19
-59,18,-19
-59,18,-19
-59,18,-18
-59,18,-19
-59,18,-19
-59,18,-19
-59,18,-19
-59,18,-19
-60,18,-19
-59,18,-19
-59,18,-19
-59,18,-19
-59,18,-19
-59,18,-19
-59,18,-19
-59,18,-19
-59,18,-19
-59,18,-19
-59,18,-19
-59,18,-19
-59,18,-19
-59,19,-19
-59,18,-19
-59,18,-19
-59,18,-19
-59,18,-18
-59,18,-19
-59,18,-19
-59,18,-19
-60,18,-19
-60,19,-19
-60,18,-19
-59,18,-18
-59,18,-19
-59,18,-18
-59,18,-19
-60,18,-19
-60,18,-19
-60,18,-19
-59,18,-19
-59,18,-19
-59,18,-19
-60,18,-19
-60,18,-19
-59,18,-19
-59,18,-19
-59,18,-18
-59,18,-19
-59,18,-19
-59,18,-19
-60,18,-19
-59,18,-19
-60,18,-19
-59,18,-19
-59,18,-19
-59,18,-19
-59,18,-19
-59,18,-19
-59,18,-19
-60,18,-19
-59,17,-19
-59,17,-19
-59,17,-19
-59,17,-19
-60,17,-19
-60,18,-19
-60,18,-19
-59,18,-19
-59,18,-19
-59,18,-19
-59,18,-19
-59,18,-19
-59,18,-19
-59,18,-19
-60,18,-19
-59,18,-19
-59,18,-19
-60,18,-20
-59,18,-19
-59,18,-19
-59,18,-19
-59,18,-19
-59,18,-19
-59,18,-19
-59,18,-19
-59,18,-19
-59,18,-19
-59,18,-19
-59,18,-19
-60,18,-19
-59,18,-19
-59,18,-19
-59,18,-19
-59,18,-19
-59,18,-19
-59,18,-19
-59,18,-19
-59,18,-19
-59,18,-19
-59,18,-19
-59,18,-19
-59,18,-19
-59,18,-19
-59,18,-19
-59,18,-19
-59,18,-19
-60,18,-19
-59,18,-19
-59,18,-19
-60,18,-18
-60,18,-19
-60,18,-19
-59,19,-18
-59,19,-18
-61,18,-19
-61,18,-18
-60,18,-16
-59,18,-15
-59,18,-15
-59,18,-15
-60,18,-16
-60,18,-16
-59,18,-17
-60,18,-18
-60,18,-18
-60,18,-18
-60,18,-18
-60,17,-18
-60,17,-18
-60,17,-18
-60,18,-18
-60,18,-18
-60,18,-18
-60,18,-18
-59,18,-18
-60,18,-18
-60,17,-18
-59,17,-18
-59,17,-18
-60,18,-18
-60,17,-18
-60,18,-19
-60,18,-18
-60,18,-18
-61,18,-18
-62,17,-17
-61,16,-17
-58,16,-20
-57,15,-18
-58,16,-19
-60,17,-21
-61,18,-22
-63,17,-25
-59,18,-16
-59,16,-11
-62,15,-11
-62,15,-8
-61,15,-10
-60,15,-11
-59,16,-10
-63,16,-15
-64,16,-16
-63,17,-16
-63,18,-16
-64,16,-15
-64,17,-12
-67,18,-11
-71,19,-8
-60,20,-4
-58,21,-3
-58,20,-4
-60,21,-5
-57,20,-3
-57,23,-2
-59,23,-3
-61,23,-6
-59,23,-6
-59,23,-7
-60,23,-7
-60,23,-6
-60,23,-7
-59,24,-6
-59,24,-7
-61,23,-10
-59,24,-11
-59,24,-10
-58,24,-8
-57,24,-8
-62,24,-11
-58,24,-10
-56,22,-7
-57,21,-5
-58,21,-6
-60,22,-5
-64,24,-3
-69,22,-2
-72,21,-2
-73,20,-5
-75,20,-1
-55,16,6
-53,13,4
-62,-2,-4
-56,28,4
-51,15,0
-63,16,-2
-62,21,-2
-64,19,-1
-65,19,1
-66,14,1
-66,13,7
-66,9,7
-65,9,7
-65,9,8
-66,9,9
-64,7,9
-64,8,10
-62,8,11
-63,8,10
-63,9,11
-63,9,11
-64,9,10
-63,9,8
-63,10,7
-64,10,7
-64,10,7
-64,10,6
-64,10,6
-65,10,4
-65,9,6
-62,9,9
-63,9,7
-67,10,3
-65,11,5
-62,10,9
-64,8,8
-63,9,8
-65,10,6
-65,10,6
-64,10,8
-64,10,8
-65,9,8
-64,9,8
-64,10,9
-63,10,10
-61,8,12
-65,10,9
-64,10,10
-64,9,10
-66,11,8
-63,10,11
-63,11,12
-63,10,13
-63,11,13
-59,10,15
-61,9,13
-64,10,11
-63,10,13
-62,10,13
-62,10,13
-62,11,13
-63,10,11
-62,11,10
-64,11,9
-63,11,9
-64,11,9
-65,11,8
-64,12,8
-63,11,7
-64,11,7
-64,11,7
-63,11,7
-64,11,7
-64,12,7
-64,11,7
-64,11,6
-63,12,6
-63,12,6
-63,11,6
-64,11,6
-65,11,6
-64,11,6
-64,12,5
-63,11,6
-63,11,6
-63,12,6
-64,11,5
-64,11,5
-64,11,5
-64,11,5
-64,11,5
-64,11,5
-64,11,4
-64,11,5
-64,11,5
-64,11,5
-64,12,5
-64,10,8
-63,10,9
-63,10,8
-64,10,8
-64,10,8
-63,11,7
-63,11,7
-63,11,7
-64,11,8
-64,11,7
-64,10,8
-64,11,7
-64,12,6
-64,11,6
-64,11,6
-64,11,6
-64,12,5
-64,12,5
-64,12,5
-64,12,4
-64,12,4
-65,12,3
-64,12,4
-64,11,4
-62,11,5
-63,11,4
-64,12,4
-64,12,4
-64,13,5
-64,13,4
-64,12,4
-63,12,5
-64,12,5
-64,12,4
-64,12,4
-63,12,6
-63,12,5
-64,12,5
-64,12,4
-65,12,5
-67,11,5
-69,11,7
-75,3,11
-73,0,15
-65,-10,26
-46,-6,30
-24,-1,24
-34,2,24
-38,2,23
-49,1,16
-57,1,10
-59,-2,15
-57,-1,16
-68,0,25
-74,-4,29
-72,-10,33
-74,-10,27
-73,-7,15
-72,-6,7
-76,-2,-13
-79,1,-18
-67,4,-17
-58,2,-17
-57,-1,-18
-54,-6,-19
-54,-8,-20
-56,-10,-21
-58,-11,-21
-62,-10,-21
-63,-8,-23
-68,-6,-23
-70,-6,-22
-71,-7,-20
-71,-10,-18
-106,-15,1
-57,-14,3
-46,-13,-4
-45,-15,-15
-50,-15,-16
-69,-14,-16
-72,-14,-15
-67,-12,-13
-64,-12,-12
-60,-12,-9
-61,-13,-8
-65,-13,-9
-65,-13,-8
-64,-12,-8
-64,-12,-8
-63,-12,-8
-64,-12,-7
-64,-13,-7
-63,-12,-7
-62,-12,-7
-64,-14,-8
-64,-13,-9
-63,-12,-8
-64,-11,-8
-63,-10,-8
-63,-10,-8
-64,-12,-8
-62,-10,-6
-63,-11,-7
-64,-11,-6
-64,-10,-6
-62,-9,-7
-63,-10,-8
-63,-11,-8
-63,-11,-7
-64,-12,-5
-65,-12,-5
-64,-13,-3
-63,-12,-4
-62,-12,-4
-63,-12,-6
-64,-11,-6
-64,-11,-5
-64,-12,-3
-65,-13,-2
-65,-14,-1
-63,-14,0
-63,-14,0
-64,-14,-1
-64,-13,-2
-64,-13,-2
-65,-13,-1
-64,-13,-1
-64,-13,-1
-64,-13,-1
-64,-13,-1
-64,-13,-1
-63,-13,-1
-63,-13,-1
-64,-13,-1
-63,-13,-1
-64,-13,-1
-64,-13,-1
-64,-13,-1
-64,-12,-1
-64,-13,-1
-64,-13,-1
-64,-13,-1
-64,-13,-1
-64,-13,-1
-64,-13,-1
-64,-13,0
-64,-13,0
-64,-13,0
-64,-12,0
-63,-12,0
-63,-12,0
-64,-12,0
-64,-12,0
-64,-12,0
-64,-12,0
-64,-12,1
-64,-13,1
-64,-12,0
-64,-12,-1
-63,-12,0
-64,-12,0
-64,-13,0
-63,-12,1
-63,-12,1
-64,-12,-1
-64,-12,-1
-64,-12,0
-63,-12,1
-64,-12,0
-64,-13,0
-64,-12,0
-64,-12,0
-64,-12,-1
-64,-12,-1
-64,-12,0
-64,-12,0
-64,-12,0
-64,-12,0
-64,-12,0
-64,-13,0
-64,-12,0
-64,-13,0
-64,-12,0
-64,-12,-1
-64,-12,0
-64,-12,0
-64,-12,0
-64,-12,0
-64,-12,0
-64,-12,0
-64,-12,0
-64,-12,0
-63,-12,0
-64,-12,0
-64,-13,0
-64,-12,0
-65,-12,0
-67,-13,2
-67,-13,2
-67,-12,2
-69,-10,-1
-77,-4,-6
-78,-4,-10
-76,1,-11
-76,1,-10
-72,5,-7
-71,8,-7
-74,12,-8
-75,14,-8
-66,17,-3
-65,19,-1
-65,18,3
-51,21,13
-49,23,14
-45,20,17
-40,20,22
-29,17,26
-26,16,27
-10,12,45
-12,7,50
-15,6,57
-20,5,60
-32,8,66
-32,12,66
-26,19,63
-16,19,56
-17,17,58
-19,18,60
-16,17,59
-23,16,58
-24,18,57
-21,18,57
-20,19,57
-23,18,55
-25,19,56
-25,18,56
-26,19,56
-26,20,55
-27,19,55
-26,19,55
-28,20,55
-27,19,55
-26,18,54
-27,18,55
-29,18,56
-27,18,55
-24,17,55
-27,17,54
-32,17,55
-28,20,57
-24,20,55
-22,17,54
-22,16,54
-23,16,56
-22,16,56
-26,16,58
-25,20,58
-17,19,57
-19,19,58
-21,20,58
-21,19,57
-22,19,58
-20,20,57
-19,19,56
-18,19,58
-18,18,58
-21,18,57
-21,18,58
-20,18,58
-20,18,58
-20,18,57
-19,18,58
-19,17,58
-20,16,58
-19,17,59
-19,17,58
-20,17,58
-20,17,58
-20,17,58
-21,17,58
-21,16,57
-20,16,57
-19,15,57
-20,15,57
-21,15,57
-21,19,57
-22,21,56
-23,26,55
-22,29,54
-21,28,55
-22,27,54
-22,27,54
-22,26,54
-22,26,54
-21,26,54
-21,26,54
-23,26,54
-22,26,54
-22,26,54
-22,27,54
-22,26,54
-22,26,54
-22,26,54
-22,26,54
-22,26,54
-22,27,54
-22,27,54
-22,26,54
-22,26,55
-21,27,54
-22,27,54
-23,26,53
-22,26,54
-22,26,54
-21,26,53
-23,25,54
-24,26,54
-23,27,54
-22,26,53
-21,26,53
-23,26,54
-22,26,54
-23,26,54
-23,27,54
-22,26,53
-23,26,54
-23,26,54
-22,27,54
-22,27,53
-24,26,54
-23,26,54
-22,27,54
-22,26,53
-23,26,54
-23,27,54
-22,26,54
-22,26,54
-23,26,54
-22,26,54
-22,26,54
-23,26,54
-23,26,54
-22,26,54
-22,27,54
-23,26,54
-22,26,54
-23,26,53
-23,26,54
-22,27,54
-22,27,53
-22,27,53
-23,26,54
-22,27,54
-22,27,53
-22,26,53
-23,26,53
-23,27,53
-22,27,54
-22,27,53
-23,26,54
-23,26,54
-23,26,54
-23,27,54
-23,26,53
-23,27,54
-23,27,54
-23,27,53
-23,27,54
-22,27,54
-22,26,53
-22,27,53
-22,27,53
-23,27,53
-23,27,53
-22,27,54
-23,27,53
-23,27,53
-23,27,53
-23,27,53
-22,27,53
-22,27,53
-23,27,53
-22,27,53
-23,27,54
-23,27,53
-22,27,54
-22,27,53
-23,27,53
-23,27,53
-23,27,53
-22,27,53
-23,27,53
-23,27,53
-23,27,54
-22,27,53
-22,27,53
-23,27,53
-22,27,53
-23,27,53
-23,27,53
-22,27,53
-22,27,53
-22,27,53
-23,27,53
-23,27,53
-22,27,53
-22,28,53
-23,27,53
-23,27,53
-22,27,53
-22,27,53
-23,28,53
-23,27,53
-23,27,53
-22,27,53
-22,27,54
-22,27,53
-23,27,53
-23,27,53
-22,27,53
-22,27,53
-22,27,53
-23,27,53
-23,27,53
-23,27,53
-22,27,53
-22,27,53
-23,27,53
-23,27,53
-22,27,53
-22,27,53
-23,27,53
-22,27,54
-22,27,53
-23,27,53
-23,27,53
-23,27,53
-22,27,54
-22,27,53
-22,27,53
-22,27,53
-22,27,53
-23,27,53
-22,27,54
-23,27,53
-23,27,53
-23,27,53
-22,27,53
-22,27,53
-22,27,53
-22,27,53
-23,27,53
-23,27,53
-22,27,54
-22,27,54
-22,27,53
-22,28,53
-23,28,53
-23,27,53
-23,27,53
-23,27,53
-22,27,54
-23,27,53
-23,27,53
-23,27,53
-23,27,53
-22,27,53
-22,27,53
-22,27,53
-23,27,53
-23,28,53
-23,27,53
-22,27,54
-22,27,54
-23,27,53
-23,27,53
-23,27,53
-22,27,53
-22,27,53
-23,27,53
-23,27,53
-23,27,53
-23,27,53
-22,27,53
-22,27,53
-23,28,53
-23,27,53
-23,28,53
-23,27,53
-23,27,53
-23,28,53
-23,27,53
-23,28,53
-23,28,53
-23,28,53
-22,27,53
-23,27,53
-23,28,53
-23,27,53
-23,27,53
-22,28,53
-22,28,53
-22,28,53
-23,28,53
-23,28,53
-22,28,53
-22,27,53
-22,27,53
-22,28,53
-22,28,53
-22,28,53
-22,28,53
-23,28,53
-23,28,53
-23,28,53
-22,28,53
-23,27,53
-22,28,53
-23,27,53
-23,27,53
-23,28,53
-23,28,53
-22,27,53
-22,27,53
-23,27,53
-23,28,53
-23,28,53
-23,27,53
-22,28,53
-23,27,53
-23,27,53
-22,28,53
-22,28,53
-23,27,53
-23,27,53
-22,28,53
-22,27,53
-23,27,53
-23,27,53
-22,27,53
-23,27,53
-23,27,53
-22,28,53
-22,28,53
-23,27,53
-23,27,53
-22,27,53
-22,27,53
-22,28,53
-23,27,53
-23,28,53
-22,27,53
-22,27,53
-22,27,53
-22,28,53
-22,28,53
-23,28,53
-22,28,53
-22,28,53
-23,28,53
-22,28,53
-23,28,53
-23,27,53
-23,27,53
-22,27,53
-23,28,53
-23,28,53
-23,28,53
-22,27,53
-23,28,53
-22,28,53
-22,28,53
-23,28,53
-23,28,53
-23,28,53
-22,28,53
-23,27,53
-23,28,53
-23,28,53
-23,28,53
-22,29,53
-23,29,53
-21,28,53
-24,27,53
-26,27,54
-24,27,54
-23,27,54
-24,25,55
-27,24,54
-23,23,54
-22,21,55
-22,20,55
-22,20,55
-23,20,55
-24,21,56
-24,21,56
-24,20,55
-23,20,56
-24,20,57
-23,20,56
-22,19,56
-24,20,56
-23,20,56
-23,20,56
-23,20,55
-24,20,56
-24,20,56
-24,20,56
-24,20,56
-23,20,55
-23,20,55
-24,20,56
-25,20,55
-26,19,55
-25,19,55
-24,19,55
-27,19,55
-26,19,56
-23,20,55
-22,20,55
-27,20,54
-28,21,54
-25,23,55
-24,23,54
-24,23,55
-24,24,55
-25,25,54
-24,24,53
-25,24,54
-24,24,54
-24,24,54
-26,24,55
-25,24,55
-24,22,55
-24,22,55
-25,20,55
-23,19,55
-22,18,56
-24,17,55
-23,17,55
-23,17,57
-26,16,56
-23,17,55
-23,17,55
-25,17,56
-26,17,56
-27,19,56
-26,20,55
-23,22,55
-22,23,54
-23,23,55
-24,24,56
-23,24,54
-24,24,54
-23,24,55
-23,23,54
-24,23,54
-24,25,54
-24,25,54
-23,24,54
-24,24,54
-24,25,54
-24,25,54
-24,24,54
-24,24,54
-24,24,54
-24,25,54
-24,24,54
-24,25,54
-24,25,54
-24,24,54
-24,24,54
-24,25,54
-23,25,54
-24,25,54
-24,25,53
-24,25,54
-24,25,54
-24,25,54
-24,25,54
-24,25,54
-24,25,54
-24,25,54
-24,25,54
-24,25,54
-24,25,53
-24,24,54
-25,25,53
-24,25,54
-24,25,53
-24,25,54
-24,25,54
-25,25,54
-24,25,54
-24,25,53
-24,25,54
-24,25,54
-24,25,53
-24,25,53
-25,25,53
-24,25,54
-24,26,54
-24,25,53
-25,25,53
-25,25,53
-24,25,54
-24,25,54
-25,25,54
-24,25,53
-24,25,53
-24,25,54
-25,25,53
-24,25,53
-24,25,53
-24,25,53
-25,25,53
-25,25,54
-25,25,54
-24,25,53
-24,25,53
-24,25,53
-25,25,54
-24,25,54
-24,25,54
-24,25,53
-24,25,53
-25,25,53
-25,25,54
-24,26,54
-24,25,53
-24,25,53
-25,25,54
-24,25,53
-24,25,54
-24,25,53
-24,25,53
-24,25,53
-24,25,54
-24,25,54
-25,25,53
-24,25,53
-24,25,54
-24,25,54
-24,25,54
-24,25,53
-24,25,54
-24,25,53
-24,25,54
-24,25,54
-24,25,54
-24,25,53
-24,25,54
-24,25,54
-24,25,54
-24,25,54
-24,25,53
-25,25,54
-24,25,54
-24,25,54
-24,25,54
-24,25,53
-24,25,54
-24,25,53
-24,25,54
-24,25,54
-24,25,54
-24,25,53
-24,25,54
-24,25,53
-24,25,53
-24,25,54
-24,25,54
-24,25,53
-25,25,53
-24,25,53
-25,25,53
-24,25,54
-24,25,54
-24,25,53
-24,25,53
-24,25,54
-24,25,53
-25,25,54
-24,25,54
-24,25,53
-24,26,53
-24,25,53
-25,25,53
-24,25,53
-24,25,53
-24,25,53
-24,25,54
-25,25,53
-24,25,53
-24,25,53
-24,25,53
-24,25,53
-24,25,54
-25,25,53
-24,25,53
-24,25,54
-25,25,53
-25,26,53
-25,28,54
-27,29,55
-25,27,55
-25,24,55
-27,19,57
-24,19,57
-18,20,58
-14,22,59
-9,20,57
-14,20,57
-14,20,57
-9,19,57
-8,18,58
-13,18,59
-12,18,59
-10,17,60
-11,17,61
-11,15,61
-12,15,60
-7,15,59
-12,15,59
-11,16,58
-9,14,58
-16,14,58
-21,11,63
-15,23,61
-5,32,54
1,28,49
-9,29,53
-10,27,58
-13,28,61
-14,29,61
-12,29,58
-12,29,57
-12,26,55
-12,26,55
-11,26,56
-14,27,57
-14,28,57
-13,27,56
-14,26,56
-14,27,57
-14,27,56
-14,27,56
-14,27,56
-14,26,56
-13,26,56
-13,26,56
-14,26,56
-14,26,56
-14,26,56
-13,26,56
-14,26,56
-13,27,56
-14,27,56
-14,27,56
-16,28,57
-15,28,57
-13,26,56
-11,26,57
-16,24,56
-15,22,57
-14,22,58
-17,22,57
-17,21,57
-15,22,58
-14,22,57
-16,22,57
-16,22,58
-16,22,58
-16,22,57
-16,22,57
-16,21,57
-17,22,58
-16,22,58
-15,22,57
-16,21,57
-17,22,58
-16,22,58
-16,22,58
-16,22,57
-16,22,57
-17,21,58
-16,22,58
-16,22,58
-16,21,57
-17,21,58
-16,22,58
-16,22,58
-17,22,57
-17,21,57
-16,21,58
-16,21,58
-17,22,58
-16,22,57
-17,21,57
-16,21,58
-16,22,58
-16,22,57
-16,22,57
-17,22,58
-16,22,58
-16,22,57
-17,22,58
-17,21,57
-17,21,58
-16,22,58
-16,22,58
-16,22,57
-16,22,57
-17,21,57
-16,22,58
-16,22,57
-17,21,57
-17,21,58
-16,22,58
-16,22,58
-16,22,57
-17,21,57
-17,22,58
-16,22,58
-17,22,57
-16,22,58
-17,21,57
-16,22,57
-16,22,57
-17,22,57
-17,22,57
-17,21,57
-17,21,57
-16,23,57
-15,24,57
-15,24,57
-15,25,58
-14,25,60
-14,26,61
-14,27,61
-16,29,61
-17,29,60
-14,24,58
-13,25,54
-16,25,55
-17,25,57
-12,23,59
-11,22,55
-12,20,56
-11,20,58
-5,20,56
-5,19,56
-5,18,57
-4,17,58
-5,16,59
-4,16,60
-4,14,58
-8,11,64
-6,12,61
-6,12,59
-7,15,64
-6,22,63
-7,25,60
-6,30,55
-4,27,46
-8,26,49
-14,29,59
-11,28,59
-13,27,59
-13,28,60
-9,28,58
-9,27,58
-10,27,57
-10,27,57
-13,28,56
-12,29,55
-13,30,54
-11,29,53
-12,29,53
-13,29,54
-14,29,55
-13,30,58
-12,29,58
-12,27,59
-12,27,58
-12,27,56
-13,27,55
-14,27,55
-13,27,56
-13,27,56
-14,27,56
-14,27,56
-14,27,56
-14,27,56
-14,28,56
-14,27,56
-15,28,56
-15,28,55
-14,27,55
-14,26,56
-15,26,56
-14,27,57
-15,28,56
-14,28,56
-14,28,56
-13,28,55
-14,28,56
-16,25,55
-18,24,55
-19,24,57
-19,24,57
-17,25,58
-16,24,57
-16,22,56
-18,21,57
-18,22,58
-16,23,57
-16,22,57
-17,22,57
-19,22,57
-17,22,56
-16,22,57
-17,22,57
-18,22,57
-18,22,58
-18,21,58
-17,22,57
-16,20,55
-18,19,56
-18,22,59
-17,23,59
-17,25,56
-16,25,55
-17,26,55
-17,27,55
-16,27,56
-16,27,57
-16,26,57
-17,27,56
-16,26,56
-15,26,56
-16,25,56
-17,27,56
-16,26,56
-16,26,56
-15,26,56
-16,25,56
-16,26,56
-16,25,56
-16,25,56
-15,24,56
-15,25,55
-15,26,55
-17,30,54
-18,31,55
-19,29,54
-18,29,55
-16,28,55
-16,28,55
-16,27,55
-16,27,55
-16,27,55
-15,27,55
-16,27,55
-16,28,55
-15,27,55
-15,28,56
-15,27,55
-15,28,55
-15,28,55
-15,27,55
-16,27,56
-16,28,55
-15,27,55
-16,27,56
-15,27,56
-15,27,56
-16,28,55
-15,27,55
-15,27,55
-14,27,55
-15,27,55
-15,27,56
-15,28,56
-14,27,55
-15,27,56
-15,27,56
-14,27,56
-15,27,56
-15,27,56
-15,27,56
-15,27,55
-15,27,56
-15,27,56
-14,27,56
-15,27,55
-15,27,56
-14,27,56
-15,27,56
-15,27,56
-14,27,56
-14,27,55
-15,27,56
-15,27,56
-15,27,56
-15,27,56
-15,27,56
-15,27,55
-15,27,55
-15,27,55
-15,27,55
-14,26,55
-14,26,55
-15,26,55
-15,27,55
-14,27,55
-15,28,56
-18,29,56
-20,31,54
-21,30,51
-23,30,52
-22,30,51
-21,30,51
-20,29,53
-20,29,56
-20,29,53
-20,28,53
-21,28,53
-21,29,53
-20,29,53
-20,29,53
-20,29,53
-20,29,53
-20,29,53
-20,29,54
-19,29,54
-19,29,54
-18,29,54
-18,29,54
-19,29,53
-18,30,54
-18,29,53
-16,30,54
-16,30,54
-16,31,54
-17,30,54
-18,30,54
-18,30,54
-18,29,54
-18,29,53
-19,30,54
-16,27,53
-24,27,54
-22,29,54
-20,27,54
-19,27,55
-21,26,54
-22,25,54
-22,26,54
-21,27,55
-20,27,54
-22,27,55
-23,27,55
-21,25,55
-19,22,55
-20,22,56
-20,23,56
-20,23,56
-21,23,55
-22,23,55
-19,24,56
-20,25,56
-24,27,56
-23,26,55
-21,23,58
-21,22,58
-18,16,55
-14,14,62
-14,16,62
-12,16,58
-13,14,57
-13,15,60
-13,14,60
-14,15,61
-15,15,61
-15,14,61
-11,14,61
-9,13,61
-8,13,61
-10,13,61
-9,13,62
-9,13,62
-10,12,61
-10,13,61
-8,13,61
-8,12,62
-6,12,61
-5,12,61
-5,12,59
-6,13,60
-8,12,62
-7,13,61
-15,11,61
-17,20,63
-12,18,60
-9,16,59
-12,15,60
-13,15,61
-12,16,61
-12,15,60
-12,15,59
-11,14,59
-9,14,59
-8,14,57
-11,14,57
-17,25,61
-22,34,57
-23,36,55
-26,34,50
-30,32,49
-36,30,45
-42,30,40
-58,29,26
-56,29,31
-49,24,20
-60,23,12
-64,20,18
-47,16,25
-57,18,24
-63,17,14
-70,17,12
-61,20,9
-59,19,8
-64,14,12
-63,13,13
-61,12,12
-55,14,14
-60,17,10
-65,17,13
-65,18,8
-65,13,16
-68,12,12
-63,14,4
-62,15,4
-59,14,2
-59,14,-10
-61,19,-16
-54,17,-13
-51,15,-19
-55,17,-24
-56,18,-24
-51,18,-23
-51,20,-22
-64,22,-29
-67,22,-36
-65,27,-31
-64,33,-29
-65,46,-20
-61,48,-18
-50,36,-1
-56,30,1
-64,21,-3
-60,15,2
-61,12,15
-61,11,20
-45,9,30
-46,-2,43
-44,-8,55
-48,-23,63
-41,-26,59
-34,-25,56
-33,-25,56
-17,-19,55
-17,-21,59
-22,-23,52
-23,-24,50
-16,-28,56
-17,-30,58
-18,-32,58
-7,-30,56
-4,-31,57
-9,-34,57
-10,-35,54
0,-34,54
0,-35,57
-4,-35,53
-2,-35,52
0,-35,55
0,-34,53
0,-35,51
0,-35,52
-3,-38,57
-4,-36,50
3,-34,53
-7,-37,52
-5,-34,51
-2,-36,53
-1,-35,53
-1,-36,53
0,-37,53
-1,-38,54
-1,-38,53
1,-38,57
-1,-33,53
0,-32,54
-6,-31,52
-6,-32,55
-10,-30,55
-10,-29,55
-15,-30,54
-15,-30,55
-14,-29,55
-15,-29,55
-17,-29,55
-16,-27,55
-17,-25,55
-18,-24,55
-18,-24,55
-19,-25,56
-18,-26,56
-17,-26,57
-18,-27,57
-19,-26,58
-22,-29,59
-23,-28,57
-20,-26,56
-18,-23,56
-19,-23,56
-20,-26,54
-19,-27,55
-21,-28,55
-18,-31,58
-17,-36,64
-11,-54,66
-3,-51,47
5,-36,43
-6,-38,43
-7,-43,15
-4,-45,-5
-55,-67,25
-78,-45,26
-35,14,53
-128,-9,127
-6,-60,32
-20,-54,44
-22,-53,33
-26,-51,30
-24,-52,31
-18,-53,35
-11,-52,32
-14,-52,33
-14,-53,33
-17,-51,36
-16,-58,24
-18,-54,30
-19,-55,29
-20,-56,28
-20,-55,26
-20,-56,25
-22,-55,25
-21,-55,26
-22,-55,27
-22,-54,28
-22,-54,28
-22,-54,28
-23,-54,29
-24,-54,28
-23,-54,27
-23,-54,28
-22,-54,27
-24,-53,29
-27,-51,34
-33,-40,45
-31,-41,46
-31,-35,51
-30,-33,49
-23,-30,43
-18,-42,39
-47,-24,20
-62,-32,33
-67,-32,30
-67,-24,33
-63,-21,39
-45,-18,41
-39,-16,45
-33,-19,48
-39,-19,52
-38,-30,50
-25,-29,42
-19,-31,45
-19,-35,52
-22,-53,52
-59,-37,28
-42,-33,43
-12,-19,67
-22,-19,59
-23,-21,60
-53,-26,36
-45,-5,45
-34,-16,47
-34,-35,43
-27,-12,61
-41,-15,46
-46,-16,44
-45,-10,47
-44,-16,45
-42,-21,44
-37,-28,43
-40,-25,44
9,-69,29
-80,10,46
-49,32,63
-30,9,63
-69,-21,26
-23,-29,64
-85,-40,15
-36,-19,48
-51,-22,41
-46,-22,45
-43,-21,49
-44,-19,46
-47,-18,40
-42,-19,42
-38,-18,44
-49,-20,27
-61,-16,22
-69,-9,32
-65,-1,38
-66,5,45
-63,1,48
-66,1,47
-61,5,48
-54,8,51
-51,10,46
-54,11,43
-60,18,37
-53,17,38
-52,22,31
-50,25,28
-44,30,29
-38,27,35
-39,27,32
-43,25,24
-42,19,25
-15,12,49
-29,15,51
-46,9,35
-35,10,42
-23,10,46
-34,15,39
-31,21,41
-23,21,51
-17,28,58
-13,29,60
-16,29,58
-18,30,53
-17,30,53
-16,31,55
-17,32,54
-20,31,50
-21,30,50
-19,31,51
-18,31,52
-17,33,53
-18,32,54
-19,32,53
-19,31,53
-20,31,52
-18,31,52
-19,31,52
-20,31,52
-19,31,52
-19,30,52
-20,30,52
-20,31,52
-20,31,52
-20,32,51
-21,31,51
-22,32,52
-21,33,51
-21,32,50
-20,33,51
-20,33,51
-22,34,51
-22,35,50
-22,34,49
-22,34,50
-21,34,50
-20,35,50
-21,34,50
-20,35,50
-22,35,50
-21,35,49
-20,35,49
-21,33,50
-20,34,50
-22,34,49
-22,36,49
-20,35,50
-21,34,48
-21,35,50
-20,34,50
-21,35,50
-20,34,50
-21,34,49
-21,36,50
-20,36,49
-21,36,50
-21,36,50
-21,35,49
-20,35,49
-20,36,49
-21,35,48
-21,35,49
-20,35,49
-21,35,49
-21,35,49
-21,35,48
-21,36,49
-20,36,49
-20,35,50
-21,36,49
-22,35,48
-21,36,49
-20,36,49
-21,34,49
-20,35,50
-21,34,48
-21,35,50
-20,35,49
-22,35,49
-19,36,49
-21,36,48
-20,39,50
-21,38,49
-21,36,49
-21,36,48
-21,36,48
-21,36,49
-21,36,48
-22,36,47
-21,37,47
-21,38,48
-21,38,49
-20,37,48
-19,37,48
-19,37,48
-19,38,48
-20,37,48
-19,38,48
-20,37,47
-20,37,48
-20,37,47
-20,37,49
-19,39,48
-20,37,49
-20,37,49
-20,36,47
-20,37,48
-20,38,47
-21,39,47
-21,39,47
-16,44,52
-18,41,49
-20,38,47
-20,37,47
-18,36,48
-21,34,46
-20,34,47
-19,34,47
-21,35,47
-20,35,48
-22,37,47
-22,37,48
-22,39,47
-24,39,47
-24,39,47
-24,39,47
-24,40,47
-24,38,47
-24,38,47
-23,35,46
-22,36,47
-23,35,47
-22,36,46
-24,36,46
-23,38,47
-22,38,46
-24,38,47
-22,39,47
-23,39,47
-23,39,47
-23,37,45
-24,37,46
-23,37,46
-25,38,46
-24,38,47
-24,38,46
-25,38,47
-24,39,47
-25,38,46
-24,38,47
-23,37,46
-23,35,46
-23,34,45
-25,35,45
-24,35,47
-23,37,46
-24,36,46
-23,37,47
-24,38,46
-26,35,45
-24,39,48
-26,37,45
-27,36,44
-26,36,45
-26,38,46
-28,36,44
-27,36,46
-26,37,47
-26,37,47
-26,37,47
-26,37,46
-26,38,46
-24,38,46
-26,38,45
-25,38,46
-23,39,46
-25,39,46
-23,39,45
-25,38,45
-24,38,45
-25,38,45
-25,38,46
-24,38,46
-26,39,46
-26,38,45
-26,38,44
-27,38,46
-26,37,44
-26,36,44
-24,37,45
-25,36,45
-25,36,45
-25,38,45
-26,37,46
-27,38,44
-27,36,44
-26,39,45
-26,39,44
-25,39,46
-24,40,46
-26,39,46
-25,36,45
-25,37,45
-26,34,44
-29,35,44
-26,34,45
-26,34,45
-27,33,45
-26,33,46
-26,35,44
-27,33,42
-24,34,44
-24,33,43
-21,33,46
-27,35,44
-29,37,39
-28,40,41
-35,44,40
-32,43,40
-35,51,36
-33,48,41
-34,48,41
-32,46,42
-30,43,44
-31,40,39
-33,40,38
-31,39,38
-29,40,38
-32,41,38
-33,42,37
-31,40,38
-29,42,33
-34,42,34
-27,41,46
-37,48,31
-35,47,31
-33,45,36
-31,45,39
-32,44,39
-32,40,37
-32,37,37
-32,39,40
-31,41,39
-33,41,37
-33,41,38
-32,39,38
-34,40,38
-33,38,37
-32,39,37
-33,39,38
-33,39,38
-33,40,38
-31,38,36
-35,42,37
-31,40,43
-43,43,29
-26,42,49
-32,42,37
-32,44,36
-31,39,38
-33,39,37
-36,39,36
-32,38,36
-35,39,36
-35,42,37
-36,43,38
-34,44,39
-36,42,37
-36,42,36
-35,43,38
-36,40,31
-32,39,36
-33,37,35
-34,39,37
-34,39,40
-34,39,33
-33,39,37
-36,40,38
-39,39,38
-39,42,28
-32,38,38
-36,40,38
-37,40,39
-35,39,40
-35,37,37
-35,38,38
-36,37,38
-35,36,37
-37,38,39
-36,38,39
-33,38,39
-36,39,40
-38,38,40
-36,38,42
-30,37,41
-35,34,36
-37,30,39
-44,29,36
-40,31,32
-53,26,17
-47,33,22
-21,33,45
-2,44,65
-34,53,48
-28,55,52
-12,52,51
-18,48,46
-26,38,43
-21,35,34
-11,28,33
-42,13,31
-50,-6,39
-28,-13,43
-33,-23,35
-66,-28,21
-69,-27,15
-66,-23,2
-65,-27,7
-65,-29,12
-72,-27,16
-76,-21,0
-71,-14,-8
-75,-7,-13
-76,-7,-8
-59,-3,-5
-55,-7,-3
-65,-14,2
-64,-12,7
-66,-11,0
-69,-16,-9
-74,-16,-10
-69,-9,-3
-63,-8,6
-66,-12,7
-63,-12,2
-80,-7,-8
-75,-5,-11
-65,-8,15
-72,-10,11
-83,-4,18
-73,-4,23
-63,-2,25
-43,1,33
-30,1,40
-27,6,47
-37,6,47
-28,10,62
-37,16,58
-54,12,57
-52,13,56
-48,18,48
-26,22,43
-20,23,49
-18,25,54
-18,27,48
-19,31,43
-23,30,46
-29,28,49
-25,30,46
-15,32,47
-6,34,40
7,39,27
-9,44,35
12,51,39
5,53,0
16,58,9
40,47,46
24,45,-28
-28,63,1
19,57,34
-35,42,12
-32,39,-14
-55,21,-41
-59,14,-33
-62,-4,-23
-71,-20,-19
-83,-14,-1
-94,-13,-13
-90,-9,-9
-84,-5,-5
-73,4,5
-52,-2,-9
-51,-8,-7
-60,-22,-15
-58,-25,-26
-76,-10,-29
-75,-9,-34
-53,-3,-28
-44,4,-30
-51,1,-45
-35,-2,-36
-35,-7,-42
-54,-23,-43
-53,-23,-42
-52,-35,-37
-105,-22,-61
-99,-13,3
-75,-10,2
-14,-30,25
1,-31,12
-128,-79,-51
-36,-48,-73
-27,-35,3
37,-20,39
-94,-128,-66
-15,-47,39
-70,-83,4
-34,-26,-25
-51,-47,-19
-17,-62,-13
-19,-81,-9
-25,-63,-5
-28,-58,-10
-35,-59,-4
-33,-47,-9
-37,-50,-4
-36,-52,-8
-36,-51,-8
-34,-53,-8
-32,-51,-9
-33,-60,-6
-31,-57,-6
-31,-61,-7
-30,-55,-8
-29,-59,-13
-29,-63,-4
-25,-57,-10
-28,-59,-9
-31,-61,-16
-17,-64,-8
-21,-65,19
-20,-65,-3
-19,-70,-6
-17,-78,-10
-10,-70,-16
-23,-73,-2
-39,-71,21
-22,-62,34
-31,-63,32
-52,-59,40
-41,-49,35
-50,-41,32
-48,-36,37
-51,-41,30
-26,-30,34
-5,-34,46
-17,-35,59
-12,-25,64
-40,-21,48
-44,-19,51
-32,-8,58
-20,4,52
-18,5,46
-12,15,64
-6,24,68
-12,24,67
-15,29,74
-28,29,57
-23,27,48
-19,25,45
-12,23,40
3,10,38
9,1,44
6,-16,52
-60,-63,17
-128,-70,35
33,43,82
24,20,62
-5,-2,48
-12,0,49
-13,5,45
-17,9,35
-26,5,17
-51,5,6
-61,9,8
-68,16,5
-73,27,8
-122,16,30
-115,14,49
-97,6,49
-115,2,64
-128,-21,74
-83,-9,76
-98,45,50
-79,41,48
-64,40,17
-52,44,8
-31,52,0
-11,53,3
6,44,13
-4,25,23
5,11,34
-10,-1,28
-5,-9,32
3,-34,45
-1,-49,43
-19,40,30
61,-2,95
2,41,60
6,7,54
-1,20,64
-10,9,49
-22,23,46
-21,28,47
-23,31,43
-33,36,42
-41,33,40
-46,31,40
-49,33,35
-51,32,32
-61,27,32
-63,24,30
-62,20,25
-64,16,29
-64,9,26
-68,7,23
-64,6,28
-63,2,25
-61,0,17
-60,-2,17
-63,-3,13
-58,-2,15
-64,-1,10
-64,-3,10
-68,-2,9
-67,-4,5
-66,-4,2
-73,-3,0
-73,-7,3
-71,-8,7
-71,-10,3
-64,-10,-2
-63,-9,-4
-60,-11,-7
-60,-11,-6
-57,-9,-8
-56,-11,-8
-60,-13,-9
-61,-12,-9
-61,-13,-10
-64,-15,-15
-66,-15,-14
-66,-17,-16
-65,-17,-18
-64,-16,-11
-66,-14,-11
-80,-12,-3
-86,-9,1
-85,-3,3
-86,0,3
-83,3,-2
-75,4,-7
-72,6,-8
-65,15,-6
-64,19,-3
-62,22,1
-60,21,2
-54,23,8
-53,24,16
-52,22,20
-46,23,17
-44,22,24
-44,22,30
-46,22,29
-40,22,23
-42,17,26
-50,2,31
-19,-1,44
-45,15,30
-64,26,32
-37,28,42
-43,28,39
-43,26,40
-47,29,41
-47,29,39
-49,29,38
-46,26,36
-57,25,34
-43,24,39
-59,24,31
-51,22,32
-52,23,37
-61,23,25
-51,23,33
-51,22,33
-49,23,34
-51,23,34
-50,23,35
-50,23,34
-50,24,35
-50,24,34
-49,25,35
-50,24,34
-49,24,34
-50,23,33
-50,23,34
-50,23,34
-51,22,32
-50,24,34
-50,23,35
-50,23,34
-48,24,35
-50,23,33
-49,23,35
-50,23,34
-49,23,35
-49,24,34
-49,24,36
-49,24,35
-49,24,35
-49,24,35
-50,23,34
-50,24,34
-49,22,34
-49,23,34
-50,23,34
-49,23,34
-49,23,35
-49,23,35
-49,23,35
-50,23,34
-49,24,36
-49,23,35
-49,23,35
-50,22,34
-49,22,34
-49,24,34
-49,24,34
-50,23,33
-50,22,33
-49,23,34
-49,23,34
-51,22,33
-51,23,33
-49,22,34
-50,21,33
-52,26,35
-52,25,34
-48,24,34
-50,25,33
-51,24,33
-50,24,34
-50,23,32
-50,23,33
-49,21,33
-50,22,33
-51,22,36
-48,21,35
-42,15,33
-50,20,34
-51,22,34
-52,23,34
-53,27,36
-56,30,33
-53,27,32
-53,26,30
-52,24,31
-48,23,30
-53,21,29
-52,20,28
-50,19,28
-53,20,27
-52,21,27
-52,22,29
-53,22,28
-53,22,29
-55,22,31
-53,26,30
-56,26,30
-55,27,30
-55,27,30
-53,26,31
-53,26,30
-53,29,31
-50,26,31
-53,26,29
-49,23,30
-50,23,30
-48,22,29
-50,22,28
-50,21,28
-50,23,29
-51,23,29
-51,23,29
-51,25,30
-51,23,30
-52,24,30
-53,24,30
-52,25,31
-52,25,31
-54,25,29
-50,25,32
-52,24,30
-52,26,31
-51,25,31
-51,24,30
-50,26,32
-52,24,31
-51,25,31
-51,26,31
-50,25,31
-50,25,31
-49,24,31
-50,24,32
-51,23,31
-51,24,31
-50,25,32
-50,24,32
-49,25,32
-48,24,33
-50,24,33
-50,24,31
-49,25,34
-51,24,33
-50,25,32
-50,26,33
-49,25,33
-50,25,32
-52,26,32
-50,26,32
-49,25,32
-48,24,32
-50,25,32
-50,23,32
-49,24,33
-47,22,33
-49,25,33
-47,23,33
-49,24,32
-47,23,31
-49,24,31
-50,24,30
-53,26,29
-51,27,33
-50,25,33
-48,24,29
-49,26,33
-49,23,23
-48,26,32
-48,26,32
-44,26,33
-42,27,36
-39,26,38
-39,26,38
-39,24,39
-39,24,40
-45,24,34
-46,25,35
-45,25,39
-46,24,40
-47,24,43
-47,25,45
-51,22,46
-46,19,48
-44,17,49
-42,14,51
-42,12,52
-40,8,55
-41,8,53
-35,9,53
-30,9,56
-25,7,61
-27,6,61
-25,8,60
-24,3,62
-31,1,62
-20,2,58
-18,-3,60
-30,-2,61
-30,-1,61
-26,-1,60
-24,-4,59
-26,-5,53
-28,-9,52
-27,-13,62
-22,-9,59
-22,-9,54
-20,-10,58
-10,-10,66
1,-6,75
-9,-8,66
-21,-9,57
-18,-10,58
-9,-11,61
-9,-12,62
-12,-13,61
-13,-12,61
-12,-10,60
-12,-12,61
-11,-12,63
-12,-12,61
-13,-13,59
-12,-13,62
-12,-11,63
-13,-13,62
-12,-13,61
-12,-14,61
-12,-15,61
-12,-17,61
-12,-19,61
-12,-21,60
-11,-22,59
-11,-22,59
-13,-21,58
-15,-21,59
-15,-21,62
-17,-21,67
-15,-39,65
5,-52,59
-128,-19,1
71,40,99
-37,4,76
-14,25,77
-39,-16,45
-36,-23,46
-21,-24,53
-20,-25,48
-32,-27,48
-34,-15,65
-37,-6,69
-45,1,65
-46,5,62
-57,14,52
-70,17,43
-69,21,39
-63,26,35
-60,29,33
-58,33,29
-54,40,23
-51,42,16
-48,42,13
-27,42,0
-50,12,13
3,13,84
-6,5,58
9,14,35
-4,11,38
-12,16,41
-6,21,40
-19,23,31
-20,19,32
-21,3,23
-11,-38,14
7,-30,27
33,-72,27
25,-78,25
53,-78,35
61,-80,43
83,-48,43
62,-38,62
64,-26,117
38,-9,95
16,-39,116
52,-22,127
-70,-82,29
-17,-56,35
10,-42,75
17,8,53
-12,12,18
-18,47,-1
0,52,-4
-21,47,4
-20,38,2
-11,27,18
-59,14,21
66,26,121
-17,25,44
-17,21,46
-6,40,55
-9,40,53
-12,37,45
-8,30,46
-11,21,43
-2,13,39
-4,-1,37
4,-11,35
15,-29,30
25,-51,36
34,-57,39
51,-60,46
56,-55,51
66,-47,66
66,-38,68
44,-26,77
9,-40,90
6,-23,92
11,-25,92
29,-23,118
9,-24,104
8,-11,79
22,3,69
20,7,61
12,23,38
12,36,29
-6,35,23
-12,37,20
-8,41,18
-16,40,21
-27,26,22
-13,29,25
-43,22,-16
-26,-52,122
57,61,94
25,-3,50
21,0,51
18,2,50
15,9,46
24,13,53
22,17,60
15,21,60
11,17,53
40,19,67
28,18,55
21,11,57
23,10,57
24,12,55
28,8,52
27,9,56
27,10,56
28,8,56
45,3,56
38,3,54
15,16,57
17,3,55
25,19,54
18,24,65
22,7,56
25,6,58
24,9,56
24,10,62
25,10,62
22,10,56
18,9,55
15,15,56
24,14,60
23,11,55
27,10,55
32,12,57
31,10,56
29,8,53
30,8,52
32,7,53
29,9,53
32,10,55
31,8,55
29,7,54
32,10,58
30,14,55
32,11,58
28,11,56
24,7,56
26,7,56
22,7,54
21,9,59
20,10,63
16,14,65
14,16,63
8,17,62
6,17,61
6,19,58
3,17,57
-2,17,58
0,20,59
0,19,56
-3,20,57
-1,22,57
-7,20,58
-5,23,59
-4,20,54
-9,22,58
-9,22,57
-12,21,56
-7,28,60
-8,26,60
-8,27,60
-7,28,61
-16,26,61
-15,27,63
-11,29,54
-1,27,58
6,22,63
24,22,68
30,24,64
20,21,58
11,19,51
3,11,52
5,11,53
16,11,56
22,9,56
36,2,58
28,0,54
35,2,58
51,-1,52
53,0,50
44,11,48
41,14,47
30,10,44
41,18,56
43,13,58
38,12,48
36,20,41
32,24,32
37,27,44
43,32,51
40,29,42
30,28,33
31,29,39
29,30,42
31,29,40
32,31,41
33,32,42
33,33,41
33,34,41
36,35,40
36,35,41
38,38,35
38,34,36
33,27,35
28,22,43
14,19,47
-1,12,60
11,10,63
46,11,89
31,17,72
29,24,56
32,26,53
33,22,51
32,20,52
30,21,48
36,19,64
33,12,59
29,11,48
15,13,35
26,25,43
27,20,46
28,23,59
30,18,56
19,29,51
12,30,52
14,33,53
13,31,49
10,32,53
3,37,51
0,37,49
6,36,51
0,36,47
-5,38,47
-6,36,48
-13,41,42
-16,39,48
1,47,56
-13,51,57
-12,41,53
-4,32,50
0,32,53
-5,34,52
-8,37,52
-17,45,51
-34,48,46
-22,50,56
-13,50,61
-11,50,57
-14,50,55
-16,52,45
-16,51,44
-9,48,45
4,42,52
1,35,60
-6,29,51
-7,26,44
-6,18,46
-11,21,38
-38,32,36
-40,38,37
-27,40,39
-20,40,50
-8,39,52
-11,37,52
-19,40,45
-17,39,41
-18,47,50
-15,39,47
-17,37,48
-11,34,48
-20,35,50
-15,44,56
-10,39,54
-17,43,54
-15,41,50
-25,51,50
-13,51,53
-7,42,52
-10,40,45
-13,39,44
-13,39,41
-14,40,39
-14,40,40
-12,40,39
-15,34,39
-13,37,43
-9,38,41
-16,37,39
-15,45,57
-3,41,60
-9,41,51
-9,39,57
-1,53,58
-12,49,57
-8,49,47
-7,42,48
-9,47,46
-7,37,43
-6,41,45
-8,37,42
-11,37,43
-14,39,43
-16,31,39
-10,37,46
-10,37,45
-17,29,40
-3,44,54
-6,48,49
-1,53,57
-6,44,50
-2,49,46
-8,56,52
-7,50,48
-8,48,46
-6,43,46
-8,40,47
-8,41,45
-9,41,46
-11,42,49
-11,39,48
-9,38,49
-9,37,49
-10,35,47
-7,34,48
-7,38,49
-7,38,48
-9,39,49
-9,42,49
-11,44,49
-8,46,51
-9,45,50
-9,43,51
-8,40,47
-7,44,49
-7,43,49
-11,38,46
-9,40,48
-9,38,47
-10,37,47
-9,38,48
-8,41,49
-10,41,51
-8,42,50
-8,41,50
-7,42,51
-8,44,51
-8,40,48
-12,39,46
-6,43,49
-9,41,48
-6,39,48
-9,41,48
-7,39,48
-7,42,50
-5,39,50
-7,39,51
-6,43,50
-8,38,50
-7,44,53
-6,37,50
-8,39,49
-7,38,49
-7,39,49
-8,40,51
-9,37,50
-7,37,51
-10,44,51
-8,35,49
-9,43,50
-6,38,50
-7,40,50
-5,37,49
-6,35,48
-6,40,50
-5,36,49
-6,39,51
-5,40,51
-4,39,51
-9,37,49
-6,41,50
-8,40,50
-9,39,52
-6,39,50
-10,35,49
-9,38,51
-5,36,50
-5,39,52
-4,39,49
-8,37,48
-3,36,47
-6,43,50
-5,41,50
-5,39,51
-4,42,51
-7,40,52
-5,39,53
-3,38,52
-5,37,51
-5,38,52
-6,34,49
-6,39,50
-5,40,51
-7,37,51
-8,38,50
-4,37,51
-5,38,53
-4,40,51
-6,35,50
-9,38,50
-8,37,50
-8,36,50
-9,33,49
-8,36,52
-10,37,50
-9,35,50
-7,32,53
-8,36,55
-10,34,53
-9,36,52
-7,31,52
-6,36,53
-8,34,52
-10,38,54
-8,36,54
-5,35,55
-6,37,54
-9,35,52
-8,37,53
-5,36,51
-5,39,53
-4,36,52
-4,34,52
-4,33,51
-4,35,51
-1,35,55
2,38,56
0,34,53
-1,38,53
-2,37,51
-4,38,52
-4,37,49
-2,34,50
-2,33,51
-5,33,52
-5,35,52
-3,37,55
-4,36,54
-4,39,55
-3,37,53
-5,37,50
-6,36,53
-6,37,52
-8,31,47
-4,40,54
-2,37,52
-3,39,51
-2,38,50
-1,37,51
-3,36,48
-2,36,49
0,38,51
-1,36,48
-2,39,50
-4,37,53
-1,39,54
-3,36,53
0,37,52
-3,35,50
-3,36,50
0,33,49
-1,36,50
-4,36,49
-5,35,53
-4,39,56
-2,39,53
-4,36,53
1,41,57
2,38,53
-2,36,49
-2,38,52
-1,36,49
-2,34,48
-2,37,49
-3,34,49
-2,37,51
-1,38,52
0,39,53
-3,35,53
0,37,54
-2,37,55
-2,35,54
-3,35,52
-3,33,50
-4,34,52
-4,36,54
-1,35,51
-4,36,54
-4,38,52
-4,37,51
-4,38,53
0,38,54
-4,38,52
-1,37,52
-5,38,55
-2,37,52
-3,33,52
0,36,52
-2,35,52
-3,36,52
-4,34,51
1,38,50
-2,15,50
-6,34,53
-5,40,51
-8,38,55
-7,43,55
-9,31,50
-7,35,55
-4,31,53
-8,33,51
-7,36,51
-4,35,55
-7,32,51
-5,34,50
-7,33,53
-6,33,55
-3,36,51
-4,30,50
-3,36,55
-6,34,51
-3,37,54
-3,35,55
-6,33,54
-6,33,55
-4,35,53
-7,32,55
-3,36,55
-9,31,52
-4,34,53
-7,36,56
-3,35,55
-6,34,53
-3,39,52
1,36,54
-4,32,53
-5,34,53
-6,34,53
-5,35,56
-5,36,54
-5,31,53
-5,35,55
-5,34,55
-5,35,53
-2,35,51
-8,35,54
-5,38,53
-9,32,50
-7,34,53
-3,33,53
-5,33,55
-11,32,53
-9,35,52
-5,41,58
-9,37,54
-11,39,54
-8,31,51
-8,35,56
-9,33,54
-5,34,54
-4,38,53
-12,34,53
-10,37,52
-10,32,52
-10,36,53
-12,35,53
-12,33,53
-10,36,52
-10,35,55
-9,33,53
-10,35,54
-12,31,53
-9,32,54
-6,32,56
-4,32,59
-8,42,58
-15,44,58
-16,41,51
-21,34,49
-29,35,45
-23,33,47
-25,33,49
-33,33,40
-35,32,38
-38,31,40
-31,30,44
-24,29,48
-25,32,51
-18,35,54
-18,38,54
-22,38,51
-20,37,51
-15,34,55
-8,35,54
-16,34,50
-16,37,52
-13,35,51
-15,33,53
-13,36,52
-21,34,49
-19,34,49
-20,30,49
-17,31,50
-20,32,52
-22,30,51
-26,37,49
-22,37,52
-26,33,49
-24,35,51
-25,31,49
-23,34,48
-23,31,48
-23,28,45
-37,34,44
-27,19,38
-32,30,45
-26,25,49
-28,29,51
-28,30,51
-30,30,52
-31,28,50
-32,27,49
-34,29,47
-30,24,43
-34,25,43
-27,28,47
-22,28,50
-16,30,58
-16,32,59
-18,36,61
-24,27,52
-28,26,50
-30,23,50
-32,23,47
-39,20,40
-39,20,39
-44,21,33
-44,21,31
-46,21,39
-45,20,39
-54,23,34
-51,22,35
-55,23,38
-55,23,39
-58,24,40
-56,25,42
-56,25,42
-60,29,40
-61,29,39
-66,27,38
-65,26,36
-57,26,31
-55,28,30
-48,29,27
-45,29,27
-41,30,27
-41,31,26
-37,32,27
-32,33,27
-30,33,30
-27,36,38
-25,38,42
-22,40,44
-22,40,45
-22,41,52
-23,41,53
-26,39,47
-27,37,48
-38,35,46
-33,36,46
-32,37,45
-29,35,43
-29,35,44
-29,34,45
-29,34,45
-28,34,45
-28,35,46
-30,36,48
-30,36,49
-30,35,53
-30,35,55
-29,36,53
-29,33,48
-36,34,46
-39,38,42
-32,37,42
-31,41,45
-27,46,48
-17,50,48
-12,50,47
-3,49,48
-2,50,47
0,44,47
2,39,55
5,30,53
-28,18,33
-30,17,37
0,14,62
1,8,63
-11,6,51
6,3,69
-4,-7,49
12,18,45
34,13,78
14,32,68
-2,32,42
3,28,54
6,30,58
6,28,59
4,33,58
4,33,56
4,32,57
9,31,62
6,31,59
5,31,57
5,28,57
5,27,56
5,26,57
5,25,58
4,25,60
5,27,60
5,23,57
5,23,58
2,24,61
4,23,62
7,19,57
1,18,56
0,17,56
1,17,57
1,13,59
-1,15,59
-5,15,59
-1,13,61
0,12,59
-6,8,59
-8,10,60
-11,12,57
-6,10,54
-10,8,55
-11,5,57
-17,3,59
-33,-4,51
-24,11,56
-26,6,55
-28,1,54
-35,1,57
-37,1,53
-33,1,53
-41,-4,52
-42,-4,48
-40,-4,46
-48,-6,45
-52,-4,50
-55,-3,35
-61,-4,37
-63,-3,33
-64,-4,16
-73,-1,24
-65,2,13
-68,3,20
-65,4,29
-60,-1,18
-61,-3,30
-64,-2,32
-65,-1,26
-65,-1,24
-57,-6,14
-63,-5,15
-65,-5,13
-67,-5,15
-71,-4,20
-74,-3,28
-70,-5,25
-66,-4,20
-66,-5,16
-58,-4,22
-64,-1,24
-89,12,32
-86,15,35
-84,16,27
-80,17,25
-67,22,23
-59,28,24
-54,31,25
-43,36,34
-39,37,41
-30,35,47
-19,33,44
0,33,41
-3,31,35
-5,24,33
0,21,36
-1,10,35
-5,6,25
-44,0,12
68,-6,122
39,19,107
10,18,47
5,25,46
8,26,68
1,21,70
-3,24,57
0,27,55
0,30,57
-3,28,58
-1,29,55
-2,27,55
5,29,57
-3,25,53
0,27,55
7,31,60
6,30,58
-1,25,55
5,29,58
0,25,57
-3,30,59
4,27,59
1,31,57
-4,21,56
-5,24,54
-6,24,56
-9,26,55
-9,25,55
-12,28,56
-17,27,53
-18,29,51
-19,27,53
-22,28,54
-23,28,53
-24,27,53
-24,29,53
-28,29,56
-24,30,55
-29,31,54
-23,29,55
-27,33,58
-28,34,61
-27,33,61
-16,27,56
-18,27,56
-23,27,61
-24,28,60
-23,28,55
-21,28,58
-16,30,59
-18,23,54
-15,23,54
-9,22,56
-7,22,55
-6,24,59
-9,26,59
-3,24,55
-2,25,55
0,23,57
-2,24,56
-4,25,54
-7,27,56
-5,28,59
-1,27,62
2,27,60
2,26,54
-1,27,52
-3,26,54
-3,25,55
-3,28,57
-4,29,58
-5,32,57
-4,33,59
-11,34,58
-14,35,57
-17,33,57
-16,32,54
-16,31,54
-17,28,52
-19,26,52
-20,25,54
-21,26,55
-16,28,60
-16,30,63
-24,34,58
-28,34,54
-25,36,57
-17,36,62
-16,35,60
-22,35,49
-23,36,45
-33,33,42
-37,31,41
-33,28,42
-30,28,43
-31,28,43
-29,30,43
-26,34,46
-28,36,46
-34,40,43
-34,41,44
-33,43,44
-26,42,47
-32,45,44
-32,46,43
-31,46,42
-32,41,42
-31,36,46
-29,28,48
-25,25,50
-17,25,51
-13,27,50
-6,24,51
0,23,56
1,22,56
7,19,60
9,20,59
8,15,54
4,14,56
14,9,54
26,7,48
37,31,61
16,22,64
23,13,56
20,14,55
28,17,58
21,18,55
20,17,57
17,17,57
26,21,60
20,13,57
23,18,60
19,19,53
7,17,46
19,18,54
29,16,59
30,19,58
24,20,54
22,16,55
21,22,58
21,21,58
22,19,57
26,19,55
21,17,55
27,15,57
15,20,50
21,18,50
26,18,55
30,19,57
29,21,55
29,20,55
24,22,56
28,21,56
21,18,53
24,18,54
28,13,51
29,10,54
33,17,55
24,10,50
32,20,62
28,18,55
31,16,57
27,10,52
22,17,53
23,15,54
24,15,56
28,15,55
32,14,55
28,16,54
31,16,56
26,15,55
34,17,56
22,10,50
24,14,52
31,17,58
25,9,54
32,13,57
31,9,51
29,12,52
30,13,51
25,-3,46
34,-3,53
35,-11,60
34,-7,58
29,4,73
22,12,82
21,-5,86
8,-1,70
-4,6,56
-67,26,31
-57,29,46
-8,23,67
-9,24,63
-7,25,50
-6,25,44
15,19,56
23,14,60
31,13,63
30,9,61
-5,16,37
42,-2,75
51,0,80
12,11,42
50,2,65
19,8,51
29,10,54
41,13,58
34,15,49
31,13,43
42,10,48
23,7,46
10,12,46
25,15,62
11,11,68
-9,17,61
-4,20,62
11,14,67
46,-3,80
57,-2,81
25,1,50
27,3,58
15,2,60
8,2,59
24,-2,63
47,0,66
49,-2,62
39,0,54
37,-3,49
51,-11,46
15,-21,53
27,-1,62
33,1,50
-46,-34,92
15,-45,73
24,20,49
54,8,49
30,13,46
27,14,52
31,11,52
23,13,52
18,18,56
27,21,58
27,18,58
17,20,57
10,20,56
15,21,60
9,18,56
16,13,56
25,14,61
21,15,52
18,15,62
15,16,58
23,15,59
19,10,57
16,18,62
15,16,59
16,11,59
20,15,63
14,15,56
10,15,60
17,16,57
21,12,61
17,16,60
13,15,57
13,17,59
19,15,62
18,15,64
11,13,58
16,16,53
16,6,60
22,16,61
15,10,56
17,12,62
15,14,58
21,17,62
17,11,57
13,15,62
14,14,60
21,11,60
16,12,61
17,11,60
16,17,61
14,9,58
19,17,60
15,14,60
16,12,61
20,15,63
18,15,59
14,11,59
16,22,63
17,10,58
17,14,63
14,13,57
15,9,60
16,12,62
18,9,55
16,19,60
15,17,63
16,17,61
18,6,58
18,14,60
14,13,59
14,12,60
20,19,62
17,16,61
12,13,58
18,15,63
15,14,62
22,14,57
19,10,57
19,14,61
11,15,62
16,13,61
17,15,60
15,9,58
23,12,60
15,9,55
20,12,62
23,9,59
21,10,58
24,9,63
16,11,59
16,12,57
15,12,58
18,11,60
15,15,60
22,12,63
15,14,58
19,16,61
12,13,60
17,23,59
16,10,58
19,24,64
17,8,59
21,20,65
11,10,60
16,18,64
12,16,59
17,15,64
20,16,59
15,11,61
14,14,59
12,11,59
18,10,62
21,12,61
12,10,62
12,17,60
11,9,59
13,18,63
13,8,61
11,10,63
8,9,60
10,12,61
8,12,59
-1,15,61
5,20,60
10,10,60
11,15,59
8,12,58
5,15,62
6,14,62
8,19,64
13,17,67
6,15,58
5,15,60
13,16,62
14,10,58
11,12,58
4,12,56
7,16,59
8,14,62
10,16,63
6,17,61
12,14,65
18,16,69
11,14,62
4,13,60
6,13,64
12,13,59
9,14,57
4,15,60
5,16,62
10,16,62
12,15,69
13,15,63
9,16,61
13,18,65
6,15,58
14,17,62
11,16,57
7,19,57
8,17,59
7,18,62
13,19,64
8,17,62
12,15,63
8,16,61
11,13,62
14,17,64
15,10,60
4,15,55
6,15,56
2,19,59
15,17,62
15,15,61
11,16,62
6,19,59
11,17,63
13,17,65
12,17,61
12,14,62
11,11,58
11,16,61
2,21,62
8,19,61
11,15,61
21,12,62
6,16,57
14,16,61
7,19,63
7,18,60
12,15,60
8,19,58
10,18,65
10,10,63
10,18,64
8,15,59
11,19,63
14,17,59
13,14,58
16,17,64
8,11,61
16,17,62
2,5,57
16,12,64
14,12,57
4,14,63
16,24,62
10,14,59
10,18,64
5,10,57
-2,12,59
13,18,61
9,10,61
24,7,61
1,19,58
8,16,58
9,10,64
14,7,64
4,19,54
10,11,63
16,19,67
16,4,64
14,27,65
2,13,55
6,21,63
18,17,62
13,11,69
7,28,56
0,7,59
22,22,66
11,18,58
4,26,58
15,17,56
17,16,62
15,20,62
14,12,60
2,17,62
13,18,62
17,14,65
15,21,69
15,25,68
5,20,64
23,23,67
20,19,67
11,23,64
9,19,57
8,21,57
5,9,62
23,17,67
16,13,55
7,17,56
-11,23,51
-2,22,61
11,17,58
15,13,60
18,9,57
43,16,75
39,17,70
26,16,62
15,17,61
28,20,65
21,18,64
12,19,65
22,12,61
5,14,57
21,8,57
0,13,52
15,7,59
0,11,51
29,5,60
28,4,60
5,13,58
39,5,72
13,16,62
33,11,65
22,7,61
33,4,59
17,4,57
16,8,55
20,8,56
20,3,55
22,6,59
26,8,64
20,9,60
21,10,60
23,7,62
25,8,60
23,7,58
20,7,58
20,6,57
26,4,57
24,5,57
25,0,60
26,4,59
29,6,61
4,8,53
15,5,55
33,2,56
35,0,56
28,5,58
27,4,55
32,0,56
33,0,57
28,-1,55
33,-4,51
30,-8,44
27,0,44
33,-1,53
32,9,59
25,5,52
28,-6,47
30,-12,43
35,-10,43
39,-13,41
40,-22,37
49,-26,37
51,-19,38
45,-23,42
39,-24,33
47,-36,30
47,-40,34
56,-42,35
36,-31,24
41,-37,32
35,-41,33
47,-39,27
43,-42,29
46,-45,45
36,-28,42
46,-32,40
61,-34,44
66,-32,41
44,-31,43
53,-32,51
37,-26,45
38,-29,50
26,-29,44
40,-25,51
38,-16,64
23,-13,56
13,-11,53
9,-3,60
13,-3,63
17,1,69
13,3,68
13,8,67
14,9,68
20,14,75
13,14,68
-9,18,61
-7,16,59
1,18,60
6,20,60
0,21,59
-4,23,61
6,15,59
15,20,70
4,23,49
-30,23,44
-12,20,59
-8,17,51
0,14,47
-8,16,32
-28,27,33
37,4,70
24,18,42
23,-5,48
19,-4,49
55,4,65
52,3,50
57,-4,48
23,9,62
24,15,68
28,23,59
32,18,61
26,15,54
22,15,54
26,19,55
22,17,54
24,17,56
26,13,54
30,15,55
30,11,53
29,14,54
30,14,54
31,13,53
37,6,52
31,12,49
41,8,53
38,12,49
34,12,53
34,13,55
39,12,56
36,13,53
43,13,57
31,14,51
38,12,55
36,14,53
30,15,51
31,16,47
36,13,49
40,10,50
36,7,50
34,5,52
40,4,53
32,8,52
40,10,55
36,9,53
30,13,54
40,11,56
23,7,48
31,14,51
39,6,49
33,11,47
45,10,51
28,16,46
29,11,54
35,9,55
39,14,53
30,13,54
27,20,52
36,10,54
38,14,54
29,13,48
27,9,50
43,8,50
44,5,53
37,13,51
32,4,47
14,11,40
40,5,54
34,6,50
43,4,54
36,2,51
39,17,58
20,10,50
24,16,56
8,19,54
50,6,61
32,12,57
38,11,53
28,12,46
33,13,59
46,15,50
28,17,55
47,-3,54
36,7,54
57,-1,57
53,6,61
32,9,51
52,8,51
65,-1,56
61,-16,61
18,1,42
32,2,42
25,2,47
46,6,56
34,10,52
31,18,63
14,5,54
45,20,52
24,5,50
35,22,46
37,25,57
44,18,55
35,16,56
45,16,50
35,19,52
37,18,56
26,20,48
37,7,47
48,6,57
39,-1,54
36,2,47
39,1,42
39,5,46
41,13,44
35,0,55
46,3,60
39,9,52
36,16,49
33,13,53
36,17,58
37,11,54
42,12,53
19,15,46
41,19,59
35,16,58
32,22,57
32,21,56
11,24,53
0,14,48
2,27,53
6,23,54
-3,29,44
-17,38,40
-6,44,41
1,54,39
0,53,43
3,47,57
12,42,62
6,32,52
0,27,47
10,10,54
24,2,60
28,-3,52
33,-6,52
45,-3,56
64,-4,61
78,1,68
98,9,77
98,23,73
-16,28,31
29,35,43
41,0,56
32,6,45
23,8,46
28,11,46
26,19,52
13,17,52
14,25,56
6,27,47
18,35,50
-1,31,47
-7,32,55
6,31,67
10,28,55
13,15,46
6,7,41
25,0,45
39,-2,45
56,0,55
79,3,63
71,5,62
39,10,51
25,16,48
33,11,60
28,17,52
28,9,50
28,6,50
35,1,57
32,-7,58
39,-5,54
31,-4,47
33,-2,48
27,9,54
26,11,59
31,17,54
33,16,49
36,12,53
34,15,50
39,11,49
39,11,50
42,11,55
36,16,50
35,11,56
33,15,54
32,10,51
37,8,54
31,8,50
27,13,53
28,13,54
23,12,53
24,13,52
16,18,53
22,20,58
18,21,53
21,19,55
22,18,54
30,13,56
29,22,61
23,20,57
21,17,57
22,19,57
24,16,59
21,20,54
25,19,58
22,14,56
25,20,59
25,18,56
21,19,54
21,21,55
28,23,55
15,18,57
26,23,58
17,23,55
20,21,59
15,22,54
12,20,56
14,24,56
21,19,58
22,20,59
19,25,54
19,21,58
16,32,60
12,28,58
15,18,59
10,23,56
15,17,57
19,17,59
17,18,56
16,22,59
14,23,59
21,27,64
17,22,61
15,24,59
14,20,55
17,26,60
14,17,57
18,18,60
11,18,51
21,23,61
14,21,56
17,22,58
18,20,58
15,22,57
14,16,55
22,27,64
20,22,58
12,21,58
14,20,53
13,18,57
22,24,62
20,21,58
16,22,58
19,25,60
13,21,56
13,22,57
15,24,54
22,20,60
13,16,53
19,26,64
18,22,58
20,25,60
19,23,60
14,28,58
19,27,62
12,18,55
19,25,59
12,22,55
17,25,59
13,18,56
17,25,58
17,20,56
15,20,56
14,23,57
16,20,57
15,24,55
14,22,56
13,22,59
24,17,59
13,20,57
19,20,61
8,22,51
15,24,60
13,27,59
16,22,56
9,24,55
20,29,61
7,17,54
12,28,60
15,14,53
17,10,60
20,29,63
17,20,60
12,25,62
20,25,60
8,21,58
15,28,59
19,28,60
10,16,54
18,21,64
13,18,55
12,19,59
14,19,55
17,20,57
11,18,56
12,31,53
12,10,57
12,29,59
13,9,54
10,21,55
16,22,64
15,22,59
19,24,60
11,16,53
18,27,64
13,17,56
18,22,64
19,17,60
20,22,64
12,22,56
15,23,59
15,16,60
22,23,63
14,17,57
18,20,62
9,21,59
10,24,61
11,22,58
6,14,57
14,13,57
15,18,59
7,17,54
10,19,57
9,18,62
11,10,54
15,19,60
8,14,55
9,26,60
8,22,55
9,20,61
16,25,60
9,19,59
8,22,56
7,24,57
9,22,61
14,24,60
14,18,56
11,14,62
10,30,58
9,25,60
12,18,62
13,25,63
11,20,60
10,23,58
6,16,56
9,22,59
11,19,55
12,21,55
7,17,59
9,22,53
13,24,63
7,19,54
12,25,62
6,20,53
6,14,57
19,28,63
13,18,60
11,25,59
11,20,58
13,27,61
9,25,57
10,25,61
12,21,58
16,21,61
11,21,59
15,27,62
8,17,56
14,22,61
12,23,57
11,22,61
16,20,60
13,23,57
8,22,56
7,25,57
17,21,60
10,17,57
8,23,60
10,19,55
13,17,59
15,28,60
16,22,64
9,22,58
11,25,58
11,22,59
12,23,61
14,19,59
10,22,59
10,24,58
5,18,59
12,14,56
14,26,59
11,20,58
11,26,56
16,24,61
6,17,53
9,25,56
13,15,58
9,17,59
8,21,55
16,18,61
9,17,60
14,19,61
10,17,55
11,25,59
11,21,59
11,19,58
14,19,59
8,26,59
8,21,58
10,21,60
20,26,61
8,21,55
10,22,58
12,25,59
11,20,58
11,18,60
13,19,60
9,13,55
12,29,63
7,22,56
14,24,63
11,21,62
15,22,61
14,16,59
11,14,55
13,26,62
12,24,60
12,20,56
14,20,60
8,19,57
14,21,59
8,17,57
11,18,59
11,20,60
8,15,53
14,26,63
16,22,60
14,19,60
12,22,59
14,24,58
8,21,55
10,22,59
9,20,57
10,22,59
11,18,58
13,17,62
15,25,59
8,18,57
13,28,62
20,27,65
8,13,55
13,23,62
7,15,54
12,28,60
13,15,59
15,23,61
12,20,56
5,22,59
12,19,59
17,27,59
10,20,61
2,20,50
12,18,59
14,21,60
15,19,63
5,19,53
7,19,58
12,19,61
14,26,54
13,15,65
10,31,59
3,18,56
14,19,66
12,24,58
10,12,53
12,26,60
3,13,50
12,26,61
9,21,59
14,19,60
2,18,57
16,22,61
14,19,62
13,22,62
13,16,58
7,19,57
14,20,60
11,15,58
13,20,60
7,19,55
14,23,60
15,18,60
11,19,59
13,21,59
7,20,57
9,21,56
13,18,59
9,25,57
10,16,56
11,15,57
14,25,60
8,17,56
8,29,57
2,11,52
11,17,57
16,19,60
5,20,54
7,16,55
0,14,51
19,22,66
14,18,60
15,22,62
10,18,57
12,18,59
13,26,63
12,22,59
9,19,57
11,29,60
11,14,56
10,22,62
9,20,58
8,18,57
13,17,57
11,16,61
6,20,56
8,23,59
11,21,63
17,22,60
14,19,61
10,27,58
14,27,59
7,16,53
14,21,64
7,20,54
11,16,62
5,21,53
15,20,59
10,23,62
13,23,58
14,12,60
10,24,60
6,21,56
11,19,57
10,21,57
13,21,57
11,20,62
9,21,56
12,18,59
12,25,60
11,15,56
12,21,61
12,19,57
10,15,62
15,16,57
14,14,61
7,21,60
11,24,58
12,12,56
16,23,63
8,15,58
7,19,58
14,15,61
9,13,53
10,17,61
15,16,61
14,16,61
11,17,56
11,18,59
13,19,60
14,18,61
18,16,63
22,21,60
9,18,56
3,24,56
12,20,58
15,21,61
12,16,60
9,14,53
9,18,57
12,16,57
14,18,60
14,16,58
10,21,59
6,13,57
13,19,62
13,19,63
10,19,60
9,22,60
13,20,60
11,18,59
14,20,63
9,17,57
11,23,57
13,19,60
9,17,57
8,18,56
9,17,59
11,15,61
8,19,61
5,17,56
8,18,57
14,20,64
8,20,57
8,21,58
11,18,61
14,21,62
3,16,53
13,22,63
12,21,62
13,16,59
15,18,61
10,19,59
5,22,59
17,19,63
12,16,62
7,19,57
7,18,57
6,18,59
18,21,68
15,16,58
6,19,59
2,21,57
15,16,62
11,15,60
4,20,55
10,16,58
11,15,63
10,22,61
11,19,60
4,19,58
9,20,59
8,18,60
12,19,61
10,14,59
6,16,56
10,20,61
8,16,58
13,14,61
9,18,58
4,18,56
6,17,59
8,16,60
13,19,66
8,20,63
9,18,59
5,20,59
6,21,63
12,17,65
10,22,60
7,17,56
6,20,58
9,17,59
5,18,57
7,20,57
7,14,58
9,20,60
9,18,62
7,18,59
9,19,62
5,18,60
10,20,64
3,21,59
5,21,61
13,20,65
10,18,63
4,20,59
6,19,58
3,23,62
8,20,65
5,22,60
-2,20,55
8,21,64
8,18,64
10,21,60
2,24,57
3,21,59
14,24,62
9,17,59
4,25,58
-7,17,48
3,18,64
18,17,64
6,12,62
9,24,65
4,16,65
11,20,70
11,12,58
14,39,59
2,14,42
14,29,71
9,17,54
4,9,55
-1,25,56
1,3,51
18,17,56
5,6,58
12,19,56
-2,14,54
8,18,62
12,15,62
10,21,62
6,18,57
5,19,57
10,18,62
11,19,61
11,17,63
1,22,58
-1,18,55
6,18,62
15,19,65
14,16,67
10,19,62
6,15,55
12,16,64
18,18,65
6,15,53
14,16,58
3,17,52
7,16,57
14,12,64
15,14,58
5,11,54
7,15,57
9,16,58
9,18,61
10,15,60
8,11,59
18,14,65
10,11,56
8,17,59
17,15,61
15,15,62
12,24,62
14,10,59
8,17,63
14,16,64
15,16,56
10,9,62
17,23,66
17,16,62
7,20,65
17,18,56
-4,11,49
13,24,63
11,9,57
11,18,58
10,11,57
11,14,58
13,12,60
12,18,59
10,20,63
12,16,59
14,24,62
11,12,59
11,20,60
7,15,55
11,15,60
14,16,59
9,7,56
12,20,61
7,16,58
5,16,58
14,18,61
7,18,59
9,18,61
6,20,58
11,17,60
9,15,59
11,17,60
11,16,62
4,20,57
11,14,61
10,23,64
16,23,66
9,16,62
12,25,64
12,10,57
7,20,67
6,12,48
21,17,65
2,15,49
14,18,58
15,22,62
8,26,61
17,17,64
8,28,61
8,23,62
11,16,63
11,22,62
11,21,62
10,19,63
7,20,58
13,17,63
15,21,62
5,13,54
4,18,59
7,18,59
11,16,64
12,19,59
5,20,55
9,22,61
11,18,58
10,15,60
9,22,61
4,21,57
8,14,58
13,16,60
10,16,59
3,20,59
8,15,59
11,16,62
11,20,65
6,16,58
9,19,61
13,17,61
11,18,60
13,17,62
9,19,59
6,20,60
10,18,58
13,18,63
4,19,56
8,16,61
11,17,62
9,19,61
3,18,57
4,21,62
5,19,62
7,21,61
7,18,60
1,18,55
7,19,61
11,19,59
10,18,61
4,21,58
10,21,59
6,14,57
5,22,63
3,16,57
6,18,64
11,19,63
3,17,58
7,23,60
13,17,64
7,22,63
5,21,59
-4,19,58
5,21,61
9,18,62
17,16,68
1,19,52
-5,18,54
6,24,62
6,20,57
21,22,66
3,12,56
-5,20,51
2,23,59
10,14,60
20,14,60
4,11,60
2,14,53
8,16,60
17,14,63
2,22,53
8,25,62
5,22,61
12,19,57
6,16,60
8,22,62
6,19,53
9,22,65
2,15,59
7,16,62
6,19,57
5,17,67
1,20,54
8,14,64
8,19,53
6,21,57
8,17,63
11,26,59
11,8,61
15,30,70
4,9,51
15,24,69
13,14,56
11,20,65
11,25,60
7,19,62
12,19,64
5,18,63
10,12,65
0,21,57
11,9,57
4,25,59
6,13,58
6,19,57
9,24,59
4,13,51
8,20,61
1,17,54
10,15,63
14,11,60
-2,11,48
10,15,59
8,13,55
15,16,60
13,15,63
15,18,60
1,15,56
15,21,63
11,11,54
16,16,63
15,11,61
19,15,59
15,16,59
6,27,57
-1,17,51
13,17,65
18,15,58
-2,13,55
14,19,62
8,9,57
19,16,64
15,20,62
8,23,59
6,18,60
17,25,61
11,13,56
13,24,63
4,17,51
7,20,58
14,16,62
1,9,53
18,19,64
3,14,51
3,22,56
14,9,62
9,11,53
11,14,60
8,3,51
10,28,54
13,12,65
18,29,68
15,14,61
17,23,67
9,23,62
8,17,56
12,20,70
14,22,57
4,21,59
8,26,62
6,19,60
15,21,63
11,20,61
6,22,60
10,18,60
9,21,57
10,20,59
6,16,56
3,19,56
6,21,56
3,17,58
4,17,59
2,19,58
-1,24,57
8,15,61
10,21,62
6,17,59
7,24,62
8,19,63
13,20,65
9,19,62
4,21,58
4,20,59
7,20,62
11,19,64
-1,11,55
7,28,62
10,16,59
11,25,62
12,22,60
2,17,57
9,26,64
6,10,61
6,16,58
4,28,61
-3,11,53
4,23,59
11,8,64
10,7,54
3,18,54
2,11,52
15,23,64
11,14,55
7,25,61
13,17,58
3,11,53
17,18,65
2,11,50
10,19,62
10,18,59
4,17,59
7,18,61
4,21,61
9,21,64
9,20,64
7,19,63
8,20,64
7,20,65
6,19,58
11,18,66
6,15,55
7,20,60
6,16,59
7,21,61
9,17,58
12,21,58
4,21,59
10,22,62
12,22,61
10,12,60
5,16,55
7,20,60
3,20,60
8,19,62
13,16,63
2,18,57
10,20,63
8,20,62
10,22,63
13,20,65
9,19,60
10,16,60
11,22,62
14,17,59
7,16,58
11,21,61
12,12,59
14,23,62
9,19,60
9,19,60
9,18,60
9,18,61
8,19,60
6,19,58
6,20,58
8,16,61
7,18,59
8,21,63
9,16,58
7,17,62
10,20,60
11,16,61
8,22,62
6,20,59
7,19,60
5,22,59
11,15,62
6,18,59
5,18,59
7,18,60
7,19,60
10,19,63
7,19,61
6,19,61
3,17,55
5,22,61
1,15,55
14,21,63
7,15,55
6,20,59
6,18,59
8,17,63
10,17,66
9,18,66
10,20,69
9,22,65
13,18,61
9,18,60
-2,21,56
1,19,46
-6,17,43
-15,8,50
-18,8,45
8,1,39
3,15,68
21,19,72
20,28,58
13,23,57
10,18,74
22,26,65
13,16,60
13,23,60
12,20,63
11,23,57
9,20,60
9,15,59
7,22,61
7,20,57
7,23,58
4,16,62
3,22,60
-2,14,66
19,19,70
-7,9,47
11,25,72
1,19,53
6,32,60
15,34,67
14,-5,44
17,35,70
-2,8,55
13,30,63
10,20,62
10,20,59
12,25,61
4,15,56
10,18,60
4,16,56
6,12,55
10,24,61
2,12,56
10,21,61
8,20,55
7,26,60
12,17,57
10,21,62
7,18,58
9,18,60
2,13,54
5,13,57
4,21,59
8,15,58
8,21,60
4,19,55
6,15,60
11,25,62
6,17,62
11,22,64
3,17,61
7,24,62
8,24,63
9,21,61
17,25,64
5,17,61
10,25,60
9,25,61
4,20,57
5,26,59
-2,13,57
7,14,59
10,14,61
6,14,56
3,18,62
3,18,57
6,21,61
9,16,60
11,19,63
4,13,58
8,17,59
6,19,61
7,19,60
7,21,60
6,21,61
6,21,63
5,19,58
7,21,60
4,17,59
3,19,61
4,19,61
6,18,63
8,17,61
4,21,60
7,18,60
5,21,63
7,22,62
0,20,57
7,18,59
3,15,60
7,21,62
4,19,60
5,18,60
8,17,63
4,19,60
3,18,61
4,21,60
4,16,59
5,20,65
2,19,60
-2,17,59
3,25,62
3,20,62
1,21,60
6,17,59
3,15,60
2,18,57
5,20,62
4,20,61
4,18,61
4,22,62
6,17,60
1,20,61
2,15,58
6,23,61
9,13,59
2,24,59
6,18,61
8,21,60
10,16,60
1,21,57
10,18,60
5,20,57
10,18,60
13,10,59
6,20,60
13,16,61
10,17,61
9,15,60
9,18,60
8,18,62
9,22,62
8,16,59
8,16,59
4,19,57
8,16,58
5,19,60
14,15,62
8,17,59
16,17,63
10,14,60
11,18,57
10,18,56
9,22,61
9,16,60
11,18,60
9,23,62
4,16,57
9,23,64
6,18,58
7,18,61
7,20,58
7,21,61
5,20,59
8,19,60
8,20,60
12,21,61
9,17,60
11,20,60
9,18,59
8,22,60
5,19,60
10,21,62
9,17,60
9,20,59
9,21,60
5,19,59
9,19,64
9,19,59
7,16,60
11,26,55
9,24,61
8,19,60
9,22,59
6,18,59
5,24,60
6,21,63
2,20,62
-4,20,54
1,17,59
1,15,57
7,26,64
4,15,57
-1,13,53
6,16,57
2,13,58
7,21,64
7,19,57
6,16,59
11,16,59
10,17,61
10,19,61
11,21,60
6,18,56
9,22,62
8,18,61
8,17,60
6,21,58
7,22,62
5,19,59
5,16,58
8,24,62
6,20,59
9,20,62
10,23,61
5,21,59
7,23,60
9,22,61
4,18,59
3,19,56
3,19,58
6,17,63
8,26,59
3,21,58
10,26,64
9,22,58
6,19,62
7,18,59
5,24,57
5,25,60
7,17,62
8,23,60
9,21,61
5,20,59
8,19,60
7,22,61
6,26,59
4,20,58
5,20,59
9,20,61
5,18,59
7,22,63
3,16,55
9,18,63
7,19,60
7,20,61
8,21,61
8,22,62
10,16,61
3,22,60
10,20,61
7,21,59
9,22,62
7,21,58
8,25,60
5,25,62
9,23,61
7,22,61
10,22,59
4,20,56
6,27,62
5,18,60
9,21,60
7,19,59
1,20,57
7,21,60
6,23,59
8,22,62
7,20,59
11,23,60
6,18,61
8,22,59
5,17,56
3,17,59
13,26,63
9,19,60
11,25,61
6,22,62
5,22,61
6,14,58
6,21,57
6,20,58
8,17,59
8,22,60
0,12,55
10,31,62
5,17,60
9,27,61
12,23,61
4,20,55
8,21,60
1,22,56
11,21,64
10,18,59
6,22,60
10,18,60
6,26,62
6,18,59
7,23,63
7,16,57
8,22,65
3,19,58
7,21,59
4,23,56
6,20,56
6,12,58
5,17,56
6,19,57
3,17,57
6,17,60
4,19,59
4,20,61
5,20,62
2,20,61
3,19,62
4,27,60
7,22,63
7,32,62
9,20,58
5,17,54
6,25,57
11,15,58
2,27,56
1,20,57
1,19,56
6,19,60
2,18,58
2,15,58
5,23,62
4,22,58
6,21,61
5,22,56
4,20,59
7,21,59
5,23,61
1,17,56
5,22,61
3,19,58
7,24,63
2,19,59
5,22,61
7,23,62
8,23,62
5,22,59
4,21,58
7,21,59
5,19,57
6,21,57
4,18,59
2,18,57
9,23,59
8,19,59
10,24,60
7,19,59
11,22,62
9,23,61
11,20,59
4,21,57
6,24,59
6,19,59
8,21,61
7,20,62
8,19,58
4,22,61
6,22,60
3,20,60
6,18,59
6,20,65
3,15,56
5,22,60
1,20,59
9,22,61
4,21,59
7,20,59
5,21,58
5,20,58
9,17,62
6,17,58
4,20,58
6,20,60
12,15,62
5,21,58
10,16,60
4,25,58
14,18,61
9,16,61
10,16,60
12,15,63
5,22,58
5,16,58
4,18,61
4,19,60
7,20,58
6,19,62
3,22,61
0,18,59
7,22,68
11,23,70
8,23,63
1,17,65
-4,20,64
-1,20,61
-5,18,58
-24,14,50
-10,17,51
12,19,53
25,13,56
23,8,57
5,2,47
24,-2,75
20,17,60
20,12,50
28,9,65
20,9,60
8,9,55
3,12,56
21,12,62
23,15,61
20,12,64
15,14,59
16,8,62
21,15,63
14,7,56
16,10,61
16,9,60
11,12,58
19,10,61
18,9,60
16,13,61
15,13,59
9,13,55
10,14,53
32,12,68
22,15,68
24,8,65
23,12,63
19,10,59
10,14,59
10,15,61
15,11,64
20,13,63
17,13,60
9,13,52
13,16,62
13,16,59
13,14,62
12,11,57
10,10,58
11,15,57
21,15,66
15,13,62
15,16,63
14,10,65
17,13,56
14,11,57
15,17,61
14,19,57
15,7,62
23,14,59
16,5,53
5,14,56
11,11,61
10,8,51
30,19,63
11,9,55
18,21,59
11,11,57
22,21,67
11,13,53
20,12,61
12,17,59
23,17,57
11,13,60
16,20,60
12,10,55
15,11,61
16,16,62
10,10,56
21,19,61
19,17,62
13,15,58
15,20,64
12,16,59
18,19,63
20,15,60
14,17,60
11,22,56
14,12,61
18,14,62
12,16,53
17,10,63
12,23,60
12,16,59
16,6,58
19,22,62
19,7,59
12,25,63
11,15,57
26,13,69
19,13,58
14,17,65
17,15,54
6,26,58
16,19,61
17,17,60
11,16,53
13,19,63
8,17,55
17,20,66
6,17,60
12,20,62
0,14,56
6,21,64
3,19,59
11,14,64
12,25,62
17,17,60
6,15,59
13,20,60
11,11,59
16,24,66
9,17,58
9,20,60
12,16,60
16,19,63
13,19,61
11,16,60
12,18,61
11,17,57
13,16,61
11,15,59
15,17,62
14,15,61
12,19,61
19,15,61
9,24,64
17,16,63
17,16,61
12,15,60
12,17,61
12,16,58
12,16,60
16,15,59
12,15,60
13,16,61
10,14,58
12,14,59
9,12,57
19,16,63
14,17,60
14,15,63
14,15,58
16,14,61
13,20,60
14,12,59
13,14,59
15,19,62
11,14,58
10,24,61
15,5,58
13,19,59
9,8,56
10,18,59
8,11,55
11,12,60
16,16,60
8,12,56
19,19,62
17,14,60
12,13,57
14,15,61
12,15,56
15,15,63
18,11,58
10,19,59
13,13,59
15,17,62
11,13,59
19,17,63
9,11,60
11,11,59
17,16,61
14,12,59
17,18,61
11,13,57
22,19,65
13,17,60
18,17,62
14,14,60
14,17,59
15,16,60
15,15,60
17,16,62
17,15,61
13,20,62
16,18,62
11,17,59
15,18,59
15,15,58
16,15,58
13,15,56
13,15,60
16,12,61
14,12,56
16,15,60
15,12,59
12,13,55
17,13,58
12,13,61
17,17,60
8,12,55
18,17,61
18,15,61
16,15,60
22,14,60
7,16,56
15,18,60
16,19,59
16,13,57
16,21,60
8,14,52
19,17,64
14,11,54
15,20,61
11,8,52
12,13,57
17,13,57
18,19,60
17,6,58
14,15,60
13,11,58
12,21,62
16,20,65
12,15,62
20,17,61
18,18,62
14,24,57
11,15,53
13,19,57
17,11,55
16,13,58
13,10,55
13,9,56
15,13,60
11,12,60
13,18,61
20,11,60
17,14,60
24,14,60
19,13,60
24,17,63
20,11,57
21,17,60
14,19,56
10,14,58
19,14,61
14,15,57
16,15,62
15,23,62
10,13,57
17,17,60
13,14,59
15,15,54
16,13,58
10,15,56
20,17,60
9,12,53
21,18,65
21,10,59
10,17,56
9,14,57
8,16,55
20,18,63
15,15,59
16,16,60
11,16,53
12,17,59
18,18,63
16,15,60
15,16,61
11,5,61
10,28,63
12,10,51
18,20,71
12,20,54
23,16,65
15,19,57
6,29,60
15,21,63
12,21,57
9,9,58
13,23,64
6,21,59
6,20,59
10,18,59
5,18,55
13,19,59
11,17,61
10,19,59
12,19,60
11,17,61
14,19,61
13,14,60
12,15,58
10,16,59
12,17,58
16,18,61
9,15,59
12,18,56
13,15,58
15,16,58
14,15,58
8,10,51
15,18,59
10,16,55
12,16,60
9,14,56
12,15,59
10,17,62
13,9,63
1,22,64
8,16,58
7,19,65
8,20,61
10,19,65
6,16,58
18,28,67
5,23,59
28,17,63
16,17,65
18,23,55
8,13,64
13,10,53
19,7,70
6,17,51
28,17,64
0,18,50
22,31,64
12,3,55
17,26,68
9,-3,46
16,17,67
7,1,53
7,19,58
13,4,53
9,11,59
14,6,53
12,9,64
11,10,49
2,7,67
13,21,62
11,0,54
20,13,65
16,10,51
15,18,61
5,32,58
17,16,62
17,9,51
19,7,55
10,-1,56
17,32,66
26,-4,56
11,17,60
18,5,55
11,7,51
12,28,57
8,8,58
16,18,63
19,8,62
15,14,59
13,21,59
24,12,60
5,28,61
21,24,64
16,15,56
16,17,60
0,30,55
23,31,67
-7,16,47
18,20,71
8,18,60
16,22,63
20,23,59
-1,25,56
16,24,63
8,15,60
14,10,52
29,16,57
13,17,63
1,25,56
18,23,71
23,11,59
20,8,51
26,18,65
18,16,62
8,12,60
39,10,73
6,13,36
13,23,58
-1,24,58
20,15,64
12,-3,48
29,21,68
9,3,46
9,19,58
17,12,60
16,8,63
21,15,59
15,20,63
5,16,60
15,23,61
12,15,56
12,19,61
17,17,59
12,25,61
17,17,58
13,16,63
14,20,57
17,26,60
4,12,51
28,31,65
3,7,57
14,31,62
11,7,57
9,36,68
22,12,64
14,21,69
11,24,54
11,20,65
5,31,53
15,9,63
25,18,61
14,11,60
5,13,53
12,17,59
14,6,60
16,14,54
8,11,55
5,12,57
13,24,61
8,6,57
9,17,56
11,12,55
9,10,55
16,14,59
9,6,51
20,19,64
6,10,53
19,21,62
11,14,56
22,25,63
15,19,62
7,20,59
18,10,62
13,23,60
20,12,63
13,17,57
19,18,57
11,14,55
12,19,55
16,14,55
18,17,59
13,17,57
10,12,52
14,12,58
9,22,53
12,19,61
15,16,59
11,20,62
11,20,60
12,24,62
23,19,67
9,23,60
13,20,58
9,22,60
13,19,60
10,21,58
7,23,57
12,14,58
13,15,60
20,10,59
10,8,54
9,16,50
19,7,58
11,16,57
13,5,49
15,4,60
26,18,59
16,5,55
32,12,66
9,13,55
34,13,63
13,11,53
1,16,56
8,24,57
13,19,57
11,16,51
7,17,60
6,12,53
20,14,64
13,13,55
11,19,62
9,16,55
14,21,62
18,17,61
18,22,62
11,21,55
17,14,63
16,18,57
21,14,59
12,16,57
14,19,58
10,9,58
27,20,67
9,5,53
18,32,65
13,16,56
13,14,54
22,15,57
11,15,55
18,14,61
13,10,56
15,19,61
11,16,58
11,17,62
12,11,59
16,23,65
10,14,60
11,28,63
14,14,57
14,21,62
17,15,57
5,13,58
7,24,58
2,16,54
1,17,53
15,12,58
19,14,54
11,14,62
6,22,59
14,14,59
20,17,61
15,20,62
16,14,54
12,25,60
16,18,54
14,17,58
9,17,58
17,17,58
10,11,54
10,17,58
11,10,57
15,16,62
14,12,59
11,17,58
8,18,58
11,11,61
16,16,62
11,10,56
13,22,62
16,14,58
15,17,61
16,16,60
18,17,59
22,15,61
24,13,59
12,20,63
20,16,63
14,19,60
16,23,60
11,15,59
15,23,61
15,12,57
13,18,59
16,13,57
16,14,60
19,11,57
11,11,56
15,20,61
18,15,59
11,16,57
15,20,61
12,12,58
16,27,63
17,18,64
19,18,60
14,17,61
13,23,62
22,21,61
11,13,55
15,19,59
11,16,59
18,17,60
21,15,63
16,18,59
13,17,57
16,16,58
22,16,62
16,16,60
15,19,58
9,11,57
11,12,56
22,16,63
12,13,55
8,22,57
9,13,54
14,16,62
15,14,55
9,15,55
11,18,56
13,17,58
12,19,59
13,16,58
13,16,60
14,19,61
13,15,60
9,14,64
14,18,66
9,19,60
8,19,62
9,23,62
4,15,53
19,24,67
14,18,57
17,18,60
10,18,58
10,20,58
13,18,58
15,15,62
12,14,57
9,19,59
9,16,56
16,16,65
15,17,58
13,13,56
11,19,56
13,18,59
16,19,63
20,23,62
10,12,56
10,21,58
11,15,56
15,18,58
12,20,59
11,14,54
15,16,55
17,15,57
16,15,55
10,15,50
13,15,60
14,20,59
15,14,60
14,13,58
13,20,63
10,12,59
13,19,64
14,22,61
11,17,58
13,19,64
16,18,63
11,15,58
13,20,59
12,15,62
14,21,61
17,14,64
11,18,57
10,15,58
12,18,62
16,20,63
14,12,59
13,20,59
10,12,56
15,26,63
17,19,61
13,19,57
15,18,58
8,19,56
15,20,62
14,14,59
9,21,58
14,20,61
12,13,63
13,19,64
11,18,61
10,18,63
16,21,62
18,16,61
19,21,57
8,14,57
12,29,62
18,18,61
11,19,58
16,16,65
4,13,60
22,29,63
8,12,49
27,26,67
-8,22,42
-1,31,51
28,15,60
-20,30,47
32,21,61
16,6,58
-3,38,63
26,7,63
16,6,72
22,21,58
-5,12,57
41,28,83
31,19,75
19,13,62
24,29,77
18,-4,46
24,27,66
35,13,65
11,25,43
12,17,61
11,30,64
12,19,52
9,25,69
9,6,52
8,20,49
2,15,58
13,15,55
21,10,62
12,18,60
13,17,65
8,18,55
23,23,66
9,22,58
18,27,64
15,11,52
13,25,63
3,14,51
10,10,59
11,13,57
15,5,59
15,11,55
6,14,57
5,18,60
14,19,63
20,16,64
7,22,63
21,21,65
17,16,59
9,17,59
18,17,63
12,21,55
25,11,64
10,12,52
10,18,54
10,19,56
19,17,63
11,19,56
11,11,55
8,19,59
15,20,61
3,14,61
9,22,56
5,16,63
7,22,61
10,13,62
10,15,59
15,23,65
17,17,56
24,19,60
6,17,57
21,11,57
18,15,60
16,12,59
24,10,62
14,13,54
13,17,62
24,16,64
23,19,67
13,23,71
3,23,70
19,30,62
8,27,55
22,21,68
10,18,42
15,19,58
24,34,60
14,4,39
15,22,67
18,25,55
17,13,53
20,31,56
15,-9,49
25,16,47
3,6,58
25,11,58
19,19,60
21,17,59
21,18,60
19,23,60
15,21,65
17,17,57
20,21,57
16,25,65
17,19,61
16,19,63
12,23,60
4,21,59
-4,22,54
1,26,61
1,29,56
-1,27,56
6,25,62
19,23,64
16,17,58
11,18,57
14,21,60
7,16,54
10,19,61
4,11,59
21,17,61
20,14,67
14,17,65
22,10,57
6,23,60
27,24,68
24,14,55
22,25,67
9,18,56
10,21,56
2,21,56
15,16,61
3,17,56
12,13,55
5,21,58
10,16,53
4,14,58
9,26,57
9,15,55
11,22,55
15,15,58
14,18,54
27,13,60
12,15,56
16,22,56
16,11,59
10,21,56
15,20,61
13,17,58
17,22,58
6,14,54
5,28,54
6,12,55
14,16,61
15,13,58
9,16,53
14,10,54
11,7,60
20,20,63
16,14,59
10,18,64
18,16,59
14,14,65
20,25,70
14,21,61
14,21,63
18,24,62
13,17,61
13,27,63
12,16,55
16,20,58
11,16,57
15,22,58
13,18,57
9,19,54
8,16,59
16,18,65
20,21,57
2,13,52
12,26,61
7,15,56
13,25,65
22,11,63
4,18,52
13,24,69
16,19,62
28,14,61
9,20,67
7,17,53
17,12,62
12,16,55
25,21,59
20,18,69
0,6,45
23,13,66
7,33,67
14,11,50
18,16,66
26,24,70
17,17,54
21,18,62
11,10,52
18,25,61
14,20,59
16,17,58
13,15,56
8,21,53
17,16,62
14,16,56
10,17,56
10,18,58
14,17,64
11,17,54
17,17,64
16,21,57
17,18,59
7,22,60
15,19,59
7,20,57
16,16,61
15,13,62
9,21,57
15,17,61
13,22,60
11,16,59
6,20,55
8,18,60
9,20,59
4,22,52
6,19,58
7,21,59
4,22,55
9,16,60
12,21,63
12,23,58
7,17,56
13,25,65
11,16,57
12,19,62
9,15,56
8,19,59
11,15,60
16,19,64
15,16,63
12,23,60
6,18,56
10,22,61
22,16,64
16,19,62
9,14,57
5,22,59
16,16,63
18,18,65
16,13,61
15,23,63
17,18,63
12,25,63
19,20,60
14,20,56
15,21,61
18,9,54
16,17,60
11,13,54
13,19,60
13,15,54
14,23,61
19,20,60
6,18,58
13,17,60
9,20,61
9,15,56
12,16,58
7,13,59
19,15,61
11,16,59
17,13,57
11,19,59
20,13,59
14,24,60
21,13,60
17,20,61
14,15,58
19,20,65
18,14,61
17,14,56
19,14,58
13,12,58
21,21,61
14,10,58
15,23,59
11,14,54
18,19,61
17,15,60
10,20,56
17,20,61
11,16,57
18,22,63
23,19,60
7,22,56
19,20,64
15,17,60
21,17,61
11,13,56
14,17,57
12,17,58
9,21,56
18,14,56
12,20,56
14,15,60
16,21,60
15,21,59
10,14,55
17,21,59
12,12,57
14,19,58
12,13,57
12,16,56
11,16,57
13,16,58
18,16,59
11,14,56
10,18,55
18,8,59
13,12,54
14,18,58
10,12,56
17,17,61
14,6,56
19,22,62
11,17,58
13,25,60
16,24,63
14,21,64
12,23,60
14,17,59
18,21,62
20,24,64
8,18,56
16,19,61
7,20,55
15,19,62
13,14,59
14,17,59
12,14,55
13,17,60
14,19,61
13,17,60
10,19,61
17,20,60
11,20,64
12,20,62
16,18,60
11,14,62
17,23,63
15,5,61
13,22,60
1,12,58
2,19,57
6,16,58
13,12,55
10,19,62
6,18,56
9,18,62
11,18,61
13,16,59
12,17,60
9,22,59
16,14,59
16,17,60
17,18,59
17,26,62
7,20,62
17,19,66
21,17,63
9,19,57
19,25,65
6,21,57
11,28,61
16,13,61
13,19,55
8,13,59
7,23,60
18,9,63
15,15,56
7,19,55
15,15,61
9,14,60
17,15,64
12,13,56
10,17,61
27,10,61
14,22,57
27,23,66
17,13,60
15,25,63
13,8,63
8,17,54
13,27,65
5,13,59
8,29,61
19,7,54
14,18,63
9,11,53
9,14,61
21,17,62
12,16,57
4,17,57
15,13,57
8,21,61
20,20,62
21,14,58
25,12,62
11,12,59
17,18,57
16,16,62
13,20,60
16,18,61
16,15,61
12,21,58
9,16,59
16,22,59
14,11,57
16,15,57
14,20,59
12,13,59
16,22,55
10,2,56
6,13,57
20,12,60
15,10,61
21,25,58
12,14,58
9,31,58
20,18,60
15,16,61
14,13,54
11,21,60
7,21,61
16,13,63
23,19,64
23,4,63
14,34,58
22,13,69
23,29,70
23,13,64
18,22,68
21,22,65
0,20,53
34,22,73
13,9,51
10,18,56
19,4,55
15,19,61
5,12,45
19,13,63
-7,20,46
5,19,56
3,14,54
2,25,55
0,16,58
4,21,65
7,19,63
19,20,64
20,13,61
16,19,59
5,25,62
11,22,61
11,16,59
13,15,60
16,14,59
11,17,61
5,16,55
10,18,61
11,14,57
11,14,60
3,18,55
16,18,61
9,21,63
11,15,58
17,17,60
9,13,58
7,21,62
13,8,61
13,21,63
14,23,62
9,15,59
13,21,62
11,17,61
13,20,63
7,12,55
13,16,62
11,14,59
14,18,60
15,15,61
11,22,60
8,13,59
17,17,63
18,15,60
16,15,56
16,20,63
14,20,60
17,22,64
11,16,63
19,12,59
15,4,63
6,32,58
14,3,52
15,17,65
15,18,53
21,5,65
11,16,60
4,26,53
13,19,61
15,29,71
21,11,58
14,29,64
14,21,63
5,20,54
21,22,69
18,17,64
15,26,57
6,10,55
20,24,66
17,11,53
17,16,62
21,11,59
7,17,50
25,13,68
15,16,58
13,17,61
21,20,65
16,17,59
12,15,58
11,18,61
16,18,66
18,17,57
15,23,61
10,11,55
22,16,61
15,6,55
15,21,61
6,3,50
17,18,65
13,11,59
14,10,57
17,25,63
14,17,56
16,21,61
7,26,56
10,17,56
21,17,69
6,18,56
19,-5,70
-6,43,49
5,17,59
15,32,72
2,38,69
27,4,62
7,40,62
4,21,58
14,38,63
13,19,60
24,18,55
21,21,54
14,10,55
9,14,52
18,11,58
8,15,57
27,4,58
17,8,57
22,15,62
18,13,62
19,18,61
15,13,61
19,13,64
6,23,62
7,26,59
14,16,60
12,26,65
20,9,53
21,16,57
12,16,57
12,20,58
17,19,61
14,13,61
15,18,63
12,11,60
6,25,67
16,20,65
18,16,67
12,16,60
17,20,61
14,21,60
11,23,64
13,18,58
7,14,60
12,18,56
8,15,59
14,19,61
14,18,63
12,23,59
9,24,57
10,16,58
19,20,55
12,14,57
16,18,54
15,8,52
9,16,55
10,7,53
11,8,60
9,21,65
7,7,63
10,19,69
9,23,71
13,23,66
18,18,64
14,20,61
9,23,60
6,26,60
8,19,63
12,13,60
14,9,63
7,16,61
11,22,64
7,19,62
12,22,62
10,17,60
14,21,64
7,19,55
10,19,55
15,14,60
9,18,55
8,11,56
5,15,55
14,6,57
21,8,62
12,16,57
10,15,61
11,26,58
13,12,56
18,7,60
15,14,53
13,11,61
8,14,53
11,11,62
10,9,58
12,18,63
-1,29,60
7,23,63
8,21,65
5,19,62
12,14,59
14,20,64
10,22,60
3,20,56
9,18,57
11,13,63
12,16,60
11,17,59
9,19,66
14,21,65
14,15,63
16,22,61
11,18,58
17,17,60
16,13,56
17,16,57
16,14,56
15,8,54
15,11,54
25,3,58
22,10,63
14,9,60
18,9,62
21,13,58
6,20,56
5,19,60
9,22,60
17,17,57
15,18,58
12,19,59
15,16,57
14,19,57
13,16,56
14,10,56
16,15,59
14,17,64
16,14,63
16,17,60
19,16,60
17,20,60
17,14,58
14,16,59
15,20,58
15,17,61
12,12,59
18,18,61
14,16,59
9,18,59
9,15,52
12,16,58
17,17,61
13,17,56
9,16,56
15,18,57
15,14,63
13,17,60
18,17,62
17,14,62
16,19,59
14,15,63
18,18,61
20,16,60
13,20,60
15,19,57
16,15,60
14,16,58
17,14,61
9,15,57
6,19,57
15,20,61
15,18,63
16,17,59
7,19,55
5,26,60
9,25,58
9,20,56
10,17,57
8,15,56
7,17,59
14,20,62
14,21,62
10,15,61
18,13,58
10,21,61
21,26,63
5,26,66
17,27,67
21,13,58
12,18,63
3,28,56
26,33,68
12,14,57
17,28,61
10,12,56
7,15,60
9,17,58
9,29,66
3,19,60
7,22,62
8,19,57
-1,36,57
7,29,63
10,23,59
14,25,64
7,27,60
4,21,60
11,18,58
20,20,59
10,12,59
11,21,55
4,14,56
7,31,61
5,16,55
7,17,65
4,21,58
6,33,60
13,19,69
4,28,52
16,12,61
-5,22,51
6,28,58
-2,20,61
-1,20,50
-4,20,55
-6,21,56
11,19,61
1,21,56
9,15,62
14,21,63
9,12,60
9,19,61
5,17,56
14,15,60
7,15,58
17,19,63
11,21,60
10,20,61
6,22,62
10,15,58
19,16,63
9,19,55
11,17,58
0,20,52
16,18,62
11,15,57
9,16,59
4,17,57
8,18,59
17,18,63
7,16,56
12,20,59
4,19,57
8,25,62
11,12,59
11,18,61
18,16,59
8,15,58
10,17,57
8,18,60
16,18,59
8,14,59
7,17,56
11,16,57
14,17,60
10,17,57
10,17,58
10,19,61
12,23,61
11,17,61
9,20,60
13,17,59
11,18,58
10,19,60
11,14,58
9,16,58
11,20,59
9,13,56
14,21,63
13,17,59
12,18,60
11,20,62
8,17,60
12,17,60
11,18,60
13,15,61
8,14,58
12,21,61
7,14,57
14,24,64
14,14,57
11,21,61
17,20,63
5,18,59
9,15,59
11,16,58
13,14,62
8,15,57
13,14,59
12,11,58
16,20,62
13,16,58
16,20,60
17,20,63
10,18,59
17,15,64
11,18,63
9,19,57
11,16,56
3,12,53
8,18,63
18,16,62
13,12,61
13,17,62
12,13,62
17,19,66
11,15,50
4,16,59
12,17,53
10,15,53
7,21,60
13,22,60
13,18,62
8,12,53
14,20,61
13,14,57
14,16,58
3,12,57
11,15,61
10,13,60
13,22,63
13,6,56
18,24,66
13,8,52
12,27,65
11,9,51
8,21,62
8,20,55
10,10,55
12,24,63
6,11,55
21,23,66
1,4,50
18,21,61
8,11,59
10,21,62
13,18,58
13,18,60
11,19,58
13,20,64
5,15,61
13,17,65
12,15,62
3,18,55
5,11,63
8,19,57
6,11,56
8,14,61
8,16,59
9,18,62
4,16,57
2,12,62
9,16,58
5,7,56
3,13,59
12,12,61
4,12,63
13,21,66
7,11,60
12,21,69
7,14,58
11,15,63
5,15,58
2,12,62
13,26,66
11,17,64
9,15,61
13,11,67
6,21,61
10,6,60
14,17,60
19,14,60
10,20,59
-1,27,59
-6,2,59
13,18,67
4,5,61
10,10,63
15,11,66
12,8,60
7,18,63
11,23,69
2,9,50
1,33,61
0,5,72
25,24,72
-10,3,57
-14,31,62
5,9,56
24,7,59
-21,14,55
8,24,61
13,-8,55
16,30,67
-6,-4,59
13,30,78
-11,10,49
3,13,69
12,17,65
9,9,59
24,5,59
-12,30,45
6,14,60
5,11,61
-2,16,58
13,5,60
9,19,68
19,-7,68
9,14,66
-30,4,60
4,17,60
32,7,66
39,22,81
0,14,51
17,20,69
-5,12,52
15,28,64
7,-5,55
13,36,57
5,-5,62
9,25,62
11,11,62
8,13,63
4,20,62
9,17,60
5,14,58
10,15,62
4,21,60
5,16,58
4,23,64
11,17,62
8,14,60
11,17,61
10,15,61
12,18,63
6,14,60
9,18,61
6,12,60
9,20,61
8,14,58
10,17,60
9,14,60
7,18,63
11,18,63
8,18,62
12,22,65
8,14,60
7,15,60
7,15,60
7,15,59
12,21,62
4,14,61
6,26,63
6,13,59
10,12,63
10,17,65
5,16,60
9,16,61
5,14,59
10,19,64
9,18,58
11,17,62
16,23,62
8,13,56
11,21,62
12,15,59
9,22,62
16,16,60
11,20,64
16,25,60
-1,7,57
10,22,56
1,12,58
14,20,63
-3,18,61
-4,26,62
1,9,65
11,15,72
12,19,61
6,7,57
6,17,63
-10,12,48
12,21,63
-8,1,58
20,22,60
6,6,53
-5,33,62
8,10,56
16,23,63
10,19,66
13,13,59
12,8,61
8,6,56
4,23,60
0,10,57
12,21,70
4,13,60
15,20,66
5,28,63
3,20,62
25,12,65
19,11,58
-5,12,49
5,10,58
0,24,55
10,15,59
20,15,69
2,22,60
6,15,62
12,24,65
17,14,68
10,13,62
4,10,60
7,13,55
6,13,58
9,12,60
7,18,60
13,10,62
5,13,57
10,16,62
8,14,60
13,13,64
14,14,62
17,7,58
18,9,61
13,13,62
13,10,65
22,9,68
9,9,62
11,13,69
13,9,60
17,9,59
6,15,59
5,16,61
15,15,63
8,10,61
14,18,68
12,14,61
10,13,61
7,21,59
5,20,58
10,17,60
19,14,63
18,11,62
15,15,61
13,8,61
16,12,59
13,14,60
18,14,64
18,12,65
14,14,60
8,15,59
8,18,61
12,18,61
15,10,59
10,13,58
17,9,59
13,9,58
16,11,62
8,14,62
5,17,61
16,14,63
16,12,58
16,14,60
21,16,66
16,17,63
10,16,61
13,16,64
12,13,63
14,11,61
12,12,59
12,11,57
16,11,59
12,12,58
6,15,60
10,18,64
12,17,63
14,16,64
13,19,63
14,15,64
11,17,63
12,11,61
11,14,62
8,12,58
-1,16,58
5,15,59
12,13,63
17,14,63
16,14,62
9,16,61
9,17,61
13,16,63
14,14,63
9,17,61
8,15,60
10,16,62
10,14,61
8,17,61
7,15,61
9,17,62
10,16,62
12,15,62
8,17,61
10,16,63
15,15,63
13,15,63
12,16,60
11,15,59
12,15,60
11,15,60
9,16,60
12,14,58
6,13,56
10,16,60
10,15,60
11,14,60
12,16,61
13,15,61
10,13,60
13,15,63
13,14,59
12,12,60
11,17,64
15,15,62
12,17,63
14,18,64
13,16,60
15,16,63
14,16,61
9,12,59
10,16,61
12,13,59
10,17,62
9,16,59
11,16,61
12,17,61
11,16,59
11,15,60
11,16,60
10,14,60
11,16,61
12,15,62
14,15,62
14,16,62
13,14,61
13,15,61
11,14,60
12,15,61
13,15,62
11,15,59
12,15,60
14,16,61
13,16,60
14,15,60
14,15,60
15,15,60
15,15,61
14,15,61
14,15,61
13,15,61
13,14,60
12,15,61
13,15,62
12,15,61
14,15,61
13,15,60
13,15,60
13,15,59
14,15,60
12,16,60
13,15,61
13,18,62
15,19,62
19,21,58
18,23,57
19,24,57
19,23,57
20,21,56
19,20,54
20,19,55
19,17,57
18,16,56
17,16,56
18,16,57
17,18,58
18,18,59
17,18,59
18,18,59
18,17,58
17,17,57
18,16,57
16,17,57
17,17,58
16,19,58
18,19,58
17,19,58
18,19,58
18,19,58
18,17,57
17,18,57
17,18,58
17,17,58
17,18,58
18,18,58
18,18,59
17,18,58
18,18,58
17,19,58
18,18,58
18,19,58
18,18,58
17,18,56
18,17,58
18,19,58
18,17,57
17,18,58
17,18,58
17,18,58
18,18,58
18,18,58
17,18,57
18,18,58
17,18,58
18,18,57
17,18,57
17,18,57
18,18,58
18,18,58
18,18,58
17,18,57
18,17,58
16,18,57
18,17,58
17,19,57
17,18,58
17,19,58
18,17,57
18,18,58
18,17,57
18,17,58
16,18,58
18,17,57
17,18,58
17,18,58
18,18,58
18,18,58
17,18,58
17,17,57
17,18,58
17,18,58
18,16,57
17,18,58
17,17,57
18,18,58
17,18,58
17,17,58
17,18,58
18,18,58
16,18,58
19,17,58
17,18,58
18,17,58
18,18,59
17,18,58
17,18,58
17,18,58
17,18,58
17,18,58
18,18,58
17,18,58
18,17,58
18,18,58
18,18,57
18,18,58
17,17,57
18,18,58
17,18,58
18,17,58
17,18,58
18,17,58
18,18,58
18,17,57
18,18,58
17,17,57
17,18,58
18,18,58
17,18,58
17,19,58
18,17,58
18,18,58
17,18,57
18,17,58
17,18,58
18,18,58
17,18,57
18,18,58
17,18,57
18,17,57
17,18,58
17,18,57
17,18,58
17,17,58
17,18,58
17,18,57
17,18,58
17,18,57
18,18,58
16,18,57
17,18,57
17,18,58
17,18,58
17,19,59
18,18,57
18,18,58
17,18,58
18,17,58
17,18,58
17,18,57
17,18,57
18,17,58
17,19,57
18,18,58
16,19,58
17,17,57
18,18,58
17,18,57
17,18,58
17,18,58
17,18,57
17,18,57
18,18,58
16,18,58
17,18,57
17,19,58
17,18,57
17,18,58
17,18,58
18,18,58
17,18,57
18,18,58
16,18,58
18,18,57
17,19,58
17,17,57
18,18,58
17,17,58
17,18,58
17,18,57
17,18,58
16,17,57
18,18,58
17,18,58
17,18,58
17,18,58
18,18,57
16,18,58
17,18,58
17,18,58
17,18,58
18,18,58
17,18,57
17,17,58
17,18,58
18,17,58
17,18,58
18,17,57
18,18,58
17,17,58
18,18,58
17,18,58
17,18,58
17,17,57
18,18,58
16,17,57
18,18,58
17,19,58
17,18,58
17,18,58
18,18,57
16,18,58
17,18,57
17,18,57
17,18,58
17,18,59
18,18,58
17,18,58
17,18,57
18,17,58
17,18,58
18,17,57
17,18,58
17,17,58
17,18,58
18,18,58
17,18,58
17,17,57
17,19,58
17,17,57
18,18,58
17,18,58
17,18,58
17,18,57
18,18,58
16,18,58
17,18,57
17,18,58
17,18,58
17,18,58
17,18,58
16,18,58
17,18,58
17,19,58
16,18,57
18,18,58
17,19,58
18,17,58
17,18,57
18,18,58
16,18,57
17,18,57
17,19,58
17,18,57
17,18,58
18,18,58
18,18,58
17,17,57
17,18,58
17,17,57
17,18,58
17,18,57
18,18,58
17,18,58
17,18,58
17,18,57
17,18,58
17,18,57
17,18,58
17,18,58
17,18,58
18,18,58
17,18,57
18,18,58
17,18,58
17,18,58
18,18,59
18,18,58
17,18,57
18,18,59
17,18,57
18,18,58
16,18,58
18,18,58
17,18,58
18,17,58
18,18,58
18,17,58
17,18,58
18,17,58
17,18,58
18,17,58
18,18,58
18,17,58
17,17,58
18,18,58
17,18,58
17,18,58
18,17,58
17,18,58
18,17,58
18,18,58
18,18,58
17,17,58
18,17,58
17,18,58
18,17,58
18,18,58
17,18,58
17,17,58
17,17,58
17,18,58
16,18,58
18,18,58
17,18,58
17,17,58
17,17,57
17,18,58
16,18,57
17,18,58
17,18,58
17,18,58
17,17,58
18,18,58
17,18,58
17,18,58
17,18,57
17,18,58
17,18,58
18,18,58
17,17,57
17,18,58
17,18,58
17,18,58
17,18,58
18,18,58
18,18,58
17,18,58
17,18,58
17,18,58
18,18,58
16,18,58
18,18,58
17,19,58
17,18,58
17,18,58
17,18,58
16,17,58
18,18,58
17,18,58
17,18,58
17,18,58
17,18,58
17,18,58
18,18,58
17,18,58
17,18,58
17,18,57
18,18,58
17,18,58
17,18,58
17,18,58
17,18,58
17,18,58
17,18,58
17,18,58
17,18,58
18,18,58
18,18,58
17,18,58
17,18,58
18,18,58
17,18,58
17,18,58
18,18,58
17,18,57
17,18,58
17,18,58
17,18,57
17,19,58
18,18,58
17,18,58
18,18,58
18,18,57
18,18,58
17,18,58
18,17,58
18,18,58
18,17,57
18,18,58
18,17,58
17,18,57
18,17,58
18,18,58
18,17,58
17,18,58
18,17,58
18,18,58
18,18,58
17,17,57
18,17,58
17,17,58
18,17,58
18,18,58
18,18,58
17,17,58
18,17,58
18,17,58
17,18,58
17,17,58
18,18,58
17,17,57
17,18,57
17,18,57
17,18,58
17,17,58
18,18,58
16,17,57
17,18,58
18,18,58
17,17,58
18,18,57
18,18,58
18,18,59
17,18,58
17,18,58
17,18,58
17,18,58
18,18,58
18,18,58
17,18,57
17,18,58
17,18,58
17,18,58
17,17,58
17,18,58
18,18,58
17,18,58
17,18,58
17,18,58
17,17,58
17,19,58
18,18,58
17,18,58
17,18,58
17,18,58
18,17,58
17,18,58
18,18,58
17,18,58
18,18,58
16,18,58
18,18,58
17,18,58
18,18,58
17,18,57
17,18,58
16,18,58
17,18,58
17,18,58
17,18,58
17,18,57
18,18,58
16,18,58
17,18,58
17,18,58
18,18,58
17,18,57
17,18,58
18,18,58
17,18,57
17,18,58
17,18,58
17,19,58
17,17,58
17,19,58
17,17,57
17,18,58
17,18,58
18,18,57
17,18,58
17,19,58
18,18,58
17,17,58
18,18,58
17,17,58
18,17,58
18,18,57
17,18,57
19,19,58
18,19,57
18,19,57
18,18,57
18,18,57
18,18,57
19,18,58
18,18,57
19,18,58
18,18,58
18,18,57
19,18,58
18,18,58
19,18,57
19,18,58
18,18,57
17,19,57
18,18,57
18,19,57
19,18,58
18,18,57
18,18,58
17,18,57
18,18,58
18,19,58
18,18,58
17,19,57
18,18,57
19,19,58
19,19,57
18,20,57
18,20,57
18,21,57
19,21,57
19,21,57
20,21,57
20,21,56
20,22,56
20,22,56
21,22,56
21,22,56
21,22,56
20,22,55
23,22,55
26,22,56
20,23,55
23,23,56
20,24,55
22,23,55
19,23,55
21,22,54
23,22,55
23,22,55
20,23,54
20,23,54
22,22,56
21,22,54
21,23,55
21,23,55
21,22,55
22,24,56
21,23,55
22,23,55
23,24,56
22,23,56
22,23,56
22,22,54
22,23,56
21,24,55
23,23,56
23,23,55
22,23,56
22,25,55
19,23,55
22,25,56
28,23,59
29,22,58
24,24,57
17,24,55
22,23,54
16,21,53
16,27,54
10,25,53
15,25,54
15,24,57
18,24,56
22,21,57
21,25,58
17,25,57
18,21,55
19,21,56
19,23,57
19,22,56
19,24,58
20,25,56
20,21,58
20,21,57
20,23,58
16,24,57
18,23,58
18,23,57
18,21,57
16,20,56
18,23,56
17,23,56
16,23,57
19,23,56
18,27,56
20,23,56
21,29,58
18,27,55
15,24,55
20,26,54
18,26,55
15,27,55
17,22,54
17,24,59
21,22,57
17,24,54
14,25,52
23,21,56
18,21,52
17,23,54
20,20,53
22,22,59
25,25,62
24,19,59
24,24,61
22,24,60
14,22,56
13,21,55
19,24,58
18,19,52
15,22,53
14,15,51
15,24,54
19,22,56
19,26,57
24,28,63
14,20,54
14,27,57
21,20,56
22,20,57
24,20,53
21,25,53
22,24,52
22,26,53
20,29,56
19,25,56
17,27,55
19,26,57
15,25,55
15,25,56
20,28,59
14,21,56
21,25,60
21,24,59
18,23,57
20,24,58
19,24,57
20,26,56
24,25,58
17,27,52
19,21,53
21,26,59
13,20,54
17,25,60
14,32,58
18,18,54
16,28,59
17,22,53
20,20,56
25,22,57
20,24,57
14,20,53
14,21,56
23,25,61
21,24,57
21,24,59
17,28,56
20,24,57
18,21,55
16,15,48
19,24,53
19,21,51
17,20,55
22,20,57
19,20,54
15,25,60
14,24,60
20,25,58
18,19,56
19,18,56
16,29,56
15,8,49
13,18,54
18,21,56
20,20,55
19,20,58
17,27,57
16,26,59
19,27,59
18,23,56
14,18,53
14,19,52
17,22,54
14,20,53
18,21,56
18,22,58
18,24,60
20,25,58
17,25,58
15,25,60
15,22,57
16,24,55
16,20,54
17,21,56
17,20,54
18,23,56
24,18,55
22,26,58
20,23,57
17,21,57
12,23,57
12,24,59
15,21,60
18,25,62
16,25,59
14,27,61
17,29,60
19,22,56
17,19,54
16,22,53
15,24,52
17,24,55
14,25,54
18,24,57
19,24,59
16,23,56
15,22,57
15,20,57
16,23,58
19,18,59
17,20,55
17,17,54
13,18,54
19,22,59
18,20,58
17,22,60
16,25,59
12,19,58
16,24,60
16,16,58
16,23,57
16,20,58
14,18,57
12,21,56
16,21,57
18,20,57
20,18,58
13,26,55
18,21,56
14,24,57
21,21,57
18,16,57
12,25,57
16,24,59
18,23,62
22,18,61
18,26,58
14,21,58
16,22,57
16,22,60
13,20,57
14,21,55
15,21,57
9,24,57
16,22,58
17,24,58
13,23,58
14,27,58
21,16,58
15,23,54
14,26,56
18,19,55
16,22,54
21,23,60
13,22,58
17,22,57
15,22,57
16,19,58
20,24,60
23,25,59
13,24,56
13,30,55
30,20,68
10,31,63
21,23,58
14,24,57
23,30,62
12,22,54
23,14,54
0,24,55
9,26,59
18,-1,46
12,18,54
19,35,61
16,11,53
11,21,55
13,16,52
15,9,51
17,27,59
8,10,50
21,36,69
15,21,59
17,25,60
18,22,61
17,22,59
18,26,62
14,30,60
15,23,55
24,26,66
5,20,61
10,30,65
19,10,54
17,20,59
9,24,54
10,19,52
19,22,58
21,22,55
11,19,54
14,29,57
19,16,57
18,19,59
20,19,60
16,14,60
17,16,55
18,16,61
15,20,57
17,13,58
9,23,57
19,18,58
14,18,56
16,16,60
13,25,59
18,24,60
15,21,56
17,24,57
8,21,58
17,28,59
12,12,59
7,30,54
8,17,56
12,26,60
18,19,59
19,19,57
12,25,57
9,19,60
13,31,62
12,17,58
15,27,63
17,21,62
17,27,62
15,14,56
12,22,56
14,19,54
8,20,59
17,24,58
16,19,58
14,24,62
18,22,61
16,16,62
14,19,59
11,15,57
9,22,58
4,20,56
7,20,60
18,18,60
25,18,66
14,26,59
5,19,59
10,20,61
11,26,59
11,19,59
15,18,60
13,14,56
13,26,60
13,18,55
15,23,57
10,18,55
16,18,56
13,16,56
16,21,57
18,19,59
12,23,60
19,20,59
17,19,59
15,21,59
10,22,62
14,30,60
14,14,56
16,21,58
16,25,56
18,15,58
19,17,55
20,18,54
11,21,57
17,15,54
14,18,60
17,21,62
16,9,58
12,27,64
16,19,61
11,22,61
20,21,62
15,17,54
15,18,57
15,22,57
17,21,58
10,25,55
10,21,56
14,18,59
13,19,59
13,12,54
12,23,61
17,19,57
15,27,63
20,15,53
12,20,52
18,23,61
15,19,57
19,14,53
14,14,54
18,19,56
11,19,56
18,17,55
14,16,53
20,18,59
18,15,55
24,21,62
13,17,56
17,20,61
15,18,53
18,14,59
21,20,61
22,17,56
15,20,57
13,18,57
20,23,59
19,21,58
15,19,56
16,21,56
15,19,58
15,22,57
14,21,59
11,19,55
15,18,57
15,22,58
20,18,57
16,15,52
21,16,59
18,15,54
19,15,59
20,19,58
20,16,60
20,14,60
17,18,60
20,20,61
14,22,59
16,24,60
11,20,56
17,22,58
6,23,54
18,22,58
12,19,53
23,21,60
10,17,53
13,17,57
15,15,54
14,17,55
20,20,57
16,15,57
16,17,58
15,22,60
16,23,58
12,20,61
14,26,61
16,12,59
16,14,58
17,20,56
9,19,55
13,25,56
19,16,59
20,18,54
16,21,57
15,20,52
16,16,54
17,17,58
17,15,58
16,15,57
20,15,59
13,17,57
13,19,56
17,19,62
15,22,63
16,16,56
13,16,63
8,22,58
12,19,63
11,18,62
17,20,65
18,21,64
7,19,62
9,20,62
8,22,64
6,22,65
7,21,66
1,25,64
7,18,70
23,40,67
8,4,55
11,33,62
9,16,52
12,22,60
14,21,54
10,20,53
13,28,60
17,17,53
16,15,58
7,8,51
4,15,57
1,7,53
8,16,61
6,17,58
9,17,63
6,19,63
7,19,61
11,20,65
5,13,57
10,23,65
10,14,60
12,22,64
12,15,61
5,24,59
9,20,61
13,20,61
11,13,60
12,13,55
4,14,58
8,11,58
12,19,61
10,14,62
11,14,60
17,10,66
5,18,56
8,18,63
4,13,58
11,17,63
8,14,59
8,17,61
11,15,62
7,16,62
7,18,63
5,14,61
7,14,63
5,15,63
4,17,61
9,9,63
12,15,67
11,15,56
-5,14,60
7,20,66
4,13,61
-4,16,66
-7,15,67
-10,18,61
-28,7,40
-21,24,53
-12,22,44
4,16,56
4,5,53
15,3,59
22,3,50
21,0,52
37,-7,76
49,-2,76
44,-7,71
14,0,60
17,-2,64
12,-1,59
15,2,55
19,0,56
20,-4,54
22,-9,52
22,-11,50
20,-12,45
19,-16,55
47,-12,78
40,-8,68
44,-1,63
21,-5,55
23,-8,58
28,-8,58
30,-11,60
23,-5,59
21,-8,58
31,-10,62
31,-11,61
3,0,45
8,-11,52
23,-13,58
21,-11,53
18,-13,56
21,-11,60
26,-8,58
27,-11,55
28,-10,64
19,-5,66
26,-1,69
34,-2,80
31,-7,76
26,6,71
27,9,62
36,16,53
30,13,55
-14,-4,77
-18,-9,72
-21,8,44
-20,3,46
-30,9,51
15,1,62
18,-2,55
38,16,59
27,13,67
1,13,61
-1,12,60
10,9,67
16,8,64
10,5,63
3,9,60
5,10,64
9,9,65
10,11,62
4,10,62
3,12,63
10,8,64
12,9,67
8,9,63
5,9,63
4,10,63
8,11,65
11,9,65
4,10,60
0,9,58
4,13,64
10,11,66
7,7,60
5,8,59
6,8,62
8,15,63
11,11,64
9,9,62
3,10,59
1,10,64
9,11,65
5,8,63
5,13,65
3,9,62
8,10,65
8,9,63
2,9,63
6,10,64
7,8,62
4,9,60
3,12,64
11,12,66
4,9,61
8,11,66
6,11,61
6,8,64
5,10,66
5,8,64
6,10,67
6,11,63
1,8,61
8,12,65
12,8,66
9,8,64
5,10,62
0,10,64
5,11,65
8,9,62
6,11,64
5,12,65
9,10,63
4,8,63
1,13,61
7,9,65
9,11,66
9,5,63
3,10,62
2,12,63
2,11,65
11,12,65
3,10,61
1,11,63
2,11,61
6,11,63
5,7,62
4,8,62
3,11,65
7,11,66
9,11,68
6,10,65
3,11,60
2,11,62
9,9,63
5,10,62
5,11,62
3,10,62
5,9,63
9,10,65
8,10,64
2,9,61
5,9,63
6,11,64
8,11,65
6,12,64
3,11,64
10,12,66
5,10,64
4,12,65
5,10,61
4,8,62
5,10,62
5,7,61
4,11,64
5,12,64
4,11,65
7,11,66
8,11,65
7,10,64
7,10,64
2,10,61
2,11,62
8,10,64
6,10,64
4,13,65
6,10,63
6,11,64
10,7,64
5,9,62
6,9,62
4,13,65
5,13,65
7,13,65
7,10,64
6,10,63
3,11,62
5,12,64
5,11,63
3,10,60
4,12,63
4,11,64
5,10,64
5,12,65
7,10,62
5,11,63
4,12,64
3,11,63
7,11,64
5,10,62
4,12,63
8,11,63
5,12,63
4,12,63
5,13,64
3,12,62
5,11,63
6,10,62
6,12,62
6,11,64
7,14,63
6,12,63
8,12,64
7,12,62
6,11,61
6,13,62
7,14,63
5,12,61
5,12,63
6,12,65
4,12,62
5,12,63
6,13,64
5,12,62
7,14,63
8,13,63
7,13,62
8,13,63
6,14,63
7,13,62
7,13,62
7,13,63
7,14,61
7,13,62
7,14,62
7,14,62
7,14,62
7,14,62
8,14,61
8,15,62
8,15,62
7,14,61
8,14,61
8,14,62
7,13,61
7,14,63
8,14,64
10,17,63
10,16,62
11,15,60
9,15,60
10,17,60
10,18,58
13,20,58
13,22,57
14,25,60
14,24,58
14,21,57
14,19,56
14,17,57
14,16,56
14,15,56
14,18,61
14,18,59
13,19,61
14,19,61
14,18,60
14,18,60
14,17,59
14,16,59
13,17,60
13,17,58
13,18,59
13,19,60
13,18,59
14,18,59
14,18,59
15,17,60
14,18,58
15,16,58
14,17,58
14,17,59
14,17,59
14,18,60
13,18,58
14,17,59
14,19,60
14,18,58
13,18,59
15,18,59
14,18,58
14,17,59
14,18,59
14,18,59
13,18,59
14,18,59
13,18,58
13,18,60
13,18,59
14,18,59
13,18,58
13,18,59
13,18,58
13,18,60
14,19,60
14,18,59
13,18,59
13,18,58
14,18,59
13,18,59
13,18,59
14,18,59
14,18,59
13,18,58
14,18,60
13,19,59
14,18,58
14,18,59
14,18,59
13,19,59
14,18,59
13,18,59
14,18,59
12,18,58
14,18,59
13,19,59
14,17,58
13,17,58
14,18,59
12,18,58
14,18,59
13,19,59
14,18,59
13,18,59
14,19,59
12,18,58
14,18,59
13,19,59
13,18,58
13,18,59
14,19,59
12,18,58
14,19,59
13,18,58
13,18,58
13,18,59
14,19,60
14,18,59
13,18,58
14,19,59
13,19,59
14,18,59
14,18,60
14,18,58
13,18,58
14,18,60
13,19,59
14,18,58
14,18,61
14,18,58
13,18,59
14,18,60
13,18,58
14,18,58
12,19,59
14,19,59
13,18,59
14,19,60
13,18,59
13,18,59
13,18,58
13,18,59
14,18,59
14,18,59
13,18,58
14,18,59
12,18,58
13,19,59
14,18,59
14,18,59
13,18,58
14,18,59
13,18,59
13,18,59
13,18,59
14,18,59
14,18,59
14,18,59
14,18,59
13,18,59
13,18,59
14,18,59
13,18,59
14,18,59
14,18,59
13,18,59
13,18,59
13,17,59
14,18,59
13,17,59
14,18,59
14,18,59
13,17,59
13,17,58
14,18,59
13,17,59
14,18,60
14,18,59
14,18,59
13,17,58
14,18,59
13,18,59
14,17,59
14,18,59
14,18,59
14,18,58
15,20,59
14,20,59
15,19,57
15,19,57
15,19,57
15,19,58
16,19,58
15,20,58
15,19,58
15,20,58
15,20,58
15,20,58
16,19,58
15,19,59
15,19,58
15,19,58
15,19,58
15,20,58
15,19,57
15,20,59
14,20,58
14,19,58
15,20,59
14,20,59
16,20,58
15,20,59
16,21,58
15,20,57
15,20,57
15,21,58
17,22,58
17,22,57
17,23,56
17,23,56
19,23,56
21,27,55
18,27,56
19,26,55
20,24,53
12,23,50
30,32,60
20,26,55
21,25,55
21,26,55
20,25,56
20,23,55
19,23,56
18,22,55
15,23,54
15,23,56
17,25,57
17,22,55
18,22,55
16,22,54
20,21,54
22,20,54
22,20,53
25,18,52
27,18,52
26,17,53
23,14,51
30,14,52
31,20,57
32,14,51
25,10,47
30,12,48
32,9,49
41,7,49
6,5,34
44,2,49
40,-6,40
48,4,44
47,-5,39
46,-10,38
61,-6,41
30,-5,36
49,-12,36
61,-12,34
53,-14,32
62,-15,36
60,-17,31
60,-16,36
57,-18,34
62,-21,32
64,-20,31
61,-18,33
71,-20,38
54,-20,32
54,-24,28
53,-27,26
59,-28,28
46,-27,28
53,-40,46
54,-41,53
37,-24,49
27,-17,48
5,-21,57
30,-19,69
45,-14,73
38,-11,73
30,6,71
5,5,58
19,16,61
39,16,62
35,14,48
31,23,42
31,23,40
42,25,44
40,25,46
30,24,42
25,24,37
8,21,38
-18,23,33
-93,15,70
-92,-8,47
-8,22,43
-21,24,38
14,-11,32
30,-2,40
69,1,61
23,15,45
-4,1,49
36,9,61
38,9,57
35,2,49
48,2,57
40,7,49
46,12,60
47,9,52
48,8,55
39,5,47
39,6,48
35,6,49
42,2,53
36,3,49
42,4,49
44,3,52
37,2,49
41,1,51
46,1,50
41,4,51
44,-1,50
49,-2,46
37,-1,48
44,2,51
34,-1,48
47,-4,52
48,0,51
36,3,48
37,2,48
44,3,49
39,0,48
44,-2,49
41,0,46
38,0,47
38,-4,50
45,-5,51
40,-2,52
50,1,56
37,0,50
43,2,53
27,-2,45
43,3,47
28,0,41
42,0,51
46,3,48
38,-2,51
51,-1,55
35,-1,54
30,-7,43
52,0,55
33,-4,46
44,8,56
30,-5,47
39,-1,43
20,-3,44
61,-2,46
22,3,51
52,-13,52
42,-11,55
46,-13,59
44,3,53
34,6,59
48,-17,53
42,-11,53
44,-10,53
42,-5,57
40,-6,44
39,1,49
29,3,46
43,-3,50
29,1,49
47,-1,51
32,2,53
48,-5,53
43,-7,48
43,1,51
42,-8,54
26,-7,42
31,-13,46
44,-9,51
36,-10,52
29,1,51
38,-9,48
43,0,54
49,-4,55
42,-6,48
39,-1,54
48,1,54
32,-9,49
47,-1,53
32,0,47
42,4,53
27,3,54
36,6,56
30,0,52
34,5,53
23,7,50
32,6,57
26,12,54
35,3,49
34,3,52
34,10,55
27,6,53
27,10,57
25,11,58
31,15,59
31,15,60
29,11,59
27,15,56
25,17,60
47,16,57
19,20,53
37,18,66
32,13,60
31,18,65
24,20,63
22,25,58
15,24,56
18,24,54
13,27,57
13,15,47
35,32,63
18,19,48
15,23,50
12,23,48
5,15,45
16,36,62
-5,23,43
-7,22,51
0,29,56
-4,36,52
-6,33,61
-7,34,54
-14,35,49
-17,42,43
-8,48,45
1,51,48
7,47,52
9,40,58
11,36,60
9,23,60
19,20,64
32,22,61
26,16,61
31,10,61
36,17,53
22,17,41
32,10,51
30,8,53
30,-1,55
29,-1,52
28,0,52
44,-3,62
43,5,51
43,5,46
24,8,53
25,16,57
39,12,56
36,11,59
32,16,53
31,8,56
37,12,55
35,8,58
33,13,54
35,12,61
33,14,57
39,16,60
33,12,59
27,14,57
17,13,50
19,16,56
23,19,58
20,14,53
12,22,54
8,18,57
15,15,60
14,15,53
17,14,55
24,8,69
6,21,56
11,17,57
-2,20,55
14,18,57
28,21,53
23,18,49
22,9,48
21,3,76
36,5,66
29,18,61
29,24,56
20,11,55
22,13,61
14,17,55
24,17,64
18,24,57
18,28,63
15,20,55
13,26,55
18,30,62
11,21,53
24,29,55
16,15,62
14,27,60
11,13,53
24,20,65
27,17,61
12,19,58
14,16,67
31,27,55
2,8,42
15,14,57
18,32,54
14,15,53
27,24,60
8,17,58
21,35,68
19,16,62
19,20,57
14,23,56
23,26,70
9,15,54
16,14,54
11,13,59
16,29,61
13,14,57
16,22,59
19,22,60
12,15,57
18,16,61
20,12,59
18,25,64
17,22,61
9,22,59
16,24,63
18,18,58
18,18,61
18,27,59
15,16,50
17,17,62
13,21,57
18,22,64
13,14,58
17,20,63
18,17,59
17,14,54
12,21,54
19,18,62
14,13,55
14,22,63
17,19,55
15,19,60
15,19,60
18,18,57
13,17,56
13,22,57
16,14,60
8,21,55
12,16,57
10,19,58
12,20,61
11,20,59
9,18,59
15,17,58
14,20,59
15,20,59
18,23,60
13,23,61
18,22,63
11,20,54
18,22,60
14,21,59
17,24,60
15,17,57
13,17,58
14,18,58
13,19,59
14,18,59
13,16,58
15,17,59
16,14,58
13,19,60
16,18,59
17,19,59
18,22,60
18,21,58
21,28,62
14,17,54
18,25,61
17,25,59
15,18,54
18,23,59
12,15,49
17,25,59
17,9,55
15,18,57
14,20,56
10,18,60
15,20,56
15,18,60
10,20,55
13,28,55
10,24,59
10,32,56
10,33,65
7,22,59
8,24,59
10,25,59
11,18,56
20,23,56
6,21,54
12,22,57
17,20,56
24,22,60
11,17,54
10,26,60
15,12,56
14,15,57
17,25,61
14,21,63
16,30,62
22,30,67
8,28,59
16,28,61
12,27,55
13,14,53
11,21,55
8,16,52
8,18,54
13,18,57
16,23,55
4,26,50
16,31,64
7,14,55
18,24,64
12,26,54
10,24,55
0,19,52
13,25,60
23,12,62
14,21,61
13,26,60
2,24,51
21,22,65
21,16,62
23,18,57
16,23,50
5,34,61
3,19,50
22,20,59
21,18,64
12,29,59
-1,19,53
6,25,60
19,24,60
18,13,59
0,17,52
13,26,65
14,24,58
19,21,54
15,21,61
15,29,54
13,18,56
18,32,59
5,13,50
9,18,56
15,18,56
19,18,60
11,23,50
5,14,54
12,26,64
15,24,55
14,20,63
10,25,59
15,15,61
18,25,59
17,20,65
8,28,59
12,26,60
21,18,64
21,27,56
12,20,53
6,34,62
12,19,54
19,20,64
15,16,59
10,21,59
6,20,53
18,28,70
13,17,58
14,28,62
8,25,62
15,27,63
14,20,60
15,22,63
13,23,57
12,22,59
15,23,62
17,15,58
18,16,60
10,20,57
16,18,60
14,21,61
13,19,61
18,16,63
16,18,58
7,16,57
15,23,61
12,16,58
17,22,65
17,16,58
7,14,52
13,17,60
17,15,61
16,17,59
11,14,56
12,19,61
14,21,59
16,15,63
16,13,58
12,20,55
10,14,56
17,17,63
9,15,57
12,19,57
15,13,59
13,17,59
15,19,61
11,17,58
17,23,61
16,12,58
13,25,59
16,20,60
13,18,58
16,16,60
12,17,59
14,27,61
19,19,62
11,20,60
20,21,62
20,15,62
13,25,58
12,11,51
10,18,59
16,15,58
14,14,55
14,15,56
11,13,58
16,24,63
17,18,62
14,23,62
8,18,56
9,19,57
17,21,66
15,16,56
16,20,57
6,21,55
10,24,59
22,18,63
19,18,63
14,17,55
14,23,59
11,19,59
19,16,62
19,20,61
9,16,55
13,24,61
14,18,59
20,23,63
11,23,59
14,20,60
19,17,61
14,22,57
9,21,54
10,23,56
13,19,57
16,19,58
12,16,58
11,17,58
11,23,58
15,19,60
17,21,58
12,23,63
14,23,58
14,15,61
19,22,59
17,13,61
14,22,61
13,16,55
16,17,59
10,21,59
9,22,58
17,20,64
12,14,56
10,24,58
19,14,57
14,27,60
20,23,59
10,8,50
15,26,65
10,20,53
17,16,60
9,20,60
17,17,62
10,17,58
16,29,61
10,22,63
11,28,58
20,18,64
13,24,62
14,22,62
21,31,60
17,12,61
12,31,56
15,12,56
6,27,61
10,18,53
7,4,51
14,41,66
11,18,55
18,30,59
8,15,59
9,31,56
15,18,63
12,19,55
13,16,59
11,32,62
4,15,58
14,24,61
11,15,58
12,22,61
10,20,56
5,13,60
13,31,62
9,21,59
7,20,58
14,23,59
14,27,62
10,25,57
11,18,64
10,24,67
10,12,56
11,20,67
5,12,53
7,22,61
2,29,61
4,20,58
8,23,65
10,15,66
6,13,54
5,28,61
8,14,55
6,16,56
14,32,61
8,18,58
7,28,59
11,18,60
12,23,61
14,13,58
5,17,61
13,11,57
16,22,65
7,15,55
10,17,57
9,26,60
10,15,58
6,21,65
9,23,58
31,22,50
-4,19,66
18,37,69
-3,24,59
16,26,80
4,1,34
27,39,87
0,9,55
22,36,69
16,21,67
10,23,64
12,27,63
8,18,61
13,22,64
8,11,61
15,31,60
11,18,59
13,18,62
11,20,59
16,20,64
1,19,56
13,13,59
12,24,60
13,18,62
16,15,60
11,18,60
10,13,57
9,17,60
10,15,53
10,19,62
14,17,56
10,23,57
7,31,60
12,14,56
15,26,66
15,11,56
-9,11,66
28,37,63
1,-4,52
-1,41,82
22,1,31
18,18,70
20,8,50
20,27,52
5,32,100
18,21,33
31,37,71
11,0,53
22,25,51
5,18,73
8,29,65
22,20,71
12,19,69
8,22,57
16,22,54
10,2,61
9,20,52
14,12,60
8,19,55
11,7,53
12,27,67
9,10,59
10,16,53
12,20,53
12,25,66
12,20,60
13,21,67
12,20,63
9,13,52
7,24,67
15,17,59
20,23,69
12,16,53
6,18,61
14,28,62
17,14,68
13,24,63
10,7,57
10,29,63
12,9,63
14,28,59
11,11,61
8,17,58
8,21,62
14,22,59
13,13,57
7,21,59
1,12,59
12,14,56
16,13,62
13,12,59
7,19,54
14,23,68
10,19,54
19,18,59
10,15,61
14,28,64
13,15,60
9,23,64
15,15,60
12,17,58
11,15,63
8,21,55
7,15,58
12,20,60
15,14,59
6,13,57
8,20,62
10,11,54
15,19,62
14,20,61
2,22,52
4,25,68
12,14,63
11,14,58
11,28,68
9,18,54
15,23,61
14,26,64
7,18,56
11,20,65
9,20,56
12,10,59
10,15,57
10,15,55
8,25,62
9,11,57
6,21,59
3,21,60
6,13,62
4,12,56
7,17,58
2,11,59
7,23,59
9,15,61
10,23,63
9,21,58
6,14,58
9,18,60
11,14,59
4,18,55
10,17,58
6,22,59
6,15,60
4,22,60
3,18,58
7,21,58
7,21,60
8,19,56
10,25,62
5,17,55
8,14,54
6,15,58
7,14,55
5,15,57
6,12,58
4,12,60
17,25,66
3,15,65
11,22,66
2,12,56
12,21,66
5,16,53
4,13,59
11,18,60
-2,11,52
7,19,60
4,13,58
7,22,61
9,19,60
5,16,56
10,21,62
6,17,59
4,23,61
6,17,60
4,18,63
10,22,62
-3,18,56
11,21,65
7,14,64
7,25,59
2,10,56
11,23,62
7,15,57
6,20,63
2,18,61
9,20,57
2,19,62
12,20,58
4,12,54
8,18,64
12,12,59
3,19,58
7,17,59
1,19,57
3,12,61
0,19,60
5,16,59
3,19,61
9,24,63
-1,15,55
9,23,65
4,14,61
4,20,64
9,19,61
8,23,64
8,20,63
2,20,58
5,20,62
3,19,59
9,15,62
14,17,62
7,15,58
9,18,56
3,11,65
10,19,62
2,12,59
5,14,59
4,21,56
9,26,67
9,17,64
10,19,63
6,14,63
3,15,54
2,17,63
7,16,57
8,11,58
10,23,54
-13,1,52
17,31,60
-1,11,40
4,11,75
10,9,41
3,12,62
14,2,57
11,5,41
17,37,101
0,6,70
21,37,71
13,27,81
10,29,71
12,32,68
10,24,67
12,16,60
9,16,57
15,19,58
11,23,57
4,17,59
2,15,58
4,18,54
1,15,57
-1,17,56
2,18,55
3,19,59
4,17,60
3,17,58
9,20,60
11,14,62
13,16,61
4,17,56
6,23,59
4,18,58
10,20,64
7,18,59
4,19,65
6,22,64
9,19,67
8,27,59
3,15,64
5,16,58
13,17,66
8,18,56
7,14,58
10,27,63
6,14,58
10,23,65
8,18,62
7,22,59
9,18,56
11,18,62
9,17,60
10,19,61
6,18,57
8,17,59
11,20,63
9,20,60
11,18,63
8,21,60
11,20,64
8,17,61
12,23,65
10,17,64
12,23,62
11,21,64
9,22,61
10,14,59
12,22,62
12,15,59
8,17,59
6,16,58
10,16,60
12,19,65
8,19,60
9,19,63
5,20,58
11,22,62
10,15,59
7,19,58
9,19,59
11,15,63
11,16,64
7,17,60
8,16,63
11,19,64
9,19,62
13,20,64
8,19,60
9,20,61
10,19,60
14,19,60
10,14,59
13,14,60
8,14,57
8,19,62
6,19,61
11,13,63
10,17,63
7,16,62
8,21,65
9,20,66
11,16,65
12,19,61
11,19,61
7,23,58
15,22,62
12,15,57
13,13,55
10,17,54
8,16,56
13,13,59
10,14,56
9,13,58
15,13,59
11,10,59
12,18,64
10,25,62
13,15,63
12,20,62
9,19,60
15,24,66
3,17,62
7,21,57
6,16,61
16,19,61
12,13,59
5,24,61
7,19,57
13,18,62
12,12,60
9,21,59
12,15,59
12,16,62
15,14,61
13,17,61
10,18,62
9,12,62
12,17,63
13,13,61
7,19,61
9,15,57
12,16,66
12,16,58
11,17,62
8,16,61
8,11,61
14,25,70
9,13,64
12,21,68
7,16,63
13,22,65
8,20,62
11,18,60
13,19,56
12,15,57
10,11,54
9,12,54
13,12,58
10,14,57
10,12,57
7,15,58
8,19,61
10,15,61
10,16,62
9,21,60
8,19,61
12,15,62
13,14,62
12,15,62
9,15,60
12,16,63
11,15,62
13,18,65
9,16,61
15,17,58
10,13,57
15,15,57
14,9,58
14,16,60
16,10,57
16,17,64
9,12,58
10,19,59
12,19,62
12,17,60
14,16,63
10,18,63
11,18,61
9,14,60
13,17,61
11,18,60
8,20,59
6,13,61
10,21,63
11,19,64
12,19,64
6,13,61
9,20,61
11,17,62
9,21,62
11,18,64
8,18,61
8,20,61
4,19,60
2,18,59
3,18,60
2,22,59
5,15,61
10,19,64
12,21,64
8,19,61
7,16,60
9,16,60
10,17,63
4,14,59
10,19,60
10,21,58
13,19,60
10,21,57
6,17,56
13,20,61
6,15,57
10,10,61
12,21,63
10,18,63
8,23,65
8,19,61
10,19,62
11,19,62
9,15,62
7,20,59
12,18,59
10,19,60
9,20,65
10,18,60
10,18,64
9,20,61
11,20,66
11,17,60
12,19,61
6,17,56
7,19,55
13,18,58
13,17,60
10,15,59
7,17,58
11,18,64
14,15,62
8,19,63
9,26,62
13,27,65
12,12,56
10,21,63
17,15,60
10,11,57
13,5,55
15,13,60
19,17,63
14,13,61
8,25,61
5,16,56
16,24,67
11,19,62
12,17,62
10,13,59
12,17,60
9,8,60
15,22,64
15,17,61
15,18,64
8,14,56
13,17,61
12,17,60
14,13,61
13,19,63
8,14,60
13,23,64
10,16,60
12,22,62
12,19,57
13,19,57
10,10,59
10,19,58
15,11,62
13,17,63
12,17,62
10,17,62
14,18,63
12,18,62
13,16,62
11,18,60
15,15,66
12,11,55
11,23,58
12,17,60
17,21,63
13,16,61
5,21,60
10,19,53
15,17,51
14,6,63
16,10,54
14,12,64
6,10,56
6,7,50
14,24,69
11,11,56
14,18,64
10,15,62
14,20,63
12,13,60
9,13,62
14,21,65
17,16,63
15,14,61
14,13,61
12,18,59
15,17,59
13,14,58
7,20,55
20,14,60
10,20,56
9,13,58
5,22,58
12,16,61
12,17,54
6,9,57
5,21,55
12,13,56
13,14,59
11,14,59
9,18,57
10,16,60
17,12,62
12,16,60
11,17,58
12,18,59
12,11,60
12,21,63
13,16,59
7,13,58
5,18,58
14,18,60
11,20,61
9,17,61
4,18,58
10,14,58
8,16,58
13,11,60
9,19,62
11,12,61
11,13,60
10,10,59
8,13,64
12,19,63
11,17,63
7,14,62
6,15,58
10,17,63
9,13,62
8,16,63
9,18,57
9,15,61
10,16,61
7,14,59
8,22,59
3,15,58
7,16,61
6,15,61
-2,13,57
3,12,61
4,18,60
10,18,60
8,12,64
5,18,53
10,11,57
4,18,56
11,11,58
2,27,57
7,14,55
10,20,58
12,12,61
9,19,53
-1,14,60
16,18,62
-1,17,67
7,12,69
-10,16,51
2,26,68
7,19,67
11,28,65
7,16,60
14,25,61
10,15,54
13,17,55
13,12,55
9,16,55
8,10,56
5,14,54
6,12,59
7,16,61
5,18,62
7,19,63
8,21,64
9,19,64
7,20,60
8,21,62
9,18,64
10,14,61
9,15,54
10,14,60
8,17,61
9,15,59
11,16,61
11,13,60
11,16,66
11,19,64
10,14,62
8,21,62
12,11,64
8,20,60
12,15,61
9,19,60
4,13,56
12,23,64
12,14,55
14,16,56
8,14,55
9,19,56
13,19,63
9,7,59
10,17,59
8,16,57
12,19,64
11,17,64
11,17,63
8,19,63
14,16,64
10,18,66
10,19,63
13,18,62
10,13,60
13,8,58
14,18,64
13,16,63
10,11,61
14,18,62
13,8,58
18,18,64
17,11,60
10,17,56
5,19,56
8,19,60
12,9,56
13,17,60
9,16,57
10,20,63
12,20,63
10,14,61
10,19,68
8,21,60
8,16,62
11,24,64
17,21,62
7,21,61
8,13,60
17,24,61
14,17,62
6,19,64
9,21,61
4,19,59
9,20,61
8,14,58
4,19,59
6,20,60
7,16,62
4,16,58
3,20,61
6,22,62
5,17,60
6,19,60
3,17,57
9,21,62
8,15,63
10,18,61
5,17,60
6,23,62
3,18,62
8,17,62
9,21,63
7,18,62
4,18,59
5,19,61
7,18,60
6,17,62
5,19,59
6,21,60
7,19,59
8,17,58
5,16,57
6,18,58
4,17,58
3,15,59
4,17,60
-2,18,58
4,14,61
7,19,62
4,19,60
6,19,61
7,17,63
7,18,60
8,18,62
1,19,59
5,19,61
6,20,58
6,18,58
5,21,62
4,17,60
7,17,63
6,15,60
2,14,56
4,13,58
7,14,55
6,17,58
6,16,62
0,12,56
10,26,64
12,22,62
9,17,59
5,22,59
7,17,57
2,15,53
5,20,61
7,17,56
10,10,58
14,13,59
8,12,60
11,23,64
4,16,62
13,21,68
2,18,62
11,24,67
8,19,62
12,22,64
10,16,57
9,25,60
10,19,59
7,15,57
9,18,54
8,16,52
9,18,60
7,10,57
14,20,61
9,16,58
4,19,58
4,19,62
11,18,61
7,16,57
7,16,61
6,15,59
11,21,62
8,22,62
6,19,61
9,19,62
13,17,61
15,19,64
2,15,57
7,24,58
6,18,56
14,23,63
14,18,59
2,16,53
2,14,54
8,19,59
10,12,59
15,18,63
8,17,59
5,15,59
9,19,60
8,17,60
12,23,62
9,16,60
8,16,58
8,16,58
11,20,62
9,14,61
11,18,58
8,17,58
8,16,59
8,17,58
13,16,61
9,17,58
9,16,62
6,17,60
9,19,58
8,17,58
10,15,59
8,19,58
8,18,60
11,16,60
9,14,60
9,18,58
12,15,60
10,15,60
11,19,62
9,21,62
10,17,61
10,18,65
10,15,62
15,16,63
9,19,58
9,13,59
9,19,61
12,15,59
12,21,62
9,11,56
12,19,59
10,17,60
12,17,61
9,13,61
11,17,61
8,18,59
9,17,63
12,15,63
11,19,59
11,17,62
10,17,60
10,18,61
11,19,60
11,17,60
11,15,62
8,15,56
13,17,63
13,14,64
9,13,64
10,15,58
5,11,66
9,13,52
10,11,59
12,19,57
24,11,64
10,28,65
15,11,55
20,26,65
17,14,63
16,21,64
8,17,59
12,21,63
12,17,61
12,17,61
10,20,58
11,20,59
10,16,60
9,16,58
11,20,58
8,17,58
9,20,61
11,15,58
14,23,63
10,19,63
10,13,62
11,16,60
12,23,65
11,22,66
9,19,63
10,22,64
12,19,61
13,23,65
8,19,58
10,19,58
12,19,62
10,15,58
6,14,55
9,25,57
13,21,63
10,19,59
10,17,58
5,18,57
8,17,62
4,15,60
12,18,57
7,17,60
4,22,60
8,20,59
2,20,59
8,17,60
3,21,62
-3,19,55
3,25,60
4,17,62
4,14,58
10,16,62
11,17,59
13,19,62
6,22,63
5,16,58
12,20,63
14,17,64
6,18,58
8,22,60
10,17,58
13,19,62
8,14,56
12,16,60
10,16,57
5,13,57
9,15,58
10,15,61
12,18,62
7,15,57
9,18,58
10,17,58
11,18,58
9,13,56
10,15,58
10,14,59
6,11,61
7,12,58
11,12,60
13,16,59
9,9,56
2,21,58
12,12,53
16,9,61
8,9,55
17,0,55
14,18,63
19,20,65
6,13,67
13,30,65
4,12,58
15,22,67
12,14,60
12,32,68
12,14,62
18,26,63
9,19,61
10,27,61
12,13,56
13,15,58
11,18,55
10,17,55
7,17,54
10,14,56
8,18,57
6,14,55
7,16,62
5,16,60
11,19,61
8,17,62
5,19,58
6,24,63
7,23,61
7,17,61
1,20,59
2,22,58
2,20,61
7,17,65
10,17,61
11,23,63
5,20,58
5,19,59
10,18,59
8,17,59
5,14,59
4,15,60
10,16,60
10,17,64
7,18,61
4,20,59
9,23,62
8,21,59
10,18,61
6,16,57
9,19,59
6,15,58
7,13,60
11,15,64
11,23,65
8,24,59
8,17,62
8,22,56
12,14,58
9,12,59
7,12,56
12,17,60
11,14,59
10,17,65
6,13,62
13,20,63
12,20,64
9,20,64
14,23,61
11,20,61
11,16,59
7,14,56
11,21,57
9,13,55
11,14,59
8,11,60
10,23,59
10,11,54
10,16,61
13,13,59
13,26,67
15,10,62
9,14,61
9,17,64
14,20,65
11,18,63
9,17,62
12,19,59
10,19,60
12,17,63
11,14,58
16,15,66
14,15,55
9,18,59
12,21,61
10,18,57
12,17,63
3,17,59
11,19,60
15,17,64
16,14,62
11,15,59
12,20,61
8,16,59
13,17,60
13,12,56
14,20,63
15,13,62
9,12,61
12,17,62
8,14,61
14,17,65
14,16,62
10,24,63
8,16,65
6,21,64
11,13,61
5,20,59
7,16,63
6,18,62
6,19,59
9,17,59
10,16,62
8,18,59
5,17,57
7,19,59
9,13,62
-2,17,58
3,18,62
0,21,58
4,15,62
7,20,61
7,20,62
7,19,63
5,17,61
4,20,62
5,18,66
10,19,66
1,18,63
5,25,62
6,21,65
13,24,66
9,16,56
15,24,62
8,15,57
10,17,58
11,14,60
13,17,61
12,18,60
5,7,66
6,25,55
8,12,62
13,14,61
3,11,53
18,31,66
8,11,58
15,22,64
11,12,60
12,23,60
7,18,60
8,21,61
13,20,65
13,22,64
7,16,60
3,20,59
12,16,62
12,17,65
10,15,64
8,16,61
12,22,59
11,19,64
12,19,63
10,20,58
10,21,59
11,11,57
10,14,58
13,14,59
6,12,56
8,20,60
9,15,60
13,22,62
11,17,62
6,15,57
9,12,57
12,19,62
13,12,61
12,15,62
10,16,60
9,18,61
14,19,64
8,16,57
15,18,61
12,13,57
13,14,60
15,10,57
19,13,61
17,13,63
13,13,63
10,16,61
10,17,59
14,15,63
11,20,62
17,17,62
10,13,57
13,14,62
13,13,58
13,14,60
9,17,62
6,16,62
13,13,61
21,16,63
12,18,56
14,16,58
11,19,63
16,10,57
10,19,60
6,10,55
13,20,64
13,17,62
11,19,64
10,18,58
12,18,59
10,19,57
15,19,58
14,13,60
9,23,58
10,15,59
8,16,59
12,11,56
8,23,61
5,14,55
7,19,65
12,24,65
6,14,60
13,21,66
9,18,56
14,21,62
10,15,58
14,13,59
13,18,57
12,23,61
10,14,57
11,15,57
15,18,57
5,16,56
15,18,63
10,16,62
11,20,64
3,12,56
13,28,65
15,18,60
13,22,60
9,18,60
9,17,59
9,13,56
11,20,59
8,15,58
7,19,59
7,20,57
8,16,58
10,20,60
10,15,60
8,20,62
6,15,59
8,19,63
7,18,58
9,22,63
7,18,58
2,19,58
3,18,58
4,17,60
4,19,61
-1,18,57
3,20,60
5,20,64
7,21,64
2,17,58
4,17,59
6,20,62
6,14,57
9,14,61
5,17,60
1,15,58
5,16,61
9,18,62
4,20,60
8,19,60
5,22,57
10,17,57
6,19,60
10,15,59
6,12,53
6,12,58
7,16,59
4,15,59
13,19,66
7,16,61
10,17,63
7,17,58
11,20,61
9,18,59
11,18,58
8,18,56
9,15,56
10,17,59
10,13,58
11,14,57
10,14,58
5,14,59
7,15,55
11,14,59
8,12,57
11,20,62
11,17,59
12,17,62
8,16,62
7,14,61
10,19,63
14,24,62
8,13,60
7,18,58
11,19,57
6,17,58
12,15,62
7,17,55
11,17,60
7,18,60
10,17,58
12,13,58
9,19,62
9,17,58
8,17,60
11,18,60
12,13,58
11,20,62
9,15,58
12,19,63
9,21,58
10,13,56
7,11,60
11,21,58
13,11,59
5,13,61
12,12,56
8,25,66
10,15,70
10,19,55
12,20,64
10,18,59
9,15,59
12,20,61
12,13,56
9,19,59
9,12,59
14,25,61
11,19,62
7,20,59
6,16,57
14,15,61
6,12,55
16,24,61
6,15,57
11,20,60
8,17,62
18,17,56
-2,5,57
21,32,61
11,-2,51
6,27,65
18,13,58
-3,37,63
13,18,72
16,34,60
15,29,69
6,23,57
6,25,59
9,14,55
9,16,60
7,15,60
5,16,57
9,16,59
7,12,57
8,20,65
9,17,57
11,17,61
7,14,57
9,14,58
11,19,62
12,17,66
11,16,61
7,17,59
11,16,60
12,18,63
13,20,61
11,17,60
12,19,58
8,16,59
11,17,61
11,10,59
12,21,63
8,14,57
11,21,61
14,16,60
9,18,62
11,17,62
8,12,57
10,18,59
11,14,64
10,20,61
7,11,60
10,24,66
8,15,59
11,20,63
10,14,59
12,21,59
12,14,62
11,16,58
11,17,59
6,23,58
6,15,58
12,17,59
16,17,58
7,18,58
6,16,58
13,15,59
15,19,62
12,19,63
6,18,58
12,20,62
11,19,65
13,16,63
7,15,59
11,26,64
11,18,61
16,19,65
14,18,65
12,23,65
14,14,77
16,19,74
4,15,58
-1,3,61
-14,14,52
3,6,62
-7,7,61
-15,6,57
-12,3,58
-7,1,64
-9,2,63
-19,0,58
-22,2,57
-17,1,58
-18,1,59
-13,0,62
-15,0,62
-13,2,63
-16,3,62
-19,4,58
-21,3,48
-15,4,48
-14,6,48
-4,4,54
68,-8,89
38,9,75
16,8,70
6,9,63
17,9,61
15,2,63
12,4,61
19,8,60
19,11,65
11,10,65
9,9,66
1,13,60
-2,14,64
4,9,60
-6,2,55
11,10,53
38,2,61
41,2,57
3,-18,83
6,1,79
23,12,65
4,17,61
6,16,61
0,12,61
-8,14,58
-9,14,58
-6,17,59
-9,12,62
-6,18,59
3,15,62
4,17,62
-1,16,56
-2,17,55
7,13,58
8,13,59
11,11,63
11,11,63
14,13,58
20,14,61
13,14,63
9,12,58
18,18,61
11,15,62
9,12,58
3,15,51
8,18,60
17,14,64
11,14,59
3,16,57
4,16,60
13,18,65
9,18,64
15,20,65
6,14,60
6,20,61
5,22,58
9,17,64
9,18,59
4,15,56
10,18,59
7,14,58
6,18,61
4,16,61
13,23,60
4,17,59
3,21,62
2,16,58
12,20,62
9,9,59
5,17,58
10,14,62
14,19,64
13,12,62
5,18,58
8,20,60
7,19,61
12,17,62
13,15,61
9,17,60
9,18,57
11,13,59
13,18,60
9,16,62
9,17,54
8,14,57
14,20,64
10,17,59
14,19,61
6,14,57
6,24,63
10,21,63
14,9,65
14,11,57
9,26,60
12,23,61
7,14,57
18,24,66
4,13,55
12,14,60
7,13,55
16,16,60
13,13,61
8,17,60
13,17,58
19,17,65
15,16,61
11,17,62
15,17,61
12,12,62
14,15,61
13,14,59
10,19,58
7,15,60
8,21,60
13,13,60
6,20,57
12,19,61
8,19,59
20,20,63
11,16,58
10,19,59
5,19,59
13,19,63
21,12,66
14,11,58
5,20,56
10,17,58
14,15,64
16,10,63
16,16,59
16,8,59
18,14,61
8,15,57
11,19,62
13,10,59
14,15,59
10,14,57
12,16,60
10,13,60
7,11,56
17,12,62
13,10,60
22,15,68
5,16,57
11,21,61
12,18,62
13,22,63
16,10,60
18,14,62
9,15,59
11,13,56
17,15,59
14,15,64
9,15,58
13,14,59
15,17,61
9,14,58
8,20,60
18,11,59
15,11,61
12,11,57
12,14,59
16,15,61
12,17,61
14,12,59
13,13,58
16,17,61
11,13,58
11,12,58
13,17,58
12,15,62
13,13,60
15,15,57
10,19,58
11,13,59
13,16,57
13,16,58
14,14,58
11,15,59
17,11,60
15,20,61
9,15,60
11,17,60
14,16,57
13,16,56
13,13,58
13,15,55
8,12,53
15,16,59
13,11,58
13,17,58
15,14,59
9,12,58
10,17,60
16,16,60
19,13,59
19,12,62
16,13,57
9,17,58
11,16,59
11,12,60
16,16,62
12,16,60
9,16,64
14,17,62
13,17,61
13,20,62
7,20,58
10,18,61
15,19,59
12,17,58
13,16,58
9,17,57
15,20,60
10,15,59
14,17,61
14,14,57
10,17,57
6,12,60
15,20,65
16,15,64
14,22,64
10,15,59
10,22,62
17,19,62
13,17,60
6,12,57
7,17,58
14,14,58
13,13,61
11,16,62
10,17,61
13,23,62
13,17,61
12,16,59
14,15,60
14,18,62
11,14,61
13,14,60
11,16,64
14,15,64
8,14,60
9,19,61
13,15,61
10,21,64
9,16,59
11,20,62
11,16,62
10,20,60
9,16,63
8,20,61
10,14,62
11,17,58
9,15,58
11,22,62
9,18,59
8,13,59
7,12,61
10,18,64
10,17,64
7,16,63
5,19,58
8,19,63
7,20,62
7,17,60
5,19,57
8,20,58
3,12,61
9,19,64
9,15,62
11,18,64
1,20,57
9,22,63
12,16,62
12,15,58
5,17,56
10,16,60
9,14,57
11,16,60
10,15,59
9,19,58
15,14,60
10,20,58
12,17,61
7,11,56
11,10,57
16,16,60
7,13,58
7,18,62
8,15,58
15,18,61
9,13,57
9,18,58
11,20,61
10,16,61
14,11,58
9,15,59
11,18,59
12,18,60
10,17,63
11,18,59
11,15,59
13,14,57
14,18,62
18,23,62
11,12,58
12,17,61
15,10,60
12,22,58
7,15,56
10,16,57
15,16,65
15,20,62
4,15,56
8,10,55
14,18,60
12,19,58
9,15,52
0,11,58
10,23,63
7,14,54
14,16,65
9,13,54
14,16,63
2,9,58
20,16,64
13,14,63
11,16,63
12,14,62
15,16,61
15,15,58
10,19,59
8,14,58
15,18,57
15,17,62
11,16,57
8,15,58
10,19,60
12,12,60
10,16,60
15,16,61
10,17,59
12,14,63
11,19,62
12,15,64
11,20,65
14,15,60
10,16,65
10,20,58
8,14,61
10,16,61
11,16,59
11,20,62
8,14,56
15,23,61
13,15,60
15,19,63
11,14,61
8,20,59
15,14,59
11,15,61
15,12,62
8,17,58
7,18,62
10,16,61
14,16,64
11,19,63
6,18,62
10,17,62
13,13,62
13,16,60
9,16,59
11,14,59
13,18,59
13,11,61
11,17,60
15,12,60
8,13,57
9,6,59
14,22,62
10,11,56
9,21,61
6,15,57
9,20,61
13,10,59
8,16,57
9,15,61
10,18,62
9,14,62
8,15,62
8,17,63
9,20,59
14,18,62
15,16,61
15,15,58
11,17,59
7,13,54
9,12,55
10,15,60
8,17,57
9,15,62
2,19,61
7,19,62
8,19,65
6,18,66
10,20,62
6,16,58
5,12,55
10,21,61
10,20,63
5,14,61
7,13,59
6,15,60
8,17,59
12,16,63
11,14,63
11,18,61
1,18,57
6,13,57
9,18,65
10,18,63
7,16,60
4,16,59
9,15,63
8,19,59
12,15,64
7,22,57
3,18,49
16,18,65
0,11,53
3,20,59
-8,17,49
5,8,58
7,10,62
0,15,55
7,14,59
9,14,62
5,18,65
9,15,65
9,15,64
8,13,60
7,19,59
11,19,64
10,19,63
8,19,61
9,14,59
4,10,58
8,16,65
3,11,54
9,15,66
8,16,62
2,11,58
8,19,64
14,18,64
7,23,63
11,19,64
15,18,62
15,16,59
4,17,55
8,19,57
9,16,59
7,15,56
8,12,57
10,15,58
4,19,59
7,17,61
3,15,53
14,17,63
7,21,61
12,17,61
16,17,63
8,17,57
7,19,61
11,14,61
16,18,65
4,21,56
8,20,63
10,18,60
9,21,64
9,17,61
10,12,58
16,14,60
4,18,55
3,18,57
9,10,60
14,12,61
8,20,57
7,17,57
6,14,58
10,15,57
4,16,58
13,15,62
17,16,64
8,18,60
5,15,58
12,17,64
12,17,61
11,14,58
12,12,59
3,16,55
9,17,60
17,12,61
12,13,61
14,18,62
7,14,59
7,13,59
13,14,62
11,17,59
11,12,56
15,10,58
14,15,60
15,15,60
21,8,61
14,11,55
13,12,57
10,14,58
10,14,62
16,13,61
11,12,58
17,13,64
17,14,60
14,18,61
11,22,58
15,4,59
14,10,59
16,12,56
11,15,57
17,10,57
17,20,63
18,11,57
21,14,59
19,10,58
20,13,60
23,10,60
22,13,56
16,9,59
16,18,60
14,10,59
12,14,61
13,7,59
13,17,59
16,12,62
12,13,57
6,17,56
14,16,58
15,15,57
8,13,57
19,7,57
14,15,63
15,12,61
16,13,62
19,14,63
14,13,57
14,18,60
16,16,56
16,15,61
9,18,55
14,12,60
24,16,67
19,15,65
15,15,66
17,13,61
22,29,64
15,23,59
12,22,62
20,21,61
10,15,57
17,8,56
15,9,60
24,12,59
11,19,65
16,17,55
15,20,63
17,20,58
11,14,59
15,24,61
21,8,62
20,17,60
13,9,58
9,23,62
11,13,63
23,27,67
8,7,52
15,24,65
10,19,55
16,23,62
6,11,54
16,17,57
13,13,62
12,18,58
11,17,63
17,18,64
15,18,66
9,23,67
14,22,63
13,23,63
15,16,63
16,19,61
16,18,61
16,17,60
3,19,72
4,23,69
-5,2,59
-11,22,51
3,13,57
22,17,69
21,13,66
4,19,62
4,14,59
9,17,56
9,10,54
10,8,54
10,7,51
11,10,43
15,0,53
1,10,59
22,11,65
18,13,61
10,22,75
6,18,63
11,15,63
14,12,64
4,12,60
6,17,64
7,13,62
10,17,63
6,12,60
9,13,63
3,19,60
8,22,63
8,13,58
8,16,62
12,15,65
6,11,56
8,12,60
3,17,60
7,15,61
5,15,60
5,13,60
4,14,61
2,18,60
4,14,59
2,16,61
3,16,59
6,12,60
9,14,62
7,13,61
3,18,63
5,17,60
6,15,60
8,15,63
8,15,60
10,16,63
5,14,61
11,15,62
5,12,59
8,18,61
10,15,63
7,16,60
10,8,59
14,17,67
14,9,59
9,20,60
11,13,58
13,13,59
11,13,62
13,15,62
13,12,62
14,13,58
7,13,56
16,14,61
14,13,63
10,13,57
6,8,56
14,13,62
11,13,61
13,17,66
2,13,62
21,17,64
13,19,59
10,14,56
18,16,65
15,17,57
14,11,60
11,13,61
19,10,61
14,13,67
5,14,51
12,17,59
15,18,64
16,18,62
17,13,65
11,14,58
15,14,62
10,14,60
13,13,61
17,15,68
14,21,60
16,17,64
13,16,60
12,15,57
15,16,60
11,4,50
19,11,59
12,9,57
15,16,63
5,11,58
12,15,61
17,11,63
15,18,63
20,15,65
14,10,62
21,15,62
14,10,56
16,16,61
12,10,56
16,13,58
10,12,53
23,14,63
17,10,59
17,16,62
8,9,57
13,8,60
20,15,64
13,12,60
21,14,60
20,8,60
22,15,64
25,15,58
17,15,59
17,11,59
11,9,60
21,12,62
20,6,56
20,12,64
14,8,56
18,15,56
16,13,60
17,9,61
18,16,62
19,9,59
20,9,64
17,10,59
20,18,58
12,11,56
17,13,59
16,8,60
19,12,60
11,8,58
16,10,60
13,11,59
22,15,62
12,13,62
17,16,58
14,13,53
14,12,57
19,15,60
22,12,56
13,11,57
11,12,58
14,8,58
17,11,61
16,15,60
11,16,56
13,13,61
19,14,61
15,12,61
16,13,61
25,9,58
27,15,65
19,11,58
21,13,62
23,15,58
17,11,60
12,13,56
15,13,58
17,16,62
14,8,58
24,13,63
18,14,61
18,13,64
13,12,58
18,16,59
19,13,63
19,13,62
17,14,56
14,11,58
15,12,60
18,13,59
16,13,58
24,12,61
8,11,62
22,12,67
18,10,63
18,15,70
21,15,70
23,18,64
18,16,67
19,22,59
20,12,62
22,17,65
13,15,55
24,17,66
20,8,58
19,17,59
17,10,61
27,13,62
17,7,57
19,19,63
16,11,60
19,13,65
14,10,59
22,14,60
9,9,52
21,15,56
17,8,58
19,8,55
14,14,53
14,11,57
18,12,59
14,13,57
16,11,57
10,10,53
18,17,59
17,15,57
16,7,54
19,7,59
19,13,56
18,7,58
19,7,59
26,11,59
21,10,56
23,6,55
20,7,63
18,21,58
34,5,67
19,12,56
10,9,53
24,11,71
15,12,58
19,12,55
14,13,58
21,9,64
19,16,60
27,12,63
19,16,61
19,16,63
15,15,58
16,14,57
22,20,64
16,13,61
18,18,60
17,16,57
12,13,50
30,10,66
19,16,58
7,10,51
13,10,61
18,21,60
17,16,59
27,18,68
13,9,59
11,20,57
22,14,62
18,18,58
16,16,57
17,14,59
20,15,60
17,13,61
14,15,56
11,15,56
25,17,64
16,13,59
13,14,55
12,11,55
30,18,66
17,19,58
21,11,59
5,20,53
16,14,65
14,15,59
22,9,56
16,14,61
17,8,58
20,19,64
25,12,63
22,17,62
18,14,60
16,14,63
29,8,62
27,9,58
16,9,53
28,11,59
27,4,60
17,16,51
22,8,51
33,15,68
22,11,61
23,12,64
23,17,56
20,8,57
26,15,67
19,9,52
21,13,56
19,8,59
27,12,61
26,8,62
33,11,62
15,13,58
24,16,57
13,6,55
19,10,57
29,13,58
28,12,60
24,10,56
23,13,54
17,14,51
17,13,57
22,13,60
24,4,57
18,6,54
25,9,63
17,14,54
24,9,60
14,13,56
28,10,63
27,8,57
14,8,56
22,13,61
29,14,60
25,11,58
24,18,57
20,8,56
22,10,55
24,11,56
23,10,57
21,9,58
25,7,60
20,8,59
22,11,58
20,16,59
22,15,63
25,15,61
24,13,56
23,12,57
20,11,57
19,12,58
22,8,54
20,6,56
23,13,57
21,11,59
19,14,61
19,13,60
26,12,60
21,14,59
25,12,60
20,11,57
22,7,56
20,15,57
26,8,62
21,12,60
19,9,57
24,13,62
25,8,57
23,15,57
19,14,55
23,12,59
19,9,56
21,12,56
21,13,60
24,12,61
18,14,57
25,13,60
18,15,57
23,15,61
21,15,54
23,10,59
25,14,54
23,11,55
20,10,56
23,8,57
23,9,62
22,15,59
21,14,63
24,15,63
21,15,58
21,17,60
23,9,59
27,13,62
20,16,57
20,13,61
21,13,61
18,15,57
17,15,60
17,14,58
23,10,61
17,11,57
19,16,58
22,15,58
23,6,60
21,14,61
18,14,58
21,14,62
21,10,60
21,12,54
21,12,59
21,8,57
16,16,56
18,12,53
21,12,59
23,13,61
17,14,60
20,16,63
18,13,57
16,11,57
22,16,60
18,15,60
14,13,56
20,15,61
16,15,58
32,8,60
18,14,55
16,14,57
17,17,59
30,7,60
22,13,55
18,15,56
14,15,54
22,9,57
20,10,56
23,7,57
19,4,58
20,10,59
23,12,65
21,11,60
17,10,61
27,14,63
16,14,57
22,13,62
22,11,56
23,15,59
13,13,55
17,12,58
20,12,57
25,14,61
18,10,61
16,12,61
22,17,59
19,15,61
21,15,63
20,15,58
18,17,62
22,9,57
18,14,59
20,13,61
22,11,64
20,11,59
20,12,57
18,18,61
20,9,60
21,16,64
18,10,54
18,12,61
20,14,59
14,10,56
20,15,63
23,11,60
16,16,60
21,15,63
21,13,61
13,15,58
7,17,55
15,20,60
11,13,64
13,17,60
11,11,54
17,17,61
14,12,62
21,14,62
11,15,58
16,12,62
11,14,59
12,13,66
28,4,64
-2,15,63
18,12,54
8,16,55
21,12,67
13,5,52
13,13,61
5,16,57
9,20,63
10,15,56
10,18,59
6,17,60
4,16,60
7,16,60
5,14,58
12,13,65
11,15,64
12,18,63
9,16,63
11,16,60
13,20,58
10,15,58
12,18,57
10,10,53
14,16,59
7,13,59
10,17,59
8,8,56
13,18,62
9,12,61
13,14,57
8,8,69
7,22,68
6,11,57
16,9,71
15,17,61
0,15,63
15,13,65
4,15,51
14,15,64
9,16,60
14,13,57
13,13,56
10,8,59
8,13,60
13,10,49
10,23,64
10,9,52
12,20,66
18,16,59
10,15,59
13,17,66
15,17,60
16,20,61
9,11,61
14,13,61
11,13,60
13,14,61
7,9,56
9,20,62
11,13,60
9,26,60
14,4,55
11,30,66
22,11,59
2,22,59
15,10,66
22,20,63
13,13,66
13,18,56
11,13,61
16,21,64
13,15,63
12,20,61
13,12,59
12,20,63
9,14,54
14,17,60
13,12,59
9,14,57
11,19,61
11,15,59
13,15,62
9,16,59
16,21,63
17,12,62
15,12,57
10,16,59
10,20,61
9,14,62
17,15,60
15,16,60
9,15,63
11,11,54
14,19,63
10,17,57
13,15,61
13,18,61
13,17,62
18,16,64
12,12,59
14,20,62
13,14,58
14,16,64
12,16,55
14,12,60
10,14,59
11,9,60
17,18,61
16,18,64
6,15,59
13,15,61
16,21,63
10,13,58
17,11,60
13,16,57
13,18,61
11,17,62
14,16,58
15,13,63
5,13,56
15,14,60
16,21,61
10,9,57
6,13,61
18,18,60
17,24,64
13,14,59
17,16,60
13,17,60
22,14,64
8,12,60
12,9,55
17,11,63
13,16,63
15,23,63
17,11,62
13,13,62
15,18,64
16,16,54
14,15,59
10,13,56
15,10,55
13,12,57
15,12,57
9,11,57
20,14,62
14,10,62
10,10,57
16,13,60
15,18,64
20,13,62
14,14,59
19,17,63
15,18,62
15,14,60
19,14,63
17,11,58
14,14,61
17,15,58
14,16,56
12,13,59
14,15,56
19,18,58
13,13,55
11,17,60
13,7,54
16,14,61
15,12,60
11,17,63
17,17,59
16,20,61
18,15,62
13,13,56
14,16,62
18,15,59
17,16,57
21,12,60
15,13,60
17,18,60
20,12,58
15,17,58
19,18,61
14,12,56
15,14,57
15,10,59
16,15,61
15,14,59
16,19,53
14,16,61
15,14,62
18,15,56
18,15,60
11,10,53
12,13,56
11,14,58
19,14,68
12,12,57
14,17,60
10,17,58
12,15,60
23,19,62
17,17,55
15,12,58
15,10,58
17,18,59
17,11,56
13,13,56
19,16,60
15,14,61
16,13,62
13,12,57
19,20,63
22,16,64
12,17,60
20,11,63
15,23,60
19,14,60
15,13,63
19,12,57
16,16,63
11,6,56
21,19,57
10,12,52
15,17,60
11,12,52
20,15,62
11,11,58
16,11,56
22,11,63
17,17,58
26,9,62
19,15,59
13,20,59
14,14,58
18,11,58
23,17,57
18,12,58
16,14,63
16,12,59
16,15,60
18,13,62
12,14,57
14,17,57
16,15,60
16,14,58
19,17,61
14,17,53
16,13,61
9,14,55
15,16,61
14,12,59
15,10,58
15,18,59
14,16,63
9,9,55
14,15,61
9,17,58
17,15,63
17,10,58
18,15,60
12,13,62
14,18,62
13,14,59
18,18,59
12,14,59
11,16,58
17,17,58
16,16,61
8,12,56
13,16,60
14,16,60
20,16,67
8,11,60
4,20,56
8,18,57
13,17,60
16,15,61
14,16,60
11,7,57
11,12,60
12,17,61
15,23,64
16,11,59
14,21,65
10,18,56
26,10,66
15,7,56
10,15,56
17,13,64
15,7,58
13,19,57
10,14,59
13,15,63
9,10,58
16,12,64
10,18,65
6,21,61
12,26,65
10,15,62
11,20,63
12,14,58
15,17,61
16,16,60
13,14,57
14,11,61
13,9,55
9,14,56
16,10,57
12,21,60
8,13,58
13,16,63
11,15,58
14,19,65
12,12,64
15,16,63
12,17,64
10,18,65
3,15,61
5,22,58
3,18,61
4,16,59
5,18,62
11,15,63
10,9,57
14,12,65
9,16,60
8,16,63
10,14,57
14,15,57
12,15,59
11,14,57
15,15,63
13,10,57
11,13,59
13,11,61
12,16,63
12,11,58
16,17,64
16,16,61
16,17,62
10,13,59
11,9,57
12,11,57
18,14,59
10,12,59
19,18,62
15,14,60
11,12,58
18,11,62
17,11,61
15,15,61
14,12,57
17,14,58
13,10,61
17,15,63
18,16,62
14,14,60
19,15,61
14,15,60
14,14,63
18,13,61
14,11,57
14,15,57
15,14,59
13,12,61
11,10,56
14,10,55
15,14,61
6,9,57
16,19,65
17,12,59
10,9,54
16,19,61
15,17,57
17,10,61
18,10,56
15,14,56
20,10,61
12,13,57
19,17,63
12,17,60
16,15,64
14,9,53
23,17,67
16,18,57
16,12,55
15,10,59
15,14,55
10,10,60
10,15,59
20,13,61
19,13,65
9,9,55
22,18,62
15,10,58
14,12,59
13,11,58
10,13,58
20,15,61
14,15,58
17,18,63
13,12,58
18,16,64
12,17,57
10,17,57
12,12,59
19,14,63
14,17,61
8,15,56
14,12,58
10,18,59
15,16,61
16,12,59
12,11,56
7,16,59
13,15,63
12,14,57
12,13,59
11,15,57
11,15,60
15,15,59
15,14,60
13,13,61
7,11,55
12,21,61
11,19,61
15,12,63
11,14,56
7,19,59
13,16,65
10,14,58
12,19,63
12,13,59
10,14,62
14,15,60
8,14,61
11,10,56
20,8,60
10,17,58
13,12,60
16,9,58
11,15,55
9,13,61
11,13,61
16,14,59
12,14,60
11,15,61
15,19,63
15,17,62
9,12,59
10,13,60
9,13,60
16,16,65
9,9,54
14,16,60
5,13,54
17,13,62
13,9,60
6,16,59
10,13,61
10,14,61
21,16,65
13,16,59
11,18,62
11,16,62
20,14,62
14,16,57
12,12,55
12,18,59
17,11,58
19,12,63
13,14,56
12,12,59
14,12,63
13,15,59
16,16,63
16,17,63
15,20,63
15,17,59
14,13,60
16,16,61
19,19,60
14,17,58
11,13,58
15,13,60
19,16,62
18,17,62
13,14,57
16,16,62
16,16,60
16,17,61
11,15,54
14,20,65
18,13,64
18,11,58
9,15,55
14,15,61
19,7,63
15,13,59
12,13,58
13,14,62
15,8,60
24,20,60
17,13,58
16,16,59
15,11,60
19,18,64
19,7,63
12,16,56
13,10,60
14,15,62
19,10,57
15,16,57
12,15,56
14,17,59
17,10,55
13,10,59
14,12,61
17,15,61
22,12,62
10,13,58
14,15,62
23,15,59
23,16,63
11,14,55
16,16,61
14,16,59
22,20,64
15,6,58
14,18,61
9,19,58
21,21,65
22,15,59
15,19,58
10,12,57
15,13,61
21,10,57
16,12,57
5,13,52
11,15,56
21,12,61
19,14,58
15,15,59
6,18,55
19,14,64
18,9,57
24,13,61
11,12,57
14,17,59
22,14,62
20,15,60
16,15,60
11,10,57
11,17,57
17,11,58
10,15,56
17,17,58
10,16,58
12,13,56
18,14,59
15,11,54
14,12,55
16,12,53
17,11,57
16,12,55
15,10,56
19,20,63
2,17,51
16,14,69
18,15,65
24,23,70
3,18,56
21,16,62
21,17,62
20,13,57
16,12,57
10,14,55
12,16,54
16,8,54
15,14,54
16,13,52
9,16,58
11,11,57
17,18,64
13,12,59
15,16,62
18,12,60
17,19,64
16,8,56
17,17,63
16,10,58
16,18,56
17,13,57
19,14,59
16,17,60
10,16,52
12,10,55
19,8,59
15,18,57
11,7,56
17,11,57
14,9,57
18,21,63
17,8,60
21,22,59
6,11,60
11,11,57
19,13,63
11,20,61
22,9,62
19,15,60
15,13,55
15,15,62
14,12,58
13,19,58
15,6,57
11,10,59
18,18,57
17,19,62
14,16,57
17,16,61
16,9,57
19,16,59
13,16,61
13,18,62
19,13,60
14,17,58
17,18,61
16,16,62
21,13,60
17,14,58
19,10,57
18,10,61
16,12,59
9,19,54
23,4,59
13,13,58
19,15,57
15,15,65
12,12,55
16,15,64
16,16,60
19,15,64
13,19,61
19,22,63
19,18,65
17,13,61
10,11,55
21,22,61
17,16,62
17,15,61
14,13,59
16,14,62
17,16,58
20,16,61
18,17,60
13,14,57
22,14,60
14,13,58
15,14,59
14,10,59
20,16,63
15,8,59
19,21,67
15,16,60
17,17,64
12,10,54
18,16,57
16,12,61
17,14,57
18,13,58
15,15,56
14,15,60
13,12,59
22,18,63
16,15,59
14,12,59
14,15,57
14,18,60
15,16,58
20,11,61
13,14,56
18,14,60
15,15,59
20,15,61
16,12,61
17,15,59
13,15,55
10,19,59
18,17,62
16,16,61
15,13,54
11,15,59
15,13,61
15,15,59
13,12,59
14,19,63
18,18,63
16,17,60
11,15,60
18,15,62
14,15,57
14,15,60
16,14,61
17,14,61
12,13,59
12,18,59
13,16,63
14,14,61
11,16,57
11,12,60
11,22,61
20,11,60
11,21,59
17,17,58
13,17,58
10,16,57
13,16,59
12,22,59
11,16,58
14,13,60
12,19,61
11,17,59
15,14,63
8,16,57
13,20,63
12,15,61
11,16,60
15,18,62
13,17,60
12,17,60
13,14,60
10,13,60
10,15,59
14,15,60
9,14,60
14,16,65
6,21,57
10,17,61
8,13,59
14,17,64
6,16,58
4,18,57
11,12,64
7,19,60
10,19,61
9,14,57
12,20,60
13,14,59
14,16,60
8,13,60
11,16,57
6,11,58
14,16,62
9,11,59
6,17,59
9,12,60
11,16,60
8,15,61
11,17,64
13,8,62
15,15,66
4,16,58
9,15,64
10,12,56
12,17,64
10,15,58
12,11,56
6,15,57
6,17,54
13,15,64
8,15,56
6,14,59
8,12,58
8,19,61
8,16,57
9,13,60
14,13,59
11,15,57
5,14,58
8,20,61
11,19,61
10,12,62
10,19,63
6,15,59
12,15,62
8,15,56
7,18,65
10,18,62
6,11,58
10,16,57
5,12,57
11,20,62
9,8,56
9,18,60
3,14,55
6,18,64
6,13,56
11,16,64
6,13,58
3,17,60
7,16,62
12,18,61
11,15,60
11,13,62
5,18,55
6,13,62
21,14,68
16,18,63
3,16,57
9,20,60
8,18,58
12,17,65
12,13,59
5,19,57
9,16,58
9,21,62
16,16,60
9,20,59
5,11,58
15,16,62
13,13,59
8,18,55
13,15,63
12,15,64
16,11,65
14,18,59
3,19,59
11,18,65
21,12,64
15,16,60
7,11,53
10,17,59
11,12,55
12,16,62
13,19,58
14,19,65
8,17,58
15,14,60
9,21,63
13,19,62
10,13,59
9,16,55
9,14,57
13,20,61
13,13,60
9,19,61
13,15,58
16,20,64
10,14,55
17,16,56
15,10,63
11,17,63
11,5,56
16,17,66
14,17,60
9,18,60
7,11,57
17,15,65
9,18,64
14,14,63
14,17,62
7,12,56
16,16,60
12,13,56
17,14,60
10,3,49
13,15,58
14,8,57
14,13,61
16,7,59
11,12,62
10,16,62
14,14,61
14,17,63
9,13,61
16,19,65
20,12,63
14,19,61
12,17,62
16,16,65
17,14,60
18,14,58
11,17,58
15,18,58
17,11,57
15,10,56
14,11,56
12,12,57
12,14,54
17,10,65
12,21,59
15,16,63
10,18,63
15,19,62
16,12,61
18,15,60
17,16,59
13,12,55
14,14,58
21,9,56
12,13,58
17,9,56
13,8,56
18,11,61
16,15,60
14,13,60
14,15,63
21,15,64
13,18,62
19,15,63
12,15,58
13,14,57
21,9,61
11,11,55
16,14,58
12,12,53
15,15,57
14,12,57
14,12,55
12,13,56
18,16,61
15,10,57
19,17,62
12,12,57
16,17,64
15,10,63
23,13,61
14,14,58
15,13,64
17,17,62
21,8,62
11,14,57
17,16,62
15,11,58
20,13,58
13,11,55
16,15,60
13,14,59
19,13,54
12,17,59
11,16,56
17,16,62
18,13,60
16,16,61
12,9,54
22,22,65
17,12,58
20,12,62
16,4,56
19,20,61
19,9,61
16,20,61
17,15,62
18,16,63
18,15,58
13,15,60
17,14,61
17,10,58
19,18,62
15,16,59
18,15,62
18,7,58
19,18,61
16,12,60
14,15,61
17,19,60
14,12,57
12,20,59
12,15,55
18,17,62
17,13,57
14,12,58
9,10,58
18,13,64
12,15,55
15,13,62
7,17,55
14,16,60
10,13,57
20,5,58
10,12,60
17,15,63
21,13,65
14,14,61
13,18,65
14,14,58
14,15,62
17,11,58
13,15,58
11,15,56
6,14,55
17,20,60
15,9,55
11,21,61
12,13,61
13,18,65
8,13,60
13,17,64
14,14,65
13,18,65
15,16,62
15,18,62
10,13,60
14,20,61
17,15,62
15,15,60
13,12,61
12,13,57
17,18,62
8,20,60
8,14,55
10,17,60
7,11,55
10,16,61
8,12,61
6,18,59
5,14,61
11,15,62
13,19,63
7,15,57
11,19,63
13,15,61
15,15,60
8,13,57
13,19,66
11,15,62
14,12,59
11,16,59
9,16,64
10,17,62
12,11,61
11,15,62
10,17,59
15,16,66
13,19,59
9,23,61
5,16,55
16,18,67
10,17,63
6,15,58
7,15,62
7,17,60
6,16,65
5,14,57
6,18,59
6,18,56
8,21,66
13,12,61
10,15,58
6,16,56
12,22,66
5,17,60
10,18,66
8,16,56
5,16,63
7,15,64
6,6,55
9,18,62
3,11,56
13,17,68
2,13,58
15,16,68
13,17,61
9,17,61
9,17,62
12,10,59
10,14,62
4,13,51
7,11,58
2,9,56
10,16,64
10,9,61
5,18,62
9,15,64
11,10,63
15,18,65
11,16,64
9,17,65
15,15,65
10,15,60
13,18,63
11,14,61
14,13,62
4,13,55
13,12,63
8,9,59
13,21,65
0,9,53
12,26,62
12,20,63
13,17,63
13,15,61
10,14,59
11,17,63
17,17,63
13,10,59
12,13,60
9,14,60
15,13,58
16,12,62
10,10,60
15,12,60
18,7,58
15,13,64
12,16,59
14,14,60
14,11,60
13,17,60
11,15,56
15,13,60
16,9,61
18,12,58
13,15,57
12,12,61
18,17,62
18,14,59
11,15,55
16,14,59
19,15,63
18,13,61
14,15,58
22,9,64
17,15,58
13,9,61
16,15,57
20,10,61
14,9,60
15,10,58
19,14,57
12,9,57
10,16,56
20,9,57
10,8,55
9,21,56
14,6,60
10,14,58
19,7,59
14,15,60
13,19,62
17,17,65
17,14,59
17,19,65
18,7,63
21,16,59
20,21,62
11,16,58
18,18,64
20,15,61
23,18,62
9,14,59
12,18,60
10,17,61
4,19,57
7,17,59
13,17,62
9,10,57
8,14,63
6,20,65
5,21,58
-1,28,60
13,15,65
18,17,63
10,14,56
17,26,68
7,15,59
18,19,66
10,17,54
11,19,66
6,19,62
17,15,57
8,11,57
10,17,59
12,13,63
17,15,61
8,17,59
17,17,61
9,16,62
18,17,67
11,8,57
15,19,65
15,11,60
14,19,60
12,8,56
15,9,55
3,15,56
9,13,58
18,13,63
14,6,57
5,24,56
16,15,61
15,21,63
20,18,62
12,15,58
14,13,59
13,12,56
11,17,55
6,16,61
11,12,60
10,18,59
16,14,60
9,14,66
20,17,68
17,13,54
13,15,60
16,17,59
22,13,61
10,12,53
11,17,58
18,20,55
10,13,59
19,15,66
13,11,50
17,15,61
8,14,59
16,22,64
19,14,55
15,9,55
9,15,58
16,14,57
18,9,60
15,13,65
17,13,66
7,16,57
16,17,66
15,21,66
18,21,65
15,17,66
18,17,61
19,16,62
14,17,59
17,15,57
19,17,59
12,10,51
13,10,54
16,10,55
10,9,52
17,9,56
17,9,56
15,15,60
11,14,58
19,14,63
20,14,65
10,15,55
22,12,64
29,10,60
24,11,58
20,6,54
24,14,57
13,8,56
18,15,57
18,13,60
17,15,62
17,17,59
12,18,60
14,17,61
15,12,58
9,14,55
14,16,62
12,12,58
16,9,57
22,16,62
11,12,57
19,18,64
22,13,61
24,12,64
16,14,62
14,17,59
16,15,61
20,13,59
14,16,57
16,14,61
12,11,55
13,14,61
14,18,59
10,12,63
18,21,61
21,21,63
17,14,60
19,17,64
12,17,60
21,12,61
15,10,59
10,12,56
13,11,62
21,17,61
16,23,64
10,17,57
13,18,63
15,14,62
19,17,64
10,10,58
12,16,63
23,18,63
15,13,59
16,19,63
22,22,62
7,11,53
12,15,58
19,12,63
15,23,63
16,19,63
11,12,58
15,19,64
15,14,58
18,13,63
21,16,62
10,13,59
9,10,60
11,23,66
-3,14,54
13,17,64
9,10,57
12,23,67
12,12,57
13,15,61
11,11,58
16,15,60
13,13,60
15,14,63
6,8,52
4,18,56
16,14,59
18,17,66
6,10,58
20,17,61
7,13,57
5,24,60
16,12,63
14,16,58
9,5,54
5,21,58
9,12,61
15,15,64
22,14,62
1,20,59
11,23,64
23,5,65
9,15,56
6,17,58
8,14,64
15,21,63
8,12,57
18,19,60
16,15,63
1,8,52
18,15,64
7,11,51
15,15,66
5,10,56
12,19,65
8,10,58
4,17,60
12,10,58
15,17,60
3,7,51
14,18,57
10,15,62
9,11,57
13,18,61
10,15,59
11,21,61
19,15,66
10,21,58
11,20,63
9,12,59
19,15,65
18,17,61
11,16,63
14,15,62
13,16,63
13,10,58
9,23,57
8,15,57
5,18,60
14,11,54
14,13,62
10,16,56
6,18,57
17,13,63
19,16,64
16,13,62
5,19,54
13,22,63
12,18,62
17,11,58
9,14,61
18,15,63
17,21,65
20,8,65
15,14,60
17,12,59
14,12,62
15,18,62
16,12,59
16,13,60
11,17,58
15,14,57
9,11,57
15,16,61
5,12,53
10,13,54
7,13,56
3,17,55
15,8,60
15,16,59
9,18,61
9,15,58
13,16,62
16,16,63
14,14,59
10,20,61
9,18,63
9,14,61
11,11,58
17,19,65
3,13,54
18,17,65
15,14,61
17,16,60
9,10,58
12,18,58
17,12,60
17,17,61
5,10,54
22,9,63
10,11,59
14,13,61
4,17,57
2,12,56
15,17,65
10,12,61
9,19,61
9,17,56
6,17,60
7,13,58
5,13,56
14,10,58
6,16,58
16,17,60
15,17,62
5,18,60
18,12,66
10,15,59
12,12,60
2,17,56
7,18,62
10,12,63
8,15,61
7,14,62
12,23,65
5,13,55
14,18,63
8,16,58
11,15,64
13,12,60
8,14,61
13,10,61
6,15,60
10,14,57
13,15,60
8,13,55
9,14,62
14,16,60
5,12,58
11,12,61
8,19,63
8,17,62
10,17,59
7,16,61
8,13,62
10,15,61
9,16,62
11,13,61
9,15,61
12,13,60
8,19,61
13,13,61
9,14,61
13,14,57
6,11,58
11,16,60
10,11,61
6,15,60
11,19,62
15,14,62
8,17,65
11,13,63
7,14,63
13,15,68
14,15,66
8,21,61
6,11,59
13,19,63
9,13,56
13,20,62
6,13,58
10,13,59
9,14,64
6,13,56
4,14,59
12,18,68
11,13,63
10,15,62
10,19,61
8,16,64
8,16,60
13,14,62
9,11,62
14,14,62
11,15,60
13,16,63
11,14,61
13,16,64
10,14,58
8,15,60
8,17,59
8,16,60
10,13,58
13,12,61
12,15,63
10,16,59
15,14,64
10,16,60
8,16,60
12,16,65
13,15,61
13,14,64
12,14,61
11,20,61
13,15,63
15,14,63
12,14,59
6,19,59
11,15,60
12,12,59
10,15,60
10,14,60
14,14,61
11,16,59
3,14,55
14,19,60
18,15,67
14,14,62
12,12,60
4,19,59
15,16,64
11,12,55
15,11,60
11,20,60
10,11,55
11,15,58
6,14,53
5,17,59
7,13,58
9,16,58
7,15,59
14,10,63
11,15,63
10,15,60
11,13,63
9,16,60
7,18,61
11,14,61
15,17,60
13,8,61
10,17,58
10,8,58
18,10,64
9,10,57
13,9,57
3,20,60
13,10,63
15,14,61
8,13,54
-1,17,56
4,11,56
12,17,60
11,10,62
6,14,56
8,11,60
16,16,68
17,6,62
11,17,64
13,15,61
14,16,62
25,7,63
17,16,63
7,8,55
11,14,55
10,11,58
9,15,66
22,22,44
24,-6,54
18,27,63
14,-1,48
13,8,70
14,28,70
5,14,76
4,21,59
9,34,76
7,24,68
12,32,76
15,23,67
9,25,63
18,16,64
15,18,56
11,14,54
16,11,55
11,13,54
10,14,54
13,7,52
15,13,57
10,16,49
8,5,59
13,17,62
17,9,65
4,15,63
19,14,67
15,22,73
16,15,66
14,12,67
10,21,67
13,18,67
9,14,64
10,14,61
17,20,64
9,15,59
19,14,65
16,10,57
11,18,59
13,16,54
14,14,56
6,16,55
9,19,49
13,9,54
16,19,60
13,5,56
12,13,61
6,5,51
15,10,64
12,13,56
12,16,61
14,11,62
16,15,61
15,14,59
10,14,58
14,18,61
14,13,58
15,8,60
9,12,60
16,10,56
14,12,60
12,5,54
20,19,64
16,15,62
13,14,57
18,15,63
14,15,59
21,10,64
19,11,57
28,17,64
16,13,58
11,12,57
19,12,61
16,12,56
17,14,60
15,14,57
16,16,59
15,15,56
19,14,62
11,5,52
18,18,64
11,10,53
25,19,67
11,11,56
17,19,58
19,19,64
21,18,60
23,21,72
18,14,59
13,23,65
15,10,65
23,12,63
14,10,57
18,12,59
15,13,56
17,23,60
14,12,57
14,20,59
17,18,53
14,7,52
13,19,65
19,9,60
15,16,68
4,8,54
12,23,69
6,17,58
9,18,61
10,10,55
15,18,58
9,14,56
7,17,53
14,12,59
10,15,60
17,17,58
4,14,55
14,16,63
12,10,59
11,13,60
12,16,62
12,13,60
19,16,61
4,11,59
18,6,60
17,19,60
5,11,53
13,14,59
15,14,57
12,4,70
16,15,66
27,3,66
15,12,66
18,25,69
29,16,68
2,11,48
25,32,67
21,13,57
23,15,53
8,4,51
29,11,57
13,6,56
17,11,56
15,8,61
13,12,55
21,16,65
5,18,59
16,18,64
10,16,59
18,21,64
13,19,59
14,19,60
18,12,61
17,16,59
18,20,61
8,11,60
22,12,61
23,12,62
16,17,60
13,17,61
17,17,61
17,22,60
13,13,56
23,14,63
11,20,56
15,15,58
10,8,58
20,14,62
19,9,60
15,12,61
15,31,65
15,10,58
12,18,61
20,10,59
20,15,63
7,10,58
22,12,59
19,10,59
17,5,61
19,16,61
17,10,58
15,9,59
14,13,56
16,10,61
18,17,62
18,15,64
13,19,58
18,14,62
17,10,67
15,22,58
14,4,56
4,7,53
19,16,56
15,13,58
17,6,60
12,21,59
17,11,58
17,19,58
14,20,56
16,16,57
16,19,63
18,6,55
12,16,59
14,11,60
18,8,64
16,18,63
16,9,60
11,12,56
13,12,59
14,19,61
21,8,60
14,17,64
14,14,57
11,23,68
13,10,58
15,29,69
12,14,58
17,21,66
13,10,58
30,21,72
9,8,46
22,16,55
7,13,55
25,14,63
8,4,48
15,13,55
9,8,59
14,23,66
14,11,58
15,16,63
12,14,59
13,17,60
12,12,56
13,15,60
17,8,63
13,11,62
8,13,63
17,14,64
10,16,61
1,17,59
13,18,57
13,12,62
6,23,62
13,16,60
12,12,60
12,18,58
6,17,59
12,12,63
5,19,64
4,17,58
12,17,60
10,12,58
17,11,61
10,19,56
16,11,54
7,17,59
23,21,62
23,10,61
8,24,58
13,20,62
11,23,63
17,16,63
11,10,64
7,23,53
20,20,54
11,11,67
22,24,59
22,13,71
14,18,43
26,35,67
15,8,57
9,22,50
17,18,62
14,16,56
15,19,69
15,8,53
23,26,72
15,12,61
12,23,53
13,9,68
17,26,60
23,10,71
12,18,57
19,22,66
17,12,67
16,14,53
26,17,60
-13,26,50
34,13,58
21,18,79
2,19,64
33,17,76
3,21,67
19,33,65
5,16,60
22,15,59
13,13,64
17,9,57
29,15,64
2,15,51
21,13,64
9,14,58
13,16,61
13,12,58
15,24,59
17,6,55
15,22,59
13,14,58
18,17,61
10,18,56
16,15,62
12,18,58
13,18,53
15,16,67
10,13,61
21,10,66
11,18,63
12,22,63
22,15,70
16,16,61
10,13,56
10,12,62
15,11,56
20,12,60
11,11,54
12,12,54
11,15,58
13,7,55
14,11,58
11,15,56
7,10,54
18,16,63
12,12,61
7,10,52
11,14,56
11,12,58
19,18,69
22,15,62
15,15,59
24,16,68
11,11,55
12,16,59
8,17,54
12,14,58
19,12,60
18,12,54
12,12,58
16,13,60
16,7,60
18,18,63
17,13,61
17,17,62
8,12,56
24,16,65
19,16,62
15,11,60
18,5,58
12,18,62
15,14,60
14,18,63
11,5,58
15,16,59
12,15,60
21,14,60
14,14,53
13,7,57
17,10,57
21,11,57
17,13,58
23,6,55
19,14,62
17,7,58
11,13,62
19,16,63
17,14,63
17,18,63
17,17,60
19,16,61
18,17,60
16,10,58
18,13,57
16,14,61
17,10,59
16,15,56
14,9,58
17,9,57
21,13,60
16,10,58
15,10,57
17,12,62
19,14,63
17,17,55
15,29,63
15,13,57
16,19,65
19,7,55
19,25,66
5,8,57
18,16,65
20,10,62
19,14,61
8,10,57
16,17,62
20,14,67
16,14,59
16,11,59
13,18,60
21,19,63
14,10,55
17,16,60
11,14,56
13,13,60
15,13,59
12,16,56
11,12,59
15,13,59
17,16,60
16,14,60
13,10,58
14,15,60
13,15,61
8,15,61
12,13,62
11,15,60
7,13,58
10,13,59
6,16,60
12,16,62
7,14,59
6,13,59
11,17,64
8,13,59
17,12,66
12,16,65
9,17,63
12,15,60
8,15,61
14,14,60
10,13,58
9,16,54
15,9,57
12,13,55
10,11,56
13,15,61
14,10,61
13,16,63
11,18,64
11,19,63
13,16,61
12,16,60
15,16,62
14,13,59
13,14,58
13,14,60
15,8,61
14,12,59
10,13,57
9,14,58
16,17,61
15,16,64
15,15,59
18,19,64
13,12,57
15,17,64
14,13,59
14,16,61
14,13,59
12,14,60
17,15,60
13,11,58
13,10,59
17,15,59
10,12,56
20,16,63
21,13,60
15,13,57
15,17,62
14,11,59
15,16,60
16,10,56
14,15,60
17,14,61
16,14,61
17,8,58
17,16,60
15,14,59
18,12,61
16,15,60
18,11,59
16,15,60
13,9,58
13,10,58
16,14,62
8,10,52
17,17,60
11,7,54
12,13,55
18,8,55
15,9,54
21,9,60
23,7,61
21,12,60
15,11,59
18,13,62
17,14,63
17,18,60
15,18,62
20,14,60
10,13,55
13,12,55
18,10,62
12,14,56
14,12,57
14,12,58
16,11,58
18,6,57
18,18,61
23,14,66
19,11,58
15,14,61
11,17,56
11,10,60
16,7,60
19,13,60
5,15,52
19,11,59
12,10,58
22,21,63
14,14,60
12,14,59
15,13,60
12,12,59
16,15,61
12,17,62
13,14,60
12,15,62
13,14,62
11,15,62
13,14,61
12,11,59
12,12,61
16,13,61
10,17,61
8,14,58
12,13,62
13,18,61
13,14,61
10,16,60
12,13,60
12,16,62
15,15,61
10,12,60
8,13,59
13,13,61
8,12,57
14,17,62
15,16,62
11,15,57
15,11,64
10,12,57
10,17,61
14,14,60
11,9,56
9,17,59
11,13,59
15,13,61
9,10,61
9,16,57
6,12,60
9,15,60
3,21,59
5,18,60
13,16,60
10,16,58
10,14,60
10,16,61
8,14,56
14,13,58
13,21,63
13,16,59
12,22,65
12,9,59
13,26,63
12,13,60
12,21,60
21,16,66
14,17,61
17,23,67
11,15,63
21,19,63
12,17,57
14,15,56
12,14,57
13,13,56
15,11,56
17,11,58
15,16,57
12,8,55
16,16,61
16,6,59
13,13,61
13,13,60
9,14,60
15,13,67
15,15,59
16,12,63
11,15,56
19,22,65
18,10,61
22,19,59
11,7,60
17,15,59
9,6,58
16,6,56
15,12,56
13,10,56
22,16,58
13,7,62
14,7,54
18,8,59
11,10,57
19,8,55
16,9,59
13,11,56
13,18,62
12,5,62
12,13,58
18,9,58
14,14,57
16,12,54
13,8,58
15,13,58
15,9,64
14,7,56
17,13,61
14,13,58
15,15,61
17,12,65
14,16,60
12,16,60
15,15,60
15,14,61
18,13,60
15,11,60
13,14,56
16,-1,65
10,20,57
18,-2,54
10,11,58
17,11,54
8,17,64
17,1,48
18,16,60
21,6,52
21,15,63
14,15,51
18,21,65
13,11,53
23,19,63
8,11,55
21,18,62
11,9,52
15,15,59
23,20,63
14,7,53
12,11,58
8,14,55
16,20,65
20,15,63
17,13,59
17,19,62
15,12,62
13,17,61
10,16,60
16,16,60
16,18,56
7,19,61
17,24,62
17,19,65
8,13,59
16,22,58
12,8,59
12,17,59
12,12,59
13,18,59
11,13,62
5,22,59
13,14,66
8,17,60
8,18,60
14,20,65
6,20,51
7,4,72
19,15,57
10,21,66
14,11,50
15,37,78
20,6,67
17,14,71
-5,23,67
11,21,60
7,18,68
0,13,49
26,21,66
18,9,58
14,16,58
10,15,59
16,15,62
16,16,61
15,15,55
13,20,49
13,26,68
19,16,56
19,15,69
16,8,64
27,25,66
9,15,65
23,12,57
17,23,63
14,18,54
20,21,65
18,10,55
16,15,68
15,13,59
25,18,69
10,12,69
18,8,57
24,15,69
14,11,56
22,18,57
13,3,62
15,21,59
20,2,52
10,8,61
15,3,55
17,3,61
13,12,61
18,11,59
19,16,59
16,14,61
13,14,56
10,13,56
17,9,55
11,7,54
17,11,59
15,8,54
20,17,65
14,11,60
13,16,60
14,13,62
20,9,61
18,15,59
17,7,56
23,17,64
18,9,56
14,12,57
16,17,57
21,11,59
15,15,56
15,16,62
12,13,61
21,21,62
19,12,60
18,14,59
15,13,62
15,13,57
21,15,64
15,15,58
20,18,62
10,12,52
16,20,67
16,13,60
16,14,60
18,13,59
16,20,64
10,14,59
13,17,59
13,15,63
14,16,59
11,14,56
12,18,62
15,12,58
13,15,61
10,13,57
14,15,60
6,16,53
17,10,67
14,13,59
11,15,60
13,13,61
10,14,57
9,17,59
7,15,61
10,16,58
14,17,57
6,15,54
16,25,64
12,10,54
13,15,63
13,6,56
13,22,69
7,5,67
24,18,67
3,16,59
13,19,65
5,15,55
13,14,63
14,16,56
12,11,60
18,9,59
13,12,55
15,15,60
7,12,55
12,18,60
13,12,56
20,10,69
12,18,64
7,16,57
13,11,58
5,17,57
16,12,65
13,14,58
10,14,54
13,16,53
21,23,69
15,17,57
15,20,64
11,13,48
19,28,78
17,11,66
14,17,49
20,6,51
8,18,50
21,10,67
6,4,43
6,14,55
10,6,66
18,12,66
14,16,62
8,17,69
13,22,71
18,19,65
16,16,68
13,27,68
23,14,71
13,21,64
17,19,55
15,25,70
17,22,57
20,19,57
14,16,58
17,13,55
17,16,56
21,7,54
18,9,54
16,9,52
21,8,55
17,4,56
20,7,56
22,0,53
17,11,62
9,8,55
17,16,66
13,3,54
25,14,64
11,17,66
13,17,61
16,16,64
16,17,58
17,21,64
19,17,61
18,14,59
17,9,59
19,17,58
17,13,58
20,15,61
14,15,56
22,16,60
16,11,56
15,16,60
19,15,57
19,17,61
9,9,57
20,13,63
16,14,61
18,17,62
17,11,60
11,15,61
17,16,64
17,15,59
16,18,59
17,19,60
11,16,56
24,13,64
15,13,56
19,15,59
16,13,58
13,12,59
13,11,60
16,15,60
10,17,57
14,13,59
17,15,61
18,17,57
18,15,59
10,14,55
22,16,63
15,11,57
19,13,60
14,14,60
19,16,61
11,18,59
13,12,61
14,16,60
12,15,57
13,13,62
14,16,58
7,10,61
7,12,56
8,14,60
6,14,59
3,13,57
8,13,62
7,16,64
12,11,56
12,16,61
13,19,62
11,10,60
13,13,56
11,9,54
9,13,59
15,15,60
11,16,62
13,12,60
15,13,63
13,9,58
15,20,64
12,11,57
10,18,58
14,14,60
21,13,64
12,11,61
16,16,64
14,13,60
20,14,64
16,11,59
19,19,66
9,12,56
15,21,68
16,14,59
11,8,59
14,24,59
11,19,58
24,9,63
14,7,52
9,22,58
9,9,53
25,13,59
6,12,56
7,20,56
9,8,55
19,21,64
9,5,56
18,19,63
6,10,57
14,18,59
14,8,61
13,18,63
18,10,58
11,17,55
19,19,62
10,18,57
19,1,60
16,22,61
13,11,56
10,17,62
18,15,60
26,16,66
13,11,57
15,17,63
19,9,59
8,14,54
22,6,56
14,10,62
14,15,62
12,14,60
17,13,59
5,15,54
18,19,61
13,14,59
21,19,61
15,14,62
14,17,59
13,18,64
13,5,53
27,15,67
15,15,56
22,22,61
3,20,63
20,11,54
8,10,59
16,10,59
7,9,54
25,15,69
16,14,54
11,11,57
15,9,56
11,20,55
13,12,56
15,20,59
11,16,52
14,9,63
16,13,61
14,15,57
15,15,64
11,19,60
22,19,66
12,15,61
21,14,61
4,21,56
14,12,59
15,17,56
21,9,54
20,8,66
13,9,51
12,14,58
17,16,60
18,8,58
6,15,59
15,9,55
16,16,57
15,8,51
11,12,60
18,5,55
14,17,63
15,14,55
17,17,57
14,9,60
14,14,57
15,8,59
18,18,62
11,12,62
12,17,64
12,12,51
18,9,61
15,18,64
28,18,63
-1,5,54
17,17,56
22,20,52
18,14,71
12,13,51
18,18,66
11,16,64
13,16,57
13,21,63
20,22,55
16,15,63
13,20,57
20,15,65
12,16,60
21,17,67
15,19,64
16,16,62
12,18,59
15,17,59
17,18,58
12,11,59
11,19,60
15,16,60
12,7,57
18,11,58
12,13,60
18,15,61
14,10,57
10,13,58
18,10,61
15,16,61
7,16,59
10,14,56
15,12,62
6,10,58
9,14,59
-2,15,59
5,10,64
1,12,64
0,14,63
4,12,67
4,15,65
4,14,68
14,8,80
-4,19,56
-8,20,57
-6,12,54
-7,16,56
-14,19,49
-23,15,53
-12,14,56
-10,11,57
-10,11,57
-16,16,58
-13,15,60
-6,17,59
-11,15,58
-14,20,62
-16,25,56
-10,21,60
-16,13,57
-21,16,55
-13,14,59
-8,21,66
1,19,72
-5,28,63
-13,27,67
-11,26,66
-6,19,60
-1,25,64
-9,20,59
-12,23,56
-17,17,56
-4,19,59
-14,19,56
-8,17,56
-8,24,55
-10,19,58
-5,22,56
-8,29,62
-7,16,54
-9,26,61
-10,18,57
-7,28,53
-23,8,63
4,17,56
-6,28,70
-13,18,52
1,38,71
-5,23,59
-12,28,63
-3,24,67
-21,11,52
4,32,75
-9,31,52
-6,14,65
-17,16,40
-14,32,72
-9,19,65
-2,32,56
-11,22,64
-1,35,63
-11,21,58
-11,20,59
-14,15,59
-4,22,61
-9,16,61
-10,16,55
-11,17,58
-12,15,58
-11,22,62
-10,19,61
-13,24,49
-8,11,65
-7,21,56
-12,17,58
-11,17,54
-17,9,51
-11,13,55
-22,18,55
-16,17,57
-18,19,56
-18,18,60
-15,20,61
-18,24,65
-13,15,60
-8,33,67
-13,25,62
-8,23,61
-14,26,61
-10,20,56
-7,31,65
-12,11,55
-14,19,54
-11,19,60
-7,17,64
-13,16,55
-16,19,57
-12,16,55
-12,21,60
-18,13,55
-12,24,62
-14,18,60
-12,24,61
-15,21,61
-12,22,59
-13,22,61
-10,20,60
-11,26,60
-6,25,62
-15,15,54
-6,23,62
-14,18,54
-11,19,62
-8,22,61
-10,21,62
-6,24,60
-12,20,63
-6,27,67
-11,24,58
-11,18,57
-10,22,59
-10,23,64
-11,20,58
-9,22,63
-5,21,61
-9,28,61
-9,15,57
-7,20,61
-7,19,61
-11,17,56
-14,20,52
-12,17,61
-10,16,56
-13,19,56
-12,16,61
-9,24,62
-12,23,64
-11,21,58
-6,28,67
-9,19,63
-15,26,63
-5,24,66
-7,22,60
-5,15,63
-5,19,57
-12,17,57
-8,17,56
-9,19,56
-3,15,63
-6,17,56
-6,17,64
-13,24,60
-17,17,57
-21,16,63
1,25,60
-11,22,59
-9,16,65
1,19,65
-20,17,54
-12,14,63
-17,19,53
-1,23,69
-19,12,53
-10,26,62
-16,19,58
-6,27,60
-15,24,62
-8,20,65
-13,22,65
-4,18,60
-8,19,48
-6,24,62
-14,18,61
-10,22,59
-10,19,51
-26,19,54
-4,24,66
-17,22,58
-13,21,63
-20,16,57
-8,19,60
-19,16,62
-7,17,62
-19,18,63
-13,11,59
-17,19,59
-11,8,60
-18,20,63
-13,17,53
-12,18,57
-12,17,59
-10,21,60
-13,16,61
-11,17,59
-5,18,59
-18,25,61
-4,18,57
-10,24,67
-13,14,59
-9,29,69
-12,20,63
-8,31,59
-9,23,58
-9,33,64
-7,21,52
-7,30,68
-13,21,56
-4,31,66
-13,13,53
-10,26,56
-13,16,59
-8,22,60
-10,13,58
-9,21,61
-12,20,61
-2,25,61
-8,24,62
-4,18,60
-8,25,60
-14,23,53
-11,20,56
-3,22,63
-13,14,56
-7,19,56
-15,17,56
-3,24,60
-15,12,55
-14,15,59
-12,23,59
-9,21,65
-12,19,61
-23,15,58
-17,17,55
-21,22,66
-8,19,61
-25,14,48
-4,27,62
-19,16,57
0,25,65
-16,14,50
-6,21,63
-4,17,61
-14,19,59
-10,18,56
-14,15,61
-9,16,57
-14,18,59
-11,18,63
-10,23,59
-14,18,63
-10,28,60
-12,22,62
-6,24,56
-11,23,64
-1,27,65
-5,30,63
-11,23,57
-16,17,58
-19,15,53
-6,25,63
-12,18,56
-11,21,60
-7,20,63
-12,20,58
-15,17,60
-5,21,63
-10,24,61
-8,20,61
-14,22,57
-10,24,60
-10,18,62
-10,18,58
-11,23,60
-14,20,57
-12,19,59
-11,19,58
-8,21,59
-10,21,60
-8,20,61
-9,19,59
-10,21,59
-8,21,62
-9,22,60
-12,18,60
-6,21,60
-17,17,57
-7,17,61
-14,21,56
-9,19,61
-9,18,58
-9,18,60
-8,19,63
-9,19,60
-9,19,62
-4,21,67
-9,22,60
-9,22,56
-5,24,68
-4,18,61
-6,23,61
-15,16,54
-4,23,65
-12,17,56
-11,18,59
-9,22,55
-12,18,60
-15,13,59
-7,25,62
-15,13,62
-4,28,68
-10,22,60
-9,21,62
-10,20,62
-6,22,64
-10,19,58
-14,20,57
-9,17,61
-9,19,63
-10,19,55
-12,30,66
-4,17,58
-5,29,67
-10,17,58
-3,31,67
-15,13,54
-7,17,61
0,25,62
-3,25,59
-4,24,60
-14,14,60
-8,13,57
-13,18,57
-12,18,58
-10,20,62
-11,14,58
-11,24,58
-6,18,64
-9,21,61
-9,22,63
-12,19,61
-3,25,65
-12,15,62
-7,20,58
-9,22,61
-6,17,63
-11,22,57
-9,18,58
-5,21,61
-7,15,61
-9,18,61
-13,22,57
-9,25,61
-10,15,58
-14,12,62
-2,29,62
-6,28,62
-13,16,59
-8,25,62
-12,17,57
-10,21,61
-11,21,59
-12,21,59
-5,23,62
-13,18,58
-15,13,60
-6,30,62
-8,23,63
-7,25,61
-9,24,60
-16,17,55
-9,22,60
-9,20,59
-11,21,63
-10,22,59
-12,19,61
-8,19,61
-7,22,61
-9,19,59
-11,22,58
-7,23,62
-10,18,58
-7,21,60
-9,18,61
-7,25,61
-9,23,65
-3,26,59
-12,30,61
-10,18,58
-11,24,60
-10,24,59
-9,26,63
-8,21,62
-11,22,61
-15,16,60
0,23,69
-3,20,64
-1,16,60
4,14,62
9,14,63
2,14,60
-1,14,59
-11,21,61
-9,23,61
-14,21,57
-3,23,65
-5,20,60
-10,15,57
-4,21,60
-15,18,56
-6,23,63
-16,24,53
-14,17,64
-15,13,54
-13,28,62
-13,23,59
-19,24,56
-12,24,62
-11,21,58
-4,21,65
-10,17,61
-9,22,62
-10,20,62
-8,20,63
-8,17,63
-3,21,67
-10,19,62
-13,21,69
8,38,52
-12,7,52
-4,38,67
-13,26,62
1,28,71
-10,29,56
8,32,67
-23,11,53
0,38,64
-15,13,61
-1,32,64
-9,28,61
-9,23,62
-3,24,64
-9,19,55
-7,16,62
-9,20,58
-11,18,58
-13,13,58
-3,23,65
-17,14,58
-4,30,63
-13,22,62
-3,25,62
-9,22,61
-6,20,59
-9,20,64
-5,20,63
-14,16,58
-11,17,57
-14,16,58
-10,19,58
-14,17,58
-10,18,60
-11,19,57
-7,20,63
-15,18,57
-12,18,62
-5,20,66
-9,22,63
-6,23,63
-12,18,65
-7,17,65
-2,29,59
-13,23,59
-8,22,57
-7,23,61
-4,22,58
-5,26,60
-3,19,58
-6,22,62
-5,23,58
-6,23,64
-5,22,59
-6,25,67
-15,23,55
-6,20,66
-14,13,57
-9,24,57
-2,23,70
-12,19,61
3,26,64
-9,12,56
-1,31,73
-17,13,56
-1,18,67
-6,25,59
1,19,60
-7,25,63
-14,14,56
-9,17,58
-5,16,65
-9,21,56
-11,15,61
-6,14,63
-5,26,64
-10,23,59
-15,19,53
-3,19,70
-8,16,54
-8,13,63
-15,6,55
-3,28,63
-18,14,58
-8,25,63
-8,24,61
-12,17,60
-6,23,64
-8,19,60
-4,20,66
-10,19,58
-8,20,63
-10,18,62
-8,22,60
-11,17,58
-8,23,58
-10,15,59
-3,22,62
-13,12,56
-2,24,62
-12,16,60
-2,21,67
-6,21,54
-12,15,61
-6,26,59
-10,24,69
-2,16,63
-2,29,67
-7,16,66
-2,23,62
-4,20,62
-4,18,62
-7,20,61
-6,20,61
-10,16,58
-4,17,61
-10,16,60
-7,15,55
-3,12,60
-15,13,56
-9,12,59
-4,21,64
-5,17,61
-5,17,61
-9,20,63
-2,21,65
-6,25,66
-5,18,63
-10,21,60
-2,26,62
-8,16,57
-4,19,62
-7,13,54
-1,21,63
-5,15,57
-9,18,59
0,18,59
-8,21,62
-1,16,62
-4,21,61
-7,20,59
-4,14,64
-4,13,59
-3,18,63
-5,14,61
-9,19,60
-11,15,59
-2,21,66
-9,17,56
-1,19,61
-10,15,58
3,18,66
-4,14,57
-9,18,57
-5,15,60
0,18,63
-9,18,55
-10,11,65
-6,24,65
-11,16,59
-7,21,68
-5,15,60
3,24,70
-5,23,62
-2,17,66
-6,15,61
-4,20,63
-3,16,64
0,19,62
-8,16,58
1,15,61
0,15,59
-6,20,57
-12,21,49
-9,16,59
-12,16,56
-3,17,63
-3,7,69
4,15,59
-19,11,60
-13,20,64
-40,23,50
-37,38,51
-11,29,60
12,22,69
10,15,52
10,9,48
20,3,48
27,0,64
46,-7,75
46,2,59
31,6,46
25,7,55
18,7,54
11,12,53
14,11,58
19,13,63
16,14,54
19,9,63
23,13,63
23,13,54
20,18,55
18,13,59
21,13,58
17,14,57
21,20,59
15,12,57
14,16,56
19,10,60
14,15,56
17,14,59
17,11,57
20,17,60
14,15,56
13,19,56
19,13,61
18,15,56
17,13,56
19,10,60
20,16,58
12,14,56
19,17,59
20,14,60
21,15,59
22,14,59
21,12,59
27,14,60
22,11,59
21,10,59
12,16,56
14,13,55
21,12,61
23,15,60
14,12,57
20,16,63
21,14,61
21,17,60
20,13,60
20,20,59
19,20,61
19,15,55
15,15,55
18,12,55
20,18,58
15,17,54
14,14,55
20,15,60
19,14,58
16,22,60
10,11,53
17,20,60
19,10,58
20,14,57
22,14,63
12,19,57
21,12,59
20,17,60
20,13,59
17,21,61
21,17,59
20,12,63
18,21,57
13,9,54
14,15,58
17,10,55
13,14,56
17,12,56
13,12,55
19,16,59
20,13,60
17,12,56
16,14,60
14,14,60
18,14,61
16,14,57
14,10,59
16,15,59
16,9,63
17,13,57
10,10,57
15,13,58
14,19,63
13,16,58
11,19,62
7,16,57
12,21,61
11,13,60
16,18,59
14,13,58
13,17,61
15,15,59
20,14,61
16,12,60
15,17,59
18,12,61
16,16,61
21,14,63
11,16,58
12,18,60
14,15,59
15,17,60
18,14,61
12,17,56
16,16,59
18,14,60
13,12,56
18,15,56
12,11,60
17,18,61
20,13,62
10,17,57
18,14,61
13,21,59
16,18,60
16,14,61
12,13,56
12,15,59
13,16,61
12,17,59
9,16,59
15,18,64
18,14,62
15,15,59
11,16,57
13,17,60
21,12,63
15,16,59
12,10,60
12,17,56
14,18,61
17,13,60
16,16,64
15,12,62
14,11,61
11,16,60
12,13,59
16,18,62
9,11,56
15,17,61
12,15,60
13,16,60
12,15,56
11,16,59
16,16,60
18,17,61
8,16,51
16,17,61
13,12,59
14,17,58
13,9,58
13,15,56
13,14,57
15,13,59
16,11,61
14,14,59
11,15,61
11,14,61
8,16,60
7,16,60
12,16,59
14,12,63
11,20,55
15,9,61
12,16,57
14,10,58
17,17,66
13,12,57
9,17,58
16,15,61
16,14,61
11,10,55
10,17,58
14,14,60
19,14,63
14,18,62
12,15,59
14,14,62
18,17,62
20,13,61
14,16,59
18,14,59
18,15,61
14,13,57
17,13,60
13,16,57
15,10,58
15,12,62
17,11,58
17,11,64
16,12,53
9,16,58
15,11,56
16,18,62
11,10,59
13,15,59
18,11,63
18,10,60
18,19,65
13,10,58
17,16,62
19,13,62
17,16,59
15,10,57
20,14,62
16,10,58
11,14,57
17,9,61
13,15,59
23,11,63
10,11,58
21,18,63
15,5,56
20,20,63
17,8,60
12,25,57
14,10,57
21,18,63
17,11,59
12,9,57
18,14,62
10,8,56
16,16,62
19,9,60
17,18,61
15,14,57
20,18,60
16,16,62
17,13,58
18,14,63
14,15,56
17,14,58
17,18,59
14,10,58
14,22,59
15,3,55
17,12,58
11,9,56
13,15,59
19,12,59
13,8,53
17,15,56
19,17,59
18,10,60
12,15,57
18,15,60
16,21,62
18,23,61
15,15,56
24,18,69
9,20,53
24,20,69
17,11,60
20,25,65
15,12,60
26,20,63
18,13,59
19,20,62
21,18,59
13,12,55
16,15,58
13,13,53
13,13,62
18,13,56
16,14,59
17,15,60
14,19,58
16,15,60
19,19,62
15,15,58
14,16,57
16,18,58
20,13,58
16,20,61
16,12,54
17,13,57
18,6,62
18,13,61
10,13,59
10,8,58
22,22,62
15,16,63
13,12,55
18,21,64
16,16,58
21,15,56
12,11,60
20,18,58
11,8,64
14,22,62
23,18,60
23,24,57
16,21,68
14,15,53
24,11,65
10,16,51
9,6,62
13,15,59
14,3,58
12,12,58
14,13,63
9,13,61
15,15,61
7,13,56
14,15,60
17,18,56
14,18,65
15,20,52
15,17,67
9,20,59
17,26,63
14,13,62
16,22,58
9,17,54
18,20,61
12,13,53
18,18,61
9,12,50
20,24,68
15,12,53
17,16,58
12,14,57
22,15,64
16,12,59
13,12,58
11,16,61
11,14,59
17,22,62
13,12,58
10,20,57
16,13,59
16,15,67
14,16,56
9,14,61
14,17,57
14,13,61
13,14,57
13,9,63
9,14,52
14,8,60
11,13,56
23,13,58
17,14,62
18,15,55
13,18,62
16,9,57
17,20,62
14,15,57
12,17,54
18,15,65
13,21,57
18,17,65
8,16,55
23,23,69
13,18,61
18,13,63
15,17,59
13,13,58
13,17,59
13,11,55
18,14,65
15,14,57
15,13,61
18,11,63
13,14,57
14,18,61
17,11,54
18,12,58
10,16,57
18,17,62
13,12,57
18,18,64
16,19,63
8,13,59
14,14,63
20,10,63
18,19,65
13,13,58
21,19,64
16,14,60
17,16,56
16,14,61
16,6,57
18,16,61
15,12,56
20,20,62
18,13,58
18,11,58
20,12,61
14,11,56
18,12,61
20,14,59
17,12,59
16,11,58
20,14,63
10,12,52
17,15,59
18,12,60
17,14,61
17,13,57
16,13,56
13,17,60
19,14,57
19,14,60
17,10,56
14,16,61
19,14,61
19,16,60
20,16,60
15,14,58
20,16,61
17,9,56
14,12,58
16,14,59
13,13,57
17,15,58
18,18,60
16,17,60
24,12,61
19,13,59
13,19,59
14,11,65
15,17,61
11,15,63
15,16,62
14,18,63
17,20,64
12,15,58
16,19,59
18,15,63
12,19,59
12,17,60
12,15,59
16,14,61
11,14,57
10,14,58
12,11,56
11,13,57
11,12,59
10,16,61
16,14,62
13,17,61
15,18,67
15,18,62
12,13,64
15,17,56
11,13,53
14,13,60
13,13,60
11,7,62
16,15,61
14,9,62
17,18,66
16,10,63
14,15,63
11,8,62
16,7,62
13,8,69
13,10,65
10,17,65
-4,14,55
-8,17,52
-12,19,46
-15,16,48
-25,16,50
-5,9,49
28,3,69
28,8,58
20,9,67
24,13,58
24,11,58
9,5,58
16,1,62
55,20,34
70,21,31
74,7,38
62,7,33
49,-2,35
55,-6,41
44,8,34
38,0,36
-14,-5,73
23,36,61
9,25,55
22,6,55
39,0,64
34,9,63
31,12,57
19,16,55
14,17,66
19,15,60
17,12,58
16,14,56
17,13,61
19,10,58
19,15,59
15,14,60
14,16,57
7,17,56
14,18,59
7,14,56
18,12,60
21,12,63
16,12,60
16,13,65
16,13,61
10,14,59
6,14,55
9,15,56
8,12,54
5,3,67
17,5,65
33,17,53
39,26,42
73,20,41
70,16,32
38,0,34
18,-12,47
23,-4,48
16,-2,61
1,3,55
25,18,53
32,9,70
37,8,65
36,10,58
21,5,53
21,13,56
24,15,58
26,18,59
21,15,54
23,15,55
15,12,63
15,21,52
19,13,56
15,16,54
22,12,54
12,10,58
20,22,57
23,10,56
25,23,60
24,17,59
15,19,59
23,23,58
19,21,61
15,16,52
22,17,59
16,16,57
19,18,55
20,13,55
19,20,57
26,14,61
24,13,56
18,16,59
17,21,57
12,16,54
18,21,58
19,16,56
16,12,56
18,18,55
16,16,62
4,13,52
14,18,62
17,16,61
22,13,67
20,19,54
17,18,62
17,18,56
24,17,58
14,20,54
15,24,58
14,16,57
25,18,56
22,19,55
16,13,56
17,21,55
23,16,60
19,20,57
23,19,61
16,20,60
23,14,62
19,21,65
25,12,58
15,13,57
22,18,61
18,20,59
19,10,53
16,19,60
19,15,57
15,14,55
18,11,55
21,11,56
22,19,61
18,11,54
18,11,58
21,16,60
13,17,55
19,15,54
20,20,62
16,14,56
24,13,58
21,8,61
21,12,56
24,16,61
30,15,60
28,12,59
29,15,61
29,14,58
21,18,56
18,19,60
19,16,58
19,13,55
19,14,54
16,15,55
17,16,57
18,14,55
19,14,56
20,17,57
15,14,53
21,17,60
26,12,56
22,15,58
20,9,61
26,20,62
25,6,61
20,27,62
21,22,61
19,15,65
22,19,55
24,13,59
16,14,54
24,22,64
20,8,55
24,14,59
15,12,54
24,22,61
22,16,60
21,13,54
20,17,58
23,17,58
19,11,56
22,11,65
16,9,60
19,19,53
15,15,52
11,4,53
22,16,51
14,14,54
25,11,58
24,17,59
19,9,58
29,15,60
24,7,57
22,18,61
16,16,56
21,22,60
16,15,58
14,16,57
19,17,60
20,18,62
21,17,58
20,20,58
12,13,52
21,21,62
19,10,60
20,9,52
13,16,52
17,11,59
26,22,66
20,10,54
11,16,54
18,13,59
19,8,59
24,17,60
14,13,56
17,15,58
20,11,58
26,25,65
17,11,55
24,19,60
19,14,61
24,24,59
24,15,60
19,15,56
27,17,53
21,9,64
21,31,58
23,18,68
13,20,57
25,28,67
12,18,61
22,25,59
11,19,59
19,22,60
19,13,63
15,17,65
20,8,54
19,15,60
16,13,54
23,24,64
12,12,49
20,12,58
16,16,57
16,13,57
18,15,59
17,11,54
11,15,62
21,17,52
7,19,53
16,19,66
20,17,65
22,14,45
3,8,51
16,29,59
22,10,56
12,9,50
25,3,41
10,17,67
26,16,57
18,22,62
25,13,58
20,31,67
22,15,51
23,18,62
20,20,58
21,15,54
14,14,55
18,8,52
16,14,61
14,9,58
19,14,58
18,10,58
14,15,56
22,15,55
24,12,57
22,9,52
26,12,55
28,11,59
25,11,58
30,12,61
26,14,57
25,12,60
22,12,60
20,20,59
19,12,54
25,16,57
21,16,55
19,14,55
22,13,53
22,15,56
17,16,57
20,11,55
23,15,57
21,16,58
17,15,58
22,14,57
26,18,59
22,13,55
25,16,60
29,15,57
17,13,56
29,15,60
26,14,57
23,14,60
20,17,58
30,18,61
20,14,56
31,14,61
14,19,58
23,19,60
22,13,56
23,21,60
23,16,64
23,20,65
26,14,59
24,19,62
34,17,66
19,25,66
35,23,63
18,18,49
32,23,58
22,13,45
23,15,54
21,10,48
24,13,46
12,5,53
19,8,49
21,14,59
19,10,56
22,19,60
22,8,57
18,18,60
23,15,61
24,15,60
24,26,64
18,16,62
24,19,62
22,24,59
17,18,60
20,23,64
23,18,59
18,19,56
18,15,54
22,24,61
20,21,58
15,14,55
25,21,56
26,16,64
15,25,61
30,21,63
21,11,59
24,25,61
21,7,56
17,17,56
18,15,58
23,15,58
23,15,57
17,8,56
16,22,68
18,10,48
22,11,60
14,17,47
19,14,65
22,1,55
17,19,60
16,10,57
24,19,64
19,16,59
20,24,62
15,18,58
22,16,59
22,17,60
21,16,57
16,13,55
21,12,54
19,12,58
20,21,60
21,15,55
23,18,56
23,19,59
15,15,53
21,18,58
23,5,55
13,17,54
18,21,57
22,7,56
18,17,60
20,18,58
21,18,61
18,19,60
27,24,66
19,19,63
15,24,58
14,17,58
20,19,60
17,19,55
15,19,57
17,21,55
21,15,56
13,13,49
23,19,56
13,17,52
23,7,56
17,14,54
20,13,57
16,12,56
22,17,58
19,18,56
20,16,62
20,19,59
26,19,63
13,22,57
31,17,61
21,15,58
24,22,61
14,17,58
17,21,58
25,14,61
22,15,57
24,21,60
21,13,58
20,15,56
21,19,59
17,14,54
20,18,59
16,21,55
27,14,61
18,15,53
22,14,56
17,16,56
23,16,57
18,13,54
19,17,58
21,15,59
22,19,59
19,14,60
20,23,62
22,15,58
21,18,58
23,18,60
19,17,57
25,15,60
21,21,57
16,12,55
19,19,57
21,16,60
22,18,61
18,22,58
20,14,58
20,11,56
22,14,58
14,11,52
25,23,61
23,13,56
19,25,58
22,18,60
20,19,59
21,15,57
19,20,55
20,14,58
16,14,52
24,15,58
15,11,52
27,23,61
22,15,58
25,15,61
21,15,55
21,14,59
22,10,59
27,17,62
20,10,56
20,16,60
23,16,58
22,17,60
22,15,57
23,21,56
18,17,54
20,18,56
19,13,51
17,14,53
15,15,52
18,15,57
22,13,58
24,17,60
17,17,58
25,20,64
22,14,58
28,18,64
25,12,57
27,20,63
24,10,56
30,20,61
23,12,55
21,25,57
27,17,59
22,16,57
25,15,56
23,13,57
21,18,60
24,17,60
21,15,59
22,17,60
22,17,59
23,14,59
24,20,60
26,18,63
17,16,53
24,13,58
20,15,55
24,15,59
18,17,55
24,10,54
20,11,58
20,19,58
21,13,59
23,14,58
26,15,61
20,18,58
23,15,58
23,15,61
24,13,55
20,21,57
23,12,59
24,10,58
22,20,59
18,12,55
25,23,58
23,15,55
22,20,57
22,23,64
17,11,56
28,15,61
23,12,60
29,17,63
25,14,58
24,13,57
16,10,50
28,15,57
24,10,57
28,13,55
22,10,56
25,15,58
23,16,62
22,16,59
23,15,61
26,15,59
27,16,59
25,15,56
19,20,57
22,16,54
22,15,57
24,20,59
16,10,54
22,13,56
22,15,58
16,15,54
26,14,60
21,13,56
30,16,62
22,13,56
22,14,59
23,21,59
27,16,61
22,15,61
27,19,61
17,15,59
26,17,59
24,15,61
20,12,53
24,14,63
23,10,57
18,14,60
20,7,56
19,14,61
27,18,62
27,14,60
23,17,59
23,16,56
24,18,58
28,15,60
19,16,53
23,17,58
17,13,58
28,16,58
23,19,61
21,16,59
25,16,60
20,16,54
18,15,55
22,12,60
17,14,52
26,16,58
22,12,55
25,20,56
20,10,54
22,18,55
24,12,55
21,17,62
21,11,53
20,13,60
21,15,59
25,19,64
19,12,59
22,21,60
20,12,58
25,15,60
20,15,53
20,17,57
22,12,56
24,16,54
22,14,55
20,12,56
25,14,56
24,12,57
22,9,50
27,7,57
22,14,56
25,10,58
20,9,55
25,17,63
20,16,64
22,16,60
24,17,62
22,21,62
22,18,60
23,14,57
25,20,59
21,14,55
20,18,56
17,16,55
22,19,59
26,15,58
25,16,61
23,14,57
22,12,58
28,15,60
28,12,61
23,16,56
27,14,57
16,19,54
25,27,63
17,13,47
24,17,63
16,5,50
16,20,59
15,8,57
28,17,58
22,15,54
25,19,60
19,15,54
21,20,56
20,15,57
25,15,58
22,14,56
21,20,59
21,15,58
19,19,55
20,18,58
20,16,59
18,22,55
19,15,54
20,16,54
20,22,62
21,13,64
14,20,48
25,2,55
26,22,66
23,14,61
14,4,57
20,8,50
12,13,59
30,22,63
14,20,54
28,28,63
21,18,54
14,25,58
23,18,61
14,22,53
16,14,55
16,25,56
11,20,59
6,21,54
4,22,52
20,18,61
26,16,60
27,19,60
16,18,54
21,16,57
20,18,55
28,11,58
18,19,59
13,19,48
16,18,57
23,7,56
25,15,56
17,17,56
15,20,54
19,20,61
26,13,58
23,13,58
12,14,54
18,17,61
25,18,62
20,17,58
22,19,61
19,18,56
21,15,58
21,20,59
15,15,56
17,18,53
27,18,59
16,15,56
22,15,56
16,12,54
20,9,58
26,19,63
19,12,51
26,22,67
26,14,56
27,21,59
29,14,58
25,19,60
29,17,59
17,16,53
16,20,59
17,18,54
23,19,61
20,17,57
15,17,51
13,23,58
13,18,57
16,23,59
6,14,50
14,20,58
18,23,57
16,12,56
19,17,58
18,12,56
19,16,57
19,18,56
20,19,60
16,22,56
18,24,61
18,14,59
19,25,58
18,14,56
17,26,60
19,27,62
16,16,57
17,27,62
12,17,56
14,24,60
16,17,59
14,21,58
13,22,55
15,20,58
15,21,55
15,22,61
14,17,56
17,19,61
13,16,58
15,22,61
15,18,57
14,22,58
16,22,60
9,17,55
11,20,57
11,16,58
13,19,57
17,15,57
14,17,58
19,19,58
12,18,54
15,19,63
18,21,61
15,21,60
18,21,59
17,20,61
20,21,60
21,21,61
15,20,60
19,20,59
11,21,56
13,19,55
14,18,59
15,16,54
14,18,56
14,15,58
13,18,54
15,18,60
16,13,56
20,20,60
17,20,61
15,18,56
13,21,61
16,21,60
20,18,61
13,21,55
16,20,60
16,15,55
19,15,57
17,17,58
16,20,57
14,17,57
15,16,57
16,20,59
15,18,60
15,13,57
20,22,65
17,13,54
17,19,59
14,18,58
18,12,55
18,16,56
18,16,58
19,19,58
17,13,56
18,21,61
18,14,58
16,25,58
20,20,63
15,22,58
18,19,58
13,17,53
17,19,56
12,18,54
19,13,58
15,13,56
18,16,60
18,16,59
19,21,62
20,17,59
16,21,60
15,17,57
17,21,57
14,17,54
12,22,61
17,15,58
17,15,57
16,21,61
13,19,54
17,21,61
22,14,58
19,19,56
14,16,54
19,16,58
18,16,54
17,19,55
13,15,57
17,13,50
11,-11,45
-11,-12,46
49,-5,72
22,-7,79
27,-22,74
29,-23,62
28,-11,55
-22,-15,50
6,-5,67
31,7,72
20,16,65
10,18,60
-7,17,52
-12,18,51
-34,18,52
-41,18,52
-37,25,47
-33,24,46
-32,21,56
-24,18,62
-23,21,59
-27,18,56
-32,8,48
-33,4,67
-28,0,75
-10,-7,66
-7,-7,55
-13,-12,51
-23,-13,52
-34,-17,51
-29,-20,53
-12,-24,64
-6,-28,70
-3,-37,66
-5,-37,61
-7,-36,54
23,-48,50
34,-51,53
23,-49,46
13,-48,39
22,-50,40
19,-48,37
19,-49,46
22,-44,49
18,-45,47
18,-46,43
28,-50,39
31,-44,38
29,-49,38
23,-46,34
23,-49,35
19,-46,33
24,-55,40
21,-51,38
23,-55,43
27,-58,47
22,-58,46
1,-54,49
0,-50,55
-6,-44,55
-25,-32,54
-24,-26,59
-33,-15,55
-36,-10,52
-37,4,37
-38,7,30
-46,19,13
-54,22,3
-63,17,0
-62,18,-1
-64,21,-10
-65,18,-12
-59,22,-12
-55,22,-18
-52,22,-16
-53,26,-21
-50,27,-20
-51,29,-24
-51,29,-24
-51,30,-22
-51,29,-23
-48,30,-27
-49,31,-29
-52,31,-26
-53,31,-26
-52,33,-28
-49,33,-24
-50,32,-23
-51,31,-23
-52,29,-25
-50,29,-23
-51,28,-23
-51,29,-22
-53,30,-23
-54,33,-25
-52,31,-23
-48,32,-22
-50,34,-24
-50,34,-24
-50,34,-21
-52,34,-22
-51,33,-22
-51,33,-22
-53,33,-23
-53,32,-23
-51,31,-24
-51,31,-23
-51,33,-23
-50,32,-22
-52,34,-26
-52,34,-24
-50,33,-23
-48,33,-22
-49,34,-23
-52,33,-21
-52,32,-20
-50,30,-21
-50,30,-23
-51,29,-20
-54,30,-23
-56,30,-24
-55,31,-24
-53,31,-24
-49,32,-24
-49,33,-23
-50,34,-23
-52,33,-23
-49,32,-20
-50,33,-19
-54,33,-23
-52,33,-21
-52,31,-22
-54,31,-22
-57,32,-25
-53,33,-23
-53,32,-22
-53,32,-22
-52,32,-21
-53,31,-20
-54,32,-19
-52,32,-18
-52,30,-17
-56,29,-17
-54,29,-17
-47,29,-14
-48,29,-15
-59,32,-17
-64,31,-19
-58,28,-17
-52,29,-16
-59,30,-15
-62,29,-13
-63,28,-13
-61,27,-9
-61,26,-7
-55,26,-1
-52,25,4
-56,27,2
-57,28,1
-58,28,2
-56,29,8
-54,29,9
-57,29,7
-56,29,10
-50,28,12
-51,30,14
-66,30,20
-64,26,14
-51,25,18
-52,26,21
-63,31,23
-66,28,18
-55,23,17
-56,25,22
-63,26,14
-59,25,16
-55,26,21
-57,27,18
-57,28,17
-51,26,17
-47,25,21
-51,27,22
-55,27,21
-55,24,21
-53,23,20
-56,24,21
-60,26,19
-60,25,20
-56,24,17
-55,26,19
-56,28,22
-57,29,23
-58,25,18
-55,26,17
-55,31,13
-52,31,12
-58,31,1
-64,31,-5
-56,31,-5
-58,32,-11
-55,33,-9
-48,27,-10
-52,31,-16
-55,31,-17
-53,34,-17
-50,33,-20
-52,33,-20
-55,33,-19
-52,34,-17
-50,36,-18
-49,39,-18
-53,39,-19
-56,40,-23
-57,42,-24
-53,39,-21
-54,39,-23
-60,37,-22
-59,34,-21
-53,31,-16
-55,30,-17
-52,29,-13
-52,28,-13
-49,29,-13
-48,30,-13
-49,31,-13
-50,32,-13
-53,32,-13
-60,31,-13
-61,29,-9
-63,27,-6
-65,25,-11
-67,24,-9
-60,24,-3
-59,24,-2
-60,27,-9
-62,27,-7
-59,28,2
-60,28,8
-69,30,3
-63,30,1
-42,30,24
-31,27,33
-42,17,31
-33,13,36
-29,10,45
-31,11,40
-44,3,43
-41,2,46
-31,3,47
1,-6,51
12,-10,51
19,-20,58
18,-24,60
13,-32,64
9,-30,64
1,-27,61
5,-27,62
11,-39,71
12,-40,70
7,-34,58
7,-36,47
15,-37,46
11,-41,49
13,-40,52
12,-43,48
15,-43,47
16,-43,43
16,-43,41
20,-46,43
19,-44,40
20,-49,39
17,-44,38
19,-52,47
18,-44,40
20,-48,42
23,-44,45
24,-45,45
18,-46,41
16,-48,44
21,-53,50
18,-51,50
20,-59,54
19,-57,51
16,-48,58
12,-39,58
9,-21,58
1,-12,64
2,-8,62
12,-7,63
15,-6,61
15,1,61
10,3,59
6,9,56
2,13,56
2,18,57
0,18,55
-3,15,57
-1,14,58
11,13,59
14,11,61
15,8,63
15,7,65
18,4,65
24,1,66
21,0,68
19,0,63
24,1,62
29,0,66
29,1,64
29,3,53
29,1,46
27,-1,47
30,-3,46
35,-2,38
-25,-32,80
-22,-36,64
-6,12,41
0,4,55
40,4,64
15,5,52
28,12,58
35,27,54
32,4,56
18,3,62
19,8,62
19,13,54
19,18,58
14,9,59
14,13,59
15,13,57
21,14,65
9,13,53
21,19,64
23,22,65
20,15,65
19,15,59
20,16,62
21,15,63
20,17,60
16,10,59
20,13,59
12,13,59
13,13,56
14,13,61
10,12,61
13,16,63
11,15,60
2,14,52
-4,14,46
0,13,56
8,9,72
13,17,62
5,15,51
21,6,63
10,8,61
8,11,54
14,9,54
20,12,57
20,10,64
10,13,67
4,13,64
-12,17,59
16,17,64
11,18,63
16,12,60
15,15,64
16,17,62
17,18,61
12,18,59
13,18,62
9,19,61
17,19,60
13,18,57
12,17,61
7,18,57
11,19,56
5,21,57
13,16,57
7,24,59
1,19,56
6,21,59
6,17,62
7,24,61
1,20,61
11,26,63
5,26,62
-2,21,55
6,25,61
1,17,59
2,22,56
2,17,57
2,22,65
5,15,57
5,25,63
-1,17,58
12,22,66
10,17,62
8,21,60
7,25,59
10,22,62
8,23,59
10,20,61
8,21,57
8,21,61
10,24,61
4,18,61
11,24,60
4,27,62
5,16,58
11,25,63
7,22,60
6,20,59
10,20,61
9,21,59
5,17,58
9,20,58
6,19,60
9,23,60
6,22,61
8,19,59
9,20,62
3,24,58
11,22,60
5,18,58
4,20,59
6,17,61
10,22,61
3,22,59
2,19,63
1,18,61
8,23,65
4,23,60
5,24,62
3,22,63
2,22,58
8,29,63
3,22,63
4,28,60
7,24,60
9,18,61
5,15,57
4,21,61
5,18,58
3,17,58
6,16,60
6,22,61
3,18,58
5,19,60
6,19,60
2,17,59
7,20,59
7,16,62
10,24,63
5,20,62
10,21,61
5,22,61
4,19,59
8,22,64
5,21,62
3,22,57
3,20,61
9,22,64
8,20,62
7,21,57
10,22,64
7,20,58
8,24,61
5,18,55
9,22,61
3,15,57
9,18,60
5,18,62
4,13,57
9,19,59
3,14,62
6,17,59
5,17,60
4,17,58
4,19,60
3,20,60
8,21,60
2,17,59
5,24,59
6,23,62
8,21,60
9,18,63
4,14,60
10,22,64
7,20,59
4,19,57
7,22,58
9,16,62
12,19,63
4,19,59
5,18,62
9,21,67
3,12,61
8,27,66
-1,15,58
9,21,59
-1,13,58
5,22,54
4,10,59
12,24,54
0,8,57
9,13,58
3,15,58
8,15,60
8,20,59
10,21,63
10,16,65
11,24,61
3,17,59
9,23,63
7,19,60
9,23,62
3,16,54
11,23,63
7,19,63
8,22,57
11,21,62
9,16,58
8,23,58
9,18,67
9,28,60
6,19,60
10,23,58
15,21,64
12,22,61
17,20,56
5,14,65
15,20,56
0,13,57
10,15,60
3,17,59
5,16,59
13,25,61
6,17,65
5,16,57
8,22,65
5,15,55
5,25,61
11,12,66
11,24,69
10,17,46
0,11,57
9,23,59
11,21,57
-5,8,52
18,29,64
7,19,58
11,20,66
7,26,60
8,26,64
7,22,60
12,25,63
5,22,63
11,19,55
2,15,51
6,14,58
1,20,57
7,18,62
6,21,62
3,23,60
5,19,62
7,23,66
0,19,56
8,18,60
1,20,56
6,25,64
1,15,55
2,24,61
2,15,58
6,19,59
6,15,60
2,18,56
5,18,62
5,17,61
6,27,59
8,24,63
12,21,62
10,20,63
7,18,58
12,30,66
5,13,56
8,15,62
14,30,62
6,9,50
2,23,65
-2,9,58
14,18,58
-7,0,56
15,23,62
5,14,59
0,5,57
1,22,60
1,18,61
5,26,64
8,17,57
2,21,65
0,27,64
3,16,60
10,25,65
7,22,61
11,27,62
15,24,60
12,18,56
7,22,61
7,14,58
10,20,61
4,18,56
10,20,63
6,19,63
7,18,62
8,14,61
12,21,63
10,18,62
5,20,60
7,16,58
6,19,55
-10,17,55
6,21,62
-1,21,55
0,15,67
5,17,69
-2,14,64
-11,21,61
-2,19,63
-6,22,62
-17,18,49
-13,19,46
14,12,64
24,14,63
20,11,46
9,8,31
53,-28,111
26,28,51
33,12,59
22,15,64
20,8,61
8,15,51
8,3,62
20,12,56
23,12,61
20,25,64
19,20,57
15,15,71
11,23,64
15,18,60
13,15,60
12,24,60
10,19,57
11,15,62
10,14,53
24,11,62
16,8,56
28,17,62
15,7,54
23,19,54
25,8,62
12,23,56
26,17,64
12,11,54
16,23,61
17,19,65
16,20,59
16,16,62
12,16,61
15,19,59
12,16,59
17,14,58
13,20,55
10,13,54
15,23,59
12,10,52
12,16,61
10,6,53
11,17,62
16,11,58
14,14,59
18,14,60
12,15,57
16,12,59
22,14,62
28,15,61
15,11,61
6,15,54
20,17,63
13,7,57
23,25,65
12,15,58
14,19,60
22,22,58
16,14,58
13,16,58
14,13,57
7,14,56
10,18,60
15,15,60
11,13,59
11,18,61
15,14,62
14,19,64
6,16,56
15,22,62
11,19,61
9,22,59
7,17,59
4,22,59
8,22,61
20,11,62
22,20,65
11,17,55
5,18,59
13,22,55
14,13,55
14,12,56
12,15,54
8,13,55
12,14,57
14,18,59
14,13,59
11,16,60
12,17,64
15,18,62
13,13,62
12,25,67
16,18,62
13,22,64
19,21,65
15,16,62
15,17,64
16,15,62
15,16,60
12,15,60
13,16,58
13,17,57
13,14,54
16,14,60
13,13,57
16,9,57
14,13,58
20,16,60
15,16,60
21,17,60
21,13,62
15,19,59
14,12,59
9,16,58
18,18,63
13,14,59
14,18,59
11,18,60
17,18,62
12,19,61
12,20,58
13,14,57
13,19,59
12,15,56
10,15,58
14,18,57
13,17,58
13,15,59
14,18,58
13,14,59
13,13,65
14,15,57
11,13,61
12,11,59
10,25,63
7,13,57
10,19,60
7,16,59
7,19,58
12,16,57
17,22,64
11,17,57
13,19,66
12,13,58
15,17,63
11,15,60
16,15,60
10,20,58
15,19,62
12,17,57
19,18,64
12,10,59
15,21,65
20,15,61
14,24,64
15,18,59
9,19,60
13,18,59
16,14,60
11,14,54
12,17,59
13,14,54
14,18,59
8,15,54
18,19,61
10,13,55
12,14,54
12,15,58
14,18,58
14,15,59
12,12,57
15,18,63
16,12,57
17,15,62
7,16,55
18,22,61
9,16,59
14,18,60
11,16,57
11,16,59
13,21,60
16,25,63
12,10,57
12,24,57
6,8,58
11,17,55
14,8,57
10,9,53
15,21,58
11,8,63
14,15,52
15,11,59
6,15,56
24,17,59
10,14,59
17,16,58
11,14,59
15,17,58
12,16,57
12,18,56
13,16,58
15,15,62
10,23,57
15,15,62
12,17,58
22,23,64
12,13,61
16,20,62
13,17,58
11,11,62
13,23,67
11,13,55
13,19,61
14,23,57
16,8,60
12,24,57
19,16,65
17,27,63
17,25,63
12,9,65
24,28,76
8,20,59
20,16,52
17,17,54
15,26,64
20,-14,41
24,4,58
21,3,43
19,27,67
14,11,56
19,23,61
12,11,64
18,24,67
16,17,61
17,20,66
18,14,60
14,19,61
16,12,58
14,18,60
6,11,53
16,16,57
20,12,52
10,21,63
21,11,53
21,13,65
13,0,51
21,18,66
11,1,57
12,28,61
6,9,57
18,18,62
16,18,58
14,16,60
10,16,57
11,16,58
8,11,54
16,11,66
9,7,49
18,18,61
11,2,55
25,33,68
14,13,58
12,18,60
13,12,60
14,19,60
12,11,57
7,15,56
12,15,59
12,8,56
15,20,60
12,23,58
14,18,60
13,17,60
15,15,58
8,18,60
15,18,60
11,13,62
12,13,57
15,18,60
10,13,54
16,20,61
10,19,62
13,17,57
14,19,62
11,16,57
9,20,61
11,14,59
12,19,60
7,15,56
13,22,61
13,19,56
3,16,59
13,19,58
10,12,58
4,15,54
7,19,55
10,19,63
10,21,56
14,20,62
11,16,58
14,22,63
16,15,61
12,18,58
6,15,62
12,24,62
16,16,63
12,24,62
15,24,61
10,17,62
17,30,61
11,10,51
8,23,64
11,7,52
11,15,62
17,21,58
14,16,64
17,19,59
9,14,59
21,11,56
4,16,54
12,18,53
16,6,54
11,14,58
6,9,49
12,9,59
22,25,64
14,14,60
17,15,61
8,18,61
16,11,57
16,14,63
9,13,53
17,26,64
15,18,59
18,15,58
13,18,58
15,13,60
15,14,58
10,17,56
13,10,60
9,16,56
18,14,62
17,10,57
14,16,62
14,13,58
15,16,60
11,13,56
17,13,57
19,10,59
19,15,60
14,12,56
18,11,59
14,13,60
26,16,63
18,14,57
12,12,64
4,26,60
14,15,61
12,18,66
21,28,60
15,18,60
13,15,67
16,20,72
5,24,31
21,13,77
20,30,65
20,21,68
6,-9,58
23,46,56
-1,6,58
15,23,56
23,26,58
12,15,67
14,24,65
16,17,56
16,18,56
17,33,69
1,7,53
14,23,72
19,27,58
10,32,71
14,21,61
10,25,70
3,10,51
13,25,66
2,8,51
13,31,63
6,11,58
13,17,60
14,16,60
8,26,64
14,16,61
16,22,57
9,8,58
11,14,57
11,10,60
10,8,53
10,20,60
4,14,57
14,21,60
12,20,63
15,25,55
8,10,58
12,29,55
15,9,52
6,17,55
6,6,48
6,13,58
10,11,55
9,20,65
10,13,58
8,20,57
11,16,60
9,22,60
6,18,54
8,16,58
12,19,60
7,19,58
8,18,60
9,17,59
10,14,59
16,18,62
12,17,56
11,10,64
13,13,59
7,18,60
11,7,58
10,22,64
12,13,62
17,17,60
8,14,55
10,26,60
5,12,58
12,21,58
7,6,58
6,17,58
8,15,60
8,15,60
14,18,63
6,19,57
11,16,59
13,19,63
18,18,57
8,14,59
9,24,56
9,12,55
13,17,59
9,11,52
8,14,56
14,14,57
11,18,60
9,14,55
16,20,58
12,17,59
14,20,56
9,20,63
15,16,58
12,25,63
16,9,61
15,15,61
14,17,63
14,15,60
18,15,63
11,16,53
12,23,62
16,12,60
14,20,61
15,8,58
14,19,60
10,9,55
14,12,57
19,15,61
12,14,59
15,15,55
15,14,63
13,16,60
13,18,61
17,16,59
23,10,60
21,10,60
16,14,59
6,14,59
14,17,57
20,16,62
13,17,57
12,23,59
12,12,55
12,21,60
17,23,62
15,17,62
17,18,60
12,17,56
14,17,61
14,17,59
17,16,58
13,14,60
5,15,53
15,18,61
15,13,59
18,19,65
8,14,55
13,18,58
8,18,58
12,20,62
16,16,60
11,17,61
15,16,62
15,19,62
13,17,62
15,21,62
15,19,61
13,17,57
10,18,57
13,17,56
7,13,62
7,22,57
9,14,59
5,22,61
7,28,59
10,16,59
17,18,58
18,17,56
7,17,63
12,22,58
13,11,61
15,19,64
24,28,66
11,13,60
12,17,58
14,12,60
14,17,62
12,14,59
15,14,61
8,8,57
20,19,69
13,6,56
22,22,67
16,8,53
15,21,62
16,14,59
11,15,58
9,14,52
14,10,65
13,21,64
18,13,58
18,15,64
17,21,59
12,22,59
17,17,60
20,12,58
13,12,57
13,22,65
20,3,65
13,24,62
8,14,35
17,14,67
17,15,66
28,17,64
9,-2,56
18,20,53
6,24,57
11,17,59
24,19,61
10,15,54
10,23,62
22,5,61
23,18,65
19,10,61
5,15,60
15,13,58
7,18,66
14,17,64
17,21,66
15,16,63
23,18,62
10,16,63
16,18,53
11,16,58
12,8,50
14,17,59
13,8,57
17,19,60
14,12,58
12,15,61
14,16,62
13,17,58
12,15,63
11,16,55
13,20,59
7,12,58
14,22,58
6,11,53
10,13,55
8,15,53
7,17,54
9,11,58
6,17,50
7,11,51
13,15,60
7,12,53
9,13,54
7,12,55
10,16,61
13,15,57
11,14,60
11,12,61
16,25,65
15,13,62
13,19,63
15,26,62
13,17,65
14,19,60
8,17,59
13,21,63
13,19,60
10,16,58
13,25,63
11,15,59
2,16,53
8,15,59
7,21,61
2,13,53
9,14,59
10,18,57
8,18,60
14,16,62
11,20,61
8,18,55
11,17,60
17,20,62
12,13,56
15,16,60
5,13,54
14,15,60
12,14,57
14,15,62
11,17,60
9,20,55
15,16,62
13,16,61
16,20,61
11,16,60
13,15,60
10,18,58
12,17,61
10,18,58
12,19,64
13,18,57
14,19,64
8,14,58
19,23,64
11,9,58
13,19,62
16,10,62
15,20,65
17,10,56
17,22,66
17,17,55
19,12,63
16,12,55
17,14,61
14,6,54
13,20,55
11,10,59
11,11,59
13,19,62
16,18,64
13,22,62
14,17,64
14,19,64
14,14,59
10,17,60
17,13,59
13,23,61
14,15,56
16,14,59
14,15,59
13,12,60
13,22,54
12,23,64
16,16,59
17,19,66
16,14,60
15,26,62
12,11,59
17,14,60
13,17,60
16,16,61
13,17,57
16,16,64
14,15,59
18,14,64
14,9,58
15,21,64
13,12,60
14,18,63
12,14,57
16,17,61
12,14,61
19,8,67
11,16,55
19,13,60
11,10,56
17,17,57
13,12,52
8,17,57
16,15,54
18,14,65
11,9,57
20,28,66
11,8,61
11,22,59
8,17,59
18,21,63
13,10,55
14,19,59
15,17,62
14,17,61
15,15,62
15,16,62
11,9,60
13,20,70
13,5,52
17,23,70
11,7,51
19,31,68
11,11,56
13,20,63
13,14,58
10,22,63
13,13,57
14,20,60
14,15,60
11,15,59
10,17,59
15,16,61
9,18,59
13,17,60
12,16,61
12,16,59
17,23,54
16,7,57
6,34,54
17,7,44
5,24,66
0,4,49
8,18,67
-6,6,60
17,28,70
9,19,54
15,22,69
21,24,60
13,19,51
9,2,55
13,12,52
13,11,59
12,11,58
17,18,66
10,13,58
14,20,64
13,16,63
16,22,56
12,6,54
16,22,54
17,12,64
11,15,62
25,30,69
16,13,59
10,23,56
16,19,62
14,20,66
12,15,58
14,18,64
14,20,63
17,18,62
16,19,62
20,19,62
10,11,58
17,20,63
19,12,60
11,18,59
14,15,60
20,22,61
11,14,62
14,24,60
20,18,64
16,18,64
24,22,63
10,13,63
16,16,58
11,15,59
15,11,58
18,15,56
16,6,64
13,13,57
20,15,61
6,9,55
17,17,59
13,10,61
15,14,59
18,16,61
20,10,62
12,15,59
12,18,58
13,11,63
10,13,54
17,16,62
11,11,56
20,24,63
14,13,59
13,18,58
14,14,57
12,15,58
14,17,58
14,18,59
14,15,55
15,19,60
13,18,57
13,17,58
8,16,57
16,20,60
11,15,56
12,19,56
14,17,59
13,17,61
13,16,64
16,16,59
12,24,63
16,16,59
14,22,61
9,12,57
10,19,59
12,14,58
8,16,53
11,12,61
14,15,57
11,19,62
8,15,58
14,23,64
12,16,61
10,16,58
12,18,58
11,19,61
12,17,60
12,15,58
14,20,58
7,20,61
10,22,58
9,19,63
10,17,57
13,24,63
15,17,60
12,21,63
6,12,58
14,23,65
7,14,57
15,21,60
8,18,58
11,21,61
15,20,63
11,18,57
12,24,62
15,17,61
14,19,60
12,16,56
12,16,60
12,9,60
15,23,63
5,10,54
11,23,64
10,16,61
17,22,60
14,18,61
16,14,59
11,15,61
15,19,61
13,17,60
9,17,54
14,14,61
17,16,62
12,17,54
10,24,62
13,12,53
13,22,62
14,12,55
11,24,61
10,13,57
12,18,63
13,17,60
11,20,60
12,20,57
12,15,59
13,17,60
9,12,54
10,19,59
12,17,60
12,16,62
11,20,61
15,21,64
11,16,58
11,21,62
13,22,61
11,14,57
12,17,60
12,19,59
9,15,56
14,15,59
13,21,59
12,17,60
15,18,55
8,13,59
14,23,56
6,9,50
9,21,59
20,25,66
7,18,57
12,19,58
14,22,61
13,19,60
10,16,60
8,18,56
10,16,58
12,19,61
18,15,62
10,10,59
17,19,63
14,17,61
11,13,58
14,14,60
17,14,64
12,17,66
12,21,56
16,12,61
10,18,58
16,19,58
11,9,57
19,12,57
12,13,55
8,14,57
13,16,61
15,16,62
12,18,61
15,20,63
10,13,58
15,15,61
19,16,60
12,13,56
11,17,58
20,15,62
13,16,60
16,18,60
15,12,56
8,11,60
19,16,59
19,11,60
12,9,54
18,18,58
20,9,64
13,18,61
10,14,56
9,21,60
17,18,62
11,22,55
14,22,66
9,13,55
18,18,62
11,14,57
19,27,63
13,15,58
16,12,62
17,13,59
10,15,59
16,15,60
18,21,57
16,8,62
20,19,64
17,14,59
7,11,52
16,19,60
18,17,61
13,16,54
17,19,65
7,17,54
15,21,66
11,10,57
19,22,63
16,16,58
12,17,60
18,19,65
12,19,58
13,18,59
11,17,56
14,21,60
6,12,53
13,27,61
12,12,51
10,16,59
10,16,55
17,21,63
10,14,54
17,16,65
12,19,57
14,15,58
12,14,57
13,18,59
13,14,56
13,10,60
13,18,59
12,17,62
11,15,56
12,18,63
14,21,62
8,16,58
8,23,56
15,24,68
13,20,60
13,25,62
9,17,58
22,20,62
15,16,56
13,18,62
12,23,57
18,19,62
9,14,55
16,20,63
12,17,63
11,19,61
7,16,56
11,21,62
15,19,60
14,16,61
8,15,57
18,16,62
9,18,60
15,16,60
14,16,65
13,23,63
7,17,59
8,21,59
6,21,60
8,13,57
14,17,60
12,10,59
7,20,61
8,12,59
13,24,64
7,12,54
19,22,68
14,17,59
13,17,59
13,15,60
15,15,60
13,14,60
14,16,60
15,13,61
6,18,55
14,13,62
12,15,56
18,15,62
10,16,54
16,11,54
14,14,58
9,13,54
13,15,58
16,17,58
5,15,58
20,14,57
11,20,61
8,18,57
17,12,58
15,15,60
14,14,60
16,16,62
16,14,60
10,15,56
14,15,58
16,14,59
13,17,58
14,11,55
14,16,60
14,19,60
15,23,65
11,15,54
16,18,65
12,15,56
17,19,61
8,13,53
17,16,60
15,17,61
17,13,60
12,13,58
18,12,58
11,15,59
13,11,59
16,13,60
15,14,61
13,13,55
15,14,60
21,11,61
24,15,64
16,14,59
17,18,60
10,17,57
17,16,63
20,18,56
7,18,61
10,19,58
14,27,67
20,13,64
14,20,62
10,19,59
16,21,66
8,20,55
13,21,60
10,20,55
13,20,65
10,8,55
13,23,61
5,10,57
22,26,68
10,15,55
12,18,54
16,13,61
16,24,60
16,17,58
8,14,53
16,21,64
15,13,62
9,19,61
12,19,60
15,23,64
10,16,60
6,20,60
3,21,52
5,16,56
5,18,59
7,17,63
12,12,57
14,12,63
7,16,57
13,22,61
11,8,55
14,18,61
10,14,60
11,17,57
11,17,58
11,18,58
11,10,68
15,16,49
15,8,56
10,10,53
16,15,56
11,10,57
18,20,61
7,16,58
12,22,56
5,15,52
13,17,67
8,24,57
17,13,64
8,14,59
16,27,62
15,18,62
15,20,55
15,6,67
13,15,68
16,17,44
12,4,52
26,36,73
17,13,46
9,6,64
23,3,49
13,14,62
10,9,64
21,25,59
9,11,56
15,25,63
13,9,60
19,28,66
15,11,60
14,24,62
20,15,58
11,26,61
11,19,58
13,21,58
12,22,59
12,17,58
17,23,61
6,16,53
14,28,66
12,15,55
17,20,66
14,21,57
16,20,61
10,13,54
12,14,57
14,15,57
17,16,57
12,14,57
14,14,64
14,13,57
15,13,60
7,15,52
11,25,62
11,13,57
17,27,58
10,4,55
14,20,62
13,11,59
12,16,56
5,11,55
13,17,57
9,18,60
14,18,59
19,17,65
13,22,60
13,21,62
11,17,59
9,22,57
9,19,52
7,21,61
8,23,54
5,21,65
3,19,55
14,29,65
15,14,62
17,19,61
8,19,58
15,20,60
16,15,60
16,17,59
13,15,60
12,17,60
11,18,57
14,16,58
13,13,61
16,15,59
13,14,59
13,20,62
8,12,56
15,12,59
9,16,57
14,12,61
10,18,58
14,21,61
13,14,60
9,23,61
13,10,58
3,16,57
14,14,57
12,17,58
12,14,56
21,14,61
12,10,56
16,19,62
14,11,53
20,22,60
11,20,61
17,17,58
14,19,60
13,16,51
6,21,70
8,24,61
26,9,57
10,3,62
22,27,67
-1,13,51
0,2,52
17,35,67
5,6,50
3,19,61
16,-3,46
9,15,61
13,6,62
15,15,56
17,10,62
6,15,52
18,17,62
15,11,58
16,19,60
15,10,58
12,20,61
22,13,57
9,15,64
18,16,62
11,15,60
20,18,63
23,21,65
5,24,60
19,16,67
13,10,54
15,19,58
15,14,59
16,16,59
13,15,59
10,18,53
5,14,62
16,18,65
18,8,54
11,14,63
17,10,52
13,27,65
14,7,56
13,24,64
8,11,55
10,18,59
15,16,59
14,20,55
13,9,62
19,19,58
12,12,52
15,14,61
11,17,49
15,15,70
12,20,55
21,23,66
12,11,55
20,25,67
16,11,58
16,17,61
11,14,58
12,15,60
18,16,61
13,17,58
10,14,59
13,17,58
15,16,60
13,15,61
15,18,57
11,16,61
14,19,57
15,19,62
14,17,57
15,19,63
14,12,60
16,15,59
15,16,62
14,18,62
13,21,62
16,15,65
16,16,61
15,18,61
10,15,58
13,18,59
10,16,58
16,17,61
15,13,59
12,19,59
11,18,58
14,19,57
14,15,68
11,23,55
10,18,61
6,12,57
10,26,59
7,12,58
13,20,63
13,17,58
12,17,62
8,16,58
12,19,63
13,15,59
18,16,59
11,20,62
14,22,58
13,18,62
6,17,53
20,20,64
12,12,53
18,16,59
14,14,58
13,14,60
13,12,57
13,15,61
12,16,61
19,16,63
12,12,57
15,21,61
17,17,58
17,18,63
13,18,55
16,21,64
8,15,56
14,24,63
12,9,60
12,20,54
10,12,58
14,17,57
14,11,57
17,14,57
23,16,64
13,20,59
17,20,62
10,18,58
17,24,60
13,9,55
14,19,61
15,8,56
12,11,58
16,17,60
15,17,60
13,20,61
16,15,59
16,12,58
11,17,54
13,16,61
12,13,57
13,17,62
13,15,59
11,14,58
17,19,65
17,16,60
18,16,61
14,13,60
8,26,56
17,17,64
14,11,57
17,20,60
10,11,53
19,19,57
15,13,60
18,19,61
14,11,62
15,15,59
18,26,67
11,12,63
19,17,63
18,17,65
14,18,60
18,17,62
14,16,57
19,12,64
16,19,60
15,20,64
13,17,65
17,16,57
13,19,60
15,18,56
10,20,58
10,11,52
11,14,61
16,16,66
12,10,53
16,20,67
14,12,56
13,32,64
16,6,63
18,22,66
10,11,49
16,16,67
23,9,57
17,27,63
14,10,56
15,18,61
13,17,57
21,21,64
11,17,50
10,31,63
10,11,52
12,31,68
20,2,57
13,22,60
10,13,61
18,19,62
13,16,60
9,17,56
11,19,57
12,16,57
14,16,61
12,13,59
7,17,55
19,16,64
12,18,59
16,19,63
19,27,67
16,22,42
8,26,66
16,18,66
19,23,61
8,-2,46
14,25,50
5,2,58
16,19,62
13,15,59
20,12,57
2,16,65
23,23,59
14,10,66
13,17,69
19,29,58
20,11,65
12,17,56
8,18,61
18,18,64
16,19,57
12,15,54
16,15,65
10,15,55
14,13,58
10,14,56
10,17,56
15,20,61
15,19,60
12,15,58
15,20,62
14,17,57
10,15,63
11,20,55
7,13,57
10,15,56
16,11,61
8,12,57
12,17,63
9,15,59
14,20,61
11,18,61
15,20,58
8,13,61
13,22,56
9,10,56
9,20,57
7,11,55
12,14,57
9,13,57
7,18,57
11,17,59
8,17,57
18,20,58
3,13,58
11,26,57
7,11,54
11,21,61
9,10,55
5,17,59
18,14,63
14,15,61
13,14,61
16,20,57
13,13,59
11,25,53
19,19,67
9,19,58
17,27,65
11,15,62
8,19,57
13,19,62
8,19,59
10,16,63
11,15,57
12,17,60
9,15,56
12,18,61
10,16,55
16,9,62
7,24,62
7,12,57
13,22,64
6,16,55
16,25,65
10,10,66
16,27,64
9,11,58
9,25,61
20,17,61
11,26,62
10,15,55
10,13,55
11,17,56
14,17,60
11,13,58
11,18,59
10,14,57
7,16,58
13,18,63
12,20,61
15,17,61
9,5,58
6,25,67
10,15,64
10,20,42
15,-2,44
3,37,69
23,14,49
7,16,68
9,-5,38
20,35,78
3,10,58
22,32,70
9,14,56
14,44,68
14,13,55
15,18,67
13,10,56
12,16,57
5,3,48
15,17,64
10,4,53
16,19,63
1,9,50
20,23,63
11,11,56
17,16,64
9,9,52
14,18,60
2,10,46
10,20,60
19,14,58
12,27,70
19,11,56
16,25,69
15,13,63
27,23,68
6,18,61
21,20,64
8,18,59
20,17,61
16,16,55
12,14,58
16,18,59
12,11,57
19,12,56
1,17,46
6,26,64
10,9,50
13,19,60
8,9,51
9,22,62
13,13,56
16,18,62
14,13,58
15,21,55
14,11,68
21,24,65
18,20,64
11,18,64
29,23,69
12,19,65
19,20,60
17,13,61
20,18,58
16,14,57
15,12,56
14,14,60
10,19,58
15,13,62
13,19,60
19,18,61
12,22,63
17,19,63
13,17,57
13,16,60
15,18,61
15,16,57
13,14,57
11,16,57
14,16,57
15,15,57
13,16,59
14,14,58
18,17,63
15,14,61
14,18,61
17,16,59
15,13,66
16,24,63
18,16,60
11,9,55
23,17,63
14,10,58
14,20,56
17,17,63
13,22,56
14,20,64
11,15,57
12,21,59
15,14,60
10,13,54
17,21,61
17,16,59
12,14,58
17,15,60
16,13,63
17,19,62
13,19,56
14,15,63
16,14,57
16,15,61
20,10,58
12,20,60
17,12,58
16,15,60
14,16,58
14,19,60
14,13,57
16,17,61
13,12,57
14,13,58
16,19,63
16,13,59
14,19,60
15,19,60
14,14,62
15,15,57
15,19,62
14,13,57
13,22,59
17,10,56
16,11,60
16,18,59
12,16,60
15,15,62
14,15,58
13,18,63
16,14,56
14,16,61
15,14,56
18,17,63
14,13,58
13,15,57
11,20,61
11,14,62
14,21,64
17,19,61
11,17,58
13,16,59
10,22,58
15,16,58
12,14,57
13,14,59
12,14,56
9,13,58
13,13,59
14,19,62
15,16,61
11,17,57
14,20,60
11,16,58
14,21,62
14,14,58
14,16,62
10,17,56
11,19,62
13,13,60
14,19,61
14,14,60
12,17,62
14,15,58
11,20,61
8,18,59
6,21,58
6,18,58
7,19,57
4,20,59
13,14,60
13,17,59
4,21,55
7,15,60
13,18,63
14,17,59
14,17,61
6,20,59
11,16,58
12,18,62
12,16,58
9,20,59
8,12,57
16,22,63
12,13,56
13,15,58
19,14,61
13,16,56
12,18,56
11,18,60
16,14,60
10,20,58
12,14,58
13,17,62
14,19,61
11,20,61
12,17,60
17,16,59
15,19,61
12,16,60
14,14,55
14,15,59
17,16,64
11,15,56
13,18,59
16,15,55
13,16,62
20,11,60
16,19,61
13,6,58
23,22,62
16,13,60
16,23,63
26,16,62
18,21,60
18,19,60
11,14,56
12,19,61
16,14,59
15,16,60
12,14,58
17,18,62
14,10,57
16,22,62
11,11,60
15,25,64
13,13,58
17,25,66
11,20,53
14,19,64
14,22,56
12,12,54
9,17,58
13,13,57
14,11,60
12,26,57
13,12,56
5,22,54
8,10,56
11,20,59
7,12,56
7,15,58
10,16,62
11,15,73
33,29,60
-4,10,63
24,36,44
24,16,36
-2,8,70
7,34,30
-5,18,74
-13,0,52
36,62,73
-4,-3,57
20,35,70
7,38,50
-2,20,69
13,23,80
18,11,47
4,15,67
4,11,51
15,17,64
13,14,61
12,18,63
17,16,57
7,19,59
17,18,59
13,14,58
14,18,60
12,12,52
11,22,59
12,14,61
12,16,57
13,17,59
13,10,65
17,22,65
14,11,58
12,25,63
15,15,58
16,25,62
16,18,59
12,18,61
13,15,61
14,14,59
12,19,58
15,16,58
13,18,59
8,17,54
12,15,56
16,14,59
12,12,57
14,13,57
16,14,60
13,17,59
15,16,58
15,17,61
14,16,60
12,19,55
17,14,62
13,24,61
19,16,62
11,17,58
22,22,62
10,17,57
5,31,62
20,8,58
11,20,58
17,7,55
18,26,65
12,19,57
11,22,57
20,26,65
14,17,60
15,19,60
12,14,58
14,19,60
9,15,56
16,15,61
21,17,63
8,16,56
17,15,61
23,17,63
16,23,63
15,14,61
16,20,61
4,16,55
14,18,58
12,15,57
13,15,55
11,17,58
14,17,58
11,15,58
12,19,61
13,17,61
6,18,59
10,17,60
12,18,63
8,16,57
8,20,55
11,18,60
10,23,56
7,18,59
9,18,55
15,21,64
11,15,58
11,17,64
9,18,59
9,16,58
14,16,63
16,17,64
14,13,58
14,16,60
12,17,58
11,18,59
13,15,57
14,15,60
8,14,54
11,17,55
16,16,65
12,12,57
12,22,63
12,14,57
12,21,64
15,12,58
14,18,60
15,15,57
14,16,57
16,13,62
15,21,61
14,17,61
11,21,58
23,20,65
12,14,58
14,23,62
14,14,58
10,20,57
13,20,60
14,15,61
14,10,57
10,23,60
14,14,62
13,21,62
13,15,60
13,14,58
8,15,55
11,17,61
16,15,62
11,14,58
16,17,61
12,22,58
13,15,63
14,28,59
13,5,54
6,19,53
7,9,52
10,16,58
15,23,57
8,7,60
16,13,54
14,13,63
13,8,58
23,27,66
10,14,57
11,16,67
16,12,55
16,20,63
11,8,51
21,23,57
9,3,50
15,15,64
13,12,55
19,-5,53
5,4,72
31,15,48
16,11,64
17,-4,53
27,46,55
8,9,67
11,19,51
5,15,59
24,13,58
11,19,65
15,25,57
10,22,68
14,10,53
17,22,60
14,12,59
12,25,61
14,16,59
18,17,61
18,17,60
10,13,62
15,23,65
19,19,56
14,20,63
10,18,51
15,25,63
12,20,52
14,14,59
10,17,62
6,14,54
18,17,64
16,17,55
13,28,68
13,13,52
11,26,66
12,16,59
14,26,62
14,17,59
15,20,61
12,17,61
16,19,61
10,9,63
17,20,64
9,11,57
16,21,66
6,13,54
19,26,64
12,14,62
9,12,57
12,17,62
11,12,64
20,18,65
9,14,59
9,16,63
9,8,55
8,13,63
17,12,64
17,12,65
1,13,61
-9,15,52
-13,15,45
-9,13,41
-15,8,50
0,-2,76
-11,15,48
11,8,64
1,12,54
17,3,45
6,1,55
27,18,71
7,21,67
4,32,67
4,23,62
9,18,57
13,22,63
7,16,64
9,24,61
8,16,60
1,18,56
5,19,63
8,13,54
9,22,61
-12,19,47
26,22,68
9,25,62
9,27,56
5,12,54
4,36,67
4,8,47
9,22,65
-6,10,50
5,19,60
-3,15,54
7,16,65
11,18,62
7,11,56
12,23,64
2,20,55
5,10,60
4,21,62
2,8,52
17,23,64
6,15,53
18,35,59
9,29,64
16,16,53
8,26,72
-5,8,50
10,28,68
0,10,59
1,18,60
0,20,61
12,23,65
3,19,56
12,25,63
7,22,61
7,21,59
11,22,62
5,16,58
4,17,56
10,16,60
12,17,63
6,16,63
3,16,71
17,16,52
0,17,57
9,19,62
3,28,59
6,0,56
7,5,58
1,10,60
-2,15,56
1,6,56
-7,12,45
-19,19,31
-15,1,67
-32,16,75
-2,27,71
-9,21,65
9,14,66
6,13,54
-4,14,59
9,18,68
1,19,68
-4,22,60
2,29,69
-1,19,70
-3,20,56
-1,20,61
5,18,61
1,17,58
-1,14,52
-7,17,63
3,14,56
-10,20,58
2,14,59
-10,23,66
-2,8,58
-1,26,69
1,16,64
-5,26,60
-11,11,59
-3,29,63
-14,13,57
3,27,64
-19,15,56
1,25,71
-13,14,59
3,24,68
-16,10,52
3,31,66
-10,19,56
-4,18,59
-5,21,59
0,22,61
-4,21,58
-1,20,59
-4,15,58
-2,17,57
-5,19,59
-5,16,59
-10,27,62
-3,19,60
-5,22,60
-12,22,53
-5,23,66
0,26,64
-6,23,59
-4,20,59
-5,23,61
1,24,64
-4,25,57
-1,19,60
-2,28,60
-9,16,55
-6,22,59
-7,19,58
-13,18,57
-5,21,59
-6,26,60
-7,23,61
-3,26,61
-3,29,64
-8,19,61
2,26,62
-10,17,56
-9,13,62
4,27,67
-15,12,55
-1,32,62
-8,25,64
-15,9,54
-8,25,59
-7,17,61
-3,24,62
-5,23,59
-12,18,55
-7,19,58
-13,20,54
-10,20,60
-9,21,61
-13,20,55
-11,20,58
-6,20,61
-10,19,60
-12,20,61
-6,18,59
-5,23,63
-9,19,59
-3,23,65
-9,21,60
-10,14,60
-6,12,59
-4,22,64
-13,13,56
-8,17,59
-4,20,65
-8,18,57
-11,18,60
-6,18,60
-9,18,59
-6,14,56
-6,17,60
-9,16,59
-2,20,65
-7,14,60
-4,23,58
2,14,75
0,19,64
-6,20,59
-3,14,59
-2,21,62
-8,17,56
-2,17,58
-5,15,60
-6,16,59
-6,15,61
-4,17,62
-2,19,64
-6,18,62
-5,18,60
-8,18,62
-2,20,66
-8,16,60
-1,23,63
-7,17,60
3,20,65
-2,18,60
-1,15,63
-5,17,60
1,22,66
-8,12,58
-2,17,62
-4,17,62
-7,16,59
-5,21,63
0,21,64
-3,17,61
-2,20,58
-4,18,61
-4,16,61
-3,19,61
-4,17,58
-2,20,58
-1,20,63
-1,20,62
-2,17,63
-2,16,60
-5,19,63
-9,16,56
-3,22,66
-11,13,55
-1,27,65
-7,20,56
-3,20,64
-3,20,57
-8,16,63
-5,14,58
1,29,60
-12,14,56
2,24,61
-10,17,57
-3,18,58
-6,21,58
-2,21,58
-9,19,55
-4,19,62
-3,23,61
-5,22,60
1,21,63
-1,27,67
-6,23,58
-2,24,62
-2,32,59
-4,12,56
5,25,64
-6,11,56
-11,14,65
-3,22,62
-9,17,59
-1,28,64
0,30,64
4,24,65
0,25,59
3,22,61
6,18,59
1,22,57
-3,15,55
2,19,63
-3,21,59
1,19,62
-6,19,57
-3,27,56
-13,14,63
2,21,59
4,31,64
0,16,59
5,30,66
-3,14,59
4,23,64
-1,17,58
2,23,63
-1,22,57
-2,23,62
5,23,64
-2,22,60
2,25,60
-6,25,54
7,29,64
-4,18,53
3,26,61
-11,14,52
-2,26,59
-8,16,58
-4,27,58
-5,18,53
2,26,64
-13,17,57
2,21,61
-6,21,57
-3,22,66
-10,18,60
3,33,66
-14,17,58
10,35,66
-11,21,58
4,31,63
-1,22,57
2,26,59
0,24,57
-5,22,57
-6,20,59
0,22,57
-14,19,58
8,28,63
-12,19,52
1,26,64
-14,20,53
-3,24,61
-15,16,52
-3,19,64
-4,25,60
-12,17,61
8,32,63
-8,26,61
-8,14,54
-2,29,60
-4,19,52
-6,18,61
-7,17,51
-5,24,58
-7,16,52
-3,25,57
-7,17,49
-8,15,62
1,20,53
-14,14,55
-7,13,53
5,31,68
-10,15,56
-1,25,63
-1,21,59
2,28,63
-7,19,58
1,25,63
-7,19,59
-1,19,59
0,21,60
2,23,52
-10,21,58
7,16,54
-19,28,59
3,13,60
7,22,61
-16,8,59
15,28,73
4,14,75
4,19,59
-9,26,56
0,24,75
-13,27,59
-12,27,62
-14,18,59
-8,26,53
-30,19,53
-17,19,52
-12,27,48
-11,25,47
-19,25,51
-12,17,58
7,7,65
14,10,54
8,6,40
6,2,34
58,-26,92
32,32,65
25,24,67
18,7,49
13,8,59
13,14,53
13,9,55
22,11,59
17,11,54
10,18,69
11,17,61
13,17,60
14,13,56
12,16,61
15,15,63
19,17,62
13,13,58
11,20,61
21,16,62
17,21,61
18,15,60
15,22,59
15,17,59
16,16,61
19,21,61
10,12,54
17,13,63
17,10,59
18,14,63
18,7,58
16,26,65
15,10,64
20,24,66
14,9,58
15,23,63
12,17,56
18,21,65
17,15,57
14,12,58
16,16,58
17,15,61
13,15,59
16,16,61
11,14,56
12,16,59
17,15,58
17,17,58
10,12,60
18,17,62
12,9,59
13,19,64
15,26,65
15,14,62
22,18,61
16,19,58
20,15,59
13,13,56
21,12,58
7,12,57
13,20,60
17,12,61
14,19,64
14,17,59
13,20,64
14,20,58
15,19,62
12,19,54
10,12,57
13,19,56
9,9,54
6,8,52
22,12,53
12,-3,59
12,29,64
16,12,60
12,17,64
23,26,65
9,16,61
18,14,60
9,13,56
18,13,62
25,9,63
20,12,59
20,13,62
23,13,65
12,15,60
13,20,62
13,17,62
18,19,63
16,17,59
15,14,58
15,19,58
19,15,57
3,25,51
25,19,65
2,19,51
20,21,61
-3,9,49
12,28,73
13,2,61
8,9,46
13,26,64
11,24,57
7,8,58
8,1,48
5,14,53
6,7,66
12,20,59
14,7,58
-1,21,53
30,23,67
9,21,62
23,13,60
13,12,61
17,23,59
9,13,58
14,19,59
9,10,58
8,21,53
9,13,56
13,20,62
12,15,57
8,19,62
11,10,52
10,18,67
14,18,56
10,20,63
7,17,53
9,27,66
5,13,55
7,16,66
4,10,56
10,23,64
5,8,52
19,30,68
9,14,57
9,20,60
7,14,58
10,15,53
7,11,58
9,22,58
9,11,57
13,16,59
8,11,54
12,17,59
7,13,54
14,25,61
11,10,54
9,21,60
8,9,55
12,16,62
9,19,60
12,17,61
6,17,59
13,18,63
13,15,61
14,22,59
11,20,59
6,16,62
20,22,60
6,8,53
12,19,62
12,20,63
12,13,63
19,21,62
6,17,57
12,17,59
9,18,57
12,17,54
8,10,59
15,21,61
9,9,59
12,12,57
7,13,55
10,11,62
15,20,62
13,14,57
6,17,54
15,13,59
13,15,59
8,13,60
11,10,57
11,13,58
9,10,61
13,27,64
15,14,62
14,21,62
12,14,62
7,24,61
14,20,63
13,13,59
10,22,59
10,17,61
11,20,59
15,15,59
10,19,59
8,17,57
11,15,58
13,14,60
15,19,58
11,16,64
12,25,60
21,19,69
9,10,55
14,30,68
10,7,61
14,26,65
13,11,59
16,21,65
9,19,55
9,28,61
13,20,60
12,19,56
13,24,64
6,13,56
11,20,61
17,17,61
12,20,62
10,18,58
11,19,55
13,10,63
16,23,63
17,13,64
20,15,63
19,18,64
17,18,64
18,18,64
15,10,58
13,20,61
15,12,58
16,16,55
15,14,60
18,11,57
11,8,57
13,11,59
12,5,53
17,10,66
13,12,54
16,15,64
11,13,56
11,16,71
10,18,62
10,19,59
14,17,66
21,22,61
12,13,65
14,21,57
9,9,57
7,13,56
22,11,57
11,8,56
14,16,58
12,15,53
18,5,65
13,18,62
26,9,61
18,12,62
26,22,58
19,21,57
28,15,68
12,23,51
17,13,73
8,14,53
16,15,68
11,7,54
8,31,62
8,8,53
18,26,60
12,27,56
13,-3,56
10,31,59
24,-10,46
4,14,66
19,0,50
9,5,64
17,10,61
14,28,67
9,20,57
17,20,63
19,17,59
13,16,58
17,21,59
0,12,50
16,16,62
6,7,51
13,9,62
5,21,60
6,11,59
11,17,62
7,17,61
10,13,58
10,18,59
9,17,58
13,17,60
11,18,60
11,16,60
14,15,58
8,11,56
11,15,60
11,14,61
10,13,57
6,15,59
9,15,57
7,18,60
9,18,56
11,15,65
8,23,57
10,19,64
6,18,60
17,25,68
9,17,63
11,14,58
7,23,56
15,26,64
9,9,61
10,22,60
14,23,62
10,20,63
13,18,62
10,18,59
6,17,58
11,14,65
13,10,58
11,19,62
12,9,56
16,25,61
12,10,56
8,13,55
9,18,57
11,8,62
16,17,58
16,9,59
11,21,59
14,8,66
3,25,71
23,38,56
-11,4,58
14,43,67
9,25,56
3,18,70
28,43,60
11,0,74
17,15,47
11,19,61
0,0,43
24,30,65
7,10,52
14,17,57
8,17,57
0,8,46
8,12,59
9,26,55
8,10,56
6,18,59
5,12,54
14,12,62
12,19,62
11,20,60
12,17,55
8,15,68
13,24,65
14,10,62
6,23,66
17,30,67
9,17,55
10,15,58
9,21,54
7,10,54
10,14,60
4,6,49
9,9,56
9,15,54
7,18,63
16,21,59
13,24,66
14,10,59
14,27,66
9,12,58
20,20,66
20,14,59
17,17,61
18,11,54
9,14,60
13,21,60
13,8,57
8,10,56
11,30,64
8,9,60
10,18,60
13,17,60
11,17,60
11,18,56
20,19,64
10,19,58
14,23,64
13,8,58
14,14,61
11,13,61
14,14,60
11,18,62
9,11,58
13,13,58
15,17,62
6,14,55
16,16,60
11,12,57
16,13,63
12,12,58
10,19,60
10,12,59
16,19,60
10,13,59
8,24,56
16,17,64
9,4,55
14,20,65
11,8,57
16,30,66
13,12,55
7,19,57
12,17,60
14,19,56
10,9,62
13,22,60
11,16,59
6,19,57
18,21,66
8,18,57
12,13,55
14,15,61
10,15,53
16,14,65
14,19,59
11,19,65
11,12,59
25,25,69
8,17,58
17,17,63
8,25,57
23,26,64
15,11,63
17,34,59
18,22,62
5,14,54
22,33,66
8,11,59
20,29,65
9,22,33
16,16,89
8,21,65
18,18,60
9,-9,41
28,43,51
11,0,68
2,18,49
9,14,58
12,-1,54
-1,24,57
12,5,46
9,15,69
2,19,56
19,13,54
12,16,57
11,33,64
1,4,53
12,24,62
12,18,58
13,23,66
15,17,58
11,18,60
13,18,64
16,15,61
10,10,59
17,21,63
16,17,58
8,17,60
18,22,60
14,18,63
10,16,60
16,18,63
15,10,60
6,18,52
13,15,58
13,13,59
13,16,56
13,15,62
6,17,57
15,21,61
18,13,62
6,20,57
7,11,55
14,18,60
10,15,56
8,16,58
10,11,59
10,22,62
12,13,58
11,19,61
9,15,53
15,16,60
14,15,58
13,14,56
11,12,58
18,17,63
10,16,59
12,17,59
9,12,57
10,16,64
11,19,60
13,19,60
5,17,56
11,21,60
13,14,58
13,17,58
5,18,54
10,15,60
10,20,60
7,12,59
10,18,57
5,8,58
11,15,60
10,12,58
14,11,59
4,17,59
5,17,58
4,18,58
4,18,58
2,20,61
7,18,60
11,14,61
12,16,62
3,19,60
8,20,63
9,9,60
15,20,65
5,12,60
13,21,62
11,13,58
15,23,62
10,10,59
6,8,54
15,18,62
3,8,51
15,23,65
13,12,58
15,18,62
13,16,57
13,14,59
20,18,63
13,9,58
10,22,58
15,20,63
11,16,61
15,27,64
12,9,58
12,18,58
9,11,59
19,12,59
6,15,54
12,14,60
12,22,59
17,15,60
9,15,56
11,24,61
13,22,59
14,12,61
13,20,60
8,3,54
11,10,59
12,16,60
15,9,57
12,17,57
17,16,61
12,13,59
11,12,62
13,14,70
16,16,55
-5,18,59
21,20,68
9,13,54
13,11,64
18,9,52
19,21,62
14,11,59
13,18,59
12,7,60
15,14,60
17,16,64
13,11,60
13,19,63
20,18,64
13,16,61
23,15,65
11,14,59
15,16,63
12,13,62
10,19,57
14,10,63
14,16,55
12,11,59
9,9,58
16,22,64
12,8,59
11,15,62
12,15,58
13,17,60
13,19,61
13,11,56
13,15,62
17,14,60
10,10,55
11,13,58
16,14,64
15,11,61
7,16,61
12,18,61
13,20,63
14,15,62
18,20,66
9,15,59
13,22,65
10,11,62
6,16,56
8,14,58
14,12,60
14,22,62
15,14,61
9,10,58
18,21,65
10,10,58
16,22,63
5,16,56
15,18,61
15,18,63
12,15,59
14,11,58
10,17,60
16,14,64
8,15,63
11,13,61
8,16,62
11,17,62
9,20,59
10,17,61
11,17,60
11,18,55
8,24,62
8,9,57
10,22,60
12,9,59
3,18,55
15,26,63
11,13,59
11,15,59
11,13,57
13,16,61
11,17,59
11,21,63
7,16,61
9,21,64
12,12,63
16,13,66
12,21,66
8,15,61
11,22,59
12,10,59
5,16,59
8,15,58
9,14,59
12,11,58
10,16,60
10,21,61
11,19,63
11,17,61
10,20,63
10,18,63
12,20,64
13,18,64
6,18,59
6,21,61
5,20,63
1,17,57
0,21,57
6,17,61
7,20,59
13,18,63
16,16,64
11,19,61
15,16,62
17,19,62
9,20,63
11,16,61
13,19,64
11,13,62
11,23,65
11,17,63
10,17,60
12,16,59
12,15,63
12,19,63
12,12,56
15,12,58
13,14,57
10,15,58
16,13,57
13,13,59
13,12,57
16,12,60
13,14,60
11,16,56
14,14,61
12,20,62
13,8,56
13,13,58
16,20,63
10,13,58
14,14,60
15,13,62
14,14,60
12,15,58
11,16,63
14,15,62
11,13,59
13,17,64
8,16,57
20,20,62
16,15,65
8,14,54
18,17,63
12,11,56
15,20,59
13,20,62
12,13,57
12,17,63
17,12,60
13,24,65
12,12,61
16,16,61
15,19,59
12,6,60
10,12,55
11,14,58
10,7,61
15,14,69
10,15,47
12,7,65
16,21,52
15,12,50
-2,1,52
13,7,45
8,6,57
17,22,63
9,18,60
11,16,56
15,18,64
16,15,57
14,21,62
13,15,62
11,17,60
13,18,63
15,20,61
8,18,63
16,21,63
18,17,63
7,13,56
15,18,61
16,13,62
14,15,59
14,15,65
13,21,64
13,18,62
13,12,59
11,14,61
15,22,65
13,15,61
14,17,62
14,17,60
12,17,57
12,15,58
13,18,58
10,11,54
9,16,59
9,20,55
19,15,67
11,24,58
16,25,71
7,18,58
14,32,68
16,11,61
15,22,64
13,15,60
13,17,59
13,17,61
15,14,59
13,12,60
11,16,59
7,16,59
8,15,61
11,15,61
6,16,60
8,20,61
8,22,64
5,18,59
11,18,62
10,17,57
9,16,58
13,16,61
10,17,59
10,13,56
8,16,58
13,16,62
10,15,58
17,14,63
11,17,61
12,16,61
13,14,62
13,15,60
6,15,59
10,18,61
13,15,62
5,16,57
6,15,58
8,20,62
12,16,62
12,19,62
9,19,63
9,19,60
13,15,64
13,18,59
5,14,58
10,17,60
12,14,61
12,21,63
9,14,60
8,17,59
11,17,61
10,17,62
12,17,60
9,16,60
8,17,60
9,19,64
9,16,62
7,13,58
9,17,62
7,17,61
10,17,63
5,13,59
7,21,57
5,19,58
9,15,61
9,19,58
5,13,57
9,20,61
10,17,64
12,17,63
11,14,62
7,19,60
10,18,65
8,21,60
14,19,65
10,22,58
7,22,61
8,19,59
9,21,67
5,14,58
7,20,59
8,17,60
3,19,58
11,18,60
5,15,61
8,16,57
5,18,56
9,13,57
11,16,61
3,15,54
4,14,57
6,14,58
13,16,63
10,20,62
10,15,60
3,15,57
9,19,61
11,15,67
3,11,58
11,20,64
1,15,63
15,21,67
5,14,62
3,15,58
5,17,58
8,9,63
12,21,65
5,16,59
6,18,61
12,16,64
9,21,64
6,15,60
3,19,59
4,16,60
13,18,63
6,18,60
5,15,61
8,17,62
7,14,60
6,17,60
4,14,59
9,19,65
9,15,58
7,14,58
7,16,58
10,19,60
5,12,58
7,15,59
4,14,58
8,16,62
9,16,63
7,16,65
6,18,62
8,16,63
6,19,61
9,14,67
10,21,67
6,18,61
13,19,65
7,16,61
9,12,64
13,20,64
6,10,57
14,19,62
6,15,58
9,20,62
14,17,58
11,14,57
12,13,59
12,14,61
9,16,59
11,10,57
5,6,61
19,21,60
5,7,55
11,18,61
9,11,58
12,14,59
12,11,50
10,17,62
14,17,61
13,12,61
14,14,61
8,18,57
12,18,65
13,20,61
13,18,63
8,17,57
14,23,66
13,18,60
13,21,62
10,14,58
12,21,63
13,14,59
13,16,61
11,18,61
9,17,59
15,17,61
8,18,59
10,17,60
11,15,58
7,17,59
13,14,60
14,12,58
12,21,61
13,16,60
10,14,58
12,15,60
14,13,61
13,12,58
14,16,60
12,10,58
7,11,57
17,16,64
10,10,61
16,17,63
13,13,62
14,25,64
12,20,65
15,18,64
13,18,62
17,16,63
13,17,58
14,17,56
13,10,56
14,14,57
13,10,55
15,13,60
9,13,54
16,14,63
15,15,60
18,15,62
22,15,62
17,17,63
10,18,59
13,19,59
15,15,59
16,17,61
16,19,59
6,17,57
17,17,58
11,11,57
10,13,57
13,20,60
12,12,58
17,19,62
14,18,60
14,15,59
17,18,62
10,23,60
14,13,60
13,20,61
16,16,62
10,20,60
16,13,59
17,18,62
12,16,57
16,19,61
11,15,57
15,18,61
13,18,58
12,13,57
13,17,59
9,16,60
7,15,59
10,18,62
9,16,59
14,19,63
12,19,61
12,17,61
14,21,60
6,14,57
10,16,59
8,19,60
3,17,57
3,18,57
4,17,59
10,15,61
13,20,61
12,18,62
7,20,60
9,18,59
11,17,61
11,17,62
12,19,62
10,16,61
9,18,58
12,17,62
11,15,58
12,22,60
11,19,60
13,16,60
15,21,63
12,14,60
10,17,59
11,19,61
13,15,61
9,15,60
14,18,60
12,14,59
14,17,61
13,18,60
13,17,60
13,17,59
11,11,59
8,13,54
14,11,60
11,8,55
16,19,60
9,14,57
13,17,60
20,14,63
22,12,62
10,18,59
10,21,60
11,14,62
14,14,59
14,17,60
10,13,58
15,23,63
13,16,59
12,19,60
13,18,59
14,17,59
13,19,59
14,17,58
10,17,57
16,17,59
14,14,59
12,16,58
12,19,57
11,19,61
10,16,59
13,21,61
12,14,60
12,16,58
16,21,63
7,16,60
10,20,59
8,14,58
12,19,57
10,16,58
12,16,59
12,18,60
12,18,60
9,15,58
10,15,60
14,18,61
10,17,57
9,18,61
11,19,64
7,14,58
9,22,62
6,16,59
20,21,67
4,6,58
9,26,66
13,7,52
3,20,65
9,14,52
4,20,65
11,6,55
9,29,65
4,17,57
10,21,59
14,15,61
15,22,61
5,20,59
9,20,60
13,15,61
14,16,60
8,17,55
6,18,58
13,17,64
14,17,61
8,15,60
11,20,65
11,19,60
15,16,65
8,17,57
13,19,61
5,13,56
14,20,61
10,17,58
14,14,62
7,16,57
14,18,64
11,19,62
10,22,61
12,14,61
14,22,63
7,17,58
13,21,60
7,15,55
16,19,64
3,15,53
10,18,58
19,17,63
8,18,58
7,19,57
5,19,61
9,21,67
11,18,60
8,17,62
8,17,64
12,18,64
10,15,61
6,12,57
10,8,59
3,11,58
-10,13,50
-30,5,42
6,15,50
18,11,58
36,6,57
30,11,40
48,-16,81
25,28,64
21,14,57
13,13,50
20,8,59
21,15,61
20,13,61
20,12,57
19,13,58
20,13,61
20,13,59
18,14,58
19,15,60
20,16,61
18,14,58
19,14,59
17,13,58
17,14,58
18,14,58
18,12,57
20,12,59
19,13,58
19,11,57
19,12,58
24,15,60
18,12,58
23,13,59
19,11,57
16,14,58
15,13,58
18,13,57
18,14,59
18,11,59
20,13,59
19,15,59
16,14,56
20,12,59
20,14,60
19,13,59
19,13,57
20,12,57
17,12,58
19,11,58
20,11,60
17,10,55
19,14,57
17,13,58
23,14,61
20,11,57
19,12,57
20,13,60
18,10,57
22,12,58
17,12,56
17,12,57
21,12,59
23,11,58
18,12,59
19,11,58
20,13,61
20,13,59
19,12,57
19,12,57
19,10,60
19,13,60
15,13,55
20,8,58
19,9,57
22,12,59
18,7,58
20,10,60
20,14,57
23,14,62
14,13,57
18,14,62
20,12,62
20,18,61
18,8,59
22,13,60
20,12,61
19,11,60
19,14,60
20,12,58
22,12,61
20,11,58
20,9,59
19,13,58
20,11,60
21,15,59
17,13,58
24,13,60
20,15,60
22,12,59
21,12,58
18,11,58
19,11,58
18,11,59
18,14,59
20,12,62
19,13,59
21,11,58
18,14,59
16,14,56
20,14,59
18,10,56
21,11,58
17,11,57
18,12,59
21,10,59
18,11,56
19,14,59
20,12,59
22,11,60
21,12,58
17,13,59
19,11,59
19,14,60
19,12,57
18,11,58
17,18,56
21,12,62
13,15,57
21,15,61
20,19,60
15,14,56
18,16,60
20,16,58
20,12,61
20,11,57
19,16,58
19,13,59
22,10,60
19,16,59
14,15,61
16,15,60
17,13,60
15,15,60
16,13,58
15,16,60
14,15,58
16,16,61
15,13,60
16,17,60
15,15,60
15,13,59
16,17,59
19,13,60
12,14,56
18,15,61
16,14,59
14,12,57
15,13,58
15,11,59
15,13,59
20,11,59
14,14,62
14,9,60
13,20,59
14,14,60
15,13,62
10,13,58
13,15,58
8,10,60
10,13,60
9,12,61
9,12,63
16,11,66
7,10,60
14,11,64
4,12,63
5,13,63
0,14,58
-5,13,56
-8,13,54
-23,12,42
-25,15,32
-5,-1,53
12,-2,72
36,13,72
39,16,71
23,15,59
26,17,60
21,6,54
16,7,59
14,11,61
16,11,56
17,9,57
14,13,61
16,13,60
16,12,57
17,11,60
18,11,60
13,11,57
14,15,58
16,13,60
17,11,59
17,11,61
14,12,60
13,11,56
17,14,62
14,9,59
17,15,59
13,9,60
19,17,63
18,13,60
15,15,60
14,17,58
14,12,61
16,13,60
13,13,57
15,12,59
14,11,57
18,16,61
13,11,57
16,15,61
13,16,58
15,14,63
17,11,57
12,11,58
13,15,58
16,18,62
16,9,57
14,17,58
15,9,59
14,11,56
16,13,60
15,10,56
17,12,58
16,11,58
16,12,59
17,11,57
17,11,59
17,16,62
21,12,59
21,12,58
15,15,61
15,12,59
15,12,58
20,13,61
18,13,59
11,16,55
18,15,61
13,14,56
15,16,61
17,14,60
12,17,60
17,17,61
20,12,61
13,18,61
13,13,58
16,14,60
19,14,59
13,15,60
13,14,59
16,17,59
14,14,59
13,16,58
19,17,62
16,17,59
10,20,57
15,10,58
14,16,60
19,10,61
16,14,57
13,12,58
15,14,59
15,13,57
13,15,56
13,14,58
12,12,55
20,14,60
11,14,59
11,14,57
17,13,61
16,15,60
18,11,59
11,10,58
18,18,64
19,13,56
9,12,55
12,15,57
9,12,64
8,9,52
17,15,62
11,13,58
12,12,60
20,16,64
13,14,61
16,18,64
18,11,60
16,20,61
19,17,62
14,11,56
16,16,61
16,16,59
13,14,57
19,17,63
15,14,56
13,16,59
13,13,57
12,17,61
16,12,62
11,18,62
13,16,61
13,15,60
11,15,59
16,16,63
13,17,61
10,13,56
10,19,62
11,16,60
10,14,59
11,14,59
9,16,60
12,15,61
11,15,60
11,16,60
11,15,60
11,16,59
11,15,60
12,14,60
9,13,57
10,15,58
10,14,60
10,14,58
11,15,60
11,15,60
10,13,60
13,19,63
9,16,61
13,16,61
9,18,59
9,17,60
7,16,60
12,13,62
10,17,61
8,13,59
7,17,58
12,15,61
14,17,63
11,14,61
10,17,59
9,17,58
14,16,61
14,14,60
12,19,61
10,17,56
12,14,58
14,14,60
13,16,61
8,12,53
15,14,60
13,11,58
15,17,61
13,14,57
14,15,61
14,17,58
16,18,65
13,17,60
13,19,61
13,13,60
15,20,62
14,11,61
13,17,58
12,13,59
16,12,59
11,15,57
16,16,61
10,13,59
12,14,57
15,19,63
13,14,60
9,18,58
14,12,60
14,18,59
14,11,60
14,17,59
13,14,58
16,18,61
15,8,56
14,15,60
14,15,58
13,14,57
16,18,61
13,12,61
13,16,59
15,11,59
13,13,60
17,14,61
15,12,60
16,20,62
12,15,57
16,14,59
18,16,62
14,13,60
12,13,58
14,15,59
13,17,60
13,17,60
16,14,61
12,15,60
14,15,60
15,14,60
17,17,61
14,17,61
13,15,61
15,18,62
16,16,61
17,14,62
15,14,61
11,17,60
12,10,57
19,18,63
12,13,57
15,16,61
15,14,58
15,17,62
13,16,58
15,11,58
16,14,60
15,15,60
13,14,58
14,15,59
15,15,62
15,15,59
15,17,60
15,14,59
12,13,57
15,13,58
16,15,59
16,14,59
16,15,61
15,17,61
14,12,56
16,15,62
14,10,58
16,19,60
15,14,60
17,16,62
14,10,58
15,19,61
17,15,61
14,15,62
15,11,60
10,11,52
14,13,65
17,17,57
16,20,55
7,8,54
21,13,59
14,13,59
13,15,60
17,11,58
16,20,64
13,15,59
13,16,61
14,14,59
17,21,62
10,13,58
16,16,59
13,15,58
13,14,60
14,15,58
15,15,61
17,17,64
16,16,63
13,16,58
15,19,60
13,15,62
16,17,60
14,17,62
10,16,60
9,16,60
14,18,60
10,13,62
13,19,60
15,18,64
11,17,61
13,15,63
10,19,61
9,19,60
10,15,60
8,16,59
11,16,61
12,14,61
7,16,58
11,16,63
12,16,61
11,13,59
11,17,61
10,17,60
12,14,59
12,13,58
10,16,60
11,13,58
13,15,60
11,14,59
12,11,60
9,15,58
14,14,62
15,15,57
12,13,59
14,19,61
13,13,59
9,17,58
14,11,59
10,16,61
15,17,58
16,11,61
13,13,57
10,12,59
14,11,56
18,15,63
5,12,55
17,16,60
15,16,64
12,17,61
12,14,59
14,18,60
18,15,65
14,13,58
15,13,62
9,10,56
16,17,61
14,15,60
18,18,62
12,16,56
12,13,57
17,23,62
9,7,57
18,14,60
13,22,63
11,13,60
14,19,62
15,12,61
12,10,57
12,18,60
23,14,64
15,15,60
16,15,59
13,15,58
21,14,62
22,11,60
18,12,59
14,12,57
10,14,56
14,15,58
21,17,61
11,15,55
12,16,56
12,19,55
11,16,56
9,15,54
9,14,57
11,14,61
13,14,60
11,8,62
13,15,66
18,17,63
19,13,67
23,18,65
16,17,64
17,17,62
18,17,61
20,14,63
19,13,59
11,15,57
13,17,57
8,15,57
11,16,55
7,17,59
11,16,58
9,15,57
14,20,62
11,17,58
7,16,60
11,17,60
6,17,60
13,16,61
17,15,62
12,13,60
13,15,59
9,17,59
11,16,59
13,13,59
13,19,60
12,14,60
14,18,60
11,15,59
12,18,61
13,13,60
14,16,62
13,15,60
11,18,58
18,14,64
11,21,60
12,16,58
12,17,58
14,19,60
14,16,60
12,16,57
9,14,56
13,16,60
9,13,57
12,15,61
16,17,62
14,14,60
13,17,59
15,17,62
14,15,59
14,11,59
15,16,62
12,15,61
14,17,60
14,13,58
15,15,60
7,16,58
8,12,50
15,13,61
13,9,52
13,17,62
11,10,57
13,13,61
15,19,63
13,20,63
15,14,64
17,16,61
14,13,58
13,10,59
15,13,62
20,12,58
12,14,62
13,17,57
17,17,61
16,17,60
11,19,53
8,13,56
13,18,57
19,13,58
11,19,62
8,12,53
9,17,65
13,15,65
17,24,63
12,16,65
17,17,60
17,15,63
15,22,62
11,18,59
13,18,59
19,18,61
14,16,61
16,15,59
13,17,58
11,14,58
12,17,60
14,15,59
12,16,58
12,13,56
14,15,57
14,19,59
15,14,61
13,15,61
12,12,57
14,16,62
13,11,58
18,21,64
11,10,59
17,18,61
15,14,61
13,16,58
12,14,57
14,15,58
17,15,62
13,17,57
12,10,59
14,18,61
16,11,61
11,16,58
12,16,58
11,16,58
17,15,60
14,15,58
11,15,57
16,15,59
16,14,59
19,18,63
14,13,58
12,19,60
14,15,59
13,17,60
13,16,57
13,14,61
12,16,60
17,13,64
16,16,64
14,22,60
17,13,57
14,11,60
18,24,65
14,10,59
14,16,61
11,13,57
11,21,61
17,12,60
13,15,61
9,15,56
11,18,61
12,15,57
16,17,63
13,11,57
6,20,57
11,21,57
12,18,64
19,17,61
9,18,60
9,18,59
15,20,65
12,12,59
11,17,62
12,16,58
13,21,60
15,11,58
17,15,56
11,17,58
13,14,59
14,11,58
15,13,61
8,16,58
8,17,60
14,17,60
15,15,60
15,11,58
10,17,56
15,13,60
18,15,58
18,8,60
14,12,61
15,18,61
15,15,59
18,13,59
15,9,61
14,19,60
15,12,59
9,13,58
14,16,62
14,14,61
21,16,61
12,13,61
12,23,60
18,18,64
15,14,59
17,19,63
8,17,57
15,15,62
16,13,59
16,16,62
9,18,57
14,12,59
15,13,58
19,18,62
10,14,56
12,13,57
17,15,61
14,15,59
15,13,60
11,15,58
15,16,59
14,13,56
14,17,59
16,16,60
13,14,55
15,21,58
14,11,58
14,16,58
13,9,55
17,17,61
16,10,57
19,15,61
18,13,59
14,16,60
14,17,60
14,17,59
19,14,61
15,14,58
13,16,58
12,18,59
16,16,59
16,15,60
15,18,61
10,13,58
13,19,59
12,16,60
12,13,58
16,15,62
16,20,60
13,12,62
21,14,63
15,17,56
16,14,63
15,9,54
17,17,63
13,15,57
12,11,59
11,9,54
18,18,61
7,17,55
14,20,60
16,16,58
12,14,58
15,14,60
17,16,59
18,18,62
14,15,61
17,18,64
17,18,61
12,15,57
13,17,60
16,16,60
13,16,60
16,19,59
13,15,58
14,17,61
17,14,58
13,16,59
16,16,61
18,14,60
17,17,60
11,15,60
13,17,61
14,16,60
14,12,61
10,18,60
15,16,61
13,18,61
10,17,59
12,13,58
14,15,61
13,16,61
11,13,59
12,16,60
12,16,63
9,17,59
7,17,59
11,17,61
12,18,62
13,18,59
10,15,58
9,16,58
12,11,59
12,12,59
14,14,61
19,10,61
11,19,59
13,14,61
16,17,61
15,18,60
12,16,59
11,15,59
16,16,60
14,13,58
6,16,56
16,14,60
15,12,61
15,19,62
14,15,60
10,18,58
12,18,59
13,16,58
12,22,56
17,16,61
15,16,58
17,17,62
10,18,55
13,21,60
13,13,56
18,16,63
14,15,58
17,19,62
11,15,58
17,19,59
12,12,59
14,21,59
17,16,61
11,15,56
17,20,60
15,13,60
16,15,58
13,10,57
19,10,60
20,14,61
17,13,61
16,15,61
12,10,57
12,12,58
14,20,61
17,18,61
13,4,63
13,21,56
12,8,59
17,16,59
11,14,51
7,20,60
15,3,50
20,18,63
13,11,54
13,15,61
15,11,56
23,13,60
14,11,59
10,17,58
17,19,61
16,14,60
12,16,59
12,17,58
15,18,59
14,12,59
14,13,57
12,17,58
15,17,61
19,18,62
13,16,59
16,15,61
15,14,58
16,20,60
16,14,60
14,16,58
17,13,59
15,16,59
15,14,59
16,15,60
17,16,58
17,17,62
17,14,60
13,21,61
20,12,62
14,20,59
14,19,61
11,17,59
15,13,60
15,18,60
10,15,59
16,18,63
13,17,57
14,15,60
13,15,58
12,16,59
13,18,60
11,16,58
12,15,58
13,18,58
10,14,59
9,13,58
12,14,60
14,14,60
8,15,59
14,15,61
10,16,63
14,15,60
11,15,59
13,18,60
14,16,62
11,15,61
15,18,61
12,15,61
11,16,58
14,13,61
11,16,59
13,16,60
12,15,59
14,16,62
13,17,63
12,13,58
13,20,60
11,18,59
11,15,58
14,17,60
15,13,61
11,14,57
12,15,56
9,19,60
15,16,60
15,17,60
11,14,60
15,20,58
18,14,64
14,22,60
12,19,60
10,15,59
17,21,62
9,16,60
10,11,59
13,15,61
10,17,56
8,16,58
13,12,61
12,12,60
15,19,62
11,12,58
14,19,63
11,16,59
14,15,61
12,17,58
10,14,61
10,13,58
14,14,60
9,15,59
12,16,62
14,12,60
11,15,60
10,18,60
14,17,60
12,17,60
11,18,61
11,14,60
14,18,61
12,15,60
9,13,58
16,17,61
11,16,58
9,16,56
8,14,57
13,15,62
12,18,59
15,16,62
8,18,58
15,16,61
11,17,59
15,19,62
12,16,58
12,12,60
11,15,60
12,11,60
11,16,58
14,14,60
15,14,60
8,13,56
13,13,60
16,20,59
16,15,62
13,14,57
13,19,63
16,16,63
10,22,57
16,9,60
13,16,59
15,15,61
16,15,60
14,20,62
10,15,58
17,14,61
14,15,59
12,15,59
8,14,59
14,17,62
13,15,61
14,13,59
9,17,60
13,18,62
12,16,59
12,16,59
11,17,61
12,18,59
15,17,62
16,15,60
11,18,60
10,15,58
13,14,60
16,16,61
11,13,58
12,14,57
14,16,61
11,14,58
15,19,61
12,15,59
12,14,61
15,17,61
9,17,59
8,17,58
11,15,60
11,15,61
14,17,61
10,15,60
9,16,59
14,18,62
9,15,57
13,18,60
15,16,62
12,17,58
11,20,58
11,12,57
13,16,61
14,13,60
10,17,60
13,13,61
12,16,61
13,16,61
12,17,58
13,14,58
12,19,63
9,14,58
17,13,65
8,21,51
10,9,59
16,13,58
10,13,57
7,13,55
14,22,62
10,15,59
15,17,60
12,14,60
10,14,58
13,20,61
18,14,65
16,17,58
12,18,61
12,19,58
14,19,64
22,16,58
12,22,64
11,11,58
14,18,62
6,9,55
18,19,62
11,14,62
16,21,63
13,16,60
13,19,60
15,23,65
12,16,58
14,16,62
11,16,55
13,16,63
14,13,59
16,15,61
10,9,57
14,19,61
16,12,62
16,21,62
11,13,58
11,19,58
16,18,62
14,19,61
15,14,61
13,15,57
13,14,58
16,13,61
22,16,61
6,17,60
9,19,60
14,15,62
17,17,63
14,17,60
11,15,60
16,16,62
13,17,62
9,14,61
7,17,59
3,17,57
2,17,58
3,16,57
6,14,58
15,15,61
17,14,61
17,14,60
10,16,58
16,13,60
16,16,61
10,15,57
9,16,60
15,13,60
15,15,63
12,14,58
17,18,61
12,11,57
18,17,61
20,17,61
14,12,57
15,10,59
18,16,62
16,14,61
16,17,61
14,13,59
10,10,56
18,20,62
14,17,59
16,16,60
16,12,59
14,17,58
14,20,59
13,12,59
19,8,59
12,21,58
11,17,59
20,15,61
18,15,61
16,13,60
15,16,62
13,14,57
18,19,62
14,17,61
15,14,58
14,18,58
16,12,61
13,15,58
17,14,60
12,14,58
16,14,62
15,17,60
14,16,58
12,14,57
13,14,56
19,18,61
15,18,60
14,11,58
16,14,59
13,12,58
12,13,58
21,16,61
19,13,57
21,14,60
18,16,58
9,16,55
16,14,59
18,17,59
15,16,58
15,15,63
14,18,55
14,20,60
16,17,59
15,18,59
19,17,61
16,24,60
13,19,62
21,17,60
22,18,63
16,16,60
19,19,62
14,14,59
18,17,60
16,13,60
16,13,61
14,18,60
18,16,61
18,15,60
17,16,62
15,16,57
13,17,56
15,17,59
16,14,59
15,17,57
9,16,56
13,17,58
14,11,57
16,12,59
11,17,57
9,15,58
19,17,63
18,13,61
12,13,58
15,18,62
17,13,58
16,17,62
16,11,56
11,20,59
11,11,58
20,17,60
15,19,60
12,15,57
11,20,59
15,11,58
14,21,62
14,15,58
14,16,60
12,14,56
19,13,64
13,15,57
13,13,60
10,13,56
13,17,59
13,12,61
12,16,57
12,15,59
12,16,62
14,20,59
8,14,57
11,18,59
12,13,63
11,18,63
13,13,59
10,18,60
13,15,60
14,23,60
15,16,64
10,16,58
15,16,62
11,12,60
16,18,62
16,16,63
12,20,62
20,14,63
14,19,60
14,16,59
11,16,57
13,14,57
13,17,60
10,15,57
11,14,63
17,16,57
13,20,61
9,15,58
16,20,62
15,13,56
15,20,60
8,17,54
14,16,62
14,16,58
13,22,62
15,16,59
11,17,63
10,20,64
15,18,62
9,13,58
11,18,60
14,16,63
15,15,60
10,13,59
8,19,58
7,17,58
9,16,63
12,13,58
12,16,62
5,14,54
14,20,61
10,11,58
11,16,61
9,18,60
13,20,65
11,17,60
13,13,63
12,22,60
6,18,57
14,18,63
17,17,62
14,17,60
14,13,60
11,18,60
11,17,61
14,14,62
12,17,61
15,17,63
8,16,56
9,14,61
13,21,61
7,16,57
9,17,59
9,19,59
10,18,61
15,17,64
11,15,59
5,19,58
11,18,61
15,17,63
13,18,61
9,15,59
7,18,59
9,18,61
16,15,59
11,17,59
10,18,59
13,16,60
10,14,59
10,15,57
8,18,60
12,15,56
14,15,61
13,13,58
13,17,62
13,19,58
11,13,61
12,20,61
15,18,61
12,18,61
16,19,62
11,15,58
14,15,58
10,14,56
12,13,58
13,14,58
12,13,57
14,17,60
9,16,56
13,16,61
15,16,60
12,13,59
14,14,60
15,18,61
8,15,55
12,20,59
17,8,60
11,20,58
15,9,59
14,10,58
13,13,61
18,10,61
13,17,60
13,14,61
14,19,62
12,18,60
12,18,59
15,16,57
10,20,59
17,13,61
13,19,60
11,11,57
14,15,59
14,14,62
13,20,59
12,11,58
16,15,60
13,16,62
11,17,59
13,19,60
19,12,61
11,15,55
13,13,59
16,14,59
17,14,62
14,15,59
9,16,57
13,18,61
13,14,57
14,18,59
13,18,60
11,16,58
10,20,57
13,9,58
15,12,59
15,16,60
12,14,59
16,14,60
18,18,60
12,18,55
15,21,62
13,12,54
22,18,64
22,14,57
16,19,61
17,18,60
10,16,56
15,17,61
15,12,58
15,15,56
14,13,56
11,14,58
19,15,61
11,15,57
10,17,57
18,16,62
19,15,61
14,19,60
14,18,59
13,17,60
14,20,59
14,15,58
14,17,59
13,13,59
14,14,57
16,16,62
18,11,59
15,19,60
14,14,59
17,12,62
17,15,59
13,11,58
14,18,60
14,16,60
18,18,64
14,16,60
15,15,62
15,16,57
12,15,59
16,14,59
19,19,61
11,12,54
12,16,56
14,15,61
15,15,57
14,11,58
12,17,56
17,12,60
19,17,61
17,14,56
10,9,53
22,-4,45
20,17,62
21,-5,59
28,-4,55
22,11,53
16,17,56
34,0,68
22,-1,66
34,12,61
31,18,55
-1,26,48
4,31,52
6,39,62
2,40,65
-13,37,51
-42,37,42
-42,39,42
-44,38,25
-60,40,14
-59,30,19
-45,33,18
-28,16,35
-8,0,96
-55,14,92
-29,25,42
-38,34,53
-31,31,49
-31,30,52
-36,27,47
-40,26,42
-41,28,42
-37,28,45
-35,31,48
-34,30,48
-32,32,47
-30,32,48
-31,31,45
-33,31,45
-34,32,45
-29,27,48
-30,29,51
-33,28,51
-31,28,54
-32,23,53
-31,22,52
-28,18,47
-21,20,49
-30,22,53
-33,22,55
-33,20,53
-33,19,49
-39,11,47
-31,10,51
-23,8,56
-29,6,51
-22,9,47
-32,12,47
-16,14,42
-16,18,56
2,21,67
23,26,77
25,23,63
-18,14,30
-37,10,36
-31,2,64
-14,-13,71
-49,-21,65
-48,-16,80
-61,-6,51
-41,0,41
-43,0,41
-63,-8,26
-59,-13,28
-48,-12,37
-51,-11,37
-63,-3,22
-70,-7,18
-72,-15,23
-57,-12,26
-62,-14,24
-53,-13,34
-45,-11,36
-46,-10,32
-53,-12,29
-36,-15,34
-44,-20,34
-68,-18,45
-64,-17,44
-46,-12,41
-50,-10,35
-45,-9,41
-29,-4,45
-20,0,43
-10,2,48
-24,-4,53
-32,-20,66
-18,-15,68
-3,-9,62
-5,-12,58
1,-3,60
-9,-5,61
-32,-41,55
-9,-19,80
-15,-26,77
-12,-39,58
-3,-26,62
-3,-9,87
-24,-10,80
-15,-26,34
-41,-40,27
-45,-17,28
-50,-24,19
-59,-20,17
-45,-20,20
-55,-16,20
-55,-13,21
-52,-10,22
-60,-7,17
-66,-6,15
-70,0,9
-70,2,6
-74,3,4
-72,1,5
-68,-10,17
-58,-12,28
-42,-18,50
-59,-18,34
-62,-17,25
-59,-11,20
-58,-10,23
-54,-13,34
-52,-14,37
-56,-17,36
-56,-16,32
-55,-12,30
-54,-11,29
-55,-11,29
-56,-11,29
-60,-14,27
-54,-14,32
-55,-13,33
-58,-14,29
-60,-15,29
-62,-16,26
-62,-14,24
-62,-14,24
-62,-14,24
-68,-12,25
-67,-14,26
-69,-15,31
-59,-18,35
-34,-13,37
-32,-10,35
-38,-13,34
-43,-10,31
-44,-7,30
-43,-2,33
-41,-1,32
-38,-5,41
-44,-4,48
-51,14,79
-68,16,90
-50,-8,69
-45,-3,66
-43,-3,58
-56,-10,39
-64,-7,38
-55,7,43
-52,7,42
-58,9,32
-62,13,27
-59,19,29
-50,20,35
-45,25,35
-50,26,31
-48,30,30
-41,33,30
-23,32,37
-21,38,35
-29,41,28
-43,37,27
-42,33,41
-35,35,43
-37,35,38
-29,36,42
-38,33,40
-29,31,40
-6,21,53
-31,36,37
-34,40,30
7,34,50
-7,32,49
-18,37,45
13,44,49
9,41,41
18,43,41
28,42,45
26,43,41
21,44,42
14,46,43
18,45,40
6,44,42
3,43,45
-1,42,42
-9,44,46
-10,44,40
2,42,43
1,39,51
7,34,49
5,38,46
-9,40,43
-5,37,50
19,34,61
24,33,62
22,36,51
8,34,45
6,33,47
-15,29,47
-23,32,54
-47,23,48
-68,18,32
-89,24,37
-80,26,43
-55,20,44
-40,13,47
-63,6,45
-38,2,49
-40,-3,50
-57,-9,42
-47,-8,44
-44,-16,42
-27,-11,45
-41,-19,51
-40,-13,45
-30,-17,43
-35,-16,36
-39,-4,32
-35,-2,37
-37,-3,43
-37,5,47
-40,6,47
-46,7,49
-51,3,51
-58,-1,52
-59,-1,51
-49,2,52
-45,3,49
-41,6,49
-36,8,53
-24,13,60
-21,14,64
-21,7,68
-17,0,63
-21,-4,60
-14,-8,67
-7,-7,70
-12,-6,64
-16,-8,65
-17,-8,63
-18,-8,58
-27,-7,45
-32,-7,43
-40,-6,46
-40,-6,48
-23,0,59
-7,-4,60
-16,-8,62
-17,-10,70
-15,-11,68
-16,-13,64
-19,-11,65
-20,-7,65
-16,-6,62
-16,-5,60
-18,-4,61
-18,-7,59
-19,-5,62
-18,-6,61
-17,-7,60
-17,-5,61
-17,-5,61
-17,-5,60
-18,-7,58
-17,-4,66
-17,-7,54
-18,-5,60
-17,-6,61
-18,-5,61
-17,-6,62
-17,-5,63
-17,-7,61
-16,-6,61
-17,-5,62
-15,-5,59
-17,-6,59
-14,-5,64
-17,-7,58
-15,-6,62
-15,-4,64
-16,-5,62
-17,-7,60
-18,-4,65
-17,-6,58
-17,-7,58
-17,-4,63
-19,-5,60
-16,-5,61
-16,-5,62
-18,-6,61
-18,-6,60
-18,-3,63
-16,-3,64
-16,-6,58
-16,-7,60
-16,-4,62
-16,-5,61
-14,-5,61
-16,-5,62
-16,-6,61
-18,-6,59
-16,-2,67
-18,-6,57
-16,-5,62
-19,-4,62
-15,-4,61
-17,-5,62
-16,-6,62
-17,-7,61
-17,-5,62
-17,-3,64
-15,-6,60
-17,-6,59
-15,-4,63
-16,-4,61
-15,-5,60
-15,-5,62
-16,-4,62
-16,-6,58
-16,-4,64
-14,-4,64
-17,-7,57
-16,-2,69
-15,-4,63
-17,-6,62
-14,-7,61
-17,-4,63
-16,-5,61
-14,-6,61
-17,-5,64
-16,-7,59
-18,-5,60
-16,-3,64
-17,-6,59
-16,-6,60
-16,-4,63
-17,-6,58
-16,-5,60
-16,-5,63
-16,-6,58
-17,-6,59
-17,-3,65
-16,-4,62
-16,-5,64
-14,-5,64
-17,-5,60
-16,-4,62
-14,-4,61
-15,-5,62
-16,-7,59
-16,-4,65
-16,-5,60
-16,-5,60
-16,-5,62
-16,-4,62
-18,-6,59
-16,-5,64
-16,-5,62
-16,-6,59
-17,-4,65
-16,-3,65
-17,-6,61
-15,-6,62
-17,-4,64
-17,-5,61
-15,-5,63
-16,-5,64
-16,-6,62
-18,-7,59
-17,-4,71
-16,-7,49
-18,-10,49
-11,2,73
-16,-5,51
-9,-9,61
-13,-9,57
-16,-3,61
-16,-6,57
-14,-3,65
-14,-7,61
-17,-6,64
-15,-5,61
-16,-3,62
-15,-5,60
-15,-5,62
-16,-5,61
-16,-6,59
-16,-4,64
-16,-4,62
-17,-6,60
-15,-5,63
-16,-5,61
-16,-6,59
-16,-4,64
-17,-3,63
-17,-5,59
-17,-4,64
-16,-4,62
-18,-6,59
-16,-5,63
-17,-5,61
-17,-5,60
-16,-6,62
-17,-4,65
-18,-7,58
-17,-5,62
-18,-3,64
-16,-4,63
-19,-8,59
-18,-4,61
-19,-5,58
-16,-5,61
-20,-5,62
-20,-7,56
-21,-5,62
-18,-5,60
-19,-5,60
-20,-8,58
-18,-2,67
-19,-5,58
-16,-6,60
-18,-4,62
-16,-5,58
-18,-6,58
-17,-4,63
-17,-5,61
-16,-6,61
-15,-5,64
-17,-6,61
-19,-6,60
-17,-4,65
-17,-4,63
-19,-7,61
-18,-4,64
-18,-5,60
-19,-6,61
-17,-4,62
-17,-4,62
-18,-6,57
-17,-5,63
-18,-4,62
-18,-5,59
-17,-4,65
-19,-7,57
-17,-6,57
-19,-5,60
-14,-6,59
-18,-8,56
-16,-4,66
-18,-3,62
-17,-4,65
-13,-6,62
-18,-3,66
-16,-6,60
-16,-4,63
-17,-5,62
-16,-7,57
-16,-3,65
-18,-4,59
-16,-5,61
-17,-5,60
-17,-4,63
-17,-6,58
-17,-4,63
-16,-2,65
-17,-7,57
-17,-7,60
-18,-4,62
-18,-4,61
-18,-7,59
-15,-5,61
-19,-6,56
-15,-5,62
-18,-5,61
-17,-7,57
-19,-7,57
-17,-3,65
-16,-3,63
-18,-7,59
-16,-5,62
-17,-3,63
-16,-5,58
-16,-5,65
-20,-6,60
-18,-5,62
-17,-4,63
-16,-6,63
-18,-6,60
-16,-4,64
-16,-5,62
-15,-5,62
-17,-5,64
-16,-4,64
-16,-5,60
-14,-4,64
-15,-5,60
-15,-5,62
-15,-5,61
-14,-5,58
-17,-5,59
-16,-5,62
-17,-4,62
-17,-7,57
-18,-4,64
-16,-4,61
-17,-6,56
-15,-4,66
-17,-4,59
-16,-5,61
-17,-4,64
-14,-5,62
-17,-6,60
-15,-5,63
-15,-5,61
-17,-6,57
-15,-4,63
-17,-4,62
-16,-5,61
-17,-7,60
-15,-4,63
-17,-5,60
-16,-4,62
-14,-4,61
-17,-7,56
-14,-4,63
-18,-4,60
-17,-6,58
-17,-5,62
-17,-5,62
-17,-4,63
-19,-7,60
-16,-3,68
-18,-6,57
-15,-5,65
-18,-6,61
-16,-6,61
-16,-5,63
-17,-6,62
-16,-5,63
-17,-5,63
-15,-4,65
-17,-6,60
-16,-6,62
-18,-4,61
-17,-5,59
-16,-5,61
-17,-5,62
-17,-6,59
-16,-5,62
-17,-5,62
-17,-6,59
-18,-6,62
-17,-5,61
-16,-6,60
-18,-6,62
-18,-3,64
-17,-5,59
-15,-5,66
-18,-6,61
-17,-5,61
-17,-5,59
-17,-3,63
-16,-6,59
-16,-6,63
-16,-4,64
-16,-5,61
-16,-6,62
-18,-5,62
-16,-4,63
-17,-6,61
-17,-5,60
-18,-6,61
-17,-5,63
-18,-5,62
-18,-5,60
-18,-6,60
-17,-4,63
-17,-5,59
-19,-4,63
-16,-3,63
-19,-4,60
-15,-5,60
-18,-3,64
-18,-6,56
-18,-6,58
-18,-4,59
-17,-5,59
-16,-5,60
-19,-7,58
-16,-5,60
-19,-7,55
-15,-5,63
-19,-6,59
-18,-6,63
-18,-3,64
-19,-5,63
-20,-7,58
-19,-3,66
-19,-5,58
-19,-7,60
-19,-4,65
-18,-6,60
-18,-6,62
-19,-4,60
-17,-2,62
-17,-5,56
-15,-5,62
-19,-6,59
-18,-5,60
-17,-4,63
-17,-6,60
-17,-6,64
-18,-4,65
-18,-6,60
-17,-5,62
-18,-4,62
-17,-4,61
-19,-6,59
-18,-4,63
-18,-6,58
-18,-6,61
-18,-5,63
-17,-5,60
-20,-6,60
-18,-4,63
-18,-5,60
-19,-6,60
-18,-3,65
-19,-6,59
-19,-7,61
-20,-5,63
-19,-4,65
-21,-6,59
-20,-4,60
-19,-4,61
-20,-7,58
-19,-4,64
-19,-5,59
-18,-5,61
-19,-4,63
-18,-5,62
-18,-6,59
-17,-4,62
-18,-5,59
-17,-5,59
-18,-4,63
-17,-6,59
-18,-6,59
-18,-3,62
-18,-4,60
-19,-6,60
-19,-4,64
-17,-6,57
-20,-6,61
-18,-5,59
-22,-7,58
-17,-5,60
-21,-7,53
-16,-4,68
-19,-5,61
-17,-6,60
-19,-3,62
-18,-4,58
-17,-3,63
-15,-6,56
-18,-3,64
-14,-4,62
-16,-3,63
-19,-6,62
-15,-3,64
-19,-4,63
-15,-6,61
-16,-3,65
-16,-7,56
-15,-4,62
-19,-5,61
-13,-6,61
-21,-8,56
-16,-4,62
-21,-4,59
-16,-6,62
-16,-5,64
-17,-6,61
-18,-4,64
-17,-4,63
-17,-6,60
-17,-6,61
-17,-3,62
-16,-4,61
-17,-7,59
-17,-5,62
-17,-4,58
-17,-5,60
-16,-5,62
-17,-6,62
-17,-6,60
-15,-4,64
-17,-5,61
-16,-6,61
-17,-3,65
-17,-5,59
-16,-5,63
-17,-5,59
-16,-5,59
-16,-4,61
-15,-4,62
-15,-6,62
-17,-4,70
-13,-4,61
-18,-3,71
-9,-1,66
-21,-4,62
-9,-1,70
-20,-4,58
-10,-4,63
-19,-4,60
-15,-3,64
-16,-4,63
-14,-7,61
-16,-6,63
-15,-4,60
-15,-4,60
-15,-6,62
-15,-4,66
-16,-8,58
-16,-6,64
-15,-5,62
-16,-6,62
-15,-5,63
-16,-5,63
-16,-6,60
-15,-5,63
-17,-5,60
-16,-6,59
-17,-6,61
-17,-5,60
-18,-5,61
-17,-6,62
-18,-5,63
-18,-8,55
-19,-4,66
-16,-7,57
-20,-5,63
-18,-7,59
-17,-2,65
-18,-6,62
-14,-7,60
-18,-6,63
-17,-7,56
-17,-5,63
-16,-5,59
-18,-6,59
-14,-5,63
-16,-6,57
-16,-3,65
-15,-5,58
-15,-3,66
-18,-6,57
-15,-5,65
-17,-6,55
-16,-6,59
-15,-5,59
-17,-6,60
-15,-7,58
-17,-4,65
-17,-7,58
-16,-6,63
-17,-4,64
-15,-4,63
-16,-5,60
-16,-5,60
-15,-4,61
-17,-6,60
-14,-4,64
-19,-6,60
-15,-4,64
-18,-5,63
-14,-4,64
-18,-6,61
-15,-5,65
-18,-5,59
-15,-6,59
-17,-6,60
-17,-6,61
-17,-7,59
-15,-6,63
-17,-7,59
-16,-7,62
-17,-5,63
-16,-6,61
-17,-7,62
-16,-5,64
-16,-6,61
-16,-6,61
-15,-4,63
-15,-6,60
-16,-6,63
-16,-5,64
-18,-7,59
-15,-5,62
-17,-4,65
-17,-4,62
-17,-5,63
-15,-6,61
-17,-5,60
-16,-5,59
-18,-4,64
-15,-5,60
-18,-8,55
-17,-4,65
-18,-4,60
-17,-4,65
-15,-6,60
-17,-5,63
-16,-5,62
-15,-4,63
-16,-6,60
-16,-5,64
-17,-4,62
-17,-6,60
-16,-5,64
-17,-6,61
-17,-6,62
-18,-5,62
-16,-4,61
-18,-6,59
-16,-6,59
-18,-4,62
-17,-7,58
-17,-5,63
-17,-6,60
-17,-6,61
-17,-5,63
-18,-6,61
-16,-5,59
-17,-4,65
-16,-3,63
-17,-5,61
-14,-6,61
-18,-4,60
-16,-5,60
-15,-5,64
-16,-5,62
-17,-6,62
-16,-5,64
-16,-5,61
-16,-5,60
-16,-6,60
-16,-5,58
-15,-5,60
-16,-7,58
-17,-6,60
-17,-5,56
-15,-4,62
-16,-6,59
-16,-7,59
-16,-6,61
-16,-4,62
-16,-6,60
-16,-4,66
-17,-8,58
-15,-5,62
-17,-5,61
-15,-5,59
-18,-7,56
-15,-4,62
-17,-4,58
-16,-5,63
-15,-5,62
-18,-6,61
-18,-5,59
-17,-4,65
-17,-6,63
-15,-7,63
-15,-5,63
-17,-6,60
-14,-3,66
-16,-7,58
-14,-5,63
-16,-6,59
-13,-4,62
-16,-7,57
-15,-6,61
-15,-3,63
-16,-6,57
-14,-4,65
-18,-6,59
-16,-5,63
-17,-6,60
-16,-5,61
-19,-7,58
-15,-5,62
-16,-5,60
-17,-6,61
-17,-5,61
-17,-4,60
-16,-7,56
-19,-3,65
-15,-8,52
-18,-5,63
-17,-7,56
-20,-4,62
-16,-6,59
-16,-5,61
-16,-6,62
-17,-7,60
-15,-4,62
-17,-5,61
-16,-5,61
-16,-4,64
-16,-6,61
-17,-6,64
-17,-6,62
-16,-3,64
-15,-6,58
-15,-4,65
-16,-5,59
-16,-3,62
-14,-5,60
-16,-5,61
-18,-5,62
-16,-4,66
-18,-7,60
-16,-6,67
-18,-5,64
-15,-4,62
-17,-4,64
-14,-2,65
-17,-5,59
-14,-6,59
-16,-4,59
-15,-4,57
-16,-5,60
-15,-5,59
-17,-9,54
-15,-4,66
-19,-5,59
-16,-6,65
-19,-6,62
-16,-4,66
-18,-7,60
-16,-5,63
-17,-4,64
-18,-5,60
-16,-4,64
-15,-5,61
-15,-5,61
-16,-5,61
-15,-4,61
-16,-6,57
-16,-5,62
-17,-5,62
-16,-6,59
-17,-5,63
-18,-7,58
-19,-6,60
-17,-4,62
-16,-6,61
-18,-6,62
-18,-4,65
-17,-4,62
-18,-6,62
-17,-5,66
-17,-7,58
-19,-5,63
-19,-5,60
-16,-4,64
-17,-6,58
-15,-4,64
-18,-8,56
-15,-4,62
-18,-6,59
-17,-8,62
-18,-5,66
-19,-8,53
-19,-4,64
-18,-3,59
-15,-4,58
-18,-6,58
-17,-3,60
-16,-2,59
-15,-7,54
-16,-6,62
-19,-4,62
-16,-6,58
-16,-5,63
-18,-3,65
-17,-6,58
-18,-5,62
-17,-4,63
-16,-5,62
-16,-5,63
-17,-7,62
-17,-5,62
-18,-3,65
-16,-5,61
-19,-5,63
-16,-3,64
-19,-5,60
-17,-4,63
-18,-4,63
-17,-3,64
-19,-7,57
-17,-4,62
-17,-3,61
-16,-6,57
-16,-5,63
-18,-6,59
-16,-4,60
-16,-4,62
-16,-4,63
-18,-7,60
-17,-3,67
-18,-7,60
-17,-4,65
-20,-5,61
-17,-3,65
-20,-5,63
-16,-4,65
-17,-6,59
-17,-4,61
-17,-5,63
-17,-7,60
-18,-6,62
-17,-3,65
-16,-4,62
-17,-5,65
-17,-5,62
-16,-4,61
-17,-5,61
-18,-6,61
-18,-5,62
-18,-5,60
-16,-4,61
-17,-6,58
-17,-4,64
-16,-4,61
-15,-5,61
-16,-5,60
-15,-4,62
-15,-5,60
-16,-5,63
-17,-4,62
-15,-5,59
-16,-6,60
-17,-5,61
-16,-5,61
-17,-5,62
-17,-5,59
-18,-6,57
-16,-3,64
-16,-4,62
-17,-8,58
-16,-6,63
-17,-3,57
-15,-5,60
-15,-6,59
-15,-5,61
-18,-7,56
-14,-3,61
-18,-6,58
-16,-6,59
-19,-6,60
-15,-7,58
-18,-6,61
-18,-6,63
-18,-4,66
-19,-6,61
-14,-4,68
-18,-5,61
-16,-5,59
-16,-4,61
-15,-5,60
-17,-6,58
-15,-4,62
-17,-6,58
-15,-4,63
-16,-4,62
-16,-6,60
-16,-5,60
-16,-4,62
-15,-4,60
-16,-6,61
-17,-4,62
-15,-5,60
-16,-4,67
-17,-4,66
-16,-7,57
-17,-6,60
-16,-3,63
-16,-4,60
-16,-8,60
-15,-4,65
-17,-4,60
-15,-5,63
-16,-5,64
-17,-7,59
-16,-4,63
-18,-4,66
-15,-3,70
-20,-11,47
-20,-4,70
-18,-5,49
-20,-3,63
-19,-12,51
-21,-1,68
-21,-5,55
-15,-2,66
-17,-7,59
-18,-3,65
-14,-3,60
-17,-5,61
-13,-5,64
-16,-6,56
-16,-6,60
-15,-4,62
-14,-6,64
-17,-9,57
-18,-5,64
-17,-4,60
-16,-5,63
-17,-6,64
-18,-6,61
-18,-5,63
-16,-4,62
-17,-7,59
-17,-3,63
-17,-5,59
-12,-5,61
-18,-9,53
-15,-3,65
-18,-6,55
-14,-5,63
-17,-5,62
-16,-5,63
-17,-5,62
-16,-3,65
-17,-6,59
-17,-6,59
-17,-3,62
-18,-6,56
-16,-4,63
-18,-5,60
-16,-5,59
-20,-6,57
-15,-3,64
-17,-6,61
-17,-4,63
-19,-4,61
-16,-4,61
-17,-5,62
-16,-5,63
-20,-6,58
-17,-3,64
-17,-5,60
-17,-6,60
-19,-4,65
-18,-6,57
-17,-5,61
-18,-5,63
-17,-5,61
-17,-4,60
-16,-4,63
-16,-6,60
-18,-7,58
-17,-4,63
-18,-4,60
-18,-6,61
-17,-4,65
-18,-6,60
-19,-6,60
-18,-3,63
-18,-5,61
-18,-5,62
-19,-6,63
-17,-3,67
-20,-6,57
-16,-3,67
-17,-6,57
-17,-5,61
-17,-6,57
-18,-4,63
-17,-6,55
-16,-4,62
-17,-5,61
-18,-6,60
-17,-4,66
-18,-5,60
-17,-4,63
-18,-4,62
-16,-6,60
-18,-5,61
-15,-3,64
-16,-5,59
-16,-6,59
-16,-2,65
-18,-7,57
-16,-4,66
-19,-5,61
-17,-5,62
-18,-4,62
-16,-4,64
-18,-5,60
-18,-6,59
-18,-4,63
-17,-5,58
-19,-4,66
-15,-3,64
-17,-4,63
-18,-4,61
-16,-2,65
-16,-7,58
-15,-5,63
-17,-4,62
-16,-5,59
-14,-3,67
-16,-6,60
-15,-6,60
-19,-6,62
-16,-5,60
-17,-6,62
-18,-5,63
-17,-5,57
-18,-4,59
-18,-3,66
-16,-4,60
-18,-3,63
-16,-6,59
-17,-5,62
-19,-5,60
-16,-4,65
-19,-7,57
-18,-3,64
-19,-3,61
-16,-5,62
-19,-6,63
-17,-4,65
-20,-5,62
-16,-5,61
-18,-3,64
-18,-5,59
-17,-5,65
-16,-3,65
-19,-6,59
-18,-4,62
-18,-2,64
-19,-7,59
-18,-5,66
-19,-6,59
-17,-5,63
-20,-5,62
-18,-3,68
-18,-6,58
-17,-5,64
-20,-4,60
-18,-5,58
-18,-3,66
-19,-7,59
-19,-6,62
-21,-5,66
-18,-3,69
-18,-7,54
-20,-7,59
-17,-2,60
-19,-3,56
-14,-8,56
-18,-5,61
-20,-5,57
-18,-4,61
-18,-5,61
-18,-6,61
-18,-5,60
-18,-4,59
-16,-4,56
-15,-4,60
-16,-5,59
-16,-6,60
-17,-4,64
-18,-6,61
-17,-5,61
-18,-4,64
-17,-5,61
-17,-5,64
-19,-5,61
-18,-7,61
-19,-4,61
-19,-4,63
-17,-7,56
-20,-6,60
-19,-5,57
-20,-4,61
-20,-7,55
-19,-4,65
-20,-6,56
-18,-4,63
-19,-4,62
-20,-7,56
-19,-5,61
-19,-3,61
-17,-6,56
-20,-3,66
-17,-4,59
-18,-3,64
-16,-7,57
-18,-5,63
-19,-3,64
-20,-6,59
-17,-3,67
-20,-5,60
-18,-4,63
-17,-5,62
-19,-4,63
-16,-4,63
-17,-4,62
-17,-6,59
-17,-4,64
-17,-4,64
-17,-7,58
-19,-5,63
-19,-5,59
-16,-5,59
-18,-4,61
-18,-6,58
-20,-5,60
-17,-6,59
-17,-4,62
-19,-6,58
-18,-1,69
-19,-7,56
-15,-5,62
-19,-2,67
-13,-4,62
-17,-5,64
-19,-4,63
-18,-8,58
-17,-5,59
-20,-4,61
-17,-7,56
-21,-5,60
-17,-6,60
-19,-5,62
-19,-5,61
-17,-3,67
-17,-5,60
-18,-5,61
-17,-3,63
-18,-5,59
-15,-5,62
-18,-5,60
-18,-7,56
-18,-2,65
-17,-5,59
-16,-6,59
-19,-5,58
-16,-2,65
-17,-5,59
-17,-6,64
-19,-5,61
-17,-4,62
-18,-4,63
-17,-5,62
-18,-4,60
-16,-4,63
-18,-6,58
-18,-7,59
-17,-3,64
-19,-6,60
-17,-7,62
-19,-4,65
-18,-5,62
-18,-6,61
-19,-4,66
-19,-8,53
-18,-4,65
-20,-6,56
-19,-4,62
-18,-4,61
-17,-5,62
-18,-6,59
-18,-7,56
-17,-1,64
-17,-4,58
-15,-6,61
-18,-4,62
-18,-4,59
-17,-4,63
-16,-4,64
-19,-7,60
-18,-4,64
-18,-5,59
-17,-5,60
-18,-5,61
-17,-4,62
-19,-6,60
-18,-5,63
-18,-5,60
-17,-4,61
-18,-4,62
-17,-5,61
-18,-7,58
-17,-3,64
-18,-5,60
-17,-6,61
-19,-5,64
-18,-6,57
-19,-5,58
-17,-2,64
-17,-6,58
-16,-6,60
-20,-3,62
-18,-3,59
-15,-4,60
-16,-5,61
-18,-5,57
-17,-6,57
-14,-4,58
-19,-7,54
-15,-5,63
-19,-6,59
-17,-7,59
-16,-4,64
-16,-3,65
-16,-7,58
-16,-6,62
-18,-5,61
-16,-4,62
-16,-5,62
-16,-6,63
-18,-7,59
-17,-3,64
-18,-5,59
-16,-5,61
-16,-5,62
-17,-6,58
-20,-7,56
-16,-1,66
-17,-6,56
-16,-7,63
-21,-6,61
-17,-5,61
-19,-5,60
-17,-4,68
-17,-4,63
-18,-5,63
-18,-6,57
-18,-4,62
-16,-6,57
-15,-4,63
-17,-6,59
-16,-6,61
-16,-5,60
-18,-6,59
-15,-5,61
-17,-4,62
-18,-7,55
-18,-4,63
-18,-4,61
-16,-6,59
-18,-5,63
-18,-6,58
-17,-4,62
-17,-5,59
-16,-3,63
-17,-5,59
-14,-5,63
-15,-5,62
-16,-7,57
-14,-3,65
-17,-5,60
-14,-5,63
-17,-4,63
-16,-5,62
-17,-5,61
-16,-4,63
-18,-6,58
-19,-6,60
-16,-3,63
-17,-6,58
-15,-3,66
-18,-5,59
-14,-6,60
-18,-6,58
-16,-4,64
-16,-6,58
-16,-6,61
-16,-5,60
-17,-5,60
-17,-6,63
-16,-1,67
-20,-6,58
-13,-5,65
-17,-4,60
-17,-6,59
-15,-4,64
-17,-5,58
-16,-5,65
-18,-6,59
-15,-3,68
-18,-5,59
-14,-4,64
-17,-5,59
-17,-6,57
-17,-4,61
-16,-6,59
-18,-6,59
-18,-5,65
-16,-6,61
-17,-8,56
-20,-3,68
-15,-4,55
-17,-9,49
-14,-2,69
-17,-2,59
-14,-5,66
-13,-6,61
-17,-7,61
-18,-5,65
-14,-5,60
-19,-8,58
-16,-6,59
-12,-1,65
-16,-7,54
-13,-5,64
-18,-5,59
-15,-5,59
-16,-4,59
-17,-7,58
-17,-4,63
-18,-5,59
-16,-4,65
-20,-6,60
-16,-4,63
-17,-3,65
-18,-7,59
-18,-3,68
-19,-5,61
-16,-4,63
-19,-4,64
-15,-3,66
-16,-5,61
-15,-4,62
-18,-4,62
-16,-4,60
-16,-4,65
-19,-8,56
-17,-4,65
-16,-3,61
-16,-6,60
-16,-5,62
-18,-4,62
-15,-6,58
-17,-6,60
-17,-6,60
-20,-5,62
-17,-6,58
-18,-4,64
-19,-7,55
-16,-3,64
-16,-4,61
-15,-6,63
-18,-8,58
-17,-4,62
-18,-4,58
-14,-4,62
-18,-7,60
-19,-6,59
-18,-3,62
-17,-4,61
-18,-7,62
-19,-4,65
-19,-5,59
-16,-3,65
-19,-5,64
-15,-5,64
-19,-5,61
-16,-2,64
-19,-4,60
-15,-5,60
-18,-4,64
-17,-5,60
-17,-5,62
-17,-5,60
-19,-5,59
-17,-4,62
-17,-3,62
-18,-6,58
-17,-5,62
-17,-4,62
-17,-5,61
-18,-7,60
-17,-3,68
-20,-7,56
-16,-3,67
-18,-5,60
-18,-6,59
-18,-4,60
-19,-2,66
-16,-5,58
-19,-3,69
-17,-7,59
-17,-3,63
-16,-4,61
-16,-5,63
-18,-7,58
-17,-4,65
-18,-5,61
-17,-6,61
-16,-3,66
-18,-5,59
-15,-5,64
-17,-4,63
-18,-6,59
-19,-5,60
-17,-3,63
-18,-5,58
-18,-5,61
-20,-5,61
-18,-6,57
-19,-6,61
-19,-5,61
-19,-4,62
-17,-3,62
-17,-4,63
-17,-4,60
-19,-3,63
-16,-3,62
-17,-5,61
-16,-6,62
-17,-4,62
-19,-7,55
-16,-3,64
-16,-5,60
-17,-7,60
-17,-4,63
-19,-4,61
-17,-5,63
-17,-4,65
-18,-6,58
-19,-6,59
-17,-3,60
-17,-3,60
-16,-5,62
-16,-5,59
-18,-6,57
-15,-4,60
-18,-4,60
-17,-7,56
-16,-4,63
-15,-5,61
-18,-8,59
-17,-4,62
-17,-2,64
-16,-7,56
-18,-7,60
-15,-4,62
-18,-5,58
-15,-6,60
-16,-5,63
-19,-6,58
-15,-3,62
-16,-5,61
-17,-6,61
-17,-3,65
-18,-7,55
-19,-5,62
-17,-4,61
-17,-4,63
-18,-7,58
-17,-3,62
-17,-3,58
-17,-4,63
-16,-3,62
-19,-4,62
-14,-5,61
-16,-3,65
-17,-6,58
-15,-4,64
-17,-3,62
-16,-7,56
-18,-6,61
-17,-5,58
-14,-5,62
-17,-6,59
-15,-4,64
-17,-5,61
-16,-6,59
-17,-4,63
-18,-4,61
-13,-3,62
-16,-4,61
-17,-9,54
-14,-1,66
-18,-7,58
-15,-5,67
-18,-4,64
-17,-4,64
-19,-5,63
-16,-2,63
-17,-2,65
-14,-4,61
-18,-4,66
-17,-8,55
-15,-1,66
-17,-4,59
-16,-6,61
-20,-9,57
-15,-3,64
-18,-4,65
-15,-5,61
-16,-2,67
-16,-5,57
-14,-3,67
-17,-6,59
-18,-4,62
-18,-3,61
-16,-4,63
-17,-7,58
-18,-4,66
-18,-2,63
-17,-4,63
-19,-6,62
-17,-4,64
-18,-4,62
-15,-4,64
-17,-5,60
-17,-6,59
-17,-4,61
-17,-4,62
-18,-6,60
-18,-6,64
-18,-8,51
-14,0,71
-18,-5,56
-14,-6,63
-18,-8,55
-15,-2,65
-18,-4,59
-15,-5,64
-18,-6,60
-18,-5,58
-18,-3,62
-18,-6,57
-18,-6,61
-20,-5,60
-17,-5,65
-18,-7,60
-19,-4,67
-20,-5,62
-18,-4,63
-17,-5,62
-16,-5,62
-18,-5,60
-17,-5,62
-15,-3,62
-18,-6,60
-14,-4,65
-17,-4,62
-18,-6,60
-15,-3,66
-20,-6,58
-17,-5,62
-19,-3,63
-16,-3,61
-18,-6,61
-17,-5,64
-18,-5,60
-18,-6,62
-17,-4,61
-17,-5,63
-16,-4,64
-17,-6,60
-18,-7,58
-15,-2,65
-16,-3,59
-18,-5,67
-15,-4,65
-20,-5,61
-17,-5,63
-15,-2,63
-18,-6,56
-18,-6,58
-15,-1,63
-16,-5,54
-14,-6,60
-18,-5,60
-17,-5,58
-17,-6,59
-17,-6,63
-19,-6,64
-20,-6,59
-19,-4,64
-19,-4,59
-17,-5,63
-18,-5,63
-18,-6,59
-19,-5,60
-16,-2,64
-17,-5,57
-16,-5,62
-17,-3,58
-18,-4,56
-17,-5,57
-16,-4,64
-18,-8,57
-19,-6,67
-20,-4,67
-19,-5,65
-17,-7,56
-21,-4,67
-16,-6,52
-18,-5,56
-13,-4,61
-20,-5,54
-13,-5,58
-17,-7,54
-14,-3,66
-17,-8,54
-15,-5,66
-20,-7,58
-16,-2,64
-18,-5,61
-19,-7,59
-18,-1,66
-17,-5,55
-16,-5,65
-19,-5,62
-14,-5,62
-18,-7,55
-18,-4,68
-15,-1,69
-18,-7,60
-14,-6,59
-20,-5,58
-14,-4,62
-16,-3,61
-17,-6,63
-16,-5,63
-16,-3,65
-16,-5,59
-17,-4,64
-18,-4,60
-17,-4,62
-16,-5,60
-17,-5,61
-19,-5,59
-17,-2,65
-18,-6,61
-17,-6,63
-18,-4,62
-17,-4,62
-17,-4,62
-16,-5,62
-16,-6,58
-19,-6,59
-15,-4,60
-18,-6,60
-18,-7,58
-15,-2,67
-16,-7,55
-14,-3,68
-18,-6,58
-14,-5,62
-18,-8,55
-15,-4,63
-19,-5,57
-16,-5,61
-17,-5,60
-20,-5,61
-17,-5,59
-18,-5,62
-19,-6,60
-17,-3,64
-17,-4,62
-14,-6,60
-16,-4,64
-16,-6,60
-13,-5,62
-16,-6,62
-15,-6,63
-17,-7,62
-16,-5,62
-15,-4,62
-17,-6,59
-15,-4,61
-17,-5,59
-14,-6,57
-18,-5,59
-16,-5,60
-17,-4,59
-17,-4,65
-15,-4,62
-17,-5,63
-14,-5,64
-15,-5,59
-17,-3,69
-13,-4,62
-15,-4,66
-15,-8,58
-14,-3,63
-19,-5,58
-15,-4,64
-15,-5,62
-18,-8,58
-18,-4,64
-18,-4,62
-15,-5,61
-18,-5,64
-18,-5,60
-17,-5,59
-16,-5,63
-18,-5,61
-17,-5,59
-17,-7,59
-16,-5,58
-19,-6,58
-17,-6,57
-16,-4,62
-18,-6,57
-18,-4,63
-20,-6,59
-18,-6,63
-17,-3,64
-19,-5,61
-17,-5,63
-18,-4,63
-17,-4,62
-18,-5,62
-17,-4,66
-18,-6,59
-20,-6,60
-18,-4,58
-16,-3,70
-15,-6,60
-18,-5,64
-19,-6,58
-15,-1,66
-16,-4,58
-16,-7,59
-18,-6,59
-15,-2,61
-16,-5,57
-17,-7,62
-17,-5,64
-18,-4,60
-17,-5,63
-17,-6,62
-17,-5,61
-18,-5,60
-17,-5,61
-18,-4,61
-16,-3,64
-16,-5,60
-18,-6,61
-17,-5,60
-17,-5,58
-18,-5,61
-15,-6,60
-15,-4,66
-18,-6,58
-13,-3,67
-18,-8,53
-14,-2,68
-18,-6,56
-14,-4,64
-18,-8,56
-16,-5,62
-20,-4,61
-16,-4,63
-18,-5,67
-17,-3,64
-19,-3,66
-14,-3,63
-18,-5,61
-16,-3,67
-16,-6,59
-17,-6,62
-18,-7,56
-20,-3,65
-18,-6,58
-17,-5,64
-17,-7,58
-17,-4,63
-17,-3,64
-17,-6,59
-17,-6,59
-18,-3,67
-17,-5,60
-17,-4,66
-19,-6,59
-17,-4,65
-20,-5,60
-18,-6,60
-19,-5,62
-17,-4,58
-15,-4,60
-18,-7,58
-17,-6,61
-20,-5,60
-17,-5,61
-17,-5,62
-18,-5,62
-17,-5,62
-18,-6,59
-19,-5,61
-17,-5,58
-17,-4,60
-18,-5,61
-19,-6,59
-20,-5,62
-19,-5,60
-19,-5,60
-20,-6,60
-20,-4,63
-19,-5,57
-19,-5,60
-19,-4,62
-18,-5,60
-18,-6,59
-19,-4,62
-18,-4,61
-18,-6,60
-18,-5,61
-20,-6,58
-17,-2,65
-19,-5,61
-18,-4,62
-20,-4,62
-17,-4,62
-18,-4,61
-20,-7,56
-17,-3,64
-21,-4,65
-16,-5,63
-20,-3,66
-20,-6,59
-19,-4,62
-20,-5,59
-19,-5,59
-21,-5,60
-20,-6,58
-20,-5,58
-22,-5,61
-19,-3,66
-22,-7,56
-19,-4,62
-21,-5,59
-21,-5,61
-21,-5,61
-21,-5,61
-20,-3,65
-23,-7,60
-19,-4,65
-23,-5,59
-19,-2,65
-22,-5,58
-22,-6,60
-22,-4,59
-22,-4,58
-21,-5,60
-22,-4,60
-21,-5,58
-20,-5,58
-22,-4,60
-20,-5,56
-21,-6,57
-21,-5,58
-20,-4,60
-20,-5,61
-21,-6,64
-20,-4,62
-22,-3,66
-17,-3,65
-23,-4,65
-20,-6,61
-22,-3,66
-20,-4,63
-22,-7,63
-23,-6,67
-22,-7,51
-25,-5,59
-21,-2,61
-22,-5,59
-21,-5,59
-22,-2,59
-21,-3,58
-22,-5,59
-21,-5,60
-24,-4,62
-22,-4,64
-23,-6,62
-23,-6,61
-22,-3,62
-22,-4,61
-21,-5,61
-22,-5,62
-21,-4,61
-21,-5,57
-21,-2,63
-22,-6,57
-20,-3,61
-25,-5,61
-17,0,67
-24,-5,59
-18,-4,65
-23,-3,61
-21,-5,58
-18,-3,65
-23,-6,64
-20,-5,64
-22,-4,63
-19,-3,64
-21,-4,62
-18,-5,62
-20,-5,60
-21,-3,64
-20,-5,61
-19,-5,61
-21,-5,60
-19,-3,63
-18,-5,60
-20,-4,62
-19,-5,59
-19,-4,61
-20,-5,60
-22,-6,61
-21,-5,62
-22,-4,62
-21,-4,65
-23,-5,58
-24,-7,58
-20,-4,57
-22,-3,67
-23,-9,54
-21,-2,64
-23,-6,56
-22,-4,64
-24,-5,61
-23,-6,59
-25,-5,57
-23,-3,63
-22,-2,61
-24,-5,61
-21,-5,61
-23,-2,63
-25,-4,59
-23,-4,63
-26,-5,59
-23,-4,62
-24,-5,60
-24,-5,61
-23,-4,62
-24,-4,59
-24,-5,59
-23,-3,62
-23,-5,57
-23,-4,60
-24,-3,61
-22,-6,56
-23,-5,60
-23,-4,59
-24,-3,59
-23,-4,58
-23,-5,60
-22,-5,59
-24,-6,58
-23,-4,62
-23,-4,61
-23,-5,60
-21,-5,59
-24,-5,58
-22,-5,57
-24,-3,60
-22,-5,59
-23,-5,57
-23,-2,66
-22,-6,56
-22,-3,62
-23,-4,60
-22,-4,63
-24,-5,60
-25,-4,62
-23,-2,63
-24,-6,55
-22,-3,63
-24,-6,54
-21,-4,60
-24,-5,56
-21,-3,63
-23,-6,55
-21,-3,64
-24,-5,55
-22,-2,64
-22,-3,62
-23,-7,60
-24,-4,62
-23,-4,60
-22,-3,63
-24,-7,56
-21,-2,66
-25,-7,54
-22,-4,63
-24,-3,60
-23,-4,62
-22,-4,61
-24,-4,62
-23,-4,63
-23,-5,58
-23,-3,62
-22,-7,52
-20,1,69
-21,-6,52
-18,-3,64
-23,-7,50
-19,-1,63
-23,-6,52
-21,-6,61
-25,-5,59
-23,-5,58
-22,-2,63
-23,-3,61
-22,-7,54
-22,-1,65
-22,-6,57
-20,-4,64
-22,-5,59
-19,-2,65
-21,-4,60
-18,-5,61
-20,-5,60
-19,-3,62
-20,-5,59
-18,-6,56
-22,-6,59
-21,-5,57
-23,-3,61
-19,-6,57
-21,-5,59
-21,-4,60
-19,-5,61
-21,-5,60
-20,-3,63
-21,-4,60
-19,-3,61
-20,-3,63
-23,-6,57
-21,-3,62
-22,-4,58
-17,-2,63
-21,-3,66
-18,-4,64
-20,-5,63
-17,-3,63
-19,-2,66
-17,-5,62
-18,-4,65
-18,-4,62
-18,-3,65
-18,-4,63
-18,-4,62
-20,-3,61
-19,-4,59
-17,-3,62
-20,-6,56
-19,-3,61
-21,-4,57
-18,-4,60
-21,-6,55
-18,-4,62
-20,-4,63
-18,-4,63
-19,-5,60
-20,-4,63
-17,-4,63
-19,-5,60
-18,-5,60
-18,-4,63
-16,-4,62
-17,-5,59
-17,-3,63
-18,-3,60
-17,-4,60
-16,-4,59
-16,-5,60
-18,-5,63
-17,-3,64
-18,-5,64
-17,-6,60
-17,-1,67
-16,-4,61
-17,-6,60
-20,-4,63
-17,-4,62
-18,-5,60
-19,-5,67
-19,-6,53
-21,-6,56
-15,-1,62
-19,-7,51
-15,-6,59
-21,-4,58
-15,-5,59
-20,-7,59
-17,-7,56
-22,-6,60
-17,-5,57
-21,-4,62
-18,-8,57
-17,-4,64
-19,-2,66
-19,-7,60
-20,-4,65
-21,-2,62
-19,-4,59
-18,-2,63
-18,-6,57
-15,-3,63
-18,-7,52
-14,-2,67
-19,-6,55
-14,-4,64
-17,-5,61
-17,-5,62
-16,-4,63
-17,-5,61
-17,-5,60
-18,-5,58
-17,-3,63
-17,-4,62
-17,-7,58
-19,-3,66
-19,-4,58
-16,-5,64
-19,-4,64
-19,-6,57
-17,-1,67
-20,-5,57
-14,-3,64
-18,-4,61
-15,-3,63
-17,-4,60
-16,-5,60
-16,-3,62
-16,-6,57
-15,-3,64
-18,-5,58
-16,-5,62
-18,-4,59
-17,-3,64
-18,-6,58
-17,-5,63
-18,-4,61
-16,-5,59
-17,-2,65
-16,-4,62
-17,-5,61
-16,-5,60
-15,-2,63
-17,-5,61
-17,-4,64
-17,-5,60
-17,-4,60
-16,-3,63
-16,-4,62
-17,-6,59
-17,-4,63
-18,-5,59
-17,-5,62
-17,-4,61
-18,-3,62
-18,-4,61
-17,-4,63
-18,-4,61
-17,-5,60
-17,-3,65
-16,-5,59
-17,-5,61
-18,-3,62
-17,-3,61
-15,-4,62
-16,-4,63
-16,-5,60
-18,-5,59
-16,-4,60
-15,-5,60
-18,-7,57
-15,-3,62
-16,-5,60
-16,-6,61
-18,-5,63
-16,-5,59
-19,-5,58
-16,-3,64
-18,-5,60
-17,-5,62
-18,-4,60
-16,-4,62
-16,-4,61
-18,-5,62
-16,-6,56
-20,-7,55
-15,-4,62
-19,-4,57
-16,-5,62
-18,-4,62
-16,-6,58
-16,-3,64
-20,-5,60
-17,-7,56
-17,-4,63
-18,-5,63
-16,-6,61
-17,-3,62
-15,-3,62
-15,-4,59
-16,-5,60
-16,-4,62
-16,-7,57
-15,-4,63
-18,-4,62
-17,-6,59
-16,-3,64
-17,-3,61
-17,-5,60
-16,-5,62
-18,-4,62
-17,-5,59
-16,-3,66
-18,-4,63
-17,-6,59
-18,-5,60
-16,-3,61
-17,-5,59
-16,-4,64
-18,-5,59
-17,-4,62
-18,-4,62
-16,-2,64
-20,-5,64
-14,-3,66
-18,-4,64
-14,-5,64
-18,-2,65
-16,-3,62
-17,-6,58
-17,-3,62
-18,-4,58
-17,-5,60
-17,-5,62
-18,-5,62
-19,-6,61
-18,-5,64
-20,-6,62
-19,-5,62
-22,-6,63
-16,-3,62
-21,-12,45
-12,4,79
-23,-7,49
-13,-3,69
-21,-1,54
-18,-4,57
-16,-7,53
-19,-2,62
-17,-7,55
-19,-7,60
-17,-6,61
-20,-5,61
-18,-5,62
-16,-4,61
-17,-4,62
-18,-6,62
-18,-4,64
-18,-5,60
-19,-6,60
-18,-4,63
-19,-5,60
-17,-5,59
-19,-5,61
-16,-6,57
-21,-8,56
-16,-5,58
-21,-5,57
-17,-4,58
-16,-4,64
-17,-6,60
-17,-6,63
-17,-3,65
-17,-5,62
-19,-7,58
-17,-2,69
-17,-5,58
-14,-4,67
-22,-3,65
-15,-4,60
-22,-8,53
-15,-3,63
-18,-5,63
-17,-5,60
-17,-2,67
-14,-4,59
-17,-4,64
-15,-5,63
-16,-6,60
-17,-5,62
-17,-5,61
-17,-7,61
-17,-6,62
-17,-4,61
-17,-6,61
-18,-6,63
-17,-2,67
-20,-7,58
-15,-3,66
-19,-3,64
-14,-5,60
-17,-4,63
-16,-4,64
-17,-6,58
-18,-6,61
-18,-5,59
-18,-6,59
-17,-4,64
-18,-5,60
-18,-6,58
-18,-4,63
-17,-3,63
-18,-7,57
-17,-6,61
-18,-3,61
-17,-5,58
-16,-5,62
-18,-4,62
-18,-6,58
-16,-4,63
-18,-4,61
-18,-6,61
-17,-4,64
-18,-4,63
-16,-6,60
-16,-3,67
-17,-3,62
-18,-5,63
-15,-4,63
-16,-3,64
-18,-6,59
-16,-4,63
-17,-3,61
-16,-6,58
-17,-3,66
-17,-5,59
-16,-4,63
-16,-4,60
-16,-3,65
-17,-6,58
-16,-4,64
-17,-4,62
-17,-6,60
-16,-4,63
-18,-5,60
-16,-4,65
-16,-4,61
-16,-3,64
-17,-6,58
-15,-1,66
-15,-3,59
-16,-5,60
-16,-5,60
-15,-3,61
-16,-6,56
-15,-4,63
-16,-4,61
-16,-5,59
-16,-4,63
-17,-4,62
-16,-5,62
-15,-4,62
-17,-4,62
-15,-6,59
-16,-3,66
-16,-4,62
-18,-5,62
-15,-4,63
-17,-3,64
-19,-6,60
-17,-3,65
-18,-4,60
-17,-4,60
-16,-2,67
-16,-5,59
-17,-4,65
-15,-3,63
-14,-5,58
-17,-7,60
-16,-4,60
-18,-3,64
-15,-7,56
-14,-4,65
-18,-4,60
-15,-6,58
-16,-2,67
-18,-7,56
-18,-4,63
-20,-4,59
-15,-2,64
-19,-5,62
-19,-5,60
-15,-4,62
-18,-4,61
-14,-2,65
-15,-4,61
-16,-7,58
-14,-3,64
-17,-5,59
-15,-4,63
-16,-4,62
-15,-5,60
-17,-5,61
-16,-4,63
-17,-3,63
-18,-5,61
-17,-2,63
-15,-3,61
-18,-4,66
-16,-3,63
-16,-3,63
-15,-6,59
-15,-4,64
-18,-4,60
-17,-4,62
-17,-3,63
-15,-5,61
-18,-5,63
-16,-2,65
-16,-4,59
-15,-5,61
-17,-4,61
-16,-4,62
-17,-6,59
-16,-4,65
-16,-6,58
-18,-6,60
-16,-2,62
-16,-6,55
-14,-4,62
-17,-2,67
-13,-5,61
-16,-4,67
-15,-2,67
-16,-6,60
-16,-5,65
-18,-5,59
-16,-2,65
-16,-5,60
-15,-3,64
-17,-5,58
-18,-6,60
-16,-5,60
-19,-4,60
-18,-4,61
-17,-4,62
-16,-4,66
-19,-7,60
-17,-2,67
-18,-4,60
-16,-4,63
-17,-4,64
-16,-4,64
-17,-5,63
-15,-2,66
-15,-4,60
-15,-3,68
-15,-4,60
-15,-4,64
-16,-5,59
-15,-1,68
-16,-5,59
-15,-5,64
-16,-3,63
-16,-4,59
-17,-3,61
-17,-4,60
-14,-3,63
-18,-5,61
-16,-5,58
-17,-5,60
-17,-3,64
-16,-5,57
-14,-4,62
-16,-6,55
-16,-2,64
-15,-5,57
-15,-5,62
-16,-4,62
-17,-4,59
-14,-4,63
-16,-5,64
-14,-3,60
-17,-11,41
-12,6,83
-14,-1,54
-12,-7,68
-11,-10,61
-18,-1,64
-17,-3,64
-15,-4,65
-14,-5,66
-21,-5,63
-18,-3,60
-16,-3,62
-18,-4,66
-15,-3,64
-18,-5,61
-16,-4,64
-17,-3,64
-15,-5,60
-17,-4,64
-17,-4,61
-15,-4,63
-14,-6,59
-17,-4,62
-18,-4,59
-15,-4,60
-17,-3,65
-15,-4,60
-17,-3,67
-14,-3,62
-17,-4,64
-17,-6,61
-18,-4,64
-18,-4,60
-18,-4,64
-20,-5,59
-19,-5,61
-19,-5,59
-17,-3,63
-19,-6,57
-18,-4,65
-18,-6,58
-17,-4,64
-18,-3,63
-15,-4,62
-16,-5,62
-17,-5,60
-18,-4,63
-17,-4,62
-17,-4,62
-20,-4,60
-17,-2,63
-20,-5,62
-15,-3,65
-20,-4,61
-16,-4,61
-18,-2,63
-14,-4,60
-17,-4,63
-15,-3,63
-17,-5,61
-17,-4,64
-17,-5,60
-17,-4,63
-18,-5,61
-17,-4,63
-18,-5,60
-18,-4,64
-17,-2,65
-17,-6,59
-17,-6,62
-18,-4,61
-17,-3,61
-17,-6,59
-16,-4,61
-18,-5,58
-16,-4,63
-17,-6,60
-18,-5,61
-19,-6,60
-18,-4,61
-18,-4,62
-18,-4,63
-17,-4,64
-19,-5,61
-17,-5,62
-17,-3,64
-18,-5,59
-16,-5,63
-18,-4,60
-15,-3,63
-16,-4,64
-15,-5,62
-16,-5,62
-17,-5,61
-15,-3,63
-16,-5,59
-17,-5,60
-17,-3,62
-16,-4,60
-17,-4,62
-17,-5,61
-17,-4,60
-17,-6,59
-15,-5,60
-19,-5,60
-17,-4,62
-17,-3,64
-17,-5,61
-16,-5,61
-17,-2,64
-18,-5,61
-15,-5,60
-18,-3,63
-15,-3,62
-17,-4,65
-16,-5,62
-17,-4,62
-16,-4,60
-15,-4,62
-16,-4,61
-16,-5,61
-15,-2,64
-17,-4,60
-16,-5,60
-14,-2,65
-18,-5,63
-14,-5,61
-17,-3,64
-14,-3,63
-15,-5,60
-17,-5,63
-15,-5,56
-19,-5,60
-14,-6,57
-15,-5,61
-19,-5,60
-15,-4,62
-16,-4,59
-19,-5,64
-15,-1,67
-19,-4,62
-13,-6,63
-18,-3,62
-15,-2,66
-18,-7,58
-16,-3,69
-17,-5,59
-17,-5,61
-18,-1,63
-18,-3,62
-13,-4,63
-18,-5,62
-14,-3,63
-17,-4,62
-15,-3,64
-16,-5,59
-17,-6,58
-15,-3,63
-17,-5,56
-15,-5,61
-15,-3,64
-15,-5,61
-16,-7,63
-18,-5,63
-17,-4,59
-18,-5,60
-16,-5,59
-18,-4,62
-17,-5,60
-17,-5,58
-15,-2,65
-19,-8,52
-14,-1,70
-19,-4,62
-14,-3,66
-17,-3,66
-14,-4,63
-17,-5,62
-17,-4,63
-16,-3,64
-16,-6,61
-16,-5,61
-21,-6,54
-13,0,65
-17,-5,54
-16,-4,65
-19,-3,60
-15,-1,64
-17,-4,60
-15,-5,64
-19,-5,59
-18,-5,60
-17,-5,61
-20,-3,67
-18,-8,55
-21,-4,64
-19,-3,60
-15,-4,62
-17,-7,55
-16,0,70
-16,-3,62
-14,-7,61
-14,-7,62
-16,0,65
-18,-3,57
-13,-4,62
-15,-5,60
-17,-6,57
-18,-4,61
-18,-4,63
-18,-7,58
-18,-3,66
-20,-5,57
-18,-4,61
-18,-2,65
-15,-3,62
-18,-4,65
-15,-5,62
-16,-3,65
-17,-5,60
-14,-5,62
-16,-4,62
-18,-5,62
-15,-4,62
-16,-5,60
-17,-6,60
-18,-2,66
-18,-5,57
-17,-4,63
-19,-5,61
-17,-2,65
-19,-6,58
-16,-4,64
-19,-4,62
-18,-6,58
-18,-4,64
-18,-4,60
-18,-4,61
-17,-3,63
-16,-6,57
-15,-3,64
-18,-6,58
-14,-4,64
-17,-4,63
-15,-3,63
-18,-4,58
-16,-4,60
-16,-4,60
-17,-5,58
-16,-4,59
-17,-4,61
-17,-6,54
-20,-5,62
-17,-6,57
-20,-6,62
-20,-7,56
-20,-3,62
-19,-2,64
-17,-6,58
-17,-4,67
-19,-3,61
-16,-4,61
-16,-3,63
-16,-4,64
-15,-6,59
-16,-6,63
-16,-6,58
-19,-3,62
-17,-5,62
-14,-1,67
-22,-7,60
-15,-2,70
-22,-4,58
-18,-7,54
-20,-6,58
-19,-4,60
-19,-4,59
-17,-5,61
-17,-5,61
-17,-4,61
-17,-3,63
-16,-5,61
-17,-6,59
-15,-3,64
-16,-4,58
-16,-3,65
-19,-6,61
-17,-3,65
-20,-4,61
-17,-4,61
-18,-4,62
-20,-6,58
-16,-4,62
-20,-6,57
-18,-4,60
-20,-4,60
-17,-5,61
-17,-7,57
-18,-4,64
-16,-4,58
-17,-3,62
-16,-6,59
-15,-4,63
-17,-4,62
-14,-4,64
-17,-4,62
-16,-5,62
-18,-4,61
-16,-2,64
-18,-6,59
-18,-4,62
-18,-3,62
-16,-4,64
-15,-5,64
-19,-4,61
-17,-3,62
-15,-4,62
-15,-4,64
-18,-7,57
-17,-4,63
-16,-3,61
-14,-3,63
-17,-6,62
-16,-4,57
-17,-3,61
-15,-6,60
-16,-6,61
-16,-3,63
-14,-4,61
-15,-4,63
-15,-4,64
-15,-4,60
-14,-3,65
-17,-6,59
-14,-3,66
-17,-4,62
-16,-5,59
-16,-4,62
-15,-4,61
-16,-4,61
-15,-5,62
-16,-5,63
-16,-5,60
-17,-4,63
-17,-5,62
-15,-2,67
-18,-6,61
-14,-2,70
-18,-5,61
-16,-5,58
-16,-3,63
-17,-5,60
-14,-4,59
-16,-1,67
-13,-5,58
-14,-5,63
-15,-6,63
-15,-5,59
-18,-6,57
-17,-4,60
-17,-3,62
-15,-3,62
-16,-4,65
-15,-5,61
-17,-4,63
-17,-4,63
-16,-6,56
-20,-6,59
-18,-3,60
-17,-4,60
-17,-6,60
-18,-6,57
-19,-2,64
-19,-6,56
-17,-3,67
-20,-7,55
-18,-5,61
-19,-3,60
-16,-5,58
-17,-4,62
-19,-7,58
-14,-4,60
-20,-6,56
-16,-3,63
-20,-5,58
-17,-5,61
-17,-5,65
-17,-4,62
-18,-3,64
-18,-4,63
-17,-4,59
-19,-6,59
-17,-4,64
-17,-5,57
-20,-5,62
-17,-1,67
-18,-2,63
-18,-12,51
-22,-4,67
-20,-3,55
-19,-2,65
-19,-10,54
-20,-2,67
-20,-4,56
-15,-3,65
-17,-8,57
-19,-4,64
-19,-4,58
-16,-3,63
-17,-5,62
-17,-6,60
-18,-5,63
-18,-5,59
-17,-2,68
-19,-7,56
-18,-5,64
-19,-4,58
-17,-3,62
-16,-5,59
-18,-5,61
-19,-4,59
-17,-4,59
-15,-5,60
-15,-5,59
-17,-4,61
-15,-6,57
-16,-5,62
-16,-4,61
-16,-4,63
-16,-5,62
-18,-5,61
-16,-3,67
-17,-5,61
-17,-6,61
-18,-4,62
-17,-3,62
-16,-4,62
-17,-7,59
-18,-4,61
-19,-4,59
-15,-3,65
-16,-6,58
-17,-4,64
-15,-2,62
-16,-3,63
-14,-5,60
-17,-4,63
-16,-3,63
-16,-5,63
-17,-5,63
-18,-6,62
-17,-3,61
-18,-4,58
-14,-2,67
-16,-6,57
-16,-4,66
-18,-6,58
-16,-3,62
-17,-1,64
-18,-4,62
-16,-6,56
-19,-4,60
-15,-3,60
-17,-3,60
-17,-4,65
-17,-5,60
-18,-4,60
-15,-2,64
-16,-4,60
-16,-5,61
-18,-4,62
-16,-3,63
-17,-5,59
-17,-4,64
-16,-3,62
-19,-3,64
-14,-2,64
-18,-3,65
-12,-4,63
-17,-3,65
-14,-5,63
-17,-5,58
-16,-3,62
-16,-4,61
-16,-4,61
-17,-5,61
-18,-3,64
-16,-3,62
-18,-4,65
-16,-4,64
-19,-3,62
-16,-4,62
-16,-3,60
-16,-4,59
-16,-3,63
-17,-4,62
-16,-6,60
-16,-4,64
-17,-3,63
-16,-5,61
-17,-4,62
-17,-3,63
-14,-4,61
-17,-4,64
-16,-3,64
-17,-5,58
-17,-3,63
-17,-4,60
-17,-3,65
-18,-6,59
-16,-3,64
-17,-3,58
-15,-3,64
-16,-4,59
-14,-3,63
-16,-5,60
-15,-5,62
-18,-5,60
-17,-3,62
-17,-3,61
-16,-4,62
-17,-5,60
-16,-3,63
-18,-4,60
-17,-3,63
-16,-4,62
-17,-5,61
-19,-5,61
-17,0,67
-18,-4,60
-14,-4,64
-20,-4,63
-14,-2,64
-17,-2,65
-12,-4,63
-17,-4,63
-20,-3,63
-14,-2,64
-18,-4,62
-16,-5,61
-17,-2,64
-17,-6,57
-14,-4,62
-19,-5,57
-15,-3,59
-19,-5,54
-14,-2,66
-17,-5,62
-17,-7,61
-17,-4,60
-19,-3,62
-17,-4,61
-17,-4,65
-17,-6,61
-18,-5,60
-16,-1,66
-16,-4,60
-18,-5,59
-16,-4,61
-17,-4,60
-16,-6,59
-17,-4,63
-18,-5,58
-17,-3,63
-15,-5,63
-17,-5,64
-19,-6,58
-18,-3,65
-16,-3,60
-16,-4,62
-17,-4,61
-17,-4,60
-15,-4,58
-15,-3,64
-15,-4,61
-17,-5,59
-16,-4,63
-15,-4,60
-15,-4,61
-16,-3,65
-16,-5,61
-15,-5,61
-15,-4,62
-16,-3,66
-13,-4,60
-17,-3,65
-18,-4,57
-16,-4,62
-17,-4,60
-17,-6,61
-16,-2,67
-16,-7,53
-18,0,77
-13,-1,59
-20,-3,63
-15,-4,55
-21,-4,55
-15,-7,56
-20,-5,58
-15,-4,61
-18,-4,63
-16,-8,61
-20,-5,61
-17,0,68
-14,-1,63
-18,-6,62
-17,-4,64
-17,-3,64
-16,-5,61
-18,-5,64
-19,-3,62
-17,-4,60
-17,-2,70
-15,-5,60
-18,-4,67
-16,-5,60
-16,-2,64
-17,-5,60
-16,-3,63
-17,-2,65
-18,-6,57
-18,-4,61
-18,-2,60
-16,-4,61
-18,-4,61
-18,-4,64
-17,-4,60
-18,-3,62
-15,-2,63
-18,-4,61
-17,-5,61
-16,-5,63
-17,-5,61
-18,-4,61
-17,-1,68
-17,-5,58
-16,-5,62
-17,-3,61
-16,-2,64
-15,-4,62
-17,-5,65
-16,-6,64
-17,-4,65
-14,-3,68
-13,-5,61
-17,-7,57
-9,-1,67
-14,-4,55
-11,-5,58
-14,-2,62
-14,-3,63
-15,-8,52
-15,-3,64
-19,-4,57
-18,-3,60
-18,-4,59
-16,-4,59
-18,-2,61
-16,-3,61
-16,-5,60
-17,-4,65
-16,-3,65
-16,-5,62
-16,-6,60
-16,-2,65
-15,-2,62
-14,-5,61
-16,-5,61
-17,-3,60
-17,-5,58
-14,-2,63
-16,-6,56
-14,-4,60
-17,0,67
-12,-4,60
-16,-5,60
-17,-4,62
-14,-6,56
-18,-4,63
-16,-6,58
-19,-4,63
-17,-4,58
-17,-4,61
-17,-4,61
-18,-7,58
-15,-2,66
-18,-4,62
-14,-4,63
-17,-4,61
-16,-3,64
-15,-5,59
-17,-5,62
-14,-5,58
-19,-4,60
-16,-4,60
-17,-2,64
-17,-5,57
-14,-3,63
-17,-4,59
-15,-6,59
-17,-3,64
-16,-4,61
-16,-5,61
-17,-5,62
-16,-2,65
-16,-5,59
-16,-5,62
-17,-4,60
-18,-4,60
-16,-4,64
-16,-6,60
-19,-6,60
-16,-3,60
-18,-2,63
-16,-7,56
-18,-6,59
-17,-3,59
-18,-4,59
-15,-5,61
-16,-3,64
-18,-4,59
-16,-4,61
-15,-3,62
-17,-5,59
-18,-5,61
-16,-3,61
-17,-5,60
-18,-5,62
-18,-3,64
-17,-5,59
-17,-4,63
-18,-4,60
-18,-4,62
-18,-4,60
-16,-2,63
-17,-6,54
-17,-3,59
-17,-1,60
-17,-5,59
-17,-6,60
-18,-3,64
-18,-5,59
-17,-4,63
-18,-4,63
-16,-5,60
-18,-4,62
-17,-3,62
-17,-2,64
-18,-5,60
-16,-5,62
-18,-5,60
-19,-3,64
-16,-2,64
-18,-5,62
-16,-4,65
-20,-3,63
-15,-2,66
-20,-4,58
-15,-1,67
-19,-5,56
-15,-4,63
-19,-4,60
-17,-3,61
-17,-5,60
-17,-5,62
-18,-6,60
-16,-3,62
-19,-4,61
-15,-5,60
-19,-6,58
-15,-2,63
-19,-3,59
-16,-4,61
-20,-3,64
-14,-1,65
-19,-3,63
-14,-4,63
-18,-4,60
-17,-4,59
-16,-1,66
-16,-5,60
-17,-5,62
-18,-4,59
-16,-1,65
-15,-5,59
-16,-4,66
-18,-5,57
-19,-4,61
-17,-4,61
-18,-3,64
-18,-6,56
-19,-4,62
-17,-3,61
-17,-4,58
-17,-3,67
-16,-2,62
-18,-4,64
-14,-4,63
-17,-2,66
-20,-6,56
-17,-3,64
-18,-2,61
-15,-6,57
-18,-2,75
-16,-5,59
-21,-3,69
-13,-1,70
-18,0,70
-12,-8,56
-24,-3,62
-14,1,58
-19,-3,55
-13,-10,55
-22,-2,62
-16,-2,59
-16,-4,58
-14,-6,62
-18,-7,60
-17,-4,58
-15,-2,65
-17,-7,59
-19,-6,62
-19,-3,63
-19,-5,61
-18,-4,63
-18,-3,63
-16,-4,61
-18,-4,61
-16,-2,65
-17,-5,58
-17,-5,60
-16,-2,63
-17,-5,59
-15,-4,63
-16,-4,60
-16,-2,65
-18,-5,60
-16,-2,68
-19,-5,57
-18,-5,61
-16,-2,62
-17,-5,59
-17,-5,62
-18,-4,62
-16,-4,60
-19,-5,59
-17,-1,66
-17,-3,61
-18,-4,61
-19,-2,62
-16,-2,63
-17,-4,61
-15,-4,65
-18,-5,59
-18,-4,61
-15,-2,63
-16,-4,61
-17,-6,59
-18,-3,63
-15,-5,56
-18,-5,59
-16,-3,62
-14,-5,60
-17,-7,55
-16,0,69
-15,-2,62
-17,-5,62
-14,-6,62
-17,-3,59
-18,-4,60
-14,-4,60
-18,-3,62
-18,-6,58
-14,-3,61
-19,-5,58
-16,-5,58
-19,-4,60
-16,-3,61
-18,-7,56
-15,-2,67
-16,-4,59
-16,-3,64
-15,-4,62
-14,-4,63
-17,-6,58
-16,-3,63
-17,-3,60
-16,-5,58
-16,-4,61
-18,-3,62
-16,-5,58
-19,-5,60
-16,-4,60
-20,-5,60
-15,-5,59
-20,-4,61
-18,-5,59
-14,-3,64
-17,-5,59
-18,-6,57
-18,-3,61
-15,-3,60
-17,-7,55
-16,-3,64
-18,-2,60
-14,-5,61
-16,-6,59
-15,-3,66
-16,-5,58
-14,-3,66
-17,-4,61
-16,-4,63
-17,-4,63
-16,-2,66
-17,-6,58
-17,-5,61
-16,-2,60
-17,-5,57
-14,-5,63
-19,-5,62
-17,-5,60
-19,-5,57
-14,0,66
-16,-6,59
-16,-6,60
-16,-1,64
-17,-6,54
-14,-3,65
-17,-4,60
-15,-6,63
-18,-6,60
-18,-2,69
-14,-2,63
-18,-3,65
-13,-2,65
-19,-5,58
-17,-3,60
-17,-4,58
-15,-4,60
-18,-7,54
-15,-1,68
-17,-5,56
-16,-4,66
-16,-3,65
-17,-5,60
-19,-5,63
-18,-4,60
-15,-4,62
-17,-6,59
-16,-3,64
-17,-4,60
-18,-4,62
-15,-1,65
-18,-6,59
-17,-6,60
-19,-1,65
-15,-2,64
-19,-7,58
-18,-5,64
-19,-2,61
-17,-3,66
-15,-4,66
-20,-6,62
-18,-5,60
-17,-1,63
-16,-3,62
-14,-7,59
-19,-8,55
-14,-2,62
-19,-5,54
-13,-4,61
-19,-6,55
-15,-4,61
-18,-4,64
-14,-4,64
-21,-4,61
-17,-3,65
-17,-5,58
-18,-7,61
-16,-4,62
-19,-5,60
-17,-6,57
-19,-5,59
-16,-3,62
-18,-5,59
-17,-7,59
-17,-3,61
-16,-5,57
-16,-5,61
-18,-3,63
-18,-7,56
-19,-5,62
-17,-5,58
-19,-7,56
-17,-5,61
-21,-3,63
-15,-7,61
-17,-5,64
-20,-4,63
-17,-4,60
-19,-5,59
-16,-4,65
-18,-4,64
-19,-4,65
-17,-2,66
-20,-5,58
-17,-3,64
-17,-3,61
-15,-5,59
-18,-5,60
-16,-3,62
-15,-3,60
-17,-6,59
-17,-2,65
-17,-5,57
-15,-4,61
-17,-3,63
-15,-4,62
-17,-4,62
-16,-4,62
-15,-4,63
-17,-7,57
-17,-2,68
-16,-5,58
-18,-6,60
-16,-2,62
-18,-4,59
-15,-4,63
-15,-5,60
-14,-4,61
-19,-6,56
-16,-2,64
-16,-2,63
-17,-6,61
-16,-6,60
-18,-2,63
-17,-4,61
-14,-5,63
-17,-4,62
-18,-7,54
-13,-1,66
-16,-3,62
-16,-8,58
-17,-4,62
-17,-2,59
-16,-5,57
-13,-3,63
-16,-4,59
-16,-6,57
-15,-1,66
-15,-4,59
-14,-6,62
-16,-4,64
-17,-4,64
-15,-4,63
-17,-4,65
-15,-2,67
-18,-6,60
-15,-4,65
-17,-3,64
-17,-6,59
-17,-3,64
-18,-2,63
-15,-4,61
-18,-4,64
-15,-2,66
-19,-5,58
-16,-4,63
-17,-3,61
-15,-3,64
-17,-5,62
-15,-3,64
-17,-4,61
-15,-4,62
-18,-4,64
-16,-6,62
-17,-5,60
-17,0,65
-15,-4,56
-13,0,69
-14,-6,56
-17,-4,67
-18,-7,57
-15,-2,63
-16,-1,68
-18,-8,57
-12,-5,61
-18,-5,56
-12,-2,63
-16,-4,60
-13,-4,64
-17,-8,56
-15,-3,68
-15,-4,60
-17,-5,63
-16,-3,65
-17,-5,62
-17,-5,62
-17,-4,62
-17,-4,60
-17,-4,57
-16,-2,63
-16,-3,60
-15,-5,63
-14,-5,62
-15,-4,61
-16,-6,56
-13,-2,66
-14,-3,61
-15,-6,60
-16,-6,62
-15,-2,63
-16,-6,63
-16,-5,65
-18,-3,64
-17,-5,60
-16,-3,65
-17,-4,62
-16,-5,59
-17,-4,61
-17,-4,62
-17,-5,59
-17,-3,65
-16,-4,59
-17,-5,60
-16,-4,63
-15,-2,63
-15,-4,60
-13,-6,60
-16,-3,64
-15,-4,60
-14,-4,61
-15,-4,61
-15,-4,62
-15,-5,60
-16,-4,62
-18,-5,57
-17,-2,64
-16,-5,60
-16,-6,63
-19,-5,62
-17,-1,68
-17,-6,56
-18,-5,65
-17,-5,59
-18,-4,62
-18,-6,57
-17,-2,65
-17,-4,58
-16,-6,62
-18,-4,64
-18,-5,54
-18,-4,60
-17,-3,61
-18,-4,62
-18,-8,55
-19,-3,64
-17,-3,62
-17,-7,58
-17,-5,62
-16,-1,64
-15,-4,57
-15,-3,64
-14,-4,60
-17,-5,61
-14,-3,65
-18,-5,60
-15,-4,63
-18,-3,62
-14,-3,65
-17,-6,61
-17,-3,61
-18,-3,60
-16,-3,65
-15,-4,63
-17,-5,64
-18,-6,59
-17,-1,65
-17,-2,62
-16,-6,61
-18,-5,62
-17,-3,62
-16,-4,59
-17,-2,65
-15,-3,62
-15,-4,61
-17,-5,60
-15,-3,63
-16,-6,57
-16,-4,63
-16,-4,62
-15,-4,62
-16,-4,63
-15,-2,64
-17,-4,59
-15,-5,61
-16,-4,61
-16,-4,63
-16,-7,57
-12,-2,64
-19,-8,51
-12,-2,69
-17,-5,55
-13,-4,63
-16,-7,56
-14,-1,68
-16,-3,59
-14,-4,67
-15,-5,60
-15,-1,68
-14,-4,56
-16,-1,68
-18,-6,55
-15,-5,62
-17,-4,60
-16,-4,59
-17,-4,66
-14,-3,69
-17,-10,50
-21,-4,70
-15,-4,51
-20,-6,54
-14,-5,58
-15,-2,65
-13,-2,65
-18,-7,60
-13,-1,72
-19,-5,59
-13,-5,64
-19,-4,62
-16,-3,64
-16,-4,60
-16,-4,61
-17,-2,64
-16,-4,58
-17,-3,65
-18,-5,61
-17,-6,59
-17,-2,68
-15,-4,62
-17,-5,64
-15,-4,65
-16,-3,62
-17,-4,62
-15,-4,64
-15,-2,64
-19,-6,59
-13,-4,58
-18,-4,58
-15,-6,56
-19,-3,62
-19,-6,57
-17,-4,62
-19,-5,61
-17,-3,66
-20,-5,59
-17,-4,64
-17,-3,61
-16,-4,62
-18,-4,66
-18,-5,56
-17,-4,61
-17,-5,59
-16,-2,66
-18,-6,57
-15,-6,63
-18,-4,59
-16,-3,62
-17,-4,64
-16,-4,63
-18,-4,61
-18,-6,59
-17,-2,64
-19,-4,60
-17,-5,62
-18,-4,63
-17,-3,63
-17,-5,63
-17,-4,62
-17,-4,60
-18,-5,59
-15,-3,63
-18,-5,59
-16,-5,61
-17,-3,61
-18,-3,61
-17,-5,61
-16,-3,64
-20,-6,57
-18,-3,63
-18,-2,60
-15,-4,62
-17,-6,60
-18,-3,63
-16,-3,60
-18,-6,58
-17,-3,64
-18,-3,60
-16,-4,61
-17,-4,64
-16,-2,64
-20,-4,63
-14,-2,68
-19,-3,62
-15,-4,62
-16,-3,63
-17,-5,59
-16,-6,59
-19,-5,61
-15,-5,58
-14,-5,65
-19,-5,61
-15,-3,63
-18,-5,56
-16,-3,65
-19,-4,59
-16,-5,58
-18,-5,60
-14,-2,63
-17,-6,53
-15,-2,69
-16,-5,54
-15,0,68
-18,-4,59
-14,-4,63
-20,-5,60
-17,-2,67
-17,-6,59
-19,-5,63
-21,-2,65
-16,-1,64
-16,-4,64
-15,-8,58
-16,-1,66
-19,-3,61
-12,-4,64
-17,-5,60
-18,-5,59
-14,-3,61
-17,-5,59
-16,-6,58
-19,-6,58
-15,-3,62
-17,-5,57
-17,-4,64
-16,-4,59
-16,-3,61
-17,-5,61
-16,-5,63
-17,-4,59
-18,-6,59
-14,-4,58
-19,-6,59
-16,-5,60
-21,-4,63
-18,-6,57
-18,-4,64
-19,-4,59
-18,-3,62
-18,-5,59
-16,-3,62
-18,-4,58
-17,-4,61
-18,-3,60
-17,-4,59
-16,-5,62
-16,-6,60
-18,-5,60
-17,-3,66
-15,-1,65
-17,-6,60
-15,-4,66
-19,-4,61
-14,-5,56
-19,-7,57
-16,-4,59
-20,-4,59
-16,-5,61
-18,-4,63
-18,-4,61
-18,-5,61
-17,-4,60
-18,-3,63
-17,-6,61
-18,-4,64
-19,-4,59
-16,-4,61
-18,-2,64
-19,-4,59
-17,-5,59
-17,-3,60
-16,-3,59
-16,-5,60
-17,-5,61
-17,-4,60
-17,-5,59
-17,-2,66
-17,-6,58
-17,-5,63
-18,-4,56
-17,-2,64
-16,-5,58
-17,-5,63
-19,-6,57
-19,-3,63
-16,-4,57
-18,-4,63
-20,-7,55
-21,-3,65
-18,-5,57
-16,-5,64
-19,-5,60
-16,-3,62
-17,-4,59
-17,-3,67
-16,-5,59
-16,-3,66
-16,-5,61
-16,-3,65
-17,-4,62
-16,-4,61
-17,-4,61
-16,-5,58
-16,-2,66
-16,-5,61
-17,-6,60
-17,-3,66
-18,-5,57
-18,-3,65
-18,-5,59
-15,-3,63
-17,-3,63
-15,-6,60
-16,-3,64
-16,-4,58
-14,-3,65
-19,-5,63
-18,-5,67
-16,-8,49
-21,-6,58
-14,-1,61
-19,-4,61
-12,-12,46
-23,-10,43
-10,4,69
-18,-2,52
-10,-8,60
-16,-12,53
-15,1,67
-18,-4,60
-12,-5,64
-18,-3,67
-16,-1,64
-16,-3,68
-14,-4,67
-20,-4,64
-17,-2,65
-17,-4,62
-17,-5,65
-18,-6,61
-17,-3,64
-17,-4,59
-16,-3,65
-17,-3,63
-17,-5,59
-16,-5,60
-15,-4,60
-17,-4,59
-14,-5,61
-16,-5,60
-17,-4,60
-16,-4,60
-16,-3,63
-17,-5,59
-17,-5,62
-17,-4,62
-18,-6,59
-16,-5,63
-19,-4,62
-18,-4,61
-18,-4,62
-17,-4,62
-16,-4,61
-18,-4,61
-14,-3,62
-16,-4,60
-16,-5,62
-16,-4,62
-15,-3,62
-15,-5,59
-14,-4,63
-17,-5,57
-14,-4,61
-16,-5,60
-16,-5,58
-18,-6,61
-15,-4,61
-16,-4,64
-16,-5,61
-17,-3,65
-16,-2,63
-16,-5,62
-14,-2,66
-18,-4,62
-16,-5,61
-17,-3,64
-16,-4,60
-15,-5,59
-17,-6,61
-14,-4,58
-14,-4,64
-16,-5,61
-15,-5,60
-17,-4,63
-18,-5,61
-16,-3,64
-17,-4,60
-15,-5,62
-16,-4,61
-18,-6,59
-14,-5,58
-18,-5,62
-17,-5,57
-14,-3,66
-16,-5,60
-16,-4,64
-16,-5,60
-16,-3,63
-17,-3,59
-16,-3,65
-16,-4,60
-17,-2,64
-16,-5,58
-15,-3,61
-17,-4,59
-14,-4,62
-16,-5,60
-16,-4,62
-15,-3,62
-15,-3,62
-15,-5,60
-15,-4,64
-15,-5,61
-16,-4,62
-16,-4,61
-16,-4,63
-16,-4,63
-15,-4,64
-16,-4,63
-18,-4,61
-15,-3,63
-16,-4,63
-16,-4,63
-18,-5,59
-16,-3,60
-17,-2,60
-15,-4,61
-15,-6,62
-16,-9,58
-15,-5,63
-15,-2,67
-13,-3,66
-14,-6,64
-13,-6,64
-16,-4,61
-14,-2,65
-14,-5,58
-13,-4,62
-14,-6,60
-14,-4,64
-17,-7,56
-17,-5,63
-16,-4,61
-16,-5,62
-15,-6,62
-16,-4,61
-17,-4,59
-14,-4,61
-16,-4,63
-16,-7,58
-17,-5,60
-16,-4,60
-14,-3,61
-14,-6,58
-13,-4,61
-16,-7,55
-11,-3,63
-17,-7,56
-14,-5,62
-18,-7,58
-14,-4,64
-17,-6,59
-14,-4,64
-17,-5,62
-15,-5,60
-18,-5,62
-15,-4,61
-15,-5,62
-15,-5,62
-16,-3,62
-13,-4,61
-15,-4,64
-14,-5,62
-16,-5,60
-15,-4,63
-15,-4,63
-15,-5,62
-16,-5,63
-15,-3,64
-14,-4,61
-15,-4,61
-14,-3,65
-16,-7,56
-15,-4,64
-18,-4,59
-14,-3,63
-16,-5,62
-12,-5,64
-16,-5,63
-15,-4,62
-16,-3,65
-13,-4,61
-15,-4,63
-15,-4,62
-13,-5,60
-13,-5,61
-14,-4,61
-13,-4,61
-15,-6,60
-13,-5,61
-14,-5,62
-13,-4,62
-13,-4,65
-13,-6,60
-15,-5,62
-13,-4,61
-12,-5,61
-13,-3,62
-13,-4,65
-12,-4,63
-14,-3,67
-10,-5,60
-10,0,73
-12,-7,53
-8,-1,75
-12,-7,54
-10,-2,69
-15,-4,65
-10,-5,66
-14,-5,63
-13,-4,67
-14,-6,60
-14,-4,64
-13,-5,62
-13,-2,66
-15,-5,60
-12,-3,65
-15,-3,63
-10,-3,64
-13,-6,59
-12,-3,63
-13,-7,55
-8,-3,67
-13,-7,59
-11,-5,61
-13,-5,60
-10,-4,63
-12,-4,61
-10,-5,64
-13,-6,61
-12,-6,69
-9,-1,74
-15,-9,51
-11,0,72
-14,-1,58
-10,-5,64
-11,-10,55
-14,0,69
-15,-4,59
-11,-4,63
-13,-4,68
-15,-7,59
-16,-4,65
-14,-4,55
-14,-2,64
-12,-5,60
-11,-4,70
-9,-6,63
-14,-3,69
-10,0,71
-12,-4,69
-10,-5,68
-17,-5,68
-11,-2,70
-17,-5,62
-12,-3,69
-16,-6,58
-15,-4,61
-14,-3,60
-13,-1,62
-13,-5,54
-14,-4,64
-11,-3,66
-14,-5,62
-13,-6,62
-14,-4,65
-15,-2,66
-13,-5,63
-11,-5,65
-11,-5,60
-11,-2,64
-12,-4,60
-9,-5,60
-13,-6,59
-11,-4,66
-13,-5,62
-12,-5,65
-15,-6,62
-12,-3,63
-12,-4,63
-10,-8,52
-13,-4,63
-13,-6,54
-7,-4,62
-13,-6,62
-11,-10,53
-18,-5,64
-13,-5,55
-15,-2,62
-12,-7,55
-13,-3,64
-12,-4,62
-11,-4,63
-13,-5,59
-13,-4,62
-10,-1,68
-12,-9,61
-10,-7,66
-13,-1,69
-10,-1,64
-10,-3,65
-6,-4,65
-11,-4,65
-11,-3,64
-11,-4,64
-11,-5,62
-15,-4,64
-11,-5,62
-13,-4,65
-14,-6,62
-12,-2,65
-14,-5,61
-13,0,68
-14,-5,63
-8,-3,72
-17,-7,59
-14,-5,69
-12,-3,58
-13,-6,55
-10,-3,65
-14,-3,62
-11,-4,63
-14,-3,64
-12,-4,64
-13,-4,63
-12,-4,65
-12,-6,58
-16,-6,60
-9,-2,62
-14,-4,58
-10,-5,64
-13,-5,63
-12,-3,62
-11,-3,68
-10,-1,69
-12,-6,63
-11,-3,68
-15,-2,67
-10,-2,67
-14,-5,64
-10,-3,69
-14,-2,65
-13,-5,60
-11,-2,67
-13,-5,61
-11,-4,65
-14,-5,63
-12,-3,65
-14,-3,61
-12,-1,65
-12,-7,55
-13,-5,62
-13,-4,60
-13,-3,64
-14,-7,61
-13,-4,68
-13,-4,64
-13,-4,64
-11,-2,68
-12,-4,58
-14,-5,61
-12,-4,59
-14,-5,61
-14,-5,59
-13,-3,63
-12,-3,61
-13,-7,55
-8,-1,67
-15,-6,54
-9,-2,63
-14,-1,70
-8,-1,66
-17,-5,62
-10,-3,68
-14,-2,62
-11,-2,62
-14,-4,61
-12,-3,62
-15,-2,60
-11,-2,64
-13,-6,60
-14,-7,61
-14,-2,62
-13,-3,62
-13,-5,64
-14,-7,57
-17,-5,62
-14,-2,58
-13,-2,61
-13,-6,56
-16,-7,57
-13,-3,64
-15,-3,62
-16,-8,59
-13,-2,70
-18,-3,61
-16,-7,59
-16,-2,68
-18,-6,58
-15,-4,65
-19,-3,65
-14,-2,69
-19,-6,60
-14,-4,68
-17,-3,61
-17,-5,59
-12,-1,65
-17,-6,57
-12,-5,62
-15,-2,64
-13,-3,63
-16,-4,62
-13,-4,63
-16,-4,61
-15,-3,62
-16,-2,65
-14,-4,61
-18,-4,61
-15,-2,62
-14,-2,63
-17,-6,58
-14,-2,66
-16,-4,58
-14,-5,57
-15,-2,65
-13,-1,64
-16,-5,61
-13,-2,67
-16,-3,63
-15,-4,60
-15,-3,63
-15,-2,64
-16,-5,58
-16,-3,65
-15,-3,62
-18,-4,62
-14,-3,66
-17,-5,61
-18,-4,61
-16,-3,61
-19,-1,67
-18,-8,53
-19,-5,61
-18,-4,57
-15,-2,63
-15,-6,60
-16,-5,60
-20,-3,58
-15,-1,61
-16,-2,62
-17,-7,56
-17,-5,63
-16,-3,57
-17,-4,59
-14,-3,62
-16,-5,60
-15,-4,61
-15,-3,63
-15,-3,64
-17,-5,59
-16,-3,66
-18,-5,59
-18,-5,60
-18,-4,60
-17,-1,64
-17,-5,60
-19,-6,60
-18,-4,60
-19,-3,61
-16,-4,61
-16,-4,64
-18,-4,62
-14,-1,70
-13,-5,58
-20,-3,67
-16,0,70
-15,-5,52
-13,-6,57
-15,0,67
-16,-1,61
-15,-7,60
-15,-4,63
-18,-2,64
-17,-5,61
-16,-4,64
-19,-3,62
-18,-4,59
-16,0,67
-16,-4,59
-17,-4,64
-17,-4,61
-15,-2,65
-17,-5,58
-16,-2,67
-16,-2,63
-17,-3,62
-16,-3,62
-14,-3,61
-16,-4,60
-14,-3,62
-16,-3,63
-16,-5,57
-16,-2,66
-15,-4,59
-16,-3,64
-14,-3,64
-18,-5,61
-17,-3,62
-18,-3,61
-16,-3,63
-18,-6,58
-15,-2,67
-17,-5,57
-15,-3,65
-17,-2,64
-17,-6,58
-18,-4,62
-18,-4,59
-16,-2,64
-19,-5,59
-16,-4,59
-17,-3,61
-17,-3,63
-16,-3,63
-17,-3,63
-14,-4,60
-14,-2,66
-15,-5,59
-14,-3,64
-14,-3,62
-15,-4,60
-16,-4,61
-15,-2,63
-16,-5,59
-15,-5,61
-16,-4,58
-19,-5,59
-16,-4,59
-18,-2,66
-19,-7,54
-18,-3,63
-18,-1,61
-15,-3,61
-16,-5,61
-16,-4,62
-17,-3,59
-17,-3,64
-15,-4,64
-18,-4,61
-17,-4,61
-15,-2,68
-14,-6,61
-15,-6,60
-17,-2,63
-15,-3,56
-17,-2,64
-14,-7,56
-16,-5,61
-15,-2,61
-14,-3,61
-14,-5,61
-15,-4,66
-16,-6,61
-16,-5,59
-18,-4,62
-14,-3,60
-18,-5,58
-16,-5,60
-19,-3,63
-16,-4,60
-17,-4,63
-16,-2,62
-17,0,71
-11,-3,64
-16,-5,67
-14,-6,60
-15,0,68
-12,-3,61
-14,-6,61
-16,-4,63
-16,-2,61
-16,-4,58
-15,-4,65
-17,-6,57
-18,-4,62
-16,-4,59
-16,-4,61
-17,-5,60
-15,0,69
-19,-6,58
-16,-5,62
-18,-1,66
-14,-1,65
-16,-6,61
-17,-4,63
-17,-4,60
-15,-3,61
-16,-4,62
-16,-5,60
-18,-4,60
-15,-4,61
-15,-4,60
-18,-3,61
-15,-1,63
-17,-4,58
-15,-6,59
-16,-3,64
-18,-4,61
-16,-5,62
-15,-3,64
-19,-7,55
-14,-2,66
-17,-5,58
-14,-5,59
-19,-6,57
-15,-1,66
-17,-4,58
-16,-4,65
-16,-3,62
-16,-1,65
-18,-4,62
-15,-4,66
-21,-4,60
-15,-2,65
-16,-3,65
-17,-5,62
-18,-3,63
-17,-2,63
-17,-4,59
-16,-4,62
-15,-4,62
-17,-6,58
-17,-2,65
-17,-4,62
-15,-3,65
-18,-5,61
-16,-3,63
-17,-1,62
-13,-3,60
-13,-3,62
-18,-7,53
-12,-1,65
-16,-4,54
-14,-3,63
-15,-3,61
-15,-3,65
-18,-6,59
-15,-2,66
-15,-3,62
-16,-6,57
-17,-1,68
-15,-4,58
-14,-2,67
-15,-4,62
-16,-5,64
-17,-4,63
-16,-3,60
-12,-5,61
-17,-7,58
-14,-4,61
-18,-4,59
-16,-4,61
-17,-2,64
-18,-5,60
-15,-4,63
-17,-3,62
-16,-4,60
-17,-3,59
-17,-1,67
-17,-9,54
-15,-3,62
-18,-4,57
-12,-3,58
-18,-6,56
-12,-5,61
-20,-8,54
-16,-3,64
-19,-2,60
-16,-4,63
-17,-6,59
-17,-2,66
-20,-4,59
-16,-3,64
-16,-4,59
-20,-7,55
-16,-2,65
-18,-4,58
-15,-5,57
-19,-6,56
-15,-1,64
-17,-3,55
-16,-4,65
-16,-4,59
-17,-2,62
-18,-3,62
-16,-5,61
-18,-4,60
-17,-3,63
-17,-5,58
-20,-7,59
-17,-4,62
-18,-2,64
-20,-6,61
-16,-2,68
-20,-4,62
-16,-3,62
-20,-2,66
-19,-5,58
-18,-5,60
-19,-4,59
-20,-3,61
-16,-3,62
-17,-4,61
-18,-5,60
-20,-5,58
-15,-2,63
-16,-4,59
-16,-5,62
-16,-2,64
-17,-5,58
-18,-5,61
-17,-3,66
-18,-6,59
-18,-5,65
-19,-5,62
-20,-4,62
-18,-2,61
-17,-2,65
-19,-6,57
-18,-3,64
-18,-4,59
-17,-5,61
-17,-3,64
-17,-5,60
-18,-4,61
-18,-3,61
-15,-1,68
-20,-5,59
-15,-3,66
-18,-3,62
-17,-5,59
-18,-3,65
-16,-2,63
-18,-4,61
-18,-3,62
-17,-4,62
-17,-3,63
-17,-3,60
-17,-3,63
-17,-5,58
-15,-3,64
-17,-5,60
-16,-4,61
-17,-2,61
-14,-3,62
-19,-5,61
-15,0,72
-20,-8,51
-16,-1,69
-19,-3,58
-14,-2,64
-18,-5,61
-14,-1,67
-18,-4,60
-16,-3,63
-18,-2,67
-16,-4,64
-17,-4,65
-17,-3,62
-17,-2,65
-17,-5,58
-17,-5,62
-16,-5,56
-18,-4,58
-17,-3,63
-18,-6,62
-17,-9,49
-21,-2,65
-18,-3,52
-18,-4,59
-14,-6,61
-18,-3,62
-19,-2,65
-15,-7,56
-18,-3,68
-19,-6,60
-15,-3,66
-19,-4,58
-14,-1,66
-15,-3,59
-15,-6,57
-17,-3,65
-15,-2,63
-16,-4,61
-18,-3,63
-16,-3,62
-15,-3,65
-17,-5,61
-16,-5,62
-17,-6,57
-14,-2,65
-17,-2,61
-14,-6,62
-15,-3,65
-18,-4,59
-16,-4,63
-16,-3,63
-16,-5,60
-16,-5,61
-14,-3,60
-17,-4,56
-14,-2,61
-15,-2,60
-15,-6,57
-16,-4,63
-17,-4,62
-15,-2,64
-20,-4,67
-13,1,74
-21,-10,48
-9,2,68
-17,-4,52
-11,-8,62
-15,-6,60
-16,-3,61
-17,-5,61
-14,-5,62
-16,-4,64
-18,-4,63
-12,0,68
-19,-5,59
-16,-4,59
-19,-2,62
-16,-6,58
-18,-5,61
-18,-2,64
-16,-2,62
-16,-3,64
-14,-3,63
-15,-3,62
-14,-4,60
-14,-3,65
-14,-5,61
-13,-5,62
-14,-2,65
-15,-5,59
-13,-3,67
-16,-4,60
-14,-3,65
-16,-6,58
-15,-2,67
-18,-5,56
-15,-2,67
-17,-3,64
-17,-5,62
-17,-4,63
-17,-2,61
-17,-3,60
-14,-2,66
-16,-7,56
-19,-6,58
-16,-2,60
-18,-3,58
-13,-6,56
-18,-5,60
-15,-3,63
-18,-5,57
-16,-2,67
-16,-5,56
-15,-1,64
-16,-2,64
-14,-5,60
-18,-4,66
-16,-1,65
-19,-4,62
-16,-4,64
-18,-3,65
-16,-4,62
-14,-2,64
-15,-4,63
-16,-5,58
-18,-3,61
-14,-3,64
-18,-7,58
-17,-5,64
-16,-2,62
-17,-3,61
-16,-4,62
-17,-3,63
-18,-3,61
-15,-4,60
-15,-4,65
-19,-6,58
-16,-2,63
-16,-2,66
-16,-4,63
-19,-6,62
-16,-1,68
-18,-4,59
-14,-2,64
-18,-3,66
-14,-3,63
-18,-3,63
-14,-3,61
-16,-1,66
-13,-2,65
-16,-7,62
-18,-4,63
-18,-1,63
-17,-4,57
-17,-5,59
-14,-2,64
-15,-4,59
-17,-6,58
-17,-2,64
-17,-3,58
-15,-4,61
-17,-5,62
-18,-4,62
-16,-3,61
-15,-3,66
-17,-6,61
-17,-3,65
-16,-3,61
-16,-3,61
-16,-4,61
-15,-3,62
-17,-5,57
-14,-3,63
-17,-5,61
-18,-5,59
-16,-2,66
-15,-4,62
-18,-5,64
-17,-3,63
-18,-2,62
-16,-2,62
-16,-3,65
-15,-5,63
-17,-3,62
-15,-2,63
-15,-3,62
-15,-5,60
-16,-4,62
-17,-4,59
-16,-3,60
-18,-2,63
-17,-4,57
-17,-2,63
-17,-3,61
-18,-5,57
-16,-3,62
-17,-3,62
-17,-2,64
-17,-6,61
-16,-3,68
-17,-5,55
-14,-1,71
-14,-4,59
-14,-4,65
-15,-4,62
-16,-3,64
-17,-5,59
-17,-3,63
-17,-2,63
-18,-5,62
-16,-3,64
-19,-4,61
-19,-4,61
-18,-3,63
-17,-4,58
-19,-6,58
-16,-3,58
-20,-4,58
-15,-5,58
-18,-4,62
-17,-6,57
-19,-3,64
-17,-4,60
-16,-5,60
-18,-4,63
-16,-4,57
-19,-5,59
-17,-6,56
-20,-3,62
-19,-5,55
-18,-4,61
-18,-4,61
-18,-4,59
-17,-2,66
-16,-4,61
-18,-3,63
-16,-4,59
-15,-1,63
-17,-4,66
-15,-3,63
-21,-3,65
-17,-2,64
-16,0,68
-17,-6,57
-17,-3,66
-17,0,66
-17,-5,59
-17,-7,59
-18,-1,72
-17,-2,58
-18,-3,67
-18,-1,60
-19,-6,51
-17,-4,67
-15,2,64
-20,-4,60
-11,-2,69
-21,-4,65
-16,-6,63
-19,-2,65
-17,-1,64
-19,-4,60
-16,-3,62
-17,-4,60
-19,-4,65
-18,-6,58
-17,0,68
-17,-5,56
-14,-2,69
-15,-7,56
-16,-1,65
-14,-2,58
-14,-1,68
-15,-7,55
-17,-1,69
-15,-5,57
-17,-2,66
-18,-4,62
-17,-5,62
-19,-3,62
-18,-3,60
-18,-3,62
-17,-4,59
-16,-3,66
-18,-6,59
-19,-4,64
-18,-2,63
-19,-3,61
-16,-5,61
-19,-4,62
-19,-5,58
-18,-4,61
-17,-4,58
-19,-5,60
-18,-6,62
-19,-4,65
-21,-6,59
-17,0,68
-21,-4,60
-15,-1,68
-21,-5,59
-18,-5,56
-21,-3,61
-18,-4,60
-18,-5,61
-18,-4,62
-18,-4,62
-16,-5,60
-19,-5,59
-16,-3,63
-17,-3,58
-17,-3,65
-19,-5,56
-18,-5,64
-17,-6,55
-20,-6,58
-18,-3,62
-18,-3,60
-20,-8,55
-19,1,68
-20,-3,56
-14,-2,65
-21,-6,58
-15,-2,66
-19,-2,63
-18,-6,62
-16,-5,64
-18,-2,64
-16,-3,59
-14,0,71
-15,-5,59
-17,-4,65
-18,-4,62
-17,-4,61
-18,-5,60
-19,-4,61
-19,-2,63
-19,-5,58
-16,-5,61
-20,-5,60
-17,-5,62
-17,-4,59
-17,-3,63
-16,-4,60
-15,-4,62
-16,-5,58
-16,-3,62
-15,-3,62
-18,-5,60
-18,-6,61
-19,-5,59
-18,-3,63
-18,-2,64
-18,-7,57
-21,-4,61
-18,-3,61
-16,-2,65
-19,-7,57
-19,-4,64
-17,-3,61
-17,-4,61
-17,-5,62
-16,-3,64
-18,-4,60
-16,-6,61
-17,-4,62
-20,-4,59
-16,-1,64
-19,-4,61
-15,-2,65
-20,-5,60
-15,-2,65
-19,-3,62
-14,-3,66
-17,-5,61
-18,-4,62
-16,-3,62
-16,-3,61
-15,-4,62
-16,-3,64
-16,-4,58
-17,-2,67
-15,-4,61
-18,-5,61
-19,-4,63
-17,-4,58
-19,-6,58
-17,-4,60
-16,-4,60
-19,-4,62
-18,-6,59
-20,-4,60
-19,-3,62
-17,-3,63
-18,-6,59
-20,-5,65
-19,-4,58
-20,-2,64
-21,-5,59
-19,-5,58
-21,-4,61
-22,-6,56
-20,-3,63
-22,-4,57
-19,-3,63
-21,-4,59
-20,-5,59
-21,-3,63
-20,-4,60
-20,-4,61
-20,-4,63
-19,-5,60
-20,-4,61
-19,-4,62
-18,-4,58
-21,-4,60
-20,-5,58
-20,-4,62
-21,-5,57
-20,-3,64
-23,-6,56
-21,-2,66
-23,-4,60
-19,-2,65
-21,-3,62
-24,-3,64
-19,-2,64
-22,-5,62
-19,-4,64
-22,-4,59
-22,-3,63
-21,-5,59
-21,-4,62
-22,-5,58
-20,-4,62
-20,-4,58
-21,-4,60
-19,-4,60
-19,-3,63
-20,-6,56
-18,-2,64
-20,-5,56
-18,-4,63
-21,-6,56
-19,-4,59
-21,-4,59
-20,-5,57
-19,-5,61
-20,-4,59
-19,-2,62
-22,-3,65
-21,-7,55
-22,-3,64
-22,-5,55
-19,-1,68
-23,-7,56
-22,-4,70
-20,-2,66
-16,-7,50
-24,-1,68
-18,8,78
-20,-9,44
-13,-5,60
-23,0,55
-17,-5,58
-18,-3,63
-16,-9,59
-23,-8,60
-20,-2,63
-18,-2,60
-19,-3,64
-18,-2,67
-20,-5,59
-19,-4,63
-21,-3,63
-20,-4,60
-20,-4,60
-19,-3,62
-17,-2,63
-19,-3,62
-16,-4,63
-20,-5,57
-17,-3,62
-17,-4,57
-17,-3,63
-19,-5,57
-16,-2,62
-17,-5,56
-15,-4,60
-20,-5,58
-16,-4,56
-18,-3,62
-16,-6,58
-17,-4,62
-18,-5,59
-16,-3,65
-17,-5,59
-17,-4,64
-16,-3,63
-16,-3,62
-16,-4,61
-16,-4,58
-19,-4,59
-16,-5,58
-19,-4,61
-19,-5,59
-19,-3,64
-18,-4,61
-18,-3,62
-18,-4,61
-17,-4,63
-18,-6,57
-15,-2,65
-18,-6,57
-17,-5,63
-20,-3,62
-18,-3,60
-17,-2,63
-18,-4,63
-17,-4,62
-17,-3,62
-15,-2,64
-18,-4,60
-16,-3,65
-18,-4,63
-19,-5,60
-17,-3,63
-19,-3,62
-17,-3,61
-19,-3,63
-16,-4,61
-19,-3,61
-18,-4,61
-17,-3,61
-19,-5,59
-17,-4,60
-18,-5,59
-16,-4,58
-16,-3,64
-16,-4,62
-16,-4,62
-17,-4,62
-17,-4,61
-17,-3,63
-16,-4,62
-15,-4,61
-17,-3,63
-16,-3,62
-16,-4,60
-16,-3,61
-17,-5,57
-15,-4,60
-18,-6,60
-14,-6,57
-20,-5,61
-18,-5,57
-18,-2,66
-19,-6,57
-16,-2,67
-19,-3,59
-15,-2,62
-17,-3,63
-17,-5,58
-17,-5,61
-16,-3,62
-15,-5,60
-15,-4,61
-17,-5,58
-14,-2,62
-17,-5,57
-14,-3,63
-16,-7,57
-15,-3,62
-19,-3,66
-15,-5,61
-17,-4,63
-17,-2,64
-18,-4,59
-15,-4,61
-16,-2,64
-16,-4,57
-16,-2,67
-15,-4,62
-17,-4,63
-16,-5,59
-14,-2,64
-17,-4,59
-14,-4,62
-16,-2,62
-15,-4,60
-14,-3,65
-17,-7,59
-17,-4,64
-17,-3,60
-15,-2,67
-17,-6,58
-16,-2,67
-16,-4,59
-15,-3,65
-18,-4,62
-16,-5,59
-17,-2,64
-17,-4,58
-16,-4,62
-17,-5,58
-17,-3,64
-18,-4,59
-16,-3,64
-16,-3,63
-19,-5,60
-17,-2,67
-18,-5,60
-18,-4,62
-17,-4,62
-17,-3,63
-16,-3,60
-16,-2,63
-16,-5,60
-16,-4,60
-17,-4,62
-15,-5,59
-18,-4,62
-18,-5,60
-17,-4,62
-18,-5,58
-15,-3,66
-16,-5,62
-17,-5,66
-18,-5,63
-17,-4,62
-17,-3,64
-17,-5,60
-17,-5,61
-17,-4,61
-17,-4,60
-17,-4,63
-19,-5,62
-17,-4,64
-20,-4,59
-17,-1,67
-18,-5,60
-17,-5,62
-19,-4,62
-17,-3,63
-17,-4,61
-16,-4,65
-18,-7,59
-19,-4,63
-17,-4,57
-15,-4,64
-17,-4,61
-18,-5,64
-16,-4,62
-19,-3,62
-16,-2,61
-17,-1,64
-15,-5,59
-15,-6,60
-18,-6,57
-17,-3,60
-20,-3,60
-16,-6,59
-16,-5,64
-20,-4,61
-18,-4,60
-18,-2,64
-18,-4,65
-16,-3,65
-19,-4,64
-13,-3,64
-18,-3,62
-16,-5,59
-14,-4,63
-15,-7,58
-15,-4,62
-14,-3,64
-16,-6,57
-14,-3,66
-18,-6,58
-14,-3,64
-16,-5,60
-14,-4,63
-18,-7,58
-15,-5,63
-18,-5,60
-17,-5,59
-16,-2,66
-17,-6,57
-18,-5,61
-16,-1,67
-17,-6,58
-14,-4,64
-19,-4,60
-15,-3,64
-15,-5,60
-16,-5,65
-18,-6,57
-16,-2,65
-17,-5,60
-17,-5,64
-17,-3,65
-16,-4,62
-16,-5,62
-17,-4,63
-17,-3,64
-17,-6,58
-16,-2,66
-17,-5,58
-17,-4,60
-16,-3,63
-14,-5,60
-16,-4,64
-17,-5,57
-16,-4,61
-15,-3,63
-14,-4,63
-16,-7,58
-16,-5,61
-16,-2,62
-15,-4,60
-16,-4,64
-15,-6,59
-15,-2,63
-18,-4,68
-13,-3,66
-20,-4,63
-14,-3,65
-15,-3,65
-15,-6,56
-16,-1,72
-14,-4,58
-17,-3,67
-14,-4,63
-16,-3,64
-16,-4,60
-16,-2,67
-17,-6,56
-17,-6,58
-14,-2,63
-15,-4,60
-15,-7,62
-16,-4,65
-21,-5,59
-15,-1,67
-19,-5,61
-16,-5,66
-19,-3,62
-16,-4,62
-17,-4,60
-16,-3,66
-16,-6,57
-17,-2,65
-16,-4,59
-14,-5,61
-17,-7,57
-17,-6,61
-19,-3,64
-19,-6,57
-16,-1,68
-23,-5,64
-17,-2,73
-20,-10,48
-14,2,70
-23,-2,53
-10,-8,62
-16,-7,58
-19,-3,61
-19,-4,61
-15,-5,62
-16,-7,60
-18,-4,66
-17,-3,65
-18,-4,62
-15,-2,65
-18,-5,63
-17,-5,60
-18,-3,64
-19,-6,56
-19,-2,64
-17,-5,57
-16,-6,61
-17,-4,62
-18,-3,64
-17,-6,58
-17,-4,61
-17,-3,61
-17,-5,58
-17,-4,62
-17,-5,57
-18,-4,61
-18,-4,62
-15,-3,63
-18,-5,57
-18,-2,64
-15,-3,63
-15,-8,56
-17,-3,68
-18,-5,59
-14,-2,65
-20,-3,68
-13,-3,67
-21,-3,63
-13,-1,68
-18,-5,60
-15,-5,63
-18,-3,62
-17,-5,61
-17,-5,62
-18,-4,61
-18,-4,60
-19,-4,63
-17,-4,65
-19,-6,58
-18,-2,64
-17,-3,61
-15,-4,61
-17,-5,62
-16,-3,63
-17,-4,59
-16,-4,60
-16,-3,63
-16,-5,59
-17,-4,63
-17,-3,63
-18,-4,63
-16,-5,59
-19,-5,61
-19,-5,57
-17,-1,66
-16,-7,55
-18,-5,62
-19,-3,62
-15,-2,65
-18,-6,59
-16,-4,66
-17,-4,60
-17,-4,63
-16,-4,63
-18,-5,61
-19,-4,60
-17,-3,64
-16,-5,60
-18,-5,63
-18,-3,64
-18,-5,58
-18,-4,61
-18,-3,62
-16,-3,62
-18,-5,58
-17,-3,61
-18,-5,57
-16,-3,63
-18,-4,60
-17,-5,62
-17,-5,61
-16,-4,63
-18,-5,56
-16,-2,65
-17,-4,62
-16,-6,61
-18,-7,58
-16,-1,68
-19,-6,61
-14,-3,69
-19,-5,61
-16,-4,63
-14,-2,67
-14,-6,59
-16,-2,66
-16,-4,57
-12,-2,63
-17,-7,53
-14,-4,61
-17,-3,60
-16,-5,58
-16,-4,62
-17,-6,57
-17,-3,66
-17,-3,64
-18,-6,60
-18,-3,65
-17,-3,62
-15,-4,64
-17,-7,58
-17,-2,67
-16,-5,53
-15,-3,66
-15,-4,60
-15,-4,59
-16,-3,62
-16,-6,57
-16,-4,61
-17,-3,58
-15,-3,65
-17,-7,57
-16,-2,66
-16,-3,63
-16,-5,61
-16,-6,62
-16,-3,59
-18,-4,57
-13,-3,63
-16,-6,58
-15,-6,59
-19,-4,59
-14,-4,60
-16,-6,59
-15,-3,68
-15,-5,61
-17,-4,64
-14,-3,66
-15,-4,62
-16,-4,62
-16,-3,66
-16,-5,60
-17,-6,60
-16,-2,63
-16,-3,59
-15,-3,63
-15,-5,60
-14,-5,56
-18,-5,58
-13,-4,61
-15,-4,63
-16,-7,59
-15,-4,62
-16,-2,63
-15,-5,58
-15,-4,63
-17,-4,59
-15,-4,61
-14,-5,63
-15,-6,59
-16,-2,65
-15,-3,60
-15,-4,64
-17,-4,64
-14,-3,66
-17,-5,62
-16,-4,64
-15,-3,61
-18,-8,55
-12,-3,62
-17,-4,57
-13,-4,63
-16,-5,59
-15,-4,62
-16,-4,58
-14,-3,64
-15,-5,64
-15,-9,57
-15,-2,68
-18,-6,59
-12,-1,68
-16,-11,46
-10,2,69
-19,-6,46
-7,0,69
-14,-8,49
-12,-4,64
-16,-2,63
-13,-4,62
-16,-5,67
-16,-7,63
-17,-5,63
-18,-4,61
-14,-2,62
-16,-4,58
-14,-4,65
-14,-3,65
-17,-7,59
-15,-6,65
-16,-3,63
-16,-5,62
-14,-4,65
-16,-5,62
-17,-5,60
-16,-3,64
-16,-3,63
-18,-4,64
-16,-4,64
-18,-4,64
-17,-5,59
-17,-2,65
-15,-2,65
-17,-6,56
-16,-2,65
-15,-3,60
-15,-5,62
-16,-6,62
-17,-4,59
-17,-4,62
-14,-4,64
-16,-6,60
-15,-4,60
-17,-4,60
-14,-3,60
-18,-7,55
-16,-4,63
-18,-4,59
-17,-3,64
-17,-4,63
-17,-7,58
-16,-3,62
-18,-4,59
-15,-3,62
-18,-7,56
-14,-4,64
-17,-4,59
-15,-4,61
-15,-3,63
-18,-5,59
-16,-3,63
-16,-3,63
-19,-6,59
-17,-2,65
-17,-6,56
-17,-4,62
-18,-4,60
-16,-2,66
-18,-7,56
-17,-3,66
-18,-5,59
-15,-5,61
-19,-5,61
-15,-4,60
-18,-5,59
-15,-4,62
-17,-4,60
-16,-4,59
-17,-3,60
-16,-4,60
-17,-6,57
-16,-4,61
-17,-4,62
-16,-6,60
-16,-3,67
-18,-6,57
-16,-3,65
-17,-3,62
-16,-6,58
-18,-5,59
-17,-3,60
-17,-4,58
-15,-5,60
-18,-4,61
-18,-5,58
-18,-3,62
-16,-4,65
-21,-7,57
-18,-2,68
-19,-4,60
-16,-4,65
-21,-6,61
-18,-3,66
-19,-5,59
-17,-3,66
-18,-4,66
-17,-4,61
-19,-3,63
-18,-3,57
-19,-5,56
-17,-4,59
-16,-4,59
-17,-5,57
-19,-5,62
-16,-6,57
-21,-7,57
-18,-4,61
-19,-2,65
-19,-7,55
-18,-3,65
-18,-5,57
-15,-3,64
-16,-4,62
-18,-5,61
-17,-4,61
-16,-3,63
-15,-3,63
-16,-6,60
-17,-5,62
-18,-4,56
-17,-3,60
-18,-4,62
-17,-5,62
-20,-5,60
-18,-3,62
-18,-3,62
-20,-5,62
-18,-3,64
-19,-4,61
-15,-2,64
-19,-3,63
-17,-4,59
-17,-2,64
-15,-3,64
-18,-7,56
-19,-6,62
-15,-3,60
-17,-4,65
-16,-6,60
-17,-2,66
-16,-4,59
-16,-4,66
-17,-5,61
-17,-4,61
-18,-4,62
-15,-5,59
-20,-6,57
-17,-4,63
-22,-6,63
-16,-5,60
-18,-1,67
-17,-4,61
-18,-6,58
-17,-3,63
-15,-4,58
-18,-8,51
-16,-1,68
-17,-3,58
-15,-5,62
-17,-7,59
-18,-4,59
-17,-2,64
-16,-4,62
-18,-7,59
-20,-5,62
-18,-4,60
-19,-4,58
-20,-2,66
-15,0,67
-21,-6,60
-16,-5,65
-19,-3,63
-15,-4,60
-17,-3,62
-17,-2,63
-15,-5,58
-18,-4,65
-18,-3,66
-17,-7,51
-18,-4,65
-17,-5,53
-22,-8,53
-11,-6,58
-22,-3,57
-16,-6,60
-16,-3,64
-16,-4,62
-17,-5,61
-18,-4,62
-17,-5,57
-19,-5,57
-17,-3,63
-17,-5,59
-17,-4,61
-19,-4,59
-16,-3,61
-18,-4,59
-17,-3,64
-15,-3,65
-19,-4,63
-18,-4,59
-18,-3,62
-17,-4,61
-17,-3,65
-19,-6,57
-18,-4,64
-17,-4,59
-18,-3,63
-20,-5,59
-18,-1,68
-19,-6,56
-16,-4,63
-18,-3,61
-18,-3,62
-16,-4,63
-17,-3,64
-16,-3,60
-18,-2,64
-13,-2,63
-17,-5,61
-15,-6,60
-16,-3,62
-17,-3,61
-16,-4,62
-17,-4,63
-18,-6,56
-16,-1,65
-15,-2,62
-16,-5,62
-16,-4,63
-17,-4,62
-16,-3,61
-17,-3,61
-15,-2,65
-18,-5,61
-17,-5,64
-17,-4,61
-17,-3,66
-17,-1,66
-20,-3,65
-14,-5,59
-19,-1,67
-14,-1,64
-18,-5,58
-14,-4,66
-17,-4,57
-18,-4,60
-17,-2,64
-19,-6,56
-17,-3,66
-18,-5,59
-18,-3,64
-18,-4,61
-16,-1,67
-20,-5,57
-17,-5,62
-17,-2,62
-16,-3,62
-17,-5,60
-17,-4,63
-18,-3,59
-16,-4,62
-18,-6,60
-17,-4,58
-19,-3,60
-15,-4,61
-19,-6,57
-16,-3,64
-17,-4,60
-16,-4,60
-17,-4,62
-15,-4,62
-19,-5,60
-17,-5,60
-16,-3,61
-19,-5,56
-16,-3,61
-19,-4,59
-16,-4,59
-19,-4,61
-16,-4,62
-19,-6,57
-17,-2,67
-16,-3,63
-17,-5,59
-15,-1,64
-17,-6,54
-14,-1,68
-15,-5,57
-15,-3,64
-19,-5,58
-15,-4,61
-18,-2,62
-18,-4,61
-17,-1,66
-20,-3,63
-14,-4,64
-19,-3,63
-15,-2,63
-17,-3,62
-13,-5,56
-19,-7,56
-15,-5,57
-20,-1,64
-18,-6,57
-18,-5,61
-18,-3,68
-16,-3,65
-20,-7,58
-20,1,77
-16,-4,54
-13,-7,57
-17,-1,61
-15,-3,55
-13,-3,58
-16,-6,56
-17,-3,64
-16,-4,62
-12,-3,65
-20,-6,63
-16,-1,67
-18,-1,63
-12,-3,61
-15,-4,63
-17,-3,59
-17,-5,58
-12,-3,61
-19,-7,53
-13,-2,68
-17,-3,60
-13,-6,61
-18,-6,60
-16,-2,64
-15,-1,63
-16,-5,58
-16,-2,67
-18,-5,54
-13,-3,64
-16,-3,62
-15,-5,61
-16,-5,60
-14,-4,60
-18,-3,61
-13,-4,61
-16,-6,59
-14,-4,59
-18,-5,58
-13,-3,61
-16,-4,66
-17,-7,59
-19,-2,71
-22,-5,65
-27,-3,70
-23,-5,67
-18,-9,64
-25,-5,66
-28,-2,53
-63,1,46
-60,9,51
-44,15,56
-43,15,49
-40,16,52
-41,19,50
-43,23,46
-41,21,43
-52,19,35
-55,18,31
-50,18,28
-53,16,22
-57,14,16
-53,12,17
-49,8,14
-53,7,11
-58,4,8
-64,3,5
-63,3,5
-58,8,9
-52,10,8
-63,14,0
-67,17,-1
-65,22,-4
-63,23,1
-58,21,8
-62,21,1
-63,19,-10
-88,27,3
-70,25,3
-64,22,1
-64,22,4
-60,22,2
-59,22,4
-62,22,4
-61,22,3
-62,21,4
-63,22,4
-60,21,4
-62,20,5
-62,22,3
-61,20,4
-62,21,5
-63,22,2
-62,22,3
-64,22,4
-61,21,3
-62,22,5
-62,21,6
-61,21,3
-60,19,2
-63,22,3
-62,22,3
-63,23,4
-62,20,5
-63,24,4
-61,21,3
-60,22,1
-60,21,6
-63,20,4
-62,21,4
-61,21,5
-61,20,7
-59,19,7
-59,13,0
-69,27,-2
-62,19,6
-60,18,7
-60,19,9
-64,19,8
-64,19,6
-61,20,9
-60,21,11
-59,21,13
-60,21,13
-60,19,11
-58,18,11
-56,17,10
-58,15,13
-57,14,14
-57,14,13
-60,14,12
-64,11,17
-65,12,17
-65,14,16
-66,14,15
-65,12,17
-63,12,18
-64,12,20
-62,12,21
-58,9,24
-54,12,27
-51,17,31
-47,25,45
-44,18,53
-36,10,58
-28,5,58
-13,3,61
-10,3,61
-14,3,65
-18,5,66
-20,-2,61
-19,0,59
-20,7,53
-31,-5,48
-62,-18,45
-25,-6,62
-18,-10,59
-12,-5,71
-21,-6,68
-24,-4,67
-22,-5,63
-18,-2,62
-18,-5,54
-22,-1,58
-20,0,60
-19,-1,60
-20,-5,63
-23,-5,65
-23,-2,64
-22,-2,63
-21,-2,62
-22,-1,61
-22,-1,60
-21,-1,58
-23,-2,58
-20,-2,59
-20,-2,60
-21,-3,58
-23,-1,62
-23,-1,60
-23,0,60
-22,-1,61
-23,0,62
-24,0,60
-21,-1,59
-23,0,60
-22,-1,59
-20,0,61
-20,-2,58
-20,-2,60
-20,1,66
-19,-2,59
-21,-2,61
-19,0,62
-21,2,63
-17,-1,60
-21,-1,63
-19,-2,62
-21,0,62
-19,-1,61
-22,-1,62
-21,-1,61
-20,0,63
-21,-2,58
-21,0,63
-21,0,60
-20,-1,61
-21,-2,61
-19,-1,62
-21,0,60
-20,-1,60
-20,1,64
-18,-3,59
-20,0,65
-23,-1,59
-19,2,65
-21,-1,62
-18,-2,61
-22,0,61
-19,0,61
-19,2,64
-18,-4,57
-20,-1,64
-20,-1,61
-18,0,61
-18,-2,60
-19,-3,58
-21,-1,60
-18,-2,58
-18,-2,59
-20,-4,57
-17,-1,59
-22,-1,57
-17,-3,58
-21,-2,58
-18,-1,61
-21,0,62
-18,-3,60
-20,0,63
-20,-1,62
-17,-3,58
-21,-1,59
-18,-1,60
-20,1,62
-18,-2,59
-19,-1,62
-19,-3,58
-21,1,64
-18,-2,59
-20,0,63
-20,-1,61
-19,0,62
-20,-1,60
-18,-1,59
-20,-1,61
-18,-1,60
-20,-3,58
-18,-1,63
-21,-1,59
-17,-1,61
-20,-2,61
-20,-2,61
-20,1,64
-19,-3,58
-19,-1,64
-21,-3,56
-16,1,63
-20,-2,56
-17,-2,61
-21,-2,60
-19,-1,60
-21,-1,60
-19,-2,62
-21,-1,62
-20,0,65
-18,-1,63
-21,-1,64
-21,0,60
-19,0,61
-19,-1,59
-19,-2,58
-20,-1,59
-20,-2,58
-19,0,61
-19,-1,59
-19,-1,62
-19,-2,59
-20,-1,59
-20,0,62
-18,-1,61
-20,-3,58
-21,0,63
-18,0,62
-18,1,62
-22,-4,59
-20,2,68
-21,0,57
-18,-3,58
-19,0,65
-20,-3,55
-17,0,63
-18,-1,60
-19,-1,65
-19,-3,60
-20,-4,60
-20,0,62
-20,0,59
-17,-1,61
-20,-5,55
-17,0,64
-19,0,60
-18,-1,62
-19,-1,62
-20,-1,62
-21,0,66
-17,-7,53
-19,1,64
-20,0,56
-12,-2,56
-19,-3,57
-17,-3,55
-21,-1,60
-17,-4,55
-22,-1,62
-19,-3,62
-21,-2,61
-21,0,63
-20,-2,59
-19,-1,63
-21,-3,57
-22,0,62
-22,-2,56
-21,-1,60
-21,-2,59
-21,-1,59
-20,-1,60
-20,0,61
-19,-1,59
-20,-2,60
-19,-1,60
-21,-1,62
-16,1,64
-21,-2,58
-20,-1,62
-20,-1,57
-19,-3,59
-18,-1,58
-22,-3,55
-18,1,64
-18,0,57
-19,-2,61
-20,0,64
-21,-2,58
-19,-4,57
-22,-2,61
-19,-2,56
-22,0,62
-18,-4,57
-23,-3,58
-18,-1,59
-21,1,60
-20,-1,60
-21,-2,61
-20,-5,55
-18,1,65
-20,-3,56
-18,-1,64
-21,-4,56
-17,1,66
-19,-2,58
-18,-1,64
-20,-1,62
-18,-2,59
-20,-1,63
-18,-2,60
-20,-2,59
-19,0,61
-18,-1,60
-19,0,60
-19,-1,59
-19,0,62
-21,-3,57
-19,0,64
-19,-1,59
-20,-2,57
-20,1,62
-19,-2,57
-17,0,63
-17,-4,57
-18,-1,66
-19,-2,58
-19,-1,65
-18,-4,57
-24,-3,61
-19,-3,58
-22,0,60
-21,-1,61
-21,0,61
-21,-1,61
-20,-2,59
-21,0,63
-18,-2,58
-22,1,64
-21,-2,57
-18,0,63
-23,-4,58
-19,0,64
-22,1,59
-17,1,62
-19,-1,63
-17,-6,57
-19,-1,59
-20,-1,59
-16,0,58
-20,-1,66
-17,-3,62
-23,1,64
-15,3,67
-23,-3,58
-19,1,67
-21,-1,57
-19,-3,59
-22,-1,61
-20,0,61
-18,-2,60
-21,-1,64
-18,0,64
-20,-1,59
-19,0,62
-20,-3,58
-19,-1,63
-20,-1,61
-18,-1,63
-19,-2,59
-19,-1,62
-19,-1,59
-19,-1,60
-20,-2,61
-17,-1,59
-20,-3,58
-17,-2,62
-22,-2,58
-18,-1,59
-21,-1,58
-18,-2,59
-19,-1,59
-20,0,62
-19,0,61
-21,-1,60
-18,0,64
-20,-3,58
-20,-1,62
-19,0,62
-18,-2,59
-19,0,64
-19,-2,61
-19,-1,61
-20,-1,58
-18,0,60
-17,-1,56
-18,-3,56
-16,-2,61
-21,-4,55
-18,-1,61
-18,-2,63
-18,-2,64
-20,-5,56
-21,-1,63
-18,-1,58
-21,0,60
-19,-3,62
-21,-3,60
-22,1,62
-18,1,64
-14,-3,59
-19,-7,53
-17,0,62
-18,2,63
-15,0,61
-17,-3,62
-17,-3,63
-19,-2,59
-19,0,65
-19,-5,55
-22,1,66
-17,-1,59
-21,-4,60
-20,-2,61
-21,1,61
-18,0,63
-18,-2,64
-19,-2,62
-21,-1,60
-17,3,66
-20,-4,57
-18,-2,63
-21,-1,62
-20,1,68
-17,-6,50
-21,-3,60
-20,2,60
-17,-2,54
-17,-3,58
-19,0,59
-21,-1,55
-18,-1,61
-19,-2,59
-20,-1,63
-20,-1,63
-20,-6,55
-24,0,65
-22,-2,56
-23,1,66
-22,-3,58
-21,-2,64
-23,-1,62
-22,0,61
-21,0,62
-23,-2,60
-21,0,63
-22,-2,59
-20,-2,61
-23,-2,58
-22,2,65
-22,-2,56
-21,-1,60
-23,-1,58
-20,0,58
-21,-3,55
-21,0,63
-22,-2,56
-21,0,64
-19,0,64
-24,-4,57
-22,0,64
-23,0,60
-18,1,64
-24,-2,61
-21,-2,58
-23,-2,54
-19,3,66
-20,-1,56
-22,-1,64
-19,0,60
-21,-1,60
-21,-1,60
-21,0,65
-21,-1,63
-24,-2,61
-21,0,64
-21,1,62
-23,0,66
-20,0,66
-24,-1,61
-20,1,61
-23,2,63
-19,1,65
-23,-6,56
-24,-2,62
-23,1,60
-23,0,60
-22,-1,64
-22,-2,61
-24,1,66
-22,-1,59
-21,0,61
-21,1,63
-20,1,64
-24,-3,62
-19,-1,67
-21,-6,49
-27,4,71
-17,-2,50
-24,-3,57
-20,-3,56
-16,2,59
-20,0,59
-19,-5,55
-21,-5,61
-20,-4,56
-24,1,64
-21,-2,56
-23,2,68
-20,-4,54
-22,0,63
-20,-3,58
-22,0,63
-20,-2,58
-16,-3,58
-22,-3,56
-16,0,60
-18,-1,59
-19,-2,61
-19,0,61
-19,0,62
-18,-3,56
-18,1,62
-17,-2,56
-16,0,62
-17,-3,57
-17,-4,57
-19,3,64
-16,1,62
-19,-5,57
-21,-4,61
-19,-2,57
-22,0,60
-20,-3,57
-22,1,66
-20,-3,56
-21,0,61
-21,0,61
-19,0,61
-20,-1,60
-16,-2,58
-20,-4,56
-16,-1,60
-20,0,62
-16,-3,56
-20,-3,60
-17,-2,58
-22,-3,56
-16,0,62
-20,0,60
-19,-3,58
-19,-1,65
-19,0,64
-21,-2,60
-19,1,67
-21,-2,60
-19,0,62
-20,1,64
-18,-1,63
-19,-2,57
-19,-1,60
-16,-1,57
-21,-2,56
-15,-2,59
-18,-1,61
-18,-2,58
-18,0,63
-18,-2,61
-20,-2,60
-19,0,65
-20,-2,60
-21,-1,62
-21,0,64
-19,-1,60
-21,1,65
-22,-3,60
-20,0,64
-22,-2,58
-19,2,65
-20,-2,56
-20,-1,62
-19,-3,58
-19,-2,61
-19,-1,61
-19,-1,64
-20,-2,60
-19,-2,62
-19,0,62
-19,-1,61
-18,-1,61
-18,-2,60
-19,-1,63
-19,-3,58
-21,0,64
-20,-3,54
-21,0,62
-19,-2,58
-20,-2,58
-19,-2,59
-21,0,60
-18,-2,56
-18,1,67
-17,-3,53
-21,3,69
-15,0,61
-18,-2,63
-17,-4,58
-19,2,66
-17,1,64
-18,-4,62
-18,-1,66
-20,-1,61
-18,0,59
-19,3,67
-18,-4,54
-20,-2,60
-19,1,63
-18,-2,57
-18,-1,61
-17,-3,59
-16,-2,59
-21,-2,58
-16,-1,62
-20,-1,59
-19,-1,62
-18,0,63
-20,-1,63
-19,-2,61
-20,-1,64
-19,-2,58
-21,1,65
-17,-1,63
-18,-2,61
-19,0,62
-18,3,66
-18,0,60
-17,0,63
-19,-1,62
-17,-2,56
-19,1,64
-17,-2,58
-18,-3,57
-18,2,66
-17,1,60
-19,0,64
-16,-1,61
-19,0,62
-18,-3,57
-16,1,67
-17,-4,56
-17,-1,63
-19,2,62
-16,1,63
-18,-2,62
-17,-3,63
-18,-1,60
-19,0,62
-17,-1,60
-18,-1,62
-18,-2,59
-19,0,62
-18,-2,57
-20,-1,62
-20,-4,56
-16,0,60
-20,-3,57
-14,-2,62
-20,-4,57
-17,1,65
-19,1,61
-18,-4,57
-20,-1,65
-19,-1,60
-20,-2,60
-19,-2,60
-19,0,61
-19,0,61
-19,-3,59
-20,-1,65
-22,-1,58
-19,0,62
-21,0,64
-19,1,65
-22,-2,62
-18,0,65
-23,0,60
-20,-1,60
-21,2,66
-24,-3,58
-21,-2,60
-23,2,62
-20,1,62
-21,-1,61
-21,-2,59
-23,-1,60
-21,2,61
-20,1,62
-21,-3,56
-20,-2,61
-21,-1,57
-19,2,62
-24,0,61
-22,-4,59
-20,2,61
-20,-5,50
-15,3,64
-20,-6,46
-14,2,67
-16,-5,52
-15,0,61
-16,-2,57
-17,0,60
-20,-4,53
-18,2,69
-21,-5,54
-23,-4,58
-21,3,63
-22,3,59
-21,-2,60
-19,0,65
-23,-4,56
-23,-1,59
-22,1,60
-21,1,62
-19,-3,60
-21,-3,59
-21,-2,60
-21,1,63
-18,0,62
-22,-4,57
-21,-2,62
-20,0,59
-21,-1,58
-18,-1,62
-20,-1,59
-21,0,59
-21,-1,57
-17,2,64
-24,-3,59
-18,0,65
-25,1,63
-16,2,64
-24,-1,60
-17,0,64
-24,1,61
-16,0,59
-23,-1,59
-19,-2,60
-20,0,60
-20,-3,57
-21,-3,59
-23,0,63
-19,2,67
-20,-5,56
-22,-3,62
-21,0,57
-22,1,58
-18,-1,62
-18,-1,63
-22,-4,58
-20,2,65
-21,0,64
-17,-8,49
-25,-5,59
-18,-2,54
-25,1,59
-18,-3,58
-23,-3,59
-23,-2,60
-21,2,62
-21,-1,59
-21,-3,60
-22,0,62
-19,-1,61
-21,-2,56
-21,1,63
-18,0,58
-20,-1,62
-18,-1,62
-21,-4,58
-21,-2,63
-21,0,61
-21,0,63
-22,-4,59
-22,-1,64
-22,-2,55
-22,-1,62
-20,-1,59
-20,-2,60
-20,-2,58
-20,2,66
-20,-1,59
-19,-2,64
-19,-1,61
-22,0,61
-19,0,61
-20,-1,61
-19,-1,61
-22,-4,56
-17,0,59
-22,-6,47
-16,2,65
-20,1,60
-19,-8,52
-22,-3,61
-21,1,58
-21,2,61
-22,-4,59
-20,-1,64
-24,0,60
-19,-1,60
-20,1,64
-23,-1,61
-18,1,65
-22,-2,59
-19,-2,63
-21,0,63
-18,-2,63
-22,-3,59
-22,-1,60
-19,2,63
-20,-3,55
-21,-3,59
-23,1,62
-20,1,60
-20,-5,58
-20,-3,62
-23,-1,60
-21,5,67
-22,-4,53
-21,-2,62
-22,0,59
-21,0,57
-20,-1,59
-19,-1,58
-19,0,63
-20,-4,53
-20,1,67
-23,-2,54
-20,0,60
-21,-1,60
-20,-2,58
-19,-2,58
-21,-2,58
-19,-1,58
-20,-2,57
-19,0,66
-19,-1,61
-20,-2,63
-21,-1,59
-22,-1,59
-18,0,60
-20,-2,58
-19,-4,58
-23,-1,60
-18,-1,61
-22,-2,58
-22,-1,64
-21,1,66
-22,-3,59
-20,-3,62
-21,0,62
-22,-1,61
-18,-1,58
-20,1,63
-20,-3,56
-17,-1,62
-21,-5,55
-19,-1,59
-21,-1,57
-16,-1,61
-22,-5,55
-17,-1,56
-22,-4,54
-15,2,56
-22,3,75
-17,-2,60
-27,1,70
-13,2,70
-26,-1,59
-17,-1,65
-25,0,60
-20,3,65
-21,-2,59
-21,-2,63
-23,-3,57
-24,-2,60
-21,0,63
-22,-5,55
-23,-2,62
-21,-2,57
-24,-2,58
-20,-4,57
-24,0,65
-20,-5,53
-25,-4,60
-17,-1,61
-24,-2,57
-18,-2,62
-19,1,65
-20,-5,54
-18,2,67
-20,-2,55
-19,-2,58
-19,-2,57
-18,0,63
-22,-6,52
-18,-2,61
-21,-1,59
-19,-1,58
-20,-1,60
-19,-3,56
-20,1,62
-18,4,65
-19,-5,56
-21,-4,62
-22,3,68
-17,1,62
-22,-4,59
-20,0,67
-21,-1,56
-19,-2,59
-20,-1,63
-20,0,64
-21,-1,62
-18,-3,59
-22,-2,60
-18,0,61
-19,0,61
-20,-3,58
-19,-3,60
-17,0,60
-20,-2,62
-18,-5,56
-23,-2,62
-22,-3,56
-21,3,68
-22,-5,59
-20,-4,60
-23,0,62
-19,0,60
-21,-2,58
-21,-2,60
-21,1,64
-20,-4,55
-21,-2,63
-21,-3,57
-22,-1,61
-20,-2,60
-21,-2,62
-20,-2,60
-20,1,66
-20,-1,64
-22,-4,63
-21,-2,61
-22,1,65
-20,0,62
-21,-3,63
-21,-2,59
-22,1,65
-18,2,64
-23,-4,59
-21,-2,57
-23,-1,59
-21,-3,56
-22,-2,60
-21,-2,60
-23,-3,56
-22,0,64
-21,0,62
-22,-3,59
-21,-2,63
-20,-2,59
-22,-3,56
-20,0,63
-21,-4,56
-20,-4,59
-20,-1,61
-20,-2,58
-19,-1,61
-18,-3,58
-20,-4,59
-22,-4,60
-20,-2,64
-22,-3,63
-23,-4,62
-21,-1,63
-24,-2,61
-20,-3,61
-23,-3,61
-22,-1,61
-22,-1,61
-20,-2,63
-20,-3,59
-22,-2,60
-20,2,65
-21,-4,55
-20,-4,59
-21,-1,62
-20,-2,62
-20,-4,61
-22,-3,64
-22,-1,61
-18,0,63
-20,-3,63
-20,-5,58
-22,-5,57
-16,0,59
-23,-2,56
-17,-4,59
-23,-4,59
-20,-4,54
-20,0,62
-20,-1,60
-21,-4,59
-22,-3,62
-21,-2,62
-22,-3,60
-20,-1,63
-18,-1,60
-20,0,63
-19,-2,61
-17,-3,58
-22,0,65
-16,1,64
-20,-3,58
-20,-5,60
-20,0,63
-20,-2,57
-21,-1,65
-19,-2,63
-20,-6,51
-23,-1,60
-17,0,58
-20,-3,57
-17,-6,57
-18,1,64
-19,0,61
-18,-4,63
-18,-3,66
-23,-3,59
-19,-1,64
-20,0,62
-19,-1,59
-22,0,68
-18,1,67
-23,-5,59
-21,-3,66
-21,1,63
-19,-3,61
-21,-4,59
-17,1,66
-19,-4,53
-15,-1,64
-18,-2,58
-18,-1,62
-18,-1,62
-17,-4,60
-20,-3,62
-19,-3,57
-22,0,66
-18,-6,55
-17,-1,69
-18,-3,58
-20,1,67
-18,1,67
-20,-4,59
-18,0,63
-22,0,61
-16,3,68
-21,-6,55
-19,-2,66
-20,-1,59
-20,-1,63
-18,0,65
-21,-1,61
-18,-3,60
-22,0,63
-19,-1,61
-19,-2,61
-19,-2,62
-19,-2,62
-20,-2,60
-18,-2,60
-19,-1,62
-19,-2,59
-18,-1,63
-19,-4,57
-18,-1,63
-18,-2,61
-20,-2,58
-21,-4,56
-19,-2,61
-19,1,65
-19,-5,56
-20,-3,65
-21,-4,56
-22,0,64
-19,-1,61
-18,-3,59
-20,-3,60
-16,-1,59
-19,-3,57
-18,-3,61
-20,-2,62
-19,-3,58
-21,-3,61
-22,-3,59
-23,-1,60
-19,-1,58
-19,0,61
-21,-3,58
-21,0,66
-19,0,64
-21,-4,60
-19,-5,61
-20,2,67
-18,-1,61
-17,-5,60
-19,-3,62
-20,-1,57
-18,0,59
-16,-1,60
-21,-4,56
-20,-1,62
-20,-1,59
-19,-1,59
-21,-3,63
-18,-1,64
-22,-1,62
-20,-4,59
-21,0,65
-19,-1,60
-20,-1,65
-19,-2,63
-22,-3,62
-19,-1,59
-20,-1,60
-20,-3,58
-21,-2,62
-18,-4,57
-21,-1,65
-21,-4,57
-20,1,67
-21,-2,59
-18,-2,63
-21,-3,58
-19,-1,60
-18,0,60
-17,-3,57
-20,-4,57
-21,-3,56
-22,1,66
-17,-5,55
-23,-8,55
-20,-1,66
-22,2,62
-18,-2,64
-19,-5,61
-22,-1,63
-20,0,60
-19,-1,62
-22,-4,58
-22,-1,63
-21,-1,60
-20,-2,58
-22,-1,61
-19,-1,60
-20,0,61
-18,-5,56
-21,0,64
-19,-1,59
-18,-3,59
-20,-1,64
-19,-2,61
-21,-2,60
-19,-2,62
-21,-1,61
-20,-2,61
-20,-2,61
-20,-3,59
-21,0,61
-19,-1,60
-19,-2,62
-20,-4,58
-20,-2,62
-20,-1,61
-20,-2,61
-20,-4,60
-22,-3,59
-20,0,60
-21,-1,59
-19,-1,63
-20,-3,59
-19,-1,64
-20,-3,59
-19,-1,62
-20,-2,58
-18,-1,61
-21,-3,61
-19,-3,62
-22,-2,61
-21,-1,62
-20,-1,63
-20,-2,63
-21,-3,62
-21,-2,63
-20,-2,57
-21,0,63
-20,-1,60
-19,-4,59
-21,-3,60
-20,0,61
-19,0,62
-20,-2,61
-20,-4,59
-20,-1,59
-20,-2,55
-18,1,64
-20,-4,56
-20,-3,61
-22,-3,57
-17,1,63
-21,-4,63
-19,-2,64
-20,-1,60
-20,0,62
-21,0,69
-16,-1,63
-23,-5,55
-20,3,72
-20,-2,51
-19,-1,63
-20,-7,52
-17,3,65
-19,-1,58
-17,-3,64
-19,-6,58
-21,0,61
-19,1,62
-17,-2,59
-20,-5,59
-18,-3,60
-21,-2,59
-18,-1,63
-21,-3,59
-18,-2,62
-22,-2,56
-19,0,61
-19,0,62
-18,-3,61
-22,-5,58
-21,-3,61
-20,1,60
-20,0,62
-19,-4,61
-21,-4,61
-20,0,62
-20,-2,58
-18,0,65
-22,-2,61
-17,-1,64
-20,-1,61
-18,-2,61
-19,-1,60
-18,-3,58
-18,-1,63
-19,-4,57
-18,-1,63
-22,-2,57
-18,0,63
-18,-2,62
-20,-4,59
-20,-1,61
-20,-3,57
-18,-1,61
-21,-4,58
-19,-1,60
-21,-1,58
-19,-1,63
-17,-1,62
-22,-3,59
-21,-2,60
-19,0,64
-18,-3,60
-20,-3,61
-19,0,62
-19,-2,57
-18,-1,62
-18,-4,58
-18,-3,58
-20,-4,57
-17,-1,60
-20,-2,59
-19,-3,60
-20,-2,61
-21,-1,61
-20,-3,56
-20,-2,61
-19,-2,58
-21,-2,60
-20,-3,60
-19,-2,60
-20,1,64
-18,-3,57
-19,-1,63
-20,-4,57
-17,-1,63
-21,-4,58
-20,-2,64
-19,-1,68
-18,-2,61
-24,-2,62
-20,3,70
-18,-3,56
-20,-6,56
-22,-1,62
-20,2,61
-20,0,64
-18,-5,58
-22,-1,67
-22,-3,55
-22,0,65
-19,-4,58
-21,-2,63
-20,-3,58
-21,-1,63
-19,-1,59
-20,-4,56
-18,-1,62
-19,0,60
-18,-2,61
-18,-4,60
-19,-2,59
-19,0,61
-17,-1,61
-17,-3,60
-18,-3,59
-18,0,61
-17,-1,59
-18,-1,65
-17,-2,63
-19,-3,63
-20,-2,60
-20,1,66
-17,0,64
-19,-3,59
-20,-1,61
-18,0,61
-18,-1,60
-18,-3,61
-19,-3,59
-20,0,65
-20,-5,58
-20,0,69
-22,-6,55
-22,2,71
-19,-4,53
-19,-4,61
-18,-1,58
-17,2,62
-14,-2,56
-18,0,63
-15,-3,58
-17,-2,63
-18,-5,56
-17,-1,64
-20,-4,58
-18,-1,64
-22,-3,57
-18,-1,63
-20,-1,62
-21,-4,57
-20,0,64
-22,-3,58
-19,-2,63
-22,-4,61
-20,-3,58
-24,-1,63
-18,-3,55
-24,-2,58
-18,-2,57
-22,-4,54
-20,-1,60
-20,-2,61
-19,-1,65
-21,-6,57
-21,-2,65
-21,0,61
-19,-1,58
-19,-1,64
-19,-2,63
-18,-3,60
-22,-4,57
-21,0,64
-19,1,64
-21,-5,56
-22,-1,64
-21,-1,59
-18,0,62
-20,-4,56
-21,-1,63
-21,1,61
-20,-1,63
-18,-3,61
-22,-1,62
-20,-1,60
-18,0,63
-19,-3,57
-18,-1,61
-20,-1,61
-17,-1,60
-19,0,63
-18,-2,61
-20,-5,58
-22,-2,61
-19,0,62
-19,-1,63
-21,-5,60
-22,-2,63
-20,0,62
-19,0,60
-20,-1,62
-20,-3,56
-21,-1,61
-20,-1,61
-19,-4,59
-19,-2,59
-21,-2,58
-18,0,62
-19,-2,60
-19,-2,61
-19,-1,62
-20,-1,58
-20,0,62
-18,-1,60
-20,-1,63
-17,-3,58
-20,-1,62
-17,0,61
-19,-1,63
-19,-2,65
-18,-4,60
-21,-2,60
-20,2,61
-18,0,59
-18,-2,61
-21,-4,59
-18,0,62
-20,2,63
-15,-2,60
-17,-4,62
-19,-4,58
-16,1,65
-18,-3,57
-17,-3,60
-19,-2,61
-18,0,60
-18,-3,60
-18,-3,60
-18,-1,59
-19,-2,58
-18,0,67
-18,-2,63
-19,-4,62
-21,-2,63
-20,1,61
-17,1,63
-19,-4,57
-18,-2,65
-19,-4,56
-16,0,62
-18,-2,60
-16,-3,61
-21,-5,58
-16,0,62
-21,-5,55
-14,-1,63
-22,-5,53
-16,-1,62
-20,-2,56
-18,-2,63
-20,-1,63
-20,-4,59
-19,-1,60
-22,-1,58
-17,0,62
-21,-4,57
-20,1,70
-16,-1,54
-25,1,68
-15,6,69
-24,0,63
-12,-1,67
-27,-5,58
-18,2,67
-23,-1,60
-18,-5,57
-22,-6,59
-20,-2,56
-21,1,63
-18,-4,55
-22,-4,60
-22,-3,56
-21,2,65
-20,-4,55
-21,-3,61
-19,-2,59
-19,0,61
-20,-3,58
-17,0,65
-18,-3,57
-19,-2,62
-20,-2,62
-20,-1,63
-19,-2,60
-21,-3,61
-20,-2,60
-21,0,61
-21,-1,59
-19,-2,61
-22,-2,61
-20,-2,61
-20,-1,61
-20,-2,61
-20,-2,60
-21,-2,60
-19,-1,62
-20,-1,60
-21,1,67
-18,-2,59
-21,1,67
-18,1,65
-22,-4,61
-19,-1,60
-24,-2,59
-18,-1,63
-21,-4,59
-26,-1,60
-26,-1,59
-27,-3,55
-31,-1,58
-36,1,54
-36,1,54
-35,-3,52
-41,2,53
-45,5,53
-45,2,49
-40,-1,49
-36,-3,55
-33,-4,57
-47,-3,54
-47,2,58
-43,2,61
-46,4,59
-57,6,49
-51,10,55
-47,16,59
-59,16,46
-63,21,47
-50,29,58
-51,30,56
-51,28,39
-45,27,37
-21,33,45
-14,37,45
-14,38,38
-13,36,35
-10,38,35
-8,35,36
-2,27,37
-5,25,36
0,20,37
15,11,41
33,8,49
1,22,31
2,22,32
-7,29,35
-20,35,38
-40,43,39
-51,46,34
-59,56,36
-41,38,37
-57,37,70
-58,39,13
-51,48,12
-53,35,37
-59,25,29
-29,26,37
-40,18,39
-74,5,56
-69,10,55
-45,11,43
-44,12,39
-38,13,40
-37,14,35
-43,21,18
-43,41,4
-42,43,-3
-50,61,-15
-52,66,-16
-53,53,4
-45,43,22
-30,27,56
-30,30,51
-33,30,22
-38,33,8
-34,43,-3
-29,48,-11
-32,46,-13
-28,26,18
-26,12,42
-50,22,66
-56,20,81
-48,0,87
-36,-2,81
-24,-3,70
-29,-5,67
-30,-11,59
-28,-12,55
-28,-10,52
-41,-16,60
-49,-7,65
-56,-2,56
-37,-4,55
-34,-6,52
-42,-6,47
-44,-3,42
-39,-3,43
-45,-6,49
-45,-5,51
-45,-4,47
-42,-5,44
-40,-3,47
-42,-1,53
-40,-1,58
-37,0,57
-39,1,53
-38,-1,49
-36,1,52
-31,-2,53
-21,-1,58
-19,-3,62
-22,0,60
-23,4,63
-18,-3,60
-19,-2,62
-22,-1,63
-22,1,64
-23,-2,58
-25,0,61
-25,-4,55
-27,-2,58
-27,-1,59
-27,-2,58
-28,-5,57
-29,-3,57
-28,1,60
-25,-3,54
-26,-2,56
-26,0,58
-26,-3,54
-23,-1,55
-27,-3,52
-27,1,58
-27,-1,55
-27,-3,56
-30,-2,59
-30,-2,55
-31,0,59
-30,-3,57
-30,-1,59
-30,-3,54
-31,3,60
-29,1,54
-30,0,55
-28,-1,55
-30,0,58
-28,-4,54
-30,-2,57
-31,0,58
-31,1,60
-30,-5,56
-31,-5,58
-30,-3,53
-30,0,54
-29,6,62
-27,1,56
-32,-3,59
-30,-4,58
-33,4,62
-28,0,56
-32,1,62
-29,-1,61
-32,-2,55
-30,-1,54
-31,2,57
-29,-3,54
-30,-1,58
-30,0,59
-31,-1,57
-30,1,59
-29,-1,56
-31,0,58
-28,-2,55
-29,0,58
-29,-1,58
-27,-5,53
-30,1,58
-28,1,56
-28,-2,56
-27,-3,56
-30,0,58
-30,1,59
-29,-1,58
-30,-2,60
-29,-2,58
-30,0,59
-28,-2,54
-29,2,60
-27,-3,54
-27,-1,57
-27,-4,53
-27,0,59
-28,-2,53
-28,0,60
-30,-1,56
-29,0,56
-30,-1,55
-28,0,57
-28,-2,54
-28,-2,55
-30,1,59
-28,0,55
-29,-1,57
-28,0,59
-29,-2,56
-28,1,60
-30,-1,58
-28,1,61
-31,-1,58
-30,-1,59
-31,0,60
-29,-2,56
-32,1,60
-32,-1,57
-32,0,61
-32,-3,55
-31,0,60
-32,0,58
-30,1,57
-34,5,67
-26,0,60
-33,-1,61
-25,2,62
-31,2,58
-25,2,59
-27,0,56
-29,1,61
-25,1,57
-29,2,60
-26,1,59
-29,-4,57
-29,-4,55
-32,2,59
-29,2,59
-28,-2,58
-32,-5,56
-30,1,59
-29,-2,54
-31,1,59
-30,0,55
-30,-1,57
-27,-4,53
-32,-3,56
-28,-2,52
-30,-3,52
-27,1,57
-30,-3,52
-29,-1,57
-30,-1,54
-29,1,58
-28,-4,52
-30,-4,54
-30,3,59
-29,-2,52
-27,-1,58
-30,-4,51
-29,2,59
-29,2,56
-30,-2,58
-30,-6,53
-32,-1,59
-28,-1,52
-32,-1,56
-28,-2,54
-31,-1,54
-30,1,57
-29,-2,54
-30,0,56
-30,-1,54
-30,0,57
-29,-1,56
-31,-2,57
-30,0,59
-31,-2,55
-31,0,59
-31,1,59
-30,-2,57
-30,-1,59
-31,1,59
-30,1,57
-29,-1,55
-30,-1,55
-29,-1,56
-29,-2,55
-30,-1,58
-32,-2,56
-31,-1,57
-28,-2,55
-32,-1,58
-28,-1,56
-31,-1,55
-30,-1,57
-30,-1,55
-29,0,57
-30,-1,57
-28,-2,54
-31,-2,55
-27,-1,55
-31,-2,54
-27,-2,55
-30,2,60
-27,3,60
-29,-2,58
-27,0,62
-30,-2,56
-28,2,62
-29,-1,55
-27,0,58
-27,0,54
-28,-3,53
-27,1,57
-31,2,64
-26,-1,58
-32,1,62
-29,1,59
-30,0,58
-28,-2,55
-31,0,57
-30,1,57
-28,-1,56
-30,-4,54
-32,0,61
-31,-1,60
-31,-2,59
-26,-4,51
-31,1,60
-24,4,54
-28,-6,46
-22,-4,57
-26,-6,46
-25,6,62
-25,0,55
-29,-2,60
-27,-6,58
-30,0,60
-28,-1,57
-28,1,55
-32,2,61
-28,1,59
-31,-1,58
-28,0,60
-31,-1,55
-30,0,57
-29,-2,53
-31,1,59
-28,-2,55
-30,-2,56
-30,1,60
-28,-1,55
-30,0,57
-29,0,59
-31,3,62
-29,-3,55
-31,1,61
-31,-2,51
-32,2,59
-30,-3,52
-32,-1,58
-29,-3,54
-32,-1,56
-30,-1,56
-32,-1,57
-30,-2,55
-30,0,58
-30,-1,55
-30,0,57
-30,-1,53
-30,2,58
-29,-2,53
-30,1,59
-30,-3,53
-29,0,58
-31,-1,55
-31,-1,57
-29,0,57
-29,0,57
-29,-3,55
-31,0,58
-29,0,55
-29,1,59
-30,-1,56
-29,-2,57
-29,0,54
-29,-2,54
-27,0,57
-31,-4,52
-28,-1,56
-30,3,60
-28,-1,54
-28,-1,58
-31,-2,55
-27,0,55
-29,-5,49
-28,3,60
-29,-1,53
-27,-1,59
-30,-5,50
-28,1,57
-29,0,56
-29,-1,57
-29,0,58
-29,-1,55
-28,0,58
-30,0,57
-30,0,58
-28,-1,56
-31,1,57
-28,1,58
-29,1,59
-26,-3,54
-30,2,61
-30,-1,57
-29,1,61
-29,0,58
-28,0,58
-27,0,55
-29,-1,56
-26,0,58
-28,-3,53
-27,1,59
-28,-1,54
-26,1,58
-28,-1,54
-27,2,59
-29,-1,55
-28,2,59
-29,1,57
-28,1,60
-28,-3,54
-30,0,59
-29,1,56
-28,-1,58
-29,-2,57
-30,0,60
-29,0,57
-29,1,57
-29,2,60
-28,-1,57
-28,-2,56
-30,1,58
-28,2,58
-28,1,58
-28,-1,57
-29,-1,57
-28,0,58
-28,0,57
-29,1,58
-29,0,58
-29,-1,57
-29,1,61
-27,-3,52
-29,0,58
-29,1,55
-28,-1,56
-28,-2,55
-28,-1,57
-27,2,58
-27,2,57
-28,-1,58
-30,2,60
-29,-1,58
-26,-4,52
-30,0,61
-29,0,54
-28,0,58
-28,-2,55
-27,-1,59
-30,1,56
-28,0,58
-28,-1,58
-29,-1,57
-29,0,58
-31,0,60
-28,1,56
-29,-1,59
-30,2,60
-30,1,57
-29,-1,57
-28,0,58
-28,1,57
-28,0,56
-29,0,56
-28,1,59
-28,0,58
-27,-1,58
-29,0,58
-28,2,59
-29,0,57
-28,2,60
-30,0,60
-29,-1,59
-29,-2,56
-29,4,63
-28,0,54
-29,2,60
-28,-3,55
-29,0,58
-29,0,57
-29,0,57
-30,1,60
-28,-4,53
-29,0,60
-29,0,54
-29,1,57
-28,-1,57
-29,1,57
-31,3,62
-28,2,59
-31,1,63
-28,0,61
-32,-2,56
-29,2,54
-31,-1,54
-28,-2,55
-32,-2,53
-30,1,56
-30,0,54
-31,0,59
-31,-1,56
-31,0,58
-30,-1,56
-31,1,60
-29,1,59
-30,-1,57
-32,2,61
-27,0,55
-30,-2,54
-32,4,61
-30,1,52
-29,2,60
-28,-7,50
-31,1,58
-30,4,56
-28,0,54
-29,-1,59
-30,-2,55
-28,1,56
-29,3,58
-28,0,56
-28,-1,57
-29,-1,57
-27,1,59
-28,0,58
-30,1,60
-29,2,59
-30,1,58
-29,0,58
-31,1,60
-30,1,57
-30,1,59
-31,-1,58
-30,-1,58
-30,-1,55
-29,2,59
-29,-1,55
-28,0,58
-28,-1,54
-29,1,58
-26,0,56
-27,-1,57
-28,0,59
-27,-1,55
-29,0,57
-29,0,59
-29,0,58
-29,0,58
-28,-1,54
-30,4,61
-28,4,59
-28,-3,57
-30,1,63
-28,-1,56
-28,0,59
-29,-3,57
-28,1,60
-28,-1,56
-26,1,60
-29,2,61
-27,-2,56
-28,-2,57
-26,0,55
-28,1,56
-28,1,55
-27,0,56
-27,-1,54
-27,0,54
-29,1,55
-27,-1,51
-29,0,56
-26,-2,53
-28,0,56
-26,-2,49
-29,0,55
-27,2,56
-28,-1,55
-28,-1,58
-29,-2,57
-29,1,59
-29,0,59
-29,1,62
-29,0,60
-30,0,61
-30,-1,60
-31,1,61
-30,0,57
-31,-1,59
-30,0,56
-31,-1,55
-29,1,56
-28,1,58
-27,0,53
-30,4,63
-23,0,54
-28,3,65
-22,-1,59
-30,2,67
-26,3,65
-29,0,63
-26,-1,62
-29,1,61
-27,0,57
-28,2,57
-28,3,58
-28,0,54
-30,-1,56
-30,0,57
-29,1,56
-30,-2,53
-29,0,57
-30,-1,56
-27,-1,52
-28,-3,51
-28,2,56
-28,-1,53
-27,-1,58
-28,-2,58
-27,3,65
-29,-1,55
-27,2,62
-27,-1,54
-26,2,59
-27,1,58
-28,1,60
-28,0,58
-28,-1,58
-28,1,59
-28,1,59
-27,0,58
-26,1,60
-26,0,57
-27,2,62
-27,1,59
-26,-1,60
-28,-2,59
-28,0,58
-28,2,59
-29,0,57
-28,1,62
-30,-1,59
-30,-1,61
-31,0,63
-28,-1,61
-30,3,66
-30,-2,56
-31,5,66
-26,-2,51
-29,3,60
-25,-1,52
-27,0,58
-26,-1,55
-27,-1,59
-28,2,67
-28,-5,54
-30,1,66
-30,-1,54
-27,3,62
-26,-1,55
-26,1,59
-27,-1,53
-27,2,59
-25,-1,52
-28,0,58
-26,-3,53
-27,1,59
-27,0,58
-26,-5,52
-29,0,61
-27,1,55
-29,2,58
-27,-1,56
-27,0,59
-27,0,53
-27,-1,54
-27,1,56
-24,1,57
-26,-2,56
-24,1,59
-25,0,58
-24,1,60
-23,0,60
-25,1,63
-22,1,60
-24,2,63
-21,2,62
-25,-1,60
-25,0,63
-25,-1,60
-23,0,59
-27,-4,54
-23,2,60
-26,-2,54
-26,-1,58
-27,-2,57
-29,-1,60
-27,1,59
-31,0,62
-30,1,63
-29,0,60
-30,-3,59
-31,0,65
-30,3,63
-26,-3,53
-24,5,60
-24,-1,49
-22,1,57
-21,-4,47
-24,1,58
-22,-2,51
-23,-2,55
-24,-3,53
-29,-2,60
-26,-2,59
-28,-1,61
-26,-1,61
-29,-1,59
-27,-1,58
-28,1,62
-27,-2,56
-28,-1,62
-28,-3,55
-28,1,61
-26,0,55
-25,0,57
-31,-2,56
-29,-1,58
-28,-1,57
-28,0,60
-30,-3,55
-30,0,61
-29,0,57
-29,1,58
-28,1,59
-28,-1,58
-29,2,60
-25,0,57
-27,2,58
-27,0,58
-26,2,60
-27,0,58
-26,-1,56
-28,-1,58
-26,0,56
-27,-1,56
-27,1,60
-25,-2,55
-25,0,61
-26,-1,58
-25,1,64
-27,-1,59
-26,-1,59
-25,1,58
-28,1,60
-24,-1,57
-29,-2,58
-26,2,59
-26,-2,54
-25,2,63
-25,-3,54
-25,4,65
-22,-2,54
-25,3,64
-24,-2,56
-23,2,63
-25,1,62
-25,2,62
-28,-1,60
-24,2,63
-26,1,60
-23,2,61
-26,0,59
-25,3,63
-25,1,57
-24,0,58
-25,0,60
-25,1,63
-25,-2,54
-25,1,62
-24,1,58
-25,3,62
-22,-1,57
-24,0,60
-25,1,61
-23,1,58
-24,0,58
-22,-2,56
-28,1,60
-24,1,57
-24,1,60
-27,-2,58
-26,-1,59
-26,1,60
-25,2,62
-25,0,59
-25,1,60
-25,0,57
-22,2,57
-24,0,59
-23,0,60
-26,-3,57
-24,0,61
-25,-1,59
-27,5,69
-27,-4,55
-27,3,68
-28,-3,55
-27,6,68
-27,-1,54
-26,0,61
-24,0,55
-24,1,58
-21,2,58
-24,-1,55
-22,-1,60
-22,0,55
-23,0,58
-21,1,58
-24,-2,56
-22,-1,58
-25,-2,56
-23,3,59
-26,-1,55
-24,-1,59
-25,-3,57
-25,2,62
-25,1,60
-24,-1,62
-26,0,62
-24,3,62
-24,3,62
-21,0,59
-23,1,63
-19,1,61
-22,1,58
-22,0,60
-23,1,62
-23,1,62
-23,-2,59
-25,0,61
-25,2,59
-21,0,58
-24,-1,59
-23,1,59
-23,1,57
-22,2,59
-21,-1,57
-22,2,63
-22,-2,57
-21,1,61
-23,0,59
-21,1,60
-22,0,62
-21,0,61
-24,1,62
-22,0,61
-23,1,63
-24,1,62
-22,1,59
-24,-3,56
-21,2,58
-22,-1,56
-20,1,60
-22,-5,55
-20,1,60
-24,2,60
-21,0,60
-23,2,62
-22,-1,59
-21,1,59
-23,1,59
-22,1,56
-24,2,60
-23,-1,60
-25,0,59
-25,-1,58
-23,4,64
-25,-1,58
-25,0,61
-23,-1,58
-25,2,61
-23,0,58
-25,2,62
-25,0,58
-23,1,59
-26,-2,56
-24,2,60
-27,-1,56
-25,-1,55
-26,2,63
-26,0,58
-27,0,62
-25,1,62
-27,0,59
-25,2,62
-26,0,58
-27,2,61
-24,0,57
-24,0,58
-26,0,59
-27,-1,61
-20,-3,51
-30,5,69
-23,6,65
-25,-2,51
-16,-2,58
-26,4,56
-24,1,51
-20,1,60
-22,-1,53
-26,2,63
-25,0,60
-26,1,62
-28,0,60
-26,1,60
-27,2,58
-25,3,59
-27,0,59
-25,-1,58
-27,0,60
-26,0,58
-27,1,59
-26,0,59
-26,-1,57
-28,-1,57
-25,1,57
-27,-1,55
-26,-1,56
-27,0,61
-26,-1,56
-28,3,62
-25,0,56
-26,0,58
-26,-1,57
-25,2,59
-25,-1,55
-25,0,58
-27,0,58
-25,0,57
-26,0,58
-25,0,57
-27,0,56
-25,0,55
-27,0,57
-27,1,58
-28,-1,56
-28,-2,58
-28,0,58
-27,-1,56
-27,0,58
-28,0,58
-27,0,57
-27,-1,59
-29,1,58
-27,0,58
-27,0,57
-29,0,58
-28,1,57
-27,0,57
-26,-1,54
-27,1,58
-26,-1,53
-26,0,58
-28,0,55
-26,-1,55
-24,0,55
-28,-1,55
-26,-1,56
-27,-2,55
-27,0,58
-25,1,57
-28,1,61
-26,0,59
-26,-1,59
-27,0,60
-27,0,59
-28,1,59
-29,-1,59
-26,-1,56
-29,0,59
-27,-2,56
-29,-2,56
-29,1,58
-28,0,56
-28,-1,58
-27,-1,58
-27,0,57
-26,0,57
-27,0,58
-28,-1,58
-28,1,62
-27,-1,59
-28,0,63
-28,-3,56
-28,1,62
-28,0,56
-27,1,60
-30,-3,56
-28,0,60
-29,0,55
-27,1,60
-28,-1,57
-28,-2,56
-28,0,58
-27,0,55
-28,0,57
-27,-1,56
-28,-1,57
-27,-1,55
-27,0,57
-27,0,58
-28,-1,57
-28,-2,58
-28,1,58
-28,-1,57
-28,-2,58
-29,-1,57
-27,0,58
-29,-1,55
-28,1,60
-29,-2,53
-28,2,61
-28,-2,54
-27,0,57
-30,-2,56
-26,-1,55
-29,1,61
-26,-1,55
-27,0,56
-29,0,58
-28,-1,57
-30,-1,59
-29,-3,54
-29,0,58
-30,0,58
-30,1,60
-28,-3,55
-29,-1,58
-30,1,56
-28,0,56
-29,-1,58
-28,-3,55
-29,-2,57
-28,0,57
-30,0,57
-28,-2,54
-30,-1,56
-28,0,56
-29,0,57
-28,-3,54
-30,0,59
-29,-1,55
-28,-2,57
-30,-3,56
-28,-1,56
-31,-1,55
-28,0,58
-30,-1,57
-30,-2,57
-30,1,60
-30,0,57
-29,-1,58
-31,0,59
-28,0,57
-30,-3,55
-29,-1,58
-31,0,57
-30,1,58
-28,0,57
-31,0,59
-27,2,59
-30,1,61
-25,-1,58
-28,-1,57
-29,2,59
-28,-1,57
-28,-2,57
-28,-2,56
-28,3,61
-27,1,57
-30,-1,62
-28,0,61
-31,0,57
-28,1,58
-31,0,57
-28,-2,55
-30,-2,55
-30,0,58
-28,-2,53
-27,-1,57
-28,0,55
-28,2,60
-27,-2,54
-28,-1,59
-28,0,58
-28,0,58
-28,1,60
-29,0,60
-27,0,60
-28,0,62
-28,-4,52
-31,0,57
-29,1,57
-29,-1,56
-29,-3,56
-29,-3,56
-29,1,57
-28,0,55
-28,0,58
-28,-1,58
-28,-4,54
-31,1,62
-29,-3,54
-27,-3,56
-32,-1,60
-27,-3,53
-30,-1,59
-27,-2,55
-29,0,59
-27,0,55
-27,1,60
-26,-3,54
-27,-4,53
-25,3,62
-24,2,58
-25,-1,61
-28,-1,57
-26,1,59
-24,1,55
-26,-2,54
-26,0,59
-26,-2,54
-24,0,60
-28,-1,57
-27,0,60
-27,0,58
-26,0,61
-28,-1,58
-28,0,58
-28,3,62
-25,-2,56
-28,0,63
-27,-1,60
-26,-2,56
-29,0,60
-27,-2,55
-29,-1,59
-28,-1,56
-28,1,59
-29,-1,57
-27,0,57
-29,0,58
-26,-3,54
-29,-1,57
-27,0,58
-28,0,57
-29,-3,57
-29,1,61
-28,1,58
-28,-2,56
-30,0,60
-28,-2,55
-29,0,57
-29,0,57
-30,-4,53
-28,0,56
-30,0,56
-27,-2,56
-30,-3,54
-29,1,62
-29,0,56
-31,-1,59
-28,0,62
-30,-1,56
-28,-2,55
-28,3,60
-29,-1,56
-29,-1,57
-29,0,57
-28,-1,55
-29,0,56
-28,2,61
-29,-4,52
-29,-1,58
-30,1,58
-28,1,60
-30,-3,55
-28,-2,59
-28,0,56
-29,-1,57
-28,1,60
-30,-2,54
-28,-1,57
-29,1,58
-29,0,57
-29,-4,53
-31,1,62
-29,-3,52
-30,0,58
-31,0,59
-31,0,61
-26,-1,56
-32,-2,61
-33,8,70
-31,-1,52
-26,-2,60
-32,-1,55
-28,3,60
-27,0,58
-25,-1,60
-29,-5,57
-30,1,62
-25,0,54
-29,1,60
-27,0,60
-27,-2,58
-25,-2,56
-28,2,61
-27,-2,54
-27,0,60
-28,-1,58
-28,-1,60
-27,-2,56
-30,2,63
-28,2,55
-28,-3,57
-29,-1,58
-27,0,57
-27,-1,56
-26,0,61
-27,-3,56
-28,-1,60
-25,-1,58
-27,0,60
-27,-2,56
-28,0,60
-26,-1,56
-28,-2,57
-28,-1,60
-29,-1,56
-27,-2,56
-28,0,60
-29,-1,57
-27,1,57
-25,-6,48
-28,4,63
-25,-1,50
-25,0,60
-26,-5,53
-28,-2,56
-27,1,59
-27,-2,56
-29,-4,56
-30,1,61
-27,-2,54
-28,1,59
-29,0,59
-26,-1,56
-29,-1,58
-26,2,62
-28,-2,57
-27,-4,56
-27,-1,60
-26,-1,57
-27,-3,55
-28,0,59
-28,-1,57
-27,-1,58
-29,-2,58
-29,-2,56
-29,-2,56
-28,0,59
-28,-3,56
-28,-2,56
-28,0,58
-26,-2,54
-27,0,59
-27,-1,57
-27,-3,56
-28,-2,57
-28,-1,59
-29,-2,58
-29,-2,57
-29,1,62
-26,-2,53
-28,-2,57
-29,-1,56
-26,-2,55
-27,-3,53
-28,2,61
-29,-2,56
-28,-6,54
-29,-1,63
-29,-2,56
-30,1,62
-29,-8,53
-33,1,66
-32,-1,54
-28,3,65
-28,-8,47
-28,5,60
-27,1,54
-22,-8,54
-28,-6,54
-28,2,60
-27,0,56
-26,-3,59
-28,-3,61
-27,-2,57
-27,0,58
-27,0,58
-27,-4,55
-27,-1,60
-28,-1,59
-25,-5,55
-28,-2,58
-28,2,61
-27,-2,56
-27,-1,58
-29,-1,58
-25,-2,56
-28,0,59
-26,0,59
-25,-4,54
-27,-2,57
-27,0,58
-26,-2,56
-27,-2,58
-28,0,61
-27,-2,58
-28,-1,63
-27,0,60
-27,-1,59
-27,0,59
-27,0,60
-26,-4,56
-27,-1,60
-26,-1,56
-26,-3,54
-27,-1,60
-28,0,59
-26,-3,55
-28,-3,56
-28,0,59
-26,-2,55
-27,0,61
-28,-1,59
-28,-3,56
-29,0,59
-28,-1,58
-29,-4,55
-28,-2,59
-28,-1,56
-26,-2,56
-28,-2,58
-28,-1,58
-28,-2,56
-27,-1,59
-28,-4,56
-28,-2,58
-30,0,61
-26,-4,52
-28,-3,57
-29,-1,57
-30,1,58
-29,-4,55
-29,-1,60
-31,0,58
-28,-3,55
-30,0,61
-29,-1,58
-29,-3,55
-29,-3,59
-28,-3,56
-29,0,61
-27,-2,58
-27,-2,57
-30,-3,56
-28,0,60
-28,-3,54
-29,0,60
-29,-2,55
-27,1,59
-26,-5,52
-27,0,61
-29,-2,56
-27,-3,57
-28,-1,58
-29,-1,59
-28,-5,56
-30,-2,63
-27,-4,54
-30,0,60
-28,-1,57
-28,1,60
-29,-5,54
-28,0,61
-28,-1,57
-26,-2,58
-29,-2,58
-30,-1,59
-28,-3,56
-27,0,60
-28,-5,53
-28,-1,57
-29,0,58
-26,-3,56
-29,-5,55
-29,-2,59
-31,1,61
-29,-2,56
-28,-1,60
-30,-3,54
-27,0,57
-28,0,58
-26,-3,55
-29,-4,55
-28,0,60
-29,-1,57
-27,-2,58
-27,-2,58
-29,-1,59
-29,-2,54
-28,3,64
-30,-3,56
-29,-2,59
-31,1,62
-28,-1,58
-32,1,64
-26,-6,50
-31,2,64
-28,2,57
-26,-2,54
-27,-7,52
-29,-2,54
-32,2,57
-27,-4,51
-30,-3,60
-33,-2,58
-29,-3,56
-31,-2,56
-32,-1,58
-32,0,58
-31,-2,54
-31,1,59
-31,-3,55
-30,-3,56
-32,-1,59
-31,-1,57
-32,-2,57
-32,-1,58
-32,-2,57
-33,-2,57
-31,-1,57
-31,0,57
-32,-4,54
-34,-3,58
-40,-4,58
-45,-5,60
-45,-7,59
-6,-9,62
-42,-11,65
-74,1,74
-41,7,65
-35,12,59
-7,16,55
-1,19,50
-46,24,16
-79,22,-3
-38,13,17
-24,9,26
-44,-1,18
-65,-9,15
-45,-28,49
-54,-26,40
-81,-22,25
-65,-17,26
-61,-17,26
-60,-8,22
-58,-12,31
-41,-16,37
-42,-15,33
-51,-13,37
-56,-10,40
-46,-11,39
-49,-9,32
-59,-6,31
-61,-10,39
-52,-9,41
-45,-2,39
-42,-2,43
-42,-1,43
-40,-4,43
-40,-9,48
-41,-14,50
-97,-34,33
-11,-23,52
-32,-18,45
-30,-23,55
-30,-19,54
-35,-19,58
-29,-17,56
-28,-19,57
-29,-20,59
-7,-20,55
-20,-16,48
-29,-30,55
-14,-26,50
-55,-31,26
-59,-30,22
-60,-20,24
-58,-17,22
-62,-13,18
-62,-9,11
-57,-6,14
-46,-2,29
-42,1,31
-57,0,14
-56,4,19
-43,8,54
-43,7,69
-37,21,87
-47,19,71
-57,-4,58
-11,-7,67
-10,-7,67
-13,-10,64
-12,-12,60
-26,-15,52
-35,-12,54
-31,-2,61
-24,0,63
-23,-2,64
-25,-3,63
-13,-4,58
-21,-6,53
-40,-6,50
-42,-1,57
-33,-2,62
-23,-5,62
-23,-5,58
-30,-2,53
-34,-3,57
-38,-4,58
-36,-4,55
-29,-4,55
-31,-4,53
-32,-2,58
-35,-6,52
-35,-1,60
-32,-5,54
-33,-4,54
-32,-1,59
-32,-3,58
-31,-6,56
-31,-7,51
-31,-2,60
-31,-5,57
-31,-5,59
-31,-4,60
-30,-6,55
-32,-2,60
-31,-1,61
-31,-4,56
-30,-4,58
-32,-4,58
-29,-4,58
-31,-3,58
-30,-2,62
-31,-5,57
-31,-4,57
-31,-2,60
-28,-4,57
-32,-1,61
-28,-5,56
-29,-6,54
-30,-3,58
-29,0,61
-30,-5,55
-28,-6,56
-31,-3,60
-27,-3,60
-32,-3,58
-29,-3,63
-31,-6,55
-29,-4,58
-31,-3,58
-30,-5,54
-30,-4,54
-30,-2,62
-28,-4,59
-33,-5,56
-30,-3,62
-29,-5,52
-32,-4,56
-30,-5,62
-33,-3,62
-29,-8,44
-30,1,62
-26,3,66
-30,-10,45
-30,-9,50
-30,-3,55
-34,1,61
-32,-7,55
-35,-6,61
-41,-8,65
-45,-6,69
-40,-6,72
-41,-9,67
-98,-6,61
-56,10,79
-54,16,73
-56,23,59
-51,24,53
-34,31,58
-31,33,53
-19,34,42
-13,36,40
-1,42,32
7,46,30
8,45,24
8,43,18
23,42,18
29,40,19
28,35,18
27,36,13
23,37,14
19,37,6
20,41,2
20,41,11
9,39,17
16,50,30
15,51,30
13,54,21
17,61,19
21,58,12
30,50,7
27,48,10
27,47,8
19,44,11
8,50,12
13,55,9
5,52,13
22,60,18
17,62,12
16,57,26
26,65,22
14,64,23
7,65,21
14,64,24
10,67,22
13,79,10
4,67,17
-9,64,48
-11,60,52
-3,49,51
3,55,45
-5,53,36
-4,49,40
2,47,42
2,48,40
1,45,42
-2,39,47
3,40,49
5,46,36
9,48,35
11,48,46
8,45,49
6,43,39
12,46,35
21,45,42
23,43,46
22,41,44
16,36,42
17,39,44
20,41,40
26,43,37
19,44,34
27,43,36
32,46,29
32,55,27
48,49,23
47,41,12
53,33,16
55,28,12
45,24,13
39,23,32
40,29,35
44,32,28
47,36,26
53,42,18
54,39,12
60,35,10
68,32,8
56,25,-1
46,19,2
47,25,22
53,31,14
56,34,9
50,29,14
51,28,10
60,28,5
62,27,10
54,28,9
57,30,6
55,33,12
53,31,15
47,30,20
46,31,22
53,33,20
50,33,19
47,33,22
46,31,24
45,33,28
51,37,23
47,38,24
42,37,47
38,37,44
54,32,13
58,34,6
60,33,14
61,31,31
43,35,30
32,37,26
29,40,32
33,42,36
28,43,39
19,44,43
12,44,42
18,45,40
28,46,42
38,43,36
32,43,32
23,44,25
25,43,33
31,41,37
33,41,31
32,42,34
22,43,41
25,44,39
31,44,38
28,44,35
25,44,37
27,43,37
27,41,39
28,41,39
28,42,38
27,43,35
28,44,40
28,42,35
26,42,37
25,42,36
25,43,36
29,42,35
29,43,38
25,44,36
25,43,35
28,43,37
28,42,39
25,42,37
27,42,32
29,42,34
29,44,36
27,43,35
31,42,36
30,41,36
28,43,38
27,42,37
28,43,35
31,43,35
30,44,38
27,43,37
30,43,37
30,44,37
27,43,35
25,43,37
28,43,39
27,44,44
26,45,38
26,42,34
27,42,46
24,38,33
26,37,28
29,40,37
28,38,36
27,37,36
26,31,44
23,31,43
32,31,44
31,27,43
19,25,43
11,27,40
-4,32,33
1,39,37
15,45,23
19,46,18
47,51,14
51,56,18
60,55,23
64,48,18
71,43,18
77,43,14
76,41,10
66,31,13
52,31,16
42,31,18
44,29,17
47,29,18
52,27,15
55,27,13
55,26,13
54,26,13
49,29,8
54,29,5
54,30,6
54,31,7
49,33,0
49,35,-1
54,38,0
53,37,-6
48,38,-12
49,39,-15
47,39,-18
47,38,-17
49,37,-17
55,36,-15
56,35,-16
49,33,-20
48,33,-15
52,37,-6
55,40,-3
51,40,-5
48,39,-4
48,39,5
49,37,3
50,38,1
54,38,3
51,38,4
46,36,-1
49,35,-2
56,33,-1
53,31,-5
51,29,-8
55,30,-8
54,29,-15
52,30,-14
53,29,-16
51,32,-9
48,34,-7
50,38,-2
51,39,-2
53,39,-4
51,40,-2
51,39,1
49,38,-1
49,39,-6
52,38,-6
52,35,-9
50,35,-11
52,34,-13
53,33,-14
51,30,-15
50,30,-17
48,30,-16
48,29,-16
48,29,-17
49,30,-15
49,32,-11
49,35,-10
50,35,-8
53,35,-3
57,36,-1
54,36,-1
48,36,0
48,37,0
51,37,-3
53,36,-5
53,34,-7
51,32,-6
50,32,-6
51,32,-9
53,34,-16
50,32,-20
48,32,-19
50,32,-18
52,33,-17
49,31,-19
51,29,-12
42,32,-6
42,35,-6
44,34,-19
47,32,-22
55,36,-24
52,38,-26
46,44,-27
40,58,-16
43,61,-15
38,63,-6
32,64,-3
31,64,4
25,62,6
19,61,12
18,61,14
16,57,22
-2,53,30
-12,50,35
-23,49,40
-25,48,37
-50,37,23
-62,40,19
-50,38,11
-52,38,-4
-59,39,-1
-52,37,4
-50,38,0
-48,40,-1
-47,41,3
-48,40,1
-47,40,-3
-50,40,-2
-46,38,-2
-50,42,-7
-47,43,-10
-48,42,-13
-45,42,-12
-41,45,-13
-40,43,-13
-47,45,-20
-44,48,-18
-47,50,-14
-48,48,-11
-46,46,-11
-43,48,-7
-40,46,-9
-45,45,-14
-42,45,-14
-39,48,-12
-43,47,-11
-42,44,-9
-41,45,-9
-43,44,-10
-43,44,-7
-45,45,-9
-46,44,-8
-46,47,-8
-47,46,-6
-46,45,-6
-44,46,-7
-46,46,-6
-45,46,-5
-43,45,-5
-47,44,-8
-45,43,-8
-42,45,-5
-45,47,-4
-50,46,-6
-47,45,-8
-43,45,-7
-43,46,-6
-46,46,-7
-45,47,-8
-42,46,-5
-44,47,-8
-44,45,-7
-46,45,-7
-43,45,-6
-45,46,-7
-47,45,-7
-46,46,-8
-44,46,-8
-45,45,-6
-46,45,-8
-46,46,-7
-44,46,-5
-46,47,-6
-45,46,-6
-44,43,-5
-44,45,-6
-43,44,-6
-43,45,-6
-44,45,-6
-45,44,-6
-43,44,-6
-46,46,-8
-45,45,-8
-47,45,-10
-49,46,-9
-47,46,-6
-47,46,-6
-47,47,-6
-45,48,-5
-44,48,-6
-45,49,-5
-46,48,-6
-41,47,-7
-38,45,-1
-44,45,-4
-49,42,-13
-49,43,-12
-43,45,-9
-40,45,-9
-48,47,-18
-45,45,-16
-40,45,-8
-43,46,-9
-47,47,-7
-41,46,-10
-39,45,-12
-37,45,-14
-38,46,-15
-40,46,-13
-42,46,-10
-39,49,-13
-38,50,-14
-42,50,-13
-44,49,-14
-36,51,-15
-40,51,-13
-43,51,-12
-39,50,-14
-40,50,-14
-40,50,-15
-39,49,-13
-40,50,-14
-39,50,-14
-37,50,-14
-37,50,-12
-39,51,-13
-39,51,-13
-37,50,-13
-35,50,-14
-38,50,-12
-38,50,-13
-40,50,-14
-39,51,-14
-41,51,-14
-42,52,-14
-41,51,-14
-40,50,-14
-42,51,-15
-39,51,-12
-38,52,-10
-40,53,-13
-33,50,-12
-35,49,-11
-36,48,-11
-39,48,-14
-37,48,-14
-37,49,-14
-41,50,-14
-40,49,-15
-40,53,-11
-41,54,-11
-38,53,-13
-38,51,-13
-39,51,-12
-35,51,-13
-36,51,-15
-37,49,-12
-36,51,-11
-36,51,-15
-35,51,-14
-37,51,-13
-35,50,-13
-37,52,-14
-35,52,-13
-37,53,-13
-38,53,-11
-33,54,-13
-36,54,-12
-34,53,-10
-34,51,-13
-36,50,-14
-34,50,-11
-36,51,-12
-36,52,-14
-34,51,-12
-36,53,-13
-35,52,-15
-36,51,-12
-35,52,-13
-39,53,-15
-33,52,-13
-36,53,-15
-36,53,-14
-36,54,-13
-34,53,-16
-37,54,-13
-37,52,-11
-37,53,-13
-34,50,-12
-33,51,-12
-35,53,-14
-35,51,-13
-32,53,-15
-36,54,-15
-39,57,-12
-38,54,-15
-35,53,-14
-35,52,-12
-34,52,-11
-37,52,-12
-35,51,-13
-33,52,-13
-35,52,-12
-38,52,-12
-35,50,-15
-34,52,-12
-37,53,-14
-35,54,-14
-37,52,-12
-36,51,-12
-34,53,-14
-35,54,-15
-34,53,-12
-34,54,-14
-35,53,-13
-33,52,-12
-35,52,-14
-31,50,-11
-34,50,-14
-34,51,-15
-35,52,-14
-32,52,-14
-36,55,-14
-35,55,-13
-35,54,-13
-36,52,-13
-35,53,-12
-36,53,-15
-34,52,-14
-38,52,-15
-34,52,-14
-37,52,-15
-33,50,-13
-34,52,-11
-33,52,-14
-33,51,-12
-36,53,-14
-33,53,-15
-35,52,-15
-33,53,-13
-36,53,-13
-34,53,-13
-36,54,-13
-38,53,-12
-36,52,-15
-36,52,-14
-35,52,-12
-32,53,-13
-34,52,-12
-37,52,-13
-33,51,-13
-35,52,-12
-36,52,-11
-35,53,-13
-36,53,-14
-36,53,-13
-38,53,-13
-36,53,-14
-39,53,-12
-36,52,-13
-35,53,-14
-36,52,-11
-39,54,-15
-33,54,-14
-36,53,-13
-34,53,-13
-34,52,-14
-34,49,-15
-32,51,-10
-38,53,-12
-33,54,-12
-32,54,-14
-33,53,-15
-34,53,-13
-36,52,-14
-34,52,-14
-33,52,-17
-35,52,-18
-33,54,-19
-35,53,-22
-40,51,-16
-38,50,-11
-40,49,0
-44,49,4
-50,48,7
-58,46,10
-56,43,18
-45,42,20
-8,44,24
-2,48,28
6,53,29
28,58,42
31,55,34
36,51,37
31,45,37
21,38,31
1,30,31
19,39,47
21,39,45
21,39,44
14,42,47
14,49,47
5,48,49
0,49,49
10,45,47
14,41,49
5,42,49
-1,43,45
5,43,45
2,44,43
3,45,43
6,45,45
0,42,45
-1,43,45
8,52,58
2,41,40
4,46,50
26,43,62
16,42,60
-5,38,46
5,37,43
18,35,57
18,33,59
12,31,30
49,8,57
37,28,41
35,32,36
22,40,25
56,33,27
74,33,53
65,39,49
62,31,50
-60,18,9
-24,25,23
23,34,50
52,37,36
34,16,35
33,27,34
49,47,48
57,52,40
72,73,13
63,73,-13
50,70,-25
34,56,-22
35,58,-3
24,61,7
7,55,4
36,52,5
28,26,-32
35,36,5
20,48,27
32,28,27
33,32,29
25,29,26
34,36,7
28,32,2
15,24,7
13,22,13
20,18,25
29,16,27
49,19,28
54,24,24
49,17,22
42,15,34
26,11,56
-1,0,68
-12,-2,74
-29,4,92
-31,5,90
-48,17,88
-59,40,110
-58,11,109
-65,-3,66
-11,-11,56
-7,-10,55
-10,-15,50
-21,-23,52
-22,-26,57
-14,-27,66
-8,-24,71
-13,-15,70
-19,-15,69
-22,-13,62
-16,-12,64
-19,-11,61
-18,-12,59
-18,-11,55
-22,-12,54
-31,-9,51
-31,-8,50
-27,-8,53
-24,-11,51
-25,-12,49
-28,-7,54
-28,-10,53
-24,-11,56
-21,-12,59
-18,-9,72
-18,-10,75
-21,-10,72
-21,-10,66
-19,-9,61
-17,-8,56
-19,-9,54
-21,-9,59
-23,-8,63
-22,-14,48
-25,-8,60
-18,-10,58
-24,-10,55
-18,-10,59
-21,-6,63
-21,-9,60
-21,-8,63
-19,-11,58
-21,-9,64
-18,-9,63
-21,-9,57
-19,-10,58
-19,-9,61
-20,-11,57
-19,-10,60
-22,-11,58
-20,-11,60
-23,-9,60
-21,-11,57
-21,-10,60
-22,-10,59
-19,-11,58
-22,-9,57
-20,-9,60
-22,-8,62
-20,-11,58
-20,-9,60
-21,-9,60
-20,-8,60
-21,-9,60
-18,-10,62
-21,-10,56
-18,-8,62
-21,-10,58
-18,-11,59
-20,-10,60
-19,-10,58
-21,-7,62
-20,-10,58
-21,-11,59
-18,-10,60
-20,-9,61
-19,-10,59
-19,-9,65
-17,-11,60
-20,-8,63
-17,-10,62
-21,-9,60
-18,-9,61
-20,-9,63
-19,-10,59
-20,-8,60
-17,-9,59
-18,-8,58
-19,-11,52
-16,-11,61
-20,-12,54
-14,-11,61
-21,-10,60
-18,-10,61
-20,-9,62
-19,-7,68
-23,-11,57
-19,-9,65
-24,-9,61
-21,-10,62
-21,-11,59
-22,-11,58
-20,-10,56
-21,-7,64
-18,-12,54
-19,-9,60
-19,-11,58
-17,-12,56
-25,-10,60
-18,-14,54
-25,-9,55
-20,-8,60
-24,-3,69
-23,-14,49
-23,-9,58
-22,-7,58
-21,-9,56
-23,-7,63
-21,-12,54
-20,-10,58
-21,-7,62
-20,-9,59
-21,-10,61
-17,-11,60
-18,-10,62
-20,-11,59
-18,-10,61
-21,-9,62
-20,-9,62
-21,-10,63
-21,-11,61
-19,-10,61
-22,-9,60
-20,-9,58
-22,-9,57
-18,-10,59
-22,-11,54
-17,-9,60
-21,-8,59
-20,-10,58
-20,-11,60
-22,-10,59
-19,-10,57
-21,-8,62
-21,-10,57
-22,-10,57
-20,-9,62
-21,-10,59
-20,-10,58
-20,-9,62
-21,-11,58
-22,-9,59
-21,-9,61
-20,-10,57
-23,-8,61
-20,-10,57
-22,-9,56
-20,-9,62
-22,-9,62
-21,-10,56
-20,-9,59
-21,-9,61
-21,-9,60
-19,-10,60
-20,-11,58
-21,-9,60
-21,-9,63
-21,-11,60
-20,-11,61
-20,-9,63
-21,-9,58
-20,-8,59
-21,-9,60
-20,-10,57
-20,-9,58
-19,-8,61
-22,-10,57
-19,-9,59
-22,-9,61
-21,-11,55
-22,-8,62
-20,-11,54
-23,-7,62
-22,-9,58
-20,-9,62
-21,-11,56
-19,-9,60
-21,-10,56
-22,-9,58
-20,-10,61
-21,-11,56
-20,-9,62
-21,-11,56
-23,-11,56
-21,-10,61
-21,-8,62
-22,-11,55
-20,-9,60
-21,-10,59
-20,-11,59
-21,-10,60
-19,-9,62
-20,-10,59
-18,-11,59
-22,-9,61
-20,-11,57
-20,-8,64
-21,-12,57
-20,-10,62
-21,-9,62
-18,-9,60
-20,-8,60
-18,-9,58
-20,-9,58
-20,-10,57
-18,-10,58
-21,-10,59
-19,-10,61
-21,-10,60
-21,-11,56
-19,-8,62
-20,-8,60
-20,-10,57
-19,-8,63
-20,-11,56
-20,-11,56
-21,-9,63
-21,-10,62
-19,-12,55
-17,-8,68
-19,-11,58
-18,-9,63
-19,-10,62
-20,-11,58
-22,-9,62
-22,-10,58
-22,-10,59
-22,-9,60
-23,-10,59
-22,-12,56
-21,-8,62
-23,-10,58
-21,-9,61
-22,-10,59
-21,-10,57
-23,-9,56
-20,-8,61
-21,-9,59
-20,-11,59
-20,-10,61
-21,-11,60
-23,-10,59
-22,-9,61
-22,-9,59
-21,-9,61
-22,-9,61
-21,-11,56
-23,-7,60
-21,-8,61
-22,-10,56
-22,-11,57
-21,-8,61
-20,-10,57
-20,-10,56
-21,-9,58
-22,-10,56
-19,-9,59
-22,-11,56
-20,-11,58
-23,-8,62
-23,-11,56
-23,-9,61
-24,-10,61
-21,-10,63
-23,-9,59
-20,-10,62
-22,-11,58
-21,-9,62
-20,-10,60
-22,-9,62
-21,-11,59
-20,-10,60
-22,-12,53
-18,-8,65
-25,-10,59
-19,-13,57
-23,-9,61
-24,-9,66
-22,-11,56
-23,-6,70
-26,-11,49
-25,-8,54
-21,-7,65
-22,-12,49
-16,-11,58
-22,-10,57
-18,-12,56
-26,-11,57
-18,-12,64
-25,-13,57
-21,-8,66
-23,-11,58
-24,-10,60
-23,-9,63
-22,-9,61
-23,-10,60
-23,-9,61
-23,-10,58
-22,-10,55
-21,-8,62
-21,-10,55
-20,-8,58
-20,-9,57
-19,-10,58
-22,-10,57
-20,-9,62
-23,-10,56
-21,-9,60
-22,-10,59
-22,-10,58
-22,-8,59
-22,-8,63
-24,-10,55
-20,-10,59
-22,-9,60
-23,-10,57
-21,-11,59
-20,-11,57
-24,-9,59
-22,-10,59
-23,-8,62
-23,-9,58
-18,-8,61
-24,-9,58
-20,-10,58
-19,-11,57
-21,-10,60
-21,-10,57
-23,-8,63
-22,-11,57
-19,-9,60
-22,-7,62
-21,-10,57
-19,-9,60
-21,-9,61
-20,-11,58
-20,-8,65
-20,-11,61
-20,-11,62
-21,-10,60
-20,-9,62
-22,-8,61
-19,-9,60
-21,-9,58
-23,-9,58
-20,-10,59
-21,-10,56
-20,-9,59
-23,-8,59
-19,-10,56
-20,-10,56
-21,-9,61
-21,-10,60
-20,-10,58
-21,-10,61
-24,-10,58
-20,-10,62
-23,-10,60
-22,-10,59
-22,-8,61
-22,-10,58
-21,-10,56
-20,-9,60
-22,-9,60
-20,-10,55
-19,-8,62
-21,-11,55
-17,-9,59
-20,-8,58
-19,-10,56
-22,-9,58
-19,-10,60
-20,-10,56
-19,-9,63
-21,-9,63
-20,-12,56
-21,-10,58
-18,-9,62
-20,-10,62
-18,-11,60
-18,-9,60
-21,-9,58
-19,-10,61
-22,-9,63
-21,-10,56
-19,-7,63
-22,-9,56
-18,-10,61
-21,-9,60
-17,-10,58
-20,-7,63
-21,-10,59
-21,-11,62
-20,-10,59
-19,-7,65
-22,-9,58
-18,-9,61
-18,-11,60
-19,-11,56
-15,-9,64
-19,-10,60
-17,-11,59
-18,-10,59
-16,-10,59
-17,-9,59
-19,-10,60
-18,-12,55
-21,-10,61
-19,-11,61
-21,-10,62
-21,-9,62
-19,-8,63
-22,-9,63
-18,-11,61
-18,-10,67
-22,-9,61
-15,-11,51
-16,-4,70
-19,-9,56
-13,-11,59
-17,-13,50
-14,-7,60
-18,-7,58
-19,-10,55
-21,-12,55
-19,-9,62
-19,-9,61
-23,-9,59
-21,-9,63
-22,-11,58
-20,-9,63
-21,-9,62
-20,-10,60
-21,-10,61
-20,-10,62
-22,-11,58
-18,-10,61
-20,-9,63
-22,-11,59
-20,-10,64
-20,-10,64
-21,-13,50
-22,-8,64
-21,-10,53
-26,-9,54
-19,-10,57
-21,-7,61
-24,-10,57
-20,-7,65
-22,-12,55
-19,-12,59
-23,-8,62
-22,-11,53
-23,-10,58
-19,-11,59
-22,-10,58
-20,-10,60
-19,-8,64
-24,-11,57
-18,-8,66
-23,-11,56
-18,-10,62
-22,-9,59
-20,-9,63
-23,-12,56
-20,-9,63
-23,-10,59
-21,-10,61
-22,-9,63
-23,-10,57
-22,-10,60
-23,-9,60
-22,-10,57
-21,-9,60
-22,-8,61
-22,-11,55
-22,-10,57
-22,-8,61
-23,-11,54
-22,-10,57
-22,-9,60
-24,-10,56
-22,-10,62
-22,-10,61
-23,-10,57
-22,-8,61
-23,-8,61
-21,-10,58
-20,-9,61
-19,-10,58
-21,-8,59
-21,-9,59
-20,-10,56
-20,-9,60
-20,-9,61
-20,-10,57
-21,-10,58
-20,-10,61
-22,-10,57
-19,-10,61
-22,-11,58
-20,-11,57
-19,-8,64
-20,-10,59
-19,-11,60
-20,-11,60
-19,-10,58
-22,-9,58
-21,-9,60
-19,-10,59
-20,-10,57
-19,-9,60
-20,-10,55
-22,-11,56
-20,-9,61
-20,-10,58
-21,-10,60
-20,-10,62
-22,-11,57
-19,-9,62
-22,-9,60
-20,-10,58
-20,-10,57
-19,-8,63
-21,-11,56
-18,-10,63
-21,-11,58
-19,-10,57
-21,-7,65
-20,-10,60
-19,-11,60
-19,-11,58
-21,-9,61
-23,-10,59
-20,-11,58
-21,-11,60
-21,-10,57
-22,-8,61
-22,-10,57
-19,-9,63
-20,-10,62
-21,-11,57
-19,-9,62
-21,-10,60
-20,-9,61
-21,-10,60
-18,-9,62
-21,-10,55
-19,-9,58
-20,-9,58
-22,-10,56
-19,-11,59
-20,-11,59
-20,-10,58
-21,-9,63
-19,-9,62
-22,-10,60
-18,-9,64
-22,-10,58
-19,-9,61
-22,-9,60
-19,-10,60
-21,-9,63
-20,-10,61
-22,-11,61
-22,-9,60
-21,-9,64
-22,-11,57
-22,-10,60
-21,-10,59
-23,-9,58
-21,-10,61
-21,-10,57
-20,-9,59
-21,-9,59
-20,-9,60
-22,-10,57
-21,-9,61
-21,-11,56
-23,-10,59
-20,-12,59
-23,-10,58
-22,-10,59
-21,-8,62
-23,-11,58
-20,-11,61
-21,-10,60
-20,-10,58
-21,-9,61
-22,-10,60
-21,-10,59
-21,-9,62
-20,-10,61
-20,-10,58
-22,-10,61
-21,-10,57
-23,-9,57
-20,-10,57
-22,-9,58
-23,-10,57
-21,-10,59
-22,-10,59
-22,-11,57
-24,-10,60
-22,-12,54
-25,-9,59
-23,-10,58
-24,-10,56
-22,-10,61
-23,-9,61
-22,-10,59
-22,-10,63
-21,-9,66
-21,-9,62
-23,-10,52
-15,-6,67
-25,-11,49
-14,-13,56
-21,-9,57
-20,-9,57
-23,-8,57
-19,-11,57
-22,-12,55
-19,-8,63
-20,-9,59
-21,-11,58
-20,-9,62
-21,-10,60
-19,-10,61
-21,-11,62
-21,-11,61
-23,-11,61
-19,-11,58
-22,-11,58
-20,-10,62
-23,-10,60
-21,-12,58
-22,-10,58
-21,-8,62
-22,-10,60
-20,-10,61
-19,-9,59
-21,-11,57
-20,-9,58
-22,-9,62
-20,-12,55
-21,-10,61
-20,-11,59
-21,-10,59
-21,-10,62
-20,-10,63
-21,-11,61
-20,-9,64
-21,-11,58
-19,-9,63
-21,-10,61
-19,-11,56
-23,-11,55
-19,-9,60
-22,-9,56
-20,-10,58
-21,-9,61
-22,-11,56
-18,-10,61
-21,-11,57
-19,-10,58
-21,-9,59
-19,-10,57
-21,-10,57
-20,-10,61
-20,-10,60
-21,-10,60
-19,-10,62
-20,-9,60
-19,-10,57
-18,-9,60
-20,-9,58
-19,-10,56
-18,-9,60
-20,-11,57
-18,-11,61
-21,-11,59
-19,-11,59
-23,-10,59
-20,-11,60
-23,-9,62
-20,-11,57
-21,-9,61
-22,-11,55
-18,-10,61
-22,-11,58
-20,-11,56
-21,-9,59
-20,-10,57
-21,-10,57
-20,-9,58
-19,-8,61
-22,-9,61
-18,-10,60
-19,-9,62
-24,-8,63
-17,-10,63
-19,-10,59
-19,-11,57
-20,-8,65
-20,-11,53
-19,-10,71
-21,-10,66
-21,-11,56
-22,-8,70
-23,-9,54
-19,-10,46
-15,-3,71
-23,-13,40
-23,-11,52
-15,-8,53
-22,-8,51
-20,-9,60
-21,-10,60
-19,-14,55
-21,-11,62
-20,-9,59
-20,-10,54
-18,-8,70
-19,-12,57
-14,-10,67
-23,-9,60
-16,-8,69
-23,-10,57
-19,-9,66
-20,-12,57
-18,-9,64
-21,-10,59
-18,-8,63
-21,-10,58
-18,-10,59
-17,-9,61
-18,-10,56
-17,-9,63
-19,-10,62
-18,-11,60
-17,-9,63
-17,-10,62
-19,-10,59
-20,-11,60
-18,-10,60
-20,-10,58
-18,-9,59
-21,-10,59
-18,-11,55
-17,-8,67
-17,-11,56
-17,-8,65
-19,-10,60
-17,-11,61
-19,-12,59
-17,-9,62
-21,-10,57
-18,-10,61
-21,-9,62
-19,-10,57
-19,-10,60
-18,-11,58
-18,-9,62
-19,-10,60
-17,-10,60
-20,-11,57
-19,-10,61
-20,-8,64
-21,-10,56
-18,-9,62
-22,-8,59
-18,-9,60
-19,-10,61
-17,-11,59
-19,-8,62
-22,-8,58
-19,-9,61
-19,-11,58
-18,-9,62
-20,-10,57
-19,-9,59
-19,-9,62
-19,-10,59
-19,-10,62
-19,-10,61
-20,-9,61
-20,-10,61
-19,-10,61
-19,-9,59
-20,-10,59
-17,-10,60
-21,-10,62
-20,-12,54
-19,-8,61
-22,-9,58
-18,-9,63
-20,-12,59
-18,-11,59
-20,-8,61
-21,-10,58
-21,-10,58
-20,-11,57
-20,-9,59
-21,-9,60
-21,-10,59
-20,-11,60
-22,-11,60
-20,-10,60
-21,-10,58
-21,-10,61
-21,-8,62
-22,-10,58
-20,-10,58
-21,-8,61
-22,-9,57
-19,-10,60
-19,-10,55
-20,-9,56
-21,-9,61
-21,-11,56
-18,-11,58
-21,-10,57
-20,-9,61
-21,-10,59
-20,-10,62
-22,-10,60
-20,-10,60
-22,-9,61
-20,-9,61
-22,-9,61
-20,-10,60
-21,-9,59
-19,-9,60
-22,-9,60
-22,-10,58
-21,-11,58
-21,-9,62
-21,-10,56
-22,-8,64
-21,-9,62
-21,-10,57
-20,-11,62
-21,-12,55
-25,-11,56
-21,-12,54
-27,-8,61
-25,-12,57
-24,-10,60
-23,-10,58
-21,-9,59
-23,-9,60
-24,-9,59
-21,-9,58
-23,-10,67
-21,-11,68
-22,-13,48
-24,-9,68
-23,-10,57
-24,-12,38
-19,-7,68
-18,-2,69
-26,-10,45
-18,-7,61
-21,-8,51
-24,-11,65
-22,-8,71
-25,-14,52
-24,-11,65
-24,-10,59
-24,-8,58
-24,-8,64
-23,-10,64
-22,-11,54
-20,-9,62
-23,-9,57
-22,-7,64
-22,-10,58
-18,-12,54
-22,-8,63
-23,-12,52
-25,-8,60
-23,-12,52
-25,-7,61
-25,-10,56
-25,-10,57
-22,-11,55
-20,-8,61
-24,-10,56
-20,-9,59
-18,-9,57
-22,-7,65
-19,-10,62
-21,-8,60
-14,-10,59
-19,-7,63
-18,-10,59
-18,-11,61
-19,-10,61
-20,-10,57
-19,-8,65
-20,-11,60
-18,-9,62
-20,-11,57
-18,-8,67
-21,-10,60
-18,-11,59
-21,-9,62
-20,-10,58
-23,-10,61
-21,-12,57
-21,-9,60
-22,-10,58
-18,-9,59
-20,-9,56
-19,-8,63
-20,-10,55
-17,-9,60
-18,-9,60
-19,-10,59
-22,-11,60
-20,-12,61
-18,-11,62
-21,-10,59
-21,-10,65
-23,-11,59
-18,-11,62
-23,-10,61
-22,-10,58
-23,-9,59
-21,-9,56
-20,-9,56
-20,-9,57
-21,-9,58
-20,-12,55
-20,-10,58
-20,-9,62
-22,-11,58
-20,-9,66
-22,-11,58
-19,-10,61
-22,-7,64
-19,-9,61
-20,-9,64
-19,-11,60
-19,-9,64
-21,-9,60
-20,-9,64
-21,-10,58
-19,-10,59
-20,-8,61
-19,-10,55
-18,-9,63
-20,-10,59
-19,-11,58
-20,-10,59
-20,-9,62
-19,-9,61
-21,-9,61
-19,-9,63
-20,-10,55
-20,-8,61
-21,-9,61
-21,-10,57
-19,-10,58
-18,-9,59
-22,-10,56
-19,-10,60
-21,-10,57
-19,-10,61
-20,-11,58
-19,-10,61
-22,-11,56
-18,-9,61
-20,-9,61
-20,-10,58
-20,-9,59
-21,-9,59
-20,-9,60
-20,-10,59
-20,-10,59
-21,-10,58
-19,-10,61
-21,-12,57
-18,-10,60
-23,-10,59
-18,-10,60
-19,-10,60
-20,-10,63
-21,-10,56
-20,-8,63
-22,-11,56
-19,-9,62
-22,-9,60
-19,-9,62
-20,-10,59
-19,-10,62
-21,-10,61
-18,-10,60
-20,-12,57
-17,-9,62
-23,-9,57
-18,-10,61
-21,-10,60
-19,-11,61
-18,-9,62
-20,-9,59
-16,-9,62
-19,-9,60
-16,-10,62
-20,-10,61
-19,-10,59
-19,-10,58
-18,-10,62
-19,-8,64
-20,-10,60
-18,-9,62
-20,-9,62
-17,-10,61
-19,-9,65
-18,-11,61
-17,-9,60
-18,-10,59
-18,-10,60
-19,-9,61
-16,-10,60
-16,-10,61
-20,-11,58
-17,-10,58
-21,-9,60
-19,-11,56
-19,-9,61
-21,-9,58
-17,-8,63
-21,-11,58
-17,-10,62
-21,-9,58
-17,-10,54
-22,-10,60
-18,-13,53
-23,-11,56
-16,-12,56
-23,-8,58
-20,-11,57
-23,-12,60
-20,-11,64
-19,-14,51
-16,-8,65
-22,-7,63
-20,-10,62
-15,-12,55
-15,-11,52
-16,-4,73
-19,-8,58
-16,-12,63
-16,-16,55
-15,-9,64
-21,-9,60
-19,-10,62
-19,-11,57
-17,-8,62
-19,-9,57
-19,-9,57
-19,-9,64
-17,-10,61
-18,-11,58
-15,-9,63
-18,-10,61
-17,-10,59
-17,-10,63
-16,-10,61
-16,-9,65
-20,-12,58
-19,-10,65
-21,-11,57
-18,-6,69
-20,-12,54
-19,-11,60
-18,-9,62
-18,-11,55
-12,-10,62
-19,-10,60
-16,-11,61
-18,-10,60
-15,-10,61
-16,-10,58
-17,-9,60
-17,-8,58
-17,-9,57
-16,-10,60
-17,-10,62
-18,-11,58
-18,-10,62
-17,-10,62
-18,-12,56
-15,-8,66
-18,-10,60
-15,-10,61
-17,-10,63
-17,-10,63
-18,-10,59
-15,-8,64
-16,-9,57
-16,-9,61
-16,-11,58
-16,-10,58
-15,-10,56
-16,-8,62
-17,-10,64
-16,-11,62
-16,-12,64
-17,-10,59
-17,-8,63
-18,-9,58
-17,-9,60
-17,-10,59
-16,-8,65
-18,-11,57
-16,-10,62
-17,-10,61
-16,-9,62
-16,-11,60
-15,-11,61
-19,-11,56
-14,-8,65
-18,-9,61
-17,-12,60
-17,-11,62
-17,-10,61
-17,-9,59
-17,-9,66
-16,-10,64
-16,-12,59
-15,-10,63
-17,-9,63
-16,-10,60
-16,-10,61
-16,-10,60
-16,-10,58
-15,-9,61
-16,-9,62
-18,-10,58
-14,-8,65
-18,-9,61
-14,-11,61
-16,-11,64
-16,-11,61
-16,-9,62
-18,-10,61
-16,-11,58
-14,-9,61
-18,-11,55
-13,-9,61
-20,-11,56
-13,-11,59
-19,-12,55
-14,-10,61
-18,-8,62
-17,-11,55
-14,-10,58
-17,-9,61
-15,-11,53
-17,-10,60
-17,-11,58
-15,-8,61
-16,-9,66
-14,-11,63
-15,-12,62
-12,-8,67
-15,-9,61
-15,-11,61
-14,-10,65
-13,-10,59
-14,-10,57
-13,-8,64
-15,-10,55
-11,-8,65
-11,-10,58
-11,-8,62
-12,-12,52
-8,-7,70
-16,-11,58
-11,-11,67
-14,-12,64
-13,-10,62
-15,-8,68
-13,-8,68
-17,-11,62
-14,-12,61
-15,-8,67
-16,-9,63
-15,-11,63
-15,-11,62
-17,-9,62
-14,-6,67
-17,-11,58
-13,-11,63
-15,-10,60
-14,-8,63
-16,-9,60
-14,-10,65
-15,-12,62
-14,-7,69
-13,-12,49
-15,-5,76
-10,-5,69
-14,-12,54
-14,-15,58
-13,-6,60
-16,-10,60
-14,-9,62
-17,-12,62
-17,-11,64
-16,-12,56
-18,-10,60
-15,-9,63
-18,-11,57
-16,-9,65
-16,-9,65
-15,-10,59
-15,-10,61
-16,-8,63
-16,-11,57
-13,-9,63
-17,-10,58
-14,-9,61
-17,-9,62
-13,-8,65
-17,-11,58
-12,-9,65
-17,-9,62
-16,-10,60
-16,-8,67
-16,-11,65
-16,-11,64
-18,-9,64
-17,-10,60
-16,-8,62
-18,-9,63
-18,-11,59
-19,-11,58
-16,-9,64
-19,-10,59
-17,-10,62
-16,-8,64
-18,-10,56
-16,-8,59
-16,-8,61
-18,-10,56
-15,-9,60
-15,-8,63
-15,-11,57
-13,-9,62
-17,-11,59
-15,-10,59
-18,-10,60
-16,-12,59
-19,-11,58
-18,-9,63
-19,-10,58
-20,-10,57
-19,-9,62
-21,-10,61
-19,-10,58
-20,-10,58
-20,-10,60
-23,-9,58
-20,-9,64
-21,-10,60
-21,-10,58
-19,-9,60
-23,-9,59
-18,-12,60
-19,-10,65
-22,-11,57
-19,-8,63
-22,-9,62
-20,-9,61
-21,-9,61
-16,-8,61
-22,-8,63
-19,-9,60
-20,-8,64
-24,-9,57
-19,-7,64
-23,-10,59
-17,-10,58
-19,-7,63
-17,-8,62
-20,-9,59
-16,-9,60
-17,-9,60
-18,-10,57
-18,-9,61
-20,-9,62
-19,-10,58
-19,-10,63
-20,-10,62
-21,-8,63
-19,-8,63
-22,-10,58
-18,-8,59
-21,-6,68
-19,-12,58
-18,-9,65
-16,-12,56
-17,-7,69
-21,-12,55
-14,-10,65
-22,-8,55
-15,-6,61
-20,-8,61
-18,-11,58
-17,-9,60
-16,-8,63
-20,-10,57
-20,-10,58
-19,-9,62
-20,-11,56
-19,-9,63
-22,-11,58
-20,-9,61
-22,-8,68
-17,-9,62
-24,-9,60
-11,-4,77
-24,-9,56
-16,-14,56
-18,-6,68
-15,-8,62
-19,-9,61
-16,-8,64
-19,-12,59
-18,-9,59
-19,-7,63
-21,-10,55
-20,-9,58
-20,-8,61
-19,-10,56
-18,-9,59
-18,-9,57
-21,-9,64
-19,-10,58
-18,-8,68
-16,-9,65
-22,-9,61
-20,-11,53
-22,-7,60
-23,-12,57
-21,-9,65
-23,-12,55
-20,-9,62
-22,-10,61
-20,-11,58
-20,-8,62
-21,-9,59
-20,-10,59
-21,-9,61
-20,-11,57
-18,-9,62
-20,-8,62
-19,-10,59
-19,-10,58
-19,-8,65
-17,-9,62
-19,-9,61
-15,-9,64
-21,-10,59
-19,-9,61
-19,-9,62
-21,-10,58
-19,-9,63
-20,-10,59
-21,-11,56
-20,-9,64
-21,-9,63
-20,-11,57
-17,-8,62
-20,-8,60
-20,-10,57
-17,-8,62
-18,-10,57
-18,-8,60
-21,-9,61
-18,-11,59
-19,-10,59
-18,-8,65
-21,-11,55
-21,-9,62
-21,-10,61
-20,-10,60
-21,-9,59
-20,-8,64
-21,-11,57
-19,-10,63
-20,-10,62
-21,-9,57
-22,-9,60
-20,-10,58
-22,-10,54
-19,-8,62
-21,-8,61
-22,-11,55
-21,-10,61
-21,-9,57
-23,-9,59
-21,-11,56
-17,-10,61
-23,-11,53
-18,-8,64
-23,-10,56
-18,-10,60
-22,-10,61
-20,-11,56
-21,-10,57
-21,-8,62
-20,-9,60
-21,-10,60
-18,-10,61
-20,-10,57
-20,-8,60
-21,-9,58
-21,-11,57
-21,-10,55
-18,-8,65
-21,-12,53
-19,-10,65
-23,-10,61
-21,-9,60
-21,-10,59
-21,-9,60
-22,-9,60
-20,-9,60
-20,-11,60
-20,-11,55
-21,-7,69
-20,-8,67
-22,-13,51
-18,-8,71
-25,-10,61
-18,-11,53
-22,-8,63
-15,-3,73
-26,-10,48
-16,-9,58
-21,-7,54
-22,-9,64
-16,-7,65
-23,-13,58
-19,-12,63
-21,-6,67
-17,-13,54
-19,-7,66
-21,-10,63
-19,-9,61
-22,-11,58
-20,-10,63
-23,-8,59
-20,-7,66
-23,-12,54
-20,-9,62
-22,-7,61
-18,-9,61
-22,-9,62
-17,-9,66
-20,-10,58
-21,-11,56
-18,-8,66
-22,-11,58
-18,-10,62
-21,-8,61
-20,-9,59
-20,-9,60
-20,-9,60
-22,-9,58
-18,-7,62
-21,-10,60
-19,-12,55
-18,-7,64
-19,-8,60
-20,-11,56
-20,-8,59
-21,-8,61
-20,-11,56
-20,-10,61
-20,-10,55
-22,-9,57
-20,-9,61
-22,-11,56
-20,-11,56
-20,-6,68
-23,-12,51
-23,-10,62
-23,-10,60
-21,-10,58
-23,-9,61
-21,-10,60
-21,-11,57
-20,-8,64
-20,-9,59
-21,-10,60
-21,-10,60
-19,-10,60
-21,-10,56
-19,-9,62
-21,-8,58
-22,-11,56
-18,-9,58
-22,-8,57
-21,-9,59
-20,-9,61
-20,-11,56
-20,-11,57
-20,-8,65
-21,-10,59
-20,-10,60
-18,-9,64
-22,-9,61
-21,-10,58
-20,-8,65
-24,-10,56
-20,-8,67
-21,-12,57
-21,-11,58
-21,-8,63
-19,-7,63
-22,-11,57
-18,-8,64
-20,-9,59
-18,-11,56
-18,-8,63
-20,-10,55
-20,-10,59
-19,-9,60
-19,-10,57
-19,-9,62
-19,-8,62
-18,-11,57
-21,-12,54
-16,-8,64
-23,-10,54
-16,-10,63
-21,-10,60
-18,-11,58
-18,-8,65
-19,-9,62
-20,-11,58
-18,-8,63
-21,-9,59
-18,-9,61
-20,-9,61
-17,-10,61
-20,-10,57
-18,-7,64
-20,-10,60
-20,-11,58
-19,-9,64
-21,-10,57
-19,-9,63
-21,-9,61
-17,-10,60
-20,-9,59
-18,-7,65
-21,-12,54
-21,-11,60
-20,-10,59
-20,-10,58
-20,-10,62
-20,-11,57
-22,-11,58
-21,-9,59
-20,-7,66
-24,-11,58
-16,-10,65
-22,-10,62
-18,-11,57
-18,-7,68
-19,-12,57
-18,-10,63
-22,-9,60
-18,-10,59
-20,-10,59
-20,-9,61
-20,-10,54
-21,-8,59
-20,-11,57
-22,-11,56
-20,-9,58
-21,-8,59
-21,-11,56
-21,-9,61
-20,-11,59
-20,-11,55
-20,-7,68
-24,-10,55
-18,-9,61
-23,-8,61
-16,-8,65
-22,-11,56
-18,-9,63
-22,-10,56
-21,-9,61
-21,-11,59
-18,-11,58
-21,-9,58
-20,-8,63
-20,-10,57
-20,-8,64
-17,-8,63
-21,-9,61
-17,-11,62
-17,-11,56
-22,-10,60
-20,-10,56
-23,-8,64
-24,-14,49
-22,-8,64
-24,-9,57
-21,-10,63
-20,-9,64
-22,-10,59
-18,-9,62
-21,-9,60
-18,-9,62
-21,-9,60
-17,-8,64
-21,-11,58
-19,-11,59
-20,-9,64
-19,-9,62
-21,-10,62
-21,-10,59
-21,-10,55
-20,-8,64
-20,-9,59
-19,-10,61
-21,-11,59
-18,-10,62
-22,-11,55
-19,-9,64
-23,-10,58
-21,-10,59
-19,-9,63
-22,-10,58
-20,-10,59
-22,-8,64
-21,-12,51
-22,-9,58
-24,-9,67
-20,-7,68
-22,-12,49
-14,-7,66
-23,-6,55
-18,-9,52
-15,-8,58
-20,-11,50
-21,-10,58
-20,-11,57
-23,-12,60
-21,-14,55
-22,-8,71
-26,-12,52
-22,-8,66
-24,-10,60
-20,-10,60
-21,-9,68
-18,-11,59
-20,-9,65
-23,-8,60
-17,-10,58
-21,-9,60
-16,-8,63
-20,-10,55
-19,-10,60
-20,-9,57
-19,-9,58
-21,-8,64
-17,-10,62
-20,-11,60
-18,-11,59
-18,-9,62
-21,-11,61
-18,-11,63
-20,-10,59
-20,-9,60
-20,-9,62
-19,-10,61
-19,-10,58
-20,-9,61
-20,-11,57
-22,-12,51
-17,-9,63
-19,-10,58
-19,-10,60
-18,-10,61
-20,-10,57
-20,-9,61
-19,-8,61
-21,-10,59
-19,-10,60
-19,-10,62
-20,-11,57
-19,-9,65
-21,-10,60
-19,-11,60
-20,-9,62
-20,-10,60
-20,-10,64
-20,-10,64
-21,-11,60
-20,-11,61
-20,-9,60
-21,-9,58
-20,-9,59
-20,-9,59
-20,-10,54
-20,-7,61
-20,-8,57
-19,-10,60
-19,-11,59
-19,-10,62
-21,-11,56
-19,-8,66
-20,-11,61
-19,-11,60
-21,-10,60
-19,-9,60
-22,-11,57
-20,-10,61
-21,-9,61
-22,-11,56
-18,-11,57
-22,-10,57
-21,-11,58
-21,-8,64
-22,-11,57
-18,-11,59
-20,-8,64
-21,-10,56
-17,-8,66
-19,-10,61
-20,-10,59
-20,-8,61
-19,-10,59
-20,-11,57
-23,-10,61
-21,-10,57
-22,-10,58
-20,-9,59
-21,-11,57
-19,-11,55
-23,-10,56
-18,-13,54
-25,-10,58
-21,-10,57
-18,-9,64
-20,-10,62
-20,-9,61
-17,-10,60
-21,-7,65
-17,-8,66
-22,-11,57
-17,-10,64
-21,-8,61
-19,-10,60
-18,-10,63
-21,-10,57
-19,-9,60
-20,-8,63
-17,-11,59
-20,-11,60
-19,-9,65
-21,-10,60
-18,-11,60
-18,-10,60
-21,-10,61
-18,-9,60
-20,-12,54
-19,-13,61
-18,-8,64
-21,-11,55
-16,-9,60
-24,-11,53
-15,-8,65
-23,-10,51
-15,-10,57
-20,-7,63
-23,-10,58
-18,-13,52
-15,-9,61
-19,-10,55
-20,-8,64
-20,-12,57
-19,-13,56
-18,-8,64
-22,-9,56
-19,-9,60
-22,-8,60
-22,-11,57
-21,-9,62
-23,-9,62
-18,-11,57
-22,-10,62
-20,-7,72
-22,-13,47
-14,-9,63
-23,-8,58
-19,-12,56
-22,-11,58
-18,-11,59
-23,-10,58
-21,-9,62
-20,-10,59
-22,-9,59
-20,-8,62
-20,-11,57
-21,-11,61
-21,-8,67
-22,-11,54
-20,-11,59
-21,-8,63
-20,-9,58
-19,-10,62
-20,-10,62
-21,-9,61
-21,-11,58
-20,-10,60
-20,-10,61
-21,-11,58
-18,-10,61
-24,-11,56
-19,-10,65
-23,-12,56
-19,-10,60
-23,-9,60
-20,-9,59
-22,-10,58
-19,-10,60
-20,-10,58
-20,-9,59
-21,-9,61
-20,-11,55
-19,-9,61
-19,-8,60
-20,-10,55
-19,-9,60
-21,-9,59
-18,-10,58
-19,-9,61
-17,-8,63
-22,-10,56
-18,-9,65
-20,-11,56
-19,-10,61
-21,-10,61
-19,-10,61
-20,-12,57
-17,-8,64
-20,-10,57
-17,-10,63
-20,-10,62
-17,-11,57
-20,-11,56
-18,-9,62
-21,-9,59
-18,-11,60
-18,-10,60
-21,-9,59
-20,-9,62
-18,-10,61
-20,-11,57
-18,-9,61
-18,-9,59
-20,-11,58
-20,-11,61
-19,-9,63
-21,-10,59
-18,-9,66
-20,-12,58
-18,-10,63
-20,-9,62
-19,-9,60
-18,-11,59
-18,-9,62
-19,-10,57
-17,-9,61
-20,-9,61
-20,-11,58
-20,-11,58
-19,-9,64
-23,-11,58
-19,-10,63
-22,-9,60
-20,-9,61
-22,-10,62
-19,-11,61
-23,-9,60
-18,-8,61
-22,-8,64
-20,-11,56
-19,-8,65
-18,-11,54
-20,-6,68
-24,-11,56
-18,-11,61
-22,-11,60
-21,-9,63
-21,-11,59
-22,-12,58
-20,-10,63
-23,-10,57
-20,-10,59
-23,-9,62
-23,-10,57
-20,-9,61
-23,-9,59
-24,-11,54
-22,-9,59
-23,-11,54
-22,-10,59
-23,-11,57
-22,-9,61
-24,-10,56
-21,-9,63
-22,-11,55
-22,-11,56
-22,-10,60
-22,-9,60
-21,-11,59
-21,-11,59
-23,-11,57
-20,-9,61
-23,-11,56
-20,-12,58
-24,-9,61
-23,-9,59
-21,-12,56
-20,-10,64
-24,-11,58
-20,-10,59
-20,-8,63
-21,-10,56
-20,-9,64
-21,-12,56
-18,-9,62
-22,-11,57
-21,-10,58
-24,-11,57
-21,-13,59
-28,-11,66
-22,-15,37
-25,-8,61
-29,-7,59
-17,-15,46
-20,-12,53
-19,-6,60
-28,-11,48
-18,-12,57
-23,-11,60
-21,-12,54
-27,-11,60
-24,-11,59
-24,-10,58
-22,-11,61
-23,-9,60
-24,-10,59
-21,-11,60
-23,-11,60
-21,-10,55
-22,-9,64
-24,-13,49
-25,-11,54
-22,-10,58
-24,-8,59
-25,-11,57
-21,-11,59
-23,-10,57
-23,-10,58
-24,-9,59
-22,-10,58
-22,-10,59
-23,-10,62
-21,-11,55
-20,-8,68
-20,-11,58
-20,-9,63
-20,-11,59
-18,-9,62
-22,-11,54
-18,-9,63
-22,-10,60
-19,-12,54
-20,-8,70
-20,-12,56
-19,-8,68
-20,-13,56
-15,-9,60
-26,-11,55
-19,-10,61
-26,-11,57
-22,-12,54
-24,-9,60
-24,-8,57
-21,-10,61
-22,-12,58
-21,-10,55
-23,-8,58
-23,-8,61
-21,-12,56
-21,-10,61
-21,-9,61
-21,-10,58
-21,-11,59
-22,-10,63
-22,-10,58
-20,-9,64
-22,-10,61
-22,-10,59
-21,-9,61
-21,-9,60
-22,-11,57
-23,-10,63
-24,-12,56
-24,-10,59
-25,-10,60
-23,-9,62
-24,-11,57
-23,-9,64
-22,-10,59
-21,-10,61
-21,-11,58
-20,-9,61
-23,-10,56
-19,-10,64
-21,-12,55
-19,-10,61
-23,-9,60
-21,-11,55
-23,-11,56
-20,-10,61
-22,-10,59
-21,-11,59
-20,-8,64
-21,-10,56
-19,-10,63
-21,-11,60
-20,-10,57
-21,-9,61
-21,-11,55
-22,-10,58
-20,-11,57
-18,-11,59
-22,-11,55
-20,-10,61
-22,-10,59
-22,-11,60
-20,-10,63
-22,-11,56
-19,-9,63
-23,-10,57
-20,-9,62
-21,-10,59
-18,-10,63
-21,-10,59
-21,-10,61
-19,-9,65
-23,-11,59
-18,-11,63
-21,-9,61
-18,-10,60
-20,-9,58
-20,-9,59
-20,-11,57
-20,-10,58
-20,-11,57
-21,-10,58
-20,-10,61
-20,-12,59
-21,-12,57
-21,-10,63
-21,-9,61
-22,-11,60
-20,-11,64
-22,-11,57
-21,-10,61
-21,-10,59
-21,-11,58
-20,-11,59
-19,-10,63
-20,-13,55
-17,-9,64
-21,-10,60
-19,-11,59
-21,-11,57
-20,-10,62
-19,-10,61
-20,-11,60
-21,-12,59
-20,-10,58
-22,-10,58
-20,-11,58
-21,-10,62
-18,-10,61
-20,-8,65
-19,-12,58
-17,-10,63
-20,-12,56
-17,-8,62
-23,-11,53
-15,-10,64
-22,-13,51
-16,-9,65
-22,-11,56
-18,-9,63
-21,-11,60
-19,-10,60
-19,-10,60
-19,-10,60
-21,-9,61
-20,-11,56
-17,-9,64
-20,-11,56
-21,-9,65
-18,-9,63
-20,-10,60
-17,-9,62
-21,-10,60
-19,-10,53
-19,-9,56
-21,-10,57
-21,-10,57
-21,-11,60
-20,-11,62
-22,-11,59
-21,-9,64
-21,-10,56
-20,-11,54
-21,-9,62
-21,-10,60
-17,-13,56
-21,-8,68
-21,-11,64
-18,-12,64
-20,-11,63
-22,-10,62
-21,-8,65
-20,-10,60
-19,-12,59
-20,-10,62
-17,-10,61
-20,-8,65
-24,-14,50
-21,-10,60
-21,-10,52
-19,-6,59
-24,-10,57
-20,-10,59
-21,-11,58
-21,-11,65
-20,-11,55
-21,-12,47
-14,-4,77
-21,-13,41
-13,-8,70
-24,-8,49
-17,-10,50
-21,-6,64
-16,-6,64
-23,-11,63
-11,-11,64
-22,-10,66
-18,-11,59
-19,-6,68
-16,-11,60
-19,-10,62
-20,-12,62
-18,-12,58
-20,-8,63
-22,-10,60
-18,-11,61
-24,-13,52
-17,-12,63
-24,-10,60
-20,-12,58
-24,-11,61
-23,-11,56
-22,-9,61
-21,-10,57
-19,-11,58
-20,-9,60
-20,-9,62
-19,-11,58
-20,-10,60
-18,-9,62
-20,-9,56
-19,-9,59
-20,-11,59
-20,-12,57
-19,-10,59
-23,-10,58
-19,-11,56
-20,-8,67
-18,-10,62
-18,-10,59
-19,-11,60
-20,-10,61
-21,-11,54
-16,-11,65
-23,-13,57
-18,-10,62
-23,-11,58
-19,-9,62
-21,-10,61
-19,-9,64
-21,-11,57
-20,-10,60
-21,-10,61
-21,-10,59
-21,-10,59
-21,-9,63
-23,-10,57
-19,-9,60
-21,-10,59
-21,-11,58
-20,-10,58
-20,-10,58
-20,-9,59
-21,-9,62
-19,-10,62
-20,-10,57
-18,-10,60
-21,-9,63
-21,-11,57
-18,-10,65
-20,-12,57
-18,-8,65
-22,-11,56
-18,-11,62
-21,-9,59
-19,-8,62
-20,-11,58
-20,-11,57
-22,-9,65
-20,-12,56
-18,-10,63
-22,-12,56
-19,-9,63
-24,-12,53
-18,-9,64
-22,-9,58
-19,-10,59
-21,-10,61
-22,-10,61
-19,-11,55
-19,-8,64
-24,-10,54
-21,-9,60
-21,-11,59
-19,-11,58
-21,-10,60
-20,-9,62
-21,-11,58
-21,-9,64
-21,-10,62
-22,-9,60
-21,-9,61
-23,-9,63
-20,-10,60
-20,-9,62
-19,-10,60
-21,-8,61
-19,-10,56
-17,-9,64
-21,-12,53
-17,-9,65
-23,-10,59
-19,-11,58
-21,-8,65
-21,-11,58
-19,-10,61
-21,-10,63
-22,-10,57
-20,-9,58
-21,-8,62
-20,-9,65
-22,-11,56
-17,-10,62
-22,-10,60
-22,-10,60
-20,-10,64
-22,-11,58
-19,-10,61
-23,-9,64
-20,-10,58
-20,-9,63
-21,-11,60
-18,-11,59
-22,-11,53
-18,-9,62
-20,-10,60
-20,-12,55
-17,-10,62
-21,-10,56
-18,-9,62
-21,-11,58
-19,-11,60
-21,-11,54
-17,-9,63
-22,-12,54
-18,-10,62
-22,-10,57
-19,-11,57
-19,-9,63
-20,-8,62
-19,-11,56
-20,-10,60
-20,-11,58
-20,-10,57
-21,-9,61
-19,-9,60
-20,-10,62
-17,-10,60
-18,-9,65
-18,-11,58
-19,-9,62
-20,-10,62
-20,-12,57
-19,-11,66
-20,-10,69
-21,-12,56
-23,-11,56
-19,-5,69
-17,-5,64
-22,-11,59
-15,-12,61
-21,-7,62
-15,-7,64
-20,-12,59
-21,-13,55
-19,-7,68
-22,-13,52
-24,-11,59
-22,-11,58
-21,-7,65
-25,-10,61
-16,-10,68
-22,-13,55
-18,-8,64
-23,-8,58
-19,-12,57
-20,-13,55
-18,-10,62
-21,-11,55
-19,-9,62
-21,-10,58
-19,-10,60
-18,-10,59
-21,-9,62
-18,-10,62
-21,-10,58
-18,-8,67
-23,-12,54
-19,-10,61
-22,-9,64
-21,-11,58
-20,-11,60
-22,-10,62
-20,-9,61
-20,-9,60
-18,-9,63
-22,-11,56
-20,-8,60
-20,-9,59
-21,-10,57
-20,-10,60
-20,-10,59
-20,-10,58
-20,-10,61
-18,-9,63
-22,-10,58
-17,-9,61
-19,-11,59
-22,-11,58
-21,-10,62
-23,-9,62
-23,-11,58
-20,-10,62
-22,-9,65
-24,-12,54
-21,-9,64
-23,-11,57
-22,-10,60
-23,-11,62
-21,-11,60
-21,-9,61
-21,-10,60
-20,-10,63
-23,-12,56
-19,-10,60
-19,-9,60
-23,-11,53
-19,-9,63
-22,-11,54
-18,-9,58
-22,-9,57
-20,-10,59
-22,-11,56
-19,-10,59
-21,-10,61
-22,-10,55
-21,-9,62
-22,-11,53
-18,-9,60
-23,-10,59
-21,-12,56
-23,-11,56
-21,-10,59
-24,-10,58
-21,-10,59
-22,-10,59
-21,-11,57
-23,-10,57
-22,-9,62
-22,-10,58
-21,-10,61
-22,-10,60
-22,-11,58
-21,-9,61
-20,-9,59
-20,-11,58
-22,-10,58
-20,-9,59
-21,-11,53
-18,-9,61
-22,-10,59
-20,-12,56
-18,-8,62
-22,-9,59
-19,-11,56
-23,-11,57
-20,-11,58
-24,-10,54
-20,-10,60
-22,-10,58
-22,-10,59
-21,-10,57
-20,-9,64
-20,-12,56
-19,-9,63
-21,-9,59
-21,-10,57
-18,-10,61
-21,-11,56
-19,-10,59
-22,-10,56
-18,-10,64
-22,-13,53
-19,-9,64
-23,-9,62
-21,-10,59
-18,-10,61
-21,-9,61
-21,-10,58
-19,-9,62
-22,-10,59
-21,-10,62
-22,-8,62
-18,-9,65
-23,-9,59
-17,-9,64
-20,-10,59
-20,-11,57
-18,-10,61
-19,-10,59
-20,-12,54
-17,-9,61
-22,-10,57
-19,-10,61
-20,-10,59
-20,-10,61
-19,-10,58
-19,-8,64
-20,-12,59
-18,-11,59
-22,-10,60
-19,-11,59
-19,-10,63
-21,-10,62
-20,-9,61
-19,-9,60
-21,-8,65
-18,-11,60
-19,-9,60
-17,-8,65
-21,-11,58
-19,-11,62
-21,-11,59
-20,-10,58
-22,-9,60
-20,-11,61
-22,-11,60
-21,-10,58
-17,-7,66
-23,-11,53
-19,-10,62
-21,-9,60
-17,-11,56
-20,-9,62
-21,-10,59
-17,-11,60
-20,-9,63
-18,-10,64
-20,-11,57
-21,-10,59
-19,-11,61
-21,-11,58
-20,-10,61
-21,-10,62
-21,-12,57
-18,-10,59
-19,-8,66
-19,-12,57
-18,-9,67
-24,-10,55
-19,-9,61
-22,-9,62
-17,-9,63
-22,-12,54
-19,-9,61
-21,-8,60
-19,-11,56
-18,-10,61
-20,-10,60
-19,-10,54
-18,-7,67
-19,-11,56
-17,-11,60
-19,-9,61
-19,-9,62
-20,-12,53
-19,-8,68
-17,-8,65
-20,-10,62
-15,-12,61
-18,-9,66
-20,-11,57
-19,-9,71
-23,-11,62
-18,-14,48
-21,-7,73
-22,-5,76
-19,-16,39
-17,-14,53
-18,-7,61
-30,-10,49
-16,-12,60
-20,-10,59
-25,-11,60
-22,-10,67
-22,-10,59
-25,-11,60
-20,-8,66
-24,-10,57
-22,-11,56
-20,-9,63
-23,-11,58
-21,-10,58
-21,-9,60
-21,-11,54
-22,-9,60
-20,-10,58
-19,-9,60
-20,-12,55
-18,-8,63
-21,-10,57
-19,-10,57
-18,-9,61
-20,-9,60
-21,-12,55
-19,-10,62
-20,-9,63
-22,-10,58
-18,-10,62
-21,-10,60
-21,-9,57
-18,-8,64
-20,-12,55
-20,-11,58
-19,-10,58
-19,-8,60
-21,-10,60
-17,-9,65
-21,-11,60
-18,-13,57
-17,-8,67
-23,-10,60
-18,-11,61
-19,-9,63
-19,-10,59
-20,-9,60
-19,-8,66
-20,-13,56
-20,-12,59
-20,-9,62
-19,-8,63
-21,-10,57
-17,-10,62
-18,-11,57
-19,-11,56
-17,-9,63
-20,-12,59
-19,-12,61
-19,-9,65
-18,-11,60
-20,-9,64
-19,-9,64
-19,-10,60
-19,-12,57
-18,-9,61
-21,-8,62
-20,-11,56
-16,-10,61
-22,-11,55
-18,-9,63
-20,-9,61
-18,-11,59
-18,-11,59
-18,-8,62
-17,-9,59
-18,-10,59
-16,-9,63
-17,-12,55
-19,-11,57
-17,-9,60
-16,-12,57
-18,-11,61
-19,-10,59
-18,-10,60
-18,-11,60
-17,-9,67
-20,-11,57
-17,-12,59
-16,-7,65
-18,-10,58
-16,-10,63
-19,-9,62
-16,-9,63
-19,-10,62
-15,-10,63
-19,-10,62
-18,-11,58
-16,-10,65
-18,-12,56
-17,-8,65
-18,-10,61
-16,-11,61
-19,-12,57
-16,-9,64
-19,-10,57
-17,-10,64
-16,-11,58
-18,-11,60
-16,-11,59
-17,-9,62
-17,-11,57
-18,-11,59
-13,-9,62
-16,-12,54
-12,-9,67
-19,-11,64
-9,-13,50
-17,-7,69
-7,-4,72
-18,-8,62
-11,-13,61
-15,-9,63
-14,-9,66
-20,-7,65
-12,-7,69
-19,-13,56
-14,-10,64
-19,-9,63
-17,-8,64
-18,-11,58
-17,-10,62
-20,-11,60
-16,-13,59
-18,-12,60
-17,-10,59
-20,-11,57
-15,-10,64
-18,-13,57
-14,-11,62
-17,-9,62
-17,-10,59
-16,-10,65
-15,-9,65
-18,-11,57
-15,-10,61
-17,-9,63
-17,-11,58
-16,-11,61
-15,-9,64
-18,-11,55
-16,-10,60
-17,-10,60
-16,-9,63
-18,-12,58
-17,-10,60
-18,-10,60
-19,-12,61
-17,-11,65
-20,-10,59
-15,-9,62
-18,-9,63
-16,-12,57
-14,-9,62
-18,-9,59
-16,-11,59
-19,-12,55
-16,-9,63
-18,-11,57
-18,-11,59
-16,-9,63
-16,-10,57
-17,-10,61
-17,-10,61
-17,-11,57
-20,-11,60
-17,-11,58
-18,-10,58
-19,-10,57
-19,-9,62
-19,-12,55
-18,-10,63
-19,-8,66
-21,-11,60
-18,-12,63
-19,-11,67
-18,-11,65
-19,-11,65
-16,-8,71
-19,-11,60
-15,-10,64
-18,-9,63
-17,-10,55
-18,-11,56
-17,-10,56
-16,-9,60
-18,-12,52
-18,-9,60
-21,-11,55
-19,-10,59
-18,-10,56
-18,-10,56
-19,-10,61
-19,-9,62
-18,-11,59
-18,-11,61
-18,-9,65
-19,-12,55
-19,-11,62
-19,-11,59
-19,-11,59
-19,-10,61
-18,-10,62
-20,-10,59
-17,-11,57
-20,-8,68
-18,-11,59
-19,-10,65
-24,-9,61
-19,-10,64
-22,-12,61
-18,-8,69
-22,-10,57
-19,-8,70
-23,-12,54
-17,-8,66
-21,-11,52
-17,-7,68
-22,-13,53
-14,-10,66
-18,-11,60
-18,-9,61
-18,-11,58
-18,-9,62
-18,-8,61
-20,-11,56
-19,-9,62
-22,-11,56
-21,-10,58
-20,-10,60
-20,-10,61
-21,-11,59
-18,-9,62
-19,-12,57
-17,-11,62
-20,-11,61
-18,-11,59
-21,-11,56
-18,-9,63
-19,-10,58
-19,-11,59
-19,-9,62
-18,-11,55
-21,-11,54
-20,-9,61
-19,-11,58
-20,-13,57
-18,-11,62
-20,-9,62
-21,-10,61
-16,-8,66
-20,-10,59
-17,-12,57
-16,-8,64
-20,-9,59
-18,-11,60
-18,-10,64
-17,-11,57
-17,-9,62
-19,-9,63
-18,-11,59
-19,-13,56
-18,-9,64
-21,-9,61
-20,-12,56
-20,-11,61
-21,-9,60
-22,-10,58
-20,-10,59
-20,-8,62
-20,-11,56
-20,-10,65
-20,-11,60
-19,-10,60
-20,-10,63
-21,-11,58
-21,-10,60
-22,-10,59
-20,-8,63
-23,-12,57
-19,-10,64
-23,-10,58
-21,-11,60
-21,-11,59
-20,-9,63
-22,-12,53
-18,-8,65
-22,-10,57
-19,-9,60
-22,-11,54
-19,-8,61
-22,-10,54
-19,-10,62
-22,-10,59
-19,-11,57
-20,-9,66
-19,-12,60
-19,-11,58
-20,-10,60
-19,-9,60
-21,-11,57
-19,-11,60
-19,-9,63
-21,-10,57
-18,-11,57
-19,-9,62
-22,-10,60
-17,-10,62
-19,-9,60
-19,-11,57
-21,-8,63
-20,-10,60
-19,-10,57
-20,-11,58
-18,-9,62
-22,-13,55
-18,-10,63
-21,-10,57
-20,-10,61
-21,-11,59
-19,-10,65
-22,-12,54
-20,-10,61
-24,-11,65
-23,-13,61
-17,-13,60
-24,-13,59
-17,-7,61
-22,-13,40
-14,-4,76
-19,-10,53
-14,-13,59
-20,-7,56
-17,-9,56
-20,-11,65
-21,-12,59
-19,-16,57
-21,-10,62
-23,-10,59
-23,-9,60
-22,-12,58
-20,-11,64
-22,-11,57
-20,-11,62
-21,-11,57
-21,-9,63
-21,-10,60
-19,-9,62
-18,-11,59
-19,-10,60
-21,-11,59
-19,-11,57
-19,-10,62
-19,-10,62
-21,-11,58
-19,-11,61
-20,-9,63
-19,-11,60
-20,-11,62
-19,-10,62
-22,-9,62
-18,-10,62
-21,-10,64
-19,-12,60
-20,-10,62
-21,-10,62
-20,-11,59
-22,-12,58
-20,-10,61
-20,-11,57
-21,-11,60
-20,-12,59
-21,-10,60
-22,-11,60
-19,-10,64
-21,-11,57
-19,-12,59
-20,-8,61
-20,-10,58
-18,-12,56
-22,-12,56
-18,-11,57
-18,-10,62
-21,-12,60
-18,-12,55
-24,-10,59
-21,-11,58
-22,-10,61
-22,-13,53
-21,-10,64
-23,-11,54
-20,-10,59
-21,-11,59
-21,-11,59
-21,-11,60
-20,-10,61
-18,-10,62
-21,-11,59
-19,-10,63
-20,-11,57
-19,-10,59
-22,-10,60
-20,-9,62
-21,-11,58
-18,-11,59
-19,-10,62
-21,-12,55
-20,-10,63
-21,-11,57
-20,-10,60
-21,-12,62
-19,-10,63
-22,-11,60
-19,-10,63
-21,-10,60
-18,-10,63
-21,-12,58
-21,-11,58
-23,-11,56
-21,-11,62
-21,-12,59
-21,-11,59
-21,-11,60
-21,-10,62
-23,-13,59
-18,-12,61
-20,-13,48
-19,-7,66
-23,-7,62
-17,-15,55
-19,-11,57
-20,-7,61
-23,-9,62
-21,-11,60
-19,-14,62
-19,-12,60
-21,-8,62
-21,-9,59
-19,-9,63
-18,-12,57
-17,-11,61
-21,-11,59
-17,-11,58
-20,-9,66
-18,-10,66
-20,-11,64
-15,-12,62
-20,-9,56
-17,-7,65
-20,-10,53
-21,-13,52
-15,-12,53
-23,-10,51
-19,-8,61
-19,-12,57
-18,-14,58
-19,-11,58
-20,-9,58
-20,-10,59
-21,-12,55
-18,-11,60
-21,-12,54
-17,-9,64
-20,-11,58
-19,-11,61
-20,-11,60
-18,-10,59
-21,-11,62
-20,-12,61
-20,-11,61
-20,-11,61
-20,-10,64
-19,-11,63
-19,-12,60
-21,-11,62
-20,-11,57
-21,-10,59
-21,-12,59
-20,-11,60
-21,-11,60
-21,-10,64
-19,-10,63
-22,-10,60
-18,-10,64
-19,-10,58
-20,-10,59
-20,-11,62
-18,-10,64
-20,-11,58
-17,-10,63
-20,-9,61
-18,-11,58
-19,-11,60
-20,-10,58
-19,-10,58
-20,-12,58
-19,-10,63
-22,-10,57
-19,-10,64
-20,-12,59
-18,-12,58
-20,-10,61
-20,-10,59
-19,-11,58
-20,-11,61
-18,-10,63
-21,-11,57
-17,-10,65
-21,-12,59
-18,-12,62
-21,-11,58
-19,-9,65
-22,-12,55
-19,-12,60
-20,-11,60
-20,-11,55
-20,-10,65
-22,-11,61
-18,-12,62
-22,-10,60
-19,-8,65
-23,-11,57
-19,-10,63
-21,-11,59
-17,-10,61
-21,-9,63
-18,-10,62
-18,-11,61
-18,-12,58
-18,-10,64
-22,-10,58
-18,-12,60
-19,-11,62
-20,-11,59
-19,-11,60
-20,-11,59
-20,-11,58
-20,-10,58
-20,-10,61
-19,-10,60
-20,-10,59
-20,-11,60
-19,-9,61
-21,-11,59
-20,-11,63
-20,-11,60
-20,-12,58
-19,-10,63
-18,-10,60
-18,-10,60
-18,-11,59
-17,-10,60
-19,-11,56
-18,-11,60
-19,-11,59
-20,-12,55
-19,-10,63
-21,-10,61
-20,-12,58
-22,-12,60
-21,-10,59
-22,-9,58
-21,-11,60
-21,-12,59
-21,-12,56
-21,-9,60
-21,-9,62
-22,-12,55
-20,-10,62
-22,-11,56
-19,-10,58
-21,-11,62
-20,-11,59
-20,-11,58
-19,-10,61
-20,-11,61
-20,-12,58
-22,-11,60
-20,-12,58
-21,-11,58
-22,-10,60
-22,-10,60
-21,-11,56
-19,-11,59
-20,-11,59
-21,-11,59
-21,-12,55
-22,-10,61
-22,-11,56
-21,-11,60
-22,-12,58
-21,-11,59
-21,-9,62
-22,-11,60
-18,-12,59
-18,-8,64
-20,-12,56
-15,-10,67
-23,-14,51
-15,-10,67
-23,-11,53
-18,-9,64
-22,-10,61
-19,-12,58
-19,-11,56
-23,-10,57
-20,-10,58
-24,-12,53
-20,-14,57
-23,-10,58
-24,-9,60
-20,-9,63
-22,-12,59
-20,-12,61
-21,-9,60
-19,-10,62
-20,-11,59
-21,-11,62
-19,-11,62
-21,-10,59
-20,-9,67
-24,-11,56
-20,-9,64
-23,-11,56
-20,-10,64
-23,-12,53
-21,-10,60
-22,-11,57
-20,-11,58
-22,-11,60
-21,-12,55
-21,-10,56
-20,-9,61
-20,-11,59
-21,-12,56
-20,-11,59
-20,-11,56
-21,-10,58
-22,-11,57
-23,-10,60
-21,-11,56
-21,-11,61
-20,-11,62
-20,-10,54
-21,-10,59
-20,-10,59
-20,-11,56
-20,-11,60
-20,-11,60
-19,-11,61
-21,-11,58
-21,-10,64
-21,-11,61
-20,-11,60
-21,-11,60
-22,-10,60
-21,-12,61
-23,-12,61
-20,-11,59
-23,-10,62
-23,-11,61
-20,-11,62
-22,-10,60
-20,-10,62
-21,-12,58
-22,-10,61
-22,-11,58
-18,-11,58
-24,-10,58
-21,-11,58
-21,-11,58
-21,-11,58
-21,-10,60
-19,-11,58
-20,-11,56
-20,-10,62
-20,-11,60
-19,-11,56
-20,-10,60
-20,-9,60
-20,-11,57
-19,-11,60
-20,-11,59
-20,-11,59
-20,-10,60
-20,-11,58
-22,-11,58
-21,-10,59
-20,-11,59
-20,-12,58
-20,-10,62
-19,-10,63
-20,-11,60
-22,-10,63
-19,-10,64
-21,-11,56
-19,-10,64
-21,-11,58
-19,-11,59
-20,-10,58
-22,-11,59
-18,-12,56
-22,-11,54
-19,-10,62
-19,-11,61
-19,-13,57
-18,-11,61
-24,-10,60
-20,-10,61
-20,-11,61
-20,-12,57
-22,-10,62
-22,-11,57
-20,-9,62
-24,-10,60
-19,-13,56
-23,-12,56
-25,-11,59
-23,-8,72
-20,-14,47
-19,-12,50
-21,-5,70
-20,-8,57
-16,-14,57
-17,-14,55
-18,-9,60
-23,-10,60
-18,-13,59
-17,-14,60
-21,-12,57
-20,-8,64
-23,-10,59
-19,-12,57
-21,-11,61
-22,-9,59
-21,-10,58
-22,-12,57
-20,-9,63
-24,-11,58
-21,-11,61
-20,-11,64
-23,-11,58
-19,-9,67
-23,-12,58
-18,-10,63
-22,-10,59
-21,-12,59
-20,-11,60
-24,-12,54
-20,-10,60
-24,-12,52
-19,-10,61
-21,-11,60
-21,-12,59
-22,-9,62
-21,-10,61
-22,-10,58
-20,-11,59
-19,-12,60
-22,-11,56
-20,-10,60
-22,-10,58
-22,-10,60
-19,-10,58
-21,-9,65
-25,-12,51
-18,-9,61
-25,-10,63
-19,-12,57
-18,-11,66
-20,-14,57
-19,-10,63
-25,-11,55
-20,-9,63
-25,-12,58
-22,-12,61
-23,-12,58
-21,-10,59
-23,-9,58
-22,-9,60
-22,-10,51
-19,-8,57
-23,-10,55
-20,-10,59
-21,-12,56
-19,-11,64
-22,-13,56
-22,-11,61
-25,-11,56
-18,-10,60
-27,-12,56
-20,-14,58
-23,-11,62
-26,-10,56
-22,-9,67
-24,-14,56
-19,-11,65
-23,-12,57
-23,-10,67
-23,-14,56
-18,-11,68
-24,-14,60
-16,-10,50
-22,-9,54
-17,-8,64
-24,-12,45
-13,-13,56
-20,-7,59
-22,-9,56
-20,-12,59
-18,-13,63
-17,-15,59
-20,-9,65
-17,-10,66
-20,-10,62
-19,-12,63
-18,-13,63
-18,-13,57
-20,-10,63
-21,-11,58
-20,-11,61
-19,-12,56
-18,-11,61
-19,-12,54
-22,-10,57
-20,-12,54
-22,-10,60
-22,-12,54
-18,-11,62
-21,-12,58
-20,-11,62
-20,-11,62
-20,-11,59
-19,-10,60
-20,-10,63
-19,-12,59
-18,-12,57
-21,-10,64
-20,-13,56
-17,-12,62
-20,-11,61
-19,-11,59
-21,-11,60
-20,-11,62
-18,-11,63
-21,-12,56
-18,-10,63
-20,-12,57
-20,-12,58
-19,-12,59
-20,-11,61
-20,-12,56
-16,-10,61
-20,-10,59
-17,-12,58
-19,-12,58
-16,-12,58
-18,-10,60
-20,-11,56
-16,-10,62
-19,-12,55
-16,-11,60
-18,-11,57
-17,-10,63
-18,-12,57
-15,-11,64
-19,-13,57
-16,-11,62
-20,-10,62
-19,-12,57
-19,-11,60
-19,-11,57
-20,-11,59
-20,-11,56
-20,-11,60
-19,-13,58
-21,-13,56
-18,-10,63
-18,-11,58
-18,-10,61
-18,-11,60
-16,-10,61
-18,-11,58
-17,-11,61
-18,-11,59
-18,-11,59
-18,-11,60
-18,-10,62
-20,-12,57
-19,-11,62
-20,-11,60
-21,-12,59
-20,-10,62
-20,-11,61
-18,-12,58
-18,-10,63
-18,-11,61
-17,-11,60
-19,-12,58
-16,-10,62
-19,-12,55
-15,-10,62
-18,-11,60
-17,-11,61
-19,-10,59
-17,-10,64
-20,-12,58
-18,-11,63
-21,-11,62
-17,-11,61
-20,-9,61
-18,-10,63
-19,-12,58
-18,-11,59
-19,-10,59
-19,-11,60
-19,-11,58
-18,-11,62
-19,-11,58
-19,-9,62
-16,-9,63
-19,-13,61
-19,-14,58
-19,-10,63
-19,-9,64
-22,-12,55
-16,-12,62
-23,-12,55
-20,-12,59
-22,-10,62
-18,-12,59
-22,-14,47
-17,-6,70
-19,-8,61
-17,-14,55
-19,-14,58
-20,-9,60
-20,-9,60
-20,-12,60
-17,-15,60
-23,-13,58
-19,-11,58
-24,-9,63
-23,-13,53
-21,-9,64
-23,-12,55
-17,-10,63
-24,-10,58
-17,-8,67
-21,-12,57
-17,-12,61
-19,-11,62
-19,-12,57
-21,-12,56
-17,-11,64
-21,-12,58
-18,-13,60
-21,-11,60
-21,-10,60
-19,-9,63
-20,-11,62
-15,-12,64
-21,-9,59
-20,-10,60
-19,-12,58
-19,-12,60
-18,-11,62
-18,-10,61
-18,-12,59
-18,-10,63
-18,-10,62
-18,-11,55
-16,-9,67
-19,-13,53
-17,-10,62
-18,-12,56
-14,-10,64
-17,-13,55
-11,-10,64
-15,-10,63
-13,-12,58
-14,-11,61
-13,-11,62
-15,-12,61
-14,-11,62
-15,-11,63
-14,-12,60
-14,-12,60
-14,-11,63
-15,-12,59
-17,-12,59
-14,-10,61
-16,-12,56
-14,-10,64
-19,-12,58
-13,-11,63
-15,-13,49
-12,-8,68
-17,-10,63
-14,-12,57
-11,-10,60
-14,-9,61
-16,-12,59
-13,-11,65
-13,-13,61
-14,-13,60
-13,-10,65
-14,-11,63
-14,-11,61
-14,-11,61
-14,-11,62
-15,-10,63
-14,-11,59
-15,-11,62
-17,-11,60
-16,-11,63
-14,-12,65
-17,-13,62
-15,-12,64
-15,-10,66
-16,-13,60
-13,-10,65
-17,-12,59
-11,-9,61
-15,-9,67
-11,-11,64
-14,-11,63
-12,-12,61
-14,-8,69
-13,-13,58
-11,-11,65
-14,-10,63
-14,-10,62
-16,-12,58
-13,-9,65
-15,-11,61
-14,-11,62
-14,-11,60
-14,-10,63
-15,-12,55
-14,-10,62
-13,-11,55
-15,-12,53
-13,-9,66
-15,-13,56
-11,-12,66
-14,-14,59
-12,-10,67
-16,-14,58
-13,-9,67
-16,-11,61
-15,-13,57
-13,-10,67
-15,-11,62
-15,-12,62
-13,-10,65
-15,-10,60
-11,-11,63
-16,-12,58
-12,-9,65
-17,-12,55
-13,-11,63
-19,-12,66
-13,-15,49
-19,-12,56
-15,-9,62
-21,-11,51
-12,-15,57
-20,-12,57
-15,-12,59
-21,-13,55
-15,-10,67
-18,-13,62
-16,-14,60
-17,-9,64
-18,-9,60
-16,-10,60
-17,-11,60
-17,-12,61
-18,-12,55
-16,-9,64
-16,-10,60
-18,-11,60
-17,-13,60
-15,-9,64
-16,-15,44
-13,-7,75
-24,-12,53
-15,-13,64
-20,-12,55
-15,-7,67
-21,-13,54
-18,-12,60
-20,-14,61
-18,-12,64
-21,-13,57
-18,-10,65
-22,-11,55
-18,-10,62
-23,-12,60
-17,-14,56
-21,-13,54
-19,-10,62
-22,-10,59
-18,-14,57
-20,-11,62
-21,-12,58
-19,-11,59
-20,-11,60
-17,-11,63
-20,-12,59
-17,-11,62
-17,-10,61
-20,-13,56
-18,-11,62
-19,-11,57
-18,-12,58
-18,-11,62
-18,-12,60
-18,-12,58
-19,-12,57
-17,-10,63
-19,-13,56
-18,-12,62
-19,-10,61
-17,-11,60
-21,-12,59
-19,-9,64
-19,-12,57
-17,-12,60
-21,-12,61
-18,-10,64
-21,-11,57
-17,-10,63
-19,-11,59
-19,-12,60
-19,-11,59
-19,-11,60
-20,-13,57
-18,-11,63
-20,-11,61
-20,-12,58
-18,-11,61
-20,-11,61
-18,-12,59
-20,-11,59
-19,-10,62
-19,-12,56
-20,-11,62
-20,-11,61
-19,-12,55
-21,-11,60
-22,-12,58
-20,-11,62
-21,-13,56
-21,-10,64
-21,-12,55
-21,-11,57
-20,-11,60
-21,-10,62
-21,-12,56
-19,-10,61
-21,-11,58
-20,-12,57
-20,-11,58
-20,-11,58
-21,-11,60
-21,-12,58
-19,-11,63
-22,-12,57
-20,-11,61
-20,-12,61
-21,-12,60
-20,-12,61
-20,-10,62
-20,-11,58
-18,-10,62
-19,-11,61
-18,-12,59
-20,-12,56
-20,-9,64
-17,-10,61
-19,-13,59
-18,-11,65
-21,-10,60
-17,-11,60
-20,-11,65
-22,-13,50
-22,-11,57
-20,-11,56
-22,-10,59
-21,-16,51
-21,-12,58
-19,-11,57
-21,-11,56
-19,-13,59
-20,-11,60
-15,-13,56
-14,-10,63
-18,-12,60
-14,-11,60
-18,-13,57
-16,-11,63
-17,-11,61
-18,-11,62
-16,-10,64
-19,-11,60
-16,-12,59
-18,-9,66
-15,-11,56
-19,-11,61
-23,-11,62
-22,-12,64
-12,-16,43
-23,-11,51
-16,-8,70
-27,-14,50
-8,-17,58
-19,-14,53
-16,-8,67
-19,-12,57
-15,-11,63
-18,-13,65
-19,-14,57
-16,-10,65
-22,-12,57
-18,-11,62
-21,-12,58
-19,-10,62
-20,-11,59
-19,-10,63
-16,-11,62
-20,-11,58
-16,-10,64
-18,-11,61
-16,-11,61
-20,-12,60
-19,-11,59
-18,-11,60
-20,-12,60
-17,-11,64
-18,-12,58
-18,-13,58
-17,-10,64
-20,-12,57
-18,-12,61
-21,-12,60
-19,-12,58
-17,-11,60
-18,-11,61
-16,-13,54
-20,-13,58
-19,-13,57
-20,-10,60
-18,-16,53
-22,-12,61
-23,-14,59
-20,-13,62
-21,-13,58
-21,-12,64
-23,-14,56
-20,-12,63
-22,-13,57
-19,-13,59
-24,-15,54
-20,-12,59
-23,-13,57
-20,-15,53
-23,-12,59
-21,-13,56
-22,-13,56
-21,-14,57
-19,-12,60
-24,-15,55
-19,-13,63
-23,-14,59
-22,-15,59
-24,-15,56
-21,-12,62
-23,-14,53
-21,-13,62
-24,-14,57
-21,-13,61
-23,-15,55
-24,-12,61
-26,-12,60
-23,-14,60
-25,-13,63
-23,-14,60
-24,-12,61
-24,-13,57
-23,-11,61
-25,-13,57
-23,-13,57
-23,-12,59
-23,-13,55
-23,-13,55
-23,-11,59
-22,-12,58
-21,-15,55
-22,-14,58
-24,-13,58
-22,-13,58
-24,-14,57
-22,-14,59
-26,-14,56
-24,-13,59
-24,-11,62
-24,-14,56
-22,-14,57
-23,-12,56
-21,-13,58
-25,-16,52
-20,-13,63
-25,-15,51
-20,-13,62
-26,-15,54
-20,-11,63
-23,-13,56
-21,-11,62
-21,-11,61
-21,-11,61
-25,-12,55
-20,-10,62
-22,-13,59
-20,-14,57
-22,-11,65
-21,-12,58
-20,-9,64
-22,-14,57
-21,-10,64
-21,-10,63
-23,-12,58
-20,-11,63
-23,-11,58
-23,-12,57
-24,-13,61
-19,-12,59
-22,-16,44
-17,-7,68
-26,-11,54
-17,-10,70
-23,-21,45
-17,-9,66
-29,-9,56
-22,-9,60
-24,-12,59
-22,-14,59
-24,-11,56
-24,-10,58
-23,-10,57
-23,-10,59
-23,-13,54
-21,-10,60
-24,-10,56
-22,-10,57
-23,-11,60
-22,-11,61
-22,-12,55
-23,-11,58
-24,-10,56
-21,-12,55
-25,-13,54
-23,-11,59
-25,-11,56
-23,-13,55
-26,-12,56
-23,-10,63
-24,-12,56
-22,-11,66
-23,-13,58
-20,-9,63
-23,-11,58
-21,-10,62
-22,-12,60
-23,-13,55
-21,-9,62
-24,-11,57
-22,-11,58
-25,-13,55
-21,-11,60
-24,-10,56
-24,-11,59
-23,-10,60
-23,-11,55
-22,-11,59
-24,-10,60
-24,-10,61
-22,-13,58
-23,-10,63
-22,-9,62
-24,-11,59
-23,-12,57
-21,-9,62
-23,-10,58
-21,-12,57
-22,-9,60
-22,-9,59
-23,-11,56
-23,-11,60
-23,-12,56
-23,-11,60
-25,-12,56
-22,-10,60
-23,-10,60
-23,-12,55
-23,-10,61
-23,-10,61
-23,-11,57
-24,-11,59
-24,-11,58
-22,-10,61
-24,-13,55
-22,-9,63
-23,-10,59
-23,-11,60
-23,-12,59
-24,-9,59
-24,-9,61
-25,-11,58
-23,-11,61
-24,-11,56
-25,-10,59
-24,-11,57
-23,-10,59
-25,-12,54
-23,-10,61
-25,-11,58
-24,-12,57
-25,-12,57
-23,-11,57
-25,-10,59
-25,-13,54
-26,-10,61
-26,-11,54
-23,-12,57
-27,-12,56
-25,-9,60
-27,-11,56
-25,-11,59
-26,-11,59
-25,-11,58
-28,-12,54
-24,-11,59
-27,-10,57
-26,-12,57
-25,-10,64
-25,-11,59
-25,-11,59
-27,-11,59
-26,-9,61
-25,-11,58
-26,-12,57
-27,-10,58
-26,-10,60
-28,-12,56
-27,-13,62
-28,-12,62
-31,-11,60
-36,-10,59
-33,-11,57
-40,-6,55
-38,-7,52
-43,-6,51
-42,-6,52
-42,-6,46
-42,-4,48
-42,-6,48
-45,-6,49
-46,-10,44
-43,-5,49
-43,-4,47
-44,-3,45
-43,-5,43
-47,-4,44
-46,-4,46
-53,0,43
-55,-1,41
-67,1,41
-59,2,45
-58,1,46
-60,1,47
-61,2,47
-58,6,48
-52,16,49
-48,22,45
-49,21,44
-44,17,45
-40,17,44
-43,19,37
-46,19,37
-46,21,36
-52,21,34
-47,21,36
-46,20,36
-46,21,39
-51,20,32
-52,20,33
-45,18,36
-45,17,35
-45,15,30
-48,8,28
-50,20,34
-50,16,36
-42,25,42
-52,25,33
-61,22,22
-61,23,23
-52,25,26
-54,24,24
-52,22,27
-45,17,40
-45,19,40
-55,12,41
-57,24,38
-44,17,50
-73,20,48
-40,27,41
-38,17,46
-64,26,35
-39,30,34
-57,15,48
-37,25,35
-30,15,35
-42,8,43
-34,12,46
-47,20,39
-49,26,46
-48,26,50
-44,27,45
-48,23,41
-44,24,44
-42,20,45
-40,21,42
-40,18,43
-42,18,42
-41,19,44
-39,20,45
-41,19,44
-42,19,40
-39,18,43
-41,17,44
-42,18,45
-45,16,39
-39,19,42
-43,21,46
-46,19,43
-47,21,44
-42,21,44
-49,20,40
-46,20,43
-45,22,44
-47,20,39
-47,22,46
-47,25,45
-48,23,43
-47,21,43
-47,20,39
-44,22,44
-44,21,43
-43,20,42
-43,21,42
-42,18,41
-48,19,44
-42,20,41
-41,24,41
-43,20,42
-41,18,41
-39,19,45
-38,16,39
-44,22,45
-42,20,43
-46,19,40
-47,19,38
-41,14,35
-40,13,31
-39,14,39
-37,14,40
-39,13,40
-35,15,37
-36,16,39
-40,18,30
-65,15,11
-68,14,8
-71,17,5
-59,17,6
-58,15,7
-73,13,2
-81,14,0
-90,20,2
-89,23,-7
-60,12,-18
-62,11,-17
-62,13,-12
-68,15,-18
-68,18,-19
-63,15,-12
-64,11,-9
-61,6,-8
-54,6,-6
-62,10,-4
-60,8,0
-67,12,-3
-63,10,-5
-64,11,-5
-63,12,-3
-62,11,-3
-64,10,-3
-63,8,-1
-62,11,-2
-60,8,-5
-61,9,-2
-65,9,-1
-66,11,-2
-67,10,-2
-67,8,-1
-70,9,-1
-68,12,-2
-70,13,0
-67,12,0
-70,13,-1
-65,12,1
-63,10,0
-62,10,0
-61,9,-3
-59,8,2
-62,7,0
-62,10,2
-67,12,-1
-68,13,1
-67,9,1
-70,11,3
-62,10,1
-62,11,-1
-61,9,0
-65,10,-2
-61,9,-1
-61,8,-2
-60,8,-1
-61,9,0
-64,10,0
-65,8,1
-67,12,3
-65,9,-1
-65,10,1
-64,8,-2
-65,10,3
-65,9,1
-63,10,2
-67,8,1
-67,10,3
-63,11,3
-66,10,0
-68,11,1
-63,10,2
-66,8,3
-60,8,0
-66,8,0
-64,10,1
-67,11,4
-63,10,3
-71,10,3
-68,10,4
-63,10,8
-59,11,11
-67,11,10
-65,11,10
-64,9,12
-63,8,12
-65,9,11
-62,9,11
-60,9,12
-68,9,11
-57,10,16
-63,7,12
-64,8,14
-62,9,13
-64,10,13
-66,9,14
-67,10,14
-65,8,14
-66,11,14
-63,9,12
-62,8,13
-64,7,13
-60,8,13
-63,9,12
-63,8,13
-63,8,14
-64,5,12
-60,7,12
-66,9,14
-60,7,13
-68,9,15
-63,7,15
-62,8,14
-66,7,5
-69,6,3
-70,5,6
-72,7,9
-75,10,9
-77,13,12
-66,22,35
-86,16,25
-79,25,21
-71,28,20
-62,30,17
-57,31,16
-46,34,20
-40,34,24
-36,34,29
-29,38,38
-30,37,44
-22,27,60
-14,21,64
5,16,63
10,14,63
19,3,64
20,1,60
24,-3,55
24,-12,52
9,-13,42
1,-26,82
22,-10,80
19,17,57
20,19,50
9,12,55
13,11,62
16,9,71
17,12,65
12,15,60
12,14,62
14,12,63
14,10,62
15,14,62
12,11,61
10,14,60
13,13,61
10,13,60
5,17,66
10,17,74
28,23,71
32,20,64
28,15,52
15,3,67
8,2,64
2,0,59
0,0,58
-7,2,56
-8,3,55
-15,3,59
-22,5,56
-38,9,51
-34,8,52
-17,4,65
-11,4,67
-14,6,65
-14,4,63
-16,5,62
-17,4,63
-20,6,59
-14,3,63
-6,4,66
-13,5,69
-21,6,60
-34,7,50
-30,6,55
-28,-1,55
-34,6,54
-52,10,44
-30,4,61
-25,4,61
-40,4,57
-36,8,55
-28,4,57
-26,5,59
-35,5,52
-32,5,54
-31,6,57
-33,9,55
-35,3,53
-41,6,55
-22,13,56
-48,12,49
-41,17,50
-45,15,49
-43,18,53
-43,13,50
-44,14,50
-38,14,55
-34,16,51
-52,22,45
-35,13,53
-39,20,50
-46,15,47
-47,16,47
-43,19,46
-43,18,46
-42,17,45
-48,18,44
-39,19,43
-44,19,41
-46,18,40
-44,18,42
-40,17,42
-43,16,41
-45,13,40
-51,15,38
-48,15,39
-59,28,45
-59,26,38
-57,19,35
-55,25,39
-58,21,30
-60,21,30
-52,20,34
-45,21,40
-42,16,42
-47,21,40
-51,19,33
-52,21,34
-54,22,30
-53,19,30
-55,19,27
-56,17,23
-59,19,20
-61,17,20
-62,16,19
-62,15,15
-63,15,13
-64,10,11
-63,10,8
-67,10,5
-66,8,1
-67,9,0
-67,8,-2
-69,7,0
-69,5,-3
-68,5,-3
-72,5,-5
-70,5,-6
-75,4,-9
-64,3,-2
-72,3,-3
-65,3,-6
-73,4,4
-71,2,-2
-68,-1,-5
-63,0,-5
-57,-2,-7
-57,1,-9
-61,-1,-6
-65,0,-6
-61,0,-10
-70,0,-9
-74,0,-8
-75,-2,-11
-68,-2,-13
-72,-2,-13
-68,-5,-13
-71,-4,-10
-68,-7,-15
-72,-4,-12
-65,-6,-16
-73,-4,-15
-66,-5,-13
-72,-4,-12
-66,-6,-13
-69,-7,-13
-67,-7,-12
-67,-7,-13
-68,-8,-14
-65,-7,-16
-61,-9,-19
-71,-8,-14
-70,-9,-15
-64,-8,-16
-60,-10,-17
-62,-9,-15
-63,-10,-16
-65,-9,-16
-66,-7,-18
-61,-9,-18
-67,-7,-17
-63,-8,-17
-65,-8,-18
-62,-8,-17
-63,-8,-17
-67,-8,-18
-67,-8,-17
-65,-7,-19
-65,-7,-17
-65,-5,-16
-63,-7,-16
-62,-7,-17
-66,-7,-16
-68,-7,-17
-68,-7,-17
-68,-7,-17
-69,-7,-17
-68,-6,-14
-67,-6,-14
-66,-5,-13
-67,-5,-13
-66,-4,-13
-68,-4,-12
-64,-2,-12
-65,-1,-12
-65,-1,-12
-67,-2,-12
-68,-1,-12
-67,0,-10
-63,0,-11
-69,2,-8
-69,3,-6
-73,3,-6
-69,4,-5
-65,5,-2
-65,5,-2
-68,6,0
-65,5,0
-66,7,1
-70,8,2
-68,9,3
-69,10,2
-64,7,-5
-65,15,15
-67,16,17
-62,13,9
-62,15,14
-57,14,15
-59,18,18
-60,18,20
-58,20,23
-50,19,26
-56,19,26
-57,19,24
-57,18,23
-57,21,27
-59,19,27
-58,20,28
-55,19,29
-52,13,21
-52,21,37
-42,21,41
-45,21,43
-40,24,47
-36,24,48
-33,24,51
-31,24,51
-32,25,51
-31,25,51
-28,23,52
-27,22,52
-29,23,50
-29,22,50
-26,22,51
-28,23,52
-31,23,52
-30,25,53
-30,25,51
-30,24,51
-29,24,51
-31,23,49
-31,23,51
-31,23,49
-30,24,49
-28,23,50
-37,23,47
-35,24,50
-31,27,55
-36,26,54
-37,26,53
-36,26,53
-38,24,53
-38,23,51
-38,22,49
-38,22,48
-35,22,49
-35,22,49
-38,20,49
-40,21,47
-38,20,48
-33,20,49
-32,19,49
-32,15,52
-30,14,55
-26,11,64
-27,11,65
-29,11,66
-32,11,67
-32,11,69
-25,13,50
-35,17,47
-49,23,52
-43,26,52
-37,35,44
-38,37,42
-33,40,45
-31,38,47
-19,34,51
-13,34,52
-13,30,52
-10,26,55
-6,26,58
-19,31,48
-22,30,47
-16,29,53
-16,31,50
-23,34,44
-20,30,46
-2,28,56
2,26,61
-13,27,56
-11,26,56
-8,28,53
-6,33,44
11,31,54
21,38,52
20,37,47
27,29,54
27,33,49
33,33,41
43,33,43
33,33,36
28,34,35
21,34,43
8,33,45
0,33,41
-5,35,42
16,29,71
32,22,81
34,21,77
11,23,62
1,28,57
-11,36,45
-14,30,44
-17,30,45
-18,30,44
-21,29,45
-20,27,43
-15,23,45
-16,15,50
-13,11,49
-17,13,46
-27,13,47
-39,13,51
-21,20,55
-18,21,67
-29,19,75
-38,21,101
-42,7,93
-24,3,71
-20,0,69
-17,-6,60
-14,-7,55
-16,-7,56
-13,-6,62
-10,-3,65
-10,-5,68
-18,-5,66
-19,-5,63
-17,-4,62
-15,-2,61
-16,-4,60
-22,-7,59
-36,-9,54
-33,-8,54
-30,-7,55
-33,-7,53
-38,-7,52
-38,-7,52
-37,-6,55
-35,-6,56
-37,-3,55
-38,-2,54
-40,-1,54
-36,-2,55
-38,-2,53
-38,-2,50
-40,0,49
-38,3,45
-41,2,44
-45,0,42
-42,0,42
-39,-1,47
-41,-2,49
-46,-3,53
-44,-2,54
-40,0,54
-40,0,53
-40,-1,52
-37,-3,48
-36,-3,46
-38,-1,46
-37,1,49
-39,-1,53
-36,-1,54
-34,-3,49
-33,-3,50
-33,-4,47
-30,-2,52
-22,-5,53
-25,-3,54
-37,1,60
-40,-1,62
-39,-1,61
-36,-3,53
-39,-3,50
-39,0,54
-37,-2,53
-33,-3,50
-34,-1,52
-32,-2,54
-33,-1,56
-32,-3,57
-31,-4,57
-32,-5,57
-33,-3,56
-32,-2,55
-31,-2,51
-33,-1,52
-32,-3,54
-35,-3,55
-32,-3,55
-34,-3,55
-31,-4,55
-31,-4,55
-32,-3,57
-33,-4,56
-33,-4,57
-32,-4,57
-33,-3,56
-32,-3,56
-34,-3,57
-35,-3,56
-35,-2,58
-32,-5,52
-33,-2,56
-35,-3,55
-36,-3,56
-35,-3,57
-32,-4,55
-33,-3,56
-34,-2,56
-34,-2,55
-34,-3,55
-31,-5,56
-33,-4,57
-32,-3,57
-35,-2,55
-31,-4,53
-35,-3,57
-32,-5,55
-30,-5,55
-33,-4,55
-33,-3,55
-34,-3,54
-35,-3,55
-31,-6,55
-33,-4,57
-31,-5,55
-32,-4,54
-33,-3,56
-33,-3,54
-32,-3,57
-33,-5,56
-31,-6,56
-31,-5,54
-34,-1,59
-35,-4,51
-34,-4,54
-34,-5,57
-34,-5,56
-30,-5,53
-34,-2,57
-34,-4,54
-32,-6,52
-31,-4,58
-32,-4,55
-31,-4,55
-35,-4,57
-32,-4,57
-32,-4,53
-30,-5,53
-33,-3,56
-33,-5,55
-32,-6,55
-34,-5,57
-31,-6,55
-32,-5,56
-33,-4,56
-32,-4,56
-33,-5,54
-31,-4,59
-31,-6,55
-32,-4,57
-32,-4,55
-34,-4,56
-33,-3,57
-33,-5,56
-30,-5,58
-34,-5,56
-32,-5,55
-33,-5,53
-34,-4,58
-35,-5,57
-34,-6,57
-35,-6,58
-35,-5,56
-34,-4,58
-34,-5,55
-32,-5,56
-33,-4,55
-34,-4,55
-33,-5,54
-32,-6,57
-30,-7,55
-33,-4,59
-32,-5,55
-33,-4,56
-32,-4,57
-31,-5,52
-32,-4,51
-32,-4,53
-34,-4,52
-32,-4,53
-32,-4,55
-33,-5,55
-34,-6,56
-33,-6,58
-34,-6,54
-34,-4,58
-36,-5,55
-35,-5,58
-33,-7,56
-32,-6,55
-34,-4,55
-33,-4,53
-36,-3,54
-34,-6,50
-34,-4,56
-31,-7,49
-32,-5,50
-32,-5,53
-34,-4,53
-34,-4,54
-30,-6,53
-33,-5,55
-31,-5,55
-36,-5,57
-35,-7,57
-32,-8,57
-35,-6,58
-38,-4,58
-32,-7,53
-33,-5,55
-34,-5,51
-35,-3,50
-38,-5,54
-36,-6,56
-33,-9,53
-35,-7,57
-34,-7,54
-37,-4,55
-35,-6,54
-34,-5,54
-34,-3,55
-35,-4,55
-32,-7,51
-35,-5,59
-34,-6,59
-36,-6,56
-33,-6,58
-36,-5,57
-37,-5,57
-35,-7,57
-37,-8,55
-33,-7,56
-38,-4,59
-35,-6,56
-34,-5,57
-32,-6,55
-35,-3,55
-33,-5,53
-36,-4,55
-34,-5,56
-35,-5,56
-31,-7,56
-33,-5,55
-34,-5,52
-36,-3,54
-32,-7,51
-33,-5,52
-36,-3,55
-37,-3,59
-30,-8,52
-33,-7,55
-31,-6,54
-34,-4,54
-31,-5,54
-31,-7,51
-31,-5,59
-33,-6,54
-31,-6,55
-33,-6,55
-34,-5,56
-33,-5,55
-33,-5,57
-34,-6,57
-31,-8,55
-33,-6,57
-34,-6,55
-35,-6,58
-34,-8,55
-33,-7,61
-34,-9,57
-35,-8,58
-35,-7,57
-36,-4,60
-38,-5,55
-33,-7,59
-35,-7,58
-32,-7,59
-34,-6,56
-35,-5,59
-34,-7,55
-30,-8,56
-33,-7,56
-33,-5,57
-33,-7,54
-32,-8,57
-34,-6,57
-31,-7,53
-32,-6,54
-33,-5,55
-33,-7,52
-32,-7,53
-30,-7,55
-34,-5,56
-34,-8,54
-32,-8,56
-33,-6,56
-32,-8,52
-34,-6,55
-35,-5,59
-34,-9,54
-33,-9,56
-33,-9,57
-33,-7,56
-34,-7,50
-37,-5,56
-34,-10,53
-30,-10,55
-33,-10,51
-37,-4,58
-38,-7,53
-34,-10,55
-35,-9,59
-35,-10,52
-38,-6,56
-37,-8,55
-38,-8,56
-33,-9,53
-36,-6,56
-37,-6,55
-35,-8,54
-33,-9,53
-34,-6,56
-36,-8,51
-34,-8,56
-35,-9,53
-32,-9,53
-35,-7,51
-34,-7,56
-33,-9,49
-32,-7,56
-41,-4,59
-31,-8,56
-36,-6,58
-30,-9,57
-37,-4,59
-33,-9,53
-34,-7,62
-33,-9,57
-37,-7,57
-36,-6,59
-38,-6,56
-32,-8,57
-37,-6,55
-38,-6,56
-31,-10,50
-36,-6,59
-36,-8,54
-34,-8,55
-34,-9,53
-37,-7,59
-35,-8,55
-36,-6,56
-35,-7,57
-37,-7,54
-35,-8,54
-37,-7,56
-35,-9,57
-31,-12,50
-36,-4,61
-37,-7,54
-35,-8,53
-33,-8,52
-36,-5,54
-39,-6,53
-36,-8,54
-35,-8,57
-37,-8,51
-37,-6,54
-40,-6,55
-39,-10,55
-37,-9,56
-38,-8,56
-38,-7,56
-38,-7,54
-37,-7,55
-37,-7,50
-38,-6,52
-38,-7,51
-35,-7,54
-37,-8,52
-38,-8,55
-33,-9,49
-35,-4,54
-36,-5,52
-36,-6,54
-31,-11,48
-37,-4,58
-35,-7,55
-38,-7,55
-33,-10,56
-36,-7,57
-36,-9,53
-35,-7,57
-35,-7,54
-35,-7,53
-37,-6,56
-34,-9,50
-33,-8,55
-36,-7,52
-36,-8,53
-36,-8,52
-32,-9,54
-36,-7,54
-36,-7,52
-35,-6,54
-35,-6,56
-34,-9,52
-33,-8,57
-35,-7,56
-35,-7,57
-37,-9,58
-34,-10,59
-41,-6,60
-37,-7,61
-40,-8,58
-35,-11,57
-40,-6,60
-39,-9,50
-37,-7,52
-38,-6,55
-37,-8,53
-34,-9,52
-33,-7,55
-33,-6,50
-31,-7,48
-33,-6,54
-32,-8,51
-30,-8,50
-33,-8,52
-33,-9,55
-37,-9,61
-32,-13,56
-34,-9,57
-36,-9,54
-40,-6,54
-36,-9,52
-34,-8,50
-37,-6,55
-40,-8,52
-34,-9,55
-38,-9,55
-35,-11,49
-37,-7,54
-36,-7,52
-35,-8,52
-33,-11,50
-34,-9,54
-36,-10,52
-37,-9,53
-35,-13,54
-34,-13,56
-36,-11,54
-38,-9,55
-37,-11,52
-37,-10,55
-35,-11,56
-37,-11,52
-35,-12,53
-38,-10,55
-30,-13,50
-34,-8,53
-37,-8,56
-33,-13,47
-29,-14,49
-34,-8,53
-33,-10,50
-36,-10,55
-33,-14,50
-31,-13,52
-38,-10,56
-37,-11,57
-34,-15,54
-33,-14,57
-35,-13,55
-36,-12,53
-34,-13,55
-35,-12,55
-33,-13,50
-37,-10,56
-35,-13,54
-30,-13,55
-34,-12,57
-31,-13,55
-31,-13,54
-32,-11,58
-30,-11,58
-29,-13,52
-28,-13,54
-29,-10,57
-27,-11,54
-27,-13,53
-27,-13,53
-29,-12,55
-30,-12,54
-30,-11,57
-30,-15,54
-31,-14,55
-31,-12,58
-30,-13,54
-30,-13,56
-29,-13,55
-30,-11,54
-30,-12,51
-28,-11,56
-31,-13,56
-27,-16,51
-29,-10,63
-28,-13,54
-29,-10,59
-25,-14,55
-29,-10,58
-26,-12,54
-27,-10,57
-30,-12,53
-29,-12,57
-30,-11,61
-30,-15,57
-25,-15,57
-30,-12,60
-29,-13,56
-31,-12,54
-27,-11,58
-28,-11,56
-30,-12,56
-25,-13,54
-26,-11,57
-28,-12,52
-26,-12,57
-29,-12,56
-29,-12,55
-27,-12,57
-27,-12,56
-29,-12,56
-29,-12,57
-29,-12,56
-29,-12,56
-30,-12,58
-31,-12,60
-31,-13,56
-31,-12,59
-33,-12,59
-31,-14,55
-32,-12,58
-30,-12,56
-31,-12,55
-30,-12,56
-30,-11,57
-29,-12,55
-28,-13,53
-28,-11,59
-29,-12,54
-27,-12,56
-28,-12,55
-28,-12,55
-28,-12,55
-31,-11,57
-31,-13,56
-31,-13,57
-29,-14,57
-31,-12,58
-33,-11,54
-33,-8,61
-30,-15,51
-30,-10,59
-33,-11,53
-30,-13,55
-32,-14,51
-30,-13,56
-30,-11,56
-31,-12,52
-30,-12,53
-31,-10,54
-30,-11,51
-31,-11,50
-31,-12,51
-33,-10,58
-29,-15,49
-28,-12,59
-33,-11,54
-27,-11,52
-32,-8,61
-26,-12,54
-29,-9,58
-25,-14,51
-30,-8,61
-31,-9,57
-29,-11,56
-27,-14,58
-29,-13,58
-30,-11,59
-28,-10,55
-28,-11,56
-28,-11,55
-29,-9,55
-30,-10,55
-27,-12,50
-25,-14,49
-29,-8,55
-33,-11,45
-29,-10,50
-30,-13,43
-29,-8,52
-32,-8,50
-28,-11,49
-29,-12,53
-30,-12,54
-29,-12,53
-30,-11,52
-33,-10,55
-34,-9,58
-33,-12,55
-30,-11,60
-34,-10,59
-29,-11,57
-33,-10,58
-35,-11,52
-35,-9,53
-31,-15,51
-35,-12,55
-33,-11,56
-32,-13,47
-34,-10,59
-37,-10,58
-34,-11,53
-30,-13,52
-36,-8,54
-38,-8,54
-37,-11,54
-37,-12,60
-35,-13,58
-36,-11,57
-36,-11,55
-37,-8,53
-36,-9,52
-31,-11,51
-34,-10,51
-32,-13,52
-37,-11,53
-35,-11,57
-35,-11,56
-36,-12,60
-34,-12,59
-35,-11,56
-33,-10,56
-35,-9,55
-35,-8,55
-33,-11,50
-32,-8,54
-33,-9,52
-35,-9,50
-34,-9,52
-33,-10,51
-34,-10,52
-35,-10,53
-35,-10,54
-34,-11,53
-35,-9,56
-35,-10,57
-34,-10,56
-33,-12,54
-34,-9,59
-36,-9,57
-33,-11,55
-33,-11,57
-33,-9,55
-33,-8,55
-34,-9,53
-30,-11,55
-32,-10,54
-33,-8,56
-32,-8,55
-32,-8,54
-31,-10,54
-33,-8,53
-31,-8,53
-33,-9,52
-31,-10,54
-32,-9,54
-34,-10,54
-33,-9,58
-33,-10,53
-31,-9,56
-32,-9,53
-33,-8,55
-33,-10,53
-34,-9,56
-31,-12,51
-34,-9,55
-34,-10,50
-35,-7,56
-32,-12,48
-32,-9,56
-33,-10,52
-32,-10,53
-31,-10,52
-33,-9,55
-35,-9,55
-31,-12,53
-32,-11,55
-33,-9,54
-35,-9,52
-33,-9,55
-35,-10,55
-34,-9,57
-33,-11,56
-32,-11,56
-34,-9,56
-34,-10,53
-33,-10,56
-33,-10,54
-33,-9,53
-34,-9,53
-35,-8,53
-33,-9,55
-34,-10,55
-34,-10,52
-33,-9,54
-36,-9,55
-34,-10,55
-32,-11,53
-33,-11,52
-35,-7,56
-35,-9,52
-33,-11,54
-33,-11,55
-34,-8,53
-35,-8,55
-34,-11,54
-32,-10,55
-32,-10,51
-33,-8,55
-36,-9,52
-32,-10,53
-34,-9,55
-34,-10,53
-35,-9,55
-36,-9,55
-35,-10,55
-34,-10,57
-31,-12,53
-34,-8,59
-37,-7,54
-33,-9,57
-33,-9,54
-32,-9,56
-36,-8,53
-32,-10,52
-34,-8,55
-33,-10,54
-34,-9,55
-32,-11,56
-33,-10,54
-32,-10,49
-32,-7,52
-34,-8,51
-32,-9,51
-31,-12,53
-33,-10,53
-35,-9,53
-35,-9,55
-34,-10,55
-32,-11,55
-36,-10,56
-33,-10,54
-33,-9,54
-35,-8,55
-32,-9,55
-33,-10,56
-30,-12,55
-30,-9,54
-33,-9,52
-32,-8,52
-32,-9,52
-30,-10,52
-32,-10,51
-33,-10,54
-34,-8,56
-32,-10,54
-33,-9,56
-32,-10,54
-34,-8,56
-33,-10,54
-34,-10,55
-33,-10,54
-34,-9,56
-35,-11,55
-34,-11,57
-34,-11,55
-34,-9,57
-35,-10,55
-33,-10,55
-34,-9,54
-32,-9,53
-32,-9,53
-32,-10,50
-33,-9,53
-33,-10,51
-33,-9,53
-33,-10,54
-34,-10,55
-33,-10,56
-34,-10,55
-35,-9,53
-34,-9,53
-33,-9,55
-33,-10,52
-32,-10,54
-35,-10,53
-33,-11,54
-33,-11,54
-34,-11,55
-35,-9,57
-35,-10,55
-33,-10,56
-34,-8,58
-35,-10,55
-33,-11,56
-33,-9,57
-34,-9,55
-34,-10,56
-34,-11,54
-32,-10,54
-36,-8,56
-34,-12,52
-31,-12,51
-32,-10,56
-35,-7,58
-31,-11,54
-32,-7,57
-30,-9,53
-33,-8,53
-34,-9,54
-33,-11,55
-33,-11,55
-33,-11,53
-36,-8,59
-34,-12,51
-33,-9,56
-34,-10,52
-35,-8,56
-32,-12,50
-31,-9,54
-33,-9,52
-33,-10,55
-32,-11,53
-31,-11,54
-32,-10,52
-33,-9,53
-35,-8,53
-33,-11,54
-32,-11,53
-32,-9,53
-37,-9,55
-32,-12,52
-31,-11,57
-33,-11,52
-34,-9,57
-37,-10,55
-31,-12,55
-33,-11,57
-35,-10,54
-36,-8,57
-36,-11,55
-33,-11,57
-34,-10,55
-36,-9,56
-35,-9,56
-33,-11,55
-33,-11,54
-33,-11,54
-35,-9,53
-34,-10,54
-35,-10,54
-35,-10,56
-32,-11,56
-34,-8,55
-35,-11,52
-34,-9,55
-34,-11,53
-31,-11,53
-32,-8,54
-32,-9,51
-31,-9,51
-32,-8,51
-32,-9,49
-32,-9,50
-29,-11,48
-31,-8,51
-34,-8,53
-32,-11,50
-30,-10,54
-32,-9,52
-32,-8,54
-31,-11,52
-31,-11,52
-30,-10,52
-34,-9,49
-30,-11,48
-35,-9,53
-33,-12,49
-31,-10,53
-33,-11,51
-33,-9,55
-33,-11,52
-32,-11,55
-32,-10,55
-33,-10,54
-33,-10,55
-32,-12,53
-35,-10,56
-32,-12,53
-34,-11,54
-34,-11,54
-32,-9,56
-33,-10,54
-32,-10,54
-33,-9,55
-31,-10,49
-30,-9,52
-33,-9,54
-32,-10,52
-28,-13,54
-32,-12,52
-32,-10,56
-35,-10,53
-33,-12,55
-33,-9,57
-34,-10,55
-34,-10,58
-34,-11,58
-33,-10,56
-31,-10,56
-35,-7,58
-32,-10,55
-31,-10,58
-31,-12,53
-33,-9,57
-33,-10,52
-32,-8,56
-34,-11,54
-33,-11,55
-31,-11,51
-32,-8,55
-37,-9,54
-33,-11,55
-31,-9,56
-29,-10,55
-33,-7,55
-34,-9,55
-32,-11,54
-29,-11,54
-31,-10,50
-35,-7,56
-33,-10,53
-31,-10,55
-31,-10,55
-35,-8,55
-31,-9,56
-34,-9,57
-33,-10,59
-33,-11,56
-35,-10,56
-34,-9,58
-36,-11,62
-33,-15,57
-35,-9,64
-34,-12,56
-34,-8,59
-35,-9,57
-32,-10,57
-31,-11,53
-29,-9,50
-31,-8,48
-33,-7,49
-32,-9,46
-30,-9,52
-31,-11,49
-32,-9,53
-33,-11,50
-32,-9,54
-33,-10,52
-30,-10,54
-33,-10,55
-30,-11,55
-31,-10,56
-32,-10,54
-31,-10,56
-33,-10,56
-32,-11,57
-31,-11,56
-32,-12,53
-32,-10,56
-35,-10,52
-32,-11,54
-35,-11,54
-30,-13,51
-34,-10,52
-34,-10,51
-34,-8,54
-31,-13,51
-31,-8,56
-32,-9,54
-34,-8,53
-31,-10,54
-32,-9,54
-32,-9,55
-30,-11,51
-33,-10,52
-31,-11,50
-33,-9,51
-33,-10,54
-33,-10,54
-33,-11,56
-33,-11,56
-36,-9,58
-35,-11,55
-33,-11,58
-35,-11,59
-35,-10,57
-34,-10,56
-34,-9,58
-35,-8,53
-34,-9,56
-30,-10,48
-33,-6,56
-32,-11,48
-31,-10,59
-30,-13,54
-32,-8,58
-33,-9,58
-34,-9,59
-33,-9,62
-30,-12,54
-30,-8,59
-35,-8,59
-31,-10,57
-29,-11,58
-32,-8,55
-30,-8,55
-31,-10,52
-30,-10,55
-29,-10,54
-31,-10,53
-31,-10,54
-32,-9,56
-31,-11,53
-31,-9,56
-33,-10,56
-32,-11,57
-30,-12,57
-32,-8,60
-31,-10,57
-30,-10,57
-31,-10,56
-31,-9,56
-31,-10,53
-30,-10,54
-30,-9,55
-31,-9,54
-30,-10,54
-31,-10,56
-30,-10,55
-30,-10,55
-31,-9,55
-32,-9,56
-30,-11,56
-30,-11,56
-31,-10,56
-31,-10,55
-33,-9,56
-32,-10,56
-28,-12,56
-29,-12,53
-30,-8,57
-32,-8,53
-31,-9,54
-28,-11,51
-31,-8,54
-32,-11,53
-33,-9,56
-30,-12,53
-29,-9,58
-33,-8,49
-33,-4,60
-30,-12,44
-28,-7,57
-32,-10,49
-29,-11,55
-32,-11,55
-31,-10,59
-32,-10,61
-31,-13,58
-29,-11,61
-32,-8,58
-31,-7,59
-33,-9,54
-32,-8,60
-30,-10,56
-27,-11,56
-31,-10,56
-31,-9,55
-31,-10,53
-30,-10,56
-30,-10,56
-31,-10,55
-31,-10,57
-34,-9,60
-32,-10,63
-28,-12,52
-29,-8,60
-34,-7,55
-28,-10,54
-28,-12,52
-24,-9,57
-25,-11,49
-30,-6,62
-29,-10,54
-26,-9,63
-24,-12,58
-28,-8,60
-28,-7,64
-28,-12,56
-25,-9,62
-29,-9,59
-26,-10,57
-24,-10,57
-28,-8,61
-24,-10,57
-25,-9,61
-24,-11,58
-25,-8,62
-25,-11,56
-25,-9,61
-26,-9,59
-26,-9,59
-25,-11,57
-23,-10,59
-28,-7,63
-22,-13,50
-25,-4,70
-23,-12,54
-24,-7,63
-23,-12,54
-25,-6,61
-25,-9,54
-22,-10,53
-23,-9,55
-24,-10,55
-24,-9,56
-22,-9,57
-24,-11,58
-22,-9,59
-26,-9,60
-25,-8,63
-25,-12,57
-23,-10,63
-26,-9,59
-24,-10,60
-23,-12,58
-25,-11,58
-24,-9,57
-24,-9,57
-25,-10,58
-24,-12,59
-23,-11,59
-24,-10,61
-26,-10,62
-26,-11,59
-23,-10,61
-24,-9,59
-24,-9,60
-25,-11,56
-25,-11,59
-24,-10,60
-24,-11,59
-24,-11,61
-25,-10,59
-27,-10,60
-25,-12,57
-24,-11,60
-24,-11,56
-27,-10,58
-25,-11,60
-25,-11,59
-23,-11,58
-25,-8,62
-27,-7,64
-26,-12,56
-23,-10,63
-26,-9,59
-24,-8,60
-24,-11,56
-24,-10,59
-24,-9,57
-24,-9,57
-24,-10,58
-25,-9,61
-25,-10,57
-23,-10,60
-25,-10,60
-24,-10,60
-24,-11,57
-24,-8,62
-24,-10,57
-25,-9,60
-24,-10,57
-23,-8,58
-23,-10,55
-24,-8,58
-24,-9,58
-22,-10,56
-24,-10,57
-24,-7,62
-26,-11,55
-22,-10,59
-23,-9,60
-24,-8,60
-26,-9,59
-23,-11,58
-23,-9,61
-24,-10,57
-23,-9,58
-25,-8,61
-23,-11,56
-21,-11,58
-24,-10,59
-25,-9,57
-25,-10,58
-24,-11,60
-25,-9,61
-23,-10,56
-23,-11,56
-26,-8,60
-27,-9,56
-24,-11,58
-26,-12,58
-24,-11,57
-26,-9,60
-28,-10,59
-25,-11,59
-26,-11,57
-26,-11,58
-27,-8,61
-27,-10,56
-25,-11,56
-26,-9,60
-26,-8,60
-25,-10,56
-24,-10,60
-26,-10,57
-27,-8,59
-26,-11,56
-27,-10,63
-28,-12,58
-25,-11,61
-28,-11,60
-28,-10,58
-28,-9,58
-30,-9,60
-28,-9,61
-26,-11,57
-28,-10,57
-30,-7,62
-28,-11,54
-25,-11,57
-28,-9,58
-27,-9,56
-27,-10,56
-27,-11,58
-27,-10,57
-27,-9,58
-28,-11,56
-26,-11,56
-28,-11,54
-26,-11,56
-28,-10,57
-26,-11,54
-27,-10,54
-27,-9,58
-26,-10,54
-25,-10,54
-26,-9,56
-27,-9,57
-27,-11,53
-25,-11,57
-26,-10,58
-27,-11,54
-26,-10,59
-28,-10,57
-27,-10,56
-27,-11,56
-28,-10,61
-27,-9,60
-28,-11,59
-27,-11,60
-29,-10,61
-29,-10,59
-27,-12,56
-29,-9,62
-28,-11,55
-27,-11,58
-28,-11,57
-27,-9,55
-26,-9,53
-27,-10,53
-27,-7,56
-27,-10,51
-26,-10,54
-28,-11,56
-28,-10,58
-27,-12,56
-30,-9,61
-29,-9,60
-30,-10,58
-28,-11,60
-28,-10,58
-29,-10,57
-30,-10,56
-31,-9,58
-28,-12,54
-28,-10,56
-30,-9,56
-28,-10,50
-29,-9,51
-29,-9,53
-30,-8,54
-28,-10,51
-28,-10,55
-31,-9,56
-28,-10,55
-28,-11,53
-30,-9,57
-30,-10,53
-30,-10,54
-29,-12,55
-29,-9,57
-30,-11,53
-30,-10,58
-31,-9,59
-31,-11,54
-29,-11,57
-32,-9,58
-30,-8,59
-30,-12,55
-31,-12,59
-32,-9,58
-30,-11,55
-31,-12,57
-30,-11,59
-34,-12,56
-32,-12,57
-34,-9,62
-33,-13,52
-33,-10,59
-34,-11,56
-33,-7,62
-33,-12,51
-32,-10,58
-33,-9,54
-32,-9,56
-32,-12,51
-31,-9,58
-33,-12,48
-30,-11,56
-34,-12,51
-30,-10,57
-33,-13,46
-31,-9,59
-36,-9,54
-33,-9,56
-33,-12,52
-33,-9,60
-34,-10,55
-32,-11,53
-35,-7,62
-31,-12,53
-31,-10,58
-32,-11,54
-34,-6,58
-33,-10,52
-32,-10,56
-34,-8,58
-34,-9,54
-31,-11,55
-32,-9,56
-33,-9,51
-33,-9,52
-33,-8,55
-31,-9,55
-32,-9,53
-32,-9,55
-34,-8,54
-32,-10,54
-32,-10,53
-33,-8,58
-34,-10,51
-32,-11,53
-35,-9,57
-34,-11,53
-34,-11,54
-34,-9,56
-34,-7,58
-35,-9,54
-30,-11,56
-33,-8,56
-34,-8,55
-32,-10,53
-33,-10,55
-31,-11,53
-32,-9,56
-33,-10,54
-32,-9,55
-34,-9,54
-34,-10,55
-32,-9,57
-33,-9,52
-32,-9,55
-33,-8,56
-29,-10,54
-30,-9,53
-31,-9,51
-32,-8,56
-30,-11,50
-30,-10,54
-31,-9,52
-33,-9,51
-30,-11,50
-32,-9,53
-31,-10,49
-33,-9,50
-32,-9,55
-32,-10,54
-32,-10,54
-30,-9,55
-32,-8,56
-32,-10,53
-30,-11,53
-31,-8,55
-31,-10,50
-31,-9,54
-32,-10,53
-30,-9,52
-32,-10,51
-31,-10,54
-34,-8,56
-32,-11,51
-33,-10,57
-34,-10,57
-34,-11,55
-32,-11,56
-34,-8,59
-34,-9,59
-34,-11,57
-32,-11,61
-32,-10,56
-34,-9,57
-34,-11,56
-34,-9,58
-32,-11,54
-32,-10,57
-33,-9,58
-33,-10,55
-32,-11,54
-32,-9,57
-32,-9,56
-33,-9,53
-31,-10,54
-32,-10,55
-32,-10,53
-32,-10,54
-31,-9,55
-32,-10,53
-31,-10,55
-32,-10,55
-32,-10,54
-32,-11,53
-32,-10,56
-33,-8,57
-33,-11,52
-31,-10,57
-32,-10,56
-31,-9,56
-32,-11,52
-33,-9,55
-32,-9,53
-31,-11,53
-32,-10,55
-32,-9,55
-32,-11,52
-30,-11,53
-32,-10,55
-32,-11,51
-32,-10,52
-33,-10,55
-32,-10,54
-32,-11,52
-32,-10,56
-33,-11,54
-33,-11,54
-33,-11,55
-33,-10,56
-33,-12,52
-32,-11,53
-34,-9,56
-34,-11,51
-33,-11,56
-33,-10,57
-34,-11,52
-34,-11,55
-34,-11,56
-34,-10,56
-35,-11,54
-33,-12,54
-34,-10,59
-33,-13,52
-34,-9,60
-34,-11,56
-35,-9,59
-33,-13,53
-34,-9,61
-35,-10,52
-34,-9,55
-34,-10,56
-32,-9,57
-33,-10,52
-31,-10,54
-35,-8,57
-33,-9,55
-31,-10,53
-31,-10,57
-34,-7,53
-31,-10,53
-33,-9,55
-32,-11,50
-34,-10,53
-33,-11,52
-33,-9,56
-33,-11,51
-32,-10,53
-33,-9,55
-32,-9,55
-33,-10,52
-32,-10,57
-32,-10,53
-31,-10,54
-32,-10,55
-33,-9,55
-32,-11,51
-32,-10,56
-32,-9,56
-34,-9,54
-32,-11,54
-33,-9,58
-32,-9,57
-33,-11,55
-32,-11,57
-33,-9,56
-32,-11,53
-33,-10,57
-32,-10,54
-33,-10,55
-31,-13,51
-33,-8,58
-34,-11,49
-33,-9,54
-33,-10,54
-31,-9,56
-33,-10,51
-31,-10,54
-33,-9,55
-33,-11,53
-30,-11,55
-34,-9,59
-33,-11,54
-32,-10,58
-32,-11,58
-32,-9,56
-35,-10,56
-32,-11,57
-34,-8,58
-33,-12,53
-33,-11,56
-33,-11,55
-32,-10,56
-34,-10,56
-32,-12,56
-34,-10,56
-32,-12,53
-34,-9,56
-32,-10,52
-33,-10,52
-31,-9,53
-30,-9,53
-31,-10,49
-30,-10,49
-32,-7,53
-30,-10,47
-30,-9,52
-31,-9,53
-29,-10,52
-32,-10,53
-31,-11,52
-33,-8,56
-31,-11,51
-34,-9,60
-32,-12,57
-31,-10,57
-34,-11,54
-34,-8,60
-34,-10,53
-31,-11,56
-33,-10,58
-34,-9,57
-34,-11,57
-30,-13,55
-33,-8,60
-34,-10,55
-32,-11,58
-31,-11,57
-32,-10,54
-33,-9,55
-31,-10,54
-31,-9,53
-31,-10,51
-30,-10,53
-31,-9,51
-31,-10,48
-31,-9,50
-31,-10,51
-30,-10,48
-31,-10,52
-32,-9,53
-32,-9,53
-32,-12,53
-33,-10,57
-33,-10,51
-31,-10,53
-34,-9,56
-35,-10,55
-31,-12,53
-32,-11,54
-35,-9,55
-38,-9,55
-33,-13,54
-35,-9,58
-36,-10,56
-34,-11,55
-36,-9,59
-35,-10,54
-33,-9,57
-36,-10,56
-33,-9,59
-34,-10,53
-32,-11,57
-34,-9,55
-34,-9,55
-32,-11,52
-33,-9,56
-33,-10,51
-32,-11,53
-32,-10,52
-35,-8,56
-32,-11,50
-31,-11,55
-34,-9,56
-35,-9,53
-34,-11,54
-33,-12,56
-35,-9,58
-36,-11,55
-35,-11,56
-36,-10,56
-34,-12,53
-34,-10,56
-36,-9,56
-34,-12,54
-34,-10,58
-34,-10,57
-34,-9,54
-33,-11,55
-34,-9,57
-34,-9,52
-32,-10,53
-33,-8,54
-35,-8,55
-31,-11,50
-31,-9,55
-33,-9,52
-33,-9,54
-32,-10,54
-30,-9,56
-32,-9,52
-32,-10,53
-33,-9,56
-33,-10,53
-31,-11,54
-34,-9,56
-32,-9,56
-32,-10,53
-30,-10,55
-33,-8,56
-33,-9,54
-31,-10,54
-30,-10,57
-32,-8,54
-32,-10,54
-32,-10,57
-31,-10,53
-30,-11,54
-32,-8,56
-31,-8,55
-30,-10,53
-29,-11,53
-32,-9,57
-31,-10,53
-30,-11,56
-30,-11,55
-33,-8,58
-32,-11,53
-31,-9,60
-30,-10,52
-33,-8,57
-33,-12,56
-32,-10,61
-32,-12,54
-31,-11,57
-33,-10,60
-32,-11,56
-31,-10,58
-32,-9,58
-32,-9,57
-31,-11,54
-30,-10,56
-32,-9,55
-31,-10,53
-30,-9,55
-30,-8,57
-31,-9,50
-29,-10,53
-30,-9,54
-29,-9,53
-30,-11,51
-30,-9,55
-32,-9,53
-30,-12,51
-30,-10,55
-32,-10,53
-32,-9,54
-31,-10,56
-31,-10,56
-32,-10,55
-30,-12,52
-31,-8,60
-31,-11,54
-31,-11,57
-31,-12,55
-31,-9,57
-30,-13,53
-31,-11,55
-32,-9,55
-32,-9,52
-32,-11,56
-33,-11,56
-33,-9,55
-30,-12,52
-30,-10,56
-33,-9,53
-30,-11,52
-32,-8,57
-30,-9,54
-28,-11,51
-31,-11,52
-30,-9,54
-32,-10,50
-29,-12,55
-31,-11,53
-31,-9,54
-32,-11,50
-30,-11,55
-33,-10,53
-31,-12,51
-30,-10,57
-33,-11,53
-31,-12,53
-32,-11,53
-31,-11,56
-33,-10,54
-33,-11,54
-32,-9,58
-33,-9,52
-32,-10,55
-32,-10,56
-33,-10,53
-31,-10,55
-33,-10,57
-32,-10,56
-31,-11,54
-32,-11,56
-33,-11,58
-33,-10,57
-33,-12,55
-32,-10,58
-32,-10,54
-33,-10,54
-32,-10,56
-33,-10,54
-31,-11,53
-31,-10,57
-32,-10,56
-33,-10,55
-32,-12,53
-32,-10,57
-33,-10,54
-32,-10,55
-32,-10,56
-31,-10,55
-32,-10,54
-32,-10,56
-33,-8,55
-32,-10,55
-32,-10,57
-32,-10,57
-33,-9,57
-32,-12,54
-31,-11,57
-33,-9,53
-33,-10,53
-33,-10,55
-31,-12,53
-33,-10,56
-34,-10,55
-33,-11,55
-32,-10,56
-32,-11,55
-33,-8,59
-32,-10,54
-31,-11,54
-32,-9,56
-32,-10,54
-31,-11,54
-32,-11,53
-32,-10,57
-31,-10,54
-31,-10,58
-33,-9,54
-33,-8,56
-32,-12,54
-29,-10,57
-33,-9,54
-33,-11,52
-30,-10,56
-32,-10,53
-30,-11,52
-34,-11,53
-31,-12,52
-30,-11,55
-33,-11,53
-31,-10,55
-34,-9,53
-33,-12,54
-33,-10,57
-33,-11,54
-31,-11,55
-33,-10,58
-34,-11,55
-29,-12,53
-32,-11,55
-32,-10,54
-32,-10,57
-33,-11,54
-31,-10,55
-33,-9,54
-32,-11,52
-33,-8,59
-34,-10,54
-29,-12,55
-31,-11,58
-34,-10,54
-32,-10,54
-31,-11,53
-31,-8,55
-30,-11,50
-33,-11,52
-32,-11,52
-34,-9,55
-32,-13,55
-32,-11,58
-31,-11,54
-34,-9,57
-36,-10,54
-33,-9,57
-31,-11,52
-33,-10,56
-33,-9,55
-31,-10,54
-30,-12,52
-32,-10,54
-33,-9,51
-32,-11,51
-35,-10,54
-32,-12,53
-33,-12,54
-33,-11,54
-33,-9,55
-33,-10,52
-31,-10,54
-31,-9,54
-32,-9,54
-30,-13,49
-30,-11,58
-32,-12,51
-31,-12,55
-33,-12,54
-34,-11,54
-35,-10,54
-33,-12,54
-33,-10,57
-35,-11,54
-34,-11,56
-33,-9,58
-35,-10,53
-33,-11,54
-32,-10,55
-32,-9,54
-32,-11,52
-33,-12,52
-32,-10,56
-33,-10,53
-34,-12,56
-33,-11,55
-33,-10,55
-31,-12,53
-32,-10,55
-33,-9,54
-31,-11,52
-31,-10,57
-30,-12,50
-31,-9,56
-33,-12,51
-30,-11,55
-33,-11,53
-31,-12,50
-32,-8,54
-32,-10,47
-30,-11,51
-32,-10,51
-33,-9,52
-31,-10,52
-32,-11,54
-31,-10,56
-34,-10,52
-32,-11,55
-32,-11,54
-33,-11,55
-32,-13,51
-33,-10,59
-33,-12,53
-32,-12,56
-35,-12,55
-34,-10,55
-34,-10,55
-34,-11,56
-33,-10,58
-34,-10,55
-32,-12,56
-33,-10,58
-33,-10,55
-32,-11,55
-34,-9,56
-33,-10,55
-32,-11,53
-35,-10,55
-31,-12,50
-34,-9,54
-32,-12,51
-32,-9,55
-32,-12,52
-32,-11,53
-33,-10,54
-31,-10,52
-33,-10,53
-32,-11,55
-31,-10,55
-32,-11,53
-33,-11,54
-33,-10,54
-30,-10,54
-31,-11,53
-31,-10,55
-34,-8,55
-31,-10,56
-32,-10,57
-31,-12,49
-34,-7,56
-32,-11,51
-30,-10,55
-31,-11,52
-31,-11,52
-31,-11,55
-31,-11,51
-31,-10,54
-32,-11,53
-31,-11,53
-30,-12,52
-32,-11,53
-31,-12,52
-35,-10,54
-31,-14,51
-33,-10,57
-31,-11,50
-32,-9,54
-32,-11,54
-31,-11,53
-32,-10,54
-32,-11,54
-32,-10,56
-30,-13,54
-32,-12,54
-33,-10,56
-33,-11,54
-32,-12,53
-34,-9,58
-33,-11,53
-32,-10,56
-32,-11,54
-31,-9,58
-32,-10,55
-31,-12,55
-29,-10,56
-32,-10,55
-32,-11,54
-30,-11,56
-32,-11,55
-32,-12,54
-34,-10,57
-33,-11,55
-32,-10,58
-33,-11,54
-32,-10,58
-32,-10,54
-33,-9,57
-31,-11,54
-31,-10,53
-32,-10,53
-29,-11,55
-31,-12,51
-32,-11,56
-31,-12,51
-31,-10,57
-32,-11,52
-31,-11,53
-33,-8,57
-32,-10,51
-31,-13,52
-32,-11,53
-31,-10,53
-33,-11,53
-32,-11,56
-32,-11,56
-32,-11,55
-31,-12,54
-33,-10,58
-34,-11,55
-31,-12,57
-33,-13,56
-32,-11,57
-33,-11,57
-33,-11,57
-32,-9,57
-31,-10,55
-32,-11,56
-32,-11,57
-32,-10,54
-31,-10,56
-32,-10,55
-32,-9,55
-31,-11,53
-31,-11,55
-31,-10,53
-33,-10,56
-31,-12,54
-29,-11,56
-31,-10,55
-34,-11,54
-34,-9,59
-31,-12,52
-31,-10,57
-33,-12,53
-33,-9,55
-33,-10,55
-29,-13,50
-32,-9,59
-33,-11,53
-32,-11,58
-31,-10,55
-34,-9,57
-32,-12,53
-32,-12,55
-31,-11,52
-35,-9,54
-34,-12,53
-32,-11,56
-31,-11,54
-32,-11,54
-34,-9,57
-33,-10,53
-31,-11,54
-32,-10,54
-32,-9,54
-34,-10,55
-32,-13,53
-30,-11,58
-32,-12,52
-34,-10,54
-33,-10,54
-33,-10,54
-31,-11,54
-31,-11,53
-33,-9,51
-33,-9,53
-31,-12,50
-31,-10,54
-32,-11,49
-32,-10,53
-33,-10,54
-30,-11,51
-32,-10,55
-32,-10,55
-32,-10,56
-33,-10,54
-30,-11,53
-31,-9,56
-33,-11,52
-31,-11,54
-33,-11,54
-32,-11,53
-35,-10,56
-33,-13,53
-32,-10,58
-33,-11,53
-34,-10,58
-32,-11,57
-31,-11,56
-32,-11,55
-34,-9,56
-34,-9,55
-32,-12,54
-31,-12,55
-33,-9,56
-33,-10,54
-33,-10,56
-31,-11,56
-33,-9,56
-34,-11,52
-32,-10,56
-31,-11,52
-31,-10,54
-34,-10,55
-31,-10,55
-31,-10,54
-31,-10,56
-31,-10,54
-33,-9,56
-30,-12,53
-31,-11,59
-30,-12,52
-30,-10,58
-31,-12,52
-31,-10,58
-30,-12,50
-31,-10,59
-31,-12,52
-31,-10,58
-32,-12,53
-29,-11,57
-31,-11,54
-31,-12,54
-32,-10,59
-30,-11,57
-32,-8,59
-31,-11,56
-30,-11,58
-32,-11,55
-33,-10,57
-32,-11,56
-32,-10,57
-32,-11,54
-34,-10,58
-31,-12,56
-33,-10,57
-33,-11,53
-33,-10,56
-33,-10,55
-32,-11,55
-32,-10,55
-32,-10,54
-32,-9,51
-33,-9,52
-32,-10,52
-33,-9,54
-31,-12,52
-31,-11,54
-34,-10,52
-32,-11,51
-32,-11,52
-32,-11,53
-32,-11,49
-33,-11,54
-33,-11,53
-34,-9,55
-32,-12,54
-31,-10,54
-33,-9,56
-33,-10,54
-35,-11,57
-32,-12,56
-31,-12,53
-33,-10,56
-33,-10,55
-33,-11,54
-29,-14,54
-32,-12,50
-34,-10,57
-36,-12,50
-32,-11,59
-32,-14,52
-32,-9,57
-34,-10,55
-34,-9,56
-33,-11,55
-32,-11,54
-33,-10,55
-33,-9,55
-33,-10,54
-33,-11,56
-32,-11,54
-32,-10,54
-33,-9,56
-33,-9,60
-30,-13,54
-33,-8,61
-33,-11,57
-33,-9,56
-33,-10,56
-31,-10,54
-32,-8,56
-34,-11,55
-29,-14,50
-31,-9,60
-33,-11,52
-32,-8,55
-31,-11,50
-30,-9,54
-33,-10,52
-31,-11,54
-30,-10,56
-31,-11,53
-31,-10,55
-32,-10,54
-31,-9,57
-31,-10,57
-30,-11,57
-30,-11,57
-30,-9,55
-33,-8,59
-30,-11,57
-30,-10,56
-31,-10,58
-33,-9,55
-30,-9,59
-30,-12,53
-31,-11,56
-32,-10,55
-32,-9,53
-32,-10,54
-30,-10,55
-29,-9,54
-31,-10,52
-31,-9,54
-30,-10,52
-31,-10,54
-29,-11,50
-31,-8,56
-30,-10,50
-30,-10,53
-29,-12,53
-30,-10,54
-31,-11,53
-31,-9,58
-31,-11,56
-31,-11,55
-31,-11,57
-30,-11,56
-31,-10,57
-30,-11,55
-30,-11,56
-30,-10,55
-30,-9,55
-31,-10,56
-30,-9,58
-29,-9,54
-28,-11,52
-29,-9,54
-30,-9,55
-29,-11,53
-27,-11,55
-28,-10,56
-28,-10,56
-27,-11,55
-25,-10,58
-27,-11,55
-25,-11,57
-27,-11,56
-25,-9,61
-26,-9,59
-22,-11,59
-25,-9,61
-26,-9,60
-26,-9,62
-20,-12,57
-24,-8,62
-27,-9,57
-27,-8,61
-25,-10,61
-24,-11,60
-26,-12,57
-27,-9,62
-28,-9,60
-27,-10,62
-27,-10,58
-24,-8,64
-30,-9,58
-26,-9,65
-26,-11,58
-25,-9,63
-26,-10,56
-25,-8,60
-26,-9,56
-24,-10,57
-25,-10,57
-25,-10,57
-26,-10,57
-25,-11,58
-26,-10,58
-25,-9,57
-27,-10,55
-24,-10,58
-25,-10,56
-27,-10,57
-24,-11,56
-26,-9,59
-27,-10,55
-26,-10,59
-25,-11,55
-27,-9,58
-28,-10,54
-27,-10,57
-25,-11,55
-26,-10,55
-29,-9,58
-25,-11,55
-27,-9,58
-26,-10,53
-26,-8,58
-25,-10,53
-25,-10,53
-26,-9,57
-25,-10,56
-26,-9,58
-26,-10,59
-26,-11,57
-26,-8,62
-25,-12,54
-25,-10,60
-24,-11,58
-26,-9,62
-25,-11,62
-24,-10,61
-26,-9,63
-25,-11,61
-24,-11,62
-24,-10,61
-24,-10,59
-25,-8,63
-24,-10,61
-23,-10,61
-24,-11,59
-23,-10,60
-24,-9,59
-25,-10,57
-22,-9,59
-23,-10,56
-22,-9,55
-24,-9,55
-23,-9,57
-24,-10,55
-24,-11,58
-24,-11,58
-24,-10,58
-25,-11,56
-23,-10,58
-25,-8,62
-24,-10,58
-23,-10,60
-24,-9,59
-25,-9,58
-26,-10,58
-24,-11,59
-25,-10,61
-25,-11,57
-26,-9,62
-25,-11,55
-26,-8,63
-26,-11,56
-25,-10,65
-23,-12,58
-26,-8,62
-25,-9,60
-27,-8,64
-23,-11,59
-23,-9,62
-22,-10,58
-25,-7,58
-26,-8,57
-25,-9,58
-24,-11,56
-25,-10,59
-23,-11,57
-25,-10,57
-25,-9,58
-25,-10,55
-25,-9,61
-24,-11,57
-25,-9,59
-24,-7,63
-25,-10,58
-23,-9,62
-27,-10,59
-23,-11,55
-25,-9,58
-26,-11,57
-25,-10,59
-24,-10,59
-23,-10,57
-25,-8,58
-26,-8,60
-25,-11,55
-27,-8,64
-24,-13,52
-24,-6,66
-27,-12,51
-23,-10,61
-25,-11,56
-23,-10,56
-29,-7,60
-25,-12,54
-27,-9,61
-25,-13,55
-26,-9,62
-28,-10,56
-24,-7,62
-24,-10,54
-22,-10,58
-25,-11,52
-23,-9,57
-25,-9,57
-25,-9,59
-24,-11,58
-21,-13,60
-25,-11,58
-27,-9,59
-27,-9,59
-25,-11,60
-24,-10,62
-25,-12,58
-24,-10,61
-27,-10,57
-24,-10,57
-24,-10,55
-24,-9,61
-25,-11,54
-22,-10,61
-24,-10,58
-25,-7,60
-26,-9,60
-20,-13,56
-23,-8,62
-24,-9,56
-26,-7,63
-24,-11,58
-21,-11,60
-23,-11,58
-23,-10,60
-25,-10,57
-24,-9,59
-24,-10,56
-23,-9,59
-24,-11,57
-25,-10,58
-23,-10,61
-23,-9,59
-24,-10,57
-24,-9,60
-24,-9,58
-23,-8,59
-24,-9,59
-22,-9,60
-24,-9,59
-24,-10,60
-23,-10,60
-23,-11,58
-23,-10,57
-22,-8,60
-25,-9,57
-24,-9,59
-23,-11,57
-22,-11,60
-25,-11,59
-25,-11,59
-26,-10,61
-23,-11,57
-24,-9,61
-25,-10,58
-24,-8,62
-26,-9,58
-23,-12,56
-25,-10,60
-24,-11,57
-23,-9,59
-24,-9,58
-23,-9,58
-22,-9,56
-23,-10,55
-23,-8,57
-23,-9,53
-23,-9,57
-23,-10,61
-21,-11,57
-24,-7,62
-24,-9,59
-23,-9,62
-24,-11,60
-24,-10,62
-25,-9,62
-24,-11,58
-26,-10,62
-24,-12,59
-24,-11,62
-23,-11,60
-24,-10,63
-26,-9,63
-23,-10,60
-21,-9,60
-25,-8,62
-23,-10,58
-23,-9,62
-23,-11,57
-22,-7,61
-22,-9,56
-21,-9,58
-24,-10,56
-22,-10,59
-22,-10,57
-23,-8,60
-23,-9,57
-24,-9,60
-25,-12,59
-24,-11,61
-24,-10,61
-25,-9,61
-25,-9,60
-27,-8,66
-24,-11,57
-22,-9,63
-23,-10,58
-23,-9,59
-23,-9,58
-23,-8,58
-21,-8,58
-23,-9,57
-22,-9,57
-22,-8,57
-23,-9,57
-22,-9,58
-24,-10,57
-21,-10,55
-22,-8,60
-25,-11,55
-23,-10,59
-25,-11,56
-24,-11,57
-24,-11,57
-24,-11,56
-27,-9,58
-27,-11,55
-25,-9,59
-24,-11,54
-28,-9,59
-25,-11,56
-28,-9,59
-25,-10,56
-27,-9,58
-28,-9,58
-28,-9,57
-26,-11,56
-26,-9,58
-27,-11,55
-26,-10,56
-28,-11,54
-27,-11,55
-26,-9,57
-27,-10,55
-27,-10,57
-26,-11,54
-27,-10,56
-27,-11,54
-27,-10,58
-29,-11,56
-27,-11,58
-26,-11,59
-28,-10,56
-27,-9,57
-28,-9,57
-27,-11,55
-27,-9,57
-28,-9,56
-28,-9,58
-29,-10,59
-27,-12,57
-28,-10,62
-27,-12,57
-29,-9,60
-30,-11,57
-29,-9,57
-30,-10,56
-29,-11,55
-28,-10,59
-29,-13,53
-29,-10,60
-30,-11,55
-29,-10,59
-30,-11,58
-30,-10,59
-28,-11,57
-29,-9,57
-30,-8,58
-32,-9,57
-28,-11,58
-27,-11,55
-30,-8,57
-32,-7,59
-32,-10,57
-27,-11,59
-29,-10,58
-28,-10,56
-32,-8,59
-32,-11,56
-26,-12,57
-30,-12,52
-29,-11,54
-31,-8,58
-30,-10,55
-31,-10,55
-32,-9,59
-33,-11,51
-33,-6,64
-33,-12,48
-35,-5,67
-32,-15,43
-34,-5,62
-34,-11,47
-32,-7,57
-33,-12,48
-30,-11,56
-33,-11,52
-33,-9,56
-31,-11,53
-29,-9,56
-32,-11,52
-30,-10,55
-32,-12,51
-29,-11,55
-33,-10,52
-33,-11,57
-32,-11,56
-31,-11,57
-33,-8,54
-34,-7,57
-32,-11,52
-32,-9,57
-33,-10,55
-31,-10,56
-31,-10,57
-32,-10,57
-33,-9,58
-32,-10,57
-30,-9,56
-33,-9,56
-31,-11,54
-30,-9,60
-30,-12,53
-32,-7,60
-31,-12,53
-30,-9,57
-33,-9,54
-30,-10,54
-31,-10,52
-31,-9,54
-31,-9,53
-31,-9,56
-31,-11,52
-30,-9,57
-31,-10,50
-31,-8,56
-32,-10,53
-31,-9,56
-30,-10,52
-30,-9,55
-32,-9,54
-31,-10,53
-29,-11,55
-32,-8,57
-31,-10,55
-30,-10,55
-30,-11,52
-31,-9,56
-32,-10,51
-30,-11,54
-31,-10,54
-29,-11,51
-31,-10,50
-31,-9,53
-32,-9,53
-31,-10,55
-30,-11,55
-31,-10,57
-32,-10,55
-31,-10,55
-32,-10,59
-32,-11,57
-31,-9,58
-31,-10,57
-32,-9,58
-33,-9,58
-31,-11,55
-32,-10,58
-31,-11,53
-32,-9,61
-31,-13,53
-29,-10,59
-31,-10,54
-32,-7,58
-31,-9,56
-29,-10,56
-30,-9,56
-31,-9,54
-31,-8,58
-29,-12,51
-30,-10,54
-29,-10,55
-33,-8,59
-28,-12,56
-31,-8,59
-30,-10,56
-32,-9,57
-32,-11,56
-29,-11,57
-31,-11,53
-31,-10,57
-33,-10,55
-31,-10,59
-31,-11,56
-33,-9,61
-33,-9,54
-31,-8,60
-28,-11,53
-33,-7,60
-31,-11,50
-29,-9,55
-29,-10,50
-32,-8,53
-31,-11,53
-28,-11,53
-27,-10,55
-29,-10,53
-32,-10,50
-30,-10,55
-29,-12,47
-29,-10,58
-31,-12,50
-31,-7,59
-30,-12,52
-30,-9,57
-28,-10,53
-31,-6,57
-29,-9,53
-30,-10,58
-28,-12,53
-30,-9,57
-33,-10,55
-29,-11,56
-31,-10,58
-32,-10,57
-31,-11,57
-32,-12,55
-31,-9,57
-31,-9,54
-33,-9,57
-29,-12,51
-30,-8,57
-31,-10,51
-29,-9,53
-32,-9,57
-30,-11,54
-30,-9,56
-29,-10,55
-33,-8,57
-30,-10,55
-31,-9,56
-29,-9,56
-32,-8,58
-30,-12,52
-29,-10,56
-32,-8,55
-31,-8,55
-30,-10,54
-30,-10,55
-29,-10,53
-31,-10,53
-33,-10,54
-31,-10,56
-31,-10,55
-28,-11,54
-32,-7,59
-30,-13,50
-32,-9,59
-32,-11,53
-31,-7,61
-31,-12,52
-31,-11,58
-31,-10,53
-32,-8,57
-30,-11,52
-31,-10,57
-30,-11,52
-31,-10,55
-32,-11,55
-29,-12,55
-32,-10,56
-30,-12,56
-32,-9,59
-31,-12,55
-32,-10,56
-30,-11,55
-30,-11,52
-31,-10,57
-31,-11,53
-30,-11,58
-31,-12,54
-30,-11,55
-32,-8,63
-31,-12,55
-31,-9,62
-32,-11,59
-31,-10,57
-31,-10,58
-31,-10,56
-30,-9,57
-29,-11,56
-30,-11,53
-30,-9,56
-32,-8,57
-30,-11,54
-30,-9,59
-28,-11,53
-33,-7,59
-32,-10,56
-30,-10,56
-28,-11,54
-30,-8,54
-33,-8,56
-32,-10,53
-30,-10,55
-30,-10,54
-31,-10,53
-32,-10,53
-32,-9,54
-31,-9,54
-29,-11,54
-30,-11,53
-31,-9,56
-31,-11,51
-31,-10,57
-30,-12,52
-30,-9,57
-31,-11,55
-32,-9,58
-32,-10,55
-31,-10,57
-31,-11,57
-33,-10,57
-32,-10,55
-32,-10,55
-33,-9,59
-31,-12,55
-30,-11,57
-31,-11,54
-32,-9,56
-31,-11,55
-31,-11,56
-32,-9,57
-31,-10,57
-33,-10,56
-32,-10,57
-32,-10,54
-30,-9,58
-32,-9,56
-30,-10,56
-30,-10,54
-31,-10,53
-31,-8,56
-30,-11,53
-31,-10,57
-32,-9,56
-30,-9,57
-31,-11,51
-32,-8,57
-31,-10,51
-31,-9,56
-31,-11,54
-32,-10,58
-31,-12,52
-29,-11,53
-32,-8,56
-32,-8,56
-30,-11,53
-29,-10,54
-30,-8,55
-32,-9,52
-31,-10,53
-31,-10,55
-29,-10,53
-32,-10,56
-31,-11,55
-30,-11,56
-31,-9,56
-33,-9,58
-32,-10,56
-30,-11,56
-31,-10,57
-33,-9,57
-32,-10,56
-30,-11,55
-31,-9,60
-29,-11,53
-32,-8,59
-32,-11,53
-30,-9,59
-30,-11,52
-30,-8,57
-33,-8,57
-31,-10,55
-32,-9,57
-29,-10,56
-31,-8,56
-31,-10,54
-33,-10,56
-30,-10,56
-30,-11,55
-32,-10,56
-33,-10,57
-31,-10,55
-31,-10,56
-32,-10,55
-31,-10,55
-31,-9,54
-30,-10,55
-31,-9,56
-30,-11,53
-31,-10,58
-32,-11,53
-32,-9,58
-32,-10,55
-33,-9,60
-31,-12,54
-31,-10,57
-34,-10,55
-32,-9,58
-31,-11,56
-31,-11,57
-30,-11,57
-32,-10,55
-32,-9,56
-31,-8,55
-31,-9,56
-31,-11,53
-30,-9,56
-31,-9,51
-31,-10,54
-32,-9,56
-29,-10,56
-28,-10,54
-31,-10,55
-32,-8,56
-31,-9,55
-30,-12,54
-32,-9,57
-31,-9,54
-32,-9,55
-29,-11,56
-31,-9,56
-30,-9,56
-33,-8,56
-31,-10,58
-28,-11,53
-31,-9,56
-32,-9,53
-32,-8,58
-30,-13,49
-31,-9,58
-30,-10,51
-32,-10,55
-32,-11,55
-28,-11,54
-33,-9,58
-31,-12,52
-30,-10,54
-29,-11,52
-30,-10,49
-32,-9,56
-31,-11,52
-26,-13,51
-30,-10,59
-31,-11,52
-30,-9,57
-30,-12,51
-31,-9,57
-34,-9,55
-32,-10,56
-29,-10,59
-31,-10,57
-32,-11,54
-33,-8,61
-29,-11,58
-30,-11,59
-31,-10,58
-33,-9,60
-32,-10,56
-32,-11,57
-32,-10,58
-32,-10,57
-31,-12,56
-32,-10,57
-32,-9,56
-32,-10,56
-31,-11,58
-30,-11,56
-31,-10,56
-31,-10,57
-33,-10,56
-31,-11,56
-32,-10,56
-32,-10,55
-32,-8,58
-32,-11,51
-31,-8,59
-32,-9,53
-31,-8,58
-31,-11,55
-29,-10,53
-31,-8,54
-31,-9,53
-30,-9,54
-29,-10,54
-30,-11,52
-30,-9,55
-30,-9,54
-29,-11,51
-31,-9,54
-30,-9,51
-31,-7,55
-32,-11,52
-29,-11,54
-31,-9,54
-31,-10,56
-32,-10,55
-31,-9,57
-29,-11,55
-31,-9,58
-32,-9,57
-29,-10,55
-32,-9,55
-30,-10,55
-30,-10,56
-30,-11,52
-32,-8,58
-31,-10,54
-31,-10,55
-31,-10,56
-32,-8,56
-30,-10,56
-31,-9,59
-29,-11,56
-30,-8,57
-32,-10,55
-31,-9,58
-30,-12,56
-29,-12,54
-31,-9,59
-32,-9,54
-31,-11,56
-31,-10,57
-32,-9,56
-31,-9,57
-31,-10,56
-30,-9,57
-31,-9,54
-32,-10,55
-29,-11,54
-30,-9,56
-29,-10,52
-32,-8,58
-32,-10,56
-30,-11,54
-30,-9,59
-30,-9,53
-30,-8,55
-31,-9,54
-30,-11,52
-29,-9,57
-29,-12,50
-30,-8,59
-31,-10,55
-30,-10,57
-30,-11,54
-32,-9,56
-30,-12,52
-33,-10,56
-33,-11,56
-27,-12,54
-33,-8,62
-31,-11,56
-32,-7,61
-33,-11,52
-31,-8,61
-31,-11,56
-29,-13,54
-32,-9,60
-32,-10,55
-33,-9,61
-31,-12,56
-31,-9,61
-31,-9,59
-34,-9,57
-31,-9,61
-30,-11,57
-32,-9,59
-32,-9,61
-34,-8,58
-30,-10,61
-32,-10,59
-32,-9,61
-32,-12,55
-32,-10,61
-30,-11,53
-32,-7,58
-30,-11,50
-27,-9,54
-30,-10,48
-29,-8,50
-32,-7,51
-29,-11,52
-28,-12,53
-30,-10,57
-29,-10,55
-32,-8,57
-30,-10,53
-30,-8,57
-30,-10,54
-31,-10,56
-31,-11,54
-30,-9,56
-31,-10,53
-30,-9,57
-31,-9,55
-29,-10,55
-32,-9,58
-30,-10,57
-29,-11,55
-31,-10,55
-32,-10,56
-31,-10,55
-28,-12,53
-29,-10,56
-32,-9,54
-30,-12,52
-31,-9,56
-31,-10,51
-31,-8,57
-31,-11,53
-29,-9,58
-29,-10,52
-31,-10,54
-31,-10,55
-29,-11,53
-29,-10,56
-29,-9,56
-31,-9,55
-29,-11,52
-30,-10,53
-30,-10,54
-29,-10,51
-30,-10,56
-31,-10,54
-31,-9,58
-29,-12,53
-31,-8,61
-31,-11,51
-31,-9,55
-30,-11,54
-32,-10,54
-32,-11,55
-31,-11,54
-31,-10,54
-33,-9,58
-32,-11,53
-30,-9,58
-30,-10,54
-32,-11,53
-31,-12,55
-29,-8,57
-31,-10,52
-32,-9,59
-32,-12,52
-29,-12,54
-32,-10,54
-31,-11,51
-35,-8,58
-31,-14,48
-31,-9,59
-32,-10,52
-31,-10,53
-33,-10,56
-29,-11,53
-32,-7,61
-35,-9,54
-31,-9,60
-28,-13,50
-31,-9,57
-33,-9,55
-28,-11,52
-31,-10,59
-30,-12,51
-33,-6,59
-32,-11,50
-31,-8,60
-32,-10,54
-25,-12,52
-33,-7,60
-32,-11,52
-30,-9,59
-29,-14,51
-28,-9,56
-33,-8,54
-32,-11,53
-29,-11,56
-32,-10,56
-32,-11,54
-33,-9,59
-32,-10,54
-30,-9,58
-32,-9,55
-31,-9,57
-30,-10,54
-30,-11,53
-30,-11,56
-33,-10,53
-31,-11,54
-32,-11,55
-32,-9,56
-33,-11,53
-32,-9,57
-32,-10,54
-29,-10,55
-32,-9,56
-31,-10,54
-29,-10,55
-31,-11,52
-30,-9,55
-32,-8,54
-31,-11,52
-32,-9,58
-31,-10,52
-30,-11,52
-32,-9,54
-32,-9,53
-30,-9,55
-32,-10,55
-28,-11,55
-30,-9,56
-31,-10,54
-31,-10,58
-31,-11,56
-30,-10,55
-32,-10,54
-33,-9,55
-30,-12,55
-32,-11,56
-33,-10,56
-32,-10,56
-34,-9,57
-31,-10,59
-31,-11,57
-30,-12,57
-32,-10,59
-33,-10,56
-32,-11,56
-31,-10,57
-33,-9,55
-31,-11,54
-31,-10,53
-31,-9,54
-30,-10,52
-32,-10,55
-30,-11,53
-29,-10,55
-31,-11,52
-30,-10,56
-29,-10,56
-31,-11,53
-30,-10,56
-31,-10,51
-31,-9,55
-32,-9,54
-33,-9,55
-28,-11,55
-33,-7,60
-30,-10,56
-30,-10,59
-29,-13,53
-31,-7,61
-33,-9,53
-31,-10,57
-29,-11,54
-32,-8,57
-32,-11,52
-33,-9,57
-31,-11,53
-29,-10,56
-33,-10,56
-31,-10,55
-30,-9,55
-30,-11,52
-29,-10,55
-30,-10,56
-30,-12,52
-29,-10,57
-31,-11,52
-31,-10,55
-32,-10,53
-31,-10,54
-30,-9,54
-31,-9,55
-29,-10,54
-30,-9,56
-31,-11,52
-29,-10,57
-29,-9,55
-30,-10,54
-30,-8,56
-30,-10,52
-30,-11,56
-31,-11,55
-32,-10,57
-30,-11,54
-31,-9,58
-31,-10,56
-31,-9,58
-31,-9,56
-29,-9,56
-31,-9,55
-30,-11,53
-28,-10,57
-31,-10,53
-32,-10,56
-33,-10,55
-30,-10,57
-31,-11,54
-33,-10,60
-31,-11,54
-31,-11,60
-33,-9,60
-32,-10,61
-31,-10,57
-31,-11,56
-30,-11,57
-33,-9,55
-30,-11,56
-32,-11,55
-31,-9,55
-33,-9,56
-31,-11,55
-29,-11,56
-31,-10,56
-31,-10,56
-33,-10,57
-28,-12,52
-31,-9,55
-31,-11,52
-31,-9,54
-32,-10,55
-30,-10,56
-31,-9,56
-29,-10,55
-30,-9,58
-30,-10,55
-31,-9,57
-28,-11,53
-30,-9,55
-29,-10,51
-31,-10,52
-31,-10,54
-30,-10,54
-31,-10,56
-29,-11,55
-30,-9,56
-31,-10,53
-30,-9,56
-30,-10,56
-30,-11,55
-30,-10,58
-31,-10,56
-30,-11,56
-31,-10,55
-31,-9,54
-30,-9,55
-31,-10,55
-29,-10,56
-30,-9,55
-30,-10,54
-30,-8,56
-30,-9,52
-31,-9,55
-29,-10,53
-30,-10,55
-30,-11,54
-31,-10,55
-30,-10,54
-29,-9,54
-33,-8,58
-30,-11,55
-29,-10,59
-29,-12,55
-31,-9,59
-31,-10,56
-30,-10,59
-29,-11,56
-32,-10,57
-31,-11,55
-32,-10,57
-33,-11,58
-32,-12,56
-32,-10,59
-31,-10,58
-30,-8,54
-31,-8,53
-30,-8,53
-29,-8,53
-29,-11,50
-29,-9,55
-30,-9,54
-29,-10,55
-30,-11,56
-31,-10,56
-30,-10,56
-29,-10,54
-31,-9,54
-30,-9,54
-30,-9,56
-29,-10,53
-29,-10,53
-31,-8,55
-29,-10,50
-31,-8,55
-32,-9,54
-27,-11,54
-30,-8,56
-31,-9,54
-32,-8,57
-32,-10,53
-29,-9,58
-31,-10,56
-30,-10,57
-32,-10,57
-31,-11,56
-29,-10,58
-28,-11,52
-32,-8,61
-32,-11,54
-32,-8,64
-28,-14,54
-30,-8,63
-34,-9,55
-32,-9,59
-32,-10,60
-29,-12,57
-32,-10,59
-33,-10,57
-32,-10,58
-31,-11,56
-32,-9,58
-31,-10,56
-31,-9,57
-32,-11,56
-30,-11,55
-31,-9,57
-32,-11,54
-31,-10,58
-32,-11,54
-30,-10,56
-31,-10,55
-32,-9,55
-32,-10,54
-31,-10,55
-30,-10,54
-32,-9,56
-32,-10,55
-31,-10,55
-31,-10,53
-31,-10,53
-31,-11,53
-31,-10,53
-31,-10,54
-31,-10,54
-30,-10,53
-32,-10,54
-30,-10,53
-31,-9,54
-31,-10,52
-30,-10,53
-31,-9,53
-31,-10,52
-30,-9,55
-30,-10,52
-31,-9,55
-31,-12,52
-29,-10,55
-29,-10,52
-32,-8,54
-32,-10,54
-30,-10,55
-30,-11,54
-32,-10,54
-33,-10,54
-30,-12,53
-31,-10,56
-34,-9,55
-31,-10,56
-30,-10,58
-31,-11,56
-32,-9,57
-32,-11,57
-31,-11,56
-32,-9,57
-32,-11,55
-31,-10,57
-31,-10,56
-32,-10,56
-33,-11,55
-32,-9,56
-31,-10,56
-31,-10,55
-31,-10,55
-33,-8,56
-31,-11,55
-30,-11,56
-31,-11,54
-32,-9,56
-30,-11,53
-31,-10,56
-31,-10,53
-31,-9,56
-31,-11,52
-30,-9,55
-32,-10,55
-30,-11,54
-30,-11,56
-30,-11,55
-30,-10,54
-31,-9,56
-31,-10,54
-31,-11,57
-32,-12,56
-32,-11,60
-30,-12,55
-32,-9,59
-32,-9,57
-32,-8,58
-31,-11,54
-29,-10,53
-31,-8,55
-32,-10,50
-32,-11,56
-28,-13,51
-30,-9,56
-33,-10,54
-33,-9,55
-31,-10,56
-31,-9,56
-31,-9,58
-31,-10,55
-30,-10,56
-31,-9,56
-29,-10,51
-32,-10,55
-29,-12,52
-30,-11,55
-30,-11,53
-32,-8,54
-31,-11,50
-30,-9,52
-32,-8,52
-31,-9,54
-27,-10,50
-29,-9,54
-31,-10,53
-32,-11,53
-29,-14,55
-33,-8,62
-34,-10,60
-31,-10,56
-33,-10,61
-30,-11,53
-31,-9,54
-30,-11,53
-30,-10,50
-33,-10,59
-30,-14,50
-28,-11,59
-33,-9,58
-30,-10,56
-31,-10,59
-31,-11,55
-33,-9,63
-30,-13,54
-30,-9,60
-33,-9,55
-33,-8,57
-31,-11,54
-28,-11,55
-30,-10,54
-31,-10,55
-32,-8,57
-31,-10,57
-29,-9,55
-29,-9,55
-32,-9,56
-31,-11,54
-29,-11,57
-21,-11,50
-35,-4,67
-32,-12,52
-31,-6,66
-29,-14,44
-33,-5,61
-31,-16,47
-31,-8,58
-32,-12,50
-32,-10,55
-32,-11,53
-29,-10,55
-31,-10,55
-31,-9,58
-32,-10,54
-28,-10,59
-30,-9,56
-29,-10,54
-30,-9,58
-31,-10,57
-29,-10,58
-31,-10,56
-30,-9,58
-30,-11,56
-29,-11,57
-30,-9,57
-30,-10,57
-30,-10,56
-30,-11,56
-31,-10,58
-30,-10,56
-30,-10,58
-31,-10,56
-30,-10,56
-30,-10,56
-31,-9,56
-30,-10,55
-29,-11,54
-29,-10,55
-30,-9,55
-28,-10,53
-29,-10,54
-29,-10,54
-27,-10,53
-29,-9,54
-29,-9,54
-29,-9,54
-29,-9,55
-28,-10,55
-30,-9,56
-29,-10,56
-29,-10,56
-29,-11,56
-30,-10,55
-31,-11,57
-30,-12,55
-30,-11,57
-32,-11,57
-30,-12,55
-31,-10,57
-30,-11,57
-31,-11,57
-30,-11,58
-31,-10,57
-32,-11,59
-30,-13,55
-30,-10,60
-31,-10,58
-32,-10,58
-30,-11,56
-30,-10,58
-32,-10,56
-31,-11,56
-30,-10,57
-28,-11,53
-30,-10,57
-31,-10,53
-27,-11,55
-29,-10,54
-31,-9,56
-29,-11,55
-30,-11,56
-30,-10,56
-32,-10,57
-31,-10,55
-31,-9,58
-31,-10,56
-29,-11,56
-31,-10,55
-30,-9,57
-30,-10,54
-30,-10,55
-29,-11,54
-30,-9,54
-30,-10,53
-31,-10,55
-29,-11,54
-30,-10,56
-31,-10,54
-30,-11,54
-31,-10,55
-30,-11,55
-31,-10,57
-28,-12,54
-32,-9,60
-31,-11,54
-29,-9,59
-31,-12,54
-29,-10,57
-32,-11,55
-32,-11,56
-32,-10,60
-31,-12,55
-31,-9,60
-35,-8,58
-31,-10,61
-33,-10,59
-30,-12,51
-31,-8,58
-33,-11,51
-33,-8,58
-31,-11,53
-28,-10,55
-32,-8,57
-32,-10,55
-31,-9,57
-26,-12,53
-30,-7,57
-31,-9,53
-29,-10,54
-30,-9,55
-27,-11,53
-29,-10,55
-32,-10,55
-29,-11,52
-29,-10,53
-31,-10,56
-33,-11,54
-28,-13,52
-30,-10,55
-32,-10,54
-34,-11,59
-30,-12,56
-31,-9,57
-32,-9,57
-32,-10,55
-32,-9,58
-31,-10,55
-30,-10,58
-31,-11,56
-29,-12,54
-30,-9,56
-32,-10,54
-29,-11,54
-30,-9,57
-30,-10,55
-29,-11,54
-31,-10,55
-30,-10,54
-30,-10,55
-31,-11,55
-31,-10,56
-31,-11,54
-29,-11,54
-32,-9,56
-32,-9,56
-30,-10,56
-34,-9,58
-30,-11,57
-31,-9,59
-30,-11,56
-31,-9,60
-31,-13,54
-29,-10,59
-31,-11,54
-31,-9,56
-32,-10,54
-31,-9,59
-28,-12,53
-30,-10,57
-32,-10,54
-31,-9,57
-31,-10,55
-29,-10,57
-29,-11,53
-31,-9,55
-34,-9,55
-32,-9,60
-29,-13,52
-29,-10,58
-34,-7,57
-30,-12,51
-29,-12,52
-30,-10,54
-29,-10,49
-28,-12,55
-33,-11,55
-29,-13,55
-31,-11,56
-31,-11,52
-34,-7,59
-30,-11,49
-30,-8,57
-28,-11,49
-28,-9,53
-32,-8,51
-27,-10,49
-27,-10,50
-29,-11,52
-30,-9,53
-28,-12,50
-29,-10,52
-31,-10,54
-31,-10,52
-29,-12,53
-33,-9,58
-30,-13,52
-29,-11,58
-34,-9,56
-29,-13,51
-32,-10,57
-31,-10,52
-33,-7,59
-33,-11,54
-27,-12,57
-30,-10,57
-28,-12,51
-33,-8,60
-31,-11,55
-28,-11,58
-29,-11,54
-32,-8,59
-31,-11,54
-31,-10,57
-32,-11,58
-32,-11,59
-27,-13,51
-32,-8,56
-33,-8,54
-32,-8,55
-28,-13,52
-28,-9,52
-32,-6,53
-33,-10,52
-29,-12,55
-29,-10,58
-28,-11,55
-30,-9,58
-28,-12,51
-30,-7,58
-32,-9,53
-29,-11,55
-29,-12,53
-30,-9,56
-31,-10,52
-31,-10,54
-31,-9,55
-28,-11,55
-30,-10,57
-31,-11,57
-29,-10,55
-29,-10,54
-32,-10,57
-31,-10,56
-29,-11,56
-29,-11,55
-32,-10,57
-32,-10,58
-29,-11,58
-31,-9,58
-31,-11,54
-32,-9,58
-32,-10,58
-29,-12,56
-32,-11,59
-32,-11,57
-30,-11,58
-30,-11,56
-34,-7,62
-30,-12,53
-29,-10,61
-31,-11,54
-30,-11,57
-31,-12,50
-30,-10,56
-34,-9,56
-31,-13,54
-30,-11,57
-30,-10,57
-33,-9,58
-32,-11,57
-30,-10,58
-30,-11,55
-31,-10,57
-33,-10,56
-29,-11,54
-30,-10,56
-33,-9,57
-31,-11,54
-28,-11,57
-31,-10,55
-30,-10,54
-29,-9,57
-31,-10,55
-27,-12,54
-29,-11,51
-33,-7,58
-31,-9,55
-30,-10,57
-28,-12,57
-31,-7,60
-28,-11,54
-29,-10,59
-31,-10,57
-29,-10,55
-30,-10,55
-32,-8,58
-29,-12,53
-30,-10,58
-32,-9,54
-29,-9,55
-30,-9,55
-31,-9,56
-28,-11,54
-27,-11,52
-32,-8,56
-32,-10,55
-28,-12,52
-31,-9,59
-30,-11,52
-30,-11,58
-29,-12,52
-29,-8,59
-30,-12,50
-30,-9,58
-32,-9,55
-28,-12,53
-29,-11,54
-30,-9,56
-31,-9,54
-30,-11,56
-31,-9,59
-29,-11,56
-29,-10,57
-31,-10,56
-32,-9,58
-31,-11,55
-29,-11,59
-29,-11,56
-32,-9,58
-32,-11,56
-29,-11,59
-31,-11,57
-31,-10,58
-31,-10,58
-30,-11,55
-31,-11,59
-32,-11,57
-29,-12,54
-32,-9,57
-31,-10,55
-31,-10,57
-29,-11,54
-30,-9,58
-30,-11,52
-29,-10,57
-31,-10,56
-29,-11,55
-31,-11,55
-31,-10,56
-29,-10,54
-30,-11,56
-32,-11,56
-29,-11,56
-29,-10,57
-30,-10,56
-32,-8,55
-31,-10,56
-33,-10,59
-32,-9,64
-29,-12,50
-30,-7,64
-33,-8,52
-30,-7,59
-28,-12,50
-27,-8,57
-30,-10,50
-31,-9,54
-29,-12,56
-31,-11,59
-30,-13,53
-32,-9,59
-31,-10,54
-31,-9,56
-32,-9,59
-30,-11,56
-28,-11,56
-30,-9,57
-32,-8,56
-29,-11,54
-28,-11,54
-31,-9,57
-30,-11,53
-30,-10,57
-30,-9,54
-28,-10,55
-30,-10,55
-30,-10,54
-29,-11,53
-30,-11,53
-31,-10,56
-31,-10,56
-29,-10,54
-30,-10,58
-30,-9,56
-29,-11,54
-31,-10,57
-30,-9,55
-29,-10,55
-29,-10,53
-30,-8,56
-30,-10,50
-29,-9,54
-29,-10,53
-27,-10,52
-30,-8,55
-30,-10,53
-26,-10,54
-30,-8,54
-30,-7,56
-29,-10,53
-26,-11,54
-33,-7,60
-28,-10,55
-30,-10,58
-30,-12,57
-31,-7,63
-29,-13,54
-29,-10,63
-32,-11,58
-31,-9,60
-35,-9,60
-32,-10,61
-30,-11,58
-31,-11,60
-32,-9,57
-31,-9,59
-30,-11,56
-31,-10,59
-30,-12,54
-31,-10,57
-34,-10,57
-28,-13,51
-30,-9,57
-33,-10,54
-31,-9,57
-30,-12,53
-29,-10,58
-32,-8,58
-30,-12,54
-30,-10,60
-30,-11,55
-29,-10,54
-30,-10,55
-31,-10,56
-28,-13,53
-30,-11,54
-31,-10,55
-30,-10,55
-29,-11,55
-32,-10,56
-30,-11,54
-31,-9,57
-31,-12,53
-32,-8,62
-30,-11,50
-33,-9,56
-31,-10,55
-30,-10,56
-29,-10,60
-31,-9,56
-30,-10,58
-29,-11,57
-30,-9,60
-29,-13,52
-30,-10,58
-33,-10,55
-30,-10,56
-30,-12,56
-29,-10,57
-31,-10,55
-31,-10,56
-30,-11,56
-28,-11,53
-29,-10,53
-31,-9,55
-30,-10,51
-28,-11,53
-30,-10,52
-29,-10,52
-30,-10,51
-29,-10,53
-29,-9,53
-30,-11,49
-30,-10,55
-31,-10,53
-30,-12,52
-30,-11,54
-32,-10,56
-31,-11,55
-30,-12,56
-31,-10,58
-31,-11,55
-31,-11,55
-31,-11,56
-29,-10,55
-31,-11,53
-31,-9,57
-31,-10,54
-29,-12,53
-31,-10,54
-30,-10,53
-30,-10,52
-32,-9,57
-29,-11,52
-30,-9,56
-31,-9,53
-32,-9,59
-31,-11,52
-29,-10,57
-32,-10,56
-31,-11,55
-30,-11,56
-30,-10,56
-32,-9,57
-31,-12,54
-30,-10,60
-30,-11,58
-30,-11,53
-32,-9,60
-32,-10,53
-30,-12,57
-32,-13,54
-31,-8,58
-32,-11,53
-32,-10,59
-31,-11,56
-32,-9,58
-32,-10,58
-32,-11,58
-31,-11,57
-31,-9,56
-34,-10,56
-30,-12,54
-28,-10,56
-30,-9,54
-32,-10,54
-31,-11,51
-29,-10,57
-30,-10,52
-30,-10,54
-32,-11,54
-29,-10,54
-30,-10,58
-31,-11,56
-31,-10,59
-30,-12,54
-32,-9,60
-34,-9,57
-32,-11,55
-30,-11,57
-34,-9,59
-29,-11,54
-32,-9,59
-33,-9,58
-33,-8,58
-30,-14,51
-31,-10,57
-33,-11,51
-33,-9,54
-33,-9,57
-30,-12,55
-30,-10,55
-30,-10,53
-31,-8,56
-31,-11,48
-29,-10,57
-30,-11,53
-29,-11,53
-31,-9,56
-32,-9,56
-30,-10,53
-29,-10,55
-32,-9,55
-29,-10,53
-32,-8,58
-30,-10,56
-31,-10,58
-31,-11,53
-31,-9,59
-31,-11,53
-31,-10,55
-31,-10,54
-29,-9,56
-31,-10,55
-30,-10,57
-30,-10,57
-30,-11,55
-31,-9,57
-31,-10,56
-29,-10,54
-32,-10,57
-31,-11,54
-30,-11,58
-31,-12,54
-31,-10,59
-32,-12,53
-29,-11,56
-32,-9,58
-30,-11,54
-30,-11,55
-31,-11,57
-30,-12,51
-30,-12,57
-33,-11,54
-30,-11,56
-25,-13,54
-33,-10,54
-29,-12,54
-31,-11,50
-29,-12,58
-34,-10,56
-31,-12,57
-30,-13,56
-30,-10,58
-31,-9,55
-31,-9,55
-28,-9,53
-28,-9,52
-28,-9,53
-31,-9,53
-28,-11,52
-27,-11,54
-30,-10,55
-31,-9,57
-30,-11,52
-29,-9,57
-29,-10,54
-31,-10,54
-30,-11,57
-28,-10,53
-30,-10,54
-31,-10,54
-30,-9,57
-28,-12,51
-29,-9,57
-32,-10,55
-29,-11,55
-30,-11,58
-31,-11,57
-30,-10,55
-29,-11,54
-31,-9,59
-27,-11,56
-27,-12,54
-31,-8,59
-31,-10,54
-28,-12,57
-30,-10,58
-29,-11,54
-30,-11,53
-31,-9,57
-31,-10,55
-29,-12,55
-28,-12,53
-32,-8,59
-30,-12,53
-30,-10,59
-29,-10,53
-29,-9,55
-30,-11,54
-30,-10,55
-28,-11,53
-29,-11,53
-31,-10,55
-31,-9,56
-29,-11,54
-30,-10,55
-30,-10,53
-30,-10,56
-31,-10,55
-29,-11,56
-29,-12,53
-31,-8,59
-31,-10,56
-29,-11,56
-30,-11,57
-31,-10,55
-30,-9,55
-32,-10,56
-28,-11,56
-29,-11,54
-32,-10,56
-31,-9,55
-30,-10,53
-30,-10,56
-31,-10,56
-30,-10,58
-31,-11,56
-31,-9,61
-32,-9,57
-32,-12,52
-31,-8,59
-31,-12,54
-30,-11,57
-31,-8,58
-31,-10,56
-31,-11,58
-30,-12,55
-29,-10,56
-31,-10,54
-33,-9,57
-32,-11,55
-29,-11,52
-32,-9,57
-32,-10,54
-29,-11,56
-28,-13,51
-31,-8,60
-31,-11,50
-31,-10,62
-32,-13,55
-28,-9,58
-30,-11,54
-32,-9,56
-32,-9,56
-29,-12,53
-30,-9,58
-30,-10,53
-30,-9,54
-31,-10,54
-28,-10,52
-30,-9,53
-30,-10,51
-30,-9,54
-31,-11,51
-30,-11,53
-31,-11,55
-31,-11,54
-32,-11,56
-33,-10,56
-31,-11,55
-31,-11,58
-31,-11,57
-34,-9,60
-31,-12,56
-30,-8,61
-31,-9,56
-32,-9,57
-32,-11,57
-28,-11,54
-31,-9,54
-33,-9,55
-31,-10,54
-28,-12,53
-30,-8,55
-32,-9,54
-31,-10,52
-31,-10,56
-30,-11,53
-29,-10,55
-32,-10,56
-31,-9,57
-31,-10,56
-32,-11,56
-31,-9,58
-32,-10,57
-30,-13,53
-31,-11,59
-31,-12,52
-30,-11,58
-34,-12,55
-31,-11,55
-34,-10,58
-32,-11,56
-33,-10,60
-30,-11,51
-33,-9,57
-33,-9,55
-28,-11,54
-30,-11,55
-30,-10,52
-31,-9,55
-31,-11,54
-32,-9,57
-31,-11,52
-31,-11,55
-29,-11,52
-33,-9,54
-30,-12,51
-31,-8,61
-30,-12,50
-28,-11,57
-34,-10,54
-31,-11,55
-32,-10,55
-30,-12,53
-31,-9,56
-31,-11,52
-32,-9,54
-32,-11,54
-28,-11,53
-32,-10,57
-30,-11,51
-32,-8,54
-31,-11,52
-31,-9,57
-31,-11,51
-30,-10,55
-32,-9,55
-30,-10,55
-29,-12,55
-29,-10,55
-31,-9,55
-30,-11,55
-32,-10,58
-30,-11,54
-30,-10,58
-32,-10,57
-29,-11,57
-29,-10,57
-30,-10,57
-29,-9,55
-28,-10,53
-28,-9,54
-29,-9,51
-30,-9,53
-30,-10,55
-28,-11,56
-29,-11,53
-29,-10,55
-31,-8,56
-29,-11,51
-29,-11,58
-30,-11,55
-29,-10,56
-30,-11,55
-30,-10,56
-29,-11,55
-29,-11,55
-29,-11,57
-30,-11,55
-29,-11,54
-31,-10,57
-31,-11,55
-30,-10,56
-30,-10,57
-30,-10,57
-31,-10,57
-31,-11,58
-30,-11,57
-30,-12,56
-31,-12,55
-32,-12,56
-33,-10,55
-33,-10,57
-32,-10,59
-33,-10,56
-31,-11,59
-30,-10,57
-30,-9,57
-33,-10,55
-31,-10,57
-30,-10,55
-31,-11,54
-33,-10,56
-31,-11,54
-31,-11,56
-32,-11,57
-32,-11,55
-30,-11,55
-33,-10,56
-32,-10,53
-32,-10,55
-31,-10,52
-32,-10,52
-32,-10,52
-31,-10,54
-30,-10,54
-31,-9,53
-31,-11,52
-29,-10,53
-31,-10,52
-32,-10,53
-32,-10,54
-30,-11,53
-30,-11,53
-33,-10,55
-31,-11,54
-31,-11,53
-33,-10,55
-33,-10,54
-34,-11,56
-34,-11,56
-31,-12,54
-33,-10,56
-35,-10,54
-34,-8,57
-33,-11,52
-33,-10,56
-33,-10,52
-33,-10,53
-33,-11,52
-32,-10,52
-33,-10,50
-34,-10,52
-35,-9,55
-33,-11,51
-32,-11,54
-34,-10,54
-34,-10,53
-34,-12,52
-34,-11,54
-34,-10,54
-35,-12,53
-37,-10,57
-34,-12,50
-36,-9,58
-37,-12,52
-36,-9,58
-35,-12,52
-33,-11,54
-37,-9,52
-36,-10,50
-37,-11,55
-37,-10,53
-35,-11,52
-37,-9,55
-36,-11,49
-34,-10,52
-36,-11,47
-36,-11,53
-37,-11,48
-37,-11,53
-37,-11,52
-36,-11,53
-36,-11,50
-35,-10,52
-35,-8,55
-35,-11,52
-35,-9,55
-34,-10,51
-33,-8,52
-35,-9,51
-35,-10,53
-34,-11,53
-35,-11,55
-33,-11,55
-37,-10,56
-36,-10,54
-34,-10,55
-35,-10,53
-37,-10,54
-34,-10,54
-33,-11,52
-35,-10,55
-38,-11,54
-34,-11,53
-34,-10,54
-37,-10,54
-35,-10,53
-34,-10,51
-34,-10,50
-35,-9,51
-35,-12,50
-34,-10,53
-34,-10,51
-33,-9,51
-37,-7,53
-33,-10,53
-32,-10,54
-33,-11,51
-34,-9,53
-34,-10,51
-33,-11,52
-29,-12,51
-36,-9,51
-33,-11,50
-36,-8,54
-35,-13,51
-35,-10,57
-36,-10,55
-33,-9,60
-37,-9,55
-35,-10,60
-32,-10,53
-33,-8,56
-36,-10,53
-32,-12,49
-36,-9,54
-34,-11,50
-33,-9,54
-33,-11,48
-33,-9,51
-36,-8,53
-34,-10,51
-34,-10,55
-31,-13,52
-34,-7,57
-34,-12,50
-35,-10,57
-34,-10,52
-32,-9,55
-35,-10,56
-35,-12,53
-36,-11,57
-34,-12,55
-34,-10,56
-37,-10,56
-35,-10,57
-34,-10,57
-34,-10,55
-36,-10,56
-34,-11,54
-34,-9,56
-33,-11,54
-33,-9,54
-34,-10,51
-33,-9,52
-34,-8,53
-34,-10,51
-33,-10,54
-34,-9,52
-32,-9,54
-35,-10,54
-32,-11,52
-34,-9,55
-35,-10,51
-35,-10,56
-32,-12,49
-32,-9,54
-35,-10,52
-33,-10,52
-32,-11,54
-31,-11,51
-33,-9,54
-32,-10,54
-32,-10,55
-32,-10,53
-31,-9,55
-32,-9,54
-31,-9,56
-31,-9,56
-32,-10,55
-31,-10,56
-32,-10,56
-33,-10,55
-33,-9,57
-33,-9,54
-32,-11,53
-31,-10,54
-32,-10,53
-31,-9,55
-31,-11,54
-30,-10,54
-32,-10,55
-32,-9,55
-31,-10,54
-31,-10,56
-32,-10,55
-31,-9,56
-32,-9,55
-32,-10,53
-31,-10,55
-31,-10,55
-30,-10,55
-32,-10,58
-32,-11,54
-32,-10,58
-31,-11,53
-32,-9,58
-35,-10,54
-29,-12,55
-33,-8,58
-30,-10,54
-31,-9,58
-32,-11,53
-31,-10,58
-31,-11,53
-32,-9,56
-33,-10,55
-31,-10,54
-32,-10,57
-30,-10,53
-31,-9,55
-31,-11,53
-34,-8,56
-30,-13,52
-29,-9,58
-32,-10,52
-31,-10,58
-31,-12,52
-30,-9,56
-32,-10,52
-30,-10,54
-33,-9,54
-31,-12,52
-32,-10,56
-33,-11,50
-31,-11,54
-34,-10,53
-32,-10,53
-31,-8,57
-32,-11,54
-32,-11,56
-31,-11,54
-32,-9,56
-30,-12,53
-32,-10,54
-31,-11,53
-30,-9,55
-31,-10,54
-30,-10,53
-31,-9,55
-32,-9,54
-32,-9,57
-31,-10,55
-31,-10,55
-33,-8,57
-30,-11,53
-31,-10,55
-33,-10,53
-32,-9,55
-32,-10,54
-31,-10,55
-30,-11,53
-30,-10,53
-33,-9,55
-32,-10,53
-31,-10,55
-30,-10,56
-32,-9,55
-31,-11,51
-31,-9,54
-31,-9,57
-30,-10,55
-31,-8,56
-31,-10,54
-30,-10,54
-30,-11,50
-31,-9,55
-32,-10,53
-29,-12,54
-32,-11,54
-32,-10,52
-33,-7,57
-34,-10,54
-33,-11,58
-32,-10,55
-35,-10,52
-34,-8,58
-34,-10,55
-30,-11,58
-32,-9,56
-31,-9,57
-33,-9,56
-33,-11,56
-29,-11,53
-32,-9,55
-34,-11,54
-33,-11,54
-31,-10,55
-33,-10,54
-34,-9,55
-33,-11,56
-32,-11,57
-33,-9,57
-34,-10,57
-35,-11,58
-31,-13,55
-31,-10,56
-36,-8,59
-31,-12,50
-29,-10,58
-32,-11,50
-32,-10,55
-34,-11,50
-31,-11,53
-33,-10,56
-32,-10,52
-31,-9,55
-31,-10,53
-32,-9,54
-30,-11,52
-35,-9,56
-29,-13,45
-31,-9,58
-33,-12,44
-29,-12,55
-33,-12,49
-32,-10,55
-33,-11,51
-30,-11,52
-34,-8,55
-33,-10,53
-30,-10,54
-32,-10,56
-29,-12,52
-31,-9,58
-33,-9,58
-30,-11,58
-31,-9,57
-28,-10,57
-29,-8,56
-31,-10,52
-28,-10,55
-30,-11,50
-28,-12,53
-33,-10,53
-29,-13,52
-28,-8,61
-32,-11,55
-30,-10,60
-31,-13,53
-28,-10,57
-33,-9,57
-32,-10,56
-31,-11,55
-29,-11,56
-30,-11,54
-32,-10,55
-32,-10,56
-31,-11,57
-30,-11,58
-30,-11,57
-31,-10,57
-32,-10,55
-30,-10,56
-29,-11,53
-31,-9,58
-32,-10,56
-30,-10,57
-28,-11,55
-31,-7,58
-31,-12,52
-28,-10,57
-31,-9,56
-30,-9,57
-31,-9,55
-30,-9,59
-31,-11,55
-29,-10,59
-30,-9,55
-31,-7,60
-30,-10,53
-28,-10,56
-31,-9,56
-29,-11,52
-31,-10,55
-31,-11,54
-29,-11,55
-29,-11,53
-31,-10,54
-30,-11,53
-29,-11,52
-31,-10,56
-30,-11,54
-29,-11,55
-30,-11,55
-31,-10,56
-31,-11,54
-30,-10,55
-31,-10,55
-31,-10,54
-31,-11,57
-30,-12,54
-29,-11,55
-32,-10,54
-33,-10,55
-31,-12,55
-31,-11,57
-31,-11,57
-31,-11,57
-31,-11,54
-33,-9,58
-30,-12,51
-31,-10,54
-33,-10,52
-31,-10,54
-32,-11,55
-31,-11,56
-30,-11,56
-29,-12,53
-33,-8,59
-33,-11,53
-30,-11,57
-32,-10,56
-30,-11,54
-32,-10,57
-33,-11,54
-28,-12,54
-32,-11,53
-32,-11,51
-33,-9,54
-31,-13,52
-31,-11,54
-33,-11,56
-32,-10,58
-31,-11,57
-32,-11,57
-31,-12,56
-31,-11,55
-33,-9,57
-33,-12,54
-30,-12,54
-32,-9,60
-33,-11,55
-30,-12,58
-32,-13,54
-31,-11,56
-32,-9,59
-31,-13,53
-30,-10,59
-33,-12,51
-32,-10,58
-31,-12,51
-32,-10,57
-32,-12,52
-31,-11,57
-29,-13,51
-32,-9,57
-33,-9,54
-30,-11,53
-30,-11,52
-32,-9,55
-31,-11,53
-29,-11,53
-31,-9,57
-29,-12,51
-30,-9,57
-31,-11,51
-29,-11,55
-31,-12,51
-29,-10,54
-29,-11,56
-30,-12,51
-30,-9,57
-30,-11,53
-30,-10,56
-31,-10,57
-32,-9,54
-27,-10,57
-32,-9,57
-30,-9,60
-30,-9,57
-25,-12,57
-30,-8,60
-30,-11,53
-26,-11,57
-31,-8,59
-30,-12,55
-30,-10,59
-29,-12,53
-28,-10,59
-32,-11,53
-33,-9,59
-29,-12,53
-29,-10,57
-32,-10,54
-33,-8,58
-32,-11,56
-29,-12,59
-30,-11,56
-30,-11,54
-31,-9,57
-31,-10,56
-28,-13,56
-29,-11,56
-31,-9,58
-30,-11,55
-30,-11,56
-30,-10,59
-30,-10,56
-31,-10,58
-29,-11,56
-31,-10,57
-31,-11,55
-31,-10,59
-30,-11,58
-29,-11,55
-30,-10,57
-31,-9,58
-30,-11,55
-29,-12,57
-31,-9,60
-29,-12,58
-30,-10,58
-32,-10,59
-29,-12,55
-30,-11,58
-32,-11,56
-31,-10,58
-30,-11,55
-31,-10,57
-31,-11,56
-31,-12,55
-29,-11,55
-32,-9,59
-31,-12,52
-31,-9,60
-32,-11,56
-30,-11,58
-30,-12,54
-32,-9,58
-34,-11,54
-31,-12,55
-32,-11,56
-31,-10,54
-30,-11,55
-32,-10,56
-30,-11,54
-30,-10,54
-32,-10,55
-33,-8,58
-33,-10,53
-28,-10,58
-30,-10,54
-31,-9,56
-31,-9,53
-30,-10,56
-27,-12,51
-28,-9,53
-31,-9,52
-30,-10,50
-29,-9,53
-29,-9,52
-28,-9,54
-30,-10,50
-29,-8,55
-29,-10,50
-28,-10,53
-30,-9,53
-30,-8,58
-28,-11,50
-30,-10,54
-29,-9,55
-30,-11,54
-31,-12,53
-29,-9,57
-30,-10,55
-31,-10,56
-31,-10,60
-29,-12,53
-27,-10,56
-35,-7,58
-31,-12,53
-28,-13,55
-30,-12,54
-30,-8,58
-32,-11,53
-31,-11,57
-31,-11,56
-29,-11,56
-30,-10,56
-31,-11,54
-30,-11,55
-31,-11,53
-32,-10,57
-28,-12,54
-29,-12,51
-32,-10,55
-31,-10,51
-29,-12,52
-31,-11,53
-31,-11,53
-29,-12,52
-27,-13,52
-32,-10,54
-32,-13,52
-30,-11,59
-30,-13,55
-29,-11,57
-32,-13,54
-31,-11,59
-30,-13,54
-31,-12,57
-31,-14,54
-32,-11,59
-31,-14,54
-31,-12,58
-31,-14,55
-30,-13,57
-33,-12,56
-33,-11,58
-32,-14,55
-30,-14,57
-32,-12,58
-31,-13,56
-32,-11,59
-32,-14,56
-29,-13,59
-29,-15,53
-31,-11,58
-32,-12,55
-30,-14,56
-30,-12,57
-31,-11,58
-30,-12,54
-31,-12,58
-30,-13,57
-29,-13,55
-31,-12,56
-31,-12,54
-31,-12,56
-29,-15,52
-29,-12,56
-31,-12,54
-30,-15,52
-31,-13,57
-29,-14,53
-32,-12,57
-31,-14,55
-31,-11,59
-29,-13,56
-31,-10,56
-30,-12,57
-30,-12,57
-28,-14,52
-31,-12,59
-31,-12,56
-29,-14,56
-32,-11,56
-34,-11,58
-29,-17,52
-31,-14,55
-34,-13,55
-33,-12,56
-30,-15,54
-31,-13,55
-33,-11,57
-31,-14,53
-28,-14,56
-31,-11,57
-32,-12,55
-29,-13,57
-30,-14,55
-31,-12,56
-29,-14,50
-30,-12,57
-31,-14,50
-31,-13,56
-32,-14,54
-30,-11,55
-29,-12,56
-31,-11,53
-31,-13,51
-29,-12,53
-28,-13,50
-30,-11,54
-30,-12,52
-29,-12,54
-27,-14,52
-30,-12,57
-29,-14,50
-29,-12,54
-30,-13,52
-30,-11,56
-31,-14,52
-28,-14,54
-30,-11,56
-29,-15,51
-30,-12,56
-31,-13,54
-29,-12,57
-29,-14,55
-29,-14,55
-30,-11,58
-30,-14,53
-29,-13,58
-30,-11,57
-28,-12,55
-30,-12,59
-30,-15,53
-29,-13,59
-28,-14,51
-31,-11,59
-31,-12,55
-29,-12,57
-29,-13,56
-30,-11,57
-30,-14,50
-29,-12,56
-31,-13,56
-29,-13,56
-29,-12,55
-29,-13,53
-31,-10,58
-30,-12,55
-28,-13,58
-27,-14,55
-30,-11,57
-31,-12,54
-30,-12,57
-29,-13,57
-28,-13,55
-27,-13,55
-30,-13,53
-31,-12,56
-29,-14,52
-28,-14,58
-30,-14,55
-29,-12,56
-32,-12,57
-29,-14,53
-30,-12,57
-28,-15,50
-29,-11,55
-32,-12,56
-28,-14,58
-28,-14,55
-32,-10,60
-31,-11,57
-32,-12,59
-29,-13,60
-28,-11,58
-29,-12,55
-28,-12,56
-30,-13,52
-31,-11,56
-28,-12,57
-27,-14,53
-29,-10,58
-28,-13,51
-30,-11,58
-30,-13,55
-27,-12,55
-29,-12,54
-31,-12,54
-31,-10,58
-29,-13,51
-27,-11,58
-31,-12,55
-29,-14,52
-29,-13,54
-29,-12,52
-30,-10,56
-29,-14,49
-29,-12,56
-29,-13,52
-29,-11,56
-30,-13,54
-29,-13,54
-30,-12,56
-29,-13,56
-30,-12,59
-30,-13,56
-29,-11,59
-30,-13,56
-30,-12,56
-29,-13,58
-29,-14,55
-29,-13,58
-30,-14,55
-29,-11,59
-31,-14,53
-28,-13,59
-29,-12,59
-31,-13,56
-29,-13,56
-30,-12,57
-30,-12,57
-31,-14,56
-28,-13,58
-30,-13,57
-28,-12,55
-30,-13,54
-30,-13,55
-30,-12,54
-31,-13,55
-28,-14,55
-29,-13,55
-32,-11,60
-30,-14,55
-29,-11,60
-29,-13,57
-29,-10,57
-32,-12,55
-29,-15,53
-28,-13,56
-31,-12,54
-29,-12,54
-32,-12,58
-27,-15,53
-28,-13,55
-30,-12,53
-31,-10,56
-31,-12,54
-28,-14,52
-28,-12,56
-31,-10,57
-31,-12,53
-29,-12,55
-30,-12,55
-30,-12,54
-30,-12,54
-30,-12,55
-30,-10,55
-31,-12,55
-30,-12,55
-30,-11,57
-30,-11,56
-30,-11,55
-31,-10,57
-31,-11,57
-30,-12,58
-30,-12,55
-30,-11,54
-31,-10,54
-31,-12,54
-29,-13,52
-31,-10,56
-31,-10,55
-30,-13,53
-31,-12,56
-30,-12,53
-30,-10,54
-33,-12,54
-30,-11,55
-30,-10,56
-30,-13,50
-31,-11,55
-31,-12,53
-30,-11,54
-28,-14,51
-32,-11,55
-31,-12,51
-31,-9,57
-32,-13,54
-26,-13,54
-31,-9,56
-32,-10,53
-30,-11,54
-30,-12,56
-29,-12,54
-30,-10,54
-32,-10,56
-31,-10,54
-30,-10,55
-28,-12,54
-27,-13,50
-31,-10,57
-34,-10,53
-28,-13,51
-28,-11,57
-32,-11,52
-31,-12,55
-31,-12,57
-31,-11,55
-30,-10,57
-31,-11,55
-29,-12,54
-31,-10,58
-31,-11,55
-30,-13,56
-31,-11,55
-31,-11,54
-31,-12,54
-31,-12,54
-31,-12,56
-31,-12,55
-32,-11,55
-31,-11,55
-32,-10,56
-32,-11,57
-31,-13,55
-29,-12,54
-31,-10,57
-32,-11,54
-32,-11,57
-29,-13,52
-31,-10,56
-33,-12,52
-31,-11,55
-33,-10,59
-31,-12,55
-30,-11,58
-31,-12,54
-33,-9,57
-33,-10,54
-31,-13,56
-28,-12,56
-33,-11,55
-33,-11,54
-33,-11,57
-30,-12,55
-30,-11,56
-30,-11,55
-33,-12,52
-32,-10,59
-28,-14,48
-31,-10,59
-33,-13,51
-32,-9,58
-31,-13,54
-32,-11,58
-33,-11,54
-32,-9,59
-32,-10,53
-32,-10,58
-28,-13,52
-31,-10,55
-34,-11,53
-32,-11,55
-31,-12,53
-31,-9,56
-30,-12,52
-31,-10,57
-32,-11,53
-31,-10,56
-31,-11,53
-30,-11,52
-32,-9,56
-33,-10,54
-29,-12,55
-30,-11,56
-30,-11,53
-33,-9,56
-29,-12,53
-29,-11,55
-33,-10,56
-30,-12,52
-28,-11,56
-32,-11,52
-33,-9,56
-32,-11,54
-30,-11,56
-30,-11,55
-32,-9,55
-32,-10,54
-31,-11,54
-32,-10,56
-30,-11,56
-29,-12,55
-31,-11,56
-31,-11,55
-31,-10,58
-28,-13,53
-31,-11,57
-31,-11,54
-30,-11,54
-30,-11,57
-30,-12,55
-31,-10,59
-31,-12,58
-30,-12,59
-31,-11,57
-31,-9,60
-31,-11,55
-30,-10,60
-29,-12,56
-31,-10,59
-31,-12,55
-31,-11,56
-30,-11,56
-30,-11,57
-30,-12,55
-30,-10,57
-30,-10,56
-31,-11,56
-32,-11,55
-29,-10,56
-27,-10,55
-29,-11,57
-30,-12,54
-29,-10,54
-29,-8,56
-29,-10,53
-30,-11,57
-27,-12,56
-28,-9,55
-31,-9,57
-29,-11,52
-28,-11,55
-27,-11,53
-29,-10,52
-32,-10,54
-30,-10,55
-30,-9,53
-31,-9,59
-28,-12,51
-30,-11,56
-30,-11,52
-30,-11,55
-30,-10,57
-30,-10,56
-29,-9,58
-30,-11,58
-27,-12,57
-30,-9,58
-30,-10,58
-29,-11,55
-29,-10,57
-30,-11,55
-30,-11,55
-30,-11,55
-29,-11,56
-30,-11,54
-32,-10,58
-29,-12,56
-30,-10,60
-29,-11,56
-29,-10,58
-31,-10,55
-28,-11,55
-28,-11,58
-30,-13,51
-29,-10,56
-31,-11,53
-30,-10,55
-31,-11,54
-30,-11,56
-28,-11,55
-30,-10,57
-30,-11,54
-29,-11,57
-29,-11,55
-29,-11,56
-29,-12,54
-30,-10,56
-31,-9,54
-29,-10,56
-29,-11,55
-29,-11,56
-30,-9,57
-29,-11,54
-28,-11,56
-30,-12,53
-31,-9,57
-31,-11,55
-28,-13,55
-29,-11,54
-32,-8,58
-33,-12,55
-29,-12,60
-25,-14,52
-28,-10,57
-30,-11,51
-31,-11,51
-29,-13,55
-28,-13,51
-31,-11,56
-30,-12,54
-30,-11,57
-32,-12,56
-28,-13,57
-30,-10,58
-30,-13,53
-29,-11,58
-30,-13,51
-30,-11,57
-32,-10,57
-32,-11,57
-29,-13,58
-29,-12,57
-32,-10,55
-31,-12,55
-29,-12,56
-29,-12,54
-31,-10,58
-31,-12,55
-28,-13,55
-29,-12,55
-32,-10,55
-31,-11,56
-31,-12,57
-29,-12,53
-30,-10,56
-31,-12,53
-27,-13,53
-29,-12,55
-31,-12,52
-31,-13,55
-30,-14,54
-29,-13,54
-30,-12,56
-31,-13,53
-29,-12,56
-31,-13,54
-30,-12,53
-32,-12,55
-31,-13,54
-29,-13,56
-32,-11,56
-32,-12,57
-28,-14,54
-30,-13,54
-32,-11,56
-32,-12,53
-31,-14,56
-29,-14,55
-31,-10,56
-34,-12,55
-29,-14,55
-28,-14,55
-31,-12,56
-32,-11,54
-32,-12,56
-32,-14,55
-30,-12,58
-32,-11,56
-30,-11,59
-30,-12,55
-31,-12,56
-30,-13,54
-27,-13,55
-33,-12,55
-32,-12,55
-32,-11,59
-32,-14,56
-27,-12,60
-34,-8,61
-29,-12,56
-27,-12,59
-31,-15,51
-27,-13,56
-29,-11,59
-32,-13,54
-28,-13,53
-32,-11,54
-32,-13,54
-31,-13,57
-31,-13,57
-27,-14,56
-30,-11,57
-31,-13,51
-30,-11,61
-30,-15,50
-28,-14,56
-28,-12,56
-31,-13,51
-31,-12,54
-33,-12,55
-30,-14,53
-30,-12,59
-30,-13,51
-32,-10,58
-30,-14,50
-30,-12,54
-32,-12,56
-31,-12,55
-30,-11,58
-32,-13,52
-30,-11,58
-33,-11,57
-29,-13,57
-29,-11,57
-30,-12,55
-29,-12,55
-32,-13,53
-27,-15,51
-29,-12,52
-34,-10,54
-31,-11,55
-30,-13,58
-29,-14,51
-30,-11,57
-35,-10,58
-28,-14,52
-29,-11,59
-32,-11,56
-30,-11,55
-32,-12,53
-29,-12,54
-29,-11,52
-33,-9,57
-28,-13,53
-30,-11,57
-30,-12,50
-31,-8,56
-32,-11,53
-30,-11,54
-31,-10,56
-30,-10,56
-29,-12,54
-30,-12,54
-31,-10,55
-30,-10,53
-32,-10,55
-31,-12,55
-29,-12,55
-29,-11,55
-31,-10,55
-29,-12,51
-31,-10,55
-32,-11,52
-31,-10,57
-30,-13,54
-29,-12,56
-32,-9,58
-34,-9,53
-30,-10,59
-31,-12,54
-31,-10,59
-32,-10,54
-30,-11,56
-31,-10,55
-31,-11,53
-30,-9,58
-33,-12,55
-28,-13,55
-29,-12,55
-32,-9,55
-34,-11,54
-31,-12,53
-30,-12,55
-31,-11,52
-33,-10,57
-33,-11,57
-32,-11,58
-27,-13,53
-30,-7,60
-31,-10,50
-31,-9,59
-31,-13,53
-26,-15,53
-28,-9,57
-31,-11,49
-31,-9,57
-32,-11,53
-27,-12,56
-29,-12,54
-30,-10,53
-32,-8,55
-32,-10,56
-29,-13,56
-29,-13,58
-30,-11,56
-32,-10,56
-28,-11,57
-29,-12,52
-28,-9,55
-31,-9,51
-27,-11,53
-29,-11,51
-28,-12,50
-30,-9,53
-30,-11,54
-29,-12,55
-30,-13,56
-28,-11,53
-33,-8,57
-31,-13,51
-29,-10,57
-32,-10,55
-29,-9,60
-31,-10,59
-26,-14,54
-29,-8,61
-31,-10,53
-28,-11,59
-29,-13,54
-27,-12,56
-29,-9,59
-31,-10,55
-28,-11,56
-29,-12,54
-30,-10,55
-31,-8,56
-29,-12,53
-29,-10,57
-32,-10,57
-29,-10,58
-29,-11,57
-27,-11,56
-29,-9,55
-31,-8,59
-29,-10,59
-27,-11,57
-27,-11,56
-31,-8,57
-30,-9,56
-28,-12,56
-29,-12,57
-30,-10,57
-30,-10,56
-29,-12,53
-28,-10,56
-31,-9,55
-31,-10,56
-29,-12,54
-30,-10,58
-30,-11,54
-30,-9,56
-32,-10,55
-29,-12,54
-30,-11,54
-33,-9,56
-32,-10,56
-29,-12,54
-31,-10,55
-31,-10,53
-33,-7,58
-30,-11,54
-28,-11,57
-32,-10,57
-31,-10,56
-30,-11,56
-28,-12,53
-30,-11,54
-32,-8,55
-33,-10,55
-31,-13,55
-27,-13,52
-31,-10,50
-33,-9,54
-32,-10,52
-31,-11,55
-33,-10,57
-31,-13,53
-32,-10,59
-32,-10,52
-31,-8,58
-31,-10,53
-31,-10,56
-30,-12,58
-27,-13,47
-34,-7,56
-34,-11,48
-31,-9,56
-31,-12,55
-29,-11,61
-31,-10,57
-32,-11,56
-31,-8,57
-30,-10,54
-30,-8,57
-30,-12,55
-29,-12,55
-31,-10,54
-32,-9,55
-30,-10,53
-29,-11,54
-30,-12,56
-31,-10,56
-33,-10,57
-30,-12,56
-29,-10,56
-31,-9,56
-32,-9,57
-31,-13,54
-30,-12,56
-31,-11,55
-32,-10,55
-31,-11,55
-30,-11,55
-31,-10,56
-31,-10,55
-31,-11,57
-32,-13,54
-28,-11,53
-33,-7,61
-30,-12,52
-29,-11,59
-33,-11,55
-29,-10,54
-32,-9,54
-31,-13,55
-30,-13,55
-32,-10,57
-31,-10,55
-31,-9,58
-30,-12,53
-28,-10,55
-33,-7,60
-31,-11,54
-29,-10,58
-30,-12,54
-31,-9,55
-33,-9,54
-30,-12,57
-30,-13,55
-31,-11,56
-31,-10,54
-33,-8,57
-29,-12,52
-27,-11,57
-33,-7,61
-31,-10,59
-28,-12,57
-30,-12,56
-29,-10,51
-32,-8,50
-33,-9,56
-32,-12,54
-30,-13,56
-30,-10,58
-31,-9,51
-32,-8,56
-32,-10,55
-28,-12,57
-29,-11,59
-28,-12,51
-31,-8,56
-32,-9,52
-32,-8,57
-28,-13,53
-27,-12,56
-31,-10,54
-31,-8,57
-31,-10,55
-28,-12,55
-29,-12,54
-31,-9,54
-33,-8,57
-31,-11,53
-29,-11,59
-30,-11,54
-29,-9,57
-31,-10,55
-29,-11,54
-32,-8,61
-29,-12,53
-27,-9,59
-31,-9,57
-28,-11,56
-30,-7,58
-31,-8,57
-29,-11,54
-29,-11,56
-31,-10,57
-29,-11,55
-29,-12,56
-30,-11,54
-32,-9,55
-32,-9,55
-30,-11,56
-29,-12,56
-30,-10,57
-32,-9,54
-32,-8,59
-31,-11,53
-28,-11,58
-30,-10,56
-28,-10,56
-30,-10,58
-31,-12,52
-30,-10,56
-31,-9,59
-29,-12,56
-28,-11,57
-31,-9,56
-32,-8,54
-32,-9,56
-30,-12,55
-29,-12,57
-30,-10,55
-32,-9,56
-31,-11,54
-31,-10,59
-30,-11,58
-29,-10,57
-31,-11,56
-31,-9,56
-28,-11,53
-30,-9,57
-34,-9,57
-29,-13,55
-29,-12,56
-31,-9,53
-32,-8,56
-31,-10,56
-29,-12,56
-30,-11,57
-32,-9,56
-30,-10,57
-31,-10,57
-28,-12,54
-29,-8,59
-32,-10,54
-30,-12,56
-31,-11,57
-30,-10,54
-30,-10,54
-31,-11,55
-29,-12,52
-31,-9,58
-30,-9,55
-30,-10,56
-31,-9,56
-28,-11,54
-30,-8,60
-30,-11,53
-27,-12,56
-31,-12,53
-30,-10,54
-32,-9,54
-29,-12,52
-29,-10,58
-31,-11,54
-29,-10,55
-31,-10,56
-30,-11,55
-29,-10,54
-31,-10,57
-31,-11,56
-28,-13,55
-29,-11,53
-33,-8,55
-32,-8,57
-29,-12,56
-30,-11,56
-30,-10,56
-33,-8,56
-32,-9,58
-29,-13,54
-29,-11,58
-31,-9,55
-31,-8,58
-32,-11,55
-31,-11,58
-30,-10,54
-32,-10,56
-31,-11,55
-30,-11,56
-30,-10,56
-31,-11,55
-31,-10,56
-33,-10,56
-29,-10,59
-30,-10,56
-30,-11,56
-30,-11,56
-31,-11,53
-30,-11,55
-30,-9,58
-30,-11,54
-30,-10,59
-29,-12,52
-31,-8,59
-32,-10,55
-29,-12,56
-31,-11,57
-30,-11,54
-30,-11,52
-30,-11,54
-32,-12,49
-31,-11,55
-29,-10,57
-30,-11,53
-30,-10,58
-30,-12,51
-31,-8,59
-32,-10,55
-29,-12,54
-30,-11,57
-30,-10,54
-30,-10,54
-28,-13,50
-31,-10,54
-31,-11,50
-29,-10,57
-32,-11,53
-28,-13,51
-31,-9,58
-31,-11,47
-31,-6,62
-32,-12,50
-25,-11,58
-32,-8,55
-30,-8,58
-29,-9,58
-31,-10,55
-27,-10,58
-30,-8,56
-32,-9,57
-30,-11,56
-28,-12,55
-26,-11,54
-32,-10,53
-30,-10,53
-31,-11,51
-30,-11,55
-32,-10,57
-32,-12,53
-31,-11,55
-31,-11,54
-30,-11,56
-31,-11,55
-30,-12,55
-31,-10,57
-32,-10,53
-30,-9,58
-30,-12,56
-28,-13,53
-32,-9,60
-32,-11,55
-30,-10,58
-31,-11,56
-30,-11,58
-32,-10,55
-32,-9,58
-30,-11,55
-30,-11,56
-32,-10,57
-32,-10,57
-31,-11,57
-30,-12,55
-29,-11,56
-32,-9,55
-34,-9,57
-31,-12,56
-30,-12,58
-31,-11,55
-32,-9,56
-31,-10,56
-31,-11,55
-30,-11,56
-31,-10,56
-31,-11,56
-30,-12,53
-31,-10,56
-31,-9,55
-31,-10,55
-29,-11,55
-30,-12,54
-32,-9,56
-31,-10,54
-29,-11,55
-29,-13,50
-29,-10,56
-33,-10,50
-32,-10,56
-31,-11,55
-29,-13,51
-30,-8,55
-33,-9,52
-30,-12,53
-31,-12,55
-30,-12,52
-29,-9,55
-31,-9,54
-31,-10,53
-30,-11,56
-32,-11,54
-31,-11,55
-30,-11,55
-30,-11,54
-32,-9,55
-32,-10,53
-31,-11,56
-32,-12,53
-30,-11,55
-31,-10,54
-33,-9,55
-31,-10,54
-31,-11,57
-31,-12,55
-30,-10,56
-30,-11,54
-31,-11,53
-32,-9,55
-33,-8,57
-28,-14,52
-32,-11,57
-33,-12,49
-33,-7,58
-35,-10,52
-31,-9,63
-32,-12,54
-28,-11,60
-32,-7,56
-32,-11,52
-31,-11,54
-31,-11,55
-30,-10,55
-32,-11,55
-32,-11,56
-30,-12,52
-32,-9,57
-32,-10,51
-31,-9,57
-32,-11,53
-31,-12,52
-33,-10,54
-32,-11,50
-31,-9,54
-30,-11,50
-31,-9,55
-32,-10,56
-29,-11,56
-30,-10,52
-30,-9,54
-30,-9,52
-31,-9,53
-29,-12,55
-29,-11,57
-31,-11,57
-30,-11,54
-28,-11,52
-32,-8,59
-30,-10,54
-28,-11,58
-31,-12,57
-27,-14,53
-31,-11,53
-34,-10,54
-33,-9,56
-29,-13,53
-28,-12,58
-31,-10,54
-34,-9,58
-29,-12,54
-29,-10,61
-29,-13,53
-29,-10,59
-33,-11,56
-27,-14,54
-31,-13,54
-28,-13,50
-33,-8,55
-34,-12,50
-30,-12,60
-31,-12,56
-29,-13,53
-33,-9,58
-33,-11,54
-29,-10,59
-32,-9,58
-29,-10,61
-30,-11,60
-30,-13,55
-28,-9,60
-34,-9,58
-29,-10,61
-32,-9,63
-27,-12,62
-28,-10,57
-30,-11,55
-30,-10,58
-31,-13,52
-27,-12,57
-30,-11,55
-30,-11,55
-32,-10,56
-30,-12,52
-31,-10,59
-31,-11,55
-30,-11,59
-31,-12,57
-29,-11,55
-30,-10,55
-30,-10,56
-30,-11,53
-28,-11,55
-28,-11,54
-28,-11,53
-31,-10,53
-31,-12,54
-28,-13,54
-27,-13,52
-28,-10,56
-30,-12,51
-29,-12,55
-31,-11,57
-29,-13,52
-29,-12,55
-30,-11,54
-30,-11,53
-29,-12,56
-29,-14,55
-27,-13,55
-28,-10,56
-30,-11,52
-31,-10,57
-30,-13,54
-28,-14,57
-27,-14,55
-29,-10,57
-32,-11,55
-30,-13,56
-29,-13,57
-29,-13,56
-29,-12,56
-31,-12,56
-29,-11,57
-28,-12,52
-30,-8,59
-32,-9,57
-27,-14,53
-28,-12,56
-29,-11,55
-30,-11,52
-32,-10,58
-30,-11,57
-27,-13,54
-29,-10,58
-32,-10,55
-31,-10,56
-29,-11,58
-29,-11,56
-30,-11,57
-31,-11,56
-30,-11,56
-28,-12,56
-30,-11,55
-32,-9,56
-31,-11,55
-30,-11,57
-29,-12,53
-30,-10,57
-31,-10,55
-29,-12,55
-30,-11,57
-31,-11,55
-31,-10,55
-33,-10,57
-31,-12,53
-31,-10,58
-32,-11,54
-31,-11,58
-29,-13,55
-31,-10,60
-31,-12,53
-31,-9,61
-30,-12,54
-29,-10,59
-31,-12,53
-30,-8,58
-31,-10,53
-29,-12,56
-30,-12,54
-30,-10,54
-31,-9,54
-32,-9,57
-30,-12,54
-29,-11,59
-32,-10,55
-31,-10,57
-31,-11,55
-30,-11,56
-31,-10,57
-32,-10,58
-32,-11,54
-31,-12,52
-31,-10,52
-31,-10,54
-31,-10,57
-29,-12,53
-30,-11,54
-31,-10,56
-29,-11,52
-33,-9,58
-30,-11,56
-28,-11,57
-31,-11,56
-32,-10,58
-31,-11,53
-32,-10,56
-30,-11,51
-32,-9,55
-32,-11,54
-30,-11,57
-30,-11,53
-31,-9,55
-32,-10,52
-32,-9,59
-28,-15,50
-31,-11,58
-32,-11,53
-31,-10,55
-34,-9,58
-27,-15,49
-31,-10,54
-33,-10,52
-33,-8,59
-31,-13,50
-29,-10,61
-31,-11,51
-31,-7,59
-33,-10,52
-31,-9,60
-31,-11,56
-30,-13,49
-33,-8,58
-33,-12,51
-29,-11,54
-30,-11,56
-33,-9,58
-32,-10,53
-30,-9,60
-31,-10,55
-30,-11,56
-32,-10,56
-30,-11,55
-31,-12,55
-28,-12,52
-30,-10,54
-34,-9,54
-32,-10,56
-27,-14,54
-30,-10,61
-32,-12,46
-33,-6,59
-36,-9,50
-30,-9,59
-28,-15,54
-29,-12,50
-32,-10,49
-35,-9,54
-35,-11,53
-29,-15,53
-28,-13,55
-32,-9,55
-32,-9,54
-33,-11,58
-29,-13,57
-28,-10,56
-31,-9,57
-28,-11,53
-28,-9,58
-29,-10,56
-29,-10,56
-28,-11,55
-29,-10,54
-30,-10,53
-30,-9,55
-30,-11,55
-28,-12,54
-29,-11,56
-31,-10,54
-30,-9,55
-31,-10,58
-27,-12,52
-28,-10,56
-30,-9,54
-31,-10,54
-29,-11,56
-29,-11,58
-28,-12,52
-30,-10,55
-30,-10,54
-30,-10,56
-29,-12,56
-30,-11,57
-29,-11,55
-29,-10,57
-30,-11,53
-29,-12,57
-30,-13,52
-30,-12,56
-33,-10,57
-29,-12,52
-27,-11,56
-30,-10,55
-33,-10,55
-28,-13,52
-26,-10,60
-30,-12,50
-31,-8,59
-30,-11,54
-29,-10,62
-26,-16,51
-28,-8,62
-29,-10,54
-32,-8,59
-32,-12,54
-28,-11,61
-32,-11,54
-31,-8,61
-32,-9,54
-30,-7,63
-31,-11,55
-30,-12,58
-30,-12,53
-34,-8,60
-33,-12,49
-30,-9,59
-30,-10,53
-30,-8,59
-31,-12,53
-29,-12,56
-29,-13,50
-30,-11,55
-35,-11,53
-28,-15,48
-31,-10,56
-33,-12,52
-28,-12,50
-30,-10,57
-33,-11,54
-28,-15,51
-32,-13,50
-32,-13,51
-31,-8,60
-33,-12,52
-32,-11,63
-30,-16,52
-30,-10,59
-34,-12,53
-32,-10,56
-33,-12,53
-33,-12,60
-33,-13,56
-32,-13,58
-34,-10,58
-31,-12,55
-34,-9,59
-34,-12,56
-31,-13,59
-32,-14,58
-33,-12,56
-32,-12,55
-35,-9,58
-34,-11,56
-32,-13,61
-31,-15,57
-32,-11,57
-33,-11,54
-33,-11,55
-33,-12,56
-32,-12,56
-31,-13,55
-32,-13,54
-33,-11,57
-32,-12,55
-32,-12,55
-32,-12,55
-32,-11,56
-32,-12,55
-32,-12,55
-32,-11,54
-31,-11,54
-31,-11,55
-32,-11,54
-32,-12,52
-32,-11,53
-33,-11,52
-32,-11,51
-34,-10,55
-35,-11,55
-31,-12,50
-31,-11,53
-35,-9,54
-34,-9,57
-30,-12,55
-31,-8,59
-31,-10,54
-31,-7,55
-32,-9,52
-32,-9,55
-32,-10,54
-32,-11,54
-31,-10,56
-31,-9,52
-33,-10,48
-34,-8,55
-35,-10,54
-31,-11,58
-28,-13,51
-31,-10,54
-34,-8,51
-34,-6,55
-32,-12,52
-32,-10,58
-30,-13,51
-36,-7,58
-34,-9,55
-31,-8,57
-31,-11,56
-32,-11,57
-33,-12,53
-33,-10,55
-36,-8,56
-35,-11,52
-33,-9,59
-34,-9,55
-32,-9,58
-33,-10,56
-33,-11,53
-33,-10,55
-34,-10,54
-36,-10,54
-32,-12,55
-33,-12,52
-34,-11,53
-36,-10,52
-34,-11,50
-34,-11,50
-35,-10,51
-35,-10,51
-37,-9,54
-38,-11,56
-34,-12,57
-34,-10,53
-35,-8,58
-38,-7,54
-37,-9,54
-33,-12,56
-34,-12,54
-34,-10,51
-36,-7,52
-39,-8,52
-37,-9,54
-33,-12,54
-32,-13,50
-37,-9,53
-39,-9,50
-37,-7,57
-35,-12,52
-33,-10,58
-36,-9,53
-37,-9,55
-36,-10,54
-35,-10,54
-36,-11,53
-37,-10,54
-38,-10,54
-36,-11,52
-36,-10,53
-37,-10,53
-37,-10,51
-38,-9,54
-36,-12,51
-36,-11,55
-38,-11,52
-37,-10,53
-39,-8,54
-37,-10,53
-36,-11,52
-35,-10,54
-36,-8,52
-37,-9,52
-35,-10,56
-34,-12,52
-40,-9,55
-35,-9,55
-35,-9,55
-37,-12,50
-35,-9,59
-37,-11,50
-38,-8,50
-37,-9,55
-37,-12,48
-33,-11,55
-37,-12,52
-36,-11,50
-37,-8,57
-37,-12,49
-33,-10,57
-36,-10,54
-37,-8,57
-36,-10,52
-36,-10,57
-34,-11,51
-37,-10,52
-38,-10,50
-37,-9,54
-36,-12,49
-38,-9,57
-34,-12,50
-38,-9,57
-37,-11,51
-35,-11,54
-38,-10,54
-38,-12,53
-36,-12,55
-40,-11,56
-36,-12,50
-35,-8,57
-39,-8,52
-35,-8,57
-36,-8,57
-33,-11,54
-35,-8,54
-36,-9,52
-36,-9,53
-36,-10,53
-34,-12,51
-33,-11,49
-39,-8,51
-38,-12,47
-39,-9,55
-36,-11,47
-33,-9,54
-37,-9,50
-35,-9,54
-35,-5,50
-32,-6,56
-32,-10,43
-35,-9,50
-32,-11,52
-34,-12,53
-31,-15,45
-35,-5,58
-35,-9,48
-36,-10,56
-36,-14,52
-33,-10,53
-36,-9,52
-38,-10,49
-37,-9,50
-37,-11,51
-35,-10,52
-35,-10,52
-36,-11,51
-38,-10,52
-36,-9,51
-34,-10,51
-37,-11,55
-36,-12,51
-34,-10,53
-36,-11,49
-38,-9,54
-37,-11,51
-34,-11,55
-36,-10,52
-37,-9,53
-37,-10,53
-38,-10,56
-34,-13,54
-35,-11,56
-37,-11,52
-36,-10,54
-36,-9,55
-35,-10,53
-35,-10,56
-37,-10,54
-35,-10,55
-36,-11,55
-36,-11,53
-36,-10,55
-35,-11,53
-35,-11,56
-36,-11,53
-33,-11,53
-36,-10,53
-37,-10,52
-36,-9,55
-35,-11,53
-33,-11,55
-35,-10,54
-35,-10,52
-35,-9,55
-35,-10,52
-36,-10,56
-33,-12,48
-36,-7,56
-37,-11,48
-34,-9,54
-36,-11,52
-34,-10,55
-34,-11,51
-34,-8,56
-38,-9,54
-33,-11,55
-33,-12,54
-33,-11,54
-38,-9,53
-37,-9,53
-34,-10,55
-34,-11,53
-32,-10,57
-36,-8,55
-33,-10,55
-34,-9,55
-34,-10,51
-33,-9,55
-35,-10,53
-33,-10,55
-30,-12,50
-34,-10,50
-34,-11,50
-37,-9,51
-36,-11,52
-34,-11,55
-33,-12,55
-30,-9,56
-33,-8,57
-36,-8,53
-35,-9,56
-33,-12,54
-32,-12,56
-34,-12,52
-33,-9,55
-35,-9,53
-33,-10,53
-34,-11,54
-35,-11,54
-32,-11,55
-35,-10,55
-34,-11,54
-33,-10,54
-33,-12,49
-33,-9,54
-38,-9,50
-35,-13,53
-34,-13,52
-34,-11,54
-33,-11,51
-37,-7,54
-37,-8,55
-35,-11,54
-33,-13,54
-33,-11,56
-36,-9,53
-35,-9,54
-34,-10,55
-34,-11,55
-33,-11,54
-34,-10,55
-35,-10,53
-34,-10,53
-35,-10,54
-35,-10,55
-33,-12,52
-33,-10,57
-34,-11,51
-35,-9,56
-35,-11,53
-33,-11,55
-36,-10,55
-34,-11,54
-35,-9,56
-35,-10,53
-34,-9,55
-35,-10,55
-34,-10,53
-35,-10,56
-34,-11,53
-34,-10,52
-35,-10,54
-35,-10,52
-35,-11,53
-35,-11,53
-35,-11,53
-35,-11,51
-37,-10,55
-35,-11,51
-37,-10,55
-35,-10,52
-36,-9,55
-36,-11,51
-37,-9,54
-35,-11,51
-36,-9,54
-37,-10,52
-35,-9,55
-35,-10,52
-37,-10,53
-35,-12,51
-36,-12,51
-37,-11,53
-36,-9,54
-38,-10,54
-37,-11,51
-37,-10,53
-37,-10,52
-37,-10,52
-36,-11,51
-38,-10,52
-38,-11,50
-39,-10,53
-37,-11,49
-35,-10,52
-39,-10,50
-36,-10,51
-37,-10,53
-37,-10,52
-36,-11,51
-37,-10,52
-37,-10,49
-38,-9,53
-38,-11,52
-37,-11,53
-35,-12,52
-37,-10,52
-38,-9,52
-37,-10,52
-37,-11,52
-38,-11,51
-38,-11,51
-38,-10,50
-38,-10,51
-37,-10,54
-38,-10,53
-38,-11,54
-37,-11,51
-38,-10,55
-37,-11,52
-38,-11,54
-38,-11,53
-38,-10,53
-37,-10,54
-38,-9,54
-37,-11,52
-37,-9,55
-38,-10,53
-36,-11,51
-36,-10,51
-38,-9,51
-39,-9,55
-37,-11,54
-37,-10,55
-36,-11,53
-36,-9,53
-36,-10,52
-41,-9,56
-38,-12,52
-35,-12,55
-37,-12,50
-38,-10,51
-39,-8,53
-39,-9,52
-38,-12,49
-37,-10,52
-38,-11,49
-37,-9,52
-39,-10,52
-35,-11,50
-37,-9,54
-38,-11,51
-37,-10,54
-36,-11,48
-36,-10,53
-37,-11,48
-37,-9,52
-37,-8,51
-38,-9,53
-35,-12,50
-36,-11,52
-37,-11,50
-36,-10,51
-37,-9,51
-37,-10,51
-38,-9,55
-37,-10,54
-38,-11,53
-38,-9,52
-37,-9,51
-38,-8,51
-38,-9,51
-38,-9,54
-37,-12,50
-36,-11,49
-39,-9,48
-37,-10,47
-37,-8,48
-38,-10,49
-37,-10,51
-38,-10,52
-36,-11,49
-35,-9,52
-36,-10,48
-38,-8,50
-36,-11,50
-35,-10,51
-36,-10,50
-37,-9,51
-38,-8,51
-38,-9,51
-35,-9,51
-38,-8,53
-35,-10,47
-37,-10,51
-36,-10,47
-37,-8,52
-36,-9,51
-36,-9,54
-35,-10,51
-35,-10,53
-37,-9,52
-37,-10,52
-36,-10,53
-37,-8,54
-36,-9,54
-37,-9,53
-36,-10,51
-37,-8,53
-36,-10,51
-36,-10,49
-38,-9,53
-38,-10,51
-37,-10,54
-36,-11,49
-38,-7,56
-37,-9,53
-36,-9,55
-35,-10,53
-37,-9,55
-35,-10,52
-37,-8,53
-36,-10,51
-35,-7,55
-36,-8,53
-34,-8,56
-35,-7,54
-34,-8,55
-35,-7,53
-35,-8,52
-31,-8,49
-34,-7,54
-37,-9,49
-33,-11,52
-33,-9,49
-37,-9,54
-34,-11,47
-37,-7,58
-37,-8,55
-39,-8,60
-34,-13,55
-33,-7,58
-36,-6,56
-39,-5,55
-36,-10,54
-34,-11,55
-33,-11,54
-38,-11,50
-36,-10,52
-36,-8,53
-34,-9,48
-37,-6,54
-36,-9,52
-32,-9,52
-35,-7,53
-36,-7,51
-36,-7,54
-33,-10,51
-33,-8,54
-36,-8,53
-35,-8,53
-35,-8,54
-35,-7,55
-35,-8,54
-35,-8,54
-34,-8,54
-35,-7,53
-36,-8,53
-35,-8,54
-36,-8,54
-35,-9,54
-34,-9,53
-34,-7,53
-37,-6,53
-35,-8,51
-36,-7,54
-35,-8,51
-37,-6,52
-36,-7,52
-36,-6,54
-34,-7,56
-35,-8,55
-32,-10,51
-33,-6,55
-35,-7,49
-36,-8,54
-37,-8,54
-35,-8,53
-34,-7,56
-35,-7,51
-34,-7,53
-36,-8,54
-34,-8,54
-35,-9,54
-35,-8,52
-37,-7,54
-35,-8,51
-36,-7,53
-36,-9,52
-36,-7,57
-35,-9,51
-34,-7,55
-35,-8,52
-35,-7,52
-36,-7,56
-36,-7,55
-35,-7,57
-34,-8,53
-35,-7,54
-35,-8,54
-35,-8,53
-35,-8,55
-35,-8,54
-34,-8,54
-36,-7,53
-35,-8,53
-36,-8,54
-33,-9,53
-34,-8,54
-35,-7,55
-32,-8,52
-33,-7,55
-33,-8,54
-31,-8,53
-33,-7,55
-34,-7,55
-33,-8,54
-33,-8,56
-33,-8,54
-34,-7,56
-34,-6,57
-35,-7,54
-35,-7,59
-32,-8,53
-32,-7,56
-33,-7,52
-33,-6,55
-33,-7,53
-32,-7,55
-32,-9,54
-33,-6,56
-31,-7,53
-32,-6,55
-32,-7,55
-31,-8,56
-31,-8,56
-31,-8,55
-31,-8,53
-36,-5,58
-27,-10,47
-31,-3,67
-30,-11,48
-29,-6,62
-34,-9,54
-31,-6,58
-34,-9,51
-31,-6,57
-32,-8,53
-29,-7,56
-33,-8,54
-33,-6,57
-30,-8,54
-30,-7,57
-34,-6,57
-31,-5,60
-33,-5,56
-29,-10,48
-31,-6,54
-31,-9,53
-29,-9,51
-30,-7,55
-31,-8,50
-31,-7,58
-31,-9,54
-29,-8,56
-31,-7,56
-32,-8,55
-32,-7,56
-31,-8,57
-29,-8,54
-31,-6,57
-31,-7,54
-32,-5,59
-31,-9,55
-28,-10,57
-29,-7,56
-31,-6,54
-31,-7,54
-33,-7,56
-31,-10,54
-30,-8,56
-32,-7,55
-32,-7,53
-33,-6,57
-32,-8,54
-32,-7,61
-25,-13,47
-30,-8,52
-32,-7,53
-33,-8,46
-31,-9,56
-31,-8,56
-29,-10,51
-33,-4,60
-31,-7,55
-29,-7,57
-28,-9,56
-30,-6,58
-30,-6,58
-32,-8,57
-31,-9,56
-31,-8,58
-31,-7,57
-28,-8,53
-30,-7,52
-32,-7,54
-31,-7,58
-31,-10,55
-29,-8,58
-30,-11,49
-30,-4,60
-31,-7,52
-30,-8,58
-33,-9,56
-30,-10,57
-28,-8,58
-30,-6,54
-31,-6,55
-32,-7,56
-31,-8,56
-32,-9,55
-30,-10,54
-31,-8,53
-31,-7,54
-31,-8,51
-34,-5,60
-28,-10,53
-30,-7,63
-31,-11,51
-29,-7,59
-29,-8,54
-30,-8,55
-32,-7,57
-31,-8,55
-31,-8,57
-32,-8,57
-31,-8,54
-31,-8,56
-31,-8,55
-31,-8,55
-31,-8,56
-33,-8,56
-31,-9,58
-31,-8,51
-33,-4,60
-32,-7,49
-33,-5,56
-32,-10,52
-31,-9,58
-31,-9,51
-32,-6,56
-32,-6,54
-31,-7,57
-31,-9,56
-30,-9,57
-32,-7,57
-32,-9,55
-28,-11,51
-32,-5,60
-33,-7,52
-31,-8,56
-32,-9,55
-29,-10,55
-31,-9,51
-33,-6,56
-32,-8,53
-32,-9,57
-32,-9,57
-33,-8,54
-31,-8,53
-32,-8,51
-31,-9,53
-32,-8,53
-30,-10,52
-31,-9,50
-33,-7,56
-33,-8,54
-31,-10,55
-32,-9,58
-31,-9,52
-32,-7,55
-33,-8,50
-32,-7,57
-31,-9,53
-31,-9,56
-31,-9,54
-33,-7,57
-32,-8,54
-32,-5,59
-31,-8,56
-30,-7,58
-32,-7,56
-31,-7,59
-30,-9,50
-32,-6,57
-32,-8,53
-32,-8,55
-31,-9,55
-30,-10,53
-31,-7,55
-33,-8,51
-34,-7,57
-32,-9,55
-31,-8,57
-31,-9,51
-32,-7,55
-35,-6,58
-30,-8,55
-33,-6,61
-29,-8,60
-32,-6,56
-33,-6,61
-32,-8,58
-28,-11,54
-30,-7,60
-31,-8,52
-33,-6,57
-31,-9,55
-28,-9,56
-34,-7,56
-33,-6,58
-34,-7,57
-31,-9,59
-31,-7,58
-30,-8,57
-32,-7,59
-32,-8,54
-34,-6,61
-29,-11,53
-31,-5,60
-35,-8,49
-33,-4,61
-34,-9,52
-29,-9,60
-32,-8,54
-33,-5,63
-32,-8,49
-31,-5,61
-32,-8,53
-32,-7,59
-30,-11,53
-31,-8,58
-32,-9,50
-32,-7,56
-32,-9,53
-29,-9,56
-32,-10,52
-31,-9,54
-30,-9,50
-31,-8,57
-33,-11,49
-30,-10,56
-31,-10,51
-31,-8,55
-31,-9,57
-33,-10,55
-30,-10,55
-32,-9,53
-33,-9,55
-31,-10,53
-31,-10,57
-31,-11,53
-31,-9,56
-32,-10,54
-32,-10,56
-32,-11,54
-31,-10,57
-32,-11,55
-32,-11,55
-32,-11,57
-32,-11,57
-32,-11,55
-33,-10,57
-32,-12,56
-34,-12,58
-29,-14,48
-32,-9,58
-34,-12,49
-34,-10,57
-33,-14,54
-29,-13,55
-31,-12,52
-33,-10,54
-33,-10,54
-30,-13,54
-30,-13,55
-31,-12,55
-32,-10,58
-31,-13,51
-29,-11,55
-31,-11,52
-31,-11,56
-31,-13,54
-28,-14,54
-29,-13,51
-32,-10,54
-32,-10,53
-31,-11,55
-29,-13,55
-27,-12,54
-29,-11,55
-32,-10,56
-29,-14,50
-27,-12,56
-27,-10,57
-30,-10,56
-31,-11,59
-29,-14,55
-31,-11,59
-28,-11,55
-31,-8,58
-29,-9,58
-31,-11,58
-27,-13,57
-31,-9,56
-29,-12,48
-32,-10,52
-29,-15,52
-31,-12,55
-29,-13,53
-32,-12,55
-30,-14,52
-29,-11,58
-32,-12,54
-30,-11,59
-29,-12,57
-31,-13,58
-28,-14,57
-29,-15,51
-30,-10,59
-31,-11,58
-29,-13,55
-28,-14,57
-29,-12,57
-32,-11,56
-30,-12,57
-31,-12,59
-28,-13,56
-30,-11,57
-30,-12,56
-30,-13,57
-29,-15,55
-30,-14,56
-31,-11,53
-31,-10,57
-32,-14,53
-28,-14,60
-29,-15,52
-29,-11,58
-32,-11,55
-30,-13,56
-28,-14,58
-29,-16,55
-26,-15,53
-30,-9,64
-30,-15,52
-27,-12,62
-30,-16,54
-30,-12,61
-29,-15,55
-29,-13,57
-30,-13,57
-30,-14,56
-29,-15,56
-30,-15,58
-29,-17,55
-30,-15,57
-31,-14,55
-29,-14,56
-30,-15,57
-29,-16,57
-29,-18,57
-28,-18,56
-28,-16,54
-30,-14,55
-31,-14,56
-29,-16,57
-27,-18,56
-28,-17,52
-29,-15,54
-31,-14,55
-29,-16,53
-28,-17,59
-27,-20,51
-28,-15,57
-29,-16,52
-31,-13,57
-32,-16,56
-24,-21,51
-29,-18,54
-27,-18,49
-29,-13,60
-32,-18,52
-27,-18,59
-30,-18,56
-27,-18,49
-29,-14,55
-31,-16,53
-31,-15,56
-28,-20,56
-28,-19,57
-27,-17,53
-30,-15,53
-30,-16,52
-28,-16,59
-28,-19,52
-28,-18,57
-31,-17,55
-29,-18,53
-29,-17,55
-29,-16,54
-31,-15,56
-29,-17,55
-29,-17,57
-30,-17,56
-30,-17,56
-29,-17,55
-29,-16,56
-29,-17,54
-27,-17,54
-30,-16,56
-30,-19,51
-30,-15,58
-31,-17,54
-28,-16,57
-30,-15,58
-28,-16,58
-29,-15,57
-30,-17,52
-29,-16,56
-31,-16,55
-30,-16,58
-28,-16,54
-29,-16,57
-29,-17,53
-29,-14,58
-30,-17,53
-29,-16,60
-27,-20,48
-30,-15,56
-29,-19,46
-29,-15,62
-29,-21,47
-27,-15,59
-32,-16,54
-30,-17,56
-27,-21,49
-29,-14,59
-30,-16,52
-31,-14,58
-30,-16,56
-28,-12,58
-30,-13,53
-32,-11,57
-30,-12,52
-28,-11,54
-30,-9,54
-31,-9,55
-30,-11,56
-30,-12,56
-29,-12,56
-30,-12,54
-31,-10,54
-32,-10,54
-31,-11,55
-29,-12,55
-30,-11,56
-31,-11,55
-29,-11,55
-31,-10,57
-32,-9,58
-31,-10,58
-29,-12,58
-29,-11,57
-30,-10,56
-30,-9,55
-30,-10,54
-30,-10,58
-31,-12,57
-27,-14,55
-29,-10,59
-30,-11,54
-31,-9,57
-32,-10,56
-29,-11,57
-28,-12,57
-30,-12,57
-30,-11,56
-29,-10,53
-30,-8,57
-31,-11,55
-29,-12,58
-29,-13,55
-28,-12,56
-31,-10,55
-31,-10,55
-30,-10,56
-30,-11,57
-30,-11,60
-29,-11,57
-28,-10,58
-29,-9,56
-29,-8,57
-28,-9,56
-27,-9,57
-28,-10,56
-28,-10,58
-29,-9,58
-28,-11,54
-30,-8,57
-31,-6,58
-27,-10,55
-26,-7,58
-29,-7,60
-29,-9,54
-29,-8,59
-30,-9,56
-29,-7,57
-30,-7,59
-28,-9,55
-28,-7,61
-30,-8,54
-29,-6,59
-29,-8,55
-30,-6,59
-29,-8,56
-27,-8,57
-27,-9,54
-31,-5,61
-30,-7,55
-29,-6,58
-29,-7,58
-29,-6,58
-29,-6,60
-29,-7,56
-30,-4,65
-29,-8,51
-31,-3,65
-30,-8,53
-30,-8,57
-31,-7,58
-32,-6,59
-28,-6,61
-30,-6,59
-26,-5,60
-29,-4,57
-29,-4,57
-29,-5,60
-30,-8,58
-27,-9,57
-29,-8,56
-28,-7,54
-32,-3,61
-30,-5,58
-27,-6,60
-26,-8,58
-27,-6,58
-29,-7,55
-29,-6,55
-32,-4,57
-30,-9,53
-30,-6,61
-26,-11,52
-26,-6,56
-29,-6,51
-29,-4,52
-29,-5,49
-28,-7,53
-29,-7,53
-27,-11,56
-29,-10,53
-31,-6,59
-29,-8,51
-32,-4,59
-29,-8,53
-26,-7,61
-32,-5,58
-28,-4,65
-31,-7,55
-27,-8,57
-26,-8,54
-32,-6,54
-31,-8,55
-27,-8,51
-31,-5,57
-32,-1,69
-27,-13,49
-20,-8,60
-32,-5,56
-35,-8,47
-40,-1,65
-30,-19,45
-33,-13,59
-31,-10,60
-29,-9,63
-20,-15,44
-26,-6,53
-39,2,58
-40,4,57
-22,-15,40
-32,-10,54
-23,-12,53
-28,-4,70
-34,-12,54
-23,-9,59
-32,-8,52
-23,-12,61
-24,-24,34
-24,-4,67
-30,-4,64
-27,-5,51
-25,-8,47
-25,-6,56
-27,-5,50
-26,-2,46
-33,-2,46
-31,-5,43
-28,-5,49
-24,-7,49
-25,-10,39
-27,-5,47
-32,-9,44
-32,-10,46
-29,-13,49
-29,-14,49
-32,-10,59
-33,-13,54
-33,-12,58
-33,-10,59
-32,-10,55
-29,-7,56
-28,-9,51
-27,-5,55
-29,-4,54
-22,-8,48
-24,-7,51
-25,-7,52
-25,-10,47
-24,-8,52
-26,-8,55
-27,-10,56
-26,-12,60
-21,-17,56
-25,-10,64
-24,-13,56
-27,-9,58
-30,-6,60
-32,-8,59
-33,-12,61
-29,-15,68
-28,-12,58
-26,-9,60
-32,-6,57
-30,-8,50
-34,-5,59
-33,-10,56
-28,-12,58
-28,-13,58
-28,-12,55
-28,-11,51
-32,-6,58
-32,-11,50
-29,-11,58
-32,-11,59
-31,-12,59
-33,-11,57
-30,-13,54
-34,-8,60
-33,-11,53
-31,-10,59
-31,-12,57
-30,-11,60
-30,-13,55
-28,-11,58
-34,-11,54
-33,-11,57
-28,-13,61
-29,-16,55
-25,-13,59
-28,-12,54
-26,-8,56
-29,-9,51
-29,-8,53
-29,-9,52
-31,-9,58
-30,-14,55
-25,-16,59
-28,-12,58
-29,-11,58
-29,-12,57
-34,-15,52
-28,-15,58
-32,-11,64
-31,-14,54
-29,-12,61
-31,-12,51
-30,-10,49
-40,-5,53
-39,-6,53
-38,-13,55
-32,-17,57
-29,-18,47
-40,-6,55
-39,-10,46
-40,-5,47
-40,-5,50
-40,-7,60
-33,-12,58
-36,-22,47
-37,-16,56
-33,-10,52
-32,-9,50
-33,-9,52
-33,-9,57
-32,-9,60
-27,-15,58
-29,-14,64
-28,-18,57
-26,-17,54
-29,-10,58
-31,-7,60
-34,-7,54
-36,-10,52
-31,-15,57
-32,-16,57
-32,-13,53
-35,-9,56
-36,-9,53
-35,-8,57
-32,-12,53
-32,-14,53
-31,-15,53
-32,-10,58
-33,-11,55
-31,-10,57
-30,-12,57
-27,-13,54
-28,-10,57
-31,-9,58
-30,-12,55
-32,-10,59
-29,-13,55
-27,-13,55
-28,-11,55
-29,-10,54
-33,-9,56
-31,-10,58
-27,-15,60
-27,-16,60
-41,-14,58
-39,-13,53
-38,-10,52
-37,-5,53
-38,-1,55
-37,-4,49
-46,-6,45
-42,-16,39
-47,-15,36
-50,-4,41
-51,-8,39
-46,-8,42
-43,-10,45
-44,-16,45
-46,-15,36
-45,-12,39
-46,-5,42
-51,-4,42
-51,-12,47
-50,-15,45
-51,-14,46
-51,-13,45
-47,-10,37
-49,-6,39
-49,-6,43
-51,-4,45
-47,-8,46
-42,-15,47
-43,-12,48
-42,-10,45
-41,-9,45
-49,0,46
-43,-5,43
-47,-7,42
-44,-8,44
-44,-13,45
-44,-13,44
-41,-7,43
-57,-1,51
-49,-5,48
-52,-11,43
-57,-7,55
-33,-13,41
-40,-11,40
-46,-1,58
-35,-7,51
-59,-1,57
-51,-1,61
-42,-13,45
-59,-4,53
-34,-8,49
-40,-9,42
-44,-2,45
-46,-4,49
-42,-6,46
-46,-6,48
-49,-4,55
-43,-12,51
-43,-12,45
-42,-5,49
-43,-5,44
-37,-4,43
-37,-4,42
-44,0,49
-35,-8,47
-33,-14,41
-46,-3,56
-38,-6,48
-30,-7,32
-40,-3,35
-41,-3,47
-47,-3,55
-23,-13,48
-23,-16,41
-48,-5,51
-32,-8,46
-42,-6,43
-40,-6,44
-46,-6,46
-40,-11,47
-37,-12,45
-48,-6,51
-45,-7,53
-39,-10,43
-48,-10,45
-45,-6,50
-44,-9,43
-43,-9,51
-47,-10,46
-51,-8,55
-45,-9,44
-47,-8,42
-57,-2,55
-36,-11,46
-53,-6,43
-45,-9,47
-50,-1,45
-52,0,46
-50,-6,48
-43,-15,39
-42,-12,42
-41,-6,45
-38,-4,43
-44,-1,45
-42,-4,46
-45,-6,48
-43,-8,49
-39,-12,46
-44,-8,47
-44,-5,52
-40,-9,46
-43,-8,48
-47,-5,51
-43,-8,48
-44,-10,47
-44,-9,47
-47,-6,47
-45,-6,45
-45,-7,44
-45,-7,44
-44,-8,47
-44,-8,46
-43,-8,46
-46,-7,46
-46,-6,47
-43,-8,46
-42,-8,47
-45,-6,49
-42,-6,47
-45,-6,49
-44,-8,48
-44,-9,48
-46,-7,50
-43,-7,47
-43,-8,47
-45,-6,47
-42,-6,46
-45,-5,47
-46,-7,48
-42,-9,48
-43,-8,46
-45,-6,47
-44,-6,45
-44,-6,46
-45,-7,47
-45,-7,50
-43,-9,46
-44,-7,47
-45,-5,48
-44,-7,45
-45,-8,47
-44,-8,48
-45,-6,49
-47,-6,46
-42,-8,46
-44,-8,46
-44,-7,48
-42,-8,46
-43,-8,45
-43,-7,47
-46,-6,46
-44,-6,45
-43,-8,46
-43,-8,48
-44,-7,45
-44,-8,44
-44,-7,49
-44,-8,45
-43,-8,46
-44,-8,45
-43,-6,49
-41,-9,43
-47,-5,51
-42,-8,46
-45,-6,50
-44,-9,47
-37,-11,42
-48,-2,54
-36,-7,43
-48,-4,51
-43,-7,50
-41,-11,47
-44,-9,51
-41,-9,46
-45,-8,44
-43,-6,44
-43,-8,41
-45,-6,51
-41,-11,46
-44,-8,48
-45,-5,47
-44,-4,46
-44,-5,45
-44,-7,46
-50,-5,52
-41,-10,49
-40,-12,45
-43,-8,47
-42,-3,49
-42,-6,43
-42,-6,48
-46,-6,48
-43,-6,49
-44,-9,45
-43,-8,48
-44,-7,49
-38,-8,46
-41,-8,47
-45,-3,51
-45,-5,45
-39,-10,49
-43,-12,46
-37,-11,52
-42,-10,46
-39,-5,50
-48,-3,46
-40,-7,46
-50,-6,48
-39,-11,48
-42,-10,47
-44,-5,47
-49,-1,51
-43,-8,42
-41,-8,48
-43,-8,46
-42,-6,46
-42,-7,44
-43,-7,47
-45,-6,48
-41,-7,41
-43,-5,41
-47,-3,42
-48,-4,44
-43,-10,44
-40,-12,44
-46,-9,49
-45,-5,41
-45,-6,37
-52,-3,45
-50,-5,49
-42,-13,51
-40,-17,50
-40,-11,49
-47,-6,47
-45,-1,46
-45,-2,42
-45,-6,49
-44,-9,49
-43,-10,48
-40,-8,46
-43,-8,42
-46,-5,45
-43,-6,42
-45,-7,43
-45,-8,45
-41,-11,44
-45,-9,46
-42,-9,45
-45,-9,41
-47,-7,50
-41,-11,43
-44,-8,48
-40,-9,46
-43,-9,44
-43,-6,50
-43,-11,42
-45,-8,48
-41,-11,44
-48,-6,49
-43,-9,43
-41,-11,45
-49,-8,48
-37,-13,41
-50,-7,51
-42,-10,47
-46,-10,45
-46,-10,48
-38,-12,44
-44,-9,45
-42,-7,47
-44,-9,42
-45,-9,50
-42,-12,46
-45,-11,48
-44,-10,47
-43,-10,45
-43,-9,44
-43,-10,42
-42,-10,49
-43,-12,43
-44,-10,47
-43,-10,44
-47,-7,46
-45,-10,44
-42,-12,46
-46,-10,49
-40,-11,44
-44,-11,43
-42,-8,47
-46,-7,49
-43,-10,46
-40,-12,47
-42,-10,46
-40,-8,45
-42,-8,42
-45,-7,46
-41,-10,45
-41,-11,47
-42,-12,46
-47,-10,48
-40,-12,44
-40,-14,39
-42,-10,47
-47,-10,46
-49,-13,48
-47,-12,49
-59,-8,50
-57,-7,55
-45,-20,44
-40,-15,48
-43,-10,42
-65,6,61
-39,-11,35
-44,-8,54
-47,-8,55
-49,-7,46
-53,-3,52
-26,-17,36
-47,-7,43
-32,-3,54
-46,-6,41
-39,-10,48
-47,-12,47
-44,-8,48
-48,-7,45
-46,-8,41
-42,-8,48
-41,-9,43
-35,-9,43
-41,-6,42
-40,-3,43
-43,-2,41
-39,-6,40
-41,-6,43
-36,-9,45
-42,-7,49
-36,-9,47
-36,-10,50
-40,-6,51
-40,-9,46
-41,-8,50
-40,-9,49
-44,-8,51
-39,-10,50
-39,-11,47
-45,-4,51
-42,-4,48
-49,-4,44
-45,-7,45
-46,-10,42
-44,-8,47
-42,-10,45
-46,-6,42
-46,-4,49
-46,-8,45
-44,-9,45
-47,-11,51
-40,-15,48
-49,-8,51
-48,-6,54
-45,-9,44
-48,-7,47
-48,-8,48
-44,-9,48
-48,-9,47
-50,-8,48
-49,-9,46
-46,-9,43
-47,-6,44
-43,-9,43
-45,-8,41
-43,-8,46
-47,-7,47
-44,-10,44
-43,-9,45
-41,-8,45
-43,-5,47
-41,-6,46
-40,-10,46
-42,-8,48
-40,-7,51
-41,-8,49
-42,-9,47
-42,-8,48
-42,-7,51
-42,-7,50
-43,-10,47
-40,-6,50
-41,-8,44
-43,-7,49
-46,-8,48
-47,-8,48
-43,-8,49
-43,-9,44
-46,-5,50
-42,-8,43
-45,-8,46
-38,-12,47
-41,-11,43
-42,-6,50
-40,-9,42
-45,-6,48
-42,-9,50
-38,-12,43
-46,-5,51
-40,-6,49
-44,-6,46
-42,-8,46
-40,-9,46
-43,-8,46
-44,-6,48
-46,-9,45
-43,-8,50
-43,-8,48
-41,-9,46
-43,-8,48
-40,-9,45
-45,-6,50
-44,-7,48
-42,-10,48
-42,-9,48
-44,-6,49
-42,-8,46
-42,-9,45
-45,-6,50
-40,-9,48
-43,-9,48
-45,-7,49
-42,-8,47
-45,-8,47
-41,-10,45
-45,-6,48
-42,-7,47
-45,-7,49
-41,-9,47
-42,-9,45
-43,-6,49
-40,-8,48
-40,-10,45
-42,-8,52
-41,-9,46
-45,-7,51
-40,-9,47
-43,-8,46
-47,-5,51
-41,-9,46
-45,-9,48
-46,-8,48
-42,-8,44
-45,-5,47
-42,-8,47
-43,-10,44
-44,-8,52
-41,-10,48
-44,-7,48
-43,-7,47
-44,-7,43
-46,-5,49
-39,-10,44
-43,-7,49
-41,-8,46
-42,-6,46
-43,-6,45
-40,-8,44
-43,-7,45
-42,-9,50
-40,-12,45
-38,-10,47
-43,-8,45
-40,-7,46
-46,-8,43
-41,-8,49
-42,-9,48
-45,-8,48
-42,-8,46
-39,-8,46
-41,-5,48
-41,-7,46
-45,-6,53
-37,-12,46
-43,-9,50
-44,-7,51
-39,-9,42
-42,-8,44
-42,-6,51
-35,-11,41
-44,-5,51
-46,-9,44
-44,-9,46
-43,-10,45
-42,-9,46
-44,-7,47
-46,-6,48
-47,-8,44
-44,-7,49
-50,-7,50
-42,-11,49
-40,-11,46
-44,-6,48
-45,-4,49
-42,-9,41
-48,-7,47
-41,-11,45
-49,-5,53
-46,-10,43
-45,-8,47
-46,-7,45
-45,-3,49
-48,-9,44
-46,-7,51
-43,-12,43
-42,-7,49
-42,-8,41
-47,-6,47
-45,-8,47
-39,-11,45
-44,-9,47
-43,-8,50
-38,-11,43
-47,-5,51
-47,-7,47
-43,-9,48
-43,-10,51
-39,-11,47
-44,-5,48
-44,-4,48
-41,-9,44
-43,-10,46
-48,-6,54
-39,-9,50
-44,-9,45
-42,-7,48
-43,-6,46
-43,-8,44
-44,-10,51
-37,-10,47
-40,-10,42
-40,-6,49
-42,-9,40
-44,-6,52
-43,-9,49
-42,-12,49
-46,-7,51
-41,-9,44
-40,-8,44
-45,-5,45
-45,-5,46
-44,-9,47
-38,-14,47
-47,-10,47
-41,-9,43
-45,-6,43
-44,-7,46
-44,-9,47
-44,-10,50
-38,-11,48
-42,-8,48
-44,-7,47
-44,-7,46
-42,-8,45
-43,-8,51
-42,-9,48
-45,-9,48
-42,-9,46
-43,-8,47
-43,-7,45
-44,-7,45
-40,-10,46
-41,-10,47
-39,-10,47
-42,-10,44
-44,-8,47
-43,-9,47
-42,-11,46
-41,-11,50
-41,-12,45
-46,-6,51
-41,-8,46
-43,-9,43
-45,-8,46
-42,-9,49
-40,-14,42
-46,-10,54
-39,-13,45
-45,-8,45
-39,-8,46
-38,-10,44
-41,-10,49
-44,-11,48
-42,-10,47
-46,-7,51
-39,-12,42
-43,-11,44
-44,-7,50
-41,-8,49
-40,-12,46
-44,-11,48
-46,-10,48
-47,-10,47
-43,-12,46
-47,-9,46
-41,-10,43
-51,-7,51
-42,-12,47
-50,-10,48
-48,-11,47
-51,-10,50
-43,-14,44
-44,-11,46
-47,-9,47
-44,-7,44
-45,-8,50
-43,-9,51
-40,-14,48
-51,-9,52
-40,-13,45
-47,-10,45
-45,-7,48
-46,-6,50
-39,-12,41
-40,-13,44
-37,-7,49
-52,-6,50
-43,-8,56
-42,-15,38
-44,-9,46
-49,-4,45
-49,-3,46
-42,-12,41
-43,-16,41
-38,-15,47
-39,-9,47
-33,-8,39
-39,-6,37
-45,-2,41
-44,-3,47
-39,-10,47
-29,-23,43
-35,-17,45
-41,-6,54
-40,-2,50
-40,-7,43
-43,-6,48
-46,-10,51
-38,-14,51
-40,-13,49
-41,-10,52
-45,-7,47
-48,-6,47
-41,-12,45
-43,-12,47
-42,-13,46
-42,-10,48
-43,-8,46
-50,-7,51
-45,-11,46
-51,-10,47
-45,-10,49
-44,-8,45
-42,-9,46
-42,-8,46
-45,-7,49
-42,-8,50
-46,-10,48
-43,-10,51
-49,-12,48
-48,-11,51
-44,-11,44
-48,-7,51
-41,-11,42
-44,-9,45
-41,-9,46
-45,-7,47
-44,-9,47
-51,-9,51
-46,-12,50
-48,-11,47
-44,-10,49
-42,-8,43
-46,-6,46
-42,-10,48
-39,-9,51
-43,-9,47
-41,-8,45
-49,-5,46
-43,-10,43
-46,-10,48
-41,-13,50
-47,-10,51
-45,-11,46
-47,-9,47
-48,-8,40
-43,-9,39
-47,-7,44
-44,-10,44
-40,-13,42
-45,-8,48
-46,-5,49
-46,-10,42
-47,-10,45
-43,-11,41
-45,-7,47
-40,-8,47
-44,-9,48
-42,-13,45
-41,-10,48
-48,-3,53
-43,-6,50
-53,-12,46
-43,-13,45
-42,-11,45
-43,-8,48
-42,-10,44
-46,-7,47
-44,-10,43
-58,-4,50
-45,-8,49
-51,-12,45
-47,-14,48
-44,-12,41
-53,-4,49
-36,-12,35
-44,-5,49
-39,-11,43
-46,-7,51
-38,-10,49
-43,-11,48
-44,-9,52
-41,-12,41
-45,-6,48
-39,-9,44
-42,-8,46
-41,-9,46
-44,-7,51
-42,-12,47
-43,-15,49
-47,-12,48
-40,-12,41
-50,-5,47
-38,-13,41
-49,-10,45
-40,-13,44
-46,-7,48
-37,-10,43
-38,-9,46
-44,-7,45
-38,-6,46
-44,-7,45
-42,-11,47
-46,-10,49
-43,-12,49
-45,-13,48
-42,-12,45
-45,-10,44
-45,-5,46
-42,-8,41
-49,-8,50
-44,-12,50
-46,-15,43
-47,-8,45
-46,-7,44
-43,-9,41
-46,-9,44
-38,-10,39
-46,-7,44
-42,-10,51
-44,-13,43
-49,-10,50
-49,-8,50
-48,-11,39
-52,-12,46
-41,-14,39
-40,-9,44
-35,-10,37
-55,-3,47
-54,-4,52
-41,-18,42
-44,-16,48
-41,-13,51
-47,-11,49
-44,-9,53
-45,-10,48
-37,-11,45
-42,-7,45
-50,-4,50
-43,-8,51
-36,-15,47
-41,-14,51
-45,-10,48
-49,-2,47
-47,-1,45
-36,-12,38
-43,-8,47
-41,-7,46
-43,-8,43
-47,-8,49
-46,-17,39
-57,-11,50
-38,-16,38
-47,-14,37
-29,-14,42
-29,-15,33
-46,2,53
-37,-6,44
-52,-8,47
-47,-10,54
-40,-20,44
-46,-9,52
-40,-13,44
-50,-3,50
-42,-5,48
-47,-7,43
-51,-2,54
-48,-14,40
-51,-9,48
-41,-16,40
-53,-9,49
-44,-11,40
-45,-13,35
-48,-7,53
-37,-11,36
-41,-7,47
-42,-6,50
-36,-11,40
-49,-4,49
-33,-10,45
-50,-8,48
-51,-7,55
-49,-14,52
-56,-15,46
-48,-16,46
-39,-12,48
-51,-5,44
-35,-9,40
-40,-9,33
-40,-5,46
-44,-6,45
-48,-11,45
-55,-11,51
-45,-14,49
-42,-13,43
-39,-10,46
-41,-8,45
-48,0,47
-42,-8,39
-44,-8,43
-47,-9,50
-44,-12,51
-44,-16,41
-44,-11,48
-45,-7,47
-43,-9,43
-44,-12,45
-45,-12,47
-49,-13,50
-44,-15,49
-43,-16,41
-53,-6,54
-42,-10,46
-33,-16,35
-49,-9,50
-35,-12,42
-40,-15,36
-42,-10,58
-34,-19,43
-53,-12,55
-47,-14,53
-41,-16,42
-48,-9,52
-37,-15,45
-40,-16,43
-49,-9,53
-39,-14,43
-41,-14,40
-43,-17,50
-44,-20,47
-43,-15,44
-45,-14,44
-45,-11,46
-43,-12,46
-41,-16,46
-39,-18,43
-45,-12,49
-43,-15,42
-42,-14,46
-41,-17,47
-44,-15,48
-43,-14,46
-41,-15,45
-43,-14,48
-43,-14,48
-44,-17,48
-43,-18,48
-42,-17,44
-46,-11,48
-43,-15,42
-45,-16,46
-43,-17,47
-43,-17,46
-43,-17,44
-43,-16,45
-42,-16,43
-46,-14,50
-40,-18,44
-47,-17,49
-45,-17,49
-40,-18,44
-46,-15,46
-48,-16,45
-44,-17,44
-41,-19,44
-41,-18,46
-47,-16,47
-38,-15,40
-34,-18,39
-46,-11,54
-39,-16,43
-48,-16,49
-44,-14,54
-45,-19,45
-41,-17,48
-39,-20,41
-41,-13,51
-43,-12,46
-45,-15,48
-47,-18,44
-50,-19,45
-53,-11,53
-37,-25,36
-42,-20,40
-45,-16,47
-50,-14,42
-46,-15,43
-45,-26,40
-50,-20,45
-46,-18,43
-44,-19,40
-40,-19,41
-44,-17,41
-44,-12,43
-48,-11,42
-46,-14,45
-41,-20,41
-44,-21,46
-49,-16,43
-51,-13,44
-48,-13,42
-48,-15,41
-47,-21,43
-49,-21,42
-47,-18,42
-45,-19,38
-49,-15,45
-45,-18,40
-47,-18,42
-45,-21,39
-50,-17,40
-45,-16,42
-44,-17,40
-44,-17,48
-42,-19,44
-44,-15,43
-43,-11,48
-41,-15,41
-41,-15,43
-45,-15,47
-47,-17,46
-49,-17,46
-48,-22,45
-50,-22,44
-50,-20,44
-51,-20,41
-48,-21,40
-51,-19,38
-47,-18,40
-49,-16,42
-47,-17,40
-46,-17,38
-48,-15,41
-43,-15,41
-40,-16,38
-41,-13,42
-42,-13,43
-41,-14,43
-40,-15,44
-43,-18,48
-44,-20,48
-49,-20,48
-50,-19,48
-50,-19,45
-50,-19,45
-53,-19,44
-54,-21,42
-55,-22,40
-53,-19,35
-52,-17,36
-51,-16,37
-50,-17,36
-43,-21,33
-48,-19,35
-45,-14,39
-44,-13,38
-46,-14,39
-45,-15,41
-45,-17,44
-45,-19,44
-46,-18,43
-47,-17,43
-48,-17,42
-48,-17,42
-48,-18,41
-50,-17,41
-51,-18,42
-52,-22,42
-48,-24,42
-47,-19,44
-47,-18,43
-46,-17,42
-47,-15,41
-47,-15,41
-46,-17,41
-47,-17,41
-47,-16,43
-48,-15,43
-48,-15,40
-50,-16,40
-51,-18,40
-51,-19,39
-50,-17,38
-50,-16,39
-48,-15,39
-47,-14,40
-47,-14,41
-47,-12,41
-46,-12,41
-48,-10,43
-47,-9,43
-48,-9,42
-47,-9,42
-53,-4,46
-49,-2,49
-45,-5,43
-46,-5,41
-46,-4,42
-48,-5,41
-48,-5,41
-49,-5,42
-50,-7,43
-48,-8,43
-46,-8,44
-48,-8,45
-48,-7,45
-47,-8,44
-47,-8,44
-46,-9,46
-47,-8,47
-45,-8,47
-44,-8,48
-44,-7,47
-44,-5,47
-45,-4,46
-45,-4,43
-45,-4,42
-45,-5,42
-46,-4,42
-45,-4,43
-46,-4,43
-46,-3,44
-47,-4,45
-48,-4,45
-49,-5,44
-50,-5,43
-50,-6,44
-51,-6,43
-50,-6,44
-51,-5,45
-48,-4,43
-48,-2,43
-46,0,45
-44,0,44
-44,2,44
-44,2,45
-43,2,45
-46,4,49
-45,4,49
-45,3,46
-45,4,47
-45,3,48
-46,3,47
-44,2,48
-47,2,49
-47,2,49
-47,2,47
-48,2,47
-47,3,45
-48,3,42
-48,4,41
-48,2,37
-51,3,35
-52,4,38
-51,2,41
-49,0,43
-45,-3,47
-46,-2,47
-44,3,47
-44,5,49
-51,3,52
-45,0,52
-40,0,49
-39,1,54
-39,0,52
-48,2,54
-44,3,55
-43,-5,49
-43,-2,50
-43,0,44
-47,1,36
-54,3,35
-58,1,39
-61,-1,37
-50,-1,30
-59,1,27
-57,-1,27
-51,0,32
-57,-1,39
-53,-3,42
-52,-2,39
-52,-1,37
-59,-4,40
-58,-1,39
-54,0,38
-55,-1,34
-52,-2,34
-54,-2,37
-54,-1,40
-54,1,39
-50,0,39
-54,-1,36
-51,0,34
-53,-1,27
-56,-3,27
-56,-2,26
-73,2,30
-61,-1,28
-54,-4,20
-61,1,20
-78,4,20
-71,-3,23
-57,-9,27
-62,-11,28
-59,-10,18
-69,-2,26
-57,-3,37
-49,-3,33
-58,-4,31
-52,2,38
-53,6,39
-47,8,47
-46,6,44
-40,2,30
-49,-2,27
-50,-3,35
-52,-3,36
-55,-4,36
-51,-7,37
-57,-3,40
-65,-4,34
-71,-2,34
-66,-2,35
-48,-17,24
-63,-1,27
-68,-3,32
-52,-3,37
-59,-2,35
-44,-8,29
-43,-4,26
-55,0,30
-47,1,33
-50,-1,30
-54,5,43
-55,0,44
-53,-3,44
-53,-3,43
-58,-2,40
-58,-3,37
-55,-2,38
-54,-3,36
-56,-1,31
-55,-2,29
-64,2,31
-69,5,35
-38,-19,30
-48,-7,35
-52,-5,34
-58,1,34
-61,4,36
-51,0,37
-55,-1,40
-49,-12,41
-55,-9,44
-54,-6,43
-49,-4,40
-55,4,42
-45,1,37
-51,0,33
-57,2,36
-49,-3,36
-48,-3,38
-47,-4,40
-53,0,41
-53,0,40
-49,0,44
-51,-1,43
-49,-5,39
-57,0,45
-50,-2,43
-51,-3,37
-53,-3,39
-49,-2,42
-47,-3,39
-51,-2,41
-47,-4,42
-48,-4,41
-50,-2,44
-44,-4,39
-50,-2,40
-48,-1,44
-49,-2,44
-46,-4,46
-45,-6,45
-51,-6,41
-46,-2,43
-38,-8,36
-56,1,48
-43,-5,43
-45,-6,41
-45,-6,40
-51,-3,42
-44,-2,42
-45,-5,38
-54,1,49
-44,-4,43
-52,-7,42
-52,-3,49
-43,-10,37
-58,-2,47
-47,-3,44
-45,-4,39
-51,-1,44
-49,-3,45
-50,1,42
-40,-4,36
-60,2,41
-40,-4,45
-44,-9,39
-50,-6,48
-48,-5,49
-48,-4,42
-48,-4,44
-47,-6,42
-48,-6,44
-47,-7,44
-47,-8,41
-48,-4,44
-51,-4,44
-44,-6,43
-47,-6,40
-52,-2,47
-44,-4,41
-48,-4,40
-47,-4,48
-41,-8,43
-51,-3,44
-49,0,47
-47,-3,41
-46,-4,44
-51,-4,47
-47,-5,41
-49,-5,40
-48,-4,45
-51,-5,42
-47,-7,43
-44,-9,41
-51,-2,46
-46,-2,45
-50,-2,41
-47,-4,44
-49,-5,45
-47,-5,43
-48,-3,44
-47,-3,42
-48,-2,44
-46,-4,44
-45,-5,42
-47,-3,45
-49,-2,45
-46,-5,41
-52,-4,43
-42,-7,42
-47,-5,42
-48,-2,46
-48,-6,40
-47,-6,47
-48,-5,46
-46,-5,44
-49,-2,45
-47,-3,44
-49,-3,43
-48,-4,42
-50,-4,45
-48,-4,47
-48,-5,42
-48,-4,46
-47,-6,42
-50,-3,45
-48,-5,41
-49,-5,45
-46,-9,42
-49,-6,49
-43,-7,45
-48,-4,44
-45,-3,44
-50,-3,43
-49,-6,41
-43,-8,46
-44,-9,43
-50,-5,45
-49,-4,40
-41,-9,34
-46,-3,50
-35,-8,39
-57,-3,43
-52,1,55
-45,-7,40
-53,-7,41
-47,-11,42
-51,-9,40
-45,-10,46
-43,-11,41
-40,-8,45
-43,-3,41
-52,4,46
-43,-2,44
-45,-11,37
-50,-10,47
-48,-11,49
-47,-10,46
-45,-8,46
-43,-4,46
-41,-3,45
-45,-2,44
-44,-7,43
-42,-11,42
-48,-7,50
-40,-10,44
-50,-3,50
-43,-5,47
-50,-7,47
-46,-6,51
-46,-8,42
-47,-7,44
-45,-6,45
-45,-6,44
-40,-8,44
-46,-7,44
-44,-4,48
-47,-6,43
-45,-6,45
-48,-6,45
-44,-8,44
-48,-7,47
-44,-8,47
-43,-8,47
-43,-8,44
-47,-4,48
-41,-7,42
-47,-5,46
-46,-8,44
-45,-8,48
-45,-8,44
-46,-6,46
-43,-6,45
-44,-7,42
-47,-5,45
-44,-7,42
-49,-5,50
-44,-7,49
-46,-9,45
-47,-6,48
-44,-5,42
-48,-2,46
-43,-7,41
-45,-6,46
-44,-7,46
-44,-8,47
-44,-9,44
-48,-6,47
-47,-4,48
-43,-8,40
-49,-5,46
-42,-8,47
-45,-7,49
-42,-8,46
-51,-3,49
-45,-6,46
-49,-5,43
-45,-6,46
-50,-5,48
-44,-6,48
-42,-9,43
-46,-5,47
-43,-6,42
-45,-7,39
-47,-5,47
-45,-8,47
-41,-11,46
-50,-5,52
-40,-7,46
-47,-4,45
-42,-4,45
-43,-4,44
-43,-5,46
-43,-8,46
-45,-10,46
-45,-8,49
-47,-7,46
-38,-10,41
-50,-5,47
-44,-6,44
-49,-7,45
-50,-4,54
-42,-13,41
-51,-8,48
-45,-8,42
-47,-7,40
-45,-6,44
-48,-6,44
-43,-9,46
-42,-10,44
-46,-5,51
-42,-10,39
-49,-6,42
-40,-8,41
-40,-10,36
-47,-4,53
-42,-10,42
-51,-6,49
-40,-7,51
-55,-4,48
-39,-8,50
-48,-8,46
-33,-10,46
-43,-12,38
-35,-7,50
-52,-6,45
-35,-9,45
-48,-8,46
-46,-7,48
-45,-6,44
-52,-2,51
-42,-4,48
-50,-3,47
-36,-9,41
-59,0,52
-44,-12,40
-43,-14,40
-47,-9,47
-37,-10,40
-49,-1,48
-37,-7,40
-44,-7,47
-40,-10,45
-49,-6,50
-43,-9,48
-46,-6,48
-45,-6,48
-46,-6,44
-41,-5,45
-45,-6,45
-41,-8,48
-44,-9,47
-47,-7,49
-45,-6,48
-44,-7,45
-44,-6,45
-45,-5,45
-43,-7,44
-47,-5,49
-46,-9,42
-49,-6,48
-45,-8,42
-45,-7,44
-46,-6,45
-45,-6,46
-42,-8,45
-42,-8,44
-43,-7,46
-44,-7,43
-47,-6,47
-46,-5,50
-42,-9,41
-42,-4,49
-44,-4,46
-42,-7,44
-46,-5,48
-44,-8,45
-42,-8,47
-46,-5,48
-42,-6,50
-48,-6,44
-44,-4,49
-51,-7,48
-40,-13,41
-48,-7,49
-40,-7,43
-41,-6,43
-48,-4,42
-54,-2,44
-57,-7,47
-55,-13,48
-56,-16,47
-47,-20,42
-54,-10,47
-40,-11,42
-47,-4,39
-54,2,49
-43,-7,44
-52,-11,56
-46,-16,57
-46,-14,50
-51,-8,56
-40,-8,45
-44,-7,42
-42,-1,48
-51,2,54
-43,-6,45
-45,-6,50
-45,-12,49
-45,-9,43
-53,-4,46
-44,-6,41
-47,-9,38
-47,-9,43
-45,-10,44
-44,-11,42
-44,-10,41
-45,-6,45
-41,-7,42
-46,-6,45
-42,-8,46
-44,-8,45
-41,-7,49
-39,-8,46
-41,-7,46
-41,-6,48
-41,-7,48
-40,-7,48
-41,-8,48
-42,-7,50
-43,-7,46
-44,-7,47
-42,-10,46
-41,-10,46
-39,-11,44
-43,-7,47
-41,-8,46
-45,-6,45
-40,-7,46
-42,-8,45
-39,-11,44
-43,-8,46
-40,-7,48
-44,-6,46
-40,-8,45
-49,-8,51
-44,-15,42
-46,-13,44
-47,-9,50
-44,-12,46
-47,-11,44
-45,-11,43
-57,-5,51
-43,-10,53
-43,-15,47
-41,-16,47
-49,-6,48
-50,-1,46
-45,-5,45
-47,-12,43
-43,-13,42
-52,-6,49
-46,-6,52
-40,-12,38
-45,-8,42
-44,-5,45
-48,-2,43
-40,-8,38
-46,-9,41
-44,-10,47
-40,-11,41
-51,-3,47
-42,-8,40
-48,-6,42
-47,-7,46
-47,-6,47
-48,-7,45
-42,-8,45
-49,-5,45
-41,-5,45
-49,-2,46
-42,-6,47
-43,-10,46
-48,-8,45
-50,-1,54
-45,-6,41
-42,-9,43
-50,-7,47
-42,-8,43
-44,-5,48
-41,-6,47
-44,-8,43
-41,-10,42
-53,1,52
-37,-6,45
-48,-9,42
-45,-6,51
-41,-9,42
-47,-4,49
-46,-4,50
-45,-8,44
-47,-6,50
-46,-8,46
-41,-9,43
-48,-4,48
-46,-4,49
-38,-10,39
-49,-4,48
-45,-5,45
-46,-5,47
-39,-10,46
-48,-6,50
-36,-9,44
-44,-3,47
-43,-4,47
-43,-9,44
-46,-8,47
-40,-10,47
-43,-9,45
-43,-7,46
-43,-5,46
-46,-6,45
-40,-9,47
-45,-8,47
-44,-7,45
-47,-5,46
-43,-7,45
-42,-8,45
-48,-5,48
-43,-6,47
-45,-7,48
-43,-7,48
-43,-7,44
-46,-4,48
-41,-6,46
-44,-7,49
-42,-7,50
-43,-7,49
-42,-7,47
-44,-5,49
-44,-4,50
-42,-7,43
-45,-5,50
-43,-8,47
-42,-7,50
-43,-7,48
-43,-6,46
-43,-6,46
-45,-6,49
-41,-8,48
-40,-8,49
-44,-7,48
-45,-5,47
-41,-7,44
-45,-5,51
-43,-9,45
-44,-7,49
-40,-7,47
-42,-7,45
-41,-6,45
-46,-5,45
-40,-7,46
-44,-7,46
-40,-9,48
-43,-8,46
-45,-5,50
-44,-5,48
-44,-7,47
-44,-8,50
-43,-8,49
-43,-8,48
-44,-6,49
-45,-5,46
-45,-4,48
-43,-7,47
-40,-9,48
-44,-6,52
-42,-7,49
-39,-7,47
-46,-6,48
-42,-8,46
-46,-9,45
-42,-8,51
-45,-8,47
-43,-5,50
-46,-4,45
-42,-5,46
-52,-5,47
-48,-5,56
-44,-12,52
-41,-14,52
-50,-9,56
-43,-6,55
-39,-4,46
-38,-4,43
-40,-4,43
-47,-1,51
-48,0,53
-29,-13,46
-38,-16,43
-44,-6,55
-38,-6,49
-38,-6,42
-38,-3,45
-39,-7,41
-44,-7,44
-43,-8,52
-39,-12,55
-38,-13,53
-43,-10,49
-42,-4,54
-42,-2,52
-40,-3,50
-40,-8,54
-40,-13,57
-37,-13,58
-42,-8,58
-32,-7,49
-37,-6,46
-39,-5,47
-48,-1,52
-53,3,55
-31,-21,46
-41,-20,47
-40,-5,53
-44,-1,50
-39,-3,43
-43,-4,44
-37,-14,47
-44,-14,51
-36,-12,51
-41,-6,49
-40,-3,53
-37,-7,44
-41,-5,47
-40,-7,51
-38,-11,51
-42,-9,52
-42,-6,54
-39,-7,48
-39,-7,47
-43,-6,49
-38,-8,48
-45,-5,50
-41,-9,49
-43,-9,50
-42,-9,52
-38,-11,47
-42,-7,49
-42,-5,49
-42,-7,46
-43,-7,48
-40,-9,48
-43,-8,49
-45,-7,49
-41,-8,51
-41,-8,49
-41,-7,48
-40,-6,50
-43,-7,48
-41,-7,51
-39,-10,50
-39,-9,51
-42,-6,50
-41,-6,49
-40,-8,48
-38,-10,46
-44,-5,54
-38,-10,45
-42,-9,48
-43,-7,48
-41,-8,46
-44,-6,49
-42,-8,49
-40,-11,46
-39,-9,46
-45,-4,53
-36,-9,45
-44,-9,48
-44,-8,52
-38,-10,47
-43,-7,49
-39,-8,48
-39,-8,45
-43,-5,48
-37,-9,45
-45,-8,47
-42,-9,49
-43,-8,50
-42,-10,44
-42,-9,45
-44,-7,48
-40,-10,44
-42,-11,48
-45,-9,46
-43,-8,47
-45,-8,47
-44,-9,47
-47,-9,47
-46,-9,48
-46,-9,48
-41,-10,48
-48,-7,47
-49,-7,47
-49,-9,47
-50,-11,46
-47,-11,45
-50,-9,44
-46,-12,43
-52,-7,40
-44,-9,39
-50,-6,33
-51,-3,34
-58,-3,33
-58,-7,35
-42,-12,42
-64,-12,45
-64,-9,41
-50,4,45
-45,6,46
-45,5,45
-44,5,49
-42,7,53
-40,7,52
-39,9,50
-39,15,52
-42,11,54
-43,6,52
-53,2,46
-58,7,41
-58,7,39
-57,9,37
-54,11,36
-48,15,37
-45,17,37
-41,21,38
-39,22,40
-35,25,42
-33,25,42
-35,23,39
-33,21,36
-35,7,37
-37,6,52
-57,-2,37
-23,11,59
-24,11,53
-32,17,64
-38,18,65
-25,18,62
-25,17,55
-23,20,63
-23,14,55
-21,18,60
-24,15,56
-27,13,53
-19,16,58
-25,14,52
-23,18,56
-21,14,55
-24,16,56
-23,17,57
-32,19,57
-39,20,55
-49,25,45
-58,28,53
-44,32,62
-42,36,57
-23,37,53
-8,40,50
-4,38,44
8,37,48
11,38,51
11,37,51
9,35,54
4,29,61
1,25,65
-2,18,66
0,14,66
4,10,61
12,10,53
15,11,53
23,13,53
25,12,54
30,6,51
-3,-13,63
13,-10,71
19,5,55
28,14,40
32,11,50
31,13,55
31,16,49
31,5,51
27,6,48
26,3,52
19,9,55
26,9,58
24,14,57
27,15,58
27,9,55
29,8,53
27,7,56
23,9,56
27,14,59
25,12,61
28,13,58
24,10,57
25,7,56
27,11,56
25,7,52
22,11,58
24,12,56
33,9,59
31,8,55
26,8,56
28,9,59
25,10,57
23,9,56
22,11,55
24,12,58
28,11,57
30,5,59
27,6,60
24,13,54
26,3,57
22,13,56
26,9,54
17,10,53
18,3,55
36,3,59
31,11,56
26,13,57
31,8,60
28,12,58
21,-2,55
28,4,58
18,-1,51
33,5,56
25,-2,56
30,10,58
22,1,57
34,6,61
25,8,59
17,4,56
18,4,61
17,0,53
22,8,62
18,6,59
21,3,63
22,7,59
25,5,58
17,7,62
16,9,60
20,8,60
18,7,67
19,8,59
22,0,62
26,5,60
17,7,62
17,7,69
17,11,67
22,5,67
21,5,67
14,5,66
9,2,65
13,8,64
-2,1,53
1,6,64
3,5,62
3,1,65
2,0,59
-6,-2,58
-11,2,54
4,1,64
6,0,68
3,-1,66
-5,-3,57
-10,-1,59
-14,0,62
-10,0,62
-10,-1,65
-14,0,64
-25,4,60
-30,4,55
-24,1,58
-24,-1,65
-27,-2,52
-34,-3,45
-55,5,35
-63,18,41
-9,6,67
-20,4,55
-26,4,65
-7,13,69
-14,4,63
-35,10,50
-37,6,55
-21,6,57
-23,8,49
-47,2,45
-33,6,51
-32,7,55
-31,0,48
-36,4,57
-35,4,54
-36,12,52
-40,0,65
-29,1,48
-26,11,56
-30,2,55
-24,3,38
-25,6,36
-5,5,68
3,8,60
-12,7,61
-5,6,62
10,4,71
30,-4,69
24,-9,66
10,-11,63
4,-11,70
17,-12,66
13,-10,66
15,-24,58
16,-22,55
13,-25,52
22,-24,60
15,-28,52
39,-28,62
54,-30,77
35,-36,58
24,-37,40
36,-36,51
60,-38,62
28,-51,46
22,-57,43
43,-42,37
61,-54,57
40,-50,55
44,-47,56
31,-48,47
38,-41,55
38,-43,47
23,-35,58
23,-25,59
15,-23,45
22,-25,47
34,-24,53
35,-22,53
34,-29,49
33,-26,54
36,-27,48
30,-25,40
18,-21,48
18,-17,47
19,-20,45
11,-15,46
13,-14,50
17,-11,50
25,-11,54
28,-14,70
25,-12,64
29,-11,55
30,-14,55
28,-13,66
27,-11,61
30,-14,61
18,-9,60
21,-10,60
14,-4,59
11,-4,56
8,2,61
16,-5,64
17,-3,65
15,-2,61
14,-2,64
14,3,62
11,-1,71
14,0,72
10,1,64
7,6,60
1,4,63
2,6,66
-1,5,61
-4,11,58
0,4,57
11,5,72
6,0,62
-1,3,61
0,9,64
3,3,65
-2,4,64
6,6,69
1,3,61
2,8,65
0,6,62
3,7,64
3,4,62
5,8,64
4,6,64
1,4,63
5,4,67
2,5,64
3,4,67
3,6,66
2,4,62
5,3,66
6,4,65
7,0,63
1,2,58
3,0,60
5,-2,62
6,-2,53
14,-5,53
12,-10,57
14,-9,66
6,-14,48
25,-15,37
35,-20,39
29,-31,60
31,-24,55
31,-28,49
40,-34,55
36,-34,50
27,-32,47
31,-38,46
38,-39,43
44,-36,34
31,-47,53
32,-39,47
45,-40,41
38,-42,42
33,-45,47
29,-42,46
34,-41,53
34,-40,53
26,-34,56
31,-34,57
40,-23,63
37,-19,53
40,-12,81
45,-17,74
31,-4,63
21,5,69
17,6,65
24,10,64
26,10,66
22,14,62
23,18,60
11,23,63
6,24,60
11,28,58
-5,21,57
-3,19,59
-13,27,52
-10,25,54
-11,23,55
-14,23,53
-18,29,42
-21,26,45
-21,26,50
-17,24,50
-11,27,43
-12,25,40
-8,12,49
0,9,50
-5,9,46
8,2,47
33,3,56
48,22,66
5,15,55
23,19,68
25,20,65
23,18,59
15,16,59
18,21,57
20,17,59
19,18,55
20,21,58
23,13,57
16,15,54
27,16,60
28,14,58
32,16,58
29,18,61
22,21,61
18,22,57
11,25,57
14,23,56
17,20,57
15,24,56
18,22,60
16,24,58
17,23,59
20,24,62
21,21,58
15,22,56
16,22,60
15,18,57
18,20,57
17,21,55
22,18,58
15,17,53
21,26,61
19,22,56
18,25,59
17,24,57
15,20,58
15,25,58
17,21,61
20,21,58
17,21,56
21,22,62
18,19,59
19,21,57
19,19,57
17,20,56
19,17,58
21,18,56
20,20,57
25,17,58
25,15,55
26,19,56
29,18,55
28,11,49
28,13,52
28,14,50
33,15,54
30,14,55
31,16,54
20,15,56
25,20,61
24,17,57
20,15,55
26,17,58
19,16,55
25,16,57
25,14,54
24,17,55
27,18,59
24,16,55
21,16,56
23,17,56
21,16,50
24,13,58
24,16,54
30,8,56
27,12,55
30,16,56
30,12,54
28,15,56
28,15,57
18,13,54
33,12,57
29,11,54
29,12,55
23,12,54
29,13,55
33,11,54
30,12,55
25,11,56
25,16,57
22,17,53
22,22,58
17,15,51
21,16,58
23,15,56
24,16,58
23,15,56
27,13,58
27,17,58
27,13,58
24,17,57
25,15,58
25,12,57
25,12,55
25,12,56
26,13,59
24,14,61
24,13,60
23,10,54
23,13,59
20,10,53
25,11,58
23,10,55
24,10,57
23,13,61
21,15,60
21,7,62
23,8,65
20,6,61
15,9,60
14,8,58
17,13,59
12,13,56
14,11,56
10,7,60
8,14,52
13,14,59
19,8,70
15,17,67
11,17,68
9,5,55
13,6,49
4,6,64
11,2,60
14,4,42
43,-1,61
21,20,54
18,13,54
22,14,66
22,18,63
26,21,61
19,18,55
23,20,60
24,21,59
24,16,56
21,21,55
19,14,56
21,19,53
21,11,54
21,16,55
29,14,54
25,13,54
22,13,56
33,18,62
28,15,53
33,15,54
31,12,54
34,16,55
18,18,55
18,20,54
20,18,53
22,18,56
21,18,54
26,15,57
19,17,57
25,16,61
22,17,58
21,21,58
24,18,53
18,21,57
21,21,56
21,19,56
24,15,57
21,18,54
23,17,59
16,12,55
17,20,58
21,14,58
18,20,55
25,20,54
18,29,63
19,14,55
15,18,59
19,15,55
17,16,54
24,20,57
16,16,53
22,20,59
21,16,61
25,23,57
18,11,60
11,11,51
27,24,63
18,20,59
25,21,62
23,21,64
16,9,56
16,22,63
12,18,58
14,21,59
15,17,55
21,19,60
20,19,58
20,25,55
21,21,60
17,21,58
21,19,61
18,13,55
21,17,57
19,18,57
13,16,50
18,21,61
17,20,57
22,17,59
15,15,57
14,18,55
15,28,56
21,27,62
15,16,62
16,19,57
20,11,59
16,16,59
14,24,59
20,23,63
17,16,55
17,18,61
14,18,58
16,18,59
17,19,61
19,26,52
16,9,58
27,29,66
23,16,58
14,14,61
21,19,58
16,20,62
21,18,62
21,22,64
19,18,62
14,24,61
14,18,61
19,23,61
18,24,57
15,19,60
16,19,59
17,19,59
9,15,55
9,22,60
6,17,55
11,22,61
5,19,59
21,22,64
18,15,60
11,19,59
14,27,55
15,15,56
19,20,63
16,14,53
13,17,60
11,18,54
13,18,60
11,8,54
13,17,59
12,13,58
13,17,62
16,20,60
15,15,60
10,19,56
15,18,58
15,15,53
16,18,55
16,13,54
17,12,56
13,11,55
15,16,59
13,14,61
13,16,60
13,18,65
16,23,68
14,23,59
13,17,65
13,29,64
18,19,58
15,17,64
19,22,57
11,16,55
11,18,56
15,20,60
19,16,58
13,12,56
8,12,56
15,21,58
14,11,55
14,16,60
15,13,56
12,14,60
13,16,58
10,8,60
13,16,57
10,11,61
14,19,65
14,16,62
11,14,62
14,23,58
12,14,62
17,23,63
13,16,59
14,15,61
16,15,59
11,14,59
14,21,58
9,13,60
14,20,59
7,14,58
8,18,64
14,18,58
11,10,59
15,22,63
9,8,56
11,16,62
15,14,63
11,11,58
13,12,55
12,16,65
13,20,58
14,14,62
9,12,61
15,21,65
5,13,57
12,24,66
12,16,57
12,18,60
10,18,60
13,22,62
9,19,59
3,20,56
2,20,59
-1,17,59
6,18,62
20,15,66
15,16,58
6,19,62
4,22,61
13,17,63
12,17,60
14,19,62
6,11,61
8,25,62
9,6,58
15,15,61
9,9,57
7,17,59
11,21,60
7,6,61
8,13,60
10,11,63
11,19,67
12,12,66
0,11,55
8,16,57
8,12,63
11,19,65
1,13,60
-3,15,63
6,17,61
0,10,63
3,12,66
10,17,55
18,7,55
21,9,50
13,5,46
18,3,47
-2,0,43
43,-15,79
35,6,66
39,6,55
33,-4,56
26,5,58
30,11,60
32,11,58
37,10,67
26,7,63
29,14,62
14,1,56
23,14,63
16,2,54
22,8,57
21,8,58
14,9,55
21,13,58
19,2,58
18,7,59
27,7,57
23,9,62
26,6,59
16,5,54
22,9,57
19,9,53
26,3,59
18,7,55
22,15,62
19,5,54
21,5,58
22,10,56
22,10,59
14,3,53
23,8,63
23,4,61
24,3,57
20,14,61
24,13,58
19,13,61
24,16,61
26,12,63
21,15,55
31,12,62
18,15,57
30,13,63
19,5,60
29,9,61
18,1,57
26,13,60
17,4,56
24,10,61
21,5,58
23,9,59
24,14,54
22,1,53
19,8,57
26,7,54
25,1,56
32,7,57
27,2,56
29,5,58
24,7,55
28,6,59
23,7,59
25,5,58
23,6,52
21,2,57
27,13,57
32,5,60
26,5,59
27,8,59
22,2,59
24,9,59
21,9,62
25,10,60
23,8,57
31,7,59
28,7,57
26,15,58
34,6,62
24,7,55
37,3,58
25,3,60
26,11,59
22,1,57
20,9,54
27,5,63
28,7,59
24,2,57
19,5,59
22,7,62
22,9,54
33,6,68
24,8,60
24,7,59
18,3,59
24,9,64
20,6,63
31,3,65
27,7,67
20,7,66
13,7,67
12,3,62
5,0,61
-1,3,51
0,2,47
5,9,44
15,-4,54
37,-7,65
35,-10,56
33,-11,57
44,-18,69
49,-20,78
27,-11,58
23,-8,58
15,-9,53
26,-10,53
17,-11,57
27,-8,53
26,-15,58
19,-9,52
25,-13,59
32,-12,61
21,-18,64
33,-16,60
23,-20,61
22,-19,52
22,-23,42
25,-16,53
6,-10,61
17,-5,56
47,-4,57
38,-1,70
22,6,87
38,2,83
42,0,66
38,0,61
24,2,59
18,2,57
6,-1,52
-5,-8,65
-10,-9,61
-20,0,51
-29,1,46
9,-5,55
15,-3,52
42,-2,63
42,5,65
11,0,58
9,2,58
17,5,62
25,3,60
26,7,65
15,4,64
13,6,64
19,6,68
24,10,69
14,5,62
15,7,63
16,6,64
13,6,63
15,7,64
15,6,62
16,9,65
17,5,59
19,-9,60
11,3,58
21,-3,62
11,0,57
20,2,61
17,4,65
14,5,64
12,-7,57
21,3,61
10,1,61
18,1,59
16,4,64
19,6,61
19,6,63
18,4,62
21,2,63
25,5,60
13,-9,57
22,-2,62
28,-2,63
11,0,57
16,4,58
18,3,64
22,8,66
18,5,61
16,0,59
16,10,66
22,-1,61
23,7,64
19,3,67
17,5,62
22,3,64
20,3,63
19,0,62
19,9,49
16,-6,63
13,0,56
19,-1,58
11,0,56
20,3,60
17,1,63
20,5,64
20,3,63
16,8,64
17,-1,60
18,9,66
21,0,62
15,6,62
15,0,61
19,7,66
17,6,64
17,3,63
21,2,63
19,-1,62
18,5,60
16,-3,65
18,1,63
10,0,56
11,-1,60
14,2,60
15,4,65
15,4,64
14,3,64
15,4,63
14,4,64
17,6,62
14,2,60
16,5,68
11,3,59
9,3,61
7,4,60
8,7,63
12,8,67
8,9,65
9,7,65
7,5,64
10,4,66
10,11,54
6,-5,64
7,11,61
5,1,58
10,7,65
9,5,62
13,8,70
12,7,68
9,4,64
5,6,63
5,5,63
9,5,66
12,5,65
6,3,59
12,8,66
10,2,64
8,6,60
7,1,63
7,4,63
7,6,67
2,9,64
4,4,63
2,5,64
3,4,64
5,4,65
6,3,65
4,6,65
8,7,63
4,1,66
6,1,59
0,0,57
11,1,63
6,3,62
6,5,66
7,8,67
9,6,68
8,6,66
4,4,63
1,4,62
4,4,62
5,4,62
5,6,66
4,6,67
7,4,63
6,-1,65
3,7,64
5,2,62
6,4,63
6,4,64
6,6,64
8,8,68
8,7,66
6,4,65
5,3,62
3,3,61
4,3,64
5,5,64
6,5,66
7,5,66
5,4,65
4,4,63
6,4,64
4,5,64
5,3,64
5,4,63
6,4,65
4,5,65
4,5,64
6,5,64
5,6,59
0,4,58
12,4,66
0,7,58
3,2,62
8,4,66
5,4,63
7,6,69
7,5,68
8,4,67
8,4,65
7,3,66
5,2,64
7,3,66
6,3,65
7,3,65
6,4,65
6,4,65
7,2,64
5,3,64
4,3,63
5,2,64
6,3,65
5,3,64
5,4,63
6,4,66
8,5,65
11,4,68
11,3,68
4,3,64
4,3,63
5,1,63
7,2,64
4,0,61
8,0,64
3,0,62
2,1,64
5,3,64
-1,2,60
-1,1,63
8,3,67
6,0,64
-8,3,65
-6,5,63
1,0,63
7,-5,68
6,1,66
1,5,67
-24,12,48
-25,10,46
14,-3,63
13,1,56
7,0,54
29,-2,63
25,0,58
24,-7,60
28,-6,65
27,1,63
23,1,61
14,0,61
22,1,64
24,5,60
23,8,59
23,14,62
27,21,61
24,21,59
25,18,54
27,17,55
28,14,55
26,13,55
25,8,53
25,7,52
26,7,52
25,8,54
24,12,58
26,14,59
23,15,59
19,15,58
20,14,59
23,12,58
23,12,57
23,11,56
22,12,57
22,11,57
22,13,58
22,13,59
22,14,58
22,13,58
23,12,56
23,12,57
22,11,56
24,11,56
23,11,57
23,11,57
22,12,58
22,12,58
22,11,57
23,12,58
23,11,56
23,12,57
22,13,58
22,12,58
22,12,57
22,11,57
23,12,57
22,11,57
23,11,57
22,11,57
23,11,57
22,11,57
23,11,57
22,12,57
23,12,58
22,12,57
22,12,57
23,12,58
22,12,57
22,12,58
22,13,58
21,12,58
22,12,57
22,13,57
23,12,58
23,13,58
22,13,58
22,13,57
22,13,57
21,13,57
22,12,57
22,14,57
22,12,57
22,13,57
22,12,57
22,13,57
22,13,59
23,13,57
22,13,57
22,13,57
23,13,57
22,13,57
22,13,57
23,13,57
23,12,57
22,13,57
22,13,58
22,13,58
22,13,57
23,13,58
23,13,57
22,13,57
22,13,57
22,13,57
23,13,57
22,13,57
22,13,57
23,13,58
22,14,57
22,13,57
22,13,57
22,13,57
22,14,57
23,13,57
23,13,57
23,13,57
21,13,57
23,13,57
22,14,57
23,13,57
22,14,57
22,13,57
21,13,57
23,13,58
22,13,57
22,13,57
22,13,57
23,13,57
22,13,57
22,13,57
23,13,57
23,13,57
22,13,57
22,13,57
22,13,57
22,13,56
23,13,58
22,12,57
22,13,57
22,13,57
22,14,57
22,13,57
22,13,58
22,13,57
23,14,57
22,13,57
22,14,58
22,13,57
22,14,57
22,14,57
23,14,57
21,13,57
22,14,57
22,14,57
22,13,57
22,14,57
22,13,57
23,13,57
22,13,57
22,14,57
23,13,57
22,14,57
22,13,57
22,14,57
23,14,58
21,14,57
22,13,57
22,14,57
23,13,57
22,14,57
23,14,57
22,14,57
22,13,57
22,14,57
23,13,57
22,14,57
22,13,57
22,14,57
22,14,57
21,13,57
23,13,57
22,14,57
22,13,57
22,14,57
22,13,57
21,14,57
23,13,57
22,14,57
22,13,57
22,14,57
23,14,57
21,13,57
22,13,57
22,14,57
23,13,57
22,14,57
23,14,57
21,13,57
22,13,57
23,14,57
23,13,57
22,14,57
22,13,57
22,14,57
22,13,57
21,14,57
23,13,57
23,14,57
22,13,57
22,14,57
22,13,57
21,14,57
22,13,57
23,14,57
23,13,57
22,14,57
23,13,57
22,13,57
22,13,57
23,14,57
23,13,57
22,14,57
22,13,57
22,13,58
22,13,57
22,13,57
23,13,57
23,13,57
22,13,57
22,13,57
23,13,57
22,13,57
22,14,57
23,13,57
22,14,57
23,13,57
23,14,57
23,13,57
22,13,57
23,13,57
22,14,57
22,13,57
22,13,57
23,13,57
22,14,57
22,13,57
22,14,57
22,14,57
22,14,57
22,13,57
23,13,57
22,13,57
22,14,57
22,13,57
22,13,57
22,13,57
23,14,57
22,13,57
22,13,57
21,13,57
23,13,57
22,13,57
23,13,57
22,14,57
23,14,58
21,14,57
22,13,57
23,14,57
22,13,57
22,14,57
22,14,57
22,14,57
22,13,57
23,14,57
22,13,57
23,14,57
22,14,57
22,14,57
22,13,57
22,14,57
22,13,57
23,14,58
21,14,57
22,14,57
22,14,57
22,14,57
22,14,57
22,14,57
23,14,57
22,13,57
22,13,57
22,13,57
23,14,58
22,14,57
22,14,57
22,13,57
22,14,57
22,13,57
22,15,57
23,13,57
22,14,57
22,14,57
22,14,57
22,13,57
23,14,57
23,13,57
22,14,57
22,14,58
22,14,57
23,14,57
22,13,57
22,14,57
23,14,57
22,14,57
22,13,57
23,14,58
23,13,58
22,14,57
22,13,57
22,13,57
23,13,57
23,13,58
23,13,57
22,13,57
22,13,57
22,14,57
23,13,57
22,13,57
22,14,57
23,13,57
22,14,57
22,14,57
23,14,58
23,13,57
22,14,57
22,13,57
22,14,57
22,13,57
22,13,57
22,14,57
23,14,57
21,13,57
22,14,57
23,14,57
23,13,57
22,15,57
22,14,57
22,14,57
22,13,57
21,13,57
23,13,57
22,13,57
21,14,57
22,14,57
22,13,57
22,14,58
22,14,57
23,14,57
22,14,57
22,14,57
23,14,57
22,13,57
22,14,57
22,14,57
22,14,57
22,14,57
21,14,57
23,14,57
23,14,57
21,13,57
22,14,57
22,14,57
22,13,57
22,14,57
22,14,57
22,13,57
22,13,57
21,14,57
23,13,57
22,14,57
22,14,57
22,14,57
22,14,57
22,14,57
22,14,57
23,14,57
22,13,57
22,14,57
21,13,57
22,13,57
22,14,57
22,14,57
22,14,57
22,13,57
21,13,57
23,13,57
22,14,57
22,13,57
22,14,57
22,13,57
22,14,57
22,13,57
23,14,58
22,13,57
22,13,57
21,13,57
23,13,57
22,13,57
22,13,57
22,13,57
23,14,57
22,13,58
22,13,57
23,13,57
23,13,57
22,13,57
22,13,57
22,13,57
22,13,57
23,13,57
22,13,57
22,13,57
22,13,57
23,13,57
23,13,57
23,13,57
22,13,57
22,13,57
22,13,57
22,13,57
23,13,57
22,13,57
22,14,57
22,13,57
23,13,57
22,13,57
22,14,58
22,14,57
23,14,57
21,14,57
22,14,57
23,14,57
22,13,57
22,14,57
22,14,57
22,13,57
22,13,57
22,14,57
22,13,57
23,14,57
21,13,57
22,14,57
22,14,57
22,14,58
22,14,57
22,14,57
22,14,57
22,13,57
23,14,57
23,13,57
22,14,57
22,14,57
22,14,57
22,14,57
22,14,58
22,13,57
23,14,57
21,13,57
22,13,57
23,14,57
22,13,57
22,14,57
22,14,57
22,14,57
22,13,57
22,14,57
22,13,57
23,14,58
21,13,57
22,14,57
22,14,57
22,14,57
22,14,57
22,14,57
22,14,57
22,13,57
22,14,57
22,13,57
23,14,57
22,13,57
22,14,57
22,13,57
22,14,58
22,13,57
23,14,58
21,14,57
22,14,57
22,13,57
23,13,57
23,14,57
23,14,57
23,15,57
23,15,57
22,16,57
24,15,56
24,15,56
23,15,56
23,15,56
24,15,56
24,15,56
24,15,56
24,15,56
24,15,57
24,14,57
23,15,56
24,14,57
24,15,57
24,14,56
23,15,57
24,14,56
23,15,57
24,15,56
24,15,57
24,14,57
24,15,56
24,15,56
24,15,56
25,15,55
25,15,56
22,15,57
22,15,57
22,15,57
22,15,57
23,15,57
22,15,57
21,15,57
23,15,57
23,15,58
22,15,57
22,16,57
23,15,57
23,16,57
21,15,56
21,15,57
20,16,56
21,16,58
25,17,59
22,16,58
21,17,58
21,15,57
22,17,58
21,16,57
20,17,58
19,16,58
18,18,58
16,18,58
16,19,59
14,19,58
13,19,58
11,19,57
11,20,58
11,20,57
10,21,58
11,22,59
16,20,58
16,21,58
14,21,57
14,21,57
16,20,56
16,21,57
15,22,57
15,23,58
15,24,57
16,23,57
16,23,57
16,24,57
16,23,56
17,23,57
17,24,56
17,25,57
17,24,56
17,24,56
17,24,56
18,24,56
16,25,56
17,24,56
17,25,57
18,24,56
17,24,55
17,25,56
17,24,56
17,23,55
16,24,55
16,23,54
16,22,53
19,24,56
12,16,45
16,4,40
18,19,50
19,22,53
18,21,51
17,30,55
16,34,54
1,30,65
14,31,78
4,37,79
-2,34,69
0,31,53
-5,31,45
-20,34,37
-9,42,39
-10,48,37
-40,39,28
-40,42,33
-59,42,5
-66,41,0
-77,35,-24
-73,28,-34
-69,28,-33
-61,31,-27
-41,34,-21
-25,28,-21
0,21,-25
-37,31,-45
-48,40,-26
-60,46,-56
-39,45,-59
-40,38,-40
-37,37,-36
-36,40,-33
-36,35,-34
-38,33,-31
-41,32,-29
-44,32,-29
-45,31,-27
-46,29,-26
-47,28,-24
-50,27,-23
-51,24,-15
-49,26,-14
-57,22,-14
-56,25,-10
-53,19,-5
-53,19,-4
-56,15,-1
-52,10,2
-53,4,8
-57,-4,20
-54,-9,29
-51,-13,36
-53,-15,40
-51,-25,45
-45,-25,54
-46,-30,52
-44,-32,57
-36,-36,58
-40,-36,58
-34,-34,60
-40,-17,75
-25,-13,66
-27,-11,61
-15,2,72
9,-5,78
3,-7,75
-14,6,64
-14,5,66
-9,-2,67
-18,-5,60
-10,-22,75
-14,-29,83
-16,-30,88
-20,-9,70
-25,-10,73
-8,-5,84
-7,0,76
-6,15,57
-1,21,53
-8,28,43
-19,30,36
-5,27,31
8,20,25
19,9,26
15,-4,38
29,-17,27
25,-32,18
1,-50,14
108,-38,111
105,-6,96
38,20,18
42,6,36
8,12,57
29,8,63
56,6,61
34,6,52
23,10,50
28,8,57
43,9,58
27,10,53
28,9,53
35,7,56
35,9,56
29,8,54
31,8,53
35,7,55
32,9,57
30,12,55
28,9,52
33,10,55
32,9,55
29,6,55
37,7,56
33,10,56
31,11,59
30,7,59
33,12,56
30,9,56
29,14,58
27,11,57
28,13,55
27,12,53
26,14,58
26,10,55
33,7,58
27,12,55
30,14,60
25,14,58
27,11,58
31,11,57
29,9,57
23,20,59
25,13,60
22,15,59
25,20,60
19,14,60
27,15,61
23,15,60
19,17,59
18,18,54
21,19,55
22,17,58
24,16,60
24,19,61
17,20,59
18,21,61
18,19,62
16,19,59
17,22,60
12,15,59
14,24,62
12,22,58
11,22,60
6,23,58
11,23,59
10,23,61
5,22,58
5,25,59
1,26,59
0,24,55
-3,24,57
-1,25,61
-7,27,58
-8,25,54
-4,31,54
-6,32,54
-4,30,52
-12,29,50
-17,25,49
-27,23,47
-15,32,48
-13,30,50
-6,30,54
2,28,57
4,27,57
6,22,61
10,19,62
22,12,59
26,8,61
27,5,61
31,4,55
37,3,47
39,1,46
48,-1,55
59,-3,58
56,-3,54
49,-3,52
49,-1,57
52,2,64
48,5,61
30,-1,47
36,1,50
32,-1,51
36,-1,53
30,0,43
23,2,38
25,-1,45
31,-6,57
41,-5,62
47,-4,56
47,-4,52
48,-5,58
54,-6,67
47,-2,64
45,5,64
28,-13,50
51,-15,58
42,-2,43
30,1,39
41,-2,49
41,-1,53
42,-7,57
31,2,46
27,4,46
36,9,65
18,9,61
38,-3,66
52,-3,70
15,5,49
14,5,47
18,7,47
32,4,56
27,5,57
10,13,52
16,17,56
32,16,67
30,9,68
23,9,59
24,10,56
17,17,50
19,16,53
18,17,57
20,15,57
16,16,51
10,16,51
21,15,56
20,12,56
18,14,56
24,11,56
28,13,58
24,14,59
19,15,59
19,19,61
16,18,58
10,24,59
18,20,60
18,21,63
11,20,54
16,21,57
23,20,61
29,22,68
24,20,81
25,26,76
14,27,49
14,20,51
8,16,43
9,10,42
19,9,43
29,12,38
31,10,31
23,-28,102
31,-7,69
17,9,53
12,4,44
31,12,53
29,13,54
19,8,57
20,7,58
26,10,60
25,14,58
31,9,60
22,13,60
19,13,54
23,18,62
32,12,59
31,21,62
23,7,54
25,19,61
23,12,51
24,12,59
16,18,55
26,14,58
32,15,60
23,15,59
22,22,55
17,10,56
23,16,54
22,12,52
26,17,61
19,11,54
21,15,59
26,15,56
25,8,59
27,20,54
19,13,55
26,10,57
25,11,54
22,14,58
24,16,59
22,14,58
23,17,59
29,16,60
25,11,59
22,11,53
20,15,60
24,14,57
26,13,60
21,18,59
20,18,58
27,15,59
31,16,59
18,16,57
19,19,52
22,11,57
22,22,59
21,8,52
16,12,53
17,15,54
21,14,61
30,14,57
19,8,51
13,16,57
17,5,51
19,4,51
27,17,58
23,12,54
22,15,51
22,10,58
28,23,57
26,8,59
23,29,62
32,12,65
17,21,48
22,10,52
9,7,58
21,19,54
18,2,55
30,13,63
26,12,58
24,5,61
15,6,50
29,17,68
20,6,46
22,20,62
23,16,60
25,24,60
26,13,62
25,28,70
28,19,69
24,19,59
28,18,65
19,17,57
17,23,60
35,1,59
24,26,64
19,16,55
29,15,63
18,10,59
15,17,54
19,8,59
28,14,59
25,6,58
22,20,63
22,6,52
22,12,58
22,17,55
23,10,60
15,15,52
21,15,58
22,21,57
17,18,56
19,20,64
19,10,57
23,12,55
18,12,52
10,7,56
26,20,62
25,12,55
27,15,60
12,16,56
29,16,63
22,14,61
17,18,56
15,8,59
32,15,60
21,7,52
19,15,59
22,7,55
25,18,65
24,12,55
27,15,64
12,17,56
28,9,60
15,19,53
17,18,58
22,14,57
30,16,59
26,14,59
11,14,49
11,11,55
21,14,57
19,10,53
20,9,54
15,17,51
25,17,59
22,25,64
15,9,53
17,12,52
31,21,59
22,8,51
21,23,62
25,8,56
17,16,55
22,23,59
27,20,60
20,15,55
18,18,60
20,11,55
26,8,61
26,15,58
17,18,53
23,8,56
19,22,56
26,8,56
20,21,55
21,13,59
21,14,59
16,16,53
20,17,58
20,24,58
23,13,57
25,23,62
25,15,53
23,23,61
27,27,68
19,14,50
35,16,66
15,22,56
37,11,65
15,22,54
23,20,59
17,13,52
23,20,58
27,10,55
21,19,57
17,15,58
27,21,60
24,16,58
17,17,59
21,16,59
23,9,60
13,14,58
21,15,63
11,14,56
15,22,54
29,13,59
20,4,56
17,22,58
10,7,50
22,14,60
23,11,50
30,18,62
18,10,60
28,10,62
25,18,65
17,15,59
16,13,53
21,22,63
23,17,62
20,12,54
19,15,56
19,9,55
23,14,60
19,13,56
17,12,57
15,12,58
16,14,61
19,11,57
19,14,58
16,10,57
18,19,59
23,11,58
17,15,60
15,18,57
18,14,63
13,19,59
14,20,59
19,17,58
12,11,60
17,14,58
10,14,62
12,15,59
14,12,57
16,16,63
14,12,57
13,14,57
13,10,58
13,15,60
19,14,65
15,12,59
13,16,62
17,15,62
13,17,59
7,13,56
12,15,60
14,17,63
13,19,62
6,13,57
10,21,60
17,11,61
17,20,63
12,8,57
15,18,60
12,8,58
14,15,61
12,12,58
12,10,58
15,11,59
13,10,59
10,10,62
12,7,59
10,6,60
16,17,64
4,10,56
16,14,64
12,13,60
18,16,63
13,11,63
15,23,61
18,13,62
11,6,54
18,14,60
13,11,53
14,15,59
15,18,61
15,14,62
16,14,59
14,11,59
17,9,61
12,15,60
16,7,57
12,16,59
12,14,59
20,9,62
15,12,60
13,9,57
14,16,63
17,11,62
14,13,59
16,10,62
19,12,64
16,6,57
16,15,61
9,10,57
14,18,64
20,10,58
13,12,61
13,12,57
11,7,56
15,16,60
10,10,53
16,10,59
16,10,59
11,13,59
17,17,64
13,13,61
14,15,60
17,11,61
17,8,61
17,16,57
13,15,58
24,15,62
18,13,58
17,17,59
8,14,57
13,16,59
16,10,56
13,8,56
8,14,55
17,6,60
12,12,55
18,11,61
14,10,58
7,14,58
17,5,66
17,22,60
14,8,65
13,18,63
21,8,60
23,14,63
12,18,57
16,16,59
24,14,56
9,4,53
31,16,62
21,8,56
17,8,53
19,14,59
14,11,58
23,1,54
21,9,54
21,10,59
15,15,61
17,9,57
17,15,58
27,13,63
22,3,59
22,13,58
18,8,56
23,14,56
23,12,58
23,11,57
22,8,58
20,12,56
24,10,58
25,12,60
25,6,57
17,14,57
21,8,54
19,7,57
30,14,60
30,11,60
19,11,58
29,13,58
21,10,57
25,5,59
35,12,58
23,12,54
20,11,58
25,11,58
22,8,55
17,13,62
32,22,61
26,3,58
23,7,58
26,5,57
20,7,54
30,16,60
23,12,55
27,7,57
28,8,58
22,11,55
21,8,57
28,11,55
20,10,51
19,12,60
23,12,59
24,8,57
24,8,53
24,3,49
24,14,58
31,10,57
28,7,58
36,12,57
27,10,59
29,12,60
22,2,51
30,9,58
24,15,55
21,7,54
24,5,57
25,13,56
25,17,58
24,8,57
25,9,54
29,4,56
18,13,54
28,6,58
31,16,61
25,11,54
21,12,59
31,8,49
26,2,51
32,8,56
31,13,59
34,6,54
34,7,55
34,7,55
33,15,58
40,7,59
33,7,57
33,8,58
35,7,54
23,12,58
31,9,56
26,12,54
40,7,58
23,7,57
25,5,51
34,14,56
32,12,52
32,5,56
33,13,55
33,2,53
34,5,54
27,8,56
29,6,55
26,5,53
28,6,51
37,9,54
31,2,53
33,5,54
29,3,57
41,7,57
31,7,53
37,11,57
31,7,56
30,6,53
30,10,53
21,8,53
26,8,55
40,8,57
26,1,51
35,8,54
40,5,58
35,6,55
33,3,55
32,8,55
33,7,56
35,5,56
31,4,52
30,6,56
36,8,58
31,7,52
26,7,51
35,7,55
30,4,55
29,7,53
26,11,52
29,6,57
37,9,53
25,7,52
26,7,54
32,7,55
31,4,51
29,5,54
36,9,57
31,8,56
33,12,57
28,3,57
30,4,56
30,6,52
32,9,54
32,11,53
28,1,50
33,4,55
44,6,59
32,9,57
23,3,50
31,1,57
34,7,53
38,4,58
29,4,50
37,6,61
42,4,58
35,5,56
21,8,52
33,3,55
36,3,56
35,4,54
25,8,54
33,0,54
29,9,54
36,6,56
30,3,50
31,5,53
30,9,51
37,10,55
28,3,56
34,10,53
26,3,50
31,0,52
32,9,53
36,0,50
37,7,55
38,5,54
37,0,58
34,1,59
29,6,50
33,1,52
31,2,57
31,4,48
26,6,55
38,8,53
35,8,54
24,9,52
32,6,52
28,7,52
33,12,58
35,7,56
34,5,53
29,2,48
37,7,55
26,8,53
38,2,51
33,-1,50
42,10,56
25,7,52
35,4,53
39,1,50
38,2,56
30,3,54
31,4,51
34,3,54
35,5,53
28,6,47
35,5,56
28,5,56
38,10,58
27,3,52
33,6,55
30,8,52
31,4,55
31,6,52
43,11,52
27,7,49
34,7,55
33,6,53
36,2,57
29,7,53
36,6,57
30,6,52
29,12,56
37,7,57
29,4,54
26,10,54
28,5,52
31,10,57
28,9,55
26,15,57
29,9,54
30,8,57
32,14,55
29,5,55
38,7,55
26,7,52
30,7,59
29,6,55
23,2,51
27,12,59
26,6,52
32,4,55
32,8,51
26,10,55
27,15,57
32,7,55
28,8,55
33,9,58
27,2,54
29,11,58
30,8,60
27,7,51
23,5,57
27,9,55
28,5,51
26,7,52
35,7,57
26,6,54
33,11,52
24,4,59
26,22,56
16,4,48
31,11,61
22,11,55
29,10,57
23,11,57
26,9,57
18,13,53
17,22,57
14,11,53
15,19,56
24,13,58
21,16,58
7,10,54
25,14,57
25,12,59
26,9,56
21,12,58
24,14,57
20,6,56
21,12,56
22,10,60
18,10,56
28,10,59
21,12,57
23,14,59
23,14,59
19,11,57
24,11,60
26,11,59
25,12,62
20,15,60
25,12,57
28,11,60
25,14,55
25,7,61
24,12,59
16,11,53
20,12,59
22,17,57
26,16,61
18,9,56
30,9,59
22,10,54
17,14,54
17,13,53
24,13,59
21,15,57
21,15,57
16,12,58
18,15,56
21,9,57
25,14,59
18,11,54
21,12,57
23,11,58
23,12,59
17,11,56
24,11,59
22,9,55
25,16,59
19,12,55
23,11,58
20,9,58
25,16,60
19,10,60
24,10,58
24,14,59
20,11,56
23,13,58
24,14,57
21,12,59
20,18,55
18,10,54
23,17,60
23,9,55
22,14,57
20,12,54
25,10,59
25,12,58
20,12,58
17,13,58
20,14,60
13,10,57
21,13,58
17,4,55
21,22,61
16,16,58
14,11,57
22,9,59
18,15,59
18,10,58
26,11,61
16,11,54
16,12,57
18,12,58
22,19,62
18,8,56
17,14,61
23,11,59
17,17,61
21,12,58
20,7,59
17,14,56
18,11,59
14,15,56
12,13,58
17,13,61
13,12,54
17,8,59
15,18,56
17,19,62
12,14,58
17,16,62
14,11,57
15,18,60
13,14,60
15,16,58
18,9,59
15,15,58
17,10,56
15,18,62
16,20,60
16,10,56
20,13,62
6,14,58
21,13,56
4,8,56
9,20,60
4,15,60
19,22,64
9,12,58
14,17,61
5,23,50
16,12,64
4,19,52
15,17,61
14,9,57
9,23,59
13,10,59
8,15,61
20,8,64
15,17,57
13,16,63
10,19,61
13,17,58
19,14,63
15,22,62
16,14,59
14,15,61
17,12,59
18,18,61
14,16,59
10,13,58
15,9,59
13,8,57
14,15,58
9,14,60
19,13,59
13,12,61
18,16,62
16,14,61
15,10,62
16,15,63
12,19,61
12,18,62
12,21,53
13,5,59
24,17,65
14,4,53
9,7,59
10,16,56
16,12,56
17,12,56
17,16,63
6,18,58
16,20,61
14,8,57
14,24,64
14,16,64
12,10,59
16,1,57
17,13,66
4,16,53
12,7,61
15,10,59
10,11,59
5,8,54
21,13,62
16,11,58
18,9,59
20,14,64
14,11,54
11,15,62
17,15,59
17,12,62
14,14,61
11,14,61
14,11,61
15,8,62
14,15,58
10,14,56
12,15,58
17,14,63
12,12,59
11,14,59
13,9,59
11,10,60
15,16,61
13,7,61
20,16,62
10,5,56
16,23,63
17,15,62
13,7,53
13,20,62
14,12,58
22,17,63
18,16,67
15,12,65
10,20,64
7,12,59
15,19,64
11,13,58
14,18,61
21,6,58
16,10,54
18,13,60
13,8,54
18,11,61
18,7,61
13,9,63
9,11,59
18,4,65
11,10,56
13,6,59
11,10,64
7,18,59
12,9,61
16,16,64
9,19,62
18,18,67
13,16,62
12,12,61
13,9,60
7,14,58
16,11,62
10,8,58
13,6,66
9,17,61
8,13,57
14,9,63
8,9,59
8,14,64
8,14,62
1,13,64
6,13,63
6,8,69
7,11,66
-2,8,59
-5,11,61
-11,14,53
-13,15,52
-10,3,60
-22,10,59
-30,11,51
-21,14,54
2,16,63
-2,11,65
-7,14,63
-6,11,59
-1,12,64
-4,20,64
-9,15,64
-3,14,63
-1,14,65
-6,18,58
-8,13,63
-7,15,63
-5,19,60
-13,15,59
0,21,65
-12,11,55
-4,16,58
-17,8,55
-15,28,60
-12,9,59
-21,28,59
-10,28,59
-25,18,53
-9,21,56
-18,7,60
-27,29,60
-25,18,54
-23,26,63
-23,19,55
-20,22,58
-36,20,53
-17,8,61
-14,19,65
-27,9,58
-21,19,53
-37,19,64
-4,14,54
-31,1,54
-7,10,59
-30,2,49
-18,17,60
-29,12,55
-17,21,57
-25,21,51
-30,11,51
-20,27,59
-29,4,47
-10,29,63
-33,8,46
-22,17,53
-36,22,44
-14,15,65
-17,21,61
-20,17,56
-22,15,59
-24,10,52
-18,31,62
-28,24,53
-21,11,58
-26,23,53
-29,19,54
-33,19,57
-35,19,46
-32,13,52
-19,19,51
-50,13,38
-39,17,43
-43,19,54
-35,17,50
-46,20,40
-45,16,45
-41,16,50
-50,18,52
-57,19,39
-50,16,39
-52,17,44
-41,18,41
-53,15,31
-41,18,40
-50,15,38
-50,12,41
-51,14,27
-60,12,34
-55,19,37
-51,9,38
-53,22,39
-49,15,38
-53,18,37
-58,14,41
-42,12,41
-52,20,41
-56,12,38
-55,12,35
-56,22,47
-59,10,32
-53,15,38
-52,8,33
-50,13,30
-62,13,36
-64,7,35
-49,20,42
-57,10,33
-57,17,39
-56,15,42
-48,17,45
-54,17,40
-47,19,38
-51,14,35
-54,15,35
-50,13,37
-45,16,41
-53,9,35
-50,16,34
-57,17,40
-58,15,40
-44,21,41
-54,16,36
-51,19,40
-55,14,38
-59,15,40
-47,17,40
-52,17,39
-51,19,42
-52,18,40
-54,21,49
-49,17,44
-52,24,44
-42,15,44
-52,16,46
-48,13,43
-47,20,48
-42,17,41
-48,25,47
-36,18,41
-42,19,47
-43,15,42
-44,19,42
-43,17,42
-37,30,46
-44,19,42
-49,27,43
-44,14,43
-46,23,41
-40,22,38
-37,26,46
-43,21,47
-58,10,39
-42,35,34
-42,14,48
-42,24,44
-40,27,36
-44,20,52
-44,29,49
-45,20,41
-40,22,50
-34,23,51
-43,12,51
-32,16,39
-67,24,54
-32,16,55
-49,18,43
-53,14,43
-43,8,49
-44,20,48
-36,9,60
-29,15,59
-33,23,53
-49,13,48
-34,35,46
-17,19,54
-28,14,60
-14,27,53
-28,19,55
-25,20,70
-15,19,66
-20,15,53
-27,29,56
-22,8,54
-20,22,59
-21,17,52
-19,22,57
-23,20,55
-29,24,51
-22,26,58
-21,28,59
-19,26,58
-33,30,55
-29,32,56
-6,22,75
-25,34,64
-31,29,51
-24,25,53
-35,28,43
-10,23,45
-1,20,47
9,9,45
6,3,51
32,-12,76
32,-11,63
53,-7,49
19,10,44
11,7,62
31,18,64
22,16,65
11,11,54
-4,12,48
19,23,59
18,20,62
4,6,59
13,20,69
15,23,61
10,16,63
14,15,73
21,29,67
10,28,65
5,9,53
27,25,61
12,11,46
11,14,54
27,21,58
28,10,58
13,18,54
29,15,63
34,18,71
11,26,47
18,4,59
13,12,59
16,4,55
26,6,61
7,-1,49
13,5,59
9,23,54
21,11,67
10,23,65
25,28,71
15,11,63
11,25,63
11,9,61
14,28,56
15,20,63
20,18,61
17,18,58
15,11,55
18,14,60
25,9,61
19,15,63
20,8,61
11,11,54
19,13,60
19,17,59
14,10,58
18,16,64
13,6,58
18,18,63
12,11,58
12,10,59
8,10,51
21,12,60
-1,-2,48
13,7,57
15,10,63
15,8,60
19,10,43
15,10,40
26,-6,53
24,-3,48
37,-9,66
36,-5,55
42,-10,48
38,-18,61
53,-22,77
46,-11,57
46,-7,57
37,-9,54
43,-13,58
14,-1,42
23,-4,45
34,-8,49
31,-6,44
40,-11,49
31,-12,47
35,-12,52
26,-9,48
38,-10,52
43,-8,50
42,-8,53
28,-11,48
35,-8,49
39,-12,52
35,-10,48
43,-11,51
44,-11,56
57,-19,57
39,-10,53
35,-10,49
45,-13,50
46,-16,52
41,-10,47
38,-8,51
30,-9,61
23,-8,59
26,-2,56
28,-5,60
24,-8,74
19,-2,60
21,-4,56
0,-10,70
3,-7,71
-3,2,58
-8,2,56
-15,-2,61
-10,-2,63
-12,-2,61
-14,-1,58
-5,-2,61
-3,-1,59
2,-1,65
8,-2,70
0,-3,62
-8,0,57
-5,2,59
-5,1,62
-2,3,62
-3,3,63
1,2,62
-8,2,65
-9,2,61
-4,0,63
-3,0,64
-11,2,63
-8,2,67
-6,4,65
-15,4,56
-12,5,61
-13,5,64
-11,3,66
-15,3,62
-18,3,59
-17,6,61
-19,2,64
-25,7,60
-17,7,59
-17,9,64
-18,6,63
-23,10,57
-22,6,58
-18,11,60
-23,6,55
-23,8,57
-28,11,58
-23,10,61
-25,12,60
-22,15,62
-26,13,58
-27,10,56
-26,10,56
-34,8,55
-27,9,57
-25,11,57
-33,14,52
-28,9,59
-30,12,56
-34,8,51
-37,14,54
-31,12,56
-29,12,54
-28,10,57
-30,11,54
-47,11,48
-32,15,53
-43,11,41
-44,11,40
-40,14,37
-39,14,47
-37,16,49
-42,17,45
-49,21,46
-33,20,62
-34,17,61
-43,16,45
-46,13,45
-39,16,53
-39,20,52
-49,10,37
-53,12,46
-37,18,53
-49,10,41
-44,16,49
-43,13,43
-44,14,39
-41,12,46
-36,12,52
-50,8,36
-52,11,43
-47,17,53
-45,10,46
-43,10,48
-46,13,47
-43,12,46
-43,13,43
-44,12,53
-44,11,41
-42,3,43
-37,6,51
-43,20,56
-46,18,53
-41,10,47
-41,10,48
-44,9,47
-47,12,45
-48,10,45
-45,11,45
-45,8,47
-39,4,44
-46,1,35
-41,7,46
-41,10,50
-40,9,48
-38,9,49
-42,11,54
-40,14,55
-40,14,54
-40,13,52
-36,11,55
-33,10,54
-35,6,50
-26,13,56
-16,12,60
-22,12,58
-5,14,64
-4,12,66
-6,10,65
-9,10,62
-7,10,62
4,6,65
7,5,63
2,3,62
2,1,61
5,2,60
8,1,62
10,2,63
14,0,65
18,-1,65
23,-3,68
25,-5,66
23,-9,60
16,-9,53
16,-4,58
20,-7,56
27,-10,58
28,-10,57
26,-13,49
30,-15,51
51,-22,59
33,-18,50
34,-20,46
42,-17,54
47,-16,57
38,-28,45
43,-27,40
37,-44,33
40,-37,37
46,-30,42
40,-27,44
40,-25,44
44,-26,40
44,-24,41
44,-23,45
41,-25,42
44,-22,38
48,-24,34
50,-27,37
48,-29,40
53,-25,34
55,-21,29
45,-26,46
43,-24,45
47,-19,43
49,-19,43
51,-18,43
53,-13,40
51,-12,39
51,-9,41
53,-8,43
50,-5,37
44,-1,35
28,1,44
26,5,45
30,12,42
33,11,44
25,9,45
11,6,51
9,9,53
6,26,48
30,25,57
15,15,51
14,16,50
5,18,58
3,16,59
10,19,55
1,18,54
5,23,51
14,17,50
-4,24,51
-9,25,60
-11,22,66
-8,24,53
-22,22,56
-16,9,62
-6,7,64
-6,12,71
11,-4,68
7,-5,77
-29,-6,67
-23,-13,58
-18,8,21
20,-3,41
9,-13,25
2,-20,40
-13,-39,60
-16,-43,53
-18,-41,52
-23,-42,52
-4,-55,61
-3,-65,70
8,-57,68
4,-52,57
-28,-54,55
10,-50,36
15,-54,24
17,-56,24
-14,-66,30
-17,-84,26
19,-60,28
9,-66,17
-2,-54,22
-6,-69,22
4,-62,26
2,-63,18
-1,-59,19
-2,-51,18
8,-58,25
6,-60,18
18,-73,26
7,-64,14
14,-59,16
17,-59,20
12,-63,30
6,-67,31
-15,-60,13
7,-68,25
-10,-60,15
-6,-63,21
-7,-63,21
-8,-66,26
-3,-69,23
-14,-71,25
-15,-75,27
-11,-85,23
-3,-68,26
-19,-58,14
-33,-45,12
-13,-42,29
-7,-43,30
-28,-40,26
-47,-36,21
-25,-38,24
-51,-32,24
-58,-29,24
-68,-14,18
-60,-22,22
-79,-11,15
-74,-9,15
-67,-9,15
-70,-6,20
-74,-4,15
-69,-5,14
-60,-3,23
-65,2,19
-67,4,22
-50,3,26
-47,5,27
-56,6,30
-55,6,30
-31,2,43
-21,1,53
-24,-2,54
-31,-4,56
-34,-6,59
-32,-6,59
-33,-5,64
-21,-7,71
-26,-7,70
-31,-4,59
-24,-1,69
-11,11,65
-17,13,58
-19,21,49
-23,22,43
21,32,30
80,38,63
39,18,63
18,13,54
16,8,48
9,-2,16
-36,-24,15
-43,15,92
-25,11,72
3,17,56
1,26,62
-8,17,57
-18,18,56
-17,17,58
-16,22,57
-20,27,61
-22,26,57
-21,26,57
-24,29,61
-22,27,60
-27,30,63
-24,28,60
-20,26,57
-18,19,55
-19,22,59
-22,18,55
-24,22,61
-18,20,55
-25,19,52
-22,20,55
-23,20,54
-25,22,58
-24,21,56
-22,22,55
-21,17,54
-21,17,54
-25,21,59
-20,22,62
-23,25,62
-16,22,59
-19,22,63
-18,25,65
-18,23,65
-17,24,65
-13,18,57
-12,17,58
-6,15,60
0,13,62
-7,14,56
-6,15,57
-12,14,56
-8,15,57
0,12,57
-7,18,56
-5,17,59
-2,18,60
3,19,59
0,25,55
-1,25,57
-5,21,55
-4,21,53
6,24,61
18,31,71
-1,28,56
5,20,63
9,20,65
2,22,56
3,26,59
4,22,66
-7,24,55
10,23,55
4,18,54
6,22,54
5,15,54
7,17,55
9,14,56
5,14,57
8,11,55
12,9,54
17,7,57
16,5,57
16,2,53
21,0,52
22,-2,53
22,-4,52
33,-5,55
30,-7,51
29,-9,49
31,-11,50
35,-10,50
44,-16,56
40,-13,56
49,-15,60
49,-14,57
50,-11,58
49,-10,63
41,-12,51
45,-17,54
40,-24,50
47,-28,59
35,-27,66
34,-24,71
22,-8,82
38,0,90
32,1,79
29,7,66
30,12,64
27,20,54
26,24,49
18,21,42
10,21,37
-4,21,35
-8,17,36
-13,8,44
-23,3,20
-55,6,61
48,17,68
41,16,48
1,8,46
-1,12,57
15,15,66
17,11,63
20,11,66
16,6,64
25,11,64
21,11,62
24,9,59
13,9,56
19,5,57
22,8,57
21,5,55
27,3,60
23,1,56
31,0,61
31,2,59
33,0,62
39,3,64
22,5,53
36,11,59
22,1,57
39,0,56
31,2,55
31,2,59
36,4,59
21,5,51
29,1,50
31,3,50
26,2,50
30,-1,54
33,-1,56
31,3,60
36,2,59
25,-1,53
34,-4,56
22,1,47
38,-3,58
27,0,55
41,1,65
24,-8,46
31,0,57
25,2,53
32,-7,51
42,-3,57
32,-3,53
22,1,51
28,0,55
34,0,57
35,-1,58
32,0,56
27,3,55
32,-1,52
32,-6,53
34,-1,56
38,-5,57
35,-5,59
40,-2,58
40,-3,59
35,5,60
37,1,60
38,3,59
35,3,58
30,6,62
33,9,66
27,8,60
30,9,60
25,13,58
24,11,57
22,11,53
18,9,51
20,11,52
17,14,51
13,14,49
6,18,54
2,17,63
4,19,63
1,21,56
11,31,55
-10,27,45
-22,27,42
-17,27,43
7,16,50
19,9,47
27,5,46
45,-5,48
49,-8,48
50,-13,44
48,-19,43
51,-17,50
51,-13,53
45,-6,54
46,-6,56
44,-11,68
42,-13,68
40,-16,65
35,-20,54
35,-20,48
32,-19,40
31,-19,38
34,-18,40
40,-20,41
52,-23,40
56,-26,39
50,-20,36
54,-17,35
43,-19,38
51,-21,47
52,-12,43
58,-14,53
53,-10,54
42,-7,50
40,-7,45
41,-8,44
42,-7,47
45,-6,48
43,-5,48
37,-5,50
37,-3,52
35,1,53
32,1,55
34,2,56
29,4,55
32,6,55
28,6,57
22,6,53
23,4,54
18,7,53
27,7,51
28,6,57
18,6,64
29,5,66
-3,3,49
-10,2,48
-13,4,54
-8,7,60
-10,8,64
-26,9,50
-36,13,46
-29,11,54
-22,10,61
-20,11,56
-27,11,52
-34,14,55
-22,9,61
-20,5,55
-36,9,50
-27,14,57
-24,9,59
-29,3,54
-35,9,49
-35,7,48
-36,0,44
-46,4,37
-37,5,44
-37,6,46
-39,10,43
-18,18,67
-8,17,68
-6,17,68
9,16,70
25,12,75
12,10,66
9,-1,58
3,-1,57
22,3,67
21,1,67
18,-10,59
17,-11,58
16,-11,61
18,-16,54
28,-15,59
30,-18,57
23,-18,51
42,-27,55
53,-28,61
51,-38,50
57,-41,47
31,-33,50
26,-33,41
55,-41,50
13,-42,27
11,-21,48
32,-42,68
37,-34,53
31,-30,40
20,-32,44
30,-37,45
35,-36,39
28,-29,30
21,-30,38
31,-31,45
36,-29,49
36,-27,53
38,-21,50
38,-22,51
43,-24,43
41,-23,44
41,-20,50
50,-19,52
43,-18,43
41,-19,42
43,-17,48
42,-13,45
45,-13,45
40,-13,43
43,-10,44
42,-7,43
41,-5,45
44,-4,42
41,-4,40
44,-3,42
40,-2,42
51,2,55
73,0,54
30,-5,53
15,-3,62
23,13,62
14,15,60
18,11,63
29,30,68
43,21,65
26,12,30
19,3,21
-30,-1,31
-40,6,52
-20,40,55
16,28,71
17,25,65
16,3,64
9,20,62
7,22,55
9,13,55
8,3,70
28,-4,70
18,-7,67
-14,9,67
12,27,73
12,24,68
-5,39,60
-7,25,58
-9,36,53
-10,26,49
-15,21,48
-16,32,49
-13,27,52
-15,29,58
-15,29,56
-16,22,52
-17,25,55
-21,29,59
-14,29,61
-16,30,56
-10,21,61
-15,26,67
-14,30,65
-13,31,61
-6,26,65
-5,23,60
2,24,52
-2,14,57
14,21,56
15,28,50
10,20,57
20,22,61
20,27,54
15,23,60
6,23,59
15,23,48
15,31,46
14,38,46
16,29,45
7,22,41
2,23,47
1,25,55
-2,21,61
1,28,43
-13,23,29
-32,24,36
-48,20,58
-29,34,63
-30,35,48
-51,28,42
-48,36,63
-45,38,68
-56,33,56
-53,30,53
-49,28,49
-48,25,48
-48,23,40
-46,21,38
-42,17,36
-45,14,34
-44,15,33
-41,17,36
-40,17,39
-40,21,41
-40,22,44
-38,24,48
-42,27,48
-38,26,49
-44,28,49
-39,28,49
-39,28,50
-35,26,49
-37,24,46
-35,23,47
-31,21,48
-32,20,46
-31,20,47
-32,20,52
-29,24,49
-33,23,52
-35,26,51
-34,27,53
-37,28,52
-35,29,53
-32,29,52
-28,26,52
-28,25,53
-26,24,51
-26,22,49
-25,24,48
-26,26,49
-29,35,56
-30,37,59
-33,39,57
-37,42,56
-26,40,59
-16,35,59
-20,29,50
-20,26,48
-16,25,51
2,27,59
6,30,54
1,27,51
-1,25,51
1,23,53
7,26,47
10,30,49
7,30,49
3,27,49
15,20,51
14,22,48
-3,22,45
3,26,54
7,32,55
7,33,55
3,29,56
-1,28,57
-10,29,50
-17,33,44
-27,45,40
-34,52,37
-37,57,41
-20,49,42
-38,43,42
-40,38,58
-35,34,51
-40,30,43
-43,24,49
-57,27,47
-47,29,45
-43,26,31
-50,23,28
-47,16,30
-46,5,39
-42,22,43
-37,24,45
-46,23,42
-46,28,39
-40,25,39
-27,27,43
-30,26,37
-42,24,36
-36,23,39
-34,25,36
-40,23,34
-40,22,36
-38,15,44
-38,16,43
-39,12,49
-39,17,52
-48,22,53
-44,22,51
-46,20,44
-41,21,47
-38,18,47
-36,17,50
-33,20,48
-33,20,48
-30,17,50
-33,16,44
-39,13,45
-37,15,43
-38,15,41
-36,14,47
-38,14,47
-37,15,47
-40,18,44
-32,17,55
-32,19,53
-34,22,54
-35,22,53
-39,21,49
-24,16,55
-33,18,48
-33,16,50
-34,15,49
-33,17,49
-34,17,50
-38,18,50
-35,17,52
-35,18,49
-35,17,48
-39,20,48
-38,18,54
-34,20,55
-37,21,49
-36,22,48
-39,19,49
-34,17,51
-34,13,51
-36,13,52
-41,13,49
-44,15,50
-48,15,61
-47,20,61
-43,23,52
-39,25,57
-35,24,55
-29,25,52
-27,25,55
-28,27,55
-35,30,42
-47,33,9
-42,43,3
-45,45,-31
-39,40,-39
-29,35,-30
-41,34,-32
-66,15,-45
-46,35,-18
-36,39,-22
-61,46,-24
-54,45,-31
-50,47,-27
-51,39,-26
-50,35,-25
-50,29,-21
-45,19,-13
-45,16,-9
-41,6,-5
-46,0,-3
-42,-9,2
-39,-21,11
-45,-33,23
-54,-41,38
-49,-43,44
-55,-46,52
-55,-40,53
-50,-35,54
-46,-40,56
-25,-23,66
-17,-18,63
-19,-30,64
30,-10,105
40,-18,96
10,-15,59
15,-15,65
31,-18,62
35,-14,61
42,-15,56
38,-5,66
46,-7,63
50,-11,57
42,-3,58
37,1,54
32,5,56
29,3,55
42,-5,47
27,-3,51
38,-7,45
52,-3,45
57,2,54
49,6,55
47,10,53
33,13,47
46,12,60
13,9,67
28,23,78
20,19,70
-10,17,51
-17,19,45
-36,22,21
-35,23,24
-23,20,35
-18,20,35
-38,13,26
-26,-11,39
49,7,118
39,8,90
-16,18,36
8,20,63
6,22,65
10,12,62
19,15,64
19,8,64
18,14,62
11,16,59
12,16,60
18,14,59
13,16,58
15,16,59
15,16,59
21,13,61
24,11,57
27,8,60
32,10,62
30,6,62
29,14,64
26,9,61
32,9,61
24,12,56
26,8,56
28,8,54
28,5,53
40,3,57
19,8,50
27,4,51
33,5,57
33,1,55
38,2,59
38,2,58
36,-2,55
42,-4,57
33,-2,54
36,-1,54
29,-2,51
37,-7,53
37,-8,52
36,-7,53
37,-8,51
42,-7,54
44,-4,58
41,1,61
46,-3,58
43,-3,54
30,-2,48
24,-3,48
37,-6,53
36,-7,53
35,-6,54
31,-8,52
33,-8,52
34,-8,53
37,-10,54
38,-10,56
37,-8,53
35,-6,56
34,-8,56
37,-8,59
38,-5,60
32,-3,60
27,-4,57
26,-4,56
22,-3,57
22,-2,56
23,-2,58
21,-3,57
20,-4,55
20,-5,55
23,-3,62
25,-3,65
25,1,61
25,2,61
22,3,61
16,5,59
14,6,57
11,7,56
14,7,57
18,7,59
20,8,59
26,7,63
28,8,64
25,8,59
15,9,57
12,10,56
18,11,60
20,11,59
19,11,58
17,12,58
15,14,60
14,14,59
17,16,61
14,15,60
12,17,58
13,14,58
12,17,60
12,18,60
16,19,62
7,17,57
11,19,59
11,18,61
10,19,60
37,16,66
17,16,58
10,18,56
6,19,57
5,20,57
5,20,58
3,20,59
2,20,58
0,22,59
-3,24,53
-8,26,50
-12,38,47
-5,46,46
14,22,54
15,20,55
20,19,57
20,19,56
16,13,47
10,10,43
-4,5,42
-26,-7,40
-37,1,45
-16,12,36
-10,13,40
12,3,51
-3,-9,65
-26,-27,83
-22,-25,89
-10,-11,96
-25,-9,106
-9,0,102
4,0,92
0,-4,77
-7,-8,72
-4,-8,64
-9,-20,57
-10,-34,51
4,-25,61
7,-24,61
0,-22,56
3,-19,60
5,-10,66
4,-7,68
2,-18,65
14,4,87
15,9,75
13,-76,24
-41,7,68
-34,9,70
-22,-8,75
40,-12,22
-18,-38,59
-3,-45,37
11,-41,50
-4,-24,54
-7,-22,60
-12,-22,63
-12,-27,59
29,-12,66
-5,-13,57
-9,-26,59
3,-19,62
2,-22,61
1,-25,61
-1,-20,59
-2,-16,61
-3,-18,62
-3,-17,59
-3,-18,59
-5,-20,60
-5,-21,61
-4,-19,63
-6,-18,63
-6,-19,65
-8,-19,62
-6,-19,61
-9,-19,57
-8,-18,58
-8,-17,57
-8,-17,56
-10,-18,58
-8,-19,59
-8,-18,60
-8,-19,61
-7,-19,61
-11,-14,60
-13,-14,61
-10,-16,64
-8,-16,63
-12,-15,60
-12,-16,60
-11,-15,62
-9,-17,62
-9,-17,59
-11,-15,57
-11,-15,58
-10,-18,61
-11,-19,61
-11,-16,60
-10,-16,61
-9,-15,63
-10,-13,65
-8,-16,64
-7,-16,62
-10,-17,58
-11,-15,59
-9,-13,62
-9,-14,62
-9,-15,62
-8,-15,61
-8,-15,61
-9,-15,61
-8,-16,61
-7,-16,61
-7,-15,61
-7,-15,61
-7,-15,61
-7,-15,61
-8,-15,61
-7,-15,62
-7,-14,63
-9,-15,62
-7,-14,62
-6,-14,62
-7,-13,60
-7,-13,61
-9,-14,63
-9,-14,62
-7,-14,59
-7,-14,59
-8,-14,62
-9,-14,63
-9,-14,64
-8,-14,62
-8,-15,61
-8,-14,62
-8,-14,62
-7,-14,61
-7,-13,60
-7,-13,60
-7,-13,60
-9,-14,60
-8,-15,61
-6,-15,61
-4,-15,61
-6,-15,61
-5,-16,63
-6,-16,64
-3,-16,62
-4,-15,61
-4,-15,61
-4,-15,61
-4,-16,61
-3,-16,61
-3,-15,61
-4,-16,61
-3,-16,61
-3,-16,62
-2,-16,62
-3,-16,61
-3,-16,62
-3,-16,62
-3,-16,62
-3,-16,61
-3,-16,61
-3,-17,61
-2,-17,61
-2,-16,61
-2,-16,61
-2,-16,61
-4,-14,62
-4,-17,61
-3,-16,61
-3,-17,61
-3,-18,61
-3,-17,61
-2,-18,61
-2,-18,62
-1,-19,62
-1,-19,61
-2,-20,62
-2,-21,62
-4,-21,54
2,-19,56
7,-21,67
6,-18,62
3,-28,57
5,-28,56
10,-22,62
10,-24,60
9,-29,57
10,-28,57
12,-29,57
14,-31,61
18,-31,58
17,-28,57
21,-30,56
21,-32,57
19,-32,57
20,-33,56
31,-29,51
28,-27,47
22,-28,41
21,-29,39
15,-35,42
16,-37,44
17,-36,45
20,-37,45
22,-39,45
31,-36,48
32,-36,47
35,-35,44
35,-36,41
33,-37,35
33,-38,33
34,-41,31
32,-42,30
29,-39,28
29,-41,28
28,-43,25
27,-47,25
31,-49,27
35,-53,30
35,-57,31
31,-57,26
28,-54,24
32,-57,21
30,-53,24
26,-56,19
18,-60,13
15,-62,17
11,-64,23
8,-57,19
9,-52,21
14,-53,29
12,-48,38
2,-45,38
-6,-39,43
-6,-39,46
-5,-35,44
-5,-33,43
-10,-30,51
-19,-28,54
-22,-22,60
-27,-21,58
-34,-16,62
-37,-16,61
-37,-17,60
-34,-17,56
-40,-15,54
-43,-15,49
-47,-15,47
-49,-15,45
-35,-14,44
-47,-15,42
-52,-15,42
-46,-16,39
-47,-16,38
-43,-16,40
-45,-18,45
-47,-16,46
-44,-16,45
-44,-15,48
-42,-16,61
-42,-16,69
-38,-22,65
-36,-38,55
-128,26,35
115,-27,15
-22,32,53
-42,-16,39
-47,-13,40
-41,-19,42
-37,-19,39
-23,-18,46
-23,-20,49
-19,-21,56
-8,-19,65
-2,-18,76
-8,-14,75
-21,-6,66
-26,-6,63
-31,-9,60
-29,-7,62
-32,-3,60
-41,1,53
-45,3,48
-51,5,39
-55,8,34
-55,11,26
-52,12,23
-52,16,21
-52,15,23
-40,10,38
-57,15,34
-61,17,32
-62,20,34
-54,18,38
-42,25,43
-44,18,31
-65,34,35
-54,33,36
-52,36,35
-53,37,37
-58,38,40
-56,37,42
-48,40,33
-50,37,36
-46,35,34
-40,34,36
-38,29,38
-33,29,46
-35,27,34
-17,22,42
-7,20,47
-15,22,43
-11,19,50
3,20,55
4,20,53
6,18,52
3,29,57
-7,30,56
1,27,54
-6,34,53
-2,32,56
-39,42,36
15,23,63
11,38,49
-1,33,47
20,26,53
12,29,61
12,26,57
27,9,60
19,24,52
13,20,56
19,24,70
31,17,62
18,22,52
15,26,53
12,33,56
10,34,56
15,27,57
12,29,51
12,30,55
13,29,54
13,29,54
12,30,54
13,29,55
10,32,55
13,29,55
12,30,55
10,31,54
10,31,54
11,31,55
11,31,54
10,32,55
11,30,55
10,30,54
10,30,54
11,30,56
14,28,55
10,31,55
10,31,55
9,31,53
10,31,54
10,31,54
9,32,55
9,32,54
9,32,54
9,33,54
9,32,54
9,33,54
8,33,54
8,34,53
7,34,53
8,34,53
7,34,54
7,34,53
7,34,54
7,34,54
8,33,53
7,33,54
7,34,53
7,33,54
8,34,53
8,33,53
7,33,53
7,34,53
8,34,53
8,34,54
8,34,53
7,34,53
8,34,53
8,33,53
7,34,54
7,34,53
7,34,54
7,33,54
7,33,53
6,33,52
7,34,53
7,34,53
6,34,53
7,34,53
7,33,53
8,30,53
7,31,53
6,33,54
8,33,54
4,35,52
4,34,52
0,39,52
1,39,53
-1,39,52
-1,38,52
0,37,52
1,36,52
2,35,53
0,34,52
0,34,52
-1,35,52
0,35,52
-2,33,52
-2,33,52
-3,30,51
-6,35,51
-8,35,50
-10,34,49
-10,34,51
-15,36,49
-17,36,49
-19,36,46
-20,30,50
-24,32,43
-28,32,42
-32,30,40
-35,26,33
-25,28,44
-18,25,48
-7,20,60
-10,20,61
1,14,67
-8,17,64
-20,11,54
-7,6,48
17,-6,94
-24,3,67
-23,1,56
-13,8,50
17,-2,68
4,-4,66
-18,-14,59
-10,-15,68
-1,-14,74
-1,-13,78
0,-11,80
-12,-12,84
-20,-11,75
-16,-4,65
-14,-1,53
-1,-1,59
15,0,55
13,-5,51
6,-14,74
-2,-20,75
1,-17,65
28,4,79
22,-78,66
-97,46,60
-13,-20,103
12,-7,59
11,-15,58
-89,-128,-5
-32,-15,-11
83,-9,66
30,-68,27
11,-23,76
21,-33,77
18,-39,51
2,-39,55
-17,-51,53
-15,-44,45
-16,-35,39
-18,-25,39
-22,-16,43
-41,-9,40
-46,-8,41
-44,-6,47
-42,-3,51
-41,-1,47
-43,1,44
-58,2,40
-60,5,40
-49,14,46
-24,14,49
-22,8,56
-17,-15,83
26,-76,95
5,0,56
2,-30,57
-5,-25,51
-19,-24,39
-10,-43,60
-4,-44,52
8,-43,51
11,-44,50
10,-40,44
16,-46,48
23,-51,48
27,-39,42
28,-41,42
31,-43,41
27,-45,40
18,-50,38
22,-50,43
32,-39,35
33,-47,38
24,-58,40
16,-55,46
11,-53,49
3,-56,51
-1,-53,45
-18,-46,57
-20,-46,59
-20,-43,59
-22,-41,64
-21,-33,69
-25,-27,69
-31,-15,61
-31,-5,56
-31,-1,53
-31,8,44
-31,10,40
-36,14,31
-34,15,29
-39,18,24
-42,17,21
-44,18,20
-45,17,19
-41,12,15
-46,9,8
-53,3,12
-63,-1,4
-60,-6,12
-73,0,2
-75,7,-4
-85,18,-9
-77,18,-12
-84,23,-21
-74,16,-17
-66,27,-9
-66,27,-9
-61,20,-3
-58,21,0
-62,20,4
-62,18,6
-62,19,6
-60,19,7
-60,19,7
-62,21,10
-61,20,10
-62,19,13
-60,20,12
-61,20,11
-59,19,11
-63,19,9
-63,18,9
-62,16,9
-62,14,10
-61,14,10
-62,14,9
-62,14,9
-64,13,9
-64,13,8
-64,14,8
-64,14,8
-63,14,8
-62,14,9
-62,13,9
-64,14,9
-63,14,9
-63,14,9
-63,14,9
-63,15,10
-63,14,10
-62,14,11
-62,14,11
-62,14,10
-61,14,11
-63,13,11
-63,13,11
-63,14,11
-62,14,12
-62,14,12
-63,13,11
-62,13,11
-62,13,12
-62,14,11
-63,13,11
-63,13,12
-64,14,11
-63,14,11
-64,15,10
-63,15,10
-62,14,12
-61,13,15
-62,12,14
-62,13,15
-62,12,14
-60,11,15
-59,11,16
-61,11,17
-61,11,17
-61,12,17
-62,12,16
-62,13,14
-62,14,15
-61,14,16
-62,14,15
-62,14,15
-61,15,15
-61,16,15
-60,16,15
-60,16,15
-60,15,16
-60,15,16
-62,15,14
-64,15,12
-61,15,13
-62,15,13
-62,16,13
-62,15,12
-62,16,13
-62,15,14
-62,15,13
-63,15,12
-62,15,13
-62,15,13
-62,15,13
-62,15,13
-62,16,13
-61,16,13
-61,16,13
-61,16,13
-62,16,13
-62,16,13
-61,16,14
-62,17,14
-61,16,14
-61,16,14
-62,16,13
-61,17,13
-61,16,13
-61,16,14
-61,16,14
-61,16,15
-61,16,13
-60,17,13
-62,17,11
-62,16,11
-62,17,11
-63,19,10
-62,17,10
-62,17,13
-61,16,13
-62,16,13
-62,16,16
-60,16,16
-60,16,15
-61,16,14
-61,16,14
-62,16,13
-61,16,13
-61,16,13
-61,16,13
-61,16,14
-61,16,13
-62,17,13
-63,17,12
-61,17,12
-61,18,12
-61,17,12
-62,17,11
-60,17,13
-61,17,12
-63,17,11
-62,17,12
-61,17,13
-61,18,12
-61,18,12
-61,17,13
-61,17,13
-61,18,12
-62,18,12
-62,17,11
-61,17,12
-61,17,13
-61,17,13
-61,17,13
-61,17,13
-61,17,13
-61,17,12
-61,17,13
-61,17,13
-61,17,14
-62,17,13
-61,17,13
-61,17,14
-62,17,14
-61,17,14
-62,17,14
-61,17,15
-60,17,15
-61,17,15
-60,17,15
-60,17,15
-61,17,15
-61,17,15
-61,17,15
-61,17,15
-61,17,16
-61,17,15
-61,17,15
-60,17,15
-60,17,16
-61,17,15
-61,17,15
-61,17,15
-61,17,15
-61,17,15
-61,16,15
-61,16,16
-60,17,16
-60,17,16
-60,16,16
-60,17,16
-61,16,16
-60,17,16
-60,17,16
-60,17,16
-61,16,15
-61,16,15
-61,16,15
-61,16,15
-60,16,14
-61,17,13
-61,16,11
-62,16,11
-61,17,12
-62,16,10
-63,15,10
-64,15,9
-63,15,9
-63,15,9
-63,15,9
-64,13,9
-63,14,9
-62,15,8
-60,14,9
-64,13,8
-64,12,9
-66,11,13
-61,11,14
-61,12,9
-63,12,9
-64,12,9
-64,12,11
-64,13,10
-63,12,10
-63,12,11
-62,12,12
-62,12,11
-64,12,9
-64,12,8
-64,11,12
-62,11,15
-60,9,19
-62,8,20
-62,8,20
-59,8,21
-59,8,22
-57,9,23
-57,9,22
-61,10,19
-62,10,18
-63,9,18
-63,10,18
-62,9,17
-62,10,17
-62,10,17
-62,10,17
-61,10,17
-61,11,16
-62,11,16
-62,11,16
-62,11,16
-61,11,16
-62,11,16
-63,12,16
-62,12,16
-62,12,16
-61,12,16
-62,12,16
-62,12,16
-62,11,16
-62,12,16
-62,12,16
-62,12,16
-62,11,16
-61,11,16
-61,12,16
-62,12,17
-61,12,16
-62,12,16
-62,12,16
-62,12,16
-62,12,16
-62,12,16
-62,11,17
-62,12,17
-61,12,16
-62,12,16
-62,12,16
-62,12,15
-64,12,16
-63,12,16
-61,11,14
-61,12,18
-62,12,16
-62,12,16
-61,12,16
-62,12,16
-61,11,17
-62,12,16
-62,12,16
-62,12,16
-62,12,16
-62,12,16
-61,12,16
-62,12,16
-61,12,16
-62,12,16
-62,12,16
-61,12,16
-61,12,16
-62,12,16
-62,12,16
-62,12,16
-62,12,16
-62,12,16
-62,12,16
-62,12,16
-62,12,16
-63,12,15
-62,11,16
-65,11,17
-67,10,20
-76,4,24
-73,0,26
-55,-4,35
-55,-6,37
-40,11,50
-38,18,54
-28,31,45
-16,38,41
-15,38,29
-25,25,22
-38,18,21
-64,10,13
-76,6,5
-76,8,11
-75,11,21
-63,8,33
-56,5,39
-59,6,49
-55,5,50
-44,1,57
-39,0,59
-33,-1,59
-26,0,59
-18,-1,62
-9,-3,66
-14,-4,56
-51,-30,43
-19,-16,65
-31,-14,58
-32,-10,62
-26,-8,63
-27,-12,63
-22,-20,66
-24,-17,54
-33,-23,46
-37,-11,42
-42,2,34
-73,21,12
-72,28,6
-76,27,-3
-77,28,0
-62,32,4
-56,33,8
-48,35,22
-40,39,35
-35,39,46
-29,33,41
-29,19,24
-67,11,9
-73,13,18
-60,9,16
-62,8,16
-57,8,26
-59,12,24
-65,14,13
-65,14,12
-61,15,10
-63,15,10
-62,15,8
-65,17,8
-66,18,9
-60,17,10
-63,16,7
-63,17,6
-59,17,7
-56,16,7
-57,16,8
-60,16,8
-63,19,9
-64,21,10
-65,22,12
-62,23,14
-66,22,8
-65,22,6
-66,21,6
-62,20,9
-55,13,17
-55,12,21
-63,15,13
-63,15,14
-64,16,14
-64,15,14
-63,14,17
-63,11,20
-57,10,22
-60,11,22
-63,11,22
-64,8,28
-62,9,25
-50,10,29
-47,8,34
-60,10,26
-60,13,25
-54,12,40
-62,9,34
-69,11,31
-79,19,20
-86,18,23
-66,25,22
-69,29,17
-66,33,10
-56,32,16
-41,32,20
-29,32,25
-10,35,34
-3,36,36
19,37,37
29,39,40
28,37,34
40,30,26
44,27,24
41,26,21
43,25,22
42,25,29
39,26,33
35,29,37
34,30,38
34,31,39
34,34,42
37,36,47
29,37,48
31,36,50
30,36,50
29,37,48
28,36,47
26,36,45
23,39,43
25,37,42
28,35,42
29,34,43
33,34,42
32,34,40
33,34,40
31,38,38
32,38,37
33,36,38
31,38,36
30,40,33
32,41,32
31,40,35
32,41,39
33,45,41
30,44,33
20,38,27
16,41,38
19,39,38
22,39,38
19,36,41
16,32,49
11,29,56
11,26,62
5,25,61
2,20,71
6,10,74
3,-8,56
-1,-6,68
4,-11,63
-3,-23,50
-7,-22,52
-2,-25,41
1,-24,43
-5,-39,72
57,-27,127
25,-23,79
17,-22,69
-1,-23,51
5,-21,50
8,-24,53
9,-26,51
11,-24,51
8,-20,55
13,-23,54
28,-32,76
13,-20,70
7,-22,62
8,-21,63
5,-21,61
0,-21,61
2,-22,62
3,-23,62
-2,-24,60
-2,-24,57
0,-23,58
0,-22,61
-1,-21,60
-2,-20,59
-1,-20,59
-1,-20,59
-2,-19,59
-2,-18,62
0,-19,61
2,-19,61
-4,-21,60
-1,-18,61
0,-18,59
-2,-19,59
-1,-19,60
-1,-19,62
-3,-20,61
2,-18,62
-1,-19,61
-1,-19,58
-2,-18,59
-2,-19,59
-3,-18,59
-2,-19,58
-2,-18,58
0,-22,60
4,-22,65
0,-22,63
0,-22,61
-1,-20,60
-1,-21,59
1,-21,61
1,-20,61
-1,-19,60
0,-19,60
-1,-19,60
-1,-20,59
0,-20,60
-1,-20,60
-1,-20,60
-1,-20,60
-1,-20,59
-1,-21,59
-1,-21,60
-1,-21,61
-1,-22,59
-2,-21,61
-1,-20,61
-1,-19,62
-2,-19,61
-2,-20,61
-1,-20,60
-2,-21,60
-2,-21,59
-1,-21,60
-1,-22,60
-1,-22,60
-2,-21,59
-2,-21,59
-1,-21,60
-1,-22,60
-1,-22,59
-2,-21,60
-1,-21,59
-1,-22,59
-2,-21,60
-2,-21,60
-1,-22,59
-1,-22,59
-1,-21,59
-1,-21,60
-2,-21,60
-1,-21,60
-2,-21,60
-1,-21,60
-1,-21,60
-2,-21,60
-2,-21,59
-2,-21,60
-2,-21,60
-2,-21,60
-1,-21,60
-2,-21,60
-2,-21,61
-1,-21,60
-1,-21,60
-1,-21,60
-2,-21,60
-2,-20,60
-2,-21,61
-2,-21,60
-2,-21,60
-1,-21,60
-1,-21,60
-2,-21,60
-1,-21,60
-2,-21,59
-2,-21,60
-2,-20,60
-2,-20,60
-1,-20,60
-1,-20,60
-2,-20,60
-2,-20,60
-2,-21,60
-2,-21,60
-1,-21,60
-2,-21,60
-2,-20,60
-2,-20,60
-2,-20,60
-2,-20,60
-1,-21,60
-2,-21,60
-1,-20,60
-2,-20,60
-2,-20,60
-2,-20,60
-2,-20,60
-2,-21,60
-2,-20,60
-2,-21,60
-2,-21,61
-1,-20,60
-2,-20,60
-2,-20,60
-2,-21,60
-2,-20,60
-2,-20,61
-2,-20,60
-2,-20,60
-2,-20,60
-2,-20,61
-2,-21,60
-2,-21,60
-2,-21,60
-2,-21,60
-1,-21,60
-2,-21,61
-2,-21,60
-2,-21,60
-2,-21,60
-2,-21,60
-2,-21,60
-2,-21,60
-2,-21,60
-2,-21,60
-2,-21,60
-2,-21,60
-1,-21,60
-2,-21,60
-2,-21,59
-2,-21,60
-2,-21,59
-2,-21,59
-1,-21,60
-2,-21,59
-2,-21,60
-2,-21,60
-2,-21,60
-1,-21,60
-2,-21,60
-2,-21,60
-1,-21,60
-2,-21,60
-2,-21,60
-2,-21,61
-2,-21,60
-2,-21,60
-1,-21,60
-2,-21,60
-2,-21,60
-2,-21,60
-2,-21,60
-2,-21,60
-1,-21,60
-2,-20,60
-2,-21,60
-2,-21,60
-2,-21,60
-1,-21,61
-2,-21,61
-2,-21,61
-2,-21,60
-2,-21,60
-2,-21,60
-2,-21,60
-2,-21,60
-2,-21,59
-1,-21,59
-2,-21,60
-2,-21,60
-2,-21,60
-2,-22,60
-2,-21,60
-2,-21,60
-2,-21,59
-2,-21,59
-2,-21,59
-2,-21,60
-1,-21,59
-2,-21,60
-2,-21,61
-2,-22,61
-2,-22,61
-3,-22,65
-3,-23,66
-2,-23,64
-4,-23,64
-8,-22,62
-4,-21,63
-4,-23,63
-1,-24,65
-2,-24,65
2,-21,67
7,-20,69
6,-15,66
10,-11,68
7,-8,64
7,-5,65
12,1,69
17,4,70
29,4,71
40,3,64
39,5,61
28,5,53
27,5,51
23,6,43
21,4,43
17,0,40
11,-2,36
4,-7,45
-63,-60,120
-14,17,45
27,26,53
57,20,73
12,18,56
8,8,55
14,10,60
24,7,63
21,10,57
14,11,57
12,13,59
16,13,59
20,9,61
16,18,60
15,15,60
17,14,59
17,13,60
16,13,59
14,13,59
13,15,60
16,14,60
16,12,60
16,12,60
15,12,61
16,13,61
14,12,59
14,11,60
16,11,61
16,10,59
16,10,59
16,10,61
16,10,62
15,9,60
15,9,61
15,9,58
15,6,59
15,8,62
15,7,62
16,6,61
16,5,60
16,4,60
16,3,61
16,3,61
17,1,60
17,1,60
19,4,59
17,3,60
17,2,58
19,4,56
19,4,61
16,6,57
13,11,60
17,15,63
16,15,61
16,16,62
14,17,61
14,17,59
15,18,59
15,19,60
13,19,59
13,19,58
13,19,58
14,18,60
14,18,60
14,18,60
14,16,59
15,15,58
14,16,59
15,15,59
15,16,59
15,15,58
15,15,59
15,15,59
15,16,59
15,16,59
15,16,59
14,17,59
15,16,59
15,16,59
14,17,59
15,17,59
15,17,59
14,17,58
14,17,59
15,18,59
14,17,59
14,18,59
14,18,59
15,17,59
15,18,60
14,17,58
15,17,59
15,16,59
14,16,59
14,16,59
15,16,59
14,16,59
14,16,58
15,16,58
15,17,59
13,16,58
14,18,59
14,17,59
14,18,60
14,18,59
14,17,59
15,18,59
14,17,58
15,17,59
15,17,58
15,17,59
14,17,59
14,18,59
14,17,58
15,17,59
14,18,59
14,17,59
14,17,58
15,17,58
14,17,59
15,17,58
14,17,59
14,17,59
14,17,59
15,17,59
15,17,59
14,18,59
14,17,59
14,18,58
15,17,58
15,18,59
14,18,59
14,17,59
14,17,59
14,18,59
15,17,59
15,18,59
14,17,58
14,17,58
14,18,59
15,18,59
14,18,59
14,18,59
14,18,59
15,18,59
14,17,58
14,18,59
14,18,58
14,18,59
14,18,59
14,18,58
15,18,59
14,18,59
14,18,59
14,18,59
14,18,59
14,17,58
14,18,58
14,18,59
14,18,59
14,18,59
14,17,58
15,18,59
14,18,59
14,18,59
13,18,58
15,18,59
14,17,58
14,18,59
14,18,58
14,18,59
14,18,59
15,18,58
15,18,59
14,18,58
14,18,59
14,18,59
14,18,59
14,17,58
14,18,59
14,18,58
14,18,59
14,17,59
14,18,59
15,18,59
14,17,58
14,18,59
14,18,59
15,19,59
14,17,59
14,18,59
15,17,58
14,18,59
14,17,59
15,17,59
15,18,59
14,17,59
14,18,59
14,17,58
15,17,59
15,17,59
15,18,59
14,17,59
14,17,59
14,17,59
15,17,59
15,17,59
14,16,59
14,17,59
15,17,59
15,17,59
14,17,58
15,18,59
14,17,59
14,17,59
14,17,59
14,18,59
15,18,59
14,17,59
14,18,59
15,18,59
15,17,59
14,17,58
14,18,59
14,17,59
14,18,59
14,17,58
14,18,59
15,18,59
14,17,58
14,18,59
14,17,58
15,17,59
14,18,59
15,18,59
14,17,59
14,18,59
14,17,59
14,18,59
15,17,59
14,18,59
14,18,59
14,17,59
15,17,59
14,17,58
15,18,59
14,18,59
14,18,59
15,18,59
15,18,59
15,17,59
14,18,59
14,18,59
14,17,59
14,18,59
14,18,58
15,18,59
14,18,59
14,18,59
14,18,59
15,18,59
14,18,58
14,18,59
14,18,59
14,18,59
14,18,59
14,18,58
15,18,59
14,18,59
14,18,59
14,18,59
15,18,59
14,18,59
14,18,58
14,18,58
14,18,59
14,18,59
14,18,59
15,19,59
14,18,59
14,19,59
14,18,59
14,18,59
14,18,58
14,19,59
14,18,59
14,18,58
14,18,59
14,19,59
15,18,59
13,18,58
14,19,59
14,18,59
14,18,59
14,18,58
14,19,59
14,18,59
14,18,58
15,19,59
14,18,59
15,19,59
13,18,59
14,19,59
14,18,59
14,18,59
14,18,58
14,19,59
14,18,58
14,19,59
14,19,59
14,18,59
14,19,59
14,18,58
15,18,58
15,18,59
14,19,59
14,19,59
13,18,60
15,18,58
15,18,59
14,18,59
12,18,59
11,17,58
15,16,59
15,16,59
14,16,59
12,15,59
13,15,60
14,15,60
13,15,60
13,15,61
12,15,60
15,14,60
15,14,61
14,13,61
11,13,60
10,13,59
14,12,60
15,12,61
12,13,60
13,13,61
14,13,60
14,12,61
13,13,61
13,13,60
14,13,61
13,13,60
13,13,60
14,13,61
13,13,61
13,13,61
12,13,60
13,13,61
13,14,61
13,13,60
13,14,60
14,14,60
13,13,60
13,14,59
13,14,60
14,14,60
13,15,61
12,14,60
14,15,60
14,14,59
13,14,61
13,15,59
14,15,61
13,14,60
13,15,60
13,15,60
13,15,60
12,15,59
10,16,59
17,14,63
20,10,62
3,12,57
12,12,60
16,9,60
16,8,59
18,8,60
19,9,61
19,9,60
18,9,60
16,10,59
16,11,61
15,11,60
14,12,60
14,12,60
17,13,60
15,13,60
14,14,60
15,15,61
16,14,60
15,13,59
14,13,59
15,13,59
15,14,59
15,13,60
14,14,59
14,14,60
15,14,60
15,14,60
15,14,59
15,14,59
14,14,59
14,14,60
15,14,59
15,14,59
14,14,60
15,14,59
15,14,59
15,14,60
15,14,59
15,14,60
15,14,59
14,14,59
14,14,59
15,14,59
15,14,60
14,14,59
14,14,60
15,14,60
15,14,59
15,14,60
15,14,60
15,14,59
15,14,59
14,14,60
15,14,59
15,14,59
14,14,60
14,14,60
15,14,60
15,14,60
15,14,59
15,14,59
15,14,60
15,14,59
15,14,60
15,14,59
15,14,59
14,13,59
14,14,59
16,14,60
15,14,59
15,14,59
14,14,60
15,14,60
16,13,58
15,14,59
16,14,59
14,14,59
14,14,59
16,13,59
17,13,59
15,14,59
15,15,59
16,13,59
18,13,59
16,15,59
14,15,59
15,15,59
16,15,59
15,15,59
14,16,59
15,17,59
16,16,59
16,16,59
15,16,59
16,16,59
16,16,59
15,16,59
15,16,59
16,16,58
15,16,59
15,16,59
16,17,60
16,16,59
15,16,58
15,16,59
16,16,60
16,16,59
15,16,58
15,16,59
15,16,59
15,16,60
15,16,59
16,16,59
15,16,59
15,16,59
15,16,59
15,17,59
16,16,59
15,16,59
15,17,59
15,16,59
16,16,59
15,16,59
16,16,59
16,16,59
15,16,59
15,15,58
16,15,59
16,16,60
15,16,59
15,16,59
15,15,59
16,15,59
15,15,59
16,16,59
16,15,59
15,16,59
15,15,59
16,16,59
16,16,59
15,15,59
15,15,59
15,15,59
16,15,59
15,16,59
16,16,60
15,15,59
15,15,59
15,15,59
16,16,59
16,16,59
15,15,59
15,16,59
15,15,59
16,16,60
15,16,59
15,16,59
15,15,59
15,16,59
15,15,59
15,16,59
16,16,59
15,15,58
15,16,59
15,15,59
16,16,59
15,15,59
15,16,59
15,15,59
15,16,59
16,16,59
15,16,59
16,16,59
15,15,59
15,16,59
16,16,59
16,16,59
15,16,59
15,16,59
15,16,59
15,16,59
15,16,59
16,16,59
16,16,59
14,15,59
15,16,59
16,16,59
16,16,59
15,16,59
15,16,59
15,16,59
15,16,59
15,16,59
15,16,59
15,15,59
15,15,59
15,16,59
15,16,59
15,16,59
15,16,59
15,16,59
15,16,60
15,16,59
15,15,59
15,15,59
15,15,59
15,15,59
15,15,59
16,15,59
16,15,59
15,14,59
15,14,59
16,15,59
16,14,59
15,14,59
15,14,59
15,14,59
15,14,59
16,15,59
16,15,59
15,15,59
15,15,59
15,14,59
16,14,59
16,15,60
15,15,59
15,15,59
15,14,59
16,14,59
16,15,59
15,15,59
15,14,59
15,15,59
15,14,59
15,15,59
16,14,59
15,15,60
16,15,59
15,15,60
15,15,59
16,14,59
16,15,59
15,15,59
15,15,59
16,15,60
15,15,60
15,14,59
15,15,59
15,15,59
15,14,59
15,14,59
16,14,59
15,14,59
14,15,59
15,15,59
16,15,59
17,14,60
16,14,59
15,15,59
16,15,59
15,14,59
15,14,59
15,15,59
16,14,59
15,14,59
15,14,59
16,15,59
16,14,60
15,14,59
15,14,59
15,14,59
15,14,59
16,14,59
16,14,59
15,15,59
15,14,60
15,14,59
16,15,60
16,14,59
15,14,59
15,14,59
16,14,60
16,14,59
16,14,59
15,14,59
15,15,59
15,15,59
15,15,59
16,15,60
16,15,60
15,16,59
15,15,59
15,15,59
16,15,59
16,15,59
15,15,59
15,15,59
15,15,59
15,15,59
15,16,59
15,15,58
15,15,59
15,16,59
16,16,60
16,17,61
15,17,60
15,16,59
14,15,58
15,16,59
15,16,59
15,17,59
15,16,59
14,16,59
15,16,59
15,15,60
15,16,59
14,15,59
15,15,59
15,15,59
15,15,59
15,15,59
15,16,60
15,15,60
15,15,59
15,15,60
15,15,59
15,15,59
14,15,59
15,15,59
15,15,59
15,15,59
15,16,59
15,15,59
15,15,59
15,15,59
15,15,60
15,15,59
15,15,59
15,15,59
15,15,59
15,16,59
15,15,59
14,16,59
14,15,59
15,16,59
15,16,59
15,16,59
15,16,59
15,16,60
15,15,59
15,16,59
15,16,59
15,16,59
14,16,59
14,15,59
15,16,60
15,16,59
15,15,60
15,15,59
15,15,59
15,14,59
14,15,59
15,15,59
15,15,59
14,15,59
14,15,59
15,15,60
16,15,60
15,15,59
15,15,59
15,15,59
15,15,60
15,15,59
15,16,59
15,16,59
14,16,59
14,15,59
15,16,59
15,16,60
14,16,59
15,16,59
15,16,59
15,16,59
15,15,59
15,16,59
15,16,59
15,16,59
14,16,59
14,16,59
15,17,59
14,16,59
14,16,59
15,17,59
15,16,59
15,16,59
14,16,59
15,16,59
15,16,59
15,16,59
15,17,59
15,16,59
15,16,60
14,16,59
15,17,59
15,16,59
14,16,59
14,16,59
14,16,59
15,16,59
15,16,59
15,16,59
14,17,59
15,16,59
14,16,59
15,17,60
15,16,59
15,17,59
14,16,59
14,16,59
15,16,59
15,16,59
14,17,59
14,16,59
15,16,59
15,16,59
15,17,60
15,16,59
14,16,59
14,16,59
15,16,59
15,16,59
15,16,59
15,16,59
14,16,59
15,16,60
15,15,59
15,16,59
15,16,59
14,16,59
15,15,59
15,16,59
15,16,59
15,15,59
15,16,59
14,15,59
15,15,60
15,15,59
15,16,59
15,15,59
15,15,59
15,15,60
15,15,59
16,15,60
14,15,59
15,15,59
15,15,59
15,15,60
15,15,59
15,16,59
15,15,59
15,15,59
15,15,60
15,15,59
15,16,60
14,15,59
15,15,59
15,16,59
15,16,60
15,15,60
14,16,59
15,16,59
15,15,59
15,16,60
15,15,59
15,16,59
14,15,59
15,15,59
15,15,59
15,16,60
14,15,59
14,16,60
14,16,59
15,15,59
15,16,60
15,16,59
15,16,59
14,15,59
15,16,59
15,15,59
15,16,59
15,16,59
14,16,59
15,16,59
14,16,59
15,16,60
15,16,59
15,16,59
14,15,59
14,16,59
15,16,59
15,16,59
14,16,59
14,16,59
15,16,59
14,16,59
15,16,60
15,16,59
15,17,59
14,16,59
14,16,59
15,16,59
15,16,59
14,16,59
14,16,59
15,16,59
15,16,59
14,16,59
15,16,59
15,16,60
14,15,59
15,16,59
15,15,59
15,15,60
14,15,59
14,15,59
15,15,59
15,15,59
14,15,59
14,15,59
15,15,59
15,14,59
15,15,59
15,15,59
15,15,60
14,16,59
15,16,60
15,15,60
14,15,59
14,15,59
15,15,59
14,15,59
14,15,59
14,16,59
15,15,59
15,15,60
14,15,59
14,15,59
14,15,59
15,15,59
15,15,59
15,15,59
14,15,59
14,15,59
14,16,59
15,16,59
15,15,59
15,15,59
14,15,59
15,16,60
15,15,59
15,15,59
14,15,59
14,15,59
15,15,60
14,15,59
15,16,59
14,15,59
14,15,59
14,16,60
15,15,59
15,15,59
14,15,59
15,15,59
14,15,59
14,15,59
15,15,60
15,16,60
14,15,59
14,15,59
14,15,59
14,15,59
15,15,60
15,15,59
14,15,59
14,15,59
15,14,59
15,15,59
15,15,59
14,15,60
14,15,59
15,15,60
15,15,60
15,15,59
14,15,59
15,15,59
14,14,59
14,15,60
14,15,59
15,15,60
14,14,60
14,16,60
15,15,60
14,14,59
15,14,59
15,14,59
15,14,59
14,14,59
14,14,60
15,15,60
15,15,60
14,15,60
14,15,59
15,15,59
15,15,60
15,15,59
15,15,60
14,15,59
14,15,59
14,15,60
15,15,59
15,15,60
14,15,59
14,15,59
15,15,60
15,15,60
15,15,60
14,15,59
15,15,60
14,14,59
14,15,60
15,15,60
15,15,60
14,14,59
14,14,59
15,14,59
15,14,59
15,14,59
15,14,59
15,14,59
15,14,60
15,15,60
15,15,60
14,15,59
14,15,60
14,15,59
15,14,59
15,15,60
14,15,60
14,15,59
15,15,60
15,14,59
15,15,59
15,15,59
14,15,59
15,15,60
14,14,59
15,15,60
15,15,59
15,15,59
14,14,59
15,15,60
15,14,59
14,14,59
15,15,60
15,14,59
15,15,60
14,15,59
15,15,60
14,15,59
14,15,59
14,15,60
15,15,60
16,15,60
14,15,59
14,16,59
15,15,59
15,15,60
14,15,59
14,16,59
15,16,59
14,15,59
14,15,59
15,15,59
16,16,59
14,15,59
14,16,59
15,16,59
15,16,60
14,15,59
14,16,60
14,16,59
14,16,59
14,15,60
15,16,59
15,16,60
14,15,59
14,16,59
15,16,59
15,16,60
14,16,59
14,16,59
15,16,60
14,15,59
14,16,60
14,16,59
15,16,60
14,16,59
14,16,59
15,16,59
15,16,60
14,16,59
14,16,59
14,16,60
14,16,59
15,16,59
14,16,59
15,16,60
14,16,59
14,16,59
15,16,59
15,16,60
14,16,59
14,16,59
15,16,59
14,16,59
15,16,59
15,15,58
15,16,60
14,17,60
13,16,59
14,16,59
15,16,59
14,16,59
14,16,59
14,15,59
14,16,59
14,16,59
14,16,59
14,16,59
14,16,60
14,16,60
15,16,59
15,16,59
14,16,59
14,16,59
15,16,59
15,15,59
14,16,59
14,16,59
14,16,59
14,15,59
15,15,59
15,16,59
15,16,59
14,16,59
14,16,59
15,16,59
15,15,59
14,16,59
14,16,59
14,15,59
14,16,59
14,16,59
15,16,59
14,16,59
14,16,59
14,15,59
15,16,59
15,16,59
14,16,59
14,16,59
14,16,59
14,16,59
14,17,59
14,16,59
14,16,59
14,16,59
14,16,59
15,16,59
15,16,59
14,16,59
14,17,59
14,16,59
15,16,59
14,17,59
14,17,59
14,16,60
14,17,60
15,17,61
15,15,59
15,15,59
14,15,59
14,15,59
15,14,59
15,14,59
15,14,58
15,15,60
15,14,59
14,15,59
15,16,60
14,15,59
15,16,59
14,15,59
14,15,59
15,16,60
15,15,59
15,15,59
14,16,59
15,16,60
14,16,59
14,16,59
14,16,59
14,15,59
14,15,59
15,15,59
15,16,59
15,16,59
14,16,59
14,16,59
15,16,60
15,16,59
14,16,59
14,16,59
15,15,59
15,16,60
15,16,59
15,16,59
15,16,59
14,16,59
14,16,59
15,16,59
15,16,60
14,16,59
14,16,59
15,16,59
15,16,59
14,16,59
15,16,60
15,16,59
14,16,59
14,16,59
15,16,59
15,16,60
14,15,59
14,16,59
15,15,59
15,16,59
14,15,59
14,15,59
15,16,60
14,16,59
14,15,59
15,15,59
15,16,60
14,15,59
14,16,59
15,16,59
15,15,59
14,15,59
14,15,59
15,15,59
15,15,59
15,15,60
15,16,59
15,16,60
14,15,59
14,16,59
15,16,59
14,16,59
14,16,59
14,16,59
15,16,59
15,16,59
14,16,59
14,16,60
15,16,59
14,15,59
14,16,59
14,17,60
15,16,59
14,16,59
14,16,59
15,16,59
15,16,59
14,16,59
14,16,59
14,16,59
15,15,59
14,16,59
15,16,59
14,16,59
14,16,59
14,16,59
15,16,59
15,16,59
14,16,59
14,16,59
15,16,59
15,16,59
14,16,59
15,16,60
14,16,59
14,16,59
14,16,59
14,16,59
15,16,59
14,16,59
14,16,59
15,16,59
15,16,60
14,16,59
14,16,59
15,16,59
14,15,59
14,15,59
15,16,59
15,16,59
14,15,59
14,16,59
15,16,60
15,16,60
14,16,59
14,15,59
15,16,59
15,15,59
15,16,60
14,16,59
15,16,59
15,15,60
14,15,59
15,16,59
15,16,59
14,16,59
14,15,59
15,16,59
15,15,59
14,16,60
14,16,59
15,15,59
15,16,59
15,16,59
15,16,59
15,16,59
14,16,59
14,16,59
15,16,59
15,16,59
14,16,59
15,16,59
15,16,59
15,16,60
15,16,59
14,16,59
15,16,59
15,16,59
15,16,60
15,16,59
15,16,59
14,15,59
14,16,59
15,16,59
15,16,59
14,16,59
14,16,59
15,16,59
15,16,59
14,16,59
15,16,59
15,16,59
14,16,59
14,16,59
15,16,60
15,16,59
14,16,58
14,16,59
15,16,59
15,16,59
14,16,60
14,16,58
15,16,59
14,16,59
15,16,59
15,16,59
15,16,59
14,16,59
14,16,59
14,16,60
15,16,59
15,16,59
14,16,59
15,16,59
14,16,59
14,16,59
15,16,59
15,16,59
14,16,59
14,16,59
15,16,59
15,16,59
14,16,59
14,16,59
15,16,59
15,16,59
15,16,59
14,16,59
15,16,59
14,16,59
14,16,59
15,15,59
15,15,59
14,15,59
14,16,59
15,15,59
15,17,60
14,16,59
14,16,59
14,17,59
14,16,59
14,16,59
14,16,59
15,16,59
14,16,59
14,17,59
15,16,59
15,17,59
15,16,59
14,16,59
14,16,58
15,16,58
15,17,59
15,16,59
15,17,59
14,16,59
14,16,59
16,16,59
15,16,59
15,17,59
15,16,59
14,17,60
13,15,59
14,15,59
15,15,59
14,15,59
14,15,59
14,15,59
15,15,60
15,15,59
14,15,59
14,15,60
14,15,59
15,15,60
15,15,59
14,15,59
14,15,59
15,15,60
14,15,59
15,16,59
15,16,59
14,16,59
14,15,59
15,16,60
15,16,60
15,15,59
14,16,59
14,16,59
15,15,60
15,16,59
14,16,59
14,16,59
14,16,59
14,16,60
15,16,59
15,17,59
14,16,59
14,16,59
14,16,59
15,16,59
15,16,59
14,16,59
15,16,59
15,16,59
15,16,60
14,16,59
15,17,59
14,16,59
14,16,59
14,16,59
15,16,59
15,17,60
14,16,59
14,16,59
15,16,59
15,16,59
14,16,59
15,17,59
14,16,59
14,16,59
15,16,59
15,17,59
15,17,59
14,16,59
14,16,59
15,16,59
15,16,60
14,17,59
14,17,59
14,16,59
14,16,59
15,17,59
15,17,59
14,16,59
14,16,59
14,17,59
15,16,59
15,16,59
14,17,59
14,17,59
14,16,59
14,16,59
14,17,59
15,16,59
14,16,59
14,16,59
14,17,60
15,16,59
15,17,60
14,17,59
14,17,59
15,16,59
14,16,59
14,17,59
14,17,59
14,16,59
14,16,59
15,16,59
15,17,59
14,16,60
14,16,59
14,16,59
15,16,59
14,16,59
14,16,59
15,16,59
14,16,59
14,16,59
14,16,59
15,16,59
14,16,59
14,16,59
14,16,59
15,15,59
15,15,59
14,16,59
14,16,60
14,16,59
14,15,59
14,15,59
15,16,59
14,15,59
14,16,59
15,16,59
15,15,59
15,16,59
14,16,59
14,16,59
14,16,59
14,16,59
15,15,59
15,16,60
14,16,59
14,16,59
15,16,59
14,16,59
14,16,59
14,16,59
14,16,59
14,16,59
14,16,59
14,16,59
15,16,60
14,16,59
14,16,59
14,16,59
14,16,59
14,16,59
14,16,59
14,16,59
14,16,59
14,16,59
14,17,59
14,17,59
14,16,60
14,16,59
15,17,60
15,16,59
14,16,59
14,16,59
15,16,60
14,16,59
14,16,59
15,16,59
15,16,59
14,16,59
14,16,59
15,16,59
15,16,59
14,16,59
14,16,59
15,16,60
14,16,59
14,16,59
14,16,59
15,16,59
14,16,59
14,16,59
15,16,60
15,16,59
14,16,59
14,15,59
15,16,60
15,15,59
14,16,59
14,16,59
15,16,59
14,16,60
14,16,59
15,16,59
15,16,59
14,16,59
14,16,60
15,16,59
15,16,59
14,16,59
14,16,59
14,16,59
14,16,59
14,16,59
15,17,60
15,16,59
14,17,59
14,16,59
14,16,59
14,16,59
14,17,59
14,16,59
14,16,59
14,16,60
14,16,59
15,16,60
14,16,59
14,16,59
14,16,59
15,16,60
14,15,59
14,17,59
14,16,59
14,16,59
14,16,60
14,16,59
15,16,60
14,16,60
14,16,59
14,15,59
15,15,60
15,15,59
14,16,59
15,15,59
14,15,59
14,15,60
15,15,59
15,16,60
14,15,59
14,15,60
15,15,59
15,15,59
15,15,59
15,15,59
15,15,59
14,15,59
14,15,60
15,15,59
15,16,60
14,15,59
14,16,59
15,15,59
15,16,60
14,16,59
14,16,59
15,16,59
14,16,59
14,15,60
15,16,59
15,16,59
14,15,59
14,16,59
15,16,59
15,15,60
15,16,59
14,16,59
14,16,59
15,16,59
14,16,60
15,16,59
15,16,60
14,16,60
14,16,59
15,16,59
15,16,59
14,16,59
14,16,59
14,16,59
15,16,59
15,16,60
14,16,59
14,16,59
14,16,59
14,16,59
15,16,59
15,16,59
14,16,59
14,16,60
14,16,59
15,16,59
15,16,59
14,17,59
14,16,59
15,16,59
15,16,59
14,16,59
14,17,59
14,16,59
14,17,59
14,16,59
15,17,59
15,16,59
14,16,59
14,16,59
15,17,59
15,16,59
14,16,59
14,17,59
14,16,59
14,16,59
14,16,59
15,17,59
14,16,60
14,16,59
14,16,58
15,16,59
15,17,59
14,16,59
14,17,59
14,17,60
14,17,59
14,17,59
14,17,59
14,17,59
14,16,59
15,17,59
14,17,59
15,17,59
14,16,59
14,17,59
15,16,59
15,16,59
15,16,59
14,16,59
15,16,59
14,16,59
15,17,60
14,16,59
14,16,59
14,15,60
14,16,59
15,16,59
15,16,60
14,16,59
14,16,59
15,16,59
14,16,59
14,16,59
15,16,59
15,17,60
14,16,60
14,16,59
15,16,59
15,15,59
14,17,59
14,16,59
15,16,60
15,16,60
14,16,59
14,16,59
14,15,59
14,16,59
14,15,58
15,16,60
14,15,59
14,16,59
14,16,59
15,16,60
15,16,60
14,15,59
14,16,59
15,16,59
15,16,59
14,16,59
15,16,60
14,16,59
14,16,59
14,16,59
15,16,59
15,16,60
14,16,59
14,16,59
15,16,59
15,16,59
14,16,59
15,16,60
14,16,59
14,16,59
14,16,59
14,16,59
15,17,60
14,16,59
14,16,59
15,17,59
15,16,59
14,16,59
14,16,59
15,16,59
15,16,59
14,16,59
14,16,59
15,16,59
14,16,60
14,16,59
15,16,59
15,16,59
14,16,59
14,16,59
15,16,59
15,16,59
14,16,59
14,17,58
15,16,59
15,17,60
14,16,59
15,16,59
14,16,59
14,16,59
14,16,59
15,16,59
15,16,59
14,16,59
14,16,59
15,16,60
15,16,60
14,16,59
14,16,59
15,16,59
14,16,59
14,15,59
14,16,59
15,16,60
14,15,59
14,16,59
15,15,59
15,16,59
14,16,59
14,15,59
14,16,59
14,15,59
14,16,60
14,16,59
15,16,59
14,16,59
14,16,59
15,16,59
15,16,60
14,16,59
14,16,59
15,16,59
15,16,59
15,16,59
14,16,59
14,16,59
14,16,60
14,16,59
15,17,59
15,16,59
14,16,59
14,16,59
15,16,60
15,16,59
15,16,59
14,16,59
14,16,59
15,17,60
14,16,59
15,17,60
14,16,59
14,16,59
14,16,59
15,16,60
15,17,60
14,16,59
14,16,59
14,17,59
15,16,60
14,16,59
14,17,59
14,16,59
14,16,59
14,16,59
15,16,59
15,16,59
14,16,59
14,16,59
14,16,59
15,16,60
14,16,59
14,16,60
14,16,59
14,16,59
14,16,59
14,16,59
15,16,59
14,15,59
14,16,59
15,16,59
15,16,59
15,16,59
14,16,59
14,16,59
14,16,59
14,16,60
14,16,59
15,16,60
14,16,59
14,16,59
15,16,60
15,16,59
14,16,59
14,16,59
14,17,59
14,16,59
15,16,60
14,16,59
14,17,59
14,16,59
14,16,59
15,16,59
15,16,59
14,16,59
13,16,59
15,16,59
14,17,59
15,16,59
14,16,58
14,16,60
14,16,60
14,16,59
14,16,59
14,16,59
14,16,59
14,16,59
14,15,59
14,16,59
15,16,59
14,16,59
14,16,60
15,16,59
15,15,59
14,15,59
14,15,59
14,15,59
14,15,59
14,15,60
15,16,59
14,15,59
14,16,59
14,15,59
15,15,59
15,15,59
14,16,59
14,16,59
14,16,59
15,16,60
14,16,59
14,17,59
14,16,60
14,16,59
14,16,59
15,16,59
14,16,59
14,16,59
14,16,59
15,16,59
15,16,60
14,17,60
14,17,59
15,17,59
14,16,59
15,17,59
14,16,60
14,17,59
14,16,59
14,16,59
15,17,60
15,16,59
14,17,59
14,16,59
15,16,60
15,16,60
15,16,60
15,16,59
15,16,59
14,15,59
14,16,60
15,16,59
15,16,59
14,15,59
14,15,59
15,15,59
15,16,60
14,16,60
14,16,60
15,16,60
15,16,60
14,15,59
14,15,60
15,15,59
14,15,59
14,15,60
15,15,59
15,16,59
14,15,59
14,15,59
15,15,59
15,16,61
14,16,59
14,15,59
15,16,59
15,15,59
15,15,60
14,15,59
14,16,59
13,15,59
14,16,59
15,16,60
14,16,59
14,16,59
14,16,59
15,16,59
15,15,59
15,15,59
14,16,59
15,16,59
14,16,60
14,16,59
14,17,59
14,17,59
14,16,59
14,16,59
14,16,59
15,16,59
14,16,59
14,17,59
14,16,59
15,16,59
15,16,59
14,17,59
14,16,59
14,17,59
14,17,59
14,16,59
14,16,59
14,16,59
14,16,59
15,16,59
15,16,59
15,16,59
14,16,59
14,16,59
14,16,59
14,16,59
14,16,59
15,17,59
14,16,59
14,16,59
15,17,59
15,17,59
15,17,59
14,16,59
14,17,59
15,16,59
15,16,59
14,17,59
14,17,59
14,17,60
14,16,59
15,17,59
14,16,59
14,16,59
14,16,59
14,16,59
15,17,59
15,16,59
14,16,59
14,16,59
15,17,59
15,16,59
14,16,59
14,17,59
14,16,59
14,16,59
14,16,59
15,17,60
15,16,59
14,17,59
14,16,59
15,16,59
15,16,60
14,16,59
14,16,59
14,16,59
15,16,59
15,16,59
14,16,60
14,16,59
15,16,59
14,16,59
15,16,59
15,16,60
14,16,59
14,16,59
15,16,59
15,16,60
14,16,59
14,16,59
15,16,59
14,16,59
15,16,60
14,16,59
15,17,59
14,16,59
14,16,59
15,16,59
15,16,60
14,15,58
14,15,59
15,16,60
15,16,59
14,16,59
14,16,59
15,16,59
14,16,60
14,16,59
15,16,59
14,16,59
14,16,59
14,16,59
14,16,60
15,16,59
14,16,59
14,16,59
14,17,59
14,16,60
14,16,59
14,17,59
15,16,59
14,16,59
14,16,59
14,16,59
15,16,59
14,17,59
14,17,59
14,16,59
14,17,59
14,16,59
15,17,59
15,17,59
14,16,59
14,16,59
14,16,59
15,17,59
14,16,59
14,17,59
14,16,59
15,16,59
14,17,59
14,17,59
15,17,59
14,16,59
14,16,59
15,17,59
15,17,59
14,16,59
14,17,59
15,16,59
15,16,60
14,17,59
14,17,59
15,17,59
14,16,59
14,16,59
15,16,59
15,17,59
14,16,59
14,17,59
15,16,60
14,16,59
14,17,59
14,16,59
14,16,59
14,16,59
14,16,59
15,16,59
15,16,59
14,16,59
14,16,59
15,16,59
15,16,59
14,16,59
14,16,59
15,16,60
14,16,59
15,16,60
15,16,59
15,16,60
14,15,59
14,16,59
15,16,59
15,15,59
14,16,59
14,16,59
14,16,60
14,15,59
15,16,60
14,15,59
14,16,59
14,16,59
14,16,59
15,16,59
14,16,59
14,16,59
14,16,59
15,16,59
14,16,59
15,16,59
14,16,59
14,16,59
14,16,60
14,16,59
15,16,59
14,16,59
14,16,60
14,16,59
14,16,59
14,16,59
14,16,59
14,16,59
14,16,59
14,16,59
14,16,59
15,17,60
14,16,59
14,17,59
14,16,59
15,16,59
14,16,59
14,17,59
14,16,59
14,16,59
14,16,59
14,17,59
15,17,60
15,16,59
14,17,59
14,16,59
15,16,59
14,16,59
14,17,59
14,16,59
14,17,59
14,16,59
15,17,59
15,16,60
14,16,59
14,17,59
14,16,59
14,17,60
14,16,59
14,17,60
14,16,59
14,16,59
14,16,59
14,17,60
15,17,59
13,16,59
14,17,59
14,16,59
14,17,59
14,16,59
14,17,59
14,17,59
14,16,59
14,16,59
14,16,59
15,17,60
13,16,59
14,17,59
14,16,59
15,16,59
14,17,59
14,17,59
14,17,59
14,17,59
14,16,59
14,16,59
15,17,59
14,16,59
14,17,60
14,16,60
14,17,59
14,16,59
14,17,59
14,16,59
14,16,59
14,16,60
14,16,59
15,17,60
14,16,59
14,16,59
14,16,59
15,16,60
14,16,59
14,16,59
14,16,59
14,16,59
14,16,60
14,16,59
14,16,59
14,16,59
14,16,59
15,16,59
15,17,60
14,16,59
14,16,59
14,16,59
14,16,59
14,16,60
14,16,59
14,16,59
14,16,59
14,16,59
14,16,59
14,16,59
14,16,59
14,15,59
15,16,59
15,15,59
14,15,59
14,16,59
15,15,60
14,15,59
14,15,59
14,15,60
15,15,59
14,15,60
14,14,59
14,15,59
15,15,59
14,15,59
14,15,59
14,15,59
14,15,60
14,14,59
14,15,59
14,15,59
14,15,59
14,15,59
14,14,60
15,15,60
14,14,60
14,15,60
15,15,60
14,14,59
14,15,60
14,14,60
14,14,60
14,14,59
14,13,59
14,14,60
14,14,60
14,14,60
14,14,59
15,14,60
14,14,60
14,14,60
14,14,60
14,14,59
14,14,59
14,14,60
14,14,60
14,15,59
14,14,60
14,15,59
15,15,60
14,15,60
14,15,60
14,15,59
14,15,60
14,15,60
14,14,60
14,15,60
15,15,59
14,15,60
14,15,59
15,15,60
14,15,60
14,15,59
14,15,60
15,15,60
14,15,59
14,15,60
14,15,59
14,16,60
14,15,60
14,15,60
14,16,60
14,15,59
14,15,59
13,15,60
14,15,60
14,16,60
14,15,59
14,16,60
14,15,59
15,15,59
14,15,59
14,16,59
14,16,60
14,16,59
14,16,60
14,16,59
15,16,60
14,16,59
14,16,60
14,16,59
14,16,60
14,16,60
13,16,59
14,16,60
14,16,59
14,16,60
14,16,59
14,16,59
14,16,60
14,16,59
14,16,59
14,16,59
15,16,60
13,15,59
14,16,60
14,16,59
14,16,60
14,16,59
14,16,59
14,16,60
14,16,59
14,16,59
14,16,59
14,16,59
14,16,59
14,16,59
14,17,60
15,17,60
14,16,59
13,16,59
14,16,59
14,16,59
14,16,59
14,16,59
14,16,59
13,16,59
14,16,59
15,17,59
14,17,59
13,17,59
13,17,59
14,16,59
14,17,60
14,17,59
14,17,59
14,17,58
15,17,59
14,17,59
14,17,59
14,17,59
13,17,59
14,17,59
14,17,59
14,17,59
13,17,59
14,17,59
15,17,60
15,17,59
14,17,59
14,18,59
14,17,60
14,16,59
14,17,59
14,17,59
14,18,59
14,17,59
14,17,58
15,17,59
14,17,59
14,17,59
14,17,59
15,17,59
14,17,59
14,17,59
14,17,59
14,18,59
14,18,60
13,17,59
14,18,59
14,17,59
14,17,59
14,17,59
15,17,59
14,17,59
14,17,59
14,17,59
14,17,59
14,17,59
14,16,59
14,17,59
14,17,60
14,18,60
14,17,59
14,17,59
15,17,59
14,17,58
14,17,59
14,17,59
14,17,59
14,17,59
14,17,59
14,18,59
14,17,59
14,17,59
15,17,59
15,17,59
14,17,59
14,18,59
15,17,59
15,18,60
14,17,59
13,17,59
14,17,58
14,17,59
14,17,59
14,17,59
14,18,59
13,17,59
14,17,59
15,18,59
15,17,59
14,17,59
14,17,59
14,17,59
14,17,59
14,17,59
14,17,59
14,17,59
14,17,59
14,17,59
14,17,59
14,16,59
14,16,59
14,16,59
14,16,59
15,16,58
14,17,59
14,17,59
14,17,60
14,17,60
14,17,59
14,17,59
14,17,59
14,17,59
14,17,59
14,17,59
14,17,59
14,17,60
14,17,59
13,17,59
14,17,59
14,17,59
14,17,59
14,17,59
14,17,59
14,18,59
14,17,59
14,17,59
15,17,60
14,17,59
14,17,59
14,17,59
14,17,59
13,17,59
14,17,59
15,16,60
14,16,59
14,17,59
15,16,60
15,16,60
14,15,59
15,15,59
14,16,58
14,16,59
14,16,59
15,15,59
15,16,60
15,17,60
14,17,60
14,16,60
15,16,60
14,16,59
14,16,59
14,16,59
14,16,58
14,17,59
14,17,60
15,18,61
15,17,59
14,17,59
13,17,59
14,17,59
15,17,59
14,17,59
14,17,60
15,17,59
15,17,60
14,17,59
14,17,59
14,17,59
14,17,58
14,17,59
14,17,59
15,18,60
14,17,59
14,17,59
15,17,59
15,17,59
14,17,59
14,17,59
14,17,59
14,17,59
14,17,59
14,17,59
14,17,59
14,17,59
14,17,59
15,17,59
14,17,59
14,17,59
14,17,59
14,17,59
14,17,59
15,17,59
14,17,59
14,17,59
14,17,60
14,17,59
14,17,59
14,17,59
14,17,59
14,17,59
14,17,59
14,17,59
14,17,60
14,17,59
14,17,59
14,17,59
14,17,59
14,17,59
14,17,59
14,17,58
14,17,59
14,17,59
14,17,59
13,17,59
14,17,59
14,17,59
14,17,59
14,17,59
14,18,59
14,17,59
14,17,59
14,17,59
15,17,59
15,17,59
14,17,59
14,17,58
14,17,60
15,17,59
14,17,59
14,17,59
14,17,59
14,17,59
14,17,59
14,17,59
14,18,59
14,17,60
14,17,59
15,17,59
14,17,59
14,17,59
14,17,59
14,17,59
14,17,59
14,17,59
14,17,59
14,17,59
14,17,59
14,17,59
15,17,60
14,16,59
14,17,59
14,16,59
14,17,59
15,16,59
15,17,59
14,17,59
14,17,59
14,16,60
14,16,59
14,17,59
14,17,59
14,17,58
14,17,59
14,17,60
15,16,59
14,16,59
14,17,59
14,17,59
14,16,60
14,17,59
15,17,59
14,17,59
14,17,59
14,16,59
14,17,59
15,17,59
13,17,59
14,17,59
14,17,59
14,17,60
14,17,59
14,17,59
14,17,59
14,17,59
14,17,59
14,17,59
15,17,59
14,16,59
15,16,58
16,15,59
15,17,60
13,18,58
14,17,58
15,19,58
16,19,59
14,17,60
15,17,59
14,18,59
13,17,59
12,17,60
14,17,59
15,15,59
14,16,59
12,16,59
12,17,59
13,17,59
14,17,60
13,17,59
13,17,59
13,17,59
13,17,59
13,17,59
14,17,59
13,18,59
13,18,59
13,18,59
13,18,60
14,18,59
13,18,59
13,18,59
13,17,59
13,18,59
13,18,59
13,18,59
13,18,59
13,17,59
13,18,59
14,18,59
14,17,59
13,18,59
13,17,59
14,17,59
13,17,59
13,17,59
13,17,59
13,17,59
13,17,59
13,18,59
14,17,59
14,17,60
13,18,59
13,17,59
14,17,59
13,17,59
13,17,59
13,17,59
13,17,59
13,17,59
13,17,59
14,17,59
13,17,60
13,17,59
13,17,59
13,17,59
14,17,59
13,17,59
13,17,59
13,17,59
13,17,60
13,17,59
13,18,59
13,17,59
13,17,59
14,18,59
13,17,59
14,18,59
13,17,59
13,18,59
13,18,59
14,17,59
13,18,59
14,18,59
13,18,60
13,17,59
14,18,60
14,18,59
14,18,59
13,18,59
13,18,59
13,18,59
13,18,59
13,18,59
13,18,59
14,18,59
13,18,59
14,18,60
14,18,59
13,18,59
13,18,59
13,18,59
14,18,59
14,18,59
13,18,59
13,18,59
14,18,60
13,18,59
13,18,59
13,18,59
13,18,59
12,18,59
14,18,59
14,18,59
14,18,59
13,19,59
14,18,59
14,18,59
13,18,59
14,19,59
14,17,59
14,18,59
13,18,59
14,18,59
14,18,59
14,18,59
14,18,59
14,17,59
14,17,59
13,17,59
14,18,59
14,17,59
14,18,59
13,17,59
14,17,59
14,17,59
13,18,59
14,17,59
13,17,59
14,17,59
14,17,59
14,18,60
14,17,59
14,17,59
13,17,59
14,17,59
15,17,59
13,17,59
14,17,59
14,17,59
14,17,60
14,17,59
14,17,59
14,16,59
14,17,59
13,16,59
14,17,59
15,17,59
14,17,59
14,17,59
14,17,59
14,17,59
14,17,59
14,17,59
14,17,59
14,17,59
14,17,59
14,17,59
15,18,59
13,17,59
13,18,59
14,18,59
14,18,60
14,18,59
14,18,59
14,18,59
14,17,59
14,17,58
14,17,59
14,18,59
14,18,59
14,18,59
14,18,58
15,18,59
14,17,58
14,18,59
14,18,59
14,18,58
14,18,59
15,19,59
15,20,59
14,18,58
14,18,58
15,18,58
15,18,58
15,18,58
15,18,59
15,18,58
15,18,58
15,18,59
16,18,58
15,19,59
14,18,58
15,19,58
15,18,58
15,19,58
15,19,59
15,19,58
15,18,58
15,18,58
15,19,58
15,18,58
16,19,59
14,18,58
15,19,58
15,18,58
16,19,58
15,19,58
15,19,59
15,18,58
15,18,58
15,18,59
15,18,58
16,19,59
14,18,58
15,18,58
16,19,59
16,18,59
15,18,58
15,18,59
15,18,59
15,18,58
15,18,59
15,17,58
15,17,58
15,17,59
15,17,58
15,17,59
16,17,59
15,18,58
15,17,59
15,17,59
15,18,59
15,18,58
15,18,58
15,18,58
15,18,59
16,18,59
15,18,58
15,18,58
14,18,58
14,18,58
15,18,59
15,19,59
14,18,58
15,18,59
15,18,59
15,17,58
15,18,58
15,18,58
15,18,59
15,18,58
15,18,59
15,18,58
16,19,59
14,18,58
14,18,58
15,18,59
15,18,59
14,19,59
14,18,58
15,18,59
15,18,59
15,18,59
14,19,58
15,18,58
15,18,59
14,18,59
15,18,59
15,18,59
14,18,58
14,18,59
15,18,59
14,18,59
13,18,59
13,19,59
15,18,59
17,17,59
15,17,58
14,18,59
15,17,59
15,16,59
14,16,58
14,16,59
15,16,59
14,15,59
14,17,60
14,16,59
15,16,60
14,16,59
15,16,59
15,16,59
15,16,59
14,16,59
15,16,59
16,16,59
14,16,59
14,17,59
15,17,59
14,17,59
15,16,59
15,17,59
14,18,59
15,17,59
15,17,59
15,17,58
15,18,59
15,18,59
15,18,59
15,18,59
15,18,59
15,18,59
14,18,58
15,18,58
15,18,58
15,18,59
15,18,58
15,18,59
15,17,58
15,18,58
15,18,58
15,18,58
15,18,58
15,18,59
15,18,59
15,18,59
15,18,58
14,18,58
15,18,59
16,18,59
16,18,58
15,18,58
15,18,58
15,18,59
15,18,58
15,18,58
15,19,58
16,18,58
15,18,58
15,18,58
16,18,59
16,18,59
15,18,58
15,19,58
16,18,58
16,18,58
15,18,58
15,18,58
16,19,59
15,18,58
15,18,58
16,19,58
15,19,58
15,18,58
15,19,58
16,18,59
15,18,58
15,19,59
15,18,58
16,19,59
16,18,58
15,18,58
15,19,58
15,18,58
16,18,59
15,18,58
15,19,59
16,18,58
15,18,58
15,18,58
16,18,59
16,18,58
15,18,58
15,19,58
15,19,58
16,18,58
15,18,58
16,19,59
15,19,58
15,18,58
15,18,58
16,18,58
16,19,59
15,18,58
15,19,59
16,19,58
16,19,59
16,18,58
15,18,58
15,19,58
15,18,58
15,18,59
15,18,58
16,18,58
15,18,58
15,18,58
16,18,59
16,18,58
15,18,58
15,18,58
15,18,58
16,18,58
16,18,59
15,18,58
15,18,59
15,18,59
16,18,58
15,18,59
15,18,58
15,18,58
15,18,59
15,18,58
16,18,59
16,18,59
15,18,58
15,17,59
16,18,59
16,18,58
15,17,58
15,18,58
15,17,58
15,17,59
15,18,58
15,18,59
16,18,59
15,18,59
15,17,58
16,17,58
16,18,59
15,18,58
15,18,58
16,17,59
16,18,59
15,18,58
15,18,59
15,18,59
15,18,58
15,17,58
16,17,58
16,18,59
15,17,58
15,18,58
16,17,59
16,18,59
15,18,58
15,18,59
15,18,59
15,18,58
15,18,58
15,18,58
16,18,58
15,18,59
15,18,58
16,18,59
15,18,59
15,18,58
15,18,59
15,17,59
15,17,58
15,18,59
15,18,58
15,18,59
15,17,59
14,18,59
15,19,59
15,18,59
15,18,59
15,18,59
15,17,59
15,17,59
14,17,59
15,18,59
15,17,59
15,17,59
15,17,59
15,17,59
15,16,59
15,17,59
14,16,59
15,16,59
15,17,59
14,16,59
15,17,59
15,16,59
15,16,59
15,16,59
15,16,59
15,16,59
15,16,59
15,16,59
15,16,59
15,17,59
14,16,59
15,17,59
15,17,59
15,17,59
15,17,59
14,17,59
14,17,59
15,17,59
15,17,59
15,17,59
15,18,59
14,17,59
14,17,58
15,17,59
15,17,59
14,17,59
14,17,59
15,17,59
15,17,59
15,17,59
14,17,59
14,17,59
15,17,59
15,17,59
14,17,59
15,17,59
15,17,59
14,17,59
15,17,59
15,17,59
15,17,59
14,17,59
14,17,59
15,17,59
15,17,59
14,17,58
14,17,58
15,17,59
15,17,59
15,17,59
15,17,59
14,17,59
14,17,58
15,16,58
15,17,59
15,17,59
14,17,59
14,17,59
15,16,59
15,17,59
15,17,59
15,17,59
15,17,60
15,17,58
15,18,59
15,17,59
15,18,59
14,17,59
15,17,59
15,17,59
15,17,59
15,17,59
14,17,59
15,17,59
15,17,59
15,18,59
15,17,58
15,17,59
14,17,59
14,18,59
15,18,59
15,17,59
15,18,58
14,17,58
15,18,59
15,18,59
15,18,59
15,18,58
15,18,59
15,17,59
15,17,58
15,18,59
15,18,59
15,18,59
14,17,59
15,18,59
15,18,59
14,18,59
15,18,58
15,18,59
15,18,59
15,18,59
15,18,59
15,17,59
15,17,59
15,17,59
15,17,59
15,18,59
14,16,59
15,17,59
15,17,59
15,17,59
15,17,59
15,17,59
15,17,59
15,16,59
15,17,59
15,17,58
15,17,59
15,16,59
15,17,59
15,17,59
15,17,59
14,17,59
14,17,59
15,17,59
15,17,59
15,17,59
15,17,58
14,17,59
15,17,59
15,17,59
15,17,59
15,17,59
14,17,59
15,17,59
15,17,59
15,17,59
14,17,59
14,17,59
14,17,59
15,17,59
15,17,59
14,17,59
15,17,59
15,17,59
15,17,59
15,17,59
15,17,59
15,17,59
15,17,59
14,17,59
15,17,58
15,18,59
14,17,59
15,17,58
16,17,59
15,17,59
15,18,59
15,17,59
15,17,59
15,17,59
15,18,59
15,17,58
15,18,59
15,17,59
15,17,59
15,18,59
15,17,59
14,18,59
14,17,59
15,17,59
15,17,59
15,17,59
15,17,58
15,18,58
15,17,59
15,17,58
15,18,59
15,17,59
15,17,58
14,17,58
15,17,59
15,18,59
14,17,58
15,18,59
15,17,58
15,17,59
15,17,59
15,18,58
15,18,59
15,17,58
15,17,59
15,17,59
15,18,59
14,17,59
15,17,59
15,17,59
15,18,59
15,17,58
15,18,59
15,17,59
15,17,58
15,17,59
15,17,59
16,17,59
14,16,58
15,17,59
15,17,59
15,17,59
14,17,59
15,17,59
15,17,59
15,17,59
15,17,59
15,16,59
15,17,59
14,16,59
15,16,59
15,16,59
15,17,59
14,17,58
14,16,58
14,17,59
15,17,59
15,17,60
15,17,59
15,18,59
14,16,59
15,16,59
16,17,59
15,17,59
14,17,58
13,17,58
14,18,58
18,17,59
21,15,61
12,14,59
15,13,60
17,11,58
18,11,58
16,12,59
15,14,59
15,15,59
17,14,60
17,13,60
17,15,59
15,15,59
13,17,58
13,18,58
16,16,59
15,18,59
15,19,59
14,19,60
15,19,59
15,18,58
15,18,58
15,19,58
14,18,58
15,18,58
15,18,58
15,18,58
15,19,58
16,19,59
15,19,58
14,19,58
14,18,58
15,19,59
15,19,59
14,19,58
15,19,58
15,18,58
15,19,59
15,18,58
15,18,58
15,18,59
14,18,58
15,17,58
15,18,58
15,18,58
15,18,58
15,18,58
15,17,59
15,17,59
15,17,59
15,18,58
14,17,58
14,18,58
15,18,58
15,17,59
15,17,59
14,18,59
15,18,59
15,17,58
15,18,59
15,18,59
16,18,59
15,17,59
14,18,58
15,17,59
15,17,59
15,17,58
14,17,58
15,17,59
15,17,58
15,17,59
15,17,59
15,17,59
15,18,60
15,17,58
16,18,59
15,17,59
15,17,60
15,17,58
15,17,59
15,17,59
15,16,59
16,17,59
15,17,59
15,16,58
15,16,58
16,17,59
15,17,59
15,18,59
14,18,59
15,18,58
15,17,59
15,18,58
15,18,58
14,18,59
15,19,60
15,18,59
16,19,59
15,18,58
15,18,58
14,18,58
15,18,58
16,18,59
15,18,58
15,18,58
15,18,59
15,18,59
15,18,58
15,18,59
15,18,58
15,18,58
15,18,58
15,18,59
15,18,59
15,18,59
15,18,58
15,18,59
15,18,59
15,18,58
15,18,58
15,18,58
15,18,58
15,18,59
15,18,59
15,19,59
15,18,59
15,18,58
14,18,58
15,19,59
15,18,58
14,18,58
15,19,58
15,18,58
15,18,59
15,18,58
15,19,59
15,18,59
15,18,58
15,19,59
15,18,59
15,18,59
15,18,58
15,18,59
15,18,59
15,18,59
15,18,58
15,18,59
15,17,58
15,18,59
15,18,59
15,17,59
15,17,58
15,17,58
15,18,58
15,17,58
15,18,59
15,18,59
15,17,59
15,17,59
18,17,59
15,19,63
14,17,58
12,16,58
15,14,59
14,15,59
15,15,58
16,15,59
15,15,59
15,15,59
15,16,59
15,16,59
15,16,59
15,16,59
15,16,59
14,16,59
15,16,59
15,16,59
15,16,59
15,17,59
14,16,59
15,16,59
15,16,59
15,16,59
15,17,59
15,16,59
15,16,59
15,17,59
15,17,59
15,16,59
15,16,59
15,16,59
15,16,59
16,16,59
15,15,58
15,15,58
16,15,58
16,15,59
15,15,59
15,16,59
15,16,60
15,16,59
15,16,60
15,16,59
15,17,59
15,16,59
15,16,58
16,16,59
15,16,59
15,16,59
15,16,59
16,16,60
15,16,59
15,15,59
15,16,59
15,16,59
15,16,60
15,16,59
16,16,59
16,15,59
15,16,59
15,16,58
16,16,59
16,16,59
15,16,59
15,16,59
15,16,59
16,16,59
15,16,59
15,16,59
15,16,59
15,16,59
15,16,59
15,16,59
16,16,59
15,15,59
15,16,58
16,15,59
16,16,59
15,16,59
15,17,59
15,16,59
15,16,59
15,16,59
15,16,59
16,16,59
15,16,59
15,16,59
16,16,59
16,17,59
15,16,60
14,16,59
15,16,59
15,16,59
16,16,59
16,16,59
15,16,59
15,16,59
15,16,59
16,17,59
15,16,59
16,17,59
15,16,59
15,17,59
16,16,59
16,17,59
15,16,59
15,16,58
15,16,59
15,17,59
15,16,59
15,16,59
15,17,59
15,16,59
15,16,59
16,17,59
15,16,59
15,16,59
15,16,59
15,16,59
15,16,59
14,16,59
15,17,58
16,16,59
15,16,59
15,16,59
15,17,59
15,16,59
15,16,59
15,16,59
15,16,59
16,16,59
15,16,59
15,17,59
16,16,59
15,16,59
15,16,59
15,17,59
15,16,59
15,16,59
15,16,59
15,16,59
16,16,59
15,16,59
15,16,59
16,16,59
15,16,59
15,17,59
15,16,59
16,16,59
15,16,59
15,16,59
15,16,59
15,17,59
15,16,59
15,16,59
16,16,59
16,16,59
15,16,59
15,16,59
15,16,59
16,16,59
15,16,59
15,16,59
15,16,59
16,16,59
15,15,59
15,16,58
15,16,60
15,17,60
15,15,59
16,15,59
16,16,59
15,16,59
14,16,59
15,16,60
16,16,59
15,16,60
15,17,60
15,17,59
15,15,59
15,16,59
15,16,59
16,16,59
15,16,59
16,16,59
16,16,59
16,16,59
15,16,59
15,16,59
15,16,59
15,16,59
16,16,59
15,17,59
15,16,59
15,16,59
15,16,59
15,17,59
15,16,59
15,16,59
15,16,59
15,17,59
15,17,59
16,16,59
15,17,59
14,16,58
16,16,59
16,16,59
15,16,59
15,16,59
15,16,59
15,16,59
15,16,59
15,16,59
15,16,59
15,16,58
15,16,59
15,16,59
15,16,59
14,16,59
15,16,59
16,16,59
15,16,59
15,16,59
15,17,59
15,16,59
15,16,59
15,16,60
15,16,59
16,16,59
15,16,59
15,16,58
16,16,59
15,16,59
15,16,59
15,16,59
15,17,59
15,16,59
15,16,59
15,16,58
15,17,59
15,16,59
15,17,59
15,17,60
15,16,59
15,17,58
15,17,59
16,17,59
15,16,59
14,17,59
15,17,59
15,17,59
15,17,59
15,17,59
15,17,59
15,17,59
15,17,59
15,17,59
15,17,59
16,17,59
15,16,59
15,17,59
15,16,59
16,17,59
15,16,59
15,17,59
15,17,59
15,16,59
15,16,59
15,17,58
15,17,59
15,17,59
15,17,59
15,17,59
16,16,59
16,17,59
15,16,59
15,17,59
15,16,59
16,16,59
15,17,59
15,16,59
15,16,59
15,17,59
15,17,59
15,16,59
15,16,58
15,16,59
15,16,58
15,16,59
15,17,59
15,17,59
15,16,59
15,16,59
15,16,59
15,17,59
15,17,59
15,16,59
15,16,59
15,16,59
16,17,59
16,16,59
15,17,59
15,16,59
15,16,59
15,16,59
14,16,59
15,16,58
15,16,58
15,17,59
15,16,59
15,17,59
15,16,59
15,16,59
15,16,59
15,16,59
15,17,59
15,16,59
15,17,59
15,17,59
16,17,59
15,17,59
15,17,59
15,17,60
15,17,59
15,16,60
15,16,59
15,16,59
15,16,60
15,15,59
16,15,59
16,15,58
15,14,57
11,13,57
16,9,50
4,11,60
-17,-34,45
18,12,72
29,4,68
15,15,64
11,0,84
9,-2,94
37,-5,87
46,10,70
7,20,44
-58,15,42
-19,20,72
-11,24,71
-10,29,60
-9,37,53
-13,37,51
-20,34,46
-18,32,45
-20,32,42
-22,29,44
-20,21,57
-17,19,57
-25,25,53
-32,24,55
-30,21,58
-36,22,52
-6,20,56
-5,19,56
-12,25,55
-19,29,49
-17,32,49
-9,34,52
-6,36,55
-3,37,54
-1,40,55
4,42,55
5,42,51
3,41,49
3,39,49
2,36,49
1,33,49
0,33,48
-7,34,53
-8,33,54
-11,34,56
-12,34,56
-18,35,55
-21,35,53
-15,35,53
-17,35,55
-25,32,55
-22,34,55
-18,35,56
-12,32,58
-13,29,55
-7,26,55
-2,23,51
9,13,43
14,10,42
11,8,41
0,2,37
-17,-10,22
-21,-17,24
-27,-40,32
-15,-62,56
-3,-61,61
1,-61,63
10,-60,64
13,-52,69
6,-51,65
11,-44,58
14,-48,57
26,-54,58
13,-49,60
0,-43,57
-1,-47,57
11,-57,63
10,-56,40
6,-54,38
5,-54,30
5,-57,29
6,-54,36
6,-54,36
6,-54,35
6,-54,36
6,-53,36
6,-53,36
6,-53,36
6,-52,37
5,-52,37
5,-52,38
5,-52,38
5,-52,38
4,-52,39
4,-51,38
4,-51,39
3,-51,38
3,-52,39
3,-52,39
4,-48,42
9,-46,46
4,-49,41
1,-51,39
-2,-57,29
7,-57,36
1,-51,38
3,-50,40
4,-52,40
5,-53,39
8,-53,37
13,-51,38
3,-53,40
11,-54,35
11,-57,30
-9,-57,22
-5,-59,24
6,-59,25
5,-60,23
-4,-58,22
3,-58,28
4,-48,42
14,-47,49
16,-54,30
7,-60,33
0,-59,34
2,-53,34
3,-56,34
1,-55,36
1,-54,36
2,-54,35
1,-54,36
0,-53,37
1,-53,37
0,-52,37
1,-53,37
0,-53,38
0,-52,38
0,-52,38
0,-53,37
2,-53,37
1,-53,37
1,-53,36
0,-53,37
1,-53,36
1,-53,37
1,-53,37
1,-53,37
1,-53,37
1,-53,37
1,-53,37
2,-53,37
1,-53,37
1,-53,37
0,-53,38
1,-53,37
1,-52,38
1,-53,37
1,-53,38
2,-53,38
1,-52,37
2,-53,38
2,-53,37
1,-53,37
1,-53,37
1,-53,37
2,-53,37
2,-52,38
0,-53,37
1,-53,38
2,-52,38
2,-52,37
1,-53,37
2,-53,37
1,-52,38
2,-53,37
1,-53,38
1,-53,37
1,-52,38
1,-52,38
1,-52,37
2,-52,38
2,-52,36
2,-53,37
2,-53,37
1,-52,37
2,-53,37
2,-52,37
1,-53,38
2,-52,37
1,-52,38
1,-53,37
2,-52,37
2,-53,37
1,-52,37
1,-53,38
1,-52,37
2,-52,38
1,-53,37
2,-53,38
2,-53,37
2,-52,38
1,-53,37
1,-52,37
2,-53,38
1,-52,37
1,-52,38
1,-53,37
2,-52,38
1,-53,38
1,-52,38
1,-52,38
1,-52,37
1,-52,38
1,-52,37
1,-53,38
1,-53,37
1,-52,38
1,-53,37
2,-52,38
1,-52,38
1,-52,38
2,-52,38
1,-52,37
2,-52,38
1,-52,37
1,-53,38
1,-52,37
1,-52,38
1,-53,38
1,-52,38
1,-52,38
0,-52,37
1,-52,38
1,-52,37
1,-53,37
0,-53,38
1,-52,38
1,-52,38
1,-52,38
1,-52,38
0,-52,37
1,-52,38
1,-52,38
1,-52,37
1,-53,38
1,-52,37
1,-52,39
1,-52,37
1,-52,38
1,-52,37
1,-52,38
0,-52,37
1,-52,38
1,-52,38
1,-52,37
1,-53,38
1,-53,38
1,-52,38
1,-52,38
1,-52,38
1,-52,37
1,-52,38
0,-53,39
1,-52,37
1,-52,38
1,-53,37
1,-52,38
1,-52,38
1,-52,38
1,-52,38
2,-52,37
1,-52,38
1,-52,38
0,-53,38
1,-52,37
1,-52,38
1,-53,38
1,-53,38
1,-52,38
1,-52,38
1,-52,38
1,-52,37
1,-52,38
1,-52,38
1,-52,37
1,-53,37
1,-52,38
1,-52,38
1,-52,38
1,-52,38
1,-52,37
1,-52,38
1,-52,37
1,-52,38
1,-52,38
1,-52,37
1,-52,38
2,-52,37
1,-52,38
1,-52,37
2,-52,38
1,-52,37
1,-52,38
1,-53,38
1,-52,37
1,-52,38
1,-52,37
1,-53,38
0,-52,38
1,-52,38
1,-53,37
1,-52,38
1,-53,37
1,-52,37
1,-52,38
1,-52,37
1,-52,38
0,-52,38
1,-52,38
1,-52,38
1,-52,38
1,-52,38
1,-52,37
1,-52,38
1,-53,37
1,-52,39
1,-53,38
2,-52,38
1,-52,38
1,-52,38
1,-52,38
1,-52,37
1,-52,38
0,-52,38
1,-52,38
1,-53,37
1,-52,38
1,-53,38
1,-52,38
1,-52,38
1,-52,37
1,-52,38
1,-52,37
1,-52,38
0,-53,37
1,-52,38
1,-53,38
1,-52,38
1,-53,38
1,-52,37
2,-52,38
1,-53,37
2,-52,38
1,-52,37
1,-53,38
1,-53,37
1,-52,37
1,-52,38
1,-52,38
1,-53,38
1,-52,37
1,-52,38
0,-53,37
2,-52,38
1,-53,37
1,-52,37
1,-53,38
2,-53,37
2,-52,38
1,-53,37
1,-53,38
1,-52,37
1,-52,37
0,-52,38
1,-52,38
1,-52,38
1,-52,38
1,-52,38
1,-52,37
1,-52,38
1,-52,38
1,-52,38
1,-52,38
1,-52,37
1,-52,38
1,-52,38
1,-52,38
1,-52,38
1,-52,38
1,-52,38
1,-52,38
1,-52,39
1,-53,38
1,-51,38
1,-52,37
1,-52,38
1,-52,38
1,-53,38
1,-52,38
1,-52,38
1,-52,38
1,-52,38
1,-52,38
1,-52,37
1,-51,38
1,-52,37
1,-52,38
1,-52,38
1,-52,38
1,-52,39
1,-52,38
1,-52,38
1,-52,38
1,-52,38
1,-52,38
1,-52,38
2,-52,38
1,-52,37
1,-52,38
1,-52,38
1,-52,38
1,-52,38
1,-52,38
1,-52,38
1,-52,37
2,-52,38
1,-52,38
1,-52,38
1,-52,38
1,-52,38
1,-52,38
0,-52,38
1,-52,38
1,-52,38
1,-52,38
1,-52,38
1,-52,38
1,-52,38
1,-52,38
1,-52,38
1,-52,38
1,-52,38
0,-52,38
1,-52,38
1,-52,39
1,-52,38
1,-52,38
0,-52,38
1,-52,37
0,-52,38
2,-52,37
1,-52,38
1,-52,38
1,-52,38
1,-52,38
1,-52,39
1,-52,39
1,-52,38
0,-52,38
1,-52,37
1,-52,38
1,-52,37
1,-53,38
1,-52,38
1,-52,39
1,-53,38
1,-52,38
1,-52,39
1,-52,38
1,-52,39
1,-52,38
1,-52,39
1,-52,38
1,-52,39
1,-52,38
1,-52,39
1,-52,38
1,-52,38
1,-52,39
1,-52,37
2,-52,38
2,-53,36
2,-53,37
2,-53,36
2,-54,36
2,-53,36
2,-53,36
2,-54,36
2,-53,36
2,-53,36
2,-54,36
2,-53,36
2,-53,36
2,-53,36
2,-53,37
2,-53,37
2,-52,37
2,-53,37
2,-53,37
2,-53,36
2,-53,36
1,-53,37
1,-53,36
2,-53,37
1,-53,36
2,-53,37
1,-53,36
2,-53,37
2,-53,36
1,-53,37
2,-53,37
2,-53,36
2,-53,37
2,-53,36
2,-53,37
2,-53,36
2,-52,37
2,-53,37
1,-52,37
1,-52,38
1,-52,37
1,-52,38
1,-52,38
1,-51,39
0,-52,39
0,-52,38
1,-52,39
1,-52,38
1,-52,38
1,-52,38
1,-52,38
1,-52,38
2,-52,38
1,-53,38
2,-53,37
2,-52,37
1,-52,37
2,-52,37
2,-53,37
2,-53,37
1,-53,38
2,-53,37
2,-53,37
2,-53,37
2,-53,37
1,-53,37
2,-53,37
1,-53,37
2,-53,37
2,-53,37
3,-53,37
2,-53,37
3,-53,36
3,-53,37
2,-53,37
2,-53,36
3,-52,37
2,-53,37
2,-53,37
2,-53,37
1,-53,38
2,-52,38
1,-52,38
1,-52,38
1,-52,38
1,-52,39
1,-52,38
1,-52,38
1,-52,38
1,-52,38
1,-52,39
1,-52,38
2,-52,38
2,-52,38
1,-52,38
2,-53,38
1,-52,37
2,-52,38
1,-52,38
1,-52,38
1,-52,38
1,-52,38
1,-52,38
1,-52,38
1,-52,38
1,-52,38
1,-52,39
1,-52,38
2,-52,38
0,-52,39
1,-52,38
1,-52,38
1,-52,38
2,-52,38
1,-52,38
1,-52,39
1,-52,38
1,-52,39
1,-52,38
2,-52,38
1,-52,39
1,-52,38
1,-52,38
1,-52,38
1,-52,38
0,-52,38
1,-52,39
1,-52,38
1,-52,38
1,-52,39
1,-52,37
1,-52,39
1,-52,38
2,-52,38
1,-52,38
1,-52,38
1,-52,38
1,-52,38
1,-52,39
1,-51,38
1,-52,39
1,-52,38
1,-52,38
1,-52,38
1,-52,38
1,-52,38
1,-52,38
1,-52,39
2,-52,38
2,-52,39
1,-52,38
1,-52,38
0,-52,38
1,-52,38
1,-52,39
1,-52,38
1,-52,38
1,-52,39
1,-52,38
1,-52,39
1,-52,38
2,-52,39
1,-52,38
1,-52,39
2,-52,38
1,-52,38
1,-52,39
1,-52,38
2,-52,39
1,-52,38
1,-52,38
1,-52,38
1,-52,38
1,-52,39
1,-52,38
1,-52,39
1,-52,38
1,-52,39
1,-52,38
1,-52,38
1,-52,39
1,-52,38
1,-52,39
1,-52,38
2,-51,39
1,-52,39
1,-52,38
1,-52,39
1,-51,38
1,-52,39
1,-52,38
2,-52,39
1,-52,38
1,-51,38
1,-52,39
1,-52,38
1,-52,38
1,-52,38
1,-51,38
1,-52,38
1,-52,38
1,-52,39
1,-52,38
1,-52,39
1,-52,38
1,-52,38
1,-52,38
1,-52,38
1,-52,38
1,-52,38
1,-52,39
1,-52,38
1,-52,39
0,-52,38
2,-52,38
1,-52,38
1,-52,38
1,-52,39
1,-52,38
1,-52,39
1,-52,39
1,-52,39
1,-52,39
1,-52,38
1,-52,39
1,-52,38
1,-52,39
1,-52,38
1,-52,38
2,-52,38
2,-52,38
1,-52,39
1,-52,38
2,-51,38
1,-52,38
1,-52,38
1,-52,38
1,-52,37
1,-52,39
1,-52,38
1,-52,39
2,-52,38
1,-52,39
1,-52,38
2,-51,38
2,-52,38
1,-52,38
1,-52,39
1,-52,38
2,-52,39
2,-52,38
1,-52,39
1,-52,38
1,-51,38
1,-52,38
1,-52,37
1,-52,39
1,-52,38
1,-52,39
1,-52,38
1,-52,38
0,-52,39
1,-52,38
2,-52,39
1,-52,38
2,-52,39
1,-52,38
1,-52,38
1,-52,39
1,-52,38
1,-52,39
1,-52,38
1,-52,39
1,-52,38
2,-52,38
1,-52,38
2,-51,38
1,-52,39
1,-52,38
2,-52,39
1,-52,38
1,-52,39
1,-52,38
1,-52,38
1,-52,38
1,-52,38
1,-52,38
1,-51,38
1,-52,39
1,-52,38
1,-52,39
1,-52,38
1,-52,38
1,-52,39
2,-52,38
1,-52,39
1,-52,38
1,-52,38
2,-52,38
1,-52,38
1,-52,38
1,-52,38
1,-52,39
1,-52,38
1,-52,39
2,-52,39
2,-52,38
1,-52,39
1,-52,38
2,-52,39
1,-52,38
1,-52,39
1,-52,39
1,-52,39
1,-52,39
1,-52,38
1,-52,39
1,-52,38
1,-51,38
1,-52,38
1,-51,38
2,-52,39
0,-52,38
1,-52,39
1,-52,38
2,-51,39
2,-52,38
1,-52,38
1,-52,38
1,-52,38
2,-52,39
1,-52,38
2,-52,39
1,-52,38
1,-52,39
1,-52,39
1,-51,38
2,-52,39
0,-52,38
1,-52,39
1,-52,38
1,-51,39
1,-52,38
1,-52,38
1,-52,38
1,-52,38
1,-52,39
1,-52,38
1,-52,39
1,-52,38
1,-51,39
1,-52,38
1,-51,38
1,-52,39
1,-52,38
1,-52,39
1,-52,38
1,-52,39
0,-52,39
1,-52,38
1,-52,39
1,-51,38
1,-52,39
1,-52,38
1,-51,39
1,-52,38
1,-52,38
1,-52,38
1,-52,38
1,-52,39
1,-52,38
1,-51,39
1,-52,39
1,-52,38
0,-52,38
1,-51,38
1,-52,39
1,-52,38
1,-52,39
1,-52,38
1,-51,39
1,-52,39
1,-51,38
1,-51,39
1,-52,38
1,-52,38
1,-52,38
1,-52,39
1,-52,39
1,-52,38
1,-51,39
1,-52,38
1,-52,39
1,-52,38
1,-51,38
1,-52,39
1,-52,38
1,-52,39
1,-52,38
1,-52,39
1,-52,38
1,-51,38
1,-52,38
1,-52,38
1,-52,39
1,-52,38
1,-51,39
1,-52,38
1,-52,39
1,-52,39
1,-52,38
1,-52,39
1,-52,38
2,-52,39
1,-52,38
1,-52,39
1,-52,39
1,-51,38
1,-52,39
0,-52,38
2,-51,39
1,-52,38
1,-51,39
1,-52,38
1,-52,38
1,-52,38
1,-52,38
1,-52,39
0,-51,38
1,-52,38
1,-52,38
1,-52,38
1,-52,39
1,-52,38
1,-52,39
1,-52,38
1,-51,38
1,-52,38
1,-52,39
1,-52,38
1,-52,38
1,-52,39
1,-52,38
1,-52,39
1,-52,39
1,-52,39
1,-52,39
1,-51,38
1,-52,38
1,-52,38
1,-52,39
2,-52,38
2,-52,39
1,-52,39
1,-52,39
1,-52,39
1,-52,38
1,-52,39
1,-52,38
1,-51,39
1,-52,39
1,-52,39
1,-52,39
1,-52,38
1,-51,39
1,-52,38
1,-51,39
1,-52,39
1,-52,38
1,-52,39
1,-52,38
1,-52,39
1,-51,38
1,-52,39
1,-52,38
1,-51,38
1,-52,39
0,-51,38
1,-52,39
1,-52,38
1,-52,39
1,-52,39
1,-51,38
1,-52,39
1,-52,38
1,-52,39
1,-52,38
1,-51,39
0,-52,39
1,-52,39
1,-52,39
1,-51,38
1,-52,39
1,-52,38
1,-51,38
0,-52,39
1,-52,39
1,-52,39
1,-51,39
1,-52,39
0,-52,38
1,-51,39
1,-52,38
1,-52,38
1,-52,39
1,-51,38
1,-51,39
1,-52,39
1,-52,40
1,-52,38
1,-52,38
1,-52,38
1,-52,38
1,-52,39
1,-52,38
1,-52,39
1,-52,39
1,-51,39
1,-52,39
0,-52,39
1,-51,39
1,-52,38
1,-51,39
1,-52,38
1,-52,39
1,-52,39
1,-52,39
1,-52,39
1,-51,38
1,-51,39
1,-52,38
1,-51,38
1,-52,38
0,-52,38
1,-52,39
1,-52,39
1,-52,39
1,-52,38
1,-52,39
2,-52,38
1,-51,39
1,-52,38
1,-52,38
1,-52,39
0,-52,38
1,-52,39
1,-52,38
1,-51,39
1,-52,38
1,-52,38
1,-52,39
1,-52,38
1,-52,39
0,-52,39
1,-52,39
1,-52,38
1,-51,38
1,-52,39
1,-52,38
1,-52,38
0,-52,38
1,-52,39
1,-52,38
1,-51,39
0,-52,39
1,-52,38
1,-52,39
1,-52,38
1,-52,39
1,-52,38
1,-52,38
1,-52,38
1,-51,38
1,-52,39
1,-52,38
1,-52,39
0,-52,38
1,-51,38
1,-52,38
1,-52,38
1,-52,38
1,-52,38
1,-52,39
1,-52,38
1,-52,39
0,-52,38
1,-52,39
1,-52,38
1,-52,38
1,-52,38
1,-52,38
0,-52,39
1,-52,38
1,-52,39
1,-52,39
1,-52,38
0,-52,38
1,-52,38
1,-52,38
1,-52,38
1,-52,39
1,-52,38
1,-52,39
1,-52,38
2,-52,38
1,-52,39
1,-52,38
0,-52,39
1,-52,38
1,-52,39
1,-52,38
1,-52,39
1,-52,39
1,-52,39
1,-52,38
1,-52,38
1,-52,39
1,-52,38
1,-51,38
1,-52,38
1,-52,39
1,-52,39
1,-52,38
1,-52,39
1,-52,38
1,-52,39
1,-52,38
1,-51,39
1,-52,38
1,-51,38
1,-52,38
1,-52,38
1,-52,39
1,-52,38
1,-51,39
1,-52,38
1,-52,39
1,-52,38
1,-51,39
1,-52,38
1,-51,38
1,-52,39
0,-52,38
1,-51,39
1,-52,38
1,-51,39
1,-52,38
1,-52,39
1,-52,38
1,-51,38
1,-52,39
1,-52,38
1,-52,39
1,-52,38
1,-51,39
1,-52,39
1,-51,38
1,-52,38
0,-52,38
1,-52,39
0,-52,38
1,-51,39
0,-52,38
1,-52,39
1,-52,39
0,-51,39
1,-52,39
1,-51,38
1,-52,39
0,-52,38
1,-52,39
1,-52,38
1,-51,39
0,-52,38
1,-52,39
1,-52,39
1,-51,39
1,-52,39
1,-51,38
1,-52,39
0,-52,38
1,-52,39
0,-52,38
1,-51,39
0,-52,39
1,-52,39
1,-51,39
1,-51,38
1,-52,39
0,-52,38
1,-52,39
0,-52,38
1,-51,38
1,-52,39
1,-51,39
1,-52,39
1,-52,38
1,-52,39
1,-51,38
1,-52,39
0,-52,38
1,-51,39
0,-52,38
1,-52,38
1,-52,39
1,-52,38
1,-52,39
0,-52,38
1,-51,39
1,-52,38
1,-52,39
0,-52,38
1,-51,38
0,-52,39
1,-52,38
1,-52,39
1,-52,38
1,-51,39
1,-52,38
1,-51,39
0,-52,38
1,-52,38
0,-52,39
1,-52,38
0,-52,39
1,-52,38
1,-52,39
1,-52,38
1,-51,39
1,-52,39
1,-51,39
1,-52,38
1,-52,38
0,-52,39
1,-52,38
1,-52,39
1,-52,39
1,-52,39
1,-52,39
1,-51,39
1,-52,39
1,-52,38
1,-52,39
1,-52,38
1,-52,39
1,-52,39
1,-51,38
1,-52,39
0,-52,39
1,-51,39
1,-52,38
1,-52,39
1,-52,38
1,-51,39
1,-52,38
1,-52,39
1,-52,39
2,-52,38
1,-52,39
1,-52,38
1,-51,39
1,-52,38
1,-52,38
1,-52,38
1,-51,38
1,-52,39
0,-52,38
1,-52,39
2,-52,38
1,-52,39
1,-52,38
1,-51,38
1,-52,38
1,-52,38
1,-52,38
1,-52,38
1,-52,39
0,-52,38
1,-52,39
0,-52,39
1,-51,39
1,-52,38
1,-51,38
1,-52,38
1,-52,38
1,-52,39
1,-52,38
2,-51,39
0,-52,39
1,-52,38
1,-52,38
1,-51,38
1,-52,39
1,-52,38
1,-52,39
0,-52,39
1,-51,39
1,-52,38
0,-51,38
0,-52,39
2,-52,39
3,-52,39
3,-52,37
2,-53,38
1,-53,36
2,-52,37
1,-52,37
2,-52,39
3,-53,39
3,-52,38
3,-53,39
2,-53,37
3,-52,37
2,-52,37
2,-52,37
1,-52,38
1,-52,39
0,-52,39
0,-52,39
0,-52,39
0,-51,38
1,-51,39
1,-52,38
2,-51,38
1,-52,39
2,-52,38
1,-52,39
2,-52,38
2,-52,38
1,-52,37
1,-53,37
1,-53,37
3,-53,36
3,-53,36
4,-54,36
2,-54,36
2,-54,36
1,-54,36
2,-54,36
2,-54,36
2,-53,36
2,-53,36
2,-53,36
4,-53,35
2,-53,37
1,-53,37
-1,-54,36
0,-54,36
1,-55,34
2,-55,35
2,-55,34
2,-55,34
3,-55,34
4,-55,34
5,-56,33
6,-56,31
5,-56,32
6,-56,31
6,-56,31
6,-56,31
5,-56,31
5,-56,32
5,-56,31
4,-56,32
3,-56,32
3,-56,33
3,-55,33
3,-54,34
3,-54,34
3,-54,34
4,-54,36
3,-54,35
3,-54,36
3,-54,35
4,-53,36
3,-54,36
3,-54,36
5,-54,35
4,-54,34
5,-54,35
3,-54,35
4,-54,36
3,-54,35
4,-54,35
3,-54,35
4,-54,36
4,-54,36
3,-53,36
3,-53,36
3,-53,36
4,-53,36
3,-53,36
3,-53,36
3,-53,36
3,-53,36
4,-54,36
3,-53,36
3,-53,37
3,-54,36
4,-53,36
3,-54,36
3,-53,36
3,-53,37
3,-53,36
3,-53,37
3,-53,36
4,-53,36
3,-53,36
3,-53,36
3,-53,36
3,-53,36
4,-53,37
4,-54,36
3,-53,37
4,-53,36
4,-53,37
3,-53,36
3,-53,36
3,-53,37
4,-53,36
4,-53,37
3,-53,36
4,-53,37
3,-53,36
3,-53,37
4,-53,37
4,-53,36
3,-53,36
3,-53,36
3,-53,37
4,-53,36
4,-53,37
3,-53,36
4,-53,37
3,-53,37
3,-53,37
4,-53,37
3,-53,36
4,-53,37
3,-53,36
3,-53,37
4,-53,36
4,-53,37
3,-53,37
3,-53,37
4,-53,37
4,-53,36
4,-53,37
4,-53,36
3,-53,37
3,-53,36
4,-53,36
4,-53,37
4,-53,37
3,-53,37
3,-53,37
4,-53,37
3,-53,36
3,-53,37
3,-53,37
4,-53,36
3,-53,37
3,-53,36
4,-53,37
4,-53,36
3,-53,37
3,-53,36
3,-52,37
4,-53,36
3,-53,36
3,-53,37
3,-53,36
3,-53,37
3,-53,37
3,-53,37
3,-53,37
3,-53,36
4,-53,36
4,-53,36
4,-53,37
3,-53,36
4,-53,37
3,-53,36
4,-53,37
3,-53,37
3,-53,36
4,-53,37
3,-53,36
4,-53,37
3,-53,36
4,-53,37
3,-53,36
4,-53,37
3,-53,37
3,-53,36
3,-53,37
3,-53,36
4,-53,36
3,-53,36
3,-53,36
3,-53,36
3,-53,37
4,-53,37
3,-53,37
4,-53,37
3,-53,36
4,-53,37
3,-53,36
4,-53,36
3,-53,37
3,-53,36
3,-53,37
4,-53,36
4,-53,37
3,-53,36
3,-53,37
3,-53,36
3,-53,36
3,-53,37
3,-53,36
3,-53,37
3,-53,36
3,-53,37
4,-53,37
4,-53,37
3,-53,37
3,-53,36
3,-53,37
4,-53,36
3,-53,37
4,-53,37
3,-53,37
4,-53,37
3,-53,37
4,-53,37
3,-53,36
3,-53,37
3,-53,36
3,-53,37
4,-53,37
4,-53,37
4,-53,37
3,-53,37
4,-53,37
4,-53,36
4,-53,37
4,-53,36
4,-53,36
3,-53,36
3,-52,36
4,-53,37
4,-53,37
3,-53,37
3,-53,37
4,-52,37
4,-53,36
3,-53,36
3,-53,37
4,-53,36
4,-53,37
3,-53,37
3,-53,37
4,-53,37
3,-52,37
4,-53,37
3,-53,37
4,-53,37
3,-53,36
4,-53,37
4,-53,37
3,-53,37
3,-53,37
3,-53,36
3,-52,37
3,-53,36
4,-52,37
3,-53,37
3,-53,37
3,-53,37
3,-52,37
4,-53,37
3,-53,36
3,-53,37
3,-53,36
4,-53,37
3,-53,37
3,-53,36
3,-53,37
3,-53,36
4,-53,37
3,-53,36
3,-53,37
3,-53,36
4,-53,36
3,-53,37
3,-53,36
3,-53,37
4,-53,37
4,-53,37
4,-53,36
4,-53,37
3,-53,37
3,-53,36
3,-53,37
4,-53,36
4,-53,37
4,-53,37
3,-53,37
4,-53,37
4,-53,36
3,-53,37
4,-53,36
3,-53,37
3,-53,37
3,-53,37
4,-53,37
4,-53,37
3,-53,37
3,-53,36
4,-52,37
4,-53,36
3,-53,37
3,-53,36
3,-53,37
3,-53,37
3,-53,37
4,-53,37
3,-53,37
4,-52,37
3,-53,37
4,-52,37
4,-53,37
3,-53,37
4,-53,37
3,-53,36
4,-52,37
3,-53,36
4,-53,37
3,-53,37
3,-52,37
3,-53,37
3,-53,37
3,-53,37
3,-53,37
3,-52,38
3,-53,37
3,-52,37
3,-53,37
3,-53,37
3,-53,38
3,-52,37
4,-52,37
3,-53,37
4,-53,37
3,-53,37
4,-53,36
4,-53,37
3,-53,36
4,-53,37
3,-53,37
3,-53,36
3,-53,37
3,-52,37
3,-53,37
2,-53,37
3,-52,37
3,-53,37
3,-53,37
3,-52,38
4,-52,37
3,-53,37
3,-53,37
3,-53,37
2,-53,37
3,-52,37
2,-52,37
3,-52,37
3,-52,37
3,-53,37
3,-53,38
4,-53,37
3,-53,38
3,-53,38
3,-53,37
3,-52,37
4,-53,37
3,-53,37
3,-53,37
3,-53,37
3,-53,37
3,-53,37
4,-53,37
3,-53,37
3,-53,38
3,-53,37
3,-52,37
4,-53,37
3,-52,37
4,-53,37
4,-53,37
4,-53,37
3,-53,37
4,-53,37
3,-52,37
3,-52,37
3,-53,37
3,-52,37
4,-53,37
2,-53,36
3,-53,38
3,-53,37
4,-52,38
4,-53,36
3,-53,37
4,-53,37
3,-52,37
3,-53,37
3,-52,37
4,-53,37
3,-53,37
3,-52,38
3,-53,37
4,-52,37
4,-53,37
3,-53,37
4,-53,37
3,-52,37
4,-53,37
3,-53,37
4,-53,37
3,-53,37
3,-52,37
3,-53,37
3,-52,37
3,-52,37
3,-53,37
2,-53,38
3,-53,37
3,-52,37
3,-53,38
3,-53,37
3,-52,37
3,-52,37
3,-53,38
3,-53,37
3,-52,37
3,-53,37
4,-53,37
3,-53,37
3,-52,37
3,-53,38
3,-53,37
3,-52,38
3,-52,37
3,-53,37
3,-53,37
3,-52,37
3,-53,37
3,-53,37
3,-53,38
3,-53,37
3,-52,38
3,-53,37
3,-52,37
3,-53,37
3,-53,37
3,-53,38
3,-53,37
3,-52,38
3,-53,38
3,-53,37
3,-52,38
3,-52,37
3,-53,37
3,-53,37
3,-53,38
3,-53,37
3,-52,38
3,-52,38
3,-52,37
3,-53,38
3,-53,37
3,-53,37
3,-53,37
3,-52,37
3,-53,37
3,-53,37
4,-52,37
3,-53,37
3,-53,37
3,-53,37
3,-52,37
3,-53,37
3,-52,37
3,-53,38
2,-53,37
3,-52,38
3,-53,37
3,-52,37
4,-53,37
3,-53,37
3,-53,38
3,-52,37
4,-52,38
2,-53,37
3,-53,37
3,-52,38
3,-52,37
4,-53,37
3,-52,37
4,-53,37
3,-53,37
3,-53,38
3,-53,38
3,-52,37
3,-53,38
2,-53,37
3,-52,37
3,-53,37
3,-53,37
3,-53,37
3,-53,37
3,-53,37
3,-52,37
3,-53,38
3,-52,37
3,-52,38
3,-53,37
3,-52,37
3,-53,38
3,-53,37
2,-53,38
3,-53,37
3,-52,37
3,-53,37
3,-53,38
3,-53,38
6,-52,38
5,-52,38
4,-52,37
4,-53,38
3,-53,37
3,-52,38
3,-53,38
3,-52,37
3,-52,38
3,-53,37
3,-53,38
3,-53,37
3,-52,38
3,-53,37
3,-53,38
3,-52,38
3,-52,37
3,-52,38
3,-52,37
3,-52,38
3,-53,37
2,-53,38
3,-53,38
3,-52,38
3,-53,38
3,-53,37
4,-53,37
4,-53,36
3,-53,37
3,-53,37
3,-52,37
3,-53,37
3,-53,37
3,-53,37
3,-52,37
3,-53,38
3,-53,37
3,-52,37
3,-53,37
3,-52,37
3,-53,37
3,-52,37
3,-53,38
3,-53,37
3,-53,37
3,-53,37
3,-52,37
3,-53,37
3,-52,37
3,-53,37
3,-53,37
3,-53,38
3,-53,37
3,-52,38
2,-53,37
3,-53,37
3,-53,38
3,-52,37
3,-53,37
3,-52,37
3,-53,38
3,-53,37
3,-52,38
3,-53,37
3,-52,38
3,-53,38
2,-52,37
3,-52,38
3,-52,36
3,-53,37
3,-53,37
4,-53,37
3,-52,37
3,-52,37
3,-53,37
2,-52,37
3,-52,38
2,-53,37
3,-52,37
3,-53,37
3,-53,37
3,-53,38
3,-53,37
3,-52,37
3,-52,37
3,-53,37
2,-53,37
3,-52,37
3,-53,37
3,-53,37
3,-53,37
4,-53,37
3,-53,37
3,-53,37
3,-53,37
3,-53,37
3,-53,37
3,-53,37
3,-53,37
3,-52,37
3,-53,38
3,-53,37
3,-52,38
3,-53,37
3,-53,37
3,-53,37
3,-52,37
4,-53,37
3,-52,37
3,-53,37
3,-53,37
3,-53,37
3,-53,37
3,-52,37
3,-53,37
2,-53,37
3,-53,38
3,-53,37
3,-52,37
3,-53,37
3,-53,37
4,-53,37
3,-53,37
4,-53,37
3,-53,37
3,-53,37
3,-53,37
3,-52,37
3,-53,37
3,-52,37
4,-53,37
3,-53,37
3,-53,38
3,-53,37
3,-52,38
3,-53,38
3,-53,37
3,-53,37
3,-53,37
3,-53,37
2,-52,37
3,-53,37
3,-53,37
3,-52,37
3,-53,37
3,-52,37
3,-53,38
3,-53,36
4,-53,37
4,-53,36
4,-53,36
3,-53,37
4,-53,36
3,-53,37
3,-53,37
3,-53,37
3,-53,37
3,-53,37
3,-53,37
3,-52,37
3,-53,37
3,-53,36
3,-53,37
4,-53,37
4,-52,37
3,-53,37
3,-53,37
4,-53,38
3,-52,37
3,-53,37
3,-53,37
3,-53,37
4,-53,37
3,-53,37
4,-53,37
3,-53,37
3,-53,38
3,-53,37
3,-52,37
3,-53,37
3,-53,37
3,-53,37
3,-53,37
3,-53,38
3,-53,37
4,-53,37
3,-53,36
3,-52,37
3,-53,37
3,-52,37
3,-53,37
2,-53,37
3,-53,37
3,-53,37
3,-52,38
3,-53,37
3,-53,37
3,-53,37
3,-52,37
3,-53,37
3,-52,37
3,-53,38
3,-53,37
3,-53,37
3,-53,37
3,-52,37
3,-53,37
3,-52,37
3,-53,37
3,-52,37
3,-52,38
2,-53,37
3,-53,38
3,-53,38
2,-52,37
2,-53,38
2,-52,37
3,-53,38
2,-53,37
3,-53,38
3,-53,37
3,-52,37
3,-53,38
2,-52,37
3,-52,38
3,-53,37
3,-53,37
2,-53,37
3,-53,37
3,-53,37
4,-52,37
3,-53,37
3,-52,37
3,-53,37
2,-53,37
3,-52,37
2,-53,37
3,-53,37
2,-53,38
3,-53,37
3,-52,37
3,-53,38
3,-53,37
3,-53,37
3,-52,37
3,-53,37
3,-53,37
3,-53,38
3,-53,37
3,-52,37
3,-53,37
3,-52,37
3,-53,38
3,-53,37
3,-53,38
3,-53,37
3,-52,38
3,-53,37
3,-53,37
3,-53,37
3,-52,37
3,-53,38
3,-53,37
3,-52,38
3,-53,37
3,-52,37
3,-53,37
3,-52,37
3,-52,38
3,-53,37
3,-52,37
3,-53,37
3,-53,37
3,-53,37
3,-52,37
3,-53,38
3,-53,37
3,-53,38
3,-53,37
3,-52,37
3,-53,37
3,-52,37
4,-53,37
2,-53,37
3,-52,38
3,-53,37
3,-52,37
3,-53,37
3,-53,37
3,-52,37
3,-52,37
3,-52,37
3,-53,37
3,-53,37
3,-53,37
3,-52,37
3,-53,37
3,-52,37
3,-52,38
3,-53,37
3,-52,37
3,-53,37
3,-53,37
2,-53,37
3,-52,37
3,-52,38
3,-52,37
3,-53,38
3,-53,37
3,-52,37
3,-53,37
3,-52,37
3,-53,37
3,-53,37
3,-53,38
3,-53,37
3,-52,38
3,-53,37
3,-53,37
3,-53,37
3,-53,37
3,-52,38
3,-53,37
3,-53,37
3,-53,37
3,-52,37
3,-53,38
3,-53,37
3,-53,37
3,-53,37
3,-53,38
4,-53,37
3,-52,37
3,-52,38
3,-53,37
3,-52,37
3,-53,37
2,-53,37
3,-53,38
3,-53,37
3,-53,37
3,-52,37
3,-53,38
3,-53,37
3,-52,37
3,-53,37
2,-52,37
3,-53,37
2,-53,37
3,-52,38
3,-53,37
3,-52,37
3,-53,37
3,-53,37
3,-53,38
3,-52,37
3,-52,37
2,-53,38
3,-53,38
3,-53,38
3,-52,37
3,-53,37
2,-53,37
3,-52,37
3,-53,37
3,-52,37
3,-53,37
3,-52,37
3,-52,38
3,-53,37
3,-52,37
3,-53,37
3,-53,37
3,-53,38
3,-53,37
3,-52,38
3,-53,37
3,-53,37
2,-53,37
3,-53,37
3,-53,37
3,-53,37
3,-53,37
3,-53,38
3,-53,37
3,-53,38
3,-53,37
3,-53,37
3,-53,37
3,-53,38
4,-53,38
3,-52,37
3,-53,38
3,-53,37
3,-52,37
3,-53,37
3,-52,37
3,-53,37
3,-53,37
3,-52,37
2,-53,37
3,-53,37
3,-52,37
3,-52,37
3,-53,37
3,-52,37
3,-53,38
3,-53,37
4,-52,37
3,-53,37
4,-52,37
2,-52,38
2,-52,37
3,-53,38
2,-53,37
3,-53,38
3,-53,37
3,-53,37
3,-53,37
3,-52,37
3,-53,37
3,-52,37
3,-52,37
3,-53,37
3,-52,37
3,-53,38
3,-52,37
2,-53,37
2,-53,37
3,-52,37
3,-52,37
3,-53,37
3,-53,37
3,-53,37
3,-53,37
3,-53,37
3,-53,37
3,-53,37
3,-52,38
3,-53,37
3,-52,37
3,-53,37
3,-53,37
3,-53,38
4,-53,37
3,-52,37
3,-53,37
3,-53,37
3,-53,37
3,-52,37
3,-53,38
3,-53,37
3,-53,37
3,-53,37
3,-52,38
3,-53,37
3,-52,37
3,-53,38
3,-53,37
4,-52,38
3,-53,37
3,-53,37
3,-53,37
3,-52,37
3,-53,37
3,-52,37
3,-53,38
3,-52,37
3,-52,38
3,-53,37
3,-52,37
3,-53,37
3,-52,37
3,-53,37
3,-52,37
3,-52,38
3,-53,37
3,-53,37
3,-53,37
3,-52,37
3,-53,37
3,-52,37
3,-53,38
3,-52,37
3,-53,37
3,-53,37
3,-52,38
2,-53,38
2,-52,37
3,-53,38
2,-52,37
3,-52,38
2,-53,37
4,-53,36
3,-53,36
4,-53,36
4,-53,37
4,-53,36
3,-53,37
3,-53,36
4,-53,37
3,-53,37
4,-53,37
3,-53,37
3,-53,37
3,-53,37
3,-53,36
4,-53,37
3,-53,36
4,-53,37
3,-53,37
4,-52,37
3,-53,37
3,-52,37
3,-53,38
2,-53,37
3,-52,37
3,-53,37
3,-53,37
3,-53,37
3,-53,37
3,-53,37
4,-53,37
3,-53,38
3,-53,37
3,-52,37
2,-53,37
3,-52,37
3,-53,37
3,-53,37
2,-53,38
3,-53,37
3,-53,37
3,-53,37
3,-53,37
3,-53,37
3,-52,37
3,-53,37
3,-53,37
3,-53,37
3,-53,37
3,-53,38
3,-53,37
3,-53,37
3,-53,37
3,-53,37
4,-52,37
4,-52,37
3,-53,38
3,-53,37
3,-53,38
3,-53,37
3,-52,37
3,-53,37
4,-52,37
3,-53,38
3,-53,37
3,-52,37
3,-53,37
3,-53,37
3,-53,37
3,-53,37
4,-52,38
3,-52,37
3,-53,37
3,-53,37
3,-52,37
3,-53,37
3,-52,37
3,-53,37
3,-53,37
3,-53,38
3,-53,37
3,-52,37
3,-53,37
3,-53,37
3,-53,37
3,-53,37
3,-52,38
3,-53,37
3,-53,37
3,-53,37
3,-52,37
3,-53,37
3,-52,37
3,-53,37
3,-53,37
3,-53,37
3,-53,37
3,-52,37
2,-53,38
3,-53,37
3,-52,37
3,-53,37
3,-53,37
2,-53,37
3,-53,37
3,-53,37
3,-53,37
3,-53,38
3,-52,37
3,-52,38
3,-53,37
3,-52,37
3,-53,37
3,-53,37
2,-53,38
4,-53,37
3,-52,37
3,-53,37
3,-53,37
3,-53,37
3,-52,37
3,-53,37
3,-53,37
3,-53,38
3,-53,37
3,-52,37
3,-53,37
3,-52,37
3,-53,38
3,-53,37
4,-52,38
3,-53,37
3,-53,37
3,-53,37
3,-53,37
3,-53,38
3,-53,37
3,-53,38
3,-53,37
3,-52,37
3,-53,37
3,-52,37
4,-53,37
3,-53,37
3,-53,37
3,-53,37
3,-52,37
4,-53,37
3,-53,37
3,-53,37
3,-53,37
3,-53,37
3,-53,37
3,-53,38
3,-53,37
3,-53,37
3,-53,37
3,-53,37
4,-53,37
2,-53,37
3,-53,38
3,-53,37
3,-52,37
2,-53,38
3,-53,37
3,-53,37
3,-52,37
3,-53,37
2,-53,36
3,-53,38
3,-53,37
3,-52,37
3,-53,37
3,-52,37
3,-53,38
3,-53,37
3,-53,38
3,-53,36
3,-53,37
2,-53,37
3,-53,37
3,-53,38
3,-52,37
3,-53,37
3,-52,37
3,-53,37
3,-53,37
3,-52,37
3,-53,37
3,-53,37
3,-53,38
4,-53,37
4,-52,37
3,-53,36
3,-53,37
3,-53,37
3,-52,37
3,-53,37
3,-53,37
3,-53,38
3,-53,37
3,-52,38
4,-53,38
3,-52,37
3,-53,38
3,-53,37
2,-53,38
3,-53,37
3,-52,38
3,-53,37
3,-53,37
3,-53,38
3,-52,37
4,-53,37
3,-53,37
3,-52,37
3,-53,37
3,-52,37
4,-53,38
3,-53,37
3,-53,37
3,-53,37
3,-52,37
3,-53,37
3,-53,37
3,-53,37
3,-53,36
4,-53,38
3,-53,37
3,-53,38
3,-53,37
3,-52,37
3,-53,37
3,-52,37
4,-53,37
3,-53,37
3,-53,38
3,-53,37
3,-52,37
3,-53,38
3,-53,37
3,-53,37
3,-53,37
4,-52,37
3,-53,37
4,-53,37
3,-53,37
3,-53,37
3,-53,37
3,-53,37
3,-53,37
3,-53,37
3,-52,37
3,-53,37
3,-52,37
3,-53,37
3,-53,37
3,-52,37
3,-52,37
3,-53,37
3,-53,37
3,-53,37
3,-53,37
3,-53,37
3,-53,37
3,-53,37
3,-53,37
3,-53,37
3,-52,37
3,-53,37
3,-53,37
3,-53,37
3,-53,36
3,-53,37
3,-53,37
3,-53,37
3,-53,37
3,-53,37
3,-53,37
3,-53,37
3,-53,37
3,-53,37
3,-53,37
3,-53,37
3,-52,37
3,-53,37
3,-53,37
4,-52,37
3,-53,37
3,-52,37
3,-53,37
3,-52,37
3,-53,37
3,-53,37
3,-53,38
3,-52,37
3,-52,38
3,-53,37
3,-52,37
3,-53,37
3,-53,37
3,-53,37
3,-53,36
3,-52,38
3,-52,37
3,-53,37
3,-53,37
3,-52,37
3,-53,37
3,-52,37
4,-53,37
3,-53,37
3,-53,38
3,-53,37
3,-52,37
3,-53,37
3,-53,37
3,-53,37
3,-52,37
3,-53,37
3,-53,37
4,-53,37
3,-53,37
3,-52,37
3,-53,37
3,-52,37
3,-53,38
3,-53,37
3,-53,38
3,-53,37
4,-52,37
3,-53,37
3,-53,37
3,-53,37
3,-53,37
4,-53,37
3,-53,37
3,-53,38
2,-53,37
3,-53,37
3,-53,37
3,-52,37
3,-53,37
3,-53,37
3,-53,37
3,-53,37
3,-53,37
3,-53,38
3,-53,37
4,-53,37
4,-53,36
4,-53,37
4,-53,37
4,-53,37
3,-53,36
4,-53,36
3,-53,37
4,-53,36
3,-53,37
4,-53,36
4,-53,37
4,-53,37
3,-53,37
4,-52,37
3,-53,37
3,-53,37
3,-53,37
3,-53,37
3,-53,37
3,-53,37
3,-53,37
3,-52,37
3,-53,37
3,-53,37
4,-53,37
3,-53,37
3,-53,37
3,-53,37
3,-53,37
4,-52,37
3,-53,37
3,-53,37
3,-53,37
3,-52,37
3,-53,37
3,-52,37
4,-53,37
3,-53,36
3,-53,37
3,-53,37
4,-52,37
3,-53,36
3,-53,37
3,-53,37
3,-53,37
4,-53,37
3,-53,37
3,-53,37
3,-53,37
3,-52,38
3,-53,37
3,-53,37
4,-53,37
3,-53,37
3,-53,37
3,-53,36
4,-53,37
3,-53,37
3,-53,37
3,-53,37
3,-52,37
3,-53,37
3,-53,36
3,-53,37
3,-53,37
3,-53,37
3,-53,37
4,-52,37
3,-53,37
3,-53,37
4,-53,37
3,-53,37
3,-53,37
3,-53,37
3,-53,37
3,-53,37
3,-53,36
3,-53,37
3,-52,37
3,-53,37
3,-53,36
4,-53,36
3,-53,36
4,-53,36
3,-53,37
4,-53,36
3,-53,37
3,-53,37
3,-53,37
3,-53,37
3,-53,37
3,-53,37
3,-53,37
3,-53,37
4,-53,37
3,-53,37
4,-53,37
3,-53,37
4,-53,37
3,-53,37
4,-52,37
4,-53,37
3,-53,37
4,-53,37
3,-53,37
4,-53,37
4,-53,37
4,-53,37
4,-53,37
3,-53,37
4,-53,37
3,-52,36
4,-53,37
3,-53,37
3,-53,38
3,-53,37
4,-52,37
4,-53,37
3,-53,36
4,-53,37
3,-53,36
4,-53,37
3,-53,37
4,-53,37
3,-53,37
3,-53,37
4,-53,37
3,-53,36
4,-53,37
3,-53,37
4,-53,37
3,-53,37
3,-53,37
3,-53,37
3,-53,37
3,-53,37
3,-53,36
3,-53,37
3,-53,36
4,-53,37
3,-53,37
3,-53,37
3,-53,37
3,-52,37
3,-53,37
3,-53,36
3,-53,37
3,-53,37
3,-53,36
3,-53,37
3,-53,36
3,-53,37
3,-52,36
3,-53,37
3,-53,37
3,-53,37
3,-53,37
4,-53,36
3,-53,37
3,-53,37
3,-53,37
3,-53,37
3,-53,37
3,-53,37
3,-53,37
3,-53,37
4,-53,37
3,-53,37
4,-53,37
3,-53,37
3,-53,37
3,-53,37
3,-53,37
3,-53,36
3,-53,37
3,-53,37
3,-53,37
4,-53,37
3,-53,37
3,-53,37
3,-53,37
4,-53,37
4,-53,37
3,-53,37
3,-53,37
3,-53,36
4,-53,37
3,-53,37
3,-53,37
3,-53,37
3,-53,37
3,-53,37
3,-52,37
3,-53,37
3,-53,37
3,-53,38
3,-53,37
3,-52,37
3,-53,37
3,-53,37
3,-53,37
3,-53,37
3,-53,37
3,-53,37
4,-53,37
3,-53,37
3,-52,37
3,-53,37
3,-53,37
3,-53,37
3,-53,37
3,-53,38
3,-53,37
3,-53,37
3,-53,37
3,-53,37
3,-53,37
3,-53,36
3,-53,37
3,-53,37
3,-53,37
3,-53,37
3,-53,37
3,-53,37
3,-53,37
3,-53,37
3,-53,37
3,-53,37
3,-53,37
3,-53,37
3,-53,37
4,-53,37
3,-53,37
4,-53,37
3,-53,37
4,-53,37
3,-53,36
3,-53,37
3,-53,37
3,-53,37
3,-53,37
3,-53,37
4,-53,37
3,-53,37
3,-53,38
3,-53,36
3,-52,37
4,-53,37
3,-53,37
3,-53,37
3,-53,37
4,-53,37
3,-53,37
4,-53,37
4,-53,36
3,-53,37
3,-53,37
3,-53,37
4,-53,37
3,-53,36
4,-53,37
3,-53,37
4,-53,37
4,-53,37
3,-53,36
3,-53,37
3,-53,36
4,-53,37
3,-53,37
4,-53,37
3,-53,37
3,-53,37
3,-53,37
3,-53,36
4,-53,37
3,-53,36
4,-53,37
3,-53,37
3,-52,37
3,-53,37
3,-53,36
3,-53,37
3,-53,36
3,-53,36
3,-53,37
4,-53,37
3,-53,37
3,-53,37
3,-53,37
3,-53,36
3,-52,37
3,-53,36
3,-53,36
3,-53,37
3,-53,37
3,-53,37
4,-53,37
3,-53,37
3,-53,37
3,-53,37
2,-53,37
3,-53,36
3,-53,37
3,-53,37
3,-53,37
3,-53,37
3,-52,37
3,-53,37
3,-53,37
3,-53,37
3,-53,37
3,-53,37
4,-53,37
3,-53,37
3,-53,37
3,-53,37
3,-53,37
3,-53,37
3,-53,37
3,-53,37
3,-52,37
3,-53,37
3,-53,36
4,-53,37
3,-53,37
3,-53,37
3,-53,37
4,-53,37
4,-53,36
3,-53,36
4,-53,37
3,-53,36
4,-53,37
3,-53,37
3,-53,37
3,-53,37
3,-53,37
4,-53,37
4,-53,36
4,-53,37
3,-53,36
4,-53,37
3,-53,37
4,-53,37
3,-53,37
3,-53,36
4,-53,37
4,-53,36
4,-53,37
3,-53,37
3,-53,37
3,-53,37
3,-53,36
4,-53,37
3,-53,36
4,-53,36
3,-53,37
4,-53,36
4,-53,37
4,-53,36
4,-53,37
3,-53,36
4,-53,37
3,-53,36
3,-53,37
3,-53,37
4,-53,36
4,-53,37
4,-53,37
3,-53,36
4,-53,37
4,-53,36
4,-53,37
4,-53,36
4,-53,37
4,-53,37
3,-53,37
4,-53,37
4,-53,36
4,-53,37
3,-53,37
4,-52,37
4,-53,37
3,-53,36
4,-53,37
3,-53,37
4,-53,37
4,-53,37
3,-53,37
4,-53,37
3,-53,36
4,-53,37
3,-53,37
3,-53,37
3,-53,37
3,-52,37
3,-53,37
3,-53,36
4,-53,37
3,-53,37
4,-53,37
4,-53,37
3,-53,37
3,-53,37
3,-53,37
4,-53,37
3,-53,36
3,-53,37
3,-53,37
3,-53,37
3,-53,37
3,-53,37
3,-53,37
3,-53,37
3,-53,36
3,-53,37
4,-53,37
3,-53,37
4,-53,37
3,-53,37
4,-53,37
3,-53,37
3,-53,37
3,-53,37
3,-53,37
4,-53,37
4,-53,37
4,-53,37
3,-53,36
4,-53,37
4,-53,37
3,-53,37
3,-53,37
3,-53,36
4,-53,37
3,-53,36
4,-53,37
4,-53,37
3,-52,37
4,-53,37
3,-53,37
4,-53,37
3,-53,37
4,-53,37
3,-53,37
3,-53,37
3,-53,37
3,-53,36
4,-53,37
3,-53,37
4,-53,37
3,-53,37
3,-53,37
3,-53,37
4,-53,37
3,-53,37
3,-53,37
3,-53,37
3,-53,37
3,-53,37
3,-53,37
3,-52,37
3,-53,37
3,-53,37
3,-53,36
3,-53,37
3,-53,36
3,-53,37
4,-53,37
3,-53,37
4,-53,37
3,-53,36
3,-53,37
3,-53,36
3,-53,37
4,-53,37
3,-53,37
4,-53,37
3,-53,36
4,-53,37
3,-53,36
3,-53,37
3,-53,37
3,-53,37
4,-53,37
3,-53,36
4,-52,37
3,-53,37
3,-52,37
4,-53,37
3,-53,37
4,-53,37
3,-53,37
4,-53,37
3,-53,37
3,-53,37
3,-53,37
3,-53,36
4,-53,37
3,-53,37
3,-53,37
3,-53,37
3,-53,36
3,-53,37
3,-53,36
3,-53,37
3,-53,37
4,-53,36
3,-53,37
3,-53,37
3,-53,37
3,-53,37
3,-53,36
4,-53,37
3,-53,37
3,-53,37
4,-53,37
3,-53,37
3,-53,37
3,-53,37
3,-53,37
4,-53,37
3,-53,37
3,-53,37
3,-53,37
4,-53,37
3,-53,37
3,-53,37
3,-53,37
3,-53,37
4,-53,37
3,-53,37
3,-53,37
3,-53,36
3,-53,37
3,-53,37
3,-53,36
4,-53,37
3,-53,37
3,-53,37
3,-53,37
3,-53,37
3,-53,37
3,-53,37
3,-53,37
3,-53,37
3,-53,37
3,-53,37
3,-53,37
3,-52,37
3,-53,36
3,-53,37
3,-53,36
3,-53,37
3,-53,37
3,-53,37
3,-53,37
3,-53,36
3,-53,37
3,-53,37
3,-53,36
3,-53,37
3,-53,36
3,-53,37
4,-53,37
3,-53,37
3,-53,37
3,-53,37
3,-53,37
3,-53,37
3,-53,37
3,-53,37
3,-53,37
3,-53,37
3,-53,37
3,-53,37
3,-53,36
3,-53,37
3,-53,37
3,-53,37
3,-53,37
3,-53,37
3,-53,37
3,-53,36
3,-53,37
4,-53,37
3,-53,37
3,-53,37
3,-53,37
3,-53,37
3,-53,37
3,-53,37
3,-53,37
3,-53,37
3,-53,37
3,-53,37
3,-53,38
3,-53,36
3,-53,37
3,-53,37
3,-53,37
3,-53,37
3,-53,37
3,-52,37
3,-53,37
3,-53,37
3,-53,37
3,-53,37
3,-53,37
3,-53,36
3,-53,37
3,-53,37
3,-53,37
3,-53,37
3,-53,37
3,-53,37
4,-53,37
3,-53,37
3,-53,37
3,-53,36
3,-53,37
3,-53,37
3,-53,37
4,-53,37
3,-53,37
3,-53,37
3,-53,37
2,-53,37
3,-53,37
3,-53,36
3,-53,37
3,-53,37
4,-53,37
3,-53,36
3,-53,37
3,-53,37
3,-53,37
4,-53,37
3,-53,37
4,-53,37
3,-53,37
3,-53,38
3,-54,38
6,-56,36
6,-55,39
-3,-48,37
-1,-37,75
-42,-16,98
-43,-22,76
-43,-26,79
-50,-40,78
-48,-46,77
-47,-48,71
-46,-45,67
-40,-37,58
-25,-26,49
-17,-18,45
3,-3,42
6,5,39
9,18,37
9,22,37
9,30,36
11,35,36
22,40,44
33,40,50
33,40,46
34,41,43
28,38,34
35,34,41
34,34,42
37,30,42
34,30,43
36,27,42
34,27,44
27,25,47
24,26,48
25,26,45
25,27,45
27,25,55
24,25,53
29,25,55
21,27,54
22,28,55
40,29,52
34,29,42
29,32,38
33,31,37
31,34,31
45,35,32
45,34,30
44,33,30
43,35,31
45,36,32
43,35,33
43,34,26
43,34,24
37,30,18
37,28,20
37,31,22
38,32,24
49,31,30
50,31,30
44,36,34
44,36,35
46,40,39
45,38,33
43,39,32
38,40,31
36,40,31
34,39,30
35,40,30
37,40,30
37,41,30
36,43,31
35,44,32
36,45,32
36,45,32
35,44,29
33,44,31
33,43,30
32,41,31
33,41,33
33,41,35
33,41,36
32,41,35
32,41,35
32,41,35
33,40,35
34,39,33
34,39,35
32,40,35
32,41,35
32,42,34
33,42,33
33,42,33
33,42,33
34,42,33
34,42,32
35,41,32
34,41,32
34,41,32
33,41,33
33,42,34
33,42,34
32,43,34
32,42,34
32,42,33
32,42,34
33,40,34
34,41,34
32,41,34
32,42,33
32,42,33
32,42,33
33,41,34
33,42,33
32,42,34
32,42,33
32,42,33
33,42,33
32,41,34
32,42,35
32,42,35
31,43,35
31,42,34
31,42,34
32,42,34
32,42,34
31,43,35
31,43,35
31,42,34
31,42,34
31,42,35
32,42,35
31,42,35
31,42,35
30,42,35
30,42,35
30,42,35
31,41,35
32,41,35
31,41,35
30,41,36
31,41,36
30,42,36
30,42,37
30,42,36
29,43,36
29,43,36
29,43,36
29,43,37
29,43,38
29,43,38
29,43,37
27,42,38
26,42,37
24,42,39
24,42,39
19,44,40
17,44,41
15,41,46
14,39,47
13,37,48
11,35,51
7,33,55
7,32,55
8,31,54
5,31,55
5,30,55
4,31,53
5,32,53
5,32,55
6,32,55
7,34,52
8,35,52
9,38,49
14,44,47
11,44,51
5,36,54
2,35,57
4,29,58
3,27,58
3,23,58
1,24,61
2,23,55
0,23,59
-6,18,61
-9,18,49
-2,21,77
-4,19,60
-6,17,65
-10,16,60
-12,16,65
-6,10,71
-4,11,63
-4,10,62
-4,10,61
-6,8,62
-6,7,63
-7,7,62
-8,6,61
-10,6,59
-10,7,59
-14,5,59
-16,6,63
-18,6,64
-20,8,65
-20,8,64
-20,8,61
-20,9,60
-21,9,59
-21,8,58
-20,8,58
-19,9,56
-19,9,58
-17,8,59
-16,8,60
-15,9,64
-13,9,63
-7,9,65
-7,10,66
-6,11,69
-6,11,68
-3,10,66
-2,10,66
2,8,63
6,6,60
10,8,58
14,11,57
14,11,58
19,10,56
20,11,57
20,13,55
22,15,54
26,20,49
30,22,49
34,27,44
38,27,40
42,32,36
46,36,30
45,37,32
44,36,36
40,35,37
36,33,39
32,33,40
34,35,43
32,34,40
37,37,31
37,38,32
39,38,31
40,37,31
45,34,31
53,31,36
55,27,32
54,24,29
50,22,31
44,21,29
43,21,27
45,24,27
45,25,27
44,28,28
44,30,28
44,34,28
48,36,29
48,37,28
44,40,23
44,40,21
42,42,16
42,42,15
46,42,17
46,42,18
46,41,23
46,40,23
44,40,23
42,41,21
44,40,23
45,39,24
44,40,25
42,38,23
42,37,24
43,36,24
44,37,25
43,37,27
43,37,28
43,36,28
43,35,29
41,35,30
41,34,31
41,34,32
37,34,31
40,34,31
35,37,32
36,39,37
35,41,38
34,41,37
33,41,38
33,40,38
33,40,36
33,40,36
34,40,34
35,39,34
35,39,33
35,40,32
36,40,32
36,40,33
36,40,33
36,40,33
36,39,33
35,38,34
35,38,34
35,38,34
33,39,35
33,40,36
32,41,37
33,40,37
32,40,37
32,40,37
32,40,37
32,40,36
33,40,36
33,40,36
33,40,35
33,40,35
33,41,35
33,41,35
32,41,35
33,41,35
32,41,35
33,41,36
32,41,36
32,41,35
32,41,35
32,40,35
33,41,35
33,41,36
33,40,36
32,41,36
32,40,36
32,40,36
32,40,36
33,40,36
33,40,36
32,40,36
33,40,36
33,40,36
33,40,35
33,40,36
33,40,36
33,40,36
33,39,36
33,40,36
33,39,36
33,39,36
33,39,36
33,39,36
34,39,35
33,39,36
33,39,36
34,39,35
34,39,36
34,39,35
34,39,36
34,39,36
34,39,35
34,39,35
34,39,35
34,39,35
34,39,35
33,39,36
34,39,36
34,39,35
34,39,36
34,39,36
33,39,36
33,39,36
33,39,36
34,39,36
34,39,36
33,39,36
33,40,36
33,39,36
34,39,36
34,39,36
34,39,36
34,39,36
33,39,35
33,39,36
33,39,36
33,39,36
33,39,36
33,39,36
33,39,36
33,39,36
33,40,36
34,39,36
33,39,36
33,39,35
33,39,36
34,39,36
34,39,35
33,40,35
34,40,36
34,39,36
34,39,36
34,39,36
34,39,35
34,39,36
34,39,35
34,39,35
34,39,36
34,39,35
34,39,36
34,40,36
34,39,36
34,39,36
33,39,36
34,40,35
34,39,35
33,39,35
33,39,35
34,39,36
34,39,35
33,39,35
33,40,35
34,40,35
34,39,36
34,40,35
34,40,36
34,39,35
34,39,35
34,40,35
34,39,35
34,40,35
34,40,35
34,39,35
34,39,35
34,39,35
34,40,36
34,40,35
34,40,35
34,39,36
34,39,35
34,39,35
33,40,35
33,40,35
32,41,35
33,40,35
33,39,35
34,39,36
34,38,35
35,38,35
36,38,34
36,39,35
35,39,34
35,39,34
36,38,35
33,40,36
33,40,35
32,41,34
33,41,35
32,41,35
33,41,36
32,41,35
32,41,36
32,41,35
32,41,35
32,41,35
32,41,35
32,41,36
32,41,36
32,41,36
32,41,36
32,41,36
33,40,35
33,40,35
33,40,35
33,41,35
33,41,35
33,41,35
33,41,35
32,41,35
33,41,35
33,40,35
33,40,35
32,40,36
33,40,36
32,40,36
32,40,36
32,40,36
32,40,35
33,40,35
32,40,35
33,41,36
33,41,35
32,40,35
33,41,35
32,41,35
32,41,35
32,41,35
32,41,36
32,41,35
32,41,36
32,41,36
32,41,35
32,40,36
32,40,36
32,41,35
32,41,35
32,41,35
32,41,36
32,41,35
32,41,36
32,41,36
32,41,35
32,41,35
32,41,35
32,41,35
32,41,35
32,41,35
32,41,35
32,41,35
32,41,35
32,41,35
32,41,35
32,41,35
32,41,35
32,41,35
32,41,35
32,41,35
32,41,35
32,41,35
32,41,35
32,41,35
32,41,35
32,41,35
33,41,35
32,41,35
32,41,35
32,41,35
32,41,35
33,41,35
32,41,35
32,41,35
33,41,35
32,41,35
32,41,35
32,41,35
32,41,35
32,41,35
32,41,35
32,41,35
33,41,35
32,41,35
33,41,35
32,41,35
32,41,35
32,41,35
32,41,35
32,41,35
33,41,35
32,41,35
32,41,35
33,41,35
32,41,35
32,41,35
33,41,35
33,41,34
32,41,34
33,41,35
33,41,35
32,41,35
32,41,35
32,41,35
32,41,35
32,41,35
32,41,35
32,41,35
32,41,35
32,41,35
32,41,35
32,41,35
32,41,35
32,41,35
33,41,35
32,41,35
32,41,35
33,41,35
33,41,35
33,41,35
32,41,35
32,41,35
32,41,35
32,41,35
33,41,35
33,40,36
33,40,36
34,40,35
34,40,34
35,41,35
35,40,35
34,40,36
33,40,36
35,39,35
34,38,34
34,39,33
41,33,33
39,32,30
43,32,31
44,33,30
40,35,30
37,37,30
37,37,29
38,37,31
35,38,31
35,39,31
38,40,31
38,41,32
37,42,34
40,42,36
40,40,33
39,39,31
40,37,28
28,41,39
33,40,39
31,39,40
33,37,39
41,30,37
46,20,29
44,14,26
41,8,25
36,-5,28
34,-10,30
25,-32,47
13,-20,84
16,-6,90
49,-55,44
18,-67,22
-10,-56,39
0,-45,52
-27,-32,24
-42,-34,19
-50,-51,18
-47,-54,20
-40,-114,79
-49,-39,-8
-59,-68,-1
-15,-55,20
-3,-55,24
-7,-60,24
-17,-64,20
-20,-60,24
-19,-56,27
-24,-53,10
-11,-62,30
4,-56,32
-2,-60,25
-11,-59,25
-7,-58,29
-8,-57,25
-9,-61,36
-9,-53,47
-7,-54,26
-3,-60,27
5,-56,32
7,-56,25
-20,-57,34
-29,-58,39
-18,-57,26
-12,-58,25
-12,-58,25
-13,-58,25
-13,-58,24
-14,-57,31
-14,-56,30
-16,-62,21
-15,-57,22
-24,-54,29
-26,-57,34
-4,-46,50
11,-50,54
6,-40,55
0,-41,58
-12,-49,44
-7,-42,47
-5,-52,35
8,-56,15
-5,-51,27
-15,-68,37
-13,-59,40
-12,-57,40
-8,-61,33
-13,-50,12
-18,-52,8
-17,-62,14
-19,-65,15
-23,-67,13
-25,-59,21
-28,-58,20
-30,-58,9
-28,-56,8
-22,-62,18
-26,-59,13
-37,-55,5
-34,-54,0
-22,-60,14
-21,-55,1
-31,-51,-6
-29,-52,7
-16,-61,19
-31,-69,22
-29,-66,23
-33,-64,20
-35,-62,17
-45,-64,15
-41,-66,14
-24,-59,18
-26,-62,24
-2,-48,22
39,-40,40
41,-39,41
8,-37,34
-3,-36,28
10,-32,17
18,-36,18
24,-46,23
15,-49,15
-20,-55,5
-22,-55,11
-48,-128,97
-62,-23,-16
-79,-70,-20
-30,-61,8
-11,-69,10
0,-69,16
-13,-60,16
-29,-55,22
-19,-58,24
-20,-59,27
-19,-56,31
-10,-58,31
-17,-60,26
-20,-56,23
-19,-56,23
-20,-56,27
-21,-54,25
-20,-57,26
-19,-58,25
-19,-58,24
-20,-57,23
-19,-58,23
-19,-56,24
-20,-57,25
-20,-56,26
-20,-56,26
-19,-57,25
-19,-57,24
-19,-57,25
-19,-57,25
-19,-56,25
-19,-57,26
-18,-57,25
-18,-58,24
-19,-57,24
-18,-57,26
-19,-56,27
-18,-57,26
-19,-57,25
-19,-56,26
-18,-57,26
-18,-57,26
-18,-57,25
-18,-57,25
-21,-56,25
-20,-56,25
-19,-56,26
-20,-57,26
-19,-57,25
-19,-57,25
-19,-56,26
-19,-57,26
-19,-56,25
-18,-57,25
-19,-57,25
-20,-56,25
-20,-56,26
-19,-57,25
-19,-57,25
-19,-57,25
-19,-56,25
-19,-57,26
-19,-57,26
-20,-57,26
-20,-56,26
-19,-56,25
-20,-56,25
-19,-57,25
-20,-57,26
-19,-57,25
-19,-56,25
-19,-57,25
-20,-57,25
-19,-57,25
-20,-56,25
-20,-57,25
-20,-56,26
-20,-56,26
-19,-57,25
-19,-57,25
-18,-57,25
-20,-56,26
-20,-56,26
-19,-57,25
-19,-56,25
-19,-57,25
-20,-56,26
-19,-57,26
-19,-57,25
-19,-56,25
-19,-56,25
-19,-57,25
-19,-57,26
-20,-56,25
-19,-57,25
-20,-56,25
-19,-57,25
-20,-57,25
-20,-56,25
-19,-57,25
-19,-56,25
-19,-57,25
-20,-56,25
-19,-57,26
-20,-56,26
-19,-56,25
-20,-57,25
-20,-56,25
-20,-56,25
-20,-56,26
-19,-57,25
-20,-57,25
-19,-56,26
-20,-56,25
-20,-56,25
-19,-57,26
-20,-56,25
-20,-57,25
-20,-57,25
-19,-56,25
-20,-57,26
-19,-57,25
-20,-57,25
-20,-56,25
-19,-56,25
-20,-56,25
-19,-57,25
-20,-56,26
-20,-56,26
-20,-57,25
-20,-56,26
-19,-57,25
-20,-57,25
-20,-56,26
-19,-57,25
-19,-56,25
-20,-57,25
-19,-57,25
-20,-57,25
-19,-57,25
-20,-56,25
-19,-57,25
-20,-57,26
-19,-56,25
-19,-57,25
-20,-57,25
-20,-57,25
-20,-56,25
-19,-57,25
-20,-56,25
-19,-57,26
-19,-57,25
-20,-56,25
-20,-57,25
-20,-56,25
-19,-57,26
-20,-57,25
-20,-57,25
-20,-56,25
-19,-56,25
-20,-57,26
-19,-56,25
-20,-57,26
-20,-56,25
-19,-56,25
-20,-57,25
-19,-57,25
-20,-57,25
-20,-56,26
-20,-57,25
-20,-56,25
-20,-57,25
-20,-57,25
-20,-56,26
-20,-57,25
-20,-56,25
-20,-57,25
-20,-56,25
-20,-56,25
-20,-56,25
-19,-57,25
-20,-57,26
-19,-56,25
-20,-57,25
-19,-57,26
-20,-57,26
-20,-56,25
-20,-57,25
-20,-57,25
-20,-56,25
-20,-57,26
-19,-57,25
-20,-57,25
-19,-57,25
-19,-56,25
-20,-57,25
-19,-57,26
-20,-56,25
-19,-56,26
-19,-56,25
-20,-57,25
-19,-57,26
-20,-56,25
-20,-56,25
-19,-57,25
-19,-57,26
-20,-56,25
-19,-57,25
-20,-56,25
-19,-57,25
-20,-56,25
-20,-56,26
-19,-57,25
-20,-56,25
-19,-57,25
-20,-56,25
-20,-57,26
-20,-56,25
-20,-56,25
-20,-56,25
-19,-56,26
-20,-57,25
-20,-56,25
-19,-57,25
-20,-56,25
-19,-57,25
-20,-56,25
-20,-57,25
-20,-57,26
-20,-56,25
-20,-57,25
-20,-56,25
-19,-56,25
-20,-56,25
-20,-57,25
-20,-57,25
-20,-56,26
-20,-57,25
-20,-56,25
-20,-57,25
-20,-56,26
-19,-56,26
-20,-57,25
-20,-56,25
-20,-57,26
-20,-57,25
-20,-57,25
-20,-56,26
-20,-56,26
-20,-56,25
-20,-57,25
-20,-57,26
-19,-56,26
-20,-56,25
-20,-57,26
-19,-57,25
-19,-56,25
-20,-56,26
-19,-56,25
-20,-57,25
-20,-57,25
-19,-56,25
-20,-56,25
-19,-57,26
-19,-56,25
-20,-57,25
-20,-57,25
-20,-56,25
-19,-57,26
-20,-56,25
-20,-57,25
-20,-57,25
-20,-56,25
-19,-57,25
-20,-56,25
-20,-57,26
-20,-56,26
-19,-56,25
-20,-57,26
-20,-57,25
-20,-57,25
-20,-56,25
-20,-57,26
-20,-56,26
-19,-57,26
-20,-57,25
-20,-56,26
-20,-57,26
-20,-56,25
-20,-57,25
-20,-56,25
-20,-56,25
-20,-57,26
-20,-57,25
-20,-57,26
-19,-57,26
-20,-56,25
-20,-56,26
-19,-57,25
-20,-57,26
-19,-56,25
-20,-57,25
-20,-56,26
-19,-57,26
-19,-57,25
-20,-56,25
-19,-57,25
-19,-56,26
-20,-56,25
-19,-57,25
-20,-57,25
-19,-57,26
-20,-56,26
-19,-56,26
-20,-57,25
-19,-56,25
-19,-57,25
-20,-56,25
-19,-57,26
-20,-56,25
-19,-56,25
-19,-56,25
-20,-57,25
-19,-57,26
-20,-56,25
-19,-57,25
-20,-57,25
-19,-57,26
-20,-56,26
-19,-56,25
-20,-57,25
-20,-56,26
-20,-56,26
-20,-56,25
-19,-57,26
-20,-57,26
-20,-56,25
-20,-57,25
-20,-56,25
-19,-56,25
-20,-56,25
-20,-57,25
-20,-57,26
-19,-57,25
-20,-56,25
-19,-57,26
-19,-57,25
-20,-56,26
-19,-57,26
-20,-56,25
-19,-57,26
-19,-57,25
-20,-57,25
-20,-56,25
-19,-57,26
-20,-56,25
-19,-56,26
-19,-57,25
-20,-57,25
-19,-57,26
-19,-56,25
-20,-57,26
-19,-56,26
-19,-56,26
-19,-57,26
-19,-56,25
-19,-57,26
-20,-56,26
-19,-56,25
-20,-56,26
-19,-57,25
-19,-56,26
-20,-56,26
-19,-57,25
-20,-56,25
-19,-57,26
-20,-56,25
-20,-57,26
-20,-56,26
-20,-56,25
-20,-57,25
-19,-56,26
-19,-57,26
-20,-56,26
-19,-56,25
-20,-57,25
-20,-57,25
-19,-57,25
-20,-56,26
-19,-57,26
-20,-56,25
-19,-56,25
-20,-56,25
-19,-56,26
-19,-57,26
-20,-56,25
-20,-57,25
-20,-56,25
-19,-56,25
-20,-56,26
-19,-57,25
-20,-57,26
-19,-56,26
-20,-57,25
-19,-57,26
-19,-57,26
-19,-57,25
-19,-56,25
-20,-56,25
-19,-56,26
-19,-56,26
-19,-57,25
-19,-56,26
-19,-57,26
-19,-56,26
-19,-56,26
-19,-57,26
-19,-56,25
-19,-57,26
-19,-56,25
-19,-57,26
-19,-57,25
-19,-56,25
-19,-56,26
-19,-57,26
-19,-57,26
-20,-56,25
-19,-57,26
-20,-56,26
-19,-57,26
-19,-56,25
-19,-56,26
-19,-57,25
-19,-56,25
-19,-57,26
-20,-56,25
-19,-56,26
-20,-57,26
-19,-56,25
-20,-57,26
-20,-56,26
-19,-56,26
-20,-56,26
-19,-56,25
-20,-57,26
-19,-56,26
-19,-57,25
-20,-56,26
-19,-57,25
-20,-56,26
-19,-56,26
-20,-56,25
-19,-56,26
-19,-57,26
-19,-57,25
-19,-56,26
-20,-57,25
-19,-56,25
-19,-57,26
-19,-57,25
-20,-57,25
-18,-57,26
-19,-56,26
-19,-57,26
-19,-57,25
-19,-56,25
-19,-56,26
-19,-56,26
-19,-57,26
-19,-57,25
-19,-57,25
-19,-56,26
-19,-56,26
-19,-57,26
-19,-56,25
-19,-57,25
-20,-56,26
-19,-57,26
-20,-57,26
-19,-56,26
-19,-57,26
-19,-56,25
-19,-57,26
-20,-57,25
-19,-57,26
-19,-56,26
-19,-56,25
-19,-57,25
-19,-56,26
-19,-56,25
-19,-56,26
-19,-57,25
-20,-57,25
-19,-56,26
-20,-56,25
-20,-56,26
-19,-57,26
-20,-57,26
-19,-56,25
-19,-57,26
-19,-56,26
-19,-56,26
-19,-57,25
-19,-56,25
-19,-57,26
-19,-56,26
-19,-57,26
-19,-57,25
-20,-57,26
-19,-56,26
-19,-56,26
-19,-57,26
-19,-57,26
-19,-57,25
-18,-57,24
-18,-57,24
-19,-57,26
-19,-57,27
-19,-57,26
-19,-58,22
-18,-58,23
-19,-56,26
-19,-56,26
-18,-57,24
-19,-57,24
-19,-57,25
-19,-57,25
-19,-57,25
-19,-57,25
-18,-57,25
-18,-57,25
-19,-57,25
-19,-57,25
-19,-56,25
-19,-57,25
-19,-57,25
-19,-57,25
-19,-57,24
-19,-57,25
-19,-57,25
-19,-56,26
-19,-57,25
-20,-57,25
-19,-57,25
-20,-57,25
-19,-57,24
-19,-57,25
-19,-57,25
-20,-56,25
-19,-56,25
-19,-57,25
-20,-57,26
-20,-56,26
-20,-57,25
-20,-56,25
-19,-57,26
-20,-56,26
-19,-56,26
-19,-57,24
-20,-57,25
-20,-57,26
-19,-57,25
-20,-56,25
-19,-57,25
-20,-56,25
-20,-57,26
-19,-57,25
-20,-57,25
-19,-56,25
-20,-57,25
-19,-57,26
-19,-57,25
-19,-57,25
-19,-56,25
-19,-57,26
-19,-57,25
-19,-56,25
-20,-57,25
-20,-57,25
-19,-57,25
-20,-56,25
-19,-57,26
-19,-57,25
-19,-56,25
-19,-56,26
-20,-56,26
-19,-57,25
-20,-56,25
-19,-57,25
-20,-56,26
-19,-57,26
-19,-57,25
-19,-56,25
-19,-57,25
-20,-56,26
-19,-57,25
-20,-57,25
-20,-56,26
-20,-56,26
-19,-56,25
-20,-57,25
-20,-57,25
-19,-57,25
-20,-56,26
-19,-56,25
-20,-57,26
-20,-56,25
-19,-56,26
-20,-56,25
-19,-57,25
-20,-56,25
-19,-56,25
-20,-56,25
-19,-57,26
-20,-57,26
-19,-56,25
-19,-57,26
-20,-56,25
-19,-56,25
-20,-57,26
-19,-57,25
-20,-57,26
-19,-57,25
-19,-56,25
-19,-57,26
-19,-57,25
-19,-56,25
-19,-56,26
-19,-57,25
-19,-56,26
-19,-57,25
-20,-57,25
-19,-56,26
-19,-57,26
-20,-56,25
-19,-56,25
-19,-57,25
-19,-56,26
-19,-56,26
-20,-57,25
-20,-57,26
-19,-57,26
-19,-56,25
-19,-56,26
-20,-56,25
-19,-57,25
-19,-56,25
-19,-56,25
-20,-56,26
-19,-57,25
-20,-57,25
-20,-56,26
-19,-57,25
-20,-56,25
-19,-57,26
-20,-57,25
-20,-56,25
-19,-57,25
-20,-56,25
-20,-56,26
-20,-56,25
-20,-56,25
-20,-57,26
-19,-57,25
-20,-57,26
-20,-56,26
-20,-56,25
-20,-56,25
-19,-57,25
-20,-57,25
-19,-57,25
-20,-56,25
-19,-57,26
-19,-57,25
-19,-57,25
-20,-56,25
-19,-56,26
-19,-56,26
-20,-57,26
-19,-57,25
-20,-56,25
-19,-57,26
-19,-56,25
-20,-56,26
-19,-57,25
-19,-56,25
-19,-57,25
-20,-56,26
-20,-57,26
-19,-57,25
-19,-56,25
-19,-56,26
-20,-56,25
-19,-57,26
-20,-56,25
-19,-56,25
-20,-56,26
-19,-56,26
-20,-57,25
-19,-56,25
-19,-57,26
-20,-56,26
-19,-56,26
-20,-57,25
-19,-57,26
-20,-57,26
-19,-56,26
-19,-57,26
-20,-56,25
-19,-56,25
-20,-56,25
-19,-57,26
-20,-56,26
-19,-56,25
-20,-57,25
-20,-56,26
-20,-57,26
-20,-56,26
-19,-56,25
-20,-57,25
-19,-57,26
-20,-57,26
-19,-57,25
-19,-56,26
-19,-57,26
-19,-56,26
-20,-57,25
-19,-57,25
-20,-57,25
-19,-57,26
-20,-56,25
-19,-57,26
-19,-57,25
-19,-56,25
-19,-56,26
-19,-56,26
-19,-57,26
-20,-56,25
-19,-57,25
-19,-56,26
-19,-56,26
-19,-56,26
-20,-56,25
-19,-57,25
-20,-56,25
-19,-57,26
-20,-56,26
-19,-56,26
-19,-57,26
-19,-56,26
-19,-57,26
-20,-56,25
-20,-57,25
-20,-56,26
-19,-56,26
-20,-56,26
-19,-57,25
-19,-57,25
-20,-56,26
-20,-56,26
-20,-56,26
-19,-56,25
-20,-57,25
-20,-56,26
-20,-57,26
-20,-56,25
-19,-56,25
-20,-56,25
-19,-57,26
-20,-56,26
-19,-57,26
-19,-57,25
-19,-57,26
-20,-56,25
-19,-57,26
-19,-57,26
-20,-57,26
-19,-56,26
-19,-56,25
-19,-57,26
-19,-57,26
-19,-56,26
-19,-56,25
-20,-57,25
-20,-57,26
-20,-56,25
-19,-57,26
-19,-56,26
-19,-57,25
-19,-56,26
-19,-56,26
-19,-57,26
-19,-56,26
-19,-57,26
-20,-56,25
-19,-57,26
-20,-56,26
-19,-56,25
-20,-57,26
-20,-56,26
-19,-57,26
-20,-56,25
-19,-56,25
-20,-56,26
-19,-57,25
-20,-57,25
-20,-56,26
-19,-57,26
-20,-56,26
-19,-56,25
-20,-56,25
-20,-56,26
-20,-56,26
-19,-56,26
-20,-57,26
-20,-56,25
-20,-56,25
-20,-56,26
-19,-57,25
-20,-57,26
-19,-56,26
-20,-57,25
-19,-57,26
-19,-57,26
-20,-56,26
-19,-56,25
-20,-57,25
-19,-56,26
-19,-56,26
-19,-57,26
-19,-56,25
-19,-57,26
-19,-56,25
-19,-56,26
-19,-57,25
-19,-56,25
-19,-57,26
-19,-56,26
-19,-57,26
-19,-56,26
-19,-56,25
-19,-56,26
-19,-57,26
-19,-56,26
-20,-56,26
-19,-57,25
-20,-56,26
-19,-56,26
-20,-56,26
-20,-56,25
-19,-57,26
-19,-56,26
-19,-56,26
-20,-56,26
-19,-57,26
-20,-56,26
-19,-56,26
-20,-57,26
-20,-56,26
-19,-57,26
-20,-56,26
-19,-56,26
-20,-56,26
-19,-57,26
-20,-57,25
-20,-56,26
-20,-57,26
-20,-56,26
-20,-57,26
-20,-56,26
-19,-56,26
-20,-56,26
-19,-56,25
-20,-57,26
-20,-56,25
-19,-56,25
-20,-56,26
-19,-57,26
-20,-56,26
-19,-56,26
-20,-56,26
-19,-56,26
-20,-57,26
-19,-56,26
-20,-57,26
-19,-56,26
-19,-56,26
-20,-56,26
-19,-56,26
-20,-56,26
-19,-56,26
-20,-57,25
-19,-56,26
-19,-57,26
-19,-57,25
-19,-56,26
-19,-57,26
-19,-56,26
-19,-56,26
-19,-56,26
-20,-57,26
-19,-57,26
-19,-56,25
-19,-57,26
-19,-57,26
-19,-56,25
-19,-56,26
-19,-57,25
-19,-56,26
-20,-56,26
-19,-56,25
-19,-56,26
-19,-57,26
-19,-56,26
-20,-56,26
-19,-56,26
-19,-56,26
-19,-56,26
-20,-56,26
-19,-56,26
-20,-56,26
-19,-57,25
-19,-56,26
-19,-57,26
-19,-56,26
-20,-56,26
-19,-57,26
-20,-56,26
-19,-56,26
-20,-56,26
-19,-57,26
-20,-56,26
-19,-56,25
-20,-57,26
-19,-56,26
-19,-57,26
-20,-56,26
-19,-57,25
-20,-56,26
-19,-56,26
-20,-57,26
-19,-56,25
-20,-57,26
-19,-56,26
-20,-56,26
-20,-56,26
-19,-56,25
-20,-56,26
-19,-56,26
-20,-57,26
-20,-57,25
-20,-57,25
-20,-56,25
-19,-57,26
-20,-56,26
-19,-56,26
-20,-57,25
-19,-56,26
-20,-56,26
-19,-56,26
-20,-57,26
-20,-56,26
-19,-56,25
-20,-56,26
-19,-56,26
-20,-57,26
-19,-56,26
-20,-57,26
-19,-56,26
-19,-57,26
-19,-57,26
-19,-56,26
-20,-56,26
-19,-56,26
-20,-56,26
-19,-56,26
-20,-57,26
-19,-56,26
-20,-57,26
-19,-57,26
-19,-57,26
-19,-57,25
-19,-56,26
-20,-56,26
-19,-56,26
-19,-57,26
-19,-57,26
-20,-56,26
-19,-57,26
-20,-56,25
-19,-56,26
-19,-57,26
-19,-56,26
-19,-56,26
-19,-56,26
-19,-57,26
-19,-57,26
-19,-56,26
-19,-56,26
-19,-57,26
-19,-56,26
-19,-56,26
-19,-57,26
-20,-55,26
-19,-57,26
-20,-56,26
-19,-57,26
-20,-56,26
-19,-56,26
-19,-56,26
-20,-56,26
-19,-56,26
-20,-56,26
-19,-57,25
-20,-56,26
-19,-57,26
-20,-56,25
-20,-56,26
-19,-56,26
-19,-56,25
-19,-57,26
-20,-56,26
-19,-56,26
-20,-56,26
-19,-56,25
-20,-56,26
-20,-56,26
-20,-56,26
-20,-56,26
-19,-57,26
-20,-56,26
-19,-56,26
-20,-56,25
-19,-56,26
-19,-57,26
-19,-56,26
-20,-57,26
-20,-56,26
-19,-56,26
-20,-56,26
-19,-56,26
-20,-56,26
-19,-56,26
-19,-57,25
-20,-57,26
-19,-57,26
-19,-56,26
-19,-56,26
-20,-56,26
-19,-56,26
-20,-56,26
-19,-56,26
-20,-57,26
-19,-56,26
-19,-56,26
-19,-57,26
-19,-57,26
-19,-56,25
-19,-56,26
-20,-56,26
-19,-57,26
-19,-56,26
-19,-56,26
-19,-56,26
-19,-56,26
-19,-56,26
-19,-56,26
-19,-57,26
-20,-55,26
-19,-57,26
-19,-56,26
-20,-57,26
-19,-57,26
-19,-56,25
-19,-56,26
-19,-56,26
-19,-56,26
-20,-56,26
-19,-56,26
-20,-56,26
-19,-57,26
-20,-56,25
-19,-56,26
-19,-56,26
-19,-56,26
-19,-56,26
-20,-56,26
-19,-56,26
-20,-56,26
-19,-56,26
-20,-56,26
-19,-56,26
-20,-56,26
-20,-56,26
-19,-56,26
-20,-56,26
-19,-57,26
-20,-56,25
-19,-56,26
-19,-57,26
-19,-55,26
-20,-56,26
-20,-56,25
-19,-56,25
-20,-56,26
-19,-57,26
-20,-56,26
-19,-56,26
-20,-57,25
-20,-56,26
-19,-57,26
-20,-56,26
-20,-56,26
-20,-56,26
-19,-56,26
-19,-56,26
-19,-57,26
-20,-57,26
-19,-56,26
-19,-56,26
-19,-56,26
-19,-57,26
-20,-56,26
-19,-56,26
-20,-56,26
-19,-56,26
-19,-56,26
-19,-57,26
-20,-56,26
-19,-56,26
-19,-56,26
-20,-56,26
-19,-56,26
-20,-57,26
-19,-56,26
-20,-56,26
-19,-57,26
-19,-57,26
-19,-56,26
-19,-56,26
-19,-56,26
-19,-56,26
-20,-56,26
-20,-57,26
-20,-56,26
-19,-57,26
-19,-56,26
-19,-56,26
-19,-56,26
-19,-56,26
-19,-56,26
-20,-56,26
-19,-57,26
-20,-56,26
-19,-57,26
-20,-56,26
-19,-56,26
-19,-56,26
-20,-56,26
-19,-56,26
-19,-56,26
-19,-57,26
-20,-56,26
-19,-57,26
-20,-56,26
-19,-56,26
-20,-56,26
-19,-56,26
-19,-56,26
-20,-56,26
-19,-57,26
-19,-56,26
-19,-57,26
-20,-56,25
-20,-56,26
-19,-56,26
-19,-56,26
-20,-57,26
-20,-56,26
-20,-56,26
-20,-56,26
-19,-56,26
-20,-56,26
-19,-57,26
-20,-56,25
-20,-56,26
-19,-57,26
-20,-55,26
-20,-56,26
-20,-56,25
-19,-56,26
-20,-56,26
-19,-56,26
-20,-56,26
-19,-56,26
-19,-56,26
-19,-56,26
-19,-57,26
-20,-56,26
-20,-56,26
-20,-57,26
-19,-56,26
-20,-57,26
-19,-56,26
-20,-57,26
-20,-56,26
-19,-56,26
-20,-56,26
-19,-57,26
-20,-56,26
-19,-56,26
-19,-57,26
-19,-56,26
-19,-56,26
-19,-57,26
-19,-56,26
-19,-56,26
-19,-56,26
-19,-57,26
-19,-56,26
-20,-57,26
-19,-56,26
-19,-56,26
-19,-57,26
-19,-57,26
-19,-56,26
-19,-56,26
-19,-56,26
-19,-57,26
-20,-56,26
-19,-56,26
-20,-56,26
-19,-56,26
-19,-56,26
-19,-56,26
-19,-57,26
-19,-56,25
-19,-56,26
-20,-56,26
-19,-57,26
-19,-56,26
-19,-56,26
-19,-56,26
-19,-56,26
-19,-57,26
-20,-56,26
-19,-56,26
-20,-56,26
-19,-57,26
-20,-57,26
-20,-56,26
-19,-57,26
-19,-55,26
-19,-57,26
-20,-56,26
-20,-56,26
-19,-56,26
-19,-56,26
-20,-56,26
-20,-56,26
-19,-56,26
-19,-56,26
-19,-57,26
-20,-56,26
-19,-56,26
-20,-56,25
-19,-56,26
-19,-57,26
-19,-55,26
-20,-57,26
-20,-56,26
-19,-56,25
-20,-55,26
-19,-56,26
-20,-56,26
-19,-56,26
-20,-57,26
-19,-56,26
-19,-57,26
-20,-55,26
-20,-57,26
-20,-56,25
-19,-56,26
-20,-56,26
-19,-56,26
-20,-56,26
-20,-56,26
-19,-57,25
-19,-56,26
-19,-57,26
-19,-56,26
-19,-56,26
-20,-57,26
-19,-56,26
-19,-56,26
-19,-56,26
-20,-57,26
-19,-56,26
-19,-56,26
-19,-56,26
-20,-56,26
-18,-56,26
-19,-56,26
-20,-56,25
-19,-57,26
-19,-56,26
-19,-57,26
-19,-56,26
-19,-57,26
-19,-56,26
-19,-56,26
-19,-56,26
-19,-56,26
-19,-56,26
-19,-56,26
-19,-56,27
-19,-57,26
-19,-56,26
-19,-56,26
-19,-56,26
-19,-56,26
-20,-56,26
-19,-57,26
-19,-56,26
-19,-57,26
-20,-56,26
-19,-56,26
-19,-56,26
-19,-56,26
-19,-56,26
-19,-56,26
-19,-56,26
-20,-56,26
-19,-56,26
-20,-57,26
-19,-56,26
-19,-56,26
-20,-56,26
-19,-57,26
-20,-56,26
-19,-56,26
-20,-56,26
-19,-56,26
-19,-56,26
-19,-56,26
-19,-56,26
-20,-56,25
-19,-56,26
-20,-56,26
-19,-57,26
-20,-56,27
-19,-56,27
-19,-56,25
-19,-56,26
-19,-56,26
-20,-56,26
-19,-56,26
-20,-56,26
-19,-57,26
-19,-56,26
-19,-57,26
-19,-56,26
-19,-57,26
-19,-56,26
-19,-56,26
-19,-56,26
-19,-56,26
-19,-57,26
-19,-56,26
-19,-56,26
-19,-56,26
-19,-56,26
-19,-57,26
-19,-56,26
-19,-57,26
-19,-56,26
-19,-56,26
-20,-56,26
-19,-56,26
-19,-57,26
-20,-56,26
-19,-56,26
-20,-56,26
-19,-56,26
-19,-57,26
-20,-56,23
-21,-57,24
-22,-56,23
-23,-57,23
-25,-56,24
-30,-48,36
-4,-53,34
-11,-63,26
-18,-64,25
-12,-52,37
-7,-54,34
3,-57,29
21,-51,33
35,-36,35
29,-40,33
14,-47,20
4,-53,17
7,-52,18
12,-58,17
26,-62,22
17,-59,39
10,-63,41
3,-47,71
12,-45,62
3,-57,29
3,-59,26
6,-56,29
5,-55,31
8,-57,34
6,-56,32
5,-56,32
6,-56,34
6,-56,31
5,-55,31
6,-55,33
5,-56,33
5,-56,32
4,-56,32
4,-55,32
4,-55,33
5,-55,33
4,-55,33
4,-55,33
4,-55,34
4,-55,33
4,-55,33
4,-55,33
3,-55,33
4,-55,33
4,-55,33
4,-55,33
3,-55,33
1,-50,47
3,-48,46
11,-48,44
11,-54,32
10,-57,28
8,-61,22
7,-63,19
3,-67,15
11,-53,38
11,-53,34
10,-55,33
8,-54,33
9,-53,34
8,-55,33
7,-54,33
8,-54,33
9,-54,33
9,-54,33
8,-54,33
8,-55,33
8,-54,33
9,-54,33
8,-54,34
9,-54,33
8,-55,34
8,-54,34
8,-54,34
8,-54,33
8,-54,33
8,-54,33
8,-54,34
8,-54,34
9,-55,34
8,-54,33
8,-54,34
8,-54,33
8,-54,34
8,-55,34
8,-54,34
9,-54,34
8,-54,33
9,-54,34
8,-54,34
9,-54,34
8,-54,34
8,-54,34
8,-54,34
8,-54,34
9,-54,34
7,-54,34
8,-53,34
8,-54,34
8,-54,34
8,-54,34
8,-54,34
9,-54,34
8,-54,34
8,-54,34
8,-54,34
8,-54,34
8,-54,34
8,-54,34
8,-54,34
8,-54,33
8,-54,34
8,-54,34
8,-54,34
8,-54,34
8,-54,33
8,-54,34
7,-54,34
8,-54,34
8,-54,34
8,-54,34
7,-54,34
8,-54,34
8,-54,34
8,-54,34
8,-54,34
8,-54,34
8,-54,34
8,-54,34
8,-54,34
8,-54,34
8,-54,34
7,-54,34
9,-54,34
8,-54,34
8,-54,34
8,-54,34
8,-54,35
8,-54,34
8,-54,34
8,-54,35
8,-54,34
8,-53,34
9,-54,34
8,-54,34
8,-54,34
8,-54,33
8,-54,34
8,-54,34
8,-54,35
8,-54,34
7,-54,34
8,-54,34
7,-54,34
8,-54,35
7,-54,34
8,-54,34
8,-54,34
8,-54,34
8,-54,34
7,-54,34
8,-54,35
8,-54,34
8,-54,34
7,-54,34
8,-54,34
8,-54,34
7,-54,34
8,-54,34
8,-54,34
8,-54,34
7,-54,34
8,-53,34
8,-54,34
8,-54,34
8,-54,35
8,-54,34
8,-54,33
8,-54,34
7,-54,34
7,-54,34
8,-54,34
8,-54,34
8,-54,34
8,-54,34
7,-54,34
8,-54,34
7,-54,34
8,-54,34
8,-54,34
8,-54,34
8,-54,34
8,-54,34
8,-54,34
8,-54,34
8,-54,34
8,-54,34
8,-54,33
8,-54,34
8,-54,35
8,-54,34
8,-54,34
8,-54,34
7,-54,35
8,-54,34
8,-54,34
8,-54,34
7,-54,33
8,-54,34
8,-54,34
8,-54,34
8,-54,34
7,-54,34
8,-54,34
7,-54,34
8,-54,34
7,-54,34
8,-53,35
7,-54,35
7,-54,34
8,-54,34
8,-54,34
8,-54,34
7,-54,34
8,-54,34
8,-54,34
7,-54,34
8,-54,34
7,-54,34
7,-54,34
7,-54,34
8,-54,34
7,-54,35
8,-54,34
7,-54,34
7,-54,34
8,-54,34
8,-54,34
8,-54,34
7,-54,34
8,-55,34
8,-54,34
8,-54,34
7,-54,34
8,-53,34
7,-54,34
7,-54,35
8,-54,35
8,-54,34
8,-54,34
8,-54,33
9,-54,33
8,-54,33
8,-54,34
8,-54,34
7,-54,34
8,-54,34
7,-54,34
8,-54,35
7,-54,34
8,-54,34
8,-54,34
7,-54,34
8,-54,34
7,-54,34
8,-54,34
7,-54,34
7,-54,34
7,-54,34
7,-54,34
8,-54,34
7,-54,34
8,-54,34
7,-54,34
8,-54,34
8,-54,34
7,-54,34
7,-54,34
7,-54,34
7,-54,34
7,-54,34
8,-54,34
7,-54,34
7,-54,34
8,-54,34
7,-54,34
7,-54,34
7,-54,34
8,-54,33
7,-54,34
8,-54,34
7,-54,34
8,-54,34
7,-54,35
8,-54,34
8,-54,34
7,-54,34
8,-54,34
7,-54,34
8,-54,34
8,-54,34
8,-54,35
7,-54,34
8,-54,34
7,-54,34
7,-54,34
8,-54,34
7,-54,34
8,-54,34
7,-54,34
8,-54,34
7,-54,34
8,-54,34
7,-54,34
7,-54,34
8,-54,34
7,-54,34
8,-54,34
7,-54,34
7,-54,34
8,-54,34
7,-54,34
8,-54,34
7,-54,34
8,-54,34
7,-54,34
7,-54,34
7,-54,34
7,-54,34
8,-54,34
7,-54,34
7,-54,34
7,-54,34
7,-54,34
7,-54,34
8,-54,34
7,-54,35
7,-54,34
8,-54,34
7,-54,34
7,-54,34
7,-54,34
7,-54,34
7,-53,35
7,-54,34
8,-54,34
7,-54,34
8,-54,34
7,-54,34
8,-54,34
7,-54,34
7,-54,34
7,-54,35
8,-54,34
7,-54,34
8,-54,35
7,-54,34
7,-54,35
8,-54,34
7,-54,34
8,-54,34
7,-54,34
8,-54,34
8,-54,34
8,-54,34
7,-54,34
8,-54,34
8,-54,34
7,-54,34
8,-54,34
7,-54,34
8,-54,35
7,-54,34
8,-54,35
8,-54,34
7,-54,34
8,-54,35
7,-54,34
8,-54,34
7,-54,35
8,-54,34
7,-54,34
7,-54,34
8,-54,34
7,-54,34
8,-54,35
7,-54,34
7,-54,34
8,-54,35
7,-54,34
7,-54,34
7,-54,34
7,-54,34
7,-54,34
8,-54,34
7,-54,35
7,-54,34
7,-54,34
7,-54,34
7,-54,34
7,-54,34
8,-54,34
8,-54,34
7,-54,34
8,-54,34
8,-54,34
8,-54,34
7,-54,34
7,-54,34
7,-54,34
7,-54,34
7,-54,35
8,-54,34
7,-54,34
8,-54,34
7,-54,34
8,-54,34
8,-54,33
7,-54,34
8,-54,34
7,-54,35
8,-54,34
8,-54,34
8,-54,34
7,-54,34
7,-54,34
8,-54,34
7,-54,34
8,-54,34
8,-54,34
8,-54,35
7,-54,34
7,-53,34
8,-54,34
7,-54,34
7,-54,35
7,-54,34
7,-54,35
7,-54,34
8,-54,34
7,-54,34
7,-54,34
7,-54,34
7,-53,35
8,-54,34
7,-54,34
8,-54,34
7,-54,34
8,-54,34
8,-54,34
7,-54,34
8,-54,34
7,-54,34
8,-54,34
7,-54,34
7,-54,35
7,-54,34
7,-53,34
8,-54,34
7,-54,34
7,-54,35
7,-54,34
8,-54,34
7,-54,33
8,-54,33
8,-54,33
8,-54,33
8,-54,34
7,-54,34
7,-55,34
7,-54,34
7,-54,34
7,-54,34
8,-54,34
8,-54,34
8,-54,34
8,-54,34
8,-55,34
8,-54,34
7,-54,34
8,-54,34
7,-54,34
8,-54,34
8,-54,34
8,-54,34
7,-54,34
8,-54,34
8,-54,34
7,-54,34
8,-55,34
7,-54,34
8,-54,34
7,-54,34
8,-54,34
7,-54,34
7,-54,34
7,-54,35
7,-54,34
8,-54,34
7,-54,34
8,-54,34
8,-54,33
8,-54,34
8,-54,34
7,-54,34
7,-54,35
7,-54,34
8,-54,34
7,-54,34
7,-54,34
7,-54,34
7,-54,34
8,-54,35
7,-54,34
8,-54,34
7,-54,34
8,-54,34
8,-54,34
7,-54,34
8,-54,34
7,-54,34
8,-54,34
7,-54,34
7,-54,34
7,-54,35
7,-54,34
8,-54,35
8,-54,35
7,-54,34
7,-54,34
7,-54,34
7,-54,35
7,-54,34
7,-54,35
7,-54,35
7,-54,35
8,-54,34
8,-54,34
8,-54,35
7,-54,34
8,-53,35
8,-54,35
8,-53,34
8,-54,35
7,-54,35
8,-53,35
7,-53,35
7,-54,35
8,-54,35
7,-53,35
8,-54,35
7,-54,35
8,-53,35
7,-54,34
7,-53,35
7,-54,35
7,-54,35
8,-54,35
7,-54,35
8,-53,35
7,-53,35
8,-54,34
7,-53,35
7,-54,35
8,-53,35
7,-54,35
8,-53,35
6,-53,35
7,-54,35
7,-53,35
7,-53,35
7,-54,35
7,-54,35
7,-53,35
7,-54,35
7,-54,34
7,-54,35
7,-53,34
7,-54,35
7,-54,34
7,-53,34
7,-54,34
7,-54,34
7,-54,34
8,-54,34
8,-54,35
7,-54,35
8,-54,34
7,-54,35
7,-53,34
7,-54,34
8,-54,34
7,-54,35
7,-54,34
7,-54,35
7,-54,35
8,-53,34
8,-54,35
8,-54,34
7,-53,35
8,-54,34
7,-54,35
7,-54,35
8,-54,34
8,-54,34
8,-54,34
8,-54,34
7,-54,34
7,-54,34
7,-54,34
7,-54,34
8,-54,34
7,-54,34
7,-54,35
7,-54,34
8,-53,35
8,-54,34
7,-54,34
7,-54,34
7,-54,34
7,-54,35
7,-54,34
8,-54,35
7,-54,34
8,-54,34
7,-54,34
7,-54,34
8,-54,34
7,-54,34
8,-54,35
7,-54,34
7,-54,35
7,-54,35
7,-54,34
7,-54,34
7,-54,34
7,-54,34
7,-54,34
7,-54,34
7,-54,34
7,-54,35
8,-54,35
7,-53,34
7,-54,35
7,-54,34
8,-54,34
7,-54,34
7,-54,34
7,-54,35
8,-54,34
7,-54,34
8,-54,35
7,-54,34
7,-54,35
8,-54,34
8,-54,35
7,-54,34
7,-54,35
8,-54,35
8,-54,34
7,-54,35
8,-54,34
7,-54,34
7,-54,34
7,-54,34
8,-54,35
7,-54,34
8,-54,35
7,-54,34
7,-54,34
8,-54,34
7,-54,34
8,-54,35
7,-54,34
8,-54,34
7,-54,35
7,-54,34
7,-54,34
7,-54,34
8,-54,35
7,-54,34
8,-54,34
7,-54,34
7,-54,35
8,-54,35
7,-53,34
7,-54,35
7,-54,34
8,-54,35
7,-54,34
8,-54,35
7,-54,34
8,-54,35
7,-54,35
7,-53,34
7,-54,35
7,-54,34
7,-54,35
7,-54,34
8,-53,35
7,-54,34
8,-53,35
7,-54,35
8,-54,35
7,-54,35
7,-54,34
8,-54,35
7,-54,34
8,-54,35
6,-54,34
8,-53,34
7,-54,34
7,-54,34
7,-54,35
7,-54,35
7,-54,35
7,-54,35
8,-54,35
7,-54,34
8,-54,34
6,-54,34
8,-54,34
7,-54,35
7,-54,34
7,-54,35
7,-54,35
8,-54,35
7,-54,34
7,-54,34
7,-54,35
8,-54,34
7,-54,35
7,-54,34
8,-54,35
7,-54,35
7,-54,35
7,-54,34
7,-53,34
7,-54,35
7,-54,34
7,-54,35
8,-54,34
8,-54,35
7,-54,35
8,-54,35
8,-54,35
8,-53,34
7,-54,35
7,-54,34
7,-54,35
7,-54,34
7,-54,35
7,-54,35
8,-54,35
7,-54,35
7,-54,35
8,-54,35
8,-54,34
8,-54,35
7,-54,34
7,-53,35
7,-54,34
7,-53,34
8,-54,35
8,-53,35
7,-54,35
7,-54,35
8,-53,35
7,-54,34
7,-54,35
7,-54,34
7,-53,35
7,-54,34
7,-53,34
8,-54,35
8,-54,34
7,-54,35
7,-54,34
7,-53,35
7,-54,34
7,-53,35
7,-54,34
7,-54,34
7,-54,34
7,-54,34
7,-54,35
7,-54,35
7,-54,35
7,-54,34
7,-54,35
8,-54,35
7,-54,34
8,-54,35
7,-54,34
8,-53,35
7,-54,35
7,-54,35
7,-54,35
7,-53,35
8,-54,34
7,-53,34
8,-54,34
6,-54,35
7,-54,35
7,-54,35
7,-53,35
7,-54,35
7,-54,35
8,-53,35
7,-54,34
7,-54,34
7,-54,35
7,-54,35
7,-54,35
7,-53,35
7,-54,35
7,-53,34
7,-53,35
7,-54,34
7,-53,34
7,-54,35
7,-54,34
7,-54,35
8,-54,34
8,-54,35
7,-53,34
7,-54,35
7,-54,35
8,-54,34
7,-54,35
8,-54,34
8,-54,35
7,-54,34
7,-54,35
8,-54,34
8,-53,35
8,-54,35
7,-54,34
7,-54,35
8,-54,34
8,-54,35
8,-54,35
7,-54,35
7,-54,35
8,-53,34
8,-54,35
8,-54,34
7,-53,35
7,-54,34
7,-54,35
8,-54,34
8,-54,35
8,-54,35
7,-54,35
8,-54,35
7,-54,34
8,-54,35
8,-54,34
7,-53,35
7,-54,34
7,-53,34
8,-54,35
8,-54,35
8,-54,35
7,-54,35
8,-53,35
8,-54,34
7,-54,35
8,-54,34
7,-53,34
8,-54,35
7,-53,34
8,-54,35
8,-53,34
8,-54,35
7,-54,34
8,-53,35
7,-54,34
7,-54,34
8,-54,34
7,-53,34
8,-54,35
7,-54,35
8,-54,35
7,-53,35
7,-54,35
7,-54,34
8,-53,35
7,-54,34
7,-53,34
8,-54,35
7,-54,34
8,-54,35
7,-54,35
8,-54,35
7,-54,35
7,-53,35
8,-54,35
7,-53,35
7,-54,34
7,-54,34
8,-54,35
7,-54,34
8,-54,35
7,-54,35
8,-54,35
7,-54,35
7,-53,35
8,-54,35
7,-53,34
8,-54,35
7,-54,34
8,-53,35
7,-54,35
8,-53,34
7,-54,35
7,-54,34
8,-54,35
7,-54,34
7,-54,35
7,-54,35
8,-54,34
7,-54,35
7,-53,35
8,-54,35
7,-53,35
7,-53,35
7,-54,35
7,-54,34
7,-54,35
7,-54,34
7,-53,35
8,-54,35
8,-53,35
8,-54,35
7,-54,35
7,-54,35
8,-54,35
7,-53,35
7,-54,35
8,-54,35
8,-54,35
7,-54,35
8,-54,35
8,-54,34
7,-53,35
7,-54,34
7,-54,35
8,-54,35
8,-54,35
7,-53,35
7,-54,35
8,-53,35
8,-54,34
7,-53,35
8,-54,35
7,-54,34
8,-54,35
7,-54,35
8,-54,35
8,-54,34
7,-53,35
8,-54,35
7,-54,35
8,-54,35
7,-53,35
8,-54,35
7,-54,35
8,-53,35
7,-54,35
7,-54,35
7,-54,35
7,-53,34
8,-54,35
7,-54,35
8,-54,35
7,-54,35
7,-53,35
7,-54,35
7,-53,34
7,-54,35
7,-54,34
8,-53,34
7,-54,35
8,-53,35
7,-54,35
7,-54,34
7,-53,35
7,-54,34
7,-54,35
7,-54,35
8,-54,34
7,-54,35
7,-54,34
7,-54,35
8,-54,35
7,-54,35
7,-54,34
7,-54,34
7,-54,35
7,-54,34
7,-54,35
8,-54,34
7,-53,35
8,-54,35
7,-54,34
8,-53,35
8,-54,34
7,-54,35
8,-54,35
7,-54,34
8,-54,35
7,-54,35
7,-54,35
8,-54,34
7,-53,34
8,-54,35
7,-53,35
8,-54,35
7,-54,35
8,-54,35
7,-54,34
8,-53,34
8,-54,35
7,-54,34
8,-54,35
7,-54,35
8,-54,35
7,-53,35
7,-54,35
7,-53,35
7,-53,34
7,-54,35
7,-54,35
8,-54,35
7,-54,35
7,-53,35
7,-54,35
7,-53,34
7,-53,35
7,-54,35
8,-54,34
7,-54,35
7,-54,34
7,-54,35
8,-54,34
7,-53,35
7,-54,34
7,-54,35
7,-54,35
8,-54,34
7,-54,35
8,-54,34
8,-54,35
8,-54,35
7,-53,35
8,-54,35
7,-54,34
8,-54,35
7,-54,35
8,-54,35
8,-54,35
7,-53,34
8,-54,35
7,-54,35
8,-53,35
8,-54,35
7,-54,35
8,-54,35
7,-54,34
8,-53,35
8,-54,34
7,-54,35
8,-54,35
7,-53,35
8,-54,35
7,-53,35
8,-54,35
7,-53,35
7,-53,35
7,-54,35
7,-53,34
8,-54,35
7,-54,35
8,-54,35
7,-54,35
8,-53,35
7,-53,35
7,-54,34
8,-53,34
7,-54,35
7,-54,35
7,-53,35
8,-54,34
8,-53,35
7,-53,34
7,-54,35
7,-54,35
7,-54,34
7,-54,35
7,-54,34
8,-54,35
7,-54,34
7,-54,35
8,-54,35
7,-53,35
8,-54,35
7,-54,34
7,-54,35
8,-54,34
7,-54,35
7,-54,35
7,-54,35
8,-54,35
8,-53,35
6,-53,36
6,-53,36
7,-53,35
7,-54,35
7,-53,35
8,-54,35
8,-54,34
8,-54,34
8,-55,33
8,-54,33
9,-54,33
7,-54,33
8,-54,34
8,-54,34
9,-54,34
8,-54,34
8,-54,34
8,-54,34
7,-54,34
8,-54,34
7,-54,34
8,-54,34
8,-54,34
7,-54,34
8,-54,34
8,-54,33
8,-54,34
6,-54,35
8,-54,35
7,-54,34
8,-54,33
7,-54,34
7,-55,33
8,-55,33
8,-55,32
9,-56,31
8,-56,32
9,-56,31
9,-55,32
9,-55,32
8,-55,32
9,-55,32
8,-55,32
8,-55,33
8,-54,32
8,-55,33
8,-55,33
8,-54,34
8,-55,34
8,-54,33
8,-54,33
8,-54,33
8,-54,33
8,-55,33
8,-54,34
8,-55,34
7,-54,34
9,-54,33
8,-54,33
8,-55,34
8,-55,33
8,-54,34
8,-54,33
7,-54,34
8,-55,34
7,-54,34
8,-54,34
7,-54,34
8,-54,34
8,-54,34
7,-54,34
8,-54,34
7,-54,33
8,-54,34
7,-54,34
8,-54,34
7,-54,34
8,-54,34
8,-54,34
7,-54,34
8,-54,34
7,-54,33
8,-54,34
7,-54,34
8,-54,34
7,-54,34
7,-54,34
8,-54,34
7,-54,34
8,-54,34
7,-54,34
8,-54,34
7,-54,34
7,-54,34
8,-54,34
7,-54,34
7,-54,34
7,-54,34
8,-54,34
7,-54,34
7,-54,34
7,-54,34
8,-54,34
7,-54,34
7,-54,34
8,-54,34
7,-54,34
8,-54,34
7,-54,34
8,-54,34
8,-54,34
8,-54,34
8,-54,34
8,-54,34
8,-54,34
7,-54,34
8,-54,34
7,-54,34
8,-54,34
7,-54,34
8,-54,35
7,-54,34
8,-54,34
8,-54,34
8,-54,34
8,-54,34
7,-54,34
8,-54,34
8,-54,34
8,-54,34
8,-54,34
8,-54,35
7,-54,34
8,-53,34
8,-54,34
7,-54,34
8,-54,34
7,-54,34
8,-54,34
7,-54,34
7,-54,34
8,-54,34
7,-54,34
8,-54,34
7,-54,34
8,-54,34
7,-54,34
8,-54,34
7,-54,34
7,-54,34
8,-54,34
7,-54,34
8,-54,35
7,-54,34
8,-54,34
8,-54,34
7,-54,34
8,-54,34
7,-54,34
7,-54,34
7,-54,34
8,-54,34
7,-54,34
8,-54,34
8,-54,34
7,-54,34
8,-54,34
7,-54,34
8,-54,34
7,-54,34
8,-54,34
7,-54,34
8,-54,34
8,-54,34
8,-54,34
7,-54,34
7,-54,35
8,-54,34
8,-54,34
8,-54,34
8,-54,34
8,-54,34
8,-54,34
8,-54,34
8,-54,34
8,-54,34
8,-54,34
8,-54,34
8,-54,34
8,-54,34
8,-54,35
8,-54,34
8,-54,34
8,-54,34
7,-54,34
8,-54,34
8,-54,34
8,-54,34
7,-54,34
8,-54,34
8,-54,34
8,-54,34
8,-54,34
7,-54,34
8,-54,34
7,-54,34
8,-54,34
8,-54,34
7,-54,34
7,-54,34
7,-54,34
8,-54,34
7,-54,34
8,-54,34
7,-54,34
7,-54,34
8,-54,34
7,-54,34
7,-54,34
7,-54,34
7,-54,34
7,-54,34
8,-54,34
8,-55,34
8,-54,34
8,-54,35
7,-54,34
8,-54,34
7,-54,34
8,-54,34
7,-54,35
8,-54,34
8,-54,34
8,-54,34
8,-54,34
8,-54,34
8,-54,34
7,-54,34
8,-54,34
8,-54,34
7,-54,34
8,-54,34
8,-54,33
8,-54,34
8,-54,34
8,-54,34
8,-54,34
8,-54,33
8,-54,34
8,-54,34
8,-54,34
7,-54,34
8,-54,34
8,-55,34
8,-54,34
8,-54,34
7,-54,34
8,-54,34
8,-54,34
7,-54,34
8,-54,34
8,-54,34
8,-54,34
8,-54,34
8,-54,34
8,-54,33
8,-54,34
8,-54,34
7,-53,34
8,-54,34
7,-54,34
8,-54,35
7,-54,34
8,-54,34
8,-54,34
8,-54,34
8,-54,33
7,-54,34
8,-54,34
7,-54,34
8,-54,34
7,-54,34
8,-54,34
8,-54,34
8,-54,34
7,-54,35
7,-54,34
8,-54,34
8,-54,33
8,-54,34
7,-54,34
8,-54,34
7,-54,34
7,-54,34
8,-54,34
7,-54,34
7,-54,34
7,-54,34
8,-54,35
7,-54,34
8,-54,34
7,-54,35
7,-54,34
8,-54,34
7,-54,34
8,-54,34
7,-54,34
8,-54,34
7,-54,34
8,-54,34
7,-54,34
7,-54,34
7,-54,34
7,-54,34
8,-54,34
7,-54,33
7,-54,34
7,-54,34
8,-54,34
8,-54,34
8,-54,34
8,-54,34
8,-54,34
8,-54,34
7,-54,34
8,-54,34
8,-54,34
8,-54,34
7,-54,35
8,-55,34
8,-54,34
8,-54,34
7,-54,34
8,-54,34
8,-54,34
7,-54,34
8,-54,34
8,-54,34
8,-54,34
8,-54,34
8,-54,34
8,-54,33
8,-54,34
8,-54,34
8,-54,34
8,-54,34
7,-54,34
8,-54,34
8,-54,34
8,-54,34
8,-54,34
8,-54,34
8,-54,34
8,-54,34
8,-54,34
7,-54,33
8,-55,34
7,-54,34
8,-54,34
7,-54,34
8,-54,34
8,-54,34
7,-54,34
8,-54,35
7,-54,34
8,-54,34
7,-54,34
8,-54,34
7,-54,34
8,-54,34
7,-54,34
7,-54,34
8,-54,34
7,-54,34
8,-54,35
7,-54,34
8,-54,35
7,-54,34
8,-54,35
8,-54,35
8,-54,34
8,-54,35
7,-54,34
8,-54,34
7,-54,34
8,-54,34
7,-54,34
8,-54,34
7,-54,35
7,-54,34
8,-54,34
7,-54,34
8,-54,34
7,-54,34
8,-54,34
7,-54,34
8,-54,34
8,-54,34
7,-54,34
7,-54,34
7,-54,34
8,-54,34
7,-54,34
7,-54,34
7,-54,35
8,-54,34
8,-54,34
8,-54,34
8,-54,34
7,-54,34
8,-54,34
7,-54,34
8,-54,34
7,-54,34
7,-54,34
7,-54,35
8,-54,34
8,-54,34
8,-54,34
7,-54,34
7,-54,34
8,-54,34
7,-54,35
8,-54,34
8,-54,35
8,-54,34
8,-54,35
8,-54,34
8,-54,34
8,-54,35
7,-54,34
8,-54,35
8,-54,34
7,-54,34
8,-54,34
8,-54,34
8,-54,34
8,-54,34
8,-54,35
8,-54,34
8,-54,35
8,-54,34
8,-54,34
8,-54,34
7,-54,34
8,-54,35
8,-54,34
8,-54,34
8,-54,34
7,-54,34
8,-54,34
7,-54,34
8,-54,34
7,-54,34
8,-54,34
7,-54,34
8,-54,34
7,-54,34
8,-54,34
8,-54,34
7,-54,34
8,-54,35
7,-54,34
8,-54,34
7,-54,35
7,-54,34
8,-54,34
7,-54,34
8,-54,34
7,-54,34
8,-54,34
7,-54,34
8,-54,34
8,-54,34
8,-54,34
8,-54,34
7,-54,34
8,-54,34
7,-54,34
8,-54,34
7,-54,34
8,-54,34
8,-54,34
7,-54,34
8,-54,34
7,-54,34
8,-54,34
8,-54,34
7,-54,34
8,-54,34
8,-54,34
8,-54,34
8,-54,34
8,-54,34
7,-54,34
8,-54,34
8,-54,34
8,-54,34
8,-54,34
8,-54,35
7,-54,34
8,-54,34
8,-54,34
7,-54,34
8,-54,35
7,-54,34
8,-54,34
8,-54,34
8,-54,34
8,-54,34
7,-54,34
8,-54,34
7,-54,34
8,-54,34
8,-54,34
7,-54,34
8,-54,35
8,-54,34
8,-54,34
7,-54,34
8,-54,35
7,-54,34
8,-54,34
7,-54,35
7,-54,34
8,-54,34
7,-54,34
8,-54,34
7,-54,34
8,-54,34
8,-54,34
8,-54,34
8,-54,34
7,-54,34
7,-54,34
7,-54,34
8,-54,34
8,-54,34
8,-54,34
8,-53,35
8,-54,34
8,-54,34
8,-54,35
8,-54,34
7,-54,35
8,-54,34
8,-54,34
8,-54,35
7,-54,34
8,-54,35
8,-54,34
8,-54,34
8,-54,34
7,-54,34
8,-54,34
7,-54,34
8,-54,35
8,-54,34
8,-54,35
8,-54,34
8,-54,34
8,-54,34
7,-54,34
8,-54,34
7,-54,34
8,-54,34
7,-54,35
7,-54,35
8,-54,34
7,-54,34
8,-54,34
7,-54,34
8,-54,35
7,-54,34
8,-54,34
8,-54,35
8,-54,34
8,-54,34
7,-54,34
8,-54,34
8,-54,34
8,-54,34
7,-54,34
8,-54,34
8,-54,34
8,-54,34
8,-54,34
7,-54,34
8,-54,34
7,-54,34
8,-54,34
8,-54,34
8,-54,34
8,-54,34
7,-54,34
8,-54,34
8,-54,34
8,-54,34
8,-54,34
8,-54,34
8,-54,34
8,-54,34
7,-54,34
8,-54,34
8,-54,34
7,-54,35
8,-54,34
8,-54,34
8,-54,34
7,-54,34
8,-54,34
8,-54,34
8,-54,34
8,-54,34
8,-54,34
8,-54,34
7,-54,34
8,-54,34
8,-54,34
8,-54,34
8,-54,33
7,-54,34
8,-54,34
7,-54,34
8,-54,34
7,-54,34
8,-54,34
7,-54,34
8,-54,34
8,-54,34
7,-54,34
8,-54,34
7,-54,34
8,-54,34
8,-54,34
8,-54,34
7,-54,35
7,-54,34
8,-54,34
8,-54,34
7,-54,34
8,-54,34
7,-54,34
8,-54,34
8,-54,34
8,-54,34
7,-54,34
8,-54,34
7,-54,34
8,-54,34
8,-54,34
8,-54,34
7,-54,35
8,-54,34
8,-54,34
7,-54,34
8,-54,34
7,-54,34
8,-54,34
8,-54,34
8,-54,34
7,-54,34
9,-54,35
8,-54,34
8,-54,34
8,-54,34
8,-54,34
8,-54,34
8,-54,34
8,-54,35
8,-54,34
8,-54,35
8,-54,34
8,-54,34
8,-54,34
7,-54,34
8,-54,34
7,-54,34
8,-54,34
8,-54,34
8,-54,34
8,-54,34
7,-54,34
8,-54,34
7,-54,34
8,-54,34
8,-54,34
8,-54,34
8,-54,34
7,-54,34
8,-54,34
7,-54,34
8,-54,34
8,-54,34
8,-54,34
8,-54,34
7,-54,34
8,-54,34
7,-54,34
8,-54,34
7,-54,35
8,-54,34
8,-53,34
8,-54,34
7,-54,34
7,-54,34
8,-54,34
7,-54,34
8,-54,34
8,-54,34
8,-54,34
8,-54,34
8,-54,34
8,-54,34
8,-54,34
7,-54,34
7,-54,34
8,-54,34
8,-54,34
8,-54,35
7,-54,34
8,-54,34
8,-54,34
8,-54,34
8,-54,34
8,-54,34
8,-54,34
7,-54,34
8,-54,34
8,-54,34
8,-54,34
8,-54,34
7,-54,34
8,-54,34
7,-54,34
8,-54,35
8,-54,34
8,-54,34
8,-54,34
7,-54,34
8,-54,34
8,-54,34
8,-54,34
7,-54,35
7,-54,34
8,-54,34
8,-54,34
8,-54,34
7,-54,34
8,-54,34
7,-54,34
8,-54,34
8,-54,34
8,-54,34
7,-54,34
7,-54,34
8,-54,34
8,-54,34
8,-54,34
7,-54,35
8,-54,34
8,-54,34
8,-54,35
8,-54,34
8,-54,34
8,-54,34
8,-54,34
8,-54,34
8,-54,34
8,-54,35
8,-54,34
8,-54,34
8,-54,34
8,-54,34
8,-54,34
7,-54,34
8,-54,34
8,-54,34
8,-54,35
8,-54,34
8,-54,34
8,-54,34
8,-54,34
8,-54,34
7,-54,34
8,-54,34
8,-54,34
8,-54,35
7,-54,35
8,-54,34
8,-54,34
7,-53,34
8,-54,34
7,-54,34
8,-55,35
8,-54,34
8,-54,34
8,-54,34
7,-54,33
8,-54,34
8,-54,33
8,-54,34
7,-54,34
8,-54,35
7,-54,35
7,-54,34
8,-54,35
7,-54,34
8,-54,34
7,-54,34
8,-54,34
8,-54,34
8,-54,34
8,-54,35
7,-54,34
8,-54,34
7,-54,34
7,-54,34
7,-54,35
8,-54,34
8,-54,34
8,-54,34
8,-54,34
8,-54,34
8,-54,34
8,-54,34
8,-54,33
7,-55,34
8,-54,34
8,-54,35
8,-54,34
8,-54,34
8,-54,34
8,-54,34
8,-54,34
8,-54,34
8,-54,34
8,-54,34
8,-54,34
8,-55,34
8,-54,34
8,-54,34
8,-54,34
8,-54,35
7,-54,34
8,-54,34
8,-54,34
7,-54,34
8,-54,34
7,-54,34
8,-54,34
8,-54,34
8,-54,34
8,-54,34
8,-54,34
8,-54,34
7,-54,34
8,-54,34
7,-54,34
8,-54,34
7,-54,34
8,-54,34
7,-54,34
8,-54,34
8,-54,34
7,-54,34
8,-54,34
7,-54,34
8,-54,35
7,-54,34
8,-54,34
8,-54,34
8,-53,34
8,-54,35
7,-54,34
8,-54,34
7,-54,34
8,-54,34
7,-54,34
8,-54,34
7,-54,34
7,-54,34
7,-54,34
7,-54,34
7,-54,34
7,-54,34
8,-54,34
7,-54,34
8,-54,34
7,-54,35
7,-54,34
7,-54,34
7,-54,34
8,-54,34
7,-54,34
8,-54,34
8,-54,34
8,-54,34
8,-55,34
7,-54,34
8,-54,35
7,-54,34
8,-54,34
7,-54,34
8,-54,34
7,-54,35
8,-54,33
8,-54,34
8,-54,34
8,-54,34
7,-54,34
8,-54,35
8,-54,34
8,-54,34
7,-54,34
7,-54,34
7,-54,34
8,-54,34
8,-54,34
8,-54,34
8,-54,34
8,-54,34
8,-54,34
8,-54,34
8,-54,34
8,-54,34
8,-55,34
8,-54,35
8,-54,34
8,-54,34
9,-54,34
8,-55,33
8,-54,34
8,-55,33
8,-54,33
8,-55,33
8,-55,33
9,-54,33
8,-54,33
8,-55,33
8,-54,33
8,-54,34
8,-54,33
8,-54,33
8,-54,34
7,-54,34
8,-54,34
7,-54,34
8,-54,34
7,-54,34
7,-54,34
8,-55,33
7,-54,33
8,-54,34
8,-54,34
8,-54,34
8,-54,34
8,-54,34
8,-54,34
8,-54,33
8,-54,34
7,-54,33
8,-54,34
7,-54,33
8,-54,34
7,-54,34
8,-54,34
8,-54,34
8,-54,34
8,-54,34
7,-54,34
8,-54,34
7,-54,34
8,-54,34
8,-54,34
8,-54,34
8,-54,34
7,-54,34
8,-54,34
7,-54,34
8,-54,34
7,-54,34
8,-54,34
7,-54,34
8,-54,34
8,-55,34
7,-54,34
8,-54,34
7,-54,34
8,-54,34
7,-54,33
7,-54,34
8,-54,34
8,-54,34
8,-54,34
8,-54,34
8,-55,34
8,-54,34
8,-54,34
7,-54,34
8,-54,34
8,-55,34
7,-54,34
8,-54,35
8,-55,34
8,-54,34
8,-54,34
8,-54,34
8,-54,35
8,-54,33
8,-54,34
8,-55,34
8,-55,34
8,-54,34
8,-54,34
8,-54,34
8,-54,34
8,-54,34
8,-54,33
8,-54,34
8,-54,34
7,-54,34
8,-54,34
8,-54,34
8,-54,34
8,-54,34
8,-54,34
8,-54,34
7,-54,34
8,-54,34
7,-54,34
8,-54,34
7,-54,34
8,-54,34
7,-54,34
8,-54,34
8,-54,34
7,-54,34
7,-54,34
7,-53,34
8,-54,34
7,-54,34
8,-54,34
7,-54,34
8,-54,34
8,-54,34
8,-54,33
8,-55,33
7,-54,33
8,-55,34
8,-54,33
8,-54,34
7,-54,34
7,-54,34
8,-54,34
7,-54,33
8,-55,34
7,-55,34
8,-54,33
8,-54,34
8,-54,33
8,-55,33
8,-54,33
8,-54,33
8,-54,33
8,-54,33
8,-54,34
8,-55,34
8,-54,34
8,-55,33
8,-54,34
8,-55,34
8,-54,33
8,-55,33
8,-55,33
8,-54,34
9,-55,33
8,-55,33
9,-55,33
8,-55,33
9,-55,33
9,-55,32
9,-55,32
9,-55,32
9,-55,32
9,-55,32
9,-55,32
9,-55,32
8,-55,32
9,-54,33
9,-55,32
8,-55,32
9,-55,32
9,-55,32
9,-55,33
8,-55,32
9,-55,32
9,-55,32
9,-55,33
9,-55,32
9,-55,32
9,-55,33
8,-55,32
9,-55,33
9,-55,33
8,-54,35
8,-55,33
7,-55,33
8,-54,33
8,-55,33
8,-54,34
7,-54,34
7,-54,34
7,-54,34
7,-54,34
8,-54,34
7,-54,34
7,-54,34
7,-54,34
8,-54,33
8,-55,34
8,-54,33
8,-54,34
7,-55,33
8,-54,33
8,-55,34
8,-54,33
7,-54,34
8,-55,34
8,-54,34
8,-54,34
7,-54,34
8,-54,34
7,-54,34
7,-54,34
8,-54,34
8,-54,34
8,-54,34
8,-54,33
9,-55,34
8,-54,33
8,-54,33
8,-55,33
8,-55,33
9,-55,33
8,-55,33
9,-54,33
8,-55,33
8,-54,33
9,-55,33
8,-55,33
9,-55,34
8,-55,33
9,-54,33
8,-54,34
8,-54,33
8,-54,34
8,-54,33
9,-54,34
8,-54,33
8,-55,34
8,-54,33
8,-54,33
8,-55,33
8,-55,33
8,-55,33
8,-54,33
8,-55,33
8,-54,34
8,-54,33
7,-54,34
7,-54,34
8,-54,34
7,-54,34
7,-54,34
7,-54,34
8,-55,34
8,-54,34
8,-54,34
7,-54,34
8,-54,34
8,-54,34
8,-54,34
8,-55,34
8,-54,34
8,-54,34
8,-54,34
8,-54,34
8,-54,34
8,-54,34
8,-54,34
8,-54,34
8,-55,34
7,-54,33
8,-54,35
8,-54,33
8,-54,34
8,-55,34
7,-54,33
8,-54,34
7,-54,33
8,-54,34
7,-54,34
8,-55,34
8,-54,34
7,-54,34
8,-54,34
7,-54,33
8,-54,34
7,-54,34
8,-54,34
8,-55,34
8,-54,34
8,-54,34
7,-54,33
8,-54,34
8,-54,34
8,-54,33
7,-54,34
7,-54,34
8,-54,34
7,-54,34
8,-54,34
7,-54,34
8,-54,34
8,-55,34
8,-54,33
8,-54,34
8,-55,33
8,-54,33
9,-54,34
8,-54,33
7,-54,34
7,-54,34
7,-54,34
8,-54,34
7,-54,34
8,-54,35
7,-54,34
8,-54,34
8,-54,34
7,-54,34
8,-54,34
7,-54,34
8,-54,34
8,-54,34
8,-54,34
8,-54,34
8,-54,34
8,-54,34
7,-54,34
8,-54,34
7,-54,34
8,-54,34
7,-54,34
8,-54,34
8,-54,34
7,-54,34
8,-54,34
7,-54,34
8,-54,34
7,-54,34
7,-54,34
8,-54,34
7,-54,34
7,-54,34
7,-54,34
7,-54,34
7,-54,34
8,-54,34
8,-54,34
7,-54,34
8,-54,34
7,-54,34
8,-54,34
8,-54,34
8,-54,34
7,-54,35
8,-54,34
8,-54,34
8,-54,34
7,-54,34
7,-54,34
8,-54,34
8,-54,34
8,-54,34
7,-55,34
8,-54,34
8,-54,34
8,-54,34
8,-54,34
8,-54,34
8,-55,34
7,-54,34
8,-55,34
8,-54,34
8,-54,34
7,-55,34
8,-54,34
8,-55,33
8,-54,33
9,-55,34
8,-54,33
9,-54,33
7,-54,33
8,-55,34
8,-55,34
8,-54,33
8,-54,33
8,-54,33
8,-55,34
7,-54,33
8,-54,34
8,-55,34
8,-54,34
8,-54,34
7,-55,33
8,-54,34
8,-54,34
8,-54,34
8,-54,34
7,-54,33
8,-54,33
8,-54,33
8,-55,34
7,-54,33
8,-54,33
8,-54,34
8,-55,33
8,-54,34
8,-54,33
8,-54,34
7,-55,34
8,-54,33
8,-54,34
8,-54,33
8,-54,34
8,-55,34
8,-54,34
8,-55,34
8,-55,33
8,-54,34
8,-54,33
8,-54,34
8,-55,33
8,-55,34
8,-54,34
8,-54,33
8,-55,34
8,-55,33
8,-54,33
8,-54,34
8,-54,33
8,-55,34
8,-54,33
8,-54,34
8,-54,33
8,-54,34
8,-55,33
7,-54,33
8,-54,34
8,-55,33
8,-54,34
8,-54,34
8,-54,33
8,-54,34
7,-54,33
8,-55,34
7,-54,33
8,-55,34
8,-55,34
8,-54,34
8,-55,34
8,-54,34
8,-54,34
7,-54,33
8,-54,34
8,-54,33
8,-54,34
7,-55,34
8,-54,34
8,-54,34
8,-54,34
8,-55,34
7,-54,33
8,-54,34
7,-54,33
8,-54,33
8,-55,34
8,-55,33
8,-54,34
7,-54,33
8,-54,33
8,-54,33
8,-54,33
7,-54,34
8,-54,33
8,-54,34
8,-54,34
7,-55,34
8,-54,34
8,-54,34
8,-54,34
8,-54,33
8,-54,34
8,-54,34
8,-54,34
8,-55,34
8,-54,34
8,-54,34
8,-55,33
8,-54,34
8,-55,33
7,-54,34
8,-54,34
7,-54,34
8,-54,34
8,-54,33
8,-54,34
8,-55,34
7,-54,34
8,-54,34
7,-54,34
8,-54,34
7,-54,34
8,-54,34
8,-55,34
8,-54,33
9,-55,34
7,-54,33
9,-54,34
8,-54,33
9,-54,34
8,-54,34
8,-54,33
8,-54,34
8,-54,33
8,-55,33
7,-54,34
8,-54,33
8,-54,34
8,-54,33
8,-54,34
8,-54,33
8,-54,34
7,-54,33
8,-54,33
7,-54,34
8,-55,34
7,-54,34
8,-55,34
7,-54,34
8,-54,34
8,-54,33
7,-54,34
8,-54,34
8,-54,34
8,-55,33
8,-55,33
8,-55,33
8,-54,34
9,-55,34
8,-54,34
8,-54,34
8,-54,33
8,-54,34
8,-54,33
8,-54,34
8,-55,33
8,-55,34
8,-54,34
8,-54,33
8,-55,34
8,-54,33
8,-54,34
8,-55,33
8,-54,33
8,-55,33
8,-54,34
8,-54,34
8,-54,34
8,-54,34
8,-54,33
8,-55,34
8,-54,33
8,-54,34
8,-55,33
7,-54,33
8,-55,34
7,-54,34
8,-54,34
8,-55,33
8,-54,34
8,-54,33
8,-54,34
8,-54,33
7,-54,34
8,-54,34
7,-54,34
8,-55,34
7,-55,33
8,-54,34
8,-55,33
8,-54,34
8,-55,33
7,-54,33
8,-55,34
7,-54,33
8,-54,34
7,-54,34
8,-55,34
7,-55,34
8,-54,34
8,-55,34
8,-54,33
8,-55,33
7,-54,33
8,-54,34
7,-54,34
8,-54,34
8,-54,34
8,-54,34
8,-54,34
7,-54,33
8,-54,34
7,-54,33
8,-54,33
8,-54,34
6,-54,35
5,-54,36
9,-54,33
10,-54,33
8,-55,32
9,-55,32
9,-55,32
9,-55,32
8,-55,32
9,-55,31
9,-56,31
9,-55,31
10,-56,31
8,-55,32
8,-55,33
7,-55,33
8,-55,32
8,-55,33
8,-55,33
9,-55,32
9,-55,32
9,-55,32
9,-55,33
8,-55,32
8,-55,33
9,-56,32
9,-55,33
9,-56,32
8,-55,33
9,-55,33
8,-55,33
9,-55,33
9,-55,32
8,-55,33
8,-55,33
8,-55,33
9,-55,33
9,-54,33
9,-55,33
8,-55,33
9,-54,33
9,-55,32
8,-55,32
8,-55,32
8,-55,32
9,-55,33
8,-55,33
9,-55,33
8,-55,33
8,-54,33
8,-55,33
8,-54,33
9,-55,33
8,-55,32
9,-55,33
8,-55,32
9,-54,33
8,-55,33
8,-55,33
8,-54,33
8,-54,33
9,-55,33
8,-55,33
9,-55,33
8,-55,33
8,-54,33
8,-55,33
8,-54,33
8,-54,33
8,-55,32
8,-54,33
8,-55,33
9,-54,33
8,-55,33
8,-55,33
8,-54,33
8,-54,33
8,-55,33
8,-55,33
8,-54,33
8,-55,33
8,-55,33
8,-55,34
8,-55,33
8,-55,33
8,-55,33
8,-55,33
8,-55,33
8,-55,33
8,-55,33
8,-55,33
8,-54,33
8,-55,33
8,-55,33
9,-55,33
8,-55,33
8,-55,33
8,-55,32
8,-55,33
8,-55,33
8,-55,33
9,-55,33
9,-54,33
8,-55,33
8,-55,33
9,-54,33
8,-55,33
8,-55,33
8,-55,33
8,-55,33
9,-55,33
8,-55,33
9,-55,33
9,-54,33
8,-55,33
8,-55,33
8,-54,33
8,-55,32
8,-55,33
8,-55,33
8,-55,33
9,-54,33
8,-55,33
8,-55,34
8,-55,33
8,-54,33
8,-55,33
8,-55,33
8,-55,33
8,-55,33
8,-54,34
7,-54,34
8,-54,34
7,-54,34
7,-54,34
8,-54,34
8,-54,33
9,-55,33
8,-55,33
8,-55,33
7,-54,33
8,-54,34
8,-55,34
8,-54,33
8,-54,34
7,-55,33
8,-54,34
8,-55,33
8,-54,34
7,-54,34
7,-54,33
8,-54,34
8,-54,33
8,-55,33
7,-54,33
8,-54,33
7,-55,33
8,-54,33
8,-55,34
8,-54,33
8,-54,34
7,-54,33
8,-54,33
7,-54,33
8,-55,33
7,-54,34
8,-54,33
8,-54,34
8,-54,33
8,-55,34
8,-54,33
8,-54,34
7,-54,33
8,-54,33
8,-55,34
8,-55,34
8,-55,34
8,-54,33
8,-54,33
8,-54,33
8,-54,33
9,-54,34
8,-54,33
8,-54,34
8,-55,34
8,-54,34
8,-54,33
8,-54,33
8,-54,34
8,-54,33
8,-54,34
8,-55,34
8,-54,34
8,-55,34
7,-54,34
8,-54,34
8,-54,34
9,-54,33
8,-54,33
8,-55,33
8,-55,33
8,-54,33
8,-55,34
7,-54,33
8,-54,34
7,-54,34
8,-54,34
8,-54,33
8,-54,33
8,-55,34
7,-55,34
8,-54,34
8,-54,34
8,-54,33
7,-54,34
8,-54,34
8,-54,33
7,-54,33
8,-54,34
7,-54,34
8,-54,34
7,-54,34
8,-54,34
8,-54,34
7,-54,33
8,-54,33
7,-55,33
8,-54,33
8,-55,34
8,-55,33
7,-54,34
8,-55,33
8,-54,34
7,-54,33
8,-55,33
7,-54,34
8,-54,34
8,-54,34
8,-54,34
8,-55,34
8,-54,34
8,-54,34
8,-55,33
8,-54,33
8,-54,34
8,-54,33
8,-54,34
8,-55,33
8,-54,34
8,-54,34
8,-54,33
8,-54,34
8,-55,33
8,-54,34
8,-54,33
8,-54,34
8,-54,34
7,-54,34
9,-55,34
8,-54,33
8,-54,34
8,-55,33
8,-54,33
8,-55,34
7,-54,33
8,-54,34
7,-54,34
8,-54,34
7,-54,34
7,-54,34
8,-54,34
8,-54,33
8,-54,34
7,-54,34
8,-54,34
8,-54,34
8,-54,34
8,-54,34
7,-54,33
8,-54,34
7,-54,33
8,-54,34
8,-54,34
8,-54,33
8,-54,34
7,-55,33
8,-54,34
8,-54,34
8,-54,34
7,-54,34
8,-54,33
8,-54,34
8,-54,34
8,-54,34
7,-54,34
8,-54,33
8,-54,34
8,-54,33
8,-54,34
8,-54,34
8,-54,34
8,-54,34
8,-54,33
8,-54,34
8,-55,33
8,-54,33
8,-55,33
8,-54,33
9,-54,34
8,-54,33
8,-54,33
8,-54,33
7,-54,34
8,-55,34
7,-55,33
8,-54,34
7,-54,34
8,-54,34
8,-54,33
7,-54,33
8,-54,34
8,-54,34
9,-55,34
8,-54,33
8,-55,33
8,-54,33
8,-54,33
8,-54,34
7,-55,34
8,-54,34
7,-55,34
8,-54,34
8,-54,34
7,-54,34
8,-54,34
8,-54,33
8,-54,34
8,-54,34
8,-54,33
8,-54,33
8,-55,33
8,-55,34
8,-54,33
8,-55,34
7,-54,33
8,-54,33
8,-54,34
8,-55,33
7,-54,34
8,-55,33
8,-54,34
8,-54,34
8,-54,34
9,-54,33
8,-54,33
8,-54,34
9,-55,33
8,-55,34
8,-55,33
8,-54,33
9,-55,34
8,-54,33
8,-54,34
8,-54,33
8,-54,33
8,-55,34
7,-55,34
8,-54,34
8,-55,33
8,-54,34
8,-54,33
7,-54,33
8,-55,34
7,-54,34
8,-54,34
7,-54,34
8,-54,34
7,-54,34
8,-54,34
8,-54,34
7,-54,34
8,-54,34
7,-54,34
8,-54,35
7,-54,34
8,-54,34
7,-54,35
7,-54,34
8,-54,34
7,-54,34
7,-54,34
7,-54,34
8,-54,34
7,-54,34
7,-54,35
8,-54,34
8,-54,34
8,-54,34
7,-54,33
8,-54,34
7,-54,33
7,-54,34
7,-55,34
8,-54,34
8,-54,34
8,-54,34
8,-55,34
8,-54,33
8,-54,33
7,-54,33
8,-54,33
7,-55,33
8,-54,34
7,-55,34
8,-55,33
8,-54,34
8,-55,33
8,-55,34
7,-54,33
8,-54,33
7,-54,34
8,-54,33
7,-55,34
7,-55,33
8,-54,34
8,-55,33
8,-54,33
8,-54,34
8,-55,33
7,-54,34
8,-55,33
7,-54,34
8,-54,34
8,-55,34
8,-54,34
8,-54,34
8,-55,34
8,-54,33
8,-54,34
8,-55,33
8,-54,34
9,-55,33
8,-54,34
8,-54,34
8,-55,33
8,-54,34
8,-54,33
7,-54,34
8,-54,34
7,-54,34
8,-54,34
7,-54,34
8,-54,34
8,-54,34
8,-54,34
8,-54,34
7,-54,34
8,-54,34
7,-54,34
8,-54,34
7,-54,34
8,-54,34
7,-54,34
7,-54,34
8,-54,34
7,-54,34
8,-54,34
7,-54,34
8,-54,34
7,-54,34
7,-54,34
8,-54,34
7,-54,34
8,-54,33
7,-54,34
8,-54,34
8,-54,34
8,-54,34
8,-54,34
7,-54,34
8,-54,34
8,-54,34
8,-54,34
7,-54,34
8,-54,34
7,-54,34
8,-54,34
7,-54,34
8,-54,34
8,-54,34
7,-54,34
8,-54,34
8,-54,34
8,-54,34
8,-54,34
8,-54,34
7,-54,34
8,-54,34
8,-54,34
7,-54,34
8,-54,34
7,-54,34
8,-54,34
8,-54,34
8,-54,34
8,-54,34
7,-54,34
8,-54,34
7,-54,33
8,-54,34
7,-54,34
8,-54,34
7,-54,34
7,-54,34
8,-54,34
7,-54,34
8,-54,34
7,-54,34
8,-54,35
8,-54,34
8,-54,34
7,-54,34
7,-54,34
8,-54,34
7,-54,34
8,-54,34
7,-54,34
8,-54,34
7,-54,34
7,-54,34
7,-54,34
7,-54,34
8,-54,34
7,-54,34
8,-54,33
7,-54,34
8,-54,34
8,-54,34
7,-54,34
8,-54,34
7,-54,34
8,-54,34
7,-54,34
8,-54,33
8,-54,34
8,-54,34
8,-55,34
8,-54,34
8,-54,33
8,-55,34
8,-54,33
8,-54,34
8,-54,34
8,-54,34
8,-54,34
7,-54,34
8,-54,34
8,-54,33
8,-54,34
8,-54,33
7,-54,34
8,-54,34
8,-54,33
8,-54,34
8,-54,33
8,-54,34
8,-54,34
7,-54,33
8,-54,34
7,-54,34
8,-55,34
7,-54,33
8,-54,34
8,-54,34
8,-54,34
8,-54,33
7,-54,34
8,-54,34
7,-54,33
8,-54,34
7,-54,34
8,-54,34
7,-54,34
8,-54,33
8,-54,34
7,-54,34
8,-54,34
7,-54,33
8,-55,33
8,-54,34
8,-54,34
7,-54,34
7,-54,33
8,-54,34
7,-54,33
7,-54,33
7,-54,34
8,-54,34
8,-54,34
8,-55,33
8,-55,34
7,-54,34
8,-54,33
7,-54,34
8,-54,33
8,-55,34
8,-55,33
7,-54,34
8,-55,34
8,-54,34
8,-54,34
7,-54,34
8,-54,34
8,-55,34
8,-54,34
8,-54,34
8,-54,33
9,-54,34
8,-55,34
8,-55,34
8,-54,33
7,-54,34
8,-54,34
7,-54,33
8,-55,34
8,-54,34
8,-54,35
8,-54,33
8,-54,34
8,-55,33
7,-54,34
8,-54,33
7,-54,34
8,-55,34
8,-54,34
8,-55,34
7,-54,34
8,-54,34
8,-54,33
8,-54,34
8,-54,34
7,-54,34
8,-54,34
7,-54,34
8,-54,34
7,-54,34
8,-54,34
7,-54,34
7,-54,34
8,-55,34
8,-54,33
8,-54,33
7,-54,33
8,-54,34
7,-55,34
8,-54,34
8,-54,35
7,-54,34
8,-54,34
7,-54,33
8,-54,34
7,-54,33
8,-55,34
7,-54,34
8,-54,34
8,-54,34
7,-54,34
7,-54,34
7,-54,33
8,-54,34
7,-54,33
8,-54,34
7,-54,34
8,-54,33
7,-54,34
7,-54,34
8,-54,34
7,-54,33
8,-54,34
7,-54,34
8,-54,33
7,-54,34
8,-54,34
7,-54,34
8,-54,34
8,-54,34
7,-54,34
8,-54,34
7,-54,34
8,-54,34
7,-54,34
8,-54,33
7,-55,34
8,-54,33
8,-54,34
8,-54,34
8,-54,34
8,-54,34
7,-54,34
7,-54,34
8,-54,34
7,-54,34
8,-54,34
8,-54,34
8,-54,34
8,-54,34
8,-54,34
8,-54,33
8,-54,34
7,-54,34
8,-54,34
8,-55,33
8,-54,34
8,-54,34
8,-54,34
8,-54,34
8,-54,34
8,-54,35
8,-54,34
8,-54,34
7,-54,34
8,-54,34
8,-54,34
7,-54,34
8,-54,34
7,-54,34
8,-54,34
8,-54,34
7,-54,34
8,-54,34
7,-54,34
8,-54,34
7,-54,34
8,-54,34
7,-54,34
8,-54,34
8,-54,33
7,-54,34
8,-55,34
7,-54,34
8,-54,34
7,-54,34
8,-54,34
7,-54,34
8,-54,34
7,-54,34
7,-54,34
8,-55,34
7,-54,33
8,-55,34
7,-54,34
8,-54,34
7,-54,34
8,-54,34
7,-54,35
7,-54,34
8,-54,34
7,-54,34
8,-54,34
7,-54,34
8,-54,34
7,-54,34
7,-54,34
8,-54,34
7,-54,34
7,-54,34
7,-54,34
8,-54,34
7,-54,34
7,-54,34
7,-54,34
8,-54,33
8,-54,34
7,-54,34
8,-54,34
7,-54,33
8,-54,34
7,-54,33
8,-54,34
7,-54,34
8,-54,34
7,-54,34
8,-54,33
8,-54,34
8,-55,34
8,-55,34
7,-54,34
8,-54,34
7,-54,34
8,-54,34
7,-54,34
7,-54,34
8,-54,34
8,-55,34
8,-54,34
8,-54,34
8,-54,34
7,-54,34
8,-54,34
7,-54,34
8,-54,33
8,-55,34
8,-54,34
8,-54,34
8,-54,34
8,-54,34
8,-54,34
8,-54,34
8,-54,34
8,-54,33
8,-54,34
8,-54,34
8,-55,34
8,-54,34
8,-54,34
8,-54,34
8,-54,33
8,-54,34
8,-54,33
8,-54,34
8,-55,33
7,-54,34
8,-54,34
8,-55,34
8,-54,34
8,-54,34
8,-55,34
8,-54,33
8,-54,34
8,-55,33
8,-54,34
8,-54,34
7,-54,34
8,-55,34
7,-54,34
8,-54,34
8,-54,33
8,-55,34
8,-55,33
8,-54,34
8,-54,34
7,-54,33
9,-55,34
7,-54,34
8,-54,34
7,-54,34
8,-54,34
8,-55,33
7,-54,34
8,-54,34
7,-54,33
8,-54,34
7,-54,34
8,-54,34
7,-54,34
8,-54,33
8,-54,34
7,-54,34
8,-54,34
7,-54,34
8,-54,34
8,-54,34
8,-54,34
7,-54,34
7,-54,34
8,-54,34
7,-54,34
8,-54,34
7,-54,34
8,-54,33
7,-54,34
7,-54,33
8,-54,34
7,-54,34
8,-54,34
7,-54,34
8,-54,33
8,-54,34
8,-54,34
8,-54,34
9,-55,34
8,-54,34
8,-54,34
8,-54,33
8,-54,34
8,-55,34
8,-54,34
8,-54,34
8,-54,33
8,-54,34
8,-54,33
8,-54,34
8,-54,34
7,-54,34
8,-54,34
7,-54,34
8,-54,34
8,-54,33
8,-54,34
8,-54,34
8,-54,34
8,-54,34
7,-54,34
8,-54,35
7,-54,34
8,-54,34
7,-54,34
7,-54,34
8,-55,34
7,-54,34
9,-54,34
7,-54,34
8,-54,34
7,-54,34
8,-54,34
8,-55,34
8,-54,33
8,-54,33
7,-55,33
8,-54,33
8,-55,34
8,-54,34
7,-54,34
7,-54,34
8,-54,34
8,-54,34
8,-54,34
7,-54,34
8,-54,33
8,-54,34
8,-54,34
8,-55,33
8,-54,34
8,-54,33
8,-54,34
8,-54,33
8,-54,34
8,-54,34
8,-54,34
8,-55,34
8,-54,34
8,-54,34
8,-54,33
8,-54,34
8,-54,33
8,-54,34
8,-54,34
8,-54,34
8,-54,34
8,-54,34
8,-54,34
8,-54,34
7,-54,34
8,-54,34
8,-54,34
8,-54,34
7,-54,34
8,-54,34
8,-54,34
8,-54,34
8,-55,34
7,-54,34
8,-54,34
7,-54,33
8,-54,34
7,-54,34
8,-54,34
8,-54,34
8,-54,34
8,-54,34
7,-54,34
8,-55,34
7,-54,34
8,-54,34
8,-54,34
8,-54,33
8,-54,34
7,-54,33
8,-54,34
7,-54,34
8,-54,34
7,-54,34
8,-54,34
8,-54,34
7,-54,33
8,-54,34
7,-54,33
8,-54,34
7,-54,34
8,-54,34
8,-54,34
8,-54,34
8,-54,34
8,-55,34
8,-54,33
8,-54,34
8,-54,33
8,-54,34
8,-54,34
8,-54,34
8,-54,34
8,-54,34
8,-54,34
8,-54,34
8,-54,34
8,-54,34
8,-54,34
8,-54,34
8,-54,34
9,-54,34
8,-54,34
8,-54,34
8,-54,33
8,-54,34
8,-54,34
7,-54,33
8,-54,34
7,-54,34
8,-54,34
8,-54,33
8,-54,34
8,-54,33
8,-54,34
8,-54,34
8,-54,33
8,-55,34
7,-54,34
8,-54,34
8,-54,34
8,-54,34
9,-54,34
7,-54,34
8,-54,34
7,-54,33
8,-54,34
7,-54,34
8,-54,34
7,-54,34
8,-54,33
9,-55,33
9,-55,32
9,-55,32
8,-55,32
9,-55,32
9,-55,32
9,-55,32
9,-55,32
8,-55,32
9,-55,33
8,-54,33
8,-55,33
7,-55,33
8,-54,33
8,-54,33
8,-55,33
8,-54,34
7,-54,33
8,-54,34
7,-54,33
8,-54,33
8,-55,34
8,-55,33
7,-55,34
9,-55,33
8,-54,33
9,-54,33
8,-54,33
9,-54,33
9,-54,33
8,-54,33
8,-55,33
8,-54,34
8,-54,34
8,-54,34
8,-54,34
8,-54,34
7,-54,34
8,-54,34
7,-54,34
8,-55,33
8,-54,33
8,-54,34
8,-55,33
8,-54,33
8,-55,33
8,-54,33
8,-54,34
8,-54,34
8,-54,34
8,-54,34
8,-54,34
8,-54,34
8,-54,33
8,-54,34
7,-54,34
8,-54,34
7,-54,34
8,-54,34
8,-54,34
8,-54,34
8,-54,34
7,-54,34
8,-54,33
7,-54,34
8,-54,34
7,-54,34
7,-54,34
8,-54,34
8,-54,33
8,-54,34
7,-54,34
8,-54,34
8,-54,34
8,-54,33
8,-55,34
8,-54,34
8,-54,34
7,-54,34
8,-54,34
8,-54,34
8,-55,34
8,-54,34
8,-55,34
8,-54,34
8,-54,34
8,-54,34
8,-54,34
8,-54,33
8,-54,34
8,-55,34
8,-54,34
8,-54,34
8,-54,34
9,-54,34
8,-54,34
8,-54,34
8,-54,34
8,-54,34
9,-54,33
7,-54,34
8,-54,34
8,-54,34
8,-54,34
8,-54,34
7,-54,34
8,-54,34
7,-54,33
8,-54,34
7,-54,34
8,-54,34
8,-54,34
7,-54,34
8,-55,34
7,-54,34
8,-54,34
7,-54,34
8,-54,34
8,-54,34
8,-54,34
8,-54,34
8,-54,34
8,-54,33
8,-54,33
8,-55,33
8,-55,34
8,-55,33
8,-55,34
9,-54,34
9,-55,35
10,-55,32
9,-54,33
9,-54,33
9,-54,34
9,-55,34
12,-56,34
7,-53,36
7,-53,36
8,-53,35
8,-55,36
10,-55,37
15,-57,49
23,-48,65
19,-50,59
9,-53,54
8,-50,55
10,-47,51
7,-43,41
3,-41,39
4,-41,33
7,-43,32
13,-47,28
12,-58,31
-19,-49,14
-14,-45,18
-6,-51,9
5,-49,10
5,-48,12
4,-65,24
20,-78,47
-12,-37,2
6,-40,5
2,-70,18
-8,-64,13
21,-65,12
32,-56,2
29,-63,-4
6,-65,5
6,-63,8
9,-63,23
4,-64,25
1,-64,16
4,-64,14
3,-64,12
4,-63,16
6,-63,15
9,-64,10
7,-63,12
7,-63,14
8,-62,14
9,-64,11
7,-63,11
6,-63,13
6,-63,13
7,-63,13
6,-63,14
7,-62,14
5,-62,15
6,-62,15
6,-63,14
6,-63,14
6,-62,15
6,-63,14
5,-62,14
7,-63,14
6,-62,14
6,-62,15
5,-63,14
7,-62,14
6,-63,14
6,-62,14
6,-63,14
6,-63,14
6,-62,14
5,-62,15
6,-62,15
6,-63,15
6,-62,15
6,-63,14
6,-62,15
6,-63,14
6,-63,14
6,-62,14
6,-63,14
7,-62,14
7,-63,14
6,-62,14
6,-63,14
7,-63,14
7,-63,14
7,-63,14
6,-62,14
6,-63,14
6,-62,14
6,-62,14
7,-63,14
6,-63,14
6,-63,14
6,-62,15
7,-63,14
7,-62,14
6,-62,14
6,-63,14
6,-62,14
7,-63,14
6,-62,14
6,-63,14
6,-63,14
6,-62,14
6,-63,14
6,-62,14
7,-63,15
6,-62,14
6,-63,14
6,-62,14
6,-63,15
6,-63,14
6,-62,14
6,-63,14
6,-62,14
7,-63,14
5,-63,14
6,-63,14
6,-63,15
6,-62,14
6,-63,15
6,-62,14
6,-62,14
6,-62,15
6,-63,14
6,-63,14
6,-62,15
6,-63,14
5,-62,14
6,-63,14
6,-62,15
6,-62,15
6,-63,14
6,-62,15
6,-63,15
6,-63,14
6,-63,15
7,-63,14
6,-62,14
6,-62,15
6,-62,14
6,-63,15
6,-62,14
6,-63,14
7,-63,14
6,-63,14
6,-63,14
6,-62,15
7,-63,14
7,-62,14
6,-62,15
6,-63,14
6,-63,15
7,-63,14
6,-62,14
7,-63,14
6,-62,14
6,-62,14
6,-62,14
6,-62,14
7,-63,14
6,-62,14
7,-63,14
6,-63,14
6,-63,14
7,-63,14
6,-62,15
6,-63,14
6,-62,14
7,-63,14
6,-63,14
6,-63,14
7,-63,15
6,-62,14
6,-63,14
6,-62,14
6,-62,14
6,-63,14
6,-62,14
6,-63,15
6,-62,14
6,-63,15
6,-62,14
6,-63,14
6,-63,15
6,-62,14
6,-63,14
7,-63,14
6,-63,15
6,-62,14
6,-62,14
6,-63,14
6,-62,14
7,-63,14
6,-63,14
6,-63,14
7,-63,14
6,-62,14
6,-63,15
6,-62,14
6,-62,14
7,-63,14
6,-62,14
7,-63,14
6,-63,14
7,-63,14
6,-62,15
6,-62,14
7,-63,14
6,-62,14
7,-63,14
6,-62,14
7,-63,14
7,-62,14
6,-62,15
6,-63,14
6,-62,14
7,-63,14
6,-63,14
6,-63,14
7,-63,14
6,-62,14
6,-63,14
5,-62,14
7,-63,14
6,-62,14
7,-63,14
6,-62,14
6,-63,14
6,-63,14
6,-62,14
7,-63,14
6,-62,14
6,-63,15
6,-63,14
6,-62,14
6,-63,14
6,-63,14
6,-63,15
6,-62,14
7,-63,14
5,-62,15
6,-63,14
6,-62,15
6,-62,15
6,-63,14
6,-62,14
7,-63,14
6,-63,14
6,-63,15
6,-62,14
6,-63,14
6,-62,14
6,-62,14
6,-63,15
6,-62,14
6,-63,14
7,-63,14
7,-63,14
6,-63,14
6,-63,14
7,-63,14
6,-62,14
6,-63,15
6,-62,15
6,-63,15
7,-62,14
6,-63,14
7,-63,14
6,-63,15
7,-63,14
6,-62,14
7,-63,14
7,-62,14
6,-62,14
7,-63,14
6,-63,14
7,-63,14
6,-62,14
6,-63,14
6,-63,14
6,-63,14
7,-63,14
6,-62,14
6,-63,14
6,-62,14
6,-63,14
6,-62,14
7,-63,14
6,-62,14
6,-63,14
6,-62,14
6,-62,15
7,-63,14
5,-62,14
6,-63,14
6,-62,14
7,-63,15
6,-62,15
6,-63,14
6,-62,15
6,-62,15
6,-63,14
6,-62,15
7,-63,14
6,-62,14
6,-63,14
6,-63,14
6,-63,14
6,-63,15
6,-62,14
6,-63,14
5,-62,14
6,-63,14
6,-62,14
7,-63,14
6,-63,14
6,-62,14
7,-63,15
6,-62,14
6,-63,15
6,-63,14
6,-62,15
6,-63,14
6,-62,14
6,-63,14
6,-62,14
6,-63,14
6,-62,15
6,-63,15
6,-63,14
6,-62,14
6,-63,14
6,-62,14
7,-63,14
6,-63,14
6,-62,15
6,-63,14
6,-62,14
6,-63,15
6,-62,14
6,-63,14
6,-62,14
7,-63,14
6,-63,15
6,-63,14
6,-63,14
6,-62,15
6,-63,15
6,-63,14
6,-63,14
6,-63,14
6,-62,15
7,-63,14
6,-62,14
6,-63,15
6,-63,14
6,-62,14
6,-63,15
6,-62,15
7,-63,14
6,-62,16
6,-63,16
7,-63,14
7,-63,12
6,-63,13
6,-62,14
7,-63,14
6,-62,14
7,-63,14
6,-62,14
7,-63,14
6,-62,14
7,-62,14
6,-62,14
6,-63,14
7,-63,14
6,-62,14
7,-63,14
6,-62,14
7,-63,14
6,-63,14
6,-63,14
6,-63,15
6,-62,14
7,-63,14
6,-62,14
6,-63,14
6,-62,15
7,-62,14
6,-63,14
6,-62,15
6,-63,14
6,-62,14
6,-63,14
6,-62,15
6,-62,15
5,-63,14
6,-63,15
6,-63,14
6,-62,14
6,-63,15
5,-62,15
6,-62,15
6,-63,14
6,-63,14
6,-63,15
6,-62,15
6,-63,15
6,-62,15
6,-64,14
6,-62,15
6,-63,15
5,-62,14
6,-62,15
6,-63,14
6,-62,14
6,-63,15
6,-62,14
6,-63,14
6,-62,15
6,-63,14
6,-62,15
6,-62,15
5,-63,14
6,-62,15
6,-63,15
6,-62,14
6,-63,15
7,-63,14
6,-62,14
6,-63,15
6,-62,14
6,-63,14
6,-62,15
6,-63,14
7,-63,14
6,-63,15
6,-63,15
6,-62,15
7,-63,15
6,-62,15
6,-63,15
6,-63,14
6,-62,14
7,-63,15
5,-62,15
6,-63,15
6,-63,14
6,-63,15
6,-62,15
6,-62,14
7,-63,15
5,-62,15
6,-63,14
5,-63,14
6,-63,15
6,-63,15
6,-62,15
6,-63,14
6,-62,15
7,-63,15
5,-62,15
6,-63,14
6,-63,14
6,-62,15
6,-63,15
5,-62,15
6,-62,15
6,-62,15
6,-62,15
6,-63,15
6,-62,15
6,-63,15
5,-62,15
6,-63,15
6,-62,15
6,-62,15
6,-63,15
6,-62,15
6,-63,15
6,-63,14
6,-63,15
7,-62,15
6,-62,15
6,-63,14
6,-62,15
6,-63,15
6,-62,15
6,-63,15
6,-63,14
6,-63,15
6,-63,14
6,-62,15
6,-63,14
6,-62,15
7,-63,15
6,-63,15
6,-63,14
7,-63,14
7,-62,15
6,-63,15
5,-62,14
7,-62,14
6,-62,14
6,-62,14
6,-62,15
5,-62,14
6,-63,14
6,-62,15
6,-63,14
6,-62,14
6,-62,15
6,-63,14
6,-62,14
7,-63,15
6,-62,14
6,-63,14
6,-63,14
6,-62,14
6,-63,15
6,-62,14
7,-63,15
6,-62,14
6,-63,14
6,-63,15
6,-62,15
6,-63,15
6,-62,14
6,-63,15
6,-62,14
6,-62,15
6,-63,14
6,-62,15
7,-63,14
6,-62,15
6,-63,15
5,-62,14
7,-62,14
6,-62,15
6,-62,14
6,-63,15
6,-62,15
6,-63,15
6,-63,14
6,-63,14
6,-62,15
6,-62,15
6,-63,15
6,-62,14
6,-63,15
6,-63,14
6,-63,14
7,-63,14
6,-62,14
6,-62,15
6,-63,15
6,-62,15
7,-63,15
6,-62,15
7,-63,15
6,-62,15
6,-63,14
6,-62,15
6,-62,15
7,-63,15
6,-62,15
6,-63,14
6,-62,15
7,-63,15
6,-62,15
6,-62,15
6,-63,14
6,-62,15
7,-63,15
6,-62,15
6,-63,15
6,-63,14
6,-62,15
6,-63,15
6,-62,15
6,-63,15
5,-62,15
6,-63,14
5,-62,15
7,-63,15
6,-62,15
6,-62,14
6,-63,14
6,-62,15
6,-63,15
6,-62,14
6,-62,15
6,-62,15
6,-63,14
6,-63,15
6,-62,15
6,-63,15
6,-62,14
6,-63,14
6,-62,15
6,-62,15
6,-63,14
6,-62,14
6,-63,15
6,-63,15
6,-63,15
5,-62,15
6,-62,15
6,-62,15
6,-62,15
6,-63,15
6,-62,15
6,-63,14
6,-63,14
6,-63,15
6,-63,15
6,-62,15
7,-63,14
6,-62,15
6,-63,15
6,-63,15
6,-63,15
7,-63,14
6,-63,15
6,-63,15
6,-63,15
6,-62,14
7,-62,14
6,-63,15
7,-63,15
2,-62,13
7,-63,14
6,-62,14
6,-63,15
6,-63,14
6,-62,15
6,-63,14
6,-62,14
7,-63,14
5,-63,15
6,-63,15
6,-63,15
6,-62,15
6,-63,15
5,-62,15
7,-63,15
6,-62,14
7,-63,14
6,-63,15
6,-62,15
6,-63,14
6,-62,14
7,-63,14
6,-62,15
6,-63,14
6,-63,14
6,-62,15
6,-63,15
6,-62,15
5,-62,15
5,-63,14
6,-62,14
6,-63,14
6,-62,15
6,-63,15
7,-63,14
6,-63,14
6,-63,15
6,-63,14
6,-63,14
6,-62,14
6,-63,15
6,-62,15
6,-63,14
6,-63,14
6,-62,15
6,-63,15
6,-62,15
6,-63,15
6,-62,14
6,-63,15
7,-62,14
6,-63,14
7,-63,14
6,-63,14
6,-63,14
6,-62,14
6,-63,14
6,-62,15
6,-62,15
6,-63,14
6,-62,15
6,-63,14
6,-62,15
6,-63,15
6,-63,14
6,-62,14
6,-63,14
5,-62,14
7,-63,15
5,-62,15
6,-63,15
5,-62,15
5,-63,15
6,-63,15
5,-62,15
6,-63,14
6,-62,14
6,-63,14
5,-63,14
6,-62,14
6,-63,15
6,-62,15
6,-63,15
5,-62,14
6,-62,14
6,-62,15
6,-63,14
6,-63,15
5,-62,14
6,-63,15
5,-62,15
6,-63,15
6,-62,14
6,-62,15
6,-63,15
6,-62,14
6,-64,14
6,-63,14
6,-63,15
5,-62,14
6,-62,14
6,-62,15
6,-63,15
6,-63,15
6,-62,15
6,-63,15
7,-63,14
6,-62,14
6,-62,15
6,-62,15
5,-63,15
6,-62,15
6,-63,15
6,-62,14
6,-63,14
7,-63,14
6,-63,15
7,-63,15
6,-62,15
6,-63,14
6,-62,15
6,-62,15
6,-63,14
6,-63,15
7,-63,14
6,-62,14
6,-63,14
6,-63,14
6,-62,15
7,-62,15
6,-62,15
6,-63,14
5,-62,15
7,-63,15
7,-62,14
7,-63,14
7,-63,14
6,-62,14
7,-63,14
6,-62,14
7,-63,14
6,-63,14
6,-63,14
5,-63,14
6,-62,16
6,-62,17
7,-61,16
7,-63,14
5,-63,14
7,-62,14
6,-63,14
7,-62,13
6,-63,14
6,-63,14
6,-62,14
6,-62,14
7,-62,14
7,-63,14
7,-63,14
7,-63,15
7,-62,15
7,-62,14
6,-62,15
7,-62,15
6,-63,15
7,-62,15
6,-63,16
7,-62,15
7,-62,15
8,-63,14
7,-62,14
7,-63,15
7,-63,14
6,-62,15
8,-63,15
9,-62,13
9,-63,12
7,-63,14
7,-63,14
7,-62,16
6,-62,16
6,-62,16
5,-61,15
7,-63,15
7,-63,15
7,-63,15
7,-62,15
6,-62,15
8,-63,13
7,-62,13
8,-63,13
7,-63,14
7,-62,15
7,-63,15
6,-62,15
7,-62,15
5,-62,15
7,-63,15
6,-62,15
7,-62,16
7,-62,16
7,-62,14
7,-63,14
6,-62,15
6,-63,15
6,-62,15
6,-62,15
6,-62,15
7,-62,15
7,-62,15
6,-62,15
6,-62,16
6,-62,15
6,-62,15
7,-63,15
6,-62,15
7,-63,15
7,-62,15
7,-63,15
7,-63,15
6,-63,15
6,-63,15
6,-62,15
6,-63,15
6,-62,15
7,-63,15
7,-62,14
7,-62,15
7,-63,15
6,-62,15
7,-63,15
6,-62,15
7,-62,15
7,-62,15
7,-63,15
7,-63,15
6,-62,15
7,-63,15
6,-62,15
7,-63,15
7,-62,15
6,-62,15
6,-62,15
6,-62,15
7,-62,15
6,-62,15
7,-63,15
6,-62,16
7,-62,16
6,-62,15
6,-62,15
6,-62,15
6,-62,16
7,-63,15
6,-62,15
7,-63,14
6,-63,14
7,-63,15
6,-62,15
6,-62,15
6,-62,15
6,-62,15
6,-62,16
5,-61,16
6,-63,15
6,-62,15
7,-63,15
6,-63,15
7,-62,15
7,-63,14
6,-62,15
6,-63,15
5,-62,15
7,-63,15
6,-62,15
7,-63,15
6,-63,15
7,-63,15
6,-63,15
6,-62,16
7,-63,16
6,-61,15
7,-63,15
6,-62,15
7,-63,15
7,-63,15
7,-63,15
7,-63,15
6,-62,14
7,-63,15
6,-62,16
7,-63,15
6,-62,15
6,-62,16
6,-63,15
6,-62,15
7,-63,15
6,-62,15
6,-62,15
6,-62,15
7,-62,15
6,-62,15
6,-62,15
6,-63,15
6,-62,15
6,-63,15
6,-62,15
7,-63,15
6,-62,15
6,-62,15
6,-62,15
7,-62,15
7,-63,15
6,-62,15
6,-63,15
7,-62,15
7,-63,15
7,-63,15
6,-62,15
6,-62,15
6,-62,15
6,-63,15
7,-63,15
7,-63,15
7,-63,15
6,-62,15
7,-63,15
6,-62,15
7,-63,15
6,-62,15
6,-62,15
7,-62,15
7,-63,15
7,-63,15
7,-62,15
7,-63,15
6,-62,15
6,-62,16
7,-62,15
6,-62,15
6,-63,15
6,-62,15
7,-62,15
6,-62,15
7,-63,15
6,-62,15
7,-62,15
7,-62,15
6,-62,15
7,-63,15
6,-62,15
7,-63,15
7,-62,15
6,-62,15
6,-63,15
6,-62,16
7,-63,15
6,-62,15
7,-63,14
6,-62,14
7,-62,15
7,-63,15
6,-62,15
6,-63,15
6,-62,15
7,-62,15
6,-62,15
6,-62,15
6,-63,15
6,-62,15
7,-63,15
6,-62,15
7,-63,14
6,-62,15
6,-62,16
6,-62,16
7,-62,15
6,-63,14
6,-62,14
6,-63,15
6,-62,15
6,-62,16
6,-62,14
7,-63,14
7,-62,15
7,-62,15
6,-63,15
7,-62,16
7,-63,15
6,-63,14
6,-62,15
7,-63,15
6,-62,15
7,-62,15
6,-62,15
6,-63,15
7,-62,15
6,-63,16
7,-63,15
6,-63,16
7,-63,14
6,-62,15
7,-63,15
6,-62,16
6,-62,16
6,-63,15
6,-62,15
7,-63,15
6,-62,15
7,-63,15
6,-62,15
6,-62,15
6,-62,15
6,-62,15
7,-63,15
6,-62,16
7,-63,15
6,-62,15
6,-62,15
7,-62,15
6,-62,15
6,-63,15
6,-62,15
7,-63,15
6,-62,15
6,-63,15
6,-62,15
6,-62,16
7,-63,15
6,-62,15
7,-62,15
6,-62,15
7,-63,15
6,-62,15
7,-63,15
6,-63,15
6,-62,15
7,-63,15
6,-62,15
6,-63,16
5,-62,16
6,-62,15
6,-63,14
7,-62,14
7,-63,15
6,-62,15
6,-63,16
6,-62,15
7,-62,15
6,-62,15
6,-62,15
6,-62,15
6,-62,16
6,-63,15
6,-62,15
6,-62,15
5,-62,15
7,-62,15
6,-63,15
6,-62,14
6,-62,15
7,-62,15
6,-62,15
6,-63,15
6,-63,15
7,-63,15
6,-62,15
6,-63,15
6,-62,15
6,-63,15
7,-63,15
6,-62,15
7,-63,15
6,-62,15
6,-62,15
6,-63,15
6,-62,15
7,-63,15
6,-62,15
7,-63,15
6,-62,15
7,-62,15
7,-62,15
6,-62,15
7,-63,15
6,-62,15
7,-63,15
6,-62,15
6,-62,15
6,-63,15
6,-62,15
7,-63,15
6,-62,15
7,-63,15
6,-63,15
6,-62,15
7,-63,15
6,-62,15
6,-62,15
6,-62,15
6,-62,15
6,-63,15
6,-62,15
6,-63,16
6,-62,15
7,-62,15
6,-62,15
6,-62,15
6,-63,15
6,-62,15
6,-62,15
7,-62,15
6,-62,15
7,-63,15
6,-62,15
7,-63,15
7,-62,15
7,-62,15
7,-63,15
6,-63,15
7,-63,15
6,-62,15
7,-62,15
6,-62,15
7,-62,15
7,-62,15
6,-62,15
7,-63,15
6,-62,14
7,-63,15
7,-62,15
6,-62,15
7,-62,15
6,-62,15
7,-63,15
6,-62,15
7,-63,15
6,-62,15
6,-62,15
7,-63,15
6,-62,15
7,-63,15
6,-62,15
7,-63,15
6,-63,15
6,-62,15
6,-63,15
6,-62,15
7,-62,15
6,-62,15
6,-62,15
6,-62,15
6,-62,15
6,-63,15
6,-62,15
7,-63,15
6,-62,15
6,-62,15
6,-63,15
7,-62,15
7,-63,15
6,-63,15
6,-62,16
7,-63,15
6,-62,15
6,-63,15
6,-62,15
6,-63,15
7,-62,15
7,-62,15
7,-63,15
6,-62,15
7,-62,15
7,-62,14
6,-63,14
7,-62,15
6,-62,15
7,-63,14
6,-62,15
7,-63,15
6,-62,15
6,-62,15
6,-63,15
6,-62,15
7,-63,15
6,-62,15
7,-62,15
6,-63,15
7,-62,15
7,-63,15
6,-62,14
7,-63,15
6,-62,15
7,-63,15
6,-62,15
6,-62,15
6,-63,15
6,-62,15
7,-63,15
6,-62,15
6,-62,15
6,-63,15
6,-62,15
7,-63,15
6,-62,15
6,-62,15
6,-62,15
6,-62,15
6,-62,15
6,-62,15
6,-63,15
7,-62,15
6,-62,15
7,-63,15
6,-62,15
6,-62,15
7,-62,15
7,-63,15
6,-63,15
7,-63,15
7,-63,15
7,-62,15
7,-63,15
6,-62,15
6,-62,15
7,-62,15
6,-62,15
7,-63,15
7,-62,15
7,-63,15
6,-62,15
7,-62,15
7,-62,15
6,-62,15
7,-63,15
6,-62,15
7,-63,15
6,-62,16
6,-63,15
7,-62,15
6,-62,15
7,-63,15
6,-62,15
7,-63,14
6,-63,15
7,-62,16
7,-63,15
7,-62,15
6,-63,15
6,-62,15
6,-63,15
6,-62,15
7,-62,15
7,-62,15
6,-62,15
7,-62,15
6,-62,15
6,-63,15
6,-62,15
6,-62,15
6,-62,16
7,-62,15
6,-62,15
6,-62,14
6,-62,15
7,-62,14
6,-62,15
7,-63,15
6,-63,15
6,-62,15
7,-63,14
6,-62,14
8,-62,15
7,-62,15
7,-62,15
6,-63,14
6,-62,14
7,-62,15
7,-62,15
7,-61,16
7,-63,16
7,-63,15
7,-63,15
6,-62,15
7,-62,15
7,-62,14
7,-63,13
6,-63,13
5,-62,14
6,-63,17
5,-62,17
6,-62,17
5,-62,17
6,-61,17
6,-62,17
6,-62,15
6,-62,15
5,-62,16
6,-62,16
5,-63,16
7,-63,16
6,-63,15
6,-62,15
6,-62,16
6,-61,16
6,-62,16
6,-62,15
5,-62,16
6,-63,16
6,-62,16
6,-63,16
6,-63,16
6,-62,16
5,-62,16
6,-61,15
6,-63,15
6,-62,16
6,-63,16
6,-62,15
6,-63,16
6,-63,15
6,-62,16
6,-62,16
6,-62,16
6,-62,16
6,-62,16
7,-63,15
7,-62,15
6,-63,15
6,-63,15
6,-62,16
6,-63,16
6,-62,15
6,-62,15
6,-62,15
5,-62,16
7,-63,16
6,-63,15
6,-63,15
6,-62,15
7,-63,15
6,-62,15
6,-62,15
6,-62,15
6,-61,16
7,-63,15
5,-62,15
7,-63,16
6,-62,15
6,-62,16
6,-62,15
6,-62,15
6,-62,16
5,-62,15
6,-63,15
5,-62,15
7,-63,15
6,-62,16
6,-62,15
6,-63,15
7,-62,15
7,-62,15
5,-62,15
7,-63,15
6,-62,16
7,-63,15
6,-62,15
6,-62,15
6,-63,15
5,-62,16
7,-63,16
6,-61,15
6,-62,16
5,-62,16
6,-63,16
7,-62,15
7,-62,15
6,-63,15
6,-62,15
6,-63,16
5,-61,16
6,-63,16
6,-62,15
6,-62,16
5,-62,16
6,-62,16
6,-63,16
6,-62,16
6,-63,16
6,-62,15
6,-63,15
6,-62,16
6,-62,16
6,-62,16
6,-62,17
6,-63,16
6,-63,16
6,-63,16
5,-62,16
6,-62,16
6,-62,15
6,-62,15
6,-63,15
6,-62,16
6,-63,16
7,-62,15
6,-62,16
6,-63,16
6,-62,16
6,-62,15
6,-62,16
6,-63,15
6,-63,15
6,-63,16
6,-63,15
5,-62,16
7,-63,16
6,-62,16
6,-63,16
6,-62,15
6,-62,15
7,-62,15
6,-63,16
6,-63,15
6,-62,16
6,-63,16
6,-62,16
6,-62,16
6,-62,16
5,-62,16
6,-63,16
5,-61,16
7,-63,16
5,-62,16
6,-63,16
6,-62,16
6,-62,16
6,-62,16
5,-62,15
7,-63,16
5,-62,16
7,-63,15
6,-62,16
6,-63,16
6,-62,16
6,-62,16
6,-63,16
5,-62,16
6,-63,15
5,-62,15
7,-63,16
6,-62,16
6,-63,15
6,-63,15
6,-62,16
6,-63,16
6,-62,16
6,-63,16
5,-61,16
6,-63,16
5,-62,15
6,-63,15
6,-62,15
6,-62,16
6,-62,16
6,-63,15
6,-63,16
5,-62,16
6,-63,16
6,-61,16
6,-63,16
5,-62,16
6,-63,16
6,-62,16
6,-62,15
6,-63,16
6,-62,16
6,-63,16
5,-62,16
6,-63,16
5,-62,16
6,-62,16
6,-62,16
6,-62,16
6,-63,16
6,-62,16
6,-63,16
5,-62,15
6,-62,15
6,-62,15
6,-62,15
6,-62,16
6,-62,16
6,-63,15
6,-62,15
6,-63,16
6,-62,15
6,-62,16
5,-62,15
6,-62,16
6,-62,15
6,-62,15
6,-63,16
6,-62,16
6,-63,15
6,-63,16
6,-62,16
7,-63,15
6,-62,16
6,-62,15
6,-62,16
6,-62,16
6,-62,16
6,-63,16
7,-62,15
6,-63,15
7,-63,15
6,-63,16
6,-63,15
6,-62,16
7,-63,15
6,-62,16
6,-63,15
6,-62,15
7,-63,16
6,-62,16
6,-62,16
7,-63,16
6,-62,16
6,-62,16
6,-62,15
6,-63,15
6,-62,16
7,-63,16
6,-63,15
6,-63,16
6,-63,15
6,-62,16
6,-62,16
6,-62,16
6,-62,15
6,-62,15
5,-62,15
7,-62,16
6,-61,16
7,-63,15
6,-62,15
7,-63,15
6,-62,16
6,-62,16
6,-63,15
6,-61,15
6,-63,16
5,-62,16
7,-63,16
6,-62,16
6,-62,16
6,-62,16
6,-62,16
6,-62,16
5,-61,16
6,-63,16
6,-62,16
7,-63,16
6,-62,15
6,-62,16
6,-63,16
6,-62,16
6,-62,16
5,-62,15
7,-63,16
6,-62,16
7,-62,15
6,-63,16
6,-62,16
6,-63,16
6,-62,16
7,-63,16
6,-61,16
6,-62,16
5,-62,16
6,-61,17
6,-62,16
6,-62,15
7,-63,15
7,-62,15
7,-63,15
5,-62,15
6,-62,15
6,-62,16
6,-62,16
6,-63,16
6,-62,16
6,-63,16
6,-62,15
6,-63,16
6,-62,16
6,-62,15
6,-62,15
6,-63,15
6,-62,16
6,-62,16
6,-63,15
6,-62,15
7,-63,15
6,-63,15
6,-62,16
7,-62,15
6,-62,16
6,-63,15
6,-62,15
6,-62,17
6,-62,16
6,-63,15
7,-63,15
6,-62,16
7,-63,16
6,-62,16
7,-63,15
6,-62,15
6,-62,16
7,-63,15
6,-62,15
7,-63,15
6,-62,15
7,-62,16
6,-62,16
6,-62,16
6,-63,16
5,-62,15
7,-63,16
6,-62,16
7,-63,15
6,-62,15
6,-62,15
7,-62,15
6,-62,15
7,-63,15
6,-62,15
7,-63,15
5,-62,16
6,-62,16
6,-63,16
6,-61,16
7,-63,16
5,-62,16
6,-63,15
6,-62,15
6,-62,17
6,-62,16
6,-62,15
6,-62,16
6,-62,16
6,-62,15
6,-62,15
6,-62,15
6,-63,15
5,-62,16
6,-63,16
5,-61,16
6,-62,16
6,-63,15
6,-61,16
6,-62,16
6,-62,16
6,-63,16
6,-63,16
6,-62,15
6,-62,15
6,-62,15
6,-62,15
6,-62,16
6,-63,15
6,-63,15
5,-63,16
6,-63,16
-1,-64,26
-7,-66,34
-5,-84,49
19,-94,79
13,-77,69
-25,-76,35
-21,-72,28
6,-58,32
12,-57,43
-4,-38,37
-3,-22,44
-6,-8,37
-1,-6,33
21,2,34
32,4,37
47,12,51
25,25,60
23,25,59
30,28,56
32,28,52
30,28,52
29,27,53
31,25,52
32,26,49
29,25,49
28,23,49
31,23,50
28,23,49
25,20,50
21,21,50
18,20,50
27,19,47
33,20,46
44,19,46
46,19,44
35,21,41
27,22,33
47,24,32
41,25,36
37,28,38
41,27,36
46,28,32
44,32,31
42,35,32
44,38,29
46,40,29
41,40,30
39,40,31
38,41,35
37,40,37
37,37,39
39,37,38
38,36,37
36,38,38
32,39,38
34,37,36
36,36,38
38,32,43
40,31,44
39,27,40
37,25,38
39,28,36
39,30,35
38,32,37
38,34,37
36,36,36
37,38,35
38,39,33
40,40,32
39,41,31
37,41,34
35,41,35
34,40,34
33,39,33
33,39,35
33,40,36
33,39,37
34,36,38
37,36,38
36,35,36
36,34,35
35,35,37
33,36,39
32,35,40
32,34,40
32,37,40
32,37,40
33,37,38
34,36,38
34,36,37
35,36,36
33,38,35
32,38,34
32,38,35
31,38,39
31,38,41
29,38,43
29,38,44
28,39,43
27,38,43
26,38,42
24,38,43
24,39,43
23,40,43
22,40,45
23,39,44
24,39,44
22,41,44
21,41,44
22,41,42
21,41,43
21,42,43
22,41,43
23,41,43
22,41,43
22,41,43
23,41,43
22,41,43
23,40,43
24,40,44
24,39,43
25,39,42
25,39,42
25,39,42
25,38,43
26,38,43
27,37,43
27,37,42
27,37,42
27,37,42
27,38,42
27,38,42
27,38,42
27,38,42
27,39,42
27,38,42
27,38,42
27,38,42
27,38,42
27,38,43
27,38,42
27,38,43
27,38,43
27,38,43
28,38,42
28,38,42
28,38,42
28,38,42
28,37,42
28,37,42
28,37,42
28,37,42
29,37,42
28,37,42
28,37,42
28,37,43
28,37,43
28,37,42
27,37,42
27,37,42
27,37,42
27,37,42
27,37,41
27,37,43
28,37,44
27,37,44
27,38,43
26,38,43
27,37,43
27,37,43
27,37,43
27,37,43
27,38,43
27,38,43
27,38,43
27,38,43
27,38,42
27,38,43
27,38,43
27,38,43
27,38,43
27,38,42
27,38,42
27,38,43
27,38,43
27,38,43
28,38,42
28,37,42
28,37,41
28,37,41
29,37,41
29,38,40
29,38,41
30,37,41
31,37,40
31,38,40
32,37,41
31,37,41
29,38,41
28,39,41
29,38,41
30,37,41
29,37,41
29,37,41
30,38,41
30,38,41
29,39,41
29,39,41
29,38,41
30,36,40
30,36,40
31,36,40
31,36,40
31,38,40
29,40,42
29,39,41
29,38,41
28,38,41
30,37,41
30,37,41
29,38,41
29,39,41
30,38,40
30,38,41
31,38,41
30,38,41
30,38,40
28,39,40
27,39,41
28,37,42
29,37,42
32,36,40
32,36,40
31,38,40
31,38,40
31,38,39
30,38,39
31,38,40
31,38,40
30,38,41
29,39,41
29,38,41
30,37,41
31,36,41
30,36,41
31,37,40
31,37,40
30,38,40
30,37,40
31,37,40
33,37,41
31,37,41
31,36,40
30,38,40
29,38,40
30,38,41
31,38,41
31,38,41
31,38,40
31,37,41
31,37,41
31,37,40
31,38,41
31,38,40
31,37,41
32,36,40
31,36,40
31,35,41
32,35,41
32,35,41
34,35,40
34,35,39
33,36,40
33,36,42
34,35,39
35,35,36
36,35,36
38,35,36
37,35,36
36,35,36
36,35,35
39,35,33
38,35,33
40,35,33
40,36,33
39,37,32
40,38,31
40,40,30
40,41,30
39,40,29
39,40,29
39,40,28
39,40,28
38,41,28
38,41,29
38,40,29
38,40,29
38,39,29
37,40,29
37,39,31
37,39,32
38,38,31
36,38,31
39,39,33
38,38,32
37,38,31
37,39,31
38,37,33
39,36,33
38,37,35
38,37,34
38,38,33
37,36,29
34,34,31
31,36,36
33,37,36
35,35,34
34,33,36
34,33,42
34,32,43
37,29,42
37,27,42
33,23,46
30,22,49
22,19,52
19,18,55
21,17,55
20,12,56
17,10,57
17,8,57
17,6,57
16,2,59
13,-1,59
7,-9,62
3,-14,63
-4,-25,65
-12,-34,72
-19,-34,76
-30,-24,73
-34,-17,67
-41,-8,58
-41,-8,51
-56,-11,39
-64,-12,36
-61,-9,32
-60,-9,28
-65,-10,18
-65,-9,15
-62,-7,12
-61,-7,6
-62,-9,-1
-70,-12,-26
-68,-10,-25
-66,-6,-5
-61,-4,6
-61,-3,9
-68,-7,8
-62,-3,7
-64,-3,5
-67,-4,2
-67,-4,-1
-67,-4,-4
-67,-4,-6
-67,-4,-6
-66,-4,-8
-67,-4,-10
-67,-4,-13
-66,-4,-15
-67,-4,-18
-67,-4,-19
-65,-3,-18
-64,-3,-18
-63,-2,-18
-61,-2,-19
-60,-1,-20
-57,-2,-22
-56,-2,-23
-55,-1,-24
-55,-1,-25
-54,-2,-28
-53,-2,-28
-53,-2,-30
-54,-1,-31
-56,-2,-31
-56,-2,-32
-56,-2,-32
-57,-2,-33
-57,-2,-33
-57,-3,-34
-57,-2,-34
-56,-2,-34
-57,-2,-34
-57,-2,-35
-56,-2,-35
-56,-2,-34
-56,-1,-34
-56,-1,-34
-56,-1,-34
-56,0,-35
-57,0,-35
-56,0,-36
-57,0,-40
-59,0,-45
-60,2,-44
-56,1,-41
-52,2,-38
-53,2,-35
-51,4,-32
-48,3,-36
-49,6,-34
-45,5,-28
-45,7,-23
-52,10,-7
-55,9,2
-51,-1,16
-45,-7,25
-32,-26,30
-19,-35,36
12,-46,40
22,-59,37
51,-67,49
49,-69,49
41,-67,47
32,-61,45
28,-60,43
22,-56,41
20,-58,48
15,-50,56
15,-49,54
11,-47,44
11,-46,41
8,-47,43
10,-47,48
11,-55,31
5,-57,32
6,-57,33
4,-55,35
3,-55,34
7,-54,37
5,-55,34
5,-53,34
5,-54,35
5,-52,38
6,-53,34
5,-55,33
6,-55,34
7,-54,33
7,-55,33
7,-55,33
7,-55,32
7,-56,32
6,-55,32
7,-55,33
6,-55,33
6,-55,33
6,-55,33
7,-55,34
4,-54,34
5,-54,35
5,-54,34
3,-54,35
4,-54,35
3,-54,36
4,-54,35
4,-53,36
4,-54,36
4,-54,35
4,-53,36
5,-54,35
5,-54,35
5,-54,35
4,-54,35
5,-54,35
5,-54,35
5,-54,35
5,-54,35
5,-54,36
5,-54,34
5,-54,35
5,-54,35
4,-54,35
4,-54,36
4,-54,35
5,-54,35
5,-54,35
4,-54,35
5,-54,35
4,-54,34
5,-53,35
4,-54,35
5,-54,35
5,-53,35
5,-54,35
5,-54,35
5,-54,34
5,-54,34
4,-54,34
5,-54,35
4,-54,35
5,-54,35
4,-54,35
5,-54,34
5,-54,35
5,-54,34
5,-54,35
4,-54,35
5,-54,35
4,-54,34
5,-54,35
5,-54,35
5,-54,34
5,-54,35
4,-54,34
5,-54,34
5,-54,35
5,-54,34
4,-54,35
5,-54,35
5,-54,35
5,-54,35
5,-54,34
4,-54,35
5,-54,35
5,-54,35
5,-54,35
5,-54,35
5,-54,35
5,-54,34
6,-54,34
6,-54,34
5,-54,34
5,-55,34
5,-54,34
5,-54,35
5,-54,35
5,-54,35
5,-54,34
5,-54,35
5,-54,34
5,-54,35
5,-54,35
5,-54,34
5,-54,35
4,-54,34
5,-54,35
5,-54,35
5,-54,35
5,-54,34
5,-54,34
5,-54,35
4,-54,34
5,-54,35
4,-54,35
6,-53,35
5,-54,35
4,-54,34
5,-54,35
4,-54,34
5,-54,35
4,-54,35
5,-54,35
5,-54,35
5,-54,35
5,-54,35
5,-54,35
5,-54,35
4,-54,35
5,-54,34
5,-54,35
5,-54,35
5,-54,35
4,-54,35
5,-54,35
4,-54,34
5,-54,35
4,-54,35
5,-54,34
5,-54,35
5,-54,35
5,-54,35
5,-54,35
5,-54,34
5,-54,35
5,-54,34
5,-54,35
5,-54,35
5,-54,35
5,-54,35
5,-54,34
5,-54,35
5,-54,35
5,-53,34
6,-54,35
5,-54,34
5,-54,35
5,-54,35
6,-54,35
5,-54,34
5,-54,35
5,-54,35
5,-54,34
5,-54,35
4,-54,35
5,-54,35
4,-54,35
5,-54,34
5,-54,35
5,-54,34
5,-54,35
4,-54,35
5,-54,35
5,-54,35
5,-54,35
4,-54,35
5,-54,34
5,-54,35
5,-54,34
5,-54,35
4,-54,35
5,-54,35
5,-54,35
5,-54,35
5,-54,35
4,-54,35
5,-54,35
4,-54,35
5,-54,34
5,-54,35
5,-54,35
5,-54,35
5,-54,34
6,-54,34
5,-54,34
5,-54,34
5,-54,35
6,-54,34
5,-54,35
5,-54,35
5,-54,35
6,-54,35
6,-54,34
5,-54,35
6,-54,34
5,-54,35
5,-54,35
5,-54,35
5,-54,35
5,-54,34
5,-54,35
5,-54,35
5,-54,35
6,-54,35
5,-54,35
5,-54,35
5,-54,34
5,-54,35
6,-54,34
5,-54,35
5,-54,34
5,-54,35
5,-54,35
5,-54,34
5,-54,35
5,-54,35
5,-54,35
5,-54,35
5,-54,35
5,-54,35
5,-54,35
5,-54,35
5,-54,35
6,-53,35
4,-54,35
5,-54,35
5,-54,35
5,-54,35
5,-54,35
4,-54,35
5,-54,35
5,-54,35
5,-54,35
5,-54,35
5,-53,35
5,-54,35
4,-54,35
5,-53,35
5,-54,35
5,-54,35
4,-54,35
6,-54,35
5,-54,35
5,-54,35
5,-54,35
5,-54,35
5,-54,35
5,-54,35
6,-54,35
5,-54,35
5,-54,34
5,-54,35
6,-54,35
6,-54,35
5,-54,35
5,-54,35
5,-53,35
5,-54,35
5,-54,35
5,-54,35
5,-54,35
5,-54,35
5,-54,35
5,-54,35
6,-54,35
5,-54,35
6,-54,34
5,-54,34
6,-54,35
5,-54,34
5,-54,35
5,-54,35
6,-54,35
5,-54,34
5,-54,35
5,-54,35
5,-54,35
5,-54,35
4,-54,35
6,-54,35
6,-54,34
5,-54,34
5,-54,35
5,-54,34
6,-54,35
5,-54,34
5,-54,35
5,-54,35
5,-53,35
5,-54,35
5,-54,35
5,-54,35
5,-54,34
6,-54,35
4,-54,35
5,-54,35
5,-54,35
5,-54,35
5,-54,35
5,-54,34
5,-54,35
5,-54,35
6,-54,34
5,-54,35
5,-54,35
5,-54,35
4,-54,35
6,-54,35
5,-54,35
6,-54,34
5,-54,35
6,-54,34
5,-54,35
5,-54,35
5,-54,35
5,-54,35
5,-54,35
5,-54,35
5,-54,35
5,-54,35
5,-54,35
5,-54,35
6,-54,35
5,-54,35
5,-54,35
5,-54,35
5,-54,35
6,-54,35
5,-54,35
5,-54,35
5,-53,34
6,-54,35
5,-54,35
5,-54,35
5,-54,35
5,-54,35
5,-54,35
5,-53,35
6,-54,35
4,-54,35
5,-54,35
4,-54,35
5,-53,35
6,-54,35
4,-54,34
6,-54,35
5,-54,35
6,-53,35
4,-54,35
5,-54,35
5,-53,35
5,-54,35
5,-54,35
4,-54,35
5,-54,35
5,-54,35
5,-54,35
5,-54,35
5,-53,35
5,-54,35
4,-54,35
5,-53,35
5,-54,35
5,-54,35
4,-54,35
5,-54,34
5,-53,35
5,-54,35
5,-54,35
5,-54,35
5,-54,35
5,-54,35
6,-54,35
5,-54,35
5,-54,35
5,-54,35
5,-54,35
5,-54,35
5,-54,35
5,-54,35
5,-54,35
6,-54,34
5,-54,35
6,-54,35
5,-54,35
6,-54,35
5,-54,35
5,-54,35
5,-54,35
5,-53,35
5,-54,35
5,-53,35
6,-54,35
6,-54,35
5,-54,35
6,-54,35
5,-54,35
6,-54,34
5,-54,35
5,-54,35
5,-54,34
5,-54,35
5,-54,35
5,-54,35
6,-54,34
5,-54,35
5,-54,34
5,-54,35
6,-54,35
5,-54,35
5,-54,35
5,-54,34
5,-54,35
5,-54,35
5,-54,35
5,-54,35
5,-54,35
6,-54,35
5,-54,35
5,-54,35
5,-54,35
5,-54,35
5,-54,35
5,-54,35
5,-54,35
4,-54,35
5,-53,35
5,-54,35
5,-54,35
5,-54,35
5,-54,35
5,-53,35
5,-54,35
5,-54,35
4,-54,35
6,-54,34
5,-54,35
5,-54,35
5,-54,35
5,-54,35
5,-54,35
5,-54,35
5,-54,35
5,-54,35
5,-54,35
5,-54,35
6,-54,35
6,-54,35
5,-54,35
5,-54,35
5,-54,35
5,-54,35
5,-54,35
5,-54,35
5,-54,35
5,-54,35
5,-54,35
5,-54,35
5,-54,35
5,-53,35
5,-54,35
5,-54,35
5,-54,35
5,-54,35
5,-54,35
5,-54,35
6,-54,35
6,-54,35
5,-54,35
5,-54,35
5,-53,35
5,-54,35
4,-54,35
5,-54,35
5,-54,35
5,-53,35
5,-54,35
5,-54,35
6,-54,35
5,-54,34
5,-54,35
5,-54,35
5,-53,35
4,-54,35
5,-54,35
5,-54,35
5,-54,35
5,-54,35
5,-54,35
5,-54,35
4,-54,35
5,-53,35
5,-54,35
5,-53,35
5,-54,35
4,-54,35
6,-54,35
5,-54,34
6,-54,35
4,-54,35
5,-54,35
5,-54,36
4,-53,35
5,-54,35
5,-54,35
5,-54,35
5,-54,35
6,-54,35
5,-54,35
5,-54,34
5,-54,35
5,-54,35
5,-54,35
5,-54,35
5,-54,35
4,-54,35
5,-54,35
5,-53,35
5,-54,35
5,-54,35
5,-54,35
5,-54,35
5,-54,35
5,-54,35
5,-54,35
5,-54,35
5,-54,35
6,-54,35
5,-54,35
5,-54,36
5,-54,35
5,-53,35
5,-54,35
5,-54,35
5,-54,35
5,-53,35
5,-54,35
4,-54,35
5,-54,35
5,-53,35
5,-54,35
5,-54,35
5,-54,35
5,-54,35
4,-54,35
5,-53,35
4,-54,35
5,-53,35
4,-54,35
5,-54,35
5,-54,35
5,-54,35
5,-54,35
4,-54,35
5,-54,35
5,-54,35
5,-53,35
5,-54,35
5,-54,35
5,-54,35
4,-54,35
5,-54,35
5,-54,35
5,-54,35
4,-54,35
5,-54,35
5,-54,35
5,-54,35
5,-54,35
4,-54,35
5,-54,34
5,-54,35
5,-54,35
5,-54,35
5,-54,35
5,-54,35
5,-54,35
5,-54,34
5,-54,35
5,-54,35
5,-54,35
5,-54,35
5,-54,35
5,-54,35
5,-54,35
6,-54,35
6,-54,35
5,-54,35
6,-54,34
5,-54,35
6,-54,35
5,-54,35
5,-54,35
5,-54,34
5,-54,35
5,-54,35
5,-53,35
5,-54,35
4,-54,35
5,-54,35
5,-54,35
5,-54,35
5,-54,35
5,-54,35
5,-54,35
5,-54,35
5,-54,35
5,-54,35
5,-54,35
4,-54,35
5,-54,35
5,-54,35
5,-54,35
5,-54,35
5,-54,35
5,-54,35
5,-54,34
5,-54,35
4,-54,35
5,-54,35
5,-54,35
5,-54,35
5,-54,35
4,-54,35
5,-54,35
4,-54,35
5,-54,35
5,-54,35
5,-53,35
5,-54,35
4,-54,35
5,-54,35
5,-54,35
5,-54,35
4,-54,35
5,-54,34
5,-53,35
5,-53,35
5,-54,35
4,-54,35
5,-54,35
5,-54,35
5,-54,35
5,-54,35
5,-54,35
5,-54,35
5,-54,35
5,-53,35
5,-54,36
5,-54,35
4,-54,35
6,-54,34
5,-54,35
5,-54,35
5,-54,35
5,-54,35
5,-54,35
5,-54,35
5,-54,35
5,-54,35
5,-54,35
5,-53,35
5,-54,35
5,-54,35
5,-54,35
5,-54,35
5,-54,35
5,-54,35
5,-54,35
5,-54,35
4,-54,35
4,-53,36
5,-54,34
6,-54,35
8,-53,36
6,-54,35
6,-54,34
5,-54,35
6,-54,34
5,-54,35
5,-54,35
5,-54,35
5,-54,35
5,-54,35
5,-54,35
4,-54,35
5,-53,35
5,-54,35
5,-54,35
5,-54,35
4,-54,35
5,-54,35
5,-54,35
6,-54,35
4,-54,35
4,-54,35
5,-54,35
4,-54,35
5,-54,35
4,-54,35
5,-54,35
4,-54,35
5,-54,35
4,-54,35
5,-54,35
4,-54,35
4,-54,35
5,-54,35
5,-54,35
5,-54,35
4,-54,35
5,-54,34
5,-53,35
4,-54,35
5,-54,35
4,-54,35
5,-54,35
4,-54,35
5,-54,35
5,-54,35
5,-54,35
5,-54,35
5,-54,35
6,-54,35
5,-54,35
5,-54,35
4,-54,35
5,-54,34
5,-54,35
5,-54,35
5,-54,35
5,-54,35
5,-54,35
5,-54,35
5,-54,35
5,-54,35
5,-54,35
5,-54,35
6,-54,35
5,-53,35
5,-54,35
5,-54,35
5,-53,35
5,-54,35
5,-54,35
5,-54,35
5,-53,35
5,-54,35
5,-54,35
5,-54,35
6,-53,35
5,-53,35
5,-54,35
5,-53,35
5,-54,35
4,-54,35
5,-54,35
5,-54,35
5,-54,35
4,-54,35
5,-54,35
5,-54,35
5,-54,35
5,-54,35
5,-54,35
5,-54,35
4,-54,35
5,-54,35
5,-54,35
5,-54,35
4,-54,35
5,-54,35
5,-53,35
5,-54,35
5,-54,35
5,-54,35
5,-54,35
4,-54,35
5,-53,35
5,-54,35
5,-53,35
5,-54,35
4,-54,35
6,-54,35
5,-54,34
5,-54,35
4,-54,35
5,-54,36
4,-54,35
5,-53,35
5,-54,35
5,-53,35
5,-54,36
4,-54,35
5,-54,36
4,-54,35
5,-54,35
5,-54,35
5,-54,35
4,-54,35
5,-53,36
5,-54,35
5,-53,35
5,-54,35
5,-54,35
5,-53,35
5,-53,35
6,-54,35
5,-54,35
5,-53,35
4,-54,35
5,-53,35
5,-54,35
5,-53,35
5,-54,36
4,-54,35
6,-53,36
5,-54,35
5,-54,35
4,-54,35
5,-54,35
4,-54,35
5,-54,35
5,-54,35
5,-53,35
5,-54,36
4,-54,35
5,-53,35
5,-54,35
5,-54,35
4,-54,35
5,-54,35
4,-54,35
5,-54,35
5,-54,35
5,-53,35
5,-54,36
4,-54,35
5,-53,35
5,-54,35
5,-54,35
4,-54,35
5,-54,35
5,-54,36
5,-54,35
5,-54,35
4,-53,35
5,-53,36
5,-54,35
5,-54,35
5,-54,35
5,-54,35
5,-54,35
5,-54,34
5,-54,35
5,-54,35
5,-54,35
5,-54,35
5,-53,35
4,-54,35
5,-53,35
4,-54,35
5,-54,35
5,-54,36
5,-54,35
5,-54,35
5,-54,35
5,-54,35
5,-54,35
5,-53,35
5,-54,36
5,-53,35
4,-54,35
5,-54,35
5,-54,36
5,-54,35
5,-53,35
5,-54,35
5,-54,35
5,-54,35
5,-53,35
5,-54,35
5,-54,35
5,-53,35
5,-54,35
5,-54,35
5,-54,35
5,-53,35
4,-54,36
5,-54,35
5,-53,35
5,-54,35
5,-54,35
5,-54,35
5,-53,35
5,-54,35
5,-54,36
5,-54,35
5,-54,35
5,-54,36
5,-54,35
5,-53,35
5,-54,34
5,-54,35
5,-54,35
5,-53,35
5,-54,35
5,-54,35
5,-54,35
6,-54,35
5,-54,36
5,-54,35
5,-53,35
5,-54,35
5,-54,35
5,-54,35
5,-54,35
5,-54,35
4,-53,35
5,-54,36
5,-53,35
5,-54,36
6,-54,34
6,-54,35
6,-54,34
5,-54,35
5,-54,35
5,-54,34
5,-54,35
5,-54,34
6,-54,35
5,-54,34
5,-54,35
5,-54,34
5,-53,35
6,-54,34
5,-54,34
5,-54,35
5,-54,34
5,-54,35
5,-54,34
5,-54,35
5,-54,35
5,-54,35
5,-54,35
5,-54,35
5,-54,34
5,-54,35
5,-54,35
5,-54,35
5,-54,35
5,-54,35
5,-54,35
4,-54,35
5,-53,35
5,-54,35
5,-53,35
5,-54,35
5,-54,34
5,-54,35
5,-54,35
5,-54,35
5,-54,35
5,-54,35
5,-54,35
5,-53,35
5,-54,35
5,-54,34
5,-54,35
4,-54,35
5,-54,35
5,-54,35
5,-54,35
5,-54,35
5,-54,35
5,-54,35
5,-54,35
6,-54,35
5,-54,35
5,-54,35
4,-54,34
6,-54,35
5,-54,35
5,-53,35
5,-54,35
5,-54,35
5,-54,35
5,-54,35
5,-54,35
4,-54,35
5,-54,35
5,-54,35
5,-54,35
5,-54,35
5,-54,35
5,-54,35
4,-54,35
5,-54,35
5,-54,35
5,-54,35
5,-54,35
6,-54,34
5,-54,35
5,-54,35
6,-54,35
5,-54,35
5,-54,35
4,-54,35
6,-54,34
5,-54,35
5,-54,35
5,-54,35
5,-54,35
6,-54,35
5,-54,35
5,-54,35
4,-54,35
6,-54,35
5,-54,35
5,-54,35
5,-54,35
5,-54,35
5,-54,35
5,-54,35
5,-54,35
5,-54,35
5,-54,35
5,-53,35
6,-54,34
5,-54,35
6,-54,35
5,-54,35
5,-54,35
5,-54,35
5,-54,35
5,-54,35
5,-54,35
5,-54,35
5,-53,35
6,-54,35
5,-54,35
5,-54,35
4,-54,35
5,-53,35
5,-54,34
5,-54,35
5,-54,35
5,-54,35
5,-54,35
5,-54,34
5,-54,35
5,-54,35
5,-54,35
5,-54,35
5,-53,35
5,-54,35
5,-54,35
5,-54,35
5,-54,34
5,-53,35
5,-54,35
5,-54,35
5,-54,35
5,-54,35
5,-54,35
5,-54,35
5,-54,35
4,-54,35
5,-53,35
5,-54,35
5,-54,35
5,-54,35
5,-54,35
5,-54,35
5,-54,35
5,-54,35
4,-54,35
6,-54,35
5,-54,35
5,-54,35
5,-54,35
5,-53,35
5,-54,35
5,-54,34
5,-54,34
5,-54,35
5,-54,35
5,-54,35
5,-54,34
5,-54,35
5,-54,34
5,-54,35
5,-54,35
6,-54,35
5,-54,34
6,-53,35
5,-54,35
5,-54,35
5,-54,35
5,-54,35
5,-54,35
5,-54,35
5,-54,35
5,-54,35
6,-54,35
5,-54,35
5,-54,35
5,-54,35
5,-54,35
5,-54,35
6,-54,35
5,-54,35
5,-54,35
5,-54,35
5,-54,35
6,-54,35
5,-54,35
5,-54,35
5,-54,35
5,-54,35
5,-54,35
5,-54,35
5,-54,35
5,-54,35
5,-54,35
5,-53,35
5,-54,35
4,-54,35
5,-54,35
5,-54,35
5,-53,35
6,-54,35
5,-54,35
5,-54,35
5,-54,35
6,-54,35
5,-54,35
5,-54,35
5,-54,35
5,-53,35
5,-54,35
5,-53,35
6,-54,35
4,-54,35
5,-54,35
5,-54,34
5,-53,35
4,-54,35
5,-54,35
5,-54,35
5,-54,35
5,-54,35
5,-53,35
5,-54,35
5,-54,35
5,-54,35
5,-54,35
5,-53,35
5,-54,35
5,-54,35
6,-54,35
5,-54,35
5,-54,35
4,-54,34
6,-54,35
4,-54,35
5,-54,34
5,-54,35
5,-53,35
5,-54,36
5,-54,35
6,-54,35
5,-54,35
6,-54,35
4,-54,35
6,-54,35
5,-54,35
5,-54,35
5,-54,36
5,-54,35
5,-54,36
4,-54,35
5,-54,35
5,-54,35
6,-54,35
5,-54,35
6,-54,34
5,-54,35
5,-54,35
6,-54,35
5,-54,35
5,-54,35
4,-54,35
6,-54,35
5,-54,35
5,-54,34
5,-54,35
5,-54,34
6,-54,35
5,-54,35
6,-54,35
5,-54,35
5,-54,35
5,-54,35
5,-54,35
5,-54,35
5,-54,35
5,-54,35
6,-54,35
6,-54,35
5,-54,35
5,-54,35
6,-54,35
5,-54,34
5,-54,35
5,-54,35
5,-54,35
5,-54,35
5,-54,35
5,-54,35
6,-54,35
5,-54,35
5,-54,35
5,-53,35
5,-54,35
5,-54,35
5,-54,35
5,-54,34
5,-54,35
6,-54,34
5,-54,35
5,-54,35
5,-54,35
5,-54,35
5,-54,35
6,-54,35
5,-54,34
5,-54,35
5,-54,35
5,-54,35
6,-54,35
5,-54,35
5,-54,35
4,-54,35
5,-54,35
4,-54,35
5,-54,35
5,-54,35
5,-54,34
5,-54,35
5,-54,34
6,-54,35
4,-54,35
5,-54,35
5,-54,35
5,-54,35
5,-54,35
4,-54,35
5,-53,35
5,-54,34
5,-54,35
4,-54,35
5,-54,35
5,-54,35
5,-54,35
6,-54,35
5,-53,35
5,-54,35
5,-54,34
5,-54,35
5,-54,34
5,-54,35
5,-54,34
6,-54,34
5,-54,35
6,-54,34
6,-54,35
5,-54,34
6,-54,35
5,-54,34
6,-54,34
5,-54,35
5,-54,35
5,-54,35
5,-54,35
5,-54,35
5,-54,35
6,-54,35
5,-54,35
5,-54,35
4,-54,35
6,-54,35
5,-54,35
6,-54,34
5,-54,35
6,-54,34
5,-54,35
5,-54,35
6,-54,35
5,-54,35
6,-54,35
4,-54,35
6,-54,34
5,-54,35
5,-54,35
5,-54,35
6,-54,35
6,-54,35
5,-54,35
6,-54,35
6,-54,35
6,-54,34
5,-54,35
6,-54,34
5,-54,35
5,-54,35
6,-54,35
6,-54,34
6,-54,34
5,-54,35
6,-54,34
5,-54,35
6,-54,34
5,-54,35
5,-54,35
5,-54,35
5,-53,35
5,-54,35
5,-54,35
6,-54,35
5,-54,35
5,-54,35
5,-53,35
6,-54,35
5,-54,35
5,-54,35
5,-54,34
6,-53,35
5,-54,35
5,-54,35
6,-54,34
5,-54,35
5,-54,35
5,-54,35
5,-54,35
4,-54,35
5,-54,35
5,-54,35
6,-53,35
5,-54,35
5,-54,35
5,-54,35
5,-54,35
5,-54,35
5,-54,35
5,-54,35
5,-54,35
5,-54,35
5,-54,35
5,-53,35
5,-54,36
5,-54,35
6,-54,35
5,-54,35
5,-54,35
5,-54,35
5,-54,35
5,-54,35
5,-54,35
5,-54,35
5,-54,35
5,-54,35
4,-54,35
5,-54,35
5,-54,35
5,-53,35
5,-54,35
4,-54,35
6,-53,35
5,-54,35
5,-54,35
5,-54,35
5,-54,35
5,-54,35
5,-54,35
5,-54,36
5,-54,35
5,-54,35
4,-54,35
6,-54,35
5,-54,35
5,-54,35
4,-54,35
5,-54,35
5,-54,35
5,-54,35
5,-54,35
5,-54,35
5,-54,35
5,-54,35
5,-54,34
5,-54,35
5,-54,35
5,-54,35
5,-54,35
6,-53,35
5,-54,35
5,-54,35
5,-54,35
5,-54,35
5,-54,35
5,-54,34
5,-54,35
5,-54,35
5,-54,36
5,-54,35
6,-53,36
5,-54,35
5,-54,35
5,-53,35
5,-54,35
5,-54,35
5,-54,35
5,-53,35
5,-54,35
5,-54,35
5,-54,35
6,-54,35
5,-54,35
5,-54,35
5,-53,35
5,-54,35
5,-54,35
5,-54,35
5,-53,35
5,-54,35
5,-54,36
5,-54,35
6,-54,36
5,-54,35
5,-54,35
5,-53,35
5,-53,35
5,-54,36
5,-54,34
5,-53,35
5,-54,35
5,-53,35
5,-54,35
6,-53,35
5,-54,35
5,-54,35
5,-53,36
5,-54,35
5,-54,35
5,-54,35
5,-53,35
5,-54,35
5,-53,35
5,-54,35
4,-54,35
5,-54,36
5,-54,35
5,-53,35
5,-54,35
5,-54,35
5,-54,35
5,-53,35
5,-54,35
5,-53,35
5,-54,35
4,-54,35
5,-54,35
5,-54,35
5,-53,35
6,-54,34
6,-54,34
6,-55,33
6,-54,34
5,-54,34
5,-54,35
5,-54,35
4,-54,35
5,-54,36
5,-54,35
6,-53,35
5,-53,34
5,-54,35
5,-54,35
5,-53,35
5,-54,35
4,-54,35
5,-54,35
5,-54,34
5,-54,35
5,-54,35
6,-54,35
5,-54,34
5,-54,35
5,-54,35
5,-53,35
5,-54,35
5,-54,35
5,-54,35
4,-54,35
5,-54,35
5,-54,35
5,-53,35
5,-54,36
5,-54,35
5,-54,34
5,-53,34
5,-54,35
4,-54,35
5,-54,35
4,-54,35
5,-54,35
5,-54,35
5,-53,35
5,-54,35
4,-53,35
6,-54,35
5,-54,34
5,-54,35
5,-54,35
6,-54,35
5,-54,35
5,-54,35
5,-54,35
5,-54,35
5,-54,35
4,-54,35
6,-53,35
4,-54,35
5,-53,35
5,-54,35
6,-54,35
5,-54,35
5,-54,35
5,-54,35
5,-53,34
5,-54,35
5,-54,35
6,-54,35
5,-54,34
6,-54,35
4,-54,35
5,-54,35
5,-54,35
5,-54,35
5,-54,35
5,-54,35
5,-54,35
5,-54,35
6,-54,35
5,-54,35
6,-54,35
5,-54,35
6,-54,34
5,-54,35
5,-53,35
6,-54,35
5,-54,35
6,-54,35
4,-54,34
6,-54,35
5,-54,34
5,-54,34
5,-54,35
6,-54,34
5,-54,35
5,-53,35
6,-54,35
5,-53,34
5,-53,35
4,-54,35
6,-54,35
5,-54,35
5,-54,35
4,-54,35
5,-54,34
5,-54,35
5,-54,35
6,-54,35
5,-54,34
6,-54,35
5,-54,34
6,-54,34
5,-54,35
5,-54,35
4,-54,35
6,-54,34
5,-54,35
5,-54,35
6,-54,35
5,-53,34
5,-54,35
4,-54,35
6,-54,35
5,-54,35
5,-54,35
5,-54,35
5,-54,34
6,-54,35
5,-54,35
6,-54,35
5,-54,35
5,-54,35
4,-54,35
5,-54,35
5,-54,35
5,-54,35
5,-54,35
5,-54,34
6,-54,35
5,-54,35
6,-54,35
5,-54,35
5,-54,35
5,-54,35
5,-54,35
4,-54,35
5,-54,35
5,-54,35
6,-54,34
5,-54,35
5,-54,35
6,-54,35
5,-54,36
6,-54,35
6,-54,35
6,-54,35
5,-54,35
5,-54,34
5,-54,35
5,-54,34
5,-54,35
5,-54,35
6,-54,35
5,-54,35
6,-54,35
5,-54,36
5,-54,35
5,-54,35
5,-54,35
5,-54,35
5,-54,34
5,-54,35
5,-54,35
5,-54,35
5,-54,35
6,-54,35
5,-54,35
6,-54,35
5,-53,35
5,-54,35
5,-54,35
6,-54,35
5,-54,35
5,-54,35
5,-54,35
6,-53,35
6,-54,35
5,-54,35
5,-54,35
5,-53,35
5,-54,35
5,-54,35
6,-54,35
4,-54,35
5,-54,35
6,-54,35
5,-53,35
5,-54,35
5,-54,35
5,-54,35
5,-53,35
5,-54,35
4,-54,35
5,-54,35
5,-54,35
5,-54,35
5,-54,34
5,-53,35
5,-54,35
5,-54,35
5,-54,36
5,-54,35
5,-54,35
4,-54,35
5,-54,35
5,-54,35
5,-53,35
5,-54,35
5,-54,35
5,-54,35
4,-54,35
5,-54,35
5,-54,35
5,-53,35
5,-54,35
4,-54,35
5,-54,35
5,-54,35
5,-54,35
4,-54,34
5,-54,35
5,-54,35
5,-54,35
5,-54,35
5,-53,35
5,-54,35
4,-54,35
6,-54,35
5,-54,34
5,-54,35
5,-54,35
5,-54,35
5,-54,35
5,-54,35
5,-54,36
5,-54,35
5,-54,35
4,-54,35
6,-54,35
5,-54,35
5,-54,35
5,-54,35
5,-54,35
5,-54,35
5,-54,35
5,-54,35
4,-54,35
5,-54,35
5,-54,35
6,-54,34
5,-54,35
5,-54,35
5,-54,35
5,-54,35
6,-54,35
5,-54,35
5,-54,35
4,-54,35
5,-54,35
5,-54,35
6,-54,34
6,-54,35
5,-54,34
6,-54,35
5,-54,35
6,-54,35
5,-54,34
6,-54,34
5,-54,35
6,-54,34
5,-54,35
5,-54,34
5,-54,35
5,-54,35
5,-54,35
5,-54,35
6,-54,35
5,-54,35
5,-54,35
5,-54,35
6,-54,34
6,-54,35
5,-54,35
6,-54,35
5,-54,35
5,-54,35
6,-54,35
6,-54,35
5,-54,35
5,-54,34
5,-53,35
6,-54,35
5,-54,34
5,-54,35
5,-54,35
6,-54,35
6,-54,34
5,-54,35
6,-54,34
5,-53,35
6,-54,35
5,-54,35
5,-54,35
5,-54,35
5,-54,35
5,-54,34
6,-54,35
5,-54,34
5,-54,35
5,-54,35
5,-54,35
5,-54,35
5,-54,35
5,-54,35
5,-54,35
5,-54,36
5,-54,35
5,-53,35
5,-54,35
4,-54,35
5,-54,35
5,-54,35
5,-54,35
5,-54,35
6,-54,35
5,-54,35
5,-54,35
5,-54,35
5,-53,35
5,-54,35
5,-54,35
5,-54,36
5,-54,35
5,-54,35
4,-54,35
5,-54,35
5,-54,35
5,-53,35
5,-54,35
5,-54,35
5,-54,35
4,-54,35
6,-54,35
5,-54,35
5,-54,35
5,-54,35
5,-54,35
5,-54,35
5,-54,35
6,-54,35
5,-54,35
6,-54,35
5,-54,35
5,-54,35
5,-54,35
5,-54,35
5,-54,35
5,-54,35
6,-54,35
5,-54,35
5,-54,35
5,-54,35
6,-54,34
5,-54,35
5,-54,35
5,-54,35
5,-53,35
5,-54,35
5,-54,35
6,-54,34
5,-54,35
5,-54,34
5,-54,35
5,-54,35
6,-53,35
5,-54,35
5,-54,35
5,-54,35
5,-54,35
5,-54,35
5,-54,35
5,-54,35
5,-54,35
5,-54,35
6,-54,35
6,-54,35
5,-54,36
5,-54,35
5,-53,35
5,-54,35
5,-54,35
5,-54,35
5,-54,35
5,-54,35
5,-54,35
5,-54,35
5,-54,35
5,-53,35
5,-54,35
5,-53,35
5,-54,35
4,-54,35
5,-54,35
5,-54,35
5,-54,35
6,-54,35
5,-54,35
5,-54,35
5,-54,35
5,-54,35
5,-54,35
6,-54,35
5,-54,35
5,-54,35
5,-54,35
5,-54,35
5,-54,36
5,-54,35
4,-53,38
7,-55,34
6,-54,37
5,-53,37
1,-53,36
3,-53,36
5,-52,37
8,-54,36
-1,-53,36
6,-54,36
3,-53,35
5,-53,36
5,-53,36
4,-53,36
3,-54,36
4,-53,36
4,-53,36
4,-53,35
4,-54,36
4,-53,36
4,-53,36
4,-53,36
5,-54,35
4,-54,36
4,-53,36
4,-53,36
4,-54,36
5,-53,35
4,-54,35
5,-54,35
4,-54,36
5,-54,35
4,-53,36
4,-54,36
4,-54,36
4,-54,35
5,-53,36
4,-53,35
5,-53,35
4,-54,36
5,-54,35
4,-53,36
5,-54,36
4,-53,36
4,-53,36
4,-54,35
5,-53,36
5,-53,36
4,-53,36
5,-54,36
4,-54,36
4,-53,36
4,-53,36
5,-54,36
5,-53,36
4,-53,36
4,-54,35
4,-53,36
5,-54,36
4,-53,36
4,-54,36
4,-54,36
5,-53,36
5,-53,36
4,-54,36
4,-53,36
4,-53,36
4,-54,35
4,-53,35
4,-54,36
4,-54,36
4,-53,36
4,-53,35
4,-53,36
4,-54,36
4,-54,36
4,-54,36
4,-53,35
4,-53,36
3,-53,36
4,-54,36
3,-53,36
4,-53,36
4,-54,36
4,-53,36
5,-54,36
3,-53,36
4,-54,36
4,-53,35
4,-53,36
3,-54,36
4,-53,36
4,-53,36
4,-53,36
4,-54,36
4,-53,35
4,-53,36
3,-54,35
4,-53,36
4,-54,35
5,-53,36
4,-54,36
4,-53,35
4,-53,36
4,-53,36
4,-54,36
3,-54,36
5,-53,35
4,-53,36
5,-54,35
4,-54,36
4,-53,35
4,-54,36
4,-53,36
5,-53,35
4,-54,35
5,-54,35
4,-54,36
5,-54,35
5,-53,36
5,-54,36
5,-54,35
4,-54,36
5,-53,35
4,-53,36
5,-53,35
4,-54,36
4,-54,35
5,-53,36
5,-54,36
5,-53,36
4,-54,36
4,-54,36
4,-54,36
5,-54,35
4,-53,36
4,-54,36
5,-54,36
4,-53,36
5,-53,35
5,-54,36
5,-53,35
4,-53,36
4,-54,35
4,-53,36
5,-54,35
5,-53,35
4,-53,36
4,-54,35
4,-53,36
5,-54,35
4,-54,35
5,-54,35
4,-53,35
5,-53,36
4,-54,35
4,-54,36
4,-54,36
4,-53,36
4,-54,35
4,-53,36
5,-54,35
4,-54,35
4,-54,36
4,-53,35
5,-53,36
4,-54,35
5,-54,36
5,-54,35
4,-53,36
4,-54,35
4,-53,35
5,-54,36
4,-54,35
4,-54,36
4,-54,35
4,-53,36
3,-54,36
4,-54,36
4,-53,36
5,-53,35
5,-54,36
4,-53,35
5,-54,36
4,-54,35
4,-53,36
4,-54,35
5,-53,36
4,-54,36
4,-54,35
4,-53,36
4,-53,36
5,-54,36
4,-53,35
4,-54,36
3,-54,36
4,-53,36
4,-54,36
4,-53,36
4,-53,37
4,-53,36
4,-53,36
4,-53,36
4,-54,36
3,-54,36
4,-53,36
3,-53,36
4,-53,35
4,-54,36
4,-53,36
4,-54,36
4,-54,35
4,-53,36
4,-53,35
4,-53,36
3,-54,36
4,-53,35
3,-53,36
4,-54,35
4,-54,36
4,-53,35
4,-53,36
3,-53,35
5,-53,36
4,-54,36
5,-54,36
4,-54,36
5,-53,35
4,-53,36
4,-54,35
4,-54,36
4,-54,35
4,-53,36
3,-54,36
5,-53,36
4,-54,35
4,-54,36
4,-54,36
5,-54,35
4,-53,36
5,-54,35
5,-54,36
4,-54,35
5,-53,36
3,-54,35
5,-53,35
4,-54,35
5,-54,35
4,-54,36
5,-53,35
4,-54,36
5,-53,35
4,-54,36
4,-54,35
5,-54,36
4,-54,36
5,-53,36
4,-54,35
4,-54,35
3,-54,35
4,-53,35
4,-54,36
4,-54,35
4,-54,36
4,-54,36
4,-53,36
4,-54,35
5,-53,36
4,-54,36
4,-54,35
3,-54,36
5,-53,35
4,-54,36
4,-54,35
5,-54,36
4,-54,36
5,-53,36
4,-54,36
5,-53,35
4,-53,36
4,-54,35
4,-54,36
4,-54,35
4,-53,36
4,-53,35
5,-54,36
4,-54,36
4,-53,36
4,-54,36
5,-53,35
4,-53,36
4,-54,35
5,-53,36
5,-53,35
5,-53,36
4,-54,35
5,-54,36
4,-54,36
5,-53,36
4,-54,36
5,-54,35
4,-54,36
4,-54,35
5,-53,36
4,-54,35
4,-53,35
4,-54,36
5,-54,36
4,-53,36
5,-53,36
4,-54,36
5,-53,35
4,-53,36
4,-54,35
4,-53,35
4,-54,35
4,-54,35
4,-54,36
5,-54,36
4,-53,36
5,-53,35
4,-54,36
4,-54,35
4,-53,36
4,-54,35
4,-53,35
4,-54,35
3,-54,35
4,-54,36
4,-53,35
4,-53,36
4,-54,35
4,-54,36
4,-54,35
4,-53,35
4,-54,35
4,-53,35
4,-54,36
3,-53,35
4,-53,36
4,-54,36
4,-53,36
4,-54,35
4,-53,36
4,-54,36
4,-54,35
4,-53,36
4,-54,35
4,-54,36
3,-53,36
4,-53,36
4,-54,36
4,-53,36
4,-53,36
3,-54,36
4,-53,36
4,-54,35
5,-53,36
3,-54,36
4,-53,36
4,-53,36
4,-53,35
5,-54,36
3,-53,35
4,-54,35
3,-54,35
5,-53,35
4,-54,36
4,-53,36
4,-54,36
3,-54,35
4,-53,36
4,-53,35
5,-54,36
3,-54,35
5,-53,35
3,-54,35
4,-54,35
4,-54,36
4,-53,35
4,-54,36
4,-54,35
5,-53,35
4,-54,35
4,-54,35
3,-54,36
5,-54,35
4,-54,36
4,-54,35
4,-54,36
4,-53,36
4,-53,36
3,-54,36
4,-53,35
4,-54,36
4,-54,35
3,-54,36
5,-54,36
5,-53,36
5,-54,36
5,-54,35
5,-53,36
5,-53,35
3,-54,36
4,-54,35
4,-54,36
4,-54,36
4,-54,35
4,-54,36
4,-53,35
4,-54,36
4,-54,35
5,-53,36
5,-54,35
4,-53,35
4,-54,36
4,-54,35
5,-54,35
4,-54,35
4,-54,36
4,-54,35
4,-53,35
4,-54,35
4,-53,35
5,-54,36
4,-54,35
5,-54,36
4,-54,35
5,-53,35
5,-54,35
4,-54,35
5,-54,36
4,-53,35
5,-54,36
3,-54,35
5,-54,36
4,-54,36
4,-53,36
4,-54,35
4,-53,35
4,-54,35
3,-54,35
4,-54,36
4,-54,35
5,-53,35
4,-54,36
4,-54,35
4,-53,36
4,-53,35
4,-54,36
4,-54,35
4,-53,36
4,-54,35
4,-53,36
4,-54,36
4,-53,35
4,-54,36
4,-53,35
5,-53,36
4,-54,35
5,-54,35
4,-54,35
4,-53,35
4,-53,36
4,-53,36
4,-54,36
4,-53,35
4,-53,36
3,-54,36
5,-53,35
3,-54,35
3,-54,35
4,-53,36
6,-54,35
5,-53,36
5,-54,36
5,-54,36
6,-53,36
6,-54,35
6,-54,35
6,-54,35
5,-54,36
5,-54,35
5,-53,36
5,-53,35
6,-53,35
5,-53,36
6,-54,35
5,-54,35
6,-54,35
5,-54,36
6,-54,35
6,-54,35
6,-54,35
5,-53,35
5,-54,36
6,-53,35
5,-53,35
6,-54,35
5,-53,35
6,-54,35
5,-54,36
5,-53,36
5,-54,35
6,-54,35
6,-54,35
6,-54,35
6,-54,35
6,-53,35
6,-54,35
5,-54,35
6,-54,35
5,-54,35
6,-53,35
6,-54,35
6,-53,35
6,-54,35
5,-54,35
6,-54,36
5,-53,35
6,-53,35
5,-54,36
6,-54,36
5,-54,35
6,-53,35
6,-54,35
5,-53,35
6,-54,35
5,-54,35
6,-54,36
5,-54,35
6,-53,36
5,-54,36
5,-54,35
6,-53,35
5,-54,35
5,-54,36
4,-54,35
5,-53,35
4,-53,36
4,-53,36
4,-54,36
4,-53,35
5,-53,36
4,-53,36
5,-53,35
4,-54,35
5,-54,36
4,-54,35
5,-54,35
5,-53,35
4,-53,35
5,-54,36
4,-54,35
5,-54,35
4,-53,36
5,-54,36
4,-54,36
5,-54,36
4,-54,36
5,-54,36
5,-53,36
5,-53,36
5,-54,35
4,-54,36
5,-54,35
5,-53,36
5,-54,36
5,-54,35
5,-53,35
5,-53,35
5,-54,36
5,-53,35
4,-53,36
5,-54,35
5,-53,36
5,-54,36
5,-53,36
5,-53,36
5,-54,35
5,-53,36
5,-54,35
5,-54,35
5,-54,35
5,-54,36
5,-54,35
4,-53,35
5,-54,36
5,-53,35
5,-53,36
5,-54,35
5,-53,35
5,-54,35
4,-54,35
5,-54,36
4,-53,35
5,-53,36
4,-53,36
5,-54,36
4,-54,36
4,-53,36
5,-54,35
4,-53,35
5,-54,36
4,-54,35
5,-54,36
4,-54,35
5,-53,36
4,-54,36
4,-54,36
5,-54,36
4,-53,35
5,-54,36
4,-54,35
5,-54,36
4,-53,35
4,-53,36
4,-54,36
5,-54,35
5,-54,36
4,-53,35
5,-54,35
4,-54,35
5,-54,35
4,-54,36
4,-54,35
5,-53,36
4,-54,35
5,-54,35
4,-54,35
5,-53,35
4,-53,36
5,-54,35
5,-54,36
5,-54,36
4,-54,35
5,-54,35
5,-53,35
4,-54,36
5,-54,35
4,-54,35
5,-54,36
5,-53,36
5,-54,36
5,-54,35
5,-53,36
5,-54,35
5,-53,36
5,-54,36
4,-54,36
4,-53,36
4,-54,36
5,-54,36
4,-53,35
4,-53,36
4,-54,35
4,-53,36
5,-54,35
4,-54,35
5,-54,36
4,-53,35
5,-53,36
5,-54,36
4,-54,36
4,-54,36
4,-53,36
4,-53,36
3,-53,35
4,-54,36
4,-54,36
4,-53,36
4,-54,35
5,-53,36
5,-53,35
4,-53,36
4,-54,36
4,-53,36
4,-54,36
4,-54,36
5,-54,36
4,-54,35
4,-53,36
4,-54,36
4,-53,36
4,-53,36
4,-54,35
4,-54,36
4,-53,35
5,-53,36
4,-54,35
5,-54,36
4,-54,36
4,-53,36
5,-53,36
4,-53,35
5,-53,36
4,-54,36
5,-53,36
4,-54,35
5,-53,35
4,-53,36
4,-53,36
4,-53,36
4,-53,36
5,-54,36
4,-54,35
5,-53,36
4,-54,35
5,-53,35
4,-54,36
5,-53,36
4,-54,36
4,-54,35
5,-53,36
4,-53,35
5,-54,36
4,-54,35
5,-53,36
4,-54,35
5,-53,35
4,-54,36
4,-54,35
4,-54,36
4,-54,35
5,-53,36
4,-54,35
5,-54,36
4,-54,35
5,-53,35
4,-54,36
5,-53,35
4,-54,36
4,-54,36
5,-54,36
4,-53,36
5,-53,36
4,-54,35
5,-54,35
4,-54,35
5,-53,35
4,-54,36
5,-54,35
5,-54,36
4,-54,35
5,-54,36
4,-54,35
5,-53,36
4,-54,35
5,-54,36
4,-54,36
5,-53,35
4,-53,36
5,-53,35
5,-54,36
4,-54,35
5,-54,36
4,-54,35
5,-53,36
4,-54,36
5,-54,36
4,-54,35
5,-53,35
4,-53,36
5,-54,35
5,-54,36
4,-54,36
5,-53,36
4,-54,36
5,-53,35
4,-53,36
5,-54,35
4,-53,36
5,-54,35
5,-53,36
5,-54,36
5,-54,36
5,-53,36
5,-53,35
5,-54,36
5,-53,35
4,-53,36
5,-54,35
4,-53,35
5,-54,36
5,-53,36
4,-53,36
5,-54,35
5,-53,36
5,-54,35
4,-54,35
5,-54,35
4,-53,35
4,-54,35
4,-54,35
4,-54,36
4,-54,35
4,-53,36
4,-54,35
4,-53,36
4,-54,35
4,-53,35
4,-54,36
4,-53,35
4,-54,36
4,-54,35
5,-54,36
4,-54,35
5,-53,36
4,-54,35
5,-53,36
5,-53,35
4,-53,36
4,-54,35
4,-53,35
4,-54,36
4,-53,35
4,-54,36
4,-54,35
4,-53,36
4,-54,35
5,-53,36
4,-53,35
4,-53,36
4,-54,35
4,-53,35
4,-54,35
4,-53,35
4,-54,35
4,-54,35
4,-54,36
4,-54,35
5,-53,36
5,-53,35
4,-53,36
4,-54,35
4,-53,35
4,-54,36
4,-53,35
4,-54,36
4,-54,35
4,-53,36
4,-54,35
5,-53,36
4,-54,36
4,-53,36
4,-54,36
4,-53,35
4,-53,36
4,-54,35
4,-54,36
4,-54,36
4,-54,36
4,-54,36
4,-53,35
4,-53,36
4,-53,35
5,-53,36
4,-54,35
5,-53,36
4,-53,36
5,-54,36
4,-54,36
4,-53,36
4,-54,36
4,-53,35
4,-54,36
4,-54,35
5,-53,35
4,-54,35
5,-54,36
4,-54,36
4,-53,36
4,-53,36
4,-53,36
5,-54,36
4,-53,35
5,-53,36
4,-54,35
5,-53,36
4,-54,35
5,-54,35
4,-54,36
4,-54,36
4,-53,36
4,-53,36
5,-54,36
4,-54,35
5,-53,36
4,-54,35
5,-53,35
4,-54,36
4,-54,35
4,-54,36
4,-54,35
5,-54,36
4,-53,35
5,-54,36
4,-53,36
4,-53,36
4,-54,36
5,-54,36
4,-54,36
5,-54,35
4,-53,36
3,-54,35
5,-53,36
4,-54,35
5,-54,35
4,-54,36
5,-54,35
4,-53,36
5,-54,36
4,-54,36
5,-54,36
4,-53,36
5,-54,36
4,-53,35
4,-53,36
5,-54,35
4,-54,36
5,-54,36
5,-53,36
4,-53,36
5,-54,36
5,-53,36
5,-53,35
4,-53,36
5,-54,35
4,-53,35
4,-54,35
4,-53,35
4,-54,36
5,-53,36
4,-54,36
4,-53,35
5,-53,36
5,-53,35
4,-54,36
4,-54,36
4,-53,35
5,-53,36
4,-54,35
5,-54,36
5,-53,35
4,-53,36
4,-53,36
4,-53,35
5,-54,35
4,-54,36
4,-54,36
4,-54,36
5,-53,35
4,-54,36
4,-54,36
5,-53,36
4,-53,35
4,-53,36
4,-53,35
5,-54,36
4,-54,36
4,-53,36
4,-54,36
4,-53,35
4,-54,36
4,-53,35
5,-53,36
4,-54,35
5,-54,35
4,-53,35
4,-54,36
4,-53,35
5,-53,36
4,-54,36
4,-53,35
5,-54,36
4,-54,35
4,-53,36
4,-54,35
4,-54,35
3,-53,36
4,-54,36
4,-53,36
4,-53,35
5,-54,36
4,-53,35
5,-53,35
4,-54,35
5,-53,35
4,-54,36
4,-54,35
4,-54,36
5,-54,35
5,-53,36
4,-53,35
5,-54,35
4,-53,35
5,-53,36
4,-54,35
4,-53,36
4,-54,36
4,-54,35
4,-54,36
5,-54,35
5,-53,36
4,-53,35
5,-54,36
4,-54,36
5,-53,36
4,-54,36
5,-54,35
4,-54,36
4,-54,35
4,-53,36
4,-54,36
5,-53,36
4,-54,36
4,-54,36
4,-54,36
5,-53,35
4,-54,36
4,-54,35
5,-54,36
4,-53,36
5,-53,36
4,-54,36
5,-53,36
4,-54,36
5,-54,35
5,-53,36
5,-53,35
5,-53,36
4,-54,36
5,-54,36
4,-53,36
5,-53,36
5,-54,36
5,-53,35
4,-53,36
4,-54,36
4,-53,36
5,-54,35
5,-53,36
4,-54,36
5,-54,36
5,-53,36
5,-53,36
5,-54,36
4,-53,35
4,-53,36
4,-54,35
4,-53,36
4,-54,35
4,-53,36
4,-54,36
5,-54,36
4,-53,36
5,-53,35
4,-54,36
4,-54,35
4,-53,36
4,-54,35
4,-53,35
4,-54,36
4,-54,35
4,-54,36
5,-54,36
4,-53,36
5,-54,35
5,-53,36
4,-54,35
4,-53,36
4,-53,36
4,-53,35
4,-54,36
4,-54,35
4,-53,36
4,-54,36
5,-53,36
5,-54,35
4,-53,36
4,-54,36
4,-53,35
4,-54,36
4,-53,35
5,-54,36
4,-54,35
4,-53,36
4,-54,36
5,-53,35
4,-53,36
4,-54,36
4,-54,36
4,-53,35
5,-53,36
4,-53,36
4,-54,36
4,-54,36
4,-53,36
5,-54,36
4,-53,35
5,-54,36
4,-54,35
4,-53,36
4,-54,36
5,-53,36
4,-54,36
4,-54,36
4,-54,36
4,-53,35
5,-54,36
4,-53,35
4,-53,36
4,-53,36
5,-53,36
5,-53,36
5,-53,35
5,-54,36
4,-54,35
5,-53,35
5,-54,35
5,-54,36
4,-54,35
5,-53,35
5,-53,36
5,-54,35
5,-54,36
5,-53,36
5,-54,36
4,-54,35
5,-53,35
4,-54,35
5,-54,35
5,-54,36
5,-54,35
5,-53,36
5,-54,35
5,-54,36
5,-54,36
5,-54,36
4,-54,35
5,-53,35
5,-54,36
5,-54,35
5,-54,36
5,-54,35
5,-53,36
5,-54,36
5,-54,36
5,-53,36
5,-53,35
5,-53,36
5,-54,35
5,-54,36
5,-54,36
5,-53,36
5,-54,35
5,-53,36
5,-54,36
5,-54,35
5,-53,36
5,-53,35
4,-53,36
5,-54,35
5,-54,36
5,-53,36
5,-53,36
5,-54,36
5,-53,35
5,-53,36
5,-54,35
5,-53,36
5,-54,35
4,-54,35
5,-54,36
4,-53,35
5,-53,36
5,-53,35
5,-54,36
5,-54,35
4,-53,36
5,-54,35
4,-53,35
5,-54,36
4,-54,35
5,-53,36
4,-53,35
5,-53,36
4,-54,36
4,-54,35
5,-54,35
4,-53,35
5,-53,36
4,-54,35
5,-54,36
4,-54,36
5,-53,36
5,-54,36
5,-53,35
5,-53,36
4,-54,35
5,-54,36
4,-53,35
5,-53,36
4,-54,36
5,-53,36
4,-54,36
5,-53,36
5,-54,36
4,-53,36
5,-54,36
4,-54,35
6,-53,36
4,-54,35
5,-53,36
4,-54,36
5,-53,36
5,-53,36
5,-53,36
5,-54,36
4,-53,35
5,-53,36
4,-53,35
5,-53,35
5,-54,36
5,-53,36
4,-53,36
4,-54,35
5,-53,36
4,-53,35
5,-54,36
4,-53,35
5,-54,36
4,-54,36
5,-53,35
5,-54,36
5,-54,35
5,-54,36
4,-54,35
5,-53,35
4,-54,35
5,-54,35
4,-54,36
5,-53,35
4,-53,36
5,-54,36
5,-54,36
5,-53,36
5,-53,35
5,-53,36
5,-53,35
4,-54,36
5,-54,35
4,-54,36
5,-54,36
5,-53,36
5,-54,36
4,-54,36
4,-53,36
5,-53,35
4,-53,36
5,-54,35
4,-54,36
4,-54,36
5,-53,36
5,-54,36
5,-53,36
4,-53,36
4,-53,36
4,-53,36
4,-53,36
4,-53,36
4,-54,36
4,-53,36
4,-53,36
4,-53,36
4,-54,36
4,-53,36
4,-53,36
4,-54,36
4,-53,36
5,-54,36
3,-53,35
5,-54,36
4,-53,35
5,-53,36
3,-54,35
5,-54,36
4,-54,35
4,-53,36
4,-54,36
4,-53,35
5,-54,36
4,-54,35
5,-53,36
4,-53,35
5,-53,36
3,-53,36
4,-53,36
4,-53,36
4,-53,36
4,-53,36
3,-53,36
4,-53,36
4,-54,36
5,-53,36
4,-54,36
5,-53,35
4,-54,36
4,-54,35
5,-53,36
4,-54,35
5,-53,36
4,-53,35
4,-53,36
4,-53,36
4,-53,36
4,-54,36
4,-53,35
5,-53,36
4,-54,35
5,-53,36
4,-54,36
4,-54,35
4,-54,36
4,-53,35
4,-53,36
4,-54,36
4,-54,36
4,-54,36
4,-53,36
4,-53,36
5,-53,35
4,-53,36
5,-54,36
4,-54,36
4,-54,36
5,-54,35
4,-54,35
5,-54,35
4,-53,35
5,-54,36
4,-53,36
4,-54,36
4,-54,36
5,-53,36
5,-53,35
5,-53,36
5,-54,36
4,-53,35
4,-53,35
4,-53,36
4,-54,36
4,-54,36
4,-54,37
4,-54,35
4,-54,36
1,-54,35
4,-54,36
1,-53,34
7,-54,37
5,-54,35
21,-54,56
7,-32,99
4,-42,74
4,-43,76
-6,-45,75
-8,-45,73
-10,-37,66
-13,-33,64
-19,-25,60
-21,-21,57
-20,-14,44
-24,-5,40
-26,0,42
-25,7,47
-23,8,46
-36,8,36
-44,5,34
-61,-2,37
-62,-3,39
-52,2,33
-53,3,30
-53,4,28
-55,3,25
-56,0,16
-60,0,11
-62,0,8
-66,0,0
-66,1,-2
-68,3,-7
-68,5,-8
-66,11,-10
-66,13,-11
-65,16,-14
-64,16,-15
-64,18,-14
-64,19,-11
-64,18,-9
-63,14,-2
-59,15,0
-60,16,4
-61,15,5
-61,14,6
-63,13,8
-69,11,6
-68,9,6
-63,7,10
-64,7,14
-66,6,8
-64,7,11
-65,9,13
-60,6,20
-59,4,22
-59,5,19
-60,4,19
-65,3,14
-65,2,13
-66,3,11
-65,4,12
-69,5,10
-66,3,12
-62,1,16
-64,0,14
-65,-1,14
-62,0,19
-59,-1,22
-58,-2,24
-60,-3,24
-58,-3,26
-57,-2,26
-50,-2,36
-59,-4,29
-61,-5,25
-63,-3,24
-65,-2,21
-54,0,32
-55,0,31
-54,1,29
-53,1,33
-55,0,32
-55,0,34
-60,-3,27
-62,-3,25
-60,-2,22
-61,-1,19
-58,-2,24
-68,-1,23
-68,-1,18
-62,-2,21
-61,-3,19
-61,-3,15
-66,-5,12
-60,-5,19
-63,-7,20
-68,-6,15
-69,-6,14
-58,-7,23
-57,-8,22
-62,-10,20
-61,-8,19
-58,-11,24
-57,-13,25
-58,-13,25
-61,-15,25
-57,-14,25
-52,-12,26
-52,-13,25
-62,-17,22
-59,-19,25
-49,-21,26
-55,-21,26
-66,-24,22
-53,-22,24
-36,-27,35
-26,-37,35
-36,-47,34
-44,-42,46
-44,-47,48
-41,-36,44
-38,-37,41
-39,-35,38
-38,-35,39
-41,-35,39
-31,-33,38
-22,-35,42
-26,-44,40
-27,-44,45
-20,-41,49
-21,-41,46
-14,-38,49
-13,-39,48
-20,-39,48
-13,-35,54
-8,-36,51
-5,-39,54
-4,-38,52
-2,-34,51
-5,-37,50
4,-37,55
2,-38,53
6,-35,54
5,-35,52
6,-35,52
7,-35,53
10,-34,53
13,-32,55
12,-32,54
12,-32,52
12,-31,53
9,-33,53
9,-35,53
8,-36,54
7,-37,53
8,-36,54
10,-34,55
10,-31,55
8,-32,55
12,-29,58
14,-25,60
12,-22,57
12,-22,58
12,-22,58
13,-19,58
13,-19,58
13,-20,58
14,-18,58
18,-17,59
20,-17,58
19,-18,58
19,-17,58
22,-17,57
24,-16,57
19,-16,55
30,-9,50
36,-13,51
31,-12,53
28,-13,54
27,-13,52
28,-13,51
32,-13,55
30,-13,55
27,-13,56
26,-13,57
28,-12,58
30,-12,58
32,-12,57
34,-11,56
33,-12,57
29,-17,55
31,-20,52
18,-9,51
20,-7,52
17,-7,57
17,-8,59
17,-11,61
17,-11,61
13,-14,61
11,-17,59
11,-17,60
10,-18,59
10,-18,60
10,-19,61
11,-18,61
12,-17,61
13,-16,61
13,-14,61
12,-13,60
11,-12,61
13,-13,62
13,-13,63
12,-13,63
11,-15,62
6,-19,63
5,-22,64
2,-24,65
-1,-23,63
-8,-16,61
-8,-9,61
-21,0,60
-31,3,55
-55,16,46
-58,29,41
-52,33,40
-49,39,40
-39,41,42
-33,43,42
-29,42,40
-24,36,30
-24,34,25
-29,32,21
-28,30,26
-23,30,35
-35,26,27
-51,26,28
-53,19,44
-51,16,44
-63,20,23
-64,18,22
-74,19,18
-67,25,16
-59,20,12
-59,20,14
-60,19,23
-61,20,22
-60,22,14
-60,24,12
-61,24,11
-63,25,9
-64,26,8
-57,25,14
-53,26,17
-61,24,12
-61,24,14
-55,23,20
-55,22,19
-59,23,17
-59,22,17
-56,20,19
-56,19,22
-56,18,22
-61,18,15
-70,19,13
-59,20,23
-56,18,26
-60,17,25
-60,17,24
-56,16,25
-55,17,24
-55,17,24
-55,18,26
-57,18,25
-59,17,26
-59,17,24
-60,16,22
-59,17,23
-58,16,24
-57,16,25
-57,17,25
-57,17,25
-56,17,26
-57,17,24
-57,17,24
-58,17,24
-58,17,24
-57,17,24
-58,17,23
-59,17,22
-60,17,22
-58,17,23
-59,17,23
-58,17,23
-58,17,23
-58,17,23
-57,17,23
-58,17,23
-58,17,23
-58,17,23
-59,17,22
-58,17,22
-59,18,22
-58,17,22
-58,17,22
-58,18,22
-57,17,23
-59,17,22
-58,18,22
-58,17,23
-58,17,23
-58,18,22
-58,18,23
-58,18,23
-58,18,22
-58,19,21
-57,18,21
-58,19,20
-58,19,22
-58,16,27
-59,16,25
-59,17,22
-58,16,23
-59,16,22
-59,17,22
-58,17,22
-58,17,23
-58,17,23
-58,17,23
-58,17,22
-58,17,22
-58,17,22
-58,17,23
-58,17,23
-58,18,23
-59,18,21
-59,18,22
-58,18,22
-58,18,23
-58,18,22
-58,18,22
-58,18,22
-58,18,22
-57,18,23
-57,18,22
-58,19,22
-59,19,21
-59,19,21
-59,18,22
-59,18,22
-59,18,23
-57,18,23
-59,18,21
-58,17,23
-57,17,24
-57,18,24
-57,17,24
-58,18,23
-57,18,24
-58,18,24
-57,18,24
-58,17,22
-59,17,22
-58,17,22
-59,18,22
-59,18,22
-59,18,22
-58,18,23
-58,18,22
-58,18,22
-58,18,23
-58,17,23
-60,18,23
-58,18,25
-57,19,24
-57,19,24
-58,19,22
-58,19,23
-57,20,25
-57,19,25
-57,19,25
-57,20,25
-56,20,26
-56,21,25
-56,21,26
-55,21,27
-54,21,27
-54,22,26
-55,23,25
-55,24,24
-54,25,24
-52,25,24
-54,25,23
-56,25,23
-56,25,23
-55,25,24
-55,24,23
-55,24,23
-55,25,23
-54,25,23
-55,25,23
-55,25,23
-55,25,23
-55,24,23
-56,25,23
-56,25,22
-56,25,23
-56,24,22
-56,25,22
-55,24,23
-55,25,23
-56,25,22
-56,25,22
-55,24,23
-55,24,23
-55,24,23
-55,24,24
-55,24,24
-55,25,24
-57,25,21
-55,25,22
-55,25,23
-54,25,25
-54,25,26
-54,25,25
-54,25,25
-54,24,25
-55,24,24
-56,24,24
-55,24,24
-54,23,25
-56,23,23
-56,23,24
-56,23,24
-56,24,23
-58,23,23
-58,23,23
-56,23,24
-55,24,24
-54,24,25
-55,24,25
-56,24,26
-55,24,26
-54,23,26
-55,23,26
-55,22,26
-55,22,27
-55,22,28
-56,21,27
-55,21,28
-54,20,26
-55,19,26
-54,19,27
-54,20,27
-55,19,29
-55,19,29
-52,20,33
-51,22,33
-50,22,33
-49,22,35
-48,21,36
-48,20,37
-48,20,38
-48,19,40
-48,19,40
-49,18,41
-48,19,41
-49,18,40
-47,19,38
-47,19,38
-49,21,38
-45,21,40
-46,20,38
-46,20,39
-47,20,39
-48,20,39
-50,21,38
-50,20,38
-47,19,39
-47,19,39
-48,20,39
-47,20,39
-47,20,39
-47,20,39
-46,20,39
-47,20,39
-47,20,39
-47,20,39
-48,19,38
-48,19,38
-48,19,39
-48,19,39
-47,19,39
-47,19,39
-48,19,39
-48,19,39
-47,19,40
-47,19,40
-47,19,40
-47,19,39
-45,20,39
-46,20,39
-49,22,38
-49,23,37
-49,23,37
-49,22,35
-49,22,35
-48,21,36
-49,22,36
-50,22,35
-48,22,36
-48,21,36
-48,21,36
-49,22,36
-49,22,36
-50,23,35
-49,23,36
-49,22,35
-49,22,34
-50,22,33
-50,22,33
-50,22,33
-52,22,33
-52,22,33
-53,22,31
-53,22,31
-53,21,31
-53,21,32
-54,21,31
-53,22,31
-53,22,31
-52,21,31
-52,21,31
-51,22,32
-51,22,32
-50,22,33
-51,22,33
-50,22,33
-50,22,33
-50,22,34
-50,22,34
-50,22,34
-51,21,33
-52,21,32
-53,22,31
-53,22,31
-53,22,30
-53,22,30
-53,22,29
-53,22,30
-52,22,30
-52,22,30
-54,23,29
-54,23,29
-52,23,29
-54,23,28
-54,23,27
-55,23,27
-55,23,28
-54,22,28
-54,22,27
-54,22,28
-55,22,28
-54,22,28
-55,22,28
-53,23,28
-54,22,27
-54,22,28
-55,21,28
-54,21,29
-54,22,28
-54,22,29
-54,21,28
-54,22,28
-54,21,28
-54,21,28
-54,22,28
-54,22,29
-53,22,29
-53,22,29
-53,22,29
-53,22,29
-54,22,29
-53,22,29
-53,22,29
-54,22,27
-55,22,27
-53,23,29
-53,23,28
-55,22,27
-54,22,27
-53,22,27
-55,23,26
-55,23,26
-54,23,27
-55,23,26
-55,23,26
-55,22,26
-55,23,26
-55,22,26
-55,22,26
-55,22,26
-56,23,25
-54,23,26
-55,23,26
-54,23,26
-55,23,26
-56,23,25
-55,23,25
-55,23,25
-55,23,25
-55,23,25
-56,23,25
-55,23,25
-55,23,25
-55,23,25
-55,23,25
-55,23,25
-55,23,25
-55,23,25
-55,23,25
-55,23,25
-55,23,25
-55,23,25
-55,23,25
-55,23,25
-54,24,25
-55,24,25
-55,24,25
-55,23,25
-55,24,25
-56,23,25
-56,23,25
-55,23,25
-55,23,25
-55,23,25
-55,23,25
-55,23,26
-55,23,26
-55,23,25
-54,23,25
-54,23,26
-55,23,26
-54,23,26
-55,23,25
-55,23,26
-55,23,26
-55,23,25
-55,23,26
-55,22,26
-56,23,25
-55,23,25
-55,23,25
-55,23,26
-55,23,26
-54,23,26
-55,23,26
-55,22,25
-55,22,25
-54,23,25
-55,23,26
-55,23,26
-55,23,26
-55,23,25
-55,23,25
-55,23,25
-55,23,26
-55,23,26
-56,23,25
-55,23,25
-55,23,25
-55,23,25
-56,23,25
-55,23,25
-55,23,25
-55,23,25
-55,23,25
-55,23,25
-55,23,25
-55,23,25
-55,23,25
-56,23,24
-56,23,25
-55,23,25
-55,23,25
-55,23,25
-56,23,25
-55,23,25
-55,23,25
-55,23,25
-55,23,25
-55,23,25
-56,23,24
-55,23,24
-55,23,25
-55,23,25
-55,23,25
-55,23,25
-55,23,24
-56,23,25
-55,23,25
-55,23,25
-55,23,25
-55,23,24
-55,23,24
-55,23,25
-55,23,25
-55,23,25
-55,23,25
-56,23,24
-56,23,25
-56,23,25
-55,23,24
-55,23,25
-55,23,25
-55,23,25
-56,23,24
-55,23,25
-55,23,25
-55,23,25
-55,23,25
-55,23,25
-55,23,25
-55,23,25
-55,23,25
-55,23,25
-55,23,26
-55,23,25
-55,23,25
-55,23,25
-55,22,25
-55,23,25
-55,22,25
-55,23,25
-54,23,26
-55,22,26
-55,23,25
-54,23,26
-54,23,26
-54,23,25
-55,23,25
-55,23,26
-55,23,26
-56,23,25
-56,23,25
-55,23,25
-55,23,25
-55,23,25
-55,23,25
-55,23,25
-55,23,25
-55,23,25
-55,23,25
-56,23,25
-55,23,25
-55,23,25
-55,23,25
-55,23,25
-55,23,26
-55,23,25
-55,23,25
-55,23,25
-55,23,25
-55,23,25
-55,23,25
-55,23,25
-55,23,25
-55,23,25
-54,23,25
-55,23,25
-55,23,25
-55,23,25
-56,23,25
-55,23,25
-55,23,25
-55,23,25
-55,23,25
-55,23,25
-56,23,25
-55,23,25
-55,23,25
-55,23,25
-55,23,25
-55,23,25
-55,23,25
-55,23,24
-55,23,25
-55,23,24
-56,23,24
-55,23,24
-56,23,25
-56,23,25
-56,23,24
-55,23,24
-55,23,25
-55,23,24
-56,23,24
-55,23,24
-56,23,24
-55,23,25
-56,23,24
-56,23,24
-56,23,25
-56,23,24
-55,23,24
-55,23,24
-56,23,24
-56,23,25
-55,23,25
-55,23,24
-55,23,24
-56,23,25
-55,23,24
-55,23,24
-55,23,24
-56,23,25
-55,24,24
-55,23,24
-55,23,24
-55,23,24
-55,23,24
-55,23,24
-55,23,24
-55,23,25
-56,23,24
-55,23,24
-55,23,24
-55,23,24
-55,23,25
-55,24,24
-56,23,24
-55,23,24
-55,23,24
-55,23,24
-55,23,24
-55,23,24
-55,23,24
-56,23,24
-55,23,25
-55,23,25
-55,24,24
-55,23,24
-56,23,25
-56,23,24
-55,23,24
-55,23,24
-55,23,24
-55,23,24
-56,23,24
-55,23,24
-55,24,25
-55,23,24
-55,23,24
-55,23,25
-55,23,25
-56,23,25
-55,23,25
-55,23,25
-55,23,25
-55,23,24
-55,23,24
-56,23,25
-56,23,24
-55,23,25
-55,23,25
-55,23,24
-55,23,25
-55,23,25
-55,23,25
-55,23,25
-55,23,25
-55,23,24
-55,23,25
-55,23,25
-55,23,25
-55,23,25
-55,23,25
-55,23,25
-55,23,25
-56,23,25
-55,23,25
-56,23,25
-55,23,24
-56,23,24
-56,23,24
-56,23,24
-55,23,25
-55,23,25
-55,23,25
-55,23,25
-55,23,25
-55,23,25
-55,23,25
-55,23,24
-56,23,24
-56,23,24
-55,23,24
-55,23,25
-55,23,24
-55,23,25
-56,23,24
-56,23,24
-56,23,24
-55,23,25
-55,23,25
-56,23,25
-56,23,24
-56,23,24
-56,23,25
-56,23,24
-55,23,25
-55,23,25
-56,23,25
-56,23,25
-55,22,25
-55,22,26
-55,22,25
-56,22,25
-55,22,25
-55,22,26
-54,22,26
-54,22,26
-55,21,26
-54,22,26
-55,22,25
-56,22,25
-56,22,25
-57,22,26
-56,22,25
-56,22,25
-55,22,24
-55,21,25
-55,21,25
-56,22,26
-56,22,26
-55,22,26
-55,22,25
-55,22,25
-55,21,26
-56,21,26
-56,21,26
-56,21,26
-55,20,27
-55,20,27
-55,21,26
-55,20,26
-55,20,26
-55,20,26
-55,21,27
-56,21,26
-56,21,26
-56,21,26
-55,20,26
-55,20,26
-55,20,26
-55,20,26
-56,20,26
-56,21,26
-56,21,25
-55,21,26
-55,19,28
-55,19,28
-55,18,29
-55,17,29
-55,16,29
-55,16,30
-55,16,30
-55,16,30
-55,16,29
-55,15,29
-57,16,29
-56,16,29
-55,15,30
-55,15,31
-54,15,30
-55,16,30
-55,16,30
-55,16,30
-56,16,30
-55,16,30
-56,15,29
-55,16,30
-55,16,30
-55,16,30
-55,15,29
-54,16,30
-54,16,31
-54,17,30
-54,17,29
-54,18,28
-54,19,28
-55,18,26
-57,18,24
-58,19,23
-58,19,20
-62,20,17
-62,21,16
-61,19,18
-59,19,19
-59,19,20
-58,19,19
-57,19,20
-58,19,20
-58,19,19
-59,19,19
-59,19,20
-59,19,19
-59,20,19
-59,19,19
-58,19,20
-58,19,21
-58,19,21
-59,18,20
-59,19,22
-59,18,22
-57,19,22
-58,17,21
-58,17,24
-60,18,18
-61,20,18
-59,20,20
-57,19,22
-58,20,21
-57,19,20
-58,20,21
-59,19,20
-58,19,20
-58,19,21
-58,19,21
-58,19,21
-58,19,21
-58,20,21
-58,19,21
-58,19,21
-58,20,21
-58,19,21
-59,20,20
-58,19,21
-58,19,21
-57,18,22
-58,18,22
-58,18,22
-57,18,21
-59,18,21
-59,18,21
-58,19,22
-57,19,22
-58,19,22
-58,19,22
-59,19,21
-58,19,22
-58,19,22
-58,19,22
-57,19,22
-58,19,22
-58,20,22
-58,19,22
-58,19,22
-58,19,22
-58,19,21
-59,19,21
-58,19,21
-58,19,22
-58,19,22
-58,19,21
-58,19,21
-58,19,21
-58,19,21
-58,19,21
-58,19,21
-58,20,21
-58,20,20
-58,21,20
-59,21,19
-59,20,19
-59,20,19
-59,20,19
-58,20,19
-59,21,19
-59,21,19
-57,22,19
-57,22,19
-58,22,19
-58,22,19
-58,22,20
-58,22,20
-57,22,21
-57,22,20
-57,22,20
-57,22,21
-57,22,21
-57,22,20
-58,22,21
-58,22,21
-58,22,21
-58,22,20
-57,22,20
-58,21,21
-57,22,21
-58,22,20
-57,22,21
-57,22,21
-57,22,21
-57,22,21
-58,22,21
-58,22,20
-58,22,20
-57,21,21
-58,22,21
-57,21,20
-57,22,20
-58,21,20
-58,21,20
-57,21,21
-58,21,20
-58,21,20
-58,21,20
-58,22,21
-58,21,21
-58,21,21
-58,21,21
-57,21,20
-57,21,21
-58,21,20
-58,21,20
-58,21,20
-58,21,20
-58,21,21
-58,21,21
-58,21,21
-58,21,21
-58,21,21
-58,21,21
-58,21,21
-58,21,21
-58,21,21
-58,20,21
-57,20,21
-57,20,21
-58,20,21
-58,21,21
-58,21,21
-58,21,21
-57,20,22
-57,20,21
-58,20,21
-58,20,21
-58,20,21
-58,20,20
-57,21,21
-57,21,21
-58,21,21
-58,20,21
-58,21,20
-58,20,20
-57,20,21
-57,20,20
-58,20,21
-58,21,21
-58,21,21
-58,21,21
-58,21,21
-58,21,20
-58,21,20
-58,21,20
-58,21,21
-58,21,20
-58,21,20
-58,21,20
-58,21,20
-58,21,20
-58,21,20
-58,21,20
-58,21,20
-58,21,21
-57,21,21
-57,21,21
-57,21,21
-58,21,21
-57,20,21
-58,20,21
-58,21,21
-59,21,20
-58,21,20
-58,21,21
-57,21,20
-57,21,20
-58,21,20
-58,21,20
-58,21,21
-58,21,21
-58,21,20
-57,21,21
-58,21,21
-58,21,21
-58,21,21
-58,21,21
-58,22,21
-57,22,21
-58,21,21
-58,21,21
-58,22,21
-57,21,21
-58,21,21
-58,21,21
-58,21,21
-58,21,20
-58,21,21
-58,21,21
-57,21,21
-58,21,21
-58,21,21
-58,21,21
-58,21,21
-57,21,22
-58,21,21
-58,21,22
-58,20,22
-57,20,22
-57,20,22
-58,20,22
-57,21,22
-57,20,22
-57,20,23
-57,20,23
-57,20,23
-57,20,23
-56,20,24
-56,20,23
-56,20,24
-57,20,24
-56,21,24
-57,21,24
-57,21,24
-57,20,24
-57,21,24
-56,21,24
-57,21,24
-57,21,24
-57,21,24
-56,21,24
-56,21,24
-56,21,25
-56,21,25
-56,21,25
-56,21,25
-56,22,25
-56,21,25
-56,21,25
-56,21,25
-56,21,25
-56,21,26
-56,21,25
-56,21,25
-55,21,26
-56,21,26
-56,21,26
-56,21,26
-56,22,26
-55,21,26
-55,21,26
-55,21,26
-55,21,26
-55,22,26
-55,21,26
-56,22,26
-56,22,26
-56,21,26
-56,21,26
-55,22,26
-55,22,26
-55,22,26
-55,22,26
-55,22,26
-55,22,26
-55,22,26
-55,22,26
-56,22,26
-55,22,26
-55,22,26
-55,22,26
-55,22,26
-55,22,26
-55,22,26
-55,22,26
-55,22,26
-55,22,26
-55,22,26
-55,22,26
-55,22,26
-55,22,26
-55,21,26
-55,21,26
-55,22,26
-55,22,26
-55,22,26
-55,22,26
-55,22,26
-56,22,26
-55,22,26
-55,22,26
-55,22,26
-55,21,26
-55,22,26
-55,22,26
-55,21,26
-55,21,26
-55,21,26
-55,21,26
-55,22,26
-55,21,26
-55,22,26
-55,21,26
-55,21,26
-55,21,27
-55,21,27
-55,21,26
-55,22,27
-55,22,26
-55,21,27
-55,21,27
-55,21,27
-55,21,26
-55,21,27
-55,21,27
-55,21,27
-55,21,27
-55,21,27
-55,21,26
-55,21,27
-55,21,27
-55,21,27
-55,21,26
-55,21,26
-55,21,27
-55,21,26
-56,22,26
-55,21,26
-55,21,26
-55,21,26
-56,21,26
-55,21,27
-55,22,26
-55,22,26
-55,22,26
-55,21,26
-55,22,26
-55,22,26
-56,21,26
-55,21,26
-55,21,26
-55,22,26
-55,22,26
-55,22,26
-55,21,26
-55,22,26
-55,21,26
-55,21,26
-55,22,26
-55,21,26
-56,22,26
-55,21,26
-55,22,26
-55,21,26
-55,21,26
-55,22,26
-55,22,26
-55,22,26
-56,22,26
-55,22,26
-56,22,26
-55,22,26
-55,22,26
-56,21,26
-55,21,26
-55,22,26
-55,22,26
-55,21,26
-55,21,26
-55,21,26
-55,21,26
-55,21,26
-55,22,26
-55,21,27
-56,21,26
-55,21,26
-56,21,26
-55,21,27
-55,21,26
-55,21,26
-55,22,26
-55,21,26
-55,21,27
-55,21,26
-55,21,26
-55,21,27
-55,21,27
-55,21,26
-55,21,27
-55,21,27
-55,21,26
-55,21,27
-55,21,27
-55,21,27
-54,21,27
-55,21,27
-55,21,27
-55,21,26
-55,21,26
-55,21,26
-56,21,26
-56,21,26
-55,21,26
-55,22,26
-55,22,26
-55,22,26
-55,22,26
-55,21,26
-55,22,26
-56,22,26
-56,22,26
-55,22,26
-56,22,26
-55,21,26
-55,21,26
-55,21,26
-55,22,26
-55,22,26
-55,22,26
-55,22,26
-56,22,26
-56,22,26
-55,22,26
-55,22,26
-55,22,26
-56,22,25
-55,22,26
-56,22,26
-55,22,26
-55,22,26
-55,22,26
-55,22,26
-55,22,26
-55,22,26
-55,22,26
-56,22,26
-55,22,26
-55,21,26
-55,22,25
-55,22,26
-56,22,26
-57,22,25
-56,22,26
-56,22,25
-55,22,26
-55,22,26
-55,22,26
-55,22,26
-55,22,26
-55,22,26
-55,21,26
-55,21,26
-56,22,26
-55,22,26
-55,22,26
-55,21,26
-55,21,26
-55,22,27
-55,22,27
-55,22,27
-55,22,27
-56,21,26
-58,22,26
-57,22,30
-57,22,32
-56,22,31
-56,24,29
-56,24,28
-53,26,30
-52,26,30
-52,27,29
-52,28,26
-53,27,22
-54,28,21
-47,28,23
-50,27,18
-55,27,15
-52,28,20
-52,29,21
-54,29,21
-53,29,21
-52,29,22
-52,29,22
-53,29,21
-54,30,20
-52,31,21
-52,30,21
-52,30,21
-51,30,23
-53,29,22
-54,28,20
-54,26,19
-54,24,16
-54,23,14
-58,23,16
-57,24,19
-60,23,19
-62,25,20
-59,27,18
-61,27,16
-59,25,18
-59,24,16
-59,24,15
-58,22,19
-60,22,19
-58,22,15
-59,22,12
-56,23,19
-56,22,20
-66,22,14
-64,22,12
-59,23,14
-68,24,10
-61,23,16
-63,19,18
-63,19,17
-60,20,20
-61,20,23
-59,22,28
-55,20,32
-56,20,34
-53,22,34
-53,23,34
-51,24,35
-45,23,42
-37,23,40
-36,23,41
-34,23,38
-24,22,40
7,23,52
8,24,52
11,26,53
11,28,53
-1,31,54
-11,31,52
-36,30,34
-51,30,11
-56,31,3
-60,31,-7
-61,31,-6
-58,27,6
-61,22,8
-74,18,10
-77,17,9
-59,1,28
-74,6,29
-63,2,28
-80,8,10
-63,3,5
-66,-5,6
-72,-4,6
-62,-2,17
-55,-4,22
-47,-13,32
-50,-15,38
-53,-23,49
-65,-28,48
-60,-26,44
-49,-23,44
-33,-22,47
-34,-9,48
-24,-12,59
-20,-12,61
-27,-13,56
-37,-8,52
-35,-11,51
-36,-14,48
-37,-13,47
-34,-11,53
-27,-7,54
-48,-4,42
-50,-10,40
-47,-5,43
-49,-6,34
-52,-5,39
-55,-3,35
-65,-8,24
-65,-4,21
-63,-2,19
-64,-6,17
-59,-6,23
-57,3,37
-71,10,30
-58,10,32
-39,3,43
-41,-17,43
-60,-11,35
-47,-7,48
-78,17,37
-38,7,49
-32,3,59
-37,-9,46
-15,-2,46
35,-12,70
8,6,69
11,-2,67
14,3,72
12,-2,66
11,1,67
16,-3,60
8,-6,59
15,-14,52
15,-8,61
12,-8,70
7,0,73
-9,0,67
-13,-1,64
-15,4,67
-13,5,66
-21,8,58
-37,12,48
-42,13,45
-48,16,40
-52,17,36
-56,16,28
-60,14,23
-70,14,18
-64,12,17
-64,17,14
-65,15,12
-60,14,13
-63,15,13
-65,14,12
-63,14,14
-60,14,16
-55,17,20
-53,17,20
-52,19,21
-52,20,20
-52,22,19
-52,22,19
-55,22,19
-57,22,18
-51,18,29
-56,19,25
-55,19,22
-60,20,18
-61,20,18
-59,22,18
-60,23,18
-61,22,19
-59,21,19
-58,20,19
-57,20,20
-58,19,21
-59,19,19
-59,18,18
-56,19,21
-58,20,20
-58,22,20
-57,22,21
-56,24,23
-54,24,24
-56,25,25
-58,25,23
-58,24,24
-58,23,24
-56,22,25
-54,22,26
-54,21,28
-52,20,30
-52,21,30
-50,23,31
-50,23,31
-51,24,30
-50,25,30
-53,26,28
-53,26,27
-52,27,27
-54,26,27
-52,26,27
-52,27,28
-51,27,27
-52,29,26
-53,30,25
-54,32,22
-55,32,20
-57,33,19
-56,33,20
-54,33,22
-55,34,23
-57,34,25
-59,33,26
-57,30,28
-48,29,31
-47,29,33
-39,28,36
-32,31,40
-22,31,46
-19,31,46
-10,29,51
-5,28,54
-1,24,61
3,22,68
-3,10,67
6,9,72
5,5,68
-4,10,62
-5,4,53
-14,-5,48
-27,-3,47
-39,-15,31
-86,-42,8
-87,-19,-23
-86,-7,-24
-78,-12,-15
-73,-10,-24
-95,-9,-45
-113,-7,-46
-112,-2,-45
-68,3,-17
-47,3,-8
-46,-2,-15
-76,-4,-24
-52,-17,0
-53,-17,4
-47,-10,-4
-63,-1,-21
-65,-3,-48
-83,6,-55
-60,19,-69
-54,19,-69
-47,24,-70
-39,17,-71
-43,15,-73
-38,12,-74
-15,4,-43
-15,15,-47
-41,8,-66
3,14,-10
-37,5,-24
-51,54,-25
-72,36,1
-68,25,14
-34,22,32
-23,22,28
-36,17,5
-45,8,1
-37,-11,28
-19,-27,54
30,-35,70
41,-38,82
28,-61,96
11,-55,84
-14,-32,59
-33,-28,62
-32,-21,61
-18,-16,54
-5,-23,62
8,-23,78
18,-16,83
-1,-19,75
-14,-17,69
-3,-2,71
2,3,68
0,6,63
-2,5,64
-8,4,68
-22,6,52
-31,8,44
-57,2,21
-70,-7,20
-96,-6,9
-101,-5,7
-68,-2,11
-63,-7,19
-59,-24,42
-58,-24,39
-64,-19,26
-67,-7,18
-74,0,7
-73,9,5
-67,12,7
-47,18,12
-40,25,15
-47,27,19
-46,25,18
-41,26,23
-44,24,26
-41,18,32
-42,16,34
-48,12,32
-44,10,39
-45,11,42
-54,8,34
-57,8,34
-37,7,47
-42,10,45
-48,6,43
-37,9,46
-47,15,44
-40,13,46
-19,16,65
-14,17,63
-13,12,63
-28,10,53
-24,9,44
-20,32,27
-14,33,24
-13,37,37
-12,32,47
-8,17,44
-28,21,37
-59,21,48
-57,8,47
-65,2,76
-74,-1,75
-70,0,57
-54,6,50
-51,8,50
-65,7,30
-73,8,24
-71,18,24
-67,18,20
-75,24,27
-64,24,25
-54,24,33
-39,28,44
-29,35,40
-23,37,41
-23,39,38
-31,46,23
-26,47,24
-29,49,20
-25,48,22
-16,51,24
-20,50,27
-23,48,34
-32,46,35
-15,45,36
-6,44,42
-18,49,35
-17,53,24
5,46,38
0,42,50
-24,47,40
-37,55,35
-32,57,36
-16,58,32
-16,59,29
-18,57,26
-14,48,36
-9,43,42
-9,42,44
-13,43,41
-14,51,39
-15,53,39
-16,57,40
-14,56,42
-3,55,45
-2,54,45
-2,52,39
4,46,43
10,35,47
7,32,49
11,32,49
24,32,48
18,33,41
8,30,49
5,35,45
12,37,49
6,37,50
8,40,52
9,42,49
14,39,51
15,36,56
12,35,53
17,37,48
22,35,50
21,29,52
19,29,49
23,29,48
33,27,52
25,27,45
19,28,38
31,21,48
40,20,52
33,23,40
33,21,38
42,12,44
48,13,34
46,14,28
56,6,31
65,6,36
47,6,20
52,1,20
75,0,30
57,2,24
39,2,23
62,-4,27
68,-10,14
56,-8,12
68,-12,20
71,-10,22
69,-8,23
59,-10,20
65,-7,23
45,-1,15
78,-4,33
63,-3,29
73,1,29
68,7,23
64,10,22
59,12,19
57,16,17
48,18,18
26,21,18
21,25,18
11,33,18
7,36,19
3,34,23
-2,29,28
-15,23,23
-22,21,24
-62,14,36
-79,8,36
-40,21,33
-55,16,35
-67,11,31
-69,15,25
-85,13,11
-110,9,1
-100,8,6
-81,11,13
-77,10,14
-69,10,17
-66,9,12
-81,-3,2
-86,0,0
-89,5,-21
-73,1,-25
-64,-1,-24
-60,-2,-18
-51,-3,-13
-48,-10,14
-54,-14,16
-71,-14,5
-62,-11,11
-54,-8,12
-59,-3,7
-47,-15,6
-55,-7,-4
-57,-6,-8
-56,-5,-40
-68,-4,-51
-53,1,-38
-50,4,-41
-59,10,-45
-55,11,-38
-49,13,-49
-51,17,-58
-43,18,-55
-37,19,-57
-30,19,-53
-32,31,-82
-20,39,-95
-22,38,-90
-21,28,-80
-18,34,-89
-17,29,-75
-4,37,-29
-12,57,-20
0,66,-48
5,69,-45
19,67,-32
23,65,-37
22,62,-40
23,47,-30
25,20,-25
-39,12,4
-46,43,19
-47,73,-13
-5,63,-19
51,55,-13
50,58,-7
30,39,-17
31,35,-26
16,36,-20
26,25,13
36,29,39
60,17,79
49,17,82
26,20,58
20,25,43
12,26,31
24,26,38
36,26,40
40,30,32
9,1,6
43,43,48
26,17,15
41,8,40
48,8,47
60,7,46
54,8,43
33,15,31
29,19,32
36,25,40
33,29,41
31,36,31
30,39,34
47,38,40
70,44,40
79,43,37
63,48,13
48,51,4
43,43,27
30,34,37
33,30,58
26,34,68
38,36,59
34,37,45
39,46,33
47,45,35
53,33,40
49,33,35
49,35,30
45,27,45
41,22,54
48,0,72
15,27,60
46,-33,44
55,-4,65
65,-11,66
63,-5,67
30,-5,51
22,-4,49
24,5,52
-7,6,26
-3,-2,34
36,-13,30
33,-2,18
-39,-5,13
-35,5,6
-38,17,16
-5,20,22
109,-54,88
46,-110,92
-53,-55,103
-24,-41,72
6,-39,78
-26,-73,127
73,6,127
19,-6,65
26,-9,57
13,-11,48
25,-15,63
28,-10,63
27,-11,59
23,-19,58
21,-15,60
18,-17,59
19,-19,60
21,-17,59
21,-13,60
24,-15,60
21,-15,53
19,-13,50
23,-17,58
27,-19,58
29,-23,53
23,-27,48
31,-22,56
42,-20,60
34,-21,39
46,-39,39
32,-28,61
47,-35,34
33,-38,15
5,-61,10
6,-68,18
31,-50,34
73,-25,43
14,-71,12
17,-43,32
34,-38,25
49,-40,18
44,-46,19
59,-53,25
67,-52,25
60,-50,15
48,-47,14
-2,-54,24
-2,-59,38
35,-40,27
41,-34,19
53,-46,19
57,-42,28
48,-39,32
48,-43,29
48,-37,23
50,-39,20
47,-43,18
43,-41,15
45,-38,16
45,-41,20
43,-40,20
43,-40,20
44,-38,24
47,-33,34
55,-29,29
62,-16,12
60,-17,6
48,-27,9
19,-53,30
27,-49,39
-50,-70,13
-50,-75,17
4,-87,56
6,-90,57
20,-82,57
16,-78,53
-7,-66,47
-30,-67,33
-35,-65,27
-30,-51,27
-28,-44,19
-31,-23,5
-35,-25,8
-48,-42,-16
-42,-33,-21
-47,-33,-16
-61,-36,-14
-51,-42,-4
-49,-30,-5
-100,-19,-15
-87,-14,-31
-82,-13,-35
-57,-12,-30
-52,-11,-33
-53,-16,-31
-50,-18,-28
-47,-13,-25
-47,-15,-24
-53,-18,-27
-58,-18,-28
-67,-15,-29
-67,-12,-27
-63,-7,-22
-62,-8,-27
-62,-7,-29
-61,-10,-25
-59,-13,-21
-59,-15,-19
-63,-16,-17
-69,-19,-12
-67,-19,-7
-67,-16,-1
-68,-16,-1
-67,-19,0
-61,-26,6
-59,-28,5
-51,-30,5
-50,-30,5
-56,-25,3
-51,-22,5
-49,-17,4
-47,-17,-1
-42,-8,-12
-44,-8,-18
-57,-15,-26
-63,-23,-24
-65,-28,-21
-59,-38,-4
-54,-59,16
-78,-62,23
-77,-45,7
-72,-41,-11
-71,-36,-18
-43,-27,-7
-56,-43,-5
-63,-35,-12
-64,-36,-8
-59,-36,-17
-36,-25,-25
-45,-29,-20
-44,-28,-16
-42,-35,-15
-48,-31,-18
-49,-36,-16
-44,-47,0
-48,-52,4
-53,-52,8
-53,-53,7
-55,-43,-3
-61,-45,-3
-54,-43,6
-54,-43,9
-54,-44,10
-59,-41,5
-53,-46,8
-45,-46,9
-39,-47,9
-36,-52,10
-40,-54,13
-51,-57,17
-58,-55,16
-50,-54,15
-36,-53,19
-24,-54,22
-23,-43,34
-32,-37,32
-42,-38,28
-41,-35,29
-39,-33,34
-42,-27,35
-43,-20,37
-41,-17,38
-42,-17,42
-42,-17,43
-41,-17,44
-38,-14,47
-37,-9,50
-49,-6,51
-46,-6,54
-30,0,57
-25,1,58
-32,9,60
-31,13,63
-27,11,55
-24,14,52
-27,18,48
-29,19,48
-29,22,48
-25,23,50
-20,22,52
-23,22,54
-24,21,57
-25,22,65
-22,24,66
-5,30,69
-5,29,64
-2,30,55
1,31,51
1,39,50
0,42,53
-2,44,54
2,41,57
0,35,59
1,27,58
-4,26,58
-5,26,49
-8,27,46
-7,33,47
-3,27,55
3,24,56
1,26,52
-4,32,52
16,35,51
10,35,46
4,40,39
7,43,42
24,45,51
28,40,45
19,50,54
18,49,48
9,55,36
-1,55,38
4,52,39
12,48,38
8,51,34
4,53,36
8,52,39
7,50,33
11,52,32
16,51,40
15,49,39
10,51,36
7,52,38
4,52,36
4,51,35
5,49,37
12,50,45
14,52,51
12,55,57
11,52,55
6,43,46
3,40,44
-1,35,47
0,33,46
6,34,42
9,36,44
17,38,51
16,41,51
10,43,45
13,39,43
15,38,42
17,39,45
17,40,46
21,39,46
23,39,45
24,41,41
25,41,39
25,43,40
25,43,41
27,45,42
27,47,42
29,48,39
28,49,37
28,50,36
24,50,35
22,49,34
21,47,31
20,46,29
20,47,27
21,46,28
22,47,29
21,48,28
21,50,27
22,51,25
23,52,26
23,53,28
23,55,29
22,57,30
19,56,31
16,55,33
15,55,34
18,56,33
21,57,34
28,53,38
27,53,39
22,51,40
15,44,35
14,42,33
17,39,30
20,38,31
25,42,33
27,46,35
30,50,37
29,51,37
25,49,36
25,46,35
25,43,34
27,45,35
28,46,40
31,46,38
30,46,35
25,45,30
25,43,27
29,44,28
30,44,28
31,45,30
32,45,27
33,47,29
33,49,30
34,48,30
32,48,29
30,46,29
29,45,31
28,44,32
27,44,35
25,45,35
25,45,35
24,45,35
21,45,34
20,45,32
17,46,31
17,46,35
20,42,41
23,43,47
20,43,50
18,43,50
19,43,48
19,44,45
17,43,44
18,42,43
19,42,42
19,42,41
18,41,41
17,42,43
17,41,44
15,41,44
13,42,43
13,42,43
13,43,42
11,44,42
10,44,44
8,44,46
8,44,49
7,44,49
6,46,47
4,47,48
8,46,44
7,47,46
6,47,45
8,47,44
8,47,43
8,46,43
8,45,44
10,44,44
10,43,44
11,44,42
11,43,41
13,42,40
13,42,40
15,42,40
12,44,42
10,42,44
14,41,48
14,41,50
13,41,50
12,41,50
12,39,49
12,38,47
13,39,46
14,39,46
16,40,46
12,43,46
13,45,45
14,50,43
15,51,42
15,50,40
16,50,40
11,51,43
11,48,40
15,47,41
18,46,40
16,49,37
17,49,39
19,49,37
20,47,36
19,46,37
21,49,38
22,46,37
20,43,35
23,42,36
24,38,31
29,36,31
24,35,35
21,37,35
14,40,38
11,40,44
-6,35,42
-44,28,37
-45,31,36
-73,34,2
-67,38,7
-75,34,-16
-70,41,-19
-56,35,-20
-61,35,-29
-59,36,-28
-58,32,-24
-59,28,-24
-61,27,-23
-57,26,-21
-52,26,-17
-56,26,-18
-51,26,-16
-50,27,-17
-49,30,-22
-51,29,-21
-52,30,-23
-47,28,-15
-54,28,-16
-59,27,-23
-57,30,-21
-54,29,-19
-55,29,-19
-53,27,-17
-49,27,-15
-55,23,-17
-63,22,-23
-56,21,-18
-57,20,-17
-61,20,-21
-63,20,-20
-58,21,-18
-59,23,-20
-60,22,-19
-58,23,-18
-57,23,-18
-58,24,-18
-59,24,-18
-59,24,-18
-58,24,-17
-57,22,-15
-57,23,-15
-58,23,-14
-60,24,-13
-60,24,-13
-59,24,-13
-60,25,-13
-58,23,-13
-57,23,-13
-56,23,-14
-55,23,-13
-57,24,-13
-58,22,-14
-55,23,-14
-52,22,-13
-52,22,-10
-51,22,-9
-50,24,-12
-60,24,-25
-60,27,-27
-62,28,-29
-53,25,-24
-63,22,-30
-57,27,-29
-60,24,-28
-53,25,-30
-52,27,-32
-52,27,-31
-57,25,-33
-53,21,-28
-55,22,-30
-57,27,-36
-51,26,-36
-48,27,-33
-44,27,-36
-45,24,-39
-42,21,-35
-39,15,-27
-41,16,-30
-42,21,-30
-43,23,-31
-44,19,-26
-45,22,-43
-45,21,-47
-44,21,-44
-44,20,-44
-52,21,-49
-50,20,-47
-45,17,-46
-49,16,-46
-53,11,-44
-54,10,-42
-48,4,-39
-48,1,-37
-53,-3,-33
-59,-5,-32
-58,-6,-27
-67,-12,-17
-61,-14,-13
-67,-3,-35
-62,-8,-29
-55,-13,-18
-57,-16,-25
-56,-15,-44
-50,-16,-35
-58,-15,-37
-67,-25,-31
-78,-29,-27
-70,-28,-21
-54,-23,-22
-39,-24,-18
-37,-30,-11
-44,-27,-9
-43,-28,-4
-51,-22,-4
-51,-24,0
-65,-21,6
-70,-44,-5
-56,-50,-2
-46,-41,-2
-50,-46,-6
-44,-33,-8
-61,-36,-6
-70,-30,-12
-54,-27,-2
-55,-36,-1
-51,-21,0
-37,-33,12
-49,-34,9
-55,-25,-7
-52,-24,-9
-51,-25,-12
-45,-28,-11
-44,-45,-4
-43,-71,-12
-50,-53,-9
-43,-70,-3
-46,-76,0
-41,-65,2
-40,-62,-5
-42,-59,-4
-37,-57,6
-36,-55,11
-39,-53,12
-43,-53,9
-43,-52,14
-41,-54,17
-43,-53,6
-44,-54,6
-39,-47,17
-36,-45,18
-43,-47,8
-41,-48,19
-49,-55,20
-57,-58,20
-50,-47,21
-50,-47,13
-40,-50,19
-47,-36,23
-49,-31,29
-30,-30,38
-19,-23,45
-27,-18,44
-31,-17,39
-31,-11,30
-38,-10,23
-73,-14,7
-81,-20,4
-74,-20,11
-64,-18,21
-64,-12,19
-69,-6,12
-70,-10,11
-64,-13,13
-62,-14,15
-60,-16,18
-63,-18,16
-65,-20,13
-63,-19,16
-64,-14,19
-67,-12,20
-68,-12,22
-62,-5,24
-64,-1,26
-66,-2,25
-64,0,26
-60,1,32
-56,3,33
-55,1,36
-52,1,37
-34,3,49
-16,4,59
-17,4,59
-15,4,61
-4,8,68
4,13,69
25,5,64
7,1,84
4,7,92
30,8,81
13,2,57
-11,10,43
29,19,67
18,21,62
-7,35,46
-13,36,29
-19,33,29
-14,37,31
3,37,48
-6,35,49
-13,40,46
-13,40,40
-11,42,36
-12,43,37
-11,43,41
-9,44,43
-6,42,47
-7,41,46
-5,44,47
-8,40,48
-5,41,49
-3,45,50
-6,44,49
-6,45,47
-6,45,47
-5,44,44
-4,44,45
-6,45,44
-8,45,47
-10,45,46
-10,48,44
-5,47,44
-6,48,46
-7,47,45
-5,43,45
-6,42,46
-6,42,47
-8,43,44
-7,42,46
-7,41,49
-8,41,50
-8,42,46
-5,42,47
-3,42,46
-9,41,47
-6,41,47
-6,42,47
-3,43,48
-3,43,48
-4,43,48
-7,43,46
-5,42,48
-3,45,46
-7,41,46
-6,42,45
-3,41,45
-12,38,50
-19,38,56
-9,41,47
-4,38,53
-10,34,54
-6,35,56
-12,39,52
-12,38,52
-12,36,56
-10,35,56
-10,33,54
-13,37,52
-15,35,50
-15,32,49
-14,33,48
-14,32,44
-14,30,45
-15,31,48
-15,32,48
-12,31,48
-12,30,51
-18,34,50
-19,29,50
-18,29,50
-5,29,55
-3,28,57
-17,26,58
-20,25,60
-23,22,64
-12,21,59
-2,21,77
27,30,73
-36,25,56
-18,30,33
-12,16,48
-22,11,59
-18,10,69
-21,3,89
-3,5,89
-8,10,56
-4,11,54
-22,1,64
-21,-4,75
1,12,66
-6,6,68
-9,-6,59
-14,-8,58
-12,-15,55
-13,-8,46
-18,-5,48
3,-19,91
21,-28,108
-15,-10,52
-4,-4,53
7,-4,58
11,0,59
18,2,67
21,4,70
23,5,72
12,3,68
8,1,64
-2,-1,65
-3,-2,67
3,-5,63
10,-5,61
9,-8,47
2,-5,41
-2,3,42
-3,11,36
-16,-2,0
-79,-82,93
-33,-128,127
-40,33,37
6,-62,56
15,-34,60
9,-32,61
-9,-22,59
-13,-21,57
-1,-27,59
-14,-27,63
-48,-73,63
-44,-77,65
-36,-45,81
-14,-18,66
-8,-11,64
-1,-11,70
10,-11,67
-1,-13,54
-6,-6,49
5,5,39
4,7,35
5,12,32
8,15,29
12,10,23
5,6,25
-23,-5,21
-16,-12,46
-31,-20,55
-21,-24,53
3,-30,52
-16,-44,58
-35,-52,46
-9,-83,38
6,-89,28
4,-102,15
34,-128,72
-27,-92,21
-27,-80,7
19,-54,-7
18,-76,-8
16,-80,-1
3,-71,5
8,-64,0
-4,-64,-12
-14,-63,-15
-5,-59,-12
1,-62,-8
-7,-69,-8
-5,-74,-5
14,-64,3
20,-68,1
23,-68,-10
37,-55,-3
26,-52,-9
13,-47,-22
1,-46,-16
13,-28,-11
34,-34,-3
-7,-26,-34
-11,-19,-49
-10,-29,-61
9,-39,-40
-6,-33,-48
6,-38,-54
-1,-39,-67
7,-39,-65
11,-40,-65
0,-37,-73
-15,-34,-79
-6,-36,-72
-4,-39,-71
-7,-41,-66
-8,-42,-65
1,-37,-61
4,-39,-60
1,-35,-56
4,-37,-53
6,-38,-54
6,-39,-62
4,-40,-64
6,-37,-60
-1,-39,-64
0,-38,-61
0,-40,-60
-10,-41,-59
-3,-42,-52
6,-43,-39
4,-36,-35
11,-39,-28
8,-42,-40
1,-44,-43
-1,-44,-43
-3,-45,-44
7,-50,-21
-2,-52,-18
-19,-51,-17
-13,-52,-16
-4,-55,-9
-3,-56,-10
-8,-61,-12
-9,-64,-18
-10,-64,-23
0,-63,-25
5,-64,-23
11,-65,-18
11,-65,-15
9,-64,-11
7,-66,-8
1,-66,-8
0,-67,-4
-2,-64,2
-3,-63,3
-8,-64,1
-8,-61,0
-8,-61,-1
-7,-60,-1
-8,-60,-1
-9,-62,-1
-7,-63,1
-2,-65,4
-2,-65,5
0,-66,7
-1,-66,6
-4,-66,5
-7,-66,3
-8,-66,2
-9,-66,0
-10,-65,0
-8,-65,1
-6,-66,4
3,-67,4
13,-68,4
-8,-66,-4
-14,-63,-5
-25,-60,-10
-32,-60,-7
-30,-59,-8
-19,-58,-6
-18,-59,-6
-20,-60,-6
-19,-62,-5
-12,-63,-1
-8,-64,0
-4,-67,1
-7,-68,0
-8,-70,-5
-10,-70,-13
-13,-68,-17
-13,-64,-23
-12,-64,-22
-2,-59,-19
1,-57,-18
5,-61,-10
-10,-69,-3
-8,-65,8
-17,-62,1
-12,-59,-6
-13,-59,-10
-15,-62,-16
-11,-59,-18
-2,-57,-19
6,-61,-19
2,-59,-18
-2,-65,-13
-2,-67,-12
-6,-66,-12
-8,-66,-12
-10,-63,-12
-12,-61,-13
-11,-60,-11
-10,-60,-10
-11,-61,-8
-9,-63,-7
-9,-70,-8
-11,-73,-12
-11,-74,-13
-13,-69,-15
-11,-67,-14
-7,-61,-13
-6,-59,-13
-5,-55,-14
-6,-55,-14
-7,-59,-10
-9,-60,-8
-10,-60,-7
-11,-60,-8
-11,-59,-9
-10,-60,-12
-7,-61,-14
-1,-64,-16
0,-64,-18
-1,-66,-18
-4,-68,-18
-5,-72,-18
-6,-72,-17
-8,-68,-14
-8,-62,-12
-10,-58,-8
-9,-56,-4
-10,-56,-3
-10,-57,-3
-11,-58,-4
-12,-64,-7
-14,-69,-9
-16,-76,-14
-17,-76,-15
-14,-69,-18
-12,-65,-19
-9,-57,-23
-2,-53,-22
4,-55,-16
0,-61,-8
-5,-64,-4
-8,-69,2
-10,-70,1
-10,-66,-4
-10,-63,-6
-8,-60,-8
-6,-58,-9
0,-57,-11
1,-59,-12
1,-63,-13
-3,-69,-12
-5,-70,-12
-9,-72,-13
-11,-72,-12
-13,-70,-10
-12,-67,-10
-7,-60,-8
-4,-58,-7
1,-58,-3
-3,-62,-2
-5,-61,-2
-10,-62,-4
-16,-64,-3
-17,-60,-6
-14,-58,-7
-6,-59,-6
-3,-62,-5
-1,-66,-5
1,-67,-4
2,-69,-1
1,-69,0
-8,-67,-3
-13,-65,-6
-20,-64,-8
-19,-64,-10
-16,-64,-11
-9,-64,-14
-4,-64,-14
6,-68,-10
1,-69,-10
-6,-70,-6
-9,-67,-5
-8,-62,-4
-6,-60,-3
1,-60,-1
-5,-61,-1
-18,-65,-3
-14,-66,-2
-11,-66,-3
-5,-64,-5
-3,-64,-6
0,-65,-4
4,-65,-3
0,-67,-4
-4,-67,-4
-3,-66,-1
1,-65,4
3,-64,3
3,-64,0
3,-64,-2
4,-63,-8
3,-62,-12
9,-67,-13
8,-60,-16
19,-57,-17
24,-59,-15
5,-59,-28
1,-63,-27
11,-64,-15
14,-64,-12
3,-67,-10
-5,-65,-10
-5,-60,-12
-2,-58,-14
-1,-58,-14
-5,-64,-18
-14,-65,-24
-1,-66,-18
5,-64,-16
5,-60,-14
2,-59,-15
-10,-53,-20
-16,-53,-21
-20,-59,-20
-15,-64,-18
-9,-65,-17
-4,-64,-13
-6,-61,-13
-11,-57,-14
-15,-56,-16
-16,-62,-17
-16,-64,-17
-14,-68,-15
-12,-69,-15
-8,-67,-14
-9,-67,-13
-10,-67,-12
-10,-65,-11
-10,-63,-9
-14,-62,-5
-15,-62,-5
-14,-61,-5
-13,-62,-7
-11,-60,-8
-11,-59,-8
-17,-60,-8
-19,-62,-8
-17,-65,-10
-4,-67,-6
5,-64,-3
11,-59,-3
3,-56,-7
-7,-57,-9
-9,-57,-11
-7,-61,-8
-5,-65,-7
-3,-69,-10
-1,-70,-11
5,-68,-11
5,-66,-11
1,-62,-9
-5,-60,-8
-8,-60,-7
-10,-61,-8
-11,-61,-9
-13,-62,-8
-13,-64,-8
-14,-69,-9
-14,-70,-10
-16,-68,-12
-19,-68,-12
-17,-68,-10
-6,-66,-5
-3,-65,-3
-3,-62,-3
-6,-61,-4
-12,-61,-7
-14,-61,-8
-18,-62,-10
-18,-63,-9
-15,-64,-5
-13,-65,-3
-10,-66,-2
-11,-66,-2
-13,-64,-2
-11,-62,-4
-10,-62,-4
-10,-61,-5
-10,-62,-6
-8,-65,-5
-5,-65,-5
4,-63,-1
4,-61,-1
1,-57,-2
-2,-56,-2
-8,-56,-5
-10,-60,-7
-10,-63,-8
-10,-68,-9
-8,-70,-8
1,-70,-7
4,-69,-6
4,-66,-6
1,-64,-7
-5,-63,-7
-7,-62,-7
-8,-61,-6
-8,-61,-6
-8,-60,-5
-10,-60,-3
-12,-61,-3
-14,-63,-6
-15,-64,-6
-16,-66,-4
-16,-66,-5
-13,-66,-3
-11,-66,-3
-12,-66,0
-12,-65,1
-10,-63,0
-11,-63,1
-11,-63,3
-13,-64,4
-14,-63,5
-15,-63,3
-15,-63,3
-13,-63,1
-13,-63,0
-12,-63,-1
-11,-64,0
-10,-65,0
-9,-65,1
-10,-65,4
-11,-65,4
-12,-65,4
-16,-64,3
-16,-63,3
-11,-61,4
-9,-59,3
-5,-60,5
-6,-61,5
-12,-63,5
-16,-66,3
-22,-70,1
-23,-70,1
-18,-69,4
-8,-65,6
-4,-63,3
4,-64,2
6,-62,-1
9,-65,2
6,-68,3
-3,-66,2
-5,-64,4
-6,-66,8
-10,-69,8
-19,-73,2
-23,-69,-6
-19,-65,-7
-10,-59,-4
-10,-58,-5
-9,-53,-4
-11,-52,-6
-18,-52,-12
-19,-56,-13
-14,-62,-12
-10,-66,-10
-5,-69,-10
-7,-68,-11
-7,-67,-12
-5,-68,-9
0,-69,-9
-7,-65,-17
-15,-63,-22
-7,-65,-12
-6,-65,-12
-8,-62,-10
-13,-61,-13
-24,-60,-15
-20,-61,-11
-15,-61,-10
-14,-62,-9
-12,-61,-10
-8,-61,-10
-12,-61,-15
-3,-57,-18
0,-57,-17
-2,-61,-18
-5,-63,-18
-11,-72,-14
-12,-74,-11
-17,-69,-8
-23,-66,-15
-27,-57,-29
-27,-60,-23
-16,-58,-23
-16,-51,-32
-17,-59,-27
-18,-58,-16
-10,-67,-9
0,-73,0
5,-76,5
13,-85,31
0,-82,25
-17,-80,14
-30,-74,7
-35,-59,1
-16,-46,0
-10,-38,-2
-7,-31,-2
-7,-37,-2
-5,-33,-6
-4,-31,-10
5,-44,-9
4,-44,-8
3,-36,-16
1,-39,-15
-5,-37,-18
-6,-37,-20
-22,-50,-24
-27,-64,-15
-11,-66,-11
-8,-80,-10
-15,-83,-10
-11,-76,-3
-8,-75,2
-9,-71,1
-18,-75,-6
-14,-82,-7
-12,-85,-3
-11,-87,-5
-9,-93,-11
-14,-96,-3
-8,-88,-1
-20,-84,-15
-38,-84,-30
-28,-74,-19
-15,-79,-15
-8,-70,-11
21,-76,-2
19,-88,-14
-41,-37,25
22,-67,-8
2,-71,21
-21,-64,-4
-33,-49,-4
-39,-46,-4
-39,-50,0
11,-47,39
-14,-56,13
-5,-71,15
-21,-75,5
-17,-69,16
17,-78,40
-9,-99,11
-11,-104,19
-4,-86,13
1,-109,11
-11,-103,-1
-38,-93,-10
-40,-92,-10
-41,-84,4
-44,-80,1
-33,-69,12
-36,-66,11
-42,-57,10
-33,-54,8
-33,-47,9
-33,-47,10
-25,-43,7
-22,-37,10
-21,-40,12
-17,-39,11
-18,-39,11
-23,-30,19
-26,-27,25
-27,-22,34
-28,-20,35
-33,-17,34
-39,-10,48
-29,-10,44
-40,-10,48
-43,-15,50
-35,-32,44
-35,-42,40
-27,-81,4
-28,-88,0
-16,-56,-25
-12,-45,-17
-9,-38,11
-3,-35,23
-10,-21,31
-31,-18,41
-18,-31,65
-17,-37,74
-25,-37,73
-55,-47,48
-58,-53,57
-42,-60,63
-33,-60,63
-26,-61,58
9,-30,84
6,-43,51
13,-46,58
-13,-42,37
19,-53,44
6,-69,35
4,-64,39
0,-64,45
-16,-55,22
-18,-54,21
-1,-64,26
-8,-60,21
-27,-57,16
-29,-56,18
-30,-52,19
-26,-47,18
-29,-38,24
-29,-37,30
-35,-40,31
-32,-48,43
-31,-47,55
-13,-47,64
-12,-49,66
13,-44,79
18,-44,81
16,-49,85
13,-52,90
-12,-61,90
-20,-66,92
-38,-68,79
-46,-31,65
-41,-5,64
-35,24,68
-33,33,69
-12,44,71
-6,47,71
5,52,70
2,52,64
17,53,42
21,50,28
21,45,11
18,39,-12
13,27,-15
19,27,-4
26,30,-13
18,20,-10
7,12,-4
8,12,7
13,22,11
14,49,-6
14,45,8
17,58,-3
17,53,-8
9,60,10
5,50,28
13,52,35
14,61,29
6,58,21
23,57,27
27,58,21
23,60,26
17,58,28
15,58,22
15,58,19
11,57,21
13,57,23
14,57,12
9,54,23
11,53,23
8,57,10
11,52,17
15,45,15
16,43,11
9,47,8
16,43,8
13,38,5
10,35,7
16,46,-7
20,45,1
15,34,12
18,45,-7
18,61,0
29,52,-2
27,43,-3
29,47,5
29,69,28
36,49,-4
9,28,2
9,57,76
23,68,52
17,54,20
22,47,9
18,41,15
2,78,115
11,41,55
-8,20,64
-4,23,66
-20,20,76
-20,27,69
-9,4,87
-29,-8,103
-58,-34,126
-34,0,101
-5,-51,106
-128,-128,-14
-33,-103,45
-11,-54,11
-15,-50,1
-12,-35,2
-12,-32,6
-13,-34,7
-24,-36,8
-38,-46,13
-34,-47,14
-28,-56,12
-8,-69,20
4,-73,25
10,-76,34
12,-76,32
7,-66,21
14,-65,23
4,-70,-4
-1,-70,-17
-20,-83,-48
-23,-91,-41
-28,-77,-27
-15,-113,31
-29,-55,20
-7,-54,1
-28,-55,-9
-6,-55,-17
-3,-53,-17
-12,-56,-14
-13,-58,-14
-13,-63,-12
-24,-61,-19
-26,-61,-8
-20,-62,-5
-26,-67,0
-24,-62,-10
-29,-61,-6
-59,-53,-32
-31,-49,-24
-39,-71,-1
7,-65,-2
-10,-47,-59
-11,-52,-68
-12,-60,-25
-5,-53,-22
4,-44,-59
7,-51,-39
2,-32,-59
-9,-51,-52
-19,-55,-45
25,-57,-3
21,-64,-6
-27,-59,-37
-38,-54,-22
-50,-51,-5
-44,-55,-12
-8,-49,12
-19,-64,-19
-26,-60,4
-31,-74,16
-43,-87,-2
-11,-85,-25
-20,-88,-42
-39,-65,-30
-20,-55,-32
14,-38,-22
2,-35,-17
-29,-39,-19
-20,-37,-13
-9,-42,-7
-17,-42,-4
-23,-52,-5
-20,-54,-10
-14,-54,-13
-10,-51,-12
-13,-51,-8
-33,-66,4
-28,-75,8
-37,-72,4
-46,-62,14
-51,-58,1
-24,-55,12
-47,-64,37
-75,-72,29
-108,-89,8
-70,-84,-1
-53,-73,-2
-56,-61,-26
-54,-58,-32
-47,-52,-39
-28,-44,-42
-21,-22,-38
-16,-17,-29
15,-12,-1
19,-2,18
-38,-35,37
-61,-44,30
-53,-40,29
-114,-46,25
-72,-37,28
-46,-48,41
-38,-42,48
-49,-35,28
-35,-37,31
-34,-47,61
-43,-48,57
-18,-28,21
4,-29,11
3,-23,-5
-11,-37,11
-2,-65,36
-22,-75,37
2,-75,46
2,-77,41
17,-62,39
20,-48,26
2,-49,25
-17,-52,44
-22,-43,49
-3,-43,46
5,-49,55
-17,-57,46
-28,-49,45
-24,-52,66
-7,-60,88
-49,-48,50
-52,-36,1
-32,-44,7
-14,-48,22
-15,-53,23
-4,-50,14
-2,-52,21
-6,-36,30
-9,-48,14
3,-22,28
1,-54,42
-11,-75,35
-12,-73,31
-5,-71,32
2,-69,30
-3,-66,35
-22,-84,21
-24,-100,33
-12,-85,24
1,-71,24
2,-69,18
4,-56,13
5,-60,23
-10,-50,27
-19,-43,27
-11,-43,29
-2,-44,31
9,-37,31
14,-41,33
29,-34,38
21,-39,44
24,-48,57
13,-64,53
6,-51,53
7,-31,52
11,-33,51
1,-44,63
-25,-59,61
-46,-33,46
-45,-29,37
-58,-29,26
-58,-44,29
-11,-43,45
-16,-43,45
-24,-39,48
-41,-26,39
-37,-16,32
-39,-9,22
-41,-9,20
-40,-8,11
-48,-7,4
-67,-1,-17
-66,1,-16
-69,8,-27
-84,11,-35
-83,10,-25
-71,14,-12
-75,15,-31
-66,12,-17
-48,9,-11
-49,7,-23
-53,7,-25
-53,11,-32
-45,12,-28
-40,18,-26
-42,21,-23
-49,25,-29
-51,25,-34
-52,27,-32
-51,30,-40
-48,28,-51
-44,25,-62
-42,22,-65
-42,11,-73
-42,9,-66
-39,7,-60
-37,7,-61
-31,8,-54
-34,7,-48
-33,7,-44
-36,7,-40
-33,13,-37
-46,17,-39
-54,20,-40
-65,12,-33
-75,9,-33
-69,14,-30
-57,10,-23
-62,8,-25
-54,7,-20
-70,8,-18
-70,6,-20
-66,5,-21
-67,0,-13
-49,-10,6
-46,-8,1
-50,-2,-5
-64,7,-29
-66,13,-29
-58,16,-22
-53,15,-19
-53,14,-13
-51,10,-3
-61,9,11
-72,11,11
-79,23,-2
-62,16,19
-64,15,16
-74,33,1
-92,39,-16
-86,25,-13
-76,16,-7
-68,13,-20
-57,13,-15
-59,8,-11
-52,9,-12
-47,4,-3
-46,2,0
-39,5,4
-47,9,-9
-59,13,-14
-63,15,-15
-63,13,-16
-70,5,-21
-78,6,-23
-70,6,-28
-67,6,-26
-64,4,-30
-67,1,-31
-59,-3,-28
-63,-7,-31
-63,-11,-42
-57,-12,-38
-54,-10,-40
-45,-9,-38
-43,-9,-37
-40,-6,-33
-42,-4,-32
-50,2,-33
-52,3,-34
-58,4,-37
-58,3,-30
-61,7,-29
-62,11,-28
-62,11,-23
-67,14,-20
-66,14,-26
-84,9,-48
-85,-5,-59
-71,-5,-48
-65,-6,-47
-53,-8,-46
-51,-7,-42
-42,-6,-33
-34,-7,-29
-32,-6,-24
-38,-5,-24
-44,-4,-26
-52,-5,-23
-53,-7,-19
-64,-13,-22
-70,-15,-23
-66,-17,-7
-67,-17,-3
-79,-17,-12
-87,-17,-15
-86,-17,-9
-79,-19,-7
-72,-20,-8
-58,-18,-6
-53,-18,-8
-48,-15,-9
-48,-11,-11
-50,-8,-7
-53,-7,-7
-59,-6,2
-62,-4,8
-64,3,8
-65,8,8
-63,15,3
-48,21,0
-31,24,-19
-32,15,-54
-43,4,-69
-57,-16,-87
-52,-18,-80
-53,-19,-67
-56,-24,-69
-32,-30,-40
-38,-44,-28
-53,-38,-34
-42,-31,-32
-18,-25,-28
-50,-16,-41
-48,-21,-44
-50,-23,-42
-50,-30,-28
-46,-38,-13
-48,-35,-15
-64,-42,-18
-71,-43,-25
-68,-47,-9
-60,-49,-29
-65,-62,4
-53,-61,15
-17,-56,33
-18,-47,14
-24,-42,8
-57,-47,7
-45,-40,8
-42,-36,14
-40,-35,15
-32,-31,20
-36,-27,25
-36,-26,34
-10,-24,47
-56,-29,42
-87,-22,35
-91,-22,32
-104,-48,33
-99,-59,33
-50,-50,18
-63,-43,8
-65,-45,3
-46,-41,14
-44,-42,13
-35,-30,18
-14,-23,28
-21,-20,25
-35,-11,16
-37,-1,13
-49,-2,10
-62,-9,9
-56,-12,15
-38,-20,22
-27,-21,26
-6,-28,29
-4,-33,24
-40,-58,11
-64,-80,11
-44,-77,26
-30,-80,21
-25,-86,17
-11,-85,6
-5,-81,8
-15,-72,20
-27,-69,20
-22,-60,9
-30,-61,1
-19,-69,14
-2,-81,21
-19,-81,22
-18,-79,24
-14,-66,13
-49,-60,7
-59,-59,3
-75,-53,-15
-77,-59,-27
0,-72,-30
5,-63,-27
-22,-39,-22
-31,-30,-19
-46,-32,-33
-38,-28,-34
-31,-34,-37
-32,-42,-35
-35,-45,-20
-12,-47,25
-21,-57,26
-33,-72,3
-35,-76,-14
-31,-80,-45
-37,-66,-52
-42,-64,-36
-46,-60,-32
-28,-62,-18
-26,-63,-14
-14,-42,-32
-4,-43,-22
-18,-37,-20
-10,-36,-15
-18,-40,-18
-33,-48,-13
-34,-51,-9
-33,-58,-7
-30,-62,-6
-23,-57,2
-27,-54,6
-37,-52,12
-39,-50,12
-55,-53,0
-54,-65,-1
-43,-71,-2
-54,-81,-9
-76,-74,-21
-33,-53,-32
-12,-46,-25
-34,-34,-17
-49,-32,-14
-41,-40,-5
-22,-44,0
-20,-47,-7
-29,-46,-8
-25,-42,-6
-28,-40,-10
-27,-43,-11
-41,-55,-16
-40,-57,-22
-29,-56,-28
-28,-55,-34
-26,-57,-40
-34,-58,-42
-37,-54,-47
-55,-41,-41
-48,-40,-48
-15,-54,-17
-28,-55,-2
-14,-69,-3
-12,-65,-8
-28,-53,-26
-37,-48,-26
-41,-42,-29
-41,-44,-25
-35,-43,-21
-33,-37,-20
-44,-34,-18
-44,-31,-28
-51,-26,-37
-58,-27,-60
-70,-39,-70
-61,-48,-76
-39,-55,-74
-22,-58,-44
-16,-50,-35
-7,-37,-27
-9,-34,-27
-3,-27,-45
-12,-25,-51
-19,-22,-56
-16,-31,-35
-11,-37,-27
-36,-38,-35
-38,-38,-44
-29,-46,-48
-25,-50,-47
-16,-46,-53
-13,-46,-55
-22,-47,-56
-25,-48,-58
-32,-44,-63
-33,-43,-62
-31,-46,-47
-24,-46,-13
-22,-52,-11
-22,-51,-17
-25,-49,-24
-21,-45,-33
-22,-40,-36
-20,-39,-37
-33,-36,-42
-32,-35,-36
-42,-30,-35
-60,-20,-40
-60,-21,-40
-50,-18,-44
-57,-25,-38
-61,-37,-42
-74,-61,-55
-64,-61,-61
-39,-62,-43
-25,-54,-31
-10,-35,-17
-19,-28,-20
-25,-23,-28
-24,-23,-29
-34,-24,-35
-38,-32,-39
-35,-36,-29
-43,-53,-9
-45,-60,-8
-54,-61,-20
-49,-54,-21
-46,-39,-23
-48,-39,-22
-50,-46,-12
-47,-48,-9
-51,-55,-20
-51,-54,-21
-48,-44,-28
-45,-56,-23
-29,-60,-18
-12,-65,1
-8,-66,4
-13,-62,5
-20,-59,1
-30,-49,-5
-28,-42,-6
-27,-38,-3
-38,-40,4
-48,-38,17
-50,-39,21
-57,-39,19
-58,-48,28
-65,-53,23
-52,-53,38
-34,-54,42
-47,-66,6
-48,-71,7
-26,-67,13
-4,-57,16
-4,-54,4
-9,-55,-1
-28,-64,-10
-41,-68,-9
-6,-45,20
-35,-51,20
-24,-46,7
-18,-58,2
-22,-65,14
-5,-64,15
11,-60,19
3,-81,5
2,-82,-3
10,-83,-11
5,-95,-17
-7,-96,-7
-21,-86,-6
-41,-72,-8
-15,-52,-20
-15,-52,-18
2,-47,-7
15,-43,-17
16,-49,-18
11,-47,-20
-12,-47,-29
-22,-47,-33
-34,-53,-31
-27,-52,-33
-41,-42,-43
-56,-35,-42
-56,-37,-46
-50,-46,-30
-44,-33,-43
-55,-44,-29
-40,-57,-22
-53,-51,-58
-60,-48,-87
-14,-68,-60
5,-71,-42
18,-54,-34
16,-41,-36
1,-38,-41
-10,-35,-43
-9,-36,-33
-28,-39,-34
-39,-39,-36
-16,-46,-16
-31,-45,-25
-29,-55,-18
-34,-58,-12
-11,-57,-19
-16,-50,-31
-18,-73,-43
-19,-66,-56
-9,-77,-53
-1,-76,-47
-3,-73,-42
20,-55,-29
15,-49,-29
0,-27,-44
16,-25,-44
13,-38,-37
1,-49,-34
-29,-61,-24
-41,-58,-26
-32,-49,-26
-31,-42,-26
-32,-39,-28
-24,-41,-29
-28,-43,-30
-36,-54,-49
-36,-57,-53
-36,-67,-43
-35,-71,-37
-30,-83,-43
5,-82,-38
25,-81,-30
16,-54,-39
16,-48,-36
21,-47,-21
41,-49,3
101,-69,-17
15,-78,-51
-68,-7,-57
-65,-14,-22
-31,-46,22
-26,-56,14
-19,-65,-44
-8,-86,-59
81,-119,-2
16,-99,-2
-5,-101,-12
-33,-93,-18
-33,-74,-12
-11,-58,-6
13,-52,-2
21,-47,-9
17,-49,-11
-6,-52,-9
-5,-55,-10
-5,-56,-4
-6,-57,1
-5,-59,5
6,-64,9
10,-64,12
-3,-62,14
-11,-62,15
-28,-71,16
-35,-72,14
-47,-74,12
-50,-75,12
-45,-90,14
-35,-101,11
-3,-93,17
-3,-89,16
-3,-102,15
-8,-105,7
-10,-100,5
-22,-88,-1
-30,-83,-6
-51,-68,-17
-64,-62,-17
-53,-55,-7
-48,-48,1
-59,-41,5
-46,-44,-3
5,-31,-10
2,-22,-9
13,-24,8
17,-16,18
9,-22,20
-23,-55,37
-27,-66,31
19,-69,20
31,-84,14
28,-107,18
18,-115,17
-10,-112,8
-25,-92,3
-28,-84,3
-28,-75,10
-28,-72,12
-26,-64,13
-24,-61,11
-23,-55,14
-25,-53,15
-36,-54,14
-42,-60,15
-54,-78,20
-57,-95,22
-35,-117,26
0,-88,32
2,-80,28
-9,-76,16
-13,-77,13
-30,-80,12
-44,-81,5
-42,-78,-1
-36,-75,7
-67,-62,8
-86,-57,4
-82,-48,8
-82,-43,12
-68,-44,15
-53,-32,22
-41,-25,27
-21,-12,34
-14,-3,38
-7,19,42
0,26,43
-7,16,41
-16,12,41
-13,11,42
-12,16,39
-13,22,33
-20,26,33
-19,32,40
-21,31,43
-19,31,44
-23,33,42
-27,38,43
-21,43,47
-17,42,54
-19,39,60
-17,43,58
-17,49,49
-12,50,49
-22,53,46
-34,70,30
-30,64,32
-31,52,31
-32,53,30
-29,46,35
-25,41,38
-24,32,39
-21,29,39
-18,36,33
-18,35,33
-25,34,39
-33,33,39
-34,31,40
-27,32,50
-20,37,54
-22,46,54
-37,54,47
-78,44,38
-76,32,38
-35,20,46
-30,16,44
-38,24,34
-42,27,29
-32,25,36
-27,23,44
-31,22,46
-31,23,47
-29,25,46
-23,29,49
-15,31,53
-20,23,51
-15,27,53
-5,39,63
-11,44,63
-53,60,52
-63,62,53
-49,56,46
-40,48,32
-28,41,33
-10,31,43
-7,29,43
-16,29,38
-21,27,36
-19,24,34
-20,25,33
-30,26,33
-31,25,33
-22,16,37
-24,15,40
-24,12,43
-10,4,37
-6,2,33
-43,-23,1
-67,-34,-10
-68,-49,-5
-67,-56,-2
-73,-67,-6
-75,-72,-10
-68,-79,-12
-58,-76,-7
-38,-71,7
-27,-73,13
-27,-75,14
-32,-74,17
-33,-73,19
-33,-72,21
-36,-68,20
-42,-65,19
-49,-69,19
-61,-82,23
-67,-97,21
-26,-110,11
0,-93,18
7,-83,16
-1,-99,4
-2,-96,4
-4,-78,5
-6,-71,4
-11,-58,1
-13,-54,-1
-19,-49,-3
-21,-49,-4
-19,-56,-5
-17,-58,-4
-12,-58,-2
-5,-62,0
-2,-63,0
-6,-60,3
-15,-59,7
-31,-49,23
-32,-46,26
-10,-55,25
6,-65,23
23,-77,21
24,-75,21
11,-70,22
3,-67,22
-12,-68,19
-24,-67,15
-26,-63,14
-18,-64,18
-15,-67,21
-17,-63,20
-21,-62,18
-32,-66,17
-40,-76,18
-52,-115,23
-33,-120,17
9,-87,17
9,-80,14
-2,-90,2
-7,-87,1
-9,-79,2
-12,-63,1
-12,-57,0
-11,-48,-2
-11,-45,-3
-16,-44,-3
-18,-45,-4
-17,-52,-3
-16,-55,-3
-11,-57,-2
-8,-59,-1
-10,-66,3
-18,-68,11
-21,-70,15
-18,-65,25
-10,-66,28
15,-77,30
25,-84,26
25,-82,19
26,-76,22
-2,-60,11
-19,-58,3
-24,-55,5
-29,-50,2
-29,-46,2
-28,-49,9
-30,-52,12
-34,-58,15
-35,-64,15
-38,-83,14
-38,-98,11
-29,-119,13
-9,-109,27
9,-79,30
1,-75,29
-18,-70,13
-24,-66,4
-19,-64,4
-14,-53,3
-11,-50,2
-4,-48,1
-3,-48,2
-17,-50,-2
-24,-47,14
-25,-53,3
-18,-56,-5
-1,-69,0
1,-78,2
-4,-81,4
-18,-80,14
-21,-74,19
-17,-57,27
-12,-54,27
6,-66,26
14,-72,24
15,-69,19
11,-63,16
-1,-54,11
-7,-52,9
-19,-54,4
-29,-54,1
-32,-52,3
-32,-51,8
-32,-53,12
-30,-57,16
-28,-61,16
-24,-71,15
-27,-83,18
-34,-123,21
-18,-118,19
5,-81,22
0,-79,18
-8,-86,1
-10,-81,1
-11,-74,4
-10,-59,5
-10,-54,5
-8,-49,2
-8,-46,1
-13,-47,0
-15,-51,-1
-13,-59,0
-11,-60,-1
-8,-66,-3
-7,-71,-5
-11,-71,-4
-29,-66,7
-43,-60,21
-39,-62,24
-16,-69,16
40,-71,19
50,-73,17
40,-64,14
34,-66,16
3,-61,9
-29,-56,-1
-43,-51,-8
-44,-47,0
-37,-44,8
-19,-46,18
-12,-48,21
-18,-64,23
-30,-80,22
-51,-118,20
-46,-128,15
-6,-95,15
2,-70,17
-5,-69,9
-10,-72,6
-16,-71,5
-17,-62,5
-16,-58,4
-13,-51,1
-11,-49,1
-11,-47,-1
-14,-48,-1
-18,-53,-1
-17,-57,-1
-14,-65,-1
-12,-68,1
-7,-79,2
-10,-82,9
-17,-79,13
-24,-65,25
-21,-65,27
6,-74,22
21,-75,18
29,-66,14
29,-62,16
5,-51,8
-9,-48,4
-26,-46,-4
-35,-45,-8
-35,-44,-4
-31,-48,6
-29,-50,10
-31,-54,14
-34,-60,16
-39,-78,16
-39,-90,15
-22,-118,10
1,-115,10
13,-91,14
6,-92,11
-5,-89,9
-12,-68,5
-14,-61,3
-16,-50,-1
-16,-46,-3
-16,-39,-2
-17,-38,-2
-16,-39,-1
-15,-43,-1
-13,-53,-1
-11,-58,0
-4,-66,1
-2,-70,1
-7,-75,2
-28,-79,11
-39,-78,20
-31,-68,25
-15,-64,22
19,-66,18
29,-71,16
23,-67,18
15,-62,17
6,-52,17
-2,-48,13
-20,-48,3
-21,-49,2
-28,-50,0
-27,-54,7
-25,-56,11
-28,-65,17
-37,-92,21
-33,-128,12
-18,-109,8
8,-62,16
9,-63,17
5,-75,11
3,-77,9
-5,-70,6
-14,-56,4
-16,-49,1
-16,-43,-1
-17,-42,-2
-24,-47,-4
-27,-50,-5
-24,-59,-7
-22,-59,-6
-15,-69,-4
-10,-83,1
-15,-81,7
-27,-73,19
-41,-66,29
3,-85,16
24,-90,12
40,-78,12
39,-64,15
26,-41,20
17,-36,19
-5,-33,9
-14,-33,6
-27,-36,2
-28,-38,2
-20,-49,9
-20,-64,18
-23,-74,20
-24,-84,21
-21,-88,20
-18,-111,21
-14,-128,22
4,-106,22
3,-80,20
-12,-67,14
-19,-71,12
-23,-77,2
-22,-71,-1
-18,-59,-1
-14,-55,3
-12,-53,3
-13,-48,1
-15,-48,0
-17,-54,-1
-16,-59,-1
-11,-60,-1
-8,-59,0
-4,-70,0
-4,-70,1
-18,-73,8
-29,-69,20
-28,-63,29
17,-68,25
33,-69,21
35,-71,13
29,-66,13
12,-57,14
10,-56,16
-14,-51,3
-24,-48,-3
-39,-47,-7
-39,-49,-1
-27,-50,9
-23,-53,12
-26,-64,17
-48,-100,23
-54,-123,20
-10,-127,10
10,-95,15
7,-79,12
2,-79,9
-7,-78,6
-10,-75,5
-15,-62,2
-16,-55,1
-17,-47,-2
-16,-44,-2
-15,-44,-3
-15,-48,-2
-16,-52,-2
-13,-58,-1
-11,-60,0
-5,-72,1
-3,-77,1
-10,-78,4
-20,-76,9
-34,-64,27
-29,-66,22
7,-72,20
28,-73,15
30,-69,14
19,-61,14
12,-58,15
-17,-51,4
-17,-49,4
-30,-46,-2
-32,-45,-1
-33,-47,6
-30,-51,10
-26,-59,14
-24,-67,15
-27,-89,18
-30,-119,19
-18,-125,18
6,-84,18
3,-76,15
-6,-78,6
-8,-79,3
-10,-72,4
-11,-66,4
-11,-52,2
-11,-47,1
-11,-41,-1
-16,-43,-3
-18,-45,-4
-17,-57,-4
-17,-59,-4
-13,-63,-2
-11,-68,0
-12,-79,6
-16,-80,11
-30,-73,31
-22,-68,32
15,-63,30
30,-68,26
33,-73,13
15,-65,9
5,-59,11
-10,-48,12
-16,-43,9
-24,-41,2
-28,-41,0
-29,-43,0
-26,-45,3
-23,-49,7
-26,-54,9
-37,-59,13
-45,-68,15
-39,-70,14
-45,-98,19
-55,-128,22
4,-128,6
16,-123,13
3,-108,-1
1,-108,-8
-4,-103,-4
-8,-96,-2
-12,-74,-4
-11,-68,-7
-8,-59,-10
-12,-55,-12
-15,-57,-14
-17,-61,-16
-15,-59,-15
-14,-60,-15
-13,-59,-14
-11,-65,-4
-22,-67,12
-39,-71,21
-24,-79,9
28,-63,15
48,-64,21
52,-72,19
25,-70,14
9,-66,12
-19,-69,5
-30,-72,3
-40,-77,1
-35,-76,5
-23,-81,13
-25,-80,18
-42,-73,13
-48,-72,11
-55,-82,11
-56,-88,13
-47,-109,12
-8,-92,12
-2,-86,15
-8,-89,8
-10,-91,2
-12,-89,-2
-11,-84,-4
-10,-71,-4
-10,-67,-5
-12,-60,-4
-13,-58,-4
-15,-57,-5
-13,-60,-4
-12,-61,-3
-9,-66,-2
-7,-70,-2
-5,-66,-1
-10,-66,2
-30,-58,22
-28,-53,26
-10,-46,28
0,-52,30
9,-69,28
14,-70,29
9,-60,27
4,-56,24
2,-62,24
-33,-65,10
-33,-64,10
-22,-61,19
-19,-64,22
-20,-66,28
-24,-67,26
-28,-74,20
-31,-79,18
-38,-93,23
-29,-106,22
-12,-92,18
-3,-78,11
-6,-80,7
-9,-78,1
-9,-75,1
-10,-64,0
-10,-59,-1
-11,-49,-3
-12,-46,-4
-17,-44,-6
-20,-46,-6
-20,-50,-6
-17,-58,-3
-14,-62,-1
-6,-70,3
-4,-74,6
-5,-80,12
-9,-81,16
-14,-76,25
-10,-73,26
7,-72,23
16,-70,20
24,-71,16
11,-67,15
-1,-61,11
-29,-54,4
-32,-56,7
-38,-62,17
-41,-60,15
-46,-50,12
-64,-40,6
-90,-26,4
-84,-21,8
-72,-30,4
-86,-40,-4
-118,-57,-9
-113,-66,-15
-106,-63,-16
-108,-57,-25
-104,-53,-27
-79,-49,-20
-57,-46,-16
-34,-25,-8
-24,-13,-4
-16,18,-3
-24,23,4
-29,1,12
-3,-11,24
20,-6,55
1,-3,61
-16,-2,55
-22,-12,58
-22,-8,61
-26,17,68
-33,20,68
-67,11,48
-61,14,41
-48,17,33
-35,16,35
-20,22,35
-41,22,31
-36,28,40
-47,26,33
-40,26,37
-22,28,46
-19,31,46
-28,34,48
-41,31,45
-42,31,55
-30,34,63
-32,39,59
-39,42,54
-43,53,56
-43,54,41
-38,50,30
-30,46,27
-32,38,29
-22,25,34
-10,27,36
-10,29,40
-23,28,37
-27,26,35
-20,25,39
-9,29,48
-24,23,49
-44,17,41
-45,1,52
-37,0,53
-25,-4,45
-31,-10,37
-69,-12,7
-72,-9,0
-99,-20,-13
-100,-12,-10
-83,-13,-5
-80,-9,-6
-75,-11,-5
-58,-7,4
-52,-4,6
-69,1,-2
-74,4,-1
-84,4,10
-76,3,19
-41,7,53
-56,-1,45
-74,-9,21
-80,-4,18
-73,-2,24
-75,-3,33
-94,-20,26
-102,-35,29
-88,-11,18
-41,-23,17
-28,-24,15
-38,-27,-7
-50,-26,-2
-28,-24,16
-24,-26,22
-39,-29,45
-21,-21,35
-23,-26,30
-43,-42,37
-48,-48,43
-30,-50,50
-20,-50,47
-47,-60,44
-61,-62,43
-47,-75,43
-22,-72,37
3,-71,28
5,-72,25
-21,-62,45
-23,-59,46
-37,-43,39
-44,-38,35
-29,-26,34
-8,-31,52
6,-31,63
-1,-28,61
17,-25,71
-15,-19,60
-20,-14,65
-36,2,47
-37,12,33
-73,9,-16
-86,6,-29
-86,5,-40
-76,3,-44
-67,1,-39
-48,4,-30
-36,6,-23
-35,13,-9
-45,17,-15
-61,20,-34
-62,19,-34
-50,19,-36
-43,18,-39
-37,14,-37
-46,11,-33
-53,12,-35
-56,13,-41
-62,14,-41
-83,14,-37
-83,10,-32
-72,0,-28
-69,-1,-26
-64,-3,-21
-59,-3,-17
-56,2,-19
-57,4,-19
-51,2,-12
-43,6,-5
-48,7,-8
-56,8,0
-54,6,8
-70,8,5
-77,13,3
-73,17,5
-67,18,4
-66,21,-4
-64,24,-6
-80,23,-13
-98,19,-27
-88,16,-49
-58,7,-28
-51,5,-19
-50,-1,-14
-44,-1,-12
-42,-1,-4
-46,2,-4
-51,2,-13
-54,5,-15
-54,15,-13
-60,15,-14
-71,1,-14
-75,-5,-14
-79,-15,-11
-78,-22,-8
-80,-27,-13
-95,-22,-39
-94,-24,-41
-74,-25,-29
-62,-26,-22
-53,-26,-15
-53,-23,-18
-50,-15,-22
-47,-11,-20
-44,-5,-13
-51,-1,-11
-52,1,-9
-49,6,2
-49,5,8
-58,6,11
-63,7,9
-72,9,8
-72,12,10
-71,14,10
-72,11,7
-72,12,1
-77,13,1
-88,11,-10
-69,9,-17
-63,9,-20
-46,10,-25
-35,8,-26
-44,10,-43
-51,12,-47
-53,2,-35
-48,4,-32
-42,4,-31
-50,5,-34
-58,1,-32
-64,-3,-25
-64,-3,-24
-71,-1,-30
-70,0,-33
-69,1,-34
-72,4,-44
-67,-7,-53
-66,-11,-53
-65,-21,-47
-68,-19,-41
-65,-27,-30
-57,-29,-28
-35,-18,-24
-32,-15,-23
-31,-11,-23
-37,-6,-29
-40,-1,-35
-48,9,-37
-50,10,-38
-59,13,-32
-65,14,-28
-76,14,-22
-79,15,-20
-54,2,6
-72,3,-2
-93,4,-33
-100,3,-43
-97,-4,-51
-56,-18,-50
-35,-20,-45
-20,-15,-24
-9,-21,-7
-63,-42,-37
-91,-39,-55
-49,-35,-34
-31,-34,-26
-35,-31,-17
-12,-19,-7
-5,-23,10
-73,-47,-6
-81,-50,-11
-78,-58,-26
-76,-52,-26
-50,-53,-18
-43,-56,-29
-80,-63,-52
-54,-48,-32
-30,-49,16
-38,-55,4
-8,-53,17
-12,-56,-10
-24,-51,-19
-36,-52,-19
-29,-48,-14
-45,-60,-3
-47,-60,-4
-31,-35,23
-39,-37,23
-52,-41,14
-59,-43,10
-31,-31,28
-66,-37,6
-82,-35,6
-64,-44,3
-75,-59,7
-59,-75,0
-38,-70,-5
-20,-52,-11
-32,-50,-26
-29,-44,-26
-27,-43,-25
-34,-42,-14
-32,-45,0
-29,-42,-7
-28,-46,-10
-34,-50,-9
-40,-58,-4
-42,-60,4
-51,-58,13
-54,-59,11
-47,-63,3
-40,-63,1
-48,-72,-2
-59,-73,-4
-54,-69,-5
-46,-66,-3
-20,-62,-6
-6,-53,-9
-5,-48,-13
-7,-46,-14
-11,-45,-14
-29,-47,-3
-27,-53,3
-44,-53,3
-45,-51,5
-39,-41,24
-44,-40,31
-44,-25,26
-38,-27,30
-35,-33,34
-38,-32,37
-54,-39,35
-80,-56,20
-82,-68,22
-62,-78,9
-54,-71,-7
-51,-52,-19
-47,-49,-20
-29,-37,-18
-33,-39,-18
-36,-32,-10
-30,-24,-4
-31,-19,-5
-43,-13,-18
-48,-13,-20
-44,-29,-18
-59,-42,-16
-56,-52,12
-65,-55,14
-49,-51,18
-52,-56,27
-70,-64,10
-71,-64,8
-57,-66,7
-27,-60,9
-10,-57,9
-10,-61,19
-23,-61,17
-28,-55,19
-27,-58,22
-43,-65,29
-58,-52,22
-46,-43,10
-54,-31,-15
-26,-12,-18
-30,-4,-9
-44,-5,-6
-56,-9,2
-55,-8,8
-55,-13,17
-51,-16,19
-58,-22,19
-58,-26,24
-79,-42,44
-89,-47,31
-57,-37,12
-32,-33,19
-56,-39,13
-77,-33,-1
-71,-32,-5
-48,-35,-1
-40,-34,2
-50,-45,0
-47,-48,2
-49,-54,8
-45,-56,16
-57,-61,10
-68,-56,3
-58,-40,0
-45,-32,4
-36,-30,11
-35,-28,15
-37,-27,14
-46,-26,7
-48,-25,3
-47,-24,-2
-43,-26,2
-41,-32,12
-44,-36,19
-51,-43,31
-54,-44,32
-53,-42,21
-45,-51,23
-46,-54,20
-50,-56,22
-56,-58,21
-72,-63,19
-76,-64,16
-74,-63,8
-57,-58,5
-22,-49,2
-12,-46,8
-17,-44,10
-24,-42,13
-34,-43,20
-38,-44,19
-43,-44,10
-74,-33,-5
-66,-34,1
-52,-28,21
-45,-26,29
-35,-19,43
-39,-17,45
-58,-13,43
-69,-9,39
-111,-4,26
-109,-11,21
-70,-11,16
-45,-7,13
-36,-3,12
-49,6,6
-68,3,-2
-62,5,-2
-53,7,2
-40,5,9
-40,3,11
-47,4,10
-52,2,11
-56,1,12
-48,-5,26
-37,-10,32
-20,-26,26
-15,-40,21
-16,-75,10
-24,-92,12
-39,-99,22
-45,-99,23
-19,-99,13
-8,-97,7
2,-91,5
1,-89,6
-10,-76,10
-24,-56,6
-30,-49,4
-45,-47,4
-48,-50,5
-37,-46,9
-31,-46,13
-22,-52,26
-18,-55,28
-17,-67,24
-22,-77,23
-33,-94,23
-25,-105,15
-14,-94,12
-8,-84,7
-10,-85,4
-9,-87,1
-7,-82,2
-6,-66,0
-6,-62,-2
-9,-60,-3
-11,-58,-3
-17,-56,-6
-18,-56,-6
-18,-55,-3
-15,-67,-3
-11,-72,-4
-3,-75,-4
-6,-70,0
-25,-61,16
-30,-56,21
-14,-59,22
1,-67,27
25,-71,28
32,-70,24
25,-64,23
15,-63,24
-12,-58,27
-26,-56,22
-25,-53,18
-15,-47,16
-11,-51,15
-15,-59,19
-22,-61,19
-38,-72,13
-48,-85,15
-55,-107,15
-46,-111,13
-14,-76,8
-8,-67,6
-8,-73,3
-10,-70,6
-10,-66,6
-11,-58,2
-11,-56,1
-14,-53,0
-14,-52,-1
-17,-54,-4
-16,-53,-3
-16,-60,-3
-14,-62,-1
-14,-68,0
-14,-76,3
-14,-77,5
-20,-72,15
-23,-65,22
-19,-62,29
-9,-67,28
7,-75,18
12,-74,13
13,-62,14
10,-56,16
-3,-47,19
-12,-46,16
-24,-48,10
-29,-51,7
-27,-50,8
-30,-54,15
-36,-57,17
-43,-67,11
-42,-71,10
-35,-81,12
-36,-89,14
-35,-101,11
-29,-92,10
-16,-67,2
-14,-62,-4
-15,-60,-5
-23,-53,-5
-27,-53,-7
-25,-53,-11
-22,-53,-11
-19,-53,-10
-20,-55,-9
-25,-57,-12
-27,-56,-12
-28,-63,-10
-25,-72,-10
-22,-86,-8
-18,-82,2
-19,-76,9
-21,-60,21
-17,-53,23
1,-62,22
8,-64,19
15,-62,15
15,-57,16
12,-48,22
8,-50,24
-13,-51,21
-28,-51,14
-35,-52,4
-33,-50,3
-31,-49,9
-19,-53,16
-9,-58,19
1,-67,19
1,-73,18
-16,-94,20
-30,-105,24
-35,-103,20
-28,-90,13
-20,-79,4
-11,-84,1
-7,-77,2
-6,-60,3
-6,-56,2
-10,-52,-1
-13,-49,-2
-19,-50,-6
-22,-52,-6
-22,-58,-6
-19,-64,-7
-10,-65,-3
-6,-67,1
-2,-77,5
-12,-70,9
-20,-65,14
-22,-57,26
-9,-61,29
17,-71,28
22,-72,23
20,-67,14
17,-63,14
-1,-57,14
-15,-54,15
-27,-53,16
-28,-52,10
-24,-51,10
-15,-52,15
-10,-57,18
-7,-63,21
-9,-65,19
-16,-71,16
-21,-77,17
-37,-95,27
-41,-105,27
-16,-83,15
-7,-74,12
-9,-73,5
-12,-78,1
-12,-78,2
-12,-63,5
-11,-58,4
-10,-53,-1
-11,-51,-3
-15,-50,-5
-18,-51,-5
-18,-58,-3
-17,-60,-3
-9,-62,1
-7,-65,3
-5,-72,8
-7,-77,10
-10,-78,14
-16,-77,26
-13,-72,31
10,-72,31
19,-73,26
17,-74,9
12,-71,6
-2,-63,3
-7,-57,6
-16,-48,2
-20,-47,-1
-29,-47,-7
-36,-47,-7
-36,-46,-5
-32,-50,3
-32,-55,7
-27,-66,11
-21,-70,12
-12,-76,15
-13,-84,17
-27,-114,27
-19,-106,27
1,-75,18
0,-83,10
-1,-86,6
-2,-75,5
-5,-66,6
-9,-60,7
-10,-56,4
-9,-51,-1
-11,-50,-3
-17,-53,-6
-19,-54,-7
-18,-57,-7
-16,-59,-6
-12,-62,-2
-13,-73,-2
-15,-72,-2
-22,-69,4
-29,-64,12
-29,-62,25
-12,-70,24
26,-79,25
36,-76,21
34,-65,16
28,-62,19
2,-55,18
-22,-51,19
-29,-52,16
-25,-54,13
-17,-52,13
-1,-45,22
5,-47,25
2,-55,22
-5,-61,19
-25,-78,10
-37,-86,10
-53,-99,15
-47,-99,17
-23,-76,18
-12,-59,9
-11,-63,6
-10,-70,6
-10,-69,9
-14,-54,13
-15,-48,12
-13,-46,5
-12,-47,3
-16,-54,3
-17,-60,3
-16,-65,2
-13,-68,2
-6,-76,4
1,-77,8
0,-77,8
-6,-77,8
-9,-76,10
-15,-70,13
-15,-63,17
-9,-61,19
-4,-61,17
4,-62,10
3,-60,8
-2,-58,6
-7,-53,5
-11,-51,5
-22,-50,8
-25,-49,8
-28,-49,11
-27,-50,14
-19,-55,20
-12,-55,23
-6,-61,28
-10,-66,26
-32,-79,22
-44,-89,23
-47,-106,21
-11,-82,14
-4,-71,11
-7,-76,4
-8,-78,5
-9,-68,9
-10,-64,8
-14,-52,4
-14,-49,1
-13,-45,-2
-14,-44,-3
-17,-51,-3
-17,-57,-1
-17,-61,-1
-12,-68,1
-7,-71,2
-3,-81,6
-6,-81,7
-19,-79,17
-21,-74,23
-7,-68,22
5,-67,25
19,-72,22
17,-71,19
6,-67,13
-1,-62,12
-12,-53,7
-21,-52,4
-26,-49,4
-35,-44,10
-32,-41,12
-23,-44,14
-18,-46,17
-13,-54,21
-20,-66,21
-43,-95,22
-46,-108,22
-33,-93,27
-1,-72,33
-1,-72,34
-12,-69,25
-18,-65,19
-27,-57,12
-27,-52,10
-24,-46,10
-24,-43,10
-28,-42,12
-32,-43,12
-33,-47,13
-31,-49,14
-25,-52,16
-23,-53,18
-22,-55,18
-21,-52,24
-25,-52,30
-42,-64,44
-36,-68,49
0,-69,67
13,-66,73
-9,-60,51
-23,-54,35
-31,-31,21
-32,-15,18
-42,-15,16
-50,-21,19
-47,-22,21
-31,-16,24
-28,-11,30
-17,-6,46
-11,-4,42
-19,-2,37
-56,-16,40
-128,-72,44
-128,-85,55
-70,-47,56
-46,-23,34
-34,-18,31
-21,-14,26
-18,-12,24
-30,-11,17
-36,-14,17
-45,-18,25
-50,-19,27
-57,-20,27
-56,-20,27
-49,-24,28
-45,-26,30
-39,-27,34
-37,-32,36
-43,-37,35
-39,-42,34
-43,-49,35
-37,-58,37
-27,-57,37
-3,-52,41
6,-51,39
4,-50,27
0,-50,21
-13,-54,16
-32,-60,14
-37,-58,15
-35,-54,21
-30,-51,22
-18,-47,25
-14,-48,28
-15,-49,31
-18,-51,30
-33,-64,31
-45,-77,32
-50,-104,28
-43,-103,29
-9,-76,33
0,-64,28
-4,-61,24
-14,-58,17
-19,-56,13
-21,-53,6
-20,-52,5
-13,-55,4
-12,-54,6
-16,-56,5
-19,-58,4
-21,-62,4
-17,-66,5
-16,-68,6
-12,-73,7
-10,-74,7
-13,-71,9
-17,-69,11
-18,-62,19
-18,-58,24
-8,-61,25
6,-62,21
9,-61,19
8,-58,17
1,-52,15
-10,-48,12
-15,-48,11
-26,-56,9
-29,-60,9
-24,-60,11
-19,-58,15
-6,-59,25
1,-60,28
8,-64,27
6,-65,24
-4,-69,19
-12,-73,19
-36,-99,24
-32,-92,18
-23,-76,15
-9,-64,11
-9,-66,8
-12,-66,7
-14,-66,7
-18,-58,5
-17,-54,4
-13,-55,0
-13,-54,0
-17,-53,-2
-20,-55,-4
-23,-57,-3
-18,-60,0
-16,-63,2
-11,-70,6
-9,-74,8
-4,-73,11
-4,-74,16
-5,-78,27
-2,-79,32
9,-69,34
14,-66,30
15,-67,19
7,-66,9
2,-65,6
-9,-60,3
-13,-55,2
-18,-46,-1
-20,-44,-2
-29,-45,-2
-34,-47,0
-36,-46,5
-33,-48,9
-18,-53,17
-8,-57,22
8,-67,26
5,-73,22
-5,-80,22
-38,-109,28
-42,-113,25
-19,-80,15
-10,-64,14
-7,-68,8
-8,-71,6
-11,-68,8
-13,-61,8
-14,-52,4
-9,-55,1
-8,-60,0
-15,-59,-1
-19,-60,-3
-22,-61,-5
-19,-62,-4
-15,-65,-1
-13,-68,0
-11,-79,1
-10,-79,2
-13,-74,11
-17,-70,19
-11,-62,28
13,-61,30
21,-64,28
22,-66,17
19,-65,14
6,-61,9
-2,-59,8
-16,-52,6
-21,-50,5
-26,-50,4
-28,-52,3
-26,-50,6
-24,-48,10
-17,-54,18
-9,-61,21
-7,-65,20
-6,-68,18
-10,-69,18
-25,-86,21
-38,-105,27
-28,-106,20
-12,-83,16
-5,-65,16
-7,-71,12
-9,-70,7
-16,-65,8
-17,-62,9
-18,-50,5
-14,-53,0
-13,-58,-2
-17,-56,4
-23,-57,0
-23,-57,-4
-17,-59,-1
-14,-61,-1
-12,-63,0
-13,-63,1
-16,-66,8
-15,-67,14
-13,-68,15
-12,-72,24
-9,-71,29
3,-72,36
7,-72,36
3,-70,27
0,-68,21
-9,-62,9
-12,-58,6
-16,-50,2
-25,-48,5
-29,-48,6
-37,-44,7
-30,-41,12
-24,-45,17
-21,-50,19
-7,-64,22
-4,-62,33
-17,-70,27
-26,-80,27
-44,-100,35
-38,-100,33
-11,-75,37
-16,-67,25
-22,-66,20
-22,-61,12
-23,-57,11
-16,-53,5
-11,-55,2
-6,-52,7
-11,-52,9
-22,-56,6
-25,-59,8
-13,-63,6
-7,-64,7
-3,-66,0
-10,-69,-4
-9,-71,-2
-18,-72,-4
-23,-72,10
-24,-60,28
-14,-55,27
8,-58,24
20,-63,27
28,-64,22
17,-61,23
0,-55,24
-5,-52,16
-18,-54,10
-22,-57,16
-19,-55,21
-25,-54,16
-22,-54,19
-22,-52,26
-24,-52,26
-30,-60,26
-31,-70,29
-44,-91,28
-44,-101,31
-14,-88,45
-16,-76,26
-21,-72,26
-27,-72,17
-29,-69,10
-31,-57,5
-31,-51,5
-15,-41,-2
-9,-36,5
-20,-36,-4
-22,-39,-3
-28,-47,-3
-28,-50,-5
-20,-57,-4
-13,-63,1
-12,-68,4
-20,-77,7
-24,-81,12
-38,-78,24
-34,-73,24
-3,-65,27
-1,-67,25
15,-67,31
15,-71,31
0,-66,23
-13,-57,9
-19,-51,7
-25,-45,5
-29,-45,7
-30,-45,11
-25,-45,13
-17,-46,18
-16,-46,22
-22,-53,25
-26,-58,24
-30,-70,22
-39,-80,20
-65,-98,12
-76,-69,-3
-53,-60,3
-34,-54,4
-38,-51,0
-44,-46,-8
-40,-44,-10
-30,-39,-5
-28,-38,-3
-32,-38,-3
-34,-39,-3
-40,-45,-4
-40,-52,-2
-39,-56,0
-32,-59,4
-27,-59,6
-20,-64,11
-17,-67,12
-15,-68,14
-17,-68,16
-26,-62,21
-27,-58,22
-19,-59,18
-10,-60,16
5,-60,13
9,-58,13
3,-57,11
-6,-55,6
-11,-54,4
-29,-56,2
-37,-56,3
-43,-57,7
-38,-57,10
-20,-62,16
-10,-64,21
2,-65,27
2,-64,28
-8,-69,23
-29,-96,26
-36,-111,26
-17,-93,17
-9,-74,19
-14,-75,17
-16,-77,13
-18,-79,7
-20,-73,6
-18,-62,-1
-16,-56,-1
-10,-51,0
-12,-48,0
-18,-47,-1
-23,-53,-3
-21,-55,-2
-15,-59,-1
-13,-59,1
-10,-66,4
-10,-70,6
-14,-70,13
-17,-70,18
-10,-68,30
2,-66,34
24,-68,34
27,-72,25
21,-72,21
4,-69,13
-4,-68,10
-18,-58,5
-22,-55,4
-29,-53,6
-31,-52,6
-31,-49,9
-28,-49,13
-22,-55,20
-17,-59,22
-7,-68,24
-4,-64,24
-9,-64,22
-29,-84,24
-39,-99,26
-27,-98,20
-13,-80,19
-7,-64,15
-8,-70,10
-8,-77,5
-7,-73,7
-6,-62,8
-6,-59,7
-4,-55,4
-8,-53,2
-13,-54,1
-19,-53,-2
-19,-55,-3
-14,-62,-1
-13,-62,0
-10,-66,2
-10,-70,3
-13,-75,9
-17,-73,14
-18,-70,25
1,-63,30
11,-63,30
21,-68,22
19,-68,19
9,-63,15
2,-61,14
-11,-55,11
-16,-52,9
-21,-51,7
-24,-51,8
-23,-49,10
-21,-49,11
-17,-56,16
-13,-61,21
-11,-63,21
-10,-67,21
-13,-73,20
-34,-100,26
-41,-113,26
-16,-91,21
-4,-68,21
-5,-61,11
-10,-66,6
-14,-73,4
-17,-62,8
-16,-59,6
-12,-60,3
-10,-60,1
-14,-61,0
-17,-61,-1
-20,-61,-3
-17,-62,-3
-13,-65,-2
-10,-65,-2
-8,-68,0
-10,-70,2
-13,-70,5
-15,-70,13
-15,-71,19
-6,-62,29
5,-61,30
23,-66,25
25,-66,19
14,-63,14
6,-60,12
-5,-55,10
-10,-53,8
-20,-54,4
-24,-56,3
-30,-57,3
-29,-56,6
-27,-58,8
-22,-63,15
-18,-66,16
-13,-77,16
-15,-87,16
-28,-104,21
-26,-112,20
-8,-77,18
-6,-71,17
-7,-73,11
-7,-73,10
-9,-74,4
-15,-62,-2
-17,-57,-6
-17,-50,-7
-17,-47,-5
-19,-46,-7
-23,-46,-9
-28,-49,-13
-27,-51,-12
-22,-55,-8
-18,-59,-5
-18,-64,0
-26,-74,5
-27,-78,6
-20,-84,10
-17,-84,16
-2,-71,28
6,-65,30
18,-66,27
17,-65,21
8,-66,14
2,-65,10
-7,-60,7
-10,-56,5
-16,-48,3
-25,-45,4
-30,-45,6
-31,-49,6
-28,-51,7
-17,-53,14
-10,-55,19
-5,-61,26
-7,-68,25
-21,-84,21
-31,-92,19
-43,-103,17
-29,-73,11
-18,-61,9
-9,-63,9
-8,-65,11
-15,-66,12
-20,-62,9
-21,-53,2
-17,-51,0
-10,-49,0
-10,-49,0
-18,-50,-4
-24,-52,-5
-28,-57,-6
-25,-60,-3
-20,-67,0
-15,-73,5
-15,-77,7
-16,-83,9
-15,-83,10
-11,-77,16
-9,-72,20
-1,-60,21
4,-57,18
8,-57,12
4,-58,11
-6,-60,10
-13,-58,10
-14,-57,10
-17,-54,10
-18,-54,11
-17,-55,12
-13,-55,14
-3,-51,18
0,-49,21
-2,-51,23
-6,-56,20
-18,-82,17
-28,-95,13
-44,-98,7
-37,-70,6
-25,-56,6
-17,-54,9
-17,-56,9
-21,-56,7
-24,-54,6
-26,-50,0
-24,-49,0
-22,-48,1
-23,-49,2
-28,-56,0
-29,-61,-4
-26,-62,-4
-20,-71,-2
-15,-76,0
-10,-83,1
-12,-85,1
-22,-84,4
-24,-78,6
-24,-62,17
-20,-56,20
-2,-51,17
8,-50,16
14,-46,15
-1,-49,14
-9,-48,14
-16,-48,16
-18,-50,16
-17,-54,15
-15,-57,15
-11,-61,18
-8,-61,20
0,-61,22
0,-60,21
-8,-65,14
-15,-73,12
-35,-86,11
-47,-90,10
-45,-81,10
-24,-62,6
-14,-59,6
-6,-60,9
-5,-60,10
-13,-60,11
-16,-54,11
-11,-53,5
-9,-53,5
-11,-51,3
-17,-54,1
-20,-56,0
-22,-63,-1
-19,-64,0
-15,-72,1
-13,-74,2
-13,-81,2
-16,-84,2
-21,-85,5
-21,-79,9
-19,-62,20
-15,-56,23
3,-57,20
13,-52,17
10,-52,14
-4,-49,15
-10,-48,18
-13,-47,19
-11,-48,18
-13,-55,17
-12,-57,17
-4,-55,20
0,-52,24
-1,-51,26
-12,-58,20
-18,-68,16
-32,-89,16
-36,-95,15
-31,-93,14
-26,-81,15
-12,-66,13
-10,-66,13
-9,-62,12
-12,-58,12
-10,-51,12
-11,-49,10
-14,-47,5
-23,-44,2
-27,-46,1
-31,-52,0
-31,-59,1
-21,-64,10
-14,-68,10
-14,-68,16
-16,-68,20
-2,-70,12
1,-75,16
-1,-87,7
-22,-80,16
-35,-70,9
-27,-51,6
-11,-53,9
4,-60,9
6,-60,8
2,-60,6
-2,-58,4
-11,-51,2
-16,-50,2
-26,-48,5
-29,-49,6
-26,-50,9
-22,-50,10
-9,-51,18
0,-55,26
-1,-60,26
-9,-68,18
-15,-73,14
-31,-90,12
-39,-102,12
-34,-88,14
-26,-73,12
-13,-60,9
-10,-64,8
-10,-65,6
-13,-57,4
-15,-54,3
-12,-52,2
-11,-52,1
-14,-55,-1
-18,-56,-2
-22,-62,-4
-19,-64,-4
-13,-72,-3
-10,-72,0
-10,-82,0
-10,-84,0
-16,-77,2
-23,-71,10
-24,-68,16
-13,-63,19
-2,-63,18
19,-57,16
21,-55,13
8,-49,8
-2,-48,9
-15,-44,15
-18,-44,17
-17,-48,17
-10,-51,16
-3,-52,17
8,-53,22
6,-55,25
-9,-59,21
-16,-64,18
-37,-93,16
-46,-108,17
-37,-100,16
-25,-80,13
-10,-64,11
-9,-68,11
-9,-60,12
-13,-53,7
-17,-50,4
-22,-42,4
-24,-40,5
-26,-41,6
-24,-46,5
-22,-60,6
-19,-66,5
-9,-75,5
-4,-77,7
2,-89,10
0,-94,9
-13,-76,14
-21,-63,21
-15,-59,23
-1,-62,20
5,-64,17
13,-60,13
12,-53,12
1,-41,12
-6,-37,11
-16,-37,10
-20,-40,9
-22,-45,8
-21,-46,9
-19,-52,11
-22,-56,20
-24,-56,21
-34,-83,19
-43,-106,20
-36,-125,8
-21,-106,8
-1,-72,9
-3,-75,9
-14,-76,12
-18,-68,5
-27,-56,-5
-29,-46,-9
-26,-43,-8
-23,-41,-4
-23,-42,-3
-24,-48,-4
-23,-55,-5
-19,-66,-3
-14,-73,-2
-4,-73,1
-1,-74,2
-5,-82,0
-13,-82,3
-32,-68,16
-23,-55,16
-12,-56,14
7,-58,12
9,-58,13
6,-52,14
2,-50,14
-8,-51,12
-17,-55,9
-36,-63,4
-38,-64,5
-30,-62,7
-24,-64,16
-25,-64,21
-23,-63,21
-21,-62,19
-17,-63,16
-20,-72,16
-31,-103,18
-30,-112,19
-14,-89,13
-10,-79,8
-8,-81,-3
-9,-79,-6
-8,-68,6
-21,-52,-5
-22,-49,-12
-12,-42,-17
-11,-38,-15
-18,-40,-12
-23,-41,-12
-23,-50,-13
-22,-54,-13
-11,-59,-8
-6,-70,-8
-9,-85,-3
-21,-95,2
-40,-88,24
-11,-78,21
7,-73,16
22,-65,10
23,-61,10
7,-52,8
-3,-48,6
-20,-42,-1
-24,-41,-1
-34,-45,1
-34,-48,3
-29,-52,8
-21,-59,15
-15,-60,18
-8,-63,20
-7,-64,19
-18,-77,14
-28,-96,15
-39,-111,15
-31,-97,13
-14,-68,5
-11,-72,1
-5,-78,-4
-7,-70,-2
-15,-54,-3
-16,-48,-7
-11,-46,-9
-8,-43,-9
-11,-44,-8
-16,-52,-8
-16,-60,-9
-14,-69,-8
-11,-70,-6
-5,-85,-1
-8,-88,3
-26,-83,10
-30,-64,15
-12,-64,12
8,-69,7
12,-65,7
10,-54,4
5,-49,3
-5,-44,2
-9,-43,-1
-26,-45,-1
-35,-46,0
-38,-49,3
-33,-51,6
-18,-55,15
-7,-59,23
-8,-62,23
-14,-67,19
-20,-75,16
-39,-104,20
-45,-112,19
-33,-101,7
-22,-85,3
-14,-85,-4
-16,-85,-2
-19,-71,2
-21,-63,-2
-21,-51,-6
-16,-39,-6
-18,-36,-5
-24,-38,-4
-27,-42,-4
-26,-53,-5
-25,-63,-5
-15,-72,-2
-8,-80,-2
-5,-93,1
-13,-95,11
-21,-70,24
-5,-69,19
-5,-51,29
-6,-46,11
-8,-42,9
-3,-42,9
-4,-44,7
-19,-51,4
-28,-54,4
-38,-58,6
-37,-57,7
-33,-65,8
-36,-68,13
-38,-65,17
-39,-73,14
-44,-82,14
-47,-97,15
-37,-107,12
2,-91,11
9,-85,11
1,-92,13
-3,-90,12
-6,-73,5
-9,-65,-1
-16,-53,-8
-20,-49,-9
-28,-47,-10
-29,-50,-12
-25,-54,-13
-18,-58,-13
-12,-58,-10
-1,-65,-5
0,-65,-4
-15,-62,-2
-29,-59,7
-41,-53,20
-32,-57,20
1,-70,17
26,-71,16
29,-68,16
18,-70,20
7,-69,21
-20,-63,12
-25,-61,9
-31,-59,7
-30,-58,8
-23,-60,12
-21,-62,15
-20,-61,15
-21,-63,15
-27,-78,14
-40,-111,15
-34,-116,12
-12,-83,12
-12,-74,12
-21,-85,5
-21,-87,0
-30,-78,-7
-37,-74,-8
-35,-63,-5
-33,-64,-2
-42,-63,-3
-50,-63,-4
-66,-63,1
-71,-64,11
-71,-65,14
-58,-55,25
-54,-47,30
-41,-29,30
-40,-18,29
-35,9,40
-42,18,38
-37,18,28
-33,20,30
-32,20,29
-29,21,27
-27,24,28
-19,13,29
-11,12,31
-13,20,31
-18,26,32
-21,30,39
-25,34,45
-23,39,51
-22,36,50
-18,43,51
-18,42,48
-19,47,42
-13,48,53
-38,57,41
-51,63,35
-45,50,36
-40,49,25
-32,48,19
-27,50,10
-26,47,15
-28,28,26
-33,28,25
-43,35,10
-58,45,-1
-58,44,1
-53,34,21
-54,27,27
-58,25,29
-54,28,29
-51,27,22
-46,22,23
-44,17,5
-48,15,-11
-48,7,-15
-45,1,-8
-58,-12,-20
-60,-14,-21
-58,-17,-20
-59,-26,-14
-64,-29,-13
-78,-32,-16
-79,-31,-15
-80,-27,-11
-79,-27,-6
-68,-21,-1
-63,-18,-1
-59,-17,-1
-60,-18,-1
-74,-22,-6
-74,-22,-15
-92,-34,-28
-95,-45,-49
-79,-35,-34
-64,-28,-20
-59,-30,-23
-51,-27,-25
-47,-25,-23
-39,-23,-16
-37,-23,-13
-40,-25,-12
-44,-27,-13
-51,-31,-14
-51,-37,-12
-49,-39,-9
-41,-45,2
-36,-49,6
-29,-58,2
-28,-61,1
-33,-65,10
-35,-62,15
-36,-58,16
-34,-60,14
-23,-67,8
-12,-68,7
-1,-71,10
-1,-70,16
-3,-66,15
-14,-59,7
-24,-57,3
-38,-51,1
-39,-48,2
-27,-50,8
-22,-51,12
-17,-55,18
-18,-64,18
-29,-89,22
-35,-107,17
-26,-107,12
-5,-75,8
-4,-75,6
-8,-82,4
-10,-79,5
-13,-67,5
-14,-59,3
-13,-51,-1
-11,-49,-1
-11,-45,0
-14,-45,1
-19,-51,-1
-18,-61,-2
-15,-67,-1
-7,-72,-2
-2,-78,-3
-6,-85,-5
-15,-81,-1
-38,-62,11
-43,-56,16
-28,-55,16
-12,-57,15
19,-59,16
28,-62,19
22,-61,19
11,-62,19
-1,-59,10
-24,-57,2
-39,-55,-1
-39,-50,5
-33,-48,9
-22,-49,15
-10,-55,25
-8,-60,27
-8,-66,25
-16,-67,17
-19,-69,15
-35,-89,15
-47,-102,13
-43,-87,11
-21,-57,6
-19,-56,4
-15,-65,9
-21,-62,6
-27,-54,1
-26,-51,-2
-18,-49,-1
-19,-49,1
-25,-51,-1
-29,-55,-4
-29,-56,-3
-23,-61,-4
-18,-63,-4
-11,-64,-2
-10,-65,-2
-13,-73,-4
-16,-78,-2
-25,-79,10
-26,-75,16
-11,-66,23
-16,-63,14
9,-62,15
10,-60,11
4,-57,7
-7,-54,3
-11,-53,0
-19,-54,-5
-25,-54,-5
-34,-53,-2
-35,-52,1
-29,-52,8
-24,-53,13
-12,-59,19
-2,-68,20
1,-70,19
-4,-68,17
-9,-73,15
-23,-103,11
-30,-112,5
-32,-82,2
-28,-64,3
-19,-60,-1
-14,-65,-2
-10,-57,5
-18,-57,2
-21,-54,-2
-14,-55,-3
-12,-55,-1
-14,-55,-1
-17,-56,-3
-20,-59,-5
-20,-60,-6
-14,-62,-7
-12,-63,-7
-10,-63,-7
-13,-66,-7
-23,-76,-1
-28,-76,4
-31,-76,17
-7,-62,27
10,-60,29
28,-67,22
24,-70,17
10,-67,9
3,-63,8
-12,-52,3
-16,-50,0
-23,-47,-1
-26,-46,-1
-30,-44,3
-29,-46,5
-23,-52,11
-17,-57,18
-16,-61,19
-24,-75,17
-31,-87,16
-43,-118,17
-34,-118,18
-6,-72,19
-3,-60,19
-9,-68,13
-12,-67,10
-16,-67,7
-17,-58,6
-16,-54,5
-12,-53,3
-12,-53,2
-17,-56,-1
-20,-59,-2
-20,-66,-3
-17,-68,-4
-10,-65,-4
-8,-65,-4
-13,-75,-2
-19,-74,2
-30,-67,15
-23,-54,26
-10,-54,28
22,-64,28
30,-68,24
26,-67,16
18,-63,14
2,-53,13
-8,-50,11
-22,-48,5
-27,-49,3
-32,-52,3
-27,-55,8
-24,-59,12
-18,-66,19
-15,-69,20
-11,-69,18
-13,-69,17
-26,-84,17
-36,-100,20
-31,-115,18
-17,-92,18
-9,-61,16
-12,-67,10
-12,-76,-1
-14,-66,-1
-15,-60,0
-16,-50,1
-12,-50,-1
-11,-55,-3
-14,-55,-3
-19,-61,-8
-18,-64,-8
-15,-65,-8
-12,-64,-8
-8,-65,-6
-10,-68,-6
-23,-73,1
-33,-68,14
-32,-61,18
-5,-59,21
11,-64,23
28,-70,23
26,-69,20
16,-60,19
16,-60,21
-6,-57,13
-24,-56,11
-50,-54,5
-39,-51,7
-30,-51,10
-19,-52,17
-18,-52,20
-25,-54,17
-27,-55,17
-35,-60,12
-38,-69,12
-51,-100,13
-50,-99,12
-30,-75,5
-18,-72,4
-12,-76,3
-17,-63,0
-21,-56,0
-26,-49,-1
-25,-47,-2
-27,-46,-2
-31,-47,0
-36,-48,1
-37,-50,0
-31,-57,-2
-28,-63,1
-22,-68,4
-22,-65,2
-24,-67,2
-28,-68,7
-31,-72,13
-27,-72,22
-16,-71,17
11,-58,29
22,-61,26
15,-56,21
7,-53,17
-11,-51,10
-19,-51,7
-23,-52,6
-20,-53,10
-18,-54,10
-19,-56,10
-18,-57,12
-17,-60,17
-19,-61,18
-20,-62,20
-20,-63,20
-19,-64,21
-17,-64,20
-17,-69,17
-20,-74,16
-36,-99,12
-33,-84,7
-23,-71,6
-14,-66,1
-17,-62,-5
9,-54,0
-2,-57,0
-6,-60,-7
-8,-56,-1
-6,-51,0
-6,-54,-3
-15,-60,-4
-21,-62,-6
-17,-68,-8
-11,-68,-5
-10,-70,-2
-9,-80,-4
-11,-81,-4
-21,-79,-2
-27,-76,0
-24,-68,9
-15,-64,14
3,-61,15
12,-54,14
9,-49,16
-3,-48,8
-9,-46,12
-17,-44,16
-19,-45,22
-22,-53,28
-22,-52,28
-7,-46,31
0,-47,36
-9,-52,31
-16,-56,28
-26,-61,24
-33,-67,24
-51,-88,23
-49,-88,25
-37,-73,27
-22,-60,26
-20,-60,21
-18,-55,15
-19,-54,12
-17,-50,8
-15,-50,8
-13,-51,8
-14,-50,8
-18,-53,8
-18,-57,9
-17,-64,9
-12,-69,9
-11,-70,8
-11,-72,6
-12,-71,6
-16,-75,5
-16,-75,6
-21,-75,9
-23,-70,12
-23,-61,19
-18,-63,20
-5,-63,20
-4,-55,15
-5,-50,12
-6,-46,7
-7,-45,5
-16,-46,2
-23,-47,2
-33,-50,5
-35,-53,8
-34,-60,16
-28,-62,21
-6,-67,27
0,-65,30
-8,-62,27
-24,-85,33
-53,-87,32
-33,-93,27
-24,-83,29
-19,-70,28
-21,-71,21
-22,-68,14
-22,-63,11
-21,-52,6
-17,-49,5
-16,-46,4
-17,-46,3
-16,-50,4
-18,-57,3
-18,-62,3
-11,-64,3
-13,-62,3
-17,-65,1
-21,-67,0
-31,-69,17
-31,-73,19
-25,-61,29
0,-56,44
23,-63,41
15,-67,34
9,-60,29
-1,-51,17
-4,-49,14
-14,-47,12
-18,-47,10
-24,-49,8
-26,-49,9
-28,-53,12
-27,-56,15
-31,-59,21
-30,-61,23
-31,-71,27
-39,-95,32
-41,-108,35
-17,-94,40
-6,-76,37
-17,-65,19
-21,-68,15
-20,-65,7
-26,-63,-2
-23,-53,-2
-21,-50,-3
-16,-53,-8
-17,-52,-8
-23,-54,-9
-25,-56,-6
-24,-59,-4
-17,-64,-2
-13,-64,-1
-9,-79,-4
-13,-84,-4
-33,-73,10
-44,-61,23
-38,-61,18
-17,-72,13
26,-79,18
48,-63,28
41,-51,29
18,-45,14
8,-44,6
-21,-50,-1
-34,-53,-1
-48,-58,2
-45,-59,9
-33,-57,24
-30,-55,28
-25,-57,31
-26,-58,31
-30,-51,24
-30,-47,22
-35,-52,20
-72,-75,4
-99,-85,-9
-88,-61,-9
-66,-54,-2
-56,-59,-5
-66,-62,-13
-72,-63,-20
-62,-61,-14
-58,-56,-9
-66,-52,-9
-76,-52,-14
-75,-41,-5
-81,-40,-7
-72,-40,-1
-66,-37,7
-52,-22,24
-39,-14,27
-26,4,36
-29,12,43
-27,10,49
-12,8,54
-3,13,41
-10,17,27
-13,16,22
-12,18,31
-14,22,40
-24,26,37
-31,28,39
-25,30,52
-23,32,56
-28,34,55
-21,37,58
-23,37,47
-21,36,46
-17,42,54
-33,48,44
-29,52,48
-29,62,53
-34,60,56
-34,53,39
-39,57,29
-35,51,22
-24,50,23
-14,48,33
-11,44,37
-28,41,31
-34,41,33
-29,40,35
-33,41,25
-32,40,29
-26,39,33
-23,38,32
-14,38,42
-18,38,46
-26,48,47
-28,51,45
-32,54,45
-39,49,43
-45,42,41
-42,29,38
-37,31,33
-35,32,34
-38,35,36
-36,38,34
-32,40,31
-25,39,27
-34,41,28
-28,36,29
-43,40,16
-36,46,24
-41,49,28
-44,47,24
-47,45,33
-45,45,36
-37,47,29
-37,51,25
-33,54,22
-37,58,17
-40,70,15
-36,72,20
-41,61,10
-37,58,4
-30,57,-6
-25,54,-4
-24,54,6
-31,49,12
-38,47,8
-37,47,2
-31,46,5
-32,46,11
-40,47,11
-48,46,11
-41,45,19
-15,49,32
-8,48,34
-15,32,30
-23,15,36
-18,11,32
-39,8,7
-52,5,1
-69,-7,1
-63,-12,7
-55,-24,8
-57,-31,6
-63,-37,-5
-58,-40,-4
-41,-46,2
-35,-49,2
-56,-70,-8
-56,-69,-2
-54,-70,2
-58,-80,10
-56,-82,15
-25,-85,24
-7,-83,27
13,-80,29
11,-78,22
-4,-77,15
-18,-84,15
-45,-106,18
-35,-78,14
-25,-59,13
-18,-50,12
-19,-61,10
-23,-78,4
-25,-75,2
-22,-64,1
-18,-64,1
-7,-69,5
-2,-73,5
-8,-66,1
-12,-63,-2
-17,-59,-6
-16,-62,-7
-14,-59,-8
-11,-55,-6
-13,-57,-4
-15,-61,1
-15,-65,2
-10,-70,7
-6,-71,11
-5,-76,13
-9,-80,14
3,-87,24
24,-95,47
-39,-70,8
-42,-52,-6
-36,-48,-9
-36,-49,-10
-40,-49,-7
-39,-47,1
-30,-48,6
-22,-50,11
-28,-52,9
-31,-50,10
-35,-51,9
-41,-58,8
-42,-62,7
-34,-56,0
-37,-47,-6
-32,-53,-1
-40,-56,5
-44,-63,5
-78,-76,-17
-61,-72,-12
-31,-65,-2
-18,-54,8
-16,-50,-1
-12,-52,-1
-15,-52,-10
-30,-54,-26
-31,-51,-34
-42,-46,-34
-42,-44,-23
-34,-44,-12
-35,-47,-7
-40,-46,-19
-39,-43,-23
-33,-44,-34
-29,-42,-36
-32,-41,-42
-30,-43,-39
-24,-46,-34
-40,-62,-19
-31,-58,-30
-46,-56,-44
-39,-58,-43
-37,-53,-41
-24,-52,-33
-10,-54,-16
-5,-58,-11
-3,-61,-15
-12,-50,-29
-23,-43,-38
-29,-39,-39
-39,-33,-37
-44,-26,-38
-38,-26,-36
-34,-24,-38
-38,-28,-38
-43,-20,-45
-48,-25,-40
-42,-32,-35
-46,-36,-45
-40,-48,-50
-27,-52,-53
-20,-53,-65
-21,-61,-54
-16,-54,-44
-18,-42,-36
-18,-39,-39
-18,-42,-42
-9,-42,-41
2,-37,-64
-9,-35,-68
-35,-35,-50
-30,-41,-36
-26,-42,-36
-16,-40,-37
-13,-40,-39
-19,-38,-49
-20,-38,-50
-26,-39,-52
-31,-41,-52
-49,-36,-56
-39,-36,-50
-17,-45,-35
-22,-51,-31
-40,-49,-39
-41,-44,-43
-39,-44,-33
-39,-43,-31
-42,-43,-22
-35,-47,-22
-32,-49,-19
-25,-50,-6
-25,-48,-4
-24,-57,-5
-27,-61,-8
-30,-61,-2
-29,-59,-4
-33,-57,-13
-40,-55,-19
-48,-50,-27
-43,-44,-15
-35,-43,-8
-29,-45,5
-28,-45,12
-35,-53,8
-39,-56,2
-53,-60,-14
-49,-62,-12
-33,-57,-1
-31,-53,2
-39,-48,2
-44,-47,-1
-46,-46,-5
-48,-46,-7
-48,-46,-6
-49,-46,0
-47,-47,2
-42,-47,3
-41,-47,3
-43,-47,2
-44,-47,1
-41,-47,1
-39,-47,4
-39,-50,6
-37,-49,11
-38,-49,10
-37,-49,9
-37,-49,12
-43,-47,11
-27,-46,26
-33,-48,24
-31,-49,22
-30,-52,24
-27,-53,26
-16,-54,30
-13,-54,33
-21,-60,30
-26,-59,25
-27,-57,23
-28,-56,24
-29,-60,19
-37,-65,21
-37,-67,21
-12,-55,27
-14,-67,24
-35,-77,14
-33,-68,13
1,-45,8
5,-47,1
10,-68,19
-7,-63,13
-10,-62,3
-23,-68,-11
-21,-71,-19
-34,-62,-24
-35,-63,-24
-23,-57,-23
-33,-52,-23
-31,-49,-34
-28,-51,-37
-19,-49,-39
-37,-46,-44
-24,-44,-38
-29,-42,-35
-22,-44,-41
-25,-47,-38
-22,-48,-35
-21,-49,-32
-15,-52,-33
-20,-42,-42
-11,-46,-35
-11,-43,-40
4,-44,-37
-17,-48,-60
-13,-51,-54
-7,-54,-44
2,-61,-29
-4,-58,-34
-7,-47,-46
0,-36,-51
-2,-44,-44
4,-53,-40
0,-31,-48
-10,-40,-51
-2,-57,-22
4,-56,-27
-16,-68,-33
-8,-65,-37
3,-68,-23
20,-62,-15
27,-60,-9
50,-52,8
34,-53,-1
24,-70,-1
6,-72,-13
-24,-58,-29
-19,-55,-11
-22,-59,0
-10,-61,-12
2,-64,-5
6,-70,0
5,-66,0
-4,-65,-4
-5,-67,-3
7,-69,15
1,-70,8
-12,-72,-8
-16,-75,-17
-21,-66,-31
-6,-70,-20
-15,-62,-28
-11,-62,-20
-24,-58,-25
-21,-62,-28
-18,-62,-28
-18,-66,-25
-16,-67,-22
-9,-67,-17
-7,-64,-12
-8,-63,-4
-7,-64,-2
-1,-67,-1
2,-65,-1
-3,-63,-1
-10,-62,-3
-14,-61,-4
-18,-60,-4
-19,-61,-3
-18,-64,-4
-19,-65,-6
-21,-62,-5
-22,-60,-5
-20,-60,3
-24,-60,2
-22,-62,5
-23,-63,5
-18,-64,6
-12,-65,9
-14,-65,8
-13,-65,4
-14,-64,3
-10,-63,6
-10,-64,7
-14,-64,6
-15,-63,5
-16,-62,3
-16,-61,2
-17,-60,1
-18,-61,0
-18,-62,0
-17,-63,1
-16,-62,2
-15,-63,4
-14,-62,5
-14,-62,6
-15,-63,5
-17,-63,5
-16,-64,4
-17,-63,3
-17,-62,3
-17,-62,2
-17,-61,3
-17,-61,4
-17,-61,6
-18,-61,6
-19,-62,7
-19,-62,7
-19,-62,7
-19,-62,6
-21,-63,4
-21,-63,4
-17,-62,4
-16,-62,4
-17,-61,4
-16,-59,4
-16,-59,3
-17,-62,2
-19,-64,1
-21,-67,0
-23,-67,1
-22,-66,2
-21,-66,2
-21,-62,3
-22,-62,2
-20,-60,3
-18,-58,2
-19,-58,0
-19,-61,-4
-21,-62,-4
-21,-62,-3
-20,-65,-6
-19,-69,-7
-21,-68,-7
-21,-68,-3
-21,-70,2
-19,-67,8
-19,-61,5
-3,-59,22
0,-61,20
2,-62,20
2,-67,17
1,-67,16
-1,-63,14
-1,-59,15
-4,-55,13
-6,-55,13
-15,-53,16
-18,-53,19
-19,-52,19
-9,-50,24
-2,-51,28
-5,-58,30
-10,-62,29
-22,-68,23
-28,-73,22
-47,-102,27
-49,-110,25
-25,-83,14
-13,-74,7
-5,-76,-2
-3,-79,-3
-4,-69,5
-9,-53,7
-12,-50,4
-14,-51,-2
-16,-50,-5
-21,-54,-7
-22,-55,-6
-19,-58,-4
-18,-60,-2
-11,-66,3
-6,-67,5
1,-72,7
0,-74,8
-13,-78,15
-19,-73,27
-12,-71,29
7,-72,27
12,-72,20
14,-70,16
9,-67,14
-1,-59,13
-6,-56,14
-19,-53,12
-21,-51,10
-20,-49,8
-18,-51,10
-13,-51,11
-12,-50,15
-12,-52,15
-23,-67,16
-36,-83,21
-51,-107,18
-35,-104,13
1,-77,13
6,-71,10
-2,-73,3
-6,-73,4
-11,-74,6
-15,-59,6
-16,-56,2
-14,-51,-1
-14,-50,-2
-16,-52,-3
-17,-55,-2
-15,-61,-2
-13,-65,-2
-8,-70,1
-4,-75,4
-4,-76,6
-7,-75,7
-17,-71,16
-16,-62,24
-9,-63,26
10,-71,24
15,-73,19
10,-70,11
6,-67,10
-3,-58,11
-9,-56,8
-23,-54,4
-30,-52,2
-36,-48,11
-25,-47,18
-22,-50,20
-21,-54,22
-22,-56,25
-25,-64,23
-30,-71,21
-50,-98,24
-50,-104,26
-21,-74,27
-11,-67,26
-11,-68,18
-12,-64,14
-18,-60,8
-22,-56,6
-17,-53,2
-12,-52,3
-11,-52,6
-19,-56,3
-20,-58,-1
-17,-65,3
-12,-68,8
-21,-70,1
-19,-66,9
-9,-70,4
-9,-67,3
-10,-67,3
-18,-68,16
-21,-66,23
-9,-61,19
-3,-64,20
6,-65,23
8,-65,24
2,-62,20
-3,-59,18
-14,-57,14
-20,-57,14
-23,-58,19
-22,-58,21
-19,-53,25
-18,-50,28
-21,-51,29
-29,-54,28
-34,-58,24
-56,-67,18
-73,-68,14
-101,-75,11
-89,-69,11
-62,-60,12
-62,-57,10
-74,-51,2
-68,-43,-4
-63,-37,-1
-59,-30,1
-56,-24,2
-55,-10,5
-56,-4,6
-57,2,9
-50,3,14
-40,10,21
-43,16,24
-40,18,25
-33,20,30
-27,28,34
-40,30,36
-45,27,34
-43,25,32
-43,24,28
-36,19,22
-33,23,25
-34,26,24
-38,30,25
-41,34,31
-38,30,35
-34,29,39
-32,32,38
-39,40,40
-39,43,41
-39,39,42
-35,41,45
-34,47,43
-42,59,37
-48,64,33
-57,64,17
-45,57,19
-28,52,27
-32,48,22
-34,44,14
-30,42,19
-19,36,32
-18,34,30
-25,36,30
-37,42,31
-37,40,35
-36,41,36
-27,41,41
-21,41,45
-22,44,50
-34,46,55
-39,45,56
-51,41,57
-63,24,51
-55,18,48
-34,14,43
-30,13,38
-30,16,31
-30,18,31
-25,18,41
-27,17,45
-32,21,48
-27,23,47
-21,29,47
-19,30,48
-21,36,45
-23,39,45
-27,32,47
-22,37,60
-23,42,63
-46,52,50
-60,59,43
-50,53,35
-36,51,33
-26,51,25
-30,49,22
-29,47,19
-20,33,31
-15,26,43
-18,29,41
-25,34,34
-38,38,30
-40,37,33
-36,34,38
-29,34,44
-37,34,50
-42,39,50
-39,37,57
-36,36,56
-61,46,36
-73,39,30
-62,31,30
-45,21,27
-44,13,28
-45,12,27
-41,13,26
-32,21,28
-31,27,31
-39,25,31
-40,24,33
-37,24,42
-35,24,41
-38,37,35
-38,39,34
-34,31,36
-32,28,48
-39,25,42
-35,31,27
-50,43,15
-71,41,-1
-71,48,-7
-73,42,-22
-77,42,-25
-66,41,-16
-62,37,-10
-55,29,-1
-47,22,9
-47,19,12
-52,15,10
-58,12,7
-63,4,7
-57,1,11
-35,-6,19
-23,-9,23
-41,-20,14
-48,-30,9
-41,-43,7
-52,-70,8
-53,-78,11
-47,-75,18
-41,-80,15
-22,-83,7
-9,-82,8
7,-79,12
11,-78,15
4,-72,13
-3,-69,7
-19,-60,-6
-29,-56,-9
-42,-48,-5
-44,-49,2
-40,-48,5
-33,-54,10
-33,-62,12
-43,-87,20
-48,-101,21
-18,-118,12
2,-97,15
4,-74,12
0,-80,7
-3,-84,4
-5,-72,8
-8,-63,8
-10,-56,4
-10,-52,3
-9,-53,-1
-12,-52,-1
-19,-54,-3
-21,-59,-4
-17,-64,-4
-14,-67,-5
-8,-73,-4
-12,-75,-3
-18,-73,0
-38,-58,16
-43,-54,27
-17,-68,18
11,-70,18
40,-68,16
39,-65,12
24,-57,12
13,-57,12
-8,-50,7
-20,-48,2
-35,-47,-2
-40,-49,-1
-37,-53,7
-27,-58,14
-21,-61,17
-16,-72,18
-18,-80,19
-24,-102,21
-24,-112,21
-8,-94,20
-3,-76,19
-6,-69,13
-11,-73,8
-17,-73,5
-20,-69,4
-18,-61,2
-14,-52,2
-12,-51,2
-14,-51,1
-16,-53,0
-17,-59,-1
-15,-62,-2
-10,-67,-2
-7,-66,-1
-5,-70,-1
-8,-72,-1
-20,-71,4
-34,-66,20
-33,-61,27
-2,-60,25
17,-62,26
36,-70,19
31,-71,16
13,-64,14
4,-59,13
-9,-53,9
-16,-53,6
-27,-53,1
-31,-50,2
-28,-49,7
-20,-55,12
-18,-55,14
-21,-62,15
-25,-70,16
-39,-101,20
-41,-111,20
-13,-102,15
0,-81,16
-1,-72,14
-6,-76,11
-14,-69,8
-17,-62,6
-18,-58,4
-18,-53,1
-17,-52,-1
-16,-55,-2
-18,-58,-2
-20,-63,-4
-20,-68,-5
-13,-72,-7
-8,-73,-6
-3,-77,-8
-7,-78,-9
-27,-69,2
-47,-52,24
-40,-50,23
4,-55,19
23,-58,20
38,-65,16
35,-64,16
15,-61,17
6,-58,17
-14,-54,8
-23,-55,7
-35,-56,5
-33,-54,7
-19,-53,13
-7,-60,23
-6,-61,25
-14,-73,19
-23,-85,16
-37,-104,15
-39,-110,15
-24,-92,16
-15,-72,16
-13,-54,13
-16,-59,9
-19,-67,2
-18,-70,-1
-19,-64,-5
-20,-57,-6
-17,-55,-6
-16,-55,-4
-18,-57,-3
-22,-59,-4
-22,-58,-5
-17,-60,-5
-12,-62,-4
-7,-65,-3
-8,-65,-2
-15,-65,-1
-24,-68,5
-25,-73,8
-24,-82,17
-17,-79,22
13,-65,30
36,-61,37
27,-59,29
18,-60,19
6,-63,9
0,-64,7
-12,-58,3
-15,-55,2
-20,-50,4
-27,-48,7
-33,-49,8
-33,-53,11
-29,-54,12
-15,-57,21
-10,-58,26
-11,-61,27
-16,-62,23
-24,-60,21
-28,-57,21
-34,-52,19
-41,-69,15
-47,-91,12
-36,-113,3
-25,-90,2
-6,-57,3
-4,-52,1
6,-55,-1
3,-54,1
-34,-56,-16
-43,-57,-24
-27,-55,-23
-18,-56,-15
-23,-59,3
-39,-64,-1
-39,-63,-3
-28,-61,-1
-21,-63,4
-13,-66,6
-17,-67,0
-18,-67,6
-17,-70,7
-25,-76,0
-27,-77,7
-29,-70,11
-29,-64,11
4,-61,36
1,-63,17
1,-62,18
-3,-53,17
-8,-50,14
-15,-43,12
-22,-41,12
-31,-39,14
-32,-38,19
-32,-41,22
-28,-41,25
-24,-39,34
-28,-40,35
-36,-45,36
-40,-51,30
-40,-55,30
-53,-74,24
-69,-88,16
-76,-80,-3
-54,-66,0
-33,-57,6
-35,-55,3
-44,-51,-3
-41,-51,-6
-30,-46,-3
-30,-43,3
-33,-41,4
-34,-39,5
-36,-40,1
-42,-44,-2
-40,-47,0
-40,-56,4
-36,-60,4
-16,-63,12
-12,-66,13
-15,-74,7
-15,-76,10
-14,-84,27
-28,-58,29
-80,-49,-5
-28,-47,0
-24,-49,-2
-9,-57,4
-5,-60,6
-7,-60,9
-13,-59,7
-22,-56,4
-26,-54,4
-42,-52,-4
-43,-49,-3
-37,-51,-7
-18,-65,7
-13,-71,15
-25,-78,26
-82,-93,22
-61,-76,-18
-58,-64,-36
-36,-57,-42
-23,-47,-35
-1,-48,-20
0,-47,-20
-12,-47,-28
-18,-46,-29
-23,-46,-29
-24,-46,-20
-24,-48,-12
-27,-54,-12
-26,-54,-18
-23,-56,-24
-21,-57,-27
-23,-65,-31
-22,-66,-34
-24,-70,-33
-21,-74,-23
-28,-78,-10
-31,-70,-12
-29,-66,-11
-14,-57,-1
2,-61,3
7,-63,-2
6,-67,-5
-3,-58,-12
-7,-53,-12
-7,-45,0
-7,-46,3
-13,-45,5
-20,-43,5
-17,-48,12
-15,-55,18
-13,-61,22
-35,-66,12
-45,-69,4
-63,-73,-6
-54,-89,0
-60,-83,5
-50,-75,-3
-29,-63,-12
-15,-68,-5
3,-62,10
-5,-64,9
-9,-63,6
-17,-55,0
-19,-49,-1
-23,-45,-1
-26,-47,-1
-30,-50,-3
-30,-53,-4
-22,-60,-4
-16,-64,-2
-6,-66,1
-5,-67,2
-13,-69,3
-25,-73,7
-29,-79,12
-22,-88,17
-2,-84,28
5,-63,21
21,-64,21
26,-67,14
17,-69,8
-10,-66,-10
-12,-66,-9
-20,-54,-10
-21,-45,-7
-22,-43,-4
-26,-41,-1
-29,-42,-1
-27,-45,2
-25,-49,4
-17,-61,8
-14,-71,9
-18,-96,10
-25,-106,11
-30,-102,15
-24,-80,16
-11,-68,15
-5,-75,9
-3,-77,7
-3,-67,5
-4,-61,5
-10,-51,6
-13,-48,8
-20,-48,8
-22,-52,5
-16,-62,-1
-13,-66,-3
-6,-69,0
-3,-69,3
-4,-67,3
-9,-68,-1
-11,-72,-5
-17,-76,-4
-20,-77,-1
-27,-64,12
-28,-57,16
-20,-61,16
-11,-66,15
9,-71,12
20,-63,9
16,-59,6
11,-56,5
-2,-49,4
-21,-43,-3
-33,-44,-1
-35,-46,4
-29,-43,4
-11,-45,10
-2,-51,19
-1,-62,29
-2,-70,26
-14,-84,23
-19,-92,25
-24,-103,33
-19,-86,25
-18,-73,20
-18,-66,18
-22,-68,13
-20,-64,7
-20,-61,6
-23,-56,2
-21,-55,6
-24,-57,-4
-22,-56,-5
-17,-58,3
-17,-59,3
-18,-59,1
-16,-60,5
-12,-61,-1
-8,-60,-2
-12,-63,-5
-15,-68,2
-22,-73,8
-22,-75,22
-17,-71,30
7,-62,33
19,-63,30
30,-69,23
20,-69,16
11,-69,13
-7,-60,4
-14,-55,3
-20,-49,1
-23,-49,2
-26,-49,3
-27,-49,4
-24,-50,7
-23,-54,9
-22,-62,14
-21,-65,15
-15,-69,14
-11,-71,16
-12,-78,18
-21,-101,25
-22,-108,26
-10,-84,21
-7,-69,19
-9,-69,13
-10,-73,10
-8,-80,7
-8,-76,5
-8,-66,2
-8,-62,2
-6,-58,1
-9,-54,-1
-14,-52,-3
-22,-51,-8
-22,-50,-9
-16,-51,-7
-13,-53,-5
-12,-56,-2
-13,-63,-2
-17,-69,0
-19,-70,2
-27,-72,14
-29,-75,22
-5,-83,28
29,-71,31
39,-68,29
31,-65,22
19,-65,19
-5,-70,13
-9,-72,15
-18,-62,10
-14,-58,12
-12,-52,11
-9,-51,12
-9,-51,13
-9,-48,15
-7,-47,16
-2,-46,20
-1,-48,20
-2,-61,19
-5,-71,18
-12,-88,16
-17,-96,17
-23,-94,17
-23,-83,17
-17,-63,13
-12,-62,11
-7,-70,8
-7,-70,6
-10,-64,5
-15,-51,4
-16,-48,4
-22,-49,3
-25,-53,1
-26,-55,-1
-22,-54,-2
-16,-60,0
-13,-63,1
-9,-65,4
-8,-63,11
-15,-63,9
-19,-67,11
-17,-70,12
-16,-75,16
-13,-78,19
-10,-74,24
-7,-70,28
0,-62,32
1,-61,29
5,-61,26
6,-64,25
2,-66,19
-4,-62,10
-10,-58,7
-14,-50,6
-19,-47,7
-23,-44,9
-22,-45,9
-17,-47,12
-15,-48,12
-14,-51,15
-14,-55,16
-14,-65,16
-12,-68,16
-4,-69,20
-1,-75,23
-4,-81,25
-14,-84,17
-13,-80,16
-16,-74,15
-18,-70,15
-18,-65,11
-18,-62,10
-14,-62,4
-12,-64,2
-10,-68,0
-11,-70,-3
-14,-71,-7
-16,-68,-11
-17,-66,-13
-18,-58,-12
-19,-56,-11
-22,-54,-10
-22,-53,-9
-20,-58,-8
-18,-62,-6
-13,-69,-4
-11,-67,-1
-11,-63,6
-14,-62,11
-17,-64,12
-18,-68,12
-15,-71,11
-2,-70,13
7,-68,17
15,-65,24
8,-65,23
-5,-65,15
-9,-64,11
-9,-65,8
-10,-64,7
-11,-64,6
-15,-62,4
-17,-61,3
-21,-59,2
-21,-57,3
-21,-56,5
-20,-58,6
-21,-60,9
-21,-60,11
-19,-61,14
-18,-61,16
-14,-63,19
-12,-65,19
-8,-69,21
-7,-68,19
-5,-66,19
-1,-65,18
-2,-65,16
-5,-65,12
-6,-62,11
-8,-58,8
-10,-56,8
-14,-54,7
-16,-55,7
-19,-61,7
-21,-66,8
-20,-66,8
-18,-69,9
-16,-71,8
-13,-74,8
-11,-74,8
-12,-69,6
-11,-66,5
-13,-57,5
-16,-55,5
-20,-53,2
-22,-55,1
-21,-57,0
-19,-61,0
-18,-64,0
-20,-66,0
-21,-63,1
-21,-66,2
-19,-66,2
-16,-62,2
-17,-61,2
-19,-62,1
-19,-63,1
-18,-65,2
-16,-65,3
-16,-66,4
-15,-69,5
-14,-71,5
-13,-71,6
-13,-71,7
-12,-70,9
-11,-69,9
-8,-66,11
-7,-62,12
-6,-57,13
-5,-54,13
-3,-52,13
-3,-54,12
-7,-56,10
-9,-60,9
-9,-60,10
-9,-57,11
-10,-57,12
-12,-59,15
-12,-61,16
-10,-62,18
-8,-63,18
-4,-64,19
-4,-63,19
-8,-62,17
-11,-67,11
-9,-72,7
-12,-73,3
-18,-75,3
-33,-78,6
-35,-74,6
-25,-61,6
-17,-57,7
-2,-56,7
-2,-56,8
-16,-61,0
-20,-61,0
-29,-59,-7
-19,-61,-8
-17,-65,-8
-18,-67,-8
-18,-65,-8
-13,-63,-8
-10,-61,-7
-8,-58,-3
-11,-57,-3
-10,-60,1
-4,-61,5
5,-66,15
-7,-70,12
-14,-71,9
-25,-79,-1
-26,-83,-4
-21,-84,-1
-20,-79,1
-20,-62,3
-17,-56,4
-9,-54,3
-6,-57,0
-4,-59,0
-6,-58,0
-11,-57,-1
-18,-56,2
-24,-57,4
-32,-66,10
-31,-69,12
-10,-67,12
4,-62,15
28,-53,26
31,-49,28
17,-50,20
8,-52,15
-9,-57,8
-16,-60,6
-28,-77,7
-34,-99,8
-32,-94,8
-25,-67,11
-19,-60,13
-8,-70,11
-8,-77,10
-10,-74,4
-12,-67,2
-14,-52,4
-14,-48,5
-21,-47,4
-27,-49,2
-32,-57,-2
-23,-62,-3
-18,-66,-2
-7,-68,5
-5,-72,7
-10,-76,8
-15,-75,9
-19,-69,18
-16,-66,20
-4,-64,24
4,-62,25
17,-59,25
18,-56,21
11,-57,18
-4,-62,14
-11,-63,12
-16,-60,10
-14,-57,10
-8,-52,11
-7,-51,13
-10,-52,15
-11,-52,16
-14,-55,20
-14,-59,23
-12,-67,24
-7,-82,22
-5,-88,22
-2,-79,20
-4,-72,19
-9,-68,16
-12,-70,13
-15,-69,7
-15,-66,6
-13,-61,4
-13,-59,4
-16,-56,3
-23,-55,2
-27,-57,1
-27,-63,0
-23,-63,0
-15,-64,1
-13,-64,3
-13,-60,3
-15,-58,2
-18,-59,1
-19,-58,1
-19,-61,2
-18,-61,4
-18,-63,6
-16,-66,9
-14,-67,11
-8,-67,13
-5,-66,15
-1,-65,16
2,-65,17
-2,-66,17
-5,-65,15
-9,-65,13
-12,-65,12
-16,-67,11
-17,-68,11
-17,-70,10
-16,-68,9
-16,-66,8
-15,-63,7
-15,-62,6
-16,-60,5
-18,-60,4
-20,-59,3
-20,-59,3
-18,-58,5
-16,-58,6
-15,-60,7
-14,-60,8
-13,-60,10
-12,-61,11
-11,-62,11
-9,-62,13
-9,-63,13
-9,-63,14
-9,-62,14
-11,-62,13
-11,-62,12
-12,-61,12
-12,-61,11
-13,-62,10
-15,-62,9
-16,-62,8
-17,-63,8
-18,-63,7
-20,-64,7
-20,-64,8
-20,-63,9
-19,-64,9
-18,-65,9
-18,-65,9
-18,-65,8
-18,-64,9
-17,-65,9
-14,-63,9
-13,-62,9
-13,-62,9
-12,-64,8
-13,-68,8
-13,-71,7
-15,-73,8
-16,-72,8
-18,-70,9
-17,-71,10
-12,-69,9
-7,-65,10
-5,-62,11
-4,-59,10
-6,-59,9
-8,-59,8
-9,-59,8
-9,-58,9
-7,-57,11
-6,-54,15
-6,-52,17
-5,-51,24
-7,-53,27
-14,-60,34
-14,-58,40
-16,-58,41
-23,-56,41
-26,-56,41
-32,-53,41
-32,-50,40
-33,-43,41
-35,-39,40
-41,-34,39
-48,-36,38
-52,-44,45
-49,-46,51
-47,-47,53
-40,-42,52
-35,-39,51
-33,-34,45
-29,-33,46
-20,-35,47
-20,-32,48
-21,-25,44
-20,-21,42
-12,-16,48
-9,-16,47
-11,-23,44
-11,-26,46
-11,-24,49
-5,-23,45
-2,-23,44
4,-23,46
-6,-24,34
-1,-27,72
-7,-21,53
2,-22,61
6,-15,77
-4,-16,84
2,-12,80
-7,-15,65
-2,-19,55
1,-19,51
10,-15,61
5,-14,66
5,-19,67
2,-20,63
6,-23,61
9,-21,60
12,-23,61
12,-23,57
15,-24,52
13,-24,52
16,-25,54
17,-27,56
19,-33,58
21,-37,51
18,-35,48
27,-37,47
31,-39,46
35,-41,30
28,-30,22
-22,-36,1
-25,-50,8
-30,-21,-9
-31,-37,-18
-30,-48,-24
-49,-79,-29
-59,-102,-31
-56,-128,-28
-34,-128,-28
34,-128,-46
69,-128,-40
92,-128,-11
83,-103,10
22,-56,26
-2,-43,18
-4,-39,4
-9,-58,-4
-20,-65,-10
-20,-71,-4
-16,-70,-1
-6,-64,8
-14,-58,3
-35,-51,0
-44,-48,3
-45,-56,4
-32,-57,12
9,-63,26
8,-68,28
-3,-62,36
-15,-58,32
-7,-56,35
-4,-55,40
6,-56,46
-7,-55,38
-12,-58,37
-8,-62,37
-10,-62,35
-19,-66,30
-22,-68,28
-27,-68,24
-31,-67,21
-47,-68,13
-75,-72,3
-82,-70,-2
-77,-61,-2
-74,-59,-1
-72,-51,-1
-77,-45,-4
-77,-35,-6
-71,-31,-6
-61,-17,-2
-58,-9,-4
-50,-7,-4
-33,-2,12
-28,-2,17
-32,-4,20
-26,-8,22
-22,-6,28
-21,-5,32
-24,-5,41
-25,-1,48
-52,5,35
-59,11,29
-62,24,30
-67,21,28
-82,19,17
-80,20,8
-71,17,7
-59,13,6
-52,8,8
-44,7,10
-46,9,8
-54,7,16
-58,10,20
-73,16,13
-83,17,10
-76,23,16
-57,21,20
-57,16,23
-46,15,29
-47,16,33
-52,16,39
-44,17,42
-34,23,50
-39,23,50
-55,35,44
-56,42,35
-48,43,28
-42,35,23
-31,29,24
-35,37,19
-34,39,17
-33,40,24
-42,36,27
-54,21,25
-58,24,24
-61,33,26
-63,32,23
-59,31,18
-53,30,18
-47,28,24
-49,28,23
-53,32,20
-55,33,25
-60,30,26
-67,28,29
-67,29,27
-68,27,23
-72,23,21
-66,13,18
-63,9,18
-50,7,16
-48,8,14
-43,9,16
-43,9,21
-49,9,32
-63,12,32
-66,16,29
-59,26,22
-50,26,24
-51,26,32
-52,24,32
-53,22,29
-53,25,30
-51,26,30
-49,26,37
-45,26,46
-50,35,43
-57,42,36
-64,47,23
-63,47,15
-42,35,13
-36,34,11
-42,38,7
-44,38,8
-46,29,20
-47,24,30
-49,14,33
-52,16,27
-59,24,22
-59,24,26
-56,23,27
-49,25,29
-46,26,28
-53,33,25
-55,35,25
-51,33,31
-51,32,35
-57,27,39
-63,28,37
-75,28,29
-70,22,25
-61,16,24
-49,8,19
-47,7,18
-47,8,17
-45,4,20
-43,5,35
-41,3,40
-52,13,32
-60,18,27
-58,27,22
-52,33,25
-50,34,32
-54,30,33
-55,28,30
-48,27,30
-41,27,34
-45,32,39
-50,30,40
-60,29,28
-60,34,21
-62,39,14
-62,38,11
-49,34,12
-44,33,12
-44,39,11
-49,39,15
-54,34,19
-62,25,20
-61,24,20
-53,26,19
-50,27,20
-49,28,22
-49,29,23
-53,29,22
-53,29,22
-54,30,20
-57,31,20
-62,32,28
-67,27,34
-71,27,34
-70,22,23
-62,19,21
-51,15,21
-50,12,19
-52,10,14
-56,10,13
-48,4,27
-45,1,35
-49,6,36
-61,18,23
-61,20,24
-54,30,23
-51,31,25
-49,31,28
-53,30,28
-60,24,26
-59,21,26
-52,20,33
-52,18,35
-56,18,35
-57,23,31
-58,32,30
-59,32,27
-58,33,25
-51,34,23
-48,36,20
-45,37,13
-44,36,12
-41,33,14
-43,34,14
-50,35,14
-58,34,14
-64,26,21
-59,25,21
-58,28,19
-55,29,18
-55,30,18
-59,32,19
-62,32,19
-63,31,18
-63,29,18
-56,23,20
-54,23,23
-49,20,25
-48,24,24
-52,28,26
-55,28,26
-57,26,25
-54,23,22
-51,23,22
-48,24,25
-50,24,26
-56,25,28
-56,25,27
-55,25,25
-53,25,25
-52,25,25
-54,24,24
-56,25,24
-53,26,25
-53,27,25
-53,27,25
-53,27,25
-52,26,25
-52,26,25
-51,27,25
-52,27,25
-53,27,25
-53,27,25
-52,28,25
-52,27,24
-52,28,24
-53,28,24
-54,28,24
-55,28,24
-55,28,24
-55,27,25
-54,27,24
-54,27,24
-55,26,24
-56,26,23
-55,26,24
-55,26,23
-56,26,23
-55,27,23
-55,27,24
-54,27,24
-53,29,23
-53,29,23
-52,29,24
-52,29,24
-52,29,24
-51,29,24
-51,29,25
-51,29,25
-51,30,25
-51,31,24
-52,31,24
-52,31,24
-51,30,24
-52,30,24
-52,29,24
-54,29,24
-54,28,24
-53,29,24
-54,28,24
-54,29,24
-53,28,24
-54,29,24
-53,29,24
-53,28,24
-52,28,25
-52,28,25
-54,27,25
-54,27,25
-52,26,25
-52,26,25
-52,26,26
-53,26,26
-53,26,26
-53,26,26
-52,26,26
-52,26,26
-53,26,26
-53,26,27
-52,25,27
-52,25,26
-52,25,26
-52,26,26
-53,26,26
-53,27,26
-53,27,26
-53,28,26
-53,28,26
-52,28,26
-53,28,26
-52,28,26
-51,28,26
-51,27,26
-52,28,25
-52,27,25
-53,28,25
-54,28,25
-55,28,25
-53,29,26
-50,29,25
-49,30,22
-49,30,21
-51,31,21
-52,29,19
-50,31,17
-51,34,18
-43,33,21
-54,33,20
-66,30,18
-69,31,17
-59,32,15
-55,32,17
-55,32,17
-58,31,14
-58,31,14
-55,31,18
-54,30,18
-52,31,19
-54,31,21
-50,33,29
-50,33,32
-50,33,34
-51,33,35
-53,34,35
-57,31,34
-57,29,34
-52,23,34
-48,21,35
-45,19,37
-44,17,37
-39,18,39
-38,18,39
-37,18,41
-38,21,41
-39,22,41
-38,26,46
-38,27,48
-44,26,49
-49,26,47
-56,29,43
-57,30,41
-55,33,41
-52,32,41
-54,33,36
-51,34,35
-45,36,35
-43,37,34
-42,37,31
-38,36,37
-35,35,38
-35,34,37
-34,36,36
-32,41,39
-32,41,41
-29,38,45
-29,36,42
-31,34,39
-29,34,38
-28,35,37
-28,36,35
-24,36,38
-16,36,41
-14,36,41
-15,38,48
-21,35,52
-23,30,53
-22,31,55
-19,31,62
-14,30,58
-11,35,51
-10,37,53
-10,38,52
-8,35,46
-9,29,55
-5,28,57
-3,27,53
-1,25,48
3,25,53
3,24,54
9,24,48
11,23,58
8,24,57
1,26,48
3,21,57
6,21,55
-9,26,42
-8,27,41
-10,19,58
-4,20,65
-25,23,57
-29,28,48
-12,13,78
-22,21,66
-24,21,53
-19,20,58
-12,18,56
-15,19,52
-22,21,41
-18,4,50
-26,20,50
-45,8,54
-25,5,65
-15,-9,71
-9,-14,73
-15,-16,65
-19,-15,59
-21,-13,53
-21,-11,55
-27,-11,55
-30,-7,58
-33,-4,59
-39,-4,61
-42,-3,63
-47,2,60
-50,5,58
-55,4,57
-58,5,54
-59,6,52
-55,6,52
-52,6,47
-51,6,46
-48,8,45
-48,9,42
-52,11,40
-51,12,36
-46,13,37
-40,18,34
-39,21,33
-35,24,37
-36,24,36
-22,20,48
-22,19,49
-27,22,52
-34,23,52
-53,22,41
-54,26,29
-55,28,28
-56,37,20
-52,42,21
-51,44,25
-49,44,28
-48,40,29
-49,40,32
-50,40,34
-45,39,36
-33,33,39
-33,32,38
-38,26,38
-39,28,36
-31,22,37
-19,23,44
-17,23,44
-25,21,44
-33,21,42
-35,24,43
-37,26,41
-44,31,35
-47,32,35
-55,33,31
-63,23,28
-63,23,26
-61,18,28
-55,16,26
-64,15,14
-70,16,9
-65,17,9
-59,11,12
-60,6,10
-60,5,6
-23,11,13
1,1,31
-10,-13,53
-36,-30,40
-38,-35,43
-42,-33,55
-42,-33,57
-36,-33,53
-33,-33,54
-29,-33,48
-32,-35,44
-35,-37,45
-36,-36,46
-36,-39,41
-33,-39,52
-28,-39,45
-38,-44,36
-39,-46,41
-34,-53,46
-40,-58,49
-36,-67,48
-34,-68,47
-29,-55,46
-28,-50,45
-27,-52,34
-21,-53,36
-11,-55,35
-17,-64,34
-32,-72,18
-30,-65,17
-30,-60,10
-33,-50,6
-32,-48,8
-34,-45,6
-31,-45,8
-23,-47,10
-23,-47,11
-18,-48,16
-17,-49,19
-16,-58,22
-16,-61,25
-13,-62,26
-5,-66,29
-2,-69,29
0,-73,28
0,-77,28
-4,-76,26
-5,-72,25
-6,-63,19
-7,-64,15
-12,-71,9
-14,-73,6
-17,-72,1
-18,-56,3
-20,-50,4
-25,-45,7
-28,-46,7
-25,-45,10
-21,-45,12
-9,-47,20
-4,-49,25
0,-57,30
-1,-64,30
-9,-72,26
-12,-72,25
-20,-85,26
-18,-102,26
-12,-89,22
-3,-62,19
-4,-61,18
-12,-77,12
-16,-79,9
-20,-67,2
-20,-60,0
-18,-53,2
-17,-53,4
-22,-54,3
-25,-55,-1
-24,-55,-2
-16,-58,-1
-13,-59,0
-10,-60,1
-11,-61,1
-16,-64,0
-20,-65,0
-30,-67,9
-35,-66,18
-27,-70,21
6,-68,20
20,-69,19
31,-73,22
26,-72,24
4,-66,20
1,-61,18
-4,-55,14
-10,-52,12
-18,-51,10
-18,-51,10
-21,-53,10
-22,-55,12
-22,-62,16
-18,-70,14
-14,-76,14
-5,-76,17
0,-74,19
-2,-71,19
-4,-69,17
-10,-64,11
-12,-60,9
-14,-55,8
-15,-55,8
-20,-55,7
-22,-54,6
-24,-52,5
-24,-54,5
-24,-61,7
-24,-67,6
-22,-68,6
-17,-68,7
-15,-67,8
-16,-66,9
-18,-64,8
-21,-63,6
-21,-64,6
-19,-67,5
-17,-66,6
-14,-66,6
-13,-67,7
-12,-66,7
-12,-64,6
-11,-64,6
-9,-63,6
-8,-62,6
-7,-58,8
-7,-56,9
-8,-55,9
-9,-55,9
-11,-57,9
-12,-59,9
-13,-62,10
-14,-67,12
-15,-69,13
-15,-71,13
-16,-71,13
-15,-69,12
-16,-69,12
-19,-66,10
-20,-65,10
-24,-64,8
-24,-64,8
-23,-63,7
-21,-63,8
-20,-64,8
-18,-64,9
-17,-65,9
-14,-67,9
-12,-67,9
-11,-66,10
-11,-66,10
-12,-64,11
-12,-64,11
-13,-61,12
-11,-61,13
-10,-62,13
-7,-62,13
-7,-63,13
-7,-62,11
-8,-61,9
-13,-58,7
-14,-58,6
-17,-59,5
-18,-60,5
-17,-62,6
-15,-62,7
-11,-60,9
-11,-59,12
-11,-59,12
-10,-58,16
-10,-57,17
-7,-65,24
-6,-69,26
-10,-72,25
-17,-68,19
-7,-62,19
-12,-62,16
-13,-62,18
-18,-61,17
-17,-59,16
-17,-59,9
-19,-60,8
-21,-61,7
-22,-60,10
-18,-60,8
-16,-60,8
-15,-62,11
-15,-63,7
-15,-62,10
-16,-60,10
-13,-57,10
-16,-57,9
-21,-61,6
-23,-62,-1
-20,-60,3
-11,-64,8
-5,-64,9
-3,-63,15
-4,-64,17
-10,-63,15
-12,-65,12
-20,-66,10
-20,-68,10
-16,-68,9
-16,-66,10
-20,-63,8
-20,-62,7
-20,-61,7
-20,-58,7
-19,-58,7
-19,-59,6
-18,-59,7
-19,-60,7
-19,-62,7
-16,-63,9
-17,-64,9
-18,-64,10
-17,-64,11
-14,-64,9
-9,-66,10
-6,-66,10
-7,-67,9
-8,-66,11
-13,-66,12
-16,-66,10
-15,-67,12
-13,-65,13
-9,-61,12
-9,-58,10
-11,-58,9
-10,-61,7
-11,-63,6
-13,-64,8
-11,-63,11
-11,-59,14
-7,-56,17
-4,-55,20
-1,-54,22
4,-55,26
0,-55,25
-3,-56,24
-5,-56,23
-10,-58,20
-11,-61,19
-10,-62,19
-9,-64,17
-9,-64,17
-13,-64,16
-16,-65,16
-24,-71,16
-27,-77,15
-29,-86,16
-27,-85,17
-19,-72,17
-14,-65,16
-13,-65,13
-6,-70,6
-5,-66,5
-9,-69,5
-11,-70,4
-14,-61,3
-14,-58,2
-15,-54,1
-15,-53,0
-18,-53,-2
-19,-54,-3
-17,-54,-2
-14,-58,1
-13,-59,4
-13,-66,14
-9,-70,17
7,-72,24
13,-71,26
16,-79,28
15,-85,27
11,-92,23
4,-91,21
-11,-72,16
-15,-60,15
-16,-62,9
-15,-69,2
-14,-69,0
-13,-60,-3
-11,-54,-3
-11,-44,-3
-14,-40,-3
-24,-34,-2
-28,-35,0
-31,-40,6
-29,-44,9
-17,-49,15
-10,-55,19
-3,-72,28
-7,-79,27
-9,-86,25
-13,-117,24
-9,-115,25
1,-73,24
0,-66,23
-8,-80,16
-11,-83,13
-14,-70,5
-15,-62,3
-13,-54,4
-14,-56,6
-17,-55,4
-22,-58,-1
-21,-61,-2
-13,-70,-4
-10,-69,-4
-5,-61,-5
-6,-60,-7
-11,-57,-7
-18,-55,-5
-35,-52,6
-41,-52,12
-33,-56,18
10,-63,21
29,-64,29
41,-83,26
32,-85,19
12,-77,11
3,-73,10
-15,-60,11
-21,-54,10
-24,-47,7
-22,-46,7
-15,-46,11
-13,-50,13
-13,-53,15
-14,-57,18
-13,-61,18
-11,-67,18
-11,-71,18
-16,-94,22
-15,-105,21
-11,-86,16
-11,-70,14
-15,-71,11
-16,-77,9
-17,-72,5
-16,-57,2
-17,-53,3
-15,-54,4
-16,-53,4
-21,-56,1
-22,-59,-1
-17,-58,-2
-14,-58,-1
-10,-61,0
-9,-62,0
-13,-60,0
-16,-62,-1
-21,-65,3
-24,-70,11
-26,-72,17
-12,-72,26
2,-71,30
26,-65,31
30,-67,26
20,-72,16
12,-72,13
-2,-70,10
-9,-65,9
-16,-52,7
-17,-47,7
-17,-44,7
-15,-46,8
-14,-47,9
-12,-49,13
-12,-52,16
-11,-61,21
-10,-68,21
-11,-74,18
-14,-80,17
-24,-97,20
-28,-105,22
-19,-85,18
-16,-65,19
-15,-53,17
-20,-65,10
-22,-69,7
-23,-72,2
-21,-68,3
-14,-57,5
-13,-55,5
-16,-58,4
-18,-61,1
-21,-60,-3
-19,-60,-4
-13,-62,-4
-7,-64,-2
-7,-64,-2
-11,-67,1
-14,-66,3
-21,-66,11
-21,-68,15
-8,-72,22
5,-71,26
20,-63,32
19,-69,31
12,-71,25
7,-71,19
-3,-73,14
-10,-66,9
-10,-60,7
-12,-53,5
-17,-50,3
-22,-51,3
-24,-49,3
-24,-48,8
-22,-50,11
-15,-54,18
-8,-57,23
-2,-67,22
-8,-70,19
-12,-73,18
-29,-92,19
-31,-101,18
-21,-83,17
-13,-68,20
-12,-62,18
-13,-67,13
-18,-70,7
-20,-70,6
-21,-65,-2
-19,-61,-3
-16,-59,-2
-17,-62,-2
-17,-61,-3
-16,-58,-4
-13,-57,-4
-9,-60,-3
-7,-59,0
-9,-58,2
-11,-59,3
-18,-61,6
-22,-64,8
-29,-70,21
-26,-73,24
2,-74,26
25,-66,28
30,-63,26
18,-64,21
9,-64,17
-10,-67,11
-16,-66,9
-20,-59,7
-19,-56,7
-17,-52,9
-17,-52,10
-19,-53,10
-19,-53,11
-15,-53,13
-8,-56,14
-6,-59,14
-6,-61,13
-8,-59,13
-12,-57,14
-15,-56,15
-24,-67,18
-30,-75,18
-27,-88,21
-21,-90,20
-8,-81,19
-3,-72,14
-4,-69,12
-4,-71,10
-6,-75,8
-11,-75,3
-14,-74,-1
-17,-69,-5
-17,-65,-6
-16,-58,-7
-17,-54,-8
-20,-51,-8
-22,-50,-7
-21,-51,-6
-15,-51,-4
-13,-53,-2
-11,-58,1
-11,-61,3
-12,-67,8
-14,-69,9
-17,-75,13
-16,-78,15
-12,-82,18
-8,-80,20
1,-72,23
14,-64,30
9,-63,27
-3,-63,18
-5,-64,13
-5,-70,9
-7,-70,7
-12,-62,4
-13,-57,5
-17,-52,7
-17,-52,8
-13,-52,10
-10,-51,12
-1,-49,17
4,-51,21
3,-54,21
-3,-68,16
-6,-77,15
-13,-88,14
-17,-88,13
-24,-77,16
-23,-72,16
-16,-65,12
-13,-67,10
-11,-74,6
-12,-76,4
-14,-65,3
-16,-56,2
-17,-55,2
-20,-56,-1
-21,-57,-2
-19,-58,-1
-15,-57,-1
-9,-58,1
-8,-57,2
-8,-54,5
-10,-52,6
-12,-58,6
-12,-63,6
-15,-73,6
-20,-83,7
-24,-81,10
-29,-75,18
-30,-72,20
-17,-70,19
-9,-69,18
3,-67,17
3,-65,16
-5,-59,15
-9,-58,15
-15,-63,12
-16,-65,10
-14,-66,7
-11,-67,9
-9,-66,11
-5,-62,14
-5,-62,14
14,-64,21
17,-62,19
19,-61,18
14,-60,15
1,-59,7
-7,-61,4
-16,-62,2
-16,-63,2
-16,-64,1
-16,-63,2
-17,-62,2
-20,-63,2
-21,-63,2
-22,-64,2
-22,-64,2
-25,-62,4
-25,-60,6
-24,-60,8
-24,-60,10
-23,-61,12
-20,-66,13
-18,-69,13
-12,-77,12
-9,-79,12
-7,-76,12
-9,-75,10
-14,-73,7
-15,-70,5
-15,-65,4
-15,-63,3
-12,-59,3
-10,-57,4
-10,-57,4
-11,-60,3
-12,-62,2
-14,-61,1
-16,-60,1
-18,-59,1
-20,-58,1
-23,-58,3
-23,-58,3
-22,-62,6
-21,-65,6
-21,-72,7
-21,-73,8
-20,-70,9
-22,-63,11
-24,-61,11
-24,-64,11
-21,-65,11
-14,-68,12
-10,-68,12
-6,-67,13
-5,-66,13
-10,-64,10
-12,-62,7
-13,-62,7
-13,-60,7
-12,-58,7
-11,-57,7
-10,-58,7
-11,-59,6
-12,-59,6
-15,-57,7
-16,-57,8
-17,-56,10
-16,-57,12
-14,-61,14
-13,-64,15
-9,-68,16
-8,-68,16
-10,-68,15
-15,-67,14
-16,-66,13
-16,-63,11
-15,-63,12
-12,-61,12
-11,-61,12
-11,-61,11
-11,-61,10
-11,-60,9
-12,-60,8
-13,-59,10
-13,-57,11
-14,-57,10
-16,-58,10
-16,-60,10
-16,-64,11
-16,-65,12
-14,-66,14
-11,-65,14
-8,-65,13
-9,-65,13
-12,-64,11
-13,-63,9
-13,-62,9
-13,-61,9
-13,-60,10
-13,-58,9
-13,-59,10
-12,-61,10
-12,-62,10
-12,-64,10
-12,-65,10
-13,-65,10
-13,-64,9
-13,-63,9
-14,-62,8
-14,-62,8
-13,-61,9
-13,-61,9
-13,-62,10
-13,-63,10
-13,-64,10
-13,-64,10
-14,-64,9
-14,-62,9
-14,-62,8
-14,-61,9
-13,-61,9
-13,-61,9
-14,-61,9
-14,-62,9
-14,-62,10
-14,-62,9
-15,-62,9
-15,-62,9
-15,-63,9
-15,-62,10
-14,-62,10
-13,-62,10
-13,-62,10
-14,-62,10
-14,-62,10
-15,-62,10
-15,-62,10
-16,-63,10
-15,-64,11
-14,-64,10
-14,-63,10
-14,-62,9
-14,-62,8
-14,-62,8
-14,-62,8
-14,-62,8
-14,-62,8
-13,-62,9
-13,-62,8
-13,-62,9
-13,-62,8
-14,-62,9
-14,-62,9
-14,-63,10
-14,-63,10
-13,-63,11
-14,-63,10
-14,-63,10
-14,-62,9
-15,-62,8
-15,-61,8
-15,-61,8
-14,-62,9
-14,-62,9
-14,-62,9
-14,-61,9
-13,-62,9
-13,-62,9
-13,-62,8
-14,-61,7
-14,-61,8
-14,-63,8
-14,-63,9
-14,-63,10
-13,-63,10
-14,-62,10
-14,-62,11
-14,-62,10
-14,-62,10
-15,-63,9
-16,-62,9
-16,-62,9
-16,-62,9
-15,-62,9
-14,-62,9
-14,-62,8
-15,-62,8
-15,-61,8
-15,-61,8
-15,-62,8
-14,-62,9
-14,-63,9
-14,-63,9
-14,-63,8
-14,-63,8
-13,-62,8
-13,-63,8
-14,-63,8
-14,-62,9
-13,-62,9
-14,-62,9
-14,-62,8
-14,-62,8
-15,-62,8
-15,-62,8
-15,-63,9
-14,-63,9
-14,-62,9
-14,-62,9
-14,-63,8
-15,-62,8
-14,-62,8
-14,-62,9
-14,-63,9
-14,-63,10
-15,-63,10
-15,-62,9
-16,-63,9
-16,-63,9
-16,-63,9
-16,-63,9
-16,-63,9
-15,-63,9
-15,-61,9
-15,-61,9
-14,-61,10
-14,-61,10
-14,-61,10
-14,-61,9
-14,-62,9
-15,-62,8
-15,-63,8
-14,-63,9
-13,-63,9
-12,-63,9
-12,-62,9
-9,-61,11
-9,-61,11
-6,-66,14
-4,-72,18
3,-66,23
6,-61,25
-3,-59,17
-11,-57,11
-12,-56,10
-18,-54,9
-18,-53,10
-14,-53,11
-13,-54,12
-11,-59,16
-11,-62,17
-10,-65,23
-11,-65,24
-13,-64,24
-15,-62,24
-16,-66,22
-22,-71,17
-21,-73,14
-19,-75,11
-17,-73,10
-17,-66,9
-17,-63,8
-15,-59,9
-14,-58,9
-11,-60,7
-11,-63,6
-11,-66,4
-13,-65,2
-13,-64,1
-16,-60,-1
-16,-58,-2
-18,-54,-3
-21,-53,-5
-24,-52,-4
-25,-53,-3
-21,-57,-1
-19,-60,1
-14,-68,6
-12,-72,8
-7,-75,10
-5,-79,12
-5,-80,13
-9,-78,14
-11,-76,15
-13,-69,16
-13,-66,16
-10,-59,17
-7,-57,17
-3,-60,15
-2,-64,13
-4,-71,7
-6,-71,3
-8,-62,2
-11,-54,2
-12,-51,3
-15,-48,3
-15,-46,4
-10,-44,10
-8,-44,14
1,-46,18
5,-51,18
-4,-62,19
-3,-66,23
-7,-68,24
-18,-76,24
-22,-86,23
-28,-103,19
-27,-102,18
-19,-75,20
-20,-62,19
-21,-55,13
-22,-59,10
-20,-73,8
-17,-72,8
-19,-74,2
-17,-71,1
-14,-66,3
-18,-62,1
-19,-62,1
-21,-61,-2
-20,-59,-3
-13,-57,-1
-11,-57,-2
-9,-57,0
-9,-56,1
-12,-57,4
-13,-59,7
-12,-67,13
-10,-70,16
-3,-76,25
-3,-78,29
-3,-75,30
-3,-67,30
-3,-65,28
-5,-64,23
-7,-66,18
-9,-65,13
-10,-64,10
-16,-60,5
-20,-56,7
-23,-52,11
-24,-49,12
-22,-47,17
-16,-49,19
-11,-50,20
-3,-56,19
-1,-59,17
-2,-59,13
-5,-58,13
-9,-59,19
-12,-59,19
-15,-58,18
-14,-59,17
-16,-73,20
-18,-94,22
-19,-92,21
-20,-69,20
-19,-61,18
-14,-73,10
-12,-78,4
-13,-84,-3
-16,-86,-1
-13,-71,3
-10,-65,2
-10,-61,-2
-13,-59,-4
-20,-55,-6
-23,-53,-7
-21,-52,-6
-14,-51,-4
-11,-52,-3
-10,-54,0
-11,-54,2
-16,-58,9
-18,-63,14
-4,-73,15
4,-78,17
12,-87,25
2,-90,25
-6,-89,23
-13,-77,17
-11,-69,15
-9,-61,10
-9,-62,9
-11,-63,4
-13,-64,1
-18,-59,-4
-19,-55,-4
-24,-50,-1
-27,-48,1
-28,-47,3
-21,-49,6
-17,-51,9
-5,-53,14
1,-57,19
8,-72,30
3,-76,30
-8,-73,34
-12,-69,34
-16,-66,26
-24,-75,13
-25,-78,7
-23,-77,4
-16,-66,9
-17,-60,12
-17,-65,11
-16,-80,7
-15,-81,4
-11,-74,0
-12,-68,0
-13,-59,0
-15,-57,0
-21,-53,-2
-22,-51,-3
-21,-48,-3
-17,-48,-3
-11,-50,0
-9,-54,3
-9,-56,4
-13,-61,6
-16,-63,7
-20,-69,10
-19,-71,11
-10,-79,14
-5,-82,16
2,-85,19
1,-83,19
-5,-78,17
-9,-71,14
-9,-67,12
-9,-60,8
-9,-58,6
-12,-56,0
-14,-56,-2
-19,-59,-2
-21,-61,-1
-19,-60,3
-16,-58,4
-9,-54,7
-6,-52,8
-4,-52,11
-4,-55,15
-4,-57,17
-5,-64,23
-7,-67,22
-12,-71,15
-12,-71,13
-10,-70,10
-11,-67,8
-13,-62,6
-17,-61,4
-23,-61,2
-29,-64,1
-30,-67,2
-28,-74,4
-27,-74,4
-21,-73,3
-19,-69,3
-18,-64,4
-18,-63,4
-17,-62,3
-16,-62,3
-12,-64,4
-10,-65,4
-5,-64,3
-6,-61,3
-8,-58,3
-13,-59,4
-15,-58,5
-18,-58,6
-18,-58,7
-15,-62,10
-12,-65,12
-6,-71,15
-3,-72,15
-4,-70,14
-8,-69,14
-14,-69,15
-14,-67,15
-14,-65,13
-13,-61,12
-13,-59,12
-13,-59,11
-14,-60,11
-13,-62,10
-13,-63,10
-13,-64,10
-13,-63,10
-11,-62,11
-10,-61,11
-7,-59,12
-5,-59,14
-5,-59,14
-5,-61,15
-5,-63,14
-5,-63,14
-7,-62,13
-9,-61,13
-9,-62,13
-8,-65,14
-8,-67,13
-9,-65,12
-10,-60,11
-10,-59,10
-10,-62,8
-11,-64,6
-14,-66,3
-16,-64,2
-22,-59,3
-27,-58,4
-35,-59,6
-33,-61,7
-24,-66,8
-17,-66,10
-4,-67,16
-2,-71,16
-6,-74,13
-10,-73,7
-12,-71,4
-16,-67,1
-18,-64,1
-26,-61,2
-31,-63,3
-36,-70,6
-36,-72,9
-26,-70,18
-26,-69,22
-42,-72,23
-58,-63,26
-68,-55,28
-72,-40,36
-71,-33,39
-77,-27,39
-73,-27,40
-63,-24,40
-57,-19,38
-51,-10,35
-43,-2,35
-27,7,32
-14,17,32
-8,21,31
1,29,31
5,32,32
13,32,33
12,33,30
12,33,30
9,31,30
15,30,31
17,31,33
20,32,38
20,32,39
20,35,42
24,35,47
24,37,48
19,40,43
17,43,44
18,43,46
21,44,44
26,43,39
25,42,38
27,45,41
24,45,41
20,44,38
21,44,36
22,45,38
18,44,35
21,45,36
20,48,36
18,48,35
17,50,37
18,51,36
16,51,35
15,50,35
13,50,37
13,49,36
14,47,35
14,48,36
13,50,40
15,50,39
15,50,37
14,50,38
14,50,38
17,50,38
19,50,38
19,49,37
18,49,38
18,47,35
18,46,34
14,44,37
8,41,35
10,39,34
14,37,40
16,34,38
17,31,36
15,34,35
8,40,35
6,46,34
0,56,37
-5,59,41
-8,61,52
-11,58,61
-10,48,76
-7,39,73
-6,36,69
-4,33,60
-7,32,54
-8,30,47
-6,29,44
-2,29,40
2,29,39
11,24,41
13,17,40
10,14,35
0,12,36
-3,11,36
-12,1,38
-23,-9,34
-54,-18,26
-61,-15,26
-72,-19,18
-79,-23,17
-77,-27,24
-73,-33,27
-71,-40,31
-69,-49,33
-67,-51,33
-56,-52,31
-56,-51,30
-50,-62,18
-49,-64,15
-35,-72,8
-26,-69,12
-30,-71,4
-31,-71,1
-17,-78,-2
-15,-75,-3
-21,-68,-8
-21,-67,-8
-16,-60,-8
-22,-54,-17
-24,-53,-17
-7,-57,-4
-12,-56,-8
-25,-56,-26
-22,-56,-23
-23,-57,-32
-23,-57,-34
-19,-56,-32
-20,-53,-33
-19,-51,-33
-19,-46,-39
-13,-52,-29
-18,-50,-32
-21,-51,-33
-23,-52,-34
-25,-54,-36
-21,-52,-41
-14,-51,-37
-20,-60,-43
-23,-55,-42
-29,-53,-34
-28,-61,-32
-29,-58,-34
-29,-59,-33
-22,-56,-31
-26,-58,-31
-33,-54,-37
-34,-58,-28
-28,-58,-25
-11,-61,-13
-12,-60,-12
-27,-63,-14
-29,-63,-13
-30,-59,-5
-36,-59,-6
-27,-63,-13
-21,-60,-6
-20,-60,-5
-24,-69,-30
-20,-69,-27
-35,-72,-36
-39,-71,-42
-29,-65,-35
-28,-63,-35
-30,-61,-34
-31,-60,-36
-30,-56,-36
-34,-53,-35
-32,-53,-33
-30,-51,-30
-29,-49,-29
-28,-46,-27
-30,-46,-24
-30,-43,-25
-28,-43,-25
-29,-47,-23
-37,-51,-28
-26,-52,-31
-18,-53,-29
-34,-60,-28
-37,-61,-24
-31,-58,-30
-26,-57,-31
-32,-59,-34
-25,-58,-33
-23,-58,-33
-30,-53,-37
-28,-54,-38
-16,-54,-36
-17,-53,-41
-24,-53,-44
-19,-57,-44
-22,-57,-40
-15,-56,-37
-15,-56,-41
-17,-53,-40
-17,-54,-41
-5,-54,-41
-8,-53,-48
-7,-53,-38
-10,-54,-35
-14,-55,-34
-12,-53,-32
-7,-54,-27
-9,-57,-28
1,-60,-17
21,-61,-19
26,-62,-26
26,-61,-25
1,-70,-20
-54,-57,-54
-37,-52,-38
-32,-49,-15
-41,-53,-7
-37,-51,-21
11,-47,-23
1,-72,-23
5,-93,8
20,-93,9
-12,-86,-15
-20,-77,-18
-14,-64,-16
-12,-63,-8
-22,-58,-16
-16,-57,-21
-14,-54,-26
-17,-54,-30
-22,-50,-21
-21,-53,-17
-24,-62,-14
-28,-60,-16
-33,-60,-19
-31,-59,-12
-23,-52,-19
-26,-50,-21
-20,-53,-11
-22,-50,-9
-33,-50,-14
-46,-53,-15
-29,-56,-20
-28,-43,-25
-25,-44,-27
-20,-47,-28
-24,-54,-23
-29,-56,-25
-38,-61,-24
-42,-61,-24
-53,-55,-26
-57,-52,-33
-42,-51,-29
-36,-45,-30
-34,-46,-29
-32,-48,-27
-14,-52,-21
-27,-48,-27
-29,-53,-25
-24,-57,-13
-31,-54,-13
-41,-52,0
-50,-52,-1
-55,-50,-1
-50,-52,6
-41,-49,0
-46,-48,-7
-40,-49,-3
-33,-48,-1
-29,-49,-7
-23,-50,-7
-21,-48,-5
-29,-44,-6
-34,-44,-8
-46,-45,-2
-51,-45,-2
-62,-53,-2
-51,-50,2
-41,-47,-9
-39,-47,-11
-28,-49,-9
-28,-50,-13
-34,-50,-19
-32,-47,-19
-28,-44,-19
-29,-42,-22
-29,-40,-24
-31,-35,-33
-29,-34,-30
-29,-38,-29
-31,-37,-33
-38,-39,-38
-40,-38,-38
-37,-35,-42
-35,-24,-45
-32,-28,-44
-35,-27,-43
-38,-27,-41
-26,-34,-44
-16,-40,-36
-26,-44,-28
-31,-45,-31
-35,-37,-37
-16,-36,-33
-32,-39,-32
-40,-46,-32
-42,-43,-21
-39,-42,-16
-33,-45,-14
-29,-41,-3
-27,-41,-3
-28,-41,7
-27,-42,10
-48,-47,18
-32,-57,8
-9,-60,26
-11,-64,28
-9,-55,28
-7,-56,28
-15,-56,9
-13,-56,11
-18,-58,18
-27,-67,13
-13,-62,14
12,-48,19
4,-50,7
-6,-56,-9
-11,-57,-2
-18,-57,-6
-27,-57,-10
-31,-56,-17
-27,-59,-14
-28,-61,-17
-23,-63,-16
-20,-63,-18
-21,-56,-20
-16,-58,-15
-22,-52,-24
-22,-52,-28
-21,-47,-24
-20,-45,-27
-16,-48,-17
-27,-39,-19
-29,-37,-11
-70,-49,-17
-86,-45,-34
-22,-61,-19
-16,-76,-11
13,-84,19
24,-77,28
9,-74,23
-7,-76,13
-15,-63,11
-19,-62,5
-31,-56,-1
-31,-57,-1
-19,-61,8
-23,-62,-2
-23,-60,-2
-22,-57,-1
-20,-57,-1
-19,-53,0
-21,-53,0
-24,-54,0
-23,-55,0
-21,-57,2
-21,-57,4
-21,-62,8
-20,-63,9
-20,-66,11
-17,-70,11
-15,-69,11
-10,-68,14
-4,-68,18
2,-67,22
3,-65,22
-3,-62,18
-6,-63,16
-17,-65,12
-21,-68,10
-24,-71,15
-32,-72,16
-36,-72,15
-45,-63,15
-51,-56,16
-65,-50,10
-67,-48,9
-67,-43,11
-64,-41,14
-69,-40,13
-71,-37,14
-65,-32,25
-63,-30,28
-57,-21,35
-48,-14,41
-49,-6,42
-55,6,29
-48,12,31
-36,24,32
-35,27,31
-13,31,35
-5,35,39
-4,34,31
-11,35,26
-3,31,31
9,26,30
6,27,31
-5,33,33
-8,34,34
-6,41,47
-9,44,48
-10,50,46
-10,51,46
-10,50,48
-9,49,47
-10,45,43
-9,45,44
-12,45,43
-11,44,43
-10,45,40
-7,44,41
-7,44,43
-12,46,42
-13,47,42
-13,46,44
-14,45,45
-13,46,45
-13,47,44
-14,47,43
-13,47,42
-14,46,43
-14,45,43
-13,45,43
-13,47,42
-13,46,41
-13,46,42
-13,47,42
-13,47,42
-13,47,42
-12,47,42
-11,46,42
-11,46,43
-12,47,43
-12,47,42
-12,47,42
-12,47,42
-12,47,41
-11,47,41
-12,46,40
-12,46,41
-13,46,42
-13,45,43
-14,45,44
-15,45,43
-16,44,44
-15,43,45
-17,43,45
-19,43,45
-16,42,46
-13,42,48
-18,42,47
-19,42,46
-16,42,46
-16,43,47
-19,43,46
-15,44,46
-12,42,47
-12,43,46
-13,41,43
-13,41,44
-10,40,45
-11,41,46
-7,41,47
-7,43,48
-9,43,48
-8,43,49
-2,45,52
-2,44,50
-4,43,46
-6,43,43
-7,40,44
-3,38,46
-3,40,45
-2,40,41
-3,39,41
-9,40,40
-10,42,41
-12,42,50
-8,43,59
-23,45,44
-24,49,40
-26,51,41
-31,49,34
-35,50,31
-42,52,27
-41,53,25
-43,49,22
-43,47,21
-43,47,12
-39,47,10
-25,47,14
-26,48,15
-37,52,8
-40,52,7
-40,48,12
-41,50,17
-44,51,18
-47,54,14
-39,54,16
-31,50,20
-33,51,14
-37,49,17
-35,47,19
-43,48,14
-40,50,14
-38,51,16
-40,49,16
-44,49,13
-45,50,11
-44,49,14
-49,51,14
-53,51,12
-55,48,8
-50,46,11
-47,38,12
-50,36,9
-46,30,7
-44,30,8
-44,31,4
-44,35,7
-48,38,11
-59,39,14
-59,36,18
-53,38,8
-48,37,4
-44,35,11
-50,35,9
-57,40,7
-51,40,10
-47,39,10
-51,40,12
-62,43,11
-48,46,9
-44,50,4
-47,61,4
-49,65,8
-38,60,6
-32,58,-1
-19,57,4
-19,53,11
-33,46,2
-33,48,3
-34,44,9
-35,44,9
-40,49,3
-43,51,3
-44,50,5
-42,47,7
-40,49,7
-38,51,9
-36,52,11
-39,51,12
-42,51,11
-46,46,14
-47,38,16
-41,21,20
-43,18,16
-47,16,-3
-57,15,-18
-57,11,-18
-62,5,-18
-65,5,-19
-65,4,-30
-63,4,-31
-52,3,-24
-53,0,-27
-59,-4,-25
-60,-6,-23
-60,-8,-22
-65,-11,-26
-69,-16,-25
-64,-17,-22
-64,-17,-24
-65,-19,-26
-63,-17,-23
-57,-18,-20
-54,-21,-18
-51,-28,-18
-54,-32,-20
-66,-45,-23
-75,-60,-27
-80,-78,-32
-60,-58,-18
-53,-50,-10
-48,-51,-5
-49,-54,-8
-52,-62,-18
-49,-62,-20
-32,-57,-12
-27,-53,-7
-33,-51,-8
-37,-51,-11
-37,-49,-15
-35,-48,-15
-29,-48,-12
-27,-47,-11
-25,-48,-10
-27,-48,-6
-30,-48,-3
-36,-53,6
-35,-57,10
-36,-66,18
-39,-70,20
-39,-65,27
-37,-61,28
-32,-57,26
-33,-62,16
-32,-63,12
-29,-62,6
-28,-60,6
-30,-50,6
-31,-48,6
-32,-46,3
-33,-46,2
-35,-47,0
-34,-48,2
-32,-51,6
-32,-52,9
-34,-56,16
-29,-58,17
-28,-60,15
-26,-60,14
-26,-58,15
-31,-57,15
-34,-63,13
-45,-89,9
-48,-107,3
-34,-75,3
-24,-60,7
-25,-73,5
-26,-82,1
-24,-85,-6
-20,-70,-7
-17,-66,-5
-12,-63,-2
-13,-61,-3
-19,-56,-6
-21,-54,-7
-20,-54,-8
-16,-54,-7
-12,-58,-6
-14,-57,-2
-16,-61,-1
-20,-63,1
-30,-66,14
-32,-68,24
-20,-68,28
30,-67,39
50,-64,43
44,-75,30
32,-77,24
4,-78,15
-7,-75,13
-21,-62,9
-24,-56,8
-25,-49,7
-27,-49,8
-28,-48,8
-27,-50,8
-27,-51,10
-30,-54,14
-31,-60,14
-30,-69,17
-29,-74,16
-29,-93,18
-28,-103,19
-11,-93,21
-6,-77,20
-6,-64,14
-8,-71,8
-9,-72,7
-18,-66,5
-23,-63,5
-20,-66,2
-16,-67,1
-11,-69,0
-14,-70,-1
-19,-65,-5
-20,-63,-7
-19,-60,-8
-18,-59,-8
-15,-58,-7
-17,-61,-4
-21,-60,1
-30,-58,14
-32,-57,19
-15,-52,36
5,-56,46
41,-58,48
45,-65,37
32,-78,24
19,-76,21
-6,-65,19
-18,-53,17
-20,-49,14
-20,-46,11
-21,-46,11
-24,-48,13
-24,-51,16
-24,-56,24
-19,-57,26
-4,-62,28
1,-66,30
3,-66,31
-1,-59,30
-13,-60,22
-31,-87,20
-38,-102,18
-29,-87,14
-20,-67,14
-15,-58,10
-16,-69,6
-18,-76,2
-18,-74,1
-13,-63,2
-10,-61,1
-7,-61,2
-7,-57,2
-16,-57,-1
-22,-53,-2
-23,-53,-3
-17,-58,-1
-13,-61,0
-8,-64,6
-9,-66,10
-11,-70,20
-8,-72,24
5,-71,33
10,-69,36
15,-65,36
14,-63,32
8,-67,22
-1,-74,12
-6,-75,10
-15,-64,7
-18,-56,6
-23,-49,4
-24,-49,4
-26,-47,3
-27,-46,4
-26,-48,9
-24,-50,13
-18,-54,21
-12,-63,27
-8,-69,27
-5,-63,25
-9,-65,23
-26,-92,27
-31,-109,28
-13,-92,22
-4,-70,20
-7,-66,15
-10,-71,10
-16,-75,6
-19,-73,5
-17,-63,3
-11,-54,3
-9,-52,3
-13,-51,1
-18,-53,-1
-23,-54,-4
-22,-55,-3
-14,-59,-2
-11,-63,0
-7,-67,4
-7,-69,7
-11,-70,13
-12,-74,21
-11,-74,28
1,-69,35
10,-63,35
19,-62,28
16,-68,22
4,-76,14
-2,-78,11
-11,-71,4
-14,-65,2
-18,-52,0
-21,-47,1
-26,-42,3
-26,-42,6
-23,-43,7
-18,-47,12
-16,-49,15
-17,-64,19
-20,-76,19
-32,-93,21
-39,-104,22
-26,-100,21
-12,-82,20
0,-63,18
-1,-67,15
-5,-69,9
-12,-72,10
-16,-68,9
-17,-56,4
-16,-54,3
-15,-55,2
-17,-56,1
-22,-58,-3
-23,-58,-4
-16,-58,-3
-13,-59,-2
-9,-62,-1
-9,-63,0
-13,-64,5
-16,-66,10
-17,-68,13
-16,-73,26
-11,-71,33
8,-61,38
15,-61,36
17,-75,21
12,-78,15
-1,-76,7
-6,-69,7
-15,-54,5
-21,-46,2
-23,-45,3
-28,-45,4
-28,-45,6
-23,-47,11
-21,-47,15
-16,-53,23
-13,-61,25
-9,-70,23
-11,-76,21
-24,-100,22
-24,-112,22
-13,-82,22
-10,-55,20
-12,-59,17
-14,-73,11
-13,-74,9
-13,-63,5
-14,-56,5
-15,-51,6
-15,-58,7
-19,-58,2
-20,-56,-1
-18,-56,-1
-16,-58,-1
-12,-59,-2
-11,-62,-1
-12,-61,-1
-15,-65,3
-16,-66,6
-20,-72,13
-21,-75,20
-9,-71,34
7,-68,37
30,-64,32
32,-69,25
19,-72,15
2,-72,7
-6,-67,6
-16,-54,2
-19,-49,1
-23,-44,2
-25,-43,2
-29,-44,4
-28,-45,5
-24,-48,11
-20,-51,15
-12,-62,19
-10,-83,20
-15,-93,22
-22,-111,22
-17,-109,22
-11,-70,19
-12,-62,18
-15,-73,12
-12,-77,10
-9,-72,6
-9,-65,5
-11,-57,5
-11,-54,5
-12,-55,4
-15,-56,2
-19,-57,-3
-18,-58,-4
-15,-58,-3
-10,-60,-3
-10,-60,-2
-14,-66,-1
-17,-69,1
-22,-69,8
-25,-68,16
-18,-65,30
-4,-63,35
22,-61,34
28,-66,29
24,-73,21
9,-70,18
1,-66,17
-13,-56,13
-17,-51,12
-20,-44,10
-20,-44,9
-19,-47,9
-19,-51,11
-21,-59,16
-21,-62,19
-11,-66,24
0,-64,25
0,-61,23
-7,-61,19
-13,-68,19
-27,-99,21
-27,-101,17
-17,-72,16
-14,-59,16
-14,-64,10
-16,-67,6
-17,-78,3
-15,-74,2
-11,-60,3
-7,-57,5
-8,-57,4
-14,-56,1
-17,-54,-2
-19,-54,-4
-17,-53,-4
-12,-55,-1
-10,-57,0
-9,-60,4
-11,-62,7
-17,-70,13
-12,-77,18
-6,-80,20
4,-79,30
6,-74,32
7,-61,29
5,-62,24
1,-68,14
-3,-70,11
-8,-66,7
-11,-60,7
-13,-52,6
-15,-49,7
-18,-47,8
-18,-46,11
-18,-46,13
-15,-46,19
-12,-48,22
-8,-57,27
-8,-71,25
-17,-100,18
-24,-108,18
-26,-97,21
-22,-77,21
-16,-53,16
-15,-57,13
-15,-67,8
-13,-67,6
-14,-63,6
-15,-52,5
-14,-50,5
-17,-49,3
-19,-51,2
-21,-56,1
-19,-58,0
-16,-64,0
-13,-66,0
-8,-67,2
-10,-69,4
-17,-74,7
-20,-73,11
-20,-72,14
-14,-64,27
-7,-60,30
16,-62,25
23,-64,21
17,-67,15
10,-65,12
-7,-58,10
-12,-53,10
-21,-48,10
-23,-48,10
-22,-49,10
-17,-52,13
-14,-52,16
-9,-56,23
-8,-59,23
-7,-68,21
-9,-73,20
-18,-83,21
-23,-92,24
-23,-102,20
-20,-88,17
-15,-59,15
-13,-66,12
-11,-70,9
-12,-67,5
-15,-67,4
-18,-61,4
-17,-57,4
-15,-54,2
-17,-54,0
-21,-55,-3
-22,-55,-5
-18,-59,-7
-15,-59,-4
-12,-62,-1
-14,-64,3
-16,-64,6
-20,-68,13
-16,-73,15
-5,-80,23
1,-76,25
31,-67,41
10,-60,34
3,-62,22
4,-66,19
6,-74,16
-7,-68,5
-13,-61,2
-14,-52,4
-16,-50,3
-25,-52,1
-30,-52,0
-35,-54,-1
-32,-55,2
-23,-54,11
-20,-58,14
-17,-72,18
-16,-78,17
-22,-98,18
-20,-110,18
-7,-83,18
-7,-63,16
-9,-65,12
-11,-75,7
-12,-79,6
-15,-62,2
-16,-55,2
-15,-51,4
-13,-55,4
-15,-58,1
-18,-59,-1
-20,-59,-4
-16,-57,-5
-14,-57,-5
-12,-57,-5
-13,-58,-5
-17,-62,-5
-21,-62,-3
-26,-65,4
-30,-69,11
-26,-74,23
-11,-72,27
21,-63,34
29,-67,31
26,-77,22
10,-76,16
3,-72,13
-10,-57,9
-14,-52,9
-17,-46,8
-18,-46,8
-18,-48,8
-16,-47,8
-16,-47,12
-15,-49,15
-15,-57,19
-14,-71,18
-14,-74,17
-17,-84,18
-22,-98,21
-20,-97,19
-16,-82,16
-12,-59,14
-13,-60,13
-17,-69,8
-18,-70,5
-23,-62,1
-24,-60,1
-21,-54,3
-19,-55,2
-20,-56,1
-21,-59,-2
-20,-59,-2
-16,-59,-3
-14,-59,-3
-11,-63,-4
-13,-65,-3
-18,-67,2
-20,-67,6
-22,-73,12
-13,-82,18
-5,-82,24
15,-71,35
21,-63,36
16,-58,24
11,-62,19
0,-68,10
-4,-71,7
-11,-64,4
-14,-59,3
-17,-51,2
-18,-49,1
-26,-50,-1
-30,-49,-2
-31,-49,2
-24,-53,9
-19,-54,14
-11,-63,20
-10,-71,21
-14,-74,19
-19,-78,19
-26,-98,22
-23,-104,22
-10,-75,18
-8,-62,18
-10,-61,14
-11,-68,9
-15,-68,7
-23,-68,4
-21,-65,3
-15,-60,3
-13,-60,4
-16,-60,0
-18,-59,-2
-22,-57,-6
-22,-55,-7
-19,-54,-6
-15,-56,-5
-10,-58,-3
-13,-65,-3
-17,-67,0
-24,-69,5
-28,-69,11
-25,-68,24
-14,-68,27
10,-65,30
17,-71,26
20,-79,21
18,-78,21
9,-74,16
3,-67,12
-8,-57,6
-16,-51,6
-19,-49,7
-20,-48,9
-18,-47,12
-17,-49,18
-13,-50,19
-6,-58,21
-7,-66,21
-14,-76,20
-17,-76,18
-25,-83,17
-34,-86,16
-36,-75,15
-33,-54,14
-28,-49,13
-22,-55,10
-21,-61,9
-22,-72,7
-21,-75,7
-16,-71,6
-13,-71,6
-9,-65,6
-9,-65,3
-12,-59,-3
-16,-56,-6
-17,-53,-5
-20,-52,-3
-18,-54,-2
-14,-57,-1
-14,-60,0
-15,-65,6
-15,-68,10
-9,-74,16
-5,-75,19
-1,-72,26
0,-68,27
1,-62,26
2,-65,21
1,-70,16
-3,-77,10
-7,-76,8
-15,-62,5
-18,-56,4
-23,-50,2
-25,-49,1
-30,-48,0
-32,-48,2
-28,-52,12
-25,-58,17
-6,-65,24
6,-69,30
5,-68,29
-5,-65,24
-11,-69,22
-28,-88,22
-32,-97,20
-27,-77,19
-24,-65,19
-20,-55,12
-19,-62,9
-17,-78,4
-12,-80,1
-12,-73,1
-11,-59,2
-11,-57,0
-15,-56,-4
-18,-54,-5
-22,-51,-7
-22,-50,-6
-17,-50,-4
-14,-52,-4
-10,-56,-1
-10,-57,2
-14,-62,9
-16,-70,14
-13,-76,14
0,-86,19
4,-85,24
8,-75,28
7,-69,27
4,-66,21
2,-68,19
-1,-71,13
-3,-72,11
-8,-68,6
-13,-61,3
-16,-56,2
-24,-51,3
-28,-51,4
-29,-53,7
-25,-54,9
-13,-55,16
-6,-57,19
5,-60,23
6,-61,22
-3,-59,20
-7,-55,20
-14,-50,19
-20,-55,18
-24,-65,17
-34,-92,20
-33,-98,20
-25,-76,23
-19,-66,24
-11,-65,17
-10,-65,13
-9,-71,6
-9,-77,6
-10,-79,7
-11,-73,6
-14,-64,2
-17,-57,-3
-19,-54,-5
-23,-49,-6
-24,-49,-7
-22,-52,-6
-19,-53,-5
-14,-53,-2
-11,-55,0
-8,-63,4
-8,-66,6
-11,-71,10
-12,-72,12
-9,-75,15
-2,-77,21
-1,-77,24
-2,-75,22
-6,-72,20
-1,-71,24
-5,-70,21
-7,-69,17
-9,-69,16
-14,-63,10
-16,-61,7
-20,-60,4
-24,-59,4
-24,-61,4
-21,-61,4
-18,-60,5
-13,-59,9
-11,-59,11
-5,-57,16
-2,-55,18
2,-53,21
3,-54,22
3,-55,24
1,-56,23
-1,-60,23
-8,-62,21
-12,-62,18
-11,-62,16
-12,-63,15
-15,-66,16
-18,-69,16
-24,-75,17
-26,-77,18
-27,-77,18
-25,-74,17
-18,-68,15
-16,-67,15
-13,-68,12
-11,-72,8
-11,-71,7
-12,-69,6
-13,-66,5
-14,-58,4
-14,-56,4
-13,-57,2
-12,-55,1
-11,-55,0
-11,-57,1
-12,-61,2
-13,-59,2
-15,-58,2
-19,-60,3
-21,-60,3
-22,-63,4
-20,-65,6
-17,-73,8
-16,-77,8
-14,-73,11
-16,-69,13
-19,-64,15
-17,-65,15
-11,-65,14
-4,-64,15
-1,-64,15
-1,-62,15
-5,-61,14
-10,-62,12
-11,-62,11
-10,-63,10
-8,-64,10
-7,-65,9
-7,-65,9
-7,-64,8
-7,-63,7
-7,-62,7
-8,-58,7
-9,-56,8
-10,-56,13
-11,-56,15
-11,-58,16
-12,-59,19
-7,-61,22
-12,-61,21
-17,-61,20
-16,-60,22
-16,-60,21
-14,-62,21
-15,-68,20
-21,-67,17
-22,-63,15
-25,-58,14
-27,-57,15
-29,-58,14
-28,-60,15
-20,-63,16
-17,-63,16
-13,-66,17
-13,-69,17
-13,-71,14
-13,-65,9
-15,-63,7
-17,-59,3
-18,-57,2
-22,-53,2
-23,-52,2
-21,-52,3
-18,-53,4
-13,-56,7
-11,-58,9
-8,-63,11
-8,-66,11
-11,-70,11
-16,-71,11
-17,-72,12
-16,-76,13
-14,-77,14
-11,-79,14
-10,-77,14
-12,-69,12
-13,-65,12
-14,-59,11
-13,-58,11
-10,-56,10
-9,-56,7
-10,-60,6
-12,-64,5
-12,-65,5
-10,-63,8
-8,-61,9
-4,-54,11
-3,-52,12
-2,-51,14
-2,-51,16
-3,-49,18
-3,-50,18
-2,-54,20
-3,-64,23
-9,-68,21
-19,-71,13
-17,-72,14
-14,-82,15
-20,-89,12
-24,-91,7
-25,-82,6
-24,-65,9
-18,-60,8
-16,-61,6
-13,-63,4
-11,-68,1
-13,-66,-2
-14,-64,-3
-16,-61,-2
-16,-61,-2
-17,-60,-2
-18,-59,-3
-15,-56,-2
-12,-55,-1
-7,-53,3
-6,-54,4
-8,-61,6
-10,-65,6
-15,-70,5
-17,-73,6
-16,-75,7
-13,-79,9
-12,-80,9
-12,-74,12
-12,-68,14
-10,-55,16
-9,-53,14
-7,-57,6
-6,-60,4
-9,-67,0
-14,-59,0
-16,-56,3
-19,-54,7
-18,-55,7
-11,-58,10
-7,-57,12
-2,-54,22
-1,-52,25
-3,-55,23
-7,-58,20
-9,-65,16
-12,-65,16
-18,-60,13
-16,-70,16
-21,-82,16
-23,-94,10
-23,-89,8
-22,-66,11
-22,-56,11
-18,-62,7
-16,-68,3
-15,-67,-2
-16,-67,-2
-18,-65,1
-13,-66,0
-13,-64,-1
-16,-65,-3
-17,-62,-2
-16,-58,-3
-15,-58,-3
-11,-57,-1
-9,-58,0
-9,-59,5
-11,-61,7
-12,-70,9
-12,-74,12
-10,-78,18
-3,-76,25
3,-72,28
9,-62,24
8,-61,18
1,-63,11
-3,-63,9
-13,-63,5
-16,-59,4
-19,-51,3
-20,-47,4
-22,-45,7
-23,-47,9
-21,-51,15
-9,-51,20
-4,-54,24
1,-62,29
1,-68,28
-5,-70,20
-10,-71,19
-25,-89,21
-31,-101,19
-25,-83,15
-21,-69,15
-16,-58,14
-14,-64,11
-11,-71,7
-12,-64,4
-13,-58,4
-13,-55,4
-13,-57,4
-16,-57,1
-18,-58,-1
-18,-58,-1
-15,-57,-1
-12,-60,-1
-11,-62,-1
-12,-61,1
-15,-63,5
-16,-64,8
-17,-69,14
-15,-72,19
-3,-75,29
5,-71,33
17,-61,33
17,-61,28
8,-68,15
2,-69,11
-8,-70,7
-12,-64,7
-16,-54,5
-18,-47,5
-20,-46,5
-22,-46,5
-20,-47,8
-15,-50,15
-11,-52,17
-6,-58,21
-6,-63,22
-11,-68,23
-15,-68,23
-22,-80,23
-26,-94,25
-20,-108,22
-8,-68,21
-9,-57,20
-13,-73,12
-13,-80,9
-12,-74,2
-15,-68,1
-18,-62,3
-16,-63,3
-15,-61,-1
-17,-61,-3
-20,-59,-4
-16,-61,-4
-14,-63,-4
-9,-61,-2
-8,-60,-1
-9,-66,1
-11,-65,3
-18,-62,13
-21,-61,20
-8,-58,30
6,-57,33
26,-63,31
27,-69,26
18,-76,21
4,-71,16
-3,-66,13
-13,-57,9
-15,-54,8
-19,-52,7
-21,-51,8
-22,-52,10
-20,-54,12
-20,-58,18
-20,-62,20
-16,-69,19
-14,-68,18
-22,-76,15
-32,-98,20
-30,-100,19
-12,-74,19
-9,-61,18
-13,-70,11
-15,-74,6
-16,-76,4
-16,-73,4
-12,-61,5
-10,-58,5
-10,-57,2
-15,-54,-1
-18,-53,-2
-19,-52,-4
-15,-54,-4
-10,-59,-2
-8,-61,-2
-8,-63,0
-10,-66,2
-18,-71,8
-20,-72,12
-18,-71,22
-12,-68,27
5,-62,31
14,-63,25
12,-69,19
2,-75,13
-3,-73,11
-13,-60,9
-17,-54,8
-22,-48,5
-24,-49,4
-26,-51,4
-24,-52,5
-21,-54,10
-21,-55,17
-22,-60,21
-20,-71,21
-21,-75,19
-28,-90,18
-30,-105,17
-13,-92,18
-6,-74,17
-9,-64,13
-10,-67,9
-12,-71,7
-14,-68,5
-15,-56,2
-13,-50,2
-11,-49,2
-15,-50,0
-19,-53,-2
-25,-55,-5
-23,-58,-6
-17,-65,-3
-13,-66,-2
-7,-68,0
-8,-65,1
-20,-64,6
-29,-65,19
-27,-66,22
-1,-63,24
15,-60,30
24,-66,40
20,-69,38
4,-71,24
-2,-68,19
-14,-59,12
-18,-56,10
-20,-51,9
-21,-49,8
-20,-48,8
-19,-47,10
-18,-50,15
-16,-55,18
-14,-56,18
-11,-60,18
-12,-60,17
-24,-71,19
-34,-84,22
-44,-117,20
-33,-113,17
-9,-69,20
-7,-61,16
-9,-64,6
-9,-67,5
-10,-75,9
-14,-64,9
-13,-66,6
-12,-65,-1
-12,-65,-2
-16,-63,-6
-19,-62,-8
-21,-58,-9
-21,-58,-9
-19,-59,-6
-17,-60,-4
-16,-64,-1
-16,-65,6
-14,-66,10
-5,-64,19
1,-62,25
14,-58,31
16,-60,32
9,-74,30
6,-77,26
4,-74,20
3,-70,18
-9,-61,10
-12,-60,8
-19,-56,5
-27,-53,4
-30,-52,4
-32,-55,7
-31,-56,10
-24,-60,13
-22,-64,14
-19,-70,16
-21,-75,17
-27,-92,21
-26,-101,22
-12,-86,19
-8,-65,14
-9,-65,12
-9,-68,8
-11,-65,8
-18,-63,6
-19,-60,5
-14,-59,3
-11,-62,3
-13,-65,2
-17,-66,-1
-19,-61,-4
-19,-58,-6
-16,-54,-7
-13,-53,-6
-14,-52,-5
-18,-51,1
-20,-51,6
-21,-58,13
-15,-63,15
1,-76,22
6,-82,29
9,-82,37
8,-76,35
0,-64,25
-4,-65,19
-8,-72,13
-9,-72,9
-10,-65,7
-14,-53,6
-16,-50,5
-24,-49,5
-27,-50,7
-23,-47,13
-20,-48,16
-10,-48,24
-6,-49,29
-4,-62,31
-7,-73,26
-21,-95,21
-25,-104,18
-21,-91,15
-15,-62,13
-14,-57,12
-15,-64,10
-16,-68,8
-19,-64,3
-21,-60,0
-20,-53,0
-18,-51,0
-19,-52,1
-21,-54,-1
-23,-56,-4
-20,-57,-4
-18,-60,-4
-14,-65,-4
-13,-67,-4
-17,-69,1
-20,-68,4
-26,-74,11
-27,-81,15
-12,-83,25
3,-74,30
26,-58,33
19,-65,23
13,-67,20
2,-72,12
-2,-70,9
-8,-58,5
-10,-54,4
-16,-48,4
-20,-46,4
-28,-46,5
-26,-47,6
-17,-50,10
-11,-50,14
-6,-52,21
-15,-66,21
-21,-75,19
-34,-87,20
-38,-100,20
-21,-104,16
-8,-86,15
-6,-63,16
-9,-63,13
-13,-69,9
-15,-69,8
-20,-61,2
-22,-54,-1
-20,-53,-1
-18,-61,0
-20,-65,-1
-21,-64,-4
-20,-62,-4
-16,-64,-4
-14,-64,-5
-11,-64,-6
-12,-63,-4
-17,-63,5
-19,-62,9
-18,-63,16
-11,-64,20
8,-66,33
22,-64,40
24,-65,37
13,-74,23
6,-76,17
-7,-75,8
-12,-72,7
-17,-59,8
-19,-55,8
-23,-52,7
-25,-51,5
-28,-48,6
-23,-48,14
-21,-49,17
-14,-56,23
-12,-60,24
-9,-65,27
-9,-64,29
-13,-69,29
-18,-79,27
-25,-97,23
-20,-93,21
-15,-64,21
-15,-55,19
-15,-57,11
-16,-61,9
-18,-64,7
-22,-67,1
-21,-65,-1
-18,-59,1
-17,-57,0
-23,-54,1
-26,-53,2
-31,-53,-3
-25,-53,-1
-20,-53,4
-20,-57,10
-21,-60,15
-20,-63,20
-14,-64,23
6,-70,29
13,-76,32
20,-84,34
17,-83,33
4,-73,26
-2,-67,21
-12,-67,12
-15,-70,8
-19,-72,1
-16,-65,-4
-14,-61,-5
-15,-52,-6
-20,-47,-4
-34,-42,4
-39,-42,9
-31,-46,11
-21,-48,14
2,-54,31
11,-58,39
9,-68,34
-9,-79,25
-17,-77,26
-22,-84,23
-22,-93,21
-17,-90,17
-15,-78,16
-15,-60,15
-14,-62,12
-11,-62,7
-10,-59,5
-12,-58,3
-14,-59,4
-19,-60,1
-21,-58,-1
-25,-53,-1
-28,-53,-2
-32,-54,-3
-24,-53,7
-22,-56,8
-16,-57,14
-14,-58,18
-4,-59,27
-1,-59,32
2,-64,38
0,-68,38
-8,-81,37
-9,-76,40
-7,-67,41
-6,-63,40
-5,-65,38
-6,-74,24
-7,-72,19
-10,-62,7
-13,-56,3
-19,-46,-1
-22,-41,-1
-26,-35,-1
-28,-35,0
-30,-41,5
-31,-45,13
-28,-47,18
-15,-56,26
-7,-62,29
1,-71,27
-6,-73,24
-23,-90,24
-35,-99,27
-27,-109,25
-17,-97,24
-9,-63,20
-9,-62,16
-13,-71,8
-15,-83,6
-15,-80,5
-11,-70,3
-8,-66,3
-7,-64,1
-9,-61,-1
-17,-61,-4
-20,-58,-6
-20,-54,-7
-16,-52,-5
-10,-52,-3
-9,-56,1
-14,-60,5
-21,-66,15
-18,-69,19
9,-73,28
23,-75,35
35,-71,39
27,-67,34
6,-75,21
-3,-79,15
-13,-84,6
-15,-77,3
-14,-61,2
-17,-48,3
-19,-44,3
-27,-42,1
-30,-41,1
-25,-43,4
-23,-45,6
-25,-48,13
-31,-52,17
-38,-62,22
-38,-67,20
-52,-94,18
-47,-111,12
0,-108,10
12,-68,15
8,-64,13
0,-69,11
-5,-69,12
-20,-68,12
-24,-63,7
-17,-57,0
-9,-61,1
-9,-62,1
-11,-64,1
-18,-63,-3
-20,-63,-4
-14,-67,-4
-10,-66,-4
-9,-67,-6
-12,-70,-5
-14,-69,-3
-21,-58,6
-24,-49,14
-26,-44,26
-18,-49,26
10,-71,22
24,-78,21
31,-75,18
14,-64,14
6,-62,12
-14,-57,9
-19,-56,7
-25,-54,4
-25,-54,5
-22,-59,10
-22,-61,13
-24,-62,15
-25,-64,15
-25,-71,16
-26,-75,15
-30,-102,20
-7,-98,19
0,-79,18
-7,-71,12
-13,-76,7
-16,-80,3
-16,-74,1
-16,-58,-1
-17,-53,0
-15,-56,0
-15,-56,0
-17,-59,-2
-17,-60,-2
-15,-63,-3
-10,-64,-3
-8,-63,-3
-8,-66,-5
-11,-69,-5
-22,-66,4
-28,-62,11
-30,-55,23
-20,-53,26
11,-63,29
25,-71,28
36,-78,21
20,-71,16
8,-67,13
-11,-57,10
-18,-52,9
-25,-49,8
-26,-51,8
-21,-52,12
-18,-55,14
-18,-60,21
-18,-62,23
-16,-69,21
-14,-68,19
-19,-64,17
-33,-83,17
-41,-97,17
-28,-96,18
-13,-77,23
-9,-62,23
-13,-67,17
-24,-77,8
-25,-77,4
-22,-70,-3
-20,-67,-2
-16,-67,0
-16,-69,-1
-17,-68,-3
-16,-65,-4
-15,-62,-5
-14,-59,-7
-13,-59,-8
-14,-56,-4
-15,-57,-3
-24,-59,4
-27,-61,9
-25,-60,15
-22,-60,24
3,-62,34
22,-67,39
47,-75,45
26,-77,33
14,-71,27
-4,-58,19
-12,-56,14
-24,-55,10
-27,-56,9
-29,-59,9
-28,-61,10
-29,-64,13
-31,-63,15
-31,-60,16
-22,-63,13
-17,-63,12
-13,-66,11
-18,-76,15
-25,-100,18
-23,-95,16
-19,-71,12
-20,-67,9
-20,-74,0
-19,-77,-2
-16,-76,-3
-15,-70,-2
-13,-64,0
-11,-63,-1
-11,-64,-2
-16,-64,-5
-17,-62,-6
-17,-61,-8
-15,-60,-8
-11,-61,-7
-10,-62,-7
-14,-67,-4
-19,-69,2
-31,-67,18
-21,-58,30
-1,-56,34
36,-64,38
45,-76,33
36,-81,22
24,-79,17
1,-71,9
-7,-66,6
-22,-57,2
-26,-53,1
-29,-48,2
-28,-46,4
-28,-51,7
-30,-58,9
-32,-60,10
-32,-67,11
-31,-70,13
-28,-81,17
-31,-93,20
-22,-106,22
-11,-89,22
-6,-64,17
-8,-67,12
-10,-76,6
-11,-81,6
-13,-73,6
-11,-64,3
-8,-65,2
-8,-67,0
-11,-69,-1
-17,-67,-5
-18,-64,-7
-14,-59,-7
-12,-59,-7
-8,-58,-7
-8,-58,-7
-14,-60,-3
-20,-60,4
-25,-59,15
-12,-56,23
7,-56,28
36,-65,37
37,-74,33
19,-85,17
10,-86,12
-7,-79,5
-14,-74,3
-24,-63,2
-27,-58,1
-30,-51,2
-31,-48,2
-32,-49,3
-31,-52,7
-31,-54,8
-28,-66,11
-25,-68,12
-23,-77,17
-29,-92,23
-19,-111,20
-8,-94,17
-4,-65,13
-6,-68,10
-9,-72,3
-5,-76,14
-12,-67,12
-11,-62,3
-9,-63,2
-7,-67,1
-10,-68,-1
-18,-65,-5
-20,-62,-7
-19,-60,-8
-16,-60,-7
-12,-57,-6
-11,-59,-7
-13,-60,-4
-21,-59,6
-23,-57,10
-20,-55,21
-9,-56,23
18,-68,28
30,-79,35
24,-88,32
17,-85,26
1,-73,17
-6,-68,14
-17,-59,11
-19,-55,9
-19,-53,9
-20,-51,9
-21,-52,10
-25,-54,13
-26,-54,14
-23,-63,15
-21,-66,14
-18,-66,15
-20,-80,19
-20,-93,20
-17,-92,19
-11,-72,15
-14,-62,12
-13,-66,10
-11,-71,6
-12,-72,4
-17,-68,3
-17,-64,4
-12,-60,4
-12,-61,3
-15,-62,1
-17,-61,-1
-18,-61,-4
-17,-62,-4
-12,-64,-4
-12,-63,-5
-16,-62,-4
-24,-62,2
-28,-61,6
-31,-62,18
-24,-62,23
-9,-60,27
-8,-62,28
-16,-70,29
-23,-69,28
-43,-71,15
-61,-59,2
-84,-44,-2
-93,-42,1
-52,-31,12
-46,-36,0
-59,-33,-5
-52,-26,-5
-41,-25,1
-34,-21,8
-42,-21,2
-49,-18,11
-49,-16,9
-61,-10,-3
-55,-10,-7
-47,-10,-8
-56,-13,-13
-67,-13,-14
-68,-16,-13
-64,-15,-10
-61,-18,-10
-60,-21,-11
-65,-25,-13
-63,-24,-10
-54,-23,-9
-52,-23,-9
-58,-28,-10
-61,-30,-2
-61,-26,5
-58,-26,3
-52,-24,4
-64,-26,3
-67,-28,0
-62,-32,-2
-54,-35,0
-53,-35,4
-50,-37,3
-54,-37,3
-59,-35,1
-60,-30,2
-56,-29,6
-56,-29,7
-56,-29,6
-56,-32,6
-52,-32,9
-52,-31,9
-57,-31,7
-57,-30,7
-47,-29,6
-44,-29,4
-56,-33,1
-61,-33,-1
-61,-34,-3
-72,-39,-10
-64,-39,-8
-52,-37,-3
-48,-37,2
-50,-34,4
-53,-34,3
-49,-32,3
-52,-31,2
-50,-30,0
-46,-31,-3
-44,-35,-6
-66,-35,-14
-77,-33,-16
-67,-34,-13
-63,-34,-11
-53,-33,-5
-49,-33,-7
-57,-31,-13
-59,-30,-15
-59,-28,-14
-57,-28,-15
-57,-28,-18
-57,-28,-18
-55,-28,-15
-52,-28,-13
-50,-29,-15
-55,-28,-20
-56,-29,-24
-57,-30,-33
-55,-30,-33
-52,-31,-29
-51,-31,-28
-50,-31,-26
-50,-30,-25
-52,-29,-25
-52,-29,-24
-52,-29,-24
-52,-30,-25
-51,-29,-25
-52,-30,-26
-52,-30,-26
-52,-30,-26
-51,-30,-26
-51,-30,-26
-51,-30,-26
-51,-30,-26
-51,-30,-26
-51,-30,-26
-52,-30,-27
-51,-30,-27
-51,-29,-27
-51,-29,-27
-52,-29,-27
-52,-29,-27
-51,-30,-27
-51,-30,-27
-51,-30,-27
-51,-30,-27
-51,-30,-26
-51,-30,-26
-52,-30,-27
-52,-30,-26
-52,-30,-26
-52,-30,-26
-51,-30,-26
-51,-30,-26
-51,-30,-26
-51,-30,-26
-51,-29,-26
-51,-30,-26
-51,-30,-26
-52,-30,-26
-51,-30,-26
-51,-30,-26
-50,-30,-26
-51,-30,-26
-52,-30,-27
-51,-30,-26
-51,-30,-26
-51,-30,-27
-51,-29,-27
-51,-30,-26
-51,-30,-26
-51,-30,-27
-51,-30,-27
-51,-30,-27
-51,-30,-27
-51,-29,-27
-52,-30,-26
-51,-30,-27
-51,-30,-26
-52,-30,-27
-52,-30,-27
-51,-30,-26
-51,-30,-26
-52,-30,-27
-52,-30,-27
-52,-30,-27
-51,-31,-27
-51,-31,-26
-51,-31,-26
-52,-30,-26
-52,-30,-26
-52,-30,-25
-52,-30,-25
-52,-30,-25
-51,-30,-24
-51,-30,-24
-52,-30,-24
-52,-30,-24
-53,-30,-24
-53,-30,-23
-53,-30,-23
-53,-30,-23
-53,-29,-23
-53,-29,-23
-53,-29,-23
-53,-30,-23
-53,-29,-22
-53,-29,-22
-53,-29,-22
-53,-28,-22
-53,-28,-22
-54,-28,-22
-53,-29,-22
-54,-29,-22
-54,-28,-22
-54,-28,-22
-53,-28,-23
-52,-29,-23
-52,-29,-23
-52,-29,-23
-53,-29,-23
-53,-30,-23
-54,-29,-24
-54,-29,-23
-54,-29,-23
-53,-29,-24
-53,-30,-24
-52,-30,-24
-53,-30,-24
-53,-29,-24
-53,-29,-25
-53,-29,-25
-54,-29,-24
-54,-28,-24
-53,-28,-24
-53,-27,-24
-54,-27,-24
-54,-27,-24
-55,-26,-24
-55,-26,-24
-55,-26,-23
-54,-25,-23
-55,-26,-24
-55,-26,-24
-54,-26,-24
-54,-27,-24
-55,-26,-24
-55,-26,-24
-54,-26,-24
-55,-25,-24
-54,-25,-23
-54,-25,-24
-55,-25,-24
-54,-25,-24
-54,-25,-24
-55,-26,-24
-55,-26,-24
-54,-26,-24
-55,-26,-24
-55,-27,-24
-54,-27,-24
-54,-27,-24
-54,-27,-24
-54,-27,-24
-54,-28,-24
-54,-27,-24
-54,-27,-23
-53,-27,-24
-54,-27,-24
-54,-27,-24
-54,-27,-25
-54,-27,-25
-54,-28,-25
-54,-27,-24
-54,-27,-24
-54,-28,-24
-54,-28,-25
-54,-28,-24
-54,-28,-24
-54,-28,-25
-53,-27,-24
-54,-27,-24
-54,-27,-25
-53,-27,-24
-53,-27,-25
-54,-27,-24
-54,-27,-24
-54,-27,-24
-54,-27,-24
-54,-27,-24
-54,-27,-24
-54,-27,-24
-54,-27,-24
-54,-27,-24
-54,-27,-24
-54,-27,-24
-54,-27,-24
-54,-27,-24
-54,-27,-24
-54,-27,-24
-54,-27,-24
-54,-27,-24
-54,-26,-24
-54,-27,-24
-54,-26,-24
-54,-26,-23
-54,-27,-24
-54,-26,-24
-54,-26,-24
-54,-26,-24
-54,-27,-24
-54,-27,-24
-54,-27,-24
-54,-27,-24
-54,-27,-24
-54,-26,-24
-54,-27,-24
-54,-27,-24
-54,-26,-24
-54,-26,-24
-54,-26,-24
-55,-26,-24
-54,-26,-24
-54,-28,-24
-52,-28,-24
-52,-27,-24
-53,-26,-24
-56,-25,-24
-56,-25,-24
-54,-27,-25
-52,-28,-25
-52,-28,-25
-54,-27,-25
-56,-26,-24
-54,-27,-24
-52,-27,-24
-54,-27,-25
-55,-26,-25
-55,-26,-24
-54,-27,-24
-53,-27,-25
-54,-28,-25
-54,-27,-24
-55,-27,-24
-54,-28,-24
-53,-28,-24
-54,-27,-25
-54,-27,-24
-54,-27,-24
-54,-27,-24
-54,-27,-24
-55,-27,-24
-55,-26,-24
-54,-26,-24
-54,-26,-24
-53,-26,-24
-53,-27,-24
-54,-26,-24
-54,-26,-24
-54,-26,-24
-55,-26,-24
-55,-26,-24
-54,-26,-24
-54,-26,-24
-54,-26,-24
-54,-26,-24
-54,-26,-24
-54,-26,-24
-54,-26,-24
-54,-26,-24
-54,-26,-24
-54,-26,-24
-54,-26,-24
-54,-26,-24
-54,-27,-24
-54,-27,-24
-54,-27,-24
-54,-27,-24
-54,-26,-24
-54,-27,-25
-54,-27,-24
-54,-27,-24
-54,-27,-24
-54,-27,-24
-54,-27,-24
-54,-27,-25
-54,-27,-25
-54,-27,-25
-54,-27,-24
-54,-27,-24
-54,-27,-24
-54,-27,-25
-54,-27,-25
-54,-27,-25
-54,-27,-25
-54,-27,-25
-54,-27,-25
-54,-27,-25
-54,-27,-25
-54,-27,-25
-54,-27,-25
-54,-27,-24
-54,-27,-24
-54,-27,-24
-54,-27,-24
-54,-27,-25
-54,-27,-24
-54,-27,-24
-54,-27,-24
-54,-27,-24
-54,-27,-24
-54,-27,-24
-54,-27,-24
-54,-27,-24
-54,-27,-24
-54,-27,-24
-54,-27,-24
-54,-27,-24
-54,-27,-24
-54,-27,-24
-54,-27,-24
-54,-27,-24
-54,-27,-24
-53,-27,-24
-53,-27,-24
-54,-27,-24
-54,-27,-24
-55,-27,-24
-55,-27,-24
-54,-26,-24
-54,-27,-25
-53,-27,-24
-53,-27,-25
-53,-27,-24
-54,-27,-24
-54,-27,-24
-55,-27,-24
-55,-26,-25
-54,-27,-24
-53,-27,-23
-52,-27,-23
-53,-28,-24
-54,-28,-24
-54,-28,-25
-55,-27,-24
-54,-27,-24
-54,-26,-23
-54,-26,-23
-54,-26,-23
-54,-26,-24
-54,-27,-25
-54,-27,-24
-54,-27,-25
-54,-27,-24
-55,-26,-24
-54,-26,-24
-54,-26,-23
-54,-26,-23
-55,-26,-24
-55,-26,-24
-54,-27,-23
-54,-27,-23
-55,-26,-24
-55,-26,-24
-55,-26,-23
-54,-26,-23
-54,-26,-24
-54,-27,-24
-54,-27,-24
-54,-27,-23
-54,-26,-23
-54,-26,-23
-54,-27,-23
-54,-27,-23
-55,-27,-23
-55,-26,-23
-54,-27,-23
-54,-26,-23
-54,-27,-24
-55,-27,-23
-54,-27,-23
-54,-27,-23
-54,-27,-23
-54,-26,-23
-54,-27,-23
-54,-27,-23
-54,-27,-23
-54,-27,-23
-54,-27,-23
-54,-27,-24
-54,-27,-24
-54,-27,-24
-54,-27,-24
-54,-27,-24
-54,-27,-23
-54,-27,-23
-54,-27,-23
-54,-27,-23
-54,-26,-24
-54,-26,-23
-54,-26,-24
-54,-27,-24
-54,-27,-24
-54,-27,-24
-54,-26,-24
-54,-26,-24
-54,-26,-24
-55,-27,-24
-55,-27,-24
-54,-27,-24
-54,-27,-24
-54,-27,-25
-54,-27,-25
-54,-27,-24
-54,-27,-24
-54,-27,-24
-53,-27,-24
-54,-27,-24
-54,-27,-24
-54,-27,-23
-54,-27,-24
-54,-27,-24
-54,-27,-24
-54,-27,-24
-54,-26,-24
-54,-26,-24
-53,-26,-24
-54,-26,-24
-54,-26,-24
-54,-26,-25
-54,-26,-25
-54,-26,-24
-54,-26,-24
-54,-26,-25
-54,-26,-25
-54,-26,-25
-54,-26,-25
-55,-26,-25
-54,-26,-25
-54,-26,-25
-55,-26,-26
-55,-25,-25
-54,-25,-25
-54,-25,-25
-55,-24,-26
-56,-24,-26
-57,-24,-26
-56,-24,-24
-57,-24,-24
-60,-23,-26
-63,-23,-27
-62,-23,-24
-63,-23,-23
-64,-23,-19
-59,-25,-16
-64,-24,-10
-65,-19,-6
-66,-20,-1
-73,-23,-2
-73,-23,-1
-67,-22,5
-60,-22,10
-56,-22,20
-56,-22,24
-52,-19,30
-53,-15,30
-53,-10,31
-54,-9,32
-69,1,29
-72,3,27
-59,7,27
-60,13,28
-68,12,26
-62,12,29
-57,14,30
-53,16,28
-51,21,26
-55,26,21
-50,28,24
-47,29,25
-43,29,23
-37,30,30
-34,22,35
-31,16,36
-21,2,41
-16,-2,42
-8,2,59
-15,12,63
-26,7,53
-24,10,54
-27,14,48
-33,14,43
-33,16,48
-36,11,57
-35,12,69
-47,16,54
-45,19,48
-49,16,43
-53,10,40
-53,9,41
-43,10,41
-44,9,37
-48,7,34
-57,1,41
-58,1,47
-50,1,38
-51,3,30
-53,1,32
-44,-5,29
-43,-2,27
-51,6,20
-61,10,18
-103,19,13
-91,13,21
-61,1,23
-56,1,18
-49,6,18
-54,11,21
-55,10,35
-53,8,36
-56,6,25
-68,6,15
-69,5,15
-64,3,20
-64,2,18
-63,6,16
-63,4,18
-60,5,20
-61,5,18
-62,4,17
-63,3,17
-65,3,14
-64,2,15
-64,2,18
-60,0,20
-62,1,21
-56,0,19
-68,3,14
-65,4,12
-64,4,15
-64,3,12
-64,6,13
-64,4,12
-64,3,13
-63,4,13
-63,3,15
-63,3,16
-63,3,17
-63,3,16
-62,3,17
-62,4,17
-62,4,18
-62,3,17
-62,4,17
-63,3,17
-63,3,17
-63,3,16
-62,3,17
-62,3,18
-62,3,18
-62,3,17
-63,3,17
-63,3,17
-62,4,18
-62,4,17
-62,3,17
-63,3,18
-63,2,18
-62,3,17
-62,4,18
-62,4,18
-62,4,18
-62,3,17
-63,3,17
-63,4,17
-63,3,17
-62,4,17
-62,4,17
-63,3,17
-63,4,17
-63,3,17
-62,3,17
-63,4,17
-63,3,16
-62,3,17
-62,4,16
-63,3,17
-63,3,16
-62,4,17
-62,4,17
-63,3,16
-63,4,16
-63,3,17
-63,4,17
-62,4,16
-63,3,17
-63,4,16
-63,4,16
-63,4,16
-63,4,16
-63,4,16
-63,4,16
-63,3,16
-63,3,16
-63,3,16
-63,3,16
-63,3,16
-63,3,16
-62,4,16
-63,3,17
-63,4,16
-63,4,16
-63,4,16
-63,3,17
-63,3,16
-63,3,16
-63,3,16
-63,3,16
-63,3,16
-63,4,16
-63,3,16
-63,3,17
-63,3,16
-63,3,16
-63,3,17
-62,4,17
-62,3,17
-63,3,16
-63,3,16
-63,3,16
-63,3,16
-63,3,17
-62,4,17
-62,3,16
-63,3,16
-62,4,17
-63,3,16
-63,3,16
-62,3,18
-62,3,18
-62,3,17
-62,3,16
-63,3,17
-63,3,17
-62,3,18
-63,3,17
-63,3,17
-63,3,17
-62,4,17
-62,4,17
-62,3,18
-62,4,18
-63,3,17
-63,3,17
-62,3,17
-62,3,18
-62,3,17
-62,3,17
-63,3,17
-63,3,17
-63,3,17
-63,3,17
-63,3,17
-63,3,17
-62,3,17
-62,3,17
-62,3,17
-63,3,17
-63,3,17
-62,3,17
-63,3,17
-62,4,17
-63,3,17
-62,3,17
-63,3,17
-62,3,17
-62,3,17
-63,3,17
-63,3,17
-62,3,17
-62,3,17
-62,3,17
-62,3,18
-62,3,17
-62,3,17
-63,3,17
-62,3,17
-62,3,17
-62,4,17
-62,4,18
-62,4,17
-62,4,17
-63,3,17
-63,3,16
-63,4,17
-63,3,17
-63,3,17
-63,3,16
-63,3,16
-62,4,17
-62,4,17
-62,3,17
-63,3,17
-62,3,17
-62,3,17
-62,4,17
-62,3,17
-62,3,17
-63,3,17
-62,3,17
-62,3,17
-62,3,17
-62,3,17
-63,3,17
-62,3,17
-63,3,17
-62,3,17
-62,3,17
-62,4,17
-63,3,17
-63,3,17
-63,2,18
-63,3,18
-61,4,19
-62,3,18
-62,3,19
-62,3,19
-62,3,20
-62,3,19
-63,3,21
-63,2,22
-62,3,23
-62,5,21
-61,5,21
-61,5,22
-61,5,24
-59,5,28
-59,6,30
-63,4,35
-65,5,36
-50,7,38
-49,7,39
-42,7,44
-27,5,54
-21,3,57
-11,0,61
-16,0,60
-14,-3,54
-12,-2,46
-21,-1,39
-18,1,38
-7,7,36
-3,9,37
3,-1,65
-10,4,71
-22,9,66
-2,18,73
-16,23,64
-25,24,46
-31,22,44
-41,20,50
-46,17,53
-53,10,54
-56,7,55
-52,6,57
-47,4,56
-46,2,45
-43,3,45
-36,2,46
-38,-5,42
-46,-7,40
-47,-6,44
-41,-7,44
-43,-15,33
-46,-14,33
-44,-14,32
-43,-16,32
-42,-23,26
-42,-23,25
-37,-24,22
-37,-28,20
-46,-34,15
-36,-34,13
-36,-36,8
-50,-45,-7
-43,-48,-6
-27,-54,-4
-26,-60,-6
-40,-69,-16
-43,-74,-22
-29,-82,-15
-31,-83,-10
-25,-88,-19
-22,-86,-22
-14,-79,-19
-2,-77,-5
-7,-70,3
-12,-64,0
0,-81,-7
3,-83,4
7,-80,-1
4,-67,-69
-21,-57,-93
-55,-44,-82
20,-68,-30
68,-53,31
-21,-46,35
-9,-49,-12
-15,-39,-69
-25,-37,-58
-62,-45,-76
-52,-41,-67
36,-49,-41
20,-39,-21
65,-84,-93
-9,-55,-9
3,-100,2
-68,-69,21
-56,-53,-30
-11,-54,-6
0,-49,0
-11,-56,16
-24,-55,2
-23,-65,4
-17,-62,7
-19,-64,-6
-18,-64,-8
-31,-47,-27
-37,-50,-37
-3,-64,8
-1,-64,7
5,-64,19
8,-61,1
-43,-66,-26
-30,-60,-24
-12,-63,-18
-48,-52,-32
-43,-69,-10
-43,-57,-8
-41,-60,-5
-23,-56,-8
-14,-55,-9
-6,-58,-8
-6,-62,-13
-11,-61,-19
-16,-66,-13
-20,-67,-9
-9,-55,-27
-16,-51,-34
-14,-61,-13
-7,-61,-2
-34,-63,-15
-33,-57,-15
-34,-57,-25
-23,-58,-22
-17,-61,-12
-15,-64,-8
-11,-64,4
-20,-62,11
-25,-63,9
-30,-62,4
-39,-62,1
-27,-65,-9
-25,-64,-6
-29,-65,12
-5,-62,24
-18,-63,6
-3,-61,12
7,-68,-6
9,-72,-15
-8,-66,-5
-15,-55,-8
-31,-54,-9
-45,-62,-28
-24,-52,-30
-18,-76,3
-28,-71,9
-25,-61,20
-25,-58,17
29,-35,-37
12,-52,-58
8,-44,-53
-45,-73,-22
-37,-64,-10
-43,-39,-27
-6,-38,-24
-10,-62,-35
-11,-64,-41
-1,-62,-34
-1,-71,-33
-31,-53,-42
-39,-38,-55
-47,-37,-59
-27,-44,-54
1,-52,-43
37,-86,1
71,-94,26
59,-86,-2
11,-128,-60
-9,-56,-1
-60,-68,-71
3,-84,8
-24,-74,-30
-6,-70,-13
-5,-69,-6
-3,-67,-13
-15,-67,-21
-20,-62,-23
-9,-62,-27
-6,-66,-27
-1,-65,-25
9,-63,-15
54,-82,16
34,-94,3
-25,-70,-26
-35,-79,-2
-6,-64,-23
-2,-59,-28
-1,-49,-27
-15,-41,-30
-16,-38,-26
-4,-42,-3
-8,-38,-2
-16,-46,-1
-8,-53,8
4,-60,5
-1,-57,-9
-4,-56,3
-12,-56,-2
1,-58,7
-23,-63,4
-29,-64,1
-20,-64,12
-23,-67,17
-11,-67,20
2,-77,22
-13,-71,27
-27,-71,24
-42,-57,9
-40,-50,-2
-34,-40,-6
-29,-40,0
-23,-44,8
-17,-53,15
-14,-55,14
-19,-56,11
-23,-57,5
-24,-61,-4
-41,-54,-8
-22,-56,-11
-18,-53,-12
-23,-55,-13
-24,-57,-19
-21,-61,-13
-37,-62,-18
-53,-72,-19
-13,-69,0
-4,-71,4
5,-68,2
-2,-69,-10
-11,-66,-3
-12,-64,-3
-27,-55,-13
-39,-55,-17
-47,-56,-20
-40,-61,-25
-32,-59,-10
-39,-66,-14
-40,-71,-23
-28,-71,-14
-26,-70,-12
-23,-65,-12
-22,-73,-14
-24,-67,-19
-34,-60,-17
-18,-50,-11
-20,-47,-10
-31,-47,-13
-29,-48,-14
-30,-48,-10
-35,-60,-15
-33,-61,-13
-31,-54,-5
-30,-48,-3
-37,-50,-12
-36,-50,-13
-33,-47,-11
-33,-46,-9
-35,-54,-12
-37,-56,-13
-38,-57,-13
-40,-58,-12
-41,-59,-11
-36,-55,-7
-37,-55,-8
-35,-53,-8
-33,-49,-4
-34,-42,6
-40,-39,3
-36,-41,6
-36,-45,4
-37,-38,11
-33,-36,9
-23,-44,3
-19,-50,5
-37,-58,-2
-60,-71,12
-56,-73,25
-56,-69,25
-50,-73,30
-34,-52,33
-32,-49,27
-24,-38,25
-23,-33,23
-28,-34,14
-31,-33,11
-35,-38,13
-39,-46,15
-45,-47,20
-48,-45,24
-48,-45,23
-45,-41,22
-43,-40,21
-38,-41,24
-36,-44,26
-29,-49,30
-31,-48,28
-37,-46,24
-40,-45,19
-39,-44,17
-40,-45,16
-40,-47,15
-37,-50,15
-34,-51,15
-31,-54,18
-32,-56,19
-26,-56,18
-24,-56,18
-27,-59,16
-28,-60,15
-28,-61,14
-26,-63,15
-28,-69,15
-22,-71,13
-20,-71,12
-18,-69,11
-16,-67,10
-13,-65,7
-13,-64,5
-13,-62,2
-14,-61,1
-16,-59,0
-16,-59,0
-15,-60,0
-13,-60,0
-13,-61,1
-12,-61,2
-12,-61,3
-12,-62,6
-11,-62,6
-10,-65,8
-9,-66,8
-8,-65,7
-7,-64,6
-7,-62,3
-7,-62,2
-7,-61,0
-9,-62,-2
-9,-62,-3
-9,-63,-3
-9,-63,-2
-9,-63,-1
-8,-63,-1
-7,-63,1
-7,-63,1
-8,-62,2
-9,-62,2
-9,-63,1
-10,-63,1
-10,-62,0
-11,-63,1
-11,-63,1
-11,-62,0
-11,-63,0
-11,-63,0
-12,-64,-1
-13,-64,0
-13,-64,0
-12,-64,1
-12,-64,1
-12,-63,1
-12,-63,1
-13,-62,1
-13,-64,1
-13,-64,2
-13,-64,2
-13,-64,1
-13,-64,2
-13,-64,2
-14,-64,2
-14,-64,2
-14,-64,2
-15,-64,2
-16,-64,3
-17,-64,3
-16,-63,3
-16,-62,3
-17,-62,3
-18,-62,3
-19,-63,3
-20,-65,3
-19,-66,4
-18,-65,5
-18,-65,6
-21,-64,7
-21,-62,7
-19,-61,9
-22,-62,10
-23,-63,11
-23,-65,14
-27,-64,14
-36,-60,11
-38,-58,11
-43,-55,11
-45,-55,12
-50,-56,11
-46,-56,13
-23,-52,30
-32,-52,27
-33,-47,29
-34,-43,28
-38,-40,30
-44,-38,34
-44,-37,34
-44,-38,35
-42,-36,40
-37,-33,41
-37,-31,39
-40,-29,39
-37,-24,41
-35,-18,43
-36,-16,43
-34,-12,44
-38,-8,44
-37,0,46
-41,6,47
-34,4,48
-34,-1,47
-39,-1,47
-32,-3,48
-32,-4,48
-27,-3,54
-25,-3,53
-28,-3,57
-23,3,64
-28,6,60
-32,9,56
-33,9,57
-34,9,55
-34,9,53
-31,9,54
-32,8,53
-31,6,56
-32,5,58
-29,4,61
-28,3,61
-27,3,61
-24,3,61
-24,4,59
-24,6,56
-24,7,55
-23,7,52
-26,6,52
-30,8,56
-30,8,56
-29,11,57
-28,11,58
-21,12,63
-18,12,65
-15,11,66
-12,9,66
-10,9,66
-11,7,65
-12,6,63
-8,6,61
-9,5,60
-8,5,59
-6,4,60
1,1,61
5,1,60
11,0,62
13,-5,63
16,-6,61
16,-8,62
16,-10,62
19,-9,57
20,-8,55
18,-7,54
18,-6,52
19,-4,52
20,-4,52
18,-4,54
17,-4,56
20,-5,60
25,-7,62
26,-7,62
26,-10,64
26,-10,64
23,-4,65
21,-2,67
7,-6,61
0,-7,59
-7,-4,63
-16,-2,58
-36,3,53
-43,1,46
-54,0,35
-53,5,24
-59,9,23
-53,23,42
-56,19,41
-43,31,36
-51,33,32
-67,21,30
-63,3,18
-37,17,35
-38,17,31
-60,14,24
-78,1,25
-65,4,27
-60,8,25
-57,8,27
-56,8,29
-57,7,25
-62,7,24
-64,5,24
-60,9,18
-61,8,18
-60,6,27
-61,5,19
-69,11,14
-66,4,17
-61,-1,19
-44,0,30
-42,1,31
-47,8,27
-55,12,26
-80,11,21
-77,5,16
-64,0,15
-59,-2,16
-55,5,18
-63,9,18
-66,6,17
-64,5,17
-65,5,16
-62,5,16
-62,5,15
-63,6,13
-63,6,10
-65,6,10
-67,5,10
-65,5,12
-65,4,13
-64,2,13
-63,1,15
-62,3,16
-67,3,11
-67,4,8
-67,5,8
-67,5,9
-62,7,13
-61,5,14
-62,4,16
-61,4,17
-61,6,19
-60,5,19
-62,5,19
-61,6,18
-61,8,19
-61,5,18
-62,5,18
-63,5,17
-63,5,17
-63,5,16
-63,5,16
-63,5,16
-62,5,16
-62,5,16
-63,5,16
-63,5,15
-63,5,16
-63,5,16
-63,5,16
-62,5,16
-63,5,15
-63,5,15
-63,5,16
-62,5,16
-62,5,16
-63,5,16
-62,5,16
-62,5,16
-62,5,16
-63,5,16
-62,5,16
-62,5,16
-62,5,16
-62,5,16
-63,5,16
-63,5,16
-63,5,16
-63,5,16
-63,5,16
-62,5,16
-63,5,16
-63,5,16
-62,5,16
-63,5,17
-63,5,16
-63,5,16
-62,5,16
-63,5,16
-62,5,17
-63,5,16
-63,5,16
-63,5,17
-63,5,17
-62,5,17
-62,5,17
-62,5,16
-62,5,17
-62,5,18
-62,5,17
-62,5,18
-62,5,18
-63,5,17
-62,5,17
-62,5,18
-62,5,17
-62,5,18
-63,5,17
-63,5,17
-62,5,18
-62,5,18
-62,5,18
-62,5,17
-62,5,17
-62,5,18
-62,5,18
-62,5,18
-62,5,17
-62,5,18
-62,5,18
-62,5,18
-62,5,18
-62,5,18
-62,5,18
-62,5,18
-62,5,18
-62,5,18
-62,5,18
-62,5,18
-62,5,18
-62,5,18
-62,5,18
-62,5,18
-62,5,18
-62,5,18
-62,5,19
-62,5,18
-62,5,18
-62,5,18
-62,5,19
-62,5,19
-62,5,18
-62,5,18
-61,5,19
-62,5,19
-62,5,19
-62,5,19
-61,5,19
-62,5,19
-62,5,19
-62,5,19
-62,5,19
-62,5,19
-62,5,19
-62,5,19
-62,5,19
-62,5,19
-62,5,19
-62,5,19
-62,5,19
-61,5,19
-62,5,19
-62,5,19
-62,5,19
-62,5,19
-62,5,19
-62,5,19
-62,5,19
-62,5,19
-62,5,19
-62,5,19
-62,5,19
-62,5,19
-62,5,19
-62,5,19
-62,5,19
-62,5,19
-62,5,19
-62,5,19
-62,5,19
-62,5,19
-62,5,19
-62,5,19
-62,5,19
-62,5,19
-62,5,19
-62,5,19
-62,5,19
-62,5,19
-62,5,19
-62,5,19
-62,5,19
-62,5,19
-61,5,19
-62,5,19
-62,5,19
-62,5,19
-62,5,19
-62,5,19
-62,5,19
-62,5,19
-62,5,19
-62,5,19
-62,5,19
-61,5,19
-62,5,19
-62,5,19
-62,5,19
-62,5,19
-62,5,19
-62,5,19
-62,5,19
-61,5,20
-61,5,20
-62,5,20
-61,5,19
-61,5,20
-61,5,20
-62,5,20
-62,5,19
-62,5,19
-62,5,19
-61,5,19
-61,5,19
-62,5,19
-62,5,20
-62,5,20
-62,5,20
-61,5,20
-61,5,20
-62,5,19
-62,5,20
-62,5,20
-61,5,20
-62,5,20
-62,5,19
-62,5,20
-62,5,20
-61,5,20
-61,5,20
-62,5,19
-61,5,20
-61,5,20
-62,5,20
-62,5,20
-62,5,19
-62,5,19
-62,5,19
-62,5,20
-62,5,19
-61,5,20
-62,5,20
-62,5,19
-62,5,19
-62,5,20
-62,5,19
-62,5,19
-62,5,20
-61,5,20
-62,5,19
-62,5,19
-62,5,19
-62,5,19
-62,5,19
-62,5,19
-61,5,19
-62,5,19
-62,5,19
-62,5,19
-62,5,19
-62,5,19
-62,5,19
-61,5,20
-62,5,20
-61,5,20
-61,5,20
-61,5,19
-62,5,19
-62,5,20
-61,5,20
-62,5,19
-62,5,19
-62,5,19
-62,5,19
-62,5,19
-62,5,19
-61,5,20
-61,5,20
-61,5,20
-62,5,20
-62,5,20
-62,5,20
-61,5,20
-61,5,20
-62,5,20
-62,5,20
-61,5,20
-61,5,20
-61,5,20
-62,5,20
-62,5,19
-62,5,20
-61,5,20
-61,5,20
-62,5,19
-62,5,20
-61,5,20
-61,5,20
-61,5,20
-62,5,20
-61,5,20
-61,5,20
-62,5,20
-62,4,20
-62,5,20
-61,5,20
-61,5,20
-62,5,20
-62,5,20
-61,5,20
-61,5,20
-62,5,20
-62,5,20
-61,5,20
-61,5,20
-61,5,20
-62,5,20
-62,5,20
-61,5,20
-61,5,20
-62,5,19
-62,4,20
-61,5,20
-61,5,19
-62,5,20
-62,5,20
-62,5,20
-62,5,20
-62,5,20
-61,5,20
-61,5,20
-62,5,20
-62,5,20
-62,5,20
-61,5,20
-61,5,20
-62,5,20
-61,5,20
-61,5,20
-62,5,20
-62,5,20
-62,5,20
-61,5,20
-62,5,20
-62,5,20
-61,5,20
-61,5,20
-62,5,19
-61,5,20
-61,5,20
-61,5,20
-62,5,19
-62,5,19
-61,5,20
-62,5,20
-62,4,20
-62,5,20
-62,5,20
-62,4,19
-62,5,19
-62,5,19
-62,5,20
-61,5,20
-61,5,19
-62,5,20
-62,4,19
-62,5,20
-62,5,20
-62,5,19
-62,5,19
-62,5,19
-62,5,19
-62,5,19
-62,5,19
-62,5,19
-62,5,19
-62,5,19
-62,4,19
-62,5,19
-62,5,19
-62,5,19
-61,5,20
-62,4,20
-62,5,20
-61,4,20
-61,4,20
-62,4,21
-62,4,21
-61,4,22
-61,4,22
-60,4,23
-61,5,23
-61,4,23
-61,4,23
-60,4,25
-58,4,26
-59,4,26
-60,3,29
-61,3,30
-60,4,31
-57,4,32
-57,5,37
-58,3,42
-65,-4,38
-51,3,36
-46,0,36
-35,-3,26
-25,4,47
-16,-13,44
-16,-15,49
-24,-9,68
-32,8,87
-34,8,57
-30,13,51
-33,15,39
-28,18,43
-24,17,49
-28,13,44
-39,10,39
-45,5,46
-41,4,48
-47,3,43
-67,0,32
-80,3,23
-79,3,20
-86,-3,8
-82,-6,6
-72,-6,6
-67,-6,7
-64,-7,6
-62,-7,5
-63,-8,4
-63,-7,4
-63,-8,3
-65,-10,4
-65,-12,5
-68,-17,4
-66,-17,2
-65,-18,4
-65,-17,6
-65,-17,6
-65,-19,6
-66,-19,7
-65,-19,7
-64,-18,6
-63,-16,5
-63,-16,4
-64,-18,4
-64,-18,4
-64,-20,5
-63,-21,5
-62,-21,5
-61,-20,4
-61,-19,4
-61,-19,4
-63,-19,7
-64,-20,9
-63,-20,9
-63,-19,10
-63,-19,10
-63,-18,10
-63,-18,10
-64,-18,9
-63,-18,9
-64,-18,8
-64,-18,9
-64,-18,9
-65,-18,10
-66,-17,12
-62,-15,15
-61,-14,17
-60,-13,18
-60,-13,18
-61,-12,18
-60,-11,19
-58,-9,23
-57,-8,24
-53,-6,24
-51,-2,25
-51,0,27
-54,1,27
-57,2,29
-59,0,33
-59,-1,34
-61,-3,35
-60,-3,35
-55,-2,35
-56,-2,35
-53,-2,36
-53,-1,35
-51,0,34
-49,1,34
-46,2,32
-48,3,31
-50,5,29
-57,6,31
-59,5,33
-61,4,35
-59,4,37
-55,4,38
-54,4,38
-54,2,38
-55,2,37
-57,1,36
-57,1,36
-57,3,36
-54,4,37
-54,5,38
-52,8,37
-50,10,36
-52,12,34
-53,13,32
-53,15,31
-53,15,31
-53,16,30
-52,16,30
-50,14,30
-52,13,31
-54,11,34
-51,10,36
-48,9,37
-45,9,39
-47,8,40
-53,9,41
-54,10,41
-54,10,41
-52,9,41
-51,9,40
-52,9,40
-52,8,40
-51,8,39
-49,7,39
-49,8,38
-51,8,38
-55,9,40
-56,10,41
-57,8,43
-54,8,43
-48,7,44
-46,6,43
-45,4,42
-44,3,43
-45,0,43
-45,0,43
-44,-1,42
-41,0,43
-42,0,44
-45,-1,48
-46,0,51
-44,1,52
-42,2,52
-41,2,52
-41,2,52
-41,2,56
-42,2,58
-38,2,60
-34,2,62
-33,2,61
-30,4,60
-27,5,58
-23,9,51
-21,12,49
-23,19,43
-26,23,42
-33,29,41
-34,30,41
-47,29,45
-56,28,45
-57,26,45
-43,21,42
-36,20,41
-31,20,39
-32,23,39
-40,25,41
-42,26,42
-41,26,42
-41,26,42
-41,24,43
-41,23,42
-39,20,41
-38,20,41
-36,21,41
-41,26,50
-40,30,53
-36,29,53
-35,29,55
-31,29,61
-29,28,61
-24,29,61
-24,30,59
-29,29,54
-27,30,53
-25,27,51
-24,20,53
-22,21,57
-19,23,58
-21,20,51
-18,11,51
-23,9,57
-30,0,55
-25,-10,51
-8,-2,62
-16,8,61
-29,8,59
-29,7,58
-23,8,57
-19,8,58
-19,9,59
-19,11,60
-20,12,60
-20,13,59
-20,13,59
-22,15,57
-19,17,55
-12,16,60
-14,16,63
-18,16,61
-19,15,59
-17,14,58
-19,14,58
-18,14,56
-12,8,59
-7,10,64
-9,4,67
-10,4,65
-14,5,63
-17,5,63
-17,6,59
-18,7,57
-31,4,60
-35,5,59
-31,7,54
-31,4,57
-24,3,58
-18,2,59
-16,1,61
-16,4,62
-16,6,62
-9,11,61
-8,11,62
-7,16,66
-7,17,64
-8,18,63
-6,18,62
-7,17,61
-9,17,59
-9,17,60
-9,16,58
-8,15,57
-8,16,57
-10,18,58
-11,20,62
-9,22,65
-9,24,59
-11,26,57
-14,29,61
-17,24,59
-13,22,59
-10,23,58
-11,22,57
-14,22,54
-17,22,51
-19,25,53
-16,27,55
-27,21,47
-32,21,48
-21,23,58
-18,23,56
-21,19,55
-31,16,58
-29,16,61
-20,16,67
-20,17,65
-18,18,61
-14,21,61
-12,25,59
-13,26,56
-10,24,51
-11,27,50
-10,29,51
-12,30,50
-13,30,50
-12,30,55
-12,31,55
-10,30,55
-9,31,55
-9,32,53
-10,33,52
-13,36,49
-15,38,49
-21,40,42
-17,39,44
-11,38,54
-10,34,55
-8,31,56
-7,25,57
-7,24,60
-3,21,64
-3,20,60
-4,17,57
-1,15,61
-1,14,62
-2,15,60
-4,16,58
-8,12,61
-7,11,64
-11,15,65
-4,15,62
-10,15,63
-10,14,64
-7,15,60
-5,14,60
-3,14,60
-1,14,59
-1,13,62
0,13,62
-3,15,60
-3,15,62
-3,14,63
-4,16,61
-4,17,60
-8,17,60
-9,17,59
-12,15,60
-13,15,60
-15,17,59
-14,17,59
-14,16,61
-14,16,61
-16,16,60
-16,15,60
-15,15,60
-15,15,60
-15,15,59
-17,15,60
-16,15,59
-16,14,60
-17,14,59
-16,14,58
-16,14,59
-17,15,59
-17,15,59
-17,15,59
-18,15,59
-18,15,59
-17,15,59
-18,15,60
-19,15,60
-19,15,60
-17,15,59
-15,16,59
-15,15,59
-16,15,59
-16,16,59
-15,15,59
-16,16,60
-19,15,59
-20,16,59
-20,16,58
-19,17,57
-16,17,59
-15,17,61
-10,17,60
-10,18,59
-10,17,62
-9,14,63
-9,13,63
-4,13,69
-10,18,66
-14,23,57
-13,25,55
-16,31,53
-20,32,49
-25,34,47
-22,34,49
-20,35,52
-20,35,46
-19,33,42
-17,33,47
-18,33,49
-13,32,52
-15,30,52
-19,29,57
-21,29,57
-20,30,56
-19,31,57
-20,31,52
-21,30,50
-22,32,51
-21,31,52
-20,30,52
-20,30,52
-21,30,52
-23,30,52
-24,30,50
-22,31,53
-22,31,52
-22,30,51
-22,30,50
-24,30,51
-24,30,51
-22,31,52
-22,31,51
-23,31,51
-24,31,51
-23,31,50
-24,31,51
-23,31,51
-24,31,51
-23,31,51
-23,30,49
-24,30,49
-23,31,51
-23,31,49
-25,33,49
-27,32,48
-28,32,48
-25,29,52
-25,28,52
-21,27,54
-22,27,54
-25,26,52
-28,24,51
-25,20,56
-25,20,59
-23,21,60
-26,22,56
-24,22,53
-25,22,54
-25,21,55
-24,21,55
-24,22,54
-25,22,54
-25,21,54
-26,21,54
-26,22,54
-27,23,54
-27,23,54
-27,23,54
-26,23,54
-26,22,54
-26,23,54
-26,23,53
-26,23,54
-25,23,53
-26,24,53
-27,24,53
-27,24,53
-27,24,53
-28,23,53
-28,23,53
-27,23,52
-27,24,53
-26,22,53
-26,23,52
-27,24,53
-28,24,53
-28,24,53
-28,24,53
-28,24,54
-28,24,53
-27,23,53
-26,23,53
-27,23,52
-28,24,53
-28,24,53
-26,24,52
-28,24,51
-28,23,51
-28,25,50
-28,25,50
-27,27,51
-29,28,54
-25,27,55
-25,27,55
-26,29,56
-28,29,57
-28,23,53
-32,23,56
-30,22,56
-29,23,55
-39,18,51
-33,22,48
-36,19,46
-38,21,40
-38,22,40
-40,23,38
-41,24,37
-40,28,40
-40,30,40
-37,29,38
-46,24,20
-23,29,55
-19,30,56
-26,31,53
-33,30,43
-35,29,43
-32,29,44
-31,30,46
-32,30,46
-33,30,44
-33,30,45
-34,30,47
-34,33,48
-32,33,45
-34,32,44
-37,32,48
-35,31,49
-31,27,44
-36,24,47
-33,20,51
-26,20,52
-28,22,54
-37,16,55
-26,13,55
-15,15,56
-13,16,65
-16,12,65
-20,13,64
-23,16,60
-19,13,55
-14,15,56
-13,16,56
-12,19,55
-10,19,53
-10,13,60
-13,11,66
-7,14,71
-22,11,67
-10,14,55
-19,11,58
-8,19,95
-16,9,55
-16,10,60
-26,6,65
-18,10,72
-27,1,59
-24,14,67
-19,31,63
-14,34,58
-5,38,30
-9,32,0
-45,15,22
-78,14,43
-86,10,25
-90,20,14
-87,25,2
-70,19,6
-56,13,21
-60,21,29
-66,24,22
-48,17,31
-40,16,36
-51,15,30
-55,17,22
-52,16,25
-54,15,28
-70,13,22
-67,1,31
-46,2,43
-38,11,47
-49,8,42
-54,8,39
-50,12,43
-51,10,32
-48,10,29
-48,11,40
-45,15,46
-46,15,43
-51,15,28
-57,14,22
-63,13,26
-58,16,32
-58,16,26
-61,15,26
-55,19,34
-58,21,32
-78,22,24
-86,16,17
-73,13,16
-53,15,14
-53,15,14
-63,16,16
-64,14,20
-54,9,25
-47,8,26
-33,6,37
-36,6,35
-41,5,39
-47,4,41
-50,1,43
-45,4,43
-48,5,42
-56,6,41
-54,4,41
-53,-1,43
-58,-2,42
-80,-7,29
-77,-7,33
-49,-8,49
-38,-8,44
-34,-9,43
-31,-9,43
-29,-9,45
-31,-6,45
-31,-5,44
-32,-1,40
-35,-2,34
-38,0,42
-36,3,47
-32,5,54
-39,3,52
-54,3,49
-58,5,50
-62,7,44
-63,7,44
-70,7,42
-73,3,41
-75,-1,39
-67,-7,33
-64,-7,30
-60,-4,23
-57,-2,21
-51,-3,17
-47,-4,14
-37,-6,13
-34,-6,14
-36,-8,14
-45,-13,14
-56,-23,18
-42,-30,23
-40,-34,24
-22,-44,38
-10,-51,38
-25,-70,9
-33,-75,3
-52,-84,-12
-71,-85,-17
-80,-63,-6
-68,-57,0
-31,-65,13
-11,-76,16
-12,-74,13
-7,-59,13
-11,-55,6
-28,-47,-2
-34,-43,-4
-36,-41,-1
-38,-42,0
-41,-49,7
-37,-48,15
-39,-51,30
-40,-56,35
-23,-65,36
-15,-73,31
-18,-85,29
-20,-106,24
-15,-100,22
-8,-67,21
-9,-62,17
-15,-70,11
-17,-72,9
-20,-72,5
-17,-68,3
-11,-62,2
-12,-59,1
-13,-57,1
-20,-56,-2
-22,-55,-3
-21,-61,-3
-18,-61,-3
-13,-59,-1
-13,-62,0
-14,-63,4
-16,-66,7
-26,-64,21
-27,-59,29
-8,-54,32
19,-65,32
27,-73,31
25,-72,25
18,-65,22
4,-58,16
-3,-58,13
-17,-58,7
-22,-58,4
-28,-56,5
-30,-57,8
-31,-60,14
-32,-59,16
-29,-63,17
-22,-70,17
-21,-75,18
-24,-88,24
-26,-95,25
-16,-80,22
-13,-68,20
-19,-63,13
-21,-69,10
-21,-77,5
-19,-77,4
-12,-65,4
-9,-61,4
-8,-59,3
-13,-59,2
-16,-58,0
-17,-56,-2
-15,-58,-2
-10,-63,-2
-8,-62,-2
-9,-62,-2
-11,-61,0
-21,-65,8
-23,-68,14
-27,-61,28
-16,-57,29
16,-57,33
30,-74,27
26,-79,21
11,-77,13
3,-73,10
-12,-61,5
-19,-56,2
-30,-51,1
-33,-50,2
-33,-49,5
-29,-50,6
-29,-55,10
-23,-62,18
-20,-64,21
-19,-66,24
-22,-70,23
-36,-91,25
-35,-103,23
-14,-81,21
-8,-65,20
-11,-70,13
-13,-79,10
-14,-82,7
-12,-76,7
-9,-66,6
-7,-62,2
-7,-61,1
-13,-57,-1
-17,-54,-3
-20,-54,-5
-19,-57,-4
-14,-60,-4
-10,-58,-2
-4,-59,3
-5,-59,6
-11,-62,9
-15,-64,14
-20,-61,25
-10,-56,28
-4,-60,30
7,-80,27
11,-84,22
12,-79,15
10,-71,13
-2,-60,10
-9,-56,9
-22,-49,7
-26,-48,7
-26,-47,6
-23,-52,10
-24,-54,14
-29,-60,21
-30,-67,23
-26,-79,21
-25,-86,21
-22,-105,20
-15,-100,20
-4,-69,19
-5,-61,16
-11,-65,10
-14,-68,8
-20,-69,5
-19,-61,1
-17,-57,1
-13,-53,2
-13,-53,2
-18,-55,0
-21,-55,-1
-17,-56,-2
-14,-57,-1
-10,-62,0
-9,-62,1
-11,-64,5
-13,-62,10
-16,-69,15
-15,-79,27
-9,-76,30
7,-59,31
14,-58,33
11,-70,30
7,-72,25
1,-68,14
-3,-61,11
-9,-51,6
-12,-48,4
-21,-46,3
-31,-48,2
-35,-50,3
-33,-56,7
-31,-58,11
-24,-63,21
-19,-66,24
-16,-73,23
-17,-81,20
-24,-103,19
-20,-109,20
-8,-76,20
-8,-63,19
-12,-62,12
-17,-70,7
-18,-74,5
-16,-64,1
-14,-59,1
-12,-58,3
-11,-59,3
-16,-61,-1
-19,-61,-3
-20,-59,-5
-15,-61,-5
-13,-60,-4
-12,-59,-4
-13,-61,-1
-18,-66,5
-21,-67,10
-27,-61,26
-21,-57,32
11,-58,36
23,-65,35
30,-77,23
27,-75,19
13,-67,14
4,-63,14
-12,-53,12
-18,-48,9
-22,-44,7
-23,-46,7
-21,-49,6
-19,-56,8
-20,-58,10
-23,-63,13
-24,-66,15
-27,-76,16
-29,-85,17
-30,-111,18
-21,-107,19
-6,-69,21
-8,-63,16
-11,-66,11
-14,-72,7
-17,-77,7
-19,-67,6
-17,-62,5
-12,-58,3
-12,-59,2
-16,-64,0
-17,-63,-2
-15,-61,-3
-12,-61,-3
-9,-61,-4
-9,-58,-5
-10,-58,-4
-15,-58,1
-19,-63,5
-30,-65,21
-30,-61,27
-2,-57,30
16,-61,33
27,-82,24
23,-86,18
13,-77,11
3,-71,7
-11,-58,6
-23,-49,0
-27,-46,-1
-32,-45,-1
-33,-47,0
-34,-53,2
-33,-55,5
-34,-63,11
-34,-67,14
-29,-78,16
-26,-89,15
-12,-111,19
3,-79,24
2,-64,21
-7,-67,11
-16,-70,5
-2,-76,17
-12,-69,11
-10,-61,4
-8,-60,4
-6,-60,2
-9,-59,1
-19,-55,-4
-22,-54,-6
-22,-58,-6
-13,-59,-4
-11,-58,-4
-9,-61,-1
-11,-64,2
-17,-72,7
-20,-70,13
-21,-60,27
-14,-56,31
7,-62,34
15,-70,30
18,-76,17
16,-77,15
3,-70,12
-12,-59,10
-18,-54,7
-27,-51,5
-28,-50,4
-28,-48,5
-27,-50,7
-24,-55,12
-22,-57,14
-21,-63,16
-19,-67,18
-20,-80,19
-23,-92,22
-16,-100,23
-6,-67,20
-8,-63,18
-10,-80,10
-8,-83,7
-10,-76,4
-12,-71,5
-11,-62,6
-9,-58,4
-9,-53,2
-13,-53,0
-19,-52,-2
-19,-54,-2
-12,-57,-2
-6,-56,-1
-6,-56,0
-11,-57,0
-13,-57,2
-19,-66,7
-22,-70,13
-21,-73,20
-15,-74,22
6,-74,27
14,-74,27
20,-76,19
11,-75,13
4,-75,11
-10,-67,8
-15,-61,7
-22,-51,6
-24,-48,7
-23,-48,7
-20,-46,8
-19,-43,12
-18,-44,14
-14,-51,16
-13,-60,16
-7,-69,14
-1,-69,15
-1,-68,17
-8,-69,19
-13,-71,20
-18,-74,21
-21,-74,20
-25,-72,16
-26,-67,13
-19,-59,11
-14,-59,13
-19,-69,15
-41,-83,6
-49,-86,-1
-37,-78,-2
-31,-71,1
-31,-56,3
-35,-50,2
-39,-45,-8
-38,-43,-10
-37,-41,-9
-42,-39,-9
-54,-42,-6
-51,-42,-3
-39,-43,4
-41,-45,6
-49,-45,7
-47,-43,10
-46,-40,8
-56,-34,-10
-67,-32,-28
-79,-28,-49
-72,-26,-49
-57,-15,-43
-52,-13,-45
-52,-9,-37
-54,-6,-35
-51,-10,-56
-52,1,-38
-45,2,-28
-22,6,-11
-24,8,-6
-12,7,-2
-3,6,-2
-20,4,-18
-31,2,-38
-58,-5,-64
-70,-6,-68
-73,1,-72
-75,0,-76
-68,6,-54
-71,1,-44
-74,-3,-42
-72,-12,-37
-64,-16,-33
-56,-19,-21
-50,-23,-18
-41,-31,-11
-37,-35,-8
-32,-49,-6
-34,-54,-6
-41,-66,-10
-41,-63,-5
-46,-61,-9
-45,-51,-5
-45,-48,-5
-62,-53,4
-61,-41,4
-61,-43,1
-42,-36,15
-48,-41,8
-59,-40,3
-53,-37,7
-51,-40,5
-52,-42,-1
-50,-44,1
-47,-45,4
-42,-42,16
-43,-45,18
-41,-48,14
-42,-48,13
-42,-51,5
-44,-50,-4
-44,-52,-13
-39,-54,-18
-39,-57,-17
-37,-62,-13
-32,-66,-1
-34,-70,12
-35,-69,15
-39,-68,21
-38,-68,23
-35,-70,24
-32,-69,26
-35,-58,24
-33,-51,28
-34,-40,31
-41,-39,30
-31,-39,32
-30,-39,31
-32,-41,30
-31,-40,28
-35,-38,29
-38,-40,25
-39,-42,24
-37,-45,22
-39,-46,21
-47,-45,22
-49,-45,24
-45,-45,30
-41,-46,29
-21,-41,37
-7,-37,46
-5,-38,48
-6,-43,49
-5,-43,51
-16,-53,49
-21,-60,50
-26,-83,48
-28,-90,45
-29,-85,36
-22,-75,32
-17,-64,22
-18,-66,17
-16,-71,11
-15,-72,5
-12,-68,3
-8,-54,4
-5,-50,5
-6,-44,2
-8,-41,1
-15,-39,-1
-20,-40,-1
-28,-49,4
-27,-57,7
-15,-69,6
-9,-73,11
-2,-85,25
-10,-102,31
-14,-100,28
-14,-79,24
-11,-69,25
-4,-62,24
2,-62,22
10,-61,19
9,-61,15
2,-61,5
-4,-62,0
-14,-51,-5
-19,-44,-5
-29,-39,2
-35,-38,11
-34,-38,11
-23,-43,11
-11,-47,12
8,-61,20
13,-69,23
5,-88,24
-6,-99,24
-26,-107,22
-28,-95,19
-18,-69,15
-12,-68,14
-9,-72,11
-12,-72,8
-14,-66,7
-17,-52,4
-17,-48,4
-20,-47,3
-23,-49,1
-28,-54,-3
-26,-56,-4
-19,-59,-2
-16,-61,-1
-12,-64,2
-16,-66,3
-20,-65,4
-22,-71,10
-21,-77,12
-9,-75,21
-4,-66,26
7,-53,30
12,-56,31
14,-74,26
13,-81,24
1,-74,10
-7,-64,5
-17,-47,-1
-24,-42,2
-24,-44,6
-25,-43,5
-22,-44,4
-20,-51,6
-22,-54,9
-32,-61,15
-41,-68,20
-38,-81,16
-35,-87,13
-26,-106,19
-14,-106,23
2,-75,26
-4,-60,17
-10,-62,13
-24,-72,11
-29,-75,9
-34,-78,4
-34,-75,-6
-24,-68,-15
-23,-65,-15
-28,-56,-17
-32,-53,-21
-39,-51,-26
-32,-48,-23
-25,-47,-20
-19,-42,-14
-18,-41,-10
-22,-47,-5
-23,-52,-1
-47,-56,15
-51,-55,16
-4,-53,0
32,-59,12
63,-92,46
46,-101,43
10,-89,19
-15,-65,3
-23,-56,1
-36,-46,2
-38,-44,5
-38,-48,11
-35,-52,13
-30,-58,16
-31,-61,19
-31,-71,21
-27,-77,20
-15,-74,18
-12,-73,17
-18,-84,18
-24,-96,18
-23,-92,16
-19,-74,9
-18,-69,6
-16,-75,3
-16,-79,1
-15,-76,-4
-16,-74,-5
-18,-65,-4
-17,-61,-4
-16,-59,-7
-17,-61,-8
-20,-55,-9
-20,-53,-10
-19,-53,-9
-15,-52,-7
-14,-52,-6
-17,-51,-1
-21,-51,4
-23,-55,8
-22,-61,11
-19,-75,25
-11,-76,33
18,-73,45
32,-74,48
28,-87,31
17,-85,18
11,-85,14
-7,-75,13
-15,-66,14
-22,-48,14
-23,-44,12
-22,-46,9
-22,-48,7
-21,-50,8
-21,-52,10
-19,-52,15
-16,-56,20
-16,-61,20
-18,-72,17
-22,-78,17
-29,-100,16
-26,-101,15
-11,-75,15
-9,-64,16
-10,-62,11
-10,-63,8
-15,-63,4
-18,-64,3
-21,-57,3
-18,-52,2
-18,-52,2
-21,-56,0
-23,-57,-1
-22,-61,-2
-21,-64,-2
-14,-68,-2
-12,-67,-2
-13,-70,-1
-18,-72,0
-26,-71,10
-32,-69,20
-30,-62,34
10,-56,35
27,-58,31
37,-74,22
30,-76,22
11,-68,19
2,-59,17
-11,-50,9
-17,-48,6
-23,-46,5
-24,-46,6
-20,-48,11
-18,-54,17
-18,-57,19
-18,-65,22
-19,-71,22
-23,-76,24
-27,-78,23
-40,-92,20
-38,-100,18
-23,-87,20
-16,-70,22
-8,-58,23
-9,-66,22
-15,-84,18
-30,-89,11
-33,-86,8
-31,-80,22
-31,-76,29
-61,-53,-6
-101,-56,-32
-120,-71,-31
-95,-72,-27
-66,-61,-19
-62,-50,-21
-49,-37,-14
-15,-26,11
-7,-15,21
5,2,41
9,13,51
-12,26,51
-30,22,41
-48,31,34
-45,32,35
-42,40,28
-40,43,23
-33,47,21
-27,44,24
-13,42,29
-22,45,29
-30,47,26
-28,48,33
-24,50,35
-18,59,29
-14,61,29
-22,64,27
-30,66,23
-28,65,23
-29,72,20
-37,75,16
-39,71,18
-45,58,6
-34,57,10
-31,43,20
-44,37,21
-49,35,22
-43,36,22
-40,38,23
-36,38,27
-38,37,26
-34,37,25
-27,37,26
-21,40,26
-25,45,21
-22,47,32
-34,56,37
-35,58,42
-34,60,47
-42,65,48
-38,66,48
-34,62,42
-22,44,37
-20,36,37
-20,29,32
-23,28,30
-20,23,35
-21,22,37
-25,22,44
-33,32,44
-30,37,44
-31,45,40
-27,46,40
-23,46,45
-24,45,45
-19,39,44
-17,37,44
-21,37,44
-22,38,45
-19,39,44
-17,40,44
-14,42,44
-12,54,41
-12,62,41
-18,78,43
-22,80,47
-35,72,39
-26,59,34
-16,43,26
-16,41,27
-14,39,34
-11,38,39
-13,42,38
-3,47,37
3,48,37
2,59,29
0,67,11
-16,62,14
-18,56,29
-31,52,52
-37,47,50
-28,37,53
-25,35,60
-26,32,63
-26,28,56
-15,29,58
5,43,71
7,48,72
12,51,67
2,42,59
13,35,34
18,36,32
8,29,10
-4,32,8
-32,42,-1
-27,48,-1
-15,50,27
-9,50,34
-3,47,39
-25,30,12
-68,25,-1
-55,35,2
-47,37,-4
-71,38,-9
-71,41,4
-72,47,12
-73,50,16
-72,52,12
-65,55,5
-53,64,-14
-58,50,-20
-64,38,-22
-75,18,-22
-72,20,-10
-72,26,6
-56,34,14
-52,42,16
-52,38,16
-48,29,3
-60,22,-8
-62,15,-17
-62,13,-19
-60,12,-11
-53,16,7
-50,20,7
-50,24,14
-51,24,12
-55,16,31
-49,15,37
-42,25,29
-40,27,27
-31,22,22
-24,17,21
-51,8,22
-91,-2,10
-78,-26,27
-53,-24,40
-61,-39,34
-19,-41,51
-15,-43,52
-55,-58,23
-82,-68,10
-66,-48,32
-56,-51,31
-49,-57,20
-49,-54,16
-58,-49,20
-52,-51,19
-43,-45,16
-42,-38,17
-42,-40,15
-56,-41,10
-58,-35,-1
-61,-17,-17
-54,-11,-12
-36,-1,4
-36,-7,19
-57,-25,27
-45,-17,28
-48,-38,35
-30,-49,18
-38,-52,15
-35,-58,17
-4,-67,24
10,-76,49
13,-59,81
-25,-54,79
-23,-49,69
-28,-35,49
-13,-46,42
-12,-53,59
-12,-51,64
-22,-41,52
-29,-34,47
-35,-32,48
-46,-29,37
-41,-29,30
-35,-30,29
-33,-31,22
-30,-27,27
-35,-26,34
-32,-24,39
-26,-24,46
-21,-30,60
1,-37,76
-18,-41,62
-26,-45,55
-30,-44,47
-52,-38,17
-55,-32,12
-49,-23,9
-51,-23,8
-56,-29,15
-53,-35,19
-38,-35,32
-47,-36,31
-54,-37,20
-50,-39,25
-50,-39,26
-39,-38,26
-44,-36,25
-46,-29,33
-44,-30,33
-39,-33,41
-38,-32,47
-28,-29,55
-20,-31,58
-21,-36,54
-22,-36,51
-24,-39,42
-30,-38,41
-32,-38,41
-27,-33,48
-26,-33,49
-26,-29,56
-26,-30,54
-24,-33,48
-21,-35,50
-24,-35,53
-25,-34,52
-27,-31,51
-26,-30,50
-27,-29,46
-25,-27,49
-33,-24,51
-51,-16,58
-38,-20,51
-27,-24,55
-22,-25,62
-20,-39,44
-38,-42,35
-41,-31,43
-50,-28,32
-44,-29,29
-39,-30,37
-51,-32,31
-35,-31,40
-29,-33,38
-28,-41,38
-30,-40,46
-38,-36,36
-38,-37,36
-39,-40,37
-37,-39,38
-31,-37,41
-33,-40,39
-32,-43,45
-30,-37,48
-36,-37,38
-19,-43,44
-13,-43,46
-14,-43,40
-10,-43,41
-14,-41,41
-19,-41,39
-21,-40,45
-23,-42,46
-23,-38,43
-23,-36,42
-18,-37,45
-24,-37,43
-22,-33,43
-16,-33,52
-17,-27,53
-21,-25,48
-20,-23,48
-16,-28,44
-14,-34,40
-8,-47,39
0,-52,39
15,-56,35
20,-56,33
19,-63,33
5,-67,35
1,-65,39
-7,-61,28
-21,-96,20
-8,-49,30
-4,-50,36
0,-46,42
-9,-47,34
-8,-44,24
10,-58,35
1,-80,30
-2,-36,31
10,-79,24
5,-57,24
2,-57,32
-3,-55,40
-3,-56,40
-11,-54,31
-5,-53,45
-10,-55,44
-13,-54,45
-14,-56,38
-9,-56,32
-7,-53,27
-15,-50,37
-14,-49,42
-15,-47,42
-12,-43,46
-7,-50,42
-13,-51,38
-7,-54,36
-5,-54,39
-9,-58,30
-8,-58,35
-11,-56,25
-10,-56,22
-8,-61,16
-13,-59,18
-13,-59,21
-9,-58,19
-5,-59,20
-5,-60,21
-7,-57,20
-5,-57,15
-6,-60,11
-20,-66,28
-5,-61,35
-5,-60,36
-7,-64,30
-6,-63,22
0,-57,30
-6,-59,32
-9,-64,29
3,-62,27
6,-53,39
7,-56,37
9,-53,42
-1,-49,38
0,-47,40
0,-45,42
-6,-46,44
-4,-48,47
-3,-43,51
-15,-44,44
-1,-45,49
2,-46,44
3,-38,53
-9,-40,34
-21,-38,32
-12,-35,46
-10,-35,53
-1,-30,51
0,-26,45
-7,-39,51
9,-51,44
11,-50,37
17,-40,29
9,-43,35
3,-45,40
-1,-44,52
-8,-49,59
-11,-49,59
-5,-47,61
-12,-50,59
-15,-48,50
-10,-40,52
-4,-42,48
7,-51,39
7,-53,37
12,-45,45
13,-48,40
16,-47,37
14,-35,32
5,-39,42
7,-34,43
17,-25,49
8,-27,57
2,-30,64
9,-33,62
13,-35,48
11,-49,46
20,-48,45
2,-43,44
10,-48,40
28,-50,49
4,-53,43
-5,-43,44
-1,-41,42
4,-45,49
-2,-45,54
-7,-42,45
-11,-41,53
-15,-43,55
-3,-42,49
-3,-42,36
-1,-45,31
-10,-46,32
-12,-43,33
-13,-48,38
-9,-49,48
-6,-49,53
-48,-45,20
-10,-55,31
-14,-53,31
-26,-58,34
-44,-60,26
-25,-57,30
-23,-52,26
-29,-52,27
-28,-53,31
-20,-45,38
-17,-60,41
-21,-46,45
-24,-34,38
-19,-37,43
-17,-26,40
-10,-26,48
-18,-39,49
-26,-41,53
-29,-40,62
-30,-37,61
-33,-32,58
-32,-32,59
-31,-32,58
-29,-31,54
-28,-21,55
-28,-19,52
-35,-15,48
-40,-8,44
-35,-4,45
-66,-5,16
-80,-6,3
-66,1,8
-56,3,5
-83,5,-21
-78,6,-15
-51,6,-3
-51,8,-4
-72,10,-24
-59,10,-20
-41,10,-26
-52,8,-41
-57,6,-39
-46,2,-34
-47,3,-40
-35,4,-42
-34,5,-42
-32,4,-41
-40,4,-45
-47,4,-43
-51,2,-36
-68,2,-26
-81,-1,-26
-77,3,-29
-54,7,-36
-49,8,-41
-47,7,-52
-46,5,-47
-57,5,-35
-58,2,-38
-59,1,-28
-59,3,-30
-61,5,-28
-55,7,-28
-54,7,-32
-53,8,-35
-49,10,-32
-52,10,-31
-45,9,-30
-53,10,-30
-59,9,-37
-55,10,-38
-54,11,-40
-55,9,-35
-55,9,-42
-52,12,-35
-53,13,-31
-46,12,-37
-46,11,-35
-48,10,-37
-60,11,-41
-58,13,-39
-54,11,-31
-53,11,-27
-60,12,-33
-56,12,-32
-55,12,-31
-54,10,-29
-55,9,-28
-50,10,-29
-60,8,-38
-54,5,-35
-62,2,-34
-60,0,-40
-52,-1,-39
-53,-3,-32
-55,-3,-32
-61,-8,-33
-72,-2,-38
-69,1,-34
-54,8,-15
-60,16,-5
-64,20,-6
-62,25,14
-74,20,4
-74,19,-1
-59,15,7
-49,17,10
-51,14,13
-49,9,16
-65,4,6
-58,6,6
-63,-2,21
-63,-1,24
-63,6,15
-58,10,26
-59,9,26
-64,9,33
-58,6,37
-66,5,37
-64,4,36
-47,2,38
-50,0,46
-36,8,54
-31,5,50
-27,5,59
-25,13,62
-11,19,48
-20,38,27
-37,41,33
-63,25,20
-45,21,16
-59,8,19
-59,-2,8
-79,-8,13
-85,-2,18
-69,1,18
-67,4,9
-61,10,6
-64,10,11
-58,6,23
-56,4,30
-65,5,31
-69,3,27
-67,9,24
-62,19,-1
-64,19,-16
-57,22,-27
-51,24,-28
-49,23,-13
-51,22,0
-60,21,19
-58,19,17
-64,21,24
-60,21,17
-52,21,17
-68,15,9
-78,13,0
-76,13,16
-61,13,19
-73,12,22
-67,9,13
-38,13,36
-42,13,35
-45,12,25
-49,13,37
-51,13,36
-61,8,19
-71,6,11
-72,12,14
-70,12,18
-65,14,17
-64,15,13
-69,18,21
-66,17,23
-59,20,27
-61,18,27
-56,10,26
-56,3,20
-55,5,26
-54,14,14
-50,13,14
-56,10,19
-49,9,30
-49,8,24
-59,8,19
-67,17,10
-60,15,21
-57,11,26
-43,9,21
-65,10,2
-45,10,2
-52,11,-8
-70,14,-12
-56,15,-5
-57,-2,12
-72,-3,19
-48,-3,35
-46,-4,51
-36,-6,60
-23,-5,62
-10,-6,63
-6,-12,67
6,-21,74
-23,-30,98
-11,-44,96
16,-70,106
15,-61,93
-14,-50,50
-53,-33,33
-42,-1,37
-45,8,26
-71,20,-21
-103,17,-27
-66,6,-10
-59,3,-15
-45,0,-11
4,-9,20
23,-16,39
21,-10,53
4,-22,70
6,-1,66
24,12,48
17,-5,42
6,1,39
20,-10,64
27,-15,59
30,-32,73
4,-25,63
-9,-24,60
-9,-20,63
9,-18,77
-5,-22,74
-13,-18,67
-21,-21,59
1,-15,66
0,-13,70
-7,-13,67
-22,-6,59
-30,2,58
-31,5,59
-31,9,56
-30,10,57
-32,10,58
-28,10,59
-20,10,56
-17,12,55
-14,14,56
-11,15,58
-10,14,59
-8,14,58
-4,15,61
-5,13,62
-5,15,62
-14,18,58
-17,18,55
-11,16,56
-11,15,55
-6,6,49
7,5,45
41,4,35
67,3,38
53,1,37
45,-3,39
53,-11,29
58,-15,17
49,-12,12
51,-14,5
64,-28,10
65,-45,14
64,-40,15
49,-24,6
48,-23,7
48,-34,21
71,-24,33
59,-25,11
59,-28,28
45,-39,27
57,-35,25
52,-23,24
66,-33,31
79,-22,19
54,-33,13
53,-40,16
51,-32,47
25,-26,42
14,-5,37
33,0,43
15,-6,46
-15,-14,40
-6,-1,61
-2,-4,66
-12,-3,66
-36,-3,57
-36,-2,60
-12,-6,66
-11,-12,64
-27,-12,45
-6,-12,67
-6,-19,72
-20,-20,69
-21,-18,48
-14,-1,38
-18,-8,20
-12,-11,5
-24,-7,-41
-54,-15,-14
-59,-12,-21
-71,-4,-45
-76,-1,-58
-107,9,-56
-112,8,-41
-92,2,-30
-87,7,-25
-98,2,-14
-92,-9,-4
-82,-14,0
-68,-18,13
-57,-16,19
-55,-13,15
-55,-14,20
-30,-14,41
-38,-16,31
-25,-36,35
-30,-59,42
-7,-56,43
-1,-56,36
23,-48,38
17,-54,42
6,-55,38
12,-53,54
5,-56,48
-4,-64,47
-14,-55,42
-24,-46,36
-7,-43,42
-14,-45,36
-11,-48,30
-7,-50,24
17,-66,38
7,-68,41
-3,-65,54
-4,-70,51
2,-69,47
7,-65,53
-2,-63,36
6,-58,37
14,-39,42
-8,-31,40
-6,-28,42
-15,-22,46
-20,-19,50
-24,-23,55
-19,-27,56
-36,-22,49
-38,-25,49
-48,-16,45
-43,-13,36
-43,-9,25
-52,-9,14
-65,-3,3
-84,3,-8
-81,11,-18
-65,13,-13
-72,16,-19
-67,2,-3
-61,-4,4
-49,-20,13
-41,-22,22
-26,-31,49
-46,-23,27
-33,-50,36
-26,-48,46
-40,-43,42
-50,-45,33
-5,-45,56
-24,-31,56
-32,-29,58
-26,-30,54
-31,-31,50
-38,-25,47
-41,-23,46
-41,-26,28
-52,-28,17
-59,-26,20
-53,-27,19
-54,-29,4
-59,-31,-1
-57,-34,5
-64,-38,3
-66,-40,6
-57,-42,5
-51,-40,6
-51,-45,9
-42,-49,13
-29,-47,24
-28,-44,21
-40,-45,3
-46,-41,-5
-34,-9,-57
-72,-32,-46
-56,-35,-21
-47,-33,-15
-55,-40,-20
-53,-36,-16
-48,-33,-19
-52,-30,-30
-56,-29,-38
-56,-26,-59
-63,-29,-54
-52,-24,-36
-48,-26,-39
-52,-32,-37
-50,-33,-32
-39,-32,-30
-35,-34,-29
-33,-35,-32
-39,-34,-28
-43,-34,-34
-44,-30,-40
-43,-29,-42
-48,-27,-48
-51,-26,-50
-62,-25,-25
-59,-25,-32
-65,-22,-34
-60,-21,-27
-60,-22,-21
-62,-22,-14
-61,-24,-11
-62,-25,-10
-64,-24,-12
-59,-25,-9
-58,-24,-8
-55,-20,-7
-57,-21,-11
-62,-17,-12
-58,-18,-9
-61,-13,-5
-66,-12,-5
-66,-14,-1
-60,-21,-10
-52,-22,-9
-54,-20,-7
-56,-19,-4
-53,-22,-15
-64,-22,-19
-44,-17,8
-56,-11,13
-86,-24,10
-84,-29,13
-63,-33,18
-57,-32,13
-53,-29,10
-47,-28,7
-50,-29,3
-47,-28,5
-48,-28,6
-52,-27,7
-54,-25,7
-57,-24,6
-58,-23,4
-61,-21,1
-63,-20,-1
-60,-17,-2
-64,-17,-7
-65,-17,-8
-65,-18,-7
-66,-19,-6
-66,-21,-3
-68,-24,-2
-79,-34,-10
-81,-45,-17
-69,-40,-8
-55,-32,0
-56,-30,-2
-63,-34,-10
-65,-35,-12
-53,-34,-7
-46,-31,-1
-42,-27,0
-45,-26,-1
-51,-25,-3
-53,-27,-3
-57,-30,-3
-57,-32,-2
-61,-35,-1
-60,-34,0
-60,-29,0
-65,-28,-3
-69,-29,-5
-79,-36,-9
-76,-35,-7
-68,-31,-1
-65,-27,1
-60,-25,8
-63,-29,9
-61,-38,9
-55,-39,10
-41,-39,14
-38,-39,15
-45,-37,15
-49,-34,15
-48,-31,17
-50,-30,17
-53,-31,16
-55,-28,15
-54,-27,15
-54,-28,12
-52,-29,12
-52,-28,13
-51,-30,14
-54,-32,7
-56,-31,6
-64,-28,-3
-63,-25,-11
-63,-24,-11
-61,-20,-14
-62,-18,-16
-61,-14,-14
-62,-14,-13
-67,-11,-13
-71,-11,-15
-66,-12,-6
-62,-11,-4
-64,-8,-8
-62,-7,-9
-62,-5,-8
-65,-4,-9
-61,-3,-5
-55,-2,-5
-66,-7,-10
-74,3,-14
-64,-1,-4
-49,1,17
-68,-2,10
-63,9,16
-59,8,22
-60,10,21
-50,5,37
-48,5,42
-41,2,39
-44,0,33
-59,3,-3
-56,5,-19
-71,10,-58
-75,13,-55
-46,18,-47
-43,17,-38
-60,16,-30
-65,15,-30
-56,15,-26
-61,14,-34
-59,13,-37
-45,13,-26
-44,15,-32
-59,14,-36
-52,13,-33
-50,14,-29
-53,13,-33
-59,9,-32
-61,5,-29
-59,-1,-26
-60,-3,-22
-59,-8,-24
-53,-15,-15
-55,-15,-17
-58,-10,-16
-56,-7,-18
-46,-8,-27
-46,-11,-27
-57,-12,-32
-53,-17,-31
-60,-22,-30
-61,-21,-22
-60,-22,-14
-62,-21,-13
-60,-22,-15
-58,-25,-17
-60,-29,-16
-56,-34,-13
-55,-37,-15
-63,-44,-22
-64,-51,-27
-68,-60,-33
-53,-58,-20
-62,-56,1
-47,-43,7
-42,-26,17
-30,-13,44
-21,-15,37
-49,-47,8
-41,-41,40
-23,-32,51
-34,-38,43
-37,-41,46
-45,-41,39
-44,-37,40
-43,-38,35
-62,-43,25
-40,-35,32
-45,-34,28
-52,-36,22
-51,-36,22
-46,-37,22
-48,-37,21
-49,-39,18
-49,-38,20
-52,-38,18
-53,-38,15
-52,-36,11
-53,-39,9
-47,-46,12
-52,-38,5
-50,-39,3
-50,-39,3
-59,-36,0
-51,-35,4
-54,-37,7
-45,-38,9
-51,-37,8
-51,-39,8
-54,-37,6
-52,-36,3
-53,-36,3
-58,-35,-2
-55,-36,0
-52,-37,1
-53,-37,-2
-54,-37,-3
-53,-36,-6
-54,-35,-9
-53,-35,-13
-58,-35,-18
-63,-31,-20
-59,-28,-20
-62,-26,-31
-64,-25,-33
-58,-23,-37
-55,-23,-45
-54,-21,-48
-47,-18,-47
-47,-17,-46
-42,-15,-49
-38,-13,-51
-33,-10,-52
-34,-9,-52
-41,-7,-50
-39,-5,-47
-37,-2,-47
-39,-1,-48
-47,2,-51
-45,4,-44
-46,4,-44
-53,5,-47
-52,7,-44
-49,8,-40
-49,9,-37
-50,13,-32
-47,14,-29
-50,18,-22
-54,18,-17
-59,18,-15
-63,18,-13
-64,17,-6
-66,12,2
-71,9,7
-67,2,12
-65,0,16
-42,1,25
-28,3,23
-39,10,17
-48,8,13
-67,17,-6
-69,21,-5
-75,19,-5
-66,18,2
-67,22,-2
-74,17,10
-68,17,15
-68,16,16
-69,17,10
-77,22,7
-70,17,6
-56,17,17
-61,19,14
-58,20,17
-46,15,26
-40,12,41
-54,16,30
-61,18,26
-57,14,35
-50,18,38
-58,22,31
-60,22,27
-45,23,35
-44,23,36
-49,22,36
-47,23,38
-41,25,43
-45,24,40
-52,24,38
-45,25,42
-43,25,42
-43,23,39
-45,23,40
-45,21,41
-44,19,40
-47,18,39
-53,16,38
-49,15,36
-45,14,38
-51,17,32
-53,21,27
-50,22,27
-52,23,29
-54,23,28
-54,22,32
-55,20,33
-55,20,36
-55,19,38
-52,17,41
-49,15,45
-47,14,46
-45,14,46
-43,16,45
-36,15,47
-31,14,50
-29,15,51
-34,16,47
-34,13,50
-31,13,53
-33,12,52
-30,12,53
-19,13,58
-19,12,57
-22,13,56
-16,13,57
-12,8,58
-31,5,55
-36,2,59
-39,0,61
-37,1,60
-34,4,58
-31,4,57
-28,4,57
-27,5,59
-28,7,57
-30,9,57
-33,11,54
-32,10,53
-29,9,52
-21,9,55
-23,8,55
-20,7,54
-10,5,58
-8,0,58
-13,-1,51
-4,-7,62
7,-8,64
13,-15,64
15,-13,64
12,-14,61
42,-19,79
13,-10,53
30,-21,55
24,-22,66
33,-14,55
11,-15,50
-17,-27,56
3,-26,61
-7,-29,54
-1,-26,52
3,-34,46
11,-35,43
4,-41,47
7,-48,43
13,-50,45
30,-52,53
33,-47,55
31,-43,57
17,-40,53
1,-39,49
-2,-43,50
7,-46,44
12,-45,41
21,-45,38
21,-44,35
9,-44,23
-21,-54,31
-21,-50,41
-11,-41,45
-18,-33,49
-52,-22,58
-56,-18,59
-19,-14,56
-21,-17,55
-9,-19,59
-11,-17,58
-13,-22,54
-11,-26,55
-2,-37,44
5,-38,49
-4,-37,47
-18,-48,41
-13,-51,44
-15,-42,47
-22,-41,45
-19,-41,37
-12,-41,37
-14,-48,37
-14,-47,34
-12,-45,27
-9,-45,26
-12,-45,24
-12,-47,18
-9,-50,17
-15,-58,15
-22,-61,17
-7,-60,26
0,-61,19
-2,-70,9
-6,-71,11
-4,-75,12
1,-78,11
-4,-80,5
12,-76,11
8,-75,2
-4,-75,-1
5,-73,-1
4,-63,0
-5,-62,1
8,-71,6
9,-70,7
4,-69,14
4,-75,8
1,-77,13
-1,-72,8
5,-73,-2
15,-73,10
6,-71,4
-2,-75,-12
3,-68,-4
-14,-63,-13
-29,-70,-23
0,-59,4
-8,-59,-1
-20,-63,-23
-20,-60,-16
-16,-58,-20
-23,-61,-21
-23,-58,-19
-38,-52,-25
-15,-52,-25
9,-61,-5
-7,-65,-6
14,-57,4
12,-56,7
11,-65,2
13,-67,7
6,-62,6
2,-64,-2
11,-71,2
9,-72,7
13,-68,0
2,-73,-9
9,-71,-10
7,-69,4
4,-70,3
-16,-68,-4
-16,-65,-2
-13,-60,12
-13,-60,9
-26,-62,-1
-29,-64,3
-17,-55,5
-17,-53,-1
-15,-52,-6
-39,-63,-23
-35,-61,-6
-20,-59,15
-10,-54,16
-24,-55,6
-19,-54,2
-26,-58,1
-28,-58,-5
-28,-58,-2
-25,-62,-3
-17,-61,-3
-12,-66,-4
-8,-67,-3
-4,-66,0
-2,-67,0
-5,-70,-7
-7,-68,-5
-9,-64,-2
-11,-64,-2
-9,-64,-3
-4,-63,-1
-10,-59,-3
-9,-61,-8
-10,-58,5
-5,-62,4
-6,-63,-1
-8,-62,-1
-6,-59,-3
-7,-57,-3
1,-67,-4
-3,-69,8
-7,-67,9
-9,-61,14
-9,-66,11
-12,-64,22
-8,-62,21
-4,-66,18
-11,-66,17
-8,-58,23
-7,-56,18
-5,-57,19
-5,-56,25
-6,-57,23
-11,-56,20
-18,-57,17
-8,-58,24
-5,-58,22
-10,-59,18
-1,-63,25
-7,-62,20
-7,-66,17
-11,-64,19
-7,-61,19
0,-65,21
-6,-66,26
-11,-64,23
-13,-61,17
-14,-59,17
-9,-55,17
-13,-62,13
-12,-58,18
-12,-57,12
-15,-58,8
-8,-58,10
-5,-63,9
-5,-65,10
-3,-65,9
2,-67,11
-8,-71,5
-1,-73,9
-5,-70,13
-12,-63,10
-10,-60,6
-15,-62,4
-20,-59,6
-21,-58,5
-17,-63,0
-9,-63,5
-13,-61,2
-15,-61,2
2,-60,10
1,-62,12
6,-81,42
-17,-60,31
-19,-64,-3
-27,-67,-4
-20,-63,2
-17,-64,-9
-13,-66,-5
-10,-60,-3
-10,-62,-8
-17,-65,-10
-10,-62,0
-8,-62,-9
-5,-64,-4
-11,-66,-2
-10,-62,1
-11,-64,-9
-10,-73,-14
-1,-74,-7
3,-72,8
8,-70,7
-6,-64,-13
-19,-65,-18
-16,-69,-11
-15,-64,-5
-25,-66,-1
-19,-64,0
-26,-60,-14
-35,-57,-10
-25,-57,1
-37,-57,-5
-22,-57,5
-39,-53,-10
-40,-50,-6
-26,-55,6
-33,-54,5
-21,-51,15
-23,-51,12
-19,-59,2
-41,-56,-8
-20,-57,-3
-19,-57,-1
1,-53,12
-23,-63,-1
-29,-62,-4
-29,-57,-13
-24,-60,-13
-21,-62,3
-26,-64,6
-21,-66,10
-11,-65,15
-3,-60,18
-15,-61,7
-6,-62,15
-4,-63,19
5,-65,24
11,-63,33
7,-60,29
13,-64,26
13,-67,23
2,-67,14
0,-59,14
10,-52,6
-8,-65,0
-22,-81,-16
-26,-67,-10
-15,-57,1
-21,-63,-8
-30,-58,-6
-18,-65,-10
-18,-70,12
-21,-63,7
-23,-55,2
-42,-50,-41
-11,-56,-33
-26,-54,-13
-30,-44,-12
-43,-25,-38
-31,-21,-46
9,-37,-33
-23,-51,-6
-17,-73,2
-6,-82,0
-3,-78,-6
-10,-67,-8
-10,-61,-4
-12,-62,1
-12,-62,5
-18,-65,1
-16,-66,10
-17,-63,9
-16,-61,-3
-26,-56,-12
-13,-54,-14
1,-54,-13
14,-64,-6
19,-65,-2
17,-63,-1
8,-71,-9
9,-73,3
8,-71,-2
5,-73,-12
7,-78,-6
13,-78,-1
15,-73,-13
11,-75,-18
9,-83,-13
11,-87,-11
-7,-77,6
-17,-69,12
-5,-55,17
-7,-58,14
-9,-57,12
-12,-52,13
-24,-56,4
-19,-53,11
-21,-48,8
-24,-51,12
-21,-50,15
-24,-51,10
-24,-53,7
-14,-56,14
-9,-57,16
-8,-59,16
-9,-60,17
-12,-62,18
-15,-62,16
-19,-65,11
-20,-65,8
-12,-66,13
-13,-65,7
-10,-67,8
-6,-75,1
-4,-70,5
-9,-63,-2
-11,-64,-4
-12,-65,-3
-19,-63,-7
-25,-65,-13
-22,-62,-2
-20,-59,-7
-20,-59,-11
-21,-56,-7
-28,-55,-15
-27,-57,-14
-24,-58,-11
-6,-60,-1
-12,-57,-11
-16,-61,-7
-14,-63,-1
-21,-62,-9
-25,-56,-9
-28,-59,-5
-19,-59,-4
-17,-58,-5
-23,-59,-12
-28,-58,-11
-25,-62,-11
-6,-63,-2
-18,-63,-5
-18,-64,-12
-13,-64,-11
-4,-69,-7
7,-64,3
4,-64,1
5,-61,5
-9,-70,6
-1,-62,5
-2,-64,1
-16,-67,-1
-14,-65,3
-13,-64,-1
-13,-64,-4
-18,-60,7
-17,-60,2
-11,-63,3
-8,-58,7
-12,-59,3
-11,-62,1
-21,-62,-4
-28,-60,-17
-29,-63,-20
-18,-61,-14
-12,-65,-17
-7,-64,-3
1,-65,5
-5,-65,-2
-13,-67,-5
-20,-66,-13
-13,-64,-11
-11,-68,1
-9,-64,4
-15,-59,7
-1,-59,8
-5,-71,2
-10,-65,-2
-6,-63,2
-15,-69,1
-21,-70,1
-25,-62,6
-14,-59,3
3,-59,5
0,-62,0
-3,-66,-2
5,-63,-4
10,-66,-1
-4,-68,0
4,-69,-2
-14,-71,-14
-15,-71,-12
-20,-69,5
-25,-64,11
-25,-62,10
-19,-61,12
-11,-56,8
-19,-60,10
-26,-59,7
-17,-56,7
-20,-54,14
-30,-54,13
-31,-56,15
-27,-57,17
-21,-55,19
-21,-55,12
-22,-55,12
-24,-60,9
-21,-61,8
-8,-57,-2
-21,-64,-3
-27,-58,3
-26,-63,5
-22,-60,9
5,-65,8
-17,-61,13
-38,-65,5
-32,-63,2
-16,-61,10
-17,-57,10
-2,-50,16
-5,-49,16
-16,-50,21
-13,-60,11
-22,-52,11
-26,-56,-6
-9,-62,-2
-12,-68,1
-8,-71,4
-3,-70,6
-7,-70,-3
-12,-69,1
-7,-65,1
10,-68,4
2,-66,7
-12,-69,0
-15,-75,-11
-11,-77,-10
-10,-74,-9
-1,-66,4
1,-54,14
13,-58,18
-2,-65,15
-9,-62,6
-4,-65,4
-5,-61,6
-4,-69,0
-4,-68,5
-10,-68,-4
-11,-68,-4
12,-67,4
19,-65,6
5,-65,4
-17,-66,-2
-14,-65,3
-3,-61,8
3,-61,11
-6,-62,18
-11,-63,17
-7,-61,17
-8,-61,11
-9,-66,0
-14,-68,-1
-8,-65,5
-14,-64,2
-18,-67,-3
-11,-71,1
-7,-69,-1
-7,-61,5
-12,-64,9
-17,-62,19
-8,-59,14
-7,-57,19
-16,-57,26
-15,-57,19
-18,-65,12
-27,-65,8
-25,-60,5
-28,-61,12
-27,-63,20
-24,-60,21
-24,-58,24
-26,-58,24
-13,-57,24
-16,-58,21
-29,-57,19
-33,-59,19
-24,-58,23
-37,-57,22
-43,-58,27
-24,-52,36
-15,-50,30
-26,-47,30
-21,-55,18
-22,-43,16
-36,-48,11
-16,-50,30
-5,-53,31
-41,-54,-5
-28,-52,1
-19,-54,10
-27,-60,1
-46,-63,-20
-22,-62,-13
-24,-61,-7
-19,-60,-8
-12,-50,-4
-31,-68,-22
-25,-63,-17
-12,-56,-6
-29,-61,-19
-26,-65,-9
-27,-67,6
-24,-64,8
-18,-64,9
-17,-63,6
-9,-63,4
-8,-58,9
-6,-57,8
-4,-61,7
-8,-66,1
-14,-64,1
-13,-67,0
-14,-66,1
-2,-70,6
-19,-77,0
-11,-77,6
-23,-74,4
-36,-74,-3
-33,-65,4
-28,-59,7
-25,-55,6
-21,-53,7
-27,-47,8
-31,-43,11
-27,-49,16
-33,-52,15
-30,-47,21
-24,-41,30
-25,-43,26
-13,-39,31
-18,-36,30
-25,-40,19
-28,-37,23
-19,-38,24
-7,-52,7
-22,-59,-7
-31,-68,-5
-20,-78,-25
-29,-69,-18
-19,-68,-12
-40,-74,-35
-53,-78,-31
-1,-77,7
4,-65,35
-39,-67,-4
-20,-67,19
-17,-60,32
-19,-54,23
-27,-54,23
-23,-54,26
-21,-58,16
-14,-56,26
-11,-52,24
-8,-59,9
-11,-61,13
-10,-59,4
-10,-57,-5
-43,-57,-13
-24,-63,8
-19,-69,13
-18,-60,13
-5,-59,18
-14,-53,8
-15,-55,6
-20,-55,8
-32,-56,9
-31,-48,3
-24,-48,5
-25,-54,14
-23,-56,15
-18,-62,14
-25,-64,9
-17,-64,9
-18,-66,4
-13,-66,4
-17,-71,-8
-15,-69,-7
-13,-71,-8
-5,-73,-3
-3,-61,2
0,-61,-2
5,-68,3
3,-69,7
3,-72,7
-10,-76,9
-12,-72,16
-10,-69,13
-12,-66,11
4,-66,18
-12,-69,23
-4,-68,21
-14,-65,11
-26,-58,16
-23,-58,18
-21,-65,21
-22,-61,23
-37,-56,7
-43,-58,9
-21,-59,18
-19,-51,8
-12,-55,12
-24,-55,10
-25,-54,13
-25,-52,18
-21,-53,15
-9,-50,-10
-24,-54,-15
-20,-74,15
-30,-72,21
-28,-59,15
-32,-59,7
-3,-65,16
3,-63,19
-2,-62,14
-14,-59,8
-10,-61,12
-5,-67,21
-5,-64,21
-4,-64,22
-15,-62,32
-46,-46,23
-53,-46,9
-33,-52,0
-19,-53,-2
-20,-48,-15
-29,-64,-11
-19,-68,-4
-28,-62,-12
-28,-58,-8
-40,-61,-19
-49,-58,-11
-33,-66,0
-22,-72,6
-13,-74,21
-7,-70,22
15,-69,-2
-2,-70,8
-18,-68,-4
-7,-67,-7
-7,-69,-6
-15,-63,4
-14,-61,13
-13,-59,12
-21,-59,7
-19,-61,22
-25,-59,21
-39,-54,17
-49,-55,-6
-32,-53,-8
-23,-54,-7
-21,-60,6
-16,-64,5
-12,-62,3
-15,-62,8
-22,-62,4
-25,-62,7
-29,-64,8
-33,-58,11
-32,-55,11
-28,-58,13
-25,-56,18
-24,-61,16
-19,-59,19
-22,-62,18
-23,-59,20
-23,-57,20
-24,-55,19
-25,-53,17
-13,-56,22
-18,-57,20
-26,-57,11
-20,-56,17
-21,-64,15
-24,-67,10
-18,-54,20
-27,-60,9
-20,-59,15
-14,-54,13
-10,-51,15
-13,-60,14
-14,-59,21
-18,-59,20
-27,-59,11
-20,-58,11
-10,-57,18
-4,-72,16
-2,-72,12
-1,-68,12
2,-71,8
0,-69,11
-4,-64,10
1,-66,10
-3,-68,13
-12,-68,6
-11,-64,12
-7,-67,9
-15,-57,11
-6,-60,12
12,-62,35
-17,-61,19
-21,-60,15
-14,-58,21
-19,-57,22
-26,-54,14
-25,-54,11
-27,-54,4
-31,-56,-3
-24,-56,-20
-27,-56,-22
-17,-63,-11
-7,-64,1
-35,-58,-13
-31,-53,-20
-31,-55,-16
-36,-61,-25
-36,-61,-21
-17,-62,-5
-24,-62,-9
-33,-58,-14
-28,-53,-9
-27,-55,-5
-30,-56,3
-32,-55,-2
-34,-55,-17
-26,-56,0
-19,-56,11
-25,-53,11
-35,-49,7
-36,-50,5
-31,-60,-1
-29,-63,-2
-4,-62,8
-21,-64,6
-51,-62,-6
-50,-60,-8
-25,-56,-6
-18,-58,-4
-19,-60,0
-38,-58,-6
-27,-58,-9
-19,-62,-13
-21,-63,-13
-26,-67,-14
-27,-68,-4
-40,-63,1
-33,-57,-5
-22,-57,-15
-27,-59,-16
-34,-64,-15
-20,-58,-14
-18,-58,-20
-18,-60,-6
-25,-55,-22
-20,-54,-16
-19,-60,-12
-26,-54,-21
-26,-62,-8
-16,-57,-18
-25,-56,-24
-22,-57,-31
-21,-57,-31
-26,-56,-29
-21,-59,-32
-19,-57,-35
-33,-55,-11
-33,-51,-10
-30,-44,8
-29,-38,12
13,-38,25
-8,-52,13
-29,-59,-12
-27,-62,-12
-1,-69,-2
-4,-67,0
6,-71,-2
23,-70,10
23,-61,17
11,-76,-2
4,-69,13
21,-75,17
12,-71,19
-6,-70,15
-9,-69,6
-15,-66,-12
-3,-75,-23
7,-55,4
-4,-61,5
-24,-53,12
-5,-61,11
-22,-70,4
-10,-54,13
-3,-58,5
-8,-71,1
-2,-71,6
6,-75,6
4,-78,5
8,-80,5
5,-82,3
4,-81,6
-1,-80,7
-3,-76,14
-18,-78,15
-23,-75,16
-25,-67,16
-25,-64,13
-28,-66,16
-31,-70,18
-25,-68,18
-22,-66,15
-28,-65,12
-28,-67,8
-34,-66,-1
-28,-58,4
-30,-56,3
-22,-55,-1
-30,-61,-15
-25,-57,-5
-17,-53,-1
3,-50,18
5,-50,20
-12,-55,16
-19,-54,17
-24,-53,24
-38,-52,26
-57,-57,13
-49,-62,6
-39,-67,17
-24,-58,41
-22,-58,35
-4,-48,8
5,-49,-5
-13,-61,-1
36,-60,8
-31,-68,-29
-12,-60,-18
-32,-74,-20
-37,-57,-1
-26,-50,11
-27,-60,8
-35,-71,14
1,-79,17
-6,-81,11
-21,-90,-33
-34,-84,-28
3,-65,-25
18,-47,-17
-8,-43,-13
-9,-39,-3
-16,-37,-7
-8,-36,-14
0,-34,-9
-15,-51,14
-55,-66,19
-85,-87,18
-83,-52,-16
-61,-16,-14
-21,-33,43
-37,-55,45
-72,-52,26
-48,-41,33
-27,-37,36
-26,-40,40
-11,-41,28
-6,-50,35
1,-82,51
5,-71,65
2,-56,39
15,-49,28
30,-54,38
-14,-76,47
3,-52,47
15,-54,39
11,-57,33
5,-57,31
13,-55,32
5,-50,41
4,-51,31
9,-54,20
6,-50,18
19,-49,34
14,-56,30
21,-55,17
14,-52,18
20,-50,35
15,-59,30
34,-46,27
10,-71,29
40,-58,13
34,-80,12
18,-80,5
26,-72,5
29,-66,1
4,-63,-19
-11,-72,-21
8,-81,-19
41,-71,-10
26,-63,-2
24,-70,4
1,-68,0
4,-85,4
57,-74,19
-27,-76,-37
-50,-54,-51
-43,-34,-42
-12,-28,-29
3,-33,-30
-23,-26,-51
9,-42,-46
10,-21,-62
67,-4,-66
91,-16,-42
0,-82,-4
-68,-68,15
-121,-69,16
-63,-73,-31
-62,-85,-52
7,-99,-57
52,-47,-69
30,-49,-56
15,-61,-27
-28,-68,-31
-12,-58,-23
-43,-67,-27
-44,-66,-25
-37,-52,-28
-19,-50,-28
-8,-53,-14
8,-60,-9
-3,-69,-16
46,-77,1
40,-80,5
15,-79,9
4,-81,11
-19,-80,19
-18,-77,15
-21,-69,26
-18,-64,32
-13,-65,34
-29,-52,46
-29,-34,46
-45,-30,9
-62,-33,6
-26,-36,35
-12,-38,43
-11,-41,44
-25,-38,44
-42,-27,39
-53,-21,38
-57,-19,43
-43,-24,40
-37,-27,39
-38,-41,34
-39,-50,32
-35,-59,27
-38,-58,27
-38,-49,29
-36,-41,31
-31,-42,24
-29,-45,20
-33,-49,20
-34,-48,22
-35,-50,20
-40,-47,22
-42,-46,27
-44,-41,32
-48,-38,32
-54,-32,29
-56,-31,32
-54,-37,36
-60,-35,35
-64,-38,30
-63,-34,31
-42,-19,48
-41,-15,48
-35,2,64
-46,13,66
-36,16,69
-33,23,67
-38,24,61
-43,18,55
-40,17,53
-29,15,51
-22,11,49
-17,6,48
-20,4,47
-18,-1,47
-29,3,52
-27,7,49
-17,22,48
-14,30,51
-5,45,55
-1,49,55
-2,48,55
-5,47,53
-17,38,45
-14,33,37
-16,24,36
-25,23,42
-23,22,40
-25,16,34
-32,18,35
-34,23,43
-34,20,43
-43,17,47
-40,14,55
-45,16,57
-43,21,57
-48,20,44
-55,17,37
-45,19,38
-29,19,45
-29,21,39
-10,21,35
14,21,45
19,22,66
5,15,55
-20,1,43
-43,0,48
-20,-12,50
-8,-18,55
-20,-25,69
-24,-33,74
-74,-37,67
-81,-30,62
-49,-18,55
-26,-28,57
-11,-35,58
-21,-36,55
-29,-37,46
-28,-38,43
-30,-41,42
-30,-46,50
-36,-46,44
-46,-45,20
-48,-46,13
-56,-39,7
-43,-37,9
-43,-38,-4
-62,-40,-13
-66,-40,-9
-55,-28,2
-69,-25,-8
-77,-15,-17
-76,-14,-20
-64,-13,-11
-59,-15,-12
-55,-18,-24
-50,-18,-28
-46,-13,-32
-44,-16,-31
-46,-13,-27
-54,-13,-39
-55,-16,-37
-52,-13,-41
-58,-13,-45
-62,-17,-48
-47,-18,-35
-49,-23,-30
-55,-21,-28
-53,-17,-26
-56,-20,-26
-62,-22,-30
-66,-8,-11
-63,-18,-25
-54,-25,-15
-45,-30,-11
-40,-32,-7
-41,-33,-10
-33,-36,-17
-43,-39,-18
-55,-38,-29
-46,-36,-29
-52,-31,-34
-67,-23,-40
-79,-5,-16
-83,-11,-44
-82,-12,-40
-101,0,-17
-111,-7,-9
-61,-2,28
-51,2,10
-54,-12,-14
-63,-13,-5
-63,-14,13
-57,-22,13
-66,-19,5
-58,-15,6
-59,-20,11
-67,-17,15
-54,-21,21
-37,-19,37
-37,-19,46
-16,-20,47
-7,-23,39
-43,-20,49
-67,-22,20
-70,-27,-3
-57,-21,-9
-57,-6,2
-56,-19,-10
-48,-17,-4
-51,-16,-12
-60,-24,-16
-70,-8,-8
-75,-18,-1
-81,-25,51
-100,-13,52
-46,-6,52
-31,-11,55
-23,-26,47
-18,-29,49
-28,-34,39
-56,-26,38
-52,-23,42
-41,-22,38
-28,-23,47
-31,-31,52
-31,-32,48
6,-34,46
-14,-42,24
-100,-35,-31
-128,-25,-45
-37,-24,6
-43,-18,9
-45,-34,-3
-64,-28,-17
-77,-24,-26
-63,-24,-22
-46,-24,0
-57,-21,-6
-56,-30,-12
-52,-29,-6
-57,-22,-12
-57,-21,-35
-57,-22,-42
-49,-20,-43
-42,-21,-45
-24,-20,-44
-40,-17,-62
-44,-16,-60
-32,-17,-39
-52,-32,-5
-49,-20,-28
-64,-21,-41
-58,-21,-40
-57,-25,-44
-44,-25,-29
-49,-21,-35
-50,-25,-44
-47,-20,-36
-42,-22,-33
-60,-17,-45
-59,-13,-40
-45,-14,-35
-46,-14,-33
-57,-6,-34
-58,-14,-33
-59,-25,-24
-56,-18,-29
-58,-12,-30
-62,-13,-29
-62,-18,-20
-67,-17,-22
-85,-21,-16
-47,-1,-6
-49,-4,-13
-61,-6,-23
-61,-10,-10
-58,-17,5
-56,-16,4
-65,-13,14
-56,-18,16
-52,-6,50
-73,-4,35
-66,-8,22
-45,-12,30
-30,-17,39
-12,-19,46
-21,-17,39
-42,-3,31
-44,6,38
-10,6,55
-71,-13,48
-105,-34,19
-80,-38,20
-24,-29,29
-45,-43,8
-62,-54,5
-63,-43,19
-62,-45,7
-80,-54,-4
-59,-52,15
-59,-54,24
-46,-52,29
-34,-47,47
-41,-38,40
-36,-38,33
-20,-34,36
-34,-25,33
-15,-31,35
-18,-25,32
-15,-29,47
-27,-37,42
-38,-36,37
-35,-34,37
-106,-20,-2
5,-30,55
-13,-38,33
-11,-29,49
-38,-38,43
-37,-34,48
-31,-35,46
-42,-44,43
-41,-48,47
-32,-58,43
-26,-55,47
-22,-53,42
-24,-54,32
-36,-45,28
-48,-33,31
-79,-28,29
-83,-21,25
-64,-12,45
-64,7,50
-70,11,43
-39,22,47
-26,29,52
-26,30,49
-21,29,42
4,33,26
7,37,31
-30,16,40
-24,6,33
-1,12,30
-17,-7,55
-34,-43,79
-25,-15,88
-17,0,89
-25,-2,95
-32,17,95
-11,36,89
-12,32,79
-14,24,66
-15,23,57
-22,25,43
-27,29,42
-22,30,39
-23,33,29
-43,38,9
-42,24,24
-35,23,24
-43,17,10
-47,13,12
-33,8,20
-31,8,25
-27,10,13
-30,10,20
-39,18,27
-44,24,31
-58,24,22
-60,22,23
-63,26,28
-60,28,15
-63,25,8
-61,19,6
-63,15,-2
-67,6,-8
-70,5,-7
-66,10,-5
-73,13,-10
-70,16,-19
-68,18,-12
-67,19,-16
-69,16,-21
-68,14,-17
-58,13,-8
-59,13,-10
-52,7,-7
-38,5,4
-48,-7,-19
-56,-8,-27
-39,-19,-15
-52,-21,-26
-86,-18,-40
-62,-24,-17
-69,-21,1
-101,-21,1
-95,-25,6
-81,-23,11
-76,-22,11
-32,-16,11
-52,-9,-4
-70,-4,-22
-71,3,-34
-62,6,-33
-56,6,-28
-61,-5,6
-63,-9,17
-76,-8,5
-71,-4,-5
-74,-3,-8
-69,5,-8
-65,4,-9
-60,5,6
-64,8,6
-81,10,-6
-71,7,3
-57,12,18
-54,13,20
-40,12,28
-34,18,41
-26,18,43
-27,17,45
-29,20,48
-18,20,58
-21,24,62
-25,24,50
-18,22,51
-19,23,53
-26,23,49
-34,25,54
-32,28,57
-23,25,54
-19,29,58
-16,30,57
-18,34,50
-14,34,47
-10,30,41
-12,28,42
-20,20,41
-26,9,35
-46,16,53
-49,17,50
-49,15,49
-55,14,43
-56,13,37
-59,15,39
-51,14,41
-40,15,46
-42,13,47
-44,9,56
-43,10,62
-38,11,60
-37,10,52
-45,9,38
-45,11,38
-45,12,44
-46,13,48
-48,14,46
-46,6,46
-42,5,49
-38,4,52
-46,6,52
-54,12,46
-52,13,46
-49,19,40
-47,18,35
-44,13,34
-44,13,35
-52,8,27
-49,11,31
-42,11,42
-56,9,43
-52,11,48
-45,13,50
-46,9,39
-37,12,49
-39,14,49
-43,12,46
-44,11,46
-45,10,41
-50,9,38
-53,9,35
-56,10,34
-55,11,39
-55,10,39
-57,10,35
-48,15,43
-45,14,41
-52,8,31
-52,11,39
-44,9,45
-44,8,43
-58,12,32
-61,13,31
-51,12,36
-51,12,36
-49,13,40
-33,12,48
-41,11,42
-50,14,42
-49,16,41
-48,15,39
-47,14,41
-37,9,50
-38,10,52
-43,14,51
-49,13,47
-39,16,54
-38,13,47
-35,11,45
-35,11,51
-31,12,52
-26,10,56
-18,11,67
-8,11,79
-10,14,80
-6,16,69
-13,16,62
-35,16,48
-46,16,43
-21,16,57
-15,11,61
-18,10,61
-14,12,59
-12,12,62
-19,10,61
-17,8,59
-7,7,60
-4,3,63
-13,-4,58
-16,-5,54
-20,-6,50
-29,-7,46
-22,-8,43
-12,-13,59
-22,-13,62
-45,-17,38
-38,-16,44
-30,-16,60
-35,-22,54
-28,-19,55
-26,-19,54
-23,-19,47
-19,-18,48
-7,-14,52
-15,-16,47
-21,-17,42
-35,-19,47
-42,-22,52
-25,-14,38
-31,-15,32
-35,-21,45
-28,-25,51
-19,-30,52
-11,-31,58
-9,-24,72
-14,-32,66
-14,-38,63
-3,-35,66
2,-39,62
-6,-44,53
6,-46,55
10,-47,59
1,-45,56
-16,-52,44
-14,-56,41
-15,-53,50
-24,-49,49
-27,-46,38
-27,-48,36
-32,-52,37
-25,-49,46
-29,-47,44
-31,-47,38
-33,-45,35
-42,-44,33
-42,-41,29
-42,-37,31
-40,-34,33
-34,-29,37
-35,-28,39
-43,-25,41
-43,-27,43
-51,-21,50
-41,-27,41
-37,-28,41
-23,-31,44
-11,-26,50
-7,-26,42
-18,-28,43
-21,-26,48
-13,-25,60
-9,-20,69
-8,-17,68
2,-14,56
-14,-14,42
2,-23,56
14,-18,65
15,-17,68
-2,-22,56
-5,-23,59
-1,-23,67
0,-22,70
-4,-25,64
-11,-20,61
-9,-25,50
7,-31,54
26,-31,71
22,-35,70
12,-48,52
3,-39,34
1,-39,36
-3,-41,44
-2,-43,49
4,-50,53
-8,-52,44
-9,-49,44
-2,-43,35
1,-43,33
2,-44,34
4,-42,37
2,-44,40
-2,-44,40
-9,-44,39
-20,-45,33
-39,-51,26
-38,-51,27
-36,-59,30
-29,-60,34
-24,-59,33
-22,-58,29
-10,-55,29
-6,-54,36
-10,-55,33
-21,-53,31
-21,-52,32
-22,-52,29
-21,-52,29
-16,-53,31
-17,-52,30
-22,-55,30
-23,-54,29
-22,-54,30
-17,-53,32
-23,-53,30
-30,-54,28
-27,-55,29
-19,-55,32
-20,-53,30
-17,-50,31
-21,-50,32
-25,-51,30
-24,-52,31
-19,-51,32
-18,-50,33
-18,-53,33
-20,-52,32
-22,-53,30
-25,-52,33
-26,-55,33
-24,-55,29
-21,-55,32
-20,-53,30
-23,-53,31
-16,-54,33
-9,-52,35
-16,-54,27
-24,-58,26
-18,-65,42
-18,-64,45
-20,-71,44
-18,-69,49
-21,-58,49
-23,-42,33
-31,-36,20
-66,-39,17
-43,-40,27
-26,-37,31
-17,-35,26
-6,-21,25
-3,-17,29
3,-19,32
-15,-14,17
-33,-5,-4
-28,-13,4
-41,-25,0
-24,-55,37
-76,-77,51
-101,-74,55
-106,-71,35
-96,-68,48
-76,-70,43
-71,-73,8
-55,-68,2
-43,-47,-13
6,-58,0
-11,-63,4
-68,-35,-33
-21,-38,-43
1,-50,-28
-4,-52,-35
-1,-67,-38
-9,-65,-51
13,-56,-47
-13,-58,-39
-34,-67,-62
-26,-59,-55
-18,-42,-34
-29,-16,37
-87,-16,-21
10,-63,-18
13,-77,8
-3,-104,8
-8,-111,-4
14,-94,-17
2,-79,-22
-39,-40,-39
-29,-23,-28
-3,-17,-10
-2,-27,-11
9,-39,-11
-11,-49,-13
-17,-45,-13
-13,-42,-20
-13,-47,-9
-26,-49,-12
-17,-51,-9
-3,-48,-16
-6,-46,-20
-3,-58,-18
-16,-78,-13
-36,-73,-27
-19,-70,-25
-24,-60,-37
-8,-63,-32
-2,-62,-32
11,-71,-24
14,-74,-22
9,-85,-20
16,-80,-9
22,-83,5
26,-86,3
18,-79,11
17,-71,9
8,-57,16
-5,-55,1
-8,-53,0
-2,-49,13
1,-49,21
10,-56,23
20,-57,28
25,-63,45
25,-61,46
10,-61,61
19,-53,60
3,-48,23
-8,-49,34
4,-46,42
-39,-61,23
3,-57,54
-11,-40,63
-10,-61,47
10,-41,64
-4,-72,-27
-2,-47,4
-12,-47,60
-2,-32,37
-18,-59,54
-25,-73,73
-3,-22,1
-5,-30,4
-19,-44,6
-15,-58,57
-14,-59,46
-14,-49,20
-19,-53,27
-17,-78,10
-20,-84,51
-60,-61,19
19,-63,29
-14,-50,21
7,-58,11
3,-56,11
5,-59,3
-9,-62,-40
-13,-54,-63
1,-49,-64
9,-53,-48
16,-52,-16
0,-47,-22
-23,-62,-43
-27,-71,-37
-25,-65,-36
-27,-66,-35
47,-64,-20
36,-81,-5
-15,-78,2
-58,-55,-2
-42,-52,-5
-27,-46,9
-31,-46,4
-19,-53,11
-23,-53,14
-26,-58,0
-26,-64,-7
-1,-78,-7
10,-82,-9
3,-81,-9
-7,-70,10
-7,-64,13
-22,-49,12
-21,-53,12
-14,-39,8
-11,-39,1
2,-42,11
5,-50,7
-8,-73,19
-22,-79,23
-11,-63,9
-6,-64,15
-20,-60,18
-14,-63,8
-21,-78,10
-5,-99,0
-2,-97,0
3,-77,-3
-4,-67,-3
-30,-70,-4
-31,-83,-2
-11,-86,-26
-9,-67,-36
-15,-67,-28
-15,-53,-12
-26,-54,-10
-19,-50,-4
-21,-50,-9
-28,-42,-3
-27,-43,-11
-32,-40,-36
-67,-34,-46
8,-48,-2
13,-65,-5
-20,-68,-12
-23,-67,-15
-36,-60,-30
-38,-56,-25
-32,-59,-21
-16,-51,-15
-10,-55,-13
7,-57,-13
17,-55,-14
16,-60,-26
6,-57,-28
-25,-68,-40
-48,-57,-35
-62,-53,-25
-57,-48,-23
-54,-43,-32
-38,-42,-24
-27,-59,-8
-19,-50,-4
-10,-49,-4
-37,-48,-25
-61,-49,-41
-35,-61,-13
-27,-58,-31
-47,-45,-69
-41,-27,-79
-38,-39,-53
-18,-44,-41
-13,-47,-35
-7,-45,-23
-6,-49,-24
-16,-50,-27
-24,-46,-27
-31,-53,-20
-33,-50,-16
-32,-44,-20
-29,-44,-18
-30,-49,-26
-35,-53,-28
-50,-53,-34
-49,-57,-30
-38,-57,-29
-41,-58,-22
-39,-61,-18
-44,-54,-33
-41,-51,-46
-41,-46,-49
-43,-43,-46
-30,-43,-22
-27,-46,-13
-22,-61,-7
-23,-61,-14
-17,-56,-21
-33,-51,-28
-27,-45,-23
-26,-37,-24
-34,-33,-30
-39,-22,-28
-39,-19,-31
-55,-22,-32
-48,-12,-43
-41,-17,-40
-43,-24,-35
-61,-32,-57
-61,-37,-64
-45,-43,-90
-24,-44,-66
-23,-45,-50
-16,-38,-37
-14,-31,-40
-10,-25,-45
-15,-23,-48
-10,-26,-48
-8,-25,-46
-21,-28,-45
-21,-31,-41
-18,-37,-35
-27,-37,-40
-21,-33,-45
-19,-30,-52
-20,-31,-63
-25,-33,-70
-24,-37,-79
-13,-42,-87
-31,-52,-70
-48,-46,-56
-48,-46,-46
-36,-48,-9
-31,-50,-4
-21,-47,-16
-5,-44,-47
-4,-33,-48
-32,-23,-55
-38,-22,-59
-43,-25,-53
-38,-30,-36
-58,-27,-31
-55,-28,-24
-49,-22,-19
-52,-22,-16
-61,-18,-20
-55,-23,-11
-45,-28,1
-31,-37,16
-40,-60,12
-63,-74,8
-40,-62,20
-2,-47,24
-1,-51,13
-30,-71,2
-30,-82,-8
-39,-65,-6
-33,-56,2
-35,-55,21
-26,-45,20
-34,-59,10
-4,-63,21
10,-66,15
3,-74,-12
-11,-84,-9
-17,-76,-20
-30,-70,-35
-35,-67,-34
-22,-65,-33
-29,-63,-36
-42,-62,-36
-32,-44,-36
-17,-42,-27
-14,-48,-22
3,-63,-23
-3,-62,-28
-6,-56,-40
-11,-54,-50
-29,-45,-43
-26,-48,-35
-6,-47,-27
-28,-51,-27
-18,-43,-33
-39,-35,-27
-29,-31,-35
-43,-29,-39
-35,-40,-21
-48,-52,-49
-48,-63,-52
11,-74,-30
24,-73,-29
16,-67,-33
3,-55,-45
7,-54,-38
3,-53,-28
11,-53,-5
18,-54,-2
11,-45,-17
-28,-38,-64
-64,-21,-82
-30,-48,-39
25,-71,0
-63,-69,-36
-31,-84,-17
11,-106,48
1,-84,31
-17,-88,-23
-28,-85,-23
-25,-77,-25
-26,-67,-20
-13,-60,-1
-16,-60,2
-10,-57,3
4,-57,9
-1,-57,10
-8,-58,4
-13,-59,1
-20,-59,0
-22,-57,0
-29,-54,-1
-37,-53,0
-43,-52,2
-41,-52,2
-28,-62,8
-41,-72,-4
-37,-82,2
-33,-93,23
-33,-86,23
-22,-68,16
-22,-61,14
-20,-58,13
-19,-55,10
-28,-52,4
-31,-55,3
-35,-62,1
-34,-65,1
-30,-66,4
-25,-63,7
-29,-61,4
-32,-62,2
-30,-65,1
-24,-65,2
-23,-65,1
-20,-65,4
-18,-64,5
-20,-66,12
-22,-68,16
-21,-63,29
2,-56,34
20,-56,36
35,-61,33
28,-65,31
8,-67,23
2,-65,17
-4,-60,6
-6,-59,4
-18,-59,2
-27,-59,3
-47,-60,5
-52,-63,6
-50,-61,14
-37,-61,22
-27,-61,26
-16,-62,31
-16,-64,32
-21,-76,28
-22,-87,27
-20,-94,22
-18,-88,18
-18,-70,12
-20,-69,9
-20,-73,4
-19,-70,0
-20,-68,-3
-21,-62,-5
-19,-59,-5
-14,-53,-2
-13,-52,-1
-18,-46,-1
-20,-46,-2
-22,-48,-4
-19,-51,-3
-15,-58,-4
-12,-62,-2
-8,-69,7
-10,-77,11
-12,-83,13
-20,-81,24
-20,-74,27
-7,-65,35
-4,-65,36
0,-72,34
-6,-72,28
-8,-66,16
-10,-61,12
-14,-53,6
-18,-49,3
-25,-43,5
-37,-45,5
-41,-48,5
-35,-53,8
-29,-55,11
-21,-64,17
-19,-68,20
-22,-77,20
-25,-86,20
-13,-89,20
-6,-79,16
2,-64,18
-3,-65,14
-12,-69,10
-18,-65,4
-20,-61,2
-20,-53,1
-20,-51,1
-22,-52,2
-24,-52,1
-28,-54,0
-28,-57,-1
-23,-62,-1
-18,-64,-1
-12,-67,3
-10,-67,4
-13,-70,9
-22,-71,16
-25,-69,22
-14,-59,32
1,-54,37
29,-53,45
34,-61,45
24,-71,39
16,-72,36
1,-64,34
-8,-59,36
-19,-56,35
-15,-47,31
-12,-43,32
-10,-41,35
-6,-39,34
0,-43,34
-1,-46,34
3,-55,29
6,-62,27
5,-59,28
2,-52,23
-12,-52,-3
-11,-55,-2
16,-55,6
11,-64,2
14,-68,6
25,-75,15
34,-72,17
31,-65,2
26,-67,4
14,-57,9
15,-59,2
13,-69,6
1,-59,13
21,-66,4
29,-66,6
7,-67,7
19,-64,10
13,-64,10
9,-62,4
8,-61,6
10,-62,9
1,-61,9
11,-62,14
14,-63,13
19,-65,8
7,-64,5
10,-60,8
8,-60,15
13,-61,8
13,-62,8
16,-60,11
17,-63,10
14,-61,11
12,-65,14
15,-66,12
13,-57,12
22,-53,10
27,-57,3
23,-59,6
20,-61,20
22,-63,21
18,-61,12
17,-58,16
14,-59,17
14,-54,18
17,-59,15
14,-62,11
13,-60,14
18,-62,16
14,-62,19
11,-60,20
2,-61,11
1,-59,11
6,-62,10
8,-61,9
5,-62,9
4,-66,10
7,-67,13
8,-66,8
-2,-65,12
-5,-62,13
-5,-64,9
4,-61,-1
1,-64,15
0,-64,14
-1,-63,8
-9,-62,11
-5,-67,8
-16,-70,-10
-12,-67,-14
-11,-61,3
-14,-60,4
-10,-65,4
-15,-64,1
-12,-63,3
-9,-64,2
-9,-63,4
-9,-63,-7
-12,-64,-9
-10,-66,-4
-6,-66,-8
-2,-66,-7
-1,-65,-3
-1,-63,-1
6,-63,-1
17,-70,-3
27,-72,-6
17,-74,-16
10,-66,-21
-16,-65,-30
-28,-61,-31
-35,-60,-35
8,-59,-11
14,-56,-11
-11,-60,-30
-10,-61,-30
-13,-58,-30
-19,-56,-33
-22,-47,-34
-16,-47,-27
-20,-49,-24
-24,-47,-26
-17,-51,-23
-18,-52,-27
-17,-55,-28
-11,-57,-26
-10,-60,-26
-9,-60,-27
-6,-61,-26
0,-64,-21
-4,-63,-25
-5,-60,-29
-5,-57,-28
-21,-49,-39
-16,-50,-38
1,-52,-27
-7,-53,-31
-21,-53,-38
-8,-60,-32
-15,-56,-37
14,-53,-31
18,-38,-34
21,-51,-7
-13,-69,-6
-67,-68,-16
-58,-61,-27
-14,-80,-4
60,-67,-10
59,-63,-11
6,-66,-36
-15,-60,-45
-5,-64,-35
-6,-64,-39
-9,-56,-34
-4,-54,-33
-18,-50,-39
-11,-47,-36
6,-60,-26
-17,-50,-31
-21,-46,-33
3,-61,-20
-6,-65,-21
-26,-49,-36
-22,-49,-33
2,-58,-28
-4,-56,-30
-12,-56,-36
-14,-59,-33
-22,-56,-36
-19,-55,-36
-10,-60,-16
-12,-56,-20
-21,-57,-24
-22,-56,-25
-21,-53,-25
-29,-51,-26
-31,-51,-25
-28,-49,-28
-23,-49,-26
-32,-52,-18
-34,-54,-21
-30,-56,-25
-20,-57,-23
-23,-53,-29
-24,-53,-26
-17,-52,-27
-28,-51,-29
-34,-51,-23
-38,-51,-18
-38,-53,-22
-35,-51,-12
-29,-51,-18
-34,-61,-23
-35,-59,-19
-32,-60,-14
-25,-61,-7
-29,-55,-3
-29,-57,-5
-34,-55,-6
-34,-52,-11
-30,-55,-6
-23,-53,-8
-29,-52,-13
-36,-52,-23
-32,-54,-23
-22,-52,-22
-26,-55,-22
-30,-56,-19
-34,-54,-21
-45,-51,-28
-50,-49,-30
-40,-49,-18
-43,-46,-18
-44,-44,-19
-40,-47,-6
-40,-48,-8
-38,-46,1
-36,-44,2
-27,-44,11
-33,-49,11
-24,-46,25
-12,-44,34
-16,-44,38
4,-61,48
-27,-66,43
-13,-60,49
5,-56,51
-19,-66,16
-37,-64,7
-36,-58,14
-21,-52,18
-24,-65,9
-23,-67,12
6,-54,28
18,-50,40
40,-67,45
-20,-75,10
-29,-80,7
-29,-71,13
-31,-66,6
-22,-61,-1
-18,-61,-2
-20,-55,-2
-8,-52,-3
11,-52,-10
15,-55,-7
17,-60,-4
21,-61,-3
27,-61,2
20,-63,-1
4,-63,3
18,-58,7
2,-62,-1
39,-63,19
37,-63,36
30,-48,31
29,-49,21
19,-53,19
15,-52,13
-15,-68,3
26,-71,17
39,-70,12
31,-67,13
29,-66,15
17,-62,14
12,-59,13
11,-62,21
17,-59,30
10,-55,20
7,-57,24
19,-57,21
21,-57,19
17,-58,14
27,-59,13
31,-58,14
27,-55,5
12,-59,-6
25,-58,-4
29,-56,-5
34,-57,-3
39,-55,-3
35,-57,-5
31,-58,-8
19,-58,-18
15,-58,-23
20,-58,-23
22,-58,-16
19,-58,-15
16,-57,-19
16,-55,-19
17,-56,-24
18,-55,-30
12,-60,-34
16,-60,-34
35,-55,-33
19,-51,-26
-2,-42,-29
3,-43,-28
-5,-42,-36
-24,-47,-61
-6,-46,-60
11,-48,-50
-1,-49,-54
-17,-48,-49
-2,-49,-46
8,-47,-48
0,-51,-48
-13,-50,-51
-10,-48,-53
-11,-47,-45
6,-51,-42
1,-57,-39
-5,-52,-31
0,-54,-30
4,-54,-32
1,-54,-32
3,-50,-37
1,-52,-28
-1,-57,-29
2,-59,-30
-4,-60,-27
-6,-64,-20
-15,-57,-25
-9,-61,-25
-13,-60,-18
-21,-56,-8
-19,-60,0
-44,-61,-5
-40,-62,-10
-26,-54,-12
-17,-57,-1
-21,-54,20
-44,-84,46
-21,-67,12
-21,-43,12
-64,-30,36
-46,-2,29
-32,-12,34
-24,-17,51
-8,-19,52
-45,-15,40
-52,-11,40
-37,-9,54
-31,-13,58
-28,-13,60
-23,-9,59
-14,-2,68
-6,-4,73
8,-4,69
3,-8,69
3,-9,67
-1,-11,58
-6,-10,58
-53,-13,53
-63,-15,50
-31,-3,59
-7,6,67
3,13,60
-5,6,56
-23,-4,44
-2,5,56
-2,2,69
-58,-5,45
-36,-22,85
-3,18,64
19,15,81
5,2,57
0,3,47
11,4,67
17,5,72
7,7,67
7,4,64
12,7,64
12,7,61
12,7,61
13,5,63
10,5,63
9,8,62
11,6,62
10,3,62
10,2,63
3,3,60
6,4,64
8,3,65
8,2,64
0,4,61
2,4,64
3,2,64
7,-1,62
4,-3,63
5,-2,60
7,-3,62
5,-6,62
9,-9,60
10,-7,60
9,-6,62
11,-6,62
11,-9,62
8,-8,65
10,-6,61
11,-5,61
10,-8,63
11,-9,62
11,-8,58
6,-7,60
4,-8,59
10,-8,56
11,-8,59
9,-6,58
4,-3,57
0,1,61
-1,2,62
-2,4,66
-3,5,67
3,6,65
4,8,67
7,9,61
7,10,65
8,12,63
9,13,63
9,15,62
6,16,63
8,15,60
9,15,59
9,17,62
9,17,63
8,18,62
7,18,61
7,18,62
8,16,59
6,17,60
7,16,61
5,17,62
6,15,64
6,15,63
7,11,62
8,9,68
7,10,72
2,8,76
2,10,85
-37,21,66
-54,23,60
-35,32,59
-33,30,52
-21,28,51
-21,24,52
-20,9,44
-18,3,40
-21,-6,49
-22,-11,53
-19,-15,55
-9,-23,62
-7,-25,60
-9,-28,59
-16,-30,59
-10,-29,57
-5,-27,53
8,-25,58
5,-24,58
-3,-24,61
3,-12,67
-1,-9,64
-8,0,65
-13,1,68
-10,-2,70
-12,-4,65
-17,-2,57
-13,-5,63
-10,-11,66
-16,-7,60
-19,-6,59
-18,-7,62
-16,-9,62
-17,-3,60
-17,-4,65
-27,-7,55
-27,-3,55
-28,-8,55
-24,-6,56
-22,-6,56
-25,-7,55
-23,-7,61
-23,-6,59
-27,-4,56
-28,-4,55
-24,-2,59
-24,1,61
-26,3,59
-26,1,56
-25,1,55
-20,0,60
-17,-1,63
-15,0,66
-15,0,67
-12,-1,64
-10,0,64
-13,3,67
-27,1,66
-31,3,62
-24,5,60
-22,7,58
-18,4,56
-8,3,60
-2,1,66
0,2,66
-1,6,62
-2,8,60
4,10,58
6,9,58
3,11,57
-4,5,56
-2,2,51
-2,-5,51
-3,-6,56
-4,-17,51
3,-22,49
12,-29,60
4,-25,79
-12,-24,93
4,-3,59
-3,2,50
-6,4,54
-26,-4,62
-8,-7,65
-6,-2,65
-6,-7,59
-4,-9,65
0,-10,63
2,-8,62
11,-13,63
8,-10,64
-1,-9,62
-1,-9,62
0,-8,63
3,-9,63
2,-6,62
3,-7,62
3,-7,61
3,-9,63
0,-9,62
-1,-10,62
0,-10,61
-1,-8,63
-1,-7,63
-2,-7,63
-7,-5,62
-11,-5,60
-10,-6,62
-5,-7,63
-6,-8,61
-3,-8,62
0,-7,67
-3,-6,64
-9,-7,60
-8,-6,64
-8,-6,63
-6,-5,63
-7,-6,63
-7,-6,63
-7,-6,63
-7,-6,63
-8,-6,62
-8,-6,62
-8,-6,62
-8,-5,63
-9,-6,62
-7,-6,63
-8,-5,63
-8,-6,62
-8,-6,62
-10,-5,62
-10,-4,63
-10,-6,62
-9,-7,62
-9,-7,62
-9,-6,62
-8,-5,62
-9,-3,62
-8,-2,63
-8,-1,66
-6,-1,67
-2,-3,65
-1,-3,61
-5,-1,61
-4,-2,63
-4,-3,65
-8,-2,64
-7,0,64
-5,4,63
-7,5,62
-8,6,61
-9,7,60
-11,5,61
-12,4,62
-13,4,63
-12,5,65
-9,7,67
-17,8,67
-18,10,68
-16,12,67
-15,14,65
-17,17,62
-15,17,62
-12,15,55
-11,15,53
-7,16,54
-6,17,54
-6,15,53
-3,15,55
1,17,61
10,15,63
-11,15,61
-4,18,60
-2,18,57
7,24,67
8,19,52
13,14,59
9,14,60
10,5,57
6,6,57
1,4,62
4,3,65
3,4,63
4,1,66
1,-2,63
-5,-3,66
-3,-3,66
-6,-3,63
-2,-4,64
5,-5,64
6,-3,65
4,-2,64
3,-1,62
3,1,64
2,0,63
3,1,65
-2,0,64
-3,0,63
-4,-3,59
-6,-2,58
-9,2,58
-12,5,58
-13,7,61
-18,8,60
-22,6,58
-22,5,56
-23,6,55
-27,3,60
-30,3,58
-26,5,65
-27,4,65
-28,5,65
-24,5,65
-23,5,62
-22,6,60
-21,5,56
-27,4,54
-31,5,51
-30,5,52
-24,5,55
-29,5,54
-29,7,56
-24,7,59
-23,7,56
-30,6,53
-34,7,51
-24,7,54
-25,5,55
-28,4,55
-24,5,57
-20,6,58
-22,8,57
-21,10,63
-21,13,63
-25,11,59
-34,13,58
-34,13,56
-33,10,57
-35,10,57
-29,9,60
-24,11,59
-30,12,54
-32,11,55
-25,12,57
-25,11,58
-21,10,58
-21,9,55
-24,11,57
-24,13,56
-25,13,54
-29,13,56
-30,12,57
-27,11,57
-28,10,56
-32,10,54
-31,10,54
-27,10,51
-33,12,54
-34,13,56
-34,13,55
-33,14,56
-30,15,53
-33,17,55
-37,17,54
-34,17,54
-32,15,53
-37,16,53
-36,15,52
-35,16,53
-34,17,51
-32,16,55
-30,17,53
-29,16,49
-33,16,50
-31,15,49
-35,21,60
-42,17,49
-42,15,47
-41,16,50
-42,18,51
-38,17,47
-36,16,47
-39,18,45
-42,17,44
-43,18,45
-44,17,46
-42,17,47
-42,16,48
-42,15,47
-43,16,43
-43,17,43
-43,19,39
-45,19,40
-46,20,44
-46,21,43
-45,20,42
-45,20,43
-46,19,43
-45,19,42
-45,19,42
-44,19,42
-43,19,44
-40,18,44
-41,19,44
-42,19,43
-43,18,43
-44,18,44
-43,20,44
-43,20,44
-43,19,44
-43,19,44
-42,19,44
-42,18,44
-41,18,44
-41,18,44
-41,19,44
-42,19,44
-43,19,44
-44,19,44
-45,19,44
-44,19,44
-44,19,43
-43,19,43
-43,19,43
-43,19,43
-44,19,44
-43,19,44
-43,19,44
-44,20,44
-45,20,44
-47,22,46
-49,23,46
-49,28,51
-43,27,53
-38,24,49
-28,22,57
-25,22,54
-12,15,54
-7,13,54
-10,9,56
-12,10,58
-1,10,60
2,10,61
-1,9,60
0,10,61
2,10,66
13,10,58
11,9,57
9,12,62
7,12,61
1,14,52
-5,15,52
4,14,62
1,13,63
-7,11,61
-8,13,59
-3,12,63
-9,11,61
-14,9,61
-17,12,59
-22,12,58
-20,13,59
-23,12,58
-25,14,57
-25,14,56
-26,13,59
-26,10,58
-24,8,54
-24,11,55
-24,10,55
-30,10,54
-30,10,53
-31,16,63
-28,18,60
-27,19,58
-26,18,57
-30,16,54
-25,15,56
-28,13,55
-31,12,56
-31,17,58
-31,19,53
-24,23,60
-29,22,53
-34,22,52
-29,26,54
-33,25,51
-38,25,42
-40,25,38
-43,27,29
-46,29,22
-50,35,14
-49,36,11
-49,35,9
-49,35,7
-52,34,1
-57,33,-6
-58,32,-8
-59,30,-12
-59,31,-14
-58,32,-16
-58,32,-16
-58,33,-14
-58,33,-14
-58,32,-13
-58,31,-11
-57,30,-9
-57,30,-9
-56,29,-9
-56,31,-9
-58,31,-8
-65,31,-10
-68,32,-9
-75,33,-4
-74,33,-1
-70,30,0
-66,29,1
-59,28,3
-57,26,4
-53,22,6
-46,22,10
-44,22,13
-41,21,15
-40,19,15
-49,22,15
-51,23,12
-47,24,16
-53,21,9
-71,29,6
-65,33,7
-40,40,23
-15,65,45
-1,58,58
12,33,74
19,29,75
8,21,68
5,21,63
9,20,58
9,19,56
5,20,52
2,19,49
7,20,53
8,18,55
6,14,55
2,12,62
3,12,62
-8,7,59
-9,4,63
-2,2,66
3,2,67
5,1,67
3,2,66
0,-1,63
-2,-1,62
-7,2,63
-10,3,66
-9,4,69
-9,3,65
-10,2,63
-14,2,61
-14,3,62
-12,-8,62
-12,-5,64
-9,-1,63
-9,-1,62
-9,-3,63
-10,-4,64
-10,-4,61
-11,-3,62
-11,-3,63
-8,-6,63
-8,-6,62
-10,-4,63
-9,-4,63
-7,-4,63
-7,-5,63
-8,-5,63
-8,-5,62
-8,-4,63
-6,-4,63
4,-10,67
-2,-18,67
-11,-12,62
-13,-9,60
-11,-9,61
-8,-6,63
-8,-7,63
-11,-9,62
-12,-9,61
-13,-8,61
-13,-8,61
-11,-9,62
-11,-9,62
-12,-9,62
-12,-9,61
-12,-9,62
-12,-9,62
-11,-9,62
-11,-9,62
-12,-9,62
-13,-9,61
-13,-9,61
-13,-9,61
-13,-9,61
-13,-9,61
-13,-9,62
-13,-9,61
-13,-10,61
-13,-9,61
-14,-9,61
-13,-9,62
-13,-9,61
-13,-10,61
-13,-9,61
-13,-9,61
-13,-9,62
-13,-9,62
-13,-9,61
-13,-9,61
-13,-9,62
-13,-10,61
-13,-10,61
-13,-10,61
-13,-10,62
-13,-10,62
-13,-9,61
-13,-9,61
-12,-8,62
-12,-9,62
-12,-10,61
-13,-8,62
-11,-10,61
-17,-10,61
-13,-15,60
-12,-15,61
-12,-12,62
-13,-12,61
-14,-10,61
-12,-9,63
-17,-7,64
-17,-9,61
-19,-10,79
-28,-30,67
-9,-11,51
-10,-13,51
-14,-16,53
-9,-14,55
-9,-12,54
-14,-8,54
-17,-10,57
-16,-13,58
-12,-11,58
-25,-16,78
-39,5,62
-24,-11,54
-27,-8,58
-27,-7,59
-21,-8,59
-21,-9,59
-24,-7,59
-25,-8,58
-23,-10,59
-22,-10,59
-21,-10,59
-22,-9,59
-22,-9,59
-22,-9,59
-21,-9,59
-21,-9,59
-21,-8,60
-22,-8,60
-21,-8,59
-22,-9,59
-21,-8,59
-22,-9,60
-22,-9,59
-21,-8,59
-22,-8,59
-22,-8,59
-23,-7,58
-23,-6,59
-22,-6,59
-21,-6,59
-23,-6,59
-23,-5,60
-22,-10,58
-22,-9,59
-24,-10,58
-23,-9,58
-23,-9,58
-22,-10,58
-23,-9,58
-23,-9,59
-22,-10,59
-22,-9,59
-23,-8,59
-23,-9,58
-22,-9,59
-23,-9,59
-22,-9,59
-22,-9,59
-23,-9,59
-22,-9,59
-22,-8,59
-22,-9,59
-23,-9,58
-23,-9,59
-21,-9,59
-22,-9,59
-23,-9,59
-23,-9,59
-23,-9,59
-23,-9,58
-23,-9,59
-23,-9,58
-23,-9,59
-23,-9,59
-23,-9,59
-23,-9,59
-23,-9,59
-23,-9,59
-22,-9,59
-22,-9,59
-22,-9,59
-23,-9,59
-23,-9,59
-23,-10,59
-23,-10,59
-22,-9,59
-22,-9,59
-22,-9,59
-22,-9,59
-22,-9,59
-23,-9,59
-23,-9,59
-22,-9,59
-23,-9,59
-23,-9,59
-23,-9,59
-23,-9,59
-23,-9,58
-23,-9,58
-23,-9,58
-23,-9,59
-23,-9,59
-23,-9,58
-23,-9,58
-23,-9,58
-23,-9,58
-23,-9,59
-23,-9,58
-23,-9,58
-23,-9,58
-23,-9,59
-23,-9,59
-23,-9,58
-23,-9,59
-23,-9,58
-23,-9,59
-23,-9,59
-23,-9,59
-23,-9,59
-23,-9,59
-23,-9,59
-23,-9,59
-23,-9,59
-22,-9,58
-23,-9,59
-23,-9,59
-23,-9,59
-23,-9,59
-23,-9,59
-23,-9,59
-23,-9,58
-23,-9,58
-23,-9,59
-22,-9,59
-23,-9,59
-23,-9,58
-23,-9,59
-23,-9,59
-23,-9,59
-23,-9,59
-23,-9,58
-23,-9,59
-22,-9,59
-22,-9,59
-23,-9,59
-23,-9,59
-23,-9,59
-22,-9,59
-22,-9,59
-22,-9,59
-22,-9,59
-22,-9,59
-22,-9,59
-23,-9,59
-22,-9,59
-22,-9,59
-22,-9,59
-23,-9,59
-22,-9,59
-22,-9,59
-22,-9,59
-22,-9,59
-22,-9,59
-22,-10,59
-22,-9,59
-22,-9,59
-22,-9,59
-22,-9,59
-22,-9,59
-22,-9,59
-23,-10,59
-23,-10,58
-22,-9,59
-22,-9,59
-23,-9,59
-23,-9,58
-23,-9,59
-23,-9,59
-23,-9,58
-23,-9,59
-22,-9,58
-23,-9,59
-22,-9,59
-23,-9,59
-23,-9,59
-23,-9,59
-22,-9,59
-22,-9,58
-23,-9,59
-22,-9,59
-22,-9,59
-22,-9,59
-22,-9,59
-22,-9,59
-22,-9,59
-22,-9,59
-22,-9,59
-22,-9,59
-22,-9,59
-22,-9,59
-23,-9,59
-23,-9,59
-23,-9,59
-23,-9,59
-23,-9,59
-23,-9,59
-23,-9,59
-23,-9,59
-23,-9,59
-22,-9,59
-22,-9,59
-22,-9,59
-22,-9,59
-22,-9,59
-22,-9,59
-22,-9,59
-22,-9,59
-22,-9,59
-22,-10,59
-22,-9,59
-22,-9,59
-22,-9,58
-22,-9,59
-22,-10,59
-22,-9,59
-22,-9,59
-22,-9,59
-21,-10,59
-22,-10,59
-21,-10,59
-21,-10,59
-21,-10,60
-20,-10,59
-21,-10,59
-21,-10,59
-21,-10,59
-21,-11,59
-20,-11,59
-21,-11,59
-20,-10,59
-20,-10,60
-20,-10,59
-20,-10,59
-21,-10,59
-21,-9,59
-21,-10,59
-21,-11,59
-21,-10,59
-21,-11,59
-21,-10,59
-21,-10,59
-22,-10,59
-21,-11,59
-21,-10,59
-22,-10,59
-22,-10,59
-22,-11,59
-22,-11,59
-21,-11,59
-21,-10,59
-21,-9,59
-22,-10,59
-22,-10,59
-22,-10,59
-21,-10,59
-22,-10,59
-23,-9,59
-22,-10,59
-23,-10,58
-23,-10,59
-23,-10,58
-22,-10,59
-22,-10,59
-23,-10,59
-22,-10,59
-22,-10,59
-21,-10,59
-21,-10,59
-21,-10,59
-22,-9,59
-22,-9,59
-21,-9,59
-21,-9,59
-21,-9,59
-21,-10,59
-22,-10,59
-22,-10,59
-21,-10,59
-21,-9,59
-22,-9,59
-21,-9,59
-21,-9,59
-20,-9,59
-22,-8,59
-22,-9,59
-22,-10,59
-22,-9,59
-21,-9,59
-21,-9,59
-22,-9,59
-21,-9,59
-22,-9,59
-22,-9,59
-21,-9,59
-22,-9,59
-21,-9,59
-21,-9,59
-21,-9,59
-22,-9,59
-22,-9,59
-22,-9,59
-21,-9,59
-21,-9,59
-21,-9,59
-21,-9,59
-21,-9,59
-22,-9,59
-22,-9,59
-22,-9,59
-22,-9,59
-22,-9,59
-22,-9,59
-21,-9,59
-22,-9,59
-22,-9,59
-22,-9,59
-22,-9,59
-22,-9,59
-22,-9,59
-22,-9,59
-22,-9,59
-21,-9,59
-21,-9,59
-21,-9,59
-21,-9,59
-21,-9,59
-21,-9,59
-21,-9,59
-21,-9,59
-22,-9,59
-21,-9,59
-21,-9,59
-21,-9,59
-21,-9,59
-21,-9,59
-21,-9,59
-22,-9,59
-21,-9,59
-21,-9,59
-21,-9,59
-21,-9,59
-21,-10,59
-21,-9,59
-21,-9,59
-21,-9,59
-21,-9,59
-21,-9,59
-21,-9,59
-21,-9,59
-21,-9,59
-21,-9,59
-22,-10,59
-22,-9,59
-21,-9,59
-22,-9,59
-21,-9,59
-22,-9,59
-22,-9,59
-22,-9,59
-22,-9,59
-22,-9,59
-22,-9,59
-22,-9,59
-22,-9,59
-22,-9,59
-22,-9,59
-22,-9,59
-22,-9,59
-22,-9,59
-22,-9,59
-22,-9,59
-22,-9,59
-22,-9,59
-22,-9,59
-22,-9,59
-22,-9,59
-22,-9,59
-21,-9,59
-22,-9,59
-22,-9,59
-21,-9,59
-22,-9,59
-21,-9,59
-22,-9,59
-22,-9,59
-22,-9,59
-22,-9,59
-22,-9,59
-22,-9,59
-22,-9,59
-22,-9,59
-22,-9,59
-22,-9,59
-22,-9,59
-22,-9,59
-22,-9,59
-22,-9,59
-22,-9,59
-22,-9,59
-22,-9,59
-22,-10,59
-22,-9,59
-22,-9,59
-21,-9,59
-21,-9,59
-21,-9,59
-21,-9,59
-22,-9,59
-22,-9,59
-21,-9,59
-21,-9,59
-21,-9,59
-22,-9,59
-21,-9,59
-22,-9,59
-21,-9,59
-22,-9,59
-22,-9,59
-22,-9,59
-21,-9,59
-21,-9,59
-22,-9,59
-21,-9,59
-21,-9,59
-21,-9,59
-21,-9,59
-22,-9,59
-21,-9,59
-21,-9,59
-21,-9,59
-21,-9,59
-22,-9,59
-22,-9,59
-22,-9,59
-22,-9,59
-22,-9,59
-22,-10,59
-22,-9,59
-22,-9,59
-22,-9,59
-22,-9,59
-22,-9,59
-22,-9,59
-22,-9,59
-22,-9,59
-22,-9,59
-22,-9,59
-22,-9,59
-22,-9,59
-22,-9,59
-22,-9,59
-22,-9,59
-22,-9,59
-21,-9,59
-22,-9,59
-22,-9,59
-22,-9,59
-21,-9,59
-21,-9,59
-21,-9,59
-21,-9,59
-22,-9,59
-21,-9,59
-22,-9,59
-22,-9,59
-22,-9,59
-22,-10,59
-22,-9,59
-22,-9,59
-22,-9,59
-22,-9,59
-22,-9,59
-22,-9,59
-22,-9,59
-22,-9,59
-22,-9,59
-21,-9,59
-21,-9,59
-22,-9,59
-21,-9,59
-21,-9,59
-21,-9,59
-21,-9,59
-21,-9,59
-21,-9,59
-21,-9,59
-21,-9,59
-21,-9,59
-21,-9,59
-21,-9,59
-21,-9,60
-20,-9,59
-23,-8,59
-23,-10,58
-23,-11,58
-20,-12,59
-20,-11,59
-22,-10,59
-22,-11,59
-20,-12,59
-20,-11,59
-22,-9,59
-22,-9,59
-23,-7,59
-22,-8,59
-21,-10,59
-21,-10,59
-22,-10,59
-21,-11,59
-21,-11,59
-24,-9,59
-25,-9,60
-27,-9,60
-20,-10,63
-23,-17,64
-20,-13,64
-17,-13,55
-18,-12,55
-21,-13,55
-22,-11,57
-22,-10,56
-21,-9,54
-21,-9,57
-22,-11,63
-23,-11,63
-23,-9,55
-23,-9,55
-25,-11,60
-25,-12,61
-24,-12,59
-24,-9,57
-24,-10,57
-23,-13,59
-21,-14,59
-21,-14,59
-21,-13,57
-22,-14,57
-22,-15,58
-22,-14,57
-24,-13,57
-22,-12,56
-21,-11,56
-22,-14,57
-23,-14,59
-25,-12,59
-28,-9,61
-26,-7,59
-25,-8,56
-24,-9,57
-27,-7,58
-27,-8,59
-22,-11,57
-23,-10,59
-21,-11,58
-25,-8,59
-29,-7,58
-30,-9,56
-29,-11,55
-26,-15,56
-25,-14,57
-22,-15,58
-22,-14,58
-24,-13,57
-26,-12,57
-27,-13,56
-26,-13,56
-23,-13,58
-21,-9,60
-21,-9,60
-24,-9,58
-26,-9,58
-25,-12,57
-24,-12,58
-20,-13,59
-20,-11,59
-19,-9,59
-20,-7,60
-24,-7,59
-25,-7,57
-25,-10,57
-22,-11,58
-21,-11,59
-21,-11,59
-22,-10,59
-25,-10,59
-28,-11,60
-26,-13,65
-24,-20,64
-23,-15,66
-22,-17,59
-20,-14,51
-20,-13,52
-20,-14,57
-18,-15,59
-18,-14,60
-22,-16,59
-22,-16,61
-19,-19,53
-17,-16,45
-35,-21,67
-40,-27,84
-24,-18,76
-17,-17,65
-16,-4,58
-19,0,55
-37,2,49
-18,5,46
-19,10,47
-11,7,49
-4,9,44
-5,16,34
-8,17,41
-19,27,52
-11,27,53
-6,24,65
-7,24,68
-17,19,71
-12,19,81
-4,20,74
-23,14,63
-24,9,63
-25,13,45
-8,17,51
-22,12,55
-21,11,50
-20,5,42
-27,4,45
-36,10,54
-40,13,49
-47,11,37
-54,12,40
-61,12,25
-75,10,8
-78,13,13
-105,14,25
-61,2,40
-48,6,23
-48,-2,19
-57,-6,20
-51,-10,23
-70,-14,29
-62,-18,34
-59,-14,43
-53,-14,39
-51,-14,36
-43,-16,41
-34,-18,45
-32,-21,43
-35,-21,39
-32,-17,45
-34,-17,40
-39,-26,41
-60,-33,34
-58,-27,56
-36,-27,58
-11,-24,48
-7,-38,44
-9,-45,39
-32,-41,36
-39,-41,34
-17,-58,20
-41,-59,3
-58,-67,1
-37,-60,17
-39,-61,16
-45,-57,1
-46,-51,-7
-52,-51,-12
-47,-48,-4
-49,-45,-16
-48,-39,-20
-55,-44,-12
-47,-46,-11
-34,-45,-7
-40,-42,-11
-41,-46,-11
-39,-46,-6
-42,-43,-12
-41,-50,0
-54,-50,-5
-55,-42,-8
-52,-45,-5
-51,-44,-4
-51,-46,-5
-53,-47,2
-49,-50,7
-44,-41,5
-39,-43,16
-28,-45,12
-51,-38,-8
2,-45,37
-4,-45,26
-55,-47,7
-8,-46,27
-11,-51,33
-44,-50,18
-22,-52,24
-20,-58,30
-23,-58,30
-12,-57,33
-9,-59,36
-1,-59,30
-1,-58,37
-8,-60,33
-10,-62,29
-14,-59,37
0,-54,27
3,-58,31
-10,-55,32
-5,-51,34
2,-55,35
11,-52,33
11,-52,42
1,-59,40
-14,-63,31
-17,-59,32
-5,-59,38
2,-62,47
20,-67,42
10,-51,38
18,-50,44
-13,-61,14
-24,-54,10
-14,-66,20
-15,-63,20
-25,-59,25
-25,-60,29
-16,-66,36
-22,-67,34
-15,-59,35
-20,-58,32
-41,-52,26
-54,-47,17
-57,-46,13
-52,-42,19
-52,-42,18
-68,-43,10
-66,-42,11
-50,-34,22
-49,-34,26
-33,-31,35
-25,-30,39
-12,-18,44
-7,-10,45
-4,-1,46
-1,12,43
-2,18,41
-11,32,37
-14,37,34
-26,32,41
-35,23,38
-40,17,42
-44,11,45
-72,-12,45
-107,-39,49
-16,26,53
-34,0,55
-35,14,48
-39,0,44
-48,-4,48
-57,1,44
-53,1,39
-52,0,28
-57,0,26
-62,-5,26
-58,-8,20
-60,-11,15
-63,-14,17
-60,-17,19
-54,-20,24
-57,-22,29
-55,-24,32
-51,-24,34
-49,-24,36
-49,-23,37
-53,-21,36
-53,-20,35
-49,-15,36
-49,-15,36
-54,-13,32
-57,-13,33
-51,-14,36
-51,-12,39
-50,-12,37
-54,-11,33
-56,-11,35
-52,-14,37
-49,-13,38
-47,-14,42
-43,-15,47
-43,-13,47
-43,-13,47
-42,-9,48
-39,-7,49
-39,-8,48
-43,-6,46
-44,-5,45
-47,-5,46
-46,-5,45
-47,-5,43
-47,-7,44
-45,-9,45
-45,-9,45
-49,-9,42
-49,-8,41
-49,-9,40
-52,-9,37
-50,-8,39
-54,-8,35
-55,-8,36
-52,-6,37
-53,-5,36
-53,-6,35
-52,-7,37
-52,-7,39
-50,-5,39
-50,-6,38
-49,-6,41
-52,-7,40
-51,-5,38
-53,-6,38
-47,-7,42
-48,-7,43
-44,-8,47
-43,-8,47
-45,-6,45
-47,-6,43
-47,-6,43
-48,-6,43
-48,-4,41
-47,-5,44
-47,-6,44
-46,-6,45
-46,-5,44
-44,-6,46
-45,-6,46
-46,-6,45
-46,-6,44
-47,-5,44
-47,-5,45
-46,-5,45
-46,-6,45
-47,-7,41
-45,-8,50
-45,-3,44
-51,-5,40
-49,-7,43
-44,-5,44
-44,-5,45
-47,-4,44
-45,-7,47
-47,-8,42
-48,-8,40
-46,-7,42
-42,-9,44
-30,-10,52
-24,-12,54
-14,-17,54
-3,-19,51
17,-17,53
4,-19,63
28,-21,52
26,-20,68
20,-14,82
2,-14,71
1,-14,65
3,-13,59
1,-14,59
2,-16,61
4,-16,62
4,-16,62
3,-16,61
3,-16,61
2,-15,61
2,-16,61
2,-16,61
2,-16,61
3,-16,61
3,-16,61
3,-16,61
3,-15,61
3,-15,61
2,-15,62
2,-15,62
2,-15,61
2,-15,61
2,-15,61
2,-15,61
2,-15,61
2,-15,61
2,-16,61
2,-15,61
3,-15,60
0,-14,56
1,-16,62
8,-16,63
2,-15,61
3,-14,61
1,-14,58
3,-15,60
6,-14,61
8,-10,63
5,-11,62
7,-14,61
6,-8,64
7,-10,59
10,-13,62
7,-14,61
11,-13,62
12,-12,63
11,-9,60
12,-8,62
9,-10,66
8,-10,63
4,-14,56
11,-17,62
4,-17,64
2,-16,61
4,-20,61
2,-19,59
2,-20,60
2,-17,61
2,-18,62
-4,-19,59
-3,-17,58
-3,-19,61
-3,-19,60
-5,-19,59
-5,-20,59
-5,-19,61
-4,-20,59
-6,-19,59
-5,-20,60
-6,-19,59
-6,-20,59
-7,-20,59
-6,-20,58
-4,-20,59
2,-23,62
-1,-23,62
-4,-24,58
-5,-23,57
0,-24,59
-3,-25,59
-4,-24,59
-4,-24,59
-6,-23,58
-7,-24,57
-7,-24,57
-6,-24,58
-6,-24,58
-5,-24,58
-5,-25,58
-4,-25,59
-4,-25,59
-4,-25,58
-4,-25,59
-4,-25,58
-5,-25,57
-6,-25,57
-5,-25,58
-5,-25,57
-4,-25,58
-4,-26,58
-5,-25,58
-5,-25,58
-5,-25,58
-4,-26,58
-5,-25,58
-5,-26,58
-3,-26,59
-5,-25,59
-7,-24,57
-6,-24,58
-7,-24,59
-9,-23,57
-9,-24,57
-10,-23,59
-10,-23,57
-14,-24,54
-10,-25,55
-5,-16,60
-24,-14,55
-5,-29,60
-13,-24,65
-17,-21,62
-15,-20,59
-15,-20,58
-15,-20,57
-15,-20,57
-14,-22,59
-15,-22,58
-14,-22,59
-14,-22,59
-14,-22,57
-15,-21,58
-15,-22,58
-15,-22,58
-14,-22,57
-16,-21,58
-16,-22,57
-14,-23,58
-15,-23,58
-15,-22,57
-15,-22,57
-15,-22,57
-15,-23,58
-15,-22,58
-15,-22,58
-15,-22,58
-16,-22,58
-15,-22,58
-16,-22,58
-16,-22,57
-15,-22,58
-15,-22,58
-16,-22,57
-15,-21,58
-15,-22,58
-16,-23,56
-14,-22,58
-16,-22,56
-15,-22,57
-14,-22,58
-13,-22,59
-13,-22,58
-14,-22,58
-14,-22,58
-14,-22,59
-14,-22,58
-14,-23,58
-14,-22,58
-14,-22,58
-14,-22,58
-14,-22,58
-14,-22,57
-14,-23,58
-14,-23,58
-14,-22,57
-15,-23,57
-14,-22,58
-14,-23,58
-15,-22,58
-14,-23,57
-14,-23,58
-14,-23,58
-15,-23,58
-15,-23,57
-15,-23,57
-14,-23,57
-14,-23,57
-15,-23,57
-15,-23,57
-15,-23,57
-14,-23,57
-15,-23,57
-15,-23,57
-15,-23,57
-15,-23,57
-15,-23,57
-15,-24,57
-15,-24,57
-15,-24,57
-15,-23,57
-15,-24,57
-16,-24,57
-16,-24,57
-15,-24,57
-16,-24,57
-15,-24,57
-16,-24,57
-15,-23,57
-16,-23,57
-16,-23,57
-15,-24,57
-16,-23,57
-15,-24,57
-16,-24,57
-15,-23,57
-15,-23,57
-15,-23,57
-15,-23,57
-15,-23,57
-15,-23,57
-15,-23,57
-15,-23,57
-15,-23,57
-16,-23,57
-15,-23,57
-15,-23,57
-15,-23,57
-15,-23,57
-15,-23,57
-15,-23,57
-15,-23,57
-15,-23,57
-15,-23,57
-15,-23,57
-15,-23,57
-15,-23,57
-15,-23,57
-15,-23,57
-15,-23,57
-15,-23,57
-15,-23,57
-15,-23,57
-15,-23,57
-15,-23,57
-15,-23,57
-15,-23,57
-15,-23,57
-15,-23,57
-15,-23,57
-15,-23,57
-15,-23,57
-15,-23,57
-15,-23,57
-16,-23,57
-15,-23,57
-15,-23,57
-15,-23,57
-15,-23,57
-15,-23,57
-15,-23,57
-16,-23,57
-16,-23,57
-15,-23,57
-16,-23,57
-15,-23,57
-15,-23,57
-15,-23,57
-15,-23,57
-15,-23,57
-15,-23,57
-16,-23,57
-15,-23,57
-15,-23,57
-15,-23,57
-16,-23,57
-15,-23,57
-15,-23,57
-15,-23,57
-15,-23,57
-16,-23,57
-16,-23,57
-16,-23,57
-15,-23,57
-16,-23,57
-16,-23,57
-16,-23,57
-16,-23,57
-16,-23,57
-15,-23,57
-15,-23,57
-15,-23,57
-16,-23,57
-15,-23,57
-16,-23,57
-15,-23,57
-16,-23,57
-15,-23,57
-15,-23,57
-16,-23,57
-16,-23,57
-16,-23,57
-16,-23,57
-16,-23,57
-16,-22,57
-16,-23,57
-16,-23,57
-16,-23,57
-16,-23,57
-15,-23,57
-16,-23,57
-16,-23,57
-15,-23,57
-16,-23,57
-15,-23,57
-16,-23,57
-16,-23,57
-16,-23,57
-16,-23,57
-15,-23,57
-15,-23,57
-16,-23,57
-16,-23,57
-15,-23,57
-16,-23,57
-16,-23,57
-16,-23,57
-16,-23,57
-16,-23,57
-16,-24,57
-16,-23,57
-16,-23,57
-16,-23,57
-16,-23,57
-16,-23,57
-16,-24,57
-16,-24,57
-16,-24,57
-16,-24,57
-16,-24,57
-16,-24,57
-16,-24,57
-16,-24,57
-16,-24,57
-16,-23,57
-16,-23,57
-16,-23,57
-18,-23,58
-17,-23,58
-19,-24,54
-17,-21,53
-13,-25,53
-17,-26,55
-19,-27,62
-15,-25,63
-21,-23,56
-23,-23,53
-22,-24,53
-20,-28,58
-22,-30,59
-22,-28,58
-22,-28,55
-27,-27,52
-31,-26,51
-37,-29,51
-36,-29,46
-33,-17,50
-39,-25,52
-58,-20,48
-58,-19,51
-50,-17,55
-45,-12,54
-46,-11,52
-47,-7,56
-52,-4,55
-55,1,50
-54,3,49
-44,5,48
-39,5,47
-37,8,45
-33,11,45
-28,19,47
-24,23,50
-21,25,50
-17,24,51
-13,24,52
-2,26,53
2,28,54
4,31,54
4,30,53
9,29,56
15,25,55
18,24,55
19,25,55
17,25,55
14,21,54
14,21,54
13,20,58
11,19,61
-8,14,44
-14,11,46
-14,11,52
-18,13,51
-18,9,57
-21,7,57
-29,4,55
-31,2,56
-30,2,58
-32,4,56
-29,4,57
-25,3,59
-27,3,58
-30,3,55
-27,2,56
-27,2,57
-26,2,57
-26,-1,59
-25,-2,60
-23,-3,58
-24,-3,59
-26,-5,59
-28,-7,60
-26,-7,61
-23,-8,58
-23,-8,57
-22,-8,59
-21,-8,59
-17,-8,59
-18,-7,58
-23,-10,59
-23,-9,58
-23,-9,58
-28,-11,59
-27,-10,59
-23,-9,60
-23,-10,60
-22,-11,59
-22,-11,58
-15,-13,59
-16,-14,58
-17,-14,56
-17,-13,56
-15,-13,59
-15,-13,61
-16,-11,61
-17,-12,63
-17,-12,64
-15,-11,62
-13,-11,61
-12,-12,60
-10,-13,61
-10,-15,61
-10,-16,62
-7,-16,59
-8,-16,60
-5,-16,61
-5,-16,61
-5,-16,60
-5,-17,60
-4,-16,61
-3,-16,61
-1,-16,62
-1,-15,62
-1,-14,63
3,-14,63
2,-15,62
-1,-15,61
-2,-15,59
-6,-16,57
2,-17,60
1,-19,59
1,-19,59
4,-21,61
7,-23,63
4,-23,63
2,-23,59
2,-23,58
2,-23,59
0,-23,58
2,-24,56
3,-25,57
3,-26,54
11,-27,53
10,-27,53
-2,-26,46
-1,-28,43
27,-26,49
17,-24,44
6,-27,35
23,-32,37
51,-38,45
64,-40,50
46,-42,44
40,-44,43
34,-42,45
27,-41,37
22,-42,33
28,-41,35
36,-41,40
34,-40,28
35,-41,26
35,-45,29
39,-45,31
44,-44,33
34,-45,29
28,-46,29
41,-44,35
31,-42,33
33,-42,33
33,-42,33
35,-43,30
39,-41,32
38,-42,31
39,-44,29
39,-43,31
36,-42,31
35,-42,33
34,-42,34
34,-43,32
36,-43,31
36,-43,32
38,-44,32
34,-44,30
33,-43,36
33,-43,37
26,-42,31
29,-41,31
32,-43,34
33,-42,32
32,-44,34
31,-43,35
31,-42,35
33,-42,31
32,-42,27
35,-43,29
37,-44,29
37,-45,26
39,-45,26
40,-46,26
41,-45,22
38,-46,18
39,-45,22
36,-47,24
34,-47,21
34,-45,22
33,-52,25
30,-52,26
29,-52,25
30,-52,26
30,-49,23
25,-49,22
28,-56,32
26,-56,29
23,-50,24
25,-55,30
25,-55,27
19,-51,22
15,-62,26
10,-72,27
4,-67,14
18,-44,8
18,-53,21
19,-56,24
19,-49,20
26,-49,27
24,-53,30
13,-57,24
11,-58,25
6,-57,18
12,-68,23
9,-68,18
13,-60,13
13,-60,14
13,-64,18
13,-62,19
7,-59,17
6,-58,17
12,-60,23
13,-58,22
11,-57,18
15,-60,22
15,-60,17
16,-57,18
18,-58,21
15,-58,20
13,-57,16
17,-60,22
18,-59,23
13,-58,20
15,-58,22
19,-58,21
21,-58,21
18,-57,18
19,-58,20
20,-57,19
20,-58,19
20,-57,19
20,-56,19
20,-57,21
20,-56,21
21,-56,21
22,-56,22
22,-56,22
20,-56,23
20,-55,23
22,-55,25
23,-56,26
22,-55,25
22,-55,25
21,-55,23
21,-55,26
20,-55,25
20,-54,25
21,-54,26
21,-54,26
21,-54,26
21,-54,26
20,-53,27
20,-53,26
20,-54,27
20,-54,27
21,-53,27
21,-53,27
21,-54,27
21,-53,28
21,-53,27
22,-53,28
22,-53,27
22,-53,27
23,-53,28
22,-52,28
20,-52,31
25,-53,25
23,-53,26
22,-52,30
24,-53,27
25,-53,26
25,-53,26
25,-53,25
25,-53,26
25,-53,24
25,-52,25
25,-53,25
25,-53,24
25,-53,25
25,-53,25
25,-53,25
26,-53,25
25,-53,25
25,-53,25
25,-53,25
25,-53,25
26,-53,25
26,-52,24
25,-53,25
25,-53,25
26,-52,25
25,-53,25
26,-53,25
26,-53,24
26,-53,25
26,-52,25
25,-52,24
25,-52,24
26,-52,25
25,-53,25
25,-53,25
26,-53,25
26,-52,24
26,-52,24
26,-53,24
26,-52,25
26,-52,24
26,-53,25
27,-52,24
26,-53,24
27,-53,25
26,-52,24
27,-52,25
27,-52,25
27,-52,25
26,-52,24
27,-52,24
27,-52,25
27,-52,24
27,-52,24
27,-52,24
27,-52,24
28,-52,24
27,-52,24
26,-52,24
26,-52,24
27,-52,26
28,-52,26
25,-52,22
26,-52,29
26,-53,30
29,-56,27
28,-53,24
32,-51,29
34,-53,30
32,-53,17
28,-49,9
29,-45,6
29,-47,11
33,-52,22
35,-53,24
34,-53,22
32,-50,21
32,-49,20
34,-48,20
37,-47,21
42,-45,23
42,-44,24
40,-44,22
40,-45,21
38,-46,26
34,-46,25
32,-45,23
33,-46,26
32,-46,27
33,-48,27
34,-48,26
37,-51,32
34,-53,34
35,-46,31
36,-42,27
36,-41,34
39,-41,38
44,-39,34
42,-37,30
48,-35,33
53,-28,24
49,-26,17
73,-18,19
66,-14,14
62,-9,8
68,-8,9
63,-8,4
64,-7,3
61,-4,2
61,-4,2
63,-2,5
58,-2,5
56,-3,3
56,-1,1
59,0,8
60,2,13
54,1,10
45,5,14
45,8,20
51,9,30
66,9,42
41,6,52
45,8,51
39,9,40
42,8,43
45,9,45
47,8,42
45,8,42
44,6,42
44,5,43
45,5,44
43,5,43
42,4,45
42,4,45
42,3,45
42,3,45
43,3,45
43,3,43
45,3,43
46,2,42
46,3,41
49,4,40
49,4,40
49,4,40
49,5,39
54,5,41
65,5,43
52,5,29
46,4,27
52,5,33
48,3,32
39,1,32
43,-3,38
44,-4,38
38,-5,31
40,-8,37
72,-14,59
55,-11,47
40,-6,43
41,-5,47
37,-5,50
34,-3,50
37,-4,48
41,-5,47
42,-5,47
41,-5,47
40,-6,46
43,-6,45
45,-5,46
45,-4,46
42,-4,45
38,-5,46
39,-6,47
44,-7,47
45,-6,47
45,-4,48
36,-5,49
34,-5,50
35,-7,52
35,-7,52
33,-7,52
31,-7,51
31,-8,52
34,-9,52
37,-9,51
38,-9,51
35,-9,52
34,-10,52
34,-10,52
31,-10,52
30,-10,53
32,-9,53
34,-9,53
32,-11,52
30,-11,52
30,-11,53
32,-10,53
34,-8,52
33,-8,52
35,-7,52
35,-8,52
34,-8,52
36,-9,52
36,-9,53
32,-10,53
31,-10,54
29,-11,54
28,-11,54
29,-11,54
29,-12,53
29,-12,54
28,-13,54
28,-13,54
29,-13,55
29,-13,55
28,-12,54
28,-12,55
29,-12,55
28,-12,54
27,-12,54
29,-12,54
30,-13,54
30,-13,54
29,-13,53
29,-13,53
31,-13,54
29,-13,53
28,-13,53
31,-13,53
33,-11,53
35,-10,51
37,-11,50
35,-14,48
36,-13,47
45,-11,45
51,-10,45
67,-13,49
62,-13,44
62,-16,44
58,-15,37
58,-13,32
50,-8,25
49,-5,21
53,0,16
50,1,12
44,6,10
41,8,8
43,13,5
43,15,6
30,14,8
21,13,20
7,25,25
-4,28,32
-3,34,44
12,30,73
6,27,77
-27,19,83
-45,23,89
-63,33,78
-70,33,65
-67,38,47
-62,40,35
-66,41,17
-59,37,12
-58,30,9
-59,21,6
-61,18,6
-65,15,-4
-66,12,-11
-71,10,-10
-69,8,-6
-51,4,4
-43,2,3
-51,2,10
-50,2,9
-60,3,6
-86,14,11
-73,6,9
-71,-2,1
-84,7,-3
-88,5,-15
-76,2,-9
-55,1,-5
-53,3,-4
-63,5,-8
-69,8,-4
-65,7,-2
-63,6,5
-71,4,5
-72,-4,7
-60,-1,10
-61,-1,11
-68,-2,14
-56,-3,21
-57,-2,22
-63,-1,19
-59,1,20
-59,2,21
-62,2,19
-64,1,16
-64,2,16
-64,2,17
-62,1,19
-61,0,19
-61,1,19
-62,1,19
-64,0,15
-64,1,15
-63,2,18
-63,2,17
-63,1,18
-63,2,18
-63,1,17
-65,-1,19
-61,-1,21
-58,-1,26
-59,-4,24
-59,-2,25
-59,-1,24
-61,0,24
-61,-1,22
-60,0,23
-61,-1,23
-60,-1,24
-59,-2,25
-59,-1,25
-59,-2,25
-59,-2,25
-60,-1,25
-59,-1,25
-61,-1,24
-60,-2,25
-60,-2,24
-60,-2,24
-60,-2,24
-60,-1,24
-60,-2,24
-61,-2,24
-61,-2,23
-60,-2,24
-60,-2,24
-61,-2,23
-60,-2,23
-60,-2,24
-59,-2,24
-61,-1,23
-61,-1,22
-62,-2,21
-61,-2,22
-60,-1,22
-61,-2,20
-62,-1,21
-60,-1,23
-60,-1,24
-61,-1,22
-62,-2,22
-61,-2,22
-61,-3,23
-62,-3,21
-62,-3,20
-63,-3,23
-58,-3,27
-57,-3,28
-57,-2,28
-58,-1,28
-58,-1,28
-59,-2,28
-59,-4,27
-58,-3,29
-57,-3,29
-58,-4,30
-56,-4,31
-57,-3,31
-57,-3,29
-58,-3,29
-58,-3,29
-57,-3,30
-57,-3,29
-59,-3,28
-59,-3,27
-58,-3,28
-58,-2,28
-57,-3,28
-60,-2,25
-60,-2,26
-59,-2,27
-57,-2,27
-58,-3,30
-57,-2,30
-62,-1,25
-63,-2,27
-53,-2,34
-54,-2,33
-60,-2,30
-53,0,36
-51,-1,36
-57,0,33
-51,-2,36
-51,-2,36
-53,-1,36
-55,-1,32
-58,-1,31
-57,-1,32
-58,-1,30
-56,0,33
-58,-1,32
-56,0,32
-57,0,31
-57,0,31
-56,0,31
-56,1,32
-56,0,32
-57,0,31
-54,0,32
-55,0,32
-57,1,31
-57,1,29
-57,1,31
-56,1,32
-58,1,31
-56,0,32
-54,0,34
-54,0,33
-58,0,32
-56,0,32
-55,2,33
-55,1,32
-55,-1,34
-56,-1,33
-56,0,32
-56,1,33
-57,1,32
-54,0,36
-53,0,36
-54,1,34
-55,-1,32
-54,-1,40
-49,-4,35
-60,1,32
-51,0,36
-53,0,35
-54,0,34
-55,0,34
-55,-1,33
-56,0,34
-55,1,34
-55,0,35
-56,-2,33
-55,-1,36
-51,-1,35
-56,-2,35
-54,-1,35
-54,-2,33
-58,0,35
-54,-1,33
-56,-1,32
-56,-1,33
-54,-1,32
-56,-2,30
-55,-2,31
-56,-1,32
-54,-1,34
-56,-1,35
-55,-2,34
-56,-2,33
-56,-2,33
-54,-2,34
-53,-1,36
-55,-1,35
-54,-1,35
-54,-1,34
-53,-2,34
-56,-2,36
-54,-2,36
-54,-1,36
-52,-1,37
-54,-2,35
-55,-1,35
-56,-2,34
-56,-2,35
-53,-1,35
-53,-2,36
-51,-3,39
-51,-4,37
-54,-4,35
-57,-5,32
-54,-5,36
-52,-5,37
-51,-5,37
-52,-4,38
-52,-4,37
-53,-4,36
-54,-5,36
-52,-4,37
-52,-4,37
-52,-4,37
-52,-5,37
-53,-5,36
-53,-4,37
-52,-5,37
-52,-4,37
-52,-4,38
-52,-4,37
-53,-4,37
-52,-4,37
-53,-4,37
-52,-5,37
-52,-4,37
-52,-4,37
-52,-4,37
-52,-4,37
-52,-4,37
-52,-4,37
-52,-4,37
-52,-4,37
-52,-4,37
-53,-5,37
-53,-4,37
-52,-4,37
-52,-4,37
-52,-4,38
-52,-4,37
-52,-4,37
-53,-4,37
-53,-4,37
-53,-5,37
-52,-5,37
-53,-4,37
-53,-4,37
-52,-4,37
-52,-4,38
-52,-4,38
-52,-4,37
-52,-4,37
-54,-4,37
-53,-4,37
-52,-4,37
-52,-4,38
-52,-4,37
-53,-4,37
-52,-5,37
-52,-5,37
-52,-5,37
-53,-4,37
-52,-4,37
-52,-4,37
-52,-5,37
-53,-5,37
-53,-5,37
-53,-5,37
-52,-4,38
-51,-4,38
-53,-5,37
-53,-4,36
-56,-5,34
-56,-5,35
-53,-5,37
-52,-5,37
-52,-5,37
-52,-4,36
-54,-5,35
-55,-5,35
-54,-4,35
-54,-4,35
-55,-5,34
-56,-5,32
-57,-5,32
-55,-5,33
-55,-5,33
-55,-5,33
-55,-5,33
-56,-5,33
-56,-4,33
-56,-5,33
-56,-5,33
-54,-6,34
-53,-5,35
-53,-5,35
-54,-5,35
-54,-5,35
-54,-5,35
-54,-5,35
-55,-5,34
-55,-5,34
-55,-6,34
-55,-6,34
-56,-6,33
-55,-6,34
-55,-6,34
-55,-5,34
-55,-5,34
-55,-5,34
-54,-5,34
-54,-5,35
-54,-5,35
-54,-5,35
-54,-5,35
-54,-5,35
-53,-5,36
-54,-5,35
-54,-5,35
-54,-5,35
-54,-5,35
-54,-5,35
-54,-5,35
-54,-5,35
-54,-5,35
-54,-5,35
-54,-5,35
-54,-5,35
-54,-5,35
-54,-5,35
-53,-5,36
-54,-4,36
-55,-6,35
-54,-5,35
-54,-5,36
-53,-5,36
-53,-5,36
-54,-5,35
-54,-5,35
-54,-5,35
-53,-5,36
-53,-5,36
-53,-5,36
-54,-5,35
-54,-5,36
-53,-5,36
-53,-5,36
-54,-5,36
-55,-5,35
-54,-5,35
-53,-5,36
-53,-5,36
-52,-5,37
-52,-5,37
-53,-5,36
-53,-5,37
-54,-5,36
-53,-5,36
-53,-5,37
-54,-5,36
-54,-5,36
-54,-5,36
-53,-5,37
-52,-5,37
-53,-5,36
-54,-5,36
-54,-5,36
-53,-5,36
-53,-5,36
-54,-5,36
-54,-5,36
-54,-5,36
-54,-5,36
-54,-5,35
-54,-5,36
-53,-5,36
-53,-5,36
-53,-6,36
-53,-5,36
-53,-5,36
-53,-5,36
-53,-5,36
-53,-5,36
-54,-5,35
-54,-4,36
-53,-5,36
-53,-5,37
-52,-5,37
-52,-5,37
-53,-5,37
-53,-5,36
-54,-5,36
-54,-5,36
-53,-5,37
-52,-5,38
-52,-6,38
-52,-5,37
-53,-5,36
-54,-5,36
-53,-5,36
-52,-5,37
-52,-5,37
-53,-5,36
-54,-5,36
-53,-5,36
-53,-5,37
-53,-5,37
-53,-5,37
-53,-4,37
-53,-5,37
-52,-5,37
-53,-4,37
-52,-5,36
-53,-5,37
-53,-5,37
-53,-5,37
-53,-5,37
-53,-5,36
-53,-5,36
-53,-4,36
-53,-5,36
-54,-5,36
-54,-5,36
-54,-5,36
-54,-4,36
-54,-5,36
-53,-5,36
-53,-5,36
-53,-5,36
-53,-5,36
-54,-4,36
-54,-5,36
-54,-5,36
-53,-5,36
-53,-5,36
-54,-5,36
-54,-5,36
-53,-5,36
-53,-5,36
-53,-5,36
-53,-5,36
-53,-5,36
-54,-5,36
-54,-5,36
-53,-5,36
-53,-4,37
-53,-5,36
-53,-5,36
-54,-5,36
-54,-5,36
-53,-5,36
-53,-5,36
-54,-5,35
-54,-5,35
-54,-5,36
-53,-5,36
-54,-5,36
-55,-5,35
-54,-5,35
-53,-5,36
-52,-5,37
-53,-5,36
-54,-5,35
-54,-3,35
-53,-3,36
-54,-5,35
-54,-5,35
-55,-6,34
-54,-5,35
-54,-5,34
-55,-4,34
-55,-4,34
-55,-4,34
-55,-4,34
-56,-5,33
-55,-5,33
-55,-5,34
-54,-5,34
-54,-4,34
-55,-5,34
-56,-4,33
-55,-4,33
-55,-4,34
-54,-4,34
-54,-4,35
-54,-5,34
-55,-4,34
-55,-4,34
-54,-5,35
-54,-5,35
-54,-5,35
-54,-4,35
-54,-5,34
-55,-4,33
-56,-5,33
-55,-5,33
-55,-5,34
-55,-5,34
-54,-5,34
-55,-5,34
-55,-5,33
-55,-5,34
-54,-5,34
-54,-5,35
-54,-5,35
-55,-5,34
-55,-5,35
-54,-4,35
-54,-5,35
-54,-5,35
-54,-5,35
-54,-5,35
-54,-5,35
-54,-5,35
-54,-4,35
-54,-5,35
-54,-5,35
-55,-5,34
-55,-5,35
-54,-5,35
-53,-4,36
-53,-4,35
-55,-5,34
-56,-5,34
-55,-5,34
-54,-5,35
-52,-5,36
-53,-5,36
-55,-5,34
-56,-5,33
-55,-5,34
-54,-5,35
-54,-5,35
-55,-5,34
-55,-5,34
-54,-5,34
-54,-5,35
-54,-5,35
-54,-5,35
-54,-5,35
-54,-5,35
-54,-5,35
-54,-5,35
-54,-5,35
-54,-5,35
-54,-5,35
-54,-5,34
-54,-5,35
-54,-5,35
-54,-5,35
-54,-5,35
-55,-5,34
-54,-5,35
-54,-5,34
-54,-5,35
-54,-5,34
-54,-5,34
-54,-5,35
-54,-5,35
-54,-5,34
-55,-5,34
-55,-5,35
-54,-5,34
-54,-5,34
-54,-5,35
-54,-5,35
-54,-5,35
-54,-5,34
-54,-5,35
-54,-5,34
-54,-5,34
-54,-5,35
-54,-5,34
-54,-5,34
-55,-5,34
-55,-5,35
-54,-5,34
-54,-5,35
-54,-5,35
-54,-5,34
-54,-5,35
-54,-5,35
-54,-5,35
-54,-5,35
-54,-5,34
-55,-5,34
-55,-5,34
-54,-5,34
-54,-5,34
-55,-5,34
-55,-5,34
-55,-5,34
-55,-5,34
-54,-5,34
-55,-5,34
-55,-5,34
-55,-5,34
-55,-5,34
-55,-5,34
-55,-5,34
-54,-5,34
-55,-5,34
-54,-4,34
-55,-5,34
-55,-5,34
-55,-5,34
-54,-5,34
-54,-5,35
-54,-5,34
-55,-5,34
-55,-5,34
-55,-5,34
-55,-5,34
-54,-5,34
-54,-5,34
-55,-5,34
-55,-5,34
-55,-5,34
-54,-5,34
-55,-5,34
-55,-5,34
-55,-5,34
-54,-5,35
-54,-5,35
-54,-5,34
-54,-5,34
-54,-5,34
-54,-5,35
-54,-5,35
-54,-5,34
-54,-5,34
-55,-5,34
-55,-5,34
-56,-6,30
-66,-8,30
-67,-11,37
-66,-11,40
-57,-8,43
-44,-8,43
-25,0,54
-20,1,55
-11,2,51
-3,2,56
28,1,67
38,1,56
20,4,65
32,1,62
25,1,51
25,4,48
19,8,47
15,12,56
12,9,54
8,0,57
6,-7,59
5,-9,64
-1,-13,67
-27,-40,88
-1,-16,62
-10,-15,55
-18,-13,61
-16,-15,70
-11,-15,61
-13,-13,51
-22,-8,55
-21,-9,59
-15,-12,62
-17,-11,56
-28,-13,57
-26,-15,60
-24,-15,56
-23,-14,56
-25,-14,57
-27,-12,56
-28,-12,54
-22,-11,57
-22,-12,62
-19,-13,62
-21,-14,59
-20,-14,58
-18,-14,59
-16,-14,62
-21,-12,59
-24,-12,57
-26,-12,56
-26,-12,56
-24,-12,57
-22,-13,57
-20,-14,59
-17,-14,59
-12,-13,61
-12,-12,61
-10,-14,61
-10,-14,60
-12,-15,63
-13,-15,62
-14,-15,59
-16,-13,58
-15,-12,59
-11,-13,65
-12,-14,64
-15,-13,58
-18,-12,56
-15,-10,57
-14,-10,60
-14,-9,63
-15,-9,61
-8,-13,62
-8,-10,65
-8,-10,64
-5,-10,63
-9,-9,61
-8,-9,63
-7,-9,64
-10,-9,64
-11,-10,63
-15,-10,61
-16,-8,64
-19,-10,66
-20,-10,66
-20,-9,67
-18,-7,70
-19,-6,70
-26,-2,61
-34,-1,58
-37,2,60
-34,2,59
-30,3,55
-33,5,55
-28,8,56
-24,8,56
-19,8,55
-12,10,61
0,11,57
5,15,57
15,17,61
17,23,57
14,25,52
10,28,50
10,29,51
0,31,49
-3,31,50
-5,31,55
-3,28,56
-9,28,57
-10,31,57
-9,29,55
-4,27,58
-8,29,56
-11,30,53
-11,29,53
-5,27,57
-7,26,56
-6,24,58
-6,25,57
-17,26,53
-22,25,53
-20,26,57
-28,21,58
-30,20,57
-38,21,50
-36,19,52
-30,20,54
-32,20,52
-36,22,49
-37,23,48
-39,23,46
-38,22,46
-34,20,50
-35,20,49
-38,20,46
-31,20,48
-42,22,41
-45,24,39
-43,22,41
-49,23,38
-50,25,35
-46,28,30
-48,29,30
-48,26,33
-49,24,36
-53,23,38
-55,22,37
-51,20,38
-49,18,44
-47,16,49
-41,13,52
-38,11,53
-34,13,45
-42,14,42
-42,16,38
-17,18,46
-19,9,45
-19,4,44
-3,-3,67
-9,-10,67
-21,-14,66
-33,-8,65
-36,-5,62
-40,-1,60
-36,-1,63
-38,-3,53
-39,-2,50
-42,-1,54
-43,-3,55
-35,-6,55
-25,-8,58
-32,-8,59
-28,-8,58
-24,-8,58
-25,-6,55
-25,-7,56
-25,-10,60
-25,-9,58
-23,-8,58
-24,-8,58
-27,-8,55
-27,-8,56
-27,-7,59
-26,-9,61
-27,-10,58
-25,-8,59
-27,-8,58
-24,-7,58
-24,-6,57
-27,-5,57
-25,-4,59
-23,-1,55
-28,2,55
-34,4,56
-33,5,51
-42,10,46
-43,11,47
-39,15,42
-42,16,35
-40,15,36
-40,14,25
-49,15,20
-38,15,20
-46,11,16
-78,10,34
-128,-3,86
-32,-3,41
-51,-16,35
-41,6,39
-50,2,40
-50,-2,37
-57,0,33
-55,-1,30
-62,-1,29
-58,-1,31
-58,-1,29
-58,-1,30
-55,-2,34
-54,-1,34
-56,-1,33
-59,-1,34
-63,-4,33
-64,-5,33
-66,-3,30
-67,-2,29
-60,3,23
-62,4,32
-64,3,34
-59,-5,26
-63,-5,20
-55,1,10
-58,7,14
-69,17,16
-64,14,23
-42,6,47
-61,18,17
-54,15,28
-34,23,45
-48,27,39
-47,26,27
-47,27,22
-43,29,22
-41,30,22
-39,27,9
-45,29,12
-34,29,31
-33,25,34
-40,14,24
-44,11,22
-50,7,28
-98,-35,127
-128,-1,10
-38,6,47
-22,-8,50
-39,8,41
-46,6,52
-33,-7,53
-40,-6,52
-33,-3,52
-37,-1,50
-47,-1,46
-48,-1,44
-48,-1,44
-45,0,46
-44,-1,47
-44,-2,47
-43,-2,48
-43,-4,52
-44,-3,54
-42,-3,53
-42,-1,45
-49,2,39
-59,4,30
-61,4,24
-60,6,14
-58,8,11
-60,11,10
-62,12,9
-63,12,5
-64,12,2
-67,13,-1
-66,13,0
-67,12,0
-67,12,-1
-71,12,-1
-71,13,-6
-71,14,-7
-70,19,-6
-70,21,-7
-62,24,-10
-59,24,-10
-57,28,-8
-54,30,-11
-53,32,-12
-54,33,-10
-49,34,-9
-51,35,-8
-54,38,-6
-56,38,-3
-58,38,0
-54,40,10
-52,39,12
-46,42,23
-38,44,27
-29,44,31
-31,45,32
-18,48,36
-14,50,37
-10,53,39
-11,53,36
-3,56,36
2,51,33
7,46,31
10,39,26
12,36,22
16,31,19
21,34,16
28,36,12
30,45,6
3,127,16
-12,33,-6
27,55,27
19,67,34
13,63,19
12,63,18
0,61,14
6,59,12
9,60,15
7,60,10
4,61,11
16,61,19
18,58,22
18,58,21
21,57,19
17,57,16
19,58,21
21,57,21
22,58,19
20,56,20
21,56,22
21,55,23
21,56,28
21,56,28
20,55,28
22,54,30
21,53,32
24,54,35
25,53,34
8,54,25
10,56,28
13,55,31
9,55,30
8,55,28
7,54,28
11,51,32
14,50,35
13,46,40
13,45,42
13,42,42
18,41,42
23,40,47
12,42,43
12,44,42
25,43,47
20,41,47
10,41,44
11,43,42
10,44,38
15,43,42
25,38,50
27,40,47
22,42,40
16,43,41
15,42,44
15,41,49
17,41,49
19,41,45
19,42,43
19,42,42
20,42,43
20,41,45
19,41,45
18,41,46
17,41,46
15,41,46
14,41,45
14,42,44
13,41,45
13,41,45
14,42,45
15,41,45
14,42,45
14,42,45
14,42,46
14,42,46
14,42,45
14,42,45
15,42,46
15,42,45
15,42,45
15,42,45
15,42,45
14,41,46
14,42,45
14,42,46
13,42,45
15,42,45
15,42,46
15,42,45
15,42,45
15,41,46
16,41,45
16,42,45
15,41,45
15,41,45
15,42,45
15,42,45
15,42,45
15,41,45
15,42,45
15,41,45
15,41,45
15,41,45
15,41,46
15,41,45
15,41,45
15,41,46
15,41,46
15,41,45
15,41,45
15,41,45
15,41,45
15,41,45
15,41,45
15,41,45
15,41,45
15,41,45
15,41,46
15,42,45
15,41,45
15,41,46
15,41,45
15,41,45
15,41,45
15,41,45
15,42,45
15,42,45
15,41,45
15,42,45
15,41,45
15,41,45
15,41,45
15,42,45
15,42,45
15,41,45
15,41,45
15,42,45
15,42,45
15,41,45
15,41,45
15,42,45
14,41,46
14,41,46
13,41,45
14,41,47
19,42,44
21,43,40
19,42,42
15,42,45
7,41,50
6,41,51
13,40,47
15,40,45
15,42,45
12,43,46
14,43,45
17,42,43
17,42,43
18,42,43
16,42,45
12,42,46
9,43,47
10,41,48
14,40,47
17,41,43
17,41,43
14,42,45
13,42,47
14,41,47
17,41,45
16,42,44
13,43,45
13,43,46
16,41,45
16,41,45
15,42,45
14,42,45
15,42,45
15,42,45
15,42,45
14,42,45
14,42,45
14,42,46
14,41,45
15,41,45
15,42,45
15,42,46
15,42,45
15,42,45
15,42,45
15,42,45
15,42,45
15,41,45
15,42,45
15,42,45
16,42,45
16,42,45
15,42,45
15,42,45
15,41,45
16,42,45
15,42,45
15,41,45
15,42,46
16,41,45
16,41,45
15,41,45
16,41,45
15,41,45
15,41,45
16,41,45
16,41,45
15,42,45
15,42,43
17,41,45
18,41,45
14,41,45
9,42,46
7,42,48
10,40,49
14,40,47
18,41,44
18,42,43
16,42,44
15,43,45
13,42,46
14,41,46
14,41,46
16,41,45
16,42,45
15,42,45
15,42,46
14,42,46
14,41,46
17,42,44
17,41,44
17,42,45
14,42,46
13,42,45
13,42,46
15,41,46
14,41,46
16,41,45
15,42,45
15,42,45
14,41,46
15,42,46
15,41,46
15,42,45
15,42,45
16,42,45
15,42,45
15,42,45
15,42,45
14,41,45
14,42,45
14,42,46
14,42,46
16,42,46
16,41,46
17,41,44
17,42,44
15,41,45
14,41,46
13,41,46
13,41,46
15,42,46
15,42,45
16,41,45
17,42,45
17,41,44
17,41,45
16,41,45
16,41,45
16,41,45
16,41,45
16,41,45
16,41,45
16,42,45
17,42,45
16,41,45
15,42,45
15,41,45
15,41,45
16,42,46
16,41,45
16,42,45
16,41,45
15,42,45
14,42,46
16,41,46
17,41,44
17,41,44
17,42,44
17,41,45
17,42,45
16,42,44
14,43,43
14,43,44
12,42,47
14,41,48
14,41,45
14,41,44
15,41,47
4,42,48
1,43,48
8,40,48
13,40,47
16,41,45
14,42,46
10,43,46
9,44,45
10,44,43
13,44,43
15,43,44
17,42,45
18,42,44
15,41,44
13,42,45
11,42,47
10,42,47
10,41,48
11,41,48
15,40,46
15,41,45
15,42,45
15,43,45
12,43,45
13,42,46
13,42,46
14,41,46
13,42,46
11,41,45
13,41,47
14,41,45
12,41,43
18,44,47
20,45,47
13,44,42
12,45,42
13,45,42
14,44,42
15,44,42
16,43,44
16,43,44
16,44,41
17,45,42
17,45,42
15,45,42
14,45,41
14,45,41
13,45,41
13,46,40
11,46,38
12,46,36
12,45,32
29,48,42
26,46,42
21,48,34
20,48,31
26,50,31
28,50,32
32,48,32
29,48,31
26,46,33
27,47,33
32,49,30
31,48,28
32,44,26
29,48,24
31,49,23
40,50,22
41,50,23
36,50,15
32,52,12
34,51,16
39,51,20
38,48,16
35,48,14
37,49,13
39,48,14
38,48,15
38,49,17
38,49,15
38,49,9
39,49,8
42,48,10
42,48,9
38,49,9
39,51,9
40,50,8
34,49,3
36,50,4
39,51,8
39,50,7
36,48,6
35,48,10
38,50,14
39,49,14
37,48,14
37,47,14
40,47,14
40,48,14
37,47,14
39,48,18
40,47,18
39,47,21
41,45,21
37,46,17
35,47,18
35,48,16
43,47,18
41,48,16
40,49,14
40,50,13
39,50,12
41,49,11
42,45,9
42,48,13
35,49,15
38,47,13
31,47,11
29,49,16
31,50,21
31,50,23
32,47,23
32,48,26
31,48,27
33,48,24
34,49,25
29,46,30
30,46,30
30,49,32
31,48,38
22,48,40
19,49,35
29,46,34
33,43,38
35,27,33
30,21,34
33,19,36
35,36,46
21,72,57
-10,40,38
11,27,38
31,52,34
37,49,37
27,40,40
23,42,40
18,41,42
18,39,45
22,38,46
21,40,43
23,39,41
28,38,43
30,37,44
30,37,45
29,39,46
27,38,45
25,39,43
20,40,40
21,39,41
21,39,45
20,39,46
20,38,46
21,38,46
23,38,45
26,38,43
28,38,43
30,38,42
30,39,43
24,40,41
23,40,41
25,39,42
26,38,43
26,38,43
25,38,43
26,38,44
25,38,43
24,38,43
23,38,44
22,38,44
21,39,45
23,39,45
23,39,45
24,39,44
24,38,43
25,38,43
24,38,45
24,38,45
22,38,44
21,38,45
22,38,45
21,38,46
21,38,46
21,38,46
21,38,46
21,38,45
22,39,45
23,38,45
23,38,44
23,38,45
23,38,45
22,38,45
23,38,45
23,38,45
23,38,45
23,38,45
23,38,44
23,38,44
23,38,45
23,38,45
23,38,45
23,38,45
22,38,45
22,38,44
24,38,44
23,38,44
23,38,45
21,39,45
20,39,45
22,39,46
22,38,46
23,38,45
23,38,45
24,39,44
24,38,44
23,38,45
22,39,45
22,39,45
22,38,45
23,38,45
23,38,45
23,38,44
22,38,46
21,38,45
21,38,46
21,39,46
22,38,45
24,38,45
23,38,44
23,38,44
23,38,45
21,39,45
20,39,45
21,39,46
22,39,45
23,38,44
24,39,43
23,39,45
21,39,43
20,39,44
20,39,45
22,38,46
23,38,45
23,38,45
23,39,44
22,39,44
19,39,45
21,39,46
22,38,45
23,38,45
22,39,44
22,39,44
21,39,45
21,39,45
22,38,46
22,39,45
22,39,44
21,39,45
21,39,45
22,39,45
21,38,45
22,39,45
23,38,45
23,38,45
22,39,45
21,39,44
22,39,44
23,39,45
21,39,46
21,39,45
21,39,45
21,39,44
22,39,45
23,39,45
23,39,45
23,39,44
24,38,45
23,38,45
22,39,45
22,38,45
22,38,45
22,38,45
22,38,45
22,38,45
22,38,45
22,38,45
22,38,45
22,38,45
22,38,45
22,38,45
22,38,45
22,38,45
22,38,45
21,38,45
22,38,45
22,38,45
22,38,45
22,38,45
22,38,45
22,38,45
22,38,45
22,38,45
22,38,45
23,38,45
22,38,45
22,39,44
22,38,45
22,38,45
22,38,45
22,38,45
22,38,45
22,38,45
22,38,45
22,38,45
22,38,45
22,38,45
22,38,45
22,38,45
22,38,45
22,38,45
21,38,45
22,38,45
22,39,45
22,38,45
22,38,45
22,38,45
22,39,45
22,39,45
21,39,45
22,38,45
22,38,45
22,38,45
22,38,45
22,39,45
22,38,45
22,38,45
22,38,45
22,38,45
23,38,45
22,38,45
22,38,44
22,38,45
22,38,45
22,38,45
22,38,45
22,39,45
22,38,45
22,38,45
22,38,45
22,39,45
21,38,45
22,38,45
21,38,45
22,38,45
22,38,45
22,38,45
21,38,45
22,38,45
22,38,45
22,38,45
21,38,45
22,38,46
22,38,45
22,38,45
22,38,45
22,38,45
22,38,45
22,38,45
22,38,45
22,38,45
22,38,45
23,38,45
22,38,44
22,38,45
22,38,45
22,38,45
22,38,45
22,38,45
22,38,45
22,38,45
22,39,45
22,38,45
22,38,45
22,38,45
22,38,45
22,38,45
22,38,45
22,38,45
22,38,45
22,39,45
22,38,45
22,38,45
22,38,45
22,39,45
22,39,45
22,38,45
22,38,45
22,38,45
22,38,45
22,38,45
22,38,45
22,38,45
22,38,45
22,38,45
22,38,45
22,39,45
22,38,45
22,38,45
22,38,45
22,38,45
22,39,45
22,38,45
22,39,45
17,39,42
17,38,43
27,38,47
29,38,46
28,38,41
23,38,41
22,37,42
29,37,43
31,37,44
29,38,44
29,38,45
27,37,45
29,37,43
29,37,43
29,38,44
28,39,42
24,39,41
22,39,42
17,39,42
17,39,44
18,39,45
20,39,45
24,39,44
25,39,44
29,38,43
31,38,43
31,37,42
31,38,43
30,38,43
27,38,42
25,38,43
22,38,43
20,38,44
18,39,45
18,38,45
18,39,46
18,39,46
19,38,46
20,39,45
23,38,45
23,38,44
25,38,43
28,38,44
29,38,45
27,38,44
26,38,43
24,38,44
22,38,45
18,38,44
18,38,45
19,38,47
20,38,47
22,38,45
23,38,45
26,38,45
26,37,45
26,38,44
25,38,44
25,38,44
22,38,44
22,38,44
22,39,45
22,39,45
21,38,45
21,38,46
22,38,45
22,38,45
23,38,45
23,38,45
24,38,44
24,38,44
24,38,44
24,38,44
24,38,44
23,38,45
23,38,45
22,38,45
22,38,45
22,38,45
23,38,45
23,38,45
23,38,45
23,38,44
24,38,45
24,38,45
23,38,45
23,38,45
23,38,45
23,38,45
23,38,45
23,38,45
23,38,45
23,38,45
23,38,45
23,38,45
23,38,44
23,38,45
23,38,45
23,38,45
23,38,45
22,38,45
22,38,45
22,38,45
22,38,45
23,38,45
22,38,45
23,38,45
23,38,45
23,38,45
23,38,45
23,38,45
23,38,45
23,38,45
23,38,45
23,38,45
23,38,45
23,38,45
23,38,45
24,38,45
23,38,45
23,38,44
23,38,45
23,38,45
23,38,45
23,38,45
23,38,44
22,38,45
22,38,45
22,38,45
22,38,45
22,38,45
22,38,45
22,38,45
23,38,45
23,38,45
23,38,45
23,38,45
23,38,45
22,38,45
23,38,46
23,38,46
18,39,41
14,38,43
19,38,47
28,37,51
25,38,48
22,39,42
19,39,40
24,37,45
24,37,46
23,38,46
23,38,45
21,39,43
21,39,44
23,38,46
23,38,45
22,39,44
23,39,44
23,38,45
22,38,45
23,38,45
23,39,44
23,38,44
24,38,44
23,38,44
23,38,45
23,38,45
22,39,44
23,38,45
22,38,45
22,38,45
23,38,45
23,38,45
23,38,44
23,38,44
22,38,45
22,38,45
22,38,45
23,38,45
24,38,45
22,38,44
22,38,45
22,38,46
22,38,46
22,38,46
23,38,45
23,38,46
23,38,45
23,38,44
23,38,44
24,38,44
23,38,45
22,38,45
22,38,45
23,38,44
23,38,45
23,38,44
24,38,44
25,38,44
24,38,44
24,38,44
24,38,45
23,38,44
22,38,44
23,38,44
24,38,45
24,38,45
24,38,44
23,38,44
23,38,45
23,38,46
23,38,45
23,38,44
23,38,44
22,38,45
23,38,45
23,38,45
22,38,45
23,38,45
23,38,45
23,38,44
24,38,44
24,38,45
23,38,44
24,38,45
23,38,44
23,38,44
23,38,45
23,38,45
23,38,45
23,38,45
24,38,45
24,38,44
24,38,43
23,39,43
24,38,44
24,38,45
22,38,44
23,38,45
23,39,44
23,38,44
23,38,44
24,38,44
24,38,44
23,38,45
23,38,44
23,38,44
24,38,45
23,39,44
23,38,44
23,38,44
24,38,45
23,38,45
22,39,45
23,39,44
24,39,43
22,39,44
23,39,45
23,39,45
23,38,45
23,38,45
24,38,44
24,38,44
23,38,43
24,38,44
23,38,44
23,38,44
23,38,44
23,39,44
23,39,45
23,38,44
23,38,44
23,39,44
23,39,44
24,39,44
24,38,44
23,39,44
23,38,44
23,39,44
24,39,44
24,39,44
23,39,44
23,39,44
23,38,44
23,39,44
23,39,44
23,39,44
23,39,44
23,38,44
23,38,44
23,38,44
23,39,45
23,39,43
24,39,44
24,38,44
23,39,43
24,39,44
24,39,44
23,39,44
23,38,44
23,38,45
24,38,45
24,39,43
25,38,44
24,39,45
24,39,44
25,39,44
23,39,44
21,39,43
21,39,45
21,39,45
19,39,46
19,39,46
19,38,46
19,38,46
20,38,46
20,38,46
21,39,45
23,39,44
24,38,44
24,39,44
23,38,44
23,38,44
22,38,45
21,38,45
21,38,46
22,38,46
22,38,46
23,38,45
23,38,44
23,38,45
23,38,45
23,38,45
22,38,45
22,38,45
22,38,45
22,38,45
23,38,45
23,38,45
23,38,44
23,38,44
23,38,45
23,38,45
23,38,45
23,38,45
23,38,44
24,38,44
24,38,44
24,38,44
24,38,44
23,38,44
23,38,45
23,38,45
23,38,44
23,38,45
23,38,44
24,38,45
23,38,45
23,38,45
23,38,45
23,38,45
22,38,45
23,38,45
23,38,45
23,38,44
24,38,43
26,38,45
25,38,44
24,38,45
23,38,45
21,38,45
22,38,45
21,38,45
21,38,45
24,38,45
23,38,44
24,38,45
24,39,45
23,38,44
24,38,44
23,38,44
22,38,44
23,38,44
23,38,45
23,38,45
23,38,45
23,39,45
23,38,44
23,38,44
23,38,45
22,38,45
22,38,45
22,38,45
23,38,45
23,38,45
22,38,45
23,38,45
23,38,45
22,39,45
23,39,45
23,38,45
22,39,45
22,38,45
22,38,45
23,39,45
22,38,45
22,38,45
23,38,44
23,38,44
23,39,44
23,39,44
23,38,45
23,38,45
23,38,44
23,38,45
23,38,45
23,38,44
23,38,44
23,38,45
23,38,45
23,38,45
22,38,44
22,39,45
22,39,45
23,38,45
23,38,45
22,38,44
22,38,44
23,39,45
23,39,45
22,39,44
22,38,44
22,39,44
20,38,42
23,38,44
28,39,44
28,39,44
29,38,44
29,37,45
27,36,46
26,37,45
21,38,43
20,38,43
20,38,44
22,39,46
21,39,46
22,39,45
23,38,45
24,38,44
23,38,43
22,38,45
22,38,45
23,39,45
24,39,44
24,39,44
25,38,44
26,38,44
24,38,44
23,38,44
23,38,44
23,38,44
24,38,44
24,39,44
24,39,43
24,38,43
24,38,44
24,38,45
24,38,45
23,38,46
23,38,45
24,38,45
25,38,44
23,38,43
20,39,43
21,38,45
22,38,46
21,38,46
23,38,45
26,38,45
27,38,45
28,38,44
26,38,42
23,39,41
21,39,43
22,38,45
22,39,45
22,39,45
23,39,45
24,38,45
25,38,45
25,38,44
23,39,42
22,39,43
23,38,45
22,38,45
22,38,45
24,38,44
24,38,44
24,38,45
23,39,44
23,39,44
22,38,44
22,38,45
22,38,45
23,38,45
23,39,44
25,38,44
25,38,44
25,38,43
25,38,44
24,39,43
23,39,43
22,38,44
20,39,45
21,39,45
21,39,45
21,39,45
22,38,45
23,38,44
23,38,44
23,39,44
23,39,44
23,39,44
22,39,44
22,39,45
23,38,45
23,39,45
23,38,45
22,39,45
22,39,45
22,39,45
20,39,44
20,38,45
21,38,46
21,38,45
21,38,45
22,39,45
25,38,45
26,38,44
25,38,44
24,38,44
23,38,44
23,38,44
22,38,45
22,38,45
22,38,45
23,38,45
23,38,45
23,38,44
23,38,45
23,38,45
23,38,45
22,38,45
22,38,45
22,38,45
22,38,45
23,38,45
23,38,45
23,38,45
23,38,45
22,38,45
22,38,45
22,38,45
22,38,45
22,38,45
23,38,45
23,38,45
23,38,45
22,38,45
22,38,45
23,38,45
23,38,45
23,38,45
23,38,45
22,38,45
23,38,45
22,38,45
23,38,45
23,38,45
23,38,44
23,38,45
22,38,45
22,38,45
22,39,45
22,38,45
22,38,45
22,38,45
23,38,45
23,38,45
22,38,45
23,38,45
23,38,45
22,38,45
22,38,45
23,38,45
23,38,44
23,38,44
23,38,44
23,38,44
23,38,45
23,38,44
23,39,44
23,38,44
23,38,44
23,38,45
23,38,45
23,38,45
23,38,45
23,38,45
23,38,45
23,38,45
23,38,45
23,38,45
22,38,45
23,38,45
23,38,45
22,38,45
23,38,45
23,38,45
23,38,45
23,38,45
23,38,45
23,38,45
23,38,45
23,38,44
23,38,44
23,38,45
23,38,45
22,38,45
22,38,45
22,38,45
22,38,45
22,38,45
22,38,45
22,38,45
23,38,45
23,38,45
23,38,45
23,38,45
23,38,45
23,38,45
23,38,45
22,38,45
22,38,45
22,38,45
22,38,45
18,38,48
19,37,48
24,36,45
18,37,43
20,40,45
28,40,46
34,39,41
29,40,37
29,43,39
30,43,39
26,43,41
24,43,40
22,44,40
20,44,43
16,44,42
11,45,41
9,46,42
3,46,41
0,47,41
-3,47,40
-3,48,40
-6,48,40
-3,48,42
-3,48,42
-4,46,44
-4,45,48
-5,46,46
-4,46,46
-7,38,53
-6,45,46
-5,47,38
1,47,39
3,48,40
4,47,43
-1,46,43
-6,45,45
-8,46,44
-8,46,44
-7,45,44
-5,46,44
-6,45,45
-6,45,45
-5,45,45
-3,45,45
-4,46,44
-5,46,41
-10,47,40
-15,47,41
-2,46,48
2,43,52
6,43,50
6,45,47
11,48,42
8,49,38
3,53,34
1,54,33
-1,53,34
-1,52,36
-1,50,39
-2,47,43
0,46,46
-6,45,47
-7,45,46
-7,45,47
-8,46,45
-3,46,45
-4,46,44
-3,48,42
-3,48,41
3,49,41
2,49,40
0,48,40
3,48,40
3,48,41
3,47,42
3,46,44
4,44,46
5,43,47
7,43,46
6,42,47
6,43,47
6,43,47
6,43,46
6,43,46
5,42,47
4,42,48
4,42,48
4,42,48
3,42,48
3,42,48
3,42,48
2,42,48
2,42,48
3,43,47
3,43,47
4,43,47
3,42,48
3,42,48
2,41,49
3,41,49
4,41,49
6,41,48
8,41,48
9,41,48
8,44,45
6,45,43
4,48,42
3,49,41
-2,52,32
4,55,33
1,52,31
-6,55,28
-7,55,29
-8,52,32
-7,51,33
-7,51,39
-7,49,40
-12,51,39
-13,57,39
-18,58,43
-18,53,42
-18,43,42
-18,43,43
-14,43,42
-7,47,38
-9,48,37
-15,50,30
-13,51,35
-13,53,39
-16,51,36
-13,54,36
-12,54,34
-13,52,31
-16,52,29
-17,52,31
-12,52,37
-13,52,35
-17,53,34
-11,52,37
-9,53,37
-10,52,35
-13,52,34
-15,53,34
-11,53,37
-9,53,38
-11,54,34
-6,54,34
-10,54,33
-11,54,33
-11,54,33
-9,53,32
-9,53,32
-11,54,32
-12,53,33
-12,54,36
-12,54,35
-13,52,32
-12,53,32
-12,52,35
-15,53,37
-14,52,38
-15,52,36
-14,51,35
-12,52,35
-12,52,35
-12,52,37
-12,52,36
-15,50,37
-14,50,38
-12,48,36
-10,51,38
-11,47,34
-12,46,43
-11,49,48
-10,48,49
-14,49,46
-19,50,41
-22,52,39
-26,54,37
-27,55,38
-23,52,34
-23,51,32
-15,50,27
-13,49,30
-5,50,37
-2,50,32
1,50,33
7,45,41
11,45,44
16,43,44
12,41,45
12,38,52
15,38,53
15,41,48
10,43,45
-5,41,47
-1,41,48
3,43,47
8,42,47
7,42,48
5,41,49
5,41,48
7,41,48
7,41,47
6,42,47
5,41,48
6,41,48
6,41,48
5,41,48
4,41,48
4,41,48
4,41,48
4,41,49
3,41,48
3,41,48
2,41,48
2,41,48
3,41,49
2,41,48
2,41,48
1,42,47
2,42,48
2,41,48
2,42,48
2,41,48
2,42,48
2,42,48
2,42,48
2,41,48
2,42,48
3,41,48
3,41,48
4,42,47
4,42,48
5,42,48
4,41,47
4,42,48
4,42,48
4,42,47
4,42,47
4,42,48
4,42,47
3,42,47
3,42,47
4,42,48
3,41,48
3,42,48
2,42,48
1,42,48
2,42,48
2,42,48
2,42,47
2,42,48
2,42,48
2,42,48
3,42,48
2,42,48
2,42,48
2,41,48
2,42,48
2,42,48
3,42,48
3,42,48
4,41,48
4,42,48
3,42,48
4,42,47
4,41,47
4,41,48
3,41,48
3,41,48
3,41,48
3,41,48
3,41,48
3,41,48
3,41,48
4,41,48
3,41,48
3,41,48
3,42,48
4,41,48
3,42,48
3,42,48
3,42,48
3,42,48
3,41,48
3,41,47
2,41,48
3,42,48
3,41,48
4,42,48
5,42,47
5,42,47
4,42,47
2,42,47
1,42,48
1,41,48
2,42,48
3,42,48
3,41,48
4,42,48
5,41,48
4,41,48
3,41,48
3,42,48
3,42,48
3,42,47
4,42,48
3,42,47
2,41,48
2,41,48
2,41,48
3,42,48
1,41,48
1,42,48
2,42,48
2,41,48
3,42,48
3,42,47
3,42,47
3,42,48
3,42,48
2,42,48
3,42,48
4,42,47
4,41,48
5,42,47
5,42,47
5,42,47
5,42,47
5,42,47
4,42,47
4,42,48
4,42,48
3,42,48
4,42,48
4,42,48
5,42,48
5,42,47
6,41,47
5,42,47
4,42,48
3,42,48
2,42,48
2,42,48
2,42,48
3,41,48
4,41,48
3,42,47
3,42,47
4,42,48
4,41,48
4,42,48
4,42,47
4,42,48
4,41,48
4,41,48
4,42,48
3,42,47
4,42,47
5,42,47
4,42,47
4,42,47
5,42,47
4,42,47
4,42,47
4,42,47
3,42,48
3,42,48
3,42,48
3,42,48
4,42,47
5,42,47
5,42,48
4,41,48
4,41,48
3,41,48
3,41,48
4,41,48
4,42,47
5,42,47
5,42,47
2,42,47
1,42,48
1,42,48
0,42,48
0,42,48
2,41,48
2,41,48
2,42,48
3,41,48
6,41,48
8,41,48
7,41,48
6,41,47
5,42,47
4,42,47
3,42,48
2,42,48
2,42,47
3,42,47
3,42,48
5,42,47
5,42,47
5,42,47
5,42,47
3,42,48
3,42,48
1,42,48
1,42,48
2,41,48
3,41,48
3,42,48
3,42,48
3,42,48
3,42,48
3,42,48
3,42,47
4,42,47
5,42,47
5,42,47
4,42,47
3,42,47
3,42,47
3,42,47
2,42,48
2,42,48
2,42,48
2,42,47
2,42,48
3,42,48
3,42,47
3,42,48
3,42,48
3,42,48
3,42,48
3,42,47
4,42,48
4,42,47
3,42,47
3,42,48
2,42,48
2,42,47
1,43,46
-1,43,46
-1,43,47
-1,41,49
0,41,49
0,41,48
1,41,48
3,41,48
2,42,47
1,42,47
0,42,48
-1,42,48
-1,42,48
-2,42,48
-1,42,48
-1,42,47
0,42,48
0,42,47
1,42,47
1,42,48
2,41,48
2,41,48
2,41,49
2,41,48
1,41,48
2,41,48
1,42,48
1,42,48
1,42,48
0,41,48
1,41,48
3,41,48
2,42,48
2,42,47
1,42,47
1,42,47
1,42,48
1,41,48
1,41,48
2,41,48
2,41,48
2,42,48
2,41,48
2,42,48
1,42,48
1,42,47
2,42,47
1,42,47
-1,42,48
-1,41,49
2,41,49
5,41,48
7,42,46
5,42,46
2,42,48
1,42,48
0,42,47
0,42,48
0,42,48
0,42,47
0,42,48
2,41,48
2,42,48
2,41,48
2,42,48
3,42,47
2,42,47
1,42,48
1,42,48
1,42,48
0,42,48
1,42,48
1,42,48
1,42,48
0,42,48
-1,42,48
0,41,48
1,41,48
2,42,47
5,42,48
5,42,47
2,42,47
2,41,48
2,41,49
2,41,49
3,41,48
3,42,48
3,42,47
3,42,48
3,42,48
3,41,48
2,42,48
2,42,48
2,42,48
3,42,47
4,42,48
3,42,47
3,41,48
3,41,48
2,41,48
2,41,48
2,41,48
4,43,46
3,44,45
-1,44,45
-2,45,44
-1,44,45
2,42,48
6,42,50
7,42,50
8,44,47
8,45,45
8,45,44
10,46,42
11,46,42
11,45,42
10,45,43
8,45,43
7,43,43
8,43,44
7,42,44
7,42,43
4,42,40
-2,41,42
-5,37,46
-6,32,47
-3,29,53
-3,29,54
-10,27,55
-10,19,58
-7,16,58
-4,17,63
-7,13,61
-15,14,63
-15,15,65
-14,11,71
-10,7,72
3,11,65
9,15,68
-5,9,54
-5,11,57
-8,15,53
-7,17,58
-9,16,58
-8,15,60
-9,16,60
-18,19,60
-24,18,60
-25,18,59
-22,17,59
-19,14,59
-25,12,57
-38,9,50
-35,11,52
-35,13,52
-49,10,53
-51,12,53
-43,14,54
-47,9,52
-47,7,52
-42,7,53
-32,5,53
-33,5,54
-37,6,53
-34,5,52
-35,5,52
-36,6,51
-35,3,50
-32,-1,52
-29,-3,55
-34,-7,56
-33,-8,57
-31,-14,59
-29,-14,58
-19,-13,57
-15,-14,57
-17,-13,59
-15,-15,58
-16,-18,54
-16,-19,62
-16,-17,61
-27,-16,56
-28,-16,60
-26,-13,63
-24,-12,62
-32,-10,62
-31,-6,63
-26,-4,61
-24,-4,60
-21,0,63
-21,1,64
-24,-5,59
-13,-2,59
-25,-5,49
-17,-11,59
-19,-9,59
-12,-14,61
-2,-17,62
-3,-19,56
-5,-20,54
-1,-30,57
7,-34,63
-5,-31,59
-25,-31,39
-40,-33,40
-34,-34,48
-34,-32,48
-39,-29,44
-37,-26,46
-34,-25,47
-34,-26,46
-33,-25,46
-33,-25,47
-28,-25,52
-24,-27,52
-19,-27,53
-20,-25,54
-19,-23,57
-20,-21,59
-20,-21,59
-19,-24,57
-19,-25,56
-21,-23,56
-25,-21,54
-29,-17,56
-28,-16,56
-23,-16,56
-21,-17,57
-21,-20,57
-22,-22,61
-23,-22,63
-21,-23,60
-20,-23,56
-26,-22,48
-29,-25,47
-31,-28,46
-30,-29,45
-27,-27,47
-26,-25,50
-28,-21,53
-30,-21,52
-27,-22,54
-27,-23,54
-28,-23,53
-29,-24,53
-30,-25,53
-31,-24,53
-30,-23,53
-29,-21,53
-29,-20,53
-27,-19,54
-26,-19,55
-26,-20,55
-25,-20,55
-24,-21,55
-26,-20,55
-26,-21,55
-24,-20,56
-24,-21,56
-24,-21,56
-23,-21,56
-21,-21,55
-20,-21,55
-20,-21,56
-21,-21,56
-23,-21,56
-23,-20,57
-22,-19,57
-21,-20,57
-21,-20,56
-20,-20,57
-20,-20,57
-22,-20,57
-22,-20,57
-21,-20,57
-20,-20,57
-20,-21,57
-22,-21,56
-22,-21,56
-19,-21,57
-18,-20,57
-17,-20,57
-18,-20,56
-19,-21,56
-21,-21,56
-19,-22,56
-22,-22,56
-24,-22,56
-26,-21,55
-29,-21,55
-29,-20,55
-25,-20,56
-23,-20,57
-23,-19,56
-25,-20,56
-24,-19,56
-22,-20,56
-22,-20,56
-22,-19,56
-20,-19,56
-23,-20,56
-25,-20,57
-22,-20,57
-21,-20,57
-22,-19,56
-22,-19,56
-22,-20,56
-23,-20,56
-24,-20,56
-23,-20,56
-24,-20,57
-22,-19,57
-20,-19,56
-20,-20,57
-21,-19,57
-22,-19,57
-21,-20,57
-20,-19,57
-20,-19,57
-20,-19,56
-21,-20,56
-21,-20,57
-21,-20,57
-21,-20,57
-21,-20,56
-21,-20,57
-21,-20,56
-21,-20,57
-20,-20,57
-20,-20,56
-23,-20,56
-23,-21,57
-23,-21,57
-22,-19,57
-20,-19,56
-21,-21,54
-25,-21,54
-22,-23,57
-17,-22,58
-7,-21,60
-2,-19,63
-3,-19,65
-6,-16,63
-9,-13,59
-25,-9,56
-27,-6,54
-34,-1,52
-33,2,49
-31,6,41
-20,2,38
-49,-5,18
-60,-2,25
-70,-2,32
-71,-5,12
-92,-3,2
-86,2,-2
-77,0,-6
-63,1,0
-62,1,1
-64,1,7
-62,1,13
-57,0,17
-61,-1,15
-64,3,14
-67,4,12
-68,1,6
-63,5,12
-63,4,10
-62,4,13
-61,3,14
-61,3,13
-63,4,13
-65,4,12
-65,4,11
-63,4,10
-63,4,10
-66,4,9
-66,4,10
-65,2,8
-64,4,10
-63,4,9
-64,5,7
-63,5,6
-63,6,5
-64,5,4
-63,4,4
-61,2,5
-64,-1,5
-67,-5,3
-69,-6,8
-68,-7,12
-64,-11,11
-62,-13,9
-63,-13,12
-65,-12,10
-63,-12,8
-64,-11,11
-64,-10,11
-62,-12,11
-62,-13,11
-63,-14,13
-64,-15,15
-61,-15,15
-63,-14,15
-63,-14,14
-62,-13,13
-62,-12,12
-63,-14,12
-63,-14,12
-65,-15,13
-64,-14,16
-62,-13,18
-61,-12,17
-62,-8,22
-61,-8,21
-63,-5,17
-62,-3,16
-61,-1,17
-63,0,11
-62,1,11
-61,3,14
-64,4,12
-65,5,11
-62,5,13
-64,4,12
-64,5,13
-62,5,15
-62,5,15
-61,5,16
-61,5,15
-62,4,14
-63,4,15
-63,5,15
-64,5,16
-63,4,15
-63,4,16
-64,5,16
-62,3,15
-63,3,15
-63,3,17
-62,3,19
-61,3,19
-61,2,19
-62,1,18
-63,1,18
-61,0,18
-62,-2,17
-64,-1,18
-63,-3,18
-62,-4,17
-61,-7,18
-63,-7,22
-61,-7,25
-58,-9,22
-60,-8,22
-58,-6,24
-60,-6,23
-61,-6,22
-62,-7,21
-62,-8,20
-60,-8,21
-59,-9,21
-60,-9,21
-62,-9,21
-62,-9,22
-62,-9,22
-61,-9,21
-60,-9,21
-60,-8,21
-60,-8,21
-60,-7,21
-60,-8,21
-61,-7,21
-61,-8,21
-60,-7,22
-60,-7,22
-61,-7,22
-61,-7,21
-61,-7,21
-61,-7,20
-61,-7,20
-62,-6,20
-62,-7,20
-62,-7,21
-62,-7,21
-61,-7,21
-61,-7,22
-61,-7,21
-61,-7,21
-60,-7,20
-61,-7,21
-62,-7,22
-61,-7,21
-60,-7,21
-61,-7,22
-61,-7,22
-61,-7,22
-61,-7,22
-61,-7,22
-61,-7,22
-61,-7,22
-60,-7,22
-60,-7,22
-61,-7,22
-61,-7,22
-60,-7,22
-61,-7,22
-60,-6,22
-61,-7,22
-61,-6,22
-60,-6,22
-60,-7,22
-60,-7,23
-60,-7,22
-60,-7,22
-60,-7,22
-60,-7,22
-61,-7,22
-61,-7,22
-61,-6,22
-60,-6,22
-60,-7,22
-61,-6,22
-60,-6,22
-61,-6,22
-61,-6,22
-61,-6,22
-61,-6,22
-61,-6,22
-61,-6,22
-61,-6,22
-61,-6,22
-61,-6,21
-61,-6,22
-60,-6,22
-60,-4,25
-64,-7,20
-61,-6,21
-60,-6,22
-61,-6,22
-61,-6,22
-61,-6,22
-61,-6,22
-61,-6,22
-61,-6,22
-60,-6,22
-61,-6,21
-61,-6,22
-61,-6,21
-61,-6,21
-61,-6,21
-60,-6,22
-61,-6,21
-61,-6,21
-61,-6,21
-61,-5,22
-61,-6,21
-61,-6,21
-61,-6,21
-61,-6,21
-61,-6,21
-62,-6,20
-62,-6,20
-61,-6,20
-61,-6,20
-61,-7,20
-62,-7,20
-61,-8,20
-61,-8,20
-61,-8,20
-61,-8,21
-61,-8,21
-61,-8,20
-61,-8,20
-61,-8,20
-61,-8,20
-61,-8,21
-61,-8,21
-61,-8,20
-61,-8,20
-61,-8,20
-61,-8,21
-61,-9,21
-61,-8,21
-61,-8,21
-61,-8,21
-61,-8,21
-60,-8,21
-61,-8,21
-61,-8,21
-61,-7,21
-60,-7,21
-61,-8,21
-61,-7,22
-61,-8,21
-61,-8,21
-61,-7,21
-60,-8,22
-61,-8,22
-60,-8,21
-60,-8,21
-60,-8,21
-62,-8,22
-61,-9,22
-60,-9,22
-59,-9,23
-59,-8,23
-61,-8,22
-61,-8,22
-60,-8,22
-60,-8,22
-60,-8,23
-61,-9,22
-60,-9,22
-60,-9,22
-60,-8,22
-61,-8,22
-61,-8,22
-61,-9,22
-60,-9,22
-59,-9,23
-59,-8,23
-60,-9,23
-60,-8,23
-60,-8,23
-60,-8,23
-61,-8,23
-61,-8,22
-60,-8,22
-60,-8,22
-60,-8,23
-60,-8,22
-60,-8,22
-60,-8,22
-61,-8,22
-61,-8,22
-60,-8,22
-61,-8,23
-60,-8,23
-60,-8,22
-60,-8,22
-61,-8,22
-60,-8,22
-61,-8,22
-61,-7,22
-60,-8,22
-60,-8,22
-60,-8,22
-60,-8,22
-61,-7,22
-61,-7,21
-61,-7,22
-61,-7,22
-61,-8,22
-60,-8,22
-61,-7,22
-61,-7,22
-61,-7,22
-60,-7,22
-60,-7,22
-61,-7,22
-61,-7,22
-61,-7,22
-60,-7,22
-60,-7,22
-61,-7,22
-61,-7,22
-61,-7,22
-60,-7,22
-59,-7,23
-61,-6,21
-60,-6,21
-62,-6,20
-63,-7,21
-61,-9,22
-59,-10,22
-56,-9,24
-58,-8,24
-63,-5,22
-64,-5,21
-64,-6,21
-59,-10,23
-56,-11,24
-56,-11,25
-58,-10,24
-63,-8,22
-63,-8,22
-60,-9,22
-59,-9,23
-59,-9,23
-60,-9,23
-61,-9,22
-61,-8,23
-60,-9,22
-60,-9,22
-60,-10,22
-61,-9,22
-60,-10,22
-60,-9,22
-61,-10,22
-60,-9,22
-60,-9,22
-60,-10,23
-60,-10,23
-60,-10,23
-60,-10,23
-59,-10,22
-60,-10,23
-60,-10,23
-60,-10,23
-59,-10,23
-59,-10,23
-60,-10,23
-60,-10,23
-60,-10,22
-61,-10,22
-60,-10,23
-60,-10,23
-60,-10,23
-60,-10,22
-59,-9,23
-59,-9,23
-59,-10,22
-60,-9,23
-59,-10,23
-60,-9,23
-60,-9,24
-60,-9,24
-60,-9,23
-60,-8,23
-60,-8,23
-60,-8,23
-60,-9,23
-60,-9,23
-61,-9,22
-60,-9,22
-60,-9,22
-59,-9,23
-60,-9,23
-61,-9,23
-61,-9,23
-60,-9,23
-60,-9,23
-59,-8,23
-59,-9,23
-60,-9,23
-61,-9,22
-61,-8,22
-61,-8,22
-60,-8,22
-59,-9,23
-59,-8,23
-61,-8,22
-61,-8,22
-61,-8,22
-61,-8,23
-61,-8,23
-60,-8,23
-59,-7,22
-59,-7,23
-61,-6,23
-60,-7,22
-61,-7,22
-60,-8,22
-60,-8,22
-60,-8,23
-61,-8,22
-60,-8,22
-60,-7,22
-60,-8,22
-61,-8,22
-61,-8,22
-60,-7,22
-61,-8,22
-60,-9,23
-60,-9,23
-60,-8,23
-60,-8,22
-60,-8,22
-61,-8,22
-61,-8,22
-60,-8,22
-60,-8,22
-60,-8,23
-60,-8,23
-61,-8,22
-61,-8,22
-60,-9,22
-60,-9,23
-60,-9,22
-60,-9,23
-60,-9,23
-59,-9,23
-60,-8,22
-61,-9,22
-60,-9,23
-60,-9,23
-60,-9,23
-60,-9,23
-60,-9,23
-60,-9,23
-59,-9,23
-59,-9,23
-60,-9,23
-60,-9,23
-60,-9,23
-60,-9,23
-59,-9,24
-60,-9,23
-60,-9,23
-60,-9,23
-61,-9,23
-60,-10,23
-56,-11,25
-56,-10,26
-61,-7,23
-64,-6,21
-63,-7,21
-59,-10,22
-58,-11,23
-58,-13,25
-59,-11,25
-64,-9,23
-63,-8,20
-55,-8,22
-54,-10,20
-54,-11,22
-55,-10,26
-60,-8,28
-66,-7,21
-69,-8,14
-61,-10,13
-57,-11,16
-57,-13,23
-60,-13,24
-67,-12,20
-67,-11,16
-59,-11,13
-58,-12,12
-59,-15,16
-59,-17,18
-66,-15,19
-66,-13,14
-62,-13,12
-58,-13,12
-60,-15,14
-59,-16,19
-62,-16,19
-67,-17,16
-67,-16,14
-61,-15,12
-59,-15,14
-56,-17,20
-52,-19,27
-54,-18,27
-62,-17,21
-62,-16,18
-59,-16,16
-58,-16,18
-55,-18,25
-57,-18,27
-62,-18,23
-62,-16,19
-59,-15,17
-59,-15,17
-54,-18,23
-59,-18,26
-63,-18,23
-63,-15,18
-60,-15,17
-57,-16,19
-56,-16,21
-58,-16,23
-61,-16,22
-62,-16,19
-61,-16,18
-57,-17,20
-55,-18,21
-61,-18,21
-61,-16,18
-59,-16,17
-56,-18,17
-57,-18,20
-63,-16,23
-64,-16,20
-63,-17,18
-60,-16,19
-52,-15,19
-53,-14,21
-53,-19,27
-65,-18,23
-64,-17,21
-66,-14,16
-66,-12,14
-63,-9,13
-60,-8,17
-56,-9,23
-56,-9,26
-61,-9,25
-63,-10,22
-60,-12,19
-57,-14,18
-58,-11,19
-61,-12,23
-59,-15,26
-66,-12,23
-67,-11,21
-60,-11,23
-60,-12,21
-57,-11,21
-56,-11,21
-58,-10,25
-60,-9,27
-60,-10,31
-60,-10,31
-57,-12,29
-57,-12,25
-57,-12,24
-58,-11,22
-58,-10,22
-59,-10,23
-59,-10,25
-59,-11,27
-59,-11,27
-57,-13,27
-56,-14,27
-56,-14,26
-58,-13,26
-58,-13,26
-57,-13,26
-57,-13,26
-58,-13,27
-58,-14,27
-58,-13,27
-59,-13,26
-59,-13,24
-58,-13,24
-58,-14,26
-58,-13,26
-58,-13,26
-58,-12,26
-59,-12,25
-58,-12,25
-58,-11,25
-57,-11,26
-58,-11,27
-58,-11,27
-58,-11,27
-57,-12,27
-57,-12,27
-57,-13,28
-57,-12,28
-57,-12,28
-57,-12,27
-57,-12,28
-57,-12,28
-57,-12,27
-58,-12,27
-58,-12,27
-58,-12,28
-57,-12,29
-56,-12,28
-57,-12,28
-57,-12,28
-57,-12,28
-57,-12,28
-57,-12,28
-57,-12,28
-59,-11,26
-59,-11,26
-58,-11,27
-58,-11,27
-59,-10,26
-59,-10,26
-58,-10,26
-58,-10,26
-58,-11,26
-59,-11,26
-60,-10,24
-60,-10,24
-59,-10,25
-59,-10,26
-58,-10,26
-57,-11,27
-58,-11,27
-57,-11,27
-57,-11,28
-58,-9,27
-58,-9,27
-58,-8,27
-58,-8,27
-58,-8,26
-58,-8,26
-58,-8,26
-58,-9,26
-58,-9,26
-59,-9,26
-59,-9,26
-58,-10,26
-59,-10,26
-59,-11,26
-59,-11,25
-58,-11,26
-58,-11,26
-58,-12,26
-59,-11,26
-59,-11,26
-58,-11,26
-58,-11,26
-59,-11,26
-58,-11,26
-58,-11,26
-58,-11,26
-58,-12,25
-59,-11,26
-59,-11,27
-58,-11,26
-59,-11,27
-58,-10,27
-57,-10,27
-57,-10,27
-57,-11,27
-58,-11,26
-59,-11,26
-58,-12,27
-57,-12,27
-57,-12,27
-57,-12,27
-57,-11,27
-58,-11,26
-58,-11,26
-59,-10,25
-59,-10,26
-58,-11,26
-58,-11,26
-58,-11,26
-58,-11,26
-59,-11,26
-59,-11,26
-58,-11,26
-59,-11,26
-59,-10,26
-58,-10,26
-58,-10,26
-59,-10,26
-58,-10,26
-59,-10,26
-58,-10,26
-58,-10,26
-58,-10,26
-59,-10,25
-59,-10,26
-58,-10,26
-59,-10,26
-58,-10,26
-59,-10,26
-58,-10,26
-58,-10,26
-59,-10,26
-59,-10,26
-59,-10,26
-58,-10,26
-58,-10,26
-58,-10,26
-59,-10,26
-59,-10,26
-59,-10,26
-59,-10,26
-58,-10,26
-58,-10,26
-58,-10,26
-59,-10,26
-58,-10,26
-58,-10,26
-58,-10,26
-58,-10,26
-58,-10,26
-58,-10,26
-58,-10,26
-59,-9,26
-58,-10,26
-59,-9,26
-59,-10,26
-59,-9,26
-59,-9,26
-58,-10,26
-58,-10,26
-58,-10,26
-58,-10,26
-59,-10,26
-59,-10,26
-59,-10,26
-58,-10,26
-58,-10,26
-58,-10,26
-58,-10,26
-59,-10,26
-58,-10,26
-58,-10,26
-58,-10,26
-59,-11,26
-58,-10,26
-58,-10,26
-58,-10,26
-58,-10,26
-59,-10,26
-58,-10,26
-58,-10,26
-58,-10,26
-58,-10,26
-58,-10,26
-58,-10,26
-58,-10,26
-59,-10,26
-59,-10,26
-58,-10,25
-59,-10,26
-59,-10,26
-59,-11,25
-58,-11,26
-58,-11,26
-59,-11,26
-58,-11,26
-58,-11,26
-59,-11,26
-59,-10,26
-59,-10,26
-58,-10,26
-58,-10,26
-58,-11,26
-58,-11,25
-59,-11,25
-58,-11,26
-58,-11,26
-58,-11,26
-59,-11,26
-59,-11,25
-59,-10,25
-58,-11,25
-58,-11,26
-58,-11,26
-58,-10,26
-59,-10,25
-59,-10,26
-58,-10,26
-59,-10,26
-59,-10,26
-59,-10,25
-59,-10,26
-59,-10,26
-59,-10,26
-59,-10,26
-59,-10,26
-57,-10,28
-59,-10,28
-60,-10,28
-59,-8,27
-64,-7,19
-62,-8,17
-53,-10,20
-51,-10,22
-55,-10,25
-59,-10,25
-65,-12,23
-65,-13,23
-69,-11,19
-67,-9,17
-62,-11,16
-52,-11,19
-51,-11,22
-50,-13,30
-52,-14,30
-66,-15,25
-66,-14,20
-66,-14,15
-61,-14,16
-57,-15,21
-55,-15,24
-58,-17,25
-59,-16,22
-58,-16,21
-58,-16,19
-58,-17,20
-60,-19,22
-61,-19,23
-59,-20,24
-59,-20,24
-55,-20,23
-56,-19,23
-57,-19,23
-58,-19,23
-57,-19,23
-56,-19,24
-56,-19,24
-58,-19,23
-59,-19,23
-58,-19,23
-57,-19,23
-55,-20,25
-54,-20,25
-56,-20,25
-58,-20,24
-57,-19,24
-52,-18,25
-51,-18,27
-58,-20,25
-56,-21,28
-65,-21,24
-64,-20,24
-61,-16,24
-60,-14,22
-60,-11,17
-59,-8,15
-59,-6,18
-57,-6,23
-58,-6,31
-57,-10,37
-58,-11,36
-57,-10,29
-57,-9,26
-57,-8,22
-58,-8,21
-59,-8,21
-59,-8,24
-61,-7,26
-61,-6,27
-59,-7,27
-58,-8,27
-57,-9,27
-58,-9,26
-59,-9,26
-61,-8,26
-61,-8,26
-59,-8,27
-58,-8,27
-55,-9,28
-56,-10,27
-59,-10,26
-59,-10,26
-59,-9,26
-59,-9,25
-59,-9,26
-59,-9,27
-59,-9,27
-58,-9,26
-58,-9,26
-58,-9,27
-59,-8,27
-60,-7,25
-60,-7,24
-59,-6,25
-59,-6,26
-59,-6,25
-59,-6,25
-59,-6,25
-60,-5,26
-60,-6,26
-59,-5,26
-59,-5,26
-60,-4,25
-59,-5,26
-59,-4,25
-59,-5,25
-60,-5,26
-59,-5,26
-59,-6,26
-59,-6,26
-59,-6,26
-60,-6,26
-59,-6,26
-59,-7,26
-58,-7,26
-59,-7,26
-59,-7,26
-60,-7,26
-60,-7,26
-59,-7,26
-58,-7,26
-58,-7,26
-59,-7,26
-59,-6,26
-58,-7,26
-59,-7,26
-59,-7,26
-59,-7,26
-59,-6,26
-60,-6,25
-59,-7,25
-59,-7,25
-59,-7,26
-59,-7,26
-59,-7,25
-59,-7,26
-59,-7,26
-58,-7,26
-58,-7,26
-59,-7,26
-60,-7,26
-59,-7,26
-59,-7,26
-58,-7,26
-58,-7,26
-59,-7,26
-59,-7,26
-59,-7,26
-59,-7,26
-59,-7,26
-60,-7,26
-59,-7,26
-59,-7,26
-58,-7,27
-58,-7,26
-58,-7,26
-59,-7,26
-58,-7,26
-59,-6,26
-59,-7,27
-59,-7,27
-59,-7,27
-59,-7,27
-58,-7,26
-59,-7,26
-60,-7,26
-60,-7,26
-60,-7,26
-58,-7,26
-59,-7,26
-59,-8,26
-61,-8,28
-61,-7,28
-60,-6,28
-58,-6,25
-57,-7,24
-55,-8,23
-54,-7,25
-54,-6,29
-57,-7,29
-61,-7,29
-62,-7,28
-62,-6,28
-63,-6,27
-61,-6,27
-56,-5,26
-55,-6,24
-56,-6,25
-55,-7,25
-56,-7,28
-57,-8,29
-61,-7,28
-63,-7,26
-62,-7,24
-62,-7,24
-59,-6,26
-58,-6,27
-58,-6,27
-57,-6,27
-57,-7,27
-58,-7,27
-60,-6,27
-61,-5,27
-62,-5,26
-58,-6,26
-59,-6,25
-52,-9,29
-54,-8,30
-71,-10,31
-77,-16,35
-76,-17,38
-79,-19,35
-77,-20,30
-50,-16,46
-23,-12,66
-14,-5,87
-19,4,76
2,18,52
12,19,37
29,28,21
45,31,11
85,39,-6
72,46,-2
57,44,5
27,22,21
2,14,24
-60,-22,-9
-60,-52,-7
-36,-35,89
-46,-7,80
-50,24,62
-36,32,67
-32,15,80
-47,-11,74
-52,-16,68
-39,-12,60
-40,-15,56
-38,-15,48
-31,-17,48
-32,-18,46
-39,-18,48
-41,-12,47
-37,-11,47
-47,-8,43
-52,-7,39
-60,-8,32
-60,-10,30
-62,-11,30
-64,-8,24
-65,-8,20
-60,-6,20
-56,-6,21
-56,-8,24
-56,-8,24
-60,-9,24
-64,-9,22
-63,-10,22
-62,-10,22
-60,-10,22
-63,-9,19
-64,-9,19
-61,-9,20
-62,-9,19
-61,-10,19
-62,-10,19
-61,-10,19
-62,-10,20
-61,-10,20
-61,-9,20
-62,-9,21
-62,-9,21
-61,-10,21
-59,-9,21
-59,-9,21
-60,-10,22
-60,-10,22
-59,-10,22
-59,-9,22
-60,-9,22
-61,-10,22
-61,-9,22
-61,-10,22
-60,-10,22
-60,-10,21
-60,-10,21
-60,-10,21
-60,-10,20
-61,-10,21
-61,-10,20
-62,-10,20
-61,-10,21
-60,-11,20
-61,-11,20
-61,-11,21
-61,-10,21
-61,-11,21
-61,-10,21
-60,-10,21
-59,-10,20
-59,-10,20
-59,-11,21
-60,-10,21
-60,-11,21
-60,-10,21
-63,-10,18
-62,-10,18
-60,-10,18
-59,-10,18
-63,-10,14
-61,-10,14
-61,-9,13
-67,-9,8
-66,-9,8
-63,-9,9
-65,-8,7
-67,-8,6
-66,-8,5
-66,-8,6
-64,-9,8
-61,-10,11
-63,-10,11
-65,-10,11
-64,-10,12
-63,-9,12
-61,-10,17
-60,-10,19
-60,-10,19
-61,-9,18
-60,-9,19
-60,-9,20
-61,-9,20
-62,-9,19
-62,-9,18
-61,-9,19
-61,-10,19
-61,-10,18
-61,-10,18
-61,-10,18
-60,-11,18
-62,-10,17
-62,-10,17
-62,-10,17
-62,-10,17
-63,-9,16
-63,-9,15
-62,-10,16
-61,-10,16
-62,-10,16
-62,-10,16
-62,-9,16
-63,-10,16
-63,-9,16
-62,-9,16
-61,-9,16
-62,-9,15
-61,-9,16
-61,-9,16
-62,-9,14
-63,-9,13
-61,-8,14
-65,-8,11
-67,-8,7
-65,-7,8
-61,-8,9
-64,-7,8
-65,-7,7
-63,-7,8
-65,-7,7
-65,-7,7
-64,-7,7
-65,-7,6
-65,-7,5
-64,-7,5
-64,-6,4
-64,-7,5
-64,-7,5
-65,-7,4
-65,-6,4
-65,-7,4
-64,-7,5
-64,-7,4
-65,-6,4
-65,-6,2
-65,-6,1
-65,-6,1
-67,-5,0
-67,-5,0
-63,-5,0
-62,-5,1
-65,-5,0
-65,-4,-1
-64,-5,0
-64,-5,1
-65,-5,1
-67,-5,0
-65,-5,0
-61,-6,4
-63,-5,3
-65,-6,2
-66,-6,2
-65,-6,3
-64,-7,4
-65,-6,2
-65,-7,2
-65,-7,3
-64,-7,4
-64,-7,5
-64,-7,6
-65,-6,5
-65,-6,4
-64,-7,5
-64,-7,6
-63,-7,7
-64,-6,8
-65,-6,7
-66,-5,5
-65,-5,5
-64,-6,4
-65,-6,4
-64,-5,6
-64,-5,6
-64,-5,5
-65,-5,5
-65,-5,5
-66,-5,5
-66,-5,5
-66,-5,4
-66,-5,3
-66,-4,3
-66,-4,3
-65,-5,5
-63,-6,7
-63,-6,9
-64,-7,10
-64,-8,10
-64,-7,10
-63,-6,9
-64,-6,8
-65,-6,8
-65,-5,9
-65,-5,8
-63,-5,10
-64,-6,10
-64,-6,10
-64,-6,10
-63,-6,11
-63,-6,11
-64,-6,10
-64,-5,11
-64,-5,10
-65,-6,10
-64,-6,11
-62,-7,14
-63,-7,15
-65,-6,13
-64,-5,11
-61,-6,13
-63,-6,14
-64,-7,12
-63,-7,13
-62,-7,14
-63,-7,14
-66,-6,13
-63,-6,14
-64,-5,12
-66,-4,12
-64,-3,12
-63,-3,11
-66,-3,9
-62,-5,15
-60,-6,18
-61,-8,18
-63,-7,17
-64,-6,15
-63,-6,14
-62,-6,15
-63,-7,15
-62,-8,16
-63,-7,16
-63,-7,15
-63,-7,15
-62,-7,15
-63,-7,15
-62,-7,15
-62,-8,15
-63,-8,14
-63,-8,15
-64,-7,14
-64,-8,16
-61,-8,18
-62,-7,16
-64,-7,13
-63,-8,16
-60,-9,17
-62,-8,15
-65,-7,12
-63,-8,14
-60,-7,13
-67,-8,10
-67,-7,10
-59,-7,13
-61,-7,12
-66,-7,8
-66,-6,8
-65,-6,8
-63,-6,9
-65,-7,8
-66,-7,7
-66,-6,6
-62,-7,11
-62,-8,13
-63,-9,14
-64,-8,13
-64,-8,13
-63,-8,12
-62,-8,12
-61,-8,13
-61,-8,13
-62,-8,14
-63,-8,13
-63,-8,13
-64,-7,12
-62,-8,13
-64,-8,13
-63,-8,14
-63,-8,14
-63,-8,13
-63,-9,14
-63,-9,14
-62,-9,16
-62,-10,16
-62,-10,16
-63,-10,15
-62,-10,15
-62,-10,15
-62,-10,16
-62,-10,15
-63,-10,16
-63,-9,16
-62,-9,16
-62,-9,15
-62,-9,16
-62,-9,16
-62,-9,16
-62,-9,16
-62,-10,16
-62,-10,16
-62,-9,16
-62,-9,16
-63,-9,16
-63,-9,15
-63,-9,16
-62,-10,16
-62,-9,16
-62,-10,16
-62,-9,16
-62,-10,16
-62,-10,16
-63,-10,16
-63,-10,16
-62,-10,16
-62,-10,16
-62,-10,16
-62,-10,16
-62,-10,16
-62,-10,16
-63,-10,16
-62,-10,16
-62,-10,15
-62,-11,16
-62,-11,16
-62,-11,16
-62,-10,16
-62,-11,16
-62,-11,16
-62,-10,16
-62,-11,16
-62,-10,16
-62,-10,16
-62,-10,16
-62,-11,16
-62,-10,16
-62,-10,16
-63,-11,16
-62,-10,16
-62,-10,16
-62,-11,16
-62,-10,16
-62,-10,16
-63,-10,16
-63,-10,16
-63,-10,15
-62,-10,16
-62,-11,16
-62,-10,16
-63,-10,16
-63,-10,16
-62,-10,16
-62,-10,16
-62,-10,16
-62,-10,16
-62,-10,16
-63,-9,16
-62,-9,16
-61,-10,16
-61,-9,16
-62,-9,16
-62,-8,16
-61,-8,16
-61,-8,16
-61,-9,16
-61,-10,16
-62,-11,16
-62,-11,15
-62,-12,14
-63,-13,13
-62,-14,13
-64,-15,13
-64,-15,13
-63,-15,14
-64,-15,14
-64,-14,14
-62,-14,14
-61,-14,15
-61,-12,15
-61,-12,14
-62,-11,14
-62,-11,14
-62,-12,14
-62,-12,14
-62,-13,14
-62,-13,15
-63,-13,15
-63,-13,14
-63,-12,14
-63,-13,13
-63,-13,13
-62,-14,15
-61,-13,15
-61,-13,15
-62,-13,15
-61,-13,15
-60,-13,16
-61,-13,16
-62,-13,15
-62,-13,15
-62,-13,15
-62,-12,15
-64,-12,13
-64,-12,12
-64,-13,12
-63,-13,12
-63,-15,14
-62,-15,14
-62,-14,16
-62,-13,16
-61,-12,17
-60,-11,16
-60,-10,16
-61,-8,14
-62,-8,13
-64,-8,11
-65,-9,12
-70,-11,9
-67,-11,9
-61,-8,8
-61,-8,9
-62,-8,8
-65,-8,7
-66,-8,9
-64,-9,11
-62,-10,13
-62,-9,14
-62,-9,15
-65,-10,12
-65,-13,13
-62,-14,17
-58,-13,18
-57,-12,18
-58,-12,17
-64,-10,15
-63,-11,14
-64,-12,16
-60,-13,17
-60,-12,17
-63,-12,15
-63,-11,15
-64,-11,14
-63,-10,14
-62,-10,14
-61,-11,14
-63,-11,14
-63,-11,14
-63,-12,15
-62,-12,15
-62,-12,15
-62,-12,15
-62,-11,15
-62,-12,15
-62,-12,15
-62,-12,16
-61,-12,15
-61,-12,15
-62,-11,15
-62,-12,15
-62,-12,15
-62,-13,16
-61,-13,16
-62,-13,15
-62,-13,15
-63,-13,14
-61,-13,15
-61,-13,15
-62,-13,15
-62,-13,15
-62,-13,15
-61,-13,15
-63,-12,13
-63,-12,14
-62,-12,16
-62,-12,16
-61,-12,16
-61,-12,16
-62,-12,16
-62,-12,15
-62,-12,15
-62,-12,15
-62,-12,15
-62,-12,15
-63,-12,15
-62,-12,16
-62,-12,15
-61,-12,16
-62,-12,16
-62,-12,16
-62,-13,17
-62,-13,17
-61,-13,17
-61,-13,17
-61,-12,17
-62,-13,17
-61,-12,17
-61,-12,17
-61,-12,18
-61,-12,17
-62,-12,17
-61,-12,17
-61,-12,18
-61,-12,17
-61,-12,18
-61,-12,17
-62,-12,17
-61,-12,18
-61,-12,18
-61,-12,18
-61,-12,17
-62,-12,17
-62,-12,17
-61,-12,17
-61,-12,17
-61,-12,17
-62,-12,18
-62,-12,17
-61,-12,17
-61,-12,18
-61,-12,17
-62,-12,17
-62,-12,17
-62,-12,17
-62,-12,17
-62,-11,17
-62,-12,17
-62,-12,17
-62,-12,17
-62,-11,17
-62,-11,17
-61,-12,17
-62,-12,17
-61,-12,17
-61,-11,17
-61,-11,17
-62,-11,17
-62,-12,17
-61,-12,17
-61,-12,17
-61,-11,17
-61,-12,17
-62,-11,17
-62,-11,17
-61,-11,17
-61,-11,17
-62,-12,17
-61,-11,17
-62,-11,17
-62,-11,17
-62,-11,17
-62,-11,17
-62,-11,17
-62,-12,17
-62,-11,17
-61,-12,17
-61,-12,17
-62,-12,17
-62,-12,17
-62,-11,17
-62,-12,17
-62,-12,17
-62,-12,17
-61,-12,17
-61,-12,18
-61,-12,18
-62,-12,17
-62,-12,17
-62,-12,17
-62,-12,17
-61,-12,17
-62,-12,17
-61,-12,17
-61,-12,17
-61,-13,17
-61,-13,17
-61,-13,17
-61,-13,17
-61,-12,17
-61,-12,17
-61,-13,17
-62,-13,17
-62,-12,16
-62,-12,17
-62,-12,17
-62,-13,17
-61,-12,17
-61,-12,17
-61,-12,17
-60,-12,17
-62,-11,18
-63,-12,17
-61,-12,17
-61,-12,16
-62,-12,17
-62,-12,16
-62,-12,16
-62,-12,17
-62,-11,16
-62,-12,16
-62,-12,16
-62,-12,16
-61,-12,16
-61,-12,16
-61,-12,16
-62,-12,16
-63,-12,17
-62,-13,16
-61,-13,17
-61,-13,17
-62,-13,16
-62,-13,16
-62,-12,16
-61,-12,17
-62,-13,17
-61,-12,17
-62,-12,16
-62,-12,16
-61,-12,17
-61,-12,17
-62,-12,17
-62,-12,17
-61,-12,17
-62,-12,17
-60,-12,17
-61,-12,17
-63,-11,16
-62,-11,17
-62,-11,17
-61,-11,17
-61,-12,17
-62,-12,17
-62,-12,17
-62,-11,17
-63,-12,17
-61,-11,17
-61,-11,18
-61,-11,18
-61,-11,18
-61,-11,19
-62,-11,18
-61,-11,18
-61,-11,19
-61,-11,20
-61,-11,20
-61,-10,19
-61,-11,19
-61,-11,20
-61,-10,18
-62,-10,18
-62,-10,18
-62,-10,18
-61,-10,18
-62,-10,18
-62,-10,19
-61,-11,18
-62,-10,17
-62,-10,18
-62,-10,18
-62,-10,17
-63,-9,16
-62,-9,17
-62,-10,17
-61,-10,17
-62,-10,17
-62,-10,17
-62,-10,17
-62,-10,17
-62,-10,17
-62,-10,17
-62,-10,17
-62,-10,17
-61,-10,17
-62,-10,17
-62,-10,17
-62,-11,16
-62,-10,16
-62,-10,16
-62,-11,16
-62,-11,16
-62,-11,17
-61,-11,17
-61,-11,17
-62,-11,16
-62,-11,16
-62,-11,16
-62,-11,16
-62,-12,16
-61,-12,16
-62,-12,16
-61,-12,16
-61,-12,16
-62,-11,16
-62,-12,16
-62,-11,16
-62,-11,16
-62,-11,16
-62,-11,16
-62,-11,16
-62,-11,16
-62,-11,16
-62,-11,16
-62,-11,16
-62,-11,16
-62,-11,16
-62,-11,16
-62,-11,16
-63,-10,15
-62,-11,15
-63,-10,15
-62,-10,15
-62,-11,16
-62,-11,16
-62,-11,15
-62,-10,16
-62,-10,16
-62,-11,16
-62,-11,16
-62,-11,16
-62,-10,16
-62,-11,16
-62,-10,15
-62,-11,16
-62,-10,16
-62,-11,15
-63,-10,15
-62,-10,15
-61,-11,16
-62,-10,16
-62,-11,16
-62,-11,17
-63,-11,16
-63,-11,15
-62,-11,15
-62,-11,16
-60,-11,17
-60,-11,17
-62,-10,17
-63,-10,16
-66,-10,15
-65,-10,15
-63,-11,15
-58,-13,17
-57,-13,18
-59,-13,17
-61,-13,17
-64,-10,16
-64,-10,16
-61,-12,18
-59,-12,19
-60,-12,18
-62,-11,18
-62,-10,18
-61,-11,17
-60,-12,17
-59,-12,18
-60,-12,18
-64,-13,17
-64,-13,17
-62,-13,17
-62,-13,17
-62,-13,17
-62,-13,16
-62,-13,16
-62,-13,17
-61,-13,17
-61,-13,17
-61,-13,17
-61,-13,17
-61,-13,17
-61,-13,17
-61,-13,17
-60,-13,18
-60,-13,18
-61,-13,18
-61,-13,18
-61,-13,18
-61,-13,17
-61,-13,17
-62,-13,17
-61,-13,17
-61,-12,16
-62,-13,16
-62,-13,16
-62,-13,16
-61,-13,16
-61,-13,16
-62,-12,15
-62,-12,16
-62,-12,16
-62,-12,16
-62,-12,16
-62,-13,16
-62,-12,16
-62,-13,17
-62,-12,16
-61,-13,16
-62,-12,15
-62,-12,16
-62,-12,16
-62,-12,16
-62,-12,16
-61,-12,16
-62,-12,16
-62,-12,16
-62,-12,15
-62,-12,16
-62,-12,16
-62,-12,16
-62,-12,15
-62,-12,15
-62,-12,15
-62,-12,16
-61,-12,16
-62,-12,17
-63,-12,16
-62,-12,15
-62,-11,15
-62,-12,16
-61,-13,16
-62,-12,16
-62,-12,16
-61,-12,17
-62,-13,17
-61,-12,17
-61,-12,16
-61,-12,16
-62,-12,16
-62,-12,17
-62,-12,16
-61,-12,17
-62,-11,18
-61,-11,19
-61,-11,18
-62,-10,17
-62,-10,18
-61,-10,19
-61,-10,19
-60,-10,19
-62,-11,19
-62,-11,19
-62,-11,19
-60,-11,18
-61,-11,18
-62,-10,17
-62,-10,16
-63,-10,16
-62,-10,16
-62,-11,17
-62,-11,17
-62,-11,17
-62,-11,17
-62,-11,17
-62,-11,17
-62,-11,16
-61,-11,17
-62,-11,17
-62,-11,16
-62,-11,17
-62,-11,17
-62,-11,17
-61,-11,17
-62,-11,17
-62,-10,16
-62,-11,16
-62,-11,16
-61,-11,17
-62,-11,16
-62,-11,16
-63,-11,16
-62,-11,16
-62,-11,16
-61,-11,16
-61,-11,16
-62,-11,16
-62,-11,16
-62,-11,16
-62,-11,16
-62,-11,16
-61,-11,17
-62,-11,17
-62,-11,16
-62,-11,16
-62,-11,16
-62,-11,16
-62,-11,16
-62,-11,16
-63,-11,16
-62,-11,16
-62,-11,15
-62,-11,16
-62,-11,16
-63,-11,16
-63,-11,16
-62,-10,16
-62,-10,16
-62,-10,16
-62,-10,16
-61,-10,17
-61,-10,17
-63,-10,16
-63,-10,16
-62,-10,16
-62,-10,17
-62,-10,17
-62,-10,16
-62,-9,16
-62,-10,16
-62,-10,16
-63,-10,16
-63,-10,16
-62,-10,16
-62,-10,16
-62,-11,15
-62,-11,14
-63,-11,15
-62,-12,15
-62,-12,15
-62,-11,15
-62,-11,15
-63,-11,15
-63,-11,15
-62,-11,15
-62,-11,15
-62,-11,15
-63,-11,15
-62,-11,15
-62,-11,15
-62,-11,15
-62,-11,15
-62,-11,15
-62,-11,15
-62,-11,15
-63,-11,15
-62,-11,15
-62,-11,16
-63,-11,15
-62,-11,15
-62,-11,15
-62,-11,15
-62,-11,16
-62,-11,15
-63,-11,15
-62,-11,15
-62,-12,15
-62,-12,16
-62,-12,16
-62,-12,16
-62,-12,16
-62,-12,15
-62,-12,16
-62,-13,16
-61,-12,16
-61,-12,16
-61,-12,16
-61,-13,17
-61,-13,17
-61,-13,17
-61,-13,17
-61,-13,18
-60,-13,17
-61,-14,18
-61,-13,17
-61,-13,17
-61,-13,17
-62,-14,17
-62,-13,17
-61,-13,17
-61,-14,17
-62,-13,17
-62,-13,18
-62,-13,18
-62,-13,18
-61,-13,18
-61,-13,18
-62,-13,17
-62,-11,17
-61,-11,16
-61,-11,16
-61,-11,16
-62,-11,16
-62,-10,16
-62,-11,16
-62,-10,16
-62,-10,16
-63,-10,16
-62,-10,16
-61,-10,17
-62,-10,17
-62,-10,16
-63,-9,15
-63,-9,15
-62,-10,15
-62,-10,15
-62,-11,15
-61,-11,16
-62,-11,16
-63,-10,15
-65,-9,15
-65,-9,16
-62,-9,17
-61,-9,17
-60,-9,17
-61,-8,17
-62,-8,17
-61,-9,16
-61,-9,15
-62,-10,14
-64,-10,13
-66,-10,15
-66,-10,16
-64,-10,16
-61,-9,15
-59,-9,14
-63,-9,14
-64,-9,15
-65,-9,16
-65,-9,16
-61,-9,16
-59,-9,15
-59,-9,14
-61,-9,15
-67,-9,16
-65,-9,17
-62,-9,16
-60,-9,16
-58,-9,15
-63,-9,14
-65,-9,14
-66,-10,16
-65,-9,17
-60,-9,16
-59,-9,15
-59,-9,13
-61,-10,13
-66,-10,15
-66,-10,17
-63,-10,18
-61,-10,17
-59,-10,14
-61,-10,13
-64,-10,14
-66,-11,17
-65,-11,18
-61,-10,17
-60,-10,15
-59,-9,13
-61,-10,13
-65,-11,16
-65,-11,17
-63,-11,18
-61,-10,15
-59,-10,14
-61,-10,13
-63,-10,14
-65,-11,17
-65,-11,18
-62,-11,17
-60,-10,15
-59,-10,14
-60,-10,14
-65,-10,15
-66,-11,16
-64,-11,19
-59,-11,17
-59,-10,15
-62,-11,12
-63,-11,13
-62,-13,17
-59,-12,19
-58,-12,20
-61,-10,18
-63,-8,13
-65,-8,12
-63,-10,15
-61,-11,18
-62,-11,19
-64,-9,15
-63,-9,13
-57,-10,14
-57,-11,15
-65,-12,16
-68,-11,16
-66,-10,16
-62,-10,16
-58,-10,15
-59,-10,14
-65,-9,14
-66,-9,15
-65,-11,17
-60,-11,18
-59,-11,17
-59,-10,15
-60,-10,14
-63,-10,15
-64,-11,16
-64,-12,18
-63,-12,18
-60,-11,16
-60,-11,15
-60,-11,14
-62,-11,14
-65,-12,17
-63,-12,18
-61,-12,17
-59,-11,15
-59,-11,14
-63,-10,14
-65,-10,14
-64,-11,16
-65,-11,17
-60,-11,17
-60,-11,16
-60,-10,14
-62,-11,15
-64,-11,16
-64,-11,16
-63,-11,15
-61,-11,15
-61,-11,15
-61,-11,16
-62,-11,16
-63,-11,16
-63,-11,16
-62,-11,15
-61,-11,15
-62,-11,15
-63,-11,15
-62,-11,16
-62,-11,16
-62,-11,16
-63,-11,15
-63,-11,15
-62,-10,15
-62,-11,16
-62,-11,16
-62,-11,16
-62,-11,16
-62,-11,16
-63,-11,15
-63,-11,15
-62,-11,15
-62,-11,16
-62,-11,16
-62,-11,16
-62,-11,16
-62,-11,15
-62,-11,15
-62,-11,15
-62,-11,16
-62,-11,16
-62,-11,16
-62,-11,16
-62,-11,16
-62,-10,16
-63,-11,16
-63,-11,15
-62,-11,16
-62,-11,16
-62,-11,16
-61,-11,16
-60,-11,16
-63,-11,16
-63,-11,16
-63,-11,16
-62,-11,16
-61,-11,17
-61,-11,17
-62,-11,17
-62,-11,17
-62,-11,16
-62,-11,17
-62,-11,16
-61,-11,16
-60,-11,17
-62,-11,18
-61,-11,18
-61,-11,18
-61,-11,18
-61,-11,18
-61,-11,17
-61,-11,18
-61,-11,18
-61,-12,17
-62,-12,17
-62,-12,18
-61,-12,18
-62,-12,16
-62,-11,16
-62,-12,15
-62,-11,16
-62,-11,17
-61,-11,17
-63,-11,16
-62,-12,17
-62,-12,17
-63,-10,17
-63,-9,17
-62,-9,15
-61,-10,14
-59,-11,15
-58,-12,16
-59,-11,18
-65,-11,16
-65,-11,16
-66,-11,15
-64,-11,16
-60,-12,18
-59,-12,18
-59,-11,18
-60,-10,16
-62,-10,16
-63,-11,17
-61,-12,18
-62,-12,18
-61,-12,17
-62,-11,15
-62,-10,15
-62,-12,15
-62,-12,17
-61,-13,18
-61,-12,18
-61,-11,17
-61,-11,16
-62,-10,15
-63,-11,15
-62,-12,17
-62,-12,19
-62,-13,19
-63,-11,17
-62,-11,16
-60,-11,15
-61,-11,15
-61,-11,18
-62,-11,18
-62,-11,22
-61,-11,22
-59,-9,22
-59,-9,21
-58,-8,19
-59,-8,21
-59,-9,22
-62,-10,23
-62,-10,23
-63,-11,22
-62,-11,21
-58,-10,20
-58,-10,19
-60,-9,18
-60,-9,18
-64,-8,20
-65,-7,19
-64,-7,18
-61,-7,16
-59,-7,16
-60,-6,16
-62,-6,16
-65,-7,18
-65,-7,19
-63,-8,18
-61,-9,17
-59,-8,16
-60,-7,15
-63,-7,16
-65,-7,18
-65,-8,19
-62,-9,18
-60,-9,17
-59,-8,16
-60,-8,17
-63,-8,17
-64,-8,18
-64,-9,19
-63,-8,19
-60,-8,17
-60,-8,16
-61,-7,16
-63,-7,17
-64,-7,18
-65,-7,18
-63,-8,18
-60,-8,17
-60,-8,16
-61,-7,15
-62,-8,15
-64,-8,18
-64,-8,18
-64,-8,17
-62,-8,17
-61,-7,16
-61,-8,16
-61,-8,17
-62,-9,17
-63,-9,17
-62,-9,17
-63,-9,17
-62,-9,17
-62,-9,17
-61,-9,17
-62,-9,17
-61,-9,17
-61,-9,17
-62,-9,17
-62,-8,17
-62,-8,17
-62,-8,17
-63,-8,16
-62,-8,16
-62,-8,17
-62,-8,17
-62,-8,17
-62,-8,17
-62,-8,17
-62,-8,16
-62,-8,17
-62,-8,17
-62,-8,17
-62,-8,17
-62,-8,17
-62,-8,17
-62,-8,17
-62,-7,17
-62,-7,17
-62,-8,17
-62,-8,17
-63,-8,17
-62,-8,17
-62,-8,17
-62,-8,17
-62,-8,17
-62,-8,17
-61,-8,18
-61,-8,18
-61,-7,17
-62,-7,17
-63,-6,16
-63,-6,16
-62,-7,17
-62,-8,18
-62,-8,18
-62,-8,18
-61,-8,18
-62,-8,17
-62,-7,17
-62,-8,16
-63,-7,16
-63,-8,16
-62,-8,17
-63,-8,17
-63,-8,17
-63,-9,16
-62,-9,17
-62,-9,17
-62,-8,16
-62,-8,16
-62,-8,17
-62,-8,17
-62,-8,17
-62,-8,17
-62,-8,17
-62,-9,17
-62,-9,17
-62,-9,17
-62,-9,17
-62,-9,17
-63,-9,17
-62,-9,17
-62,-9,17
-62,-9,17
-62,-9,17
-62,-9,17
-62,-9,17
-62,-9,17
-62,-9,17
-62,-9,17
-62,-9,17
-62,-9,17
-62,-9,17
-62,-9,17
-62,-9,17
-62,-9,17
-62,-9,17
-62,-9,17
-62,-8,17
-62,-9,17
-62,-8,17
-62,-8,17
-62,-8,17
-62,-8,17
-63,-8,17
-64,-9,19
-65,-8,15
-64,-8,12
-63,-9,13
-59,-10,16
-57,-9,18
-60,-8,20
-64,-8,18
-67,-7,16
-67,-7,15
-62,-8,15
-59,-9,17
-59,-8,18
-63,-8,17
-64,-8,16
-64,-8,15
-62,-8,16
-62,-9,16
-63,-9,16
-63,-8,16
-63,-8,16
-62,-8,16
-62,-8,16
-62,-8,16
-63,-8,16
-63,-8,16
-63,-8,16
-62,-8,16
-62,-8,16
-62,-8,16
-62,-8,17
-62,-8,17
-63,-8,16
-63,-8,16
-63,-8,15
-62,-8,16
-62,-8,16
-62,-8,16
-62,-8,16
-63,-8,16
-62,-8,16
-63,-9,16
-62,-8,16
-62,-8,16
-62,-8,16
-62,-9,16
-62,-9,16
-62,-9,16
-63,-9,16
-63,-8,16
-62,-9,16
-62,-9,16
-62,-10,17
-62,-10,17
-62,-10,17
-62,-10,17
-61,-11,17
-61,-11,17
-61,-12,17
-61,-12,17
-60,-13,19
-61,-13,19
-62,-12,18
-62,-11,17
-62,-11,17
-61,-12,17
-61,-12,17
-61,-12,18
-61,-12,18
-61,-12,17
-62,-12,17
-62,-12,17
-62,-12,17
-62,-11,17
-61,-11,17
-62,-11,17
-62,-12,17
-61,-12,17
-62,-11,17
-62,-11,17
-62,-11,16
-62,-11,17
-63,-11,17
-62,-12,17
-61,-12,18
-61,-12,18
-61,-11,18
-63,-11,17
-62,-11,17
-61,-11,17
-62,-11,17
-60,-12,18
-60,-12,18
-62,-12,18
-62,-11,18
-62,-11,17
-61,-11,17
-61,-11,18
-60,-12,19
-61,-12,19
-61,-12,19
-60,-12,20
-60,-12,20
-60,-12,19
-61,-12,19
-60,-12,19
-61,-12,19
-62,-12,19
-62,-12,19
-62,-12,20
-60,-13,20
-60,-13,20
-60,-13,19
-60,-12,19
-60,-13,20
-60,-14,19
-60,-13,19
-60,-14,19
-60,-14,19
-60,-14,19
-60,-14,19
-60,-15,20
-60,-15,20
-60,-14,20
-61,-14,20
-61,-14,20
-60,-14,20
-60,-14,20
-61,-14,20
-61,-14,20
-61,-13,19
-60,-13,19
-60,-13,19
-60,-13,19
-61,-13,19
-60,-12,19
-61,-13,19
-61,-13,19
-61,-13,19
-60,-13,19
-60,-12,19
-60,-12,19
-61,-12,19
-61,-12,19
-61,-12,19
-61,-12,18
-61,-11,19
-61,-11,18
-61,-11,18
-61,-11,18
-62,-12,18
-61,-12,18
-61,-12,18
-62,-11,18
-62,-11,18
-61,-11,18
-61,-12,18
-61,-11,18
-62,-11,18
-62,-11,17
-62,-11,18
-61,-12,18
-60,-12,18
-60,-11,18
-61,-11,17
-60,-10,18
-61,-10,17
-63,-12,15
-61,-12,16
-62,-13,17
-62,-13,16
-63,-12,17
-63,-12,16
-62,-12,16
-63,-12,16
-63,-13,15
-61,-12,16
-61,-12,16
-62,-12,16
-61,-13,16
-61,-13,17
-61,-14,18
-61,-14,17
-61,-14,18
-61,-14,17
-61,-14,17
-61,-14,18
-60,-13,18
-61,-13,18
-61,-13,17
-61,-13,17
-61,-13,18
-61,-13,18
-61,-13,19
-61,-13,18
-62,-13,18
-62,-13,18
-61,-12,17
-61,-12,17
-60,-13,18
-60,-13,20
-60,-13,19
-61,-13,18
-61,-12,18
-63,-12,17
-63,-13,17
-61,-13,17
-61,-12,17
-61,-12,17
-61,-12,16
-62,-11,16
-63,-11,16
-62,-11,17
-61,-12,17
-61,-12,17
-62,-11,18
-62,-11,17
-62,-11,17
-62,-11,17
-62,-10,16
-61,-10,17
-61,-11,18
-61,-11,18
-62,-11,18
-62,-11,17
-62,-11,17
-62,-11,16
-62,-11,16
-61,-11,17
-62,-11,17
-61,-12,19
-61,-12,18
-62,-12,18
-61,-12,18
-60,-12,18
-60,-11,18
-61,-12,18
-62,-12,18
-62,-12,17
-61,-13,18
-62,-13,17
-60,-13,18
-59,-14,20
-61,-13,19
-62,-13,18
-61,-13,18
-62,-13,18
-61,-13,18
-60,-13,19
-59,-13,21
-59,-13,21
-61,-13,20
-61,-12,20
-61,-13,20
-60,-14,21
-60,-14,21
-61,-14,20
-61,-14,20
-60,-13,19
-60,-13,19
-60,-12,19
-61,-12,18
-62,-11,19
-62,-12,19
-62,-12,20
-60,-12,20
-60,-11,20
-62,-11,19
-63,-11,19
-68,-14,19
-71,-17,21
-80,-26,23
-77,-30,17
-77,-37,8
-62,-29,22
-49,-25,31
-26,-29,50
-28,-24,49
-21,-10,44
-23,-3,44
-18,1,49
-18,-6,53
-9,-1,57
-12,-3,59
-13,3,71
-11,6,66
-16,4,58
-23,-6,58
-10,-6,68
5,-4,64
-2,-17,65
-9,-6,69
-18,-14,76
-24,-29,64
-16,-27,66
-18,-22,48
-12,-21,54
-24,-8,37
0,-6,44
-42,-16,39
-32,-8,33
-9,-25,54
-1,-32,50
-30,-20,41
-41,-27,66
-27,-24,73
-29,-8,73
-12,-9,65
1,-20,59
-9,-24,60
3,-14,72
2,-13,59
-3,-12,60
10,-19,61
12,-19,61
15,-14,62
35,-14,52
9,-18,53
20,-18,59
18,-26,50
14,-30,48
15,-31,56
18,-30,58
27,-33,43
2,-29,78
-4,-17,74
12,-15,60
2,-11,64
5,-14,70
10,-13,71
2,-12,70
5,-12,71
11,-15,71
7,-17,72
8,-12,74
11,-9,74
21,-4,66
25,3,73
27,0,67
13,4,71
2,5,68
-2,14,50
-2,20,40
22,29,32
0,34,28
-10,35,14
-15,39,4
-14,47,1
-26,42,-3
-36,41,2
-50,36,-1
-54,31,-8
-67,21,-21
-72,17,-23
-72,9,-26
-71,6,-31
-69,3,-27
-75,5,-27
-63,-3,-31
-68,-4,-29
-79,-1,-10
-78,4,-14
-69,4,-17
-58,4,-19
-54,4,-17
-61,1,-10
-70,-1,-14
-67,-2,-18
-59,-4,-7
-64,-9,1
-65,-14,11
-69,-8,-3
-77,-6,-9
-75,-4,-4
-69,-3,-1
-67,-1,0
-68,-1,3
-66,-2,3
-63,-4,6
-63,-3,6
-63,-5,6
-64,-5,5
-65,-6,5
-67,-7,2
-66,-8,1
-67,-9,4
-67,-7,5
-63,-4,9
-60,-4,11
-60,-3,13
-63,-3,13
-62,4,16
-62,3,17
-63,3,16
-63,3,16
-63,0,17
-62,-2,16
-64,-1,15
-65,-2,19
-63,-3,20
-65,0,21
-62,1,23
-59,0,26
-57,1,25
-55,-2,26
-56,-2,27
-58,-2,27
-58,-1,28
-59,-2,28
-58,-4,30
-56,-6,31
-51,-7,32
-50,-7,31
-52,-8,30
-59,-7,28
-71,7,14
-72,8,14
-68,3,20
-62,2,23
-61,1,28
-62,0,28
-59,2,31
-58,2,30
-60,3,26
-60,3,25
-59,5,25
-59,6,22
-58,6,22
-57,7,23
-59,8,22
-58,10,23
-60,8,22
-58,6,23
-61,6,21
-59,5,22
-59,4,23
-58,5,24
-59,5,22
-64,4,19
-60,5,19
-57,5,19
-59,4,17
-62,4,16
-66,5,16
-67,6,17
-68,5,18
-66,6,17
-68,8,17
-62,8,16
-61,7,13
-60,5,14
-59,5,14
-59,5,15
-60,5,16
-63,5,17
-65,5,17
-66,3,18
-64,4,17
-64,6,15
-65,7,14
-68,7,12
-62,6,16
-65,6,16
-63,6,20
-59,3,22
-57,4,22
-58,1,20
-56,-3,22
-57,-3,24
-60,-4,25
-60,-3,24
-62,0,22
-62,0,21
-59,0,19
-63,2,17
-66,3,17
-66,3,17
-65,3,15
-65,5,14
-64,5,13
-64,6,13
-64,5,14
-63,3,14
-63,4,15
-62,3,15
-61,3,14
-62,3,14
-62,4,14
-63,4,14
-64,4,14
-64,5,14
-64,4,14
-64,4,14
-64,4,14
-63,4,14
-64,3,14
-64,3,14
-62,3,14
-64,3,15
-64,3,15
-64,2,15
-64,3,15
-63,2,16
-63,2,16
-63,1,16
-63,2,15
-62,1,17
-62,1,17
-62,1,17
-63,0,17
-63,1,17
-63,1,17
-62,1,17
-62,1,18
-62,1,18
-62,1,18
-62,1,18
-62,1,18
-63,1,18
-63,1,18
-63,1,17
-62,1,18
-63,1,17
-62,1,18
-62,1,18
-62,1,18
-62,1,18
-63,2,17
-62,1,18
-62,1,18
-62,1,17
-62,1,18
-63,1,18
-62,1,18
-62,2,18
-62,2,18
-62,1,19
-62,1,18
-62,2,18
-62,2,18
-63,1,18
-62,2,19
-62,2,19
-62,2,18
-62,2,18
-62,2,19
-62,2,19
-62,2,19
-62,2,18
-62,2,19
-62,2,19
-61,2,18
-63,2,17
-63,2,17
-63,2,17
-63,2,17
-62,2,19
-62,1,19
-62,2,18
-63,2,18
-62,2,18
-63,2,18
-62,2,18
-62,1,18
-62,1,18
-62,2,18
-62,2,18
-62,2,18
-62,2,18
-63,2,18
-62,2,18
-62,2,19
-62,2,18
-62,2,18
-63,1,18
-63,2,18
-62,2,18
-62,1,18
-62,2,18
-62,2,18
-63,2,18
-62,2,18
-62,2,18
-62,2,18
-62,2,18
-62,2,18
-62,2,18
-62,1,18
-62,2,19
-62,2,19
-62,2,18
-62,2,18
-62,2,19
-62,2,19
-62,2,18
-62,2,19
-62,2,19
-62,2,19
-62,2,19
-62,2,19
-62,1,19
-62,1,19
-62,1,20
-62,2,19
-62,2,19
-62,1,19
-62,1,19
-62,1,19
-62,2,20
-62,1,20
-62,1,20
-62,1,20
-62,1,20
-62,1,20
-62,1,20
-62,1,20
-62,1,20
-62,1,20
-62,1,20
-61,1,20
-61,1,20
-61,1,20
-62,1,20
-62,1,19
-62,1,19
-62,1,20
-62,2,19
-62,1,19
-62,2,19
-62,2,19
-62,1,19
-62,2,19
-62,1,19
-62,1,20
-61,1,19
-62,1,19
-62,2,18
-63,2,17
-63,2,17
-63,2,17
-63,1,17
-63,2,17
-63,2,17
-63,1,17
-62,1,18
-63,1,17
-63,1,17
-62,1,17
-62,1,18
-62,1,18
-63,1,18
-63,2,18
-63,1,18
-62,1,18
-63,1,18
-62,1,18
-63,2,18
-62,1,18
-62,1,18
-62,1,18
-62,1,18
-62,1,19
-62,0,19
-62,0,19
-62,0,18
-62,0,19
-62,0,19
-62,0,19
-61,0,19
-62,0,19
-62,0,19
-62,0,19
-62,0,19
-62,0,18
-62,1,18
-62,0,18
-62,1,18
-62,1,18
-63,1,18
-63,1,18
-63,1,18
-62,1,18
-63,1,17
-63,1,17
-63,1,17
-63,1,17
-63,1,17
-62,1,18
-62,1,17
-64,1,16
-63,1,17
-63,1,17
-62,2,17
-63,2,16
-63,2,16
-63,2,16
-63,1,16
-63,2,17
-64,2,15
-63,2,16
-63,2,16
-63,2,16
-63,2,16
-63,2,16
-63,2,16
-63,2,16
-63,2,16
-63,2,16
-63,2,16
-63,2,16
-63,2,16
-63,2,16
-63,2,16
-63,2,16
-63,2,16
-63,2,16
-62,2,16
-64,2,15
-63,2,15
-62,2,16
-63,2,16
-63,2,16
-63,2,16
-63,2,16
-63,2,15
-63,2,16
-63,2,16
-64,2,15
-63,2,16
-63,2,16
-63,2,16
-63,2,16
-63,1,16
-63,1,17
-62,2,16
-63,2,16
-63,1,16
-63,1,16
-63,2,16
-62,2,17
-63,2,16
-63,2,16
-63,1,16
-63,2,16
-63,1,16
-63,1,17
-63,1,16
-63,2,16
-63,1,16
-63,2,16
-63,2,17
-63,2,16
-63,2,17
-63,2,16
-63,2,16
-63,2,17
-63,1,17
-62,1,17
-62,1,17
-63,1,17
-63,2,17
-63,2,17
-62,1,17
-62,1,17
-62,2,17
-62,1,17
-62,1,17
-63,1,17
-63,1,17
-62,1,17
-62,1,17
-61,1,17
-61,1,16
-65,1,17
-64,1,17
-62,2,17
-64,2,16
-64,2,16
-63,2,16
-63,2,16
-63,2,16
-63,2,16
-63,2,15
-62,1,16
-64,2,15
-63,1,15
-63,1,15
-63,1,16
-63,1,16
-63,1,16
-64,1,16
-63,1,17
-63,1,17
-63,0,17
-62,0,17
-62,0,18
-62,0,18
-61,0,18
-61,0,18
-61,0,18
-62,0,18
-62,0,18
-62,0,18
-63,0,18
-63,0,18
-63,0,18
-63,1,16
-64,1,16
-62,0,18
-62,0,18
-62,1,18
-63,1,17
-64,1,17
-62,1,18
-62,1,17
-62,1,17
-63,1,17
-62,1,18
-62,1,17
-62,1,18
-63,1,17
-62,1,18
-62,0,17
-63,1,17
-63,1,17
-63,0,17
-63,0,17
-63,0,17
-63,1,16
-63,1,16
-63,0,17
-63,1,17
-63,1,17
-63,1,17
-63,1,17
-62,1,17
-63,1,17
-63,1,17
-63,1,17
-62,1,17
-62,1,17
-63,1,17
-63,1,17
-63,1,16
-63,1,17
-62,0,18
-62,0,18
-61,1,18
-62,1,16
-63,2,17
-63,1,16
-63,1,17
-63,1,16
-63,1,16
-63,1,17
-63,1,17
-63,1,16
-63,1,17
-63,1,17
-63,1,16
-63,1,17
-64,2,17
-64,2,17
-63,1,16
-62,1,16
-62,0,16
-62,0,17
-61,1,17
-62,1,17
-63,1,17
-63,1,18
-63,1,18
-63,1,18
-63,2,18
-62,1,18
-62,1,18
-62,1,18
-63,1,18
-63,1,17
-63,1,18
-62,1,17
-62,0,18
-62,0,18
-62,1,18
-63,1,18
-64,2,18
-63,1,18
-62,0,18
-61,0,19
-61,1,19
-61,1,19
-63,2,18
-63,2,18
-62,1,18
-62,1,19
-62,1,19
-62,1,18
-63,1,17
-62,1,18
-62,1,18
-63,1,17
-63,1,17
-64,1,17
-63,1,16
-62,1,17
-63,2,17
-64,2,18
-64,2,18
-63,2,18
-63,1,17
-61,0,17
-57,0,19
-59,1,18
-62,2,19
-62,2,20
-64,1,19
-64,1,19
-64,1,18
-63,1,18
-63,1,18
-64,1,18
-63,0,18
-63,-1,17
-60,0,19
-61,1,19
-63,2,19
-63,2,19
-63,2,18
-60,1,19
-61,0,19
-60,1,20
-60,1,19
-62,1,17
-61,2,17
-60,3,17
-64,3,15
-65,3,12
-64,2,11
-63,1,11
-65,1,9
-66,1,8
-69,0,6
-67,-1,7
-65,-2,9
-65,-1,8
-65,1,9
-65,1,9
-64,1,10
-64,0,11
-65,0,11
-64,0,11
-63,-1,12
-62,-1,13
-63,-1,13
-65,-2,14
-64,-2,13
-64,-2,13
-64,-1,14
-64,-1,14
-64,-2,13
-64,-1,12
-64,0,12
-64,0,13
-62,0,14
-63,0,14
-63,0,14
-64,1,13
-64,1,12
-64,1,12
-63,0,13
-63,1,13
-64,1,13
-64,1,13
-63,1,13
-65,1,12
-64,1,12
-63,0,13
-63,0,13
-63,0,12
-62,-1,12
-63,-1,11
-64,-1,11
-65,-1,11
-65,-1,10
-66,-2,9
-66,-1,9
-65,-2,9
-66,-1,9
-66,-1,10
-65,-1,11
-64,-1,11
-67,-3,11
-62,-1,11
-63,-2,11
-63,-2,13
-64,-1,13
-64,-1,13
-63,-1,15
-63,-1,15
-63,0,15
-63,1,16
-63,1,16
-61,1,17
-61,1,17
-62,2,16
-63,2,16
-63,2,16
-63,2,16
-62,1,16
-62,1,17
-63,1,16
-62,1,15
-63,2,14
-64,3,12
-65,3,12
-65,2,12
-69,2,12
-63,1,14
-63,1,14
-62,2,14
-63,2,13
-63,2,14
-63,1,14
-62,1,15
-64,1,13
-66,1,13
-63,-1,14
-60,-1,16
-64,0,14
-64,0,13
-63,1,14
-64,1,13
-63,2,14
-63,1,13
-64,1,12
-64,2,12
-65,2,12
-64,2,13
-64,2,13
-63,2,13
-64,2,13
-63,2,13
-64,2,12
-64,2,13
-62,2,14
-63,2,14
-64,2,13
-65,2,13
-65,2,12
-63,2,13
-64,2,13
-64,1,12
-65,1,12
-64,1,12
-62,2,12
-62,2,13
-64,1,13
-64,2,13
-64,2,13
-64,2,13
-64,2,13
-63,2,14
-63,2,14
-64,2,13
-63,2,13
-63,2,13
-63,2,14
-62,4,12
-63,4,12
-63,3,15
-62,2,16
-64,2,15
-63,3,15
-64,1,16
-64,-1,17
-62,-1,17
-65,0,12
-63,1,12
-58,0,14
-57,1,15
-57,1,15
-58,-1,16
-63,-4,14
-67,-3,11
-64,-1,9
-64,0,6
-68,1,2
-67,1,1
-67,1,0
-64,3,0
-64,4,0
-63,4,-2
-65,4,-4
-68,4,-6
-67,4,-7
-64,5,-9
-62,6,-10
-64,6,-12
-64,8,-14
-64,8,-14
-64,9,-15
-64,10,-16
-62,11,-15
-62,12,-15
-62,14,-15
-62,14,-16
-62,16,-17
-61,18,-17
-59,21,-15
-58,22,-15
-58,22,-16
-59,19,-20
-59,18,-19
-60,16,-21
-59,15,-21
-62,17,-20
-63,18,-20
-61,22,-18
-59,22,-16
-59,13,-14
-58,16,-14
-57,18,-18
-53,20,-14
-61,25,-17
-61,28,-19
-63,24,-19
-68,19,-18
-69,18,-18
-62,19,-20
-63,20,-21
-61,22,-17
-61,20,-14
-58,16,-11
-54,16,-10
-57,18,-12
-54,18,-11
-57,20,-11
-60,20,-11
-60,19,-9
-62,22,-15
-63,24,-18
-59,23,-15
-57,21,-14
-58,22,-17
-59,25,-16
-59,27,-14
-60,25,-13
-58,25,-9
-59,26,-10
-60,25,-10
-59,23,-10
-59,23,-12
-57,24,-14
-58,23,-14
-58,22,-10
-59,23,-10
-59,24,-11
-59,24,-10
-59,24,-12
-61,24,-12
-61,23,-11
-60,23,-12
-59,23,-12
-60,23,-12
-60,22,-12
-59,22,-12
-59,23,-13
-59,23,-12
-59,22,-13
-59,23,-13
-59,23,-13
-60,23,-13
-60,23,-13
-60,23,-13
-59,23,-13
-59,22,-13
-59,23,-12
-59,23,-13
-59,23,-13
-59,23,-12
-60,23,-12
-60,23,-13
-59,23,-12
-59,23,-13
-59,23,-12
-59,23,-13
-59,23,-13
-59,23,-13
-59,23,-12
-56,22,-12
-57,23,-13
-62,23,-17
-64,25,-15
-63,27,-16
-67,28,-5
-55,23,2
-49,26,-4
-55,27,-10
-52,21,-17
-59,24,-32
-50,23,-34
-49,24,-35
-61,32,-40
-47,29,-28
-44,29,-27
-51,29,-33
-48,30,-33
-48,30,-31
-52,30,-35
-51,30,-33
-47,31,-31
-39,33,-32
-40,34,-31
-44,34,-31
-43,34,-31
-38,35,-29
-39,35,-27
-43,35,-27
-46,35,-30
-45,34,-29
-44,33,-27
-47,32,-24
-48,32,-24
-43,34,-31
-45,33,-31
-43,32,-33
-38,29,-32
-38,26,-29
-45,23,-34
-48,24,-40
-58,27,-42
-67,29,-38
-67,29,-32
-66,27,-35
-64,20,-37
-63,22,-37
-61,21,-26
-55,24,-20
-55,22,-20
-53,20,-20
-54,20,-25
-51,21,-26
-53,19,-22
-54,18,-26
-54,17,-23
-52,17,-22
-53,19,-23
-52,22,-21
-53,24,-23
-51,25,-21
-54,25,-21
-55,25,-22
-57,24,-24
-56,23,-22
-56,24,-21
-57,23,-21
-56,22,-23
-56,22,-23
-57,22,-25
-56,22,-25
-56,22,-24
-54,23,-24
-55,22,-24
-54,22,-25
-53,22,-25
-55,23,-26
-55,23,-26
-55,24,-26
-56,23,-26
-56,23,-26
-55,23,-27
-56,23,-26
-55,23,-26
-54,22,-27
-54,22,-28
-54,22,-27
-54,22,-29
-54,22,-28
-56,22,-29
-55,22,-29
-56,22,-28
-55,22,-28
-56,22,-28
-55,21,-28
-55,21,-28
-55,22,-27
-55,22,-27
-55,22,-27
-54,22,-27
-54,21,-27
-54,22,-27
-55,21,-28
-54,21,-27
-54,21,-27
-54,21,-27
-55,21,-27
-55,21,-27
-56,22,-27
-54,21,-27
-54,21,-28
-55,21,-28
-55,21,-28
-54,21,-27
-54,21,-27
-55,21,-27
-55,21,-27
-55,21,-28
-55,21,-28
-55,21,-28
-55,21,-28
-55,21,-27
-55,21,-28
-54,21,-28
-54,21,-28
-55,21,-28
-54,21,-28
-54,21,-28
-54,21,-28
-56,21,-28
-55,21,-28
-55,21,-28
-54,21,-28
-54,21,-28
-54,21,-28
-54,21,-28
-54,21,-28
-54,21,-27
-55,21,-27
-55,21,-27
-55,21,-27
-55,21,-28
-55,21,-27
-55,21,-27
-54,21,-27
-54,21,-27
-55,21,-28
-54,21,-28
-54,21,-28
-54,21,-28
-54,21,-28
-54,21,-28
-55,21,-27
-55,21,-28
-55,21,-28
-55,21,-28
-55,21,-27
-55,21,-28
-55,21,-28
-54,21,-27
-55,21,-28
-54,21,-28
-54,21,-28
-55,21,-27
-55,21,-28
-55,21,-28
-55,21,-27
-55,21,-27
-55,21,-27
-55,20,-27
-55,21,-27
-55,21,-28
-54,21,-28
-55,21,-28
-55,21,-27
-55,21,-28
-55,21,-28
-54,21,-28
-55,21,-27
-55,21,-27
-55,20,-27
-55,21,-27
-55,21,-27
-55,21,-28
-55,21,-27
-55,21,-27
-55,21,-27
-55,21,-28
-55,21,-28
-54,21,-27
-55,21,-28
-55,21,-28
-54,21,-28
-55,21,-28
-55,21,-28
-55,21,-28
-55,21,-27
-55,21,-28
-54,21,-27
-55,21,-27
-55,21,-28
-55,21,-28
-55,21,-28
-55,21,-27
-55,21,-28
-55,21,-27
-54,21,-27
-55,21,-28
-55,21,-28
-55,21,-28
-55,21,-28
-55,21,-28
-55,21,-28
-55,21,-27
-55,21,-27
-55,21,-27
-55,21,-27
-55,21,-28
-55,21,-28
-54,21,-28
-55,21,-27
-55,21,-27
-55,20,-28
-55,21,-28
-55,21,-27
-55,21,-27
-55,21,-27
-55,21,-27
-55,21,-28
-55,21,-27
-55,21,-28
-55,21,-28
-55,21,-27
-55,21,-28
-55,21,-28
-55,21,-28
-55,21,-28
-55,21,-28
-55,21,-27
-54,21,-28
-55,21,-28
-54,21,-28
-55,21,-28
-55,21,-27
-54,21,-27
-54,21,-28
-55,21,-28
-55,21,-28
-55,21,-28
-55,21,-28
-55,21,-28
-55,20,-28
-55,20,-28
-55,20,-28
-55,21,-27
-55,20,-28
-55,20,-28
-55,20,-28
-55,21,-28
-55,20,-28
-55,21,-28
-54,20,-27
-54,20,-28
-55,21,-28
-55,20,-28
-55,21,-28
-55,21,-28
-54,21,-28
-54,21,-28
-55,21,-28
-54,21,-28
-55,20,-28
-55,21,-28
-55,21,-28
-55,21,-28
-54,20,-28
-54,20,-28
-55,21,-28
-54,21,-28
-54,21,-28
-55,21,-28
-55,21,-28
-55,21,-28
-55,21,-28
-55,21,-28
-54,20,-27
-54,20,-27
-55,21,-28
-55,21,-28
-55,21,-28
-55,21,-28
-54,21,-28
-55,21,-28
-55,21,-28
-54,21,-28
-54,20,-27
-55,20,-28
-55,20,-28
-55,21,-28
-55,21,-28
-55,21,-28
-54,21,-28
-54,21,-28
-54,21,-28
-55,21,-28
-55,21,-28
-55,21,-28
-55,21,-28
-55,21,-28
-55,20,-27
-55,20,-28
-55,21,-28
-55,21,-28
-55,21,-28
-55,21,-28
-54,21,-28
-54,21,-28
-54,21,-28
-54,20,-28
-55,21,-28
-55,21,-27
-55,21,-28
-55,21,-28
-55,21,-28
-55,21,-27
-55,21,-28
-54,21,-28
-55,21,-28
-55,21,-28
-55,21,-28
-55,21,-28
-55,21,-28
-55,21,-28
-54,21,-28
-55,21,-28
-54,21,-28
-54,21,-28
-54,20,-28
-55,21,-28
-54,21,-28
-54,21,-28
-55,21,-28
-54,21,-28
-55,20,-28
-55,21,-28
-55,21,-28
-55,21,-28
-55,21,-28
-54,21,-28
-54,20,-28
-54,21,-28
-54,21,-28
-55,21,-28
-54,21,-28
-55,21,-28
-55,21,-28
-55,21,-28
-54,21,-28
-54,21,-28
-55,21,-28
-55,21,-28
-55,20,-28
-54,21,-28
-55,20,-28
-54,21,-28
-54,21,-28
-54,21,-28
-55,21,-28
-55,21,-28
-55,20,-28
-55,21,-28
-55,21,-28
-54,20,-28
-54,20,-28
-54,21,-28
-54,21,-28
-55,21,-28
-55,21,-28
-54,21,-28
-54,21,-28
-55,21,-28
-55,21,-28
-54,21,-28
-55,21,-28
-54,21,-28
-54,21,-28
-54,21,-28
-55,21,-28
-55,21,-29
-55,21,-29
-55,21,-29
-55,21,-30
-56,21,-30
-56,22,-31
-55,22,-31
-54,22,-32
-56,23,-33
-57,23,-32
-56,25,-31
-56,25,-31
-54,24,-32
-53,24,-32
-53,22,-33
-53,21,-32
-50,21,-30
-51,22,-30
-52,23,-31
-51,24,-31
-51,24,-31
-56,25,-33
-55,26,-31
-52,26,-30
-50,26,-29
-50,26,-29
-51,26,-30
-51,28,-29
-50,29,-29
-49,30,-29
-48,30,-30
-49,30,-29
-50,29,-29
-49,26,-28
-47,27,-27
-48,27,-28
-45,34,-25
-45,35,-26
-47,30,-27
-50,27,-25
-50,23,-24
-49,23,-23
-49,24,-20
-48,27,-19
-47,29,-17
-48,31,-18
-50,35,-20
-54,35,-23
-58,35,-23
-58,34,-23
-59,32,-24
-59,28,-22
-58,26,-19
-58,26,-17
-58,27,-18
-58,25,-14
-57,24,-13
-58,20,-12
-65,17,-17
-65,17,-16
-64,17,-9
-60,18,-7
-59,18,-6
-71,18,-6
-59,19,0
-56,21,2
-65,20,-3
-65,20,2
-61,21,3
-56,20,4
-61,18,0
-61,18,-1
-61,16,-4
-62,15,-4
-61,16,-4
-61,18,-3
-62,18,-2
-63,17,-4
-63,17,-3
-62,18,0
-62,18,0
-62,19,-2
-61,20,0
-59,20,4
-60,18,0
-62,18,0
-61,19,-2
-61,19,-2
-65,20,-3
-60,20,-1
-59,19,-2
-62,18,-5
-61,20,-1
-61,20,0
-66,19,6
-66,20,12
-62,12,13
-63,13,11
-63,15,9
-57,16,11
-55,19,10
-60,18,10
-66,20,8
-67,17,9
-63,18,10
-62,15,15
-60,14,17
-59,10,13
-64,11,13
-64,12,13
-62,10,14
-62,11,13
-62,12,12
-64,12,13
-65,11,16
-65,10,16
-63,11,14
-64,11,13
-62,10,15
-60,10,18
-61,11,19
-63,12,16
-63,13,16
-60,12,18
-61,11,18
-63,10,15
-63,10,15
-62,10,17
-63,10,17
-62,10,18
-62,10,18
-61,11,17
-61,11,18
-59,11,19
-59,10,18
-61,10,17
-62,13,15
-59,13,14
-60,14,12
-61,14,12
-60,15,8
-62,17,6
-65,16,1
-64,15,-3
-65,15,-5
-63,15,-5
-64,14,-11
-63,14,-14
-62,15,-17
-64,15,-20
-63,15,-19
-62,15,-18
-62,16,-19
-63,16,-21
-61,17,-21
-60,18,-20
-60,18,-20
-59,19,-19
-60,19,-19
-62,19,-19
-67,19,-22
-65,20,-22
-61,17,-12
-60,15,-8
-55,12,3
-54,14,10
-57,19,6
-65,19,0
-63,21,4
-61,22,6
-64,19,7
-62,17,6
-60,17,8
-59,17,8
-63,16,6
-62,18,8
-62,18,8
-64,18,7
-63,17,7
-61,18,9
-60,18,8
-58,19,5
-60,20,0
-61,20,-2
-64,19,-4
-62,19,-6
-64,19,-8
-62,19,-8
-64,19,-11
-63,18,-12
-60,18,-14
-61,18,-17
-63,17,-18
-64,18,-18
-63,17,-19
-61,20,-19
-64,19,-17
-63,17,-14
-64,15,-11
-61,15,-10
-61,16,-12
-57,14,-10
-55,15,-12
-61,18,-15
-61,18,-17
-59,18,-19
-60,19,-20
-65,20,-18
-60,20,-18
-61,19,-17
-63,19,-16
-61,21,-16
-58,23,-16
-59,25,-16
-57,24,-14
-57,25,-19
-57,28,-17
-57,28,-17
-59,29,-15
-65,29,-17
-67,27,-13
-56,23,-5
-61,24,-6
-58,19,-1
-55,16,2
-52,14,-3
-54,11,0
-59,5,4
-57,4,2
-56,-1,1
-61,-2,-1
-66,-3,-3
-65,-7,0
-64,-14,5
-62,-15,10
-69,-13,4
-69,-11,-5
-65,-9,-3
-62,-3,-3
-57,-5,-3
-65,-7,1
-71,-10,-1
-79,-14,8
-72,-14,9
-66,-6,9
-60,1,6
-67,-5,8
-67,-4,13
-65,-3,6
-60,-4,8
-59,-16,21
-39,-19,45
-39,-23,52
-49,-19,36
-47,-19,32
-55,-18,33
-48,-19,37
-49,-12,28
-59,-19,23
-55,-24,33
-55,-26,39
-47,-27,44
-42,-28,37
-33,-27,44
-49,-35,29
-50,-35,32
-50,-31,31
-56,-35,34
-40,-33,40
-37,-29,41
-41,-30,40
-28,-29,49
-36,-32,38
-38,-42,50
-23,-34,57
-22,-36,53
-21,-40,60
-37,-34,52
-40,-28,39
-51,-26,25
-55,-27,22
-47,-23,34
-35,-21,38
-42,-16,37
-56,-7,28
-41,-4,36
-43,7,36
-44,12,39
-19,21,42
-19,18,47
-13,10,63
-4,1,85
-48,-12,68
-53,-15,67
-32,-10,68
-23,-9,65
-30,-19,62
-18,-20,63
-20,-18,62
-16,-19,58
-15,-21,60
-22,-26,58
-26,-26,70
-6,-26,62
-7,-26,46
-19,-26,60
-14,-34,53
-9,-29,44
2,-21,50
-2,-22,56
-14,-24,62
-19,-10,64
-7,4,54
-10,2,56
-48,-4,54
-44,-18,34
-61,-26,3
-47,-25,3
-23,-27,8
-30,-32,9
-46,-38,27
-11,-47,49
-9,-53,54
-24,-60,44
-63,-73,22
-75,-71,4
-75,-60,-1
-66,-56,-1
-55,-46,-3
-44,-36,-8
-44,-36,-9
-40,-44,4
-38,-46,3
-40,-46,6
-47,-42,-2
-51,-42,-5
-53,-41,-3
-56,-36,-6
-51,-31,-14
-51,-29,-20
-61,-30,-12
-50,-44,-4
-35,-53,15
-46,-46,6
-38,-58,13
-51,-46,5
-50,-48,10
-48,-44,7
-50,-43,7
-53,-39,4
-54,-40,4
-46,-46,7
-47,-44,3
-40,-47,11
-37,-49,11
-37,-49,11
-39,-50,10
-40,-48,16
-35,-49,21
-34,-47,20
-31,-46,22
-32,-46,22
-36,-49,20
-36,-48,19
-31,-46,21
-28,-45,23
-33,-46,23
-36,-46,21
-36,-49,27
-34,-51,24
-28,-53,28
-27,-57,27
-43,-60,22
-32,-56,26
-25,-57,28
-20,-56,25
-17,-53,28
-23,-52,26
-31,-53,21
-26,-52,22
-30,-54,24
-35,-58,24
-76,-70,14
-17,-63,26
-16,-62,36
-19,-66,38
10,-58,38
12,-57,37
-10,-68,20
-23,-67,6
-15,-73,35
-39,-83,28
-14,-73,49
-18,-67,50
-36,-53,32
-44,-42,30
-47,-35,32
-57,-24,29
-59,-15,31
-18,18,-14
14,-47,3
-88,-19,16
-40,-9,48
77,-8,64
6,-7,42
-3,-7,63
11,2,63
3,3,71
17,1,72
10,0,59
-26,-5,49
-31,-5,49
-62,-16,30
-58,-15,37
-44,-9,49
-45,-11,47
-34,-10,49
-36,-11,55
-43,-15,48
-47,-21,43
-40,-26,51
-23,-31,57
-26,-27,49
-16,-20,48
0,-19,61
13,-11,51
-1,-13,57
-25,-21,48
-31,-30,55
-8,-34,77
1,-26,84
13,-32,67
3,-33,52
1,-34,42
-13,-26,56
-21,-22,57
-22,-8,58
-21,-2,61
-28,-2,59
-35,-1,57
-44,-1,53
-52,0,52
-49,-2,51
-44,-3,48
-38,-3,56
-32,-4,59
-28,-3,53
-32,1,41
-36,1,42
-30,-2,47
-29,-4,48
-29,-9,44
-30,-13,43
-35,-23,41
-29,-24,48
-11,-29,55
-11,-32,53
-14,-42,58
-57,-46,53
-60,-41,50
-43,-28,43
-40,-26,43
-29,-18,54
-36,-18,51
-40,-18,41
-23,-20,49
-16,-22,60
-11,-21,65
-14,-21,62
-17,-19,58
-17,-19,58
-22,-20,57
-24,-19,56
-26,-19,58
-28,-19,58
-32,-18,59
-31,-16,59
-29,-15,58
-27,-13,56
-24,-14,59
-20,-13,59
-16,-11,57
-13,-11,58
-11,-11,59
-12,-10,56
-11,-12,57
-8,-14,61
-8,-15,62
-14,-15,61
-18,-14,59
-16,-13,57
-17,-14,56
-29,-15,54
-36,-16,54
-47,-18,50
-54,-18,46
-52,-16,45
-26,-15,50
-13,-17,54
-11,-22,58
-18,-22,56
-31,-22,55
-33,-23,55
-33,-23,56
-32,-23,56
-26,-20,56
-25,-21,56
-26,-19,56
-22,-16,56
-19,-16,58
-16,-15,58
-16,-14,56
-19,-13,54
-22,-13,55
-30,-16,54
-33,-17,53
-37,-17,53
-35,-18,54
-32,-19,56
-30,-18,55
-29,-17,54
-29,-18,52
-27,-17,53
-25,-17,55
-28,-18,56
-30,-18,56
-29,-17,55
-28,-17,54
-27,-17,53
-27,-17,52
-28,-17,53
-31,-16,54
-33,-16,54
-36,-17,53
-38,-17,50
-38,-17,50
-39,-17,49
-39,-16,49
-36,-17,50
-36,-17,50
-37,-16,49
-37,-16,49
-38,-17,49
-39,-17,49
-38,-17,49
-38,-18,49
-38,-18,49
-38,-18,49
-37,-18,49
-36,-18,49
-36,-18,49
-36,-18,49
-37,-18,49
-37,-19,49
-37,-19,49
-38,-19,49
-37,-19,49
-37,-18,49
-37,-18,49
-37,-18,49
-37,-18,49
-38,-18,49
-37,-18,49
-38,-19,49
-38,-19,49
-38,-19,48
-37,-19,48
-37,-19,48
-37,-19,48
-37,-19,48
-38,-19,49
-37,-19,49
-37,-19,49
-37,-19,49
-37,-19,49
-37,-20,49
-37,-20,49
-36,-20,48
-37,-20,48
-37,-20,48
-37,-20,48
-37,-20,48
-37,-20,48
-38,-20,48
-38,-20,48
-38,-20,48
-37,-20,48
-37,-20,48
-37,-19,48
-36,-20,48
-37,-20,48
-37,-20,48
-37,-20,48
-37,-19,49
-37,-20,48
-37,-19,49
-37,-19,49
-37,-19,48
-37,-19,48
-37,-20,48
-37,-19,49
-37,-19,48
-37,-20,48
-38,-20,48
-37,-20,48
-38,-20,48
-38,-21,47
-38,-21,47
-38,-19,48
-38,-18,49
-38,-17,49
-38,-17,49
-38,-18,49
-38,-18,49
-38,-18,48
-38,-18,48
-38,-18,48
-38,-18,48
-39,-18,48
-39,-18,48
-39,-18,48
-39,-18,47
-39,-18,47
-40,-18,47
-40,-18,48
-39,-19,47
-38,-18,48
-38,-16,48
-39,-15,48
-40,-16,48
-41,-17,47
-43,-19,46
-43,-20,45
-43,-20,46
-41,-18,47
-39,-17,47
-38,-17,47
-38,-17,48
-38,-18,48
-39,-18,47
-39,-17,49
-39,-17,49
-39,-17,48
-39,-17,48
-40,-17,48
-40,-17,48
-40,-17,48
-40,-18,47
-40,-18,47
-40,-18,46
-40,-19,46
-39,-20,46
-38,-20,47
-38,-18,49
-38,-17,49
-38,-17,49
-38,-18,48
-38,-19,48
-37,-19,49
-37,-18,50
-37,-18,49
-37,-18,48
-37,-18,48
-38,-19,48
-39,-19,48
-39,-19,48
-38,-19,48
-38,-19,48
-38,-19,48
-39,-19,48
-39,-19,49
-37,-18,49
-37,-18,49
-36,-17,49
-36,-17,49
-37,-18,49
-38,-19,49
-37,-19,49
-37,-19,48
-37,-19,48
-37,-19,48
-40,-19,48
-40,-19,48
-40,-19,48
-40,-19,48
-39,-19,48
-34,-18,50
-33,-17,50
-33,-18,51
-34,-18,51
-36,-18,51
-36,-19,51
-37,-19,52
-38,-20,52
-39,-21,52
-34,-20,53
-30,-18,53
-24,-17,54
-21,-16,56
-14,-16,58
-13,-15,58
-11,-16,58
-12,-16,58
-12,-17,59
-12,-16,60
-10,-16,61
-10,-15,60
-10,-15,61
-10,-14,60
-11,-15,60
-15,-15,61
-15,-15,60
-12,-16,61
-12,-16,60
-14,-15,60
-13,-16,60
-14,-16,60
-14,-16,60
-13,-16,60
-13,-16,60
-14,-16,59
-15,-17,59
-15,-16,59
-14,-16,60
-13,-16,60
-14,-16,59
-14,-16,59
-17,-17,59
-19,-17,59
-19,-17,59
-18,-17,59
-17,-18,58
-15,-17,58
-15,-17,58
-16,-18,58
-18,-18,57
-23,-19,58
-25,-19,59
-26,-20,59
-23,-19,58
-18,-16,58
-16,-17,58
-15,-16,59
-16,-16,59
-19,-16,58
-18,-16,58
-18,-18,58
-16,-18,58
-17,-19,57
-15,-19,56
-16,-20,55
-21,-23,56
-23,-21,56
-27,-23,56
-32,-24,55
-41,-23,53
-40,-22,52
-38,-22,49
-36,-24,48
-35,-24,49
-36,-24,46
-36,-24,45
-38,-24,44
-36,-23,44
-32,-22,47
-31,-22,48
-29,-22,51
-30,-22,52
-30,-21,52
-31,-21,52
-33,-21,51
-34,-21,52
-34,-21,52
-32,-20,53
-32,-20,53
-29,-19,53
-29,-19,54
-29,-18,55
-29,-19,55
-29,-20,54
-28,-20,54
-28,-21,52
-28,-22,52
-29,-23,52
-30,-22,51
-31,-21,52
-32,-20,54
-33,-20,54
-32,-20,53
-29,-19,53
-34,-20,51
-31,-20,51
-30,-21,53
-27,-21,54
-27,-21,52
-28,-22,52
-30,-21,51
-32,-21,52
-33,-20,51
-33,-19,52
-33,-18,53
-35,-17,51
-34,-18,51
-36,-17,52
-37,-18,51
-36,-18,50
-35,-18,49
-34,-19,48
-33,-20,50
-34,-22,52
-33,-22,52
-33,-22,50
-35,-21,49
-35,-21,49
-34,-20,49
-34,-21,50
-34,-20,51
-34,-20,51
-36,-18,50
-37,-18,50
-37,-18,50
-36,-18,50
-36,-18,50
-36,-19,50
-36,-19,50
-36,-19,50
-35,-19,50
-36,-19,50
-35,-18,50
-35,-18,50
-35,-18,50
-35,-19,51
-35,-19,51
-35,-19,50
-35,-19,50
-35,-19,50
-35,-19,50
-36,-19,50
-36,-19,50
-36,-19,50
-37,-19,50
-37,-19,49
-36,-20,49
-36,-20,49
-36,-20,48
-35,-20,49
-34,-23,50
-42,-22,48
-44,-21,47
-39,-19,53
-37,-21,53
-37,-26,48
-35,-26,50
-24,-25,57
-24,-22,57
-27,-22,59
-30,-22,59
-39,-20,56
-45,-18,55
-40,-15,58
-55,0,56
-69,1,50
-67,0,49
-54,1,51
-34,1,48
-31,0,46
-22,5,49
-17,6,47
-24,7,50
-14,7,51
5,13,55
17,22,52
23,25,51
26,24,41
26,23,41
26,26,46
29,23,45
28,17,49
23,19,52
21,24,54
22,23,52
20,20,57
20,21,60
21,20,57
11,18,56
6,20,59
7,18,54
10,16,59
8,15,61
7,15,59
13,9,56
15,4,67
6,12,65
9,13,60
12,15,58
9,16,60
4,17,61
3,17,61
3,17,60
3,18,62
2,19,62
1,18,63
5,14,60
-11,11,58
-9,12,63
1,12,62
-3,13,60
-6,7,57
1,10,58
1,14,57
-9,26,49
-6,29,49
-1,24,58
-3,23,63
-19,27,62
-23,30,63
-28,36,59
-32,35,56
-37,33,51
-31,34,51
-19,33,48
-12,31,46
-7,31,46
-8,29,40
-12,28,35
-31,26,31
-39,25,28
-49,22,33
-53,20,40
-50,13,43
-47,10,48
-55,1,54
-59,-1,54
-65,-9,54
-45,-20,37
-52,14,42
-42,-11,45
-25,-10,45
-22,-19,55
-21,-16,54
-25,-18,42
-33,-22,42
-46,-26,40
-48,-27,39
-47,-24,44
-43,-23,47
-43,-23,43
-45,-22,47
-42,-18,51
-39,-21,50
-38,-25,47
-42,-26,46
-43,-25,47
-39,-23,48
-37,-22,48
-38,-22,49
-38,-20,50
-35,-17,49
-36,-17,47
-35,-16,48
-33,-16,51
-34,-16,51
-35,-16,50
-35,-15,50
-37,-15,50
-37,-14,50
-38,-14,49
-38,-13,49
-40,-14,48
-40,-15,48
-42,-16,47
-45,-17,44
-46,-17,43
-45,-17,44
-44,-18,44
-44,-18,43
-44,-19,43
-44,-19,43
-44,-19,43
-45,-19,43
-45,-19,43
-45,-19,43
-45,-19,43
-45,-18,43
-45,-17,43
-45,-17,43
-45,-17,43
-45,-17,43
-44,-17,43
-44,-17,43
-45,-18,43
-45,-18,43
-45,-18,43
-45,-18,43
-44,-18,43
-44,-17,43
-44,-17,42
-44,-18,43
-45,-18,43
-45,-18,43
-45,-18,42
-45,-18,43
-45,-18,43
-45,-18,42
-45,-18,43
-45,-18,43
-45,-18,43
-45,-17,43
-45,-17,43
-45,-17,43
-45,-17,43
-45,-17,43
-45,-17,43
-45,-17,42
-45,-17,43
-45,-17,43
-45,-17,43
-44,-18,43
-45,-17,43
-45,-17,43
-45,-18,43
-45,-18,42
-45,-18,43
-45,-17,43
-45,-17,43
-45,-17,43
-45,-18,43
-45,-18,43
-45,-18,43
-44,-17,43
-44,-18,43
-45,-18,43
-45,-17,43
-45,-18,43
-45,-18,42
-45,-18,43
-44,-18,43
-44,-18,43
-45,-18,43
-45,-18,43
-44,-18,43
-44,-18,43
-44,-18,43
-44,-18,42
-44,-19,42
-46,-19,42
-46,-20,42
-44,-18,43
-44,-17,43
-44,-18,43
-44,-19,43
-45,-19,43
-44,-18,43
-42,-17,44
-42,-18,44
-44,-20,42
-46,-21,41
-46,-21,42
-45,-18,43
-44,-17,44
-43,-16,45
-43,-16,44
-45,-19,43
-46,-20,42
-46,-20,42
-45,-18,42
-43,-16,44
-42,-15,44
-44,-17,44
-46,-18,43
-46,-20,42
-44,-19,43
-43,-18,44
-42,-17,44
-43,-18,44
-45,-20,42
-46,-20,42
-44,-19,43
-43,-18,43
-43,-16,44
-44,-17,44
-47,-20,41
-47,-21,40
-44,-19,41
-44,-24,43
-38,-28,45
-37,-21,53
-40,-19,56
-47,-20,57
-49,-19,59
-51,-14,52
-58,-10,49
-72,-1,42
-70,3,42
-58,10,34
-55,16,32
-53,18,32
-45,25,29
-44,29,28
-42,28,31
-34,28,33
-27,33,35
-26,34,36
-23,34,34
-21,34,35
-24,36,36
-25,36,37
-24,34,39
-28,35,40
-34,36,38
-34,37,41
-34,37,40
-40,39,37
-39,39,36
-34,39,35
-34,40,36
-32,39,35
-32,40,35
-41,41,33
-42,41,33
-40,41,33
-39,40,34
-39,39,34
-41,38,33
-42,38,32
-39,37,32
-39,38,33
-40,39,33
-42,39,32
-39,39,33
-38,39,32
-44,39,29
-43,38,31
-38,37,32
-47,38,25
-47,38,25
-41,38,27
-41,37,29
-45,38,29
-46,38,25
-45,37,23
-44,38,25
-47,41,23
-49,41,26
-42,36,32
-41,36,29
-45,39,18
-45,39,23
-49,41,32
-43,33,41
-34,31,31
-39,29,32
-36,34,26
-18,35,36
-27,33,30
-57,32,17
-49,33,18
7,24,36
-77,15,12
-79,14,19
-48,6,25
-76,7,22
-80,2,26
-72,1,29
-74,-1,24
-76,-2,27
-89,-6,17
-73,-2,28
-51,0,47
-55,-3,43
-53,-9,39
-36,-11,47
-28,-16,48
-35,-17,53
-38,-20,54
-34,-21,54
-29,-22,55
-31,-22,52
-36,-21,48
-30,-24,52
-31,-23,54
-30,-22,53
-28,-22,52
-26,-23,54
-28,-23,55
-27,-24,54
-24,-25,53
-24,-24,52
-23,-21,54
-26,-20,55
-33,-19,54
-33,-19,54
-32,-16,52
-32,-16,52
-33,-15,52
-35,-16,50
-35,-17,50
-35,-19,50
-35,-20,51
-35,-20,50
-35,-20,49
-36,-19,50
-36,-19,50
-36,-19,49
-37,-19,49
-35,-19,49
-35,-19,49
-36,-19,50
-37,-19,50
-36,-19,50
-36,-18,50
-36,-18,50
-36,-18,50
-36,-18,50
-36,-18,50
-36,-18,50
-37,-18,50
-36,-18,50
-36,-18,50
-36,-18,50
-36,-18,49
-36,-18,49
-36,-19,49
-36,-19,50
-36,-19,50
-36,-19,50
-37,-19,49
-37,-18,49
-36,-19,49
-36,-19,49
-36,-19,49
-36,-19,49
-37,-19,50
-36,-18,49
-36,-18,49
-36,-19,49
-37,-18,50
-37,-18,50
-36,-18,50
-36,-18,50
-36,-18,49
-36,-19,49
-36,-19,50
-36,-18,50
-37,-19,50
-37,-19,50
-36,-19,49
-36,-19,50
-36,-19,50
-36,-19,50
-37,-19,49
-36,-19,49
-36,-19,49
-36,-19,49
-37,-19,49
-37,-19,49
-37,-19,49
-37,-19,49
-37,-19,49
-36,-19,49
-37,-20,49
-37,-19,49
-37,-20,49
-37,-20,49
-36,-20,48
-36,-20,48
-36,-20,48
-36,-20,48
-37,-20,48
-37,-20,49
-38,-19,50
-39,-19,49
-38,-19,49
-36,-19,48
-35,-19,49
-36,-19,49
-36,-20,49
-37,-19,49
-37,-19,49
-36,-19,49
-36,-19,49
-36,-19,49
-37,-19,49
-38,-20,49
-37,-19,49
-36,-19,48
-36,-19,49
-36,-19,49
-37,-19,49
-37,-19,49
-36,-19,49
-36,-19,49
-37,-19,49
-36,-20,49
-36,-19,49
-36,-19,49
-36,-19,49
-36,-19,49
-36,-19,49
-37,-19,49
-37,-19,49
-37,-19,49
-37,-19,49
-36,-19,49
-36,-19,49
-37,-19,49
-37,-19,49
-37,-19,49
-37,-19,49
-37,-19,49
-36,-19,49
-37,-19,49
-37,-19,49
-37,-19,49
-37,-19,49
-36,-19,50
-37,-19,49
-37,-19,49
-37,-19,49
-37,-19,49
-36,-19,49
-37,-19,49
-37,-19,49
-36,-19,50
-36,-19,49
-36,-19,49
-36,-19,49
-36,-19,49
-36,-19,49
-37,-19,50
-37,-19,49
-37,-19,50
-36,-19,49
-36,-19,49
-36,-20,49
-38,-19,48
-37,-20,48
-36,-20,49
-36,-19,49
-36,-19,50
-36,-19,50
-37,-19,49
-40,-20,50
-39,-20,51
-34,-19,52
-28,-18,52
-27,-18,52
-29,-18,52
-30,-19,53
-30,-19,53
-30,-19,52
-32,-18,52
-33,-18,52
-34,-19,53
-34,-19,54
-32,-18,53
-31,-19,53
-31,-19,53
-30,-19,53
-29,-18,53
-27,-18,54
-26,-17,55
-25,-17,55
-25,-18,55
-25,-18,54
-26,-18,54
-28,-18,54
-29,-19,55
-31,-20,53
-31,-20,53
-33,-20,52
-34,-20,51
-35,-20,51
-36,-19,51
-36,-19,51
-35,-19,51
-35,-19,51
-34,-19,50
-33,-20,51
-31,-19,52
-30,-19,52
-31,-19,51
-33,-18,50
-39,-18,48
-41,-19,48
-42,-20,48
-41,-19,47
-39,-20,47
-38,-19,47
-39,-19,47
-40,-18,48
-40,-19,48
-39,-17,48
-39,-17,48
-39,-17,48
-39,-18,48
-39,-18,47
-39,-19,46
-39,-19,46
-39,-19,48
-39,-19,48
-40,-19,48
-40,-19,47
-41,-19,47
-41,-19,47
-40,-20,48
-39,-19,48
-38,-19,48
-36,-19,48
-37,-18,48
-39,-19,48
-39,-19,48
-37,-19,48
-37,-19,48
-37,-20,48
-36,-20,48
-37,-21,48
-37,-21,49
-37,-21,48
-37,-20,48
-37,-19,48
-37,-19,48
-37,-19,48
-38,-19,48
-38,-19,48
-38,-19,49
-39,-18,48
-39,-19,48
-39,-19,48
-38,-20,48
-38,-20,47
-38,-20,47
-37,-20,48
-38,-20,48
-39,-19,47
-39,-19,47
-39,-19,48
-40,-19,48
-39,-19,48
-40,-19,48
-39,-19,47
-39,-19,47
-39,-19,47
-39,-19,47
-40,-19,47
-40,-18,47
-40,-19,47
-40,-19,47
-40,-19,47
-40,-19,47
-40,-19,47
-40,-19,47
-39,-19,47
-40,-19,47
-40,-19,47
-40,-19,47
-40,-18,46
-40,-19,47
-40,-19,47
-40,-19,47
-40,-19,47
-41,-19,46
-40,-19,47
-40,-18,46
-41,-18,46
-40,-18,46
-41,-18,46
-41,-18,46
-41,-19,46
-41,-19,46
-41,-19,46
-41,-19,46
-42,-18,46
-41,-19,46
-41,-19,46
-41,-18,46
-41,-18,46
-41,-18,47
-41,-19,46
-40,-19,46
-41,-19,45
-41,-19,46
-41,-19,46
-41,-19,46
-40,-18,47
-40,-18,46
-40,-18,46
-40,-19,46
-40,-19,47
-40,-19,47
-41,-20,47
-43,-21,46
-41,-20,47
-40,-20,49
-39,-21,50
-40,-20,45
-42,-20,46
-42,-25,56
-39,-22,58
-46,-15,50
-52,-14,50
-60,-14,50
-58,-7,49
-64,1,38
-66,4,36
-56,8,37
-51,11,36
-55,17,31
-51,20,30
-40,24,33
-37,32,28
-41,34,31
-26,34,36
-27,35,37
-28,36,30
-25,36,30
-27,38,27
-24,37,27
-29,38,30
-24,38,37
-26,34,43
-42,40,36
-38,46,33
-35,48,29
-33,48,27
-37,50,28
-37,49,27
-38,47,26
-38,47,25
-38,46,27
-37,45,27
-36,45,28
-36,46,27
-34,47,28
-35,46,28
-35,47,27
-35,47,27
-35,47,28
-35,46,28
-37,46,27
-38,47,27
-36,46,28
-35,46,29
-36,46,27
-37,46,28
-32,47,29
-30,48,30
-29,49,31
-29,49,31
-27,50,33
-25,50,33
-22,50,33
-21,50,33
-24,49,32
-25,49,32
-22,50,35
-19,49,34
-20,49,36
-20,50,38
-18,49,37
-19,50,35
-19,50,35
-19,51,32
-21,51,31
-25,54,27
-21,54,25
-3,55,34
2,54,37
2,52,38
4,52,39
15,49,42
15,48,42
18,48,43
20,48,41
20,48,39
15,48,34
13,49,34
14,48,33
15,48,35
17,47,35
16,48,36
19,49,40
18,50,41
14,47,34
13,50,39
14,50,40
11,50,34
12,50,34
14,51,36
15,51,36
17,50,34
15,49,35
17,50,37
18,51,37
18,50,34
18,49,34
17,49,36
21,48,35
22,47,31
25,46,30
20,45,26
20,44,26
25,46,28
31,48,25
31,48,23
24,47,23
17,46,25
7,40,27
7,38,28
1,33,43
0,20,50
2,16,54
-12,3,61
-21,0,63
-17,-7,72
-7,-12,70
10,-27,93
-7,-35,85
-82,-30,73
-31,-14,42
-1,-18,65
6,-33,73
-34,-23,49
-36,-23,47
-36,-22,46
-31,-22,53
-31,-23,56
-30,-22,56
-26,-22,54
-28,-19,51
-29,-17,51
-34,-15,52
-38,-13,52
-40,-13,52
-38,-15,50
-36,-16,50
-34,-17,50
-35,-17,50
-37,-17,49
-38,-17,49
-38,-16,49
-39,-15,50
-38,-16,50
-38,-16,49
-38,-17,49
-38,-18,49
-38,-18,49
-37,-18,49
-37,-18,49
-37,-18,49
-37,-18,48
-36,-17,48
-36,-17,49
-38,-17,50
-38,-17,50
-38,-16,49
-37,-16,49
-38,-16,49
-38,-16,49
-39,-16,49
-39,-17,49
-39,-17,49
-37,-17,49
-37,-17,49
-37,-17,48
-38,-18,48
-38,-18,49
-38,-17,49
-39,-16,49
-38,-16,49
-38,-17,49
-38,-17,49
-38,-17,49
-38,-17,49
-38,-17,49
-38,-17,49
-38,-17,49
-38,-17,49
-38,-17,49
-38,-17,49
-38,-16,49
-38,-17,49
-38,-17,49
-38,-17,49
-38,-17,49
-38,-17,49
-38,-17,49
-38,-17,49
-38,-17,49
-38,-17,49
-38,-17,49
-38,-17,49
-38,-17,49
-38,-17,49
-38,-17,49
-38,-17,49
-38,-17,49
-38,-17,49
-38,-17,49
-38,-17,49
-38,-17,49
-38,-17,49
-38,-17,49
-38,-17,49
-38,-17,49
-38,-17,48
-38,-17,49
-38,-17,49
-38,-17,49
-38,-17,49
-38,-17,48
-38,-17,49
-38,-17,49
-38,-17,49
-38,-17,49
-38,-17,49
-38,-17,49
-38,-17,49
-38,-18,48
-38,-17,48
-38,-18,48
-38,-18,49
-38,-18,49
-38,-18,48
-38,-17,49
-38,-18,48
-38,-18,49
-38,-17,48
-38,-18,48
-38,-19,48
-38,-19,48
-38,-19,48
-38,-17,49
-37,-15,49
-37,-16,49
-38,-18,49
-40,-20,48
-40,-20,48
-39,-17,48
-38,-15,49
-35,-15,49
-36,-17,49
-38,-19,48
-40,-19,48
-40,-17,49
-39,-17,49
-37,-16,49
-38,-17,48
-39,-17,48
-39,-17,48
-38,-17,49
-38,-17,49
-38,-17,49
-39,-17,48
-39,-17,48
-38,-17,49
-38,-17,49
-38,-17,48
-38,-17,48
-38,-17,48
-38,-17,49
-39,-17,49
-38,-17,49
-38,-17,48
-38,-17,49
-38,-17,49
-38,-17,49
-38,-17,49
-38,-17,49
-38,-17,49
-38,-17,49
-38,-17,49
-38,-17,49
-38,-17,49
-38,-17,49
-38,-17,48
-38,-17,48
-38,-17,49
-38,-17,48
-38,-17,49
-39,-17,49
-38,-17,49
-39,-17,49
-38,-17,48
-39,-17,48
-38,-17,49
-38,-17,48
-38,-17,48
-39,-17,48
-38,-17,48
-38,-17,48
-38,-17,48
-39,-17,48
-39,-17,48
-39,-18,48
-38,-18,48
-38,-18,48
-38,-17,48
-38,-17,48
-37,-17,49
-37,-18,48
-41,-21,47
-44,-22,47
-47,-25,50
-43,-25,51
-37,-27,55
-33,-21,58
-25,-19,65
-27,-16,67
-24,-17,67
-17,-13,68
-16,-7,67
-9,-3,64
-7,1,62
2,6,59
5,12,59
7,18,54
8,21,52
5,25,47
6,27,46
9,32,45
12,36,45
12,37,45
16,39,43
18,42,41
15,42,41
12,40,42
13,40,44
10,41,47
-12,32,54
-12,31,51
-5,40,51
-4,43,49
4,43,46
9,40,43
11,38,43
14,37,47
10,34,51
5,30,57
2,29,60
0,28,63
2,31,62
4,35,57
2,34,49
1,32,47
3,30,48
12,28,51
10,25,60
7,22,61
4,18,64
3,16,66
7,21,69
8,22,66
5,22,57
4,23,53
7,22,52
7,21,50
10,23,46
15,25,46
13,18,54
0,5,50
8,6,52
0,-1,59
-16,-9,59
-8,-12,61
-3,-12,64
13,-49,105
-54,-52,67
-41,-13,50
-49,-20,40
-57,-21,36
-55,-19,37
-46,-21,46
-43,-21,50
-42,-19,49
-40,-17,48
-39,-16,47
-39,-16,44
-38,-18,45
-40,-19,47
-41,-19,48
-41,-18,48
-41,-18,47
-39,-17,46
-39,-17,47
-40,-17,47
-41,-17,48
-41,-17,48
-41,-17,47
-40,-17,47
-41,-17,46
-40,-17,47
-40,-17,47
-40,-17,47
-40,-17,47
-40,-17,47
-41,-17,47
-41,-17,47
-41,-18,47
-40,-18,47
-40,-17,47
-40,-17,47
-40,-17,47
-40,-18,47
-40,-18,47
-41,-17,47
-40,-17,47
-41,-17,47
-40,-17,47
-40,-17,47
-41,-17,47
-41,-17,47
-40,-17,47
-40,-17,47
-40,-17,47
-40,-17,47
-41,-17,47
-41,-17,47
-40,-18,47
-40,-18,47
-39,-17,47
-40,-17,47
-40,-17,48
-40,-17,47
-40,-18,47
-39,-17,47
-39,-17,47
-40,-17,47
-41,-17,47
-41,-17,47
-41,-18,47
-40,-17,47
-40,-17,47
-40,-17,47
-40,-17,47
-41,-17,47
-40,-17,47
-40,-17,47
-40,-17,47
-41,-17,47
-40,-17,47
-40,-17,48
-40,-17,47
-40,-17,47
-40,-17,46
-40,-18,47
-40,-18,47
-40,-17,47
-41,-17,47
-40,-17,47
-40,-17,47
-40,-17,47
-40,-17,47
-41,-17,47
-41,-17,48
-41,-17,48
-41,-17,47
-40,-17,47
-40,-17,47
-40,-17,47
-41,-17,47
-41,-17,47
-41,-17,47
-41,-17,46
-41,-17,46
-41,-18,46
-41,-18,47
-41,-18,46
-41,-17,46
-40,-18,46
-40,-18,46
-40,-19,46
-40,-18,46
-41,-18,47
-41,-17,47
-41,-17,47
-41,-17,47
-41,-17,47
-41,-17,47
-41,-18,47
-41,-18,47
-40,-17,47
-40,-17,47
-40,-17,46
-41,-18,46
-41,-18,47
-40,-18,47
-40,-17,47
-41,-16,47
-41,-16,47
-40,-17,47
-41,-17,47
-41,-17,47
-40,-18,47
-41,-18,46
-41,-18,46
-42,-18,46
-41,-17,47
-41,-18,47
-41,-17,47
-41,-18,47
-41,-16,47
-40,-16,48
-38,-16,49
-36,-16,49
-36,-15,47
-39,-16,46
-41,-18,48
-41,-19,48
-40,-17,48
-39,-16,47
-40,-16,48
-40,-17,46
-40,-18,47
-41,-18,47
-42,-18,46
-43,-18,46
-42,-18,46
-40,-17,47
-40,-17,47
-40,-17,47
-40,-17,47
-40,-17,46
-42,-18,47
-42,-17,46
-42,-18,46
-41,-18,46
-41,-18,46
-41,-17,47
-41,-14,47
-41,-14,47
-41,-16,46
-41,-17,46
-41,-20,45
-42,-21,46
-42,-20,46
-41,-18,46
-42,-17,46
-41,-16,46
-41,-17,46
-41,-19,45
-42,-19,46
-43,-18,46
-45,-18,46
-45,-16,44
-45,-15,43
-41,-14,43
-41,-14,46
-44,-15,46
-43,-15,46
-43,-16,46
-44,-16,45
-43,-16,45
-42,-16,45
-42,-16,45
-42,-16,45
-42,-16,45
-42,-17,45
-43,-17,45
-43,-18,45
-44,-17,44
-43,-18,44
-43,-18,44
-43,-18,44
-42,-18,44
-43,-18,44
-43,-18,44
-44,-18,44
-44,-17,45
-43,-17,45
-43,-17,45
-44,-17,45
-44,-17,45
-43,-17,45
-42,-16,44
-43,-16,45
-43,-16,45
-43,-16,45
-44,-16,44
-43,-17,45
-43,-17,45
-43,-17,45
-43,-16,45
-44,-17,44
-43,-17,45
-44,-17,44
-43,-17,44
-43,-17,45
-43,-17,45
-43,-17,45
-43,-17,44
-43,-17,44
-44,-17,44
-43,-17,44
-43,-16,44
-44,-17,44
-43,-16,44
-44,-16,45
-44,-16,45
-44,-16,45
-43,-16,45
-43,-16,45
-44,-16,45
-43,-16,45
-44,-16,45
-44,-16,44
-43,-16,45
-43,-17,44
-43,-16,45
-44,-16,44
-44,-17,44
-44,-17,45
-43,-17,45
-43,-17,45
-44,-17,44
-43,-16,45
-43,-17,44
-43,-17,44
-43,-16,45
-43,-16,45
-44,-16,45
-43,-16,44
-43,-16,45
-44,-16,45
-43,-16,45
-44,-16,44
-43,-16,45
-44,-16,45
-44,-16,44
-43,-16,45
-44,-16,45
-44,-17,45
-44,-16,45
-43,-16,45
-44,-17,45
-44,-17,45
-44,-16,45
-43,-16,45
-43,-16,45
-43,-16,45
-43,-17,45
-43,-17,45
-43,-17,44
-42,-17,45
-43,-16,45
-43,-16,45
-43,-16,45
-43,-16,45
-43,-16,45
-43,-16,45
-43,-17,45
-43,-17,45
-43,-17,45
-43,-17,46
-43,-16,46
-43,-17,45
-43,-16,45
-42,-17,44
-42,-17,45
-41,-17,45
-43,-16,46
-43,-16,46
-43,-16,45
-43,-17,45
-43,-17,45
-43,-17,45
-42,-16,46
-42,-16,46
-42,-16,45
-43,-16,45
-43,-16,45
-44,-17,45
-43,-17,45
-43,-16,45
-43,-16,45
-43,-16,45
-43,-16,45
-43,-16,45
-43,-16,45
-43,-16,45
-43,-16,45
-43,-16,45
-43,-17,45
-42,-16,46
-43,-16,45
-43,-16,45
-43,-17,44
-43,-19,44
-41,-18,45
-41,-17,46
-43,-15,46
-44,-15,45
-45,-17,44
-44,-17,45
-42,-17,46
-42,-16,45
-42,-16,45
-42,-16,45
-42,-16,45
-43,-17,45
-43,-17,45
-51,-19,44
-55,-21,43
-59,-22,48
-67,-27,49
-17,-14,54
-7,-12,54
10,-6,51
20,-4,51
27,-7,55
17,-10,55
8,-11,53
-23,-17,45
-49,-18,36
-86,-24,30
-89,-25,30
-73,-22,34
-60,-21,37
-42,-21,44
-38,-19,44
-32,-17,46
-28,-15,48
-28,-15,49
-33,-15,48
-37,-16,48
-44,-17,46
-47,-18,46
-49,-18,45
-47,-19,45
-42,-19,45
-40,-18,44
-40,-17,43
-41,-16,43
-43,-16,44
-45,-16,46
-45,-16,46
-45,-18,46
-44,-18,46
-44,-19,44
-44,-18,43
-41,-17,43
-40,-17,44
-41,-17,44
-42,-17,44
-44,-17,44
-46,-18,45
-46,-18,44
-45,-17,43
-45,-17,43
-44,-18,42
-44,-18,42
-44,-19,43
-44,-18,43
-43,-17,45
-42,-17,46
-42,-17,46
-42,-17,45
-42,-17,45
-44,-17,45
-43,-18,44
-42,-18,43
-43,-19,43
-45,-18,43
-46,-18,44
-46,-17,45
-45,-16,45
-42,-16,45
-43,-17,43
-45,-16,40
-44,-16,41
-43,-17,45
-51,-14,43
-53,-15,42
-38,-16,53
-34,-15,53
-33,-15,48
-32,-16,47
-32,-18,56
-33,-17,58
-35,-17,51
-31,-17,54
-27,-15,58
-23,-15,58
-21,-15,51
-24,-15,54
-27,-16,56
-30,-18,55
-34,-17,52
-37,-16,52
-35,-17,54
-32,-16,55
-32,-16,56
-29,-15,55
-35,-15,52
-40,-17,48
-40,-18,46
-39,-19,47
-37,-19,49
-37,-19,50
-36,-17,52
-35,-17,53
-33,-17,53
-32,-17,52
-30,-18,52
-30,-18,52
-29,-18,53
-30,-18,53
-28,-17,53
-26,-16,49
-22,-16,52
-26,-16,53
-32,-17,53
-36,-21,52
-41,-19,52
-50,-17,47
-48,-16,46
-44,-17,43
-44,-17,42
-43,-17,44
-42,-17,45
-43,-16,45
-46,-16,42
-48,-16,41
-43,-17,44
-43,-18,46
-46,-17,47
-47,-16,46
-42,-15,42
-40,-16,43
-42,-16,45
-41,-16,46
-42,-17,45
-43,-18,45
-43,-17,45
-42,-18,45
-43,-18,43
-44,-17,42
-43,-17,44
-44,-17,45
-44,-17,45
-46,-16,44
-46,-16,44
-46,-17,43
-46,-18,43
-45,-18,43
-45,-18,43
-44,-17,43
-45,-16,43
-43,-16,44
-43,-16,44
-44,-16,44
-43,-16,44
-44,-16,44
-45,-17,44
-45,-17,44
-45,-17,44
-45,-17,44
-43,-17,43
-44,-17,43
-44,-16,44
-44,-18,43
-44,-18,43
-43,-18,43
-43,-18,43
-43,-18,43
-43,-18,44
-43,-17,45
-43,-17,45
-43,-17,46
-44,-16,45
-43,-16,45
-43,-16,45
-43,-16,45
-43,-16,45
-43,-17,45
-42,-17,45
-43,-17,45
-42,-17,45
-43,-17,45
-43,-17,45
-43,-17,45
-43,-17,45
-43,-17,45
-43,-17,45
-42,-17,46
-43,-17,46
-43,-17,46
-43,-17,45
-43,-17,45
-42,-17,44
-42,-17,45
-42,-17,45
-42,-17,46
-42,-17,46
-42,-17,46
-42,-17,46
-42,-17,46
-42,-17,46
-42,-17,46
-42,-17,46
-42,-17,45
-42,-17,45
-43,-17,45
-43,-17,45
-43,-17,45
-42,-17,46
-42,-17,46
-42,-17,46
-42,-17,46
-42,-17,45
-42,-17,46
-42,-17,46
-42,-17,46
-42,-17,46
-43,-17,46
-42,-17,46
-42,-17,46
-42,-17,45
-42,-17,46
-42,-17,46
-42,-17,46
-42,-17,46
-42,-17,46
-42,-17,46
-42,-17,46
-42,-17,46
-42,-17,46
-42,-17,45
-42,-17,46
-43,-17,46
-42,-17,45
-42,-17,46
-42,-17,46
-42,-17,45
-41,-17,46
-41,-17,46
-43,-17,46
-42,-17,46
-42,-17,46
-41,-18,45
-41,-18,46
-41,-17,46
-42,-16,46
-42,-16,46
-43,-17,46
-42,-17,45
-41,-17,46
-42,-17,46
-42,-17,46
-43,-17,46
-42,-17,46
-42,-18,45
-42,-18,45
-42,-17,46
-41,-17,46
-42,-17,46
-42,-17,46
-42,-18,45
-41,-18,45
-42,-18,46
-42,-17,46
-42,-17,46
-41,-17,46
-41,-17,45
-41,-18,46
-41,-17,46
-41,-17,46
-41,-16,47
-43,-15,47
-43,-15,47
-43,-17,45
-43,-17,45
-43,-19,44
-43,-18,45
-43,-17,45
-44,-16,45
-44,-16,45
-44,-16,45
-44,-16,45
-43,-17,46
-43,-17,46
-42,-16,45
-42,-16,45
-42,-17,45
-41,-17,45
-42,-18,45
-41,-18,45
-42,-18,45
-42,-18,45
-43,-18,45
-44,-18,45
-44,-18,45
-44,-17,45
-43,-17,45
-43,-17,45
-42,-17,45
-43,-18,45
-49,-20,45
-51,-20,46
-51,-21,49
-43,-20,51
-34,-19,52
-39,-28,55
-24,-22,63
-19,-18,64
-15,-22,72
-13,-17,73
-22,-9,68
-33,-3,61
-40,6,54
-43,9,49
-40,10,46
-29,14,50
-19,17,53
-8,23,52
-8,27,48
-15,31,42
-15,33,42
-7,36,45
-2,37,44
-1,39,43
-1,37,43
-5,36,43
-4,33,50
0,33,54
-6,33,55
-16,33,51
-14,34,54
-10,35,54
-11,35,52
-12,34,53
-22,30,51
-19,31,52
-7,30,59
-15,27,53
-18,28,49
-25,31,48
-27,31,49
-24,30,54
-23,29,53
-25,26,55
-33,24,55
-43,29,48
-41,32,42
-20,25,51
-20,18,58
-41,16,54
-39,21,49
-35,22,48
-28,19,52
-28,19,53
-33,19,48
-36,20,46
-37,22,48
-36,24,45
-30,22,41
-15,25,43
-15,22,51
-29,20,46
-31,21,47
-38,16,38
-53,15,28
-51,19,28
-41,18,36
-29,4,53
-31,-2,60
-28,-1,67
-29,0,67
-49,-18,67
-45,-23,69
-26,-14,70
-20,-16,66
-8,-17,62
-33,-30,59
-35,-24,57
-28,-23,52
-29,-24,44
-41,-28,33
-49,-30,30
-50,-33,34
-48,-30,34
-43,-26,44
-45,-23,51
-49,-14,52
-44,-10,49
-44,-8,48
-40,-8,47
-37,-12,46
-37,-18,45
-39,-19,46
-42,-20,45
-43,-20,45
-43,-19,45
-42,-18,46
-39,-17,48
-38,-17,48
-36,-17,49
-37,-17,48
-39,-17,48
-41,-17,48
-41,-18,47
-40,-18,46
-40,-18,46
-39,-18,47
-40,-18,47
-41,-18,47
-41,-18,48
-42,-18,46
-41,-18,46
-41,-18,46
-40,-18,47
-40,-18,47
-40,-18,47
-40,-18,47
-39,-18,47
-39,-18,47
-39,-17,48
-39,-17,48
-40,-17,47
-40,-17,47
-40,-17,46
-41,-18,47
-41,-18,47
-41,-18,47
-40,-18,47
-40,-18,48
-40,-18,47
-39,-17,46
-38,-18,46
-40,-18,47
-41,-18,47
-41,-18,48
-41,-18,48
-41,-17,47
-39,-16,46
-38,-17,47
-39,-19,47
-40,-19,47
-40,-18,48
-41,-18,49
-41,-17,47
-39,-16,46
-39,-18,46
-41,-20,46
-41,-20,46
-41,-20,47
-41,-19,48
-39,-16,47
-38,-15,47
-39,-17,47
-40,-18,47
-40,-19,48
-41,-19,48
-39,-17,47
-39,-16,46
-38,-16,47
-39,-17,47
-41,-19,47
-41,-19,48
-42,-19,48
-41,-17,46
-39,-16,45
-40,-17,46
-41,-19,46
-42,-20,46
-41,-20,47
-40,-19,48
-40,-18,48
-39,-15,47
-38,-15,47
-39,-18,48
-39,-18,48
-40,-18,48
-40,-18,47
-40,-18,47
-39,-18,46
-39,-18,46
-40,-18,47
-41,-19,47
-41,-18,46
-41,-18,47
-41,-17,48
-41,-17,48
-40,-16,48
-39,-16,47
-40,-17,47
-40,-17,47
-40,-17,47
-40,-18,46
-40,-18,46
-41,-18,46
-41,-18,47
-42,-17,46
-41,-17,46
-41,-17,47
-41,-16,46
-41,-17,46
-39,-17,45
-39,-17,46
-41,-17,47
-41,-17,47
-42,-16,47
-43,-16,47
-43,-16,47
-43,-16,47
-42,-17,47
-41,-17,46
-41,-17,45
-41,-17,45
-42,-17,45
-43,-17,46
-43,-17,46
-43,-16,45
-43,-17,46
-42,-17,46
-42,-17,46
-41,-18,46
-42,-18,45
-41,-18,45
-41,-18,45
-42,-17,46
-43,-17,46
-43,-16,46
-42,-17,45
-42,-17,45
-42,-18,44
-42,-19,44
-43,-19,44
-43,-19,44
-43,-18,45
-43,-17,46
-42,-17,46
-42,-17,46
-41,-17,46
-41,-17,46
-42,-17,46
-43,-16,46
-42,-16,45
-43,-17,45
-43,-17,45
-43,-18,46
-43,-17,46
-43,-17,45
-43,-17,45
-43,-17,45
-43,-16,45
-43,-16,45
-42,-17,45
-42,-17,45
-42,-17,46
-42,-17,46
-42,-17,46
-42,-17,46
-42,-17,46
-42,-17,46
-41,-17,46
-42,-17,46
-42,-17,46
-42,-17,46
-42,-17,46
-42,-17,46
-43,-17,46
-42,-17,46
-43,-17,46
-42,-17,46
-42,-17,46
-42,-17,45
-42,-17,45
-42,-17,46
-42,-17,46
-42,-17,46
-41,-18,46
-41,-18,46
-41,-17,46
-41,-18,46
-42,-17,46
-42,-17,46
-41,-17,46
-41,-17,46
-41,-17,46
-41,-17,46
-41,-17,46
-41,-17,47
-41,-17,46
-41,-17,46
-41,-17,46
-41,-17,46
-41,-17,46
-41,-17,46
-41,-17,46
-41,-17,46
-41,-17,46
-41,-17,46
-42,-17,46
-42,-17,46
-41,-17,45
-42,-17,45
-42,-18,45
-42,-18,45
-43,-17,44
-43,-17,45
-44,-17,45
-45,-17,45
-44,-17,45
-44,-17,45
-43,-17,45
-43,-17,45
-43,-17,44
-43,-18,44
-43,-18,44
-43,-19,43
-43,-19,43
-43,-20,43
-43,-20,43
-44,-20,43
-45,-20,43
-44,-20,43
-43,-19,43
-43,-19,44
-44,-18,44
-44,-18,44
-44,-18,44
-44,-18,44
-43,-18,44
-43,-18,45
-43,-18,44
-43,-18,44
-43,-17,45
-43,-17,44
-43,-18,44
-43,-18,44
-43,-19,44
-43,-18,44
-44,-18,44
-43,-18,44
-44,-18,44
-44,-17,44
-44,-18,44
-44,-18,44
-43,-17,44
-43,-18,44
-43,-18,44
-43,-18,44
-43,-18,44
-44,-17,44
-44,-17,44
-44,-17,44
-44,-18,44
-44,-19,43
-44,-18,44
-44,-18,44
-43,-18,44
-43,-18,44
-44,-18,44
-44,-18,44
-44,-18,44
-43,-17,44
-43,-18,44
-43,-17,44
-44,-17,44
-44,-17,44
-44,-17,44
-44,-18,44
-44,-18,44
-44,-18,44
-43,-18,44
-44,-18,44
-44,-18,44
-44,-17,44
-44,-18,44
-43,-18,44
-44,-18,44
-44,-18,44
-44,-17,44
-43,-17,44
-44,-18,44
-43,-18,44
-43,-18,44
-43,-18,44
-43,-17,44
-43,-17,44
-43,-18,44
-43,-18,44
-43,-18,44
-44,-18,44
-44,-18,44
-43,-18,43
-43,-18,44
-42,-18,44
-43,-18,44
-43,-18,44
-43,-18,44
-44,-17,43
-46,-17,43
-46,-18,42
-46,-18,42
-46,-18,41
-46,-19,41
-46,-19,41
-46,-20,41
-46,-20,41
-46,-20,40
-47,-21,40
-47,-21,40
-46,-21,40
-46,-21,40
-46,-21,40
-47,-21,40
-46,-21,39
-46,-21,39
-46,-21,39
-46,-21,40
-47,-21,40
-47,-21,40
-48,-22,39
-50,-22,38
-47,-22,39
-44,-22,40
-42,-20,42
-42,-20,42
-44,-19,42
-45,-19,41
-46,-19,40
-48,-20,40
-48,-21,39
-51,-22,37
-52,-23,37
-48,-24,35
-46,-23,35
-46,-22,36
-48,-22,36
-47,-24,36
-47,-25,36
-49,-25,35
-52,-25,35
-52,-24,36
-50,-23,36
-48,-23,36
-47,-22,36
-47,-21,36
-47,-21,37
-47,-20,37
-48,-20,38
-48,-20,38
-48,-19,38
-48,-20,38
-48,-21,38
-48,-22,37
-49,-22,37
-48,-23,37
-48,-23,37
-48,-23,37
-48,-23,37
-48,-23,36
-48,-23,36
-48,-22,37
-48,-22,37
-48,-22,37
-48,-22,37
-48,-22,37
-48,-21,37
-48,-21,37
-48,-21,37
-48,-21,37
-48,-21,37
-48,-21,38
-48,-21,38
-48,-21,38
-48,-21,37
-48,-21,37
-48,-22,38
-48,-22,37
-48,-22,37
-48,-22,37
-48,-22,37
-48,-22,37
-48,-22,37
-48,-22,37
-48,-22,37
-48,-22,37
-48,-22,37
-48,-22,37
-48,-22,37
-48,-22,38
-48,-22,38
-48,-22,38
-48,-21,37
-48,-21,37
-48,-22,37
-48,-22,37
-48,-22,37
-48,-22,37
-48,-22,37
-48,-21,37
-48,-22,37
-48,-22,38
-48,-22,38
-48,-22,37
-48,-22,37
-48,-22,37
-48,-22,37
-48,-22,37
-48,-22,37
-48,-22,37
-48,-22,37
-48,-22,37
-48,-22,37
-48,-22,38
-48,-22,37
-48,-22,37
-48,-22,37
-48,-22,37
-47,-22,37
-48,-23,37
-48,-23,37
-47,-23,37
-47,-23,37
-47,-22,37
-47,-22,37
-48,-22,37
-48,-22,37
-48,-22,37
-48,-22,37
-48,-22,37
-48,-22,37
-48,-22,37
-48,-22,37
-49,-22,37
-49,-22,38
-48,-22,38
-48,-23,37
-46,-22,36
-45,-22,36
-46,-22,37
-47,-23,38
-48,-22,39
-49,-22,38
-48,-22,38
-48,-23,37
-48,-23,37
-48,-22,37
-48,-22,37
-48,-21,37
-48,-21,37
-48,-22,37
-48,-22,37
-49,-22,37
-49,-22,37
-49,-22,37
-48,-22,37
-48,-22,37
-48,-22,37
-48,-22,37
-48,-22,37
-48,-22,37
-48,-22,37
-48,-22,37
-48,-22,37
-48,-22,37
-48,-21,37
-48,-22,37
-48,-22,37
-48,-22,37
-48,-22,37
-49,-21,37
-49,-21,37
-48,-22,37
-48,-21,37
-48,-21,37
-48,-22,37
-48,-22,37
-48,-22,37
-48,-22,37
-48,-21,37
-48,-21,37
-48,-22,37
-48,-22,37
-48,-22,37
-48,-22,37
-48,-22,37
-48,-22,37
-48,-21,37
-48,-22,37
-48,-21,37
-48,-21,37
-48,-22,37
-48,-22,37
-48,-21,37
-48,-21,37
-48,-21,37
-48,-22,37
-48,-22,37
-48,-22,37
-48,-22,37
-48,-22,37
-48,-22,37
-48,-22,37
-48,-22,37
-48,-22,37
-48,-22,37
-48,-22,37
-48,-22,37
-48,-22,37
-48,-22,37
-48,-22,37
-48,-22,37
-48,-22,37
-48,-22,37
-48,-22,37
-48,-22,37
-48,-22,37
-48,-23,37
-48,-22,37
-48,-23,37
-48,-22,37
-48,-23,37
-47,-23,37
-48,-22,37
-47,-22,37
-48,-23,37
-47,-23,37
-48,-23,37
-48,-23,37
-48,-23,37
-48,-23,37
-48,-22,37
-48,-23,37
-48,-22,37
-48,-22,37
-48,-22,37
-48,-22,37
-48,-22,37
-48,-22,37
-48,-22,37
-48,-22,37
-48,-22,37
-48,-22,37
-48,-22,37
-48,-22,37
-48,-22,37
-48,-22,37
-48,-22,37
-48,-22,37
-48,-22,37
-48,-22,37
-48,-22,37
-48,-22,37
-48,-22,37
-48,-22,37
-48,-22,37
-48,-22,37
-48,-22,37
-48,-22,37
-48,-22,37
-48,-22,37
-48,-22,37
-48,-22,37
-48,-22,37
-48,-22,37
-48,-22,37
-48,-22,37
-48,-22,37
-48,-22,37
-48,-22,37
-48,-22,37
-48,-22,37
-48,-22,37
-48,-22,37
-48,-21,37
-48,-22,37
-48,-22,37
-48,-22,37
-48,-22,37
-48,-22,37
-48,-22,37
-48,-22,37
-48,-22,37
-48,-22,37
-48,-22,37
-48,-22,37
-48,-21,37
-48,-22,37
-48,-22,37
-48,-22,37
-48,-22,37
-48,-22,37
-48,-22,37
-48,-22,37
-48,-22,37
-48,-22,37
-48,-22,37
-48,-22,37
-48,-22,37
-48,-22,37
-48,-22,37
-48,-22,37
-48,-22,37
-48,-22,37
-48,-22,37
-48,-22,37
-48,-22,37
-48,-23,37
-48,-22,37
-48,-22,37
-48,-22,37
-48,-22,37
-48,-22,37
-48,-22,37
-48,-23,37
-48,-23,37
-48,-23,37
-47,-23,37
-48,-23,37
-48,-23,37
-47,-23,37
-48,-22,37
-48,-23,37
-47,-23,37
-48,-23,37
-47,-23,37
-47,-23,37
-48,-23,37
-48,-23,37
-48,-23,37
-48,-23,37
-48,-23,37
-48,-23,37
-47,-23,37
-48,-23,37
-48,-23,37
-48,-22,37
-48,-23,37
-48,-22,37
-48,-23,37
-48,-22,37
-48,-22,37
-48,-22,37
-48,-22,37
-48,-22,37
-48,-22,37
-48,-22,37
-48,-22,37
-48,-22,37
-48,-22,37
-48,-22,37
-48,-22,37
-48,-22,37
-48,-22,37
-48,-22,37
-48,-23,37
-47,-23,36
-47,-22,37
-48,-22,37
-48,-22,37
-48,-22,37
-48,-22,37
-48,-22,37
-48,-22,37
-48,-22,37
-48,-22,37
-48,-22,37
-48,-22,37
-48,-22,37
-48,-22,37
-48,-22,37
-48,-22,37
-48,-22,37
-48,-22,37
-48,-22,37
-48,-22,37
-48,-22,37
-48,-22,37
-48,-22,37
-48,-22,37
-48,-22,37
-48,-22,37
-48,-22,37
-48,-22,37
-48,-21,37
-48,-22,37
-48,-21,37
-48,-22,37
-48,-22,37
-48,-22,37
-48,-22,37
-48,-22,37
-48,-22,37
-48,-22,37
-48,-22,37
-48,-22,37
-48,-22,37
-48,-22,37
-48,-22,37
-48,-22,37
-48,-22,37
-48,-22,37
-48,-22,37
-48,-22,37
-48,-22,37
-48,-23,37
-48,-22,37
-48,-22,37
-48,-22,37
-48,-23,37
-48,-23,37
-48,-23,37
-48,-23,37
-48,-23,37
-47,-23,37
-47,-23,37
-47,-23,37
-47,-23,37
-47,-23,37
-48,-23,37
-48,-23,37
-48,-23,37
-48,-22,37
-48,-23,37
-48,-23,37
-48,-23,37
-48,-23,37
-48,-22,37
-48,-22,37
-48,-22,37
-48,-22,37
-48,-22,37
-48,-22,37
-48,-22,37
-48,-22,37
-47,-22,37
-47,-22,38
-48,-22,37
-48,-22,37
-48,-22,37
-48,-22,37
-48,-22,37
-48,-22,37
-48,-22,37
-48,-22,37
-48,-23,37
-48,-22,37
-48,-22,37
-48,-22,37
-48,-22,37
-48,-22,37
-48,-23,37
-48,-23,38
-48,-23,38
-49,-23,37
-46,-20,34
-46,-20,34
-50,-24,36
-51,-25,37
-51,-24,37
-49,-23,37
-47,-23,35
-46,-24,35
-51,-28,34
-55,-30,35
-55,-31,36
-53,-34,42
-46,-36,46
-29,-35,48
-12,-39,50
-4,-40,53
-5,-39,55
-13,-37,52
-10,-33,53
-16,-25,44
-22,-23,41
-32,-17,38
-38,-11,34
-42,-7,31
-56,2,20
-61,5,15
-65,11,13
-65,12,13
-66,13,12
-67,15,7
-68,15,6
-66,17,8
-67,20,10
-76,20,9
-97,17,-4
-89,2,8
-70,2,17
-63,2,19
-63,5,21
-51,7,21
-66,3,19
-46,1,22
-46,3,20
-41,4,21
-43,3,23
-67,-1,19
-84,-1,13
-83,0,13
-70,1,16
-61,3,19
-55,1,21
-54,5,23
-55,6,25
-52,7,27
-52,7,27
-51,5,29
-54,2,28
-58,0,25
-65,0,20
-56,-10,26
-72,-10,16
-61,-12,19
-63,-13,15
-61,-11,14
-66,-12,11
-74,-10,2
-59,-16,21
-55,-20,14
-63,-17,8
-94,-7,-1
1,-23,49
-61,-23,16
-99,-23,-8
-43,-16,12
-68,-23,7
-72,-18,6
-67,-18,11
-62,-17,17
-56,-17,28
-54,-16,31
-48,-13,33
-46,-11,34
-47,-11,35
-50,-12,34
-55,-15,32
-56,-15,32
-55,-15,31
-54,-15,31
-53,-15,31
-54,-15,30
-54,-15,30
-55,-15,29
-57,-14,29
-59,-14,27
-58,-15,26
-58,-15,26
-58,-15,25
-58,-15,24
-59,-15,25
-59,-15,25
-59,-16,25
-59,-16,25
-58,-17,25
-58,-17,25
-58,-17,25
-59,-16,24
-58,-14,24
-57,-13,25
-56,-13,28
-56,-12,31
-55,-12,31
-54,-11,30
-54,-11,31
-55,-13,32
-56,-13,32
-55,-14,30
-54,-12,29
-53,-12,29
-53,-13,30
-57,-16,32
-59,-17,31
-59,-16,28
-51,-14,29
-51,-14,31
-55,-14,31
-57,-14,31
-58,-15,30
-56,-15,30
-56,-15,31
-56,-15,31
-57,-15,30
-56,-14,30
-54,-14,31
-54,-14,31
-53,-14,32
-54,-14,32
-54,-14,32
-54,-15,32
-54,-15,32
-54,-15,32
-54,-15,32
-54,-15,31
-55,-15,31
-55,-15,31
-52,-15,31
-47,-13,32
-48,-14,31
-51,-14,29
-65,-17,22
-69,-17,20
-68,-19,18
-65,-19,18
-60,-17,20
-60,-16,21
-61,-15,22
-62,-15,23
-58,-15,27
-56,-15,27
-51,-14,28
-50,-13,30
-51,-13,31
-54,-14,32
-56,-15,32
-56,-15,32
-56,-16,31
-55,-15,31
-55,-15,30
-56,-16,30
-56,-16,30
-56,-16,30
-55,-15,30
-55,-15,30
-56,-15,31
-56,-15,31
-55,-15,31
-55,-15,31
-54,-15,31
-54,-15,31
-54,-15,31
-55,-15,31
-56,-15,31
-56,-15,31
-55,-15,31
-55,-15,31
-55,-15,31
-55,-15,31
-55,-15,31
-55,-15,31
-55,-15,31
-55,-15,30
-55,-15,31
-55,-15,30
-55,-15,30
-55,-15,30
-55,-15,30
-55,-15,31
-55,-15,31
-55,-15,31
-55,-15,31
-55,-15,31
-55,-15,31
-55,-15,30
-55,-15,30
-55,-15,31
-56,-15,30
-55,-15,30
-55,-15,30
-56,-15,30
-56,-15,30
-55,-15,30
-55,-15,30
-55,-15,30
-55,-15,30
-55,-15,30
-55,-15,31
-55,-15,30
-55,-15,31
-55,-15,30
-55,-15,31
-55,-15,31
-55,-15,31
-55,-15,31
-55,-15,31
-55,-15,31
-55,-15,31
-55,-15,31
-55,-15,31
-55,-15,31
-55,-15,31
-55,-15,31
-55,-15,31
-55,-15,31
-55,-15,31
-55,-15,31
-55,-15,31
-54,-15,31
-55,-15,31
-55,-15,31
-55,-15,31
-55,-15,31
-55,-15,31
-55,-15,31
-55,-15,31
-55,-15,31
-55,-15,31
-55,-15,31
-54,-15,31
-54,-15,31
-54,-14,32
-54,-14,31
-55,-15,31
-56,-15,31
-56,-16,30
-56,-16,30
-54,-15,31
-54,-14,32
-54,-13,32
-55,-14,32
-56,-15,30
-56,-16,30
-55,-15,31
-54,-15,31
-55,-15,31
-55,-15,31
-55,-15,31
-55,-15,31
-55,-14,31
-55,-14,31
-54,-15,31
-54,-14,31
-54,-14,31
-55,-15,31
-55,-15,31
-54,-15,31
-54,-15,31
-54,-14,32
-54,-15,32
-55,-14,31
-54,-15,31
-55,-15,31
-55,-15,31
-55,-15,31
-55,-14,32
-55,-14,31
-55,-14,31
-55,-15,31
-56,-15,31
-56,-15,30
-55,-15,30
-55,-15,30
-55,-14,30
-55,-15,31
-55,-15,31
-56,-15,30
-55,-15,30
-54,-15,31
-55,-15,31
-56,-15,30
-56,-15,30
-56,-14,30
-55,-14,30
-55,-14,30
-55,-14,30
-55,-14,30
-56,-15,30
-56,-15,30
-56,-15,29
-56,-15,30
-56,-15,30
-56,-14,30
-56,-15,30
-56,-15,30
-56,-15,30
-55,-15,31
-55,-14,30
-55,-14,30
-55,-14,31
-56,-14,30
-55,-14,30
-55,-15,30
-55,-15,30
-55,-15,30
-55,-15,31
-56,-15,30
-55,-15,30
-55,-15,30
-55,-15,30
-56,-15,30
-55,-15,30
-55,-15,30
-55,-15,30
-55,-14,30
-55,-15,30
-56,-15,30
-56,-15,30
-56,-15,30
-56,-15,30
-56,-15,30
-55,-15,30
-56,-15,30
-56,-15,30
-56,-15,30
-56,-15,30
-56,-15,30
-56,-15,30
-56,-15,30
-55,-15,30
-56,-15,30
-56,-15,30
-56,-15,30
-56,-15,30
-56,-15,30
-55,-15,30
-55,-15,30
-56,-15,30
-56,-15,30
-55,-15,30
-56,-15,30
-55,-15,30
-55,-15,30
-55,-15,30
-55,-15,31
-55,-15,31
-55,-15,30
-56,-15,30
-55,-15,30
-55,-15,30
-55,-15,31
-55,-15,31
-55,-15,31
-55,-15,31
-55,-15,30
-55,-15,31
-55,-15,31
-55,-15,31
-55,-14,30
-55,-14,31
-55,-15,31
-55,-15,31
-55,-15,31
-55,-14,31
-55,-15,31
-55,-15,31
-55,-14,31
-55,-14,31
-55,-15,31
-55,-15,31
-55,-15,31
-55,-15,31
-55,-15,31
-55,-14,31
-55,-15,31
-55,-14,31
-55,-14,31
-55,-14,31
-55,-15,31
-55,-15,31
-55,-15,31
-55,-14,31
-55,-15,31
-55,-15,31
-55,-15,31
-55,-15,31
-55,-15,31
-55,-15,31
-55,-15,31
-55,-14,31
-55,-15,31
-55,-15,31
-55,-14,31
-55,-15,31
-55,-14,31
-55,-15,31
-55,-14,31
-55,-14,31
-55,-14,31
-55,-14,31
-55,-14,31
-55,-15,31
-55,-15,31
-55,-15,31
-55,-15,31
-55,-15,31
-55,-14,31
-55,-15,31
-55,-15,31
-55,-15,31
-55,-15,30
-55,-15,31
-55,-15,31
-55,-15,31
-55,-15,31
-55,-15,31
-55,-15,31
-56,-15,30
-56,-15,30
-55,-15,30
-55,-15,30
-55,-15,30
-55,-15,31
-55,-15,30
-55,-15,30
-55,-15,30
-56,-15,30
-56,-15,30
-56,-15,30
-56,-15,30
-56,-15,30
-56,-15,30
-55,-15,30
-56,-15,30
-55,-15,30
-55,-15,30
-55,-15,30
-54,-14,31
-55,-14,30
-56,-14,31
-56,-14,30
-56,-15,30
-55,-15,30
-55,-15,30
-55,-15,30
-55,-15,30
-55,-15,30
-56,-15,30
-55,-15,30
-55,-14,31
-56,-14,31
-55,-14,31
-55,-14,31
-55,-14,31
-55,-14,31
-55,-14,31
-55,-15,31
-55,-14,31
-55,-15,31
-55,-15,31
-56,-15,31
-55,-15,30
-55,-15,30
-55,-15,30
-55,-15,31
-55,-15,31
-55,-14,31
-55,-15,31
-56,-15,30
-55,-15,30
-55,-15,31
-55,-16,31
-55,-16,31
-55,-16,32
-55,-16,31
-56,-16,31
-56,-15,30
-56,-15,30
-55,-14,31
-55,-14,32
-53,-14,33
-52,-13,34
-52,-14,34
-55,-15,33
-55,-15,33
-54,-15,32
-54,-14,31
-53,-14,32
-53,-14,32
-54,-14,33
-54,-14,33
-54,-14,32
-53,-14,33
-54,-14,33
-54,-14,33
-54,-14,33
-54,-13,32
-54,-13,32
-52,-14,33
-50,-15,33
-51,-13,32
-54,-13,30
-60,-11,24
-62,-11,23
-63,-13,24
-61,-12,25
-61,-11,25
-64,-11,23
-66,-12,22
-63,-15,23
-63,-15,25
-57,-16,30
-59,-15,33
-54,-16,40
-48,-15,44
-49,-20,57
-47,-26,61
-24,-19,67
3,-5,69
7,-10,66
-6,-6,53
-12,-4,49
-18,4,44
-20,7,41
-20,12,37
-25,13,33
-51,8,27
-68,4,24
-76,3,39
-71,-4,33
-71,-3,27
-59,0,32
-48,0,34
-43,-3,38
-45,-6,43
-45,-11,50
-44,-10,50
-41,-10,50
-42,-8,48
-43,-7,45
-44,-7,44
-45,-9,44
-47,-11,45
-47,-12,45
-43,-11,45
-41,-12,46
-42,-11,44
-40,-13,45
-27,-21,51
-25,-24,54
-24,-28,54
-24,-28,52
-22,-32,54
-15,-32,57
6,-22,67
4,-25,71
-3,-26,68
-6,-23,58
-7,-22,56
-10,-19,57
-12,-19,58
-11,-19,58
-11,-20,58
-9,-20,58
-7,-20,59
-3,-19,61
-5,-20,60
-6,-20,59
-7,-20,59
-6,-20,59
-5,-20,59
-5,-20,60
-6,-20,59
-6,-19,58
-13,-23,59
-16,-26,58
-5,-22,58
0,-22,61
1,-25,63
0,-21,60
-2,-20,60
-6,-20,59
-6,-21,59
-5,-21,59
-4,-21,60
-3,-22,60
-4,-22,60
-3,-22,59
-2,-21,59
-4,-21,60
-4,-21,60
-6,-21,59
-5,-20,59
-5,-21,59
-3,-21,60
-3,-21,61
-6,-21,59
-6,-22,58
-6,-22,59
-5,-23,59
-5,-23,58
-4,-23,58
-6,-22,59
-4,-21,60
-6,-22,59
-6,-23,58
-5,-22,59
-6,-23,59
-7,-23,58
-12,-25,58
-12,-26,58
-13,-25,57
-12,-25,57
-9,-24,59
-8,-24,60
-8,-24,59
-8,-24,59
-12,-25,58
-11,-22,58
-11,-23,58
-12,-23,57
-11,-23,57
-11,-23,57
-11,-23,58
-11,-23,58
-10,-24,58
-9,-24,58
-8,-24,59
-8,-24,59
-9,-23,59
-9,-23,59
-10,-24,58
-10,-24,58
-10,-24,58
-10,-23,58
-9,-24,58
-9,-24,58
-9,-24,58
-9,-24,58
-10,-24,58
-10,-23,58
-10,-24,58
-8,-23,59
-8,-24,59
-8,-24,59
-8,-23,58
-9,-24,58
-10,-24,58
-10,-24,58
-10,-24,58
-10,-24,58
-9,-24,58
-9,-24,58
-9,-24,58
-9,-24,58
-9,-24,58
-9,-24,58
-9,-24,58
-8,-24,59
-9,-24,59
-9,-24,58
-9,-24,58
-9,-24,58
-9,-24,58
-8,-24,58
-8,-24,58
-9,-24,58
-8,-24,58
-9,-24,59
-9,-24,58
-9,-24,58
-9,-24,58
-9,-24,58
-9,-24,58
-9,-24,58
-8,-24,59
-8,-24,59
-9,-24,59
-9,-24,58
-9,-24,58
-9,-24,58
-8,-24,59
-8,-24,58
-9,-24,58
-9,-24,58
-9,-24,58
-9,-24,58
-8,-24,58
-8,-24,58
-8,-24,58
-8,-24,58
-8,-24,58
-9,-24,58
-8,-24,58
-8,-24,58
-8,-24,58
-8,-24,58
-8,-24,58
-8,-24,58
-8,-24,58
-8,-24,58
-9,-24,58
-8,-24,58
-7,-24,59
-7,-24,58
-8,-24,58
-8,-24,59
-8,-24,58
-8,-24,58
-8,-24,58
-8,-24,58
-8,-24,58
-8,-24,58
-8,-24,58
-8,-24,58
-8,-25,58
-8,-24,58
-8,-24,58
-8,-25,58
-8,-24,58
-8,-24,58
-8,-24,58
-7,-24,58
-7,-24,58
-7,-24,58
-7,-25,58
-7,-25,58
-7,-24,59
-7,-24,58
-7,-24,58
-7,-24,58
-7,-24,58
-7,-25,58
-7,-24,58
-7,-24,58
-8,-24,58
-7,-24,58
-7,-24,58
-7,-24,58
-7,-24,58
-8,-24,58
-7,-24,58
-8,-24,58
-7,-24,58
-7,-25,58
-7,-24,58
-8,-24,58
-8,-24,58
-7,-24,58
-7,-24,58
-7,-24,58
-7,-24,58
-7,-24,58
-7,-25,58
-7,-24,58
-7,-24,58
-7,-24,58
-7,-24,58
-8,-24,58
-8,-24,58
-8,-24,58
-7,-24,58
-7,-24,58
-7,-24,58
-8,-24,58
-8,-24,58
-7,-24,59
-7,-24,58
-7,-24,58
-7,-24,58
-7,-25,58
-7,-24,58
-7,-25,58
-7,-24,58
-7,-24,58
-7,-24,58
-7,-24,58
-7,-24,58
-7,-24,58
-7,-24,58
-7,-24,58
-7,-24,58
-7,-24,58
-7,-24,59
-7,-24,58
-8,-24,58
-8,-24,58
-7,-24,58
-7,-24,58
-7,-24,58
-7,-24,58
-7,-24,58
-8,-24,58
-7,-24,58
-7,-24,58
-7,-24,58
-7,-24,59
-7,-24,58
-8,-24,58
-7,-24,58
-8,-24,58
-7,-24,58
-7,-24,59
-7,-25,59
-7,-24,58
-7,-24,58
-7,-24,58
-8,-24,58
-8,-24,58
-7,-24,58
-7,-24,58
-7,-24,58
-7,-24,58
-8,-24,58
-8,-24,58
-8,-24,58
-7,-24,58
-7,-24,58
-7,-24,58
-7,-25,58
-7,-24,58
-7,-24,58
-8,-24,58
-8,-24,58
-7,-24,58
-7,-24,58
-8,-24,58
-8,-24,58
-8,-24,58
-7,-24,58
-7,-24,58
-7,-24,59
-7,-24,58
-7,-24,58
-7,-24,58
-7,-24,58
-7,-24,58
-7,-24,58
-8,-24,58
-8,-24,58
-7,-25,58
-7,-25,58
-5,-25,59
-10,-27,59
-12,-26,56
-13,-26,57
-14,-24,58
-17,-26,57
-16,-20,56
-17,-19,56
-12,-20,59
-11,-20,60
-13,-19,59
-14,-18,58
-13,-18,58
-13,-18,59
-13,-19,60
-14,-20,60
-14,-21,60
-13,-20,60
-14,-20,59
-14,-20,59
-13,-20,60
-13,-19,60
-14,-18,59
-15,-18,59
-19,-16,57
-18,-15,57
-21,-17,57
-19,-18,58
-15,-18,59
-13,-18,60
-15,-20,63
-17,-20,61
-20,-17,57
-20,-16,56
-19,-16,57
-18,-15,59
-17,-15,60
-17,-15,61
-18,-15,60
-18,-14,59
-17,-14,59
-17,-16,62
-19,-13,57
-19,-14,58
-18,-15,59
-18,-15,61
-18,-15,61
-18,-16,62
-16,-15,61
-16,-14,61
-18,-13,59
-18,-11,58
-20,-11,59
-22,-10,59
-24,-8,57
-28,-8,55
-36,-5,49
-44,-7,46
-51,-4,42
-52,-3,42
-45,-2,44
-44,-1,45
-44,-1,44
-45,0,40
-49,0,36
-57,-1,33
-60,-2,31
-63,-5,26
-62,-5,26
-57,-1,27
-57,0,22
-62,-2,22
-60,-6,22
-54,-10,22
-60,-9,17
-63,-8,17
-62,-8,8
-66,-8,5
-65,-5,-1
-65,-5,-8
-65,-2,-13
-65,-1,-13
-66,-2,-14
-66,-3,-13
-64,-2,-9
-65,-2,-10
-65,-3,-10
-63,-2,-8
-65,-2,-8
-65,-3,-8
-64,-3,-6
-64,-3,-7
-64,-3,-7
-64,-4,-7
-65,-4,-7
-65,-4,-9
-64,-4,-9
-64,-4,-8
-64,-4,-9
-63,-3,-11
-64,-3,-14
-64,-2,-12
-64,-3,-12
-64,-2,-13
-64,-3,-12
-64,-3,-10
-64,-3,-11
-64,-3,-11
-64,-3,-11
-64,-3,-11
-64,-3,-10
-64,-3,-14
-65,-3,-16
-67,0,-16
-68,1,-15
-66,0,-14
-66,0,-14
-75,-1,-16
-71,-2,-13
-38,-5,9
-49,-2,13
-69,-3,9
-66,-5,7
-63,-6,11
-64,-4,10
-63,-3,8
-65,-3,3
-65,-3,0
-66,-2,-4
-66,-2,-6
-65,-2,-8
-65,-2,-10
-66,-2,-10
-65,-2,-9
-65,-1,-7
-66,-2,-6
-63,-3,-4
-66,-3,-4
-65,-3,-3
-64,-4,-4
-64,-3,-5
-64,-3,-5
-64,-4,-6
-64,-4,-9
-64,-4,-9
-64,-3,-12
-64,-3,-15
-64,-3,-16
-60,0,-18
-61,-1,-25
-65,1,-21
-66,0,-17
-64,-2,-17
-60,-1,-14
-62,-2,-8
-66,-2,-8
-63,-3,-8
-68,-5,-14
-64,-4,-14
-64,-4,-12
-64,-4,-15
-64,-4,-14
-64,-4,-14
-64,-5,-13
-64,-4,-12
-64,-3,-11
-64,-3,-11
-64,-4,-11
-64,-4,-10
-64,-3,-11
-64,-3,-11
-64,-4,-10
-64,-4,-10
-64,-4,-11
-64,-3,-12
-64,-3,-12
-64,-4,-11
-64,-3,-11
-64,-3,-11
-64,-4,-11
-64,-4,-12
-64,-3,-12
-64,-4,-12
-64,-3,-12
-64,-3,-12
-64,-3,-11
-64,-4,-11
-64,-3,-12
-64,-3,-12
-64,-3,-11
-64,-3,-11
-64,-3,-12
-64,-3,-11
-64,-3,-11
-64,-3,-11
-64,-3,-12
-64,-3,-12
-64,-3,-11
-63,-3,-12
-64,-3,-11
-64,-3,-12
-64,-3,-12
-64,-3,-11
-64,-4,-12
-64,-3,-12
-64,-3,-12
-64,-3,-12
-64,-3,-12
-64,-3,-12
-64,-3,-12
-64,-3,-12
-64,-3,-12
-64,-3,-12
-64,-3,-12
-64,-3,-12
-64,-3,-11
-64,-3,-12
-64,-3,-12
-64,-4,-12
-64,-3,-12
-64,-3,-11
-64,-3,-12
-64,-3,-12
-64,-3,-12
-64,-3,-12
-64,-3,-12
-64,-3,-11
-64,-3,-12
-64,-3,-12
-64,-3,-12
-64,-3,-12
-64,-3,-12
-64,-3,-12
-64,-3,-12
-64,-3,-12
-64,-3,-12
-64,-3,-12
-64,-3,-11
-64,-3,-11
-64,-3,-12
-64,-3,-12
-64,-3,-12
-64,-3,-11
-64,-3,-12
-64,-3,-12
-64,-3,-12
-64,-3,-12
-64,-3,-12
-64,-3,-12
-64,-3,-12
-64,-3,-12
-64,-3,-12
-64,-3,-12
-64,-3,-12
-64,-3,-12
-64,-3,-12
-64,-3,-12
-64,-3,-12
-64,-3,-12
-64,-3,-12
-64,-3,-12
-64,-3,-12
-63,-3,-12
-64,-3,-12
-63,-3,-12
-64,-3,-12
-64,-3,-12
-64,-3,-12
-64,-3,-12
-64,-3,-12
-64,-3,-12
-64,-3,-12
-64,-3,-12
-64,-3,-12
-63,-3,-12
-64,-3,-12
-64,-3,-12
-64,-3,-12
-64,-3,-12
-64,-3,-12
-64,-3,-12
-64,-3,-12
-64,-3,-12
-64,-3,-12
-64,-3,-12
-64,-3,-12
-64,-3,-11
-64,-3,-12
-63,-3,-13
-64,-3,-12
-64,-3,-12
-64,-3,-12
-64,-3,-12
-64,-3,-12
-64,-3,-12
-64,-3,-12
-64,-3,-12
-64,-3,-11
-64,-3,-12
-64,-3,-12
-64,-3,-12
-64,-3,-12
-64,-3,-12
-64,-3,-12
-64,-3,-12
-64,-3,-12
-64,-3,-12
-64,-3,-12
-64,-3,-12
-64,-3,-12
-64,-3,-12
-64,-3,-12
-64,-3,-12
-64,-3,-12
-64,-3,-12
-64,-3,-11
-64,-3,-12
-64,-3,-12
-64,-3,-12
-64,-3,-12
-64,-3,-12
-64,-3,-12
-64,-3,-12
-64,-3,-11
-64,-3,-12
-63,-3,-12
-64,-3,-12
-64,-3,-12
-64,-3,-12
-64,-3,-12
-64,-3,-11
-64,-3,-12
-64,-3,-12
-64,-3,-12
-64,-3,-12
-64,-3,-12
-64,-3,-12
-64,-3,-12
-64,-3,-12
-64,-3,-12
-64,-3,-12
-64,-3,-12
-64,-3,-12
-64,-3,-12
-64,-3,-12
-64,-3,-12
-64,-3,-12
-64,-3,-12
-64,-3,-12
-64,-3,-12
-64,-3,-12
-64,-3,-12
-64,-3,-12
-64,-3,-12
-64,-3,-12
-64,-3,-11
-64,-3,-12
-64,-3,-12
-64,-3,-11
-64,-3,-12
-64,-3,-11
-64,-3,-12
-63,-3,-12
-64,-3,-12
-64,-3,-12
-64,-3,-12
-63,-3,-12
-64,-3,-11
-64,-3,-12
-64,-3,-12
-64,-3,-12
-64,-3,-12
-64,-3,-12
-64,-3,-12
-64,-3,-12
-64,-3,-11
-64,-3,-12
-64,-3,-12
-64,-3,-12
-64,-3,-12
-64,-3,-11
-64,-3,-12
-64,-3,-12
-64,-3,-12
-64,-3,-12
-64,-3,-12
-64,-3,-12
-64,-3,-12
-64,-3,-12
-64,-3,-12
-64,-3,-12
-64,-3,-12
-64,-3,-12
-64,-2,-12
-64,-2,-12
-64,-3,-12
-64,-2,-12
-64,-3,-11
-64,-3,-11
-64,-3,-11
-64,-3,-11
-64,-3,-12
-64,-3,-11
-64,-3,-11
-64,-3,-12
-64,-3,-11
-64,-3,-12
-64,-3,-12
-64,-3,-12
-64,-3,-12
-64,-3,-11
-64,-3,-12
-64,-3,-12
-64,-2,-11
-64,-3,-11
-64,-3,-12
-64,-3,-11
-64,-3,-10
-64,-3,-10
-65,-3,-10
-65,-3,-10
-65,-4,-11
-63,-3,-10
-64,-2,-8
-64,-3,-8
-64,-3,-9
-64,-3,-9
-64,-2,-9
-65,-2,-8
-64,-2,-8
-64,-2,-8
-65,-3,-9
-64,-3,-9
-64,-3,-9
-64,-3,-8
-65,-3,-8
-65,-3,-9
-65,-2,-9
-64,-3,-9
-64,-3,-8
-64,-3,-9
-64,-2,-8
-65,-2,-8
-64,-2,-8
-64,-3,-7
-65,-3,-8
-65,-3,-8
-65,-3,-8
-65,-3,-8
-65,-3,-8
-66,-2,-6
-65,-2,-7
-64,-2,-6
-66,-1,-5
-69,-1,-5
-74,-1,-6
-79,-5,-8
-56,-5,3
-53,3,14
-58,3,18
-57,-1,25
-33,-5,37
-41,-4,50
-36,-2,56
-27,-10,53
-21,-10,48
-25,-9,53
-22,-16,53
-21,-18,52
-5,-26,60
-9,-30,57
-16,-36,58
-11,-34,59
-1,-29,62
-2,-26,60
-2,-27,59
-1,-29,59
-1,-29,59
-2,-29,61
-2,-28,63
-2,-26,61
-4,-26,58
-5,-27,55
-10,-27,57
-9,-28,57
-8,-27,60
-6,-29,56
-8,-29,61
-9,-30,58
-7,-28,54
-8,-28,55
-6,-27,54
-5,-27,55
-3,-29,57
-4,-29,55
-5,-29,53
-5,-28,55
-9,-28,59
-8,-28,60
-5,-27,60
-6,-28,59
-7,-28,57
-5,-28,58
-5,-28,58
-3,-27,58
-3,-26,57
-5,-26,57
-5,-26,57
-4,-26,59
-5,-26,59
-5,-27,58
-6,-28,58
-4,-29,58
-5,-31,58
-4,-31,58
-5,-29,58
-6,-29,58
-1,-26,54
-1,-25,50
-3,-21,53
-3,-19,59
1,-18,67
0,-14,65
-11,-7,61
-27,-1,59
-33,0,59
-22,-3,58
-16,-6,57
-12,-8,58
-14,-12,59
-23,-20,57
-28,-23,56
-35,-22,53
-34,-20,55
-30,-18,56
-28,-15,56
-25,-13,57
-25,-14,56
-26,-15,56
-25,-16,55
-23,-16,56
-23,-13,55
-24,-13,56
-28,-14,55
-28,-14,55
-29,-13,56
-29,-15,55
-32,-15,52
-31,-15,54
-29,-18,53
-34,-20,46
-33,-19,46
-37,-22,50
-38,-25,53
-33,-25,55
-33,-24,51
-35,-29,50
-36,-30,48
-31,-36,50
-29,-36,48
-27,-25,37
-29,-23,48
-34,-21,53
-37,-15,60
-37,-14,60
-29,-19,54
-26,-20,52
-30,-21,51
-34,-21,51
-34,-22,51
-32,-22,51
-33,-21,51
-34,-20,51
-33,-20,52
-33,-20,52
-32,-21,52
-32,-21,52
-32,-21,52
-32,-21,52
-32,-21,51
-32,-21,52
-32,-20,52
-32,-20,52
-31,-20,52
-31,-20,52
-31,-20,52
-31,-20,52
-31,-20,53
-31,-20,52
-31,-20,52
-31,-20,52
-31,-20,53
-31,-20,52
-31,-21,52
-31,-21,52
-31,-20,52
-31,-20,52
-32,-19,53
-32,-19,53
-32,-20,52
-32,-21,51
-32,-21,52
-31,-20,53
-31,-20,53
-31,-20,52
-31,-20,52
-31,-20,52
-31,-20,52
-31,-20,53
-31,-20,53
-31,-20,52
-31,-20,52
-32,-20,52
-32,-20,52
-32,-21,52
-31,-21,52
-31,-21,52
-32,-20,52
-32,-20,52
-32,-21,52
-32,-21,52
-32,-20,52
-32,-20,52
-31,-20,52
-32,-20,52
-32,-20,52
-32,-20,52
-32,-20,52
-32,-20,52
-32,-20,52
-32,-20,52
-32,-20,52
-32,-20,52
-32,-20,52
-32,-21,52
-32,-20,52
-32,-20,52
-32,-20,52
-32,-20,52
-32,-20,52
-32,-20,52
-32,-20,52
-32,-20,52
-32,-20,52
-32,-20,52
-32,-20,51
-32,-20,52
-32,-20,52
-32,-20,52
-32,-20,52
-32,-20,52
-32,-20,52
-32,-20,52
-32,-20,52
-32,-20,52
-31,-20,52
-32,-20,52
-32,-20,52
-32,-20,52
-31,-20,52
-32,-20,52
-32,-20,52
-31,-20,52
-32,-20,52
-32,-20,52
-31,-20,52
-32,-20,52
-32,-20,52
-31,-20,52
-31,-20,52
-31,-20,52
-32,-20,52
-32,-20,52
-32,-20,52
-31,-20,52
-31,-20,52
-31,-20,52
-31,-20,52
-31,-20,52
-31,-20,52
-31,-20,52
-32,-20,52
-31,-20,52
-31,-20,52
-31,-20,52
-31,-20,52
-31,-20,52
-31,-20,52
-31,-20,52
-31,-20,52
-31,-20,52
-31,-20,52
-31,-20,52
-32,-20,52
-31,-20,52
-31,-20,52
-31,-20,52
-31,-20,52
-31,-20,52
-31,-20,52
-31,-20,52
-31,-20,52
-31,-20,52
-31,-20,52
-31,-20,52
-31,-20,52
-31,-20,52
-31,-20,52
-31,-20,52
-31,-20,52
-31,-20,52
-31,-20,52
-31,-20,52
-31,-20,52
-31,-20,52
-31,-20,52
-31,-20,52
-31,-20,52
-31,-20,52
-31,-20,52
-31,-20,52
-31,-20,52
-31,-20,52
-31,-20,52
-32,-19,52
-32,-19,53
-33,-21,53
-32,-21,51
-31,-22,51
-30,-22,51
-30,-20,52
-30,-20,53
-31,-19,54
-31,-19,53
-32,-20,51
-32,-20,51
-31,-20,53
-31,-20,53
-32,-20,53
-32,-21,51
-32,-21,51
-31,-21,52
-31,-21,52
-31,-21,53
-31,-20,52
-32,-20,52
-32,-20,52
-32,-20,52
-32,-20,52
-32,-20,52
-32,-20,52
-32,-20,52
-32,-20,52
-32,-20,52
-32,-21,52
-32,-20,52
-32,-20,52
-32,-20,52
-32,-20,52
-32,-20,52
-31,-20,52
-32,-20,52
-32,-20,52
-31,-20,52
-32,-20,52
-32,-20,52
-32,-20,52
-32,-20,52
-32,-20,52
-32,-20,52
-31,-20,52
-32,-20,52
-32,-20,52
-31,-20,52
-31,-20,52
-31,-20,52
-31,-20,52
-31,-20,52
-31,-20,52
-31,-20,52
-31,-20,52
-32,-20,52
-31,-20,52
-31,-20,52
-31,-20,52
-31,-20,52
-31,-20,52
-32,-20,52
-31,-20,52
-32,-20,52
-32,-20,52
-32,-20,52
-32,-21,52
-32,-20,52
-31,-20,52
-32,-20,52
-31,-20,52
-31,-20,52
-31,-20,52
-31,-20,52
-32,-20,52
-31,-20,52
-31,-20,52
-31,-20,52
-31,-20,52
-31,-20,52
-31,-20,52
-31,-20,52
-31,-20,52
-31,-20,52
-31,-20,52
-32,-20,52
-32,-20,52
-31,-20,52
-31,-21,52
-31,-20,52
-31,-20,52
-32,-19,53
-32,-20,53
-32,-20,52
-31,-21,52
-31,-20,52
-31,-20,52
-31,-20,53
-31,-21,52
-31,-20,52
-31,-20,52
-31,-20,52
-32,-20,53
-32,-20,53
-31,-20,52
-31,-20,52
-31,-20,53
-31,-20,53
-31,-20,52
-31,-20,52
-31,-20,52
-31,-20,53
-31,-20,53
-31,-20,52
-31,-20,52
-31,-20,52
-31,-20,52
-31,-20,52
-31,-20,52
-31,-20,52
-31,-20,52
-31,-20,52
-31,-20,52
-31,-20,52
-31,-20,52
-31,-20,52
-31,-20,52
-31,-20,52
-31,-20,52
-31,-20,52
-31,-20,52
-31,-20,52
-31,-20,52
-31,-20,52
-32,-20,52
-31,-20,52
-31,-20,52
-31,-20,52
-32,-20,52
-31,-20,52
-32,-20,52
-32,-20,52
-32,-20,52
-31,-20,52
-31,-20,52
-32,-20,52
-32,-20,52
-32,-20,52
-32,-20,52
-32,-20,52
-32,-20,52
-32,-20,52
-32,-20,52
-32,-20,52
-31,-20,52
-32,-20,52
-32,-20,52
-32,-20,52
-31,-20,53
-31,-20,52
-30,-19,52
-32,-21,52
-33,-21,52
-32,-21,51
-32,-20,51
-30,-18,53
-29,-18,53
-31,-20,52
-34,-21,51
-37,-22,51
-35,-21,52
-34,-22,52
-34,-22,52
-32,-20,54
-29,-20,56
-30,-21,56
-32,-20,54
-31,-23,56
-29,-22,62
-28,-20,63
-34,-18,61
-37,-16,58
-43,-12,53
-44,-11,50
-50,-7,47
-49,-2,47
-49,3,46
-56,10,41
-60,10,39
-57,13,42
-52,14,42
-47,13,39
-46,14,39
-40,19,38
-38,25,34
-38,24,37
-35,23,39
-28,24,41
-16,25,45
-7,27,49
-6,30,44
-4,30,42
5,39,38
7,42,37
1,44,36
-3,44,36
-1,46,40
3,48,44
0,50,46
-2,50,45
-2,49,46
0,49,51
-1,49,51
-3,52,44
-3,50,42
-2,46,43
-2,44,43
-5,43,42
-7,44,43
-7,40,45
-5,39,47
-5,42,49
-12,46,46
-12,45,48
-8,42,50
-7,39,49
-2,35,47
2,36,48
2,38,49
0,38,50
-6,40,48
-7,40,50
-9,39,53
-8,38,54
-9,37,53
-6,36,52
-7,38,52
-6,38,51
-7,38,51
-8,36,52
-7,36,52
-8,36,52
-7,36,52
-7,35,51
-5,35,52
-5,35,52
-4,34,52
-3,35,52
-5,37,50
-4,37,51
-2,39,50
-2,39,51
0,39,50
-1,39,49
-1,42,49
-1,41,49
6,39,51
5,41,50
4,44,46
3,46,47
2,47,50
0,43,47
1,39,46
10,41,45
9,44,45
7,44,45
7,46,48
0,46,47
-3,44,45
-1,42,46
1,42,45
4,41,46
0,42,44
-6,43,44
8,41,55
-4,45,52
-12,44,47
-11,43,47
-33,43,35
-39,45,33
-38,40,31
-48,40,29
-40,38,44
-35,39,44
-39,41,33
-36,37,34
-37,36,35
-38,36,36
-41,36,34
-44,36,33
-41,34,37
-40,32,36
-39,30,36
-37,27,41
-35,24,43
-38,28,40
-39,30,39
-46,28,37
-48,29,37
-47,30,33
-45,32,30
-45,30,31
-43,30,33
-41,30,33
-43,31,32
-42,32,34
-41,37,36
-43,39,35
-47,40,36
-50,40,33
-46,42,28
-40,43,29
-39,43,30
-41,41,30
-41,40,31
-39,39,30
-39,39,31
-39,39,30
-39,39,32
-39,38,32
-39,36,29
-31,33,36
-29,29,37
-31,28,37
-34,35,35
-32,29,38
-32,22,40
-40,27,34
-51,26,28
-51,27,24
-30,30,34
-26,27,37
-31,25,35
-34,21,28
-42,20,19
-82,25,21
-80,27,34
-63,22,40
-54,11,37
-9,10,52
13,2,64
7,-34,97
-35,-52,81
-53,-41,53
-45,-36,44
-32,-23,42
-26,-24,44
-15,-29,52
6,-34,71
14,-34,78
4,-33,69
-3,-29,62
-12,-24,52
-10,-24,52
-14,-25,53
-13,-26,55
-13,-27,57
-13,-27,58
-13,-28,57
-13,-28,57
-13,-28,57
-16,-28,56
-16,-27,55
-16,-25,55
-15,-25,55
-15,-27,58
-15,-29,59
-13,-29,62
-14,-30,64
-14,-35,62
-12,-35,61
-13,-35,69
-14,-34,71
-19,-26,75
-40,-20,72
-51,-17,68
-54,-7,60
-47,-2,57
-43,5,50
-45,9,45
-28,15,40
-16,21,43
-6,26,40
-4,27,37
6,29,38
10,31,44
10,30,43
8,30,43
10,28,45
0,28,46
-5,28,47
-9,31,50
-10,33,50
-10,37,53
-15,40,49
-13,38,51
-9,38,51
-8,39,50
-18,40,46
-15,40,48
-12,39,51
-13,38,51
-14,39,48
-13,40,47
-8,39,51
-9,37,52
-13,39,51
-14,39,48
-12,38,52
-14,37,52
-13,35,52
-14,33,56
-13,31,56
-11,32,54
-13,31,53
-16,33,51
-11,32,52
-6,25,60
-6,26,61
-6,28,57
-5,29,56
-4,31,55
-9,30,54
-10,28,56
-2,23,58
6,22,58
-7,20,58
-22,23,55
-20,27,50
-16,29,49
-15,28,44
-23,29,41
-23,25,39
-21,24,38
-22,23,41
-24,25,41
-27,29,37
-43,26,29
-43,30,33
-39,30,37
-49,29,34
-67,33,34
-68,27,34
-54,17,35
-52,10,37
-50,-3,37
-46,-7,37
-39,-15,53
-94,-14,33
-93,-15,20
-60,-48,52
-68,-45,45
-52,-32,38
-46,-34,38
-39,-24,41
-35,-20,43
-34,-20,48
-35,-22,47
-40,-21,44
-40,-22,43
-40,-24,45
-43,-27,46
-44,-27,46
-44,-26,44
-43,-25,43
-40,-22,42
-38,-21,43
-38,-21,46
-39,-22,46
-41,-23,46
-41,-23,45
-39,-22,45
-39,-22,45
-38,-21,46
-38,-21,47
-38,-21,46
-38,-21,46
-39,-22,46
-39,-22,46
-39,-21,46
-39,-22,46
-39,-22,46
-39,-23,46
-39,-22,46
-39,-20,46
-40,-21,46
-40,-22,45
-40,-22,44
-41,-22,44
-41,-21,46
-41,-21,46
-39,-21,46
-39,-21,45
-42,-21,43
-43,-21,43
-45,-21,45
-44,-22,45
-43,-21,43
-43,-21,42
-42,-20,43
-41,-21,44
-42,-21,44
-43,-22,43
-44,-22,43
-44,-21,42
-43,-21,43
-42,-22,44
-42,-23,43
-43,-22,43
-42,-23,44
-43,-23,43
-43,-23,43
-43,-22,43
-42,-22,43
-42,-21,44
-43,-23,44
-42,-24,43
-42,-24,43
-42,-23,43
-40,-22,45
-39,-21,46
-39,-21,46
-41,-22,44
-42,-23,44
-41,-23,44
-39,-23,45
-39,-22,46
-40,-23,45
-41,-23,44
-41,-23,44
-40,-22,45
-40,-22,46
-41,-22,45
-41,-23,45
-41,-23,44
-40,-22,45
-40,-22,45
-40,-22,46
-41,-22,45
-41,-23,44
-41,-23,44
-40,-22,45
-40,-22,46
-39,-22,46
-39,-22,46
-40,-22,45
-40,-22,45
-40,-22,46
-39,-22,46
-39,-22,46
-39,-22,46
-40,-22,46
-39,-22,46
-39,-22,46
-40,-22,46
-40,-22,46
-39,-22,46
-39,-22,46
-39,-22,46
-40,-22,46
-40,-23,46
-40,-23,45
-40,-22,45
-40,-22,46
-39,-22,46
-40,-22,46
-40,-22,46
-40,-22,46
-40,-22,46
-39,-23,46
-39,-22,46
-40,-22,46
-39,-22,46
-39,-22,46
-39,-22,46
-39,-22,46
-39,-23,46
-39,-22,46
-39,-22,46
-39,-22,46
-39,-23,46
-39,-22,46
-39,-23,46
-39,-22,46
-39,-22,46
-39,-22,46
-39,-22,46
-39,-22,46
-39,-22,46
-39,-22,46
-39,-22,46
-39,-22,46
-39,-22,46
-39,-23,46
-39,-23,46
-39,-23,46
-39,-22,46
-39,-22,46
-39,-23,46
-39,-23,46
-39,-23,46
-36,-25,44
-35,-21,44
-35,-23,43
-41,-21,43
-47,-21,43
-54,-23,40
-51,-23,41
-47,-22,43
-47,-21,43
-47,-20,41
-41,-24,40
-39,-25,41
-39,-26,42
-41,-26,44
-38,-24,46
-37,-23,46
-37,-21,47
-39,-20,47
-40,-22,46
-40,-22,46
-39,-23,46
-39,-22,45
-38,-22,45
-39,-22,46
-40,-22,46
-41,-24,46
-40,-24,46
-39,-23,46
-38,-23,46
-37,-22,46
-37,-22,46
-38,-22,46
-39,-22,46
-39,-23,46
-39,-23,46
-39,-22,46
-38,-22,46
-38,-22,46
-39,-22,46
-40,-22,46
-39,-23,46
-38,-23,45
-41,-23,45
-42,-23,45
-40,-23,46
-39,-22,46
-39,-22,46
-39,-22,46
-38,-22,46
-38,-23,46
-39,-22,46
-40,-22,46
-39,-23,47
-38,-23,47
-37,-22,47
-37,-22,46
-37,-22,46
-40,-22,46
-40,-22,47
-38,-23,47
-38,-22,47
-38,-21,46
-36,-22,46
-36,-22,46
-40,-23,46
-40,-23,47
-39,-23,48
-38,-23,48
-36,-22,46
-37,-22,45
-37,-22,45
-38,-23,46
-40,-24,47
-38,-25,47
-38,-25,48
-38,-25,48
-38,-24,47
-38,-23,47
-38,-22,47
-38,-22,46
-37,-22,46
-37,-22,46
-38,-22,46
-38,-22,47
-38,-22,47
-38,-22,47
-37,-22,47
-37,-22,47
-37,-22,47
-37,-22,47
-38,-22,46
-38,-22,47
-37,-21,47
-37,-21,47
-38,-22,47
-38,-22,47
-38,-21,47
-38,-21,47
-38,-21,47
-38,-21,47
-39,-21,47
-39,-21,47
-39,-20,47
-38,-20,47
-38,-20,47
-38,-21,47
-38,-21,47
-39,-21,47
-39,-21,47
-38,-21,47
-38,-22,46
-38,-22,47
-39,-23,47
-39,-23,47
-38,-22,46
-38,-23,46
-38,-21,47
-38,-21,47
-37,-21,47
-38,-22,47
-40,-22,46
-40,-22,46
-40,-23,46
-39,-23,46
-38,-23,46
-37,-23,46
-37,-22,46
-38,-22,47
-38,-22,47
-38,-23,47
-38,-23,47
-39,-23,47
-39,-23,46
-38,-22,46
-38,-23,46
-38,-23,47
-39,-23,47
-39,-23,47
-38,-23,46
-38,-22,46
-38,-22,46
-38,-22,46
-38,-22,46
-39,-22,46
-39,-22,47
-39,-23,46
-39,-23,46
-39,-23,46
-38,-23,46
-38,-23,46
-38,-23,46
-38,-23,46
-38,-23,47
-38,-24,47
-38,-24,47
-38,-25,47
-37,-24,47
-38,-24,46
-38,-24,45
-38,-23,46
-38,-23,47
-37,-24,47
-37,-24,47
-37,-24,47
-37,-24,46
-38,-24,46
-39,-24,46
-39,-24,46
-37,-24,47
-36,-24,47
-36,-24,47
-36,-24,47
-36,-24,47
-37,-24,47
-37,-23,47
-37,-23,47
-37,-23,47
-37,-22,47
-37,-22,47
-36,-22,48
-36,-23,47
-37,-23,47
-38,-23,47
-37,-23,47
-37,-23,48
-38,-23,47
-37,-23,47
-37,-23,47
-37,-23,47
-37,-22,47
-38,-23,47
-38,-22,47
-38,-22,47
-38,-22,47
-39,-22,46
-40,-22,46
-40,-22,46
-40,-22,46
-40,-22,46
-40,-22,46
-39,-22,46
-39,-21,46
-39,-22,46
-40,-22,46
-40,-22,46
-40,-23,46
-40,-23,46
-40,-22,46
-40,-22,46
-39,-23,46
-39,-23,46
-39,-23,46
-39,-23,46
-39,-23,46
-39,-23,46
-39,-23,46
-38,-23,46
-38,-23,46
-38,-23,46
-38,-23,47
-38,-23,46
-38,-23,47
-38,-23,46
-38,-23,46
-38,-23,47
-38,-23,47
-38,-23,47
-38,-23,47
-38,-23,46
-38,-23,46
-39,-23,46
-38,-23,46
-39,-23,46
-39,-23,47
-38,-23,46
-39,-23,46
-39,-23,46
-39,-23,46
-38,-23,46
-39,-23,46
-38,-23,46
-38,-23,46
-38,-23,46
-38,-23,46
-38,-23,46
-38,-23,46
-38,-23,47
-38,-22,47
-38,-23,47
-38,-23,47
-39,-23,47
-38,-23,46
-39,-23,46
-38,-23,46
-38,-23,46
-38,-23,47
-38,-23,46
-38,-23,46
-38,-23,46
-38,-23,46
-38,-23,47
-38,-23,47
-38,-23,47
-38,-23,46
-38,-23,46
-38,-23,46
-38,-23,46
-38,-23,47
-38,-23,47
-38,-23,46
-38,-23,46
-38,-23,47
-38,-23,46
-39,-23,46
-38,-23,46
-38,-23,47
-38,-23,46
-38,-23,46
-38,-23,47
-38,-23,46
-38,-23,46
-38,-23,46
-38,-23,46
-38,-23,46
-39,-23,47
-38,-23,46
-38,-23,46
-38,-23,47
-38,-23,46
-38,-23,46
-39,-23,46
-39,-23,46
-39,-23,46
-38,-23,46
-38,-23,46
-38,-23,46
-38,-23,46
-39,-23,46
-39,-23,46
-39,-23,46
-39,-23,46
-39,-23,46
-38,-23,46
-39,-23,46
-39,-23,46
-38,-23,46
-39,-23,46
-39,-23,46
-39,-23,46
-38,-23,46
-38,-23,46
-38,-22,46
-39,-23,46
-38,-23,46
-38,-24,46
-38,-23,46
-38,-21,48
-38,-21,48
-39,-23,47
-39,-23,45
-38,-23,45
-38,-23,45
-37,-23,48
-38,-23,48
-39,-23,47
-38,-22,45
-37,-22,46
-38,-22,47
-38,-23,47
-38,-23,47
-38,-23,46
-38,-22,46
-38,-22,46
-38,-23,47
-38,-23,46
-38,-23,46
-38,-23,46
-38,-23,47
-38,-23,47
-38,-23,47
-38,-23,47
-38,-23,46
-38,-22,47
-38,-23,47
-38,-22,47
-38,-23,46
-38,-23,46
-38,-23,47
-38,-23,47
-38,-23,47
-38,-23,46
-38,-23,46
-38,-23,47
-38,-23,46
-38,-23,46
-38,-23,46
-38,-23,46
-39,-23,46
-38,-23,46
-39,-23,46
-39,-23,47
-40,-23,46
-39,-23,46
-39,-23,46
-37,-22,46
-37,-22,47
-38,-21,47
-38,-21,47
-39,-22,47
-38,-22,47
-39,-23,47
-38,-23,46
-37,-22,46
-38,-23,46
-39,-22,46
-38,-23,46
-37,-23,47
-40,-23,47
-41,-23,46
-37,-23,45
-36,-22,46
-38,-22,46
-40,-22,47
-37,-23,48
-38,-23,48
-40,-24,46
-36,-22,46
-36,-21,46
-40,-22,47
-39,-22,47
-37,-23,48
-39,-23,48
-40,-24,46
-37,-23,45
-36,-21,46
-38,-22,46
-39,-23,48
-38,-24,47
-37,-23,46
-36,-22,46
-38,-22,46
-39,-22,47
-38,-22,47
-37,-23,48
-40,-24,47
-38,-23,46
-35,-22,46
-38,-22,47
-39,-22,47
-38,-23,47
-38,-23,48
-40,-24,47
-37,-23,46
-35,-22,46
-38,-22,46
-39,-22,47
-37,-23,48
-37,-23,48
-41,-24,46
-40,-24,45
-35,-21,46
-36,-21,46
-39,-22,47
-37,-23,48
-38,-23,48
-39,-24,46
-38,-24,46
-36,-21,46
-37,-21,47
-39,-22,47
-37,-23,48
-37,-22,47
-38,-22,47
-39,-23,46
-39,-23,47
-38,-23,46
-38,-23,47
-37,-23,46
-39,-23,46
-39,-23,47
-39,-23,47
-39,-23,46
-38,-23,46
-38,-23,46
-38,-23,47
-38,-23,46
-39,-23,46
-38,-23,46
-38,-23,46
-38,-23,46
-39,-23,47
-38,-23,47
-38,-23,46
-38,-23,46
-38,-23,46
-38,-23,46
-38,-23,46
-38,-23,46
-38,-23,46
-38,-23,47
-38,-23,46
-38,-23,47
-38,-23,47
-38,-23,47
-38,-23,46
-38,-23,47
-38,-23,46
-38,-23,46
-38,-23,47
-38,-23,47
-38,-23,47
-38,-23,47
-38,-23,46
-38,-23,47
-38,-23,47
-38,-23,47
-38,-23,47
-38,-23,47
-38,-23,47
-38,-23,47
-38,-23,47
-38,-23,47
-38,-23,47
-38,-23,47
-38,-23,47
-38,-22,47
-38,-23,47
-38,-23,47
-38,-23,46
-38,-22,46
-38,-23,46
-38,-23,46
-37,-23,47
-38,-23,46
-38,-22,47
-38,-22,47
-39,-23,47
-40,-23,47
-39,-23,45
-38,-23,46
-38,-23,47
-38,-23,47
-38,-23,47
-38,-22,47
-38,-22,47
-38,-23,47
-39,-23,47
-38,-23,47
-38,-23,47
-38,-23,47
-38,-23,47
-38,-23,47
-38,-23,47
-38,-23,47
-38,-23,47
-38,-23,47
-38,-23,47
-38,-23,47
-38,-23,47
-38,-22,47
-38,-23,47
-38,-23,47
-38,-23,47
-38,-23,46
-38,-23,47
-38,-23,47
-38,-23,47
-38,-23,47
-38,-23,47
-38,-23,47
-38,-22,47
-38,-23,47
-38,-23,47
-38,-23,47
-38,-23,47
-38,-22,47
-38,-23,47
-38,-23,47
-38,-23,46
-38,-23,46
-38,-23,47
-38,-23,46
-38,-23,47
-38,-23,46
-38,-22,46
-38,-22,46
-38,-22,46
-38,-23,46
-38,-23,46
-38,-23,46
-38,-23,47
-39,-23,46
-39,-23,46
-39,-23,46
-39,-23,46
-39,-23,46
-38,-23,47
-38,-23,47
-38,-23,46
-39,-23,46
-38,-23,46
-38,-23,46
-39,-23,46
-38,-23,46
-38,-23,46
-39,-23,46
-38,-23,46
-38,-23,46
-38,-22,46
-38,-23,47
-38,-23,46
-38,-23,46
-38,-23,46
-38,-23,47
-38,-23,46
-38,-23,47
-38,-23,46
-38,-23,47
-38,-23,46
-38,-23,46
-38,-23,46
-38,-23,46
-38,-23,47
-39,-23,46
-38,-23,47
-38,-23,46
-38,-23,47
-38,-23,46
-38,-23,47
-38,-23,47
-38,-23,47
-38,-23,47
-38,-22,47
-38,-23,47
-38,-23,47
-38,-23,47
-38,-23,47
-38,-23,47
-38,-23,47
-38,-23,47
-38,-23,47
-38,-23,47
-38,-23,47
-38,-23,47
-38,-22,46
-38,-23,47
-38,-23,47
-38,-23,47
-38,-23,47
-38,-23,47
-38,-23,47
-38,-22,46
-38,-23,47
-38,-23,47
-38,-23,47
-38,-23,47
-38,-23,47
-38,-23,47
-38,-22,47
-38,-23,47
-38,-23,47
-38,-23,46
-38,-23,47
-38,-23,47
-38,-23,47
-38,-23,47
-38,-23,47
-38,-23,47
-38,-23,47
-38,-22,47
-38,-23,47
-38,-23,47
-38,-23,47
-38,-23,47
-38,-23,47
-38,-23,47
-38,-23,47
-38,-23,46
-38,-23,47
-38,-23,47
-38,-23,47
-38,-23,47
-38,-23,47
-38,-23,47
-38,-23,47
-38,-23,47
-38,-22,46
-38,-23,46
-38,-23,46
-38,-22,47
-38,-23,46
-38,-23,47
-38,-23,47
-38,-22,47
-37,-23,47
-39,-23,47
-39,-24,47
-38,-23,46
-38,-23,46
-38,-23,46
-38,-23,47
-38,-22,47
-38,-22,47
-38,-22,46
-38,-22,47
-38,-23,47
-38,-23,47
-38,-23,47
-38,-23,46
-38,-23,47
-38,-23,47
-38,-22,47
-38,-23,47
-38,-22,47
-38,-23,46
-38,-23,46
-38,-23,46
-38,-23,47
-37,-23,47
-38,-23,47
-38,-23,47
-38,-23,47
-39,-22,46
-38,-23,47
-38,-23,46
-38,-23,46
-38,-23,47
-38,-23,47
-38,-23,47
-38,-23,47
-38,-23,47
-38,-23,47
-38,-23,47
-38,-23,47
-38,-22,47
-38,-22,47
-38,-22,47
-38,-22,47
-38,-23,47
-38,-23,47
-38,-23,47
-38,-23,47
-38,-23,47
-38,-23,47
-38,-23,47
-38,-23,47
-38,-23,47
-38,-23,47
-38,-23,47
-38,-23,46
-38,-23,46
-38,-23,46
-39,-23,47
-38,-23,46
-38,-23,46
-39,-23,46
-38,-23,46
-38,-23,46
-38,-23,46
-38,-23,47
-38,-23,46
-38,-22,46
-38,-23,46
-38,-23,46
-38,-23,46
-38,-22,46
-38,-22,47
-39,-23,46
-39,-23,46
-39,-23,46
-39,-23,46
-38,-23,46
-38,-23,46
-39,-23,46
-39,-23,46
-39,-23,46
-39,-23,46
-39,-23,46
-39,-23,46
-39,-23,46
-38,-22,46
-39,-23,46
-39,-23,46
-39,-23,46
-39,-23,46
-38,-22,46
-39,-23,46
-38,-23,46
-39,-23,46
-38,-23,46
-38,-23,46
-39,-23,46
-39,-23,46
-39,-23,46
-39,-23,46
-38,-23,46
-38,-23,47
-39,-23,46
-38,-23,46
-38,-23,46
-38,-23,46
-39,-23,46
-38,-23,46
-38,-23,46
-38,-23,47
-38,-23,47
-38,-23,46
-38,-23,47
-38,-23,46
-38,-23,46
-38,-23,46
-38,-23,47
-38,-23,47
-38,-23,47
-38,-23,46
-38,-23,47
-38,-23,47
-38,-23,47
-38,-23,46
-38,-22,47
-39,-22,47
-39,-23,47
-38,-23,47
-38,-23,46
-37,-23,46
-37,-23,47
-38,-22,47
-39,-22,47
-38,-22,47
-37,-22,47
-39,-23,46
-38,-23,47
-37,-23,47
-38,-23,47
-38,-23,46
-38,-23,46
-38,-23,47
-38,-23,47
-38,-23,47
-38,-23,46
-38,-23,46
-38,-23,47
-38,-23,47
-38,-23,47
-38,-23,47
-38,-23,47
-38,-23,47
-38,-22,47
-38,-23,47
-38,-23,47
-38,-23,47
-38,-23,47
-38,-23,46
-38,-23,47
-38,-23,47
-38,-23,46
-38,-23,47
-38,-23,46
-38,-23,47
-38,-23,46
-38,-23,46
-38,-23,46
-39,-23,46
-39,-23,46
-38,-23,46
-39,-23,46
-39,-23,46
-38,-23,46
-38,-23,46
-39,-23,46
-38,-22,46
-38,-22,46
-39,-23,46
-38,-22,46
-38,-23,46
-38,-23,46
-38,-23,46
-38,-23,47
-38,-23,47
-38,-23,47
-38,-23,46
-38,-23,47
-38,-23,46
-38,-23,47
-38,-22,46
-38,-23,46
-39,-23,46
-38,-23,46
-38,-23,46
-39,-23,46
-39,-23,46
-38,-23,46
-38,-23,46
-38,-23,46
-38,-23,46
-38,-23,47
-38,-23,46
-38,-23,47
-38,-23,47
-38,-23,47
-38,-23,47
-38,-23,47
-38,-23,46
-38,-23,47
-38,-23,46
-38,-23,47
-38,-23,47
-38,-23,47
-38,-23,47
-38,-23,47
-38,-23,46
-38,-23,46
-38,-23,47
-38,-23,47
-38,-23,47
-38,-23,47
-38,-22,46
-38,-23,47
-38,-23,46
-38,-23,47
-38,-23,47
-38,-23,47
-38,-23,47
-38,-23,47
-38,-23,46
-38,-23,47
-38,-23,47
-38,-23,47
-38,-23,47
-38,-23,47
-38,-23,47
-38,-23,47
-38,-23,47
-38,-23,47
-38,-23,47
-38,-23,47
-38,-23,47
-38,-23,47
-38,-22,47
-38,-23,47
-38,-23,47
-38,-23,47
-38,-23,47
-38,-23,47
-38,-23,47
-38,-23,47
-38,-22,47
-38,-23,47
-38,-23,47
-38,-23,47
-38,-23,47
-38,-23,46
-38,-23,47
-38,-23,47
-38,-23,47
-38,-23,46
-38,-22,47
-38,-23,47
-38,-23,47
-38,-23,47
-38,-23,46
-38,-23,46
-38,-23,47
-38,-23,46
-38,-23,47
-38,-23,46
-38,-23,46
-38,-22,46
-38,-23,46
-39,-23,47
-38,-23,46
-38,-23,46
-38,-23,46
-38,-23,47
-38,-23,46
-39,-23,46
-38,-23,47
-38,-23,46
-38,-23,46
-38,-23,46
-38,-23,47
-38,-23,47
-38,-23,47
-39,-23,46
-38,-23,47
-38,-23,46
-38,-23,46
-38,-23,46
-38,-23,47
-38,-22,46
-38,-22,46
-38,-23,46
-38,-23,47
-38,-23,47
-38,-23,47
-38,-23,47
-38,-23,46
-38,-23,47
-38,-23,47
-38,-23,46
-38,-23,47
-38,-23,46
-38,-23,47
-38,-23,47
-38,-23,47
-38,-23,47
-38,-23,47
-38,-23,46
-38,-23,47
-38,-23,46
-38,-23,47
-38,-23,47
-38,-23,47
-38,-23,46
-38,-23,46
-38,-23,47
-38,-23,47
-38,-23,47
-38,-23,47
-38,-23,47
-38,-23,47
-38,-23,47
-38,-23,47
-38,-23,47
-38,-23,47
-38,-23,47
-38,-23,47
-38,-23,47
-38,-23,47
-38,-23,47
-38,-23,47
-38,-23,47
-38,-23,47
-38,-23,46
-38,-23,47
-38,-23,47
-38,-22,47
-38,-23,47
-38,-23,47
-38,-23,47
-38,-23,47
-38,-23,47
-38,-23,47
-38,-23,47
-38,-23,47
-38,-23,47
-38,-23,47
-38,-23,47
-38,-23,46
-38,-23,47
-38,-23,47
-38,-23,47
-38,-23,47
-38,-23,47
-38,-23,47
-38,-23,47
-38,-23,47
-38,-23,47
-38,-23,47
-38,-23,47
-38,-23,47
-38,-23,47
-38,-23,47
-38,-23,47
-38,-22,47
-38,-23,47
-38,-23,47
-38,-23,47
-38,-23,46
-38,-23,47
-38,-23,47
-38,-23,46
-38,-23,47
-38,-22,47
-38,-23,46
-38,-23,46
-38,-23,46
-38,-23,47
-38,-23,47
-38,-23,46
-38,-23,47
-38,-23,47
-38,-23,47
-38,-23,46
-38,-23,46
-38,-23,46
-38,-23,46
-38,-23,47
-38,-23,46
-38,-22,47
-38,-23,47
-38,-23,46
-38,-23,47
-38,-23,47
-38,-23,46
-38,-23,46
-38,-23,47
-38,-23,47
-38,-23,47
-38,-23,47
-38,-23,46
-38,-23,47
-38,-23,47
-38,-23,47
-38,-23,47
-38,-23,46
-38,-23,47
-38,-23,46
-38,-22,46
-38,-23,47
-38,-23,47
-38,-23,47
-38,-23,47
-38,-23,47
-38,-23,47
-38,-23,47
-38,-23,47
-38,-23,47
-38,-23,47
-38,-23,47
-38,-23,47
-38,-23,46
-38,-23,47
-38,-23,47
-38,-23,47
-38,-23,47
-38,-23,47
-38,-23,47
-38,-23,47
-38,-23,47
-38,-23,47
-38,-23,47
-38,-23,47
-38,-23,47
-38,-23,47
-38,-23,47
-38,-23,47
-38,-23,47
-38,-23,47
-38,-23,47
-38,-23,47
-38,-23,47
-38,-23,47
-38,-23,47
-38,-23,47
-38,-23,47
-38,-23,47
-38,-23,47
-38,-23,47
-38,-23,47
-38,-23,47
-38,-23,47
-38,-23,47
-38,-23,47
-38,-23,47
-38,-23,47
-38,-23,47
-38,-23,47
-38,-23,47
-38,-23,47
-38,-23,47
-38,-22,47
-38,-23,47
-38,-23,47
-38,-23,47
-38,-23,47
-38,-23,47
-38,-23,47
-38,-23,47
-38,-23,47
-38,-23,46
-38,-23,47
-38,-23,47
-38,-23,47
-38,-23,46
-38,-23,47
-39,-23,46
-39,-23,46
-38,-23,46
-38,-23,46
-38,-23,47
-38,-23,46
-38,-23,46
-38,-23,46
-38,-23,46
-38,-23,46
-39,-23,47
-38,-23,47
-38,-23,46
-39,-23,46
-38,-23,46
-38,-23,46
-38,-23,46
-38,-23,46
-39,-23,46
-38,-23,46
-39,-23,47
-38,-23,46
-38,-23,46
-38,-23,47
-39,-23,46
-39,-23,46
-38,-23,46
-38,-23,46
-38,-23,47
-38,-23,47
-38,-22,47
-38,-23,47
-38,-23,47
-38,-23,47
-38,-23,47
-38,-23,47
-38,-23,47
-38,-23,47
-38,-22,46
-38,-23,47
-38,-23,47
-38,-23,46
-38,-23,47
-38,-23,47
-38,-23,47
-38,-23,47
-38,-23,46
-38,-23,47
-38,-23,47
-38,-23,46
-38,-23,47
-38,-23,46
-38,-23,46
-38,-23,47
-38,-22,47
-38,-22,47
-38,-23,47
-38,-23,47
-38,-23,47
-38,-23,47
-38,-23,47
-38,-23,46
-38,-23,47
-38,-23,47
-38,-23,47
-38,-23,47
-38,-22,47
-38,-23,47
-38,-23,47
-38,-23,47
-38,-23,46
-38,-23,46
-38,-23,47
-38,-23,47
-38,-23,46
-38,-23,47
-38,-23,47
-38,-23,47
-38,-23,47
-38,-23,47
-38,-23,47
-38,-23,47
-38,-23,47
-38,-23,47
-38,-23,47
-38,-23,47
-38,-23,47
-38,-23,46
-38,-23,47
-38,-23,46
-38,-23,47
-38,-23,47
-38,-23,46
-38,-23,47
-38,-23,47
-38,-23,47
-38,-23,46
-39,-23,47
-38,-23,47
-38,-23,46
-38,-23,46
-38,-23,47
-38,-23,46
-38,-23,46
-38,-23,46
-38,-23,46
-38,-23,46
-38,-22,46
-38,-23,46
-38,-23,46
-38,-22,46
-39,-23,46
-39,-23,46
-39,-23,46
-39,-23,46
-39,-23,46
-39,-23,46
-39,-23,46
-38,-23,46
-38,-23,46
-38,-23,46
-39,-23,46
-39,-23,46
-39,-23,46
-39,-23,46
-39,-23,46
-39,-23,46
-39,-23,46
-39,-23,46
-38,-23,46
-39,-23,46
-38,-23,46
-39,-23,46
-38,-23,46
-38,-23,46
-38,-23,46
-39,-23,46
-39,-23,46
-39,-23,46
-38,-23,46
-38,-23,46
-38,-23,46
-38,-23,46
-38,-23,46
-38,-23,46
-39,-23,46
-38,-23,46
-38,-23,46
-38,-23,46
-38,-23,46
-38,-23,46
-38,-23,46
-38,-22,46
-39,-23,46
-38,-22,47
-38,-22,47
-39,-22,47
-39,-23,47
-37,-24,47
-38,-24,46
-37,-24,45
-38,-22,47
-38,-21,48
-39,-22,48
-39,-22,47
-38,-22,46
-37,-22,46
-37,-22,47
-38,-23,47
-39,-23,47
-38,-24,46
-38,-23,46
-38,-23,47
-38,-23,47
-38,-23,47
-38,-23,46
-38,-23,46
-38,-22,46
-38,-23,47
-38,-23,47
-38,-23,47
-38,-23,47
-38,-23,47
-38,-23,47
-38,-23,47
-38,-23,46
-38,-23,46
-38,-23,47
-38,-23,47
-38,-23,47
-38,-23,47
-38,-23,47
-38,-23,47
-38,-23,47
-38,-23,47
-38,-23,47
-38,-23,47
-38,-23,47
-38,-23,47
-38,-23,47
-38,-23,47
-38,-23,47
-38,-23,47
-38,-23,47
-38,-23,47
-38,-23,47
-38,-23,47
-38,-23,46
-38,-23,47
-38,-23,47
-38,-23,46
-38,-23,47
-38,-23,46
-38,-23,46
-38,-23,47
-38,-23,47
-38,-23,46
-38,-23,46
-38,-23,46
-38,-23,46
-38,-23,46
-38,-23,46
-38,-23,46
-38,-23,46
-39,-23,46
-38,-23,47
-38,-23,46
-38,-23,46
-38,-23,46
-38,-23,46
-38,-23,46
-38,-23,46
-38,-23,46
-38,-23,46
-38,-23,46
-38,-23,46
-38,-23,46
-38,-23,47
-38,-23,46
-38,-23,47
-38,-23,47
-38,-23,47
-38,-23,46
-39,-23,46
-38,-23,46
-36,-23,46
-36,-22,46
-40,-22,46
-40,-21,48
-39,-22,47
-39,-24,45
-39,-24,45
-35,-23,47
-37,-23,48
-39,-24,47
-38,-24,47
-37,-22,45
-37,-21,46
-38,-22,48
-38,-22,49
-38,-22,47
-38,-22,45
-37,-22,45
-38,-22,47
-38,-24,48
-38,-24,47
-38,-24,46
-38,-23,46
-38,-22,46
-38,-23,47
-38,-23,47
-38,-23,46
-37,-22,47
-38,-22,47
-38,-23,47
-38,-23,47
-38,-23,46
-38,-23,46
-38,-23,47
-38,-23,48
-38,-23,47
-38,-23,46
-38,-23,46
-38,-22,47
-38,-23,47
-38,-23,47
-37,-23,47
-38,-22,47
-38,-23,47
-38,-23,47
-38,-23,47
-38,-23,46
-38,-23,47
-38,-23,47
-38,-23,47
-38,-23,47
-38,-23,47
-38,-23,47
-38,-23,47
-38,-23,47
-38,-23,47
-38,-23,47
-38,-23,47
-38,-23,47
-38,-23,46
-38,-23,47
-38,-23,47
-38,-23,47
-38,-23,47
-38,-23,47
-38,-23,46
-38,-23,47
-38,-23,46
-39,-23,46
-39,-23,46
-38,-23,46
-39,-23,46
-38,-23,46
-38,-23,46
-39,-23,46
-39,-23,46
-39,-23,46
-39,-23,46
-38,-23,46
-39,-23,46
-39,-23,46
-38,-23,46
-38,-23,46
-39,-22,46
-39,-23,46
-37,-23,46
-38,-23,47
-37,-22,47
-37,-22,47
-39,-22,47
-38,-23,46
-38,-23,46
-38,-24,46
-38,-23,47
-38,-23,47
-38,-23,47
-38,-22,47
-38,-22,46
-38,-23,46
-38,-23,47
-38,-22,46
-38,-23,47
-38,-23,47
-38,-23,47
-38,-23,47
-38,-23,46
-38,-23,46
-38,-23,47
-38,-23,47
-38,-23,47
-38,-23,47
-38,-23,47
-38,-23,47
-38,-23,47
-38,-23,46
-38,-23,46
-38,-23,47
-38,-23,46
-38,-23,46
-38,-23,47
-38,-23,46
-38,-23,46
-38,-23,47
-38,-23,47
-38,-23,47
-38,-23,47
-38,-23,47
-38,-23,47
-38,-23,47
-38,-23,47
-38,-23,47
-38,-23,47
-38,-23,47
-38,-23,47
-38,-23,47
-38,-23,46
-38,-23,47
-38,-23,47
-38,-23,47
-38,-23,47
-38,-23,47
-38,-23,47
-38,-23,47
-38,-23,47
-38,-23,47
-38,-23,47
-38,-23,47
-38,-23,47
-38,-23,47
-38,-23,47
-38,-23,47
-38,-23,47
-38,-23,47
-38,-23,47
-38,-23,47
-38,-23,47
-38,-23,47
-38,-23,47
-38,-23,47
-38,-23,46
-38,-23,47
-38,-23,47
-38,-23,47
-38,-23,47
-38,-23,47
-38,-23,46
-38,-23,47
-38,-23,47
-38,-23,47
-38,-23,47
-38,-23,47
-38,-23,46
-38,-23,46
-38,-23,47
-38,-23,46
-38,-23,47
-38,-23,47
-38,-23,46
-38,-23,46
-38,-23,46
-38,-23,46
-38,-23,46
-38,-23,46
-38,-23,46
-38,-23,47
-38,-23,46
-38,-23,46
-39,-23,47
-38,-23,46
-38,-23,46
-38,-23,46
-38,-23,46
-38,-23,46
-38,-23,46
-38,-23,47
-38,-23,46
-38,-23,47
-38,-23,47
-38,-23,47
-38,-23,46
-38,-23,47
-38,-23,47
-38,-23,46
-37,-23,47
-37,-23,47
-38,-23,47
-37,-23,47
-37,-23,47
-37,-23,47
-37,-23,47
-38,-23,47
-37,-23,47
-38,-23,47
-38,-23,47
-37,-23,47
-37,-24,47
-38,-23,47
-37,-23,47
-37,-23,47
-37,-23,47
-37,-23,47
-37,-23,47
-37,-23,47
-37,-23,47
-37,-23,47
-37,-23,47
-37,-23,47
-37,-23,47
-37,-23,47
-37,-23,47
-37,-23,47
-37,-23,47
-37,-23,47
-38,-23,47
-37,-23,47
-38,-23,47
-38,-24,47
-37,-24,47
-37,-24,47
-36,-23,47
-38,-23,48
-38,-23,48
-38,-24,47
-38,-24,47
-36,-24,46
-36,-24,47
-36,-24,48
-37,-24,48
-38,-23,47
-37,-23,47
-36,-23,47
-37,-23,48
-37,-23,47
-37,-23,47
-37,-23,47
-37,-23,47
-37,-23,47
-37,-23,47
-37,-24,47
-37,-23,47
-37,-23,47
-37,-23,47
-37,-23,47
-37,-23,47
-37,-23,47
-37,-23,47
-37,-23,47
-37,-23,47
-37,-24,47
-37,-23,47
-37,-23,47
-37,-23,47
-37,-23,47
-37,-24,47
-37,-23,47
-37,-24,47
-37,-23,47
-38,-23,47
-37,-23,47
-37,-24,47
-37,-24,47
-38,-24,47
-37,-23,47
-38,-23,47
-38,-23,47
-38,-23,47
-38,-24,46
-37,-24,47
-37,-24,47
-36,-23,46
-38,-23,47
-39,-23,47
-39,-24,47
-38,-24,46
-36,-24,46
-36,-24,46
-37,-24,47
-38,-24,47
-38,-23,47
-38,-23,47
-37,-23,47
-37,-23,47
-37,-23,47
-38,-23,47
-38,-23,46
-37,-23,46
-37,-24,47
-37,-24,47
-37,-24,47
-37,-23,47
-37,-23,47
-37,-23,47
-37,-24,47
-37,-24,47
-36,-23,47
-36,-23,47
-37,-23,47
-38,-23,47
-38,-24,47
-37,-24,47
-37,-25,46
-37,-25,47
-36,-24,46
-35,-24,47
-37,-24,48
-38,-24,47
-37,-23,47
-37,-23,47
-37,-23,48
-37,-23,48
-36,-23,48
-36,-24,48
-36,-24,48
-35,-24,48
-35,-24,48
-35,-23,48
-35,-23,48
-35,-23,48
-34,-22,48
-34,-22,48
-35,-22,50
-37,-23,50
-37,-23,48
-35,-23,48
-34,-23,47
-35,-23,47
-35,-24,49
-36,-25,50
-39,-27,47
-37,-26,46
-34,-23,47
-37,-23,47
-37,-23,48
-34,-24,50
-35,-24,49
-38,-24,46
-38,-23,46
-35,-22,47
-37,-21,47
-37,-24,48
-35,-24,49
-40,-27,47
-41,-27,46
-34,-24,46
-36,-22,47
-37,-22,48
-36,-23,49
-35,-23,50
-40,-25,47
-40,-25,46
-34,-23,46
-35,-22,46
-37,-22,48
-37,-23,48
-35,-23,49
-35,-23,48
-38,-24,46
-37,-24,47
-37,-24,47
-37,-23,47
-37,-24,47
-37,-23,47
-37,-24,47
-38,-24,47
-37,-24,47
-37,-23,47
-37,-23,47
-37,-24,47
-37,-24,47
-37,-23,47
-38,-23,47
-38,-24,47
-37,-23,47
-37,-23,47
-37,-24,47
-37,-24,47
-37,-23,47
-37,-24,47
-38,-23,47
-38,-23,46
-38,-23,46
-38,-24,46
-38,-24,46
-37,-24,46
-38,-23,47
-38,-24,47
-38,-24,47
-38,-23,47
-38,-23,46
-38,-23,47
-38,-24,47
-37,-24,46
-37,-24,46
-38,-24,47
-38,-23,47
-38,-23,47
-38,-23,47
-38,-23,47
-38,-24,47
-38,-24,46
-38,-24,47
-38,-23,47
-38,-23,47
-38,-24,47
-38,-24,47
-37,-23,47
-37,-23,46
-37,-23,47
-38,-24,47
-37,-24,47
-37,-24,47
-37,-23,47
-37,-23,47
-37,-24,47
-37,-24,47
-37,-23,47
-37,-23,47
-37,-24,47
-37,-24,47
-37,-24,47
-37,-24,47
-37,-24,47
-37,-24,47
-37,-23,47
-37,-24,47
-37,-24,47
-37,-23,47
-37,-23,47
-37,-24,47
-37,-23,47
-37,-24,47
-37,-24,47
-37,-23,47
-37,-23,47
-37,-23,47
-37,-24,47
-37,-23,47
-37,-23,47
-37,-24,47
-37,-24,47
-37,-24,47
-37,-23,47
-37,-23,47
-37,-24,47
-37,-24,47
-37,-24,47
-37,-24,47
-37,-24,47
-37,-24,47
-37,-24,47
-37,-24,47
-37,-24,47
-37,-23,47
-37,-23,47
-37,-23,47
-37,-24,47
-37,-24,47
-37,-24,47
-37,-24,47
-37,-24,47
-37,-23,47
-37,-24,47
-37,-23,47
-37,-24,47
-37,-23,47
-37,-24,47
-37,-24,47
-37,-23,47
-37,-24,47
-37,-24,47
-37,-24,47
-37,-24,47
-38,-24,47
-37,-24,47
-37,-24,47
-38,-24,47
-37,-24,47
-37,-24,47
-37,-24,47
-37,-24,47
-37,-23,47
-37,-24,46
-37,-24,47
-38,-24,47
-38,-23,47
-38,-24,47
-37,-24,47
-37,-24,47
-37,-24,47
-38,-24,46
-38,-24,47
-37,-24,47
-37,-24,47
-38,-23,47
-37,-24,47
-38,-24,46
-38,-23,47
-37,-24,47
-37,-24,47
-37,-24,47
-37,-24,47
-37,-24,46
-37,-24,47
-37,-23,47
-38,-24,47
-38,-24,47
-38,-24,47
-37,-24,47
-38,-24,47
-37,-24,47
-37,-24,47
-37,-24,47
-37,-24,47
-38,-24,47
-37,-24,47
-37,-24,47
-37,-24,47
-37,-24,47
-37,-24,47
-38,-24,47
-37,-24,47
-37,-24,46
-37,-24,47
-37,-24,47
-37,-24,47
-37,-24,47
-37,-24,47
-37,-24,47
-37,-23,47
-37,-24,47
-37,-24,47
-37,-24,47
-37,-24,47
-37,-24,47
-37,-24,47
-37,-24,47
-37,-24,47
-37,-23,47
-37,-24,47
-37,-24,47
-37,-24,47
-37,-23,47
-37,-24,47
-37,-24,47
-37,-24,47
-37,-24,47
-37,-24,47
-37,-23,47
-37,-24,47
-37,-23,47
-37,-24,47
-37,-24,47
-37,-24,47
-37,-24,47
-37,-24,47
-37,-24,47
-37,-24,47
-37,-24,47
-37,-24,47
-37,-24,47
-37,-24,47
-37,-24,47
-37,-24,47
-37,-24,47
-37,-24,47
-37,-24,47
-37,-23,47
-37,-23,47
-37,-23,47
-37,-24,47
-37,-24,47
-37,-24,47
-37,-24,47
-37,-23,47
-37,-24,47
-37,-24,47
-37,-24,47
-37,-23,47
-37,-24,47
-37,-24,47
-37,-24,47
-37,-23,47
-37,-24,47
-37,-23,47
-37,-24,47
-37,-24,46
-37,-23,47
-37,-24,46
-37,-23,47
-38,-24,47
-37,-23,47
-38,-24,47
-38,-24,47
-37,-23,47
-38,-24,47
-38,-24,47
-37,-24,46
-38,-24,47
-38,-24,47
-38,-23,46
-38,-23,47
-38,-24,47
-37,-24,47
-38,-24,47
-37,-24,46
-38,-24,47
-38,-24,47
-37,-23,46
-38,-24,47
-37,-23,47
-37,-23,47
-37,-24,47
-38,-23,47
-37,-23,47
-37,-24,47
-38,-24,47
-38,-24,47
-37,-24,47
-37,-24,47
-37,-23,47
-37,-24,47
-38,-24,47
-37,-24,47
-37,-24,47
-37,-23,47
-37,-23,47
-37,-23,47
-37,-24,47
-37,-23,47
-37,-23,47
-37,-23,47
-37,-24,47
-37,-24,47
-37,-23,47
-37,-24,47
-37,-24,47
-37,-24,47
-37,-23,47
-37,-24,47
-37,-24,47
-37,-24,47
-37,-24,47
-37,-24,47
-37,-23,47
-37,-23,47
-37,-24,47
-37,-24,47
-37,-23,47
-37,-23,47
-37,-23,47
-37,-23,47
-37,-24,47
-37,-24,47
-37,-23,47
-37,-24,47
-37,-24,47
-37,-24,47
-37,-24,47
-37,-24,47
-37,-24,47
-37,-24,47
-37,-23,47
-37,-23,47
-37,-23,47
-37,-24,47
-37,-24,47
-36,-24,47
-37,-23,47
-37,-23,47
-37,-24,47
-37,-24,47
-37,-24,47
-37,-24,47
-37,-24,47
-37,-24,47
-36,-24,47
-35,-23,47
-37,-23,47
-39,-23,48
-39,-24,48
-37,-25,47
-36,-25,46
-35,-25,46
-35,-24,48
-36,-23,48
-38,-23,48
-38,-24,47
-37,-23,45
-37,-23,46
-37,-23,48
-37,-24,48
-37,-24,47
-37,-24,46
-37,-23,46
-37,-24,47
-37,-25,48
-37,-25,47
-37,-24,46
-38,-23,46
-38,-23,47
-38,-24,47
-37,-24,47
-37,-23,46
-37,-23,46
-37,-23,47
-38,-24,47
-38,-24,46
-37,-23,46
-38,-23,46
-38,-24,47
-38,-24,47
-37,-24,47
-37,-24,46
-35,-23,47
-36,-23,47
-38,-23,47
-39,-23,47
-39,-23,47
-38,-24,46
-38,-24,46
-36,-24,46
-36,-24,47
-37,-25,47
-37,-24,47
-38,-23,46
-38,-23,46
-37,-23,47
-37,-23,47
-37,-24,47
-37,-23,47
-37,-23,47
-37,-23,47
-37,-24,47
-37,-24,47
-37,-24,47
-37,-24,47
-37,-23,47
-37,-24,47
-37,-24,47
-37,-24,47
-37,-24,47
-37,-24,47
-37,-24,47
-37,-24,47
-37,-23,47
-37,-23,47
-37,-24,47
-37,-24,47
-37,-24,47
-37,-24,47
-37,-24,47
-37,-23,47
-37,-24,47
-37,-23,47
-37,-24,47
-37,-24,47
-37,-24,47
-37,-24,47
-37,-24,47
-37,-24,47
-37,-24,47
-37,-24,47
-37,-24,47
-37,-24,47
-37,-24,47
-37,-24,47
-37,-23,47
-37,-23,47
-37,-24,47
-37,-24,47
-36,-23,47
-36,-23,47
-37,-24,48
-38,-24,48
-38,-24,46
-38,-24,46
-36,-24,46
-36,-24,47
-37,-25,47
-37,-24,47
-37,-23,47
-38,-23,47
-38,-24,47
-37,-24,47
-37,-24,47
-37,-24,47
-37,-23,47
-37,-23,47
-37,-23,47
-37,-23,47
-37,-23,47
-37,-24,47
-37,-24,47
-38,-24,47
-37,-24,47
-37,-24,47
-37,-24,47
-37,-24,47
-37,-24,47
-37,-24,47
-37,-24,47
-37,-24,47
-38,-24,47
-38,-24,47
-37,-24,47
-38,-24,47
-38,-24,47
-37,-24,46
-37,-24,47
-38,-24,47
-38,-24,46
-38,-23,46
-37,-24,46
-38,-24,46
-38,-24,46
-38,-24,46
-38,-23,47
-38,-23,46
-38,-24,47
-37,-23,47
-38,-23,47
-38,-24,46
-37,-24,47
-37,-24,46
-38,-24,47
-37,-24,46
-38,-23,47
-38,-23,47
-38,-23,47
-38,-24,47
-38,-24,47
-37,-24,47
-38,-24,47
-38,-23,47
-38,-24,47
-38,-24,46
-38,-23,46
-37,-24,47
-37,-24,47
-38,-24,47
-38,-23,47
-37,-24,47
-37,-24,47
-37,-23,47
-37,-24,47
-37,-23,47
-37,-23,46
-37,-24,47
-37,-24,47
-38,-24,47
-37,-24,47
-37,-23,47
-37,-23,46
-37,-24,47
-37,-24,47
-37,-23,47
-37,-23,47
-37,-23,47
-37,-24,47
-37,-24,47
-37,-24,47
-37,-23,47
-37,-24,47
-37,-24,47
-37,-23,47
-37,-24,47
-37,-23,47
-37,-23,47
-37,-24,47
-37,-24,47
-37,-23,47
-37,-24,47
-37,-23,47
-37,-23,47
-37,-24,47
-37,-23,47
-37,-24,47
-37,-23,47
-37,-24,47
-37,-24,47
-37,-23,47
-37,-23,47
-37,-23,47
-37,-23,47
-37,-23,47
-37,-24,47
-37,-23,47
-37,-23,47
-37,-23,47
-37,-23,47
-37,-23,47
-37,-24,47
-37,-23,47
-37,-23,47
-37,-24,47
-37,-24,47
-37,-23,47
-37,-24,47
-37,-23,47
-37,-24,47
-37,-23,47
-37,-23,47
-37,-24,47
-37,-24,47
-37,-23,47
-37,-24,47
-37,-24,47
-37,-24,47
-37,-24,47
-37,-24,47
-37,-24,47
-37,-24,47
-37,-24,47
-38,-23,47
-38,-24,47
-38,-24,47
-37,-24,47
-37,-23,47
-38,-23,47
-38,-23,47
-38,-24,47
-38,-24,46
-37,-24,46
-37,-24,46
-37,-24,47
-37,-24,47
-38,-24,48
-38,-24,47
-36,-23,47
-37,-23,47
-37,-23,47
-37,-24,47
-37,-23,47
-37,-23,47
-37,-23,47
-37,-24,47
-37,-24,47
-37,-24,47
-37,-24,47
-37,-24,47
-37,-24,47
-37,-23,47
-37,-23,47
-37,-23,47
-37,-23,47
-37,-24,47
-37,-24,47
-37,-24,47
-37,-24,47
-37,-24,47
-37,-24,47
-37,-24,47
-37,-24,47
-37,-23,47
-37,-24,47
-37,-24,47
-37,-24,47
-37,-23,47
-37,-23,47
-37,-23,47
-37,-24,47
-37,-23,47
-37,-23,47
-37,-24,47
-37,-23,47
-37,-24,47
-37,-24,47
-37,-23,47
-37,-24,47
-37,-24,47
-37,-24,47
-37,-24,47
-37,-23,47
-37,-23,47
-37,-24,47
-37,-24,47
-37,-24,47
-37,-23,47
-37,-24,47
-37,-23,47
-37,-24,47
-37,-24,47
-37,-24,47
-37,-24,47
-36,-24,47
-37,-24,47
-37,-24,47
-37,-24,47
-37,-24,47
-37,-24,47
-37,-23,47
-37,-24,47
-37,-23,47
-37,-24,47
-37,-24,47
-37,-24,47
-37,-23,47
-37,-24,47
-37,-24,47
-37,-24,47
-37,-24,47
-37,-24,47
-37,-24,47
-37,-24,47
-37,-24,47
-37,-24,47
-37,-24,47
-37,-24,47
-37,-23,47
-37,-24,47
-37,-24,47
-37,-23,47
-37,-24,47
-37,-24,47
-38,-23,47
-37,-24,47
-37,-24,47
-37,-24,47
-38,-24,46
-37,-23,47
-37,-24,47
-38,-24,47
-37,-23,47
-37,-24,47
-37,-24,47
-37,-24,47
-38,-24,47
-37,-24,47
-37,-23,47
-38,-23,47
-37,-24,47
-37,-24,47
-37,-24,47
-37,-24,47
-37,-24,47
-37,-24,47
-37,-23,47
-37,-24,47
-37,-23,47
-37,-24,47
-37,-24,47
-37,-23,47
-37,-24,47
-37,-24,47
-37,-24,47
-37,-23,47
-37,-24,47
-37,-24,47
-37,-24,47
-37,-23,47
-37,-24,47
-37,-24,47
-37,-24,47
-37,-24,47
-37,-24,47
-37,-23,47
-37,-23,47
-37,-24,47
-37,-23,47
-37,-24,47
-37,-24,47
-37,-23,47
-37,-24,47
-37,-23,47
-37,-23,47
-37,-24,47
-37,-23,47
-37,-24,47
-37,-24,47
-37,-23,47
-37,-24,47
-37,-24,47
-37,-24,47
-37,-24,47
-37,-23,47
-37,-24,47
-37,-24,47
-37,-23,47
-37,-24,47
-37,-23,47
-37,-24,47
-37,-24,47
-37,-23,47
-37,-24,47
-37,-24,47
-37,-24,47
-37,-24,47
-37,-24,47
-37,-24,47
-37,-23,47
-37,-24,47
-37,-24,47
-37,-24,47
-37,-23,47
-37,-24,47
-37,-24,47
-37,-24,47
-37,-24,47
-37,-24,47
-37,-24,47
-37,-24,47
-37,-24,47
-37,-23,47
-37,-24,47
-37,-24,47
-37,-24,47
-37,-24,47
-37,-23,47
-37,-24,47
-37,-23,47
-37,-24,47
-37,-24,47
-37,-24,47
-37,-24,47
-37,-24,47
-37,-24,47
-37,-24,47
-38,-23,47
-37,-24,47
-37,-24,47
-38,-24,47
-37,-24,47
-37,-23,47
-37,-24,47
-37,-24,47
-38,-24,47
-37,-24,47
-37,-24,47
-37,-24,47
-37,-24,47
-37,-23,47
-37,-23,47
-37,-23,47
-37,-24,47
-37,-24,47
-37,-24,47
-37,-24,47
-37,-24,47
-37,-24,47
-37,-24,47
-37,-24,47
-37,-24,47
-37,-24,47
-37,-24,47
-37,-24,47
-37,-24,47
-37,-24,47
-37,-23,47
-37,-24,47
-37,-24,47
-37,-24,47
-37,-24,47
-37,-24,47
-37,-24,47
-37,-24,47
-37,-24,47
-37,-23,47
-37,-24,47
-37,-23,47
-37,-24,47
-37,-24,47
-37,-24,47
-37,-23,47
-37,-24,47
-37,-24,47
-37,-24,47
-37,-24,47
-36,-24,47
-37,-23,47
-38,-23,47
-37,-23,47
-37,-24,47
-37,-24,46
-36,-24,47
-37,-24,47
-37,-24,47
-37,-24,47
-37,-24,47
-37,-23,47
-37,-23,47
-37,-23,48
-37,-23,47
-37,-23,47
-37,-23,47
-37,-23,47
-37,-24,47
-37,-24,47
-37,-24,47
-37,-24,47
-37,-23,47
-37,-24,47
-37,-24,47
-37,-24,47
-37,-24,47
-37,-24,47
-37,-24,47
-37,-23,47
-37,-24,47
-37,-24,47
-37,-24,47
-37,-24,47
-37,-24,47
-37,-24,47
-37,-24,47
-37,-24,47
-37,-24,47
-37,-24,47
-37,-24,47
-37,-24,47
-37,-23,47
-37,-23,47
-37,-24,47
-37,-24,47
-37,-24,47
-37,-24,47
-37,-24,47
-37,-24,47
-37,-24,47
-35,-23,47
-36,-23,47
-39,-23,47
-38,-23,47
-38,-24,47
-38,-24,46
-36,-24,46
-36,-24,46
-38,-24,48
-38,-24,47
-38,-24,47
-37,-23,46
-37,-23,47
-37,-24,48
-37,-24,47
-37,-23,46
-37,-23,46
-37,-23,47
-37,-24,47
-37,-24,47
-37,-24,47
-37,-24,46
-37,-24,47
-37,-24,47
-37,-24,47
-37,-23,47
-37,-24,47
-37,-24,47
-37,-23,47
-37,-24,47
-37,-23,47
-37,-24,47
-38,-24,47
-37,-24,47
-37,-24,47
-37,-23,47
-37,-24,47
-37,-24,47
-37,-24,47
-37,-24,47
-37,-23,47
-37,-24,47
-37,-24,47
-37,-24,47
-37,-24,47
-37,-24,47
-37,-23,47
-37,-24,47
-37,-23,47
-37,-23,48
-38,-24,48
-37,-24,47
-36,-24,46
-35,-24,46
-36,-24,47
-37,-23,48
-37,-23,48
-37,-23,47
-37,-23,46
-37,-23,47
-37,-24,47
-37,-24,47
-37,-24,47
-37,-24,47
-37,-24,47
-37,-23,47
-37,-24,47
-37,-24,47
-37,-24,47
-37,-23,47
-37,-23,47
-37,-23,47
-37,-23,47
-37,-24,47
-37,-24,47
-37,-23,47
-37,-24,47
-37,-24,47
-37,-24,47
-37,-24,47
-37,-23,47
-37,-23,48
-37,-24,47
-37,-24,47
-37,-23,47
-37,-23,47
-37,-23,47
-36,-23,47
-36,-24,47
-37,-24,47
-37,-24,47
-37,-23,47
-37,-24,47
-37,-24,47
-37,-24,47
-37,-24,47
-37,-23,47
-37,-23,47
-37,-23,47
-37,-23,47
-37,-24,47
-37,-23,47
-37,-24,47
-37,-23,47
-37,-24,47
-37,-23,47
-37,-24,47
-37,-24,47
-37,-24,47
-37,-24,47
-37,-23,47
-37,-23,47
-37,-24,47
-37,-24,47
-37,-23,47
-38,-23,47
-37,-23,47
-37,-24,47
-37,-23,47
-37,-23,47
-37,-24,47
-37,-24,47
-37,-24,47
-37,-24,47
-37,-24,47
-37,-24,47
-37,-24,47
-37,-24,47
-37,-24,47
-37,-24,47
-37,-23,47
-37,-24,47
-37,-23,47
-37,-23,47
-37,-23,47
-37,-24,47
-37,-24,47
-37,-23,47
-37,-23,47
-37,-23,47
-37,-23,47
-37,-23,47
-37,-23,47
-37,-24,47
-37,-24,47
-37,-24,47
-37,-24,47
-37,-24,47
-37,-24,47
-37,-24,47
-37,-23,47
-37,-23,47
-37,-24,47
-37,-24,47
-37,-23,47
-37,-24,47
-37,-24,47
-37,-24,47
-37,-23,47
-37,-23,47
-37,-23,47
-37,-23,47
-37,-24,47
-37,-24,47
-37,-24,47
-37,-24,47
-37,-24,47
-37,-24,47
-37,-24,47
-37,-24,47
-37,-24,47
-36,-24,47
-37,-23,47
-36,-23,47
-37,-23,47
-37,-23,47
-37,-24,47
-37,-24,47
-37,-24,47
-37,-24,46
-37,-24,47
-37,-24,47
-37,-24,47
-37,-24,47
-36,-23,47
-36,-23,47
-36,-23,47
-36,-23,47
-36,-23,48
-36,-23,47
-36,-23,47
-37,-23,47
-37,-23,47
-37,-24,47
-37,-24,47
-37,-24,47
-37,-24,47
-36,-24,47
-37,-24,47
-37,-24,47
-36,-23,47
-37,-24,47
-37,-23,47
-37,-23,47
-37,-23,47
-36,-23,47
-37,-23,47
-37,-23,47
-37,-24,47
-37,-24,47
-37,-23,47
-37,-24,47
-37,-24,47
-37,-24,47
-37,-24,47
-37,-23,47
-37,-24,47
-37,-24,47
-37,-24,47
-37,-24,47
-37,-24,47
-37,-23,47
-37,-24,47
-37,-24,47
-37,-24,47
-37,-24,47
-37,-24,47
-37,-23,47
-37,-24,47
-38,-23,47
-38,-24,47
-38,-24,47
-37,-24,47
-37,-24,47
-37,-24,47
-37,-24,47
-37,-24,47
-37,-23,47
-37,-23,47
-37,-23,47
-37,-23,47
-37,-23,47
-37,-23,47
-37,-23,47
-37,-23,47
-37,-24,47
-37,-24,47
-37,-24,47
-37,-24,47
-37,-24,47
-37,-24,47
-37,-24,47
-37,-24,47
-37,-24,47
-37,-23,47
-37,-24,47
-37,-23,47
-36,-23,47
-37,-23,47
-37,-23,47
-37,-24,47
-37,-24,47
-37,-24,47
-37,-24,47
-37,-24,47
-37,-24,48
-37,-24,47
-37,-23,47
-36,-23,47
-37,-23,47
-37,-23,47
-36,-24,47
-36,-24,47
-37,-23,47
-37,-24,47
-37,-24,47
-37,-24,47
-37,-24,47
-36,-24,47
-36,-24,47
-37,-23,47
-37,-23,47
-35,-24,47
-36,-23,47
-37,-23,47
-38,-24,47
-36,-24,48
-37,-24,47
-36,-24,47
-35,-24,47
-35,-24,48
-38,-23,47
-38,-23,47
-37,-23,48
-37,-23,47
-36,-23,47
-35,-23,47
-36,-24,47
-37,-24,48
-37,-24,48
-37,-24,47
-37,-24,47
-36,-23,47
-36,-24,47
-36,-24,48
-36,-24,48
-38,-23,47
-38,-23,47
-37,-24,47
-37,-24,47
-36,-23,47
-35,-24,47
-36,-23,47
-38,-23,47
-38,-23,48
-37,-24,47
-37,-24,47
-36,-23,47
-35,-24,47
-36,-23,47
-38,-24,47
-38,-24,49
-38,-24,48
-37,-23,47
-36,-23,46
-36,-23,47
-35,-24,48
-36,-24,48
-38,-24,47
-37,-23,48
-36,-23,47
-37,-23,47
-35,-23,47
-35,-24,47
-37,-23,47
-37,-23,48
-37,-24,48
-37,-23,47
-36,-23,47
-35,-23,47
-35,-23,47
-36,-23,48
-37,-23,48
-37,-24,48
-37,-24,48
-36,-23,47
-36,-23,47
-35,-23,47
-37,-23,48
-38,-23,48
-37,-24,48
-37,-24,48
-37,-23,47
-36,-23,47
-35,-23,47
-36,-23,47
-38,-23,48
-37,-24,48
-37,-24,48
-36,-23,47
-35,-23,47
-35,-23,47
-37,-23,48
-38,-24,48
-37,-24,48
-36,-24,47
-36,-23,47
-35,-23,47
-34,-23,47
-37,-23,48
-39,-23,48
-37,-24,48
-36,-24,48
-36,-23,47
-35,-23,47
-35,-23,47
-37,-23,48
-38,-23,48
-38,-24,48
-37,-24,48
-36,-23,47
-35,-23,47
-35,-23,47
-36,-23,47
-38,-23,48
-38,-24,48
-37,-24,48
-36,-23,47
-35,-23,47
-35,-22,47
-38,-22,47
-38,-23,48
-37,-24,48
-37,-24,47
-37,-23,47
-35,-23,46
-35,-23,47
-38,-23,47
-38,-23,47
-38,-23,47
-37,-23,47
-38,-23,47
-37,-23,46
-38,-23,46
-37,-24,47
-37,-24,47
-38,-24,47
-38,-24,47
-38,-23,46
-38,-23,46
-39,-23,46
-38,-23,46
-38,-23,46
-38,-24,46
-38,-24,47
-38,-24,47
-37,-24,46
-38,-23,46
-38,-23,46
-38,-23,47
-38,-23,47
-38,-23,46
-38,-23,46
-38,-23,46
-38,-23,46
-38,-23,46
-38,-24,46
-38,-23,46
-37,-23,46
-38,-23,46
-38,-23,47
-38,-23,47
-38,-23,46
-37,-23,46
-38,-23,47
-38,-23,47
-38,-23,47
-37,-23,47
-37,-23,47
-38,-23,47
-38,-23,46
-38,-23,47
-38,-23,46
-38,-24,47
-37,-24,47
-37,-23,47
-37,-23,47
-37,-23,47
-38,-23,47
-38,-23,47
-37,-23,47
-37,-23,47
-37,-24,47
-38,-23,47
-37,-24,47
-37,-23,47
-37,-23,47
-37,-23,47
-37,-23,47
-37,-23,47
-37,-23,47
-37,-23,47
-38,-23,47
-37,-23,47
-37,-23,47
-37,-23,47
-37,-23,47
-37,-23,46
-37,-24,47
-37,-25,48
-37,-25,48
-37,-24,47
-37,-23,46
-37,-23,46
-37,-23,47
-37,-23,47
-37,-24,47
-37,-23,47
-37,-23,47
-37,-23,47
-37,-23,47
-37,-23,47
-37,-22,47
-37,-23,47
-37,-24,47
-37,-23,47
-37,-23,46
-37,-23,47
-38,-23,47
-39,-23,47
-38,-23,47
-38,-23,46
-38,-24,46
-38,-24,47
-37,-24,47
-37,-24,47
-38,-24,46
-38,-24,47
-38,-24,47
-38,-24,47
-38,-23,47
-38,-23,46
-37,-24,46
-37,-23,47
-38,-23,46
-38,-23,46
-37,-23,47
-37,-23,47
-38,-23,46
-38,-23,47
-38,-24,46
-38,-24,47
-38,-24,47
-38,-24,47
-38,-24,47
-37,-24,47
-37,-24,47
-37,-24,46
-37,-24,46
-38,-25,46
-39,-24,46
-38,-24,47
-38,-23,46
-37,-23,47
-37,-23,47
-38,-23,47
-37,-23,47
-37,-23,47
-37,-23,47
-37,-24,47
-38,-23,47
-38,-23,46
-38,-23,46
-38,-23,46
-38,-24,47
-38,-23,47
-37,-23,47
-38,-23,46
-39,-23,46
-39,-23,46
-38,-23,47
-38,-22,46
-39,-22,46
-39,-22,47
-38,-22,47
-37,-21,47
-39,-21,47
-39,-22,47
-38,-21,47
-39,-21,46
-38,-22,46
-39,-22,47
-38,-23,46
-38,-24,46
-39,-23,47
-39,-23,46
-38,-24,46
-39,-24,46
-39,-24,46
-39,-23,46
-39,-23,46
-38,-23,46
-38,-23,46
-38,-23,46
-37,-23,47
-38,-23,47
-37,-23,47
-38,-23,46
-37,-23,46
-38,-23,46
-38,-24,47
-38,-24,46
-37,-24,47
-37,-24,46
-38,-24,46
-38,-24,46
-38,-24,46
-38,-24,46
-38,-24,46
-39,-24,46
-38,-23,46
-38,-23,46
-38,-23,46
-39,-23,46
-38,-23,46
-38,-23,46
-38,-24,46
-38,-23,46
-38,-23,46
-38,-23,46
-38,-23,46
-38,-23,46
-38,-23,46
-38,-23,46
-38,-23,46
-38,-23,46
-38,-23,46
-38,-24,46
-38,-23,46
-38,-23,46
-38,-23,46
-38,-23,46
-38,-23,46
-38,-23,46
-38,-23,46
-38,-23,47
-38,-23,47
-38,-23,46
-38,-23,46
-38,-23,47
-38,-23,47
-38,-23,46
-38,-23,46
-38,-23,47
-38,-23,46
-37,-23,47
-36,-23,47
-38,-22,47
-38,-22,47
-39,-23,47
-39,-23,47
-39,-25,45
-37,-25,45
-37,-24,46
-37,-24,47
-38,-24,47
-38,-23,47
-38,-23,47
-37,-22,46
-37,-22,46
-38,-23,47
-38,-23,47
-37,-24,47
-37,-23,46
-38,-23,46
-37,-23,47
-37,-24,47
-38,-24,46
-38,-23,46
-38,-23,47
-38,-23,47
-38,-23,47
-38,-23,47
-37,-23,47
-38,-23,47
-38,-23,47
-38,-23,47
-38,-23,46
-38,-23,46
-38,-24,46
-38,-23,47
-38,-23,47
-38,-23,47
-38,-23,46
-38,-23,46
-38,-23,46
-38,-23,46
-38,-23,46
-38,-23,46
-38,-23,46
-38,-23,46
-38,-23,46
-38,-24,46
-38,-23,46
-38,-23,46
-38,-23,46
-38,-23,46
-38,-23,47
-38,-23,46
-38,-23,46
-38,-23,46
-38,-23,46
-38,-23,46
-38,-24,46
-38,-23,46
-38,-23,46
-38,-23,46
-38,-24,47
-38,-23,47
-38,-23,46
-38,-23,47
-38,-23,46
-38,-23,46
-38,-23,46
-38,-23,46
-38,-23,46
-38,-23,46
-38,-23,46
-38,-23,46
-38,-23,46
-38,-23,46
-38,-23,47
-38,-23,47
-38,-23,46
-38,-23,46
-38,-23,47
-38,-23,47
-38,-23,47
-38,-23,46
-38,-23,47
-38,-23,47
-38,-23,46
-38,-24,47
-38,-23,46
-38,-23,46
-38,-24,47
-38,-23,47
-38,-23,46
-38,-23,46
-38,-23,47
-38,-23,47
-38,-23,46
-38,-23,47
-38,-23,46
-37,-23,47
-38,-24,47
-37,-23,47
-37,-23,46
-37,-23,46
-39,-23,47
-39,-23,47
-39,-24,47
-39,-24,46
-38,-24,46
-37,-25,46
-36,-25,47
-36,-24,47
-36,-23,47
-36,-22,47
-37,-22,47
-37,-21,48
-37,-22,47
-37,-22,47
-37,-22,47
-37,-23,47
-38,-24,47
-38,-24,47
-38,-24,47
-38,-25,46
-38,-24,46
-38,-24,46
-39,-23,46
-37,-25,46
-38,-24,46
-38,-23,47
-37,-23,47
-37,-23,47
-37,-23,47
-37,-23,47
-37,-23,47
-37,-23,47
-37,-23,47
-37,-23,47
-37,-23,47
-37,-23,47
-37,-24,47
-37,-24,47
-37,-24,47
-37,-24,47
-38,-23,47
-37,-23,47
-38,-23,46
-38,-23,47
-38,-23,46
-38,-23,47
-38,-23,47
-38,-23,46
-38,-23,46
-38,-23,46
-38,-24,46
-38,-23,46
-38,-23,46
-38,-24,46
-38,-23,47
-38,-23,46
-38,-23,47
-38,-23,46
-38,-23,46
-38,-23,47
-38,-23,46
-38,-23,47
-38,-23,47
-38,-23,46
-38,-23,46
-38,-23,46
-38,-23,47
-38,-23,46
-38,-23,47
-38,-23,46
-38,-23,47
-38,-23,46
-38,-23,46
-38,-23,47
-38,-23,47
-38,-23,47
-38,-23,47
-38,-23,47
-38,-23,47
-38,-23,47
-38,-23,47
-38,-23,47
-37,-23,46
-38,-24,46
-37,-23,47
-38,-24,47
-37,-23,47
-37,-23,47
-37,-23,47
-38,-24,47
-38,-24,47
-38,-24,47
-37,-23,47
-37,-23,47
-37,-24,47
-38,-23,47
-37,-23,47
-37,-23,46
-37,-23,47
-37,-24,47
-37,-23,47
-37,-23,47
-37,-23,47
-37,-23,47
-37,-23,47
-37,-23,47
-37,-23,47
-37,-23,47
-37,-23,47
-37,-23,47
-37,-24,47
-37,-23,47
-37,-23,47
-37,-23,47
-38,-23,47
-37,-23,47
-38,-24,47
-38,-24,47
-37,-23,47
-37,-23,47
-37,-23,47
-37,-23,47
-37,-23,47
-37,-23,47
-37,-23,47
-37,-23,47
-37,-24,47
-36,-24,47
-36,-23,47
-38,-23,47
-38,-23,47
-38,-23,47
-38,-24,47
-36,-25,46
-35,-24,46
-36,-24,47
-37,-23,48
-38,-23,48
-37,-23,46
-37,-23,46
-37,-23,47
-37,-23,47
-38,-24,48
-37,-24,47
-37,-23,46
-37,-23,46
-37,-23,47
-37,-24,48
-37,-24,47
-37,-23,46
-38,-23,46
-38,-23,46
-37,-24,47
-37,-24,47
-37,-23,46
-37,-23,47
-37,-23,47
-38,-23,47
-38,-23,47
-38,-24,46
-38,-24,46
-37,-23,47
-37,-23,47
-38,-24,47
-38,-24,46
-38,-24,47
-36,-23,47
-37,-23,47
-38,-23,47
-37,-23,47
-37,-23,47
-37,-23,46
-37,-23,47
-38,-23,47
-38,-23,47
-38,-23,47
-37,-23,47
-37,-24,47
-37,-23,47
-38,-24,47
-37,-23,46
-37,-23,47
-37,-23,47
-37,-23,47
-38,-23,47
-37,-23,47
-37,-23,47
-37,-23,47
-38,-23,47
-37,-23,47
-37,-23,47
-38,-23,47
-37,-23,47
-37,-24,47
-37,-23,47
-37,-23,47
-37,-23,47
-37,-23,47
-37,-23,47
-37,-23,47
-37,-24,47
-37,-23,47
-37,-24,47
-37,-23,47
-37,-24,47
-37,-23,47
-37,-23,47
-37,-23,47
-37,-23,47
-37,-23,47
-37,-23,47
-37,-23,47
-37,-23,47
-37,-24,47
-37,-23,47
-37,-23,47
-37,-23,47
-37,-23,47
-37,-23,47
-37,-23,47
-37,-23,47
-37,-23,47
-37,-23,47
-37,-23,47
-37,-23,47
-37,-23,47
-37,-23,47
-37,-23,47
-37,-23,47
-37,-23,47
-37,-23,47
-37,-23,48
-37,-23,48
-37,-24,47
-36,-24,48
-35,-24,47
-34,-24,48
-37,-23,47
-38,-22,48
-39,-23,48
-37,-24,47
-36,-25,46
-35,-24,46
-35,-24,47
-37,-23,49
-37,-24,49
-37,-24,46
-36,-24,46
-36,-23,47
-36,-23,48
-37,-24,48
-37,-24,48
-36,-23,47
-37,-23,47
-36,-23,48
-37,-24,48
-36,-24,48
-37,-23,47
-37,-23,47
-37,-24,47
-37,-24,47
-37,-24,47
-37,-24,47
-37,-24,47
-37,-23,47
-37,-24,47
-37,-23,47
-37,-24,47
-37,-24,47
-37,-23,47
-37,-23,47
-37,-24,47
-37,-23,47
-37,-24,47
-37,-24,47
-37,-24,47
-37,-24,47
-37,-24,47
-37,-24,47
-37,-23,47
-37,-23,47
-37,-24,47
-37,-23,47
-37,-23,47
-37,-24,47
-37,-24,47
-38,-24,47
-38,-24,47
-37,-23,47
-37,-24,47
-37,-24,47
-37,-23,47
-37,-24,47
-37,-23,47
-37,-23,47
-37,-23,47
-37,-24,47
-37,-23,47
-37,-23,47
-38,-23,47
-37,-24,47
-37,-24,47
-36,-23,47
-38,-23,47
-39,-23,47
-38,-24,47
-38,-24,47
-37,-24,46
-36,-24,46
-36,-24,47
-37,-24,48
-37,-24,47
-37,-23,47
-37,-23,46
-37,-23,47
-37,-23,48
-37,-24,47
-37,-23,47
-37,-23,47
-37,-23,47
-37,-24,47
-37,-24,47
-37,-24,47
-37,-23,47
-37,-23,47
-37,-23,47
-37,-24,47
-37,-24,47
-37,-24,47
-37,-23,47
-37,-23,47
-37,-23,47
-37,-23,47
-37,-23,47
-37,-24,47
-37,-23,47
-37,-23,47
-37,-23,47
-37,-23,47
-37,-24,47
-37,-23,47
-37,-24,47
-37,-24,47
-37,-23,47
-37,-24,47
-37,-24,47
-37,-24,47
-37,-24,47
-37,-24,47
-37,-24,47
-37,-24,47
-37,-24,47
-37,-24,47
-37,-23,47
-37,-24,47
-37,-24,47
-36,-24,47
-37,-24,47
-37,-24,47
-37,-24,47
-37,-23,47
-37,-23,47
-37,-24,47
-36,-23,47
-37,-23,47
-37,-23,47
-37,-23,47
-37,-23,47
-37,-23,47
-37,-24,47
-37,-24,47
-37,-24,47
-36,-24,47
-37,-24,47
-37,-24,47
-37,-24,47
-37,-24,47
-37,-24,47
-37,-24,47
-37,-24,47
-37,-24,47
-37,-24,47
-37,-24,47
-37,-24,47
-37,-24,47
-37,-24,47
-37,-24,47
-37,-24,47
-37,-24,47
-37,-24,47
-37,-24,47
-37,-23,47
-37,-24,47
-37,-24,47
-37,-23,47
-37,-24,47
-37,-24,47
-37,-24,47
-37,-24,47
-37,-24,47
-37,-23,47
-37,-23,47
-37,-24,47
-37,-24,47
-37,-24,47
-37,-24,46
-37,-24,47
-37,-24,47
-37,-24,47
-37,-24,47
-37,-24,47
-37,-24,47
-37,-24,47
-37,-23,47
-37,-23,47
-37,-23,47
-37,-23,47
-37,-23,47
-37,-24,47
-37,-24,47
-37,-24,47
-37,-24,47
-37,-24,47
-37,-24,47
-37,-24,47
-37,-24,47
-37,-24,47
-37,-24,47
-37,-24,47
-37,-24,47
-37,-24,47
-37,-24,47
-37,-23,47
-37,-24,47
-37,-24,47
-37,-24,47
-37,-24,47
-37,-24,47
-37,-23,47
-37,-23,47
-37,-23,47
-37,-24,47
-37,-24,47
-37,-23,47
-37,-24,47
-37,-24,47
-37,-24,47
-37,-23,47
-37,-24,47
-37,-24,47
-37,-24,47
-37,-24,47
-37,-24,47
-37,-24,47
-37,-23,47
-37,-24,47
-37,-24,47
-37,-24,47
-37,-24,47
-37,-24,47
-37,-23,47
-37,-24,47
-37,-24,47
-37,-24,47
-37,-23,47
-37,-23,47
-36,-24,47
-36,-24,47
-38,-23,47
-38,-23,47
-37,-24,47
-37,-24,47
-37,-25,47
-36,-25,47
-35,-23,47
-36,-23,47
-37,-23,48
-38,-22,48
-39,-22,47
-37,-24,46
-37,-23,47
-36,-24,47
-36,-24,47
-37,-24,48
-36,-24,48
-37,-24,47
-37,-23,47
-38,-23,46
-38,-23,46
-37,-23,47
-38,-24,47
-38,-24,47
-37,-23,48
-37,-23,47
-38,-23,46
-38,-23,46
-37,-23,48
-36,-23,48
-38,-23,47
-38,-23,47
-37,-23,47
-37,-23,47
-37,-24,47
-37,-24,47
-37,-24,47
-37,-24,47
-37,-24,46
-38,-23,46
-38,-23,46
-38,-23,47
-38,-23,47
-37,-23,47
-37,-23,47
-37,-23,47
-38,-23,47
-37,-24,47
-37,-24,46
-38,-23,46
-39,-23,47
-38,-23,47
-38,-23,46
-38,-23,46
-37,-24,47
-37,-24,47
-37,-24,47
-38,-23,47
-38,-23,47
-38,-23,47
-38,-23,47
-37,-23,47
-38,-23,47
-37,-24,47
-37,-24,47
-37,-23,47
-38,-24,47
-37,-23,47
-37,-23,47
-37,-23,47
-37,-23,47
-37,-23,47
-37,-23,47
-37,-23,47
-37,-24,47
-37,-23,47
-37,-23,47
-37,-23,47
-37,-23,47
-37,-23,47
-37,-23,47
-37,-23,47
-37,-24,47
-38,-24,47
-38,-24,47
-38,-24,46
-38,-23,46
-37,-23,47
-37,-23,47
-39,-23,47
-39,-23,47
-38,-23,46
-38,-23,46
-38,-23,46
-38,-23,46
-38,-23,46
-38,-24,47
-38,-23,46
-38,-24,46
-38,-23,46
-38,-23,46
-38,-23,46
-38,-23,46
-38,-23,46
-38,-23,46
-38,-23,46
-38,-24,47
-38,-24,46
-38,-23,46
-38,-23,46
-38,-23,46
-38,-23,46
-38,-23,46
-38,-23,46
-38,-23,46
-38,-23,46
-38,-23,46
-38,-23,46
-38,-23,46
-38,-23,46
-38,-23,46
-38,-23,46
-39,-23,46
-39,-23,46
-39,-23,46
-38,-23,46
-38,-23,46
-39,-23,46
-39,-23,46
-39,-23,46
-39,-23,46
-39,-23,46
-39,-23,46
-38,-23,46
-39,-23,46
-39,-23,46
-38,-23,46
-39,-23,46
-39,-23,46
-39,-23,46
-39,-23,46
-39,-23,46
-38,-23,46
-38,-23,47
-38,-23,46
-39,-23,46
-38,-23,46
-38,-23,46
-38,-23,46
-38,-23,46
-39,-23,46
-39,-23,46
-38,-23,46
-39,-23,46
-38,-23,46
-38,-23,46
-38,-23,46
-38,-23,46
-38,-23,47
-38,-23,46
-38,-23,46
-38,-23,46
-38,-23,46
-38,-23,46
-38,-23,46
-38,-23,46
-38,-23,47
-38,-23,46
-38,-23,46
-38,-23,46
-38,-23,47
-38,-23,46
-38,-23,46
-38,-23,47
-38,-23,46
-38,-23,46
-38,-23,46
-38,-23,46
-38,-23,46
-38,-24,46
-38,-23,46
-38,-23,47
-38,-23,46
-38,-23,46
-38,-23,46
-38,-23,47
-38,-23,47
-37,-24,46
-38,-23,47
-38,-23,47
-38,-23,47
-38,-24,47
-37,-23,47
-38,-23,47
-38,-23,46
-38,-23,47
-37,-24,47
-37,-23,47
-37,-24,47
-38,-24,47
-38,-23,47
-37,-23,46
-37,-23,47
-38,-24,47
-38,-24,47
-37,-24,47
-38,-24,47
-37,-24,47
-37,-23,47
-37,-23,47
-38,-23,47
-37,-24,47
-36,-24,46
-36,-23,46
-39,-23,46
-37,-22,49
-38,-22,49
-39,-24,47
-38,-25,46
-35,-24,45
-36,-24,46
-36,-25,48
-38,-25,48
-37,-24,47
-37,-23,46
-37,-23,46
-38,-24,48
-37,-24,48
-37,-23,47
-37,-23,47
-36,-23,47
-37,-23,47
-37,-24,48
-36,-24,47
-37,-24,47
-38,-23,47
-37,-23,47
-37,-24,47
-38,-24,47
-37,-24,47
-37,-24,47
-37,-23,47
-37,-23,47
-37,-24,47
-37,-24,47
-37,-24,47
-38,-24,47
-38,-24,47
-38,-24,47
-38,-24,46
-37,-24,47
-37,-24,47
-36,-23,47
-37,-23,47
-37,-23,47
-37,-23,47
-36,-23,47
-37,-23,47
-38,-23,47
-38,-24,47
-37,-24,47
-37,-24,47
-37,-24,47
-35,-24,47
-36,-24,47
-38,-23,47
-38,-24,47
-37,-23,47
-37,-23,47
-37,-23,47
-36,-24,47
-36,-23,47
-38,-23,47
-38,-24,47
-37,-24,47
-36,-24,47
-35,-23,47
-35,-23,47
-37,-23,48
-38,-23,48
-37,-24,48
-37,-24,48
-36,-24,47
-36,-23,47
-34,-24,47
-37,-24,47
-38,-24,48
-37,-24,48
-36,-24,48
-36,-23,47
-36,-23,47
-35,-23,47
-36,-23,47
-38,-23,48
-38,-24,48
-36,-24,48
-37,-24,47
-36,-24,47
-35,-24,47
-36,-24,47
-38,-24,48
-37,-24,48
-37,-24,47
-37,-24,47
-37,-23,47
-36,-23,47
-36,-23,47
-36,-24,47
-37,-24,47
-37,-24,48
-37,-24,47
-37,-23,47
-37,-23,47
-36,-23,47
-36,-24,47
-37,-24,47
-37,-24,47
-38,-24,47
-37,-24,47
-37,-23,46
-37,-23,46
-36,-24,47
-36,-24,47
-37,-24,47
-38,-24,47
-38,-24,47
-38,-23,47
-37,-23,47
-37,-23,47
-36,-24,47
-37,-24,47
-38,-24,47
-38,-24,47
-37,-24,47
-37,-23,47
-37,-24,47
-36,-24,47
-37,-24,47
-38,-24,47
-37,-24,47
-38,-24,47
-37,-23,47
-37,-23,47
-35,-24,47
-36,-24,47
-38,-23,47
-38,-24,47
-37,-24,47
-37,-23,47
-37,-23,47
-35,-24,47
-36,-23,47
-38,-24,47
-38,-24,47
-37,-24,47
-37,-24,47
-36,-23,47
-36,-24,47
-37,-23,47
-38,-24,47
-37,-24,48
-37,-24,47
-37,-24,47
-36,-23,47
-35,-23,47
-37,-23,47
-38,-23,47
-37,-24,48
-37,-24,47
-36,-24,47
-36,-23,46
-35,-23,47
-38,-23,47
-38,-23,47
-37,-24,48
-37,-24,47
-37,-23,47
-36,-24,46
-36,-24,47
-37,-23,47
-38,-24,48
-37,-24,48
-37,-24,47
-37,-24,47
-36,-23,47
-35,-23,47
-37,-23,47
-37,-24,48
-37,-24,48
-37,-24,47
-37,-24,47
-37,-23,47
-36,-23,47
-37,-24,48
-36,-24,48
-37,-24,48
-37,-24,47
-37,-23,47
-37,-23,47
-37,-23,47
-36,-24,48
-36,-24,48
-37,-24,47
-37,-24,47
-37,-24,47
-37,-23,47
-37,-23,47
-37,-24,48
-36,-24,47
-37,-24,47
-36,-24,47
-37,-24,47
-37,-24,47
-37,-24,47
-37,-24,47
-36,-24,47
-37,-24,47
-37,-23,47
-37,-24,47
-36,-24,47
-36,-24,47
-37,-24,47
-37,-24,47
-36,-24,47
-36,-24,48
-37,-24,47
-36,-24,47
-37,-24,47
-36,-24,48
-36,-23,47
-37,-23,47
-36,-24,48
-37,-24,47
-36,-24,47
-36,-24,47
-37,-23,47
-37,-24,47
-36,-24,47
-36,-24,47
-36,-24,47
-36,-24,47
-37,-23,47
-37,-24,47
-36,-23,47
-36,-24,47
-37,-24,47
-37,-23,48
-37,-24,47
-36,-24,47
-36,-24,47
-36,-24,47
-37,-24,47
-36,-24,47
-36,-24,47
-37,-24,47
-36,-24,47
-37,-24,48
-37,-24,47
-36,-24,47
-37,-24,47
-37,-24,47
-37,-24,47
-37,-24,47
-37,-24,47
-36,-23,47
-37,-24,47
-37,-24,47
-37,-24,47
-37,-23,47
-37,-24,47
-37,-24,47
-37,-24,47
-37,-24,47
-37,-24,47
-37,-23,47
-37,-24,47
-37,-24,47
-37,-24,47
-37,-24,47
-37,-24,47
-37,-24,48
-37,-24,48
-41,-25,48
-39,-24,49
-40,-23,50
-37,-22,51
-32,-26,57
-42,-20,51
-44,-20,53
-46,3,49
-60,-24,41
-62,0,35
-64,-5,32
-53,-3,35
-50,-3,35
-48,-5,39
-48,-7,40
-42,-10,45
-36,-14,50
-31,-15,49
-27,-17,54
-25,-16,58
-30,-13,52
-30,-15,46
-35,-11,51
-39,-10,52
-42,-8,54
-43,-8,54
-35,-6,60
-37,-6,61
-40,-4,57
-36,-8,59
-30,-6,62
-38,-6,57
-34,-5,58
-31,-2,61
-33,0,60
-31,7,55
-24,11,58
-21,10,56
-33,12,46
-38,14,32
-26,18,41
-25,14,41
-45,11,25
-47,10,23
-47,6,19
-52,5,20
-57,4,11
-58,5,12
-65,17,8
-76,20,16
-77,15,13
-81,16,13
-82,21,13
-73,13,7
-64,13,4
-57,14,1
-62,18,-4
-65,21,2
-60,22,6
-57,23,12
-53,21,12
-62,23,2
-58,22,13
-58,21,17
-67,21,7
-56,23,17
-56,23,7
-61,24,3
-61,25,2
-62,24,-2
-57,25,-1
-54,25,0
-58,27,-3
-58,27,-5
-56,25,0
-58,25,-3
-57,24,-6
-62,24,-4
-63,24,-7
-60,22,-12
-64,24,-12
-63,21,-12
-55,15,-17
-48,12,-20
-45,22,4
-79,24,-1
-66,23,10
-60,17,18
-66,13,18
-69,2,17
-54,6,-16
-78,-2,-22
-76,0,2
-59,-1,7
-63,0,21
-63,1,16
-68,-4,20
-73,-5,21
-61,3,10
-58,3,12
-76,1,14
-72,1,15
-49,-2,27
-53,-1,30
-48,-2,38
-31,-8,45
-41,-9,44
-51,-3,51
-18,-13,47
-54,-9,46
-53,-6,41
-54,-5,39
-51,-5,41
-47,-6,46
-49,-6,44
-44,-6,46
-42,-11,46
-44,-10,46
-49,-6,41
-49,-5,41
-40,-11,46
-38,-9,50
-38,-5,50
-44,-4,47
-42,-6,49
-38,-8,52
-39,-9,51
-42,-7,48
-42,-8,48
-38,-9,50
-39,-9,50
-40,-8,48
-40,-8,49
-39,-7,51
-40,-8,51
-40,-8,50
-39,-9,51
-39,-8,50
-41,-8,48
-38,-9,50
-40,-8,50
-42,-8,49
-40,-9,49
-40,-8,50
-37,-9,52
-38,-9,51
-39,-9,51
-38,-9,52
-38,-9,50
-39,-8,50
-39,-8,49
-40,-8,49
-40,-9,50
-39,-9,50
-39,-8,50
-39,-9,51
-38,-9,50
-39,-8,49
-38,-8,50
-45,-7,47
-44,-6,46
-36,-10,52
-40,-8,50
-39,-9,50
-36,-8,51
-38,-8,50
-46,-6,45
-40,-8,48
-37,-9,51
-37,-9,51
-37,-9,52
-37,-8,51
-45,-6,46
-48,-4,44
-44,-7,47
-37,-10,53
-43,-7,48
-39,-8,50
-39,-8,51
-42,-7,49
-44,-6,47
-40,-7,48
-39,-7,50
-44,-6,48
-41,-7,48
-40,-8,49
-38,-9,50
-41,-6,49
-42,-7,49
-40,-8,50
-37,-8,51
-40,-7,49
-46,-6,45
-43,-6,47
-41,-7,50
-39,-7,51
-42,-7,48
-42,-7,48
-38,-8,51
-41,-7,50
-40,-7,50
-39,-6,50
-43,-6,48
-42,-7,47
-41,-7,48
-42,-6,49
-39,-7,50
-38,-8,52
-42,-7,48
-35,-8,54
-29,-10,55
-43,-11,45
-40,-8,46
-49,-4,38
-64,-7,24
-64,-1,24
-69,3,33
-72,4,33
-59,4,25
-55,3,18
-58,6,8
-58,7,7
-60,8,8
-58,7,7
-63,9,3
-63,9,0
-59,7,-5
-67,10,-11
-67,9,-15
-65,8,-16
-50,10,-9
-68,9,-21
-62,6,-23
-66,6,-28
-64,8,-28
-56,10,-5
-61,6,-13
-66,7,-9
-61,7,-7
-61,7,-6
-62,7,-9
-62,8,-9
-66,7,-14
-64,4,-11
-67,7,-6
-93,4,1
-47,-1,18
-53,-2,19
-61,-1,19
-59,-1,19
-62,0,14
-65,1,10
-67,1,7
-66,1,8
-65,0,10
-63,0,13
-62,0,14
-62,0,15
-63,0,14
-64,1,12
-65,1,11
-65,0,11
-64,0,12
-63,0,14
-63,0,13
-64,0,12
-64,0,13
-63,0,14
-63,0,14
-63,0,14
-63,0,14
-64,0,14
-64,1,13
-64,0,14
-62,0,15
-62,0,16
-64,0,14
-63,0,15
-63,0,15
-62,0,16
-63,0,15
-63,0,15
-63,0,15
-63,0,15
-63,0,16
-63,1,16
-63,0,16
-63,0,15
-64,0,15
-64,0,15
-62,0,16
-63,0,16
-62,0,16
-63,0,15
-64,0,15
-63,0,15
-63,0,16
-63,0,16
-62,0,16
-62,0,16
-63,0,15
-64,0,15
-63,0,15
-62,-1,16
-63,0,16
-63,0,16
-63,0,15
-64,0,15
-63,0,15
-63,0,16
-63,0,16
-63,0,16
-63,0,16
-63,0,15
-63,0,15
-63,0,15
-63,0,16
-63,0,16
-63,0,16
-63,0,16
-63,0,15
-63,0,15
-63,0,15
-63,0,16
-63,0,16
-63,0,16
-63,0,16
-63,0,15
-64,0,15
-63,0,15
-63,0,16
-63,0,16
-63,0,16
-63,0,15
-63,0,15
-63,0,15
-63,0,16
-63,0,15
-63,0,16
-63,0,16
-63,0,16
-63,0,16
-63,-1,16
-63,0,16
-63,0,16
-63,0,16
-63,0,15
-63,0,15
-63,0,16
-63,0,16
-62,0,17
-63,0,16
-63,0,15
-63,0,16
-63,0,16
-63,0,17
-63,0,16
-63,0,16
-63,0,16
-63,0,16
-63,0,16
-63,-1,16
-63,0,16
-63,0,16
-63,0,16
-63,0,16
-63,0,17
-62,0,16
-63,0,16
-63,0,16
-63,0,16
-63,0,16
-63,0,16
-63,0,16
-63,0,16
-63,0,16
-63,0,16
-63,0,16
-63,0,16
-63,0,16
-63,0,16
-63,-1,16
-63,-1,16
-63,-1,15
-63,-1,15
-63,0,16
-62,0,16
-62,0,17
-62,0,17
-64,-1,16
-63,0,16
-63,0,16
-63,0,16
-63,0,16
-63,0,16
-63,0,16
-63,0,16
-63,0,16
-63,0,17
-62,0,17
-63,0,16
-63,0,16
-63,0,16
-63,0,16
-63,0,17
-63,0,16
-63,0,16
-63,0,16
-63,0,16
-63,0,16
-63,0,16
-63,0,16
-63,0,16
-63,0,16
-62,0,17
-63,0,16
-63,0,16
-63,0,16
-63,0,16
-63,0,16
-63,0,16
-63,0,16
-63,0,16
-63,-1,17
-63,0,16
-63,-1,16
-63,0,16
-63,0,16
-63,0,17
-62,-1,18
-62,-1,18
-63,-3,16
-62,-3,18
-62,-2,19
-62,-1,19
-63,0,17
-61,-1,19
-61,-1,20
-62,-1,20
-62,-2,19
-63,-1,18
-63,-1,18
-62,0,19
-63,0,19
-62,0,19
-62,-1,19
-62,0,19
-62,-1,19
-62,0,19
-63,0,18
-62,-1,19
-62,-1,19
-62,-1,19
-62,-1,18
-62,-1,19
-62,-1,19
-62,-1,19
-62,-1,19
-62,-1,19
-62,-1,19
-62,-1,19
-62,-1,19
-62,-1,19
-62,-1,19
-62,-1,19
-62,-1,19
-62,-1,19
-62,-1,19
-62,-1,19
-62,-1,19
-62,-1,19
-62,-1,19
-62,-1,19
-62,-1,19
-62,-1,19
-62,-1,19
-62,-1,19
-62,-1,19
-62,-1,19
-62,-1,19
-62,-1,19
-62,-1,19
-62,-1,19
-62,-1,19
-62,-1,19
-62,-1,19
-62,-1,19
-62,-1,19
-62,-1,19
-62,-1,19
-62,-1,19
-62,-1,19
-62,-1,19
-62,-1,19
-62,-1,19
-62,-1,19
-62,-1,19
-62,-1,19
-62,-1,19
-62,-1,19
-62,-1,19
-62,-1,19
-62,-1,19
-62,-1,19
-62,-1,19
-62,-1,20
-62,-1,20
-62,-1,19
-62,-1,20
-62,-1,19
-62,-1,19
-62,-1,19
-62,-1,19
-62,-1,19
-62,-1,20
-62,-1,19
-62,-1,20
-62,-1,20
-62,-1,20
-62,-1,20
-62,-1,19
-62,-1,20
-62,-1,19
-62,-1,19
-61,-1,20
-62,-1,20
-62,-1,19
-62,-1,20
-62,-1,20
-62,-1,20
-62,-1,20
-62,-1,19
-62,-1,19
-62,-1,20
-62,-1,19
-62,-1,20
-62,-1,20
-62,-1,19
-62,-1,19
-62,-1,20
-62,-1,20
-62,-1,19
-62,-1,20
-62,-1,20
-62,-1,20
-62,-1,19
-62,-1,19
-62,-1,19
-62,-1,19
-62,-1,20
-62,-1,20
-62,-1,19
-62,-1,19
-62,-1,20
-62,-1,19
-62,-1,19
-62,-1,19
-62,-1,20
-62,-1,20
-62,-1,20
-62,-1,20
-62,-1,19
-62,-1,19
-62,-1,20
-62,-1,20
-62,-1,20
-62,-1,19
-62,-1,19
-61,-1,20
-62,-1,20
-62,-1,20
-62,-1,20
-62,-1,20
-62,-1,20
-62,-1,21
-62,-2,22
-61,-2,22
-66,-2,22
-65,-2,25
-61,0,25
-63,1,25
-67,2,24
-68,4,24
-65,7,21
-66,6,21
-64,10,24
-61,11,28
-59,9,29
-64,12,28
-71,15,27
-69,25,28
-68,30,28
-56,10,21
-48,23,19
-31,32,18
-29,33,16
-26,33,19
-26,33,21
-23,32,26
-19,31,26
-13,30,35
-13,26,37
-14,24,36
-21,24,50
-28,22,51
-23,23,51
-24,22,60
-31,17,60
-28,16,55
-26,22,72
-34,23,78
-39,14,75
-34,9,66
-35,8,67
-40,3,57
-35,2,53
-33,1,52
-37,1,49
-41,3,45
-43,3,42
-45,4,40
-46,3,38
-47,4,38
-48,4,39
-53,4,40
-53,5,41
-49,3,44
-42,-2,52
-40,-4,53
-40,-10,54
-40,-13,53
-51,-15,42
-56,-15,36
-60,-12,28
-57,-10,27
-54,-7,26
-53,-8,25
-50,-11,23
-51,-12,17
-55,-11,0
-86,-10,-10
-86,-11,-11
-68,-12,-4
-61,-15,-2
-63,-18,0
-66,-19,0
-68,-16,4
-68,-14,3
-65,-10,8
-60,-9,11
-60,-8,16
-55,-7,20
-57,-8,18
-58,-10,12
-60,-11,12
-62,-13,18
-56,-14,22
-52,-19,18
-56,-24,23
-75,-22,20
-55,-27,27
-58,-24,29
-56,-26,27
-58,-25,25
-51,-24,30
-44,-25,37
-37,-22,44
-33,-22,50
-39,-24,48
-33,-27,48
-32,-26,50
-34,-28,49
-35,-28,49
-33,-28,49
-31,-26,49
-31,-25,49
-32,-25,50
-32,-25,50
-32,-25,50
-31,-25,50
-30,-25,50
-31,-26,51
-31,-26,51
-33,-25,50
-32,-25,50
-31,-23,50
-30,-24,50
-29,-24,52
-28,-23,53
-28,-23,53
-29,-23,51
-29,-24,50
-28,-25,52
-29,-25,53
-30,-25,52
-30,-25,51
-30,-26,52
-30,-26,51
-29,-26,51
-29,-26,51
-28,-26,51
-29,-26,51
-30,-26,51
-30,-26,51
-29,-26,51
-29,-26,51
-28,-26,52
-28,-26,52
-27,-25,52
-26,-25,52
-26,-25,52
-25,-25,52
-26,-25,52
-26,-26,52
-27,-25,52
-27,-25,52
-26,-25,53
-26,-25,53
-26,-26,52
-26,-26,52
-26,-26,53
-26,-26,52
-26,-26,52
-27,-26,52
-28,-26,52
-27,-26,53
-27,-25,52
-27,-26,52
-27,-26,52
-26,-26,52
-26,-26,52
-27,-26,53
-27,-26,53
-27,-25,52
-27,-25,52
-27,-26,52
-26,-26,52
-25,-26,52
-26,-26,52
-27,-25,53
-27,-25,53
-27,-25,52
-27,-25,52
-27,-25,52
-25,-26,53
-25,-26,53
-27,-25,53
-27,-25,53
-27,-26,52
-27,-26,52
-26,-26,52
-25,-26,52
-26,-26,53
-27,-25,53
-27,-25,53
-27,-26,53
-27,-26,52
-27,-26,52
-25,-26,52
-26,-26,53
-27,-25,53
-27,-25,53
-27,-25,53
-27,-26,52
-26,-26,52
-25,-26,52
-27,-26,53
-27,-25,53
-27,-26,53
-26,-26,53
-27,-26,52
-26,-26,52
-26,-26,52
-26,-25,52
-27,-25,53
-27,-25,53
-26,-26,53
-27,-26,52
-27,-26,52
-27,-26,52
-27,-26,52
-26,-25,53
-27,-26,53
-27,-26,52
-27,-26,53
-27,-26,52
-27,-25,52
-27,-25,52
-26,-25,53
-27,-26,53
-27,-26,53
-27,-26,53
-26,-26,53
-27,-26,52
-25,-26,52
-24,-25,52
-24,-23,54
-25,-23,54
-29,-25,53
-31,-26,52
-31,-28,51
-27,-27,52
-24,-26,53
-23,-25,53
-25,-25,53
-28,-26,52
-27,-26,52
-26,-26,52
-26,-25,53
-26,-24,53
-27,-25,53
-27,-26,52
-27,-26,52
-27,-26,53
-25,-25,53
-25,-25,53
-26,-25,53
-26,-26,53
-25,-26,52
-25,-26,52
-25,-24,53
-25,-24,54
-26,-24,55
-27,-26,54
-30,-27,50
-30,-27,50
-26,-26,52
-24,-26,54
-24,-26,54
-27,-26,52
-27,-26,52
-27,-25,53
-26,-24,53
-25,-24,53
-26,-25,53
-27,-25,52
-28,-25,53
-27,-26,54
-25,-26,54
-26,-25,52
-27,-24,52
-27,-24,52
-26,-24,54
-25,-25,54
-26,-25,53
-26,-25,52
-27,-25,52
-27,-25,52
-27,-25,52
-26,-25,53
-25,-26,53
-25,-26,53
-26,-26,53
-28,-26,53
-27,-26,53
-24,-26,53
-24,-25,53
-25,-25,53
-25,-26,53
-25,-26,53
-25,-26,53
-25,-26,53
-25,-25,53
-25,-26,53
-25,-25,53
-25,-25,53
-25,-25,53
-25,-26,53
-25,-26,53
-24,-26,53
-26,-26,53
-26,-26,53
-27,-25,52
-27,-25,52
-26,-25,52
-25,-25,53
-25,-26,53
-26,-26,53
-26,-26,53
-26,-26,53
-26,-26,52
-26,-26,53
-26,-25,53
-26,-25,53
-26,-25,53
-25,-25,53
-26,-25,53
-26,-26,53
-26,-26,53
-26,-26,53
-25,-26,53
-25,-26,53
-26,-26,53
-26,-25,53
-26,-25,53
-26,-25,53
-26,-25,53
-26,-26,53
-26,-26,53
-26,-26,53
-27,-26,53
-26,-26,52
-25,-26,52
-24,-25,53
-25,-25,53
-26,-24,54
-27,-25,53
-28,-26,52
-29,-28,51
-25,-26,52
-24,-26,53
-23,-25,54
-25,-26,54
-27,-26,52
-26,-26,52
-25,-25,53
-25,-25,53
-26,-25,53
-26,-26,52
-26,-26,52
-25,-25,53
-25,-25,53
-25,-26,53
-25,-25,53
-26,-25,53
-26,-26,53
-26,-26,53
-26,-26,52
-25,-25,53
-25,-25,53
-26,-26,53
-26,-26,53
-26,-26,53
-25,-26,53
-26,-26,53
-25,-26,53
-25,-26,53
-25,-26,53
-26,-25,53
-26,-26,53
-26,-26,53
-26,-26,53
-25,-25,53
-25,-25,53
-26,-26,53
-25,-27,52
-24,-24,53
-23,-24,53
-26,-24,54
-27,-25,54
-29,-27,52
-28,-28,51
-25,-26,52
-22,-24,54
-23,-24,54
-27,-26,52
-28,-27,52
-25,-26,53
-24,-25,53
-24,-25,54
-25,-25,53
-26,-26,52
-26,-25,52
-25,-25,54
-25,-26,53
-25,-26,53
-24,-25,53
-24,-25,53
-25,-25,53
-26,-26,54
-26,-26,53
-26,-26,53
-25,-25,53
-24,-25,53
-24,-26,53
-25,-26,53
-27,-26,53
-26,-25,53
-26,-25,53
-27,-26,52
-26,-26,52
-24,-26,52
-25,-25,53
-27,-25,54
-27,-25,53
-26,-26,53
-27,-26,52
-25,-26,52
-24,-26,52
-25,-25,53
-26,-25,54
-26,-25,54
-26,-25,53
-25,-26,53
-23,-26,54
-24,-26,53
-26,-26,53
-26,-25,53
-23,-25,55
-22,-26,52
-22,-24,53
-24,-26,53
-25,-25,53
-29,-25,54
-27,-24,54
-26,-24,55
-26,-25,53
-24,-26,52
-23,-26,53
-25,-26,54
-25,-25,54
-23,-25,51
-23,-23,56
-25,-24,55
-24,-24,51
-24,-25,57
-26,-25,54
-28,-25,53
-29,-27,54
-27,-27,53
-25,-25,54
-25,-24,54
-27,-23,50
-28,-24,51
-24,-26,52
-22,-25,54
-23,-23,54
-29,-24,55
-29,-25,54
-23,-24,54
-21,-27,55
-18,-23,56
-20,-25,55
-24,-23,54
-25,-24,53
-24,-25,54
-24,-26,54
-24,-26,55
-22,-25,54
-22,-25,54
-23,-25,54
-24,-26,53
-23,-26,53
-23,-26,54
-23,-25,55
-24,-25,55
-24,-29,55
-23,-28,55
-22,-26,55
-22,-26,57
-15,-25,58
-11,-24,56
-10,-24,56
-13,-22,58
-14,-22,59
-15,-21,57
-16,-21,57
-19,-22,57
-19,-22,56
-17,-23,56
-18,-22,58
-19,-22,57
-18,-21,56
-19,-19,55
-23,-19,51
-14,-18,56
-9,-17,61
-12,-19,60
-14,-21,58
-11,-20,62
-7,-21,57
-6,-19,59
5,-18,69
4,-17,65
3,-16,58
4,-15,57
6,-14,56
5,-16,62
1,-17,61
5,-18,65
4,-20,62
0,-21,60
-2,-22,63
-8,-22,59
-8,-22,55
-12,-22,63
-13,-23,63
-11,-20,58
-8,-22,58
-8,-25,56
-15,-25,57
-14,-25,59
-15,-25,58
-16,-25,56
-17,-25,54
-17,-24,54
-18,-24,54
-18,-25,55
-16,-26,57
-16,-25,57
-16,-25,57
-16,-26,57
-16,-26,57
-16,-25,57
-17,-25,55
-17,-25,54
-15,-24,57
-16,-24,56
-16,-25,56
-18,-26,57
-17,-26,56
-16,-25,55
-16,-25,55
-16,-25,56
-16,-25,56
-16,-24,56
-16,-25,56
-17,-24,56
-17,-26,52
-16,-26,56
-17,-26,54
-19,-26,56
-20,-29,56
-20,-29,54
-23,-29,56
-22,-29,57
-21,-28,55
-19,-27,55
-18,-26,55
-16,-25,55
-17,-25,55
-19,-27,54
-19,-29,54
-19,-28,56
-19,-28,55
-18,-27,55
-18,-27,55
-17,-26,56
-17,-23,55
-17,-25,56
-16,-28,55
-16,-27,55
-20,-28,54
-22,-27,54
-23,-27,52
-22,-26,52
-22,-25,52
-22,-26,52
-16,-28,56
-13,-29,57
-16,-28,57
-17,-30,55
-18,-30,55
-19,-30,54
-20,-29,54
-19,-28,54
-19,-27,54
-19,-28,55
-19,-27,55
-19,-26,54
-19,-26,53
-20,-27,54
-20,-28,55
-20,-28,55
-20,-27,53
-20,-26,52
-22,-27,53
-22,-26,53
-21,-28,53
-21,-30,55
-20,-30,55
-18,-30,54
-19,-29,53
-20,-28,53
-20,-27,54
-18,-27,54
-18,-28,54
-18,-29,55
-18,-30,55
-20,-31,55
-21,-30,54
-21,-29,52
-19,-28,53
-16,-27,53
-15,-27,54
-20,-29,55
-21,-28,55
-20,-29,53
-19,-28,54
-18,-28,54
-19,-28,54
-19,-28,54
-18,-27,54
-18,-26,54
-19,-24,56
-19,-25,56
-20,-27,55
-21,-29,54
-22,-30,53
-21,-29,53
-18,-26,56
-19,-27,56
-20,-28,54
-21,-27,53
-20,-27,54
-18,-25,55
-18,-26,56
-20,-27,54
-20,-29,54
-21,-29,54
-21,-28,54
-18,-28,55
-18,-29,55
-19,-29,54
-19,-28,54
-19,-28,54
-19,-28,54
-18,-29,54
-18,-29,54
-18,-29,55
-18,-28,54
-18,-29,54
-18,-28,55
-18,-28,54
-19,-27,55
-19,-27,54
-18,-27,55
-18,-27,54
-18,-27,55
-19,-28,54
-19,-28,54
-19,-28,54
-19,-28,54
-19,-28,54
-19,-28,54
-19,-28,54
-19,-28,54
-19,-28,54
-20,-28,54
-20,-28,54
-19,-28,54
-19,-28,54
-21,-28,54
-21,-28,54
-20,-28,55
-20,-28,54
-19,-28,54
-19,-28,54
-18,-28,54
-18,-28,55
-18,-28,54
-19,-28,55
-19,-28,54
-20,-28,54
-19,-28,55
-19,-28,54
-18,-28,54
-18,-28,54
-18,-28,54
-19,-28,54
-19,-28,54
-19,-28,54
-19,-28,54
-19,-28,54
-19,-28,54
-19,-28,54
-19,-28,54
-19,-28,54
-19,-28,54
-19,-28,54
-19,-28,54
-19,-28,54
-19,-28,54
-18,-28,54
-19,-28,54
-19,-28,54
-19,-28,54
-19,-28,54
-19,-28,54
-19,-28,54
-19,-28,55
-19,-28,54
-19,-28,54
-19,-28,54
-19,-28,54
-19,-28,54
-19,-28,55
-19,-28,54
-19,-28,54
-19,-28,54
-19,-28,54
-19,-28,54
-19,-28,55
-19,-28,54
-19,-28,54
-19,-28,54
-19,-28,54
-19,-28,54
-19,-28,55
-19,-28,55
-19,-28,54
-19,-28,54
-18,-28,54
-19,-28,54
-19,-28,54
-19,-28,55
-19,-28,54
-19,-28,54
-19,-28,54
-19,-28,55
-19,-28,54
-19,-28,54
-19,-28,54
-19,-28,54
-19,-28,54
-19,-28,54
-19,-28,55
-19,-28,55
-19,-28,54
-19,-28,54
-18,-28,55
-18,-28,55
-19,-28,55
-19,-28,55
-19,-28,55
-19,-28,54
-18,-28,54
-18,-28,54
-19,-28,54
-19,-28,55
-18,-28,54
-19,-28,55
-19,-28,54
-18,-28,54
-19,-28,54
-19,-28,54
-19,-28,54
-18,-28,54
-19,-28,55
-19,-28,54
-19,-28,54
-19,-28,55
-19,-28,54
-19,-28,54
-19,-28,54
-19,-28,55
-19,-28,54
-19,-28,54
-19,-28,54
-19,-28,54
-19,-28,54
-19,-28,55
-19,-28,55
-19,-28,54
-19,-28,54
-19,-28,54
-19,-28,54
-19,-28,55
-19,-28,55
-19,-28,54
-19,-28,54
-19,-28,54
-19,-28,55
-19,-28,54
-19,-28,54
-19,-28,54
-19,-28,54
-19,-28,54
-19,-28,55
-19,-28,54
-18,-28,54
-19,-28,54
-19,-28,54
-19,-28,54
-19,-28,54
-18,-28,54
-18,-28,54
-19,-28,55
-19,-28,54
-19,-28,54
-19,-28,55
-19,-28,55
-18,-27,55
-18,-28,54
-18,-28,54
-19,-28,55
-18,-28,55
-18,-28,54
-19,-28,54
-19,-28,54
-19,-28,55
-18,-28,54
-18,-28,55
-18,-28,55
-18,-28,54
-18,-28,55
-19,-28,54
-19,-28,54
-18,-28,54
-18,-28,54
-18,-28,54
-18,-28,55
-18,-28,54
-18,-28,54
-18,-28,55
-18,-28,55
-18,-28,55
-18,-28,55
-18,-28,54
-18,-28,54
-18,-28,55
-18,-28,55
-18,-28,55
-18,-28,55
-19,-28,55
-19,-28,55
-18,-28,55
-18,-28,55
-18,-28,54
-18,-28,55
-18,-28,55
-19,-28,55
-19,-28,55
-18,-28,54
-18,-28,54
-18,-28,54
-18,-28,55
-18,-28,55
-18,-28,54
-18,-28,55
-18,-28,55
-18,-28,55
-18,-28,55
-18,-28,55
-18,-28,55
-18,-28,55
-18,-28,55
-18,-28,55
-18,-28,55
-18,-28,54
-18,-28,54
-18,-28,55
-18,-28,54
-18,-28,55
-18,-28,55
-18,-28,55
-19,-28,54
-19,-28,54
-19,-28,55
-19,-28,54
-18,-28,54
-18,-28,55
-18,-28,55
-18,-28,55
-18,-28,55
-18,-28,54
-18,-28,54
-18,-28,54
-18,-28,55
-18,-28,54
-18,-28,55
-19,-28,54
-18,-28,54
-19,-28,54
-18,-28,55
-18,-28,55
-19,-28,55
-18,-28,54
-18,-28,55
-18,-28,54
-19,-28,55
-19,-28,55
-18,-28,54
-19,-28,54
-19,-28,54
-19,-28,54
-19,-28,55
-18,-28,54
-19,-28,55
-19,-28,55
-18,-28,55
-19,-28,54
-18,-28,54
-18,-28,54
-18,-28,54
-19,-28,55
-19,-28,55
-18,-28,55
-17,-29,54
-18,-28,54
-18,-26,54
-17,-26,55
-18,-26,56
-20,-27,55
-21,-30,53
-22,-31,53
-19,-29,53
-18,-28,54
-17,-27,55
-18,-28,55
-18,-30,54
-18,-28,54
-18,-27,54
-19,-27,55
-19,-27,55
-18,-29,55
-17,-29,55
-19,-27,54
-19,-27,54
-19,-27,55
-18,-27,55
-18,-27,55
-18,-28,55
-18,-28,55
-18,-28,55
-19,-28,55
-18,-28,54
-18,-26,54
-18,-26,55
-18,-27,56
-18,-29,55
-19,-30,54
-19,-29,53
-19,-27,54
-17,-27,55
-16,-27,55
-16,-28,56
-16,-29,55
-16,-27,55
-17,-27,55
-18,-28,55
-18,-28,56
-17,-27,56
-17,-27,59
-16,-27,55
-15,-27,55
-16,-27,54
-16,-26,55
-10,-24,57
-11,-24,57
-15,-25,56
-16,-26,56
-14,-26,57
-14,-26,57
-14,-27,57
-13,-28,56
-12,-27,57
-13,-27,56
-12,-27,56
-12,-27,57
-12,-27,57
-13,-27,57
-12,-27,56
-13,-27,55
-12,-27,56
-13,-27,56
-14,-26,56
-13,-26,56
-14,-26,56
-13,-26,57
-13,-26,57
-13,-26,56
-12,-26,57
-13,-26,57
-11,-27,56
-10,-27,57
-7,-27,57
-6,-27,57
-6,-26,57
-7,-27,57
-5,-27,58
-5,-27,58
-5,-28,58
-6,-28,58
-7,-28,58
-7,-27,56
-7,-27,57
-7,-27,57
-7,-27,56
-6,-27,57
-5,-27,57
-6,-27,57
-7,-26,57
-8,-26,58
-7,-26,57
-7,-27,58
-7,-26,58
-8,-26,58
-8,-25,57
-8,-25,57
-10,-26,58
-10,-27,59
-10,-27,59
-9,-26,57
-11,-25,54
-10,-24,54
-9,-25,57
-8,-25,57
-8,-27,61
-8,-28,61
-10,-27,59
-11,-25,55
-11,-25,56
-9,-25,57
-7,-25,57
-9,-25,59
-9,-26,59
-8,-25,60
-7,-25,59
-8,-25,56
-7,-25,56
-6,-25,55
-5,-24,56
-5,-25,58
-5,-26,62
-5,-26,62
-5,-26,59
-6,-25,57
-4,-24,56
-3,-23,56
-3,-23,56
-3,-24,58
-4,-26,61
-4,-26,61
-4,-26,59
-5,-26,58
-4,-26,56
-3,-25,56
-3,-25,56
-3,-26,59
-3,-26,60
-4,-27,61
-4,-27,60
-2,-26,56
-3,-26,56
0,-24,58
1,-26,58
-3,-26,57
-5,-27,61
-5,-26,59
3,-31,55
-7,-12,56
-9,-23,55
0,-25,59
-2,-25,58
2,-25,58
-6,-25,57
-8,-26,57
-9,-27,58
-12,-30,57
-7,-28,57
-7,-28,58
-9,-28,56
-11,-29,56
-12,-29,56
-13,-29,57
-12,-29,57
-11,-28,56
-10,-28,56
-11,-28,56
-12,-28,56
-12,-28,56
-12,-28,56
-11,-29,56
-11,-28,56
-11,-28,56
-12,-28,56
-12,-28,56
-11,-28,56
-11,-28,56
-11,-29,56
-11,-29,56
-11,-29,56
-11,-29,56
-11,-29,56
-11,-28,56
-11,-28,56
-12,-29,56
-11,-29,56
-11,-28,56
-10,-28,56
-11,-28,56
-11,-29,56
-11,-29,56
-11,-28,56
-11,-28,56
-11,-28,56
-11,-29,56
-11,-28,56
-11,-28,56
-11,-28,56
-11,-28,56
-11,-29,56
-11,-29,56
-11,-28,56
-11,-28,56
-11,-28,56
-11,-29,56
-11,-28,56
-11,-28,56
-11,-28,56
-11,-28,56
-11,-28,56
-11,-28,56
-11,-28,56
-11,-28,56
-11,-28,56
-11,-29,56
-11,-29,56
-11,-29,56
-11,-28,56
-11,-28,56
-11,-28,56
-11,-28,56
-10,-28,56
-10,-28,56
-11,-28,56
-11,-29,56
-11,-28,56
-11,-28,56
-11,-28,56
-11,-29,56
-11,-29,56
-11,-28,56
-11,-28,56
-11,-28,56
-11,-28,56
-11,-29,56
-11,-29,56
-11,-29,56
-11,-29,56
-10,-29,56
-10,-29,56
-11,-28,56
-11,-29,56
-10,-29,56
-10,-28,56
-10,-29,56
-11,-29,56
-10,-29,56
-10,-28,56
-10,-28,56
-10,-29,57
-10,-28,56
-10,-28,56
-11,-28,56
-10,-28,56
-10,-28,56
-10,-28,56
-10,-28,56
-10,-28,56
-10,-28,56
-11,-28,56
-10,-29,56
-10,-29,56
-10,-28,56
-10,-28,56
-11,-28,56
-10,-28,56
-10,-29,56
-10,-28,56
-10,-29,56
-10,-29,56
-10,-29,56
-11,-29,56
-11,-28,56
-11,-28,56
-11,-28,56
-10,-28,56
-11,-28,56
-11,-29,56
-11,-28,56
-11,-28,56
-11,-28,56
-11,-29,56
-11,-29,56
-11,-29,56
-11,-29,56
-11,-29,56
-11,-28,56
-11,-28,56
-11,-28,56
-11,-29,56
-11,-28,56
-11,-28,56
-11,-28,56
-11,-28,56
-11,-28,56
-11,-28,56
-11,-28,56
-11,-28,56
-11,-28,56
-11,-28,56
-11,-28,56
-11,-29,56
-11,-29,56
-11,-29,56
-11,-28,56
-11,-29,56
-12,-29,56
-11,-29,56
-11,-29,56
-11,-28,56
-11,-28,56
-11,-28,56
-11,-28,56
-11,-28,56
-11,-28,56
-11,-29,56
-11,-28,56
-11,-28,56
-11,-29,56
-11,-28,56
-11,-28,56
-11,-28,56
-11,-28,56
-11,-29,56
-11,-28,56
-11,-28,56
-11,-28,56
-11,-28,56
-11,-28,56
-11,-28,56
-11,-28,56
-11,-28,56
-11,-28,56
-11,-28,56
-11,-28,56
-11,-28,56
-11,-29,56
-11,-28,56
-11,-28,56
-11,-28,56
-11,-28,56
-11,-28,56
-11,-28,56
-11,-28,56
-11,-28,56
-11,-28,56
-11,-28,56
-11,-28,56
-11,-28,56
-11,-28,56
-11,-28,56
-11,-28,56
-11,-28,56
-11,-28,56
-11,-28,56
-11,-28,56
-11,-28,56
-11,-28,56
-11,-28,56
-11,-28,56
-11,-28,56
-11,-29,56
-11,-28,56
-11,-28,56
-11,-28,56
-11,-28,56
-11,-28,56
-11,-28,56
-11,-28,56
-11,-28,56
-11,-28,56
-11,-28,56
-11,-28,56
-11,-28,56
-11,-28,56
-11,-28,56
-11,-28,56
-11,-28,56
-11,-28,56
-11,-28,56
-11,-28,56
-11,-28,56
-11,-28,56
-11,-28,56
-11,-28,56
-11,-28,56
-11,-28,56
-11,-28,56
-11,-28,56
-11,-28,56
-11,-28,56
-11,-28,56
-11,-28,56
-11,-28,56
-11,-28,56
-11,-28,56
-11,-28,56
-11,-28,56
-11,-28,56
-11,-28,56
-11,-28,56
-11,-28,56
-11,-28,56
-11,-28,56
-11,-29,56
-11,-28,56
-11,-28,56
-11,-28,56
-11,-28,56
-11,-28,56
-11,-28,56
-11,-28,56
-11,-28,56
-11,-28,56
-11,-28,56
-11,-28,56
-11,-28,56
-11,-28,56
-11,-28,56
-11,-28,56
-11,-28,56
-11,-29,56
-11,-28,56
-11,-28,56
-11,-28,56
-11,-28,56
-11,-28,56
-11,-28,56
-11,-28,56
-11,-28,56
-11,-29,56
-11,-28,56
-11,-28,56
-11,-28,56
-11,-28,56
-12,-28,56
-11,-28,56
-11,-28,56
-11,-28,56
-11,-28,56
-11,-28,56
-11,-28,56
-11,-28,56
-11,-28,56
-11,-28,56
-11,-28,56
-11,-28,56
-11,-28,56
-11,-28,56
-11,-28,56
-11,-28,56
-11,-28,56
-12,-28,56
-11,-28,56
-11,-28,56
-11,-28,56
-11,-28,56
-11,-28,56
-11,-28,56
-11,-28,56
-11,-28,56
-11,-28,56
-11,-28,56
-11,-28,56
-11,-28,56
-11,-28,56
-11,-28,56
-11,-28,56
-11,-28,56
-11,-28,56
-11,-28,56
-11,-28,56
-11,-28,56
-11,-28,56
-11,-28,56
-11,-28,56
-11,-28,56
-11,-28,56
-11,-28,56
-11,-28,56
-11,-28,56
-11,-28,56
-11,-28,56
-11,-28,56
-11,-28,56
-11,-28,56
-11,-28,56
-11,-28,56
-11,-28,56
-11,-28,56
-11,-28,56
-11,-28,56
-11,-28,56
-11,-28,56
-11,-28,56
-11,-28,56
-11,-28,56
-11,-28,56
-11,-28,56
-11,-28,56
-11,-28,56
-11,-28,56
-11,-28,56
-11,-28,56
-11,-28,56
-11,-28,56
-10,-28,56
-11,-28,56
-11,-27,57
-10,-27,57
-11,-27,56
-12,-28,56
-12,-28,57
-12,-29,57
-11,-29,56
-11,-29,56
-12,-28,56
-12,-27,56
-12,-26,56
-11,-27,57
-10,-27,57
-10,-26,57
-10,-27,56
-10,-27,57
-11,-27,57
-12,-26,56
-12,-26,56
-14,-27,55
-14,-28,55
-14,-30,57
-13,-29,56
-13,-28,56
-12,-28,56
-11,-28,57
-11,-26,56
-11,-27,56
-9,-26,57
-8,-26,57
-9,-26,57
-9,-25,57
-9,-25,58
-9,-26,58
-9,-25,57
-7,-25,57
-7,-25,57
-5,-25,56
-4,-27,59
-6,-26,58
-7,-26,59
-8,-26,58
-8,-27,56
-5,-26,58
-5,-26,58
-7,-27,58
-8,-27,58
-9,-32,59
-11,-28,57
-11,-27,57
-12,-26,55
-12,-25,55
-13,-25,54
-15,-27,55
-11,-31,60
-13,-31,58
-12,-28,56
-13,-27,54
-15,-27,54
-15,-28,53
-16,-29,53
-13,-28,58
-12,-31,56
-13,-29,54
-14,-26,54
-10,-24,56
-11,-24,58
-13,-26,55
-14,-26,54
-18,-31,57
-20,-34,55
-16,-30,56
-14,-29,54
-8,-25,55
-11,-26,57
-14,-26,55
-16,-29,55
-17,-31,55
-17,-32,56
-17,-30,55
-12,-28,55
-11,-27,56
-13,-27,56
-14,-27,56
-14,-28,56
-14,-28,56
-13,-27,56
-13,-28,56
-12,-28,57
-14,-29,56
-15,-30,55
-15,-29,55
-16,-28,54
-13,-28,55
-12,-28,55
-15,-29,56
-15,-29,55
-14,-29,55
-13,-28,56
-13,-28,56
-13,-27,56
-13,-27,56
-14,-27,56
-14,-27,56
-14,-27,55
-14,-27,56
-14,-28,56
-14,-28,56
-14,-28,56
-14,-28,56
-14,-29,56
-15,-28,56
-15,-28,55
-14,-28,55
-15,-27,55
-15,-28,56
-15,-28,56
-15,-28,56
-15,-27,56
-15,-27,56
-15,-27,56
-15,-27,56
-15,-27,56
-15,-27,56
-15,-27,56
-15,-27,56
-16,-27,56
-16,-27,56
-12,-28,58
-14,-27,57
-16,-26,54
-17,-26,55
-15,-26,55
-14,-26,56
-14,-27,56
-14,-27,57
-14,-26,57
-15,-26,56
-16,-26,56
-16,-27,56
-16,-27,56
-13,-27,58
-12,-27,58
-12,-25,59
-13,-25,59
-17,-28,59
-16,-30,60
-9,-32,61
-7,-30,61
-12,-28,60
-15,-26,60
-14,-24,59
-12,-20,59
-13,-19,59
-17,-17,59
-20,-17,58
-23,-15,56
-25,-14,56
-29,-10,52
-31,-7,50
-38,-4,52
-35,-4,55
-33,0,56
-43,2,51
-48,3,49
-50,4,47
-49,6,46
-49,13,46
-50,16,44
-46,23,38
-43,26,37
-35,28,36
-33,27,35
-35,25,36
-38,22,41
-40,21,44
-44,19,47
-44,19,49
-42,21,50
-39,24,49
-35,26,47
-30,27,48
-23,34,49
-23,38,46
-22,46,47
-23,48,47
-30,50,45
-33,47,43
-39,46,41
-36,42,45
-32,41,43
-23,38,41
-20,35,41
-11,34,34
-7,35,31
1,35,24
1,34,18
9,43,17
2,55,25
3,62,24
-9,106,30
-26,70,32
-34,51,25
-24,49,30
-4,50,35
-1,56,35
-4,58,34
-6,57,35
-9,53,37
-5,53,38
1,51,37
-2,51,36
-7,52,34
-4,51,36
-1,48,34
-3,51,39
3,49,45
11,51,46
10,54,41
5,55,28
5,56,26
6,56,28
0,56,28
-12,54,22
2,54,31
-5,55,33
-6,60,36
-3,57,37
-11,55,33
-13,54,31
-9,57,28
-3,55,31
-2,54,33
-4,54,30
-3,54,35
-2,55,36
7,57,30
3,60,24
0,58,23
-5,59,23
-5,58,26
0,57,28
2,57,29
4,56,32
2,55,31
0,56,30
1,56,30
3,56,31
3,56,31
3,56,29
4,56,31
4,56,33
5,56,32
5,56,31
3,56,29
2,56,30
4,56,31
4,55,31
6,56,31
7,55,33
6,54,33
6,54,33
6,54,33
7,55,33
5,54,33
5,54,34
4,54,34
5,54,34
5,54,34
5,53,33
5,54,33
6,53,34
7,54,35
6,54,33
5,53,34
6,53,35
6,53,36
7,53,35
8,52,35
10,52,36
5,53,34
3,53,32
6,54,33
7,54,33
10,55,34
7,54,32
7,54,32
6,55,31
8,54,31
5,54,31
6,55,34
13,55,36
13,54,35
6,54,33
7,55,29
10,54,32
10,54,35
7,54,31
9,53,30
8,54,29
7,54,38
8,55,33
8,54,31
7,54,31
7,55,33
9,55,29
7,56,27
10,52,33
5,56,32
6,56,32
10,56,32
10,56,31
8,55,29
7,55,31
9,55,31
9,55,31
9,55,31
8,55,31
9,55,30
8,55,32
8,55,31
8,55,31
8,55,31
9,55,31
9,55,31
10,55,31
8,55,31
8,56,31
8,55,30
8,55,30
9,55,30
9,56,30
9,56,29
10,56,29
10,55,30
9,55,30
8,55,31
8,55,30
9,56,30
9,56,30
10,56,30
9,56,30
9,56,29
10,56,30
9,56,30
9,56,30
9,55,30
9,55,30
9,56,30
9,56,30
9,56,30
9,55,30
9,56,30
9,56,30
9,55,30
9,56,30
10,56,30
10,56,30
9,56,30
9,56,30
9,56,30
10,56,30
9,56,30
9,55,29
9,55,29
9,55,30
9,56,30
9,55,30
9,55,30
9,56,30
9,56,30
9,56,30
9,55,31
8,55,31
8,55,31
8,55,30
9,56,30
9,56,30
9,56,30
9,56,30
8,55,30
8,56,30
8,56,30
8,55,30
8,55,31
8,56,31
8,56,30
8,56,30
8,56,30
8,56,30
9,56,29
10,55,29
9,55,29
10,56,29
10,56,30
10,56,28
9,55,29
10,56,30
11,55,30
10,56,29
10,56,28
11,57,29
11,56,27
11,56,27
10,56,28
10,56,27
13,56,29
13,56,29
10,56,29
9,56,29
10,56,29
11,56,29
10,55,29
8,56,29
8,56,30
11,55,29
11,56,28
11,56,29
11,56,29
10,56,30
10,56,30
10,56,29
12,55,29
11,56,29
8,56,28
12,55,29
9,56,28
10,56,30
11,56,28
10,56,28
10,56,30
10,55,31
12,56,30
10,55,28
10,56,30
10,56,29
10,56,28
11,56,29
11,56,29
11,55,28
10,55,28
11,56,30
11,56,30
10,55,30
11,55,30
12,55,30
11,55,30
12,55,30
14,55,28
14,55,28
13,56,28
14,57,28
12,56,30
11,55,31
6,54,32
6,53,32
10,55,31
13,55,31
15,56,30
15,55,31
10,54,32
8,53,31
9,54,30
14,56,29
16,56,29
14,56,30
12,55,30
10,54,29
9,55,29
9,55,30
10,55,31
9,57,30
10,55,30
10,55,30
10,55,30
10,56,30
10,55,29
11,55,30
10,55,30
10,55,30
12,55,30
12,55,30
10,55,29
9,55,31
10,56,31
10,56,30
10,56,29
9,56,29
11,56,29
10,56,27
10,56,27
10,57,28
10,57,28
10,57,28
10,56,26
10,57,29
11,57,28
9,57,28
10,56,28
11,56,28
11,56,29
11,56,27
10,57,28
10,56,28
9,53,32
6,53,28
11,55,36
19,58,38
19,57,26
13,55,25
2,55,26
5,56,28
6,56,31
7,56,31
11,55,30
6,54,31
9,54,30
5,54,31
6,55,33
8,56,31
12,56,31
10,56,28
8,55,27
10,56,30
13,57,29
14,56,28
11,56,29
11,56,29
12,56,28
14,55,28
11,56,28
10,56,28
11,55,29
12,55,31
11,55,30
11,55,30
10,55,31
10,55,31
10,54,30
9,54,31
8,54,31
9,54,32
9,55,33
10,55,32
10,55,31
11,55,30
12,55,31
12,55,30
14,54,28
12,57,27
13,56,28
13,56,28
13,56,28
13,56,28
13,56,28
13,55,28
13,55,28
15,55,29
15,55,28
14,56,27
14,57,29
13,57,25
15,57,26
12,57,27
11,55,25
10,56,27
12,56,29
12,55,27
11,56,28
10,54,30
11,55,30
10,57,28
11,57,27
14,54,32
11,55,31
11,55,30
10,54,29
11,55,30
10,55,30
10,55,29
8,53,29
8,55,28
9,57,29
10,56,34
14,56,32
12,57,30
16,57,36
10,56,31
12,56,31
16,56,37
8,55,34
4,54,28
8,55,27
-6,52,15
-3,55,15
-10,57,1
-14,56,-7
-25,57,-25
-27,58,-32
-27,58,-35
-27,58,-36
-26,57,-34
-25,58,-27
-25,57,-24
-24,57,-17
-23,58,-13
-23,58,-10
-24,57,-10
-23,58,-10
-24,59,-10
-26,59,-12
-29,59,-14
-26,60,-13
-23,60,-12
-22,60,-11
-23,60,-12
-22,58,-13
-17,59,-6
-23,59,-3
-27,60,0
-27,60,0
-27,60,2
-28,59,-2
-25,60,1
-24,58,0
-24,59,1
-22,60,3
-22,60,5
-25,59,5
-25,60,5
-29,59,8
-27,58,6
-17,60,10
-15,58,27
16,63,38
-29,53,8
-34,49,10
-15,57,29
-21,57,26
-41,57,11
-26,55,9
1,59,34
3,56,41
3,59,32
-8,55,29
-34,57,15
-38,55,17
-21,58,28
-6,59,24
-2,53,25
-2,63,26
-10,57,23
-21,56,24
-21,57,26
-14,59,23
-11,60,22
-9,59,24
-11,58,24
-15,57,23
-16,56,24
-13,57,27
-11,58,27
-9,57,26
-11,58,27
-12,58,28
-10,57,24
-11,58,24
-11,59,24
-11,61,20
-16,60,18
-21,59,18
-24,58,21
-26,55,24
-9,53,34
2,53,42
5,54,49
2,49,38
-6,48,28
-7,45,40
0,45,46
3,50,45
-2,50,42
-10,52,34
-11,53,33
-3,53,38
-1,56,34
-6,55,30
-5,54,33
-3,54,34
0,54,38
-2,52,39
-1,51,40
3,51,41
4,49,42
3,48,41
-2,55,33
-4,58,28
-5,50,28
-5,55,32
0,55,41
-19,58,38
-21,58,26
-23,60,15
-16,61,15
-14,62,8
-12,61,7
-7,63,10
2,63,13
0,62,15
-2,62,17
-4,61,17
-5,61,20
-8,61,18
-6,61,20
-6,61,20
-5,61,19
-4,61,19
-4,61,18
-3,61,18
-1,61,15
-1,61,17
-3,62,16
-3,61,17
-4,61,18
-6,61,20
-8,60,19
-7,60,20
-5,60,21
-5,60,23
-4,60,23
-8,59,24
-8,59,25
-5,60,27
-6,60,26
-10,60,22
-12,60,18
-7,63,17
-13,59,14
-16,58,13
-6,57,35
2,56,40
5,62,20
-11,55,17
2,49,43
10,54,45
1,54,37
-7,54,31
-6,53,28
-4,58,31
-5,58,30
-6,58,28
-6,57,28
-3,57,30
-2,56,31
0,55,31
-1,55,31
-3,56,29
-3,56,30
0,56,30
0,57,28
-4,58,21
-2,57,30
7,60,32
25,58,37
6,53,29
0,56,33
0,54,32
-10,58,19
-19,59,22
2,57,37
2,54,30
-4,56,27
3,54,40
14,60,34
2,56,28
2,56,30
-2,57,28
-6,57,28
2,57,28
1,57,30
1,57,29
2,56,30
1,56,29
-1,55,29
-1,56,32
3,55,32
3,55,31
1,55,32
3,56,31
3,55,30
1,56,31
0,57,30
0,56,28
2,56,31
1,56,31
0,58,30
0,56,30
0,56,31
2,56,32
2,55,32
2,55,34
4,55,35
4,56,34
4,55,32
2,56,30
2,57,29
2,57,27
-2,58,24
-4,60,20
-2,60,21
-1,60,22
6,59,26
8,58,27
6,58,27
7,57,28
7,56,28
6,57,28
7,57,31
7,57,30
6,57,27
6,57,27
4,58,26
5,57,26
7,57,27
6,57,28
6,57,28
7,57,28
6,57,28
6,57,28
6,57,27
3,57,26
9,57,31
7,57,28
7,57,27
7,58,27
5,58,27
5,58,27
6,58,26
7,58,25
3,58,26
4,57,26
6,58,25
5,59,24
6,58,24
5,59,24
5,58,24
5,58,23
0,61,24
5,58,27
4,58,26
6,58,24
6,59,23
5,59,22
5,59,22
6,60,26
8,59,25
6,59,23
5,58,26
5,59,26
6,58,22
6,58,24
4,59,25
6,59,23
6,59,25
4,59,24
4,59,24
4,59,24
4,58,25
4,59,24
4,59,24
5,59,24
4,59,24
4,60,23
4,58,25
4,59,25
5,59,24
2,58,25
4,58,26
5,59,26
5,58,25
5,58,25
5,58,26
5,58,27
5,58,27
5,58,25
5,58,27
5,58,28
5,58,27
4,58,27
4,57,28
4,57,28
5,57,28
5,57,27
5,57,28
3,57,28
4,57,28
5,57,28
4,57,29
5,57,29
5,57,28
5,57,29
5,57,28
6,57,29
6,57,29
7,57,28
7,57,27
6,56,28
7,57,30
6,56,30
7,56,30
7,56,31
4,56,30
5,57,29
6,55,31
6,55,32
6,55,31
6,55,31
7,56,31
6,56,31
5,56,30
5,56,30
4,56,29
5,56,30
7,56,30
7,57,29
6,57,28
6,57,29
6,56,29
6,56,30
5,56,29
6,56,29
6,57,29
6,57,29
6,57,29
6,57,28
6,57,28
6,57,28
6,57,29
6,58,29
7,56,29
6,57,28
6,56,29
6,56,29
6,56,28
6,56,29
6,56,28
6,56,27
5,59,27
8,58,27
8,58,27
7,59,26
8,58,26
9,57,26
8,57,27
8,57,27
7,58,27
6,55,28
5,56,28
5,56,27
5,57,28
6,55,29
5,54,28
6,53,29
6,58,32
8,57,32
7,57,28
5,58,26
3,59,28
4,58,29
1,58,25
1,58,26
7,56,29
2,58,26
2,59,26
6,58,27
5,59,26
3,60,26
2,58,24
2,59,22
4,60,24
3,60,25
2,60,26
2,58,25
1,58,24
0,59,26
2,58,27
1,58,26
1,58,25
0,58,26
-1,59,26
0,58,26
0,58,26
1,58,27
4,58,26
3,58,25
1,59,24
0,58,24
3,59,25
3,59,24
-1,59,25
1,58,24
4,58,26
7,58,26
8,59,26
7,58,26
7,58,26
5,58,26
4,59,26
4,58,25
4,58,25
4,58,24
6,59,24
6,59,23
9,58,21
10,63,21
-4,61,21
2,60,22
7,59,24
11,57,24
15,55,25
16,54,27
18,52,26
20,51,29
20,52,31
23,50,33
24,51,36
22,53,35
23,52,33
21,51,32
16,53,31
14,53,31
13,53,30
16,55,29
15,54,29
12,51,33
16,48,37
18,47,39
17,45,41
18,45,42
18,46,46
16,46,45
13,46,41
12,46,42
11,47,44
15,46,46
14,44,43
10,46,43
7,47,42
7,45,44
6,45,45
7,45,45
6,45,47
9,45,46
7,46,46
5,46,43
4,46,42
7,47,41
10,47,43
11,47,42
9,47,41
9,47,42
8,47,43
7,46,43
6,45,43
5,46,44
7,46,43
7,46,43
9,46,43
10,46,43
8,45,44
7,45,43
8,46,44
8,46,44
9,46,44
9,45,44
9,45,44
9,46,44
8,46,44
9,45,44
9,46,43
9,46,43
10,45,43
10,46,43
10,46,43
10,46,43
10,46,43
11,46,43
11,45,43
11,45,44
11,45,42
12,46,43
12,46,42
12,45,43
12,45,43
11,46,43
11,46,43
11,45,43
12,45,43
12,45,43
12,45,43
12,45,43
12,45,43
13,45,42
13,45,43
13,45,43
12,45,43
12,45,43
12,45,43
13,45,43
12,45,43
12,45,43
12,45,43
12,45,43
12,45,43
12,45,43
12,45,43
12,45,43
12,45,43
12,46,43
12,46,42
12,46,42
14,45,40
18,46,43
14,46,43
12,44,42
11,44,44
10,44,47
10,43,47
10,43,43
12,44,43
12,45,43
12,45,42
12,45,42
12,45,43
12,45,45
13,42,44
14,41,43
14,43,46
13,44,46
13,44,44
15,44,46
9,45,44
9,46,44
11,45,43
8,45,43
7,47,43
8,47,44
7,46,43
7,46,42
7,46,40
8,47,42
11,47,42
12,47,42
11,47,43
11,48,41
12,48,41
12,49,40
11,49,40
11,49,38
11,48,38
12,49,39
10,49,39
9,48,38
9,48,38
10,50,40
9,50,39
11,48,41
11,49,39
11,49,37
13,48,40
12,49,38
14,49,39
15,50,39
15,49,37
14,49,38
15,50,38
14,49,36
14,50,36
12,50,37
11,50,37
13,50,34
12,50,36
13,52,36
14,52,32
11,51,31
7,51,34
10,53,37
12,52,36
10,52,35
8,53,34
9,53,36
11,52,37
11,51,37
12,51,36
12,51,33
9,52,30
9,51,33
14,52,38
13,50,33
12,50,33
14,52,35
15,52,34
12,52,35
11,52,35
12,51,36
12,51,36
12,51,35
12,51,35
14,51,36
14,51,35
15,52,35
12,52,34
11,51,33
10,51,35
10,50,36
14,51,38
14,51,38
14,52,36
12,52,34
11,51,36
12,52,37
9,52,34
10,53,33
11,54,34
12,53,32
12,52,31
13,50,32
12,51,33
13,51,35
14,52,35
14,52,34
14,53,35
13,52,35
13,52,34
15,52,34
14,52,33
14,51,32
13,52,35
13,52,35
10,52,35
11,53,34
11,52,35
10,53,35
12,53,34
12,53,35
13,53,34
14,52,34
14,52,34
12,50,34
11,51,33
11,49,35
12,49,36
10,53,39
11,49,40
11,49,40
10,49,41
11,49,40
11,48,37
12,48,42
14,49,42
13,47,37
14,48,39
14,48,40
13,48,37
13,47,40
11,49,41
11,49,39
13,48,39
14,49,40
12,49,39
13,48,38
13,49,37
14,49,38
13,50,38
12,49,38
11,50,38
12,50,38
11,49,38
11,49,37
12,49,39
13,49,38
13,49,39
11,49,39
11,49,37
12,50,39
12,49,39
12,49,37
12,49,39
12,49,39
12,49,38
12,49,38
12,49,38
12,49,37
12,49,39
11,50,38
12,49,35
12,50,39
11,50,37
12,50,37
12,50,38
13,50,38
12,50,38
12,50,37
12,50,37
12,50,37
12,50,36
13,50,36
12,50,36
13,51,36
12,50,37
12,51,37
12,50,37
13,50,37
13,50,38
13,50,37
13,50,36
13,50,36
14,50,37
13,50,36
13,50,36
13,51,36
12,51,36
12,50,36
13,50,37
13,51,36
13,51,35
13,51,35
13,51,36
11,50,36
11,50,36
14,50,37
15,51,37
12,52,35
12,52,35
11,51,35
12,51,35
11,51,34
12,52,36
13,52,36
12,51,35
11,52,35
9,52,35
10,52,35
10,51,36
11,52,36
10,51,37
11,51,36
10,51,35
10,51,37
11,50,37
10,51,36
11,50,36
12,50,37
11,50,37
11,50,37
11,51,36
11,50,36
10,51,37
10,50,37
12,50,37
12,49,38
11,51,36
10,51,36
10,51,36
11,51,37
11,51,37
10,51,36
10,51,36
10,51,36
10,51,37
10,51,37
10,51,36
11,51,35
11,51,36
11,52,36
11,52,36
11,52,35
11,52,35
11,52,36
11,51,36
12,51,36
11,51,36
10,52,35
11,51,36
13,51,36
12,52,35
12,51,35
13,51,35
12,52,35
12,51,35
12,51,35
13,52,35
13,51,35
12,51,36
13,51,36
13,50,35
13,51,35
13,51,36
13,51,36
13,51,36
13,51,35
13,51,36
14,51,36
14,51,36
14,51,35
14,51,35
14,51,34
13,51,33
14,52,33
13,52,36
13,52,36
11,49,38
11,48,38
15,50,37
15,51,36
13,53,34
12,52,34
12,51,35
12,51,34
14,52,33
14,53,34
13,52,34
13,52,35
13,52,34
13,53,33
10,52,34
21,56,32
19,53,33
11,54,30
12,55,32
11,53,32
12,53,31
12,53,33
11,53,34
13,54,33
11,54,31
11,54,31
11,55,32
10,54,32
9,54,31
11,54,32
9,55,33
11,54,33
13,55,30
12,54,31
9,54,33
9,55,34
8,53,32
7,54,31
7,53,32
8,54,34
9,53,34
9,53,33
9,53,34
6,53,35
7,52,36
7,52,37
7,52,36
9,52,35
10,52,36
9,53,35
11,53,34
12,52,34
12,52,35
12,51,36
11,51,37
10,51,35
11,52,36
10,52,36
10,52,35
13,52,36
14,52,34
13,52,35
11,51,35
9,52,34
9,51,34
7,51,35
4,50,36
-1,50,40
-1,50,40
-3,49,35
-6,49,38
-8,49,44
-6,47,45
-3,43,45
0,42,52
-1,42,53
-3,41,51
-2,40,49
0,39,50
0,41,50
0,41,49
-1,41,49
-4,42,48
-4,42,48
-4,42,48
-4,41,48
-4,42,47
-2,42,48
-1,42,48
-2,42,47
-2,41,48
-2,42,48
-2,42,48
-1,42,48
-2,42,48
-2,42,47
-2,43,47
-2,42,47
-1,42,48
-1,42,47
-1,43,47
-1,43,47
-1,43,47
-1,43,47
-2,43,47
-1,43,47
0,43,47
0,43,47
-1,43,47
-1,43,47
-2,43,47
-1,42,48
0,43,49
0,42,50
0,41,47
0,43,49
-2,43,48
-1,43,43
3,44,44
3,45,46
1,45,46
7,46,48
4,46,48
-3,46,46
-4,48,43
-6,48,38
-14,48,33
-12,49,34
-10,49,22
-13,51,13
-32,51,-2
-30,52,-6
-22,51,-11
-25,49,-21
-22,56,-39
-21,56,-61
-19,57,-66
-15,56,-57
-15,55,-49
-17,56,-39
-24,55,-39
-23,53,-25
-18,51,-17
-16,54,-8
-6,53,4
-9,61,12
-6,61,15
-1,61,17
1,61,22
-2,62,24
-5,59,18
-10,59,22
-6,59,22
-9,60,20
-11,59,22
-10,60,24
-11,60,21
-12,60,17
-11,61,21
-10,62,21
-6,61,20
-8,60,18
-7,60,18
-8,61,17
-10,61,18
-10,61,18
-10,61,18
-10,61,18
-11,61,18
-11,61,18
-11,61,18
-9,60,18
-9,61,19
-9,60,19
-9,60,19
-9,60,19
-10,60,20
-11,60,19
-11,60,19
-11,60,21
-10,60,20
-11,60,19
-10,61,17
-11,61,17
-10,61,17
-11,61,16
-13,61,16
-10,61,16
-10,61,16
-10,61,17
-10,61,18
-7,61,19
-7,60,17
-8,59,18
-6,61,23
-14,58,8
-18,58,0
-20,55,-8
-25,57,-23
-25,56,-27
-26,57,-31
-26,56,-33
-27,55,-35
-28,55,-33
-28,56,-25
-28,56,-22
-28,55,-17
-27,55,-16
-26,56,-15
-26,56,-17
-25,56,-18
-24,57,-20
-25,57,-21
-25,57,-21
-26,57,-20
-23,58,-18
-24,58,-17
-23,58,-12
-23,58,-13
-25,58,-10
-26,59,-8
-26,58,-8
-26,59,-6
-27,58,-3
-29,59,-4
-29,59,-5
-28,60,-6
-27,60,-6
-24,59,-1
-25,59,-3
-18,59,-2
-11,61,4
-7,63,7
-5,64,9
-2,64,14
-8,62,9
-9,63,11
-13,63,14
-10,62,13
-15,62,7
-21,61,4
-19,61,17
-15,62,18
-15,61,15
-15,60,16
-12,58,18
-10,59,23
-7,59,26
-8,59,25
-7,59,23
-8,60,21
-9,60,21
-9,60,21
-9,60,21
-6,60,20
-6,60,22
-7,60,24
-6,59,23
-5,60,24
-7,60,23
-4,60,22
-4,61,23
-1,60,23
-8,61,16
-5,60,17
-7,60,19
-6,60,21
-2,61,23
-2,61,24
-5,61,22
-10,61,21
-2,61,16
0,60,17
1,57,24
-1,58,30
0,56,36
6,56,36
4,55,33
13,53,36
4,52,32
-13,50,26
-13,54,30
-8,56,28
-7,58,20
0,61,18
23,66,36
7,62,29
17,61,14
14,60,8
-9,59,25
-16,58,27
-5,57,28
4,57,29
12,58,31
9,58,31
4,57,28
1,57,26
1,58,27
-2,58,28
-3,57,27
0,58,27
-1,58,25
1,59,26
2,59,27
0,58,26
1,58,26
2,58,27
2,58,27
1,58,28
2,58,27
2,58,27
3,57,27
4,58,27
4,58,27
4,58,27
3,58,26
3,58,27
2,58,27
2,58,27
2,58,28
2,58,28
1,58,27
2,58,26
2,58,26
4,58,26
4,58,26
4,59,26
4,59,26
3,58,26
3,58,26
2,58,26
3,58,26
3,59,25
3,59,26
4,58,26
2,58,26
3,58,26
3,58,26
4,58,26
4,58,26
4,58,26
3,58,25
3,58,25
3,58,25
3,58,26
2,58,27
2,58,27
2,57,28
2,57,28
3,57,27
4,58,25
5,59,24
4,59,25
4,58,25
3,59,25
3,58,25
3,59,24
4,59,25
5,59,26
7,59,25
7,59,24
6,59,24
6,58,25
7,58,25
6,57,24
4,57,26
5,57,25
5,58,26
6,58,26
6,59,26
7,59,25
7,59,24
6,60,23
8,59,24
7,58,19
7,59,19
10,60,20
7,60,19
8,62,19
10,62,19
10,61,19
9,62,20
8,59,18
8,61,22
4,60,19
6,60,17
4,60,20
5,60,24
7,59,23
8,61,27
6,62,26
7,58,14
9,56,20
11,59,22
11,58,19
10,58,22
11,60,25
9,60,23
6,57,23
6,57,25
5,59,26
5,58,28
9,59,22
9,59,23
7,60,25
8,61,23
5,57,21
3,60,21
5,58,23
8,60,22
4,60,25
7,59,22
6,58,22
4,59,27
6,58,25
8,57,24
6,59,26
4,60,26
7,58,23
6,59,24
6,58,26
6,58,25
6,58,25
6,58,26
6,57,26
5,58,27
6,58,23
4,60,25
6,59,25
3,59,22
2,59,22
3,60,23
6,61,22
7,59,25
7,57,22
6,59,26
10,60,33
10,59,27
9,57,25
5,58,26
3,58,25
-1,57,26
0,56,29
0,56,31
-3,56,29
-4,56,30
-1,56,30
-4,57,27
-10,58,23
-8,58,24
-4,59,21
-6,60,17
0,60,18
5,63,22
11,62,20
15,62,19
5,61,21
-2,61,21
-9,61,16
-2,59,16
2,60,18
6,61,20
6,61,22
3,61,21
2,61,21
-2,60,20
-2,60,20
1,60,21
1,60,21
2,60,21
2,61,20
3,60,20
4,60,20
4,61,20
4,61,20
5,61,19
4,61,19
3,61,18
3,61,19
3,61,19
3,61,19
4,60,20
3,60,20
4,60,20
3,61,20
4,61,20
4,61,20
3,61,20
3,60,20
3,60,21
4,60,22
4,60,22
5,60,22
5,60,21
5,60,21
4,60,21
4,60,21
4,61,21
3,60,21
4,60,21
4,60,22
4,60,22
5,60,21
5,60,21
6,60,20
6,60,20
6,60,21
6,60,21
6,60,22
6,59,22
7,59,21
7,60,21
7,60,21
6,60,21
6,60,21
5,60,21
5,60,21
5,60,22
5,60,22
5,60,22
5,60,22
5,60,21
5,60,21
6,60,21
5,60,20
6,60,20
6,60,20
6,60,20
7,60,20
7,60,20
6,60,21
6,60,21
6,59,22
6,60,22
6,60,22
6,60,22
6,60,22
6,60,22
6,60,21
6,60,21
5,60,21
5,60,21
6,60,21
6,60,21
6,60,21
5,60,21
5,60,21
5,60,21
6,60,22
6,60,21
6,60,21
6,60,21
6,60,21
6,60,21
6,60,21
6,60,21
6,60,21
7,60,21
6,60,21
6,60,21
6,60,21
6,60,21
6,60,21
6,60,21
6,60,21
5,60,21
5,60,21
6,60,20
6,60,20
5,60,20
5,60,20
5,60,20
5,60,20
6,60,21
5,60,21
5,60,21
6,60,21
5,60,20
6,60,20
6,60,20
5,60,21
5,60,21
4,60,22
4,60,22
5,60,22
6,60,22
6,60,22
5,59,22
6,60,22
6,60,21
6,60,21
5,60,21
5,60,21
6,60,21
6,60,21
6,60,21
6,60,22
5,60,21
6,60,21
6,60,21
5,60,21
5,60,22
5,60,22
5,60,22
6,60,23
5,60,23
5,60,23
5,60,23
5,59,23
5,59,22
6,59,22
6,59,22
6,60,22
5,60,22
5,60,22
4,59,23
5,59,23
6,59,23
7,59,23
7,59,23
7,59,22
5,60,22
5,59,22
5,60,22
6,60,21
6,60,21
6,60,22
6,60,22
5,60,23
5,59,23
5,60,22
6,60,22
6,60,22
6,60,22
6,60,22
5,60,22
6,59,22
6,60,21
6,59,21
6,60,21
6,60,21
7,60,21
8,60,21
8,60,22
8,59,22
8,59,22
8,59,22
9,59,22
8,59,22
7,59,22
7,59,23
7,60,23
7,59,23
6,59,23
7,59,23
7,59,24
8,59,24
8,59,24
9,59,23
9,59,22
9,60,21
8,60,20
8,60,20
8,60,19
8,60,19
8,60,20
8,60,20
9,60,21
9,60,21
9,60,20
9,59,20
8,59,21
7,59,22
6,59,22
6,59,24
6,59,24
6,59,24
7,59,24
8,59,24
8,59,23
8,59,22
7,60,22
6,60,21
6,60,22
6,60,22
7,59,22
7,59,22
8,59,21
8,59,19
6,57,21
0,60,29
9,62,19
15,60,17
9,61,17
9,61,18
10,61,17
12,60,15
6,61,16
6,61,19
7,60,20
9,60,19
9,61,19
9,60,20
9,60,19
8,60,18
5,60,18
4,60,20
6,61,21
8,60,21
7,60,20
7,60,20
8,60,21
8,60,20
7,60,20
7,60,20
7,60,20
7,60,20
8,60,20
8,60,20
8,60,20
8,60,20
8,60,20
8,60,20
8,60,19
8,60,20
9,60,19
8,60,19
7,60,20
7,60,20
8,60,21
7,60,20
7,60,20
8,60,19
8,60,19
8,60,18
8,60,18
9,60,19
8,60,19
8,60,20
8,60,20
8,60,20
8,60,20
8,60,20
8,60,20
8,60,20
10,60,20
10,60,19
9,60,19
9,60,20
9,60,20
10,60,19
9,60,19
9,60,19
8,60,19
7,60,19
8,60,20
8,60,20
7,60,20
9,60,20
9,60,19
9,60,19
8,60,20
8,60,20
7,60,20
8,60,20
8,60,19
7,60,21
8,59,23
9,60,22
8,60,22
8,60,21
7,60,20
8,60,20
8,60,20
7,60,19
7,60,19
6,60,19
5,60,20
4,60,20
5,60,20
6,60,20
6,60,20
6,60,20
6,60,19
6,60,19
5,60,20
5,60,20
3,61,18
2,61,18
7,60,17
8,59,18
6,63,19
9,63,17
10,61,14
11,61,15
5,62,13
6,62,13
8,62,15
6,61,15
4,61,14
8,61,16
9,61,17
9,61,16
8,61,16
6,61,14
7,62,15
8,62,16
7,62,16
6,61,16
7,61,17
8,61,18
7,61,18
6,61,17
7,61,16
8,61,15
7,62,14
7,62,14
7,61,15
6,61,15
6,61,15
7,61,16
8,61,17
8,61,17
8,61,17
8,61,17
8,61,17
8,61,18
4,61,17
7,61,16
9,61,17
7,60,18
5,61,21
6,61,20
7,58,21
7,60,20
7,60,21
8,60,21
8,60,20
8,60,19
8,60,19
8,60,19
8,60,19
8,60,19
8,60,19
7,60,19
8,60,19
8,60,20
7,60,20
7,60,20
6,60,20
7,60,20
7,60,20
7,60,20
7,60,20
7,60,19
8,60,20
7,60,20
7,60,20
8,60,20
7,60,21
8,60,21
8,60,21
8,60,21
8,60,20
7,60,20
7,60,20
7,60,20
7,60,20
7,60,20
8,60,21
8,60,20
8,60,20
7,60,20
8,60,19
8,60,19
8,60,19
8,60,19
8,60,19
8,60,20
8,60,20
8,60,20
8,60,20
8,60,20
8,60,20
7,60,20
7,60,19
7,60,19
8,60,20
8,60,20
7,60,20
7,60,20
8,60,20
8,60,20
8,60,20
8,60,20
7,60,20
7,60,19
7,61,19
7,60,19
7,60,20
6,60,20
7,60,20
7,60,21
7,60,20
7,60,20
7,60,20
7,60,20
7,60,19
7,60,20
7,60,20
7,60,20
7,60,20
7,60,20
6,60,20
6,60,21
6,60,20
7,60,20
7,60,20
7,61,20
7,60,19
7,61,19
6,61,19
6,60,19
6,60,20
6,60,21
6,60,22
6,60,22
6,60,22
6,60,22
5,60,21
5,60,21
5,60,21
6,59,20
6,60,20
6,60,20
6,60,20
6,60,21
6,59,21
6,59,22
6,60,22
6,60,22
7,60,22
7,60,21
7,60,22
7,60,22
6,60,21
6,60,20
6,60,20
6,60,20
6,60,20
6,60,20
6,60,20
6,60,21
6,60,21
6,60,21
6,60,20
6,60,20
6,60,20
6,60,20
7,60,21
6,60,21
6,60,20
7,60,20
8,60,19
7,60,19
7,60,19
6,60,19
6,60,20
6,60,20
6,60,20
6,60,20
6,60,20
7,60,19
7,60,19
7,61,18
7,61,18
6,60,19
6,60,19
7,60,21
7,60,21
8,60,21
8,60,20
9,60,19
8,61,19
8,61,19
6,61,19
6,61,18
6,60,18
7,60,18
9,60,19
9,60,19
10,60,20
9,60,20
9,60,20
8,60,21
7,60,21
7,60,21
8,60,21
8,60,20
8,60,19
8,60,19
8,60,19
9,60,20
9,60,20
9,60,19
9,60,19
8,60,19
7,60,19
7,60,20
7,60,19
8,60,19
9,60,20
9,60,20
8,60,20
7,60,19
6,60,19
7,61,19
8,61,19
8,60,19
8,60,20
7,60,21
7,60,20
8,60,19
8,60,19
8,60,19
8,60,19
7,60,19
7,60,20
8,60,21
8,60,21
9,60,20
9,61,19
8,61,18
8,60,19
8,59,20
7,60,22
7,60,22
7,60,22
7,60,22
8,60,21
9,60,21
9,60,22
8,60,21
7,60,21
7,60,21
8,60,19
8,60,18
9,60,18
9,60,19
9,60,19
7,60,21
7,60,22
7,59,23
7,59,23
8,59,22
8,60,22
8,60,20
8,60,20
7,60,20
7,60,20
7,60,20
7,60,21
7,60,21
8,60,21
8,60,21
8,60,21
8,60,20
7,60,20
7,60,21
6,60,22
6,60,22
6,60,22
7,60,21
7,60,21
8,60,20
7,60,19
7,60,18
7,60,18
7,61,18
8,61,19
7,60,20
7,60,20
7,60,21
7,60,21
6,60,22
6,59,23
5,59,24
6,59,23
7,59,22
9,60,20
9,61,19
9,61,19
7,61,20
1,59,22
0,59,22
4,58,23
11,61,22
13,61,21
8,60,21
6,60,20
3,59,20
4,60,19
9,62,19
10,62,18
9,61,18
7,60,19
5,59,20
6,59,21
9,60,22
9,60,22
9,60,22
7,60,21
7,60,20
8,60,19
9,60,19
9,60,20
9,59,21
8,60,21
8,59,21
9,60,21
9,60,21
9,60,20
8,60,20
8,60,19
8,60,20
8,60,20
8,60,21
7,60,21
6,59,21
6,60,22
7,59,22
7,60,22
8,60,22
7,60,21
7,60,21
8,60,21
8,60,21
8,60,21
7,60,21
8,59,21
8,60,21
8,60,21
8,60,22
7,60,22
7,60,22
7,60,22
7,60,21
7,60,21
7,60,21
7,59,22
7,60,22
7,60,22
7,59,22
7,59,22
7,60,22
8,60,21
7,60,21
7,60,21
7,60,21
7,60,21
7,60,21
7,60,21
7,60,22
7,60,21
7,60,22
7,60,21
7,60,21
7,60,21
7,60,21
7,60,21
7,60,21
7,60,21
7,60,21
7,60,22
8,60,22
7,60,21
8,60,21
8,60,21
9,60,21
11,60,21
20,60,24
16,59,21
14,59,22
12,59,23
11,59,24
2,56,19
-2,54,19
-16,54,13
-19,53,11
-25,51,5
-27,50,0
-29,49,-9
-30,47,-12
-33,46,-25
-34,45,-31
-34,43,-41
-34,43,-51
-33,43,-53
-33,42,-55
-32,42,-53
-31,40,-50
-30,40,-48
-29,40,-42
-29,41,-40
-29,41,-40
-29,41,-39
-28,41,-38
-28,41,-39
-28,41,-39
-29,41,-40
-29,41,-41
-29,42,-41
-29,42,-42
-28,42,-40
-27,42,-39
-27,42,-38
-26,43,-39
-26,43,-38
-26,42,-38
-26,43,-38
-27,42,-40
-28,43,-40
-27,43,-41
-27,43,-41
-28,43,-40
-29,43,-40
-29,43,-39
-29,43,-39
-28,44,-38
-27,44,-38
-26,44,-38
-26,44,-38
-27,45,-39
-28,45,-40
-29,45,-40
-30,46,-40
-30,47,-39
-31,48,-38
-31,48,-37
-30,49,-34
-29,50,-31
-27,52,-25
-27,53,-22
-26,53,-16
-26,55,-10
-27,55,-8
-27,56,-3
-27,57,-1
-26,57,2
-25,57,3
-22,58,7
-21,58,8
-19,59,12
-18,59,13
-18,58,16
-17,59,17
-16,58,20
-13,58,22
-11,58,24
-9,58,25
-9,58,26
-9,58,27
-10,58,27
-11,57,27
-11,57,26
-12,57,26
-12,57,26
-12,58,25
-12,58,24
-12,59,24
-11,59,24
-10,59,24
-8,59,24
-8,58,24
-8,59,24
-8,59,24
-9,59,24
-9,58,25
-10,58,25
-10,58,25
-10,58,26
-11,58,26
-11,57,26
-11,57,27
-11,57,27
-11,57,28
-11,57,28
-7,57,30
-2,57,32
-4,57,28
-7,57,27
-10,57,23
-16,57,19
-18,58,15
-20,59,13
-24,61,9
-23,60,9
-23,60,9
-24,60,9
-24,60,9
-26,58,13
-25,57,15
-24,56,20
-25,55,21
-25,56,23
-27,56,21
-29,56,17
-27,57,14
-26,58,11
-23,58,9
-22,58,7
-26,59,6
-27,60,8
-27,59,8
-27,56,5
-29,59,5
-29,62,5
-28,57,4
-27,58,3
-26,60,7
-23,59,7
-21,60,7
-21,59,9
-22,59,9
-24,58,11
-25,58,12
-26,58,11
-26,58,12
-26,58,11
-27,58,10
-28,56,9
-29,59,7
-29,65,7
-27,61,7
-25,58,6
-20,57,7
-19,59,8
-20,60,10
-24,60,10
-28,59,11
-29,59,10
-28,58,10
-26,58,11
-24,58,10
-25,59,10
-25,59,11
-24,58,11
-25,57,11
-27,58,12
-26,58,14
-24,57,15
-24,57,17
-22,58,18
-22,59,19
-17,59,18
-16,58,18
-14,59,19
-12,59,20
-12,59,19
-14,59,17
-15,59,18
-22,59,15
-24,58,14
-28,59,11
-29,59,10
-28,59,10
-25,59,11
-20,58,13
-19,58,12
-19,60,13
-20,60,11
-21,59,11
-24,59,10
-28,60,9
-28,59,10
-27,59,9
-25,59,10
-25,59,10
-24,59,11
-23,59,11
-22,59,13
-22,59,13
-22,59,13
-21,59,12
-22,59,13
-22,59,12
-22,59,12
-22,59,11
-21,60,11
-21,59,11
-21,59,11
-22,59,10
-24,59,10
-25,59,11
-25,58,13
-24,58,13
-24,59,13
-24,59,13
-23,59,12
-23,59,12
-22,59,11
-22,59,11
-23,59,11
-23,59,10
-23,59,11
-23,59,11
-22,59,12
-22,59,13
-23,59,13
-24,59,13
-24,59,13
-24,59,13
-24,59,13
-24,59,12
-23,59,12
-22,59,12
-22,59,12
-20,59,13
-17,59,14
-13,58,12
-15,57,15
-21,56,9
-28,55,-3
-29,55,-7
-31,55,-17
-31,55,-21
-30,55,-26
-31,55,-29
-31,53,-30
-31,53,-30
-32,53,-28
-31,52,-25
-32,52,-23
-32,53,-21
-32,53,-20
-31,53,-19
-30,53,-19
-29,53,-20
-29,54,-20
-28,54,-21
-28,54,-21
-28,54,-22
-28,54,-21
-29,54,-21
-30,54,-21
-30,54,-20
-30,54,-20
-30,54,-20
-30,54,-20
-30,54,-20
-28,54,-20
-28,54,-20
-28,54,-20
-28,54,-20
-28,54,-20
-28,55,-20
-28,54,-21
-28,54,-20
-28,55,-20
-28,54,-20
-28,55,-20
-28,54,-20
-28,55,-20
-28,54,-20
-28,54,-20
-28,54,-21
-28,54,-21
-28,54,-21
-29,54,-21
-29,54,-21
-29,54,-20
-29,54,-20
-28,54,-20
-27,54,-20
-27,54,-20
-27,54,-20
-28,55,-21
-29,54,-21
-30,54,-21
-31,54,-21
-31,54,-20
-31,54,-20
-30,54,-17
-27,54,-16
-25,55,-15
-24,55,-16
-24,56,-18
-26,55,-20
-27,55,-21
-28,55,-22
-28,55,-22
-29,55,-22
-30,55,-21
-29,54,-20
-25,55,-18
-25,55,-18
-24,55,-19
-24,54,-21
-25,54,-24
-25,54,-25
-24,54,-28
-24,54,-30
-24,54,-29
-25,54,-29
-26,53,-27
-25,53,-25
-25,54,-23
-25,54,-23
-25,54,-23
-24,54,-25
-24,54,-25
-25,54,-27
-25,54,-27
-25,54,-25
-24,54,-24
-23,54,-23
-24,54,-23
-25,54,-24
-27,53,-24
-28,53,-25
-25,54,-25
-23,54,-27
-20,55,-29
-19,55,-28
-18,55,-28
-18,54,-28
-19,54,-28
-20,54,-29
-22,55,-27
-22,55,-26
-23,54,-25
-23,53,-27
-23,54,-28
-23,55,-27
-23,55,-26
-22,54,-25
-21,54,-25
-22,54,-28
-22,54,-28
-24,54,-28
-24,54,-28
-24,53,-26
-24,53,-26
-24,53,-26
-24,54,-26
-24,54,-26
-24,54,-25
-23,54,-26
-23,54,-26
-23,54,-26
-23,55,-26
-23,55,-26
-23,55,-26
-23,55,-26
-23,55,-25
-22,55,-24
-22,55,-23
-23,55,-21
-24,55,-20
-25,55,-19
-26,55,-19
-28,55,-19
-29,55,-19
-29,55,-19
-29,55,-18
-28,55,-19
-28,55,-19
-26,56,-19
-26,56,-20
-26,55,-20
-26,55,-19
-26,55,-19
-26,56,-19
-26,56,-19
-26,55,-19
-26,56,-19
-25,56,-19
-25,56,-19
-26,56,-20
-26,56,-20
-27,56,-20
-27,56,-20
-26,55,-19
-26,55,-20
-27,56,-20
-26,55,-19
-26,56,-19
-26,56,-20
-27,56,-20
-27,55,-20
-28,55,-20
-27,56,-18
-27,56,-18
-27,55,-18
-25,56,-18
-25,56,-19
-25,56,-20
-26,56,-20
-26,56,-21
-26,56,-20
-26,56,-20
-26,56,-20
-26,56,-20
-26,56,-20
-26,56,-18
-25,56,-18
-24,56,-18
-24,56,-17
-24,56,-17
-25,56,-18
-25,56,-18
-26,56,-18
-26,56,-18
-26,57,-18
-26,56,-18
-26,56,-18
-26,56,-17
-25,56,-17
-24,56,-17
-25,56,-18
-25,56,-19
-25,56,-19
-25,56,-19
-26,56,-19
-26,56,-18
-27,56,-18
-27,56,-17
-27,56,-17
-26,56,-17
-26,56,-17
-25,56,-17
-24,57,-17
-24,56,-17
-24,57,-18
-25,56,-19
-26,56,-20
-26,56,-20
-26,56,-19
-26,57,-19
-27,56,-19
-27,56,-19
-28,56,-19
-29,57,-19
-28,57,-17
-28,57,-17
-30,58,-17
-29,59,-15
-24,58,-13
-24,58,-9
-26,58,-7
-25,58,-7
-25,58,-4
-24,58,-4
-20,59,-2
-13,61,7
-9,61,9
-6,62,13
-1,63,17
2,63,17
-2,61,10
-9,61,11
-5,62,15
-7,62,15
-14,62,12
-17,61,11
-18,62,10
-18,62,9
-17,62,9
-16,62,9
-12,62,9
-11,62,9
-11,62,9
-11,62,11
-11,63,10
-13,62,11
-13,62,11
-13,62,11
-14,62,11
-12,62,11
-12,62,11
-14,62,11
-14,62,10
-13,62,11
-13,61,12
-16,62,12
-12,61,12
-12,61,13
-11,59,14
-3,65,20
-7,61,15
-7,61,18
-10,61,16
-8,61,14
-12,61,14
-13,63,21
-12,63,16
-9,61,17
-11,62,19
-19,62,6
-18,61,4
-5,61,15
4,61,19
11,59,29
8,60,30
4,57,28
6,56,30
5,58,30
2,59,26
1,59,26
-3,60,24
-4,60,22
-2,60,18
-2,60,19
-1,60,19
-1,60,21
0,60,24
-1,60,24
-1,59,25
-1,59,26
-2,59,26
-3,59,24
-1,59,25
0,60,24
0,60,23
1,60,23
1,59,23
1,59,23
-1,59,23
0,59,24
-1,60,24
-1,59,24
-1,59,25
-1,59,25
0,59,24
1,59,24
1,60,23
0,60,23
0,60,22
0,60,22
0,60,21
1,60,21
3,60,22
3,60,22
0,60,22
-2,60,22
-3,60,21
0,60,21
1,60,22
0,60,22
-1,60,21
-1,60,21
-1,60,21
0,60,22
1,60,24
8,61,27
10,60,26
16,59,28
-2,55,19
-7,53,16
-15,52,9
-19,52,6
-27,47,2
-24,48,-2
-35,45,-21
-42,45,-29
-42,47,-44
-40,48,-48
-39,49,-50
-39,48,-47
-32,48,-40
-32,47,-36
-32,47,-34
-31,47,-30
-30,47,-30
-28,48,-29
-28,47,-31
-29,47,-32
-29,48,-33
-29,48,-34
-29,47,-34
-30,47,-33
-31,47,-34
-33,47,-34
-33,48,-31
-33,48,-28
-33,48,-25
-32,49,-29
-37,49,-29
-38,48,-24
-32,49,-20
-33,50,-20
-35,50,-19
-33,50,-16
-34,50,-17
-37,51,-18
-37,51,-19
-31,52,-19
-32,53,-24
-34,53,-31
-32,53,-30
-25,55,-27
-24,57,-26
-22,57,-23
-21,56,-21
-24,57,-15
-26,56,-13
-31,57,-12
-32,51,-1
-31,57,4
-25,54,4
-26,56,8
-26,56,18
-18,56,22
-19,56,22
-15,57,25
-13,57,25
-13,57,23
-18,56,23
-20,58,23
-20,59,22
-14,59,13
-14,59,16
-17,60,21
-12,61,23
4,57,25
-8,55,21
-24,56,4
-25,55,2
-29,59,-7
-27,56,3
-24,56,-5
-19,57,-11
-22,56,-12
-21,52,-22
-23,50,-30
-25,51,-37
-25,51,-40
-23,48,-44
-26,48,-46
-25,47,-45
-26,47,-46
-25,46,-40
-24,47,-39
-25,46,-40
-25,47,-37
-24,47,-37
-23,47,-36
-22,47,-36
-21,47,-36
-21,47,-37
-21,48,-37
-21,48,-37
-22,48,-37
-22,48,-36
-23,48,-35
-23,48,-35
-24,48,-34
-25,48,-35
-25,48,-35
-24,48,-35
-24,48,-35
-24,48,-36
-24,48,-36
-24,48,-37
-23,48,-36
-23,48,-36
-23,48,-36
-23,48,-37
-23,48,-37
-23,48,-36
-23,48,-36
-23,48,-36
-24,48,-35
-23,48,-36
-24,48,-36
-24,48,-35
-24,48,-36
-24,48,-36
-24,48,-36
-24,48,-36
-24,48,-36
-24,48,-36
-24,48,-36
-23,48,-35
-23,48,-35
-24,48,-35
-24,48,-35
-24,48,-35
-23,48,-35
-22,48,-36
-22,48,-37
-22,48,-37
-22,48,-36
-22,48,-36
-22,48,-36
-22,48,-36
-22,48,-35
-23,48,-35
-22,48,-35
-22,48,-36
-22,48,-36
-22,48,-36
-23,48,-36
-23,48,-36
-23,48,-36
-24,48,-36
-24,48,-35
-25,48,-36
-25,48,-36
-25,48,-36
-24,48,-36
-23,48,-35
-22,48,-35
-22,49,-34
-22,49,-35
-22,49,-35
-22,48,-36
-21,49,-35
-21,49,-35
-20,49,-36
-20,48,-37
-21,48,-38
-23,48,-39
-24,48,-38
-24,48,-36
-24,48,-35
-22,48,-33
-22,49,-33
-21,49,-34
-20,49,-35
-21,49,-37
-21,48,-38
-22,48,-37
-22,49,-35
-22,49,-35
-23,49,-34
-23,48,-34
-24,48,-36
-24,48,-36
-24,48,-37
-24,48,-37
-23,48,-37
-22,48,-37
-21,49,-35
-21,49,-33
-20,49,-32
-19,49,-33
-20,49,-35
-21,48,-38
-22,48,-40
-24,48,-40
-24,48,-39
-23,48,-36
-22,48,-35
-21,49,-34
-20,49,-34
-20,49,-35
-20,49,-36
-20,49,-37
-22,49,-38
-22,48,-38
-23,49,-37
-23,49,-36
-22,49,-35
-22,49,-34
-21,49,-34
-21,49,-34
-21,49,-34
-21,50,-34
-22,50,-34
-23,49,-33
-23,49,-33
-23,49,-33
-23,49,-33
-23,50,-34
-23,50,-34
-22,50,-34
-22,50,-34
-22,50,-34
-22,50,-34
-21,50,-34
-21,50,-33
-20,50,-33
-20,50,-34
-20,50,-34
-21,50,-35
-21,50,-35
-21,50,-34
-21,50,-34
-21,50,-34
-21,50,-34
-22,50,-34
-22,50,-34
-22,50,-34
-23,50,-34
-23,50,-34
-24,49,-33
-24,49,-34
-24,50,-34
-24,50,-33
-24,50,-33
-24,50,-33
-23,50,-33
-23,50,-33
-22,50,-33
-22,50,-34
-22,50,-33
-22,50,-34
-22,50,-34
-22,50,-34
-23,50,-34
-23,50,-34
-23,50,-34
-23,50,-34
-23,50,-34
-23,50,-34
-23,50,-34
-23,50,-34
-23,50,-35
-23,50,-35
-23,50,-35
-24,50,-35
-24,51,-35
-24,51,-34
-24,52,-33
-24,52,-32
-24,53,-30
-24,53,-29
-24,54,-26
-24,55,-25
-24,55,-22
-23,56,-19
-22,57,-18
-22,57,-16
-22,58,-14
-21,58,-13
-21,58,-12
-20,59,-10
-20,59,-9
-19,60,-8
-20,60,-8
-19,60,-7
-19,60,-7
-19,60,-6
-20,61,-5
-20,60,-6
-20,61,-6
-20,61,-7
-21,60,-7
-21,60,-7
-22,61,-7
-22,61,-7
-21,61,-7
-20,60,-6
-21,61,-6
-21,60,-6
-22,61,-4
-21,61,-4
-21,60,-4
-20,61,-4
-17,61,-3
-10,61,5
-9,61,7
-10,58,7
-10,55,5
-24,51,-7
-26,50,-11
-30,51,-27
-31,51,-33
-33,50,-45
-32,51,-50
-31,50,-49
-27,50,-43
-25,50,-39
-24,50,-32
-24,50,-31
-24,50,-29
-24,51,-28
-22,52,-28
-22,52,-29
-23,52,-30
-23,52,-30
-23,52,-31
-24,52,-33
-24,52,-33
-24,51,-32
-24,51,-30
-23,52,-27
-22,52,-26
-22,52,-26
-23,52,-27
-23,52,-28
-23,52,-29
-23,52,-30
-23,52,-31
-23,52,-31
-23,52,-30
-23,52,-30
-22,52,-29
-22,52,-29
-21,52,-30
-21,52,-30
-22,52,-30
-22,52,-30
-22,52,-30
-22,52,-30
-22,52,-30
-22,52,-30
-22,53,-30
-22,52,-30
-22,52,-30
-21,53,-30
-21,52,-31
-22,53,-33
-23,53,-34
-24,53,-36
-25,53,-35
-25,54,-32
-27,55,-29
-27,55,-27
-30,55,-22
-29,55,-19
-28,56,-12
-27,56,-8
-20,57,2
-13,58,7
-14,59,9
-15,59,9
-8,60,12
-3,60,12
-4,59,11
3,61,8
4,60,6
1,57,-1
1,56,-3
1,50,-12
-1,44,-19
-10,40,-38
-13,41,-47
-23,36,-69
-26,36,-77
-30,37,-86
-28,37,-80
-24,38,-59
-21,38,-43
-22,39,-39
-21,41,-35
-21,42,-35
-20,42,-38
-20,42,-40
-20,43,-44
-20,42,-45
-20,42,-45
-20,43,-45
-20,43,-44
-20,43,-43
-21,43,-41
-20,43,-41
-21,43,-41
-21,43,-41
-21,43,-42
-21,43,-42
-22,43,-42
-21,43,-43
-21,43,-44
-21,43,-44
-20,43,-43
-20,44,-43
-19,43,-42
-19,44,-43
-19,44,-43
-19,44,-43
-20,44,-44
-20,45,-44
-21,45,-45
-20,46,-43
-22,46,-41
-22,46,-40
-23,47,-39
-23,47,-38
-23,48,-37
-24,49,-37
-23,49,-36
-23,50,-35
-23,51,-34
-23,52,-30
-23,53,-29
-23,54,-26
-23,54,-24
-22,56,-20
-21,57,-18
-19,58,-14
-19,58,-12
-16,59,-9
-14,60,-5
-14,61,-3
-13,62,-1
-13,62,0
-10,61,1
-10,62,2
-11,63,4
-11,63,4
-10,62,5
-11,63,6
-11,63,7
-11,63,7
-12,62,7
-15,63,7
-14,63,7
-14,62,5
-12,62,6
-13,63,5
-12,63,3
-11,63,0
-9,64,0
-7,64,-5
-8,63,-6
-11,62,-5
-13,60,1
-15,58,5
-20,56,13
-24,54,16
-28,52,21
-31,52,23
-40,50,24
-41,49,23
-40,49,25
-44,49,24
-45,49,22
-43,49,22
-39,49,22
-37,50,21
-36,50,21
-35,50,20
-35,50,19
-35,50,19
-37,50,19
-37,50,19
-37,50,19
-37,50,19
-35,50,19
-35,51,19
-35,51,19
-33,52,20
-32,52,20
-32,51,21
-31,51,23
-31,51,22
-34,51,20
-34,51,20
-34,51,19
-35,51,19
-34,51,19
-34,51,20
-35,51,19
-35,51,19
-35,51,20
-35,51,19
-35,52,21
-40,52,18
-41,52,17
-38,52,16
-39,52,15
-37,52,17
-37,55,15
-26,54,15
-24,55,16
-15,55,18
-14,56,15
-7,60,31
-5,57,25
-2,53,25
-4,62,30
-7,62,28
-2,57,22
-3,57,23
-5,59,23
-6,59,22
-5,60,24
-6,58,23
-4,59,24
-4,59,24
-2,59,23
-3,59,23
-1,60,24
0,59,27
2,59,30
0,59,30
6,59,29
17,59,26
17,59,21
16,60,13
13,62,9
-3,61,1
-11,62,-6
-16,60,-9
-22,63,-18
-21,63,-18
-18,63,-14
-15,64,-11
-10,64,-6
-9,64,-4
-6,64,1
-6,63,3
-3,63,6
-2,64,6
-5,64,6
-4,63,9
-5,63,10
-3,63,7
-4,63,8
-5,64,9
-3,64,9
0,62,8
-3,63,9
-4,63,11
-2,64,11
-4,63,8
-6,63,7
-5,63,6
-6,64,4
-6,64,3
-6,65,1
-4,65,1
-3,64,2
-3,64,3
-4,63,5
-5,63,6
-6,64,7
-7,63,7
-7,63,8
-7,64,9
-6,64,9
-6,63,9
-6,63,9
-5,64,8
-5,64,7
-5,64,5
-4,64,4
-5,64,3
-6,64,3
-6,64,3
-6,64,4
-5,64,5
-6,64,7
-6,64,7
-6,63,7
-6,63,7
-6,64,7
-6,63,7
-5,63,6
-5,63,6
-5,64,7
-5,64,6
-6,64,6
-6,64,6
-7,63,6
-6,63,7
-6,64,7
-6,64,7
-7,64,7
-8,63,6
-8,63,6
-5,63,6
-4,63,6
2,63,7
4,64,7
7,64,7
8,64,8
6,63,9
0,63,10
-4,64,10
-8,64,10
-11,63,9
-9,62,9
-6,62,12
-1,60,18
2,60,19
7,59,20
10,59,22
15,57,29
10,57,30
5,56,29
2,58,28
4,58,28
6,59,26
5,59,25
3,60,21
3,60,21
4,60,20
5,60,22
6,59,25
7,58,25
7,57,27
9,55,33
11,56,32
10,55,33
9,56,32
4,56,29
1,57,26
-1,58,26
-1,59,25
-2,61,20
-2,61,19
-2,62,17
-2,62,16
-2,61,16
-2,61,17
0,62,17
0,60,20
2,61,21
3,61,21
2,60,21
1,60,22
1,60,22
2,60,22
3,60,22
3,60,21
1,60,20
0,60,20
1,60,21
1,61,21
1,60,21
1,60,21
1,60,21
1,60,22
2,60,22
2,60,22
2,60,22
2,60,21
3,60,21
2,60,22
2,60,21
2,60,21
1,60,21
0,60,22
0,60,22
1,60,22
1,60,23
1,60,22
2,60,22
3,60,22
3,60,22
3,60,22
1,60,21
2,60,21
3,60,21
3,60,21
3,60,21
3,60,21
3,60,21
1,60,21
-3,60,23
-4,60,25
3,60,28
5,60,26
6,59,21
0,62,19
2,61,16
-4,60,14
-4,60,13
-3,62,15
2,61,20
-7,62,21
-13,61,18
-9,61,19
-4,60,20
0,60,21
3,60,19
4,61,18
9,61,17
9,61,19
7,62,19
6,61,19
2,60,20
0,60,20
2,60,22
4,60,22
6,60,23
6,60,23
5,60,22
3,60,21
3,60,21
3,60,21
4,61,20
4,61,20
4,60,21
5,60,20
5,60,21
6,60,20
6,60,20
6,61,20
5,60,20
4,60,20
4,60,21
4,60,21
4,60,21
4,60,21
5,60,21
5,60,21
5,60,21
5,60,20
6,60,20
8,61,20
11,61,22
4,60,25
1,59,24
0,59,20
-5,60,20
-11,59,21
-10,60,21
-13,59,18
-16,59,18
-13,59,21
-13,60,21
-12,58,21
-15,58,20
-15,59,20
-12,60,21
-13,59,21
-14,59,20
-13,59,19
-12,60,18
-16,60,18
-19,61,17
-19,60,17
-11,60,19
-8,60,19
-6,60,21
-1,60,24
2,60,25
4,60,24
2,60,24
1,60,24
2,60,25
1,59,21
-1,59,19
-6,60,24
-11,59,25
-24,58,22
-29,58,23
-19,58,25
-12,58,26
-5,58,24
-3,60,19
1,61,18
2,61,15
-2,62,12
-14,63,5
-20,62,2
-34,63,0
-34,63,0
-23,62,3
-18,62,6
-10,61,10
-8,62,13
-4,62,15
-1,62,16
-2,62,15
-4,62,14
-5,63,13
-7,63,11
-8,63,11
-7,62,11
-7,63,11
-8,63,11
-8,62,12
-7,62,12
-6,63,12
-5,62,12
-6,63,11
-7,63,11
-14,63,12
-16,62,13
-15,62,11
-16,62,12
-18,62,13
-14,62,14
-5,61,13
-3,61,15
4,62,18
6,61,18
7,60,18
8,61,19
8,60,21
8,59,24
7,59,25
1,58,26
-1,57,26
-6,56,30
-8,57,31
-11,56,32
-11,56,33
-10,56,35
-5,54,34
-3,55,34
1,56,30
2,57,28
4,59,23
7,61,19
7,61,12
3,61,9
-5,62,1
-5,62,-1
-12,63,-6
-16,63,-9
-17,63,-11
-21,63,-12
-22,63,-12
-23,62,-11
-22,62,-10
-21,62,-7
-21,62,-7
-20,62,-5
-19,62,-4
-12,63,0
-8,63,3
-7,64,3
-7,61,6
-5,60,11
-20,60,17
-25,58,15
-46,55,18
-45,56,20
-20,57,15
-18,57,8
-15,59,-3
-14,60,-10
-14,58,-23
-15,59,-27
-13,59,-31
-11,58,-30
-10,59,-30
-4,57,-30
-6,57,-29
-7,58,-30
-9,56,-32
-13,56,-35
-16,55,-36
-16,56,-37
-15,56,-36
-12,58,-31
-12,58,-31
-10,56,-29
-6,61,-17
-5,62,-15
-6,59,-18
0,60,-11
2,63,-5
4,63,-3
3,63,0
2,65,3
1,65,3
4,68,1
8,53,-4
10,53,-13
15,64,-10
14,63,-11
13,61,-9
13,57,-5
13,57,-2
11,58,1
10,66,2
2,75,2
-1,67,2
1,62,-2
0,61,-1
4,62,0
4,64,2
4,64,3
5,64,5
3,64,4
2,64,6
1,64,8
-2,63,9
-5,63,10
-9,63,9
-10,63,8
-9,63,8
-9,64,5
-8,63,4
-12,63,6
-11,61,11
0,61,23
3,61,27
0,58,21
-3,51,24
3,52,49
6,55,52
-7,56,40
-8,55,35
-16,52,32
-4,52,34
-21,58,34
-15,55,27
-13,55,25
-8,55,23
-2,54,25
14,59,35
0,58,33
-22,58,24
-16,57,24
-7,57,26
-7,56,27
-7,57,28
-2,56,32
-6,57,30
-14,58,26
-13,57,25
-7,57,28
-2,58,29
3,57,31
-6,54,28
-24,58,21
-30,58,21
-18,61,28
-13,59,27
-2,60,29
-6,52,29
-6,48,31
-2,48,31
-8,53,24
1,61,30
13,60,43
1,54,43
-14,57,32
-24,55,24
-25,54,23
-25,53,23
-17,52,23
36,59,48
14,52,34
-16,55,22
-36,59,14
-27,59,18
3,56,32
18,58,38
7,54,35
-8,53,29
-19,55,29
-14,56,31
-5,54,35
-3,55,34
-3,54,33
-6,55,32
-9,55,32
-11,55,30
-9,56,30
-5,56,31
-5,56,31
-9,56,30
-10,56,30
-9,56,31
-9,55,31
-7,55,32
-7,55,33
-9,55,32
-8,55,32
-7,54,32
-7,55,32
-7,55,32
-8,55,31
-8,55,31
-7,55,32
-7,55,32
-7,55,31
-8,55,32
-8,55,31
-7,55,32
-10,55,32
-13,55,30
-15,56,30
-12,55,30
-13,56,24
-2,57,32
2,56,33
2,59,30
-3,59,24
-2,59,24
2,58,27
-3,58,27
-13,54,21
-17,58,15
-22,56,14
-21,57,16
13,58,44
14,59,50
-14,55,31
-16,55,28
-12,56,33
-10,56,33
-7,55,29
-6,55,29
-2,57,32
-5,56,31
-10,56,27
-9,56,28
-7,57,29
-6,56,31
-6,56,30
-6,56,31
-5,56,31
-4,56,31
-4,56,31
-5,56,30
-6,56,29
-6,57,29
-6,57,29
-7,57,29
-7,56,29
-8,56,30
-8,56,30
-8,56,31
-7,56,31
-6,56,31
-7,56,30
-7,56,30
-6,56,30
-7,56,30
-6,56,29
-6,57,29
-6,56,29
-6,57,30
-6,57,30
-6,56,29
-6,56,30
-7,56,30
-7,56,30
-8,56,30
-8,56,30
-7,56,30
-7,56,32
-6,56,33
-2,57,30
-4,57,27
-6,58,25
-2,58,27
0,60,24
0,59,21
-5,60,18
-5,61,18
-9,61,16
-12,61,14
-18,62,11
-20,61,11
-19,61,11
-17,61,12
-14,61,13
-12,61,16
-10,61,17
-10,61,17
-9,61,18
-10,61,18
-9,61,18
-11,61,17
-11,61,16
-12,61,16
-10,61,15
-10,61,16
-9,61,17
-7,61,17
-6,61,18
-6,61,17
-5,61,16
-6,61,16
-9,61,17
-11,60,16
-14,60,15
-15,60,17
-16,59,16
-16,59,17
-17,58,16
-25,57,16
-32,56,15
-44,57,14
-48,56,13
-47,56,12
-42,56,14
-29,55,17
-23,56,17
-14,57,18
-6,60,18
-3,60,18
3,63,15
6,63,12
5,63,8
4,63,6
-1,62,7
2,62,8
-15,59,16
-28,59,20
-36,59,21
-34,59,21
-27,59,20
-21,59,21
-19,59,20
-13,59,20
-10,60,21
-4,60,21
-1,60,20
4,59,19
5,59,21
9,60,23
9,60,23
9,59,22
9,59,18
10,60,19
12,60,20
10,60,18
9,61,19
8,61,21
5,61,18
4,60,19
3,60,20
2,61,20
3,60,22
3,60,23
5,60,22
6,60,22
6,60,21
7,60,18
7,60,19
6,61,19
6,61,19
6,60,19
6,60,19
5,60,19
5,60,20
5,60,22
7,60,23
9,60,26
14,60,27
7,59,21
2,59,22
3,58,24
0,58,21
0,57,21
-16,61,14
-18,62,13
-21,61,11
-25,62,9
-20,62,9
-14,61,12
-7,62,17
-6,61,17
-8,61,18
-9,61,18
-10,60,18
-13,61,17
-13,61,16
-14,60,16
-16,61,16
-19,60,16
-19,60,17
-16,60,18
-12,60,18
-9,60,18
-4,61,18
-2,61,17
1,62,14
3,62,12
7,63,10
5,62,8
-2,63,5
-5,62,4
-13,60,1
-19,60,-1
-26,62,-3
-30,61,-7
-30,60,-5
-28,60,-3
-27,61,-2
-28,60,-2
-26,60,-2
-21,60,2
-20,60,2
-21,60,1
-19,60,2
-19,60,3
-20,60,1
-19,60,2
-18,59,3
-21,57,2
-30,58,-2
-31,57,-3
-35,55,-4
-36,56,-4
-40,55,-7
-41,55,-8
-40,55,-7
-38,55,-6
-36,55,-4
-33,55,-3
-32,55,-3
-33,55,-4
-33,56,-4
-32,56,-4
-32,56,-4
-32,56,-4
-30,56,-4
-32,56,-4
-32,56,-4
-38,55,-6
-39,56,-6
-41,56,-9
-41,56,-10
-40,57,-9
-32,58,-5
-28,57,-3
-21,58,3
-16,59,9
-5,59,17
-6,60,14
-10,61,13
-10,60,13
-15,62,4
-17,61,1
-24,60,2
-21,59,3
-14,58,11
10,50,43
17,53,54
10,48,58
-4,47,49
-23,51,38
-24,52,36
-18,52,33
-15,52,33
-11,55,31
-11,55,32
-9,55,31
-12,55,30
-13,54,30
-12,55,31
-11,55,31
-8,55,33
-7,55,32
-7,55,32
-8,55,31
-6,55,32
-5,56,32
-6,56,32
-6,56,35
-3,56,38
-8,56,38
-7,55,39
2,57,32
1,57,22
-6,60,7
-18,62,3
-31,59,7
-28,59,10
-14,59,17
-11,60,17
-9,59,16
-6,61,12
-6,62,9
-13,61,8
-13,60,7
-14,64,-4
-17,66,-11
-22,66,-15
-20,66,-14
-21,64,-12
-21,64,-9
-18,62,-1
-16,62,3
-17,62,6
-20,62,4
-22,62,2
-21,62,2
-17,62,6
-12,60,8
-9,60,9
3,60,22
9,59,27
-4,60,26
-8,58,29
-7,59,24
-4,59,27
-9,59,24
-13,58,22
-15,58,21
-14,59,26
-14,57,27
-4,57,25
-2,55,27
-1,62,28
3,61,31
-7,58,27
-14,56,25
-8,60,23
-4,60,27
-4,59,27
-5,58,25
-2,58,26
-5,58,25
-5,58,24
-7,57,29
-6,58,28
-4,57,27
-2,58,28
-7,58,25
-12,58,24
-3,58,29
-12,57,21
-7,59,29
10,60,40
13,58,33
-8,57,19
-9,56,21
-10,60,23
-8,58,25
-7,58,25
-7,58,24
-11,59,22
-9,59,25
-7,58,27
-8,58,24
-8,59,25
-8,58,26
-7,58,27
-1,58,33
12,57,40
17,57,21
-7,59,7
-46,60,-3
-45,57,3
-19,60,8
-12,63,4
-12,65,-10
-6,67,-7
-5,66,-4
-13,65,-3
-15,64,-3
-20,62,5
-14,61,13
-12,61,11
-17,61,11
-10,61,18
-9,62,13
-15,61,12
-15,62,9
-17,62,7
-22,61,10
-21,60,10
-17,62,10
-17,61,13
-11,60,15
-11,61,14
-13,61,13
-14,61,13
-14,61,12
-13,62,12
-15,61,12
-19,61,11
-20,61,11
-18,61,12
-18,60,12
-16,61,12
-16,61,11
-16,62,11
-16,62,10
-15,61,11
-15,62,11
-15,62,10
-14,61,11
-15,61,11
-15,61,12
-15,61,12
-16,61,12
-17,61,12
-17,61,12
-17,61,12
-18,61,12
-17,61,12
-17,61,12
-16,61,11
-16,61,12
-16,61,12
-16,61,11
-16,61,10
-16,61,10
-15,62,11
-16,62,11
-16,62,10
-16,62,11
-15,61,11
-15,62,11
-15,61,11
-14,62,11
-14,62,10
-14,62,10
-15,62,10
-15,62,11
-15,62,10
-16,62,9
-16,62,9
-16,61,9
-16,61,8
-15,62,10
-14,62,9
-7,61,14
-6,62,16
-7,61,19
-11,61,12
-12,59,9
-12,58,11
-11,56,15
-17,54,13
-20,52,13
-30,43,18
-36,40,19
-48,34,22
-52,33,23
-60,28,25
-63,26,28
-66,25,33
-64,24,34
-60,25,32
-53,26,35
-51,26,34
-52,26,32
-53,26,31
-50,25,31
-48,25,32
-52,24,29
-53,24,28
-53,25,29
-56,23,29
-56,23,30
-50,22,34
-51,22,33
-51,21,32
-50,22,32
-51,22,32
-52,22,31
-55,21,29
-54,21,30
-49,21,33
-53,21,32
-53,21,30
-53,19,31
-54,19,30
-49,19,32
-50,19,33
-52,19,32
-50,18,32
-54,16,31
-56,16,31
-55,15,33
-54,15,34
-54,14,34
-56,14,32
-57,14,32
-57,14,32
-56,14,32
-55,14,31
-56,14,31
-54,15,30
-54,15,31
-55,14,31
-56,14,31
-56,14,31
-56,14,31
-55,14,31
-56,14,31
-56,13,31
-60,12,33
-62,10,33
-57,12,40
-58,12,40
-58,13,40
-55,14,40
-65,16,27
-61,18,23
-52,24,19
-54,27,17
-51,29,11
-49,34,10
-50,37,10
-46,40,10
-44,41,10
-42,42,10
-43,43,8
-43,45,7
-44,45,8
-48,46,6
-47,46,6
-44,44,8
-45,45,8
-47,46,7
-46,46,7
-44,47,7
-44,46,6
-44,46,6
-44,46,5
-43,46,5
-44,47,5
-45,47,6
-43,47,7
-43,47,8
-43,47,8
-43,46,9
-45,46,9
-44,46,10
-44,46,10
-44,46,9
-44,46,9
-44,47,9
-44,47,8
-43,47,7
-44,47,6
-44,47,6
-44,47,5
-45,47,6
-45,47,6
-44,47,6
-45,47,6
-45,47,6
-46,47,7
-46,47,8
-46,47,7
-46,47,7
-44,47,7
-43,48,6
-44,49,4
-45,49,3
-43,49,1
-39,49,0
-37,50,-2
-32,52,-6
-34,53,-11
-40,55,-19
-40,56,-20
-43,56,-20
-43,56,-19
-39,53,-13
-32,52,-10
-21,52,-12
-15,54,-12
-8,57,-13
-1,61,-17
3,61,-19
4,61,-21
5,62,-22
2,62,-25
-1,62,-26
-8,62,-23
-10,62,-23
-20,60,-21
-24,61,-17
-26,59,-9
-25,58,-2
-23,59,3
-17,59,11
-14,59,13
-12,59,17
-11,59,18
-7,60,19
-7,60,20
-11,60,18
-13,59,18
-17,59,16
-19,59,16
-23,60,15
-23,60,14
-21,60,14
-20,60,16
-19,60,15
-18,60,14
-18,60,13
-16,61,12
-18,60,13
-21,60,13
-21,60,14
-22,59,15
-21,59,16
-21,59,16
-20,59,16
-20,59,15
-20,59,15
-20,60,15
-19,60,13
-18,60,13
-20,59,14
-19,60,14
-11,59,22
-5,60,25
-17,56,18
-20,57,13
-24,56,9
-29,57,-1
-29,58,-6
-28,61,-15
-28,61,-17
-31,61,-20
-32,61,-18
-34,60,-13
-33,59,-10
-27,58,-1
-24,58,2
-18,58,11
-14,59,16
-14,59,16
-14,59,18
-13,59,18
-12,60,19
-12,60,19
-12,59,19
-13,60,19
-13,60,18
-15,60,17
-16,60,17
-17,60,16
-19,60,16
-17,59,18
-16,60,18
-17,60,19
-15,60,19
-14,60,19
-15,60,18
-14,60,18
-14,60,18
-14,60,17
-14,60,17
-15,60,16
-15,60,16
-16,60,16
-16,60,16
-15,60,16
-15,60,17
-14,60,16
-13,60,17
-13,61,17
-14,61,18
-14,61,18
-14,61,18
-14,61,17
-13,60,17
-12,61,16
-11,61,16
-10,61,15
-10,61,15
-10,61,15
-9,62,15
-9,62,13
-9,62,12
-10,62,12
-9,62,13
-8,61,13
-8,63,16
-7,63,11
-5,64,11
-4,64,10
-3,64,10
-3,63,10
-3,63,11
-4,63,10
-2,63,14
-3,63,13
-2,62,11
-1,63,11
1,62,11
1,62,13
4,65,13
3,61,12
4,61,13
8,62,15
12,62,12
17,59,9
17,58,8
19,63,6
21,64,5
19,62,2
20,62,1
20,61,-1
20,61,-2
21,60,-3
21,57,-5
21,56,-5
20,49,-12
22,48,-10
25,48,-15
22,48,-20
30,100,-19
16,89,-5
13,52,-8
7,57,3
14,59,4
24,60,6
22,61,8
27,60,12
24,60,13
22,60,14
20,58,13
16,59,9
17,60,10
18,60,10
17,60,9
16,60,8
19,60,8
18,60,7
17,61,9
17,62,9
20,61,10
16,61,10
15,61,11
16,60,14
18,60,17
16,60,15
15,58,19
14,59,20
14,58,19
15,58,19
17,59,20
18,60,19
17,59,17
16,59,16
15,59,16
18,59,15
18,58,12
21,59,18
20,60,17
16,59,17
15,58,18
13,59,20
14,59,20
13,58,21
14,58,21
15,58,22
15,57,22
16,58,24
17,57,23
17,57,23
16,58,21
16,58,21
16,59,19
16,59,19
16,59,18
15,59,17
15,59,17
15,59,17
15,59,18
16,59,19
15,59,19
15,59,20
15,58,21
16,58,21
17,58,21
16,58,20
16,58,20
16,58,20
16,58,20
16,58,20
17,58,20
16,58,20
16,58,20
16,58,20
16,58,20
16,58,20
16,58,20
16,59,20
16,58,19
16,58,20
16,58,19
16,59,19
16,59,19
16,59,19
16,59,19
16,59,19
16,58,19
16,58,19
16,58,19
17,58,19
16,58,19
16,58,20
17,58,20
17,58,20
16,58,20
16,58,19
16,58,20
16,58,19
16,58,20
16,58,19
16,58,20
16,58,20
15,58,20
16,58,20
16,58,20
16,58,20
18,58,22
24,58,25
19,57,23
16,57,24
19,58,23
8,58,19
5,59,17
1,60,15
1,61,16
3,61,15
4,60,15
13,60,19
18,60,22
18,59,23
14,58,23
11,59,22
9,59,22
9,59,22
10,59,22
12,60,21
12,59,20
12,59,19
12,59,19
13,60,18
13,59,19
13,59,20
12,59,20
13,59,21
13,58,21
13,59,22
13,59,21
12,59,20
13,59,19
12,59,20
12,59,20
12,59,20
12,59,20
12,59,20
13,59,20
13,59,20
13,59,20
13,60,19
13,59,19
13,60,18
13,59,19
13,59,19
14,59,19
14,59,20
14,59,20
13,59,20
13,59,20
12,59,19
12,59,19
13,59,20
13,59,20
13,59,19
14,59,20
14,59,19
14,59,19
14,59,18
14,60,18
13,60,18
13,59,19
12,59,19
11,58,20
12,59,21
14,58,22
14,59,21
13,58,20
13,59,19
14,60,18
14,59,18
15,60,18
14,59,19
14,59,19
15,59,19
14,60,19
13,60,19
14,60,19
12,59,19
12,59,19
12,59,19
13,59,19
13,59,20
14,59,20
14,59,20
13,59,20
13,59,20
14,59,20
14,59,19
15,59,19
15,59,19
14,59,19
14,59,19
14,59,20
14,59,20
13,59,20
13,59,20
13,59,20
14,59,20
14,59,20
14,59,19
14,59,19
13,59,19
13,59,19
14,59,20
15,59,20
14,59,19
14,59,19
14,59,20
15,59,20
17,58,21
16,58,21
14,59,21
13,59,21
14,59,22
12,58,22
8,59,22
2,61,23
1,60,22
2,59,25
-2,60,22
-3,60,20
-3,60,19
-7,60,16
-1,61,17
-1,61,18
1,60,17
-1,60,14
1,62,10
-2,60,6
-16,60,-6
-21,62,-12
-27,62,-23
-29,62,-26
-30,62,-26
-21,63,-14
-18,62,-11
-17,61,-6
-16,61,-6
-14,62,-3
-8,64,6
-3,62,8
-2,61,9
-1,62,11
-2,62,11
-5,63,12
-5,63,12
-5,63,10
-5,63,10
-6,63,10
-6,63,9
-6,63,8
-5,64,8
-4,64,8
-6,63,8
-5,64,9
-6,63,10
-6,63,10
-6,63,10
-6,63,10
-7,63,10
-6,63,9
-6,63,9
-5,63,9
-5,63,9
-6,63,9
-6,63,8
-6,64,9
-6,63,9
-6,63,9
-6,63,9
-7,63,9
-6,63,9
-6,63,9
-6,63,10
-7,63,9
-7,63,9
-7,63,9
-7,63,10
-7,63,9
-7,63,10
-7,63,10
-7,63,10
-6,63,10
-6,63,10
-6,63,10
-6,63,10
-6,63,9
-6,63,9
-7,63,10
-7,63,10
-7,63,10
-8,63,10
-7,63,10
-7,63,10
-7,63,10
-6,63,10
-6,63,11
-6,63,10
-6,63,10
-6,63,9
-6,63,10
-5,63,10
-6,63,10
-6,63,10
-6,63,10
-5,63,10
-5,63,10
-5,63,10
-5,63,10
-5,63,10
-5,63,10
-6,63,10
-6,63,10
-6,63,10
-7,63,10
-7,63,10
-7,63,10
-7,63,10
-6,63,10
-6,63,10
-3,63,12
3,64,13
-2,60,11
10,61,23
0,57,11
-12,58,2
-16,60,-7
-28,61,-21
-26,62,-25
-33,63,-33
-36,63,-30
-36,61,-17
-21,60,-8
-8,61,5
-8,61,7
-5,61,11
-7,61,15
-10,62,12
-14,62,11
-12,62,11
-9,62,9
-9,63,9
-13,63,7
-14,63,7
-14,63,7
-13,63,8
-12,63,9
-10,63,11
-12,62,10
-12,62,9
-13,63,11
-14,63,11
-17,63,7
-18,60,11
-18,59,15
-12,57,18
-17,56,16
-17,57,22
-19,57,22
-24,60,13
-25,63,-1
-23,64,-3
-20,64,-3
-18,64,-3
-8,64,1
-6,63,7
-8,63,5
-8,63,7
-5,62,12
-7,62,12
-9,62,13
-7,62,13
-6,63,14
-11,61,15
-13,61,14
-11,62,14
-11,61,13
-11,62,12
-9,63,11
-7,63,11
-10,63,10
-10,63,13
-12,62,11
-11,62,12
-12,62,13
-11,61,15
-10,62,13
-12,62,13
-9,62,14
-10,62,11
-13,62,12
-14,61,13
-12,61,13
-12,61,13
-10,62,15
-10,63,15
-9,61,13
-10,62,11
-11,63,11
-11,63,13
-10,61,13
-9,62,14
-8,62,14
-9,62,11
-10,63,11
-9,63,11
-9,63,11
-9,62,12
-9,63,12
-9,63,12
-7,62,13
-8,62,12
-9,62,12
-9,63,12
-9,62,13
-8,62,14
-9,62,13
-9,62,14
-9,62,15
-9,62,14
-9,62,14
-9,62,14
-8,62,14
-8,62,14
-8,62,14
-8,62,14
-9,62,14
-9,62,14
-9,62,15
-9,62,14
-9,62,14
-10,62,14
-9,62,14
-9,62,14
-8,62,14
-8,62,14
-6,62,15
-3,62,14
-13,63,9
-10,64,11
-11,63,8
-14,62,7
-18,63,9
-17,63,3
-13,63,3
-12,62,5
-8,63,9
-10,63,10
-11,62,10
-9,62,13
-6,62,13
-8,63,8
-10,63,4
-1,63,8
0,63,11
0,64,17
-1,63,17
-4,62,15
-4,61,17
2,61,18
5,60,21
10,61,23
10,61,23
6,60,21
4,60,20
3,61,18
6,60,18
7,61,21
8,61,18
6,61,17
9,62,14
5,61,18
7,63,16
4,61,16
4,62,16
3,61,17
2,61,17
5,61,17
6,62,17
7,62,16
8,61,16
4,61,16
5,61,16
5,61,17
6,61,18
8,60,18
9,61,20
10,60,19
8,61,16
6,61,16
9,61,16
9,60,17
11,61,16
11,61,16
11,61,15
11,61,16
11,61,16
12,61,15
11,61,15
10,61,14
10,61,14
11,61,14
11,61,15
11,61,15
11,61,15
11,61,15
12,61,15
12,61,16
13,61,16
16,61,16
19,60,15
19,61,16
10,62,16
6,60,17
-2,60,19
-6,61,18
-7,60,22
-4,60,24
-4,60,25
0,59,27
10,60,32
14,60,28
17,62,25
19,64,14
3,64,3
-18,62,3
-27,54,10
-31,45,28
-16,42,43
-11,39,57
-18,40,56
-22,40,50
-21,38,48
-17,40,47
-22,43,35
-26,44,28
-31,45,21
-36,46,14
-47,47,-1
-54,49,-6
-59,51,-11
-57,52,-11
-52,51,-6
-51,50,-3
-44,48,3
-43,48,5
-43,48,8
-38,48,11
-40,48,11
-41,48,10
-40,49,10
-41,49,7
-41,50,6
-41,49,7
-40,49,6
-42,49,6
-42,49,6
-43,49,7
-43,49,7
-42,48,9
-42,48,9
-42,48,8
-42,48,8
-42,49,9
-41,49,8
-42,49,8
-43,49,8
-42,49,8
-42,49,8
-42,49,8
-41,49,8
-42,49,8
-41,49,8
-41,49,7
-41,49,7
-41,50,7
-41,49,7
-41,49,7
-41,49,8
-41,49,8
-41,49,7
-41,49,7
-41,49,8
-42,49,8
-42,49,8
-42,49,8
-42,49,8
-42,49,8
-41,49,8
-42,49,8
-42,49,8
-41,49,8
-42,49,7
-42,49,7
-41,49,8
-41,49,7
-41,49,7
-42,49,7
-42,49,7
-42,49,8
-41,49,8
-42,49,7
-41,49,7
-41,49,7
-41,49,7
-41,49,8
-41,49,8
-41,48,7
-42,49,6
-44,49,6
-44,49,6
-44,49,6
-43,48,6
-43,49,6
-42,49,6
-43,48,6
-43,48,7
-43,49,7
-42,49,7
-42,49,7
-42,49,6
-41,49,7
-42,49,7
-42,49,7
-42,49,7
-43,49,6
-42,48,7
-42,49,7
-42,49,7
-42,49,7
-42,49,7
-42,49,7
-43,49,7
-41,49,7
-42,49,7
-42,49,7
-41,49,7
-40,49,7
-42,49,6
-42,49,6
-42,49,5
-42,49,5
-42,49,5
-42,49,5
-42,49,6
-42,49,6
-42,49,6
-42,49,6
-43,49,6
-43,49,6
-42,49,6
-42,49,6
-42,49,6
-42,49,6
-42,49,6
-42,49,6
-42,49,6
-42,49,6
-42,49,6
-41,49,7
-41,49,7
-41,49,7
-40,49,7
-40,49,7
-40,50,6
-40,50,6
-39,50,5
-39,50,4
-41,50,2
-42,51,1
-43,51,-1
-43,51,-1
-42,51,0
-41,50,1
-40,50,2
-39,50,2
-39,51,2
-40,51,2
-40,50,3
-39,50,2
-37,50,0
-35,53,-4
-33,52,0
-36,53,2
-40,49,3
-40,51,1
-44,52,-9
-44,52,-11
-40,52,-18
-38,52,-22
-42,51,-15
-39,50,-11
-40,51,-10
-41,50,-11
-41,50,-8
-38,50,-6
-36,51,-5
-38,51,-6
-39,51,-6
-40,51,-7
-41,50,-6
-40,50,-6
-41,50,-7
-38,51,-6
-38,51,-6
-38,51,-7
-38,51,-9
-36,52,-14
-34,50,-10
-32,49,-16
-30,49,-11
-33,53,-10
-40,57,-16
-36,52,-16
-39,48,-18
-41,49,-17
-42,50,-17
-41,50,-17
-39,48,-20
-37,48,-21
-37,50,-20
-36,50,-21
-36,49,-21
-36,49,-21
-37,49,-21
-37,50,-20
-37,50,-19
-36,49,-18
-35,49,-18
-35,49,-19
-35,49,-18
-37,50,-19
-38,49,-19
-40,48,-19
-40,48,-19
-40,48,-19
-40,48,-19
-40,48,-19
-39,49,-19
-39,49,-20
-41,49,-21
-41,50,-21
-43,52,-13
-44,51,-13
-38,49,-16
-36,51,-19
-40,53,-22
-44,53,-12
-42,52,-8
-30,51,5
-26,50,13
-29,49,18
-29,48,21
-28,48,30
-28,48,33
-28,47,31
-28,47,30
-27,48,32
-23,50,30
-30,47,30
-25,52,39
-28,48,33
-31,51,27
-35,52,23
-21,53,27
-28,52,25
-26,52,29
-24,54,30
-21,52,27
-21,54,26
-25,54,22
-21,54,28
-16,56,27
-21,57,21
-21,57,24
-15,55,28
-7,56,33
-4,59,24
-12,59,18
-19,60,15
-16,59,18
-14,60,21
-13,58,23
-16,59,21
-13,58,24
-13,58,24
-14,59,19
-16,59,19
-16,59,19
-15,60,19
-13,61,18
-15,61,16
-16,61,13
-17,61,13
-14,61,15
-14,61,14
-14,61,15
-16,61,15
-16,61,15
-16,60,16
-16,60,17
-16,60,16
-17,60,16
-16,60,16
-16,60,16
-13,61,17
-13,60,17
-13,60,18
-14,60,17
-14,60,16
-12,60,20
-12,61,19
-11,61,17
-12,61,16
-12,61,16
-12,61,16
-13,62,14
-15,61,13
-14,61,14
-14,61,15
-13,61,16
-13,61,16
-13,61,16
-12,60,16
-12,61,17
-13,61,16
-13,61,16
-13,61,16
-13,61,17
-13,60,17
-13,60,18
-13,60,18
-14,60,18
-14,60,18
-13,60,18
-13,60,18
-13,60,18
-13,60,18
-13,60,17
-13,61,17
-12,61,16
-12,61,16
-12,61,16
-12,61,16
-12,61,16
-12,61,16
-12,60,17
-12,60,17
-13,61,17
-13,61,17
-13,60,17
-12,61,17
-12,61,17
-12,61,17
-13,60,17
-13,61,17
-12,60,17
-12,61,16
-12,60,17
-12,61,17
-12,61,17
-12,60,17
-13,61,16
-13,61,17
-13,61,17
-12,61,17
-12,61,17
-12,61,17
-12,61,17
-12,61,16
-12,61,16
-12,61,16
-12,61,16
-11,61,17
-12,61,17
-12,61,17
-13,60,17
-13,60,17
-12,61,17
-12,61,16
-12,61,16
-12,61,16
-12,61,17
-12,61,17
-12,60,17
-12,61,17
-12,61,17
-12,61,17
-12,61,17
-12,61,17
-12,61,17
-12,61,17
-12,61,16
-12,61,17
-12,61,17
-12,61,17
-12,61,17
-12,61,16
-12,61,16
-12,61,17
-12,61,17
-12,60,17
-12,61,17
-12,61,17
-12,61,17
-12,61,17
-13,61,17
-12,61,17
-12,61,17
-11,61,17
-11,61,17
-11,61,17
-12,61,17
-12,61,17
-13,61,17
-13,61,17
-12,61,17
-11,61,17
-11,61,16
-10,61,16
-11,61,16
-11,61,16
-12,61,16
-12,61,16
-12,61,16
-11,61,17
-12,61,17
-11,61,16
-11,61,16
-11,61,16
-11,61,17
-11,61,17
-11,61,17
-12,61,17
-12,61,16
-12,61,17
-12,61,17
-12,61,16
-12,61,16
-12,61,16
-11,61,16
-11,61,16
-10,61,17
-10,61,17
-12,61,16
-12,61,16
-12,61,16
-11,61,17
-11,61,18
-12,61,18
-13,61,18
-13,60,18
-12,60,18
-12,61,17
-11,61,17
-11,61,16
-11,61,16
-11,61,16
-11,61,16
-11,61,16
-11,61,16
-11,61,16
-11,61,16
-11,61,16
-11,61,16
-11,61,16
-12,61,16
-12,61,16
-12,61,17
-11,61,18
-11,61,17
-11,61,17
-11,61,17
-11,61,17
-11,61,18
-11,61,17
-12,61,17
-13,60,17
-13,61,17
-11,61,18
-10,61,17
-10,61,17
-10,61,16
-11,61,15
-11,61,15
-11,62,14
-12,62,14
-12,62,15
-11,62,16
-11,62,15
-9,62,14
-8,61,14
-9,62,14
-9,62,15
-10,61,16
-9,61,16
-11,61,16
-10,61,16
-10,61,17
-9,61,18
-8,61,17
-9,62,15
-9,62,15
-8,62,17
-7,61,16
-7,61,17
-7,61,18
-11,61,17
-7,62,20
-7,60,19
-8,60,17
-9,61,18
-11,60,20
-11,61,20
-12,61,17
-15,61,14
-11,61,19
-14,61,15
-12,60,19
-13,60,18
-15,60,18
-14,60,19
-14,60,18
-13,60,20
-8,59,22
-9,60,23
-7,59,24
-3,61,21
-6,61,19
-7,61,19
-4,60,20
-3,60,21
-1,60,21
-4,60,20
0,60,21
0,60,22
-2,61,21
-2,61,21
-5,60,22
-8,59,23
-8,59,22
-7,58,23
-6,59,26
-5,60,25
-3,59,25
-5,59,25
-7,59,26
-8,58,25
-8,58,26
-8,58,27
-5,59,24
-9,62,36
2,64,23
3,59,16
1,61,21
-1,61,18
-4,60,18
-6,60,21
-5,59,21
-4,60,23
0,61,23
1,60,22
-3,60,20
-3,60,21
-3,60,23
-4,59,22
-5,59,22
-3,59,24
-2,59,25
-2,60,25
-2,60,22
-3,60,23
-2,61,23
-1,60,21
-1,60,22
0,60,21
-2,60,21
-1,60,22
0,60,23
0,59,25
-1,59,24
-2,59,25
-2,59,25
0,59,26
-1,59,25
-2,60,25
-1,59,23
-2,59,22
-2,60,23
-2,60,24
-2,60,23
-3,60,23
-3,59,23
-2,59,24
-1,59,24
2,59,25
2,59,25
1,60,24
-2,60,21
-1,60,24
-3,60,22
-3,59,22
-3,59,23
-1,59,24
0,59,25
0,59,25
0,59,25
-1,60,23
-2,60,22
-2,61,22
-2,61,20
-3,60,19
-1,61,20
0,61,20
1,61,20
1,61,20
1,61,19
1,61,20
1,61,19
1,61,19
1,61,19
2,60,20
1,61,19
3,59,20
3,60,20
4,60,21
4,60,22
2,59,24
1,58,25
-1,58,27
-3,58,27
-8,61,28
-9,60,26
-7,59,23
-2,62,19
0,62,18
2,62,16
2,62,16
-2,63,15
-3,63,14
-3,62,13
-2,63,13
-2,63,14
-2,63,15
-2,62,16
-2,61,16
-2,60,19
0,60,21
1,60,20
0,61,19
-1,61,22
3,61,24
0,61,23
0,59,22
-2,59,22
-1,59,24
-1,60,25
0,60,26
-2,60,24
-4,59,22
-7,57,23
-5,58,25
-3,56,31
-1,55,33
1,55,34
1,55,33
4,56,31
4,56,29
0,57,30
1,58,27
-1,58,23
-5,59,26
-6,59,28
-4,58,28
-3,57,28
-2,57,28
-1,57,28
1,59,26
2,59,26
1,58,24
1,59,24
-3,60,25
-4,60,23
-2,59,22
-1,60,22
0,57,22
0,60,24
0,59,25
1,58,25
1,59,25
1,59,25
1,59,25
1,59,24
1,60,24
-1,60,22
-2,59,23
-1,60,25
-1,60,24
-2,58,24
-1,59,25
-2,59,25
-2,60,26
-2,60,25
-1,59,23
-1,59,24
-2,60,24
-3,60,23
3,60,23
3,61,22
2,62,22
2,63,19
3,63,17
9,61,18
10,59,17
13,60,11
15,64,9
10,62,10
8,62,11
8,60,10
8,59,11
9,57,13
9,55,13
10,56,13
8,64,10
8,75,10
2,69,11
0,61,10
-2,57,13
1,60,16
7,60,16
10,59,21
9,57,26
10,56,26
11,56,29
11,56,34
11,55,34
14,56,33
12,54,34
11,55,31
11,55,30
13,55,30
13,55,30
13,55,29
13,55,29
12,55,29
11,55,29
12,55,30
12,55,31
12,54,30
11,54,30
12,54,31
13,55,31
14,55,31
12,55,29
11,55,30
13,55,29
14,55,30
13,55,30
12,55,30
12,55,30
13,55,29
13,55,29
13,55,29
13,55,29
13,55,28
13,55,29
13,55,28
13,55,28
12,56,29
13,56,29
11,56,30
13,55,30
13,55,30
13,55,29
13,55,29
14,55,28
16,55,28
16,55,27
15,55,27
15,55,28
15,55,27
16,56,26
17,56,26
14,56,25
14,56,25
14,57,24
14,57,25
13,57,25
12,57,26
12,56,26
12,56,27
13,56,28
12,56,28
13,56,28
13,56,28
12,56,28
13,55,28
13,55,27
13,56,27
13,56,28
13,56,29
14,55,28
14,56,27
14,57,26
14,57,26
14,57,25
13,57,25
12,58,24
12,57,24
12,57,25
13,57,25
14,57,26
14,57,25
14,57,25
13,58,24
13,58,23
13,58,23
13,58,23
13,57,24
14,57,25
16,58,25
17,57,23
16,57,22
16,58,18
16,59,18
15,60,14
14,60,12
12,61,8
13,61,8
11,62,5
10,62,5
10,63,4
12,63,4
12,62,4
10,62,6
10,62,6
-1,63,9
-7,63,9
4,57,6
12,56,5
37,52,9
41,51,12
49,48,23
50,47,25
41,48,28
29,50,27
24,50,28
19,50,31
21,50,34
25,48,36
22,47,35
21,47,37
22,48,36
24,46,34
22,45,35
25,45,39
27,46,41
25,45,40
20,46,40
20,46,40
23,45,38
23,46,38
23,46,37
23,46,36
24,46,34
29,45,34
27,46,33
25,47,33
25,47,34
26,47,34
26,46,34
26,47,34
24,47,34
27,46,35
27,46,35
24,46,35
19,47,35
26,47,36
24,46,36
24,46,35
29,46,36
13,47,34
17,47,35
26,47,36
26,46,35
24,46,36
24,46,36
24,46,36
22,47,35
23,47,34
24,48,34
23,48,34
22,48,33
22,48,33
24,49,32
23,48,32
22,49,34
20,49,33
21,49,33
27,49,31
29,49,30
26,48,31
25,48,31
27,49,31
28,48,32
25,48,31
29,46,31
28,48,32
30,48,30
32,48,28
34,48,27
30,48,29
28,47,31
35,47,34
24,46,31
19,48,32
20,48,32
22,47,33
22,48,35
26,49,39
19,47,35
22,48,37
25,48,36
24,46,36
20,46,37
18,47,40
17,46,38
20,44,40
18,45,41
19,45,41
19,45,41
19,46,41
19,46,40
19,46,39
20,45,39
20,45,39
21,45,40
21,44,40
19,44,41
19,44,40
21,44,40
22,44,40
23,44,42
23,44,43
28,43,45
33,44,41
33,44,37
27,47,31
23,48,28
16,52,25
22,51,25
24,51,22
27,51,22
27,52,22
28,52,23
26,51,24
26,52,26
26,52,26
28,50,25
28,51,25
29,53,25
30,52,24
26,49,23
25,50,25
23,52,25
24,52,25
24,52,26
28,53,28
26,51,27
24,51,28
19,51,30
22,51,28
22,51,29
23,52,29
22,52,29
23,51,28
20,51,26
22,52,29
22,52,30
24,52,28
24,52,28
22,52,28
22,52,28
23,52,29
22,52,29
21,52,29
23,52,28
24,52,27
24,52,29
24,52,26
22,52,25
22,52,25
22,52,26
22,52,27
22,51,30
20,52,29
23,51,29
27,52,29
24,52,28
25,52,26
25,52,25
24,52,26
23,52,27
24,52,28
24,51,29
24,52,28
26,52,27
26,51,27
24,53,27
23,52,28
23,51,28
22,51,27
25,50,26
25,50,27
23,52,26
23,52,27
22,52,27
22,52,28
26,51,29
26,51,29
27,50,28
26,50,26
26,45,25
48,55,31
13,49,18
25,51,25
28,51,27
27,52,26
27,51,25
28,51,24
29,51,24
28,52,24
27,51,24
27,52,24
27,51,24
28,51,24
28,51,24
28,50,24
29,50,25
29,50,25
29,50,26
29,50,26
29,49,26
29,50,26
29,50,25
28,51,25
28,51,24
27,52,24
26,52,23
26,52,23
26,52,23
26,53,23
27,52,23
27,52,23
27,52,23
27,52,24
27,52,24
27,52,24
27,52,24
27,52,24
27,52,24
27,52,24
27,52,26
27,52,26
27,51,26
28,51,27
27,51,26
25,51,25
23,52,24
23,54,22
24,53,18
27,56,20
27,57,19
23,57,18
22,56,19
20,55,20
21,55,21
25,55,21
27,55,21
27,54,22
26,54,22
25,53,22
26,53,22
26,53,23
25,53,23
25,54,23
26,53,23
25,53,23
24,53,24
25,53,24
26,53,22
27,53,23
26,54,23
26,54,22
25,54,21
25,54,21
25,54,21
25,54,21
26,54,20
26,54,20
26,55,20
26,55,20
25,55,20
25,54,20
24,55,20
25,54,20
25,55,19
25,55,21
24,54,21
24,54,21
24,56,23
25,56,23
24,54,22
22,54,22
18,55,22
21,54,24
22,54,24
24,53,23
24,54,26
23,53,25
23,52,25
20,53,26
18,54,27
22,53,29
23,52,29
22,51,30
22,51,31
24,49,33
24,48,33
23,49,35
23,48,35
21,48,34
20,48,36
20,47,36
22,47,38
23,46,40
20,46,41
21,45,41
18,43,36
17,43,39
20,41,48
16,41,49
9,41,45
8,41,46
10,41,49
7,42,48
6,41,47
5,41,47
6,42,47
2,42,46
1,42,46
3,42,48
1,42,48
-1,42,47
-1,41,47
3,40,50
2,40,50
-5,42,47
-2,41,49
-1,40,51
-4,40,49
-4,39,48
-2,39,50
-3,40,50
-3,40,50
-4,40,50
-4,39,50
-6,40,49
-5,40,50
-7,41,50
-7,40,49
-5,39,49
-13,44,48
-3,38,51
0,39,50
-3,40,49
-3,40,49
-2,40,49
-2,40,49
-4,39,50
-5,39,51
-4,39,50
-5,40,48
-3,40,49
-3,39,49
-5,39,49
-4,40,49
-3,40,50
-4,40,49
-5,41,49
-3,40,49
-1,40,51
-2,39,50
-2,39,49
-4,40,49
-2,40,50
-2,39,49
-4,39,49
-4,40,49
-3,41,49
-1,40,50
-1,40,49
-3,41,48
-1,41,49
-1,40,49
-2,40,49
-3,40,49
-4,40,48
-4,40,50
-3,41,50
-3,40,49
-3,40,49
-2,40,49
-2,40,49
-2,41,49
-2,40,49
-3,41,49
-2,40,48
-6,40,48
-6,40,49
-4,41,49
-2,40,49
-3,39,49
-3,40,49
-3,40,50
-2,39,49
-2,39,50
-1,40,50
0,39,50
-1,39,50
-1,40,49
-3,39,49
-4,40,50
-3,39,50
-3,40,50
-2,40,49
-1,39,50
-2,40,49
1,39,49
0,41,50
3,40,50
2,40,48
1,40,50
0,40,50
0,40,50
-1,40,50
0,40,49
1,40,49
1,40,50
2,39,49
0,40,49
0,40,50
0,40,50
1,39,50
1,39,50
0,39,50
1,40,50
2,39,49
1,40,49
1,39,49
2,40,49
2,39,49
3,39,50
-1,41,49
1,40,50
1,39,50
2,40,49
2,40,49
2,40,49
1,40,49
1,40,50
2,40,49
4,38,50
2,39,50
1,40,50
2,40,49
2,39,49
2,40,49
2,40,50
1,40,50
1,40,49
2,40,49
2,40,49
2,39,50
2,40,50
1,40,49
2,40,49
2,40,49
2,39,50
2,40,50
2,40,50
1,39,50
2,39,50
2,40,50
1,40,49
2,39,50
2,39,50
1,39,50
1,39,50
1,40,50
0,40,50
1,40,50
1,40,50
1,40,50
1,40,50
4,39,50
2,39,50
4,37,48
-1,42,49
-3,42,49
-4,40,49
-1,39,50
-1,38,51
-2,38,51
-1,39,50
0,40,49
1,41,48
1,42,49
0,39,50
-1,37,51
-2,38,51
-3,39,50
-3,41,48
4,40,49
2,40,51
-4,40,51
-4,39,49
-1,38,47
0,39,49
4,42,47
5,44,47
7,42,46
9,42,48
10,41,47
10,41,47
9,41,48
9,42,47
10,42,46
11,41,45
9,42,47
12,41,44
9,41,45
9,43,49
10,43,46
11,42,45
11,43,46
12,43,46
12,43,45
11,43,45
11,43,46
12,43,46
11,43,46
10,43,45
11,42,44
13,42,45
13,43,45
12,43,45
13,43,44
12,41,45
11,42,47
10,42,47
11,42,46
12,41,46
11,41,47
13,42,46
13,42,45
13,43,45
11,42,46
8,43,47
19,41,52
19,43,53
11,43,49
8,44,48
3,43,42
8,44,42
14,47,45
13,47,45
15,46,48
17,47,53
0,50,46
-6,47,43
-16,45,43
-8,42,51
-3,40,50
0,39,48
0,36,47
9,32,47
4,36,46
-3,34,49
-1,35,51
-2,33,52
-2,33,52
-7,34,49
-7,32,53
-6,31,53
-4,30,52
-6,34,51
-8,35,51
-6,35,52
0,33,54
-1,35,52
2,35,53
4,35,53
3,36,54
3,36,53
3,35,53
8,34,50
8,34,50
8,33,52
7,29,52
10,28,45
17,31,42
30,35,42
34,35,42
20,48,34
11,98,39
6,86,39
10,43,33
27,48,27
42,47,27
34,44,29
18,54,31
16,51,29
25,48,31
28,47,32
23,47,36
20,49,39
16,51,43
15,52,44
15,55,47
15,56,48
14,55,46
15,55,42
16,56,42
11,54,38
12,52,39
12,50,35
13,48,36
0,46,38
-2,44,40
-4,42,42
-2,43,42
-2,43,36
0,44,35
0,43,30
0,44,23
0,43,22
0,41,20
1,42,21
5,44,24
10,47,27
21,76,27
28,119,35
4,58,43
16,47,33
11,57,40
16,58,34
10,57,30
8,55,22
10,55,19
13,60,21
12,58,21
13,56,24
13,56,27
13,56,31
14,55,30
14,55,33
12,55,32
10,54,31
9,54,31
8,55,32
7,54,32
5,55,31
9,53,35
10,52,34
5,52,36
8,52,35
7,53,33
6,52,34
6,53,35
4,54,37
2,53,34
-1,52,34
-2,51,37
-6,53,39
-7,52,39
-9,53,35
-9,53,34
-8,52,35
-6,53,35
-8,53,33
-9,53,33
-7,53,35
-9,53,34
-11,53,32
-11,53,33
-8,52,34
-12,51,30
-11,53,30
7,52,40
2,50,38
3,53,35
18,54,44
7,52,38
1,52,34
0,52,29
3,54,32
11,53,33
14,53,32
13,53,31
21,54,36
21,54,36
17,53,30
16,53,29
17,55,30
18,55,30
17,54,29
16,55,28
15,54,29
17,53,29
17,54,30
17,53,30
16,54,29
17,54,30
17,53,30
16,53,31
17,53,30
18,53,29
18,53,29
17,53,29
16,53,29
17,54,30
17,54,31
17,53,32
16,53,31
16,52,31
20,52,29
20,52,29
19,53,31
21,54,35
16,53,32
10,52,30
8,54,35
3,54,31
3,55,35
-3,55,29
-3,56,29
-4,56,28
-2,55,29
-3,54,33
-1,54,34
-1,52,39
-3,51,40
-8,53,34
-11,54,33
-10,53,35
-12,51,40
-12,52,35
-14,54,26
-9,56,30
-6,52,36
-8,53,34
-14,54,29
-13,55,28
-9,55,31
-9,54,33
-10,54,33
-13,54,33
-11,54,34
-7,53,37
-8,53,35
-7,53,34
-5,54,34
-3,55,33
-4,54,32
-7,55,33
-8,54,32
-9,54,33
-9,54,33
-11,54,34
-11,53,34
-9,53,34
-9,53,33
-9,53,34
-9,54,33
-9,54,33
-11,53,33
-12,54,34
-9,54,34
-9,54,34
-10,54,34
-10,54,33
-10,54,33
-11,54,33
-10,54,32
-9,54,33
-9,54,33
-10,54,33
-10,54,33
-10,53,33
-10,54,33
-10,54,33
-9,54,33
-9,54,33
-9,54,34
-9,54,33
-10,54,33
-11,54,33
-10,54,33
-9,54,33
-9,54,33
-9,54,33
-9,54,33
-9,54,33
-8,54,33
-8,54,33
-9,55,33
-10,54,33
-9,54,33
-9,54,33
-9,54,33
-9,54,33
-9,54,33
-9,55,33
-8,54,33
-9,55,32
-9,54,33
-8,54,33
-9,54,33
-9,55,33
-9,54,33
-9,54,33
-8,54,33
-9,55,32
-9,54,33
-9,54,33
-9,54,33
-8,54,33
-9,54,33
-9,55,33
-9,55,33
-9,54,32
-9,54,33
-8,54,33
-8,55,33
-10,54,33
-10,54,33
-9,54,33
-8,55,33
-9,54,33
-9,54,33
-8,55,33
-9,55,33
-9,54,33
-10,54,33
-9,54,33
-8,54,33
-8,55,33
-9,55,33
-9,55,32
-9,55,32
-10,54,32
-9,54,33
-9,54,33
-9,54,33
-10,54,33
-11,54,33
-10,54,33
-9,54,33
-9,54,33
-9,54,33
-10,54,33
-12,54,33
-10,54,33
-9,54,33
-8,54,33
-9,54,33
-9,54,32
-9,55,32
-8,54,33
-7,54,33
-8,54,33
-9,53,34
-11,54,33
-11,54,33
-11,54,33
-10,54,33
-10,54,33
-10,54,33
-9,54,33
-9,54,33
-9,54,33
-9,54,33
-9,54,33
-10,54,33
-9,54,33
-10,54,33
-10,54,33
-10,54,33
-11,54,33
-10,54,33
-10,54,33
-9,54,33
-9,54,33
-10,54,33
-9,54,33
-10,54,32
-10,54,33
-10,54,33
-9,54,33
-10,54,33
-10,54,33
-10,54,34
-10,54,34
-9,54,33
-8,54,33
-9,54,33
-9,54,33
-8,54,33
-8,54,34
-7,54,34
-7,54,34
-7,54,34
-8,54,34
-8,53,34
-8,54,34
-7,54,33
-7,54,34
-7,54,34
-7,54,34
-8,53,34
-8,53,34
-8,54,34
-8,53,34
-8,53,34
-8,54,35
-8,53,34
-8,54,34
-8,53,34
-7,54,34
-8,53,34
-8,54,34
-7,54,34
-8,54,34
-8,54,34
-8,54,34
-8,54,34
-8,54,34
-8,54,34
-7,54,35
-8,53,34
-8,53,34
-8,53,33
-8,53,34
-8,53,34
-9,53,35
-9,53,36
-9,53,35
-9,53,34
-9,54,32
-7,54,32
-7,54,34
-8,53,36
-9,53,36
-11,53,33
-10,53,33
-9,54,34
-8,53,35
-8,53,35
-9,53,32
-8,54,32
-8,54,33
-2,56,35
-7,54,27
-9,54,30
0,54,42
-2,52,43
-9,51,39
-9,51,38
-10,51,36
-16,53,31
-18,53,29
-16,55,28
-12,54,34
-12,51,35
-8,54,35
-4,51,36
-3,51,35
9,53,38
5,52,37
1,53,34
8,54,36
7,52,33
9,54,33
7,54,35
6,53,33
2,52,34
4,53,38
4,53,39
4,53,37
4,51,35
4,53,38
5,54,38
5,53,36
4,53,34
4,53,34
6,53,35
6,53,35
1,53,34
0,53,35
4,52,36
5,52,38
2,52,37
2,52,36
2,52,37
2,52,38
3,52,36
3,51,34
10,52,39
5,50,40
7,51,43
3,51,41
2,52,41
-3,52,37
-4,53,36
1,55,36
-2,54,34
-5,56,32
-7,55,30
-3,54,30
-8,54,31
-6,54,31
-3,52,33
-6,52,34
-5,52,39
-6,51,40
-10,51,37
-14,51,34
-15,52,34
-15,52,35
-11,52,35
-9,52,36
-5,52,37
-7,52,35
-9,53,34
-8,53,34
-6,52,35
-4,52,35
1,53,36
4,53,38
1,52,37
-6,53,37
-6,52,37
-8,51,37
-6,51,37
-6,51,36
-2,51,39
-1,52,39
-1,52,37
0,51,36
-1,52,37
-3,52,36
-3,51,37
-2,52,37
-4,51,38
-5,51,37
-4,51,39
-1,51,37
0,52,38
-2,52,38
-3,52,38
-3,51,37
-2,52,37
-2,52,37
-4,52,37
-3,52,38
-3,51,38
-3,52,38
-3,52,38
-3,52,38
-4,51,38
-4,51,38
-3,52,37
-3,52,37
-2,52,36
-2,52,37
-3,52,37
-3,52,37
-3,52,37
-3,52,37
-2,52,37
-2,52,37
-3,52,37
-4,52,37
-4,52,36
-3,52,37
-3,52,37
-3,52,37
-3,52,37
-3,52,37
-3,52,37
-3,52,37
-3,52,37
-3,52,37
-3,52,36
-2,52,36
-2,52,36
-3,52,36
-3,52,36
-3,52,36
-4,52,37
-5,51,38
-5,51,39
-6,51,38
-6,51,39
-5,51,38
-5,51,37
-4,52,37
-4,52,37
-4,52,37
-3,52,37
-4,52,37
-4,52,37
-4,52,37
-4,52,37
-4,52,37
-4,52,37
-5,52,37
-5,52,37
-4,52,37
-4,52,37
-4,52,37
-4,52,37
-4,52,37
-4,52,37
-5,52,37
-4,52,37
-4,52,37
-4,52,37
-4,52,37
-5,52,37
-3,52,37
-3,52,37
-5,51,37
-4,52,37
-4,52,37
-4,52,37
-4,52,37
-4,52,37
-4,52,37
-4,52,37
-4,52,37
-4,52,37
-5,52,37
-4,52,37
-4,52,37
-4,52,37
-4,52,37
-4,52,37
-4,52,37
-4,52,37
-4,52,37
-4,52,37
-5,52,37
-4,52,37
-4,52,37
-3,52,37
-4,52,37
-5,52,37
-5,52,37
-4,52,37
-3,52,37
-4,52,37
-5,52,37
-5,52,37
-3,52,37
-3,52,37
-4,52,37
-4,52,37
-5,52,37
-4,52,37
-3,52,37
-4,52,37
-4,52,37
-5,52,37
-4,52,37
-4,52,37
-4,52,37
-5,52,37
-4,52,37
-4,52,37
-3,52,37
-4,52,37
-4,52,37
-4,51,37
-4,52,37
-4,52,37
-4,52,37
-5,52,37
-3,52,37
-3,52,36
-5,52,37
-5,52,37
-4,52,37
-3,52,37
-4,52,37
-4,52,37
-5,52,37
-3,52,37
-3,52,37
-4,52,37
-4,52,37
-4,52,37
-4,52,37
-4,52,37
-5,52,37
-4,52,37
-4,52,37
-4,52,37
-4,52,37
-4,52,37
-4,52,37
-4,52,37
-4,52,37
-4,52,37
-4,52,37
-4,52,37
-4,52,37
-4,52,37
-4,52,37
-4,52,37
-4,52,37
-4,52,37
-4,52,37
-4,52,37
-3,52,37
-4,52,37
-4,52,37
-5,52,37
-4,52,37
-4,52,37
-4,52,37
-4,52,37
-4,52,37
-5,52,37
-5,52,37
-4,52,37
-4,52,37
-4,52,37
-5,52,37
-5,52,37
-4,52,37
-4,52,37
-4,52,37
-4,52,37
-4,52,37
-5,52,37
-5,52,37
-5,52,36
-7,52,36
-7,52,33
-6,52,31
0,53,32
4,52,33
11,50,39
16,51,44
9,48,45
5,48,44
7,48,44
3,48,44
2,48,42
4,50,42
3,50,40
6,51,39
8,51,39
9,51,39
6,51,37
4,52,36
2,52,36
5,52,36
-1,53,34
-2,53,35
-2,53,34
-1,52,36
-2,53,36
-4,53,36
-2,52,35
1,53,37
-4,52,35
-5,53,35
-1,52,38
-3,52,35
-5,52,35
-1,52,37
-3,52,36
-6,52,35
-2,53,36
-1,52,37
-3,53,36
-6,53,34
-5,53,35
-3,53,36
-3,52,36
-4,52,36
-3,52,36
-2,52,36
-6,53,35
-6,53,35
-4,53,37
-1,52,37
-2,54,35
-2,53,35
-1,53,35
0,53,36
-1,53,35
-3,53,35
-2,52,36
-2,53,35
-2,53,35
-4,53,36
-5,53,36
-4,53,36
-4,53,35
-4,53,35
-3,53,35
-3,53,36
-4,53,36
-4,53,35
-4,53,35
-3,54,35
-4,53,35
-4,53,35
-3,53,35
-4,53,36
-5,52,36
-5,52,36
-4,53,36
-3,53,36
-3,53,35
-3,53,35
-4,53,35
-4,53,35
-1,53,37
-4,52,33
-9,52,33
0,52,34
3,52,36
3,52,38
-3,53,35
-5,56,33
-4,55,32
-6,53,34
-5,52,35
-8,50,37
-9,51,40
-6,51,40
3,52,38
5,54,37
7,55,34
7,55,34
3,53,34
-1,52,34
-5,52,35
-6,52,37
-5,51,40
-3,49,40
-4,49,41
0,48,42
0,48,42
-3,49,40
-5,50,38
-2,50,40
-3,50,40
-4,49,40
-3,50,40
-3,50,39
-3,50,39
-4,50,38
-3,49,38
-1,48,39
6,49,43
4,48,43
4,47,45
3,46,44
0,46,46
-1,46,45
-2,45,44
-3,45,45
-3,44,46
-2,44,47
-1,43,46
-1,44,46
-2,43,47
-2,42,48
-2,43,47
-2,43,46
-2,44,47
-3,43,47
-5,43,47
-3,43,47
-4,43,47
-3,43,47
-5,43,47
-3,43,47
-3,43,47
-3,43,46
-4,43,46
-4,43,46
-2,43,47
-2,43,47
-5,43,47
-4,43,47
-3,43,47
-3,43,46
-3,43,46
-3,43,46
-3,43,47
-3,43,47
-3,43,46
-4,43,46
-5,43,47
-4,43,47
-4,43,46
-5,43,46
-4,43,46
-4,43,46
-4,43,47
-4,43,47
-5,43,47
-5,43,47
-5,42,47
-4,42,47
-4,43,47
-4,42,47
-3,42,48
-4,42,49
0,42,51
2,42,50
-15,45,38
-6,46,44
-14,45,45
-13,45,45
-15,44,43
-14,46,40
-14,46,38
-7,47,36
-2,48,38
8,47,42
17,43,42
33,45,45
35,43,45
33,45,40
30,46,37
26,44,35
30,43,34
31,41,34
31,41,32
33,42,33
29,41,31
24,35,27
28,42,35
34,45,31
37,46,22
29,45,23
19,45,23
32,53,30
29,57,35
23,62,27
16,62,24
-1,59,33
-2,57,36
3,52,34
5,50,32
2,53,28
4,57,35
4,66,46
-2,51,46
2,43,39
9,56,45
9,57,46
6,51,40
8,50,37
13,52,35
9,55,33
3,55,32
5,54,34
11,59,32
13,60,31
12,61,28
13,59,25
12,56,18
14,52,16
14,52,14
15,50,13
15,50,12
14,56,13
10,74,21
-1,56,30
4,56,27
16,53,28
21,54,32
19,56,35
16,54,34
12,53,31
16,55,32
18,55,33
18,53,30
18,52,30
15,52,31
16,52,31
21,51,30
21,50,32
22,50,32
21,49,32
20,49,32
19,51,36
20,51,35
17,50,36
17,50,37
14,48,36
15,49,38
15,49,39
16,49,39
16,49,37
17,49,37
18,51,36
18,50,36
19,50,34
17,51,32
17,51,33
18,52,32
19,52,31
18,52,30
18,52,30
18,52,31
17,52,31
18,51,32
19,51,32
19,51,33
18,51,33
17,50,33
17,50,33
18,50,34
17,52,34
16,52,33
17,53,28
18,52,27
16,51,29
14,51,31
10,48,37
12,47,41
26,46,49
31,40,53
30,40,51
33,41,42
42,46,35
44,44,43
26,51,39
-5,53,20
-9,51,23
-32,52,33
-37,51,25
-42,46,16
-52,49,39
-25,57,35
-11,50,31
-4,52,35
7,55,37
6,53,37
4,54,36
2,54,36
-1,56,35
-2,56,33
-6,56,30
-7,56,29
-9,56,27
-10,56,26
-5,57,29
-4,56,32
-2,55,34
0,53,36
0,52,36
3,52,37
3,52,36
0,53,36
0,54,36
-1,55,35
-1,54,35
-1,55,34
-2,54,33
-2,55,31
-2,55,32
-1,56,32
-1,56,31
-1,55,31
-2,55,32
-1,55,32
-1,53,34
0,53,34
-1,54,34
-1,54,35
-1,54,36
-4,53,36
-4,54,37
-1,52,42
4,52,41
1,54,38
0,53,37
-6,52,33
-7,53,32
2,54,34
2,56,32
-7,59,24
-11,57,25
1,56,26
2,59,22
-5,59,22
-17,58,27
-12,58,29
-1,58,32
0,56,31
0,57,28
-2,58,27
-4,58,27
-5,57,28
-4,58,27
-5,58,26
-5,57,27
-4,56,28
-4,57,28
-3,57,30
-3,57,30
-1,57,30
-1,57,30
-2,56,30
-3,56,30
-3,56,29
-2,56,29
-2,57,30
-3,57,29
-3,57,30
-2,57,30
-2,57,30
-1,57,29
-2,56,29
-1,57,29
-1,57,29
-2,57,29
-1,57,28
0,58,28
0,58,28
-1,58,28
-2,58,27
0,57,27
-1,57,27
-1,58,26
-1,58,26
0,58,27
1,58,28
0,57,28
-1,57,28
-2,57,28
-1,57,29
-1,57,29
0,57,30
-1,56,30
-2,56,29
-2,57,28
-1,58,29
-1,58,29
-2,58,29
-2,57,28
0,56,28
6,57,27
3,58,29
-1,59,20
-7,60,22
0,59,30
2,59,25
1,62,20
5,62,15
7,61,15
4,61,17
4,61,17
6,60,20
8,60,21
10,59,21
10,59,23
10,59,25
10,59,25
11,59,23
11,59,24
10,59,23
9,58,21
8,58,21
9,59,23
10,59,22
11,59,22
10,59,22
9,59,21
9,59,21
9,59,22
9,60,23
9,59,22
8,59,22
8,59,22
8,59,22
8,59,23
8,59,23
7,59,23
8,58,24
9,58,24
10,59,24
9,58,24
10,58,23
12,58,24
12,57,25
13,57,26
12,57,26
11,57,26
11,57,26
10,57,26
10,58,26
6,60,25
6,65,21
1,69,12
0,65,6
-8,58,3
-18,41,22
6,30,26
64,27,60
52,26,67
0,36,65
-7,38,64
-2,37,58
0,37,56
4,41,52
5,41,49
6,38,48
9,38,49
10,38,49
10,38,51
9,38,51
7,37,51
7,36,51
7,36,53
6,36,53
7,35,53
9,35,54
11,35,52
12,35,49
11,37,47
12,40,48
12,41,49
8,37,50
6,37,48
10,36,50
15,36,49
12,34,51
11,34,56
10,35,56
11,35,54
12,35,52
11,35,51
11,35,50
12,35,51
11,35,50
12,36,50
12,36,51
12,36,51
12,35,51
11,34,53
12,34,52
12,34,52
11,35,52
12,35,52
12,35,52
11,35,52
12,35,52
12,34,53
14,34,53
15,34,54
17,33,55
19,33,56
21,33,54
23,33,55
30,36,51
32,38,48
29,40,40
21,43,34
-1,46,36
-15,48,50
-19,48,42
-2,42,21
-8,36,23
-22,44,56
-25,46,56
-12,44,48
-6,43,45
-2,45,46
-2,45,46
2,45,46
4,45,46
2,46,46
-4,46,44
-3,46,44
-3,45,45
-3,46,45
-2,45,45
-3,45,45
-3,45,45
-1,45,45
0,46,45
-1,46,44
-4,45,44
-4,45,45
-4,45,45
-4,45,45
-5,45,45
-4,46,44
-3,46,44
-4,46,44
-4,46,43
-4,46,43
-5,46,43
-2,47,44
-3,47,43
-4,46,43
-5,46,43
-5,46,44
-5,46,45
-5,46,45
-5,46,44
-4,46,44
-4,46,43
-4,46,44
-2,46,44
-2,46,44
-4,46,44
-4,45,44
-5,46,45
-5,46,45
-5,45,45
-5,45,44
-5,46,44
-5,46,44
-4,46,44
-4,46,44
-4,46,44
-4,46,45
-4,46,45
-5,46,44
-5,46,44
-5,46,44
-4,46,43
-3,47,43
-3,47,43
-3,46,43
-4,46,44
-5,45,45
-6,45,46
-6,45,46
-5,45,46
-6,45,46
-6,45,47
-5,44,47
-2,43,45
-1,45,45
-4,47,45
2,46,40
-2,46,37
4,46,40
19,49,43
23,58,45
15,61,33
19,55,18
13,58,13
14,58,13
8,60,14
10,60,15
1,59,18
-5,59,16
-18,60,20
-23,61,20
-23,60,19
-20,59,14
-19,60,18
-16,61,20
-13,59,19
-8,59,20
-6,59,22
-6,60,25
-6,60,25
-6,58,23
-6,58,24
-3,60,26
-3,60,26
3,57,24
2,58,23
0,59,23
2,59,25
5,58,26
2,59,22
1,58,22
1,58,23
-1,57,22
7,57,25
8,57,31
-2,56,31
-1,55,35
-9,50,37
-17,49,37
-32,46,32
-33,44,29
-43,42,29
-44,44,32
-42,44,29
-45,43,28
-43,42,30
-40,42,28
-42,41,26
-41,42,28
-38,43,31
-39,43,29
-41,43,27
-39,43,28
-39,42,27
-39,42,27
-40,43,27
-39,44,28
-37,44,30
-38,44,28
-38,43,28
-37,42,29
-37,43,29
-38,44,29
-38,44,30
-38,43,30
-37,43,30
-38,42,30
-37,42,30
-36,43,31
-38,43,31
-38,44,30
-39,44,32
-33,43,33
-34,43,31
-35,42,29
-39,43,27
-39,43,31
-37,42,32
-41,42,29
-43,40,25
-42,41,25
-42,39,26
-42,41,24
-44,41,23
-45,41,21
-51,41,12
-49,42,12
-42,41,18
-43,42,18
-48,43,14
-47,41,15
-49,43,13
-48,43,15
-47,42,13
-44,42,9
-46,43,8
-48,45,8
-47,45,9
-48,44,7
-48,44,6
-47,45,3
-45,44,6
-46,43,5
-49,44,3
-49,45,3
-49,45,4
-49,44,3
-48,44,1
-47,44,1
-47,44,2
-48,45,2
-47,45,3
-47,45,2
-48,45,1
-46,44,2
-47,44,2
-45,45,4
-46,46,3
-46,47,4
-46,46,4
-45,46,2
-45,45,2
-45,44,3
-44,45,4
-45,46,4
-47,47,4
-47,47,3
-46,46,2
-45,45,2
-46,44,3
-47,45,3
-47,46,4
-48,46,4
-48,45,3
-49,45,3
-50,46,0
-52,45,-1
-48,46,1
-45,48,6
-41,47,12
-46,45,14
-47,44,16
-43,41,22
-40,39,26
-33,39,34
-28,39,38
-22,39,41
-17,40,38
11,44,43
22,45,50
17,44,53
5,46,49
-7,42,48
-9,44,47
-9,47,49
6,48,46
12,47,48
-8,47,31
-15,49,27
12,49,42
19,51,43
22,51,40
23,51,39
14,50,36
11,50,35
8,49,35
12,50,37
13,50,37
12,50,39
11,49,38
10,49,37
11,49,37
13,50,38
14,49,38
11,49,36
10,50,36
8,50,40
8,47,41
14,52,48
13,50,45
15,49,39
4,48,26
-4,47,39
0,48,49
0,47,44
-4,44,41
7,45,44
2,47,40
9,50,37
21,53,36
1,60,34
0,57,31
1,54,23
-2,56,26
2,60,24
-1,59,19
11,57,25
15,56,27
19,55,24
30,56,29
25,56,29
23,56,27
13,56,26
10,55,25
11,55,25
15,55,26
16,55,27
19,55,28
20,55,28
20,55,27
19,55,27
17,55,26
17,55,26
16,55,27
17,55,27
18,54,27
19,54,27
19,54,27
21,54,27
22,54,26
25,54,25
25,53,25
14,54,31
10,55,33
10,53,31
9,52,30
12,53,32
13,53,34
14,52,34
16,52,33
17,52,34
16,52,34
16,52,33
14,52,33
14,52,33
14,53,32
14,52,33
14,52,33
14,52,33
16,52,34
16,52,33
16,53,33
16,52,33
17,52,32
18,52,31
17,52,30
18,53,29
18,52,29
17,53,30
18,53,30
19,52,31
19,52,31
19,51,33
18,49,34
17,49,34
16,50,35
15,50,35
12,52,37
12,53,37
15,51,34
16,53,33
17,53,30
18,53,30
22,53,28
25,53,28
19,52,30
6,53,31
2,51,32
1,52,33
4,53,34
10,53,35
10,52,36
12,49,36
12,48,37
15,48,36
15,48,35
16,48,40
12,48,42
11,48,44
14,47,46
11,48,46
10,49,43
10,48,41
4,48,39
7,49,40
12,49,40
12,48,39
11,47,36
12,47,37
13,49,42
11,47,38
12,46,42
14,48,41
9,48,32
12,44,31
18,44,33
15,40,35
13,35,37
8,30,43
4,26,45
7,18,50
7,13,55
5,8,56
4,2,62
0,-1,64
-12,-15,70
-14,-20,67
-9,-29,63
-7,-33,67
-12,-40,80
-15,-39,74
-12,-36,64
-7,-36,63
-6,-32,65
-6,-30,64
-6,-26,63
-2,-20,61
-1,-18,60
1,-16,59
2,-14,60
3,-13,59
2,-12,57
1,-12,56
1,-12,58
2,-12,61
0,-13,61
-2,-15,59
-4,-17,64
-6,-18,64
-6,-20,62
-7,-21,61
-10,-21,61
-10,-20,61
-10,-19,61
-10,-18,61
-9,-17,63
-9,-16,61
-12,-16,59
-12,-15,58
-9,-15,59
-9,-15,58
-10,-15,59
-11,-15,60
-10,-15,61
-9,-16,59
-9,-15,57
-8,-16,58
-6,-15,59
-3,-15,60
-4,-16,61
-8,-18,62
-10,-20,62
-12,-22,60
-14,-23,57
-14,-25,58
-13,-27,60
-12,-27,59
-11,-26,58
-11,-27,59
-11,-26,59
-9,-26,58
-7,-24,57
-7,-24,57
-7,-23,57
-7,-23,57
-7,-23,57
-9,-23,57
-9,-23,57
-9,-23,55
-11,-23,55
-13,-24,54
-14,-25,54
-9,-28,58
-6,-29,58
-3,-30,57
0,-30,57
2,-30,57
3,-29,58
2,-29,57
3,-29,58
4,-29,58
5,-29,57
6,-29,58
5,-30,57
5,-29,57
4,-30,57
4,-30,57
2,-29,56
2,-29,56
2,-28,56
3,-28,56
3,-29,57
3,-29,57
4,-29,57
4,-29,57
4,-29,56
3,-29,57
3,-29,57
3,-28,57
2,-29,56
3,-29,56
4,-29,56
3,-29,56
4,-29,56
4,-29,56
3,-29,57
3,-29,56
3,-29,56
4,-29,56
4,-29,57
3,-29,56
4,-29,56
4,-29,56
3,-29,56
4,-29,56
3,-29,56
3,-29,56
4,-29,57
4,-29,56
4,-29,57
4,-29,57
3,-29,56
4,-29,56
3,-29,56
4,-29,56
3,-29,56
4,-29,56
4,-29,56
4,-29,56
4,-29,57
4,-29,56
4,-29,56
4,-29,56
3,-29,56
3,-29,56
3,-28,56
4,-28,56
4,-29,56
5,-29,57
6,-29,57
6,-29,56
5,-29,56
4,-28,57
3,-28,57
2,-28,57
2,-29,56
3,-29,56
4,-29,55
5,-29,56
6,-29,56
6,-29,58
5,-29,57
2,-29,56
2,-28,55
3,-28,55
5,-29,56
6,-29,56
7,-29,58
7,-29,58
3,-29,56
2,-29,56
1,-28,55
1,-28,55
4,-29,57
7,-29,59
6,-29,59
3,-29,56
2,-29,56
2,-28,55
3,-28,55
5,-29,56
6,-29,58
6,-29,58
6,-29,57
3,-29,56
2,-28,56
3,-28,55
5,-29,56
6,-29,57
6,-30,58
4,-29,58
2,-29,56
2,-29,55
2,-28,55
4,-28,55
6,-29,57
6,-29,59
5,-29,58
3,-29,56
2,-28,55
2,-28,55
3,-28,55
6,-29,57
6,-29,58
5,-30,58
3,-30,57
2,-29,55
2,-28,55
3,-28,55
4,-29,56
6,-29,58
5,-29,58
2,-29,57
2,-28,55
2,-28,55
3,-29,56
4,-28,56
5,-29,57
5,-29,58
2,-29,57
1,-29,56
2,-28,55
2,-28,55
4,-28,56
6,-29,58
6,-29,59
2,-29,56
1,-29,56
1,-28,55
2,-28,55
4,-29,56
6,-28,57
6,-29,58
4,-29,58
1,-29,56
1,-29,56
1,-28,55
4,-29,56
5,-29,57
5,-29,58
5,-29,58
2,-29,56
1,-29,55
1,-28,55
2,-28,55
5,-29,57
6,-29,58
5,-29,58
3,-29,56
2,-29,56
1,-28,55
2,-28,55
5,-28,57
6,-28,58
6,-29,59
4,-29,58
2,-29,56
1,-29,56
3,-29,56
4,-29,57
6,-29,58
6,-28,58
4,-28,58
0,-28,57
-2,-28,56
-2,-26,57
-1,-27,56
-1,-26,56
0,-26,57
2,-26,59
2,-27,60
0,-28,57
0,-27,55
-1,-27,55
1,-26,57
1,-26,58
1,-27,59
0,-27,58
1,-26,57
1,-26,58
-1,-26,59
-1,-25,60
0,-25,60
1,-24,60
2,-24,59
1,-23,59
1,-23,58
0,-24,57
-2,-24,58
-3,-26,59
-2,-26,60
-2,-27,61
-3,-26,60
-4,-25,57
-5,-24,57
-7,-24,57
-7,-22,56
-7,-23,57
-9,-24,59
-11,-24,59
-12,-25,58
-12,-26,58
-12,-27,57
-12,-27,56
-17,-27,54
-18,-27,54
-21,-30,56
-23,-34,62
-19,-36,72
-19,-32,72
-26,-23,63
-24,-14,58
-21,-11,56
-17,-8,50
-15,-8,53
-14,-4,55
-12,-2,55
-23,2,54
-24,4,55
-25,8,58
-31,11,56
-32,3,51
-24,12,55
-28,15,52
-50,14,39
-50,15,41
-36,17,53
-37,20,52
-39,13,42
-41,15,48
-31,13,57
-27,15,59
-26,17,55
-29,16,52
-34,14,53
-33,14,53
-28,14,54
-31,13,51
-32,13,51
-27,13,51
-26,12,51
-27,13,51
-26,11,51
-28,7,57
-27,7,59
-35,5,58
-37,2,55
-32,-4,60
-30,-5,65
-36,-5,62
-29,-7,61
-26,-7,59
-25,-4,57
-27,-3,56
-33,-2,52
-35,-3,50
-36,-4,54
-34,-4,54
-34,-6,55
-34,-8,53
-38,-9,52
-39,-8,51
-38,-8,49
-40,-8,48
-44,-7,47
-47,-7,46
-48,-8,46
-49,-7,43
-48,-7,42
-52,-7,42
-51,-6,41
-50,-4,40
-51,-3,40
-48,-4,40
-48,-3,40
-50,-4,41
-49,-3,43
-50,-1,43
-50,-1,42
-50,-1,41
-48,-2,42
-46,-2,45
-47,-2,45
-47,-1,44
-47,0,45
-49,0,43
-48,-2,44
-41,-1,47
-41,0,48
-47,2,44
-46,2,43
-43,1,44
-43,1,45
-45,-1,47
-47,0,48
-47,0,46
-48,-1,45
-47,-1,48
-44,2,47
-43,1,47
-41,4,47
-42,4,46
-41,4,46
-41,4,46
-41,5,47
-42,5,48
-42,4,48
-41,4,49
-40,3,49
-40,2,49
-41,2,50
-40,1,51
-41,1,50
-42,0,49
-42,0,49
-43,-1,50
-42,0,51
-42,0,50
-42,1,49
-40,-3,51
-42,3,51
-42,2,49
-40,1,47
-40,2,48
-39,2,50
-39,2,51
-38,2,51
-39,1,51
-40,1,51
-41,1,51
-40,1,51
-40,1,50
-40,1,50
-39,1,50
-39,2,51
-39,2,51
-40,2,51
-40,2,51
-40,3,51
-38,2,52
-38,3,52
-35,3,53
-35,3,53
-35,4,52
-35,4,53
-35,4,53
-35,4,54
-30,5,56
-38,4,49
-46,3,46
-50,4,44
-51,4,42
-57,5,36
-57,6,34
-55,8,34
-54,9,34
-49,11,35
-52,12,35
-49,12,37
-50,11,36
-53,9,37
-48,11,43
-45,11,45
-43,12,47
-42,12,48
-37,11,48
-38,10,48
-38,10,49
-39,10,49
-40,10,49
-41,9,49
-42,9,49
-43,9,48
-43,8,48
-41,9,48
-40,9,49
-41,9,50
-40,9,51
-37,8,52
-37,8,52
-38,8,51
-39,8,50
-42,9,46
-44,11,46
-44,15,46
-40,11,49
-38,9,51
-36,7,51
-36,7,50
-40,9,51
-41,10,51
-39,9,51
-38,8,51
-35,7,54
-34,7,55
-34,7,55
-34,7,54
-35,8,52
-36,9,51
-36,9,51
-36,8,51
-36,8,52
-37,7,53
-38,7,54
-37,6,53
-37,6,52
-38,7,52
-38,7,53
-35,7,53
-34,7,53
-32,7,54
-32,7,55
-33,7,55
-33,7,55
-33,8,55
-33,8,54
-33,8,54
-32,8,54
-32,8,54
-33,8,55
-33,8,55
-33,8,54
-34,7,54
-34,8,54
-34,7,54
-34,7,54
-34,7,54
-34,7,54
-35,7,54
-35,7,54
-34,7,54
-33,7,54
-33,7,54
-33,7,53
-34,7,54
-35,7,54
-34,7,54
-34,7,53
-34,7,53
-34,8,54
-34,8,54
-34,8,54
-34,8,54
-34,8,53
-34,8,53
-34,7,54
-34,8,54
-34,7,53
-34,6,54
-34,7,54
-34,6,54
-34,6,54
-35,7,54
-35,7,53
-37,7,53
-37,8,53
-35,7,53
-35,8,53
-34,7,53
-34,7,53
-35,7,53
-35,7,54
-35,7,53
-35,7,53
-35,6,54
-36,6,54
-34,6,54
-32,6,55
-31,7,55
-30,7,56
-30,6,56
-29,7,57
-28,7,56
-28,7,56
-27,7,57
-27,7,57
-26,7,57
-26,6,58
-29,6,58
-29,5,58
-27,6,57
-26,6,57
-24,6,58
-25,5,58
-25,5,59
-24,5,59
-24,5,58
-23,6,59
-23,6,59
-24,5,58
-24,5,58
-24,4,59
-24,5,59
-25,4,58
-25,4,58
-25,5,59
-24,5,59
-23,5,59
-23,5,59
-22,5,60
-22,4,59
-22,4,60
-23,5,59
-22,5,59
-22,5,60
-23,5,60
-22,5,60
-21,5,60
-20,5,60
-20,5,60
-20,6,60
-19,6,60
-20,6,60
-21,6,60
-21,8,59
-20,6,60
-21,5,61
-20,4,61
-18,1,61
-16,1,62
-16,1,62
-17,3,61
-19,4,61
-19,4,61
-19,4,61
-18,4,61
-17,4,63
-15,3,62
-13,3,62
-13,4,62
-11,4,62
-10,3,62
-9,3,62
-9,3,62
-11,2,62
-13,3,62
-13,2,62
-12,2,61
-13,2,62
-14,2,63
-13,2,62
-14,3,62
-14,3,62
-14,3,62
-15,3,62
-15,3,62
-15,3,62
-15,2,62
-12,3,62
-11,3,62
-12,3,62
-12,3,62
-11,3,62
-11,4,62
-12,4,62
-12,3,62
-12,3,62
-12,2,62
-13,1,61
-12,2,62
-10,0,63
-11,0,63
-12,0,62
-15,0,63
-14,0,63
-14,1,62
-14,1,62
-14,1,62
-14,1,63
-13,2,62
-13,2,62
-12,2,62
-13,4,63
-13,3,62
-13,4,61
-12,5,62
-13,4,61
-14,4,61
-15,4,62
-15,5,62
-16,5,61
-17,5,61
-18,5,61
-21,6,60
-23,6,60
-23,6,60
-23,6,60
-20,6,59
-20,6,59
-20,7,60
-21,7,60
-22,6,60
-21,6,60
-20,5,60
-20,5,59
-21,5,61
-21,5,60
-20,4,59
-21,4,60
-22,4,60
-21,4,61
-20,4,60
-21,4,60
-21,3,60
-21,4,61
-20,3,60
-20,3,61
-20,3,60
-21,3,61
-21,3,60
-20,3,60
-20,2,61
-20,2,61
-20,2,61
-20,2,61
-19,2,60
-19,2,61
-19,1,60
-19,2,61
-20,2,61
-20,2,61
-19,1,61
-19,1,61
-19,1,61
-18,2,60
-20,2,61
-20,2,61
-19,2,60
-20,1,61
-20,1,61
-19,1,61
-19,2,61
-19,2,61
-20,2,61
-19,2,60
-20,1,61
-20,2,61
-19,2,60
-18,2,60
-19,2,61
-20,2,61
-20,3,61
-20,2,60
-21,3,61
-19,3,61
-19,3,61
-20,3,61
-20,3,61
-20,3,61
-19,3,61
-21,3,60
-21,3,61
-20,3,60
-20,2,60
-20,3,61
-20,2,61
-20,3,61
-20,3,60
-19,3,60
-20,3,61
-20,3,61
-20,3,60
-20,3,61
-20,2,61
-20,3,61
-20,3,61
-20,3,60
-20,3,60
-20,3,60
-19,3,60
-20,3,61
-20,3,61
-21,3,61
-20,3,61
-19,3,61
-19,3,61
-20,3,61
-20,3,60
-20,3,61
-20,3,61
-20,3,61
-20,3,61
-20,3,60
-20,3,61
-19,3,61
-20,3,60
-20,3,60
-20,3,60
-20,3,60
-20,3,61
-20,3,60
-20,3,61
-20,3,61
-20,3,60
-20,3,61
-20,3,61
-20,3,61
-20,3,61
-20,3,60
-20,3,60
-20,3,61
-20,3,61
-20,3,61
-20,3,60
-20,3,60
-20,3,61
-20,3,61
-20,3,61
-21,3,61
-19,2,59
-18,3,60
-18,3,61
-20,4,60
-20,4,60
-20,3,61
-22,0,62
-21,0,61
-19,2,60
-19,3,59
-21,4,59
-21,2,60
-20,2,62
-18,2,62
-17,2,62
-17,3,61
-18,3,60
-19,3,61
-20,2,60
-18,2,61
-18,2,61
-20,2,60
-20,3,60
-20,3,60
-19,1,60
-19,1,60
-19,1,60
-18,1,60
-19,2,59
-21,2,58
-28,1,56
-31,0,57
-31,1,57
-31,1,56
-30,1,55
-31,0,55
-35,2,56
-37,3,54
-37,3,53
-37,3,52
-38,2,52
-39,2,52
-39,2,51
-40,1,50
-41,1,50
-41,1,49
-42,1,49
-42,1,48
-42,1,47
-42,1,48
-44,1,48
-44,1,48
-44,2,48
-43,3,47
-43,3,48
-43,3,48
-43,3,48
-42,3,48
-43,4,47
-44,4,47
-45,4,46
-44,3,46
-43,2,46
-45,2,48
-43,3,48
-44,2,47
-44,3,47
-44,3,47
-44,3,47
-44,4,46
-44,4,46
-43,4,46
-44,3,46
-45,3,47
-45,3,47
-44,3,47
-44,3,46
-44,3,46
-45,3,47
-44,3,47
-44,2,46
-44,2,46
-45,3,46
-45,2,46
-46,2,45
-45,2,45
-47,2,45
-47,2,44
-47,2,43
-48,2,43
-49,2,42
-50,2,41
-50,2,41
-50,1,41
-50,1,41
-50,0,41
-50,0,41
-50,1,41
-50,0,41
-50,0,40
-50,0,41
-50,0,41
-50,-1,41
-50,0,41
-50,0,40
-50,0,40
-50,0,40
-50,0,40
-49,-1,41
-49,-1,41
-49,-1,43
-48,-1,43
-48,-1,42
-49,-3,43
-50,-3,43
-48,-3,43
-47,-2,44
-48,-1,45
-45,-1,45
-45,-1,44
-46,-1,44
-46,0,45
-45,0,46
-46,0,46
-46,0,45
-46,0,45
-45,1,46
-45,0,46
-44,0,46
-44,1,46
-45,1,46
-45,0,46
-46,0,46
-46,0,46
-45,0,46
-45,0,46
-45,0,46
-45,0,46
-45,0,46
-45,0,46
-45,0,46
-45,0,46
-45,0,46
-45,1,46
-45,1,46
-45,0,46
-46,0,46
-46,0,45
-45,-1,46
-44,-1,45
-45,-1,45
-45,0,43
-43,-1,45
-47,0,44
-49,1,42
-49,0,43
-49,-2,44
-48,-2,44
-49,-2,42
-49,-2,41
-50,-2,40
-51,-2,41
-51,-2,40
-52,-3,39
-52,-3,40
-53,-3,40
-54,-3,40
-53,-3,39
-53,-3,38
-52,-2,39
-52,-2,39
-51,-2,39
-50,-1,40
-49,-1,41
-49,-1,42
-49,0,41
-48,-1,41
-49,0,41
-49,-1,41
-49,-1,41
-49,-3,41
-50,-3,41
-52,-4,40
-52,-4,38
-51,-4,35
-51,-3,35
-54,-4,38
-55,-5,42
-55,-5,42
-50,-4,41
-49,-4,41
-48,-4,38
-48,-3,37
-51,-2,37
-52,-3,38
-52,-4,41
-52,-4,42
-50,-4,42
-48,-4,41
-48,-3,40
-50,-3,40
-51,-3,40
-50,-3,40
-50,-4,40
-50,-4,41
-50,-5,41
-50,-4,41
-50,-4,41
-50,-4,40
-50,-4,40
-50,-4,40
-50,-4,41
-50,-4,41
-50,-4,41
-50,-4,41
-50,-3,40
-50,-3,40
-50,-3,40
-50,-3,41
-50,-4,41
-49,-3,41
-50,-3,41
-50,-3,41
-50,-3,41
-50,-3,40
-50,-3,40
-50,-4,41
-50,-4,41
-50,-4,41
-50,-4,41
-51,-4,41
-51,-4,41
-50,-4,41
-50,-4,41
-49,-4,41
-49,-4,41
-49,-3,41
-50,-3,41
-50,-4,41
-49,-4,42
-49,-4,42
-49,-4,41
-49,-4,41
-50,-4,41
-50,-4,41
-49,-4,41
-49,-4,41
-49,-4,41
-49,-4,41
-49,-4,41
-49,-4,41
-50,-4,41
-49,-4,41
-49,-4,41
-49,-4,41
-49,-4,42
-49,-3,41
-49,-3,42
-49,-3,42
-49,-3,42
-49,-3,41
-49,-4,41
-49,-4,41
-49,-4,41
-49,-4,41
-50,-4,41
-49,-4,41
-49,-4,41
-49,-4,41
-49,-4,41
-50,-4,41
-50,-4,41
-50,-4,41
-52,-4,41
-53,-5,44
-53,-5,45
-57,-6,48
-56,-6,51
-46,-5,53
-42,-2,52
-43,1,50
-43,3,49
-40,6,48
-41,6,47
-41,8,48
-41,9,48
-40,12,48
-42,15,46
-41,17,44
-33,20,44
-27,20,44
-33,21,37
-41,20,33
-50,20,29
-53,21,26
-57,21,22
-60,22,22
-69,26,25
-52,27,27
-39,23,32
-43,25,47
-44,25,49
-33,23,55
-27,20,53
-30,14,58
-31,13,62
-23,15,63
-24,15,60
-27,12,64
-35,6,68
-41,2,69
-38,7,63
-33,11,57
-30,26,36
-31,27,27
-29,28,26
-24,30,31
-23,36,27
-31,36,26
-44,24,43
-35,17,58
-10,10,75
-4,9,77
-2,10,79
2,13,82
6,8,80
5,0,70
0,-1,65
-16,4,45
-58,9,32
-32,-3,72
30,-6,127
45,12,71
45,11,62
38,-6,72
-21,8,18
-35,19,13
-77,26,14
-76,25,21
-12,31,92
41,23,107
63,17,99
41,13,80
36,8,60
6,5,42
-5,-1,35
-29,0,25
-49,15,34
-66,35,54
-51,35,55
13,26,86
25,24,87
74,2,103
66,7,92
35,12,47
20,17,42
-29,-9,21
-32,-11,10
-63,16,25
-70,17,35
-57,31,50
3,32,86
24,25,98
70,9,108
76,4,109
52,17,52
46,18,58
9,-13,47
-27,-3,12
-76,4,2
-77,31,47
-76,32,49
-37,32,59
17,38,90
63,1,120
94,9,104
56,-12,80
56,12,40
2,-10,35
-25,1,27
-42,-8,4
-74,38,12
-57,9,47
-38,22,55
-24,40,52
30,23,99
72,8,109
64,6,89
47,9,72
4,8,34
5,-12,44
-57,2,10
-29,-2,22
-23,6,57
-54,7,39
1,27,78
-33,34,57
14,27,90
35,15,91
65,27,88
6,9,73
-2,11,54
43,16,53
63,-23,52
54,-21,83
60,-9,73
31,-21,29
-3,-11,18
-33,-7,29
-97,3,-1
-107,37,34
-29,12,68
-12,22,61
9,8,118
24,10,110
86,-3,94
97,-15,98
50,-15,52
-30,0,18
-10,-18,57
20,-36,69
-49,-14,11
-121,22,-4
-95,20,46
-32,19,53
-29,20,48
12,2,114
77,6,127
113,-12,79
74,-27,84
11,0,39
-25,14,33
26,-19,61
2,-17,33
-102,4,-26
-55,-7,73
-16,16,83
-51,15,37
12,12,77
120,0,127
127,-8,98
51,-12,71
37,-4,62
27,15,57
2,0,66
-47,-9,15
-87,4,-10
-45,0,57
-20,25,58
-19,20,30
63,12,82
57,22,90
111,25,103
74,20,81
15,18,36
32,15,50
-5,19,50
-5,21,52
-26,15,49
-24,22,53
-34,27,54
1,27,60
8,28,56
17,24,52
-17,30,53
-33,21,61
-2,26,56
-12,24,50
-20,24,55
-57,31,38
9,21,56
21,9,93
4,19,85
-5,23,44
-13,22,50
-27,17,47
-28,18,40
-28,28,47
-45,14,41
-39,25,56
-56,35,41
-51,28,43
-39,28,34
-51,30,55
-71,7,83
-14,26,-23
-56,41,1
-50,45,23
-61,22,37
-50,21,36
-48,26,21
-58,29,3
-66,34,0
-68,26,7
-51,26,13
-6,32,43
-16,33,46
-23,34,47
-30,37,55
-25,28,49
23,1,68
30,21,55
17,-9,62
-6,4,67
6,9,66
7,7,57
10,0,56
27,-19,56
23,6,76
15,2,79
5,6,61
18,1,78
10,31,63
17,7,70
19,16,71
-12,7,59
-1,20,62
5,20,74
-24,19,55
-39,12,42
-25,12,59
-64,27,34
-35,12,44
-5,14,80
-38,24,39
-47,11,29
-44,11,34
-54,5,14
-59,11,12
-57,11,8
-64,12,-3
-85,9,-15
-66,7,-8
-72,11,-12
-60,12,-3
-62,15,4
-73,8,-1
-85,-5,2
-56,8,17
-100,-4,-26
22,16,61
-64,-6,37
-115,-6,14
-16,10,54
-30,4,52
-51,-4,41
-23,8,45
-26,-9,53
-19,-5,54
-20,-7,56
-3,-14,70
13,-16,64
11,-18,74
6,-18,71
9,-13,60
9,-14,59
12,-16,65
12,-12,62
19,-10,57
22,-10,62
22,-1,57
15,6,49
-3,3,49
16,-10,59
13,-12,65
12,2,86
20,19,67
25,-6,41
26,1,49
13,6,71
19,11,65
19,8,55
30,3,60
30,8,63
25,8,55
23,8,56
26,6,55
22,9,54
34,6,45
38,6,48
36,16,55
22,13,48
17,6,40
35,13,55
31,29,59
-18,24,56
-15,29,61
-11,28,72
2,23,79
-3,12,64
-3,10,71
-12,13,75
-3,22,63
2,16,54
0,14,47
-23,18,64
-17,15,68
-10,21,52
-19,23,54
-22,23,52
-18,21,54
-21,19,57
-26,29,52
-31,22,51
-30,20,55
-31,22,56
-36,19,44
-39,19,43
-44,18,43
-44,18,48
-48,19,49
-46,21,30
-59,23,10
-56,21,26
-64,25,8
-64,15,27
-68,25,-3
-53,23,-5
-68,39,-9
-44,29,7
-50,23,22
-72,9,37
-49,22,21
-32,27,21
7,34,30
4,32,41
-31,30,60
-14,33,70
-3,26,55
3,18,54
-8,11,41
21,-1,89
30,1,86
20,9,62
12,1,53
30,0,83
31,2,73
22,7,56
8,8,54
14,5,64
16,2,66
7,-2,63
3,-3,61
2,-5,62
5,-7,67
-7,-8,62
-17,-7,60
-38,-6,50
-61,1,44
-61,6,41
-48,7,38
-34,2,45
-55,15,22
-59,16,16
-52,5,42
-42,4,58
-55,9,56
-66,10,49
-48,-4,51
-26,5,47
-35,14,35
-38,27,13
-52,28,8
-46,8,56
-20,3,51
-25,34,50
-15,22,67
-37,20,65
-16,26,76
-32,16,53
-7,16,45
-32,30,53
-19,25,55
-16,27,47
-31,32,30
-46,30,24
-53,30,43
-41,33,42
-53,30,38
-57,27,44
-50,23,47
-54,22,55
-49,25,36
-53,26,31
-45,25,32
-45,25,34
-43,24,33
-47,26,35
-47,25,33
-48,24,36
-51,24,36
-48,26,32
-45,25,33
-48,20,25
-70,23,32
-48,23,40
-39,26,41
-57,23,31
-54,20,31
-49,20,33
-51,19,22
-55,22,19
-44,27,20
-36,25,17
-34,15,35
-41,14,43
-48,16,63
-46,20,63
-33,16,58
-46,8,64
-46,5,60
-37,9,63
-34,6,54
-32,6,52
-27,4,45
-20,7,43
-17,10,47
-20,7,45
-13,10,56
-5,10,64
-4,5,67
-12,-5,67
6,3,81
-8,-4,59
10,-2,65
13,-3,67
-4,-5,51
20,2,71
5,-3,49
20,2,54
29,8,56
41,3,57
26,-2,57
24,0,62
21,3,58
11,1,60
13,2,60
24,1,61
13,0,57
16,-4,66
19,-1,71
29,-6,63
30,-10,61
12,-10,55
21,2,61
22,-4,57
12,-10,52
18,-6,62
12,-9,70
11,-7,65
-19,-17,57
-24,-16,55
-4,2,63
-1,4,57
-12,-11,52
-9,-20,52
-13,-15,61
-26,-16,69
-24,-10,67
-19,-12,62
-12,-19,62
-15,-11,50
-6,-1,55
-11,-6,62
-12,-1,65
-10,13,63
-12,7,63
-15,6,64
-19,6,61
-20,5,64
-22,4,58
-17,3,60
-24,6,61
-26,7,58
-23,9,58
-25,10,57
-25,11,53
-26,9,52
-26,8,50
-29,10,53
-40,10,48
-45,8,46
-50,12,43
-49,12,41
-54,8,36
-57,6,36
-54,5,36
-63,8,31
-66,6,31
-54,6,33
-54,6,30
-53,12,31
-58,10,27
-68,10,8
-72,10,4
-57,16,5
-50,14,13
-53,12,-2
-84,-5,5
-84,-7,14
-80,2,12
-74,6,12
-23,8,39
-3,-7,98
-44,-24,57
-36,-10,54
-46,-3,50
-43,-1,48
-38,-5,49
-8,-5,54
3,-8,58
-3,-10,61
-18,-15,60
-22,-13,58
-17,-10,61
-13,-10,55
2,1,54
14,-2,62
2,-17,62
-10,-14,71
-7,-13,71
-9,-14,70
-13,-8,66
4,-1,68
10,8,41
6,-12,44
4,-14,75
18,4,78
13,13,64
17,15,64
26,-2,62
34,-10,64
34,4,60
41,7,53
31,17,42
-5,15,47
-31,12,46
-28,18,52
-28,20,52
-45,9,41
-57,2,41
-28,-4,60
-11,-3,66
6,-11,64
2,-15,63
-8,-19,55
-7,-23,54
-11,-29,62
-34,-36,71
-51,-34,64
-46,-26,56
-35,-23,54
-23,-21,58
-23,-21,58
-18,-22,62
-12,-23,64
4,-24,57
5,-23,57
11,-21,67
13,-11,69
12,-11,66
10,-11,64
8,-8,61
8,-2,61
6,-1,59
-6,2,53
-5,3,51
-6,6,49
-7,10,50
-8,10,52
-9,6,54
-18,1,63
-26,-6,68
-31,-13,65
-23,-14,66
-21,-16,62
-29,-14,58
-30,-16,59
-33,-14,60
-34,-12,59
-29,-6,59
-24,-6,58
-21,-5,56
-22,-5,57
-25,-5,58
-24,-8,56
-24,-9,56
-27,-9,60
-25,-9,59
-29,-10,58
-29,-11,56
-30,-11,56
-30,-11,57
-31,-10,58
-30,-9,58
-30,-7,57
-29,-6,56
-30,-6,55
-31,-6,55
-31,-6,56
-30,-7,57
-28,-7,57
-29,-6,56
-26,-5,56
-26,-5,56
-27,-6,57
-26,-6,57
-25,-7,59
-25,-7,58
-25,-7,58
-25,-7,58
-25,-7,58
-25,-8,59
-24,-8,59
-24,-9,58
-25,-10,58
-25,-10,58
-27,-9,57
-26,-9,57
-27,-9,58
-26,-9,58
-25,-8,58
-25,-8,58
-23,-8,58
-23,-8,58
-23,-8,58
-23,-7,59
-23,-7,58
-24,-8,59
-23,-8,59
-24,-8,59
-24,-8,59
-24,-8,58
-24,-8,58
-24,-8,58
-25,-7,58
-24,-8,58
-24,-8,59
-24,-8,58
-25,-8,59
-24,-8,59
-24,-7,59
-24,-8,58
-24,-7,59
-24,-7,59
-24,-7,59
-22,-8,58
-23,-8,58
-23,-8,59
-23,-9,59
-22,-9,59
-23,-8,59
-23,-8,59
-24,-8,59
-24,-10,57
-22,-7,63
-20,-7,58
-21,-7,58
-22,-8,59
-22,-9,59
-23,-9,59
-23,-8,59
-23,-8,59
-24,-8,59
-23,-8,59
-23,-8,59
-23,-7,58
-23,-7,59
-23,-8,59
-23,-8,59
-24,-7,59
-23,-8,58
-23,-8,59
-23,-8,59
-23,-8,59
-22,-8,59
-23,-8,59
-23,-8,59
-23,-9,59
-23,-9,59
-23,-9,59
-21,-12,56
-22,-7,60
-23,-8,59
-22,-8,59
-25,-8,59
-24,-8,59
-22,-6,59
-23,-7,58
-25,-8,59
-25,-8,59
-23,-7,59
-22,-7,59
-22,-8,59
-23,-7,59
-24,-7,59
-24,-8,59
-23,-8,59
-22,-8,58
-22,-9,59
-22,-9,59
-22,-9,59
-23,-9,59
-23,-9,59
-22,-9,59
-22,-8,59
-22,-9,59
-22,-9,59
-23,-9,59
-23,-9,59
-23,-9,59
-23,-9,59
-22,-9,59
-23,-8,59
-23,-8,59
-23,-9,59
-23,-9,59
-22,-9,59
-23,-9,59
-23,-9,59
-24,-9,59
-23,-9,59
-22,-9,59
-22,-9,59
-22,-9,59
-23,-9,59
-23,-9,59
-23,-9,59
-22,-9,59
-23,-9,59
-23,-9,59
-23,-9,59
-22,-9,59
-23,-9,59
-23,-9,59
-23,-9,59
-23,-9,59
-23,-9,59
-22,-9,59
-22,-8,59
-22,-9,59
-23,-8,59
-23,-8,59
-23,-9,59
-23,-9,59
-22,-9,59
-22,-9,59
-22,-9,59
-23,-9,59
-23,-9,59
-22,-9,59
-23,-9,59
-22,-9,59
-23,-9,59
-22,-9,59
-22,-9,59
-22,-9,59
-22,-8,59
-23,-9,59
-23,-9,59
-23,-9,59
-22,-9,58
-22,-9,59
-22,-7,59
-22,-7,59
-24,-9,59
-25,-9,59
-25,-11,59
-24,-10,59
-23,-10,59
-23,-9,58
-24,-8,58
-23,-8,58
-23,-8,59
-23,-9,59
-23,-9,59
-23,-9,59
-23,-9,59
-23,-9,58
-23,-8,59
-24,-8,58
-24,-8,59
-23,-9,59
-24,-9,59
-24,-9,59
-24,-9,58
-24,-9,59
-24,-9,58
-24,-9,59
-23,-9,58
-24,-9,59
-23,-9,59
-23,-9,59
-23,-9,58
-23,-9,59
-23,-9,59
-23,-9,59
-23,-9,59
-23,-9,59
-24,-9,59
-26,-11,61
-27,-12,62
-28,-14,67
-27,-15,70
-22,-13,74
-19,-11,73
-19,-3,70
-21,-2,65
-19,-2,62
-20,-1,61
-20,2,59
-20,0,53
-18,1,53
-17,3,51
-15,4,51
-12,2,50
-10,1,51
-11,-5,53
-11,-4,55
-12,-4,60
-17,-7,62
-16,-7,64
-17,-5,62
-22,-6,53
-52,-11,28
-71,-13,16
-79,-14,11
-73,-14,15
-59,-14,18
-62,-15,15
-61,-16,14
-64,-23,19
-54,-26,22
-18,-30,34
-12,-33,37
-14,-38,36
-22,-43,35
-40,-49,36
-37,-51,35
-14,-53,42
-4,-54,50
-29,-52,29
-55,-48,16
-36,-55,35
-39,-55,36
-39,-47,8
-17,-46,12
-84,-41,-7
-77,-34,-22
-53,-41,-7
-55,-47,5
-51,-48,6
-40,-44,1
-38,-45,1
-32,-50,2
-33,-47,-3
-47,-45,-12
-48,-48,-13
-47,-55,-9
-43,-66,-7
-34,-68,-1
-36,-64,-11
-31,-58,-14
-29,-54,-16
-28,-53,-17
-31,-46,-20
-34,-43,-23
-42,-43,-26
-35,-42,-25
-31,-33,-25
-39,-48,-39
-31,-60,-32
-28,-43,-18
-2,-63,-20
-35,-58,-22
-44,-62,-25
-35,-57,-14
-31,-56,-10
-30,-58,-11
-22,-58,-6
-16,-58,-14
-14,-60,-11
-14,-59,-6
-18,-56,-6
-11,-55,-7
-7,-59,-3
-11,-55,-2
-9,-53,0
-7,-56,-3
-4,-57,-24
-9,-62,-17
-12,-56,-7
-10,-61,2
-5,-67,-8
4,-64,-7
2,-75,-10
-12,-86,-12
-7,-83,-15
25,-66,-5
11,-74,-4
-11,-66,-19
0,-54,-8
2,-66,-11
-12,-70,-23
-12,-67,-9
-22,-63,-16
-32,-61,-13
-19,-68,-8
-8,-69,-9
-19,-75,-7
-13,-73,-4
0,-76,3
-3,-73,-2
-11,-64,3
-22,-62,6
-34,-54,-3
-36,-51,-5
-46,-46,-16
-57,-44,-20
-59,-50,-12
-35,-43,2
-44,-38,0
-65,-38,-11
-65,-38,-11
-59,-35,-7
-66,-32,-9
-74,-30,-20
-64,-27,-12
-55,-22,7
-41,-19,16
-51,-14,26
-44,-13,29
-19,-2,46
-13,5,58
-14,6,56
-22,12,48
-28,13,46
-38,10,44
-30,0,40
-53,-7,45
-57,-4,55
-38,4,54
-53,7,46
-52,6,43
-39,5,46
-33,1,42
-43,1,36
-48,1,36
-44,5,42
-44,6,39
-54,10,38
-58,13,37
-72,14,35
-69,14,39
-46,10,37
-43,8,40
-42,5,38
-45,4,39
-44,1,37
-41,-7,41
-48,-12,44
-58,-18,41
-59,-19,41
-55,-20,44
-50,-20,45
-47,-20,45
-48,-24,45
-27,-24,56
-20,-22,63
-25,-17,55
-36,-17,48
-40,-18,46
-41,-20,45
-39,-21,46
-34,-21,49
-31,-22,53
-33,-22,52
-34,-22,50
-30,-20,52
-33,-20,51
-34,-20,52
-34,-20,53
-34,-20,54
-29,-21,64
-28,-24,69
-20,-27,60
-18,-24,52
-32,-16,40
-38,-15,40
-50,-18,41
-50,-19,40
-50,-17,38
-52,-17,37
-53,-16,36
-51,-14,35
-51,-13,35
-48,-13,38
-47,-13,40
-45,-12,41
-45,-13,41
-45,-13,43
-48,-13,42
-51,-14,41
-49,-13,41
-44,-12,42
-45,-13,41
-48,-14,37
-50,-15,38
-50,-16,39
-47,-15,38
-48,-15,38
-47,-15,38
-46,-15,40
-44,-14,41
-37,-23,51
-50,-13,52
-44,-18,52
-35,-19,49
-33,-20,48
-39,-21,48
-47,-23,44
-46,-22,44
-47,-21,45
-46,-21,43
-42,-20,44
-42,-19,47
-38,-18,49
-37,-18,50
-36,-17,50
-38,-16,50
-39,-16,49
-39,-16,48
-39,-16,49
-36,-16,50
-35,-17,51
-33,-15,51
-33,-15,52
-33,-16,53
-32,-16,53
-32,-16,52
-33,-16,52
-32,-17,52
-31,-17,52
-32,-15,53
-33,-15,52
-36,-15,52
-39,-16,49
-40,-18,49
-37,-18,52
-35,-18,52
-33,-16,52
-35,-16,52
-38,-17,52
-38,-20,50
-32,-28,46
-34,-24,42
-33,-26,43
-38,-19,47
-39,-17,44
-31,-17,41
-31,-19,42
-48,-15,51
-57,-9,51
-65,-15,41
-53,-20,42
-41,-22,42
-37,-18,44
-37,-13,47
-41,-12,47
-42,-13,47
-45,-14,47
-44,-15,47
-41,-16,47
-41,-16,47
-41,-16,46
-41,-16,47
-41,-16,46
-41,-16,47
-42,-16,47
-42,-16,47
-41,-16,46
-41,-16,46
-42,-16,46
-42,-17,47
-42,-16,46
-41,-16,46
-41,-17,46
-41,-17,47
-41,-17,47
-41,-16,47
-41,-16,47
-39,-15,47
-39,-15,48
-39,-14,48
-39,-15,48
-40,-15,48
-40,-16,48
-40,-15,47
-40,-16,48
-40,-16,47
-40,-16,47
-40,-16,47
-40,-16,48
-39,-16,48
-40,-16,48
-41,-17,48
-40,-17,48
-41,-17,46
-40,-17,47
-40,-17,47
-40,-17,48
-41,-17,48
-41,-17,47
-40,-18,48
-39,-17,49
-40,-17,45
-40,-16,46
-39,-17,47
-39,-17,47
-44,-18,48
-40,-17,49
-38,-16,48
-34,-16,47
-38,-16,46
-43,-17,47
-44,-17,48
-41,-17,49
-40,-16,48
-37,-15,46
-38,-15,46
-41,-17,45
-46,-18,47
-45,-17,48
-39,-17,48
-38,-15,47
-39,-15,45
-40,-16,45
-43,-18,46
-45,-18,46
-42,-17,47
-40,-17,47
-39,-16,47
-40,-17,46
-42,-17,45
-44,-18,45
-45,-17,45
-43,-14,47
-42,-16,48
-39,-17,47
-39,-16,46
-41,-17,46
-41,-17,46
-43,-17,46
-43,-17,46
-42,-14,48
-41,-14,48
-41,-17,48
-40,-20,46
-40,-20,46
-38,-18,47
-37,-17,47
-37,-16,48
-39,-16,48
-40,-16,48
-40,-16,48
-39,-16,49
-39,-17,49
-39,-17,48
-39,-17,48
-40,-17,47
-40,-17,47
-40,-18,47
-40,-18,47
-40,-18,47
-40,-18,48
-40,-18,48
-40,-18,47
-40,-18,47
-39,-17,47
-39,-17,47
-39,-17,48
-40,-17,48
-40,-17,48
-39,-17,48
-40,-17,48
-40,-17,47
-40,-17,48
-40,-17,47
-40,-17,47
-40,-17,47
-40,-18,48
-40,-17,48
-40,-18,47
-39,-18,48
-40,-17,47
-40,-17,47
-40,-17,47
-39,-17,48
-40,-17,47
-39,-17,48
-39,-17,47
-39,-17,48
-39,-17,48
-40,-17,48
-39,-17,48
-39,-17,48
-39,-17,48
-39,-17,48
-39,-17,48
-39,-17,48
-39,-17,48
-39,-18,48
-39,-17,48
-39,-17,48
-39,-17,48
-39,-17,48
-40,-17,48
-39,-17,48
-39,-17,48
-39,-17,48
-39,-17,48
-39,-17,48
-39,-17,48
-39,-17,48
-39,-17,48
-39,-17,48
-39,-17,48
-39,-17,48
-39,-17,48
-39,-17,48
-39,-17,48
-39,-17,48
-39,-17,48
-39,-17,48
-39,-17,48
-39,-17,48
-39,-17,48
-39,-17,48
-39,-17,48
-39,-17,48
-39,-17,48
-39,-17,48
-38,-17,48
-39,-17,48
-39,-17,48
-39,-17,48
-39,-17,48
-39,-17,48
-39,-17,48
-39,-17,48
-39,-17,48
-39,-17,48
-39,-17,48
-39,-17,48
-39,-17,48
-39,-17,48
-39,-18,48
-39,-17,48
-39,-17,48
-39,-17,48
-39,-17,48
-39,-17,48
-39,-17,48
-39,-17,48
-39,-17,48
-39,-17,48
-39,-17,48
-39,-17,48
-39,-17,48
-39,-17,48
-39,-17,48
-39,-17,48
-39,-17,48
-39,-17,48
-39,-17,48
-39,-17,48
-39,-17,48
-39,-17,48
-39,-17,48
-39,-17,48
-39,-17,48
-39,-17,48
-39,-17,48
-39,-17,48
-39,-17,48
-39,-18,48
-39,-17,48
-39,-17,48
-39,-17,48
-39,-17,48
-39,-17,48
-39,-17,48
-39,-17,48
-39,-17,48
-39,-17,48
-39,-17,48
-39,-17,48
-39,-17,48
-39,-17,48
-39,-17,48
-39,-17,48
-39,-17,48
-39,-17,48
-39,-17,48
-39,-17,48
-39,-17,48
-39,-17,48
-39,-17,48
-39,-17,48
-39,-18,48
-39,-17,48
-39,-17,48
-39,-17,48
-39,-17,48
-39,-17,48
-39,-17,48
-39,-17,48
-39,-17,48
-39,-17,48
-39,-17,48
-39,-17,48
-39,-17,48
-39,-17,48
-39,-17,48
-39,-17,48
-39,-17,48
-39,-17,48
-39,-17,48
-39,-17,48
-39,-17,48
-39,-17,48
-39,-17,48
-39,-17,48
-39,-17,48
-39,-17,48
-39,-17,48
-38,-17,48
-39,-17,48
-39,-17,48
-39,-17,48
-39,-17,48
-39,-17,48
-39,-17,48
-39,-17,48
-39,-17,48
-39,-17,48
-39,-17,48
-39,-17,48
-39,-17,48
-39,-17,48
-39,-17,48
-39,-17,48
-39,-17,48
-38,-17,48
-39,-17,48
-39,-17,48
-39,-17,48
-39,-17,48
-39,-17,48
-39,-17,48
-39,-17,48
-39,-17,48
-39,-17,48
-39,-17,48
-39,-17,48
-39,-17,48
-39,-17,48
-39,-17,48
-39,-17,48
-39,-17,48
-39,-17,48
-39,-17,48
-39,-17,48
-39,-17,48
-39,-17,48
-39,-17,48
-39,-17,48
-39,-17,48
-39,-17,48
-39,-17,48
-39,-17,48
-39,-17,48
-39,-17,48
-39,-17,48
-39,-17,48
-39,-17,48
-39,-17,48
-39,-17,48
-39,-17,48
-39,-17,48
-39,-17,48
-39,-17,48
-39,-17,48
-39,-17,48
-39,-17,48
-39,-17,48
-39,-17,48
-39,-17,48
-39,-17,48
-39,-18,48
-39,-17,48
-39,-17,48
-39,-17,48
-39,-17,48
-39,-17,48
-39,-17,48
-39,-17,48
-39,-17,48
-39,-17,48
-39,-17,48
-39,-17,48
-39,-17,48
-39,-17,48
-39,-17,48
-39,-17,48
-39,-17,48
-39,-17,48
-39,-17,48
-39,-17,48
-39,-17,48
-39,-17,48
-39,-17,48
-39,-17,48
-39,-17,48
-39,-17,48
-39,-17,48
-39,-17,48
-39,-17,48
-39,-17,48
-39,-17,48
-39,-17,48
-39,-17,48
-39,-17,48
-39,-17,48
-39,-17,48
-39,-17,48
-39,-17,48
-39,-17,48
-39,-17,48
-39,-17,48
-39,-17,48
-39,-17,48
-39,-17,48
-39,-17,48
-39,-17,48
-39,-17,48
-39,-17,48
-39,-17,48
-39,-17,48
-39,-17,48
-39,-17,48
-39,-17,48
-39,-17,48
-39,-17,48
-39,-17,48
-39,-17,48
-39,-17,48
-39,-17,48
-39,-17,48
-39,-17,48
-39,-17,48
-39,-17,48
-39,-17,48
-39,-17,48
-39,-17,48
-39,-17,48
-39,-17,48
-39,-17,48
-39,-17,48
-39,-17,48
-39,-17,48
-39,-17,48
-39,-17,48
-39,-17,48
-39,-17,48
-39,-17,48
-39,-17,48
-39,-17,48
-39,-17,48
-39,-17,48
-39,-17,48
-39,-17,48
-39,-17,48
-39,-17,48
-39,-17,48
-39,-17,48
-39,-17,48
-39,-17,48
-39,-17,48
-39,-17,48
-39,-17,48
-39,-17,48
-39,-17,48
-39,-17,48
-39,-17,48
-39,-17,48
-39,-17,48
-39,-17,48
-39,-17,48
-39,-17,48
-39,-17,48
-39,-17,48
-39,-17,48
-39,-17,48
-39,-17,48
-39,-17,48
-39,-17,48
-39,-17,48
-39,-17,48
-39,-17,48
-39,-17,48
-39,-17,48
-39,-17,48
-38,-17,49
-39,-17,49
-39,-17,48
-39,-17,48
-38,-18,48
-38,-17,49
-38,-17,49
-38,-17,49
-38,-17,48
-38,-17,49
-39,-16,49
-39,-17,49
-38,-17,49
-39,-17,48
-39,-17,48
-39,-17,48
-39,-17,48
-39,-17,48
-39,-18,48
-39,-17,48
-39,-17,48
-39,-17,48
-38,-17,48
-38,-17,48
-38,-17,48
-39,-17,48
-39,-17,48
-39,-17,48
-38,-17,48
-39,-17,48
-39,-17,48
-39,-17,48
-39,-17,48
-39,-17,48
-38,-17,48
-39,-17,48
-39,-17,48
-39,-17,48
-39,-17,48
-39,-17,48
-39,-17,48
-39,-17,48
-39,-17,48
-39,-17,48
-39,-17,48
-39,-17,48
-39,-17,48
-39,-17,48
-39,-17,48
-39,-17,48
-39,-17,48
-39,-17,48
-39,-17,48
-39,-17,48
-39,-17,48
-39,-17,48
-39,-17,48
-39,-17,48
-39,-17,48
-39,-17,48
-39,-17,48
-39,-17,48
-39,-17,48
-39,-17,48
-39,-17,48
-39,-17,48
-39,-17,48
-39,-17,48
-39,-17,48
-39,-17,48
-39,-17,48
-39,-17,48
-39,-17,48
-39,-17,48
-39,-17,48
-39,-17,48
-39,-17,48
-39,-17,48
-39,-17,48
-39,-17,48
-39,-17,48
-39,-17,48
-39,-17,48
-39,-17,48
-39,-17,48
-39,-17,48
-39,-17,48
-39,-17,48
-39,-17,48
-39,-17,48
-39,-17,48
-39,-17,48
-39,-17,48
-39,-17,48
-39,-17,48
-39,-17,48
-39,-17,48
-39,-17,48
-39,-17,48
-39,-17,48
-39,-17,48
-39,-17,48
-38,-17,48
-39,-17,47
-39,-17,48
-38,-18,49
-39,-18,48
-39,-17,47
-38,-17,47
-37,-16,49
-38,-17,48
-40,-18,48
-40,-17,48
-39,-17,48
-38,-17,48
-39,-17,48
-39,-17,48
-39,-17,48
-38,-17,48
-38,-17,49
-38,-17,49
-38,-17,48
-38,-17,48
-39,-17,48
-39,-17,48
-39,-17,48
-40,-17,48
-39,-17,48
-39,-17,48
-39,-17,48
-38,-17,48
-38,-17,49
-38,-17,49
-39,-17,48
-39,-17,48
-39,-17,48
-39,-17,48
-39,-17,48
-39,-17,48
-39,-17,48
-39,-18,48
-39,-18,48
-39,-17,48
-39,-17,48
-39,-16,48
-39,-16,48
-39,-17,48
-39,-17,48
-39,-17,48
-39,-17,48
-39,-17,48
-38,-17,48
-39,-17,48
-39,-17,48
-39,-17,48
-40,-17,48
-40,-17,48
-39,-17,48
-39,-17,48
-39,-17,48
-39,-17,48
-38,-17,49
-38,-17,48
-39,-17,48
-39,-17,48
-39,-17,48
-39,-17,48
-39,-17,48
-39,-17,48
-39,-17,48
-39,-17,48
-39,-17,48
-39,-17,49
-39,-17,48
-38,-17,48
-39,-17,48
-39,-17,48
-39,-17,48
-39,-17,48
-39,-17,48
-39,-17,48
-39,-17,48
-39,-17,48
-39,-17,48
-39,-17,48
-39,-17,48
-39,-17,48
-39,-17,48
-39,-17,48
-39,-17,48
-39,-17,48
-39,-17,48
-38,-17,48
-39,-17,48
-39,-17,48
-39,-17,48
-39,-17,48
-39,-18,48
-39,-18,48
-39,-18,48
-39,-17,48
-39,-17,48
-39,-17,48
-39,-17,48
-38,-17,48
-38,-17,48
-39,-17,48
-39,-17,48
-39,-17,48
-39,-17,48
-39,-17,48
-39,-17,48
-39,-17,48
-39,-17,48
-39,-17,48
-39,-17,48
-39,-17,48
-38,-17,49
-38,-17,49
-39,-17,48
-39,-17,48
-39,-16,48
-39,-17,48
-39,-17,48
-39,-18,48
-38,-18,48
-39,-18,48
-39,-18,48
-39,-17,49
-38,-17,48
-38,-17,48
-39,-17,48
-39,-17,48
-39,-17,48
-39,-17,48
-38,-16,48
-38,-17,48
-39,-17,48
-39,-17,48
-39,-17,49
-38,-17,50
-38,-18,52
-41,-18,51
-41,-16,47
-39,-17,44
-39,-15,44
-39,-14,44
-42,-12,45
-41,-17,49
-39,-18,50
-41,-18,46
-43,-17,44
-44,-16,44
-41,-16,46
-41,-16,47
-42,-17,47
-42,-17,46
-41,-17,46
-41,-16,46
-41,-16,46
-41,-16,47
-41,-16,48
-41,-16,48
-41,-16,48
-40,-16,47
-40,-16,47
-40,-16,47
-40,-16,47
-41,-16,47
-40,-16,47
-40,-17,47
-40,-17,48
-40,-16,48
-40,-17,48
-40,-17,47
-40,-17,47
-40,-16,47
-40,-17,47
-40,-17,47
-41,-17,47
-41,-17,47
-40,-17,47
-40,-17,47
-40,-17,47
-40,-17,47
-40,-17,47
-40,-17,47
-40,-17,47
-40,-17,47
-40,-17,47
-40,-17,47
-40,-17,47
-40,-17,47
-40,-17,47
-40,-17,47
-40,-17,47
-40,-17,47
-40,-17,47
-40,-17,47
-40,-17,47
-40,-17,47
-40,-17,47
-40,-17,47
-41,-17,47
-40,-17,47
-40,-17,47
-40,-17,47
-40,-17,47
-40,-17,47
-40,-17,47
-40,-17,47
-40,-17,47
-40,-17,47
-40,-17,47
-40,-17,47
-40,-17,47
-40,-17,47
-40,-17,47
-40,-17,48
-40,-17,47
-40,-17,47
-40,-18,48
-40,-17,47
-40,-17,47
-40,-17,47
-40,-17,47
-40,-18,47
-40,-17,48
-40,-17,47
-40,-17,47
-40,-17,47
-40,-17,48
-40,-17,47
-40,-17,47
-40,-17,47
-40,-17,47
-40,-17,47
-40,-17,47
-40,-17,47
-40,-17,47
-40,-17,47
-40,-17,47
-40,-17,47
-40,-17,48
-40,-17,47
-40,-17,47
-40,-17,47
-40,-17,48
-40,-17,47
-39,-17,47
-40,-17,48
-40,-17,47
-40,-17,47
-40,-17,47
-40,-17,47
-40,-17,47
-40,-17,47
-39,-17,48
-40,-17,48
-40,-17,48
-40,-17,47
-40,-17,47
-40,-17,47
-40,-17,47
-40,-17,47
-40,-17,47
-40,-17,48
-40,-17,48
-40,-17,48
-40,-17,47
-39,-17,47
-40,-17,48
-40,-17,48
-40,-18,48
-39,-17,47
-40,-17,48
-39,-17,48
-39,-17,48
-40,-17,48
-40,-17,48
-39,-17,47
-40,-17,47
-39,-17,47
-40,-17,48
-40,-17,48
-39,-17,47
-39,-17,48
-40,-17,48
-40,-17,48
-40,-17,47
-40,-17,48
-39,-17,48
-40,-17,48
-40,-17,47
-40,-17,48
-40,-17,48
-40,-17,47
-39,-17,47
-40,-17,48
-40,-17,47
-40,-17,48
-39,-17,48
-40,-17,47
-40,-17,47
-40,-17,47
-40,-17,47
-40,-17,48
-40,-17,47
-40,-17,48
-40,-17,47
-39,-17,48
-40,-17,47
-39,-17,48
-40,-17,48
-40,-17,48
-39,-17,48
-40,-17,47
-40,-17,47
-40,-17,47
-40,-17,48
-40,-17,47
-40,-17,47
-40,-17,48
-40,-17,48
-39,-17,48
-40,-17,48
-39,-17,48
-40,-17,48
-40,-17,48
-40,-17,48
-39,-17,48
-39,-17,48
-40,-17,48
-40,-17,48
-40,-17,48
-40,-17,47
-40,-17,48
-39,-17,48
-40,-17,47
-39,-17,48
-39,-17,48
-39,-17,48
-40,-17,48
-40,-17,47
-40,-17,48
-39,-17,48
-40,-17,48
-40,-17,48
-39,-17,48
-39,-17,48
-40,-17,48
-39,-17,48
-40,-17,48
-39,-17,48
-39,-18,48
-39,-17,48
-39,-17,48
-39,-17,48
-39,-17,48
-39,-17,48
-39,-17,48
-39,-17,48
-39,-17,48
-39,-17,48
-39,-17,48
-39,-17,48
-39,-17,48
-39,-17,48
-39,-17,48
-39,-17,48
-39,-17,48
-39,-17,48
-39,-17,48
-39,-17,48
-39,-17,48
-40,-17,48
-39,-17,48
-40,-17,48
-39,-17,48
-39,-17,48
-39,-17,48
-39,-17,48
-39,-17,48
-40,-17,48
-39,-17,48
-39,-17,48
-39,-17,48
-39,-17,48
-39,-17,48
-40,-17,48
-39,-17,48
-39,-17,48
-39,-17,48
-39,-17,48
-39,-17,48
-40,-17,48
-39,-17,48
-39,-17,48
-40,-17,48
-39,-17,48
-39,-17,48
-39,-17,48
-40,-17,48
-40,-17,47
-39,-17,47
-39,-17,47
-39,-17,47
-40,-17,48
-41,-17,48
-39,-17,48
-39,-17,47
-40,-18,47
-40,-18,47
-39,-17,48
-38,-17,48
-39,-16,48
-40,-16,48
-39,-17,48
-40,-17,48
-39,-17,48
-39,-17,47
-39,-17,48
-39,-17,48
-39,-18,48
-39,-18,48
-39,-17,48
-39,-18,48
-39,-17,48
-40,-17,47
-39,-17,48
-39,-17,48
-40,-17,48
-40,-17,48
-39,-17,48
-39,-17,48
-39,-17,48
-39,-17,48
-39,-17,48
-39,-17,48
-39,-17,48
-39,-17,48
-39,-17,48
-39,-17,48
-39,-17,47
-39,-17,48
-39,-17,47
-40,-17,47
-40,-17,48
-40,-17,48
-39,-18,48
-39,-17,48
-39,-17,48
-39,-17,48
-39,-17,48
-39,-17,48
-39,-17,47
-40,-17,47
-40,-17,47
-40,-17,48
-40,-18,47
-40,-18,47
-39,-18,48
-39,-18,47
-40,-17,48
-40,-17,48
-40,-18,47
-40,-17,48
-40,-17,47
-39,-17,47
-39,-17,47
-41,-16,47
-40,-17,48
-40,-18,47
-40,-18,47
-39,-18,47
-39,-18,47
-39,-17,47
-41,-17,48
-41,-17,48
-40,-18,48
-40,-18,47
-39,-17,47
-39,-17,47
-40,-16,47
-41,-16,48
-40,-18,48
-40,-18,48
-40,-18,47
-40,-17,47
-39,-17,47
-40,-16,48
-40,-17,48
-40,-18,48
-40,-18,48
-40,-17,48
-39,-17,47
-39,-17,47
-40,-16,47
-41,-17,48
-40,-17,48
-40,-18,48
-40,-17,47
-39,-17,47
-39,-17,47
-39,-16,48
-41,-17,48
-40,-18,48
-38,-18,47
-38,-18,47
-40,-17,47
-41,-17,47
-40,-17,47
-40,-17,48
-40,-18,48
-39,-18,48
-39,-17,48
-39,-17,48
-40,-17,48
-39,-17,47
-39,-17,48
-39,-17,48
-40,-18,48
-40,-17,47
-40,-17,47
-40,-17,48
-40,-17,48
-40,-18,48
-39,-17,48
-39,-17,48
-39,-17,48
-39,-17,48
-39,-17,48
-39,-17,48
-40,-17,48
-39,-17,48
-39,-17,48
-39,-17,48
-40,-17,48
-40,-17,48
-39,-17,48
-40,-17,48
-40,-17,48
-39,-17,48
-39,-17,48
-39,-17,48
-39,-17,48
-39,-17,48
-39,-17,48
-39,-17,48
-39,-17,48
-39,-17,48
-39,-17,48
-40,-17,47
-40,-17,48
-40,-17,47
-40,-17,48
-40,-17,48
-40,-17,47
-40,-17,48
-40,-17,48
-40,-16,48
-39,-16,48
-39,-15,48
-39,-15,48
-40,-15,48
-40,-15,48
-39,-16,48
-40,-16,48
-41,-16,47
-41,-16,47
-40,-16,47
-40,-16,48
-41,-16,47
-41,-16,47
-42,-16,47
-40,-16,47
-42,-16,47
-41,-16,46
-42,-16,47
-42,-16,46
-42,-16,46
-43,-16,45
-42,-16,45
-43,-16,45
-43,-17,45
-43,-17,45
-43,-17,45
-44,-16,44
-44,-17,43
-44,-17,44
-44,-17,43
-44,-17,43
-44,-17,44
-44,-17,44
-44,-17,43
-45,-18,43
-45,-18,43
-43,-18,44
-44,-19,42
-45,-19,42
-48,-19,42
-45,-20,41
-43,-20,41
-44,-19,41
-45,-19,42
-46,-20,43
-46,-21,43
-43,-21,42
-43,-20,42
-44,-20,42
-44,-21,43
-44,-21,43
-44,-21,43
-43,-21,43
-43,-22,43
-44,-22,43
-43,-22,43
-43,-22,43
-43,-21,43
-42,-21,43
-42,-21,44
-41,-22,44
-42,-22,44
-43,-22,44
-43,-22,44
-43,-22,44
-42,-22,43
-41,-21,44
-42,-21,44
-42,-21,44
-42,-21,44
-42,-21,44
-42,-21,45
-42,-21,44
-43,-21,43
-42,-21,44
-41,-21,44
-42,-21,44
-42,-21,44
-43,-22,44
-42,-22,44
-42,-21,44
-42,-21,44
-42,-21,43
-42,-20,44
-43,-20,44
-43,-20,44
-41,-21,46
-41,-21,46
-41,-21,45
-41,-20,45
-40,-20,46
-40,-20,46
-40,-20,47
-40,-20,47
-40,-19,47
-39,-19,47
-39,-20,47
-38,-20,47
-38,-19,48
-38,-19,48
-37,-19,48
-37,-18,48
-37,-18,48
-37,-18,48
-37,-18,48
-38,-18,48
-38,-18,48
-39,-17,49
-38,-18,48
-38,-17,49
-40,-18,50
-39,-18,49
-38,-17,48
-37,-17,48
-39,-18,50
-39,-19,50
-38,-18,50
-36,-19,50
-36,-17,52
-36,-18,52
-37,-19,54
-38,-19,53
-34,-17,46
-33,-17,43
-29,-14,51
-22,-12,49
-18,-7,56
-25,-13,64
-33,-17,63
-41,-18,51
-40,-20,47
-30,-16,48
-27,-13,52
-28,-14,57
-31,-14,59
-31,-15,56
-28,-15,54
-27,-15,51
-28,-16,53
-28,-16,54
-33,-15,55
-32,-16,54
-31,-17,51
-32,-17,53
-33,-17,53
-34,-17,53
-34,-18,54
-34,-18,53
-34,-17,52
-33,-18,51
-33,-17,51
-33,-17,52
-34,-17,53
-34,-17,52
-32,-17,52
-29,-18,53
-30,-18,54
-35,-20,53
-35,-20,53
-31,-19,52
-30,-17,52
-30,-17,53
-30,-18,53
-32,-19,53
-32,-18,54
-31,-18,53
-30,-20,53
-30,-20,53
-31,-19,53
-30,-19,53
-30,-19,53
-30,-19,53
-31,-19,54
-31,-19,54
-30,-18,53
-30,-19,53
-31,-19,53
-30,-19,53
-30,-19,53
-31,-19,54
-30,-19,54
-30,-19,53
-30,-19,53
-30,-19,53
-30,-18,53
-30,-18,53
-30,-19,53
-31,-19,54
-30,-19,53
-30,-19,53
-30,-19,53
-31,-19,53
-30,-19,53
-29,-20,52
-31,-19,53
-31,-19,53
-30,-19,53
-30,-19,53
-31,-19,53
-32,-19,53
-31,-20,53
-32,-20,53
-31,-19,53
-31,-19,52
-30,-19,52
-32,-19,52
-33,-19,53
-32,-19,52
-32,-19,53
-31,-19,53
-31,-20,53
-29,-20,53
-30,-19,53
-31,-20,53
-30,-20,52
-31,-20,53
-31,-20,53
-31,-20,53
-29,-19,53
-30,-19,53
-30,-20,53
-30,-20,53
-31,-20,53
-30,-20,53
-30,-20,53
-31,-20,53
-31,-20,53
-30,-20,52
-30,-20,53
-31,-20,53
-30,-20,53
-30,-20,53
-30,-20,53
-30,-20,53
-30,-20,53
-29,-20,52
-32,-20,53
-30,-20,53
-30,-20,53
-31,-20,53
-30,-20,53
-30,-20,53
-30,-20,53
-30,-20,53
-30,-20,53
-30,-20,53
-31,-20,53
-31,-20,52
-31,-20,53
-31,-20,53
-31,-19,53
-31,-20,52
-31,-20,53
-31,-20,53
-31,-20,53
-31,-19,53
-31,-20,53
-31,-20,53
-31,-20,53
-31,-19,53
-31,-19,52
-31,-19,53
-31,-19,53
-31,-19,53
-31,-19,53
-31,-19,53
-31,-19,52
-31,-19,53
-31,-19,53
-31,-19,53
-31,-19,52
-31,-20,52
-31,-19,53
-31,-19,53
-31,-19,53
-31,-20,53
-31,-20,53
-31,-19,52
-31,-20,53
-31,-19,52
-31,-19,53
-31,-20,53
-31,-19,52
-31,-19,53
-31,-19,52
-31,-19,53
-31,-20,53
-31,-20,52
-31,-20,53
-31,-19,52
-31,-20,52
-31,-19,53
-31,-20,53
-31,-20,52
-31,-20,52
-31,-20,52
-31,-20,52
-31,-20,52
-31,-19,52
-31,-20,53
-31,-19,53
-31,-19,52
-31,-20,53
-31,-19,53
-31,-20,53
-31,-20,53
-31,-19,53
-31,-19,53
-31,-20,53
-31,-19,53
-31,-20,53
-31,-19,53
-31,-19,52
-31,-20,52
-31,-19,53
-31,-20,53
-31,-19,53
-31,-19,53
-31,-19,53
-31,-20,53
-31,-19,53
-31,-19,53
-31,-19,53
-31,-19,53
-31,-20,52
-31,-20,53
-31,-20,53
-31,-19,52
-31,-19,53
-31,-19,53
-31,-19,53
-31,-20,52
-31,-20,53
-31,-19,53
-31,-19,53
-31,-19,53
-31,-19,52
-31,-20,53
-31,-20,53
-31,-19,53
-31,-19,53
-31,-19,52
-31,-19,53
-31,-20,52
-32,-19,53
-32,-19,53
-31,-20,53
-31,-20,52
-31,-20,53
-31,-20,53
-31,-20,52
-31,-19,52
-31,-19,53
-31,-19,53
-31,-19,53
-31,-19,53
-31,-19,53
-31,-19,53
-31,-19,53
-31,-20,53
-31,-20,53
-31,-20,53
-31,-19,53
-31,-20,52
-31,-20,53
-31,-20,52
-31,-19,53
-31,-20,53
-31,-19,52
-31,-20,52
-31,-20,53
-31,-20,53
-31,-20,52
-31,-20,52
-31,-19,52
-31,-19,52
-31,-19,52
-31,-20,53
-31,-19,52
-31,-19,53
-31,-19,53
-32,-19,52
-32,-20,52
-31,-20,52
-31,-20,52
-31,-19,52
-31,-19,52
-31,-20,52
-32,-20,52
-31,-20,52
-31,-20,52
-31,-20,53
-31,-19,53
-31,-19,53
-31,-20,52
-31,-20,52
-31,-20,53
-31,-20,52
-31,-19,52
-31,-20,52
-31,-19,52
-31,-19,53
-32,-19,53
-31,-19,53
-31,-20,52
-31,-19,52
-31,-20,52
-31,-20,52
-31,-20,53
-31,-20,53
-31,-19,53
-31,-20,52
-31,-20,52
-31,-20,52
-31,-20,52
-31,-20,52
-31,-20,53
-31,-20,52
-31,-20,53
-31,-19,53
-31,-20,52
-31,-20,52
-31,-20,52
-31,-19,52
-31,-20,52
-31,-19,53
-31,-20,52
-31,-20,53
-31,-19,52
-31,-20,52
-31,-20,53
-31,-19,53
-31,-20,53
-31,-20,53
-31,-19,53
-31,-19,53
-31,-20,52
-31,-19,53
-31,-19,53
-31,-19,52
-31,-20,53
-31,-19,53
-31,-20,53
-31,-20,52
-31,-19,52
-31,-19,53
-31,-19,53
-31,-19,53
-31,-20,52
-31,-19,52
-31,-19,52
-31,-19,52
-31,-19,53
-31,-19,52
-31,-19,53
-31,-19,53
-32,-19,53
-31,-19,53
-31,-19,53
-32,-19,53
-31,-19,52
-31,-19,53
-31,-19,53
-30,-20,52
-30,-19,53
-31,-20,54
-32,-20,53
-31,-20,53
-31,-19,52
-32,-19,52
-31,-19,53
-31,-19,53
-32,-19,52
-32,-20,51
-32,-20,51
-32,-20,52
-32,-21,53
-30,-21,53
-31,-21,53
-31,-20,52
-31,-20,52
-31,-20,52
-32,-20,52
-31,-20,52
-31,-20,52
-31,-21,52
-31,-21,52
-30,-20,53
-31,-20,53
-31,-20,53
-31,-20,52
-31,-20,53
-31,-20,53
-30,-20,53
-30,-20,53
-31,-20,53
-31,-21,52
-31,-21,52
-31,-21,52
-31,-21,52
-31,-21,53
-30,-21,52
-30,-21,52
-31,-20,52
-30,-20,52
-30,-21,53
-29,-21,53
-29,-22,54
-29,-22,53
-30,-21,53
-30,-21,53
-29,-21,53
-30,-21,53
-29,-21,53
-28,-21,54
-28,-21,54
-28,-21,53
-28,-21,53
-28,-22,52
-29,-22,53
-28,-22,53
-29,-22,53
-29,-22,54
-29,-22,53
-29,-21,53
-30,-22,53
-30,-21,53
-29,-20,53
-29,-20,53
-31,-20,52
-31,-20,52
-32,-20,48
-31,-19,51
-30,-20,52
-30,-21,46
-30,-21,50
-30,-21,55
-30,-22,55
-32,-25,54
-34,-26,54
-38,-27,50
-32,-25,49
-25,-21,51
-26,-20,53
-31,-22,54
-32,-23,53
-32,-23,51
-31,-24,50
-31,-23,50
-32,-24,51
-31,-24,52
-28,-24,52
-27,-24,53
-27,-24,52
-27,-24,52
-27,-24,53
-28,-24,53
-27,-23,53
-27,-23,53
-26,-23,53
-26,-23,53
-26,-23,53
-26,-24,53
-27,-24,53
-27,-24,53
-27,-24,53
-26,-24,53
-27,-24,53
-27,-24,53
-27,-24,53
-27,-25,53
-27,-25,53
-26,-24,53
-26,-25,53
-26,-24,53
-26,-24,53
-26,-24,53
-26,-24,53
-26,-24,53
-26,-24,53
-26,-24,53
-26,-25,54
-25,-25,53
-25,-26,53
-25,-25,53
-26,-25,53
-25,-25,53
-25,-25,53
-25,-25,54
-25,-25,53
-24,-25,54
-24,-25,54
-24,-25,54
-24,-25,54
-24,-25,54
-24,-25,54
-24,-25,54
-24,-25,54
-24,-25,54
-24,-25,54
-24,-25,54
-24,-25,54
-24,-24,54
-24,-24,54
-23,-24,54
-23,-23,54
-23,-23,54
-23,-24,54
-23,-24,54
-24,-24,54
-24,-24,54
-24,-24,54
-24,-24,54
-24,-24,54
-24,-24,54
-23,-24,54
-24,-25,54
-24,-25,54
-24,-24,54
-23,-24,54
-24,-24,54
-24,-24,54
-25,-25,54
-25,-25,54
-24,-25,54
-24,-24,54
-24,-25,54
-24,-25,54
-24,-25,54
-24,-25,54
-24,-25,54
-24,-25,54
-24,-25,54
-24,-25,54
-24,-25,54
-24,-25,54
-24,-27,54
-25,-26,54
-24,-25,53
-24,-25,53
-24,-25,53
-24,-25,53
-26,-25,53
-26,-25,53
-25,-25,53
-24,-26,53
-26,-26,54
-27,-26,53
-25,-25,53
-24,-25,53
-25,-26,54
-26,-25,54
-26,-25,54
-25,-25,53
-24,-25,53
-24,-26,54
-25,-26,53
-24,-26,55
-24,-27,56
-24,-27,57
-25,-27,57
-23,-23,63
-20,-24,65
-22,-23,64
-23,-14,59
-26,-13,49
-26,-11,43
-24,-9,32
-14,-6,47
-19,-6,57
-17,-14,74
-21,-21,77
-38,-29,56
-34,-17,42
-31,-9,44
-23,-5,52
-18,-8,60
-25,-15,61
-25,-16,59
-26,-17,57
-27,-17,56
-31,-18,52
-32,-18,52
-33,-18,54
-31,-18,53
-28,-19,54
-28,-19,53
-31,-20,54
-34,-20,52
-34,-20,52
-30,-20,54
-29,-20,54
-31,-19,54
-33,-19,53
-33,-19,53
-32,-18,53
-30,-16,54
-30,-16,54
-28,-17,54
-29,-18,54
-30,-18,54
-30,-18,54
-29,-18,53
-29,-18,54
-28,-18,55
-28,-18,54
-28,-18,54
-28,-18,54
-28,-18,55
-28,-19,56
-28,-19,55
-28,-19,55
-27,-18,54
-27,-17,55
-27,-18,55
-27,-18,55
-28,-18,55
-28,-18,55
-28,-18,55
-27,-18,55
-28,-19,55
-29,-19,54
-29,-19,54
-29,-18,53
-28,-18,54
-30,-19,55
-30,-19,55
-28,-19,54
-28,-19,54
-30,-19,54
-30,-19,54
-29,-18,55
-29,-18,54
-28,-18,54
-27,-19,54
-29,-20,54
-29,-20,54
-29,-20,54
-28,-21,54
-28,-20,54
-28,-21,53
-29,-20,54
-29,-20,54
-28,-20,54
-27,-20,54
-27,-20,54
-28,-20,54
-28,-20,54
-28,-20,54
-28,-20,54
-28,-20,54
-28,-20,54
-28,-20,54
-28,-20,54
-28,-20,54
-28,-20,54
-28,-20,54
-28,-20,54
-28,-20,54
-28,-20,54
-28,-20,54
-28,-20,54
-28,-20,54
-28,-20,54
-28,-20,54
-28,-20,54
-28,-20,54
-28,-20,54
-29,-20,54
-29,-20,54
-29,-20,54
-29,-20,54
-29,-20,54
-29,-20,54
-29,-20,54
-29,-20,54
-29,-20,54
-29,-20,54
-29,-20,54
-29,-20,54
-29,-20,54
-29,-20,54
-29,-20,54
-29,-20,54
-29,-20,54
-29,-20,54
-29,-20,54
-29,-20,54
-28,-20,54
-29,-20,54
-29,-20,54
-29,-20,54
-29,-20,54
-29,-20,54
-28,-20,54
-29,-20,54
-29,-20,54
-28,-20,54
-28,-20,54
-28,-20,54
-28,-20,54
-28,-20,54
-28,-20,54
-28,-20,54
-29,-20,54
-28,-20,54
-28,-20,54
-29,-20,54
-29,-20,54
-29,-20,54
-28,-20,54
-28,-20,54
-28,-20,54
-28,-20,54
-28,-20,54
-28,-20,54
-29,-20,54
-29,-20,54
-28,-20,54
-28,-20,54
-28,-20,54
-29,-20,54
-28,-20,54
-28,-20,54
-28,-20,54
-28,-20,54
-29,-20,54
-28,-20,54
-29,-20,54
-28,-20,54
-28,-19,54
-29,-19,54
-29,-20,54
-29,-20,54
-29,-20,54
-29,-20,54
-29,-20,54
-29,-20,54
-29,-19,54
-29,-20,54
-29,-20,54
-29,-20,54
-29,-20,54
-29,-19,54
-29,-20,54
-29,-20,54
-29,-20,54
-28,-20,54
-28,-20,54
-29,-20,54
-29,-20,54
-29,-20,54
-28,-20,54
-28,-20,54
-28,-19,54
-29,-20,54
-29,-20,54
-28,-20,54
-28,-20,54
-28,-20,54
-29,-19,54
-28,-20,55
-28,-20,55
-29,-20,54
-29,-20,53
-28,-19,53
-28,-20,54
-28,-20,54
-29,-20,54
-28,-20,54
-28,-20,54
-28,-19,54
-28,-19,54
-28,-19,54
-28,-20,54
-28,-20,54
-28,-19,54
-28,-20,54
-28,-20,54
-28,-20,54
-28,-20,54
-28,-20,54
-28,-20,54
-28,-20,54
-28,-20,54
-28,-20,54
-28,-20,54
-28,-19,54
-28,-20,54
-28,-20,54
-28,-19,54
-28,-20,54
-28,-20,54
-28,-20,54
-28,-20,54
-28,-20,54
-28,-20,54
-28,-20,54
-28,-20,54
-28,-20,54
-28,-20,54
-28,-20,54
-28,-20,54
-28,-20,54
-28,-19,54
-28,-20,54
-28,-20,54
-28,-20,54
-28,-20,54
-28,-20,54
-28,-20,54
-28,-20,54
-28,-20,54
-28,-20,54
-28,-20,54
-28,-20,54
-28,-20,54
-28,-20,54
-28,-20,54
-28,-20,54
-28,-20,54
-28,-20,54
-28,-20,54
-28,-20,54
-28,-20,54
-28,-20,54
-29,-20,54
-28,-20,54
-28,-20,54
-28,-20,54
-28,-20,54
-28,-20,54
-28,-20,54
-28,-20,54
-28,-20,54
-28,-20,54
-28,-20,54
-28,-20,54
-28,-20,54
-28,-20,54
-28,-20,54
-28,-20,54
-28,-20,54
-27,-20,54
-28,-20,54
-28,-20,54
-28,-19,54
-28,-20,54
-28,-20,54
-28,-19,54
-28,-20,54
-28,-20,54
-28,-20,54
-28,-20,54
-28,-20,54
-28,-20,54
-28,-20,54
-28,-20,54
-28,-20,54
-28,-20,54
-28,-19,54
-28,-20,54
-28,-20,54
-28,-20,54
-28,-20,54
-28,-20,54
-28,-20,54
-28,-20,54
-28,-20,54
-28,-19,54
-28,-19,54
-28,-19,54
-28,-20,54
-29,-20,54
-29,-19,53
-27,-19,54
-28,-19,54
-28,-20,55
-28,-20,54
-28,-20,54
-28,-20,54
-28,-19,54
-28,-20,54
-28,-20,53
-28,-20,54
-29,-19,54
-29,-20,55
-28,-20,54
-29,-20,54
-28,-19,54
-28,-19,54
-27,-19,54
-27,-19,54
-27,-19,54
-29,-19,54
-29,-19,54
-29,-20,54
-29,-20,54
-28,-20,54
-27,-20,54
-28,-19,54
-29,-19,55
-28,-20,55
-29,-20,54
-28,-20,54
-26,-19,54
-26,-19,54
-28,-18,54
-29,-18,55
-28,-20,55
-28,-20,55
-28,-19,54
-27,-20,53
-28,-19,53
-29,-19,54
-29,-20,55
-28,-21,54
-28,-21,54
-28,-20,54
-27,-20,53
-28,-19,54
-29,-18,54
-29,-19,55
-28,-20,55
-28,-20,54
-27,-20,54
-26,-19,53
-29,-19,54
-30,-19,54
-28,-20,55
-28,-20,55
-28,-20,54
-29,-20,54
-26,-20,53
-27,-20,53
-29,-18,55
-28,-19,55
-27,-20,55
-29,-20,54
-28,-20,54
-27,-19,53
-28,-19,53
-30,-18,55
-29,-19,55
-27,-20,55
-28,-21,54
-28,-21,53
-28,-20,53
-29,-19,53
-30,-19,55
-28,-20,55
-28,-21,54
-28,-21,54
-28,-20,54
-27,-19,53
-29,-18,54
-29,-18,54
-28,-20,55
-28,-20,55
-28,-20,54
-28,-20,54
-28,-19,53
-29,-18,54
-30,-19,55
-28,-20,55
-28,-21,55
-28,-20,54
-28,-20,54
-28,-19,53
-29,-19,53
-29,-19,55
-28,-20,55
-28,-21,55
-28,-20,54
-28,-20,54
-28,-19,53
-28,-19,54
-29,-19,55
-28,-20,55
-28,-21,55
-28,-21,54
-28,-20,53
-27,-19,53
-29,-19,54
-29,-19,54
-28,-20,55
-28,-21,54
-28,-20,54
-28,-19,53
-28,-19,53
-28,-19,54
-28,-19,55
-28,-21,54
-28,-21,54
-28,-20,54
-27,-20,54
-28,-19,54
-29,-19,54
-29,-20,54
-28,-21,55
-28,-21,55
-27,-20,54
-27,-20,53
-28,-19,54
-29,-19,54
-28,-20,55
-28,-20,55
-28,-20,54
-28,-20,54
-27,-19,53
-28,-19,54
-29,-19,55
-28,-20,55
-27,-21,55
-28,-20,54
-28,-20,54
-27,-19,53
-28,-19,54
-29,-19,55
-28,-20,55
-28,-21,55
-28,-20,54
-28,-20,53
-28,-19,53
-28,-19,54
-29,-19,55
-28,-20,55
-28,-21,54
-28,-21,54
-27,-19,53
-27,-19,53
-29,-19,54
-29,-19,55
-28,-20,55
-28,-21,55
-28,-20,54
-28,-19,54
-27,-19,53
-28,-19,54
-29,-19,55
-28,-20,55
-28,-21,54
-28,-20,54
-28,-20,54
-28,-19,53
-28,-19,53
-29,-19,55
-28,-21,55
-28,-21,55
-28,-20,54
-28,-20,53
-27,-19,53
-28,-19,53
-29,-19,55
-29,-20,55
-28,-21,54
-28,-20,54
-28,-20,53
-28,-19,53
-29,-19,53
-29,-19,55
-29,-20,55
-28,-21,53
-27,-24,49
-35,-19,55
-25,-18,54
-34,-19,52
-37,-13,55
-21,-17,63
-18,-15,62
-13,-9,61
-13,-6,59
-11,-5,65
-11,-2,63
-11,1,62
-9,3,60
-10,3,59
-11,2,60
-12,2,62
-13,1,63
-13,1,63
-13,0,61
-13,0,63
-13,0,64
-12,1,63
-12,1,62
-12,1,62
-12,1,62
-11,1,64
-11,1,63
-9,1,64
-6,2,64
1,2,63
3,3,63
6,3,62
5,4,63
-1,4,62
-11,3,62
-17,2,61
-30,0,55
-44,-1,48
-39,-8,46
-17,-5,61
17,2,73
48,0,65
45,-1,61
32,2,57
8,3,60
-5,1,61
-34,-2,55
-50,-8,45
-44,-8,46
-15,-3,61
-1,2,71
36,-3,73
34,-3,71
19,2,66
9,1,64
-24,-4,50
-49,-5,38
-48,-8,38
-34,-6,47
-12,-2,64
12,-2,77
14,-5,74
2,-7,69
-5,-6,65
-15,-4,57
-20,-4,56
-30,-2,60
-26,-6,62
-10,-16,59
-9,-14,55
-18,-38,59
-17,-11,70
-15,-15,58
-15,-16,52
-18,-16,54
-16,-19,60
-13,-19,62
-14,-18,59
-16,-19,59
-15,-19,59
-15,-19,59
-15,-19,58
-16,-19,58
-16,-19,59
-14,-18,60
-14,-19,60
-15,-18,58
-15,-18,58
-15,-19,59
-14,-19,59
-15,-19,59
-16,-19,59
-16,-19,58
-16,-19,58
-15,-19,59
-14,-19,59
-14,-18,59
-14,-19,59
-14,-19,59
-16,-19,59
-16,-18,59
-16,-19,59
-16,-19,59
-15,-19,59
-14,-19,59
-14,-19,58
-15,-18,59
-16,-19,60
-15,-19,59
-15,-19,59
-16,-19,58
-16,-19,58
-14,-19,58
-15,-19,59
-16,-19,60
-16,-19,60
-16,-19,58
-16,-19,58
-15,-19,58
-14,-19,58
-17,-18,59
-16,-19,60
-16,-19,59
-16,-19,58
-16,-19,58
-15,-19,58
-15,-19,58
-17,-18,59
-17,-19,60
-16,-19,59
-16,-19,58
-16,-19,58
-16,-19,58
-16,-19,58
-17,-18,59
-17,-19,59
-16,-19,59
-16,-19,59
-16,-19,58
-16,-19,58
-16,-19,59
-16,-19,60
-14,-19,61
-15,-19,59
-16,-19,57
-17,-19,57
-16,-19,57
-16,-19,59
-17,-20,59
-16,-20,58
-16,-19,58
-15,-19,59
-15,-19,59
-15,-19,59
-15,-18,59
-16,-18,59
-16,-18,59
-15,-19,59
-15,-20,59
-16,-19,59
-16,-19,58
-16,-20,58
-16,-19,58
-15,-19,59
-15,-19,59
-15,-19,59
-16,-20,59
-16,-19,59
-15,-19,59
-15,-19,59
-15,-19,59
-15,-19,59
-14,-19,59
-14,-19,59
-15,-19,58
-15,-19,59
-15,-20,59
-15,-20,59
-14,-20,59
-14,-20,59
-14,-20,59
-15,-20,59
-14,-19,59
-14,-20,59
-14,-20,59
-14,-20,59
-14,-20,59
-14,-20,59
-14,-20,59
-13,-20,59
-13,-20,59
-13,-20,59
-13,-20,59
-13,-20,59
-13,-20,59
-14,-20,59
-13,-20,59
-13,-20,58
-13,-20,59
-13,-21,59
-13,-21,59
-13,-21,59
-14,-21,59
-14,-21,59
-14,-21,59
-13,-21,59
-13,-21,59
-14,-21,58
-14,-20,58
-14,-20,58
-14,-21,58
-15,-21,59
-16,-21,59
-17,-22,60
-17,-21,60
-17,-21,60
-20,-20,58
-21,-20,57
-20,-19,55
-21,-18,58
-20,-20,58
-21,-21,59
-20,-21,60
-22,-19,56
-23,-15,51
-23,-10,45
-19,-16,57
-21,-19,63
-22,-23,64
-23,-24,61
-21,-22,58
-23,-18,52
-25,-19,53
-23,-22,58
-21,-21,58
-21,-19,57
-23,-19,55
-24,-20,55
-26,-20,56
-25,-20,56
-23,-20,56
-23,-20,56
-24,-20,55
-25,-21,55
-26,-21,55
-25,-21,55
-24,-21,55
-25,-21,56
-25,-21,56
-25,-21,55
-25,-21,55
-25,-20,55
-25,-21,55
-25,-20,55
-24,-20,55
-22,-19,56
-22,-19,56
-23,-20,56
-23,-20,57
-22,-19,57
-22,-19,56
-22,-19,57
-21,-19,57
-21,-19,57
-22,-19,56
-22,-20,57
-21,-19,57
-21,-19,57
-22,-20,58
-22,-20,57
-21,-19,57
-21,-19,57
-21,-19,57
-21,-19,57
-21,-19,57
-22,-19,57
-22,-19,57
-21,-19,57
-20,-19,57
-21,-19,57
-21,-19,57
-20,-19,57
-20,-19,57
-21,-19,57
-21,-20,57
-20,-19,57
-21,-19,57
-21,-19,57
-21,-19,57
-21,-19,57
-20,-19,57
-20,-19,57
-21,-19,57
-21,-20,57
-21,-19,57
-21,-20,57
-20,-21,58
-18,-21,57
-18,-21,58
-20,-21,57
-19,-21,58
-19,-21,58
-18,-21,58
-18,-21,57
-18,-21,57
-18,-21,57
-18,-21,57
-18,-21,58
-18,-20,58
-18,-21,58
-17,-20,58
-17,-20,58
-17,-20,58
-17,-20,58
-17,-20,58
-17,-20,58
-18,-21,58
-18,-21,58
-18,-21,57
-18,-20,58
-18,-20,58
-18,-20,58
-18,-21,58
-18,-21,58
-18,-20,58
-18,-20,58
-18,-20,57
-18,-20,58
-18,-20,58
-18,-20,58
-19,-20,57
-19,-20,57
-19,-19,57
-17,-20,58
-17,-20,59
-18,-20,59
-16,-19,59
-16,-20,58
-18,-20,58
-18,-20,58
-17,-19,58
-16,-19,58
-17,-20,58
-18,-21,58
-17,-20,58
-17,-20,58
-17,-19,58
-17,-20,58
-18,-20,58
-18,-21,57
-17,-21,58
-16,-21,58
-17,-21,58
-16,-20,58
-17,-21,57
-18,-21,57
-16,-21,58
-16,-20,58
-17,-20,58
-17,-20,58
-17,-21,58
-17,-20,58
-18,-20,58
-18,-20,58
-17,-20,58
-16,-19,58
-18,-20,58
-18,-19,58
-16,-19,58
-15,-19,58
-17,-19,58
-18,-19,58
-18,-19,58
-17,-18,58
-18,-17,58
-16,-18,58
-16,-18,59
-17,-20,59
-20,-19,59
-20,-17,59
-17,-17,59
-16,-13,59
-17,-13,59
-14,-13,61
-18,-12,60
-19,-11,59
-22,-10,60
-20,-11,60
-19,-10,60
-19,-10,60
-21,-9,60
-22,-9,59
-22,-8,59
-20,-8,59
-19,-9,59
-21,-9,60
-21,-9,60
-21,-8,60
-20,-8,60
-19,-10,59
-20,-10,60
-21,-8,61
-21,-8,61
-21,-10,60
-21,-12,59
-17,-15,56
-16,-19,57
-17,-21,58
-22,-22,58
-24,-20,58
-21,-18,57
-18,-19,57
-18,-19,57
-19,-20,57
-21,-20,58
-21,-20,57
-20,-20,57
-20,-20,57
-20,-19,57
-20,-19,57
-19,-19,57
-21,-20,57
-21,-20,57
-20,-20,57
-20,-20,57
-19,-20,57
-19,-20,57
-20,-19,57
-21,-19,57
-20,-20,57
-20,-20,57
-20,-20,57
-18,-20,57
-19,-20,57
-20,-20,58
-21,-20,58
-20,-21,58
-20,-21,58
-20,-21,57
-19,-21,57
-19,-20,57
-19,-20,57
-20,-19,57
-20,-20,57
-19,-21,58
-20,-21,57
-20,-21,57
-19,-20,56
-19,-20,57
-21,-19,58
-20,-20,57
-20,-20,58
-20,-21,58
-20,-21,57
-19,-20,57
-19,-20,57
-19,-19,57
-20,-20,58
-19,-21,58
-19,-21,58
-20,-21,56
-20,-21,56
-20,-20,56
-20,-19,57
-20,-19,58
-19,-20,58
-20,-20,58
-19,-20,58
-18,-20,57
-18,-20,57
-20,-20,57
-20,-20,58
-19,-20,58
-19,-21,57
-19,-21,57
-18,-21,56
-19,-21,56
-20,-20,57
-20,-20,57
-19,-21,58
-19,-21,58
-18,-21,57
-18,-20,56
-18,-20,57
-20,-19,57
-20,-20,58
-19,-21,58
-19,-21,57
-19,-21,57
-19,-21,57
-19,-20,57
-20,-20,57
-20,-20,58
-19,-21,58
-19,-22,58
-19,-21,57
-19,-21,57
-19,-20,56
-19,-20,57
-19,-20,58
-19,-20,58
-18,-21,58
-19,-21,57
-18,-20,57
-18,-20,57
-19,-19,57
-20,-20,58
-19,-21,58
-19,-21,57
-19,-21,57
-19,-20,56
-19,-20,56
-20,-20,57
-19,-20,58
-18,-21,58
-19,-21,58
-18,-21,57
-18,-20,57
-19,-20,57
-20,-19,57
-19,-20,58
-18,-21,58
-19,-21,57
-19,-21,57
-19,-20,57
-18,-20,57
-18,-20,57
-19,-21,57
-19,-21,58
-19,-21,57
-19,-21,57
-19,-20,57
-19,-20,57
-19,-20,57
-18,-21,58
-19,-21,57
-19,-21,58
-19,-21,57
-19,-20,57
-19,-20,57
-19,-20,57
-19,-20,57
-19,-20,57
-19,-21,57
-19,-20,58
-19,-20,57
-19,-20,57
-19,-20,57
-19,-20,57
-19,-20,57
-19,-21,57
-19,-20,57
-19,-20,57
-19,-20,57
-19,-21,57
-19,-21,58
-19,-21,57
-19,-20,57
-19,-20,57
-19,-21,57
-19,-20,57
-19,-21,57
-19,-20,57
-19,-20,57
-19,-20,57
-19,-21,57
-19,-20,57
-19,-21,57
-19,-20,57
-19,-20,57
-19,-20,57
-19,-20,57
-19,-20,57
-19,-21,57
-19,-20,57
-19,-20,57
-19,-20,57
-19,-20,57
-19,-21,57
-19,-21,57
-18,-21,57
-19,-20,57
-19,-21,57
-19,-20,57
-19,-21,57
-19,-21,57
-19,-20,57
-19,-20,57
-19,-21,57
-19,-21,57
-19,-21,57
-19,-21,57
-19,-21,57
-19,-21,57
-19,-20,57
-19,-20,57
-19,-21,57
-19,-20,57
-19,-21,57
-19,-20,57
-19,-20,57
-19,-20,57
-19,-20,57
-19,-21,57
-19,-20,57
-19,-20,57
-19,-21,57
-19,-20,57
-20,-20,57
-20,-20,57
-19,-21,57
-20,-21,57
-19,-20,57
-19,-20,57
-19,-20,57
-19,-20,57
-19,-20,57
-19,-21,57
-19,-20,58
-19,-20,57
-19,-20,57
-19,-20,57
-19,-20,57
-20,-20,58
-19,-20,57
-19,-20,57
-19,-20,57
-19,-20,57
-19,-20,57
-19,-20,57
-19,-19,57
-20,-20,57
-20,-20,57
-20,-20,57
-20,-20,57
-19,-20,57
-20,-20,57
-20,-20,58
-20,-20,57
-20,-20,57
-19,-20,57
-19,-20,57
-19,-20,57
-19,-20,57
-20,-19,57
-19,-20,57
-19,-20,57
-20,-19,57
-19,-20,58
-20,-20,57
-20,-20,57
-20,-20,57
-19,-20,57
-20,-19,57
-20,-20,57
-20,-20,57
-20,-20,57
-20,-20,57
-20,-20,57
-19,-20,57
-19,-20,57
-20,-19,57
-20,-20,57
-20,-20,57
-19,-20,57
-19,-20,57
-20,-20,57
-20,-21,57
-20,-21,57
-19,-21,57
-19,-21,57
-19,-21,57
-20,-21,57
-20,-21,57
-19,-21,57
-19,-21,57
-19,-21,57
-19,-21,57
-19,-21,57
-19,-20,57
-20,-20,57
-20,-20,57
-19,-20,57
-19,-20,57
-20,-21,57
-20,-20,57
-19,-20,57
-19,-20,57
-19,-21,57
-19,-21,57
-20,-21,57
-20,-21,57
-19,-21,57
-19,-20,57
-19,-21,57
-20,-21,57
-20,-20,57
-20,-20,57
-19,-20,57
-20,-20,57
-20,-20,57
-19,-21,57
-20,-20,57
-19,-20,57
-20,-21,57
-20,-21,57
-19,-20,57
-20,-20,57
-20,-20,57
-20,-20,57
-20,-20,57
-20,-20,57
-20,-20,57
-20,-21,57
-21,-22,57
-21,-22,57
-19,-20,57
-19,-20,57
-19,-19,57
-20,-20,57
-20,-20,57
-20,-20,57
-20,-20,57
-19,-20,57
-19,-21,57
-20,-21,57
-20,-21,57
-19,-21,57
-19,-21,57
-19,-21,57
-19,-21,57
-19,-21,57
-19,-21,57
-20,-21,57
-20,-21,57
-19,-21,57
-19,-20,57
-19,-20,57
-19,-20,57
-19,-20,57
-19,-21,57
-19,-21,57
-19,-21,57
-19,-21,57
-19,-21,57
-19,-21,57
-19,-21,57
-19,-21,57
-19,-21,57
-19,-20,58
-19,-20,57
-19,-20,57
-19,-20,57
-19,-20,57
-19,-20,57
-20,-21,57
-20,-21,57
-20,-21,57
-19,-20,57
-18,-20,57
-18,-20,57
-19,-20,57
-19,-21,57
-20,-21,57
-19,-21,57
-19,-22,57
-19,-21,57
-19,-21,57
-19,-21,57
-19,-21,57
-20,-21,57
-19,-21,58
-19,-21,57
-19,-21,57
-19,-21,57
-19,-21,57
-19,-21,57
-20,-20,57
-19,-21,57
-20,-21,57
-20,-21,57
-19,-21,57
-19,-21,57
-19,-21,56
-20,-21,57
-20,-21,58
-19,-21,57
-20,-21,57
-20,-21,57
-19,-21,57
-19,-20,57
-20,-20,57
-20,-21,58
-20,-21,58
-20,-21,57
-19,-21,56
-19,-20,56
-20,-20,57
-20,-20,57
-19,-21,58
-19,-21,58
-19,-21,57
-19,-21,57
-19,-20,56
-20,-20,56
-20,-20,57
-19,-21,58
-19,-21,57
-19,-21,57
-19,-21,57
-19,-20,57
-20,-20,57
-20,-21,57
-19,-21,58
-19,-22,57
-19,-21,57
-19,-21,56
-19,-20,56
-20,-20,57
-19,-21,58
-19,-22,58
-19,-21,57
-19,-21,57
-19,-20,56
-19,-20,56
-19,-20,57
-19,-20,58
-19,-22,57
-19,-21,57
-19,-21,57
-19,-20,56
-19,-20,57
-20,-20,58
-19,-21,58
-19,-22,58
-19,-22,57
-19,-21,56
-19,-21,57
-19,-20,57
-20,-20,57
-19,-21,58
-19,-22,58
-19,-21,57
-18,-21,56
-19,-20,56
-20,-20,57
-19,-20,58
-19,-22,58
-19,-22,58
-18,-21,57
-18,-21,57
-19,-20,57
-19,-20,57
-19,-21,58
-19,-22,58
-19,-21,57
-18,-21,57
-18,-21,56
-19,-20,57
-19,-20,57
-19,-21,58
-19,-22,58
-18,-21,57
-19,-21,57
-19,-20,57
-19,-20,57
-19,-21,58
-19,-21,58
-18,-22,57
-19,-21,57
-19,-21,57
-19,-20,57
-19,-20,57
-19,-21,58
-19,-21,57
-19,-21,57
-19,-21,57
-19,-20,57
-19,-21,57
-19,-21,57
-19,-21,57
-19,-21,57
-19,-21,57
-19,-21,57
-19,-21,57
-19,-21,57
-19,-21,57
-19,-21,57
-19,-21,57
-19,-21,57
-19,-21,57
-19,-21,57
-19,-21,57
-19,-21,57
-19,-21,57
-19,-21,57
-19,-21,57
-19,-21,57
-19,-21,57
-19,-21,57
-19,-21,57
-19,-21,57
-19,-21,57
-19,-21,57
-19,-21,57
-19,-21,57
-19,-21,57
-19,-21,57
-19,-21,57
-19,-21,57
-19,-21,57
-19,-21,57
-19,-21,57
-19,-21,57
-19,-21,57
-19,-21,57
-19,-21,57
-19,-21,57
-19,-21,57
-19,-21,57
-18,-21,57
-19,-20,57
-19,-21,57
-20,-21,57
-19,-22,57
-18,-22,57
-19,-21,57
-19,-21,57
-18,-20,57
-18,-20,57
-19,-21,58
-19,-21,57
-19,-21,57
-19,-21,57
-19,-20,57
-19,-21,57
-19,-21,57
-19,-21,57
-19,-21,57
-19,-21,57
-19,-21,57
-19,-21,57
-19,-21,57
-19,-21,57
-19,-21,57
-19,-20,57
-19,-21,57
-18,-21,57
-19,-21,57
-19,-21,57
-19,-21,57
-19,-21,57
-19,-21,57
-19,-21,57
-19,-21,57
-19,-21,57
-19,-21,57
-19,-21,57
-19,-21,57
-19,-21,57
-18,-21,57
-19,-21,57
-19,-21,57
-19,-21,57
-19,-21,57
-19,-21,57
-19,-21,57
-19,-21,57
-19,-21,57
-19,-21,57
-19,-21,57
-19,-21,57
-19,-21,57
-19,-21,57
-19,-21,57
-19,-21,57
-19,-21,57
-19,-21,57
-19,-21,57
-19,-21,57
-19,-21,57
-19,-21,57
-19,-21,57
-19,-21,57
-19,-21,57
-19,-21,57
-19,-21,57
-19,-22,57
-19,-22,57
-19,-21,57
-18,-20,57
-18,-20,57
-19,-20,58
-19,-21,57
-19,-21,57
-18,-21,57
-18,-21,57
-19,-21,57
-19,-21,57
-19,-21,57
-19,-22,57
-19,-21,57
-19,-21,57
-19,-21,58
-19,-21,57
-19,-21,57
-19,-21,57
-19,-21,57
-19,-21,57
-19,-21,57
-19,-21,57
-19,-21,57
-19,-21,57
-19,-21,57
-19,-21,57
-18,-21,57
-19,-21,57
-18,-21,57
-18,-21,57
-19,-21,57
-18,-21,57
-19,-21,57
-19,-21,57
-19,-21,57
-19,-21,57
-19,-21,57
-19,-21,57
-19,-21,57
-19,-21,57
-19,-21,57
-18,-21,57
-19,-21,57
-18,-21,57
-19,-21,58
-19,-21,57
-19,-21,57
-19,-21,57
-19,-21,57
-19,-21,57
-19,-21,57
-18,-21,57
-19,-21,57
-19,-21,57
-19,-21,57
-19,-21,57
-18,-21,57
-18,-21,57
-19,-21,57
-18,-21,57
-19,-21,57
-18,-21,57
-19,-21,57
-19,-21,57
-19,-21,57
-19,-21,57
-19,-21,57
-19,-21,57
-19,-21,57
-19,-21,57
-19,-21,57
-19,-21,57
-19,-21,57
-19,-21,57
-19,-21,57
-19,-21,57
-19,-21,57
-19,-21,57
-19,-21,57
-19,-21,57
-19,-21,57
-19,-21,57
-19,-21,57
-19,-21,57
-19,-21,57
-19,-21,57
-19,-21,57
-19,-21,57
-19,-21,57
-19,-21,57
-19,-21,57
-19,-21,57
-19,-21,57
-19,-21,57
-19,-21,57
-18,-21,57
-18,-21,57
-19,-20,57
-19,-21,57
-19,-21,57
-19,-21,57
-19,-21,57
-18,-21,57
-18,-21,57
-18,-20,57
-19,-20,57
-19,-21,57
-19,-21,57
-19,-21,57
-19,-21,57
-19,-21,57
-19,-21,57
-18,-21,57
-18,-21,57
-19,-21,57
-19,-21,57
-19,-21,57
-19,-21,57
-19,-21,57
-18,-21,57
-19,-21,57
-19,-21,57
-19,-21,57
-19,-21,57
-19,-21,57
-19,-21,57
-19,-21,57
-19,-21,57
-19,-21,57
-19,-21,57
-19,-21,57
-19,-21,57
-19,-21,57
-19,-21,57
-19,-21,57
-19,-21,57
-18,-21,57
-19,-21,57
-19,-21,57
-19,-21,57
-20,-21,57
-19,-21,57
-19,-21,57
-19,-21,57
-19,-21,57
-19,-21,57
-19,-21,57
-19,-21,57
-19,-21,57
-19,-20,57
-19,-20,58
-19,-20,58
-19,-19,57
-19,-19,58
-20,-19,58
-19,-20,57
-19,-20,57
-19,-19,57
-20,-19,57
-19,-20,57
-19,-20,57
-19,-20,58
-19,-20,58
-20,-20,58
-21,-20,57
-20,-20,56
-20,-20,56
-22,-19,56
-22,-20,56
-23,-19,57
-24,-19,57
-24,-17,56
-24,-17,55
-26,-17,56
-27,-17,56
-28,-17,56
-28,-17,55
-29,-18,56
-30,-18,53
-30,-17,54
-32,-17,53
-33,-16,53
-34,-17,51
-34,-16,51
-34,-15,51
-35,-15,52
-35,-14,52
-34,-15,52
-34,-14,52
-34,-14,50
-34,-15,51
-35,-15,49
-35,-14,49
-34,-12,51
-33,-13,52
-31,-17,53
-32,-17,53
-32,-18,54
-33,-19,54
-32,-19,53
-31,-19,51
-28,-20,54
-27,-20,56
-27,-19,56
-27,-20,54
-24,-20,56
-21,-19,57
-21,-19,57
-23,-20,57
-24,-20,57
-20,-20,57
-19,-20,57
-20,-20,57
-20,-22,55
-22,-26,47
-34,-1,76
-8,-1,72
8,-17,53
-8,-20,60
-14,-18,62
-16,-17,61
-24,-18,60
-22,-19,59
-21,-19,57
-23,-19,57
-9,-15,61
-4,-14,62
1,-9,63
15,-9,61
18,-11,58
5,-9,60
-15,-8,58
-30,-20,61
-24,-24,61
-15,-27,57
-3,-30,61
-9,-16,59
-10,-17,57
-11,-20,59
-10,-20,60
-9,-21,59
-9,-21,60
-9,-20,60
-10,-19,60
-11,-19,60
-10,-19,60
-10,-19,60
-10,-19,60
-11,-19,59
-11,-18,59
-11,-19,59
-11,-20,59
-12,-21,60
-17,-21,61
-15,-20,64
-18,-19,66
-12,-18,85
-24,-25,80
-53,-30,53
-39,-27,49
-24,-24,35
-19,-20,34
-16,-13,38
-16,-11,43
-17,-12,50
-21,-16,53
-30,-15,51
-53,-18,49
-51,-17,47
-43,-10,47
-41,-7,50
-44,-2,52
-48,-3,49
-44,-9,46
-45,-9,47
-33,-11,48
-25,-13,52
-28,-14,58
-34,-16,54
-30,-12,56
-29,-12,58
-30,-11,57
-32,-10,53
-36,-10,52
-43,-13,47
-43,-13,46
-43,-12,47
-39,-11,49
-32,-11,52
-31,-10,49
-31,-10,48
-37,-8,46
-44,-12,50
-50,-19,49
-55,-20,45
-52,-21,41
-49,-20,42
-48,-17,44
-47,-16,44
-43,-14,46
-41,-14,47
-37,-13,49
-35,-13,51
-34,-14,51
-35,-14,51
-36,-14,51
-35,-13,52
-34,-13,53
-32,-12,54
-31,-12,53
-33,-13,52
-35,-14,52
-35,-15,52
-36,-15,51
-37,-15,51
-36,-15,51
-35,-14,52
-35,-14,52
-35,-14,52
-34,-15,52
-36,-15,51
-37,-15,51
-36,-14,52
-35,-14,52
-35,-13,52
-35,-14,52
-35,-14,52
-35,-14,52
-35,-14,52
-34,-14,52
-34,-14,52
-34,-14,52
-34,-14,52
-34,-14,52
-35,-14,52
-35,-15,52
-36,-15,51
-37,-15,51
-36,-14,52
-35,-14,53
-34,-14,54
-36,-14,52
-35,-15,51
-40,-15,49
-38,-16,48
-37,-14,52
-35,-15,53
-34,-15,54
-32,-15,54
-33,-15,55
-33,-16,54
-33,-14,53
-37,-13,52
-39,-13,52
-38,-13,51
-38,-10,51
-52,-12,49
-69,-14,44
-77,-1,36
-79,1,32
-79,11,18
-63,12,24
-48,15,34
-46,14,31
-36,14,32
-30,8,36
-20,6,43
-3,-6,51
-3,-6,48
-11,-12,52
-8,-18,57
-19,-41,79
-21,-10,65
-14,-13,61
-7,-14,64
-3,-13,64
-10,-11,60
-11,-13,58
2,-7,59
-27,-3,52
-25,-15,64
-15,-11,65
-6,-7,61
-18,-7,56
-38,-10,48
-56,-13,41
-74,-8,41
-66,-11,36
36,-2,74
-5,-5,64
-46,0,57
5,0,67
12,-2,67
34,-5,75
34,-5,70
-8,-15,57
-9,-9,49
-57,-5,37
-58,-5,42
-36,-4,45
-57,0,30
-72,-5,40
-9,-5,69
35,-3,74
-22,-8,69
-12,-4,67
-9,-8,66
-2,-7,65
6,-8,66
1,-8,61
-29,-6,50
-41,-5,49
-44,-4,53
-36,-6,56
-19,-9,60
-22,-8,58
-22,-7,58
-26,-6,56
-28,-5,55
-29,-6,57
-27,-7,58
-26,-7,60
-28,-6,60
-29,-6,57
-29,-6,56
-29,-6,55
-28,-7,56
-29,-7,57
-30,-8,57
-29,-8,57
-29,-8,57
-29,-8,56
-29,-7,55
-29,-7,55
-28,-6,57
-28,-5,58
-28,-5,59
-28,-5,59
-30,-4,57
-29,-5,58
-29,-5,57
-29,-6,56
-30,-6,55
-29,-8,56
-28,-8,56
-26,-8,56
-26,-8,57
-28,-7,57
-30,-6,57
-32,-6,57
-32,-6,56
-30,-7,55
-28,-8,56
-28,-7,56
-28,-6,56
-28,-6,57
-29,-6,57
-29,-5,57
-30,-6,57
-30,-5,57
-30,-5,56
-30,-5,55
-30,-6,55
-30,-6,56
-30,-5,56
-32,-5,56
-32,-6,56
-31,-7,58
-31,-6,57
-28,-6,57
-27,-6,57
-31,-5,55
-33,-4,54
-35,-4,53
-32,-5,55
-24,-1,56
-43,-4,51
-32,-8,55
-13,-10,61
-18,-3,57
-41,-3,46
-36,-6,46
-54,-3,34
-87,5,26
-68,0,33
-21,-7,54
4,-5,63
-42,-7,58
-21,-6,67
12,-7,76
19,-6,78
-5,-9,59
-22,-3,46
-56,-2,45
-37,-10,50
-38,-8,34
-52,-2,22
-67,4,15
-62,11,11
-63,23,7
-66,25,3
-67,30,-13
-64,29,-11
-65,27,-7
-64,24,-3
-62,24,-3
-60,23,3
-59,23,4
-60,22,1
-61,22,1
-59,24,0
-59,24,1
-59,23,5
-57,23,6
-55,24,8
-51,26,11
-50,26,11
-52,28,13
-55,29,12
-60,27,9
-63,27,8
-65,23,3
-62,23,4
-68,22,2
-67,23,6
-71,17,4
-66,22,5
-59,24,14
-63,24,13
-58,24,19
-55,22,28
-58,22,32
-55,22,32
-49,21,36
-41,16,40
-37,11,40
-36,-10,51
-30,-10,57
-37,-18,64
-24,3,62
-14,-3,63
-5,-2,63
-23,-8,60
-38,-1,52
-21,-6,52
-28,-13,51
-32,-12,48
-69,2,32
-72,2,34
6,-3,74
-59,-3,56
-48,2,54
-8,-1,67
-9,-6,67
8,0,68
8,0,66
-23,-7,54
-31,-3,48
-48,-3,49
-47,-5,46
-47,-1,50
-60,-14,52
-31,-8,56
-46,-2,46
-53,-1,40
-44,-7,46
-30,-7,48
-57,-4,37
-73,-3,30
-63,-3,40
-40,-4,45
-13,-4,59
-10,-6,64
-35,-10,53
-59,-4,49
-19,-2,57
-18,-7,61
-17,-6,63
-12,-5,62
-15,-5,62
-13,-5,63
-10,-6,63
-13,-6,61
-10,-8,63
-10,-8,64
16,-8,65
4,-12,67
8,-5,56
-2,-10,67
-8,-14,67
-15,-18,65
-21,-12,73
-22,-15,79
-44,-19,60
-42,-14,53
-33,3,35
-39,15,17
-51,29,-3
-62,36,-10
-65,44,-19
-56,48,-22
-21,45,13
10,31,45
-3,32,14
-34,30,-17
-58,25,-25
-70,21,-17
-85,34,-9
-89,32,7
-72,17,11
-69,2,20
-73,-4,20
-70,-4,11
-67,1,15
-63,0,21
-61,3,20
-62,4,19
-64,5,20
-63,6,21
-63,9,16
-64,9,17
-63,5,19
-69,3,17
-74,0,18
-75,2,21
-95,5,21
-87,12,38
-78,15,40
-52,29,43
-34,30,48
-11,33,33
-9,44,29
-15,48,16
-15,49,9
-17,44,2
-28,39,-6
-67,25,-29
-75,23,-35
-58,37,-12
-40,33,22
-36,34,35
-1,51,46
12,57,41
-7,38,33
-13,37,39
-26,54,53
-46,64,55
-70,33,33
-60,38,32
-37,42,31
-31,45,27
-32,45,27
-28,44,31
-27,44,32
-26,43,38
-28,44,39
-34,42,36
-38,41,35
-39,40,32
-38,43,35
-39,43,36
-33,44,33
-31,45,32
-31,48,42
-33,48,49
-33,50,40
-56,50,13
-40,37,2
3,39,26
39,52,43
38,47,37
52,52,33
35,54,36
19,51,30
10,54,31
0,51,32
6,52,37
7,53,39
7,51,39
7,51,38
11,50,39
11,49,39
9,50,40
9,50,39
8,50,39
8,51,39
9,50,37
10,50,37
10,51,36
10,51,37
10,51,37
10,50,38
10,51,38
10,50,38
10,50,38
10,50,38
10,51,37
10,51,37
10,51,36
11,51,36
12,51,35
10,51,35
5,52,35
3,52,35
6,52,36
8,52,37
10,52,39
9,51,38
2,51,37
-2,52,36
-3,52,34
0,53,34
5,52,35
10,52,35
12,52,35
12,53,35
7,53,35
-8,55,42
-4,55,43
9,49,29
-7,48,31
1,52,41
5,52,40
8,52,37
10,53,35
13,53,36
14,53,36
10,53,37
15,53,38
17,52,33
6,49,32
-7,49,32
-26,49,32
-15,47,33
13,40,44
24,43,56
13,45,57
-7,40,46
-58,36,28
-3,40,48
25,43,61
14,39,53
-13,38,43
-29,39,41
-21,37,45
-6,36,44
-9,38,40
-54,39,38
-49,36,38
-31,36,41
-52,32,27
-73,33,21
-49,35,37
-43,35,42
-44,33,40
-44,33,37
-44,34,34
-41,34,36
-40,34,37
-40,34,38
-36,35,40
-36,34,40
-38,34,38
-41,34,36
-41,34,37
-38,34,40
-37,34,40
-39,34,38
-39,33,38
-38,33,40
-39,33,40
-38,34,39
-39,34,38
-42,33,43
-42,33,45
-45,33,44
-50,32,47
-48,32,50
-38,33,48
-34,34,38
-29,42,13
-37,50,0
-62,53,-8
-61,48,4
-49,45,23
-34,45,25
-21,39,25
-25,42,27
-25,44,23
-8,47,22
-2,50,23
2,55,31
4,47,40
27,39,68
32,32,79
11,34,71
0,39,59
-14,46,40
-19,48,37
-11,47,39
6,53,43
9,55,37
-26,52,14
-20,43,14
26,48,43
31,47,57
0,36,75
-11,40,69
-21,39,40
-13,43,42
3,50,45
6,49,43
-4,45,39
-5,46,44
-5,47,45
-5,46,44
-6,45,44
-7,46,46
-6,45,45
-4,46,44
-3,46,45
-6,47,45
-7,45,45
-5,45,46
-3,45,46
-3,46,43
-5,48,41
-6,48,41
-7,48,40
-7,48,41
-6,48,42
-6,47,42
-6,46,44
-6,46,44
-5,46,45
-5,46,44
-5,46,44
-4,47,43
-4,47,43
-5,47,43
-6,47,43
-5,47,43
-5,47,43
-5,47,43
-5,47,43
-4,47,43
-5,47,43
-5,47,42
-5,46,42
-5,47,41
-5,49,41
-4,49,40
-2,49,41
-1,50,41
-2,50,40
-3,50,40
-2,50,39
-1,50,40
-1,50,39
0,50,39
0,50,39
-1,50,40
-3,50,39
-4,49,40
-4,50,40
-3,50,40
-3,50,40
-3,50,39
-2,50,39
-1,51,39
-1,50,38
-2,50,39
-2,50,39
-2,50,40
-1,50,39
-2,50,39
-2,51,38
-2,50,38
-2,51,39
-2,51,39
-1,50,39
-1,50,39
-2,50,39
-2,50,40
-2,50,40
-1,50,40
-1,50,39
-1,50,39
-1,50,39
-1,50,40
-1,50,40
-1,50,39
-1,51,39
-1,50,38
-1,51,39
-1,50,39
-1,51,39
-1,51,39
-1,50,38
-1,51,39
-1,50,39
-1,51,38
-1,51,38
-2,51,38
-1,51,38
-1,51,39
-1,51,40
-1,50,40
-1,50,40
0,50,39
-1,51,38
-1,51,38
-1,50,39
-2,50,39
-2,50,40
-1,50,39
-1,50,39
0,51,38
0,51,38
0,51,38
-1,51,38
0,51,39
-1,51,39
-1,51,39
0,51,38
-1,51,38
-1,51,38
-1,51,38
-1,51,38
-1,51,38
-1,51,39
-1,51,39
-1,50,39
-1,50,39
-1,51,39
-1,51,38
0,52,36
-1,52,35
-2,52,33
-1,52,31
3,52,31
11,52,35
11,52,37
6,48,39
-1,45,37
-14,38,30
-10,33,28
-5,20,34
-11,11,38
-7,3,57
6,-4,75
1,-11,77
-13,-23,67
-17,-23,62
-11,-30,74
-12,-35,77
-23,-45,76
-30,-45,69
-27,-33,54
-27,-29,50
-25,-22,52
-24,-20,54
-23,-19,56
-21,-18,57
-19,-18,57
-17,-19,57
-16,-20,57
-16,-21,57
-15,-22,58
-16,-24,59
-18,-23,58
-21,-22,56
-22,-21,56
-24,-21,55
-24,-21,55
-23,-21,56
-21,-22,57
-20,-22,57
-20,-21,56
-20,-21,56
-22,-22,56
-22,-22,56
-22,-22,56
-22,-22,56
-21,-21,56
-20,-21,56
-20,-22,57
-20,-22,57
-20,-21,57
-20,-21,56
-20,-21,56
-21,-21,56
-21,-21,56
-21,-21,57
-21,-21,57
-21,-22,56
-21,-22,56
-21,-22,56
-21,-22,56
-21,-22,56
-21,-22,56
-21,-22,56
-21,-22,56
-21,-22,56
-20,-22,56
-20,-21,56
-20,-20,56
-21,-21,56
-21,-22,56
-21,-23,56
-22,-23,56
-22,-22,56
-22,-20,55
-22,-21,56
-22,-21,56
-22,-23,57
-22,-23,56
-20,-22,56
-20,-22,57
-19,-21,57
-19,-21,57
-21,-21,56
-21,-22,56
-21,-22,56
-21,-22,56
-22,-22,56
-22,-21,56
-21,-22,56
-22,-22,56
-22,-22,56
-22,-22,56
-22,-22,56
-22,-22,56
-22,-22,56
-21,-22,56
-21,-22,56
-21,-22,56
-21,-22,56
-21,-22,56
-22,-22,56
-22,-22,56
-23,-22,56
-22,-22,56
-23,-22,56
-22,-22,56
-22,-22,56
-22,-22,56
-22,-22,56
-22,-22,55
-23,-22,56
-22,-22,56
-22,-22,56
-22,-22,56
-22,-22,56
-22,-22,56
-22,-22,56
-22,-22,56
-21,-22,56
-21,-21,56
-22,-22,56
-22,-22,56
-22,-22,56
-22,-22,56
-22,-22,56
-22,-22,56
-22,-22,56
-22,-22,55
-21,-22,56
-21,-21,56
-22,-22,56
-22,-22,56
-22,-22,56
-22,-22,56
-21,-22,56
-21,-21,56
-21,-21,56
-22,-22,56
-23,-23,56
-23,-23,56
-23,-24,56
-22,-22,56
-21,-22,56
-22,-20,56
-21,-20,56
-21,-21,56
-21,-23,56
-22,-24,56
-22,-23,56
-21,-21,56
-21,-20,56
-21,-21,56
-22,-23,56
-23,-24,56
-23,-24,56
-22,-23,56
-21,-22,56
-21,-21,56
-21,-20,56
-22,-21,56
-22,-22,56
-21,-23,56
-21,-23,56
-21,-26,62
-23,-32,69
0,-40,81
8,-37,73
-13,-21,57
-36,-12,37
-53,6,8
-56,14,-6
-58,25,-35
-53,30,-40
-49,24,-42
-42,32,-42
-42,34,-39
-59,28,-24
-55,32,-23
-68,22,-22
-59,6,24
-67,10,21
-70,8,13
-68,13,6
-62,14,1
-66,23,2
-58,28,4
-45,28,4
-16,28,14
0,22,28
30,11,72
26,5,72
-18,-26,49
-13,-45,61
-107,-93,62
-81,-64,51
-42,-24,30
-40,-24,36
-29,-30,47
-23,-29,55
-25,-28,57
-32,-24,52
-25,-21,52
-15,-15,55
-13,-13,56
-13,-16,56
-11,-20,59
-11,-27,66
-14,-27,65
-18,-24,57
-19,-21,53
-24,-19,51
-28,-20,53
-29,-21,53
-30,-23,54
-27,-23,52
-25,-20,43
-28,-16,46
-21,-21,58
-16,-23,58
-9,-27,59
-7,-29,62
-5,-30,64
-5,-29,63
-7,-26,59
-12,-24,57
-14,-24,56
-15,-24,56
-15,-24,56
-14,-25,57
-13,-25,57
-11,-24,57
-11,-24,57
-10,-23,58
-10,-23,59
-12,-24,59
-14,-23,57
-14,-23,56
-15,-24,57
-15,-24,58
-13,-24,58
-12,-24,58
-12,-23,57
-12,-23,57
-13,-24,58
-13,-24,58
-14,-24,57
-13,-24,57
-14,-24,57
-13,-24,58
-13,-24,57
-12,-24,57
-12,-24,57
-12,-24,58
-12,-24,58
-12,-24,57
-12,-24,57
-12,-24,57
-12,-24,57
-12,-24,58
-12,-24,58
-12,-25,56
-12,-25,57
-12,-26,57
-12,-26,57
-12,-26,57
-11,-27,55
-12,-27,55
-12,-28,58
-12,-28,59
-12,-27,58
-11,-26,58
-11,-26,57
-11,-26,56
-12,-25,55
-13,-26,55
-13,-26,53
-13,-27,54
-12,-27,55
-11,-29,56
-11,-29,56
-10,-31,57
-9,-32,59
-9,-33,59
-9,-33,57
-9,-32,53
-9,-32,55
-8,-32,57
-10,-33,55
-10,-33,54
-9,-32,54
-8,-31,55
-7,-31,56
-6,-31,56
-7,-30,55
-8,-30,55
-9,-29,55
-10,-29,54
-10,-31,55
-9,-31,55
-8,-31,55
-8,-30,55
-8,-30,55
-8,-30,55
-9,-30,55
-9,-31,55
-8,-31,55
-8,-31,56
-8,-31,56
-9,-31,55
-9,-32,55
-9,-31,55
-9,-31,55
-9,-31,55
-9,-30,55
-9,-30,56
-9,-30,55
-10,-30,56
-11,-35,59
-11,-37,58
9,-35,69
2,-38,74
-37,-39,53
-44,-14,33
-54,-7,22
-82,-1,20
-76,-1,21
-35,1,31
-22,4,43
-32,13,38
-43,13,31
-56,7,37
-57,2,39
-34,-1,47
-39,0,44
-57,-2,41
-55,1,43
-53,2,42
-49,2,41
-48,2,41
-48,1,41
-49,0,39
-50,-1,39
-50,-1,40
-50,-1,41
-51,-1,41
-53,-1,40
-52,-1,40
-51,-1,40
-51,-2,40
-51,-2,41
-51,-1,42
-49,-1,43
-48,0,43
-47,0,43
-48,0,42
-49,-1,41
-50,0,41
-51,1,41
-51,4,38
-52,4,40
-55,4,38
-51,5,38
-48,5,38
-38,0,44
-22,-1,54
-44,1,46
-52,0,48
-61,-3,44
-54,-4,42
-41,-2,46
-40,-1,47
-42,0,46
-41,0,47
-43,-1,47
-41,-4,47
-38,-4,48
-36,-6,49
-38,-8,48
-45,-10,45
-47,-10,44
-52,-9,42
-50,-10,43
-47,-11,43
-48,-11,43
-57,-9,41
-58,-8,37
-57,-10,38
-51,-13,40
-50,-15,39
-45,-19,38
-41,-16,33
-33,-8,42
-36,-4,44
-62,3,36
-72,4,26
-80,3,17
-77,3,14
-72,-2,7
-54,2,18
-58,3,20
-57,1,29
-56,0,33
-46,-1,44
-45,-2,45
-43,-4,45
-45,-3,46
-42,-5,45
-38,-5,48
-52,-7,43
-51,-6,42
-51,-5,41
-48,-6,40
-47,-6,41
-58,-8,37
-59,-4,38
-44,-7,43
-46,-6,42
-53,-3,39
-53,-3,39
-51,-4,39
-49,-4,42
-46,-5,50
-41,-9,52
-36,-14,49
-28,-7,46
-28,-6,48
-32,-10,58
-33,-15,60
-47,-15,44
-46,-23,43
-49,-13,39
-43,-8,39
-42,-13,48
-40,-18,54
-35,-20,56
-30,-14,51
-26,-12,52
-33,-16,50
-39,-16,48
-45,-17,48
-45,-16,45
-43,-18,43
-43,-19,44
-44,-21,45
-44,-21,44
-45,-20,44
-45,-21,46
-43,-22,47
-43,-18,44
-43,-16,42
-44,-12,36
-47,-11,33
-61,-8,27
-65,-8,27
-57,-17,35
-55,-21,40
-41,-26,47
-35,-26,48
-33,-25,45
-46,-20,40
-52,-19,39
-54,-16,40
-49,-16,41
-39,-16,46
-37,-16,48
-38,-18,49
-39,-18,48
-39,-17,48
-39,-16,48
-38,-16,48
-38,-15,48
-35,-16,51
-34,-16,53
-33,-18,54
-34,-16,51
-34,-16,50
-35,-15,49
-38,-16,49
-39,-17,50
-36,-17,50
-35,-17,50
-37,-17,50
-37,-17,50
-38,-17,50
-38,-17,49
-37,-18,49
-36,-19,50
-38,-19,49
-38,-19,48
-37,-19,48
-38,-20,49
-39,-19,48
-38,-20,49
-38,-19,48
-37,-19,48
-37,-19,49
-37,-19,50
-35,-18,50
-34,-16,51
-35,-15,51
-37,-16,51
-36,-16,50
-35,-16,51
-35,-17,51
-36,-18,51
-37,-18,51
-37,-19,50
-37,-19,49
-39,-17,46
-39,-16,46
-38,-17,48
-36,-19,50
-36,-19,50
-37,-19,50
-38,-19,50
-38,-19,48
-38,-18,48
-38,-17,48
-37,-17,48
-36,-19,50
-37,-21,51
-40,-25,51
-41,-25,51
-42,-26,51
-32,-25,62
-38,-22,62
-48,-21,56
-58,-18,51
-72,-9,41
-74,-2,38
-82,12,20
-81,15,15
-62,18,17
-47,22,18
-36,35,11
-31,34,19
-25,33,24
-17,35,36
-17,33,41
-18,22,47
-20,23,46
-28,26,41
-24,25,39
-35,35,31
-39,36,32
-39,38,35
-39,39,35
-37,40,36
-43,42,34
-40,37,42
-36,40,38
-37,41,32
-34,41,34
-35,39,36
-34,39,37
-34,39,36
-38,40,35
-39,40,35
-39,38,36
-38,39,35
-34,40,36
-35,39,36
-37,40,35
-37,40,34
-37,41,34
-39,41,33
-39,41,33
-36,40,35
-33,41,36
-33,42,35
-34,42,34
-36,43,34
-33,43,35
-33,43,35
-34,42,35
-34,41,35
-35,41,35
-35,42,35
-36,42,35
-36,41,35
-35,39,36
-35,39,36
-34,40,36
-33,40,36
-35,37,37
-36,31,37
-33,31,36
-25,28,37
-18,26,43
-14,21,40
-14,23,37
-24,24,23
-25,32,22
-37,25,14
-56,25,13
-80,24,26
-85,-6,19
-86,-13,15
-73,-18,25
-41,-38,34
-56,-44,79
-56,-48,75
-21,-31,58
-34,-21,47
-39,-17,48
-40,-18,50
-32,-20,54
-28,-18,53
-27,-15,53
-22,-13,53
-17,-12,57
-20,-17,57
-24,-17,56
-35,-20,53
-36,-19,53
-31,-18,54
-28,-17,55
-26,-15,55
-27,-16,54
-29,-17,54
-29,-17,54
-29,-17,55
-29,-17,55
-29,-17,54
-29,-17,54
-29,-17,54
-29,-16,55
-28,-16,55
-29,-17,55
-29,-17,55
-29,-17,54
-29,-17,55
-29,-17,55
-29,-17,55
-29,-17,55
-29,-17,55
-29,-17,55
-30,-17,54
-30,-17,54
-30,-17,54
-29,-18,54
-29,-18,55
-30,-18,55
-29,-17,55
-28,-16,54
-28,-16,55
-28,-17,55
-29,-17,55
-29,-17,55
-29,-17,55
-29,-17,55
-29,-17,55
-28,-17,55
-28,-17,55
-29,-17,55
-29,-17,54
-29,-17,55
-29,-17,55
-29,-17,55
-29,-17,55
-29,-17,54
-29,-17,54
-28,-17,55
-29,-17,55
-29,-17,55
-29,-17,55
-29,-17,55
-28,-17,55
-29,-17,55
-28,-17,55
-28,-17,55
-29,-17,55
-29,-17,55
-29,-17,54
-29,-17,55
-29,-17,55
-29,-17,55
-29,-17,55
-29,-17,55
-28,-17,55
-28,-17,55
-28,-17,55
-28,-17,55
-28,-17,55
-28,-17,55
-29,-17,54
-29,-17,55
-29,-17,54
-29,-17,55
-29,-18,54
-29,-18,55
-29,-17,55
-29,-17,55
-28,-17,55
-28,-17,55
-29,-17,55
-28,-17,55
-28,-17,55
-29,-17,55
-29,-17,55
-28,-17,54
-28,-17,54
-29,-17,54
-29,-17,54
-29,-17,55
-29,-17,54
-29,-17,54
-29,-17,54
-29,-17,55
-29,-17,55
-29,-17,55
-29,-17,55
-29,-17,54
-29,-17,54
-29,-17,54
-29,-17,55
-29,-17,55
-29,-17,55
-29,-17,55
-29,-17,55
-29,-17,55
-29,-17,54
-29,-17,54
-28,-17,55
-29,-17,55
-29,-17,55
-29,-17,55
-29,-17,55
-28,-17,55
-28,-17,55
-29,-17,55
-29,-17,55
-29,-17,55
-29,-17,54
-29,-17,54
-29,-17,54
-29,-17,55
-29,-17,54
-29,-17,55
-29,-17,55
-29,-17,55
-29,-17,54
-29,-17,55
-28,-17,55
-28,-16,55
-29,-17,55
-30,-18,54
-30,-19,54
-29,-17,55
-28,-17,55
-28,-16,55
-28,-16,55
-29,-17,55
-29,-18,55
-29,-18,55
-29,-17,55
-29,-17,55
-29,-17,54
-29,-17,55
-29,-17,55
-29,-18,55
-29,-18,55
-29,-17,55
-28,-17,55
-28,-16,54
-28,-17,55
-29,-17,55
-29,-18,55
-29,-18,55
-29,-18,54
-29,-17,54
-28,-16,54
-28,-16,55
-28,-17,55
-29,-18,55
-29,-17,55
-28,-18,55
-28,-17,55
-28,-17,54
-28,-17,54
-28,-17,55
-28,-17,55
-29,-18,55
-29,-18,55
-29,-18,55
-28,-17,55
-28,-17,55
-28,-17,55
-28,-17,55
-28,-17,55
-28,-17,55
-30,-19,57
-29,-22,58
-42,-34,63
-40,-30,64
-32,-28,76
-33,-16,69
-34,-8,62
-30,5,57
-36,9,49
-39,22,40
-39,27,34
-29,30,32
-25,32,32
-13,36,34
-7,39,35
4,43,37
4,43,37
-2,42,35
-18,38,34
-19,37,33
-16,38,31
-9,38,29
-1,33,34
-1,30,35
-2,23,44
-6,19,56
-43,8,95
-56,-9,81
-87,-43,47
-79,-30,44
-49,-14,40
-45,-14,37
-42,-14,37
-27,-17,44
-14,-21,53
-8,-40,75
-1,-55,74
25,-5,79
15,-15,65
-19,-14,46
-24,-17,49
-27,-21,57
-28,-22,59
-27,-23,58
-25,-20,54
-22,-19,55
-20,-18,57
-21,-19,57
-23,-20,56
-24,-19,57
-23,-20,57
-22,-20,57
-21,-19,57
-22,-19,57
-22,-19,56
-21,-19,57
-21,-19,57
-20,-19,58
-20,-19,57
-21,-20,57
-21,-20,56
-22,-20,57
-22,-20,56
-21,-20,57
-21,-20,57
-21,-20,57
-22,-19,57
-22,-19,57
-21,-20,56
-22,-20,57
-22,-20,57
-22,-19,56
-22,-20,56
-22,-20,57
-22,-20,57
-22,-20,57
-22,-20,56
-22,-20,56
-23,-20,57
-22,-20,56
-22,-20,56
-23,-20,56
-22,-20,56
-22,-20,56
-22,-20,56
-23,-20,57
-22,-20,57
-22,-20,57
-22,-20,57
-22,-20,56
-22,-20,56
-21,-19,56
-21,-19,56
-22,-19,57
-22,-20,57
-22,-20,57
-22,-20,56
-22,-19,56
-22,-19,56
-22,-20,56
-22,-20,56
-22,-21,56
-22,-20,56
-22,-20,56
-22,-19,57
-22,-20,57
-22,-20,57
-22,-20,57
-22,-20,57
-21,-19,57
-22,-20,57
-22,-20,56
-22,-20,56
-22,-20,56
-22,-20,57
-22,-20,57
-22,-20,56
-22,-20,56
-22,-20,57
-21,-20,57
-21,-20,57
-22,-20,57
-22,-20,57
-22,-20,57
-21,-20,57
-22,-20,57
-22,-20,57
-22,-20,57
-22,-20,56
-22,-20,57
-22,-20,57
-22,-20,57
-21,-20,57
-21,-20,56
-21,-20,57
-22,-19,57
-21,-20,56
-21,-20,57
-22,-20,57
-21,-20,57
-22,-20,57
-22,-20,57
-21,-20,56
-21,-20,56
-22,-20,56
-22,-20,57
-22,-19,57
-22,-19,56
-21,-20,57
-21,-20,57
-23,-20,56
-23,-20,56
-23,-19,56
-22,-20,56
-22,-21,57
-22,-20,56
-22,-20,56
-22,-19,57
-22,-19,57
-22,-20,57
-22,-20,56
-22,-21,56
-22,-20,56
-22,-20,57
-22,-20,57
-22,-20,56
-22,-20,56
-22,-20,57
-22,-20,57
-22,-20,56
-22,-20,57
-21,-20,57
-22,-20,57
-22,-20,57
-22,-20,57
-22,-20,56
-22,-20,56
-22,-20,56
-22,-20,56
-22,-19,56
-22,-20,56
-22,-20,56
-23,-20,56
-22,-20,56
-22,-20,57
-22,-20,56
-22,-20,56
-22,-20,56
-22,-20,56
-22,-20,57
-22,-20,57
-22,-20,57
-22,-20,57
-22,-19,57
-22,-20,56
-22,-20,56
-22,-20,56
-22,-20,56
-22,-20,57
-22,-20,57
-22,-20,59
-22,-23,62
-24,-25,62
-23,-27,62
-21,-28,65
-19,-26,69
-26,-24,70
-31,-19,67
-31,-16,64
-39,-5,61
-43,1,58
-44,9,51
-45,14,48
-51,23,46
-52,26,41
-40,35,36
-37,38,36
-25,41,36
-10,46,36
-6,47,36
-2,49,33
-1,49,35
10,49,44
11,46,44
9,41,43
10,37,46
16,30,43
18,29,40
14,24,39
15,21,41
20,15,48
14,26,47
14,30,46
18,30,51
21,30,55
14,31,58
12,32,56
15,34,57
15,34,57
13,32,56
11,30,56
14,27,50
13,26,50
13,25,51
11,25,51
10,26,52
12,30,56
11,33,55
9,35,54
8,34,55
13,31,58
14,30,56
14,26,52
15,23,50
15,24,49
17,27,54
13,28,53
13,32,56
14,34,58
11,37,54
12,35,55
19,28,59
18,26,55
20,20,48
20,20,46
21,21,51
18,23,54
14,30,55
14,37,58
11,36,57
12,37,56
19,34,58
24,28,55
23,26,46
33,21,40
33,21,44
19,24,56
17,27,58
15,36,50
13,38,56
10,35,55
21,30,57
26,30,56
28,25,42
31,22,46
20,22,53
14,24,53
15,30,52
19,34,55
17,37,56
13,33,55
22,29,57
27,28,45
25,22,45
24,22,52
21,24,50
13,27,46
15,31,55
6,33,63
4,32,61
18,30,58
22,29,58
21,25,47
22,22,52
13,22,60
5,29,52
10,34,53
12,36,55
12,31,54
17,26,60
15,28,53
22,22,57
22,22,70
8,26,55
5,30,44
19,35,54
17,29,56
12,31,56
16,32,54
15,28,57
15,24,55
13,25,53
20,18,65
23,15,65
24,14,63
18,16,57
17,13,57
18,10,57
16,5,57
16,4,55
19,3,56
18,2,58
14,2,58
4,-4,62
8,0,62
5,-1,69
8,-3,69
1,0,58
2,-3,62
0,-5,64
-4,-2,61
-3,-4,64
-4,-5,66
-3,-2,67
-6,-4,72
-6,-4,68
-4,0,64
-3,0,62
-4,1,62
-7,0,65
0,1,71
-2,0,71
-4,1,68
0,4,64
3,6,60
7,9,58
9,9,54
18,11,50
24,11,50
28,11,47
29,10,44
39,9,39
41,7,42
37,1,46
36,1,42
46,-2,37
51,-7,42
50,-11,35
32,-52,76
20,-58,91
47,-14,41
52,-13,51
38,-16,48
36,-17,46
31,-19,45
30,-18,50
32,-18,49
32,-18,49
32,-16,51
29,-15,52
25,-16,52
26,-19,53
30,-20,54
34,-18,53
35,-17,52
32,-18,51
30,-19,50
30,-20,50
30,-21,51
30,-20,52
30,-21,52
29,-21,51
29,-21,50
29,-22,50
32,-22,51
30,-22,50
30,-24,49
31,-25,50
34,-24,50
34,-24,50
39,-22,50
44,-23,49
46,-26,49
52,-31,61
57,-34,68
49,-31,61
40,-28,52
28,-17,35
24,-12,33
15,-3,22
19,0,17
40,2,13
47,1,12
61,3,14
66,7,17
55,2,7
39,-13,-9
41,-13,-20
26,22,-17
3,2,-21
-16,10,-30
-20,20,-29
-43,2,-39
-83,-19,-36
-128,-34,-33
-128,70,119
50,-13,5
-61,-49,30
-7,-8,24
-34,4,16
-30,6,22
-25,5,15
-30,14,23
-77,26,44
-74,19,41
-20,-1,78
-23,-31,59
-54,-20,49
-67,-13,42
-60,-6,35
-53,-5,37
-39,-3,41
-33,-4,48
-31,-5,49
-28,-9,54
-28,-11,54
-32,-15,54
-33,-17,53
-32,-24,56
-31,-27,57
-30,-28,56
-30,-27,56
-29,-25,58
-28,-26,61
-25,-24,64
-28,-22,62
-32,-19,60
-44,-14,53
-47,-11,48
-29,3,42
-20,7,41
-18,13,47
-21,15,48
-27,15,47
-30,15,48
-30,8,53
-24,-3,56
-26,-9,55
-36,-12,56
-41,-17,60
-45,-26,54
-45,-23,50
-46,-17,46
-46,-14,47
-44,-12,47
-43,-10,46
-42,-9,46
-42,-8,47
-40,-9,48
-39,-10,49
-39,-10,49
-40,-11,49
-41,-12,48
-41,-12,49
-41,-11,48
-41,-11,48
-41,-10,48
-41,-10,48
-41,-10,48
-41,-11,48
-41,-11,48
-41,-11,48
-41,-11,48
-41,-11,48
-41,-11,48
-42,-11,48
-42,-11,48
-42,-11,48
-41,-12,48
-41,-12,48
-41,-12,48
-41,-12,48
-41,-11,48
-42,-10,48
-41,-11,48
-41,-11,48
-41,-11,48
-40,-12,49
-39,-11,49
-38,-11,50
-39,-10,50
-39,-10,49
-40,-10,49
-41,-11,49
-41,-11,48
-41,-11,48
-42,-11,48
-41,-11,48
-41,-11,48
-41,-11,49
-40,-11,49
-40,-11,49
-40,-11,49
-40,-11,48
-41,-11,48
-41,-11,48
-40,-11,49
-40,-12,49
-40,-11,49
-40,-11,49
-40,-11,49
-40,-12,49
-41,-12,48
-41,-12,48
-41,-11,48
-41,-12,48
-41,-12,48
-41,-12,48
-41,-12,48
-41,-12,48
-41,-12,48
-40,-12,48
-33,-12,51
-33,-11,51
-47,-12,45
-55,-11,42
-51,-9,40
-45,-6,40
-43,-4,46
-49,-6,45
-54,-6,37
-54,-5,36
-56,-3,35
-56,-2,36
-56,-2,36
-50,-6,40
-45,-8,44
-36,-13,51
-33,-15,54
-32,-15,54
-35,-14,53
-39,-10,48
-42,-9,46
-44,-9,46
-44,-9,46
-43,-10,47
-43,-12,48
-43,-12,47
-42,-12,48
-41,-12,47
-41,-10,48
-40,-10,48
-40,-10,49
-40,-11,49
-40,-11,49
-41,-11,49
-41,-12,48
-40,-12,48
-30,-13,54
-24,-14,55
-29,-13,47
-70,-9,28
-82,-7,21
-66,1,22
-58,2,25
-57,7,22
-60,9,20
-59,10,21
-58,11,25
-58,10,23
-59,7,23
-59,-7,33
-48,-27,51
-32,-24,53
-23,-18,56
-25,-14,58
-31,-14,54
-35,-14,51
-42,-11,46
-42,-10,46
-40,-10,48
-37,-12,49
-39,-14,48
-46,-15,53
-46,-13,49
-45,-9,48
-46,-8,46
-42,-1,43
-41,2,44
-42,3,46
-42,3,46
-44,-1,40
-47,-5,40
-54,-22,46
-50,-26,50
-31,-22,53
-32,-15,54
-34,-13,52
-39,-11,47
-41,-10,46
-43,-8,45
-42,-8,46
-40,-10,49
-40,-13,49
-41,-16,49
-41,-16,49
-40,-14,48
-40,-13,48
-39,-12,48
-39,-12,48
-40,-13,49
-39,-14,49
-39,-13,49
-40,-12,48
-40,-12,49
-41,-12,48
-41,-12,48
-41,-14,48
-40,-14,48
-40,-13,49
-40,-13,48
-40,-13,48
-41,-12,48
-41,-13,48
-41,-13,48
-40,-13,48
-40,-14,49
-40,-14,49
-39,-13,49
-39,-12,49
-40,-13,48
-41,-13,48
-41,-13,48
-41,-13,47
-40,-13,48
-40,-13,49
-40,-13,49
-40,-13,49
-40,-13,48
-40,-13,48
-40,-13,48
-40,-13,48
-41,-13,48
-40,-14,48
-40,-14,49
-39,-13,49
-39,-13,49
-39,-13,49
-41,-13,48
-41,-13,48
-41,-14,48
-41,-15,48
-39,-14,49
-39,-14,49
-39,-12,49
-40,-12,48
-41,-13,48
-41,-13,48
-40,-14,48
-39,-13,49
-39,-13,49
-40,-13,49
-40,-13,48
-40,-13,48
-40,-13,48
-40,-13,48
-40,-13,48
-40,-14,48
-40,-13,49
-40,-13,48
-40,-13,48
-40,-13,48
-40,-13,48
-40,-13,48
-40,-13,48
-40,-13,48
-40,-13,48
-40,-13,48
-41,-13,48
-40,-13,48
-40,-14,48
-40,-14,48
-40,-14,48
-41,-14,48
-40,-13,48
-41,-14,47
-41,-14,46
-39,-15,52
-41,-14,52
-42,-10,47
-42,-8,46
-41,-6,46
-41,-6,47
-42,-8,48
-41,-10,48
-40,-14,49
-40,-16,49
-40,-16,50
-40,-15,49
-40,-14,49
-41,-12,46
-42,-12,47
-42,-12,47
-41,-13,48
-41,-14,48
-40,-14,49
-40,-13,49
-41,-12,48
-41,-13,48
-41,-14,48
-41,-14,48
-41,-14,48
-40,-14,48
-40,-13,48
-40,-13,48
-41,-13,48
-41,-13,48
-41,-13,48
-41,-13,48
-40,-15,49
-41,-16,50
-41,-15,50
-50,-13,51
-52,-15,53
-54,-7,53
-58,-1,51
-69,11,43
-74,13,40
-73,18,33
-75,23,30
-71,26,27
-59,27,24
-47,31,21
-36,35,19
-31,39,15
-37,39,2
-31,35,2
-16,28,9
-8,25,13
13,23,21
18,24,27
19,31,41
24,48,49
22,127,37
18,58,34
-34,38,24
-28,44,28
-24,47,37
-25,47,35
-27,45,37
-32,45,37
-31,45,39
-24,44,43
-24,43,41
-27,45,39
-25,45,39
-27,45,39
-27,47,38
-27,46,37
-23,47,33
-24,45,32
-30,42,33
-30,41,34
-35,42,35
-37,43,36
-30,49,35
-30,50,33
-32,48,32
-32,46,33
-34,40,35
-34,39,37
-34,41,38
-34,44,36
-33,43,35
-31,41,37
-31,40,38
-33,41,38
-33,40,37
-31,40,39
-29,41,40
-27,43,40
-28,42,39
-29,42,38
-32,43,37
-33,43,35
-33,44,35
-32,43,35
-33,43,36
-35,42,36
-37,42,38
-37,43,38
-33,44,37
-32,45,37
-31,47,36
-30,45,36
-32,39,32
-35,37,30
-34,38,32
-29,47,37
-27,50,39
-20,48,41
-17,46,41
-12,44,42
-11,45,42
-13,48,40
-16,48,39
-22,49,36
-25,49,35
-28,49,33
-30,48,34
-29,47,34
-28,47,36
-27,47,37
-25,47,37
-24,47,38
-22,46,38
-23,45,38
-24,45,38
-24,45,38
-24,45,40
-25,45,40
-26,45,38
-27,45,37
-27,45,37
-28,45,36
-27,45,37
-26,45,37
-25,46,38
-24,46,38
-24,46,37
-25,47,36
-25,47,36
-27,46,36
-27,46,36
-28,45,37
-27,45,37
-26,44,38
-27,44,38
-27,45,38
-26,47,38
-26,47,37
-24,47,35
-24,47,35
-26,46,36
-26,46,37
-28,46,36
-29,46,34
-29,46,34
-29,46,36
-28,45,36
-28,45,38
-27,45,38
-25,45,37
-25,45,37
-25,45,38
-26,45,39
-25,44,39
-25,45,39
-25,43,38
-29,42,38
-33,42,39
-33,40,47
-28,36,52
-19,35,54
-17,39,54
-28,42,38
-33,44,26
-26,55,5
-20,63,-1
-23,67,-12
-21,68,-9
-20,67,-5
-19,64,1
-19,62,4
-21,60,10
-21,59,13
-20,58,17
-20,57,18
-22,57,17
-24,57,16
-22,59,15
-22,59,14
-23,59,13
-22,60,13
-23,59,13
-22,59,13
-21,59,14
-21,60,15
-20,60,15
-19,60,15
-19,60,14
-18,60,15
-18,60,15
-18,59,15
-19,60,15
-19,60,15
-19,60,16
-19,59,16
-20,59,17
-20,59,17
-20,59,16
-20,59,17
-20,59,17
-20,59,17
-20,59,17
-20,59,16
-22,60,10
-35,64,-4
-40,66,-9
-5,61,15
5,57,30
-4,60,22
-13,57,24
-17,51,34
-19,52,35
-13,46,47
-7,50,40
-9,53,32
-8,52,33
-2,57,31
-3,58,26
-3,59,25
-7,60,24
-9,61,20
-9,59,23
-10,57,26
-11,57,29
-12,57,29
-12,57,27
-10,57,27
-10,57,26
-10,58,25
-9,58,26
-9,58,26
-9,58,27
-10,57,27
-10,57,28
-9,56,29
-8,56,29
-10,57,29
-9,57,29
-8,57,28
-9,57,27
-10,58,26
-10,58,26
-10,57,27
-9,57,28
-9,57,27
-10,57,27
-11,57,27
-11,57,27
-10,58,27
-10,57,27
-10,57,28
-9,56,29
-8,57,29
-9,56,28
-10,56,29
-11,55,29
-12,56,31
-12,54,30
-15,58,23
-15,60,24
-11,59,18
-18,61,9
-2,60,3
20,68,11
10,61,34
5,61,23
-32,75,-18
-31,60,4
5,64,16
3,61,21
5,59,23
2,60,23
2,60,22
1,61,19
0,61,19
0,62,18
3,61,18
1,62,17
0,62,17
-1,62,16
-1,61,17
0,61,18
-1,61,18
0,61,19
-2,61,18
-3,61,18
-1,62,18
-2,61,18
-3,61,17
-2,62,17
-1,62,18
1,62,18
1,61,18
1,61,17
1,61,17
2,61,17
1,61,17
1,61,18
1,62,18
0,61,18
-1,61,18
-1,62,17
0,61,17
0,62,17
-2,62,20
-2,62,19
-1,62,15
-2,62,18
1,61,22
3,61,23
-7,61,19
-3,59,23
-7,60,20
-10,60,20
-12,57,25
-11,57,25
-8,57,26
-14,55,28
-16,54,29
-17,53,31
-17,52,32
-20,50,33
-20,50,33
-24,49,33
-27,48,34
-26,47,36
-28,46,36
-30,45,37
-31,44,37
-31,44,35
-30,43,35
-32,43,35
-34,41,37
-34,41,38
-35,40,38
-37,40,36
-37,41,35
-36,41,35
-35,41,35
-35,41,35
-35,42,36
-33,42,37
-33,42,36
-35,42,35
-35,42,36
-34,42,36
-34,42,36
-32,42,36
-31,43,36
-28,44,36
-28,45,35
-28,45,35
-28,45,35
-28,45,36
-30,44,36
-31,44,36
-31,44,36
-32,44,35
-32,44,35
-31,44,36
-30,43,37
-30,43,37
-29,44,37
-29,44,36
-29,44,36
-30,44,36
-30,44,37
-30,45,36
-31,45,34
-32,45,34
-31,45,34
-30,44,36
-29,44,37
-26,44,38
-25,45,38
-25,45,37
-26,46,36
-25,46,37
-25,45,37
-27,45,38
-29,45,37
-28,45,37
-28,45,36
-29,45,35
-30,45,35
-29,45,36
-28,45,37
-28,45,36
-29,45,35
-30,45,35
-30,45,36
-31,44,36
-30,44,36
-30,44,37
-30,44,37
-29,45,37
-28,45,37
-27,45,35
-28,45,35
-28,45,36
-28,45,37
-27,44,38
-26,44,38
-26,45,38
-27,45,37
-27,45,36
-28,45,37
-28,44,37
-28,44,38
-28,45,37
-27,45,37
-27,45,37
-27,45,36
-28,46,36
-28,45,36
-29,45,36
-30,45,36
-29,44,37
-28,44,37
-28,45,37
-28,44,37
-28,45,37
-27,45,37
-28,45,36
-28,45,36
-28,45,37
-28,45,37
-28,45,36
-28,46,36
-27,45,36
-28,45,36
-28,45,36
-27,45,37
-28,45,36
-27,45,36
-28,45,37
-28,45,36
-28,45,37
-28,45,37
-28,45,37
-28,45,36
-28,45,36
-28,45,36
-27,45,37
-27,45,36
-27,45,36
-27,46,36
-28,45,36
-28,45,37
-28,46,36
-27,45,36
-28,45,36
-28,45,36
-28,45,36
-27,45,36
-26,45,37
-27,45,37
-27,45,37
-28,45,37
-27,45,37
-28,46,36
-28,45,36
-27,45,36
-27,45,37
-27,45,37
-27,45,36
-27,46,36
-27,45,36
-27,45,37
-28,45,36
-28,45,36
-28,45,36
-28,45,37
-27,45,37
-27,45,37
-27,46,36
-27,46,36
-28,45,36
-27,45,37
-28,45,37
-28,45,36
-27,45,36
-27,45,36
-27,45,37
-27,45,37
-27,45,37
-26,46,37
-27,45,36
-27,45,37
-27,45,37
-27,45,37
-27,45,36
-27,45,37
-27,45,37
-27,45,37
-27,45,36
-27,45,37
-27,45,37
-27,45,37
-27,45,37
-27,45,37
-27,46,36
-27,46,36
-27,45,37
-27,45,37
-27,45,37
-27,46,37
-27,45,37
-27,45,37
-27,45,37
-27,45,37
-27,45,37
-27,45,37
-27,45,37
-27,45,37
-27,45,37
-27,45,37
-28,45,37
-28,45,37
-27,45,37
-27,45,37
-27,45,37
-27,45,37
-27,46,36
-27,46,36
-27,45,36
-28,45,36
-28,45,37
-28,45,37
-27,45,37
-27,45,37
-27,45,37
-27,45,36
-27,45,37
-27,45,37
-27,45,36
-27,45,37
-27,45,37
-27,45,37
-26,45,37
-27,46,36
-27,46,36
-27,45,36
-27,45,36
-27,45,37
-26,45,38
-26,46,37
-26,46,36
-26,45,37
-26,45,37
-27,45,37
-27,46,36
-28,46,36
-27,45,36
-26,45,37
-26,45,38
-26,45,38
-25,45,38
-26,46,37
-27,46,36
-28,45,36
-28,45,37
-27,45,38
-27,45,37
-27,46,36
-27,46,35
-27,46,36
-26,45,38
-26,45,38
-27,46,36
-28,46,35
-28,45,35
-27,44,37
-26,43,41
-25,44,42
-26,46,37
-27,47,35
-28,47,33
-28,46,34
-27,43,40
-25,44,40
-26,46,38
-27,48,34
-28,48,32
-29,46,34
-29,45,36
-28,43,40
-28,43,41
-26,45,38
-25,46,36
-25,46,36
-26,45,38
-27,44,39
-26,45,38
-27,45,37
-26,46,36
-27,46,36
-28,46,36
-28,46,36
-28,45,37
-27,45,37
-27,45,37
-26,45,37
-26,45,37
-26,45,37
-26,45,37
-28,46,36
-28,45,36
-28,45,37
-28,45,37
-27,45,37
-27,45,37
-27,45,37
-26,45,37
-26,45,37
-26,45,37
-27,46,36
-27,46,36
-27,45,37
-28,45,37
-27,45,37
-26,45,37
-26,46,37
-27,46,36
-27,46,36
-26,45,38
-27,45,37
-26,45,38
-25,46,37
-25,47,37
-19,54,36
-20,55,34
-18,48,34
-22,45,36
-31,36,38
-33,35,39
-38,38,37
-39,41,36
-38,48,32
-35,48,32
-29,48,33
-26,45,35
-25,44,37
-26,42,40
-28,43,40
-31,45,37
-32,45,36
-32,46,33
-32,46,33
-30,46,33
-30,45,34
-29,44,36
-29,44,36
-28,43,38
-28,44,38
-28,44,37
-30,45,36
-30,45,35
-31,44,36
-31,44,36
-30,43,38
-29,44,38
-29,44,36
-28,45,36
-30,44,35
-31,44,34
-32,46,33
-31,47,34
-30,47,35
-29,46,36
-28,46,36
-25,47,35
-24,46,35
-24,45,36
-25,44,38
-25,44,39
-25,44,40
-25,45,39
-27,47,35
-28,47,33
-31,47,30
-32,47,31
-31,45,35
-30,44,36
-28,45,37
-28,45,36
-27,46,36
-27,46,36
-26,45,36
-26,45,37
-27,45,37
-27,46,37
-27,46,37
-26,46,37
-26,46,37
-26,46,36
-27,47,35
-27,47,35
-27,46,35
-28,46,36
-28,46,36
-28,46,36
-28,46,36
-29,45,36
-28,45,36
-26,45,37
-25,45,37
-24,45,38
-22,44,41
-20,43,42
-19,42,42
-23,42,40
-31,43,34
-36,45,29
-45,51,16
-49,53,11
-46,52,13
-38,46,26
-34,45,35
-25,39,47
-21,38,49
-23,40,42
-26,43,32
-33,50,19
-37,53,15
-39,52,16
-37,50,22
-37,46,30
-36,44,35
-36,40,36
-35,40,35
-34,41,34
-32,45,27
-32,46,22
-38,49,11
-41,51,6
-44,54,0
-46,54,-1
-46,53,0
-45,52,2
-43,51,5
-43,50,7
-42,50,8
-41,49,10
-40,48,11
-39,48,14
-38,48,15
-38,47,15
-40,48,11
-49,53,-1
-50,55,-3
-46,52,2
-43,50,7
-37,48,17
-33,45,23
-32,45,25
-32,47,23
-33,48,19
-37,52,12
-38,53,9
-38,54,8
-38,54,8
-37,53,10
-39,52,10
-39,51,12
-39,50,14
-38,50,15
-36,50,16
-36,50,15
-36,51,12
-36,52,11
-38,53,9
-39,52,9
-41,52,10
-40,52,11
-39,51,12
-39,51,13
-38,51,14
-37,52,15
-36,51,15
-35,52,16
-35,52,17
-33,52,17
-32,52,18
-31,53,18
-31,54,18
-29,54,18
-28,55,18
-27,54,19
-26,55,21
-25,54,24
-26,52,27
-27,51,29
-29,46,34
-28,44,37
-29,41,40
-29,40,41
-25,43,41
-23,46,40
-20,49,36
-19,50,34
-21,51,33
-22,51,32
-24,49,33
-27,48,34
-28,48,35
-29,48,34
-28,48,34
-25,48,33
-25,48,33
-25,49,34
-24,49,34
-25,49,34
-25,48,35
-26,48,34
-27,48,34
-28,47,34
-29,47,34
-30,46,35
-28,46,35
-27,47,34
-26,50,32
-25,50,31
-24,50,31
-23,50,32
-24,50,32
-24,50,32
-24,49,33
-26,49,33
-25,49,33
-26,48,33
-25,49,34
-25,50,33
-24,50,33
-24,50,32
-23,50,33
-23,49,33
-24,49,33
-25,49,34
-25,49,34
-25,48,34
-26,49,33
-26,49,32
-25,49,33
-25,49,33
-25,49,34
-25,49,34
-24,49,34
-24,49,33
-24,49,33
-24,49,33
-24,49,33
-25,49,33
-24,49,33
-24,49,33
-24,49,34
-24,49,34
-24,49,34
-25,50,33
-24,49,33
-24,49,34
-24,49,34
-24,49,34
-24,49,34
-25,49,32
-24,49,32
-25,49,34
-25,48,34
-25,48,34
-24,49,34
-24,49,33
-24,49,34
-24,49,34
-25,49,34
-25,49,34
-24,49,33
-24,49,33
-24,49,34
-24,49,34
-24,49,34
-24,49,33
-24,49,33
-24,49,33
-25,49,33
-24,49,34
-24,49,34
-24,49,33
-24,49,33
-24,49,34
-24,49,34
-24,49,34
-24,49,33
-24,49,33
-24,49,34
-24,49,34
-24,49,34
-24,49,34
-25,49,33
-25,49,33
-24,49,33
-24,49,33
-24,49,34
-23,49,34
-23,49,34
-24,49,33
-24,49,34
-24,49,34
-24,49,34
-24,49,34
-24,49,34
-24,49,34
-24,49,34
-24,49,34
-25,49,33
-24,49,33
-24,49,34
-24,49,34
-24,49,35
-24,49,35
-24,49,33
-25,49,33
-24,49,34
-25,48,35
-24,49,34
-24,49,34
-24,49,34
-24,49,34
-24,49,35
-24,49,34
-24,49,33
-24,49,33
-24,49,34
-24,48,35
-24,49,35
-23,49,34
-24,49,33
-24,49,34
-24,49,34
-23,49,34
-23,49,33
-23,49,33
-26,48,34
-28,47,35
-29,47,34
-29,48,33
-25,49,33
-23,49,34
-21,49,35
-20,49,35
-20,49,34
-20,49,33
-24,48,33
-27,48,33
-32,47,34
-33,47,34
-33,47,33
-31,47,31
-29,47,32
-24,48,35
-24,48,36
-23,48,36
-24,48,35
-26,48,33
-27,48,33
-28,49,32
-28,49,33
-28,48,33
-26,48,33
-26,48,33
-25,48,33
-25,48,33
-25,48,34
-26,48,34
-27,48,34
-27,47,34
-26,47,35
-25,47,36
-24,47,36
-25,49,34
-25,49,32
-27,50,31
-27,49,31
-26,48,35
-26,46,36
-26,46,37
-26,47,36
-25,50,32
-25,50,31
-25,50,31
-25,48,33
-26,48,34
-27,47,36
-26,47,36
-24,47,36
-24,48,35
-23,49,35
-23,49,34
-25,49,33
-25,49,33
-26,48,34
-26,48,34
-26,48,35
-25,48,35
-25,48,34
-24,48,35
-24,48,35
-24,48,35
-25,48,34
-26,48,34
-26,48,34
-25,48,35
-24,48,35
-24,48,34
-25,49,34
-24,49,35
-25,49,34
-25,48,34
-23,48,35
-24,48,35
-24,48,34
-24,48,35
-25,48,35
-25,48,36
-31,44,40
-31,43,41
-14,43,43
-4,44,47
-2,46,40
-16,47,28
-15,49,25
-18,47,18
-16,49,21
0,32,47
-30,17,55
-113,17,41
-111,20,42
-66,31,48
-54,33,42
-48,35,36
-47,36,36
-40,33,38
-27,34,34
-15,34,37
9,37,42
21,42,45
30,49,48
24,51,46
7,52,39
1,51,37
4,50,31
7,51,30
13,50,32
11,49,35
6,48,33
7,46,34
11,43,33
20,55,34
18,59,33
7,61,33
5,56,32
8,53,31
9,52,33
8,51,36
8,51,39
9,49,41
8,49,42
6,48,42
3,50,42
2,52,41
-2,50,39
-3,51,38
-2,49,41
-1,46,42
5,46,44
8,45,44
7,44,44
7,44,43
11,43,43
16,42,45
17,43,45
17,44,45
20,43,45
14,43,43
16,47,44
14,47,40
16,46,39
17,49,39
18,49,40
15,49,33
13,49,32
19,48,37
20,46,42
16,46,41
12,45,39
17,46,43
17,46,43
16,45,42
15,44,42
12,44,43
10,44,40
8,42,44
10,41,51
9,38,50
6,39,50
3,41,51
3,41,50
4,41,48
7,41,49
11,40,49
10,40,50
4,41,48
5,42,49
4,42,48
3,42,46
3,45,45
4,47,44
4,47,43
5,48,41
5,48,41
5,48,40
4,49,40
2,49,40
3,49,41
5,49,42
7,48,42
7,48,42
7,49,42
7,48,39
3,49,35
3,51,34
10,49,35
19,52,35
30,52,31
29,48,32
15,47,39
14,48,42
5,48,45
2,45,43
7,48,37
11,47,39
18,48,46
17,48,42
16,49,41
11,50,35
10,51,34
9,52,33
11,52,33
13,52,33
13,52,33
15,53,32
15,53,30
15,53,31
16,54,31
15,54,32
14,52,31
13,52,32
14,53,32
14,53,32
14,52,32
14,52,33
17,52,33
18,53,32
18,53,30
17,53,29
17,53,29
18,54,29
18,54,29
17,54,27
17,55,27
17,55,27
16,55,27
18,55,26
17,55,26
17,55,26
17,55,26
16,55,26
16,56,26
16,56,27
15,55,27
17,56,26
19,56,25
18,56,25
17,56,23
17,56,24
16,56,25
16,56,25
17,56,26
18,56,26
18,56,25
17,56,24
17,56,25
18,56,24
18,56,24
18,57,23
17,57,23
17,56,24
16,56,25
16,57,26
17,56,27
16,57,29
15,56,27
13,55,27
18,55,28
17,55,27
15,55,26
15,55,27
15,55,26
17,55,25
17,55,25
21,53,20
18,54,26
14,58,25
19,56,24
18,58,24
19,58,23
19,57,22
19,57,21
20,56,20
20,57,19
20,57,20
20,57,20
18,57,20
18,57,21
18,57,21
19,57,21
19,57,21
20,57,21
20,57,20
19,57,20
19,57,20
20,58,19
20,57,20
19,56,20
20,56,20
21,57,20
20,57,20
20,57,20
19,57,20
20,57,20
21,56,20
21,56,20
23,56,20
23,56,20
24,56,19
24,56,19
23,56,20
22,56,20
22,56,20
22,55,20
21,56,19
21,56,20
22,56,21
22,56,22
22,56,22
23,56,22
23,56,22
22,56,21
21,56,20
20,56,20
20,56,20
22,56,19
22,57,19
22,56,20
22,56,20
21,56,22
22,55,22
22,55,21
22,55,20
23,56,20
23,57,19
22,57,19
22,56,20
22,55,20
22,56,20
23,56,19
24,57,18
24,57,19
31,57,11
2,59,6
-17,62,1
16,51,3
28,49,19
26,48,44
36,46,45
35,46,55
48,48,58
26,44,42
0,43,32
-13,44,22
1,43,29
10,53,45
33,63,45
18,60,35
-1,51,21
7,50,21
19,55,33
26,57,34
5,57,26
-10,55,25
1,51,29
13,50,36
29,55,40
4,55,28
-10,53,25
1,50,30
10,50,36
27,54,42
27,54,39
-4,51,28
-5,50,27
8,49,35
15,51,38
25,52,42
18,51,41
2,49,37
3,49,37
8,50,39
15,51,41
14,52,40
8,52,36
6,52,35
7,52,34
9,52,34
9,53,33
9,53,33
6,53,34
8,52,34
8,52,34
5,51,37
3,51,38
2,51,38
3,51,38
9,52,36
13,52,35
19,51,31
20,51,30
20,51,31
19,51,32
14,50,35
14,50,37
16,50,37
19,49,36
20,49,35
24,49,35
25,49,35
26,49,34
27,49,33
21,50,34
11,52,37
7,51,37
5,50,37
10,49,36
15,44,38
11,50,43
19,52,34
21,48,25
39,48,24
43,50,30
33,51,31
29,50,29
24,49,26
24,49,26
25,51,26
26,50,25
26,51,27
28,50,26
29,50,26
28,50,26
27,50,26
26,51,27
26,51,27
26,50,27
26,50,27
26,50,28
25,50,28
26,50,28
27,50,29
28,50,29
28,50,27
28,50,26
28,50,25
28,50,24
28,50,25
29,50,25
28,51,27
27,50,27
26,51,27
25,51,26
26,51,27
26,50,28
25,50,29
26,50,30
27,49,30
27,50,29
27,50,28
26,50,28
26,50,28
26,50,29
26,50,29
26,49,28
26,50,28
26,50,29
27,50,30
27,50,29
26,50,29
25,50,29
24,50,29
24,50,28
24,51,27
24,51,27
24,52,28
24,51,28
25,51,28
25,51,27
25,51,26
25,52,26
24,52,26
24,52,26
24,51,27
25,51,27
26,51,26
26,51,26
26,51,26
27,51,26
26,52,26
25,52,26
24,51,26
25,51,27
28,51,27
30,51,26
31,50,25
30,50,25
27,50,25
25,51,25
24,52,25
25,52,25
25,52,24
26,52,23
27,51,23
28,52,22
28,52,22
28,52,22
28,52,22
28,52,23
26,53,24
24,53,25
23,52,26
24,51,27
25,51,27
27,51,26
27,52,25
28,52,25
27,51,26
26,51,26
25,51,27
26,51,27
28,51,26
29,51,25
29,52,22
29,52,22
27,52,21
27,52,21
26,53,22
25,53,23
24,52,25
25,51,27
27,51,26
28,51,25
29,52,24
28,52,23
27,52,23
26,52,22
25,52,23
26,52,24
26,52,24
28,52,25
28,51,25
28,51,25
27,52,25
27,52,25
26,52,25
26,52,25
26,52,25
26,52,25
26,52,25
26,52,25
26,52,26
26,52,26
26,52,25
26,52,25
26,52,25
26,52,26
26,52,26
26,52,24
26,52,24
26,52,25
27,52,25
26,52,25
26,52,25
26,52,25
26,52,25
26,52,25
26,52,25
25,52,25
26,52,24
26,52,24
26,52,24
26,52,24
27,52,24
27,52,24
27,52,24
26,52,24
25,52,24
25,52,24
25,52,25
25,52,25
26,52,24
25,53,24
23,54,24
24,55,28
28,54,36
36,50,44
30,48,41
20,46,43
13,45,40
-3,42,37
-8,45,39
-14,44,38
-19,44,42
-18,44,43
-18,45,39
-19,48,35
-19,50,36
-13,50,40
-14,52,33
-15,53,30
-8,52,33
-7,55,30
-16,55,28
-20,52,34
-20,52,34
-33,52,27
-31,48,31
-21,45,41
-24,43,42
-32,42,40
-35,42,39
-29,45,40
-25,46,39
-24,48,36
-22,48,35
-23,49,34
-20,49,34
-19,49,35
-19,49,36
-19,50,34
-21,50,32
-19,51,31
-20,52,32
-22,52,31
-21,52,30
-21,52,31
-22,52,32
-21,53,30
-20,53,31
-11,52,33
-13,55,27
-21,58,18
-20,59,18
-24,59,18
-26,57,19
-26,54,24
-26,51,29
-29,51,29
-31,51,29
-32,52,25
-31,53,26
-29,52,28
-26,50,30
-24,50,32
-20,49,37
-18,48,38
-17,49,37
-16,50,35
-17,52,31
-19,53,29
-23,54,27
-29,54,24
-33,54,18
-19,56,7
-4,59,3
38,58,6
58,53,15
73,50,47
58,44,53
6,42,30
-6,42,29
10,39,47
9,39,46
13,39,45
15,38,48
17,35,59
28,35,54
30,35,52
29,35,54
24,34,52
14,32,53
5,33,48
-4,33,46
0,34,50
9,36,50
11,37,52
16,34,52
18,31,52
19,31,52
17,34,56
19,33,56
8,29,53
8,29,54
12,30,55
15,30,56
16,30,57
10,27,54
7,25,54
10,26,56
17,27,58
15,25,59
9,24,58
7,22,57
10,23,57
17,25,59
19,26,58
10,23,57
8,22,56
13,23,58
17,25,58
17,25,58
10,23,56
7,22,55
16,24,58
18,25,58
15,24,56
8,22,55
8,21,55
12,22,57
17,23,59
16,23,59
10,20,58
11,20,58
15,22,59
16,22,58
13,21,58
12,20,58
13,20,58
14,21,58
14,21,58
14,21,57
14,21,58
14,21,58
13,21,57
13,21,58
14,21,57
14,21,57
14,22,57
14,21,57
14,21,58
14,21,58
14,21,58
14,21,57
14,21,57
14,21,58
15,21,58
14,20,58
15,20,58
15,20,58
15,20,58
15,20,59
15,20,59
15,20,58
16,20,57
16,21,57
16,21,56
16,20,56
15,20,57
8,18,63
5,17,67
8,16,71
9,17,72
9,20,68
14,25,51
21,22,42
35,24,41
36,26,40
36,26,45
36,27,46
33,27,45
30,28,45
25,29,46
25,29,46
32,26,43
32,25,49
29,22,52
24,18,58
25,19,60
21,21,64
17,21,65
14,23,63
14,24,61
13,25,53
7,25,51
-3,26,48
-4,27,48
-10,28,48
-18,30,50
-21,29,52
-23,28,57
-22,27,60
-20,25,63
-17,24,64
-12,24,63
-9,24,62
-5,24,59
-3,24,58
-5,24,58
-6,24,59
-13,23,59
-22,31,70
-19,37,73
-17,14,55
10,12,64
0,23,56
10,27,50
32,31,41
32,30,41
19,25,47
9,20,57
-2,13,78
-8,12,92
5,14,98
-15,16,71
-19,21,56
5,27,38
23,32,41
30,43,28
24,47,23
13,51,22
5,51,22
-14,46,29
-26,43,36
-41,42,49
-39,44,51
-28,46,45
-16,47,36
-11,48,34
4,51,34
10,52,34
13,53,34
11,52,35
-4,47,39
-10,45,45
-18,44,54
-19,44,53
-15,45,48
-8,45,44
-7,46,40
-1,47,41
1,47,41
-1,48,41
-1,47,42
-3,47,44
-5,46,44
-8,45,45
-8,45,46
-7,46,46
-7,46,45
-4,47,43
-3,48,42
-3,48,41
-4,48,41
-5,47,42
-7,47,43
-8,46,43
-7,46,44
-6,47,43
-4,47,42
-3,47,41
-13,41,48
-22,39,56
-33,34,72
-19,38,64
-10,39,52
4,45,32
11,47,26
22,55,19
28,59,16
34,64,11
32,64,10
29,63,10
25,61,11
10,55,18
-6,47,29
-40,36,60
-34,42,67
-26,46,57
-16,51,35
-6,52,28
21,55,22
32,56,23
31,54,26
21,52,30
-2,45,46
-9,44,53
-13,45,56
-9,46,48
-4,45,45
6,46,41
10,47,40
14,47,41
13,47,41
5,45,44
1,45,45
-3,45,47
-2,45,48
-1,45,46
0,45,46
2,46,45
3,46,45
3,46,45
4,46,45
3,46,45
1,46,44
0,46,43
0,46,43
0,46,43
-1,46,44
-1,46,45
-5,45,45
-7,46,42
-4,46,38
0,46,44
4,48,49
13,48,42
8,44,39
15,45,41
27,45,47
29,41,48
10,36,31
23,38,54
20,39,55
9,29,56
0,35,73
-3,40,69
-7,46,62
-6,51,46
1,50,27
6,54,23
11,57,16
13,58,14
14,60,15
13,60,16
8,59,17
5,58,20
2,57,25
-2,57,30
-3,57,30
-3,57,31
-2,57,33
0,56,33
1,56,32
2,56,31
3,57,31
3,57,30
4,57,29
4,57,29
2,57,28
2,57,28
3,57,29
3,57,29
3,57,29
4,57,29
5,57,31
4,57,32
-1,56,33
-5,55,33
-2,55,32
-1,55,32
-7,56,35
-7,55,34
-7,53,31
1,55,34
7,53,32
10,55,25
11,57,23
17,60,26
18,61,26
16,60,22
20,59,23
12,60,23
3,59,11
0,49,8
-36,54,-5
-41,55,-12
-45,57,-19
-44,59,-22
-39,58,-20
-36,57,-16
-32,57,-9
-32,56,-8
-32,56,-5
-30,56,-2
-30,56,-4
-31,56,-5
-32,56,-7
-30,57,-7
-31,57,-7
-30,56,-9
-31,57,-9
-30,57,-7
-30,57,-9
-31,57,-9
-31,56,-9
-31,56,-8
-31,56,-9
-30,56,-8
-31,56,-9
-32,56,-9
-30,56,-8
-30,56,-8
-31,56,-10
-31,56,-10
-30,56,-9
-30,57,-10
-31,57,-12
-32,57,-13
-35,57,-14
-35,57,-14
-36,57,-14
-36,57,-14
-32,57,-10
-28,56,-5
-24,57,-1
-14,56,8
-10,56,13
1,55,21
4,56,23
11,50,26
31,49,37
32,40,39
34,41,41
26,31,51
23,26,55
20,22,63
9,13,71
-2,13,78
-15,16,90
-22,20,79
-24,28,58
-27,33,55
-22,40,47
-20,41,41
-12,46,30
-8,51,26
-7,53,27
7,53,25
10,54,24
9,55,23
17,53,25
20,53,35
20,51,39
29,49,45
31,48,46
27,46,39
21,46,36
11,38,37
5,31,36
0,23,52
8,20,73
11,19,74
-4,11,67
-13,12,67
-17,18,78
-16,21,75
-12,29,60
-10,32,56
-18,40,50
-14,42,48
-13,44,41
-11,46,34
-10,50,30
-5,53,32
-4,54,28
10,56,25
12,56,24
7,55,24
13,54,28
26,53,35
28,52,42
25,50,37
22,49,34
23,49,40
6,44,36
0,43,33
7,30,40
10,37,49
7,41,58
-2,38,58
0,35,62
-2,35,62
-7,40,56
-9,41,46
-12,46,37
-15,46,32
-21,41,39
-8,37,48
-1,36,50
-4,32,56
-10,29,60
-6,27,68
5,28,71
6,32,61
3,34,53
-10,42,37
-2,42,37
21,41,42
23,41,42
9,35,47
2,29,56
2,27,61
-4,25,67
-6,26,68
-3,26,66
-2,26,64
0,28,60
2,30,58
4,34,53
3,35,50
-3,39,44
-2,40,44
4,38,46
-2,35,49
-4,33,52
-3,30,60
-3,28,64
4,27,67
6,26,67
5,27,66
7,28,64
7,31,57
6,33,53
2,38,50
2,46,43
3,47,40
-2,52,27
-1,55,23
-1,58,20
-3,59,18
-9,61,11
-10,61,7
-10,62,8
-11,63,8
-10,63,10
-9,63,11
-8,63,12
-9,62,16
-9,61,17
-7,61,17
-6,61,19
-7,61,20
-6,61,20
-6,61,20
-6,61,19
-5,60,20
-6,61,18
-6,60,19
-6,60,20
-6,61,19
-5,60,20
-5,60,20
-5,60,21
-6,60,21
-5,60,21
-6,60,21
-5,60,21
-6,60,21
-5,60,20
-6,61,20
-6,60,20
-6,60,21
-6,60,20
-6,60,20
-6,61,19
-6,60,19
-5,61,19
-6,61,19
-6,61,19
-5,61,20
-6,60,19
-6,61,20
-6,61,20
-6,61,20
-7,60,20
-6,60,21
-5,60,22
-5,60,22
-5,60,21
-5,60,22
-5,60,21
-5,60,21
-6,60,20
-7,60,20
-7,60,21
-7,60,21
-5,61,21
-5,61,20
-4,60,20
-4,60,20
-2,60,21
11,61,30
8,61,24
6,59,21
9,59,21
-4,55,11
-6,55,9
-7,51,4
-19,48,0
-24,42,-5
-28,41,-27
-29,40,-40
-33,42,-60
-32,44,-65
-30,44,-71
-29,43,-70
-24,42,-58
-24,42,-53
-24,42,-45
-24,41,-42
-22,42,-36
-23,42,-36
-24,43,-38
-23,43,-40
-23,44,-41
-22,43,-44
-23,43,-44
-23,44,-45
-23,44,-44
-22,44,-42
-23,44,-42
-23,44,-40
-22,44,-39
-23,44,-38
-24,44,-38
-25,45,-38
-24,45,-39
-24,45,-39
-23,45,-39
-23,45,-39
-24,45,-41
-23,46,-41
-24,45,-42
-23,46,-44
-23,46,-46
-22,47,-47
-21,47,-44
-18,48,-35
-17,48,-31
-18,49,-25
-19,49,-23
-22,49,-23
-23,49,-26
-25,51,-39
-25,52,-46
-23,51,-52
-22,51,-50
-22,51,-36
-21,51,-28
-21,50,-12
-19,52,-18
-22,51,-16
-28,50,-12
-30,50,-14
-36,51,-18
-38,51,-19
-41,50,-21
-41,49,-21
-41,49,-20
-41,50,-19
-39,49,-18
-37,49,-18
-36,50,-17
-35,51,-17
-35,50,-17
-34,51,-18
-34,51,-19
-35,51,-20
-35,52,-20
-36,51,-20
-36,50,-20
-35,51,-19
-35,51,-19
-34,51,-18
-34,51,-17
-34,51,-18
-34,51,-19
-34,51,-20
-35,50,-21
-35,50,-21
-36,50,-21
-36,50,-20
-35,51,-19
-35,51,-19
-34,51,-19
-34,51,-19
-34,51,-19
-34,51,-19
-34,51,-19
-33,52,-21
-33,52,-22
-34,52,-23
-34,52,-23
-37,53,-20
-37,51,-17
-38,50,-10
-37,50,-14
-36,51,-22
-37,50,-15
-31,55,-15
-32,55,-8
-23,57,-12
-22,56,-16
-25,57,-18
-26,57,-17
-26,57,-16
-28,56,-14
-29,56,-14
-30,55,-14
-31,55,-13
-30,56,-14
-29,56,-14
-28,56,-14
-28,57,-14
-28,57,-15
-28,57,-14
-28,57,-14
-28,57,-13
-29,57,-13
-28,56,-11
-28,56,-12
-28,56,-11
-28,56,-12
-28,56,-12
-29,56,-13
-30,56,-14
-30,56,-14
-30,56,-14
-30,56,-14
-30,56,-14
-29,56,-14
-30,56,-14
-29,56,-12
-29,56,-12
-28,56,-13
-28,56,-12
-28,56,-14
-29,56,-15
-29,56,-15
-29,56,-15
-30,56,-16
-30,55,-15
-30,56,-15
-30,56,-14
-30,56,-14
-30,55,-13
-30,56,-13
-30,56,-13
-30,56,-13
-30,56,-13
-30,56,-13
-30,56,-14
-29,56,-14
-29,56,-13
-29,56,-13
-29,55,-13
-28,55,-13
-27,55,-13
-24,55,-16
-21,56,-22
-7,57,-39
0,58,-46
-11,57,-52
-35,48,-47
-59,42,-25
-90,33,2
-92,26,13
-61,16,63
-36,18,44
-37,20,18
-32,23,3
-44,35,-21
-51,41,-43
-41,51,-68
-34,52,-77
-31,49,-70
-29,47,-45
-27,46,-35
-25,46,-17
-26,47,-12
-33,45,-9
-37,45,-11
-42,46,-13
-43,47,-15
-42,47,-20
-41,46,-23
-40,47,-27
-39,47,-28
-37,47,-27
-35,48,-23
-34,47,-23
-34,46,-20
-34,45,-19
-35,44,-18
-40,45,-18
-49,44,-21
-55,42,-25
-54,40,-49
-54,39,-75
-57,49,-96
-38,40,-55
-31,33,-30
-11,31,6
-2,33,11
29,36,45
41,34,56
17,42,40
-3,36,39
-33,30,45
-16,30,49
7,20,65
0,13,69
-16,3,67
-25,-7,61
-24,-10,61
-35,-13,67
-32,-16,79
-37,-14,90
-45,-11,86
-56,3,69
-53,10,59
-40,19,47
-35,20,46
-18,23,48
4,22,63
17,23,75
5,22,45
-21,17,27
-45,6,23
-60,7,22
-14,27,47
43,18,105
7,-14,127
-19,-9,93
-34,17,54
-26,18,54
-24,25,36
-11,34,40
-9,38,41
-4,45,41
-4,43,43
-14,44,38
-16,44,36
-19,43,39
-19,43,41
-16,43,43
-14,43,46
-15,42,47
-15,43,46
-14,44,43
-14,44,44
-12,45,44
-13,45,44
-13,45,44
-12,46,46
-13,46,47
-11,45,46
-9,46,44
-6,48,39
-5,49,35
-8,50,33
-7,52,33
-13,52,34
-17,52,35
-15,51,36
-10,49,31
-14,47,32
-8,45,45
6,45,50
12,43,51
9,42,50
4,43,48
4,43,47
6,44,45
7,46,46
6,46,47
4,43,47
2,43,47
3,43,47
3,42,47
4,42,48
4,43,48
4,43,48
4,43,48
3,43,48
4,43,48
4,44,47
5,45,45
5,46,45
5,46,44
5,47,44
3,48,42
1,49,42
-3,51,44
-6,49,44
-14,51,38
-14,51,38
-17,49,42
-17,45,45
-4,35,47
11,35,45
10,37,47
10,27,58
14,27,58
9,34,60
2,41,53
-2,44,46
-4,48,39
-4,49,35
-2,47,39
5,46,48
-6,42,47
-11,47,43
-13,50,30
-6,50,38
-10,48,46
-17,45,45
-17,43,47
-14,41,50
-16,40,51
-20,38,51
-15,42,46
-9,44,47
-4,46,47
-1,46,40
0,47,44
-3,48,39
4,45,42
12,39,53
2,37,49
-14,40,38
-2,39,53
-3,34,57
-6,33,56
8,40,54
11,42,53
1,43,42
9,47,44
10,47,42
10,50,38
8,51,35
5,56,31
0,57,29
3,55,32
-1,53,34
-19,47,36
-22,45,39
-22,36,49
-25,34,53
-29,29,55
-26,31,53
-24,31,51
-22,39,43
-24,43,42
-15,41,49
-15,41,52
-18,41,46
-17,41,45
-16,36,49
-16,36,49
-16,35,49
-16,35,49
-14,36,49
-12,36,49
-13,36,51
-15,37,50
-17,37,48
-17,42,45
-19,46,43
-21,44,39
-20,44,38
-21,44,40
-25,44,40
-29,41,40
-30,38,45
-29,38,48
-29,38,48
-30,37,48
-25,38,46
-24,38,45
-22,40,45
-22,39,46
-21,39,46
-22,38,46
-22,37,47
-22,37,48
-22,38,47
-23,39,45
-23,39,45
-22,40,45
-21,39,45
-22,40,45
-22,40,45
-21,40,45
-21,40,45
-22,40,45
-22,40,45
-22,40,45
-22,39,46
-22,39,45
-22,39,46
-22,39,46
-22,39,45
-23,39,45
-22,39,46
-22,39,46
-22,39,46
-22,39,46
-22,39,46
-23,39,46
-23,39,45
-22,39,46
-22,39,46
-22,39,46
-22,39,46
-22,39,45
-22,39,45
-22,39,46
-22,39,46
-22,39,46
-22,39,46
-22,39,45
-22,39,46
-22,39,46
-22,39,46
-23,39,46
-23,39,46
-23,39,46
-22,39,46
-22,39,46
-22,39,46
-23,39,46
-23,39,46
-23,39,46
-23,39,46
-22,39,46
-22,39,46
-22,39,46
-22,39,46
-22,39,46
-22,39,46
-22,39,46
-22,39,46
-22,39,46
-22,39,46
-22,39,46
-22,39,46
-23,39,46
-23,39,46
-22,38,46
-21,39,47
-22,39,47
-23,39,46
-23,39,46
-22,39,46
-22,39,45
-21,39,45
-20,39,45
-20,39,45
-20,39,46
-21,39,46
-22,39,46
-23,39,46
-22,39,46
-22,39,46
-21,39,46
-21,40,46
-22,39,46
-21,39,46
-20,39,47
-20,39,47
-21,40,46
-21,40,47
-21,39,47
-21,40,50
-25,41,50
-27,43,49
-31,44,49
-27,50,42
-25,47,34
-22,39,35
-24,43,36
-22,40,39
-21,39,39
-21,39,41
-19,38,42
-15,35,45
-21,42,43
-23,47,41
-20,45,43
-17,42,45
-21,46,40
-23,48,38
-22,46,38
-21,46,40
-20,45,40
-19,45,40
-21,45,41
-22,44,41
-22,45,41
-18,41,44
-17,40,45
-20,38,46
-21,40,46
-23,45,43
-24,47,41
-18,48,43
-9,50,47
-12,51,41
-11,51,41
-16,50,38
-10,49,37
-8,50,38
-2,50,38
-1,50,37
-1,50,36
0,53,36
0,53,34
0,54,33
0,55,31
2,55,32
3,56,29
3,56,28
3,57,29
1,57,27
0,57,28
4,58,31
4,57,31
2,56,30
0,56,31
0,56,29
3,56,31
5,56,31
6,56,30
6,55,32
5,55,32
3,55,32
1,55,31
1,55,31
2,55,32
3,55,32
4,56,32
5,55,31
4,56,31
3,56,31
3,56,31
4,56,30
3,56,31
4,56,31
3,56,31
3,56,31
4,56,31
3,56,31
3,56,31
2,56,30
2,56,30
2,56,30
2,56,29
3,56,30
4,56,30
4,56,30
3,56,30
2,56,30
2,56,30
1,56,31
2,56,31
2,56,30
-4,56,27
-5,57,23
14,57,18
23,57,23
28,58,29
38,58,35
44,56,47
5,54,28
-10,51,18
-1,47,27
8,47,33
2,52,38
-14,54,34
-13,55,33
-10,55,35
-36,48,27
-49,49,26
-35,49,26
-15,47,27
-4,61,42
-13,54,26
-23,59,21
-25,57,19
-11,54,20
22,59,21
25,58,21
26,59,22
23,61,20
14,60,23
9,60,20
5,60,19
9,61,18
12,60,18
12,59,19
12,59,19
14,59,21
13,59,21
16,59,20
13,58,21
14,59,21
15,58,20
12,59,20
13,59,20
14,59,20
15,59,19
15,59,19
14,58,18
14,59,18
14,59,19
14,59,19
14,60,20
14,59,19
13,59,19
13,59,19
14,58,18
16,59,18
17,60,18
17,59,18
16,59,18
15,59,18
14,58,18
15,59,18
15,59,18
15,59,19
15,60,19
14,59,19
14,58,19
15,59,18
15,59,19
16,59,19
15,59,19
15,59,19
15,59,18
15,59,18
14,59,19
13,59,20
14,59,20
14,59,20
15,59,19
14,59,19
15,59,18
15,59,18
15,60,18
14,60,18
15,60,18
14,59,18
14,59,17
15,59,17
15,59,18
16,59,19
16,60,19
15,59,18
14,59,18
13,58,18
14,59,18
16,59,18
17,60,18
17,60,17
15,59,17
15,59,17
15,59,18
15,58,18
15,59,18
15,59,18
17,59,18
16,59,17
15,59,17
15,58,17
15,59,17
16,59,18
18,60,18
17,59,18
15,59,18
14,59,19
13,58,19
13,59,19
14,59,19
15,59,18
16,59,17
16,59,17
17,58,18
17,58,19
17,58,20
17,58,20
17,58,21
17,59,21
16,58,19
14,57,19
15,58,18
16,58,18
18,59,18
20,60,18
18,59,19
16,59,19
15,58,20
16,58,20
16,58,19
15,59,17
15,59,16
15,60,14
15,60,13
17,59,13
17,59,13
18,58,15
18,58,17
18,59,18
18,59,19
17,59,19
15,59,18
14,58,18
14,59,19
15,59,19
16,59,20
16,59,20
16,59,18
16,59,18
16,59,16
15,59,17
15,59,18
17,59,19
18,59,19
18,59,17
17,59,16
17,60,14
19,61,13
28,65,7
27,67,4
13,62,-5
8,61,-1
7,58,3
11,47,23
0,34,29
-4,19,53
4,15,68
-7,7,90
-15,7,90
-10,18,85
-6,22,81
-5,27,67
-6,29,59
-6,32,48
-6,35,44
-6,36,44
-2,38,47
-1,38,47
-5,37,49
-7,36,52
-6,33,54
-6,31,55
-1,31,58
0,31,58
-1,33,57
-2,33,56
-3,34,53
-2,34,52
-2,35,52
-4,34,53
-5,33,53
-7,32,55
-8,32,55
-4,32,57
-1,33,56
2,34,53
4,35,52
8,36,52
7,34,54
-3,32,52
-4,31,49
-3,31,52
5,33,65
10,33,67
5,31,59
2,31,54
-1,33,52
0,34,53
5,35,57
8,36,56
9,36,51
8,38,47
2,41,38
-10,37,36
-20,35,40
-23,32,49
-21,32,55
-19,34,62
-22,33,61
-24,33,57
-23,32,55
-19,33,51
-17,34,50
-12,34,51
-10,34,52
-11,33,52
-12,33,54
-12,33,54
-13,33,54
-13,33,53
-14,33,53
-14,34,52
-13,35,52
-13,35,52
-12,35,51
-12,35,52
-11,35,52
-10,35,51
-10,35,51
-11,36,50
-12,36,50
-13,35,50
-14,35,51
-14,35,52
-14,35,52
-14,34,53
-14,34,53
-13,34,53
-12,35,52
-12,35,51
-12,35,51
-12,35,51
-12,35,52
-12,35,52
-12,35,52
-12,35,52
-13,34,52
-12,34,53
-13,34,54
-13,34,53
-13,34,52
-12,35,52
-13,34,53
-19,33,53
-21,32,54
-13,37,48
-14,39,48
-12,39,63
-4,40,63
-2,38,46
3,39,42
-29,39,40
-36,44,39
-9,47,40
6,50,41
8,50,40
16,50,35
11,50,33
10,52,33
9,53,31
11,54,31
12,55,31
11,55,30
9,55,30
7,54,31
7,54,31
7,54,33
8,54,33
8,55,33
6,54,33
6,54,34
6,53,34
7,53,33
9,54,33
10,54,33
10,55,32
10,55,31
9,55,30
8,54,30
8,55,30
8,55,31
8,55,31
8,55,32
8,54,32
9,54,33
9,54,34
9,54,34
9,54,34
9,54,33
9,55,32
9,55,31
9,55,30
9,55,30
9,55,31
8,55,31
8,55,32
7,54,33
8,54,33
9,54,33
10,54,32
11,53,31
8,54,32
8,57,35
12,56,30
13,57,27
14,57,26
14,57,25
14,57,24
15,56,22
17,56,23
18,57,23
18,57,22
17,57,22
17,56,22
18,57,23
17,57,23
15,57,24
14,57,24
15,57,24
17,57,23
18,57,22
19,57,21
20,58,22
23,60,25
25,56,27
8,52,34
-4,50,38
4,47,29
9,46,31
17,50,59
6,50,46
-4,48,38
-10,54,26
-9,56,25
-6,59,22
-2,60,21
-1,59,20
1,60,21
1,59,23
0,59,23
2,58,25
4,58,28
6,58,27
6,58,29
8,58,29
7,58,27
7,58,27
8,57,24
7,57,25
9,58,25
10,58,24
10,58,25
11,58,25
12,58,24
12,58,25
12,58,25
11,58,25
11,58,25
10,58,24
9,58,24
9,58,24
9,59,24
9,58,24
9,58,24
10,58,23
9,58,24
9,58,24
10,58,24
9,58,25
9,58,25
10,58,25
10,58,25
9,58,25
10,58,26
11,57,25
11,58,25
11,58,24
11,58,23
11,59,23
11,58,23
10,58,25
10,58,25
10,58,25
10,58,24
11,58,24
11,58,24
11,58,24
11,58,24
10,58,23
10,58,23
10,58,23
10,58,23
11,59,23
11,58,23
11,58,23
10,58,24
10,58,24
10,58,24
11,58,24
11,58,24
11,58,23
11,58,22
11,58,22
11,58,23
10,58,23
10,58,23
11,58,23
11,59,23
12,58,22
11,58,22
12,59,21
12,59,22
11,59,22
10,59,22
10,58,23
10,58,23
11,58,23
11,59,23
11,58,24
11,58,24
11,58,24
11,58,24
11,58,24
11,58,23
12,58,23
10,58,24
10,58,24
10,58,24
11,58,24
11,58,24
11,58,24
11,58,24
11,59,23
11,58,23
11,59,23
11,58,23
11,59,22
10,59,22
10,59,23
10,59,22
10,59,23
10,58,23
11,58,23
11,58,23
11,58,23
11,58,22
11,58,22
10,58,22
11,59,22
11,59,22
11,59,22
11,58,23
10,58,23
10,58,24
11,58,24
12,58,23
12,59,22
12,59,22
11,59,22
11,59,22
11,59,22
12,59,22
12,58,22
11,59,22
11,59,22
11,59,22
11,59,23
10,58,23
10,58,23
11,59,23
11,58,22
12,59,21
12,59,21
11,59,21
11,59,22
10,58,22
11,59,22
12,59,22
12,59,22
12,59,22
11,59,21
11,59,21
11,59,21
11,59,21
11,59,21
11,59,21
11,59,21
11,59,22
11,59,22
11,59,22
11,59,22
11,59,22
11,59,22
11,59,22
12,59,22
12,59,21
11,59,21
12,59,22
12,59,22
11,59,22
11,59,22
11,59,22
11,59,23
11,59,23
10,59,22
10,59,22
11,58,22
11,59,22
11,58,22
11,59,23
11,59,22
11,59,22
11,59,22
11,59,22
11,59,22
11,59,23
11,58,23
11,58,23
10,58,24
11,58,24
11,58,24
11,59,23
11,58,23
10,59,23
11,58,22
11,58,22
11,58,23
11,58,22
11,58,23
11,59,23
11,58,23
11,58,23
11,58,23
11,58,23
11,59,22
11,59,22
11,59,22
11,59,22
12,59,22
11,59,22
9,58,23
9,58,24
10,58,24
11,58,24
12,59,24
13,59,24
12,58,23
10,58,23
9,58,22
10,59,22
10,59,22
11,59,22
11,59,22
11,59,21
11,59,21
12,59,21
11,59,22
11,58,22
10,58,23
10,59,23
11,59,23
11,59,23
11,58,22
11,59,22
11,59,23
11,58,23
11,59,23
11,58,23
11,58,22
11,58,22
12,59,22
11,59,22
11,59,23
11,59,22
10,59,22
9,59,23
9,58,23
11,58,24
13,58,22
13,59,22
13,60,22
12,59,22
10,58,23
9,58,23
9,58,24
10,59,23
12,59,23
12,59,22
11,58,22
11,58,22
12,59,22
12,59,22
12,59,23
10,58,23
10,59,23
10,59,23
10,59,23
11,58,23
12,58,23
12,59,22
12,59,22
12,59,22
12,59,22
11,59,22
11,59,23
11,59,23
11,58,24
11,58,23
10,58,23
11,58,22
12,59,21
12,59,21
11,59,22
10,58,23
11,58,24
12,59,23
13,58,23
13,59,22
12,59,22
10,58,22
9,58,22
10,59,22
11,59,22
12,59,22
11,59,22
11,58,23
11,58,23
12,58,23
12,58,22
12,58,22
12,59,22
11,58,22
11,58,23
11,58,23
12,58,23
12,58,23
12,58,23
12,58,22
11,59,22
11,59,22
11,59,22
11,59,23
11,58,23
11,58,23
11,58,23
11,58,23
11,58,23
11,58,23
11,58,23
12,59,23
12,58,23
11,58,23
12,59,23
12,58,22
12,58,23
11,58,23
11,58,24
11,58,24
11,58,23
11,58,23
11,58,23
11,58,23
11,58,23
11,58,23
11,58,22
12,59,23
11,58,23
11,58,23
11,58,23
11,58,23
11,58,23
11,58,23
11,58,23
11,58,23
11,58,23
11,58,23
11,58,23
11,58,23
11,58,23
11,58,23
11,58,23
11,58,23
12,58,23
12,58,23
11,58,23
11,58,23
11,58,23
11,58,23
11,58,23
11,58,23
11,59,23
11,58,23
11,58,23
11,58,23
11,58,23
11,58,23
11,58,23
11,58,22
11,59,21
8,63,16
7,64,14
-1,61,16
-5,62,16
-3,62,19
4,58,23
10,57,27
-15,54,35
-27,49,39
-19,44,54
-14,43,60
-6,34,62
-4,29,59
-5,29,52
-5,33,48
0,40,47
2,50,50
0,51,51
-4,42,47
-5,39,47
4,35,48
5,37,48
4,38,46
1,38,45
-5,37,46
-4,34,46
2,27,47
6,24,42
2,24,39
-7,31,40
-5,35,40
8,77,55
-15,127,63
4,14,51
9,31,42
24,41,42
29,42,43
15,49,47
4,48,43
-1,41,39
4,43,41
15,47,46
19,46,46
17,45,45
15,43,45
15,43,46
17,42,51
14,42,50
3,44,44
-1,45,44
-10,46,41
-11,47,39
-17,47,40
-19,46,34
-19,45,36
-18,42,41
-17,43,43
-13,42,46
-15,41,47
-17,41,46
-16,42,47
-17,41,47
-19,42,45
-21,42,44
-18,41,46
-17,41,46
-19,42,44
-18,43,43
-18,42,44
-17,42,45
-21,42,44
-22,41,44
-19,41,45
-19,41,45
-21,41,45
-22,41,45
-22,40,44
-20,41,44
-20,41,44
-21,41,43
-21,40,44
-21,39,47
-20,38,48
-21,39,47
-23,40,44
-24,42,45
-23,42,45
-22,42,45
-21,42,44
-21,42,44
-19,42,44
-18,42,44
-19,42,43
-18,42,43
-17,42,44
-16,43,44
-16,43,44
-16,43,44
-18,43,44
-19,43,44
-19,42,44
-18,42,44
-15,43,46
-14,44,46
-14,44,44
-15,44,44
-16,44,44
-15,45,43
-15,45,43
-15,45,43
-16,45,43
-15,44,43
-14,44,44
-13,45,43
-12,45,43
-13,45,43
-14,45,43
-14,45,43
-14,45,43
-14,44,43
-14,45,45
-14,45,44
-15,44,43
-15,44,43
-14,45,43
-13,46,43
-13,46,43
-13,46,42
-17,47,40
-18,48,39
-18,48,40
-15,47,41
-18,47,41
-18,45,40
-20,44,39
-20,40,44
-19,44,44
-20,39,46
-18,38,47
-19,39,46
-22,41,43
-20,41,45
-21,40,47
-23,41,46
-26,41,44
-26,40,45
-24,40,45
-23,41,46
-22,40,45
-22,40,44
-22,39,45
-21,39,46
-22,40,45
-22,40,46
-22,39,45
-23,39,46
-23,39,46
-23,40,45
-23,40,45
-23,39,45
-23,39,45
-24,40,44
-23,40,44
-23,40,44
-23,40,45
-22,40,45
-23,40,45
-23,41,44
-23,40,44
-23,40,45
-22,39,45
-22,40,45
-22,40,45
-22,40,45
-22,39,45
-22,40,45
-23,40,45
-23,40,45
-23,39,45
-23,40,45
-23,40,44
-22,40,45
-23,39,45
-23,40,45
-23,40,45
-22,40,45
-22,40,45
-23,40,45
-23,40,45
-22,40,45
-22,40,45
-23,40,45
-22,40,45
-22,40,45
-22,40,45
-23,40,45
-22,40,45
-22,40,45
-22,40,45
-23,40,45
-23,40,45
-23,40,45
-23,40,45
-23,40,45
-23,40,45
-22,40,45
-22,40,45
-23,40,45
-22,40,45
-22,40,45
-22,40,45
-23,39,45
-23,39,45
-22,40,45
-22,40,45
-23,40,45
-23,40,45
-23,40,45
-22,39,46
-22,40,45
-24,40,45
-24,40,44
-23,40,43
-22,39,44
-21,39,45
-21,40,46
-22,41,45
-22,40,44
-22,41,45
-24,40,45
-23,39,45
-22,39,45
-21,39,45
-21,40,45
-22,40,45
-23,40,45
-23,40,45
-23,40,44
-22,39,44
-22,39,46
-21,39,46
-22,40,46
-22,40,46
-22,40,45
-21,39,44
-21,39,46
-25,40,46
-26,40,43
-26,39,41
-21,39,45
-14,39,50
-11,40,50
-8,40,52
-9,39,52
-12,39,52
-13,39,50
-12,39,50
-10,39,49
-9,39,49
-8,41,48
-8,41,48
-6,43,47
-6,43,47
-7,43,45
-8,44,44
-9,44,44
-7,46,43
-6,45,44
-4,46,43
-3,47,43
-5,46,42
-5,47,42
-5,47,42
-5,47,43
-7,46,43
-7,47,43
-5,47,43
-6,47,43
-6,46,43
-7,47,43
-7,48,42
-9,48,40
-10,48,39
-11,49,37
-8,50,41
-1,47,44
-1,46,42
-2,44,42
0,43,45
5,39,48
7,40,48
7,41,49
5,42,52
6,41,53
0,41,49
1,40,50
-3,39,49
-2,43,48
-4,47,42
-3,47,41
-2,43,49
2,41,49
0,41,48
-4,46,44
-3,45,44
-3,41,52
-5,40,52
-8,40,49
-10,38,50
-7,43,47
-6,43,46
4,40,48
4,38,51
-8,39,52
-11,40,50
-11,39,50
-7,39,50
-7,38,51
-8,40,49
-7,41,49
-5,40,49
-5,41,48
-7,41,48
-8,41,48
-6,40,49
-7,40,49
-10,40,49
-8,40,50
-10,41,48
-13,43,44
-13,43,44
-14,43,44
-12,42,45
-9,41,47
-10,40,48
-13,41,47
-15,42,46
-13,41,48
-11,40,49
-11,40,50
-16,40,49
-18,41,47
-16,41,46
-14,41,47
-15,42,45
-16,42,44
-17,42,45
-17,42,45
-6,38,52
-5,38,53
-11,42,46
-15,42,45
-14,41,47
-12,41,46
-10,41,47
-9,42,48
-8,41,47
-6,42,48
-5,42,48
-5,42,50
-6,41,49
-7,40,48
-7,41,48
-8,41,49
-8,40,49
-7,40,49
-7,41,48
-6,41,48
-6,41,48
-6,41,48
-6,41,48
-6,41,49
-6,41,48
-6,41,48
-6,41,48
-5,41,48
-6,41,48
-6,41,48
-5,42,47
-4,41,50
-5,39,52
-4,39,47
-2,39,45
4,43,42
9,43,45
7,44,44
12,44,46
14,41,49
15,42,49
14,41,49
14,41,48
15,40,48
20,39,47
23,39,47
25,40,44
25,41,43
21,43,40
19,44,39
17,46,36
17,47,36
19,47,36
19,47,36
20,46,37
22,46,38
23,46,38
26,47,39
23,47,41
13,48,43
10,48,41
4,47,41
11,48,43
11,46,48
7,45,48
2,46,41
-6,46,40
-3,48,40
-6,49,38
-11,48,38
-18,48,39
-17,48,38
-16,46,38
-14,45,40
-13,47,38
-16,47,40
-14,45,43
-16,43,44
-18,44,43
-21,45,42
-21,44,43
-20,44,42
-18,44,42
-20,46,42
-25,44,43
-33,44,41
-34,46,36
-32,42,34
-32,40,35
-34,41,35
-35,41,34
-35,42,33
-31,43,35
-30,45,35
-30,45,37
-29,45,38
-29,44,38
-28,43,38
-31,44,36
-32,44,36
-28,43,38
-27,44,38
-27,43,38
-27,43,37
-30,44,36
-33,41,37
-34,41,37
-33,42,36
-33,43,34
-31,44,34
-31,45,35
-34,44,34
-35,43,35
-34,42,36
-33,41,37
-31,41,38
-30,41,38
-32,41,37
-32,42,37
-31,42,37
-32,42,36
-33,43,35
-36,42,34
-35,41,36
-31,45,37
-33,45,33
-38,43,31
-37,42,30
-37,40,31
-38,41,34
-38,42,37
-38,51,36
-38,51,36
-35,46,32
-33,44,30
-32,39,30
-34,37,31
-35,37,32
-32,38,34
-26,46,36
-26,46,36
-25,43,41
-30,43,37
-28,43,40
-11,47,47
-10,52,46
-22,53,37
-24,48,37
-26,45,38
-30,44,35
-28,43,37
-24,41,40
-23,42,40
-24,45,38
-28,43,36
-32,42,39
-29,41,40
-22,42,41
-22,45,39
-25,46,38
-24,43,42
-24,40,41
-26,39,37
-26,34,42
-14,33,48
-10,35,48
-15,39,44
-17,46,45
-12,49,49
-12,49,50
-13,45,49
-14,44,48
-16,43,45
-16,40,42
-14,39,42
-17,39,42
-21,42,41
-21,44,41
-17,52,43
-23,43,42
-25,44,40
-17,47,44
-19,45,44
-15,44,46
-11,44,47
-4,43,49
-7,44,48
-12,46,45
-8,46,45
-13,45,42
-13,46,41
-17,46,43
-15,43,43
-13,43,44
-12,44,43
-10,44,45
-4,45,48
-3,46,47
0,48,45
-5,48,41
-11,49,37
-13,49,36
-12,49,38
-11,50,38
-11,50,37
-11,52,36
-10,52,36
-12,52,34
-13,52,33
-11,51,36
-7,51,37
3,51,39
3,51,38
3,52,36
4,53,36
3,53,35
2,53,34
0,53,33
-2,54,34
-2,54,34
-3,54,34
-2,54,34
-1,54,33
-2,55,34
-1,55,33
0,56,32
0,55,31
1,56,31
1,56,30
-1,56,30
0,57,30
1,56,30
1,56,30
0,57,29
-1,58,28
-2,57,30
0,58,29
0,57,27
0,56,28
4,57,29
4,58,29
1,57,29
4,57,29
3,57,27
0,58,29
1,57,30
1,57,26
0,56,27
1,56,30
3,56,31
5,54,33
3,55,33
1,53,37
2,52,37
1,53,37
-1,50,38
2,51,39
3,53,36
2,53,35
-1,54,35
-1,52,37
-4,52,37
-6,52,36
-6,55,34
-6,54,33
0,51,33
-4,57,32
-3,59,29
2,59,23
11,62,26
2,62,20
-1,62,23
7,55,42
6,52,47
5,50,39
4,46,31
-8,46,28
-12,51,32
-22,52,31
-32,47,35
-37,49,25
-51,50,18
-49,53,12
-42,57,5
-39,56,6
-29,57,10
-28,58,9
-27,56,13
-25,57,15
-22,57,17
-24,57,18
-22,56,21
-22,56,20
-22,56,20
-22,56,22
-22,56,23
-24,55,23
-27,55,22
-31,55,19
-32,55,18
-30,56,19
-27,56,19
-25,56,19
-25,56,19
-24,56,20
-22,57,21
-23,57,20
-20,57,20
-18,58,20
-15,56,23
-14,56,26
-19,55,30
-20,54,30
-16,53,33
-13,52,35
-14,51,35
-16,52,35
-13,52,37
-13,52,36
-14,50,38
-9,52,39
-7,50,41
-12,49,35
-16,50,32
-10,46,39
-10,45,41
-15,49,34
-15,51,33
-12,60,33
-15,53,34
-15,50,36
-18,52,35
-16,52,36
-16,51,36
-16,51,35
-18,50,35
-19,49,37
-19,47,39
-18,48,39
-14,49,36
-12,50,35
-14,48,36
-19,43,36
-22,43,34
-26,43,29
-29,42,30
-37,41,40
-37,40,44
-49,42,41
-50,41,39
-42,41,36
-36,40,36
-30,41,35
-30,41,35
-31,40,36
-31,38,41
-32,37,42
-35,36,42
-36,36,40
-38,37,38
-39,38,37
-41,39,37
-43,38,37
-45,37,38
-45,35,40
-38,36,41
-32,38,41
-29,39,39
-26,41,43
-28,42,41
-26,45,39
-25,46,38
-27,44,38
-26,45,39
-24,44,38
-22,45,38
-20,47,36
-17,49,36
-18,49,35
-12,51,34
-9,52,34
-7,53,33
-5,54,32
-7,53,33
-6,54,33
-6,53,33
-5,54,33
-7,53,34
-6,54,34
-7,53,35
-6,53,35
-5,54,34
-3,54,33
-3,54,33
-1,54,34
1,53,35
1,54,36
2,54,34
0,54,33
-2,54,33
-3,54,34
-3,54,34
-3,54,35
-3,54,35
-3,54,36
-3,53,36
-2,53,36
-3,54,34
-4,54,34
-4,54,34
-4,54,33
-4,53,35
-5,53,34
-4,52,36
-4,52,36
-4,53,35
-2,54,34
-3,54,35
-1,56,34
-1,57,32
0,55,30
-1,56,30
-4,57,32
-8,57,30
-13,58,21
-5,58,21
4,52,32
0,50,32
1,50,33
10,59,35
11,61,33
13,60,26
14,60,26
4,56,21
11,54,23
25,58,26
20,60,22
18,65,15
18,65,15
19,59,17
18,57,17
17,53,18
26,46,19
25,46,17
24,50,8
23,52,3
27,62,3
29,68,8
28,71,17
27,64,20
17,57,10
18,55,10
20,54,15
17,56,15
15,57,13
18,62,14
21,63,15
18,61,14
16,60,12
16,59,12
20,61,16
27,63,22
26,60,17
30,47,18
34,46,24
9,49,21
-7,73,25
-14,64,27
-7,60,25
3,62,24
16,63,20
21,60,22
16,51,27
13,48,26
10,53,30
14,58,32
23,60,28
19,59,26
17,56,25
12,49,24
9,50,26
1,51,26
1,55,28
15,54,30
26,55,30
40,58,27
38,57,26
28,52,21
23,51,21
16,50,22
12,52,24
12,53,25
17,54,27
23,55,27
32,55,27
34,54,27
31,53,25
29,53,24
23,52,23
22,52,22
24,54,21
24,55,21
25,55,20
24,54,22
23,53,23
22,53,24
21,53,25
22,53,26
24,53,26
25,53,26
26,53,25
25,53,24
24,54,23
25,53,22
26,53,22
26,53,22
26,53,21
27,53,21
27,53,21
26,53,22
26,53,23
27,53,23
26,53,22
25,53,22
26,54,22
27,54,21
27,53,21
26,53,21
25,53,21
26,53,21
27,54,22
27,54,21
26,54,21
25,53,22
24,53,22
24,53,23
25,53,23
26,53,23
26,53,23
27,53,22
28,53,21
28,53,21
26,53,21
26,53,22
26,53,22
26,53,22
27,53,22
26,54,22
26,54,21
26,54,22
25,54,22
25,54,21
25,55,21
25,54,21
25,54,21
26,53,21
26,53,21
27,53,21
27,53,22
25,53,23
24,53,22
25,53,21
27,54,21
27,54,19
27,54,19
27,53,20
26,53,22
26,53,22
25,53,23
25,54,23
26,53,22
26,53,22
28,53,21
28,53,20
29,53,20
28,53,20
27,53,21
26,53,21
26,54,21
25,53,22
25,53,22
26,53,22
26,53,22
27,54,21
26,54,21
26,54,21
26,53,22
27,54,19
27,55,17
27,54,18
28,53,18
28,53,19
27,53,21
27,53,22
26,54,23
25,54,23
24,53,23
24,53,23
25,53,22
26,53,22
28,54,21
28,53,21
27,53,20
27,53,20
27,53,21
27,53,21
27,53,22
28,54,23
28,54,23
27,53,25
26,51,25
23,52,24
21,53,23
17,55,22
18,55,21
21,57,20
25,55,17
28,57,15
30,56,13
31,56,11
29,59,11
25,58,12
20,57,14
19,57,15
21,56,17
23,56,16
26,56,13
26,56,11
26,56,14
19,51,27
18,50,31
17,48,37
16,46,40
19,45,44
18,46,42
9,47,42
8,48,42
10,50,42
12,51,41
11,56,41
17,47,41
16,45,40
16,41,41
11,41,43
7,39,45
7,42,46
7,43,46
8,43,46
11,45,45
12,46,44
13,46,43
13,46,44
11,47,46
3,44,41
3,42,40
3,43,42
2,43,44
-2,47,47
-1,46,47
-2,44,47
-2,44,46
0,45,46
2,46,46
6,45,47
14,47,50
14,47,51
7,43,47
-1,42,46
-5,45,45
1,45,45
11,42,45
7,40,42
-3,40,42
2,42,42
7,52,44
3,54,42
-10,55,37
-19,45,40
-22,40,39
-18,42,37
-12,46,39
-14,58,37
-18,61,35
-23,59,30
-23,58,29
-25,58,33
-29,57,31
-24,54,33
-19,51,32
-19,52,30
-19,49,37
-17,48,38
-16,46,36
-18,45,35
-18,44,40
-15,46,40
-16,45,40
-21,45,38
-23,45,37
-20,45,39
-22,46,38
-22,45,40
-20,43,44
-21,44,40
-23,45,38
-23,42,40
-23,44,41
-22,44,43
-22,43,44
-24,45,42
-24,44,42
-23,43,44
-25,43,43
-27,41,43
-27,40,44
-27,39,44
-29,37,41
-30,37,40
-22,31,44
-19,31,42
-27,34,29
-30,36,32
-28,34,42
-29,36,41
-31,39,39
-30,42,37
-36,46,37
-43,45,38
-43,43,35
-44,43,30
-43,43,30
-36,35,34
-37,34,32
-42,34,31
-43,33,32
-43,31,36
-44,32,35
-46,34,33
-47,31,33
-47,26,38
-44,24,41
-45,25,37
-51,24,36
-50,24,36
-49,25,37
-48,27,37
-41,23,39
-40,19,38
-45,31,34
-41,26,39
-40,22,42
-42,16,41
-40,16,43
-34,18,44
-32,17,46
-33,13,52
-33,17,51
-32,17,46
-37,17,41
-56,20,22
-40,29,28
-40,14,25
-48,12,14
-69,12,0
-79,15,-2
-71,16,-2
-49,0,38
-46,-10,53
-96,-35,69
-75,-54,83
-40,-15,59
-51,-16,42
-54,-17,37
-43,-19,46
-31,-15,55
-29,-15,54
-25,-19,56
-19,-23,64
-16,-23,61
-14,-21,55
-15,-24,52
-24,-24,45
-30,-23,45
-35,-21,42
-32,-20,45
-27,-23,57
-29,-22,53
-36,-24,56
-34,-21,57
-24,-20,55
-24,-22,56
-24,-21,56
-25,-21,55
-26,-22,55
-28,-22,56
-28,-22,55
-28,-20,54
-27,-18,54
-28,-17,55
-27,-17,54
-27,-18,55
-27,-19,56
-25,-20,54
-27,-20,54
-26,-21,53
-28,-21,54
-29,-20,55
-29,-19,57
-30,-19,52
-36,-19,52
-36,-19,53
-36,-19,49
-35,-19,46
-37,-17,47
-35,-16,51
-34,-17,52
-37,-16,49
-40,-16,49
-41,-18,47
-40,-19,47
-39,-20,45
-39,-20,45
-38,-20,47
-38,-19,48
-39,-18,48
-39,-17,48
-40,-17,48
-40,-17,48
-40,-16,48
-39,-16,49
-39,-16,49
-38,-15,50
-37,-15,50
-37,-16,48
-37,-16,48
-38,-17,48
-38,-17,48
-39,-17,48
-40,-17,48
-40,-17,48
-39,-17,47
-40,-17,47
-40,-18,48
-40,-18,48
-40,-17,48
-40,-17,48
-39,-17,48
-39,-17,47
-39,-18,48
-39,-17,48
-39,-18,48
-39,-18,48
-39,-18,48
-39,-16,48
-39,-16,49
-40,-16,48
-40,-16,48
-39,-17,49
-39,-18,49
-37,-17,47
-37,-16,47
-39,-17,47
-40,-17,47
-44,-18,47
-44,-18,47
-42,-17,47
-38,-18,48
-36,-18,48
-35,-21,48
-34,-20,48
-36,-17,48
-38,-16,49
-40,-15,49
-41,-15,49
-40,-17,49
-39,-19,49
-37,-19,47
-38,-18,47
-40,-17,47
-41,-16,48
-41,-16,48
-39,-16,48
-39,-17,48
-39,-16,48
-40,-16,48
-40,-16,48
-40,-16,49
-39,-17,49
-38,-17,48
-37,-17,48
-38,-17,48
-38,-16,48
-39,-17,49
-39,-17,49
-39,-18,48
-39,-18,48
-39,-18,48
-39,-18,48
-39,-17,49
-38,-17,49
-38,-17,48
-38,-18,46
-40,-19,46
-40,-20,47
-39,-19,48
-37,-16,50
-38,-16,49
-41,-17,47
-41,-18,47
-38,-18,49
-37,-17,50
-37,-17,49
-38,-17,49
-38,-16,48
-39,-16,49
-39,-16,49
-39,-17,49
-38,-16,48
-38,-17,48
-38,-18,48
-39,-19,48
-39,-19,48
-39,-17,49
-39,-17,48
-39,-16,48
-38,-16,48
-39,-17,48
-40,-18,48
-40,-19,48
-39,-18,48
-38,-17,48
-37,-16,48
-37,-16,48
-39,-16,49
-43,-17,48
-44,-19,48
-38,-22,56
-27,-20,69
-26,-21,67
-15,-11,68
-19,-9,55
-25,-7,58
-13,-2,55
-10,-4,55
-15,-9,53
-32,-17,47
-42,-20,44
-42,-17,49
-35,-11,54
-34,-10,55
-38,-14,53
-41,-13,53
-32,-6,55
-27,-1,55
-27,-1,54
-24,-1,48
-34,-3,44
-11,-4,65
-21,3,59
-23,-7,54
-16,-8,66
-17,-1,73
-12,0,75
-17,-1,68
-21,-3,62
-17,0,60
-18,0,62
-17,-1,61
-6,-2,67
-5,-1,69
-16,-1,60
-20,-1,58
-20,-3,57
-22,-3,56
-24,-3,57
-22,-2,58
-23,-2,58
-25,-3,58
-26,-4,58
-28,-3,59
-29,-4,59
-29,-4,59
-29,-3,59
-26,-2,59
-25,-2,58
-24,-2,58
-24,-2,58
-23,-2,58
-24,-2,59
-24,-2,59
-24,-3,59
-24,-3,59
-24,-2,59
-24,-2,58
-24,-3,58
-24,-3,58
-24,-3,57
-23,-3,57
-26,-3,57
-26,-3,59
-29,-3,60
-29,-4,60
-28,-4,59
-27,-3,59
-26,-3,58
-25,-3,58
-25,-3,58
-24,-3,58
-25,-4,58
-25,-4,58
-25,-4,58
-26,-4,58
-27,-4,58
-26,-4,59
-27,-4,58
-26,-4,58
-26,-4,58
-26,-4,58
-25,-4,58
-25,-4,58
-26,-4,58
-26,-3,58
-25,-3,59
-26,-4,58
-26,-4,58
-27,-4,57
-26,-4,57
-26,-3,58
-26,-4,58
-27,-4,58
-28,-4,58
-28,-4,57
-27,-4,58
-26,-3,58
-27,-3,58
-27,-4,59
-27,-5,58
-24,-5,56
-24,-5,56
-25,-4,56
-28,-4,57
-29,-4,58
-30,-4,59
-30,-4,58
-29,-4,57
-29,-4,58
-28,-4,57
-27,-4,57
-26,-4,57
-26,-3,57
-27,-3,57
-27,-3,58
-28,-3,58
-28,-2,58
-29,-2,58
-28,-2,57
-28,-3,57
-27,-4,57
-27,-4,57
-27,-4,58
-27,-4,57
-28,-3,57
-28,-3,57
-28,-3,57
-29,-4,58
-28,-4,58
-28,-4,57
-28,-4,57
-27,-4,57
-27,-4,57
-28,-4,57
-28,-4,58
-28,-4,57
-28,-4,57
-28,-4,57
-28,-4,57
-28,-4,57
-28,-4,57
-28,-4,57
-28,-4,59
-28,-4,62
-29,-4,63
-28,-3,63
-25,-5,63
-19,-5,62
1,-2,70
14,-2,75
-16,-4,59
-40,-11,44
-57,-10,33
-61,-2,29
-60,1,27
-46,7,43
-39,9,55
-22,8,62
-16,3,62
-10,-4,59
-4,-6,62
-15,-20,51
-13,-41,69
-22,-4,77
-10,0,67
-8,-6,56
-8,-5,52
-10,-3,52
-6,0,62
-5,-1,64
-8,-2,64
-9,-3,63
-13,-5,63
-15,-6,63
-16,-8,63
-17,-8,63
-17,-7,64
-16,-6,64
-13,-4,62
-11,-2,61
-11,-2,61
-12,-3,61
-13,-5,61
-15,-7,62
-15,-7,62
-16,-8,63
-15,-7,62
-14,-6,62
-13,-5,62
-12,-5,61
-13,-5,61
-13,-5,62
-14,-5,62
-15,-5,62
-15,-5,62
-15,-5,62
-13,-5,61
-13,-5,61
-14,-5,61
-14,-5,62
-15,-5,63
-17,-5,61
-17,-6,61
-17,-6,63
-17,-6,62
-18,-6,62
-17,-6,62
-17,-6,61
-18,-5,60
-19,-4,59
-18,-5,60
-17,-4,62
-18,-5,61
-19,-5,58
-18,-5,61
-18,-5,62
-20,-5,60
-19,-5,60
-19,-5,61
-19,-5,61
-19,-5,60
-19,-5,61
-18,-5,61
-19,-5,61
-19,-5,61
-19,-5,61
-19,-5,61
-18,-5,61
-19,-5,61
-18,-5,60
-18,-5,61
-19,-5,61
-19,-5,61
-19,-5,60
-19,-5,60
-18,-5,61
-18,-5,61
-19,-5,61
-19,-5,61
-19,-5,61
-19,-5,61
-19,-5,60
-19,-5,61
-19,-5,61
-19,-5,61
-19,-5,61
-19,-5,60
-19,-5,61
-19,-5,61
-19,-5,61
-19,-4,61
-19,-5,61
-19,-5,61
-19,-5,61
-19,-5,61
-19,-5,61
-18,-5,61
-19,-5,61
-19,-5,61
-19,-5,60
-19,-5,61
-19,-5,61
-19,-5,61
-19,-5,61
-18,-5,61
-19,-5,60
-19,-5,61
-19,-5,61
-19,-5,61
-18,-5,61
-19,-5,60
-18,-4,60
-19,-5,61
-19,-5,61
-19,-6,61
-18,-6,61
-18,-4,60
-18,-3,61
-17,-3,61
-19,-5,61
-20,-6,62
-21,-7,61
-21,-7,61
-20,-6,59
-19,-6,60
-18,-5,60
-18,-5,61
-18,-5,61
-18,-5,61
-17,-4,61
-17,-4,61
-16,-4,61
-17,-3,61
-17,-3,61
-18,-3,60
-18,-3,61
-20,-4,61
-21,-5,61
-22,-6,61
-22,-6,60
-22,-7,60
-22,-7,60
-21,-7,60
-20,-7,60
-19,-6,61
-18,-5,61
-18,-5,61
-17,-5,61
-17,-5,61
-16,-4,61
-16,-4,61
-16,-3,61
-17,-6,65
-18,-6,63
-17,-6,61
-27,-5,64
-4,-1,61
5,0,71
-3,-4,60
-6,-4,62
-6,-4,62
-11,-5,61
-29,-5,58
-31,-4,57
-27,-1,59
-25,1,60
-22,1,60
-25,1,60
-26,0,60
-25,1,59
-24,3,58
-20,7,57
-18,8,57
-12,11,57
-8,12,55
-12,15,54
-8,15,53
10,2,64
-66,-60,49
-6,-10,89
-2,13,89
-20,6,49
-8,-1,35
-1,-1,48
-1,-1,59
-3,-1,59
-5,0,61
-9,1,65
-12,-1,66
-13,-3,65
-13,-3,61
-14,-3,62
-16,-3,64
-17,-3,65
-17,-4,64
-14,-4,63
-12,-3,61
-12,-2,60
-12,-2,60
-12,-1,63
-12,-1,63
-11,-1,63
-11,-1,63
-12,-3,62
-11,-3,61
-12,-3,62
-14,-4,62
-13,-4,63
-14,-3,63
-13,-3,62
-13,-3,62
-13,-3,62
-12,-4,61
-12,-3,62
-12,-3,62
-12,-2,63
-12,-2,62
-12,-2,62
-12,-2,62
-13,-2,64
-13,-1,64
-8,1,63
-10,0,63
-12,-5,59
-12,-8,58
-14,-11,56
-14,-9,58
-17,-4,63
-16,2,67
-15,4,69
-15,4,66
-17,0,63
-17,-4,57
-16,-6,56
-12,-8,58
-14,-8,61
-16,-7,65
-16,-6,64
-15,-5,62
-16,-6,61
-16,-7,62
-15,-6,62
-11,-4,64
-9,-2,64
-8,-1,64
-6,0,62
-6,0,61
-5,-1,59
-5,-1,59
-7,-2,61
-9,-2,63
-12,-2,63
-13,-2,63
-14,-3,63
-15,-3,63
-16,-3,62
-16,-3,63
-15,-3,63
-14,-2,63
-14,-2,63
-13,-2,62
-13,-2,62
-13,-2,62
-13,-2,62
-13,-4,62
-14,-4,62
-12,-4,62
-11,-4,62
-11,-3,62
-10,-2,61
-11,-2,61
-12,-3,62
-14,-4,63
-14,-4,64
-14,-4,63
-10,-4,62
-9,-4,61
-9,-3,60
-11,-2,61
-16,-2,64
-20,-4,64
-19,-6,63
-14,-6,61
-12,-6,60
-10,-3,61
-9,-1,62
-11,1,63
-12,0,63
-13,-3,62
-13,-4,62
-13,-5,61
-13,-4,62
-13,-3,63
-13,-2,63
-13,-2,62
-13,-3,61
-13,-3,61
-13,-4,62
-13,-3,62
-13,-3,62
-13,-3,62
-12,-3,62
-12,-3,62
-12,-3,62
-13,-3,63
-13,-3,63
-13,-3,62
-13,-3,62
-12,-3,61
-12,-3,61
-12,-3,62
-13,-3,62
-13,-3,62
-13,-3,62
-13,-4,62
-13,-4,62
-13,-4,63
-13,-3,64
-12,-2,62
-12,-2,62
-12,-3,61
-14,-7,61
-13,-8,61
-12,-7,62
-12,-5,62
-13,-2,62
-13,0,63
-16,-2,63
-16,-3,63
-13,-5,62
-9,-4,62
-9,-4,62
-10,-1,62
-12,0,62
-15,-2,62
-16,-3,62
-16,-5,62
-15,-5,63
-13,-4,62
-12,-3,62
-12,-2,62
-12,-2,62
-13,-3,62
-13,-3,63
-13,-3,63
-12,-2,62
-12,-2,62
-12,-2,62
-12,-2,62
-12,-3,62
-13,-3,62
-13,-3,62
-13,-3,62
-12,-3,62
-13,-3,62
-13,-3,62
-13,-3,62
-13,-3,62
-13,-3,62
-13,-2,62
-12,-2,62
-13,-2,63
-13,-3,62
-13,-3,62
-12,-3,62
-12,-3,62
-12,-4,62
-13,-3,62
-13,-4,62
-13,-3,62
-13,-4,62
-13,-4,62
-13,-4,62
-13,-4,62
-13,-4,62
-12,-4,62
-12,-4,62
-13,-4,61
-12,-4,62
-13,-4,61
-12,-3,63
-12,-3,63
-13,-3,62
-13,-4,62
-13,-4,62
-13,-3,63
-13,-3,62
-12,-3,62
-12,-4,62
-12,-4,62
-13,-4,62
-13,-3,62
-13,-2,62
-13,-3,62
-13,-3,62
-13,-3,63
-13,-3,62
-13,-3,62
-12,-3,62
-12,-3,62
-12,-3,62
-13,-3,62
-13,-4,62
-12,-4,62
-12,-3,62
-12,-3,62
-12,-3,62
-12,-3,62
-13,-3,62
-13,-3,62
-12,-3,62
-12,-3,62
-12,-3,62
-12,-3,62
-13,-3,63
-13,-3,62
-13,-3,62
-12,-3,62
-12,-3,62
-12,-3,62
-13,-3,62
-13,-3,62
-12,-3,62
-12,-3,63
-12,-3,63
-12,-3,63
-12,-3,62
-12,-2,62
-12,-3,62
-12,-3,62
-13,-4,63
-13,-4,62
-12,-3,62
-12,-3,62
-11,-3,62
-12,-3,62
-12,-4,62
-13,-4,62
-12,-3,63
-13,-3,63
-12,-3,62
-12,-3,62
-12,-3,62
-12,-3,63
-12,-3,63
-12,-3,62
-12,-3,62
-12,-3,62
-12,-3,63
-13,-3,63
-12,-2,63
-12,-3,62
-12,-3,62
-12,-3,62
-12,-3,62
-12,-3,62
-13,-3,62
-13,-4,62
-13,-3,62
-12,-3,62
-12,-4,62
-12,-4,62
-12,-4,62
-12,-3,63
-12,-3,63
-12,-4,62
-12,-4,62
-12,-4,62
-12,-3,62
-12,-4,62
-12,-4,62
-13,-4,62
-12,-4,62
-12,-3,62
-12,-3,62
-12,-3,62
-12,-3,62
-13,-3,62
-13,-3,63
-13,-3,62
-12,-3,62
-12,-3,62
-12,-3,62
-12,-3,62
-12,-3,62
-12,-3,62
-13,-3,62
-12,-3,62
-13,-3,63
-12,-3,62
-12,-3,62
-12,-3,62
-12,-3,62
-12,-3,62
-12,-3,62
-12,-3,62
-12,-3,62
-12,-3,62
-12,-3,62
-12,-3,62
-12,-3,62
-12,-3,62
-12,-3,62
-12,-3,62
-12,-2,62
-12,-2,62
-12,-3,62
-12,-3,63
-12,-3,62
-12,-3,62
-12,-3,62
-12,-3,62
-12,-3,62
-12,-3,63
-12,-3,62
-12,-3,62
-12,-3,62
-12,-3,63
-12,-3,62
-12,-3,62
-12,-3,62
-12,-3,62
-13,-3,62
-12,-3,62
-12,-3,62
-12,-3,62
-12,-3,62
-12,-3,62
-12,-3,62
-12,-3,62
-12,-3,62
-12,-3,62
-12,-3,62
-12,-3,62
-12,-4,62
-12,-4,62
-12,-4,62
-12,-4,62
-12,-3,62
-12,-4,62
-12,-4,62
-12,-4,62
-12,-4,62
-12,-4,62
-12,-4,62
-12,-4,62
-12,-4,62
-12,-4,62
-12,-4,62
-12,-4,62
-12,-4,62
-12,-4,62
-12,-4,62
-12,-4,63
-12,-5,62
-12,-4,62
-12,-4,62
-12,-4,62
-12,-4,62
-11,-4,62
-12,-4,62
-12,-4,63
-12,-5,63
-13,-5,62
-12,-5,62
-12,-5,62
-12,-5,62
-12,-5,62
-12,-5,62
-12,-5,63
-12,-5,62
-12,-5,62
-12,-5,62
-12,-5,62
-11,-5,62
-11,-6,62
-11,-6,61
-11,-5,62
-11,-5,62
-11,-6,62
-12,-5,62
-11,-5,63
-11,-5,62
-11,-5,62
-11,-5,62
-11,-5,62
-12,-5,62
-12,-5,62
-12,-4,62
-12,-5,63
-12,-4,62
-12,-4,63
-12,-4,62
-12,-4,62
-12,-5,62
-12,-5,62
-12,-4,63
-12,-4,62
-12,-5,62
-11,-4,62
-12,-5,61
-11,-4,62
-11,-4,63
-12,-4,63
-12,-4,63
-12,-4,63
-11,-4,63
-10,-3,64
-10,-1,63
-10,-2,62
-12,-6,59
-13,-7,59
-13,-7,62
-13,-6,65
-12,-1,67
-13,0,65
-13,-4,59
-13,-8,58
-11,-7,59
-9,-3,66
-9,-2,66
-13,-3,63
-13,-6,60
-14,-8,57
-14,-8,58
-13,-6,63
-12,-4,67
-10,0,69
-10,-1,64
-11,-5,57
-10,-7,57
-11,-7,59
-9,-6,64
-7,-5,66
-9,-2,66
-14,-1,66
-19,-3,59
-19,-5,56
-15,-12,57
-18,-6,58
-18,-6,64
-17,-5,67
-17,2,63
-21,-9,57
-26,-6,53
-13,-10,58
-11,-12,57
-11,-10,58
-14,-8,60
-11,-4,73
-10,-4,70
-13,-8,60
-10,-9,59
-4,-12,57
-4,-10,59
-4,-8,64
0,-7,69
-1,-7,66
-10,-11,57
6,-13,62
5,-9,64
-1,-14,64
-10,-14,67
-14,-16,62
-35,-31,38
19,-25,69
-40,-22,52
-41,-19,56
-36,-20,57
-27,-16,60
-32,-18,56
-38,-19,51
-33,-18,53
-31,-15,53
-36,-16,48
-44,-15,39
-44,-12,45
-42,-12,46
-40,-12,45
-46,-13,39
-47,-8,33
-72,-9,17
-43,-12,22
-43,-8,24
-56,-3,2
-67,-1,-11
-75,0,-4
-78,-3,-10
-73,-1,-12
-71,3,-2
-67,2,-1
-68,0,-4
-75,0,2
-77,2,-2
-80,6,0
-43,6,9
-25,8,30
-40,7,35
-44,4,33
-13,-28,55
16,-17,81
-24,-23,64
-5,-23,64
8,-14,64
10,-18,67
4,-22,65
3,-32,61
14,-37,59
-1,-43,50
-9,-39,48
-15,-32,51
-16,-30,48
-19,-20,46
-21,-21,48
-24,-29,50
-34,-29,40
-61,-28,17
-74,-29,17
-69,-25,21
-68,-24,23
-60,-23,29
-41,-25,38
-40,-26,36
-15,-23,46
-15,-25,49
-13,-20,62
-18,-22,64
-27,-27,59
-26,-30,57
-22,-28,56
-18,-25,55
-19,-25,54
-12,-23,58
-11,-23,59
-7,-22,57
-9,-21,54
-5,-20,61
-5,-20,62
-5,-19,58
-3,-18,61
-1,-17,60
2,-15,57
3,-14,57
6,-12,60
7,-13,59
10,-14,60
13,-12,62
10,-12,60
10,-13,62
14,-14,64
15,-14,66
17,-21,63
20,-23,63
15,-11,78
-4,-4,58
10,2,51
34,5,56
32,6,58
25,-1,59
24,-3,56
15,-8,55
15,-14,56
6,-22,61
-5,-27,63
-25,-31,62
-25,-26,62
-15,-23,59
-3,-16,69
-3,-13,62
-15,-26,53
-14,-27,57
-18,-28,47
-25,-33,43
-38,-33,42
-34,-29,46
-25,-27,48
-35,-24,43
-48,-27,40
-44,-26,42
-41,-25,40
-50,-19,28
-56,-22,26
-65,-25,26
-64,-26,26
-60,-29,26
-56,-29,28
-41,-25,38
-32,-22,42
-38,-14,40
-47,-15,41
-55,-14,40
-53,-14,40
-50,-15,40
-48,-18,39
-48,-19,38
-48,-22,37
-49,-22,37
-49,-22,39
-49,-22,39
-48,-21,39
-48,-20,38
-47,-21,39
-45,-21,39
-44,-20,40
-44,-19,42
-43,-18,43
-44,-18,43
-44,-18,42
-46,-18,42
-45,-19,42
-45,-20,42
-45,-20,42
-46,-20,42
-45,-20,42
-44,-20,42
-43,-19,42
-42,-18,42
-44,-17,44
-45,-18,43
-46,-20,42
-47,-21,42
-45,-22,41
-45,-21,41
-42,-19,42
-42,-19,43
-44,-18,43
-45,-19,42
-47,-21,42
-46,-21,42
-44,-20,42
-44,-18,42
-44,-19,42
-46,-20,42
-46,-21,42
-45,-19,42
-44,-19,42
-44,-19,42
-44,-19,42
-45,-20,42
-45,-20,42
-43,-19,42
-43,-19,42
-43,-19,42
-45,-19,43
-45,-19,43
-46,-19,42
-46,-19,42
-45,-19,42
-45,-19,42
-45,-19,42
-45,-19,42
-45,-19,41
-45,-19,41
-46,-19,41
-46,-19,41
-46,-19,41
-46,-19,42
-46,-19,42
-45,-19,42
-45,-20,42
-45,-19,41
-45,-19,41
-45,-19,41
-45,-19,42
-45,-19,41
-45,-19,41
-46,-19,41
-46,-19,41
-46,-19,41
-46,-19,41
-46,-19,41
-46,-19,41
-46,-19,41
-46,-20,41
-45,-20,41
-45,-19,41
-45,-20,42
-45,-19,41
-45,-19,41
-46,-19,41
-46,-19,41
-46,-19,42
-46,-19,41
-46,-19,41
-45,-19,41
-46,-19,41
-46,-19,42
-46,-19,41
-45,-19,42
-45,-19,42
-45,-19,41
-45,-19,42
-45,-19,41
-45,-19,41
-45,-20,41
-45,-19,42
-45,-19,42
-46,-19,41
-46,-19,41
-46,-19,41
-45,-19,41
-46,-19,42
-45,-19,41
-46,-19,42
-45,-19,41
-45,-19,42
-46,-19,41
-45,-19,41
-46,-19,42
-46,-19,42
-46,-19,42
-46,-19,42
-46,-19,41
-46,-19,41
-46,-19,41
-46,-19,41
-46,-19,41
-46,-19,41
-46,-19,41
-46,-19,41
-46,-19,41
-45,-19,41
-46,-19,41
-46,-19,42
-46,-19,41
-46,-19,42
-46,-19,41
-46,-19,41
-46,-18,41
-46,-19,42
-46,-19,42
-46,-18,42
-46,-19,41
-46,-18,41
-46,-19,41
-46,-19,41
-46,-19,41
-46,-19,41
-46,-19,41
-46,-19,41
-46,-19,41
-46,-19,41
-46,-19,41
-46,-19,42
-46,-19,41
-46,-19,42
-46,-19,42
-46,-19,41
-45,-18,41
-46,-19,42
-46,-18,42
-46,-19,41
-45,-19,42
-45,-19,41
-46,-18,41
-46,-18,41
-46,-18,42
-46,-19,42
-46,-19,42
-46,-19,42
-46,-19,41
-46,-19,41
-46,-19,42
-46,-19,42
-46,-18,41
-46,-19,41
-46,-19,41
-46,-19,41
-46,-19,41
-46,-19,41
-45,-19,42
-45,-18,42
-44,-18,42
-45,-17,42
-46,-18,41
-50,-20,40
-50,-21,40
-47,-21,40
-44,-19,42
-42,-16,43
-40,-15,44
-41,-17,43
-46,-20,42
-47,-21,41
-47,-19,43
-46,-18,43
-43,-17,42
-43,-18,41
-45,-19,40
-46,-20,41
-47,-19,42
-47,-19,42
-46,-19,41
-45,-20,41
-46,-19,41
-46,-19,42
-46,-19,42
-46,-19,42
-46,-18,42
-45,-19,43
-43,-19,43
-43,-19,43
-44,-19,42
-46,-19,41
-45,-20,41
-45,-20,41
-45,-19,41
-45,-19,41
-46,-18,41
-46,-17,41
-46,-19,42
-47,-20,42
-46,-20,42
-45,-20,42
-43,-18,42
-43,-18,42
-44,-19,42
-45,-20,41
-45,-20,41
-45,-19,42
-45,-18,42
-46,-18,41
-47,-18,41
-47,-19,41
-47,-19,41
-46,-18,41
-46,-18,41
-46,-18,41
-46,-18,42
-46,-19,42
-46,-19,41
-46,-19,42
-45,-19,41
-46,-19,41
-45,-19,41
-45,-19,41
-45,-19,41
-46,-19,41
-46,-19,41
-46,-19,41
-46,-19,41
-46,-19,41
-46,-19,41
-46,-19,41
-46,-18,41
-45,-18,41
-46,-18,42
-46,-18,42
-46,-18,42
-46,-18,42
-46,-18,41
-46,-19,41
-46,-18,42
-46,-19,41
-46,-18,41
-46,-19,41
-46,-19,41
-46,-19,41
-46,-19,41
-46,-19,41
-46,-19,41
-46,-19,41
-46,-19,42
-46,-19,41
-46,-19,42
-46,-19,42
-45,-19,42
-46,-19,42
-46,-19,42
-45,-18,41
-45,-19,41
-45,-18,41
-45,-18,42
-45,-19,42
-45,-19,42
-45,-19,42
-46,-18,42
-46,-19,42
-46,-18,42
-45,-19,42
-45,-19,42
-46,-19,41
-46,-19,42
-46,-19,42
-45,-19,42
-45,-19,42
-45,-19,42
-45,-19,42
-46,-19,42
-45,-19,42
-45,-19,42
-45,-19,42
-45,-19,42
-46,-19,42
-45,-19,42
-45,-19,42
-45,-19,42
-45,-19,42
-45,-19,42
-45,-19,42
-45,-19,42
-45,-19,42
-45,-19,42
-45,-19,42
-45,-18,42
-45,-19,42
-45,-19,42
-45,-19,42
-45,-19,42
-46,-19,42
-45,-19,42
-45,-19,42
-45,-19,42
-45,-18,42
-46,-19,42
-45,-19,42
-45,-19,42
-45,-19,42
-45,-19,42
-46,-19,42
-45,-19,42
-45,-18,42
-45,-19,42
-45,-19,42
-45,-19,42
-45,-19,42
-45,-19,42
-45,-19,42
-46,-19,42
-45,-18,42
-45,-19,42
-46,-19,42
-45,-19,42
-45,-19,42
-45,-19,42
-45,-19,42
-45,-19,42
-45,-19,42
-45,-19,42
-45,-19,42
-45,-19,42
-46,-19,41
-46,-19,41
-45,-19,41
-45,-19,41
-46,-19,42
-46,-19,42
-46,-19,42
-45,-19,42
-46,-19,41
-45,-19,42
-45,-19,42
-45,-19,41
-45,-19,41
-45,-19,42
-45,-19,41
-45,-19,41
-45,-19,41
-46,-20,41
-46,-19,41
-46,-19,42
-46,-19,42
-45,-19,42
-45,-19,42
-44,-19,42
-43,-19,42
-44,-19,42
-44,-18,42
-44,-19,43
-45,-19,42
-46,-19,42
-46,-20,42
-46,-19,43
-45,-19,42
-43,-19,42
-42,-20,42
-42,-20,42
-43,-20,43
-44,-20,42
-44,-20,43
-44,-19,43
-44,-19,43
-44,-19,43
-44,-19,43
-44,-19,42
-44,-20,42
-44,-20,42
-44,-20,42
-46,-20,42
-46,-20,42
-47,-19,42
-45,-19,42
-45,-19,42
-45,-20,42
-44,-20,41
-43,-20,41
-44,-20,42
-44,-20,43
-45,-19,43
-45,-19,42
-44,-19,42
-44,-19,43
-44,-19,43
-44,-19,43
-43,-20,43
-43,-20,42
-44,-20,42
-44,-19,42
-44,-19,43
-44,-19,42
-44,-18,42
-44,-19,42
-46,-19,43
-46,-19,42
-46,-19,41
-46,-19,41
-46,-19,42
-46,-19,42
-46,-19,41
-46,-19,41
-46,-18,41
-46,-18,41
-46,-18,41
-47,-17,41
-47,-17,42
-46,-16,41
-46,-16,42
-47,-16,41
-47,-17,41
-47,-18,41
-45,-19,41
-45,-19,41
-46,-20,41
-46,-20,41
-45,-20,41
-45,-20,41
-45,-20,41
-45,-20,41
-45,-19,41
-46,-19,41
-45,-19,41
-45,-19,41
-45,-19,41
-46,-19,41
-46,-18,42
-47,-18,41
-46,-17,42
-47,-18,42
-46,-18,42
-46,-18,42
-46,-18,41
-45,-18,42
-46,-18,42
-46,-18,42
-46,-19,42
-46,-19,42
-45,-18,42
-45,-18,42
-45,-19,41
-45,-19,42
-46,-19,41
-46,-19,42
-46,-19,41
-46,-19,42
-45,-19,42
-45,-20,41
-45,-20,41
-45,-20,42
-45,-19,42
-45,-19,42
-45,-19,42
-45,-19,42
-45,-19,42
-45,-19,42
-44,-19,42
-45,-19,42
-44,-19,42
-44,-18,42
-45,-18,42
-45,-19,42
-45,-19,42
-45,-19,43
-45,-19,42
-45,-20,42
-46,-19,41
-45,-19,41
-45,-19,42
-46,-19,42
-45,-19,41
-45,-19,41
-46,-20,41
-46,-19,41
-46,-19,41
-46,-19,41
-45,-19,41
-46,-19,41
-46,-20,41
-45,-20,41
-45,-20,41
-45,-20,41
-46,-20,41
-46,-19,42
-46,-19,42
-45,-20,41
-45,-19,41
-45,-19,41
-46,-19,41
-46,-19,41
-46,-19,41
-46,-19,41
-46,-19,41
-45,-19,41
-45,-20,41
-45,-20,40
-45,-20,40
-48,-21,36
-50,-22,37
-46,-22,40
-44,-19,40
-44,-20,41
-43,-19,50
-39,-19,46
-35,-16,54
-38,-8,62
-42,-7,62
-26,-4,57
-17,-5,57
-4,-3,63
3,-5,64
2,-9,63
1,-11,57
-6,-8,56
-10,-2,63
-14,0,66
-26,-9,55
-31,-10,53
-22,-5,63
-23,-2,62
-20,1,61
-18,4,62
-15,-1,54
-5,4,66
0,7,70
-10,0,63
-14,-1,60
-11,0,66
-12,-1,63
-4,-1,59
0,-1,58
-5,-10,65
2,-9,76
0,-10,67
-4,-11,53
-9,-10,55
-9,-2,67
-9,-3,62
-15,0,62
-15,2,64
-15,-1,60
-15,-1,60
-13,-3,57
-17,1,62
-10,7,70
-14,4,65
-15,-5,57
-16,-3,59
-14,-4,62
-9,-6,64
-9,-7,63
-13,-3,60
-14,-3,61
-16,-8,66
-12,-3,69
-17,-8,59
-11,-11,67
-18,-8,63
-13,-10,64
-23,-8,54
-23,-4,60
-20,-1,62
-19,-4,59
-17,-4,60
-17,-2,61
-19,-1,61
-18,-5,59
-21,-4,63
-17,-1,66
-23,-1,63
-23,0,61
-23,-1,58
-22,-4,53
-22,-4,59
-21,-3,62
-23,-4,59
-25,-5,57
-25,-4,59
-23,-5,60
-21,-4,62
-21,-4,64
-19,-3,62
-17,0,64
-15,4,57
-15,1,52
-12,-5,57
-14,-9,75
-12,-7,63
-8,-7,61
-11,-4,63
-15,-1,62
-16,-2,59
-10,-2,60
-10,-2,60
-13,-1,62
-18,0,64
-12,-4,61
-12,-3,63
-14,-4,64
-12,2,72
-15,2,68
-17,-4,56
-15,-4,57
-13,-1,60
-12,-2,61
-15,-4,60
-17,-5,62
-17,-5,64
-17,-6,63
-15,-6,60
-17,-7,59
-19,-6,60
-20,-6,61
-20,-6,61
-18,-5,61
-19,-4,61
-13,-3,59
-13,-6,60
-23,-7,58
-24,-7,56
-21,-6,58
-21,-5,59
-23,-4,59
-25,-5,56
-26,-4,57
-29,-2,61
-28,-1,61
-24,-1,61
-25,-1,61
-24,-1,60
-24,-2,61
-20,-5,57
-27,-4,59
-33,-3,54
-33,-2,56
-37,-1,52
-48,-1,39
-48,-5,40
-43,-6,45
-50,-12,47
-39,-10,62
-44,-8,61
-36,-10,52
-35,-12,45
-38,-7,41
-37,-8,40
-43,-8,45
-42,-8,50
-45,-9,52
-44,-9,51
-45,-9,49
-43,-10,46
-42,-9,47
-42,-9,47
-42,-9,48
-41,-7,48
-40,-7,48
-41,-7,49
-42,-7,49
-41,-7,49
-37,-6,49
-36,-6,49
-41,-7,48
-44,-6,49
-40,-5,53
-36,-5,54
-32,-6,54
-30,-6,55
-28,-5,55
-29,-4,55
-28,-2,58
-29,-1,59
-27,-1,59
-27,-3,58
-27,-5,57
-26,-6,57
-25,-7,58
-24,-6,58
-24,-5,59
-26,-4,59
-26,-3,59
-26,-3,59
-26,-3,59
-25,-3,58
-25,-3,58
-26,-4,57
-25,-4,58
-25,-4,58
-25,-5,58
-26,-5,58
-26,-5,59
-26,-4,59
-26,-5,59
-26,-4,58
-25,-4,58
-25,-4,58
-25,-4,58
-25,-4,58
-25,-5,58
-25,-5,57
-25,-5,58
-25,-4,60
-25,-4,60
-25,-4,59
-25,-4,59
-26,-5,57
-26,-6,56
-25,-7,56
-24,-7,57
-24,-5,59
-25,-3,61
-25,-3,60
-24,-3,59
-23,-3,59
-23,-5,59
-24,-5,59
-24,-5,59
-24,-4,59
-24,-3,58
-24,-3,58
-24,-4,58
-25,-6,58
-26,-6,58
-27,-4,59
-26,-4,60
-24,-3,59
-24,-4,59
-23,-5,58
-24,-5,58
-24,-4,59
-24,-3,59
-24,-3,59
-24,-4,59
-24,-5,58
-25,-5,58
-24,-4,59
-25,-4,59
-25,-4,59
-25,-4,59
-25,-5,59
-26,-4,59
-25,-4,59
-24,-3,59
-24,-4,58
-24,-4,59
-25,-4,59
-24,-4,59
-24,-4,58
-25,-5,59
-24,-5,59
-25,-4,59
-24,-4,59
-24,-4,59
-25,-5,58
-25,-5,59
-24,-5,59
-24,-5,59
-24,-5,58
-24,-5,58
-24,-5,58
-24,-4,58
-24,-5,58
-25,-5,59
-25,-4,59
-25,-4,59
-25,-4,59
-25,-5,59
-24,-5,59
-24,-4,58
-24,-4,58
-24,-4,59
-25,-4,58
-24,-5,59
-24,-5,58
-25,-4,58
-24,-4,59
-24,-4,59
-24,-5,59
-24,-4,59
-24,-5,59
-24,-5,58
-24,-5,59
-24,-5,59
-24,-4,59
-25,-4,59
-25,-4,59
-25,-5,59
-24,-5,59
-24,-5,59
-24,-4,59
-23,-3,59
-23,-4,59
-24,-4,59
-25,-5,59
-25,-5,58
-25,-5,59
-24,-4,59
-24,-4,59
-24,-4,59
-24,-4,58
-24,-4,59
-24,-4,59
-24,-4,59
-24,-4,59
-24,-4,59
-24,-4,58
-24,-4,58
-24,-4,59
-21,-4,59
-23,-5,57
-24,-5,59
-23,-5,59
-27,-7,58
-27,-10,57
-26,-11,60
-24,-12,59
-27,-10,58
-27,-10,52
-28,-13,48
-40,-15,44
-47,-19,47
-49,-17,52
-52,-18,50
-44,-17,47
-41,-16,46
-42,-14,45
-45,-14,44
-46,-13,44
-43,-13,46
-43,-12,47
-45,-11,43
-44,-11,38
-46,-11,40
-45,-10,46
-46,-10,45
-46,-11,41
-45,-10,48
-44,-9,47
-43,-9,43
-43,-10,44
-44,-9,49
-45,-9,50
-49,-3,53
-33,-9,50
-39,-5,47
-35,-2,51
-33,-3,50
-32,-3,54
-33,-4,56
-34,-4,56
-31,-4,55
-28,-3,58
-26,-1,59
-24,-1,58
-23,0,58
-22,-1,60
-22,0,58
-10,-1,59
-5,-1,65
-6,0,62
-9,-1,63
-10,-5,63
-18,-8,68
-22,-8,70
-27,-6,66
-32,-7,61
-36,0,52
-34,5,52
-39,10,46
-46,12,41
-57,16,32
-56,17,29
-48,17,29
-45,17,33
-45,18,36
-46,17,38
-45,16,40
-44,15,46
-45,14,48
-41,12,50
-40,12,50
-39,13,48
-38,13,47
-38,13,47
-38,13,50
-37,14,52
-35,13,54
-34,11,53
-31,10,52
-29,11,52
-25,14,56
-24,15,58
-28,13,61
-24,11,62
-15,7,63
-17,7,61
-21,10,58
-20,12,62
-18,11,63
-14,10,61
-15,9,59
-19,10,59
-22,11,60
-20,11,60
-19,11,59
-23,10,58
-21,10,59
-19,10,58
-20,10,57
-30,10,55
-29,10,57
-28,10,58
-34,11,56
-36,9,54
-31,8,55
-29,8,56
-31,9,56
-34,9,54
-38,9,51
-39,10,50
-39,11,49
-41,11,48
-45,12,42
-44,10,47
-40,10,50
-39,11,50
-42,11,48
-43,10,46
-43,10,46
-45,11,44
-47,11,42
-50,11,39
-50,12,39
-51,12,38
-52,12,37
-52,12,37
-52,12,37
-52,12,36
-52,12,34
-53,12,32
-53,12,31
-53,12,33
-50,11,37
-51,11,38
-50,10,38
-52,9,37
-54,10,37
-54,10,37
-53,10,39
-53,9,39
-54,9,38
-55,9,33
-54,8,32
-54,10,33
-53,10,33
-55,9,33
-55,9,34
-54,9,36
-52,9,37
-51,9,38
-50,10,39
-50,9,40
-52,7,39
-49,8,41
-49,8,41
-50,8,40
-48,7,41
-45,7,42
-39,10,48
-40,11,50
-44,11,48
-38,7,51
-35,6,55
-33,7,57
-35,6,54
-34,7,54
-31,6,55
-27,4,55
-26,4,56
-25,8,60
-26,9,60
-36,10,56
-38,8,53
-34,6,52
-30,7,54
-31,9,55
-36,9,51
-37,9,50
-40,7,53
-38,6,54
-34,6,52
-36,7,50
-45,8,47
-47,7,45
-46,9,44
-47,10,41
-55,8,34
-55,6,36
-58,8,31
-59,9,29
-58,9,30
-57,8,30
-56,8,31
-56,8,32
-55,7,33
-48,6,40
-44,6,44
-43,6,49
-43,5,48
-49,5,41
-48,6,40
-49,7,40
-52,7,37
-54,7,38
-55,6,38
-54,6,38
-51,7,40
-52,6,39
-51,6,39
-50,6,39
-49,5,39
-49,5,39
-51,6,40
-50,5,41
-49,4,43
-49,4,43
-53,4,42
-39,6,48
-32,4,53
-25,3,58
-25,3,59
-23,3,61
-23,3,60
-26,3,57
-21,4,60
-20,4,61
-21,3,59
-20,3,60
-16,2,61
-15,2,61
-16,3,63
-15,3,63
-14,4,62
-15,4,62
-17,5,63
-19,5,63
-19,1,62
-20,0,56
-21,2,54
-23,7,59
-26,9,60
-33,8,56
-33,7,55
-23,6,58
-20,4,60
-22,4,62
-23,5,61
-26,6,59
-27,6,58
-26,5,58
-30,5,55
-33,5,53
-39,5,52
-38,6,53
-40,8,52
-41,8,49
-39,9,48
-37,8,49
-42,7,49
-38,7,51
-36,9,52
-40,9,48
-45,9,43
-46,8,43
-45,9,44
-48,9,42
-49,10,42
-49,10,40
-48,9,39
-49,9,41
-47,8,43
-42,8,47
-40,8,50
-36,8,55
-35,9,55
-34,9,54
-33,10,54
-33,10,54
-33,9,53
-35,8,53
-34,9,54
-32,9,56
-30,8,56
-30,8,56
-28,8,57
-28,8,57
-29,8,57
-28,8,57
-27,8,58
-27,8,57
-27,8,57
-25,8,58
-25,8,58
-27,8,57
-27,8,57
-25,8,58
-25,8,58
-25,8,57
-26,9,57
-24,9,58
-22,9,59
-22,8,60
-22,8,59
-20,9,60
-19,10,61
-19,8,53
-17,9,61
-17,9,61
-15,8,62
-15,8,61
-14,8,61
-15,8,61
-16,8,62
-13,8,62
-13,8,63
-17,8,60
-17,8,60
-16,8,62
-15,8,62
-20,7,60
-23,8,60
-25,8,57
-31,7,56
-28,9,58
-28,8,57
-28,8,56
-29,9,56
-30,10,55
-34,10,52
-34,10,52
-33,9,54
-32,9,54
-35,9,54
-35,10,53
-37,10,51
-37,10,51
-35,9,53
-42,10,46
-45,10,43
-50,11,38
-50,11,37
-50,11,39
-49,10,40
-45,10,43
-46,9,42
-52,8,38
-55,8,38
-51,9,40
-51,10,37
-50,9,36
-51,9,36
-52,9,36
-56,8,37
-53,8,38
-52,8,38
-51,7,38
-54,6,37
-53,7,38
-55,8,36
-52,9,33
-54,7,29
-58,7,29
-61,7,25
-63,8,21
-62,8,21
-58,7,26
-57,7,29
-61,7,29
-60,6,27
-48,6,35
-48,5,36
-59,5,30
-59,5,27
-59,5,25
-58,6,29
-58,6,30
-57,4,31
-56,3,33
-52,3,37
-49,3,38
-48,0,38
-50,-2,39
-54,-4,41
-54,-4,41
-51,-3,41
-51,-3,43
-48,-4,45
-44,-5,47
-45,-5,46
-45,-6,49
-41,-6,53
-43,-5,49
-43,-5,47
-37,-5,51
-36,-5,52
-37,-5,50
-36,-5,52
-43,-5,48
-46,-4,47
-36,-2,52
-36,-4,54
-33,-5,54
-36,-4,48
-38,-2,50
-31,-3,60
-33,-6,54
-34,-2,51
-33,-4,54
-30,-2,52
-29,-1,51
-26,-1,63
-34,-4,58
-39,-3,48
-38,3,54
-43,2,56
-45,0,47
-50,-1,47
-44,3,48
-40,4,49
-41,1,46
-41,2,51
-36,3,53
-38,4,52
-42,4,50
-44,3,46
-43,4,47
-41,4,47
-43,3,48
-41,3,51
-40,3,51
-40,0,49
-40,0,49
-37,1,54
-36,1,54
-36,1,51
-36,0,51
-36,0,53
-35,0,56
-36,0,55
-34,-2,55
-30,-1,56
-35,-1,52
-41,-2,50
-38,-1,55
-34,-2,56
-38,-2,51
-39,-2,51
-33,-3,56
-33,-2,55
-33,-2,54
-34,-3,55
-31,-2,56
-30,-3,55
-31,-2,55
-30,-2,55
-29,-1,55
-31,-2,55
-31,-1,56
-22,-1,57
-25,0,48
-57,-3,43
-43,-3,52
-36,-2,56
-40,-2,55
-40,-2,54
-35,-2,53
-32,-2,54
-31,-2,55
-33,-1,54
-34,-1,55
-33,-1,55
-31,-1,56
-32,0,58
-32,0,56
-33,0,55
-33,1,56
-32,1,55
-32,1,55
-31,1,55
-31,2,56
-32,1,55
-31,1,56
-32,2,56
-32,2,56
-32,2,54
-34,2,54
-34,2,54
-33,3,56
-32,2,55
-34,3,56
-34,3,55
-35,3,53
-34,3,48
-34,3,52
-34,3,51
-37,3,53
-35,3,55
-31,1,55
-32,1,55
-35,1,55
-35,1,54
-35,1,53
-35,0,54
-35,1,54
-36,0,53
-35,-1,53
-35,0,54
-35,0,54
-36,-1,54
-35,-1,53
-36,-2,53
-37,-1,53
-38,-1,53
-37,-1,52
-38,-1,52
-37,-1,53
-37,-1,52
-37,-1,51
-37,-1,51
-37,-1,53
-37,-2,51
-37,-1,53
-34,0,54
-30,-1,56
-33,-1,57
-31,0,61
-32,2,58
-33,3,52
-32,4,54
-34,4,52
-38,0,48
-41,1,50
-41,2,53
-38,1,51
-40,-1,50
-41,-1,51
-40,-1,53
-37,-1,52
-37,-1,52
-38,-1,51
-38,-1,52
-39,-1,51
-40,0,50
-39,-1,50
-39,-1,51
-37,-1,54
-39,-2,52
-36,-2,54
-31,-1,54
-40,-2,49
-35,0,58
-32,1,57
-35,1,49
-35,0,52
-34,1,55
-35,0,54
-36,0,53
-37,0,54
-33,1,54
-31,0,54
-32,1,55
-35,1,55
-35,2,56
-31,1,56
-31,2,56
-30,2,56
-30,2,56
-28,1,56
-29,2,57
-30,2,57
-30,2,56
-30,2,57
-31,3,57
-31,3,57
-29,3,57
-29,4,57
-27,4,57
-26,4,57
-26,4,58
-25,4,58
-26,3,57
-27,3,58
-25,4,59
-26,4,59
-23,3,58
-23,3,59
-24,4,59
-23,3,58
-23,4,59
-24,3,58
-24,2,56
-27,4,58
-26,4,59
-30,2,57
-31,1,56
-33,3,56
-32,3,56
-34,1,55
-34,2,54
-31,2,55
-33,1,54
-34,1,54
-33,1,56
-32,1,55
-35,-1,56
-29,0,60
-29,0,56
-32,0,55
-27,1,59
-26,1,58
-30,1,53
-27,2,58
-27,2,59
-30,1,58
-33,1,56
-25,3,58
-22,3,59
-18,1,60
-22,2,61
-23,1,60
-23,1,58
-29,0,57
-30,0,58
-32,0,57
-30,1,57
-29,1,57
-28,1,57
-27,1,58
-26,2,58
-27,1,58
-25,1,57
-26,1,58
-26,1,57
-26,2,58
-27,2,58
-27,2,58
-27,2,58
-25,2,59
-25,2,58
-26,2,58
-27,2,59
-25,1,59
-24,1,59
-25,1,58
-25,0,58
-27,1,58
-31,3,59
-35,0,54
-32,1,55
-32,1,54
-31,1,55
-30,2,54
-32,1,54
-33,2,55
-30,1,57
-28,0,59
-28,0,57
-28,0,58
-29,0,59
-28,1,58
-30,1,54
-32,0,55
-32,1,57
-32,1,56
-31,1,56
-33,1,57
-34,1,55
-28,1,55
-27,1,56
-30,1,57
-33,1,54
-30,1,57
-29,1,58
-29,1,58
-30,-1,56
-30,0,57
-30,0,57
-29,0,57
-29,1,57
-29,1,57
-29,1,57
-29,1,56
-29,1,57
-29,1,57
-29,1,57
-29,1,57
-28,1,59
-26,1,57
-25,1,57
-25,1,58
-26,1,58
-25,0,58
-27,0,56
-28,0,56
-30,0,56
-33,-1,56
-31,-1,56
-30,-1,56
-32,0,61
-32,1,56
-29,1,56
-32,1,57
-24,2,59
-26,1,58
-34,2,55
-34,4,55
-32,3,55
-30,3,59
-32,0,55
-30,1,56
-31,1,56
-27,-1,57
-26,-2,59
-22,-3,59
-22,-4,59
-19,-3,61
-19,-3,60
-18,-4,60
-18,-3,61
-16,-3,61
-17,-3,61
-18,-3,59
-18,-3,60
-21,-2,58
-21,-1,60
-21,2,63
-23,10,63
-31,8,55
-35,9,48
-32,12,53
-33,17,54
-30,15,54
-25,12,58
-21,15,62
-19,10,61
-20,10,62
-17,10,63
-11,10,62
-10,10,60
-7,9,61
-5,8,61
0,8,66
3,8,66
4,8,64
2,9,63
-4,11,63
-8,12,63
-22,11,56
-29,9,52
-35,4,49
-33,4,54
-31,4,53
-43,3,49
-47,7,53
-44,9,54
-48,5,46
-57,2,36
-55,5,38
-50,9,40
-51,8,37
-53,7,33
-50,7,31
-51,7,33
-49,7,35
-54,7,33
-57,6,36
-63,4,35
-45,6,48
-42,7,46
-40,6,40
-41,6,42
-48,7,42
-47,7,45
-59,12,38
-50,11,43
-55,14,39
-54,17,35
-53,16,34
-51,16,40
-50,20,44
-27,12,50
-23,9,52
-16,7,64
-13,8,66
-32,11,60
-33,11,53
-25,9,52
-26,9,57
-24,11,60
-22,14,57
-24,14,56
-32,13,54
-33,12,54
-32,12,56
-36,12,55
-37,12,55
-37,12,54
-35,12,55
-36,12,55
-32,9,52
-29,8,53
-30,9,53
-33,12,54
-32,13,55
-38,12,49
-46,10,43
-43,7,44
-48,6,44
-56,5,34
-54,7,39
-49,10,36
-53,7,29
-65,5,23
-62,4,19
-58,4,21
-59,3,23
-58,3,28
-61,8,28
-55,8,30
-60,9,34
-57,11,35
-51,15,31
-49,12,27
-57,10,29
-56,11,31
-53,12,30
-51,10,25
-52,9,28
-59,6,33
-59,5,31
-66,6,29
-66,8,28
-62,7,16
-63,2,8
-69,3,15
-64,4,15
-62,6,8
-63,4,10
-64,5,12
-64,7,13
-63,7,12
-67,5,12
-67,4,11
-66,4,12
-64,4,11
-62,4,16
-62,3,17
-60,5,20
-60,7,23
-59,5,22
-65,5,20
-64,6,21
-58,4,15
-56,4,11
-60,-1,9
-61,0,9
-80,-6,1
-75,-3,12
-67,0,7
-68,0,6
-62,0,7
-57,0,7
-59,0,9
-63,1,10
-64,0,11
-72,3,18
-67,3,16
-64,1,14
-65,3,18
-59,3,19
-55,5,22
-53,5,23
-63,2,16
-66,3,14
-72,0,9
-73,1,10
-70,-2,12
-70,-2,14
-62,-1,22
-60,1,21
-53,1,20
-53,-2,21
-54,0,18
-60,-1,12
-63,-3,16
-62,-2,18
-72,0,8
-71,0,12
-71,0,12
-58,-2,17
-55,-1,18
-61,0,17
-59,-1,19
-56,0,22
-60,2,21
-63,2,21
-64,0,20
-65,0,26
-64,-1,26
-61,-3,25
-57,-3,27
-51,-2,30
-55,-3,26
-65,-1,23
-64,0,20
-64,0,21
-65,-2,18
-65,-2,22
-61,2,24
-56,3,24
-58,1,18
-65,0,19
-62,0,21
-63,1,21
-63,0,21
-64,0,23
-59,0,29
-52,0,37
-47,-1,38
-40,-1,50
-48,-1,49
-42,1,54
-38,2,55
-37,-1,52
-33,-2,52
-34,-3,49
-44,-4,45
-47,-5,44
-45,-6,42
-46,-4,40
-59,-6,30
-52,-5,31
-54,-4,27
-63,-3,22
-63,-2,20
-66,-1,18
-58,-1,23
-64,-2,20
-65,-2,19
-63,-2,18
-64,-3,18
-64,-2,18
-64,-2,18
-60,-4,21
-56,-4,25
-54,-3,28
-56,-3,27
-56,-2,28
-64,-3,23
-61,-1,26
-61,-1,24
-63,-2,21
-64,-1,24
-62,0,25
-56,-1,31
-54,1,34
-54,1,38
-57,1,38
-51,-4,39
-45,-7,40
-37,-6,55
-25,-6,66
-22,-7,62
-33,-10,53
-39,-9,51
-36,-7,53
-35,-6,52
-44,-6,46
-46,-7,42
-54,-4,37
-54,-3,35
-54,-3,34
-55,-2,33
-53,0,35
-56,-2,34
-54,-1,34
-51,0,36
-53,-1,34
-54,-1,33
-57,-2,32
-57,-2,33
-56,-2,34
-55,-3,31
-57,-3,31
-57,-2,32
-53,-1,38
-58,1,32
-57,-1,29
-57,1,32
-51,4,34
-59,0,26
-64,1,15
-62,4,15
-63,5,10
-61,5,11
-66,3,7
-65,3,11
-59,1,23
-59,-3,21
-61,-3,18
-64,-4,9
-66,-4,8
-69,-4,10
-69,-4,10
-69,-1,10
-64,-1,11
-57,0,13
-61,0,11
-61,0,14
-64,1,15
-66,0,17
-66,-1,21
-65,-2,18
-64,-1,18
-64,0,18
-58,1,23
-57,1,22
-58,1,23
-58,1,24
-57,0,26
-56,0,26
-60,1,23
-59,0,23
-65,-1,21
-68,-2,20
-66,-1,20
-63,-1,21
-60,-1,21
-65,0,18
-62,-1,19
-59,1,27
-57,1,30
-60,2,35
-55,1,36
-45,0,43
-43,0,44
-44,-1,39
-36,1,52
-37,-1,50
-42,-4,47
-45,-4,48
-48,-4,48
-47,-5,46
-49,-8,42
-48,-5,45
-44,-5,44
-43,-6,41
-47,-4,39
-51,-5,40
-50,-5,37
-56,-4,35
-54,-4,36
-55,-4,33
-57,-4,32
-59,-4,32
-56,-3,33
-54,-3,32
-57,-3,31
-58,-3,30
-56,-2,32
-56,-2,32
-57,-3,31
-58,-2,31
-57,-2,31
-56,-2,32
-56,-3,31
-57,-3,32
-58,0,31
-57,-1,30
-54,0,35
-54,1,35
-56,2,32
-56,2,32
-55,2,32
-56,2,32
-57,3,32
-55,2,31
-56,2,31
-58,2,31
-56,2,29
-58,0,25
-59,0,24
-62,-2,25
-61,-3,22
-64,-5,19
-64,-5,21
-63,-4,20
-64,-3,13
-64,-4,15
-63,-3,16
-63,-3,17
-64,-3,18
-64,-2,17
-60,-3,17
-61,-2,16
-63,-3,18
-61,-3,20
-62,-2,22
-62,-2,22
-60,-2,22
-59,-1,24
-59,-1,26
-58,0,27
-58,-1,27
-58,0,28
-58,0,28
-59,0,28
-58,0,28
-58,0,30
-58,1,30
-58,0,30
-57,0,30
-57,1,30
-57,0,31
-57,0,30
-57,1,29
-58,1,28
-59,2,26
-59,1,30
-60,0,27
-59,1,27
-58,1,30
-58,0,29
-57,1,30
-57,1,30
-57,2,29
-59,3,26
-59,3,27
-59,4,27
-60,4,25
-59,5,26
-58,5,26
-59,5,25
-61,4,24
-61,5,25
-59,6,23
-60,5,20
-63,5,19
-63,5,20
-63,6,21
-63,6,21
-60,6,23
-59,6,23
-59,5,23
-60,5,23
-60,5,25
-60,5,25
-60,5,25
-61,5,25
-59,6,25
-58,6,24
-58,6,25
-59,7,26
-59,7,26
-58,7,27
-58,7,27
-58,6,27
-57,6,28
-55,6,29
-57,6,28
-57,6,28
-62,5,22
-63,5,21
-65,5,20
-64,5,20
-64,4,20
-63,4,20
-60,5,21
-59,4,22
-61,4,23
-62,5,26
-60,6,24
-59,5,25
-57,6,29
-55,7,32
-55,8,36
-54,7,34
-53,8,34
-46,7,47
-47,8,47
-44,2,45
-42,0,44
-47,1,43
-46,1,46
-46,1,48
-43,0,46
-44,0,47
-43,0,46
-43,0,46
-44,-1,39
-48,-2,36
-55,-2,33
-56,-2,32
-59,-3,30
-62,-3,29
-60,-2,29
-58,-2,29
-62,-1,25
-61,-2,25
-60,-1,25
-60,-1,26
-60,0,25
-59,0,25
-60,-1,24
-61,-1,24
-60,-1,24
-61,-1,24
-60,-1,27
-59,-1,24
-61,0,22
-58,1,24
-62,1,22
-63,3,22
-59,4,26
-59,3,23
-62,0,22
-57,2,26
-63,2,20
-61,3,23
-63,3,25
-60,3,25
-60,3,31
-59,3,33
-57,6,36
-47,-1,33
-45,-3,36
-51,-3,45
-49,-2,48
-47,-2,44
-47,-2,40
-53,-1,37
-49,0,41
-43,0,39
-48,1,35
-64,-1,23
-64,-1,22
-58,0,20
-67,1,17
-66,1,17
-62,1,14
-65,2,13
-64,2,16
-63,1,16
-67,1,13
-64,1,14
-67,1,16
-65,3,18
-60,4,22
-51,8,30
-53,10,35
-55,8,32
-56,8,27
-50,7,31
-55,8,32
-57,8,37
-55,8,36
-56,9,31
-56,8,30
-56,5,29
-58,5,30
-56,5,33
-56,4,34
-56,4,33
-56,4,34
-56,4,32
-57,5,31
-55,4,32
-54,4,34
-55,5,36
-55,5,33
-54,5,33
-54,6,35
-54,5,35
-54,5,35
-54,6,35
-54,6,36
-53,7,37
-53,7,36
-52,7,36
-53,7,35
-52,7,36
-52,7,37
-53,8,37
-53,8,37
-52,7,37
-51,7,38
-51,7,38
-52,6,36
-52,6,35
-52,5,37
-52,6,37
-54,7,39
-52,8,39
-52,7,39
-52,6,39
-55,6,39
-57,8,38
-53,8,35
-46,10,38
-46,8,38
-50,6,38
-52,7,41
-48,10,46
-52,8,39
-49,8,42
-45,9,48
-39,7,47
-39,2,38
-40,4,51
-40,5,53
-35,5,54
-43,5,47
-43,5,46
-40,6,47
-40,7,49
-40,6,51
-41,7,51
-43,6,48
-41,6,49
-41,6,49
-43,5,47
-43,5,47
-44,6,47
-45,7,48
-44,7,48
-43,7,48
-41,7,48
-42,7,48
-41,7,49
-41,7,49
-40,6,50
-40,6,50
-40,5,49
-43,6,47
-52,6,40
-51,7,41
-63,10,35
-49,11,34
-42,8,39
-35,12,52
-34,10,52
-20,3,57
-17,0,61
-6,-15,74
-14,-10,69
-16,-9,55
-11,-10,58
-14,-7,58
-13,-8,61
-7,-9,62
1,-13,63
9,-15,67
9,-15,63
5,-17,59
7,-20,63
9,-18,65
1,-16,60
-5,-19,59
-6,-19,55
-19,-26,54
-27,-26,51
-40,-23,45
-41,-23,45
-41,-26,45
-39,-26,45
-42,-26,41
-44,-26,38
-37,-25,46
-35,-23,50
-36,-19,49
-37,-20,51
-38,-21,53
-32,-21,55
-32,-23,48
-37,-25,45
-40,-26,42
-49,-28,35
-50,-30,33
-47,-25,32
-41,-24,33
-44,-21,39
-46,-18,44
-43,-16,51
-41,-15,49
-41,-14,46
-51,-21,44
-56,-24,41
-54,-25,38
-51,-23,38
-46,-21,42
-43,-20,43
-38,-17,45
-37,-16,45
-37,-15,46
-38,-16,46
-43,-18,44
-44,-19,44
-45,-20,43
-43,-20,44
-42,-20,44
-42,-19,44
-41,-20,45
-43,-19,44
-42,-19,44
-43,-19,45
-43,-19,45
-43,-19,45
-42,-19,44
-42,-19,45
-42,-19,45
-42,-19,45
-42,-19,45
-42,-19,45
-42,-19,45
-42,-20,45
-42,-19,45
-42,-19,45
-42,-19,45
-41,-20,45
-42,-20,45
-41,-20,45
-41,-20,45
-42,-20,45
-41,-20,45
-41,-20,45
-41,-20,45
-42,-20,45
-41,-20,45
-41,-20,46
-41,-20,45
-41,-20,45
-41,-21,45
-41,-20,45
-41,-21,45
-41,-20,45
-41,-21,45
-41,-20,45
-41,-21,45
-41,-21,45
-41,-21,45
-40,-21,45
-40,-21,45
-40,-20,45
-41,-21,46
-42,-20,46
-42,-21,45
-41,-21,45
-41,-21,45
-41,-21,45
-41,-21,45
-41,-20,45
-41,-20,45
-41,-20,45
-41,-20,45
-42,-21,45
-42,-20,45
-41,-20,45
-41,-19,45
-42,-19,46
-42,-19,46
-41,-19,45
-41,-19,45
-41,-19,45
-41,-19,45
-42,-19,45
-42,-19,45
-42,-19,45
-42,-19,45
-42,-19,45
-42,-19,45
-42,-19,45
-42,-19,45
-42,-19,45
-42,-19,45
-42,-19,45
-42,-19,45
-42,-19,45
-42,-19,45
-42,-19,45
-42,-19,45
-41,-19,45
-41,-19,44
-42,-19,45
-42,-19,45
-43,-19,45
-43,-19,45
-42,-19,45
-42,-19,45
-42,-19,45
-42,-19,45
-42,-19,45
-43,-18,45
-43,-18,45
-42,-18,45
-43,-18,45
-42,-18,45
-42,-18,45
-42,-18,45
-43,-18,45
-43,-19,45
-42,-18,45
-42,-18,45
-42,-18,45
-42,-18,45
-42,-18,45
-42,-18,45
-43,-18,45
-42,-18,45
-42,-18,45
-42,-18,45
-42,-18,45
-42,-18,45
-42,-18,45
-42,-18,45
-42,-18,45
-42,-18,45
-42,-18,45
-42,-18,45
-42,-18,45
-42,-19,45
-43,-18,45
-43,-18,45
-43,-18,45
-42,-18,45
-42,-18,45
-42,-18,45
-42,-18,45
-42,-18,45
-42,-18,45
-42,-18,45
-42,-18,45
-42,-18,45
-42,-18,45
-42,-18,45
-42,-18,45
-42,-18,45
-42,-18,45
-43,-18,45
-43,-18,45
-42,-17,46
-42,-17,46
-42,-18,45
-42,-18,45
-42,-19,45
-43,-19,45
-42,-18,45
-42,-18,45
-42,-18,45
-43,-17,45
-43,-17,45
-42,-17,46
-42,-17,45
-42,-18,45
-42,-18,45
-42,-18,45
-42,-18,45
-42,-18,45
-42,-18,45
-42,-18,45
-43,-18,45
-43,-18,45
-43,-18,45
-43,-17,45
-43,-18,45
-43,-18,45
-43,-18,45
-43,-18,45
-43,-18,45
-43,-18,45
-43,-18,45
-43,-18,45
-43,-18,45
-43,-18,45
-43,-18,45
-43,-18,45
-43,-18,45
-42,-18,45
-42,-18,45
-43,-18,45
-43,-18,45
-43,-18,45
-43,-18,45
-42,-18,45
-43,-18,45
-43,-18,45
-43,-18,45
-43,-18,45
-43,-18,45
-42,-18,44
-43,-18,45
-43,-18,45
-42,-18,45
-42,-18,45
-43,-18,45
-43,-18,45
-43,-18,45
-42,-18,45
-43,-18,45
-43,-18,45
-43,-18,45
-43,-18,45
-43,-18,45
-43,-18,45
-43,-18,45
-43,-18,45
-43,-18,45
-43,-18,45
-43,-18,45
-43,-18,45
-43,-18,45
-43,-18,45
-43,-18,45
-43,-18,45
-43,-18,45
-43,-18,45
-43,-18,45
-43,-18,45
-43,-18,45
-43,-18,45
-43,-18,45
-43,-18,45
-43,-18,45
-43,-18,45
-43,-18,45
-43,-18,45
-43,-18,45
-43,-18,45
-43,-18,45
-43,-18,45
-43,-18,45
-43,-18,45
-43,-18,45
-43,-18,45
-43,-18,45
-43,-18,45
-43,-18,45
-43,-18,45
-43,-18,45
-42,-18,45
-43,-18,45
-43,-18,45
-43,-18,45
-43,-18,45
-42,-18,45
-43,-18,45
-43,-18,45
-42,-18,45
-43,-18,45
-43,-18,45
-43,-18,45
-43,-18,45
-42,-18,45
-43,-18,45
-43,-18,45
-43,-18,45
-43,-18,45
-43,-18,45
-42,-18,45
-43,-18,45
-43,-18,45
-43,-18,45
-43,-18,45
-43,-18,45
-43,-18,45
-43,-18,45
-43,-18,45
-43,-18,45
-43,-18,45
-43,-18,45
-43,-18,45
-43,-18,45
-42,-18,45
-42,-18,45
-42,-18,45
-42,-18,45
-43,-18,45
-43,-19,45
-42,-19,45
-42,-19,45
-42,-19,45
-42,-18,45
-42,-18,45
-42,-18,45
-42,-18,45
-42,-19,45
-43,-19,45
-43,-19,45
-42,-19,45
-42,-19,45
-42,-19,45
-42,-19,45
-42,-19,45
-42,-18,45
-42,-19,45
-42,-18,45
-43,-19,45
-42,-19,45
-42,-19,45
-42,-19,45
-42,-19,45
-42,-18,45
-42,-19,45
-42,-19,45
-42,-19,45
-43,-19,45
-42,-18,45
-42,-18,45
-42,-19,45
-42,-19,45
-42,-19,45
-42,-19,45
-43,-18,45
-43,-18,45
-42,-18,45
-42,-18,45
-42,-18,45
-42,-18,45
-42,-19,45
-42,-19,45
-42,-19,45
-42,-18,45
-42,-18,45
-42,-19,45
-42,-19,45
-42,-19,45
-42,-19,45
-42,-19,45
-43,-19,45
-42,-19,45
-42,-19,45
-42,-19,45
-42,-19,45
-42,-18,45
-42,-19,45
-42,-19,46
-42,-19,46
-42,-19,46
-41,-18,45
-41,-18,45
-42,-19,46
-42,-19,46
-42,-18,46
-42,-18,46
-41,-19,45
-41,-19,45
-42,-20,45
-42,-20,45
-41,-19,45
-42,-18,45
-42,-18,45
-43,-18,46
-43,-18,45
-41,-18,45
-42,-19,46
-42,-19,46
-41,-19,46
-41,-19,45
-41,-19,45
-42,-19,44
-42,-18,45
-43,-19,45
-43,-18,46
-44,-18,45
-43,-18,45
-44,-17,45
-43,-18,45
-42,-17,45
-41,-17,45
-42,-17,45
-42,-17,46
-43,-17,45
-42,-17,45
-42,-18,45
-43,-18,45
-43,-18,45
-42,-18,45
-42,-18,45
-43,-18,45
-43,-18,45
-44,-19,45
-44,-20,45
-42,-20,44
-40,-19,44
-39,-17,44
-40,-16,45
-44,-19,47
-46,-21,47
-47,-19,46
-45,-16,45
-42,-15,43
-41,-16,42
-40,-20,37
-40,-21,36
-44,-22,42
-47,-23,48
-52,-23,45
-44,-23,36
-42,-24,35
-45,-22,38
-47,-21,42
-47,-20,42
-47,-20,42
-49,-19,42
-49,-18,42
-46,-16,42
-45,-15,42
-44,-14,42
-43,-15,43
-44,-15,44
-44,-14,45
-44,-14,45
-44,-14,45
-45,-15,45
-44,-17,44
-44,-17,43
-43,-17,43
-44,-17,44
-45,-18,44
-45,-18,44
-45,-17,43
-44,-17,44
-44,-18,44
-44,-19,44
-45,-19,43
-44,-19,42
-43,-19,43
-44,-19,44
-44,-18,44
-43,-17,44
-43,-17,44
-43,-17,44
-43,-17,44
-43,-18,44
-43,-17,44
-43,-17,44
-44,-17,45
-44,-17,44
-44,-17,43
-44,-17,44
-44,-17,45
-45,-17,45
-44,-16,44
-44,-17,44
-43,-17,44
-44,-17,44
-44,-18,44
-45,-18,43
-45,-17,43
-44,-18,43
-44,-18,43
-45,-18,44
-45,-17,44
-44,-17,44
-44,-17,44
-44,-17,44
-44,-17,44
-44,-17,44
-44,-17,44
-43,-17,44
-43,-17,43
-44,-17,43
-44,-17,43
-44,-17,43
-45,-18,44
-45,-17,44
-45,-17,44
-45,-17,43
-44,-17,44
-44,-18,44
-44,-18,44
-44,-18,43
-44,-18,44
-44,-17,44
-43,-18,44
-44,-17,43
-44,-17,44
-44,-17,44
-44,-18,44
-44,-18,44
-45,-18,44
-44,-18,44
-44,-17,44
-44,-18,44
-44,-18,43
-44,-17,44
-43,-17,44
-43,-17,44
-43,-17,44
-43,-17,45
-43,-18,44
-44,-19,44
-44,-19,44
-43,-19,44
-43,-19,44
-43,-18,45
-43,-18,44
-43,-18,44
-43,-18,44
-42,-18,44
-42,-18,44
-43,-18,45
-43,-18,45
-44,-18,44
-44,-18,44
-42,-17,44
-42,-18,44
-44,-17,45
-44,-17,45
-43,-17,44
-43,-17,44
-43,-18,44
-43,-18,45
-44,-17,45
-43,-17,44
-43,-17,44
-43,-18,44
-43,-18,45
-45,-17,45
-44,-17,44
-43,-17,43
-44,-18,43
-44,-18,44
-45,-17,45
-44,-17,43
-43,-17,43
-43,-18,44
-44,-17,44
-44,-17,45
-45,-16,45
-43,-17,44
-42,-17,44
-42,-17,44
-44,-17,45
-45,-17,45
-44,-17,44
-42,-17,44
-42,-17,44
-44,-18,44
-44,-18,44
-45,-17,45
-45,-17,44
-42,-17,43
-43,-17,44
-44,-18,44
-44,-17,45
-45,-16,45
-43,-17,44
-42,-17,44
-43,-17,44
-44,-18,44
-44,-17,45
-44,-17,44
-43,-17,44
-43,-17,44
-43,-17,44
-44,-17,44
-44,-17,44
-44,-17,44
-44,-17,44
-43,-17,44
-44,-17,44
-44,-17,44
-44,-17,44
-44,-17,44
-44,-17,44
-44,-17,44
-44,-17,44
-44,-17,44
-44,-17,44
-44,-17,44
-44,-17,44
-44,-17,44
-44,-17,44
-44,-17,44
-44,-17,44
-43,-17,44
-44,-17,43
-44,-17,43
-44,-17,44
-44,-17,44
-44,-17,44
-45,-17,44
-44,-17,43
-44,-18,43
-44,-17,43
-45,-18,44
-45,-18,44
-44,-18,43
-44,-18,43
-44,-18,43
-44,-18,43
-44,-17,44
-44,-17,44
-44,-17,43
-43,-17,44
-44,-17,44
-44,-17,44
-44,-17,44
-43,-17,44
-44,-17,44
-44,-17,44
-44,-17,44
-44,-17,44
-44,-17,44
-44,-17,44
-44,-17,44
-44,-17,44
-44,-17,44
-44,-17,44
-44,-17,44
-44,-17,44
-44,-17,44
-44,-17,44
-44,-17,44
-44,-17,44
-44,-17,43
-44,-17,44
-44,-17,44
-44,-17,44
-44,-17,44
-44,-17,44
-44,-17,44
-44,-17,44
-44,-17,44
-44,-17,44
-44,-17,44
-44,-17,44
-44,-17,44
-44,-17,44
-44,-18,44
-44,-17,44
-44,-17,44
-44,-17,44
-44,-17,44
-44,-17,44
-44,-17,44
-44,-17,44
-44,-17,44
-44,-17,44
-44,-17,44
-44,-17,44
-44,-17,44
-44,-17,44
-44,-17,44
-44,-17,44
-44,-17,44
-44,-17,44
-44,-17,44
-44,-17,44
-44,-17,44
-44,-17,44
-44,-17,44
-44,-17,44
-44,-17,44
-44,-17,44
-44,-17,44
-44,-17,44
-44,-17,44
-44,-17,44
-44,-17,44
-44,-17,44
-44,-17,44
-44,-17,44
-44,-17,44
-44,-17,44
-44,-17,44
-44,-17,44
-44,-17,44
-44,-17,44
-44,-17,44
-44,-17,44
-44,-17,43
-44,-17,44
-44,-17,44
-44,-17,44
-44,-17,44
-44,-17,43
-44,-17,44
-44,-17,44
-44,-17,44
-44,-18,44
-44,-18,44
-44,-18,44
-44,-18,44
-44,-18,44
-44,-18,44
-44,-18,44
-44,-18,43
-44,-18,43
-44,-18,43
-44,-18,43
-44,-18,43
-44,-18,44
-44,-18,43
-43,-18,43
-44,-18,44
-44,-17,44
-44,-17,44
-44,-17,44
-44,-17,43
-44,-18,44
-44,-17,44
-44,-17,44
-44,-17,44
-44,-17,44
-44,-17,44
-44,-17,44
-44,-17,44
-44,-17,44
-44,-17,43
-44,-17,44
-44,-17,44
-44,-17,44
-44,-17,43
-44,-18,44
-44,-17,44
-44,-17,44
-44,-17,44
-44,-17,44
-44,-17,44
-44,-17,44
-44,-17,44
-44,-17,44
-44,-17,44
-44,-17,44
-44,-17,44
-43,-17,44
-44,-17,44
-44,-17,44
-44,-18,44
-44,-18,44
-43,-17,44
-44,-17,44
-44,-17,44
-44,-17,44
-44,-17,44
-44,-17,44
-44,-17,44
-44,-17,44
-44,-17,44
-44,-17,44
-43,-17,44
-44,-17,44
-44,-17,44
-44,-17,44
-44,-17,44
-43,-17,44
-44,-17,44
-44,-17,44
-44,-17,44
-44,-17,44
-44,-17,44
-44,-17,44
-44,-17,44
-44,-17,44
-44,-17,44
-44,-17,44
-44,-17,44
-44,-17,44
-44,-17,44
-44,-17,44
-44,-17,44
-44,-17,44
-44,-17,44
-44,-17,44
-44,-17,44
-44,-17,44
-44,-17,44
-44,-17,44
-44,-17,44
-44,-17,44
-44,-17,44
-44,-18,44
-44,-18,44
-44,-18,44
-44,-18,44
-44,-17,44
-44,-18,44
-44,-18,44
-44,-18,44
-44,-18,44
-44,-18,44
-44,-18,44
-44,-17,44
-44,-18,44
-44,-18,44
-44,-18,44
-44,-18,44
-43,-18,44
-44,-18,44
-43,-18,44
-43,-18,44
-43,-18,44
-44,-18,44
-44,-18,44
-44,-18,44
-44,-18,44
-44,-18,44
-44,-18,44
-44,-18,44
-44,-18,44
-44,-18,44
-44,-17,44
-44,-18,44
-44,-18,44
-44,-18,44
-44,-18,44
-44,-17,44
-44,-17,44
-44,-17,44
-44,-17,44
-44,-18,44
-44,-17,44
-44,-17,44
-44,-17,44
-44,-17,44
-44,-17,44
-44,-17,44
-44,-17,44
-44,-17,44
-44,-17,44
-44,-17,44
-44,-17,44
-44,-17,44
-44,-17,44
-44,-17,44
-44,-17,44
-44,-17,44
-44,-17,44
-44,-17,44
-44,-17,44
-44,-17,44
-44,-17,44
-44,-17,44
-44,-17,44
-44,-17,44
-44,-17,44
-44,-17,44
-44,-17,44
-44,-17,44
-44,-17,44
-44,-17,44
-44,-17,44
-44,-17,44
-43,-17,44
-44,-17,44
-44,-17,44
-44,-17,44
-44,-17,44
-44,-17,44
-44,-17,44
-44,-17,44
-44,-17,44
-44,-17,44
-44,-17,44
-44,-17,44
-44,-17,44
-44,-17,44
-44,-17,44
-44,-17,44
-44,-17,44
-44,-17,44
-44,-17,44
-44,-17,44
-44,-17,44
-44,-17,44
-44,-17,44
-44,-17,44
-44,-17,44
-44,-17,44
-44,-17,44
-44,-17,44
-44,-18,44
-44,-18,44
-44,-17,44
-44,-17,44
-44,-18,44
-44,-18,44
-44,-18,44
-44,-18,44
-44,-18,44
-44,-18,44
-44,-18,44
-44,-18,44
-43,-18,44
-44,-18,44
-44,-18,44
-44,-18,44
-43,-18,44
-43,-18,44
-44,-18,44
-43,-18,44
-43,-18,44
-43,-18,43
-43,-18,44
-44,-18,44
-43,-18,44
-44,-18,44
-44,-19,44
-44,-18,44
-43,-18,43
-43,-18,44
-44,-18,44
-44,-18,44
-44,-18,44
-43,-18,44
-44,-18,44
-44,-18,44
-44,-18,44
-44,-18,44
-44,-18,44
-44,-18,44
-44,-18,44
-44,-18,44
-44,-18,44
-44,-18,44
-44,-17,44
-44,-17,44
-44,-18,44
-44,-18,44
-44,-17,44
-44,-18,44
-44,-18,44
-44,-18,44
-43,-18,44
-43,-18,44
-43,-18,44
-43,-18,44
-44,-18,44
-44,-18,44
-44,-18,44
-43,-19,44
-43,-19,44
-43,-18,44
-43,-18,44
-43,-18,43
-43,-18,44
-43,-19,44
-43,-19,44
-44,-19,44
-44,-18,44
-44,-18,44
-43,-18,44
-43,-18,44
-42,-18,45
-43,-18,45
-43,-18,44
-43,-18,44
-43,-18,44
-43,-18,45
-43,-18,44
-43,-18,44
-43,-18,44
-43,-18,44
-44,-18,44
-44,-18,44
-43,-18,44
-43,-18,44
-43,-18,44
-43,-18,44
-43,-18,44
-43,-18,45
-43,-18,44
-43,-18,44
-44,-18,44
-44,-18,44
-44,-18,44
-43,-18,44
-43,-18,44
-43,-18,45
-43,-18,44
-43,-18,44
-43,-18,44
-43,-18,44
-43,-18,44
-43,-18,44
-43,-18,44
-43,-18,45
-44,-18,44
-44,-18,44
-44,-19,44
-43,-18,44
-42,-18,44
-43,-18,44
-43,-18,45
-43,-18,45
-43,-18,44
-43,-18,44
-43,-18,44
-42,-18,45
-42,-17,45
-43,-17,45
-43,-18,45
-43,-18,45
-43,-18,45
-43,-18,45
-43,-18,45
-43,-18,44
-43,-18,45
-43,-18,44
-43,-18,44
-43,-18,45
-43,-18,44
-43,-18,44
-43,-18,44
-43,-18,44
-43,-18,45
-43,-18,45
-43,-20,44
-43,-20,44
-45,-18,45
-47,-22,46
-45,-23,48
-37,-22,50
-30,-23,53
-44,-19,54
-50,-19,51
-50,-18,52
-47,-14,54
-41,-3,61
-37,-1,56
-42,10,52
-37,22,48
-33,25,42
-31,30,29
-31,31,25
-32,34,19
-33,35,19
-34,39,26
-34,40,29
-32,37,29
-35,34,31
-27,23,22
-22,15,38
-24,3,51
-1,-5,59
7,-5,64
31,-38,113
-1,-53,103
-50,-21,62
-46,-17,51
-27,-13,41
-22,-13,40
-29,-15,40
-45,-20,53
-50,-24,62
-55,-22,54
-54,-21,48
-45,-19,44
-41,-18,44
-34,-18,50
-33,-17,51
-37,-17,48
-36,-18,47
-35,-19,47
-34,-19,47
-36,-20,47
-38,-19,49
-36,-20,49
-41,-22,47
-41,-23,48
-38,-21,50
-37,-20,48
-38,-20,46
-39,-19,48
-38,-19,51
-39,-17,51
-38,-17,50
-38,-18,52
-34,-18,53
-31,-22,55
-29,-22,56
-28,-25,55
-25,-26,53
-19,-23,54
-17,-24,55
-17,-24,55
-18,-23,53
-24,-23,48
-26,-20,48
-31,-16,49
-32,-14,51
-36,-11,53
-39,-7,53
-36,-6,54
-36,-3,58
-39,-1,60
-35,1,62
-33,2,62
-29,2,62
-27,1,61
-22,-1,62
-20,-3,62
-12,-2,61
-9,-3,61
-8,-1,59
-7,-1,52
-6,1,49
-12,2,45
-12,-1,47
-7,1,61
-48,-8,72
-52,-8,83
-37,2,48
-21,-2,43
-22,-2,53
-29,-3,62
-39,-7,58
-36,-7,59
-27,-4,55
-23,-3,56
-32,-8,63
-33,-9,59
-20,-6,57
-21,-8,62
-19,-2,63
-17,0,61
-18,1,62
-17,-2,61
-18,0,65
-9,6,62
-5,9,61
-10,11,59
-11,10,58
-11,6,58
-14,4,58
-16,3,57
-22,5,57
-27,5,63
-26,2,60
-33,-3,73
-40,4,62
-24,5,48
-2,1,64
6,-1,70
-1,-11,65
1,-9,67
13,-3,64
10,-3,57
16,-3,69
16,-1,59
9,4,64
11,7,68
10,2,63
10,-5,61
11,-4,62
9,-2,62
10,0,62
11,-2,61
12,-2,60
10,1,62
11,0,62
13,-2,62
15,-2,60
11,-1,61
11,0,63
12,-2,61
14,-1,62
13,0,61
11,-1,64
12,-2,63
15,-3,59
16,1,63
14,0,61
14,0,61
13,-2,62
11,0,65
18,-2,60
15,0,63
8,-1,67
32,0,56
15,-3,64
7,-1,83
10,-3,82
32,3,65
45,5,68
59,9,58
68,15,52
78,10,56
48,6,41
-20,5,34
-25,9,42
-21,10,47
5,1,42
9,-6,44
-22,-21,44
-26,-27,46
-30,-35,68
-33,-24,62
-28,-18,74
-34,-24,70
-80,-28,53
-45,0,54
-38,-14,43
-40,-24,45
-32,-18,55
-17,-12,62
-25,-22,56
-25,-20,54
-21,-16,61
-5,0,60
-6,2,54
-15,0,69
-16,0,66
-14,0,62
-26,-3,61
-22,-7,58
-14,-8,60
-12,-8,62
-13,-9,64
-9,-9,65
-23,-4,60
-24,-3,58
-25,-6,58
-23,-7,59
-26,-6,57
-24,-5,58
-17,-4,62
-17,-3,61
-19,-5,61
-17,-7,61
-17,-8,61
-13,-8,61
-15,-8,61
-16,-7,62
-14,-7,62
-20,-6,60
-20,-5,60
-23,-5,59
-25,-6,58
-22,-6,60
-20,-6,61
-20,-6,60
-22,-7,59
-22,-7,60
-21,-7,61
-21,-6,60
-21,-5,60
-21,-6,60
-21,-6,60
-20,-6,60
-20,-6,60
-20,-6,60
-20,-5,60
-20,-6,60
-21,-6,60
-19,-6,61
-19,-6,60
-20,-6,60
-20,-6,60
-19,-6,60
-18,-5,61
-19,-5,61
-20,-7,60
-20,-7,59
-18,-7,61
-19,-7,60
-23,-8,59
-22,-8,59
-19,-8,60
-19,-8,60
-21,-7,60
-21,-8,59
-18,-7,61
-20,-7,61
-21,-7,60
-19,-7,60
-21,-8,59
-21,-9,61
-22,-8,58
-22,-10,59
-18,-11,60
-21,-7,60
-22,-7,57
-21,-8,59
-20,-8,60
-20,-7,61
-18,-7,61
-17,-5,62
-17,-5,61
-17,-6,61
-14,-7,62
-17,-7,61
-19,-6,61
-18,-7,61
-21,-7,61
-23,-8,60
-27,-6,57
-26,-4,59
-22,-2,61
-21,-3,60
-21,0,60
-24,0,59
-22,2,62
-17,4,62
-18,4,62
-18,5,62
-17,4,62
-18,3,61
-18,2,60
-17,1,61
-15,-1,60
-15,-1,58
-16,-2,59
-18,-4,63
-20,-3,63
-24,-2,62
-25,-2,59
-28,-3,57
-31,-7,54
-33,-11,51
-33,-16,45
-33,-16,43
-40,-7,46
-41,-5,49
-24,10,69
-59,1,77
-23,3,52
-35,7,56
-37,4,55
-34,1,56
-29,1,55
-32,1,55
-33,0,55
-33,-1,56
-32,-1,55
-33,0,55
-33,-1,55
-32,-3,55
-32,-3,56
-31,-3,55
-27,-5,61
-25,-4,59
-23,-3,59
-23,-2,58
-20,-3,59
-18,-3,61
-14,-8,56
-11,-16,68
-5,-9,56
7,-14,52
9,-12,72
3,-9,64
-7,-4,66
-8,6,62
-8,3,55
-9,4,68
-10,-1,64
-12,-3,67
-12,-4,65
-12,-1,63
-14,-2,63
-20,-4,61
-18,-5,60
-20,-9,57
-19,-11,57
-15,-12,54
-12,-17,52
-13,-17,52
-12,-9,55
-13,-5,59
-2,13,127
-22,0,114
0,0,65
-10,1,60
-20,0,60
-26,-2,59
-30,1,56
-34,-2,54
-33,-3,55
-25,-4,59
-22,-4,59
-19,-4,61
-18,-5,60
-16,-4,62
-17,-3,61
-19,-4,61
-18,-4,61
-17,-6,61
-16,-6,61
-13,-6,61
-10,-7,63
-9,-7,63
-7,-7,63
-7,-7,63
-7,-8,63
-8,-7,63
-10,-6,62
-9,-6,62
-10,-7,62
-10,-6,62
-10,-6,63
-10,-7,62
-10,-7,62
-10,-7,62
-9,-7,62
-10,-7,63
-9,-7,62
-9,-7,63
-8,-8,63
-7,-13,63
-8,-16,62
-1,-18,68
3,-14,73
5,-10,76
5,-9,66
4,-9,61
-5,-9,55
-8,-8,53
-14,-8,49
-17,-4,53
-24,6,64
-27,3,63
-31,5,61
-34,11,67
-35,14,46
-32,15,45
-35,12,52
-37,2,57
-46,-19,72
-42,-5,53
-32,-7,54
-20,-5,60
-20,-7,64
-15,-9,62
-22,-12,58
-27,-10,58
-25,-8,58
-20,-7,60
-24,-6,59
-29,-7,57
-24,-6,59
-25,-7,58
-32,-8,55
-24,-7,59
-18,-5,61
-24,-6,59
-23,-5,59
-24,-5,59
-27,-4,58
-28,-5,58
-28,-7,57
-28,-8,58
-27,-12,57
-28,-12,55
-30,-12,56
-28,-12,56
-29,-12,55
-24,-7,60
-21,-5,60
-26,-8,58
-30,-9,56
-29,-10,56
-29,-10,56
-28,-8,58
-28,-10,56
-28,-11,57
-26,-12,57
-25,-14,57
-24,-12,58
-23,-10,58
-29,-9,57
-28,-8,57
-26,-9,57
-27,-9,57
-25,-8,58
-25,-8,58
-25,-8,58
-26,-9,58
-26,-9,57
-25,-9,57
-25,-8,58
-25,-8,58
-24,-8,58
-24,-9,58
-25,-9,58
-25,-8,58
-24,-8,59
-25,-9,58
-25,-8,58
-25,-8,58
-24,-8,59
-24,-8,58
-23,-9,58
-22,-9,58
-21,-8,59
-22,-8,59
-24,-9,59
-24,-8,58
-24,-8,58
-24,-9,58
-24,-8,58
-24,-9,59
-23,-8,59
-24,-9,58
-24,-8,58
-23,-8,58
-24,-9,58
-23,-8,59
-24,-9,59
-23,-8,59
-24,-9,58
-23,-9,58
-23,-9,59
-23,-9,59
-23,-9,59
-24,-8,59
-24,-8,59
-23,-8,59
-24,-8,59
-23,-8,59
-24,-8,59
-24,-8,58
-24,-9,58
-23,-8,59
-23,-8,59
-24,-8,58
-24,-8,58
-25,-9,58
-25,-8,58
-22,-8,59
-24,-8,58
-23,-8,59
-23,-8,59
-24,-8,59
-24,-8,58
-24,-8,59
-24,-8,59
-24,-8,59
-24,-8,59
-25,-7,58
-23,-8,59
-24,-8,59
-25,-8,58
-27,-7,58
-22,-7,59
-21,-7,59
-23,-7,59
-23,-7,59
-24,-7,59
-24,-8,58
-24,-7,59
-22,-7,59
-22,-7,59
-24,-6,60
-25,-7,60
-23,-7,58
-21,-8,58
-21,-8,60
-20,-8,60
-23,-7,58
-23,-8,59
-22,-7,60
-21,-7,59
-23,-7,59
-23,-7,59
-24,-7,59
-24,-7,59
-23,-7,59
-22,-7,59
-24,-7,59
-24,-7,59
-24,-7,59
-24,-7,59
-24,-7,58
-23,-7,59
-24,-7,59
-24,-7,58
-24,-7,59
-24,-7,59
-23,-7,59
-23,-7,59
-24,-7,59
-25,-7,58
-24,-7,58
-23,-7,59
-24,-7,59
-25,-7,58
-24,-7,58
-24,-7,59
-24,-7,59
-24,-7,59
-24,-7,59
-24,-7,58
-24,-7,59
-24,-7,58
-24,-7,59
-24,-7,59
-24,-7,59
-24,-7,59
-23,-7,59
-19,-8,60
-26,-7,60
-24,-16,62
-30,-10,55
-33,-9,55
-89,11,34
-73,10,32
-61,12,29
-58,10,32
-36,7,38
-40,5,39
-51,1,42
-50,0,43
-34,1,56
-33,-4,61
-31,-7,55
-26,-10,45
-25,-11,49
-14,-10,59
-10,-7,55
-11,-4,49
-11,-7,50
1,-8,54
10,-14,46
42,-31,64
49,-29,78
46,-28,88
17,-9,57
9,-3,58
25,-8,64
26,-8,60
26,-12,58
29,-13,60
27,-11,58
25,-10,56
23,-7,57
22,-7,57
24,-9,59
25,-10,58
24,-11,57
23,-9,59
22,-9,58
23,-10,57
21,-8,57
22,-8,59
22,-8,58
20,-6,58
20,-5,58
21,-6,60
21,-7,60
22,-9,58
22,-8,58
20,-8,59
20,-7,61
21,-8,60
20,-8,56
19,-7,59
22,-8,63
24,-8,65
18,-7,56
14,-4,60
20,-4,67
20,-2,73
20,-7,73
25,-7,77
30,-7,83
31,9,66
25,11,57
14,11,54
7,8,55
1,7,55
-2,4,52
-2,1,49
-19,-7,45
-35,-23,55
-25,-17,58
-19,-3,55
-47,18,45
-65,5,53
-61,22,40
-51,27,18
-58,25,0
-60,27,8
-57,26,20
-54,24,21
-52,18,31
-47,16,37
-28,16,45
-17,9,51
-10,9,54
1,8,59
6,11,61
6,10,63
4,4,65
-1,-2,64
2,-6,61
13,-17,66
4,-20,68
12,-9,90
8,-4,89
13,5,72
15,3,63
11,1,57
20,-5,62
19,-5,66
30,-5,67
23,-9,57
17,-8,54
23,-5,57
18,-11,61
12,-10,63
15,-4,60
13,-3,63
13,-9,61
22,-9,57
17,-9,60
12,-6,63
12,-5,64
15,-9,57
16,-8,60
15,-7,62
16,-4,62
18,-10,58
14,-7,63
20,-8,59
16,-9,61
15,-5,62
12,-10,61
20,-10,57
9,-6,61
10,-5,62
18,-7,59
20,-7,61
11,-5,64
24,-6,58
21,-14,61
14,-9,62
24,-7,55
20,-10,57
18,-9,62
12,-9,62
15,-9,60
25,-7,57
20,-11,55
18,-9,59
20,-7,60
26,-6,59
21,-7,57
16,-10,59
19,-9,59
15,-9,56
19,-6,60
21,-7,61
16,-8,60
14,-8,59
19,-7,60
20,-6,60
18,-7,61
15,-7,61
17,-7,61
20,-8,62
21,-10,61
20,-9,62
14,-11,62
8,-11,61
8,-12,61
9,-11,63
7,-12,64
6,-12,66
4,-12,66
5,-11,64
6,-10,64
-4,-11,56
-19,-12,52
-23,-11,62
-17,-9,66
7,-7,70
5,-5,64
-2,-4,61
5,-1,55
12,-3,55
19,-3,59
7,-2,54
-3,-3,50
-3,-6,52
-26,6,62
-38,11,70
-45,1,65
-25,4,69
-16,8,61
-22,11,53
-17,12,56
-12,9,59
-17,9,58
-23,9,58
-28,8,60
-34,4,58
-35,4,57
-36,3,55
-36,2,55
-44,1,56
-32,3,54
-30,3,53
-30,2,56
-29,1,55
-20,2,63
-18,2,59
-17,2,61
-17,2,58
-13,4,60
-11,5,64
-14,2,66
-16,1,64
-13,-1,56
-11,0,63
-11,1,67
-8,2,65
-10,3,62
-8,3,62
-7,1,64
-12,1,63
-13,2,62
-13,0,61
-15,-2,63
-21,-3,60
-22,-3,59
-22,-1,60
-20,0,61
-21,0,60
-21,0,60
-21,0,60
-22,-1,60
-20,-1,61
-20,-1,60
-20,-2,60
-19,-2,61
-19,-2,61
-20,-2,61
-19,-1,61
-19,-2,60
-20,-2,61
-20,-1,61
-19,-1,60
-19,-1,61
-20,-2,60
-19,-2,61
-20,-2,61
-19,-2,60
-20,-2,60
-20,-1,61
-20,-1,60
-21,-1,61
-21,-1,60
-21,-1,60
-21,-1,60
-21,-2,60
-21,-2,60
-21,-2,60
-21,-2,60
-21,-2,60
-21,-2,60
-21,-2,60
-20,-2,60
-20,-2,60
-20,-2,61
-20,-2,60
-21,-2,61
-21,-2,61
-28,-5,60
-33,-8,57
-32,-2,65
-38,-3,62
-41,-2,61
-42,1,64
-39,1,59
-42,1,52
-49,2,47
-44,0,51
-36,-1,55
-37,-4,54
-36,-5,49
-15,0,58
-17,2,56
-31,3,52
-33,-3,54
-23,-10,59
-16,-6,63
-18,-3,60
-38,-5,49
-47,-3,45
-61,1,39
-50,0,39
-60,0,33
-66,0,33
-54,0,38
-55,0,36
-55,2,33
-55,4,29
-61,6,26
-61,7,26
-60,8,27
-55,8,30
-58,8,29
-57,9,29
-52,10,31
-46,9,35
-48,9,39
-54,9,35
-61,11,27
-60,11,27
-56,11,29
-58,11,21
-64,12,15
-58,13,20
-66,13,12
-67,13,13
-60,12,16
-63,13,12
-69,15,6
-63,14,14
-61,12,22
-61,11,21
-44,8,34
-54,10,29
-64,10,24
-59,11,27
-51,8,36
-51,9,35
-52,10,35
-50,9,34
-52,10,32
-56,9,33
-56,9,33
-56,10,31
-58,9,30
-60,8,29
-59,8,28
-59,8,28
-58,8,28
-57,8,27
-60,8,27
-60,8,26
-61,8,25
-61,8,25
-60,8,25
-59,8,25
-59,8,26
-60,8,25
-60,8,24
-60,8,25
-58,8,25
-57,8,25
-58,8,26
-59,8,26
-59,8,26
-59,8,25
-60,9,25
-61,9,25
-60,9,24
-60,9,23
-60,8,23
-57,9,21
-57,8,22
-63,10,21
-64,11,22
-63,10,21
-61,9,21
-60,9,21
-59,9,21
-58,9,22
-58,10,22
-59,9,22
-61,10,21
-61,11,20
-63,10,19
-64,9,18
-64,10,17
-62,9,18
-61,9,19
-61,9,19
-61,9,18
-62,9,18
-61,9,18
-61,10,18
-62,9,18
-62,9,18
-62,9,18
-62,9,18
-62,9,18
-62,9,18
-62,9,18
-61,9,17
-62,9,17
-62,9,18
-62,9,18
-62,9,17
-62,9,17
-62,9,17
-62,9,17
-62,9,17
-62,9,17
-62,9,18
-62,9,18
-63,9,17
-63,9,17
-61,9,18
-61,9,18
-61,9,17
-61,9,18
-61,9,18
-62,9,18
-61,9,18
-61,9,18
-61,10,18
-60,10,17
-61,9,17
-63,9,17
-63,9,17
-63,9,18
-63,9,18
-61,9,18
-64,8,18
-67,7,20
-67,5,21
-64,4,24
-61,1,26
-59,2,27
-58,3,31
-51,4,33
-48,7,34
-50,6,35
-47,8,38
-42,9,41
-44,11,43
-49,12,41
-52,10,36
-49,13,39
-60,13,34
-54,15,42
-49,14,46
-46,15,52
-50,15,52
-32,16,51
-26,17,55
-26,17,55
-24,18,53
-28,13,45
-28,15,46
-32,17,46
-35,16,45
-36,11,48
-42,11,47
-45,9,46
-45,4,46
-44,3,47
-47,0,47
-45,0,48
-43,0,49
-42,-1,48
-40,-2,49
-41,-2,50
-34,-3,54
-27,-4,57
-22,-4,59
-20,-4,61
-21,-3,61
-21,-5,61
-21,-5,62
-21,-3,62
-21,-3,61
-24,-5,61
-26,-8,64
-19,-6,63
-15,-4,59
-19,-3,59
-17,-5,53
-16,-6,66
-14,-4,66
-13,-4,60
-13,-4,62
-14,-4,63
-13,-2,63
-15,-3,61
-10,-4,62
-12,-4,62
-12,-4,63
-14,-3,61
-14,-5,62
-8,-7,61
-7,-10,64
-19,-11,55
-16,-6,60
-12,-5,60
-2,-6,62
10,-12,65
23,-15,70
10,-13,58
3,-15,57
13,-13,63
16,-11,67
12,-10,69
9,-8,62
6,-7,61
1,-4,62
-5,-4,60
-16,-4,59
-22,-5,57
-30,-6,54
-33,-5,53
-36,0,52
-38,1,52
-43,1,59
-51,-2,52
-39,-1,52
-28,2,54
-20,2,59
-18,-2,61
-16,-4,61
-11,-3,64
-13,-3,61
-12,-3,63
-14,-4,63
-20,-2,61
-23,0,58
-10,-6,63
-1,-7,64
0,-8,64
2,-8,63
1,-5,65
1,-5,61
1,-6,65
-9,-6,62
-11,-8,62
-9,-9,57
-20,-10,55
-22,-3,65
-19,9,66
-20,6,58
-17,-4,61
-22,-3,63
-20,2,63
-25,4,63
-27,4,59
-25,4,58
-24,5,58
-23,4,59
-17,1,58
-14,0,62
-7,0,66
-6,-1,64
-5,-3,61
-4,-4,61
-5,-5,61
-5,-6,63
-1,-8,63
-3,-9,68
-1,-8,67
-8,-7,62
-8,-6,60
-14,-4,62
-16,-3,62
-13,-3,61
-12,-3,62
-9,-2,63
-8,-5,63
-7,-5,62
-6,-6,63
-5,-7,64
-3,-5,64
-2,-5,64
-4,-6,62
-5,-9,57
5,-11,69
-1,-9,59
-3,-9,63
-3,-8,65
-3,-9,64
-3,-7,63
-5,-6,63
-5,-7,61
-6,-8,64
-10,-6,63
-9,-6,62
-7,-7,62
-9,-7,62
-8,-6,63
-7,-5,63
-6,-5,62
-7,-5,63
-9,-5,63
-9,-4,63
-10,-4,62
-11,-4,63
-11,-3,63
-9,-5,64
-8,-7,64
-12,-8,56
-10,-7,58
-8,-5,68
-3,-4,67
-5,-4,64
-6,-6,58
-7,-7,60
1,-5,63
0,-5,62
7,-12,71
13,-11,72
5,-10,55
-1,-10,63
2,-7,65
2,-7,65
-4,-5,63
-6,-3,60
-8,-4,60
-12,-4,66
-13,-5,64
-14,-4,61
-14,-4,61
-9,-5,63
-7,-6,64
-6,-6,63
-6,-4,63
-9,-5,62
-8,-7,63
-9,-7,62
-8,-5,63
-10,-6,63
-10,-6,63
-9,-7,62
-9,-8,63
-10,-8,62
-6,-9,65
-4,-10,66
-5,-11,63
-7,-11,63
-6,-15,63
-5,-18,62
0,-19,60
-3,-17,43
-2,-21,54
11,-13,66
10,-10,70
0,-7,69
0,-3,65
-7,-3,64
-11,-3,65
-14,-1,61
-14,-3,59
-17,-10,72
-10,-17,72
-3,-17,71
8,-14,63
0,-12,61
4,-6,69
6,0,71
11,5,58
13,3,52
3,-2,44
-4,-3,42
-15,-4,54
-19,1,71
-45,4,78
-42,-3,51
-36,3,51
-23,8,50
-16,7,55
-22,2,71
-31,-1,66
-41,-5,54
-38,-6,54
-25,-21,70
-16,-9,64
-24,-7,58
-18,-11,61
-25,-8,60
-17,-8,62
-17,-8,62
-24,-3,58
-26,-3,59
-27,-5,57
-25,-5,57
-23,-5,59
-24,-5,58
-23,-7,59
-24,-8,59
-19,-9,61
-17,-8,61
-23,-7,60
-20,-7,60
-21,-8,60
-21,-8,60
-22,-8,58
-24,-7,58
-24,-7,58
-24,-6,58
-26,-6,59
-25,-6,58
-22,-6,59
-23,-6,59
-25,-6,58
-24,-6,59
-25,-4,58
-24,-4,58
-25,-5,58
-25,-5,59
-25,-5,58
-25,-5,58
-26,-5,58
-26,-4,58
-25,-5,58
-25,-5,58
-24,-5,59
-25,-4,59
-23,-5,59
-22,-5,59
-22,-5,59
-24,-5,59
-23,-5,59
-25,-6,58
-26,-5,58
-26,-5,58
-26,-5,58
-24,-5,59
-24,-5,59
-23,-5,59
-24,-5,59
-24,-5,59
-25,-5,58
-25,-5,58
-25,-5,58
-25,-6,58
-25,-6,59
-24,-6,58
-24,-6,59
-24,-5,59
-24,-5,59
-25,-6,58
-25,-5,58
-25,-6,58
-25,-6,58
-25,-6,58
-24,-6,59
-24,-6,59
-25,-6,59
-24,-6,58
-24,-6,59
-24,-6,58
-24,-6,58
-24,-6,59
-25,-6,58
-25,-6,58
-24,-6,59
-24,-6,59
-24,-6,59
-24,-6,59
-24,-6,59
-24,-6,59
-23,-6,59
-23,-5,59
-24,-6,59
-24,-6,59
-24,-6,58
-25,-6,58
-25,-6,58
-25,-6,59
-24,-5,59
-24,-6,59
-24,-6,59
-24,-5,59
-24,-5,58
-25,-6,59
-24,-6,59
-24,-6,58
-25,-6,58
-25,-5,58
-25,-6,58
-25,-5,58
-24,-6,59
-24,-6,59
-25,-6,58
-26,-6,58
-26,-5,58
-25,-5,58
-25,-5,58
-25,-6,58
-26,-6,58
-26,-5,58
-26,-5,58
-24,-5,59
-24,-5,59
-25,-6,58
-25,-6,58
-26,-5,58
-25,-5,58
-25,-5,58
-25,-5,58
-27,-5,58
-25,-5,58
-25,-6,58
-23,-6,59
-22,-6,59
-24,-6,59
-24,-5,59
-25,-6,58
-24,-5,59
-22,-6,59
-22,-6,60
-28,-6,57
-29,-6,57
-25,-4,58
-27,-4,58
-25,-5,57
-23,-4,60
-22,-3,60
-22,-4,60
-22,-4,59
-22,-5,60
-20,-5,60
-22,-5,60
-23,-5,59
-25,-5,58
-25,-5,58
-26,-5,58
-25,-5,59
-24,-5,59
-24,-5,59
-24,-5,59
-24,-5,59
-24,-5,59
-24,-5,59
-25,-6,59
-24,-6,58
-24,-5,59
-24,-5,59
-24,-5,59
-24,-5,59
-25,-5,58
-25,-5,58
-24,-5,59
-24,-5,59
-24,-5,59
-24,-5,59
-24,-5,59
-24,-5,58
-25,-6,58
-25,-5,58
-24,-6,59
-24,-5,58
-24,-5,59
-24,-6,59
-24,-6,59
-24,-5,59
-25,-5,59
-24,-5,58
-24,-5,58
-24,-5,58
-24,-5,58
-25,-6,58
-25,-5,58
-25,-5,58
-24,-5,59
-24,-5,58
-24,-5,59
-24,-5,59
-25,-6,58
-25,-5,59
-24,-5,59
-24,-5,59
-24,-5,58
-24,-5,59
-25,-5,58
-25,-5,58
-24,-5,59
-24,-6,59
-24,-5,59
-25,-5,59
-25,-6,58
-24,-5,59
-24,-5,59
-24,-5,59
-24,-5,59
-25,-5,59
-25,-5,58
-25,-5,59
-25,-5,58
-25,-5,58
-25,-5,58
-25,-5,58
-26,-5,58
-25,-5,58
-25,-5,58
-25,-5,58
-25,-5,58
-25,-5,58
-25,-5,58
-25,-5,58
-25,-5,58
-25,-5,58
-25,-5,58
-25,-5,58
-25,-6,58
-25,-6,58
-25,-6,58
-25,-5,58
-25,-5,58
-25,-5,58
-25,-5,58
-25,-5,58
-25,-6,58
-25,-6,58
-25,-5,59
-25,-5,58
-25,-5,58
-25,-5,58
-25,-5,59
-25,-5,58
-25,-5,58
-25,-5,58
-25,-6,58
-25,-6,58
-25,-5,58
-25,-5,58
-25,-5,58
-25,-5,58
-25,-6,58
-25,-6,58
-25,-5,58
-25,-5,58
-25,-5,58
-25,-5,59
-25,-5,58
-25,-5,58
-25,-5,58
-26,-6,58
-25,-5,58
-25,-6,58
-26,-5,58
-26,-5,58
-26,-5,58
-26,-6,58
-25,-5,58
-26,-5,58
-25,-5,58
-26,-5,58
-26,-5,58
-26,-5,58
-26,-5,58
-25,-5,58
-25,-5,58
-26,-5,58
-26,-6,58
-25,-5,58
-25,-5,59
-25,-5,58
-25,-5,58
-26,-5,58
-26,-5,58
-25,-5,58
-25,-6,59
-25,-5,58
-26,-6,58
-25,-5,58
-25,-6,58
-25,-5,58
-25,-5,58
-25,-6,58
-25,-5,58
-25,-5,58
-25,-5,58
-25,-5,59
-25,-5,59
-25,-5,58
-25,-5,58
-25,-5,58
-24,-5,58
-25,-6,59
-25,-6,58
-25,-6,59
-25,-5,59
-25,-6,58
-25,-5,58
-25,-5,58
-25,-5,58
-25,-5,58
-25,-5,58
-24,-5,59
-25,-6,58
-25,-5,58
-25,-6,58
-25,-5,58
-25,-6,58
-24,-5,58
-25,-5,59
-25,-6,58
-25,-5,58
-25,-5,58
-24,-5,58
-24,-6,59
-25,-5,59
-25,-5,58
-26,-6,58
-24,-5,59
-24,-6,59
-24,-5,59
-25,-6,59
-25,-6,58
-25,-5,58
-25,-5,58
-24,-5,58
-25,-5,58
-25,-6,58
-25,-5,59
-25,-5,58
-24,-6,59
-25,-5,58
-25,-6,59
-24,-5,58
-24,-6,58
-25,-6,58
-26,-6,58
-25,-5,59
-24,-6,58
-23,-6,59
-24,-6,59
-25,-5,58
-26,-5,58
-25,-5,58
-24,-6,59
-24,-5,59
-23,-6,59
-24,-6,59
-25,-6,58
-25,-5,58
-24,-5,59
-24,-5,58
-25,-6,58
-26,-6,58
-26,-5,58
-24,-5,59
-23,-5,59
-24,-5,59
-24,-5,58
-27,-5,57
-27,-6,58
-25,-6,58
-24,-6,59
-24,-6,59
-25,-6,59
-25,-5,58
-24,-5,59
-24,-5,59
-25,-6,58
-25,-5,59
-24,-5,59
-24,-5,59
-25,-6,59
-24,-5,58
-25,-5,58
-27,-6,58
-25,-6,58
-25,-6,58
-24,-6,59
-25,-6,59
-24,-6,59
-24,-6,59
-24,-6,58
-24,-5,59
-24,-5,59
-26,-6,58
-25,-6,58
-24,-6,58
-26,-6,58
-26,-6,58
-25,-6,58
-24,-6,58
-25,-6,59
-25,-6,58
-25,-6,58
-25,-6,58
-24,-5,58
-25,-6,58
-25,-5,58
-25,-6,59
-25,-6,58
-25,-6,58
-24,-6,58
-25,-6,58
-25,-6,58
-25,-6,58
-25,-6,59
-24,-6,59
-24,-6,59
-25,-6,58
-25,-6,58
-25,-6,58
-25,-6,58
-25,-6,58
-25,-6,58
-25,-6,58
-25,-6,58
-25,-6,58
-25,-6,59
-25,-6,58
-25,-6,58
-25,-6,58
-25,-5,58
-25,-6,58
-25,-6,58
-27,-6,58
-27,-6,58
-27,-6,57
-27,-6,57
-27,-6,58
-26,-6,58
-26,-6,58
-26,-6,58
-26,-5,58
-26,-4,58
-28,-5,57
-28,-5,57
-27,-5,58
-26,-5,58
-26,-6,58
-27,-6,58
-26,-6,58
-25,-6,58
-26,-6,58
-27,-6,58
-27,-6,58
-26,-6,58
-26,-5,58
-26,-6,58
-26,-5,58
-26,-5,58
-26,-6,58
-26,-5,58
-26,-5,58
-25,-5,58
-25,-5,58
-26,-5,58
-27,-5,58
-27,-6,58
-27,-6,57
-27,-6,57
-26,-6,58
-26,-5,58
-25,-5,58
-25,-5,58
-25,-5,58
-25,-5,58
-27,-7,57
-29,-6,57
-28,-6,57
-23,-5,59
-21,-5,59
-21,-8,61
-21,-4,60
-22,-5,59
-24,-6,58
-28,-6,57
-29,-6,57
-29,-6,57
-28,-6,57
-27,-5,58
-24,-6,59
-22,-5,59
-21,-5,60
-21,-6,60
-23,-7,59
-25,-7,59
-29,-6,57
-30,-6,57
-29,-6,57
-25,-5,58
-24,-6,59
-24,-7,58
-24,-7,58
-25,-7,58
-26,-6,58
-28,-6,56
-30,-5,56
-32,-5,56
-30,-5,56
-26,-5,58
-25,-6,58
-26,-6,58
-28,-5,57
-28,-5,57
-28,-4,57
-27,-4,57
-28,-5,57
-28,-5,57
-28,-5,57
-28,-5,57
-27,-6,57
-27,-6,57
-26,-6,58
-26,-5,58
-27,-5,58
-27,-5,57
-28,-5,58
-27,-5,57
-28,-5,57
-28,-5,57
-28,-5,57
-27,-5,58
-28,-5,58
-28,-5,57
-27,-5,57
-28,-5,57
-28,-6,57
-28,-5,57
-28,-5,57
-28,-5,57
-28,-5,57
-28,-5,57
-27,-5,58
-27,-5,58
-27,-5,57
-28,-5,58
-28,-6,57
-27,-5,57
-27,-5,57
-26,-5,58
-27,-5,58
-27,-5,57
-28,-5,57
-29,-5,57
-28,-5,57
-28,-5,57
-29,-5,56
-30,-6,56
-30,-6,57
-29,-5,56
-26,-4,58
-24,-4,58
-23,-4,60
-22,-4,59
-22,-5,60
-18,-6,61
-22,-6,60
-25,-7,59
-24,-6,58
-25,-6,58
-24,-6,59
-23,-6,59
-24,-6,59
-24,-6,58
-24,-6,58
-25,-6,58
-25,-6,58
-26,-6,58
-27,-5,58
-27,-6,57
-28,-6,57
-28,-6,57
-27,-6,57
-26,-6,58
-26,-6,58
-26,-6,58
-26,-6,58
-25,-6,58
-26,-6,58
-26,-5,58
-26,-6,58
-26,-5,58
-25,-6,58
-25,-6,58
-26,-6,58
-26,-6,58
-25,-6,58
-26,-6,58
-26,-6,58
-26,-6,58
-26,-6,58
-25,-6,58
-25,-6,59
-25,-6,59
-24,-6,59
-25,-6,58
-26,-6,58
-26,-6,58
-26,-6,58
-26,-6,58
-25,-6,58
-26,-6,58
-26,-6,58
-26,-6,58
-25,-4,58
-25,-4,58
-26,-6,58
-26,-6,57
-26,-6,58
-26,-6,58
-26,-6,58
-26,-6,58
-25,-6,58
-26,-6,58
-26,-6,58
-27,-6,58
-27,-6,58
-26,-6,58
-26,-6,58
-27,-6,58
-26,-6,58
-26,-6,57
-27,-6,58
-27,-6,57
-27,-6,58
-27,-6,57
-27,-6,58
-27,-6,57
-27,-6,58
-27,-6,58
-26,-6,58
-26,-6,58
-27,-6,58
-27,-6,58
-26,-5,58
-26,-6,58
-26,-6,58
-27,-5,58
-27,-5,57
-27,-5,58
-27,-6,57
-27,-6,58
-27,-5,57
-27,-6,58
-27,-6,58
-27,-6,57
-27,-6,58
-27,-5,57
-27,-6,58
-27,-6,58
-26,-6,58
-26,-5,58
-27,-5,57
-29,-6,57
-31,-7,57
-30,-7,56
-20,-5,60
-19,-5,61
-21,-6,60
-21,-6,59
-20,-5,60
-20,-5,59
-18,-5,61
-17,-5,61
-16,-5,61
-17,-5,61
-18,-5,60
-18,-5,61
-17,-5,61
-20,-5,60
-20,-5,60
-20,-5,60
-19,-5,61
-20,-5,61
-20,-5,60
-20,-5,60
-19,-5,61
-19,-5,60
-20,-5,61
-20,-5,60
-20,-5,61
-20,-5,60
-20,-6,60
-20,-6,61
-20,-5,60
-20,-5,61
-20,-5,61
-19,-5,60
-19,-5,60
-20,-5,61
-20,-5,60
-20,-5,60
-20,-5,60
-21,-5,60
-21,-5,60
-21,-6,60
-20,-6,60
-20,-6,60
-20,-5,60
-20,-6,60
-20,-5,60
-20,-5,60
-20,-5,60
-19,-5,60
-19,-5,61
-19,-5,61
-20,-5,60
-20,-5,60
-20,-5,60
-20,-6,60
-21,-6,60
-21,-5,60
-20,-6,60
-21,-6,60
-21,-6,60
-21,-6,60
-21,-5,60
-21,-5,60
-21,-5,60
-21,-5,60
-20,-6,60
-20,-5,60
-20,-5,60
-21,-6,60
-22,-5,60
-21,-5,60
-21,-5,60
-21,-6,60
-20,-5,60
-20,-6,60
-21,-6,60
-21,-6,60
-21,-6,60
-21,-6,59
-22,-5,59
-22,-6,59
-20,-6,60
-19,-6,61
-18,-5,61
-21,-6,60
-23,-6,59
-29,-6,56
-30,-6,56
-28,-6,57
-27,-6,58
-25,-6,58
-25,-6,58
-25,-6,58
-26,-6,58
-27,-6,57
-27,-6,57
-26,-6,58
-26,-6,58
-26,-6,58
-25,-6,58
-26,-6,58
-26,-6,58
-26,-6,58
-27,-6,58
-26,-6,58
-26,-6,58
-26,-6,58
-26,-6,58
-26,-5,58
-25,-6,58
-26,-6,58
-26,-6,58
-26,-6,58
-26,-6,58
-25,-6,58
-24,-6,59
-26,-5,58
-26,-5,58
-26,-6,58
-26,-6,58
-24,-6,58
-25,-6,59
-25,-6,58
-25,-6,58
-26,-6,58
-25,-6,58
-25,-6,58
-25,-6,58
-25,-6,58
-25,-6,58
-24,-5,58
-25,-6,59
-25,-6,58
-26,-6,58
-26,-6,58
-25,-6,58
-24,-6,59
-25,-6,59
-24,-6,58
-24,-5,58
-25,-6,58
-26,-6,58
-25,-6,58
-25,-6,58
-24,-6,59
-25,-6,59
-25,-6,58
-26,-6,58
-26,-6,58
-26,-6,58
-26,-6,58
-25,-6,58
-25,-6,58
-25,-6,58
-25,-6,58
-26,-6,58
-25,-6,58
-25,-6,58
-25,-6,58
-24,-6,59
-25,-6,58
-26,-6,58
-26,-6,58
-25,-6,58
-26,-6,58
-26,-6,58
-26,-6,58
-26,-6,58
-26,-6,58
-25,-6,58
-25,-6,58
-26,-6,58
-26,-6,58
-26,-6,58
-26,-6,58
-26,-6,58
-26,-6,58
-25,-6,58
-25,-6,58
-25,-6,58
-26,-6,58
-26,-6,58
-25,-6,58
-26,-6,58
-25,-6,58
-26,-6,58
-25,-6,58
-25,-6,58
-25,-6,58
-25,-6,58
-25,-6,58
-25,-6,58
-24,-6,59
-24,-6,58
-25,-6,58
-26,-6,58
-26,-6,58
-24,-6,59
-24,-6,58
-25,-6,58
-26,-6,58
-25,-6,59
-25,-6,58
-24,-6,58
-25,-6,59
-25,-6,58
-25,-6,59
-25,-6,58
-24,-6,58
-25,-6,59
-25,-6,58
-24,-6,58
-25,-6,58
-25,-6,58
-24,-6,58
-25,-6,58
-25,-6,58
-25,-6,58
-26,-6,58
-24,-6,58
-24,-6,59
-24,-6,58
-24,-6,59
-25,-6,58
-25,-6,58
-25,-6,58
-25,-6,59
-24,-6,58
-25,-6,58
-26,-6,58
-26,-6,59
-24,-6,58
-24,-6,58
-25,-6,58
-25,-5,58
-26,-6,58
-26,-6,58
-27,-6,58
-25,-6,58
-26,-7,58
-25,-6,58
-25,-6,58
-25,-6,58
-25,-6,58
-25,-6,58
-24,-6,58
-24,-6,58
-25,-6,58
-25,-6,58
-25,-6,58
-25,-6,59
-24,-6,59
-24,-6,59
-24,-6,59
-25,-6,58
-25,-6,58
-25,-6,59
-25,-6,58
-25,-6,58
-25,-6,58
-25,-6,58
-25,-6,58
-25,-6,58
-25,-6,58
-26,-6,58
-25,-6,58
-25,-6,58
-25,-6,58
-25,-6,58
-26,-6,58
-26,-6,58
-25,-6,58
-25,-6,58
-26,-6,58
-26,-6,58
-26,-6,58
-25,-6,58
-25,-6,58
-25,-6,58
-25,-6,58
-25,-6,58
-25,-6,58
-25,-6,58
-25,-6,58
-25,-6,58
-26,-6,58
-25,-6,58
-25,-6,58
-25,-6,58
-25,-6,58
-25,-6,58
-25,-6,58
-25,-6,58
-25,-6,58
-25,-6,58
-25,-6,58
-25,-6,58
-25,-6,58
-25,-6,58
-25,-6,58
-25,-6,58
-25,-6,58
-25,-6,58
-25,-6,58
-25,-6,58
-25,-6,58
-25,-6,58
-25,-6,58
-25,-6,58
-26,-6,58
-25,-6,58
-25,-6,58
-25,-6,58
-26,-6,58
-25,-6,58
-25,-6,58
-25,-6,58
-25,-6,58
-26,-6,58
-25,-6,58
-25,-6,58
-25,-6,58
-25,-6,58
-25,-6,58
-26,-6,58
-26,-6,58
-25,-6,58
-25,-6,58
-25,-6,58
-26,-6,58
-25,-6,58
-25,-6,58
-25,-6,58
-25,-6,58
-25,-6,58
-26,-6,58
-26,-6,58
-25,-6,58
-25,-6,58
-25,-6,58
-25,-6,58
-25,-6,58
-25,-6,58
-25,-6,58
-25,-6,58
-25,-6,58
-25,-6,58
-25,-6,58
-25,-6,58
-25,-6,58
-25,-6,58
-25,-6,58
-25,-6,58
-25,-6,58
-25,-6,58
-25,-6,58
-25,-6,58
-25,-6,58
-25,-6,58
-25,-6,59
-25,-6,59
-25,-6,58
-25,-6,58
-25,-6,58
-25,-6,59
-25,-6,58
-24,-6,58
-25,-6,59
-24,-6,58
-24,-6,58
-24,-6,58
-25,-6,59
-25,-6,58
-25,-6,58
-25,-6,58
-25,-6,58
-25,-6,58
-25,-6,58
-26,-6,58
-25,-6,58
-26,-6,58
-26,-6,58
-25,-6,58
-25,-6,58
-26,-6,58
-25,-6,58
-26,-6,58
-25,-6,58
-25,-6,58
-25,-6,58
-25,-6,58
-25,-6,58
-25,-6,58
-25,-6,58
-25,-6,58
-25,-6,58
-25,-6,58
-26,-6,58
-26,-6,58
-25,-6,58
-25,-6,58
-24,-6,59
-25,-6,58
-25,-6,58
-24,-6,59
-25,-6,58
-24,-6,59
-25,-6,59
-25,-6,59
-25,-6,59
-24,-6,58
-25,-6,58
-25,-6,58
-25,-6,58
-26,-6,58
-25,-6,58
-25,-6,58
-25,-6,58
-25,-6,58
-25,-6,58
-25,-6,58
-25,-6,58
-25,-6,58
-24,-6,59
-24,-6,59
-24,-6,59
-24,-6,58
-24,-6,59
-24,-6,59
-25,-6,58
-27,-6,57
-25,-6,58
-25,-5,58
-25,-6,59
-25,-6,59
-25,-6,58
-27,-6,57
-26,-4,58
-26,-7,59
-26,-8,58
-25,-8,59
-23,-7,59
-21,-7,60
-20,-7,60
-21,-6,59
-23,-7,59
-22,-6,59
-23,-6,59
-23,-7,59
-23,-7,59
-23,-7,59
-26,-6,58
-27,-6,58
-28,-6,57
-29,-5,57
-25,-6,57
-23,-4,59
-23,-5,59
-24,-5,59
-26,-6,58
-29,-6,57
-30,-4,56
-30,-5,56
-29,-5,57
-27,-6,58
-27,-6,58
-27,-6,58
-27,-6,57
-27,-6,58
-28,-6,57
-27,-6,57
-26,-6,58
-26,-6,58
-25,-5,58
-25,-5,58
-26,-6,58
-27,-6,58
-27,-6,57
-27,-6,58
-26,-6,58
-26,-6,58
-27,-6,58
-27,-6,57
-27,-6,57
-28,-6,57
-28,-6,57
-27,-6,57
-27,-6,57
-27,-6,58
-27,-6,57
-27,-6,57
-27,-6,58
-27,-6,57
-27,-6,58
-27,-6,57
-29,-6,57
-28,-6,57
-23,-5,58
-24,-4,59
-28,-10,56
-28,-9,56
-24,-5,59
-23,-2,60
-21,-4,60
-20,-6,60
-22,-8,59
-24,-8,59
-25,-8,58
-23,-7,59
-23,-8,59
-23,-8,59
-22,-7,59
-21,-7,60
-21,-8,60
-21,-9,59
-20,-9,59
-20,-9,60
-23,-7,59
-26,-6,58
-27,-8,57
-28,-8,56
-28,-6,57
-28,-5,57
-31,-7,56
-30,-7,56
-30,-7,56
-30,-6,56
-28,-6,57
-28,-7,57
-27,-5,57
-27,-5,57
-27,-5,58
-25,-6,58
-26,-6,58
-27,-6,57
-28,-6,57
-29,-6,56
-29,-6,57
-28,-6,57
-27,-6,57
-27,-6,58
-27,-6,58
-28,-6,57
-27,-6,57
-27,-6,57
-27,-6,58
-27,-6,58
-27,-6,58
-27,-6,58
-26,-6,58
-26,-6,58
-27,-6,58
-26,-6,58
-26,-5,58
-26,-5,58
-27,-6,57
-27,-6,58
-27,-6,57
-27,-5,58
-28,-5,57
-29,-5,57
-29,-5,57
-30,-5,56
-30,-5,56
-29,-5,57
-29,-5,57
-29,-5,57
-29,-5,56
-30,-5,57
-30,-5,56
-30,-5,56
-30,-5,57
-30,-6,56
-30,-5,56
-29,-5,56
-29,-6,57
-29,-5,57
-29,-6,57
-29,-5,57
-29,-5,57
-28,-6,57
-28,-5,57
-29,-6,56
-29,-5,56
-30,-5,56
-30,-5,56
-29,-5,56
-30,-5,57
-29,-5,56
-29,-5,57
-29,-5,56
-29,-5,57
-30,-5,57
-29,-5,56
-29,-5,57
-29,-5,57
-30,-5,57
-29,-5,57
-29,-5,56
-29,-5,57
-29,-5,56
-29,-5,57
-30,-5,56
-29,-5,57
-29,-5,57
-29,-5,57
-29,-5,57
-29,-5,56
-30,-5,56
-29,-5,56
-29,-5,57
-29,-5,57
-29,-5,56
-29,-5,56
-30,-5,56
-29,-5,56
-30,-5,57
-29,-5,56
-29,-5,56
-29,-5,56
-29,-5,57
-29,-5,57
-29,-6,57
-28,-5,57
-28,-6,57
-26,-5,58
-26,-5,58
-27,-6,58
-28,-5,57
-29,-5,57
-28,-5,57
-28,-5,57
-28,-5,57
-29,-5,57
-29,-5,57
-29,-5,56
-28,-5,57
-29,-5,57
-29,-5,57
-29,-5,57
-29,-5,57
-29,-5,56
-29,-5,57
-29,-5,57
-29,-5,56
-29,-5,56
-29,-5,57
-29,-5,56
-29,-5,56
-29,-5,57
-29,-5,56
-29,-5,57
-29,-5,57
-29,-5,57
-29,-5,57
-29,-6,57
-30,-5,57
-29,-5,56
-29,-6,57
-29,-5,56
-29,-5,57
-29,-5,57
-30,-5,56
-29,-5,57
-29,-5,57
-29,-5,56
-29,-5,57
-29,-5,57
-29,-5,57
-29,-5,56
-29,-5,57
-29,-5,57
-29,-5,57
-29,-5,57
-29,-6,57
-29,-5,56
-29,-5,57
-29,-5,57
-29,-5,56
-29,-6,57
-30,-5,56
-30,-6,56
-30,-5,56
-29,-5,57
-29,-5,57
-29,-6,57
-29,-5,57
-29,-5,56
-29,-6,57
-28,-5,57
-28,-6,57
-28,-6,57
-28,-5,57
-28,-5,57
-28,-5,57
-28,-5,57
-28,-5,57
-28,-5,57
-28,-5,57
-28,-5,57
-28,-6,57
-29,-6,57
-29,-6,57
-29,-5,57
-29,-5,57
-29,-5,57
-29,-5,57
-29,-5,57
-29,-5,57
-29,-5,57
-29,-6,57
-28,-5,57
-29,-5,57
-29,-5,57
-29,-5,57
-29,-5,57
-29,-5,57
-29,-6,57
-29,-6,56
-29,-5,57
-29,-5,56
-29,-5,57
-29,-5,57
-29,-5,57
-29,-6,57
-29,-6,57
-29,-6,57
-29,-6,56
-29,-5,57
-29,-6,57
-29,-5,57
-29,-5,56
-29,-5,57
-29,-6,57
-29,-6,57
-29,-6,57
-29,-5,57
-29,-5,57
-29,-5,57
-29,-5,57
-29,-5,57
-29,-6,57
-29,-6,57
-29,-6,57
-29,-6,57
-29,-6,57
-29,-5,57
-29,-6,56
-29,-6,56
-28,-6,57
-29,-6,57
-28,-6,57
-28,-5,57
-28,-5,57
-29,-5,57
-29,-6,57
-29,-5,56
-30,-6,57
-29,-5,57
-29,-5,57
-29,-6,57
-29,-6,57
-29,-6,57
-29,-6,57
-29,-5,57
-29,-5,57
-29,-6,57
-28,-6,57
-28,-5,57
-28,-5,57
-28,-5,57
-28,-5,57
-28,-5,57
-28,-5,57
-29,-5,57
-30,-5,56
-30,-5,57
-30,-5,56
-30,-5,56
-29,-5,57
-29,-5,57
-29,-5,56
-29,-5,56
-30,-5,57
-29,-5,56
-30,-5,57
-29,-5,57
-29,-5,57
-29,-5,57
-29,-5,56
-29,-5,57
-29,-5,56
-29,-5,57
-29,-5,57
-29,-5,57
-29,-5,57
-29,-5,56
-29,-5,57
-30,-5,56
-29,-5,57
-29,-5,57
-29,-5,57
-29,-5,57
-29,-5,57
-29,-5,57
-29,-5,57
-29,-5,56
-29,-5,57
-29,-5,57
-29,-6,57
-29,-5,56
-29,-6,57
-29,-5,57
-29,-6,57
-29,-5,57
-29,-5,57
-30,-6,57
-29,-5,57
-29,-6,57
-29,-5,56
-29,-5,57
-29,-6,57
-29,-5,57
-29,-5,57
-29,-5,57
-29,-5,56
-29,-6,57
-29,-5,57
-29,-5,56
-29,-5,56
-29,-6,56
-29,-5,56
-29,-5,56
-29,-5,57
-29,-5,56
-29,-5,57
-29,-5,56
-29,-5,57
-29,-5,57
-29,-5,56
-29,-5,56
-29,-5,57
-29,-5,56
-29,-5,56
-30,-6,57
-29,-5,56
-30,-5,56
-30,-5,57
-29,-5,56
-29,-6,56
-29,-5,57
-29,-5,57
-30,-5,56
-29,-5,56
-30,-5,56
-29,-5,57
-30,-5,56
-30,-5,57
-29,-5,56
-30,-5,56
-30,-5,56
-30,-5,57
-29,-5,57
-30,-5,56
-30,-5,56
-30,-5,56
-29,-5,57
-30,-5,56
-30,-5,57
-30,-5,56
-30,-5,56
-29,-5,56
-29,-5,56
-29,-5,56
-30,-5,56
-30,-5,57
-29,-5,56
-29,-5,56
-29,-5,56
-29,-5,56
-30,-5,56
-29,-5,56
-30,-5,57
-29,-5,56
-30,-5,56
-30,-5,57
-29,-5,56
-29,-5,57
-29,-5,57
-29,-5,57
-30,-5,56
-30,-5,56
-30,-5,57
-29,-5,56
-30,-5,56
-29,-5,57
-29,-5,57
-29,-5,57
-29,-5,57
-29,-5,57
-29,-5,56
-30,-5,56
-30,-5,56
-29,-6,56
-30,-5,57
-29,-5,56
-29,-5,57
-29,-6,56
-29,-5,57
-29,-5,56
-29,-5,57
-29,-5,57
-29,-5,56
-29,-6,56
-29,-5,57
-29,-6,57
-29,-5,57
-28,-5,57
-29,-5,57
-30,-6,56
-30,-6,57
-28,-6,57
-28,-6,57
-26,-5,57
-27,-5,57
-31,-6,56
-31,-6,56
-30,-5,56
-28,-5,57
-27,-6,58
-30,-6,56
-30,-6,56
-30,-5,56
-28,-5,57
-29,-5,56
-29,-5,57
-29,-6,57
-29,-6,57
-29,-6,56
-29,-5,57
-28,-6,57
-28,-6,57
-29,-6,57
-29,-6,56
-29,-6,57
-28,-4,57
-27,-8,57
-28,-8,57
-28,-7,57
-28,-4,57
-28,-4,58
-28,-5,57
-27,-6,57
-26,-6,58
-26,-7,58
-26,-7,58
-27,-6,58
-27,-6,57
-28,-6,57
-28,-6,57
-27,-6,57
-27,-5,58
-27,-6,58
-27,-6,57
-26,-6,58
-26,-6,58
-28,-6,57
-28,-7,57
-28,-7,57
-29,-6,57
-28,-7,57
-27,-6,57
-27,-6,57
-27,-6,57
-27,-7,57
-27,-6,58
-26,-6,58
-27,-6,58
-27,-6,57
-27,-6,58
-27,-7,57
-27,-7,58
-28,-7,57
-28,-7,57
-27,-7,57
-27,-6,57
-27,-7,57
-27,-6,57
-28,-6,57
-28,-6,57
-26,-6,57
-25,-6,57
-27,-6,57
-28,-7,57
-28,-6,57
-29,-7,56
-29,-6,56
-31,-6,56
-31,-6,55
-32,-5,55
-32,-5,55
-31,-5,55
-32,-6,55
-31,-5,55
-32,-5,55
-33,-5,55
-34,-5,54
-35,-5,54
-34,-5,54
-34,-5,54
-33,-6,55
-33,-6,55
-33,-6,55
-32,-6,55
-32,-6,55
-32,-6,55
-32,-6,55
-32,-6,55
-32,-6,55
-31,-5,55
-31,-5,55
-32,-6,55
-32,-6,55
-32,-6,55
-32,-6,55
-32,-6,55
-32,-6,55
-32,-6,55
-32,-6,55
-33,-6,55
-32,-6,55
-32,-6,56
-31,-6,56
-31,-6,56
-32,-6,55
-32,-6,55
-31,-6,56
-31,-6,55
-31,-6,56
-31,-6,55
-32,-6,55
-32,-6,55
-32,-6,55
-32,-6,55
-33,-6,55
-33,-6,55
-32,-6,55
-31,-6,55
-31,-6,56
-31,-6,55
-32,-6,55
-32,-5,55
-32,-6,55
-32,-5,55
-32,-6,55
-33,-6,55
-33,-7,55
-32,-6,55
-31,-6,55
-31,-6,56
-31,-6,56
-31,-6,55
-32,-6,55
-32,-6,55
-32,-6,55
-31,-6,55
-31,-6,56
-31,-6,55
-31,-6,55
-32,-6,55
-32,-6,55
-32,-6,55
-32,-6,55
-32,-6,55
-32,-6,55
-32,-6,55
-31,-6,55
-31,-6,55
-32,-6,55
-31,-6,56
-31,-6,55
-31,-6,55
-31,-6,55
-32,-6,56
-31,-6,55
-31,-6,55
-32,-6,55
-32,-6,55
-32,-6,55
-31,-6,55
-32,-6,55
-33,-6,55
-32,-6,55
-32,-6,55
-32,-6,55
-33,-6,55
-32,-6,55
-32,-6,55
-32,-6,55
-32,-6,55
-32,-6,55
-32,-6,55
-32,-6,55
-32,-6,55
-32,-6,55
-32,-6,55
-32,-6,55
-32,-6,55
-32,-6,55
-32,-6,55
-32,-6,55
-31,-6,55
-31,-6,56
-31,-6,56
-31,-6,55
-31,-6,56
-31,-6,55
-31,-6,55
-31,-6,56
-31,-6,56
-31,-6,55
-31,-6,56
-32,-6,55
-32,-6,56
-31,-6,55
-31,-6,56
-32,-6,55
-32,-6,55
-32,-6,55
-31,-6,55
-32,-6,55
-31,-6,55
-32,-6,55
-31,-6,55
-31,-6,55
-32,-6,55
-31,-6,55
-32,-6,55
-31,-6,56
-31,-6,56
-32,-6,55
-31,-6,55
-32,-6,56
-31,-6,55
-31,-6,56
-32,-6,55
-32,-6,55
-32,-6,55
-31,-6,55
-31,-6,56
-31,-6,55
-31,-6,56
-31,-6,55
-31,-6,55
-31,-6,56
-31,-6,55
-31,-6,56
-31,-6,55
-31,-6,55
-31,-6,55
-31,-6,55
-32,-6,55
-31,-6,55
-32,-6,56
-31,-6,55
-31,-6,55
-32,-6,55
-31,-6,56
-32,-6,56
-31,-6,55
-31,-6,56
-32,-6,55
-31,-6,55
-31,-6,56
-31,-6,55
-32,-6,55
-31,-6,55
-31,-6,56
-32,-6,55
-31,-6,55
-32,-6,55
-31,-6,56
-31,-6,56
-31,-6,55
-31,-6,55
-32,-6,55
-31,-6,55
-32,-6,55
-31,-6,55
-31,-6,55
-31,-6,55
-31,-6,55
-31,-6,56
-31,-6,56
-31,-6,56
-31,-6,56
-31,-6,56
-31,-6,56
-31,-6,56
-31,-6,56
-31,-6,55
-31,-6,56
-31,-6,56
-31,-6,55
-31,-6,56
-31,-6,56
-30,-7,56
-29,-6,57
-29,-6,56
-29,-6,56
-31,-6,55
-32,-6,55
-31,-6,55
-32,-6,55
-32,-6,55
-32,-5,55
-32,-7,55
-31,-7,54
-32,-8,56
-28,-8,57
-26,-8,58
-27,-9,59
-27,-8,58
-30,-4,57
-31,-3,55
-31,0,54
-32,0,53
-33,-1,54
-34,-2,54
-34,-3,54
-34,-6,57
-34,-4,55
-29,-4,57
-26,-4,57
-30,-6,55
-32,-7,55
-29,-7,57
-27,-6,57
-30,-7,56
-30,-8,56
-29,-7,56
-30,-7,56
-29,-7,56
-30,-7,56
-30,-7,56
-26,-7,58
-23,-7,59
-24,-7,59
-25,-8,58
-26,-7,58
-25,-7,58
-25,-6,58
-25,-6,58
-24,-6,59
-26,-6,58
-26,-6,58
-27,-6,58
-26,-6,58
-25,-6,58
-26,-6,57
-27,-6,58
-27,-6,57
-25,-6,58
-23,-5,59
-24,-5,58
-25,-5,58
-24,-5,59
-23,-5,59
-25,-5,58
-24,-5,58
-24,-5,59
-25,-5,58
-24,-5,59
-23,-5,59
-25,-5,58
-24,-5,59
-24,-5,58
-25,-5,59
-23,-5,59
-24,-5,59
-25,-5,59
-24,-5,59
-24,-6,59
-25,-6,58
-24,-5,59
-23,-5,59
-24,-5,59
-24,-6,59
-24,-6,59
-23,-6,59
-21,-6,60
-21,-5,60
-21,-6,59
-22,-6,59
-22,-6,60
-21,-6,59
-22,-6,59
-22,-6,59
-22,-6,60
-22,-6,60
-22,-6,59
-22,-6,59
-21,-6,59
-22,-6,59
-23,-6,59
-22,-6,59
-23,-6,59
-23,-6,59
-22,-6,59
-23,-6,59
-22,-6,59
-22,-6,59
-23,-6,59
-22,-6,59
-22,-6,59
-23,-6,59
-23,-6,59
-22,-6,59
-22,-6,59
-22,-6,59
-22,-6,60
-25,-6,60
-23,-6,59
-23,-7,58
-22,-7,59
-21,-6,60
-21,-6,60
-22,-6,59
-23,-6,59
-22,-6,59
-23,-6,59
-23,-6,59
-24,-6,59
-24,-6,59
-23,-5,59
-23,-7,59
-23,-6,59
-23,-6,59
-24,-6,59
-23,-6,59
-23,-6,59
-23,-6,59
-22,-6,59
-23,-6,59
-23,-6,59
-22,-6,59
-22,-6,59
-23,-6,59
-22,-6,59
-24,-6,59
-24,-6,59
-22,-5,59
-22,-6,59
-22,-6,59
-22,-6,59
-22,-7,59
-24,-6,59
-25,-6,58
-27,-6,58
-25,-6,58
-23,-6,59
-22,-6,59
-21,-6,60
-22,-6,59
-25,-7,58
-25,-6,58
-25,-6,58
-24,-6,59
-23,-6,59
-23,-6,59
-24,-6,59
-24,-6,59
-24,-6,58
-24,-6,59
-24,-6,59
-25,-6,58
-25,-6,58
-24,-6,59
-23,-6,59
-24,-6,59
-24,-6,58
-24,-6,59
-24,-6,59
-25,-6,58
-26,-6,58
-25,-6,58
-24,-6,59
-22,-6,59
-22,-6,59
-21,-6,59
-22,-7,59
-25,-6,59
-26,-6,58
-25,-6,58
-24,-6,59
-23,-6,59
-24,-6,59
-23,-6,59
-23,-6,59
-24,-6,58
-24,-6,58
-25,-6,58
-25,-6,58
-25,-6,58
-24,-6,59
-24,-6,59
-24,-6,59
-24,-6,59
-25,-6,58
-25,-6,58
-25,-6,58
-26,-6,58
-25,-6,59
-25,-6,58
-24,-6,59
-24,-6,59
-24,-6,59
-27,-6,58
-26,-6,57
-25,-5,59
-23,-5,59
-26,-7,57
-29,-6,57
-28,-5,57
-30,-6,56
-30,-6,57
-30,-5,57
-33,-6,56
-32,-8,56
-33,-8,54
-28,-8,56
-25,-9,59
-27,-12,57
-28,-11,56
-27,-12,56
-26,-10,57
-27,-8,59
-26,-6,58
-28,-6,58
-25,-7,57
-25,-6,59
-27,-6,57
-29,-7,57
-27,-7,57
-27,-7,57
-26,-8,58
-26,-7,58
-26,-7,58
-25,-7,58
-26,-7,57
-28,-7,58
-28,-7,57
-28,-8,57
-26,-7,58
-23,-7,59
-24,-8,59
-25,-8,58
-25,-7,58
-25,-8,58
-24,-7,58
-25,-8,58
-25,-8,58
-24,-8,58
-25,-5,59
-25,-5,59
-26,-7,58
-25,-7,58
-25,-7,58
-25,-7,58
-25,-6,58
-25,-7,58
-25,-6,58
-24,-6,58
-25,-6,58
-25,-6,58
-25,-6,58
-24,-6,58
-25,-6,58
-25,-6,58
-25,-6,58
-25,-6,58
-25,-6,58
-25,-6,58
-25,-6,58
-25,-6,58
-26,-7,58
-25,-6,58
-25,-6,58
-25,-7,58
-24,-7,59
-24,-7,58
-26,-7,58
-26,-7,58
-24,-7,59
-25,-7,58
-25,-8,58
-25,-8,58
-25,-7,59
-23,-8,59
-23,-8,59
-23,-7,59
-25,-7,58
-24,-7,59
-23,-7,58
-24,-8,58
-24,-7,58
-23,-7,59
-24,-7,58
-24,-7,58
-23,-8,59
-24,-7,59
-24,-7,59
-24,-7,59
-24,-7,59
-24,-7,59
-24,-7,59
-24,-7,59
-24,-7,59
-24,-8,59
-25,-8,58
-25,-12,57
-26,-11,57
-23,-8,59
-23,-6,59
-24,-6,59
-21,-5,60
-23,-4,60
-24,-3,59
-25,-4,59
-24,-4,59
-24,-5,59
-24,-5,59
-23,-6,59
-23,-6,59
-25,-5,58
-26,-5,58
-26,-6,58
-25,-6,59
-24,-6,58
-26,-6,58
-24,-6,59
-24,-7,59
-24,-6,59
-23,-6,59
-24,-7,59
-25,-7,58
-25,-6,58
-24,-7,59
-24,-6,58
-24,-7,58
-24,-7,59
-22,-6,59
-22,-6,59
-22,-6,59
-23,-7,59
-22,-7,59
-23,-7,59
-23,-6,59
-24,-6,59
-24,-6,59
-24,-7,59
-24,-7,59
-23,-6,59
-23,-7,59
-23,-6,59
-22,-7,59
-22,-7,59
-22,-7,60
-23,-7,60
-23,-7,58
-24,-6,57
-23,-6,58
-22,-7,60
-22,-8,60
-24,-6,59
-22,-5,59
-22,-6,59
-23,-7,59
-24,-7,59
-25,-7,59
-24,-7,59
-25,-7,59
-26,-7,59
-26,-6,58
-24,-6,59
-24,-6,59
-24,-6,59
-24,-6,59
-25,-6,58
-25,-6,59
-24,-6,59
-24,-6,59
-24,-6,59
-26,-6,58
-26,-6,59
-24,-7,60
-27,-7,59
-25,-8,60
-26,-8,60
-21,-6,60
-22,-4,59
-22,-4,59
-25,-5,59
-23,-5,59
-25,-4,58
-24,-3,59
-25,-3,58
-25,-3,57
-25,-3,58
-27,-3,58
-26,-4,59
-24,-4,59
-22,-3,59
-23,-3,59
-24,-4,59
-21,-4,61
-20,-4,60
-22,-4,60
-23,-4,59
-23,-4,59
-21,-3,59
-23,-3,59
-24,-4,59
-21,-4,60
-21,-4,60
-22,-4,60
-23,-4,60
-21,-4,59
-20,-4,59
-23,-4,60
-22,-4,58
-22,-4,59
-21,-3,59
-22,-3,57
-27,-4,58
-28,-5,58
-24,-4,59
-23,-4,59
-25,-4,59
-24,-4,59
-23,-5,60
-21,-5,60
-26,-5,59
-23,-6,60
-20,-6,61
-22,-5,60
-23,-6,60
-21,-5,60
-21,-5,60
-24,-5,59
-22,-4,59
-23,-5,59
-22,-4,59
-22,-5,60
-22,-4,59
-21,-4,60
-22,-5,60
-22,-5,60
-22,-5,59
-23,-5,59
-23,-5,59
-23,-5,59
-23,-5,59
-22,-5,59
-23,-5,59
-23,-5,59
-22,-5,59
-23,-5,59
-22,-5,59
-23,-5,59
-23,-5,59
-23,-5,59
-22,-5,59
-23,-5,60
-23,-5,59
-23,-5,59
-23,-5,59
-23,-5,59
-23,-5,59
-23,-5,59
-23,-5,59
-23,-5,59
-23,-5,59
-23,-5,59
-23,-5,59
-23,-5,59
-23,-5,59
-23,-5,59
-23,-5,59
-23,-5,59
-23,-5,59
-23,-5,59
-23,-5,59
-23,-5,59
-23,-5,59
-23,-5,59
-23,-5,59
-23,-5,59
-23,-5,59
-23,-5,59
-23,-5,59
-23,-5,59
-23,-5,59
-23,-5,59
-23,-5,59
-23,-5,59
-23,-5,58
-23,-4,59
-24,-5,59
-24,-5,59
-23,-5,59
-23,-5,59
-23,-6,59
-23,-5,59
-23,-6,59
-24,-5,59
-24,-5,59
-25,-5,58
-25,-5,59
-24,-5,59
-24,-5,59
-24,-5,59
-24,-5,59
-24,-6,59
-24,-5,59
-25,-5,58
-25,-5,58
-24,-5,58
-24,-5,59
-24,-5,59
-25,-5,58
-25,-6,59
-24,-5,59
-24,-5,59
-24,-5,59
-24,-5,59
-24,-5,59
-24,-5,59
-24,-5,59
-24,-5,59
-24,-5,59
-24,-5,59
-24,-5,59
-24,-5,59
-24,-5,59
-23,-5,59
-24,-5,59
-24,-5,59
-24,-6,59
-24,-5,59
-24,-6,59
-23,-5,59
-23,-5,59
-23,-5,59
-23,-5,59
-23,-5,59
-23,-5,59
-23,-5,59
-23,-5,59
-23,-5,59
-24,-5,59
-23,-5,59
-23,-5,59
-23,-5,59
-23,-5,59
-24,-5,59
-24,-5,59
-23,-5,59
-23,-5,59
-24,-5,59
-23,-5,59
-23,-6,59
-23,-5,59
-23,-5,59
-23,-5,59
-23,-5,59
-23,-5,59
-23,-5,59
-23,-6,59
-23,-5,59
-23,-5,59
-23,-5,59
-23,-5,59
-23,-5,59
-22,-5,60
-24,-5,59
-24,-5,59
-24,-5,59
-23,-5,59
-23,-5,59
-24,-5,59
-22,-5,59
-23,-6,59
-23,-5,59
-22,-5,59
-25,-6,58
-25,-6,59
-22,-5,59
-22,-5,60
-24,-5,59
-26,-6,58
-24,-5,59
-22,-5,59
-24,-5,59
-24,-5,59
-22,-5,59
-24,-5,59
-24,-6,59
-24,-5,58
-24,-6,59
-24,-5,58
-23,-6,59
-23,-6,59
-25,-6,59
-24,-5,59
-24,-5,59
-24,-5,59
-24,-5,58
-24,-5,58
-24,-5,59
-24,-5,59
-25,-5,59
-24,-5,59
-25,-5,59
-24,-5,59
-24,-5,59
-24,-5,59
-24,-5,59
-25,-5,59
-25,-5,58
-24,-5,59
-24,-5,59
-24,-5,59
-24,-5,58
-24,-5,58
-24,-5,59
-25,-5,58
-24,-5,59
-24,-5,58
-25,-5,58
-24,-5,59
-24,-5,58
-25,-5,58
-24,-5,58
-25,-5,59
-24,-5,59
-25,-5,58
-25,-5,58
-25,-5,58
-26,-5,58
-26,-5,58
-25,-6,59
-24,-5,58
-25,-5,59
-25,-5,58
-25,-5,58
-25,-5,58
-25,-5,58
-25,-5,58
-25,-5,58
-25,-5,58
-25,-5,58
-25,-5,59
-25,-5,59
-25,-5,58
-25,-5,58
-25,-5,58
-25,-5,58
-25,-5,58
-25,-5,58
-25,-5,58
-25,-5,58
-26,-5,58
-26,-5,58
-25,-5,58
-25,-5,59
-25,-5,58
-25,-5,58
-25,-5,58
-25,-5,58
-26,-5,58
-26,-5,58
-25,-5,58
-25,-5,58
-25,-5,58
-25,-5,58
-25,-5,58
-25,-5,58
-25,-5,58
-26,-5,58
-24,-5,58
-25,-5,58
-25,-5,58
-25,-5,58
-25,-4,58
-26,-5,58
-25,-5,58
-25,-5,58
-26,-5,58
-25,-5,59
-25,-5,58
-25,-5,59
-26,-5,59
-26,-6,58
-28,-8,59
-28,-8,59
-25,-5,59
-26,-4,59
-27,-6,59
-25,-6,57
-24,-3,58
-24,-3,57
-23,0,57
-22,-1,59
-21,-2,61
-22,-3,60
-23,-4,60
-24,-4,59
-22,-3,59
-21,-2,59
-20,-3,59
-20,-4,60
-20,-3,60
-20,-3,59
-21,-3,60
-18,-2,61
-18,-2,61
-21,-3,60
-20,-3,60
-19,-4,61
-18,-4,61
-19,-4,61
-18,-3,61
-17,-3,61
-19,-4,61
-20,-3,60
-21,-4,60
-19,-4,61
-19,-3,61
-19,-4,61
-19,-4,60
-19,-4,61
-19,-3,61
-19,-4,61
-19,-3,60
-18,-4,60
-19,-3,60
-19,-3,61
-19,-3,61
-17,-2,61
-17,-2,60
-17,-3,60
-17,-2,60
-20,-2,59
-19,-3,60
-18,-3,61
-20,-4,61
-21,-5,61
-21,-4,61
-21,-5,60
-22,-5,60
-21,-5,61
-20,-5,60
-22,-6,61
-21,-7,61
-22,-6,60
-22,-6,60
-22,-6,59
-22,-5,60
-22,-6,60
-22,-5,60
-22,-6,59
-22,-6,59
-22,-6,59
-22,-5,59
-22,-6,59
-22,-6,59
-22,-5,59
-22,-5,59
-22,-6,59
-22,-5,59
-22,-6,60
-22,-5,59
-22,-5,60
-22,-6,60
-22,-6,59
-22,-6,59
-22,-6,59
-22,-6,59
-22,-5,60
-22,-6,60
-22,-6,59
-22,-6,59
-22,-5,59
-22,-5,59
-22,-6,59
-22,-5,59
-22,-6,59
-22,-6,59
-22,-6,60
-22,-5,59
-22,-6,59
-22,-6,59
-23,-6,59
-22,-5,59
-22,-5,59
-22,-6,60
-22,-6,59
-22,-6,59
-22,-5,59
-22,-6,59
-22,-6,59
-22,-6,60
-22,-6,59
-22,-6,59
-22,-6,59
-22,-6,59
-22,-5,60
-22,-6,59
-22,-6,59
-22,-6,59
-22,-6,59
-22,-6,59
-22,-6,59
-22,-5,59
-22,-6,59
-22,-6,59
-22,-6,59
-22,-6,59
-22,-5,59
-22,-5,59
-22,-6,59
-22,-6,59
-22,-6,59
-23,-5,59
-22,-6,59
-22,-6,60
-22,-6,59
-22,-6,60
-22,-5,59
-23,-6,59
-23,-6,59
-23,-6,59
-22,-5,60
-23,-6,59
-22,-5,60
-22,-5,60
-21,-5,60
-21,-5,59
-21,-4,60
-22,-5,60
-21,-5,60
-20,-5,60
-21,-5,60
-22,-5,59
-21,-5,60
-23,-5,59
-23,-5,60
-22,-5,59
-22,-5,59
-21,-5,60
-21,-5,60
-22,-5,60
-21,-5,60
-21,-5,60
-21,-5,59
-23,-5,59
-21,-5,59
-21,-4,59
-20,-4,60
-23,-5,59
-21,-5,60
-20,-5,60
-21,-5,60
-21,-5,60
-21,-5,60
-21,-6,60
-21,-6,60
-20,-5,60
-21,-5,60
-21,-5,60
-22,-6,60
-20,-5,59
-21,-5,60
-22,-6,60
-21,-5,60
-21,-6,60
-21,-6,60
-20,-5,60
-21,-6,60
-21,-5,61
-21,-6,60
-21,-6,60
-21,-6,60
-21,-6,60
-21,-6,60
-21,-6,61
-21,-6,60
-21,-6,60
-21,-6,60
-23,-5,59
-23,-5,59
-22,-6,59
-22,-5,59
-23,-6,59
-22,-6,60
-22,-6,60
-22,-6,60
-22,-6,60
-23,-6,60
-23,-5,59
-22,-5,60
-21,-4,60
-22,-5,60
-21,-4,60
-22,-4,59
-21,-4,59
-22,-5,59
-22,-5,60
-22,-5,60
-22,-4,60
-22,-5,60
-21,-5,60
-22,-5,60
-22,-5,60
-22,-4,59
-22,-4,59
-23,-4,59
-23,-4,59
-24,-5,59
-23,-4,59
-22,-4,59
-22,-5,60
-22,-4,59
-23,-5,59
-24,-5,59
-23,-4,59
-23,-4,59
-23,-4,59
-23,-5,59
-23,-5,59
-22,-4,59
-22,-5,59
-22,-5,59
-22,-5,60
-22,-5,59
-23,-5,59
-23,-5,59
-22,-5,59
-22,-5,59
-23,-5,59
-22,-5,59
-22,-5,59
-23,-5,59
-22,-5,59
-22,-5,60
-23,-5,59
-23,-5,59
-22,-5,60
-23,-6,59
-23,-5,59
-22,-5,59
-22,-5,59
-22,-5,60
-21,-4,60
-21,-5,60
-21,-5,60
-22,-6,59
-22,-6,60
-21,-5,60
-21,-5,60
-21,-5,59
-22,-5,60
-22,-5,59
-22,-5,60
-21,-5,60
-21,-6,60
-22,-6,60
-22,-6,60
-22,-5,59
-22,-5,59
-21,-5,59
-22,-5,59
-22,-5,59
-23,-8,61
-24,-9,61
-21,-7,59
-18,-4,61
-18,-2,60
-23,-5,59
-24,-6,59
-26,-8,60
-26,-8,59
-18,-5,59
-18,-3,61
-20,-5,61
-24,-6,59
-25,-7,59
-24,-7,59
-20,-5,60
-19,-5,60
-22,-5,59
-24,-5,58
-23,-4,59
-23,-5,59
-22,-6,59
-21,-6,61
-21,-8,61
-21,-7,61
-21,-6,60
-19,-6,60
-20,-5,60
-22,-6,59
-22,-6,59
-23,-6,59
-22,-6,59
-21,-6,60
-21,-6,60
-22,-6,59
-22,-5,59
-22,-6,59
-22,-6,59
-21,-6,60
-22,-6,60
-22,-6,60
-22,-6,60
-22,-6,60
-21,-6,60
-22,-6,59
-22,-6,59
-21,-6,60
-21,-6,60
-22,-6,59
-21,-6,59
-21,-6,60
-22,-6,59
-21,-6,60
-21,-5,60
-21,-6,60
-21,-6,59
-22,-5,60
-22,-6,59
-22,-6,60
-21,-6,60
-22,-6,60
-22,-6,60
-21,-6,60
-22,-5,59
-22,-6,59
-22,-6,59
-22,-6,59
-22,-6,60
-22,-6,59
-22,-6,59
-22,-5,59
-22,-6,60
-22,-6,59
-22,-6,59
-21,-6,60
-22,-6,59
-22,-6,59
-22,-6,60
-22,-6,59
-22,-6,60
-22,-6,59
-22,-6,59
-22,-5,59
-22,-6,59
-22,-6,59
-22,-6,59
-22,-6,59
-22,-6,59
-22,-6,59
-22,-6,60
-22,-6,59
-22,-6,59
-22,-6,59
-22,-6,59
-22,-5,59
-22,-6,59
-22,-6,59
-22,-6,60
-20,-5,61
-21,-6,60
-22,-6,60
-22,-6,59
-22,-5,60
-21,-5,60
-22,-5,59
-23,-5,59
-23,-5,59
-23,-5,59
-23,-5,59
-23,-5,59
-23,-5,59
-22,-5,59
-23,-5,59
-24,-5,59
-23,-4,59
-23,-5,59
-23,-5,59
-23,-5,59
-24,-5,59
-24,-5,59
-23,-4,59
-24,-5,59
-23,-5,59
-24,-4,59
-24,-5,59
-24,-5,59
-24,-5,59
-23,-5,59
-23,-5,59
-23,-5,59
-24,-5,59
-24,-5,59
-24,-4,59
-24,-5,59
-24,-5,59
-24,-5,59
-23,-5,59
-24,-5,59
-24,-5,59
-23,-5,59
-23,-5,59
-23,-5,59
-24,-5,59
-24,-5,59
-24,-5,59
-23,-5,59
-24,-5,59
-24,-5,59
-24,-5,59
-24,-5,59
-24,-5,59
-23,-5,59
-23,-5,59
-24,-5,59
-23,-5,59
-23,-5,59
-23,-5,59
-24,-5,59
-23,-5,59
-23,-5,59
-24,-5,59
-23,-5,59
-23,-5,59
-23,-5,59
-23,-5,59
-23,-5,59
-23,-5,59
-23,-5,59
-23,-5,59
-23,-5,59
-24,-5,59
-23,-5,59
-23,-5,59
-23,-5,59
-23,-5,59
-23,-5,59
-24,-5,59
-24,-5,59
-23,-5,59
-24,-5,59
-24,-5,59
-24,-5,59
-24,-5,59
-24,-5,59
-23,-5,59
-24,-5,59
-24,-5,59
-24,-5,59
-24,-5,59
-24,-5,59
-23,-5,59
-23,-5,59
-24,-5,59
-24,-5,59
-23,-5,59
-23,-5,59
-24,-5,59
-24,-5,59
-24,-5,59
-24,-5,59
-23,-5,59
-23,-5,59
-24,-5,59
-23,-5,59
-24,-5,59
-24,-5,59
-24,-5,59
-24,-5,59
-23,-5,59
-23,-5,59
-23,-5,59
-24,-5,59
-23,-5,59
-24,-5,59
-24,-5,59
-24,-5,59
-24,-4,59
-25,-5,59
-23,-4,59
-23,-4,59
-23,-4,59
-23,-4,59
-24,-4,59
-23,-4,59
-24,-5,59
-24,-5,59
-23,-4,59
-23,-4,59
-23,-5,59
-23,-4,59
-23,-4,59
-24,-5,59
-24,-4,60
-22,-3,59
-23,-3,59
-21,-4,60
-23,-4,60
-24,-3,60
-24,-2,59
-23,0,59
-23,0,59
-24,1,59
-24,2,58
-26,2,57
-20,3,62
-18,3,62
-23,3,57
-21,3,60
-17,4,63
-18,4,60
-18,6,59
-17,6,61
-19,5,59
-19,4,59
-24,3,59
-22,1,61
-21,2,62
-21,4,59
-20,4,59
-20,4,60
-20,3,61
-20,3,61
-21,3,60
-22,4,60
-22,4,60
-24,4,59
-23,4,59
-24,3,59
-23,3,60
-23,4,60
-22,5,58
-23,5,59
-21,5,61
-20,5,60
-21,4,59
-21,4,63
-19,5,60
-21,5,59
-20,5,60
-19,4,61
-19,4,62
-18,3,59
-19,3,62
-18,4,62
-18,4,60
-18,3,58
-16,2,62
-22,5,64
-22,3,57
-29,8,57
-23,11,55
-22,11,56
-27,10,57
-29,9,57
-29,8,58
-30,7,57
-31,7,56
-30,7,55
-30,8,56
-28,7,56
-29,5,57
-29,6,57
-28,6,57
-29,6,57
-29,6,56
-30,5,56
-30,6,57
-29,5,57
-29,5,56
-30,5,56
-29,5,57
-29,5,56
-29,5,57
-30,4,57
-30,4,57
-29,4,57
-29,4,57
-29,4,57
-28,4,57
-29,3,57
-28,3,57
-28,3,57
-29,3,57
-29,3,57
-28,3,58
-28,3,57
-28,3,57
-28,2,58
-27,2,58
-27,2,58
-27,2,58
-27,2,59
-27,2,58
-27,3,58
-27,3,58
-28,2,58
-28,2,58
-28,3,57
-28,4,57
-28,5,56
-28,5,56
-28,5,56
-29,4,57
-29,4,57
-30,3,57
-29,3,57
-28,3,58
-28,3,57
-27,3,58
-27,3,58
-27,3,57
-27,3,57
-28,3,57
-29,3,57
-29,4,57
-28,4,57
-28,4,57
-28,4,57
-28,4,57
-28,4,57
-28,4,57
-28,4,57
-28,4,57
-28,4,57
-28,4,57
-28,4,57
-28,4,57
-28,4,57
-28,4,57
-28,4,57
-28,4,58
-28,3,57
-29,3,57
-29,3,57
-28,4,57
-28,4,57
-28,4,58
-28,4,57
-28,4,57
-29,4,57
-29,4,57
-29,4,57
-28,4,57
-28,4,57
-28,4,57
-28,4,57
-28,4,57
-28,4,57
-28,4,57
-29,4,57
-28,4,57
-28,4,57
-28,4,57
-28,4,57
-28,4,57
-28,4,57
-28,3,57
-28,4,57
-28,4,57
-28,4,57
-29,4,57
-28,4,56
-28,4,56
-27,3,58
-26,2,59
-25,1,62
-24,0,62
-22,1,61
-22,2,60
-25,3,57
-25,4,57
-28,5,56
-29,5,56
-30,6,55
-32,5,55
-33,5,55
-32,4,56
-30,4,56
-29,3,57
-27,3,58
-25,4,58
-25,4,58
-25,4,58
-26,4,58
-28,4,57
-29,4,57
-30,5,56
-30,5,56
-30,5,56
-30,5,56
-29,4,56
-28,4,57
-29,4,57
-28,4,57
-28,4,57
-28,4,57
-28,4,57
-29,4,57
-29,4,57
-30,4,57
-29,4,57
-29,4,57
-28,4,57
-28,4,57
-28,4,57
-28,4,57
-29,4,57
-29,4,57
-29,4,57
-29,4,57
-29,4,57
-29,4,57
-29,4,57
-29,4,57
-29,4,57
-29,4,57
-29,4,57
-28,4,57
-28,4,57
-28,4,57
-28,4,57
-29,4,57
-29,4,57
-29,4,57
-29,4,57
-28,4,57
-29,4,57
-29,4,57
-29,4,56
-29,5,57
-29,5,56
-29,5,56
-30,4,57
-30,4,57
-29,4,57
-29,4,57
-29,4,57
-28,5,57
-29,4,57
-29,4,57
-29,4,56
-29,4,57
-30,4,57
-29,4,57
-29,4,57
-29,4,57
-28,5,57
-29,5,57
-29,4,57
-29,4,56
-29,4,57
-29,4,57
-29,4,57
-29,4,57
-29,4,57
-29,4,57
-29,4,57
-29,4,57
-29,4,57
-29,4,57
-29,4,57
-29,4,57
-29,4,57
-29,4,57
-29,4,57
-29,4,57
-29,4,57
-29,4,57
-29,4,57
-29,4,57
-28,4,57
-29,4,57
-29,4,57
-29,4,57
-29,4,57
-29,4,57
-29,4,57
-29,4,57
-29,4,57
-29,4,57
-29,4,57
-29,4,57
-29,4,57
-29,4,57
-29,4,57
-29,4,57
-29,4,57
-29,4,57
-29,5,57
-29,4,57
-29,4,57
-29,4,57
-29,4,57
-29,4,57
-30,4,57
-29,4,56
-29,4,56
-29,4,57
-29,4,57
-29,5,57
-29,5,57
-29,5,57
-29,5,57
-29,4,56
-29,4,56
-29,5,57
-29,4,57
-29,4,57
-29,4,57
-29,4,57
-29,4,57
-29,4,57
-29,4,57
-29,4,57
-29,4,57
-29,4,57
-29,4,57
-29,4,57
-29,4,57
-29,4,57
-30,4,57
-29,5,56
-29,4,57
-29,4,56
-29,4,56
-29,4,57
-30,4,57
-29,4,57
-29,4,56
-30,4,56
-29,4,57
-29,4,57
-29,4,57
-29,4,57
-29,5,56
-30,5,56
-30,4,56
-30,5,56
-30,5,56
-29,4,57
-30,4,56
-29,4,56
-30,4,56
-30,4,56
-30,5,57
-30,5,56
-29,5,56
-30,5,57
-30,5,56
-30,5,56
-30,5,56
-30,5,56
-30,5,57
-29,5,57
-29,5,57
-29,5,56
-30,5,56
-30,5,56
-30,4,57
-30,5,56
-29,5,56
-29,5,57
-29,5,56
-29,5,56
-30,5,56
-30,5,56
-30,5,56
-30,4,56
-30,5,57
-30,5,57
-30,5,57
-29,5,56
-29,5,56
-29,5,57
-30,5,56
-30,5,56
-30,5,56
-30,5,56
-30,5,56
-30,5,56
-30,5,56
-30,5,56
-29,5,56
-30,5,56
-30,5,56
-30,5,56
-30,5,56
-30,5,56
-29,5,56
-30,5,56
-30,5,56
-30,5,56
-30,5,57
-30,5,56
-30,5,56
-30,5,56
-30,5,56
-29,5,57
-30,5,56
-30,5,56
-30,5,56
-30,5,56
-30,5,56
-30,5,57
-29,5,57
-29,5,57
-28,5,57
-28,5,57
-29,5,56
-30,5,56
-31,5,56
-30,5,56
-31,5,56
-30,5,56
-30,5,56
-29,5,57
-31,5,56
-30,6,56
-30,6,56
-30,6,56
-30,6,56
-31,6,55
-31,6,55
-31,7,55
-31,7,55
-31,6,56
-31,6,56
-31,6,56
-31,6,56
-31,6,56
-31,6,56
-31,6,56
-31,5,56
-31,6,55
-31,6,56
-31,5,55
-31,5,56
-31,5,56
-31,5,56
-30,5,56
-30,5,56
-30,5,56
-30,5,56
-31,5,56
-31,5,56
-31,5,56
-31,5,56
-31,5,56
-31,5,56
-30,5,56
-30,5,56
-30,5,56
-30,5,56
-31,5,56
-31,5,56
-31,5,56
-31,5,56
-31,5,56
-31,5,56
-31,5,56
-31,5,56
-31,5,56
-31,5,56
-31,6,56
-31,6,56
-32,6,55
-32,7,55
-32,7,55
-32,7,55
-32,8,55
-32,8,54
-32,8,54
-33,8,54
-33,8,54
-33,9,53
-33,9,54
-34,8,54
-34,8,54
-34,8,54
-34,9,54
-34,9,54
-34,9,54
-34,9,54
-33,9,54
-33,10,54
-33,10,54
-33,10,54
-34,9,53
-34,9,53
-34,8,53
-35,8,53
-34,9,54
-34,9,54
-33,9,54
-33,9,54
-32,9,55
-32,8,55
-32,8,55
-32,7,55
-32,7,55
-32,8,55
-32,8,55
-32,7,55
-32,7,55
-32,8,55
-32,8,55
-32,7,55
-32,7,55
-31,7,55
-31,8,55
-33,7,54
-32,7,55
-33,6,55
-32,5,54
-33,5,54
-32,5,55
-33,5,55
-31,4,55
-27,3,57
-28,1,57
-30,1,57
-25,-1,59
-25,-2,59
-26,-4,58
-30,-7,58
-28,-6,57
-30,-6,55
-29,-6,57
-30,-4,57
-35,-4,54
-36,-4,53
-33,-4,55
-28,-4,57
-27,-5,58
-25,-5,58
-27,-5,57
-32,-5,55
-34,-5,54
-33,-5,55
-31,-5,56
-31,-5,56
-32,-5,55
-33,-5,55
-35,-5,53
-38,-5,52
-39,-5,51
-37,-4,52
-39,-5,51
-38,-4,51
-37,-4,52
-36,-4,53
-35,-5,53
-35,-5,54
-35,-5,54
-35,-5,53
-36,-5,53
-37,-5,52
-37,-5,52
-37,-5,52
-37,-5,53
-37,-5,53
-37,-5,53
-37,-5,53
-35,-4,53
-35,-5,53
-36,-5,53
-37,-5,53
-37,-5,52
-36,-5,53
-35,-4,53
-35,-4,53
-35,-5,54
-35,-5,54
-35,-5,54
-35,-5,53
-37,-5,53
-37,-5,52
-36,-5,53
-36,-5,53
-36,-5,53
-36,-5,53
-36,-5,52
-36,-5,53
-36,-5,52
-36,-5,52
-37,-4,52
-38,-6,52
-35,-7,53
-37,-5,53
-35,-5,53
-34,-4,54
-32,-4,55
-33,-5,55
-36,-5,53
-37,-5,52
-36,-5,52
-35,-5,53
-35,-5,53
-37,-5,53
-37,-3,53
-34,-2,54
-33,-3,55
-32,-4,56
-35,-5,54
-38,-4,51
-40,-4,49
-42,-4,47
-44,-4,46
-46,-5,46
-46,-5,46
-44,-4,47
-41,-3,48
-41,-3,48
-42,-2,48
-43,-3,48
-43,-4,48
-41,-3,49
-40,-4,50
-41,-5,50
-41,-5,50
-41,-5,49
-43,-4,48
-42,-4,48
-42,-4,48
-42,-4,48
-42,-4,48
-41,-3,49
-40,-3,50
-40,-4,51
-40,-4,50
-43,-4,48
-43,-4,47
-44,-4,47
-43,-4,47
-42,-3,48
-41,-2,49
-41,-3,49
-42,-4,48
-42,-3,48
-42,-4,48
-42,-4,48
-43,-4,48
-43,-4,48
-43,-4,48
-42,-4,48
-42,-4,48
-43,-4,48
-43,-4,48
-43,-4,48
-43,-4,48
-43,-4,48
-43,-4,48
-43,-3,48
-42,-4,48
-42,-4,48
-42,-3,48
-42,-4,48
-43,-4,48
-42,-4,48
-42,-4,48
-43,-4,48
-43,-4,48
-43,-4,48
-43,-4,48
-42,-4,48
-43,-4,47
-43,-4,47
-44,-4,47
-44,-4,47
-44,-4,47
-43,-4,47
-42,-4,48
-42,-3,48
-43,-4,47
-44,-4,47
-44,-4,47
-44,-3,46
-44,-3,46
-44,-3,47
-43,-4,47
-43,-4,48
-43,-4,48
-43,-5,48
-43,-4,48
-43,-4,48
-43,-4,48
-43,-4,47
-44,-4,47
-44,-4,47
-43,-4,48
-43,-3,48
-43,-3,48
-43,-4,47
-44,-3,47
-44,-3,47
-44,-3,47
-44,-4,47
-43,-4,47
-43,-4,48
-43,-4,48
-43,-4,47
-44,-4,47
-44,-4,47
-44,-4,47
-43,-4,47
-43,-4,48
-43,-4,48
-43,-4,48
-44,-4,47
-44,-4,47
-43,-4,47
-43,-4,48
-43,-4,47
-43,-4,47
-43,-4,47
-44,-4,47
-43,-4,47
-43,-4,47
-43,-3,47
-43,-4,47
-43,-4,48
-44,-4,47
-44,-4,47
-43,-4,48
-43,-4,48
-43,-3,48
-43,-4,48
-44,-4,48
-44,-3,47
-44,-3,47
-43,-4,49
-44,-4,47
-46,-4,46
-49,-5,46
-45,-4,47
-47,-4,46
-46,0,45
-46,2,45
-44,2,45
-45,4,44
-45,5,44
-43,8,46
-50,6,37
-87,-1,15
-72,1,18
-63,5,22
-62,8,24
-50,14,30
-44,21,31
-42,23,31
-45,27,31
-44,28,33
-46,33,37
-49,34,37
-55,39,29
-62,41,26
-60,39,24
-55,38,23
-51,35,20
-49,33,21
-45,33,24
-41,30,28
-40,29,30
-38,27,34
-38,26,36
-40,21,40
-42,18,41
-47,16,45
-47,14,46
-42,11,47
-42,11,46
-41,8,43
-39,8,41
-37,11,37
-38,13,36
-40,14,37
-45,20,39
-49,17,42
-48,6,45
-45,2,47
-45,3,52
-43,2,54
-40,-1,52
-39,-2,47
-27,-1,61
-21,-2,58
-2,0,59
-8,-4,75
-14,-4,73
-15,-1,71
-16,0,71
-17,2,60
-18,3,56
-33,3,55
-38,3,56
-45,2,49
-60,3,55
-53,3,49
-44,3,50
-45,3,47
-35,4,45
-30,5,49
-30,9,51
-27,9,52
-40,4,56
-39,4,52
-41,5,48
-41,7,50
-41,7,44
-44,10,37
-44,2,55
-43,1,52
-46,2,44
-51,3,47
-52,4,48
-47,2,46
-50,2,44
-53,1,35
-47,1,36
-40,4,36
-41,5,36
-43,5,31
-45,7,28
-61,4,26
-61,2,34
-62,0,31
-61,-3,22
-66,-3,21
-56,-5,34
-53,-4,39
-50,-5,42
-48,-5,46
-44,-5,50
-42,-6,49
-41,-8,50
-40,-8,53
-38,-8,56
-40,-9,57
-41,-10,57
-40,-12,55
-35,-9,54
-29,-5,52
-29,-4,50
-27,-2,54
-29,-2,54
-32,-3,56
-38,-5,52
-36,-5,53
-37,-6,53
-36,-5,54
-34,-6,55
-34,-5,55
-31,-5,55
-31,-5,55
-31,-4,53
-33,-4,53
-34,-4,55
-35,-5,55
-34,-7,56
-33,-7,56
-34,-9,54
-34,-9,54
-33,-8,55
-31,-8,56
-29,-8,57
-27,-8,56
-25,-7,55
-18,-6,55
-18,-7,57
-25,-10,58
-26,-13,63
-24,-14,64
-24,-14,65
-22,-14,64
-26,-11,59
-28,-9,57
-27,-10,58
-26,-11,56
-25,-8,54
-22,-7,56
-21,-8,56
-22,-8,56
-24,-9,58
-24,-10,59
-25,-11,58
-28,-12,57
-28,-12,56
-27,-11,56
-27,-10,57
-27,-9,57
-26,-10,58
-25,-9,58
-25,-10,58
-26,-9,57
-27,-10,57
-27,-10,57
-27,-10,58
-27,-10,57
-26,-9,57
-27,-9,57
-27,-10,57
-27,-10,57
-27,-10,57
-27,-9,57
-27,-9,57
-27,-9,57
-26,-10,56
-26,-9,57
-27,-9,58
-27,-9,57
-27,-10,57
-27,-9,57
-27,-9,57
-25,-9,57
-25,-9,57
-27,-9,57
-28,-9,56
-28,-9,57
-28,-10,57
-27,-10,57
-26,-10,57
-27,-11,57
-27,-11,58
-27,-11,57
-28,-11,56
-28,-10,56
-28,-10,57
-28,-9,57
-28,-9,57
-28,-9,57
-28,-10,56
-28,-10,56
-28,-10,56
-28,-10,56
-29,-10,56
-28,-11,56
-28,-11,56
-26,-11,55
-26,-11,55
-26,-10,56
-26,-11,57
-28,-12,56
-29,-13,54
-39,-13,50
-40,-14,49
-44,-13,51
-42,-12,52
-40,-10,50
-39,-10,50
-40,-9,50
-38,-10,52
-38,-10,52
-35,-11,52
-35,-11,51
-38,-10,50
-38,-10,51
-37,-11,52
-36,-11,52
-38,-10,52
-38,-10,52
-38,-10,52
-36,-10,52
-36,-10,52
-36,-10,52
-42,6,40
-36,-11,53
-35,-12,54
-34,-13,53
-33,-11,54
-33,-9,52
-33,-8,53
-34,-8,53
-34,-6,54
-34,-6,55
-33,-6,54
-33,-6,54
-33,-6,55
-34,-6,55
-34,-6,55
-33,-6,55
-34,-7,54
-33,-7,54
-34,-8,53
-33,-8,54
-32,-8,54
-33,-8,53
-34,-9,52
-33,-9,52
-33,-9,52
-34,-9,53
-34,-8,55
-34,-8,55
-35,-8,55
-35,-8,53
-35,-8,52
-35,-8,51
-36,-8,50
-36,-7,56
-34,-7,56
-34,-7,55
-33,-6,55
-33,-6,55
-33,-6,53
-33,-6,53
-32,-6,55
-32,-6,56
-34,-6,53
-35,-7,53
-35,-8,52
-35,-9,50
-35,-10,53
-35,-10,53
-36,-10,53
-36,-8,55
-35,-8,55
-34,-8,54
-34,-8,54
-33,-10,53
-32,-10,52
-32,-10,51
-31,-10,51
-32,-12,55
-34,-13,56
-36,-14,55
-33,-13,50
-33,-12,50
-35,-11,53
-36,-10,55
-37,-9,56
-36,-8,55
-33,-8,52
-33,-8,52
-33,-9,54
-34,-9,55
-34,-9,55
-33,-8,52
-33,-7,52
-33,-7,53
-34,-7,54
-35,-8,55
-35,-9,55
-35,-9,54
-35,-9,53
-35,-9,53
-35,-9,54
-35,-9,53
-36,-9,53
-49,-10,54
-20,-11,88
-45,-7,55
-20,-1,61
-14,0,59
-6,4,58
-5,5,58
-7,4,60
-9,3,59
-20,1,59
-33,0,59
-30,-2,63
-22,0,60
-23,0,58
-23,1,60
-26,0,59
-38,0,56
-41,2,53
-32,0,52
-30,-1,52
-34,-1,54
-34,-1,55
-33,-2,56
-33,-2,55
-33,-2,55
-33,-3,55
-33,-2,56
-32,-2,55
-31,-2,54
-31,-3,54
-32,-4,54
-32,-5,56
-32,-4,57
-31,-4,56
-31,-3,56
-30,-3,55
-31,-3,56
-31,-4,56
-29,-3,58
-28,-3,57
-27,-3,57
-27,-3,57
-28,-3,57
-28,-3,58
-29,-2,58
-29,-3,58
-29,-4,57
-27,-5,57
-27,-5,57
-27,-5,58
-27,-4,58
-27,-4,57
-27,-4,57
-27,-4,58
-27,-4,58
-27,-4,58
-28,-4,58
-28,-4,57
-28,-4,57
-28,-4,57
-28,-4,57
-28,-4,57
-29,-4,57
-29,-4,57
-29,-4,57
-29,-4,57
-29,-4,57
-29,-4,57
-28,-4,57
-28,-4,57
-28,-4,57
-28,-4,57
-28,-4,57
-28,-4,57
-28,-4,57
-28,-4,57
-28,-4,57
-29,-4,57
-29,-4,57
-29,-4,57
-29,-4,57
-28,-4,57
-29,-4,57
-29,-4,57
-29,-4,57
-28,-4,57
-28,-4,57
-29,-4,57
-29,-4,57
-29,-4,57
-29,-4,57
-29,-4,57
-29,-4,57
-29,-4,57
-29,-4,57
-29,-4,57
-29,-4,57
-29,-4,57
-29,-4,57
-29,-4,57
-29,-4,57
-29,-4,57
-29,-4,57
-29,-4,57
-29,-4,57
-29,-4,57
-29,-4,57
-28,-4,57
-28,-4,57
-29,-4,57
-29,-4,57
-29,-4,57
-28,-4,57
-28,-4,57
-29,-4,57
-29,-3,57
-29,-4,57
-29,-4,57
-30,-3,57
-29,-4,57
-30,-4,57
-29,-4,57
-27,-4,57
-27,-4,57
-27,-4,57
-29,-4,57
-29,-3,57
-28,-4,57
-28,-4,57
-29,-4,57
-29,-4,57
-29,-4,57
-29,-4,57
-29,-4,56
-29,-4,56
-29,-4,56
-29,-5,56
-29,-4,57
-29,-5,56
-29,-4,56
-29,-4,57
-29,-4,57
-29,-4,57
-30,-4,57
-29,-4,56
-29,-4,57
-29,-4,57
-29,-4,57
-29,-3,57
-28,-4,57
-28,-4,57
-29,-4,57
-28,-4,57
-29,-4,56
-28,-3,56
-27,-4,59
-26,-4,58
-27,-4,57
-29,-3,57
-25,-3,57
-25,-4,57
-21,-3,58
-24,-4,58
-33,-5,59
-31,-6,58
-31,-6,57
-33,-5,53
-35,-6,53
-33,-5,56
-32,-6,56
-32,-5,55
-32,-6,55
-32,-6,55
-32,-6,54
-33,-6,55
-32,-5,55
-32,-5,55
-32,-6,55
-32,-5,55
-32,-2,53
-31,-1,53
-30,-2,53
-31,-3,56
-33,-9,55
-34,-10,54
-36,-12,54
-36,-11,54
-35,-10,55
-33,-9,55
-32,-8,54
-32,-6,55
-32,-6,56
-31,-7,56
-30,-7,56
-30,-8,55
-29,-8,55
-31,-8,54
-32,-8,53
-33,-9,53
-35,-10,53
-35,-11,52
-37,-11,52
-37,-12,52
-39,-13,52
-39,-13,52
-37,-14,51
-34,-15,51
-34,-18,50
-37,-18,49
-36,-18,51
-34,-18,53
-35,-21,53
-38,-19,53
-46,-18,52
-40,-23,47
-22,-29,46
-44,-15,43
-50,-12,46
-42,-21,47
-41,-17,46
-27,-20,46
-29,-20,53
-35,-20,54
-27,-17,50
-30,-20,52
-23,-26,59
-17,-32,60
-15,-26,59
-9,-23,60
-15,-27,51
-15,-30,55
-7,-24,58
-4,-27,58
5,-33,57
2,-28,58
-5,-23,56
-10,-21,58
10,-42,59
22,-27,50
23,-29,49
12,-24,53
-9,-25,49
-21,-23,64
-18,-20,66
-11,-20,63
-9,-19,61
-12,-21,59
-12,-22,58
-3,-23,57
-4,-22,60
-3,-22,59
-7,-24,60
-6,-26,60
-1,-27,60
0,-30,58
-3,-23,59
-4,-22,57
-5,-22,59
-1,-24,57
-8,-28,59
-9,-26,59
-6,-30,58
-8,-31,57
-8,-28,57
-8,-25,59
-8,-25,59
-8,-25,56
-8,-24,57
-7,-25,58
-6,-25,58
-8,-24,57
-9,-23,57
-10,-24,58
-10,-24,57
-13,-24,58
-11,-25,59
-12,-25,58
-13,-24,58
-13,-24,58
-12,-24,57
-11,-24,58
-11,-24,58
-10,-24,58
-10,-25,58
-10,-25,58
-9,-24,58
-9,-24,58
-9,-24,58
-9,-24,58
-9,-24,58
-9,-25,58
-10,-25,57
-11,-25,58
-11,-25,58
-11,-25,58
-11,-25,58
-11,-25,58
-11,-25,58
-11,-25,58
-10,-25,57
-10,-25,57
-10,-25,57
-10,-25,57
-12,-24,57
-14,-25,57
-16,-25,58
-17,-24,58
-17,-25,58
-16,-25,58
-16,-25,56
-15,-25,55
-13,-25,58
-12,-25,59
-10,-24,58
-8,-25,56
-8,-25,56
-9,-26,56
-10,-26,57
-12,-27,58
-12,-27,58
-12,-26,58
-11,-26,57
-10,-26,56
-9,-26,55
-9,-26,57
-10,-26,57
-9,-26,57
-9,-26,57
-9,-26,58
-10,-26,59
-10,-25,59
-10,-25,58
-10,-25,58
-10,-25,58
-10,-25,58
-10,-25,58
-10,-25,57
-9,-25,58
-9,-25,58
-9,-25,58
-9,-25,58
-9,-24,58
-9,-24,58
-9,-23,58
-9,-24,59
-9,-24,58
-8,-24,59
-8,-24,59
-8,-24,58
-7,-25,57
-7,-25,58
-7,-25,58
-8,-25,58
-8,-25,58
-8,-24,58
-8,-24,58
-8,-24,58
-7,-24,58
-8,-24,58
-8,-24,58
-8,-25,58
-8,-25,59
-8,-24,58
-8,-24,58
-8,-24,58
-8,-24,58
-8,-24,58
-9,-24,58
-8,-24,59
-8,-24,58
-9,-24,58
-9,-24,58
-10,-25,58
-10,-25,58
-7,-26,57
-4,-26,60
-4,-26,60
-2,-23,61
-3,-22,62
-2,-21,60
-3,-20,59
2,-20,58
2,-21,57
7,-17,58
4,-21,58
11,-35,57
9,-19,61
7,-24,59
4,-27,58
-9,-18,60
-10,-19,60
-12,-18,60
-7,-15,62
-5,-20,63
-8,-21,60
-9,-20,57
-1,-17,62
1,-13,62
-3,-14,62
-5,-14,63
-7,-17,62
-12,-19,61
-15,-19,59
-16,-17,58
-15,-16,58
-15,-18,59
-17,-19,59
-18,-19,58
-15,-19,61
-10,-18,64
-11,-16,60
-9,-15,58
-7,-17,59
-5,-17,61
-6,-16,62
-6,-15,64
-6,-16,62
-6,-16,61
-5,-16,61
-5,-17,61
-5,-17,61
-5,-17,62
-4,-17,61
-4,-16,61
-4,-17,61
-3,-17,61
-3,-17,60
-2,-16,61
-2,-16,61
-2,-16,62
-2,-17,61
1,-18,61
4,-18,62
1,-21,60
0,-22,59
-1,-29,59
-5,-25,60
-4,-24,61
-5,-21,57
-2,-23,58
-3,-19,59
-1,-20,60
-1,-20,60
2,-18,61
4,-20,58
3,-19,57
5,-20,57
6,-21,58
8,-20,60
6,-20,60
5,-22,58
7,-21,59
6,-21,59
7,-22,59
9,-21,59
15,-20,60
12,-19,59
11,-20,57
11,-20,58
11,-18,59
9,-20,60
11,-19,59
13,-18,59
13,-19,60
13,-18,59
13,-19,59
13,-18,59
14,-18,59
14,-19,60
15,-18,59
12,-18,60
12,-19,60
11,-17,59
7,-19,58
-1,-20,59
-13,-19,59
-15,-20,60
-12,-20,60
-12,-20,59
-13,-19,60
-12,-18,61
-6,-19,61
-4,-18,60
0,-18,60
-1,-18,59
-2,-18,59
-3,-19,60
-3,-19,61
-5,-19,61
-5,-19,61
-6,-19,60
-6,-19,61
-4,-19,61
-4,-19,61
-4,-18,61
-5,-19,61
-5,-19,60
-4,-19,61
-5,-18,61
-5,-18,61
-5,-18,61
-5,-18,60
-5,-18,60
-6,-19,60
-6,-19,61
-7,-19,61
-6,-19,61
-6,-19,61
-6,-19,60
-6,-18,60
-6,-18,60
-5,-18,60
-6,-18,61
-6,-18,61
-6,-18,61
-6,-18,61
-5,-18,61
-5,-18,61
-6,-18,60
-6,-18,61
-6,-18,61
-6,-18,61
-6,-18,61
-7,-18,60
-7,-18,61
-7,-18,61
-7,-18,61
-7,-18,61
-7,-18,61
-7,-18,61
-7,-18,61
-7,-18,61
-7,-18,61
-7,-18,60
-7,-18,61
-7,-18,60
-7,-18,61
-8,-17,61
-7,-18,61
-7,-18,61
-7,-17,61
-8,-17,61
-8,-17,61
-8,-17,61
-7,-17,61
-7,-18,61
-8,-17,60
-9,-17,61
-8,-17,61
-8,-17,61
-8,-17,61
-8,-17,61
-8,-18,61
-8,-18,61
-8,-17,61
-8,-17,61
-8,-17,61
-8,-17,61
-7,-18,61
-9,-17,60
-8,-18,61
-7,-17,61
-8,-17,61
-9,-17,61
-8,-18,61
-8,-17,61
-8,-17,61
-8,-17,61
-9,-17,61
-8,-17,61
-8,-17,61
-8,-17,61
-9,-17,61
-8,-17,61
-8,-17,61
-8,-17,61
-8,-17,61
-8,-18,61
-8,-17,61
-8,-17,61
-8,-18,61
-8,-17,61
-8,-17,61
-8,-17,61
-9,-17,61
-8,-18,61
-7,-17,61
-9,-17,61
-9,-17,61
-9,-17,60
-8,-17,61
-8,-17,61
-9,-17,61
-9,-17,61
-8,-17,61
-8,-17,61
-8,-17,60
-9,-17,60
-8,-17,61
-9,-17,60
-8,-17,61
-8,-17,60
-8,-17,60
-9,-17,61
-8,-17,61
-8,-17,61
-8,-17,61
-9,-17,60
-9,-17,61
-8,-17,61
-8,-18,61
-9,-17,61
-8,-17,61
-8,-17,61
-8,-17,60
-9,-17,60
-8,-17,61
-8,-17,61
-8,-17,61
-9,-17,61
-9,-17,61
-8,-17,61
-8,-17,61
-9,-17,60
-8,-17,61
-8,-17,61
-8,-17,61
-9,-17,61
-8,-17,61
-9,-17,61
-9,-17,61
-8,-17,61
-8,-17,61
-9,-17,60
-9,-17,61
-8,-17,61
-8,-17,61
-8,-17,61
-8,-17,61
-8,-17,61
-8,-17,61
-8,-17,61
-8,-17,61
-8,-17,61
-8,-17,61
-8,-17,61
-8,-17,61
-8,-17,61
-8,-17,61
-8,-17,61
-8,-17,61
-9,-17,60
-8,-17,61
-8,-17,61
-8,-17,61
-8,-17,61
-9,-17,61
-8,-17,61
-8,-17,61
-8,-17,61
-9,-17,61
-8,-17,60
-8,-17,61
-8,-17,61
-9,-17,61
-8,-17,61
-8,-17,61
-8,-17,60
-8,-17,61
-8,-17,61
-8,-17,61
-8,-17,61
-8,-17,61
-8,-17,61
-8,-17,61
-8,-17,61
-8,-17,61
-8,-17,61
-8,-17,61
-9,-18,61
-10,-18,61
-15,-20,63
-19,-23,65
-5,-28,65
6,-30,64
23,-33,67
29,-28,67
29,-29,68
25,-23,70
28,-21,68
28,-13,59
32,-8,55
16,1,51
5,1,50
-4,1,31
-15,2,28
-50,-6,44
-51,-8,50
-45,0,60
-66,7,49
-67,5,47
-47,13,55
-42,14,54
-46,14,54
-40,14,54
-34,16,57
-33,12,56
-30,2,55
-29,2,55
-22,2,61
-21,-1,61
-27,-4,58
-26,-7,57
-23,-5,59
-19,-5,63
-20,-5,64
-22,-2,60
-24,-2,59
-23,-2,60
-24,-2,59
-24,-2,58
-27,-2,58
-29,-3,57
-30,-2,57
-30,-2,57
-30,-2,57
-30,-2,57
-28,-1,57
-28,-1,57
-29,-2,57
-29,-2,57
-30,-2,57
-29,-2,57
-28,-2,57
-27,-1,57
-29,-1,57
-29,-1,57
-29,-2,57
-28,-1,57
-28,-2,57
-29,-1,57
-29,-1,57
-28,-1,58
-28,-1,57
-28,-1,57
-28,-2,57
-28,-1,58
-29,-1,57
-28,-2,58
-28,-1,57
-29,-2,57
-28,-2,57
-28,-1,57
-28,-2,57
-29,-1,57
-28,-1,57
-28,-1,57
-29,-1,57
-29,-2,57
-28,-1,57
-28,-1,57
-29,-1,57
-28,-1,57
-28,-1,57
-28,-2,57
-28,-2,57
-29,-2,57
-28,-2,57
-28,-1,58
-28,-2,57
-29,-1,58
-28,-2,57
-28,-2,57
-28,-1,58
-28,-1,57
-28,-1,57
-28,-2,57
-28,-1,57
-28,-2,57
-28,-1,58
-29,-1,57
-28,-1,57
-28,-1,57
-28,-1,57
-28,-2,57
-28,-2,57
-28,-2,57
-28,-1,58
-28,-1,57
-28,-2,57
-28,-1,57
-28,-2,58
-28,-2,57
-28,-2,58
-28,-1,57
-28,-2,57
-29,-1,57
-29,-2,57
-28,-1,57
-28,-1,57
-28,-2,57
-29,-2,57
-28,-1,57
-28,-1,57
-28,-1,57
-28,-1,57
-28,-1,57
-28,-1,57
-28,-1,57
-28,-1,58
-28,-1,58
-28,-2,58
-28,-1,57
-28,-1,57
-28,-1,57
-27,-1,57
-28,-1,57
-28,-1,57
-28,-1,57
-29,-1,56
-26,1,57
-24,1,59
-24,5,58
-23,4,58
-24,2,59
-30,-4,56
-31,-4,54
-36,-7,55
-39,-10,57
-35,-6,55
-32,-6,55
-25,-5,60
-23,-3,59
-27,-4,58
-28,-6,57
-23,-8,59
-26,-9,58
-27,-9,58
-24,-4,58
-22,-4,60
-23,-4,59
-28,-4,58
-30,-4,57
-31,-4,56
-27,-4,58
-27,-4,58
-26,-3,58
-27,-4,58
-26,-3,58
-24,-3,59
-25,-3,59
-27,-4,58
-27,-4,58
-27,-4,58
-27,-4,58
-26,-3,58
-26,-3,58
-28,-4,57
-27,-4,58
-26,-3,58
-26,-3,58
-27,-4,58
-27,-4,58
-27,-4,58
-26,-3,58
-26,-4,58
-27,-4,58
-27,-4,58
-25,-3,58
-26,-4,58
-27,-4,58
-27,-4,58
-26,-4,58
-26,-4,58
-27,-4,58
-26,-4,58
-26,-4,58
-26,-4,58
-26,-3,58
-26,-4,58
-27,-4,58
-26,-4,58
-26,-3,58
-27,-4,58
-26,-4,58
-26,-4,58
-26,-4,58
-26,-4,58
-26,-4,58
-27,-4,58
-26,-4,58
-26,-3,58
-26,-4,58
-26,-4,58
-26,-4,58
-26,-4,58
-26,-3,58
-26,-4,58
-27,-4,58
-26,-4,58
-26,-3,58
-27,-3,58
-26,-3,58
-28,-4,58
-27,-4,57
-25,-3,57
-24,-3,60
-26,-4,59
-29,-3,56
-26,-3,58
-26,-4,58
-27,-4,58
-27,-4,58
-28,-4,57
-26,-3,58
-27,-4,58
-27,-4,58
-27,-3,57
-27,-4,58
-27,-4,58
-27,-4,58
-27,-4,58
-27,-4,57
-27,-4,58
-27,-4,58
-28,-4,58
-28,-4,57
-28,-3,57
-28,-4,57
-28,-3,58
-27,-4,58
-29,-4,57
-29,-3,57
-29,-3,57
-28,-3,57
-30,-3,56
-30,-3,56
-30,-3,56
-31,-2,56
-31,-3,56
-30,-4,56
-30,-3,57
-29,-4,57
-28,-5,57
-28,-3,57
-28,-4,57
-28,-4,57
-28,-4,58
-29,-4,58
-27,-5,57
-27,-5,57
-26,-4,58
-27,-4,58
-26,-4,58
-26,-4,58
-29,-4,57
-28,-4,58
-27,-4,57
-27,-4,57
-28,-4,57
-28,-4,57
-28,-4,57
-28,-5,57
-28,-4,57
-28,-4,57
-26,-4,58
-28,-4,57
-29,-4,57
-27,-4,57
-28,-4,58
-28,-4,57
-28,-4,57
-27,-4,57
-27,-4,58
-27,-4,58
-26,-4,58
-29,-4,57
-27,-4,58
-27,-4,57
-28,-4,57
-28,-4,57
-27,-4,57
-28,-4,57
-28,-4,58
-28,-4,58
-28,-4,57
-28,-4,57
-28,-4,57
-28,-4,57
-28,-4,57
-28,-4,57
-28,-4,57
-28,-4,57
-30,-4,57
-30,-4,56
-28,-3,57
-29,-4,57
-31,-4,56
-32,-6,57
-31,-6,57
-37,-8,57
-43,-7,58
-39,-5,55
-36,4,55
-34,7,54
-35,10,51
-36,11,50
-28,13,55
-24,12,56
-17,11,56
-15,10,57
-10,6,57
-11,6,63
-12,4,63
-13,0,63
-12,-3,63
-16,-7,61
-19,-9,63
-19,-12,62
-18,-13,60
-12,-18,54
-16,-19,54
-9,-20,53
-16,-32,41
11,-20,47
36,-11,63
12,-20,43
33,-25,41
57,-54,98
42,-26,47
37,-29,47
23,-11,65
21,-12,65
23,-14,56
24,-14,55
26,-13,57
26,-14,56
25,-14,55
25,-13,56
26,-13,57
26,-13,57
25,-13,54
25,-13,56
25,-14,56
28,-13,52
25,-13,56
26,-13,56
27,-13,56
23,-14,59
18,-14,57
19,-12,56
13,-15,61
15,-20,60
50,-6,39
36,-8,50
22,-13,61
29,-11,59
24,-11,56
23,-10,55
21,-11,56
23,-12,58
24,-11,60
19,-17,64
26,-16,63
29,-7,59
22,-8,56
21,-11,55
24,-14,56
27,-15,56
27,-15,58
26,-15,54
26,-17,54
26,-17,55
27,-18,54
28,-16,52
27,-17,55
25,-18,55
27,-20,55
29,-20,54
25,-18,52
23,-20,52
26,-21,54
23,-21,55
22,-21,54
24,-20,51
29,-22,55
24,-29,64
16,-11,67
22,-11,58
24,-12,62
31,-13,80
22,-14,62
18,-17,59
5,-7,59
-6,-6,62
1,3,59
-3,-1,62
-27,-7,54
-29,-16,56
-26,-23,57
-14,-22,59
-16,-8,51
1,-21,82
-17,-19,65
-23,-25,56
-34,-29,47
-33,-29,56
-31,-34,61
-30,-36,52
-30,-40,37
-32,-42,35
-38,-45,24
-43,-46,15
-49,-51,10
-46,-58,23
-36,-59,28
-31,-53,17
-28,-48,12
-30,-48,9
-29,-51,11
-26,-61,6
-23,-62,4
-20,-64,-1
-2,-60,-4
6,-59,2
-6,-67,3
-16,-62,6
-25,-59,4
-24,-61,5
-11,-62,15
-11,-64,11
-20,-59,10
-6,-59,26
-16,-55,17
-28,-58,5
-22,-67,-8
-10,-68,-4
-11,-67,-7
-18,-69,-9
2,-67,5
-23,-66,-12
-14,-60,-8
-28,-60,-14
-34,-54,-23
-20,-48,-14
-24,-50,-22
-31,-50,-33
-29,-55,-29
-37,-49,-18
-37,-52,-26
-31,-53,-26
-36,-38,4
-37,-57,-13
-33,-57,-2
-10,-61,0
-23,-62,-7
-29,-59,0
-32,-62,0
-31,-63,-12
-39,-63,-18
-29,-60,-16
-30,-61,-28
-39,-59,-22
-41,-58,-21
-34,-54,-17
-35,-51,-21
-42,-49,-21
-36,-48,-21
-37,-44,-21
-36,-42,-19
-32,-33,-21
-25,-36,-15
-21,-34,-15
-24,-41,-21
-48,-46,-22
-28,-48,-11
-15,-49,-9
-73,-60,-23
-74,-59,-16
-30,-54,2
-26,-62,7
-25,-57,11
-28,-55,9
-25,-55,0
-49,-50,-9
-35,-42,-22
-14,-57,-21
-18,-64,-30
-40,-32,-47
-40,-34,-44
-33,-38,-36
-34,-36,-31
-38,-44,-38
-42,-46,-43
-26,-51,-37
-24,-54,-35
-27,-53,-34
-30,-53,-37
-26,-48,-38
-25,-50,-30
-28,-46,-34
-25,-43,-36
-16,-41,-34
-10,-59,-19
-18,-67,-19
-33,-50,-45
-33,-44,-53
-18,-45,-50
-12,-49,-38
10,-59,-17
36,-83,50
39,-81,30
-59,-65,-90
-81,-31,-107
-50,-24,-48
-36,-62,-34
-23,-107,-8
-5,-109,17
20,-82,20
5,-84,-10
-18,-73,-37
-2,-58,-41
-42,-39,-45
-50,-25,-51
-46,-31,-51
-29,-40,-51
20,-63,-36
1,-56,-31
-3,-59,-34
-14,-56,-22
-16,-55,-23
-13,-53,-29
-12,-56,-35
-12,-48,-55
-19,-46,-66
-19,-37,-70
-27,-37,-56
-17,-47,-44
-21,-45,-43
-15,-43,-40
-19,-40,-43
-23,-41,-48
-14,-42,-51
-19,-37,-59
-38,-43,-61
-44,-50,-58
-18,-59,-25
-17,-57,-20
-25,-51,-17
-47,-40,-28
-50,-30,-34
-48,-27,-37
-43,-30,-35
-35,-39,-31
-28,-35,-41
-32,-38,-39
-27,-48,-25
-16,-44,-28
-26,-51,-30
-31,-52,-39
-35,-53,-37
-29,-51,-32
-31,-45,-35
-29,-44,-37
-31,-34,-35
-34,-28,-29
-51,-24,-38
-48,-29,-32
-32,-35,-19
-38,-33,-30
-44,-37,-48
-45,-46,-43
-31,-51,-38
-34,-54,-46
-39,-55,-41
-19,-52,-15
-31,-46,-17
-42,-39,-13
-27,-38,-2
-48,-35,-14
-49,-35,-12
-55,-38,-7
-59,-41,9
-62,-47,21
-56,-48,22
-43,-50,22
-40,-47,21
-55,-34,21
-25,-49,18
-31,-49,21
-24,-44,29
-23,-43,33
-33,-54,37
-35,-54,41
-24,-49,40
-38,-52,22
-48,-51,13
-40,-42,17
-29,-33,26
-34,-53,24
-38,-57,25
-44,-57,15
-48,-59,6
-34,-57,3
-25,-58,6
-35,-58,-1
-46,-53,-6
-64,-50,-9
-61,-52,-3
-55,-51,-11
-68,-46,-23
-73,-45,-20
-48,-43,10
-51,-44,10
-60,-39,13
-63,-36,13
-69,-27,11
-77,-27,8
-68,-27,9
-61,-23,11
-62,-11,11
-63,-10,10
-51,-7,13
-56,0,12
-58,-1,13
-46,-3,16
-40,-5,21
-63,-6,10
-62,-6,8
-38,-15,20
-45,-14,21
-47,-31,29
-58,-26,21
-31,-31,12
-40,-22,11
-74,-23,14
-71,-10,19
-73,-7,22
-67,-12,24
-63,-13,23
-59,-15,20
-58,-16,20
-57,-16,20
-56,-16,22
-57,-13,23
-59,-12,23
-61,-10,22
-60,-9,22
-59,-9,22
-60,-10,21
-61,-10,20
-61,-10,21
-62,-11,21
-63,-11,21
-63,-12,21
-63,-13,20
-61,-14,20
-59,-14,19
-59,-14,19
-60,-14,19
-62,-14,18
-62,-14,18
-60,-16,19
-60,-17,20
-59,-18,22
-60,-18,22
-59,-19,22
-58,-19,22
-57,-19,23
-57,-19,24
-59,-22,25
-60,-22,25
-58,-21,25
-58,-20,26
-61,-17,29
-64,-23,27
-66,-22,25
-59,-16,31
-49,-17,36
-47,-20,37
-47,-19,36
-37,-19,41
-32,-19,41
-28,-21,52
-21,-23,54
-15,-26,51
-16,-23,57
-17,-25,61
-7,-26,61
-5,-24,59
-7,-22,58
-4,-24,62
-1,-24,58
0,-24,58
3,-22,60
2,-22,63
4,-21,62
7,-19,62
6,-19,62
8,-18,62
9,-17,62
11,-17,61
13,-16,62
12,-14,63
13,-12,63
16,-12,61
17,-12,59
14,-11,61
13,-10,61
17,-7,58
17,-5,57
17,-4,58
16,-1,60
16,0,60
18,0,58
18,0,58
17,2,60
16,2,61
18,4,59
18,4,59
16,5,60
16,7,62
16,7,62
16,7,62
16,8,62
15,9,62
14,8,61
15,10,60
15,10,60
15,11,59
15,11,59
15,11,58
16,12,58
16,12,59
16,12,59
16,13,59
16,14,59
17,14,58
18,15,57
16,15,57
16,16,58
16,16,58
16,18,57
16,18,57
15,18,57
16,19,55
14,20,56
13,20,56
14,20,56
13,21,56
12,20,56
14,21,55
13,21,55
13,20,55
14,21,54
13,20,56
12,20,55
14,20,55
13,19,55
13,19,54
13,18,53
11,17,53
11,16,53
11,14,52
10,13,51
10,13,52
8,10,54
7,8,55
7,6,56
5,5,59
3,1,61
2,0,61
-1,-5,65
-5,-10,62
-7,-13,58
-9,-19,55
-9,-19,56
-10,-21,61
-10,-22,65
-13,-26,68
-13,-28,66
-11,-28,68
-13,-28,70
-12,-27,73
-13,-28,72
-13,-30,70
-11,-31,68
-15,-31,65
-12,-32,60
-11,-34,58
-11,-35,56
-10,-36,56
-12,-35,54
-12,-35,54
-12,-35,52
-12,-35,52
-11,-34,52
-15,-34,54
-13,-33,54
-4,-33,53
-11,-35,52
-25,-32,56
-19,-32,56
-14,-32,54
-18,-31,56
-16,-32,55
-18,-32,56
-20,-31,54
-21,-30,53
-20,-30,51
-19,-30,50
-17,-30,50
-16,-30,50
-16,-30,51
-15,-30,51
-14,-29,51
-15,-31,52
-15,-30,52
-16,-31,52
-17,-31,52
-17,-31,52
-18,-30,53
-17,-30,53
-17,-30,53
-17,-30,53
-18,-30,53
-18,-30,52
-17,-30,51
-18,-31,51
-17,-31,51
-18,-31,53
-18,-31,54
-18,-30,55
-18,-30,55
-19,-30,54
-19,-30,53
-20,-30,52
-20,-30,52
-21,-30,51
-21,-30,51
-22,-31,51
-22,-31,52
-23,-30,53
-24,-30,54
-25,-30,57
-24,-30,58
-24,-28,60
-23,-27,59
-22,-27,61
-22,-25,64
-20,-25,66
-18,-23,67
-18,-22,66
-17,-20,63
-16,-20,61
-15,-19,59
-15,-18,58
-13,-17,56
-12,-16,56
-11,-14,53
-10,-13,53
-10,-13,52
-12,-12,52
-11,-12,53
-11,-10,54
-12,-9,55
-11,-9,57
-19,-9,60
-16,-8,60
-15,-8,61
-13,-10,65
-13,-11,67
-12,-12,69
-12,-12,70
-13,-13,69
-12,-14,64
-11,-14,63
-10,-14,59
-9,-14,58
-10,-13,58
-8,-14,58
-8,-15,58
-7,-15,58
-7,-15,59
-8,-14,59
-6,-14,59
-4,-14,60
-1,-15,61
-6,-14,64
-8,-14,65
-4,-14,64
-6,-13,64
-9,-14,61
-7,-15,58
3,-14,53
-5,-13,54
2,-17,55
3,-18,53
2,-19,53
9,-22,57
9,-22,58
5,-24,60
6,-26,65
9,-29,67
5,-30,65
13,-28,65
19,-29,63
4,-31,59
0,-30,58
4,-28,58
-8,-28,59
-11,-27,57
-26,-22,56
-20,-21,60
-18,-17,57
-20,-16,56
-20,-17,58
-21,-16,61
-17,-15,60
-20,-14,58
-20,-13,60
-22,-11,58
-24,-10,57
-25,-6,61
-23,-5,62
-19,-2,60
-20,-2,60
-14,-2,61
-19,0,62
-19,1,61
-12,0,61
-20,1,62
-22,4,62
-12,6,63
20,-6,56
9,-5,61
-12,4,59
-10,7,59
-7,7,61
-7,7,60
-7,8,65
-4,8,64
-7,10,62
-7,11,63
-6,11,62
-8,12,62
-3,11,62
-3,13,62
-6,13,62
-4,12,62
-2,12,61
2,11,61
4,11,63
3,13,63
3,13,63
4,12,63
6,12,63
7,11,64
7,11,65
9,11,64
11,10,62
10,10,60
9,9,61
10,9,60
9,6,62
10,8,62
12,8,60
12,8,59
12,7,56
11,6,52
8,8,58
7,9,61
5,9,62
1,9,61
4,9,59
5,6,59
3,8,58
-3,15,59
-5,14,60
-7,14,60
-9,13,61
-13,13,58
-17,15,60
-22,14,63
-25,11,64
-26,10,65
-27,10,64
-27,9,62
-29,8,58
-30,7,56
-33,7,55
-35,6,56
-40,5,59
-41,5,59
-37,5,59
-34,6,57
-33,6,55
-33,8,53
-33,8,52
-33,11,53
-31,12,52
-27,14,52
-26,15,53
-26,16,53
-27,16,53
-28,18,54
-28,19,54
-28,20,55
-27,20,54
-26,20,53
-26,20,54
-27,20,54
-27,21,54
-27,21,54
-26,22,54
-26,22,54
-26,22,54
-26,22,54
-26,22,54
-26,22,54
-26,23,54
-26,23,55
-26,23,55
-26,22,55
-26,21,55
-26,21,55
-26,21,55
-26,20,55
-26,21,55
-26,21,55
-26,21,55
-26,22,55
-26,22,55
-25,21,55
-24,20,53
-25,21,55
-24,21,54
-24,21,55
-24,20,55
-24,20,55
-24,20,56
-24,21,55
-24,20,55
-23,20,55
-24,20,55
-23,21,56
-23,21,56
-24,21,56
-24,21,56
-24,21,56
-24,21,57
-24,21,57
-24,21,56
-23,21,56
-23,21,55
-23,20,55
-23,20,55
-22,20,55
-22,20,56
-22,20,56
-22,19,55
-22,19,55
-22,18,55
-22,18,56
-22,17,56
-22,17,57
-23,17,57
-23,17,57
-23,17,58
-23,16,57
-24,16,58
-24,15,58
-25,15,58
-25,14,58
-26,14,57
-26,14,57
-26,13,58
-25,13,58
-25,13,59
-25,13,58
-25,13,59
-24,12,59
-25,12,59
-25,12,59
-24,11,59
-24,10,58
-23,9,57
-23,9,57
-23,9,57
-23,8,57
-23,9,57
-23,9,58
-23,9,58
-22,9,59
-22,9,58
-22,9,58
-23,9,57
-23,9,57
-23,9,57
-24,9,57
-24,8,58
-24,8,56
-25,9,59
-25,9,58
-25,9,58
-25,9,58
-25,9,58
-25,9,59
-23,9,60
-23,8,61
-22,8,62
-21,7,62
-19,7,65
-21,7,67
-19,6,63
-20,5,61
-20,3,56
-19,2,55
-17,0,57
-17,-1,59
-14,-3,62
-18,-3,59
-18,-4,57
-19,-4,56
-19,-5,56
-17,-5,58
-16,-6,62
-18,-5,68
-21,-5,68
-23,-5,63
-23,-4,60
-22,-3,58
-20,-4,58
-16,-5,63
-23,-4,68
-25,-3,67
-23,-3,57
-23,-2,55
-22,0,53
-20,1,53
-16,1,55
-11,1,63
-24,2,73
-25,4,71
-20,2,61
-22,1,55
-19,1,53
-16,2,53
-13,1,55
-19,1,67
-24,2,71
-22,3,64
-20,3,60
-19,4,54
-17,5,52
-14,5,51
-14,4,53
-15,4,66
-24,7,71
-21,7,68
-19,4,63
-18,3,62
-14,3,58
-13,3,57
-14,4,58
-14,4,58
-15,5,60
-15,5,62
-16,6,65
-18,6,66
-15,6,65
-15,4,62
-15,4,61
-16,3,60
-17,3,60
-17,2,61
-17,2,62
-17,3,62
-17,3,62
-16,2,60
-17,2,60
-17,2,61
-17,2,61
-17,2,61
-18,2,62
-18,2,62
-19,2,62
-19,2,62
-19,2,61
-19,2,61
-18,2,60
-19,2,60
-18,2,60
-18,2,61
-17,2,63
-18,2,63
-18,2,64
-18,2,63
-18,2,62
-17,2,60
-17,2,59
-16,2,60
-15,3,60
-16,3,61
-16,3,62
-16,4,63
-16,3,63
-16,3,63
-16,3,61
-16,2,61
-16,2,60
-16,2,60
-16,1,61
-15,1,61
-15,1,62
-15,1,62
-14,1,63
-14,1,63
-15,2,62
-15,2,61
-15,3,61
-16,2,61
-16,1,61
-16,1,61
-17,1,61
-17,1,61
-18,1,61
-18,1,62
-18,1,62
-18,2,62
-18,2,63
-18,2,63
-17,2,62
-17,2,62
-18,2,61
-18,2,61
-18,2,61
-19,1,61
-18,2,60
-18,2,60
-19,2,60
-18,2,61
-18,2,61
-18,2,61
-18,3,61
-18,3,61
-18,3,62
-18,3,62
-17,3,62
-17,2,62
-17,2,62
-17,2,62
-17,2,61
-17,2,61
-17,2,61
-17,2,61
-16,2,61
-16,3,62
-16,3,61
-16,3,61
-16,3,62
-16,3,62
-16,3,62
-16,3,62
-16,3,61
-16,3,61
-16,4,61
-16,4,61
-16,3,61
-16,3,61
-16,3,61
-17,3,61
-17,3,61
-17,2,61
-17,2,61
-17,2,61
-17,2,61
-17,2,62
-17,2,62
-16,2,62
-17,2,61
-17,2,62
-16,2,62
-16,2,62
-16,2,62
-16,2,61
-17,2,61
-17,2,61
-17,2,61
-17,2,61
-17,1,62
-17,1,62
-17,1,62
-17,1,62
-17,1,62
-17,1,62
-16,1,61
-16,1,61
-17,1,61
-16,1,61
-17,1,61
-17,1,61
-17,1,61
-17,1,61
-17,1,61
-17,1,61
-17,1,61
-17,1,61
-17,1,61
-17,1,61
-17,1,61
-17,1,61
-17,1,61
-17,1,61
-18,1,61
-18,2,61
-18,1,61
-18,1,61
-18,1,61
-18,2,61
-18,1,61
-18,2,61
-17,2,61
-17,2,61
-18,1,61
-17,1,61
-17,2,61
-17,2,62
-17,2,62
-17,2,61
-17,2,61
-17,2,62
-17,1,62
-16,1,61
-16,1,62
-16,1,61
-16,1,61
-16,1,61
-16,1,61
-16,1,62
-15,2,62
-15,2,62
-16,2,62
-15,2,62
-16,2,61
-15,2,62
-15,2,62
-15,2,62
-15,3,62
-15,3,62
-15,3,61
-15,3,61
-15,3,61
-15,3,62
-15,3,62
-15,2,62
-16,2,62
-15,2,62
-16,3,62
-15,3,62
-15,3,62
-15,3,62
-14,3,62
-14,3,62
-14,3,62
-14,3,61
-15,3,62
-15,3,62
-15,2,61
-15,2,61
-15,2,61
-16,2,61
-16,3,61
-16,3,61
-16,3,62
-16,3,62
-16,3,62
-16,3,62
-16,3,62
-16,3,62
-16,3,61
-16,3,61
-16,3,62
-16,3,62
-16,2,62
-16,2,61
-16,2,61
-17,2,61
-17,2,62
-17,2,62
-17,2,62
-17,2,62
-17,2,62
-17,2,61
-17,2,62
-17,2,61
-17,2,61
-17,2,61
-17,2,61
-17,2,61
-17,2,62
-17,2,62
-17,2,61
-17,2,61
-17,2,61
-17,2,62
-16,2,62
-17,2,62
-16,2,61
-16,2,61
-17,2,61
-16,2,61
-16,1,62
-16,1,61
-16,1,62
-16,1,61
-16,1,62
-16,2,62
-16,2,61
-16,2,62
-16,1,62
-16,1,62
-16,2,62
-16,1,62
-16,2,61
-16,1,62
-16,1,62
-16,1,62
-16,1,61
-16,2,61
-16,1,62
-16,1,62
-16,2,62
-16,2,62
-16,1,62
-16,1,62
-16,1,62
-16,2,62
-16,1,62
-16,1,62
-16,2,61
-16,1,62
-16,1,62
-16,1,62
-16,1,62
-16,2,62
-16,1,62
-16,1,61
-16,1,61
-16,2,61
-16,2,62
-16,2,62
-16,1,61
-16,2,62
-16,2,61
-16,2,61
-16,2,62
-16,1,62
-16,1,62
-16,1,62
-16,2,62
-16,2,62
-16,2,61
-16,2,62
-16,2,62
-16,2,62
-16,2,62
-16,2,62
-16,2,62
-16,2,62
-16,2,62
-16,2,62
-17,2,62
-16,2,62
-16,2,62
-17,2,62
-16,2,62
-16,2,61
-17,2,61
-17,2,62
-17,1,62
-17,2,62
-17,2,62
-17,2,61
-17,1,62
-16,1,61
-16,2,62
-17,2,62
-16,1,62
-16,2,62
-16,2,62
-16,2,61
-16,2,61
-16,2,61
-16,2,61
-16,2,62
-16,2,62
-16,1,62
-16,2,62
-16,2,62
-16,2,61
-16,2,62
-16,2,62
-16,1,62
-16,2,62
-16,2,62
-16,2,62
-16,2,62
-16,2,62
-16,2,62
-16,2,62
-16,2,62
-16,2,62
-16,2,62
-16,2,62
-16,2,62
-16,2,62
-16,2,62
-16,2,62
-16,2,62
-16,2,62
-16,2,62
-15,2,62
-15,2,62
-16,2,62
-16,2,62
-16,2,62
-16,2,62
-16,2,62
-16,2,62
-15,2,62
-15,2,62
-16,2,62
-15,2,62
-15,2,62
-16,2,62
-16,2,62
-16,2,61
-16,2,62
-16,2,61
-16,2,61
-16,2,61
-16,2,61
-16,2,61
-16,2,61
-16,2,61
-16,2,62
-16,2,62
-16,2,62
-16,2,62
-16,2,62
-16,2,62
-17,2,62
-17,2,61
-17,2,61
-17,2,61
-17,2,62
-17,2,62
-17,2,62
-17,2,62
-17,2,62
-17,2,61
-17,2,62
-17,2,62
-17,1,62
-17,1,61
-17,2,62
-17,2,62
-17,2,61
-17,2,62
-17,2,62
-17,2,62
-17,2,62
-17,2,62
-17,2,61
-17,2,61
-16,2,61
-16,2,61
-16,2,62
-16,2,62
-16,2,61
-16,2,61
-16,2,61
-16,2,61
-16,2,62
-16,2,62
-16,2,62
-16,2,62
-16,2,62
-16,2,62
-16,2,62
-16,2,62
-16,2,61
-16,2,62
-16,2,62
-15,2,62
-15,2,62
-15,2,62
-15,2,62
-15,2,62
-15,2,62
-15,2,62
-15,2,62
-15,2,62
-15,2,62
-15,2,62
-15,2,62
-15,2,62
-15,2,62
-15,2,62
-15,2,62
-15,2,62
-15,2,62
-15,2,62
-15,2,61
-15,2,62
-15,2,61
-16,2,62
-16,2,62
-16,2,61
-16,2,62
-16,2,62
-16,2,62
-16,2,62
-16,2,62
-16,2,62
-16,2,62
-16,2,62
-16,1,62
-17,2,62
-17,2,62
-17,2,62
-17,2,62
-17,2,62
-17,2,62
-17,2,61
-17,2,62
-16,2,62
-17,1,62
-17,2,62
-16,1,62
-17,2,62
-17,2,62
-16,2,61
-16,2,62
-16,2,62
-16,2,62
-16,2,62
-16,2,62
-17,1,62
-16,2,62
-16,1,62
-16,2,62
-16,2,62
-16,2,62
-16,2,62
-16,2,62
-16,2,61
-16,2,61
-16,1,62
-16,1,62
-16,1,62
-16,1,62
-16,1,62
-16,1,62
-16,1,61
-15,2,61
-15,1,62
-16,1,62
-16,1,62
-15,1,62
-16,1,62
-16,1,62
-15,1,62
-16,1,62
-15,1,62
-15,1,62
-16,1,62
-15,1,62
-15,1,62
-15,1,62
-16,1,62
-16,1,62
-15,1,62
-15,1,62
-16,1,62
-15,1,62
-15,1,62
-15,1,62
-15,1,62
-15,1,62
-15,1,62
-15,1,62
-15,1,62
-15,1,62
-15,1,62
-15,1,62
-15,1,62
-15,1,62
-16,1,62
-16,1,62
-15,2,62
-15,1,62
-16,2,61
-16,1,62
-16,1,61
-16,1,61
-16,1,61
-16,1,62
-16,1,62
-16,2,62
-16,2,62
-16,2,62
-16,1,62
-16,2,62
-16,2,61
-16,2,62
-16,2,62
-16,2,62
-16,2,62
-16,2,62
-16,2,63
-16,2,64
-16,2,64
-17,2,62
-18,1,59
-18,1,59
-16,1,59
-16,1,60
-15,1,62
-17,2,64
-17,2,63
-17,2,62
-16,2,62
-16,1,61
-15,1,61
-15,1,62
-15,1,63
-16,1,64
-17,2,63
-15,1,59
-15,1,58
-15,1,58
-15,1,59
-13,2,61
-13,2,68
-16,2,69
-17,1,65
-16,1,63
-15,1,59
-14,1,57
-13,2,59
-15,1,61
-18,1,64
-18,1,62
-18,1,61
-16,1,58
-15,2,57
-14,1,62
-17,1,64
-19,1,65
-19,1,64
-18,1,60
-17,0,58
-16,1,56
-15,1,55
-15,1,60
-21,1,68
-22,2,69
-21,1,64
-19,0,63
-17,0,58
-16,1,57
-16,1,57
-17,1,60
-23,1,65
-23,1,65
-21,1,63
-18,1,59
-18,1,58
-19,1,57
-19,1,58
-20,1,59
-20,2,60
-20,2,62
-20,2,62
-19,2,63
-19,2,63
-19,2,63
-18,2,62
-18,3,62
-19,3,61
-19,3,61
-19,3,61
-19,3,61
-19,3,61
-18,3,60
-18,4,60
-18,4,61
-18,4,61
-18,4,61
-18,4,61
-18,4,61
-18,4,61
-18,4,61
-18,4,61
-18,4,61
-18,4,61
-18,4,61
-18,4,61
-18,4,61
-18,4,61
-18,4,61
-18,4,61
-18,3,61
-18,3,61
-18,3,61
-18,3,61
-18,3,61
-18,3,61
-17,3,62
-17,3,62
-17,3,62
-17,3,62
-17,3,62
-16,3,61
-16,3,62
-17,2,61
-16,2,61
-16,2,61
-17,2,61
-17,3,61
-16,3,61
-16,3,61
-16,3,62
-16,3,62
-16,3,63
-16,3,63
-16,2,63
-16,2,62
-16,2,62
-16,1,62
-16,2,62
-16,2,62
-16,2,62
-16,2,61
-16,2,62
-16,3,61
-16,3,61
-16,3,61
-16,3,62
-16,3,62
-16,3,62
-16,3,62
-16,3,62
-17,3,62
-16,3,62
-16,3,62
-16,3,62
-16,3,62
-16,3,62
-16,4,61
-16,4,62
-16,4,62
-16,3,62
-16,3,62
-17,3,62
-16,3,61
-17,3,62
-17,3,61
-17,3,61
-17,3,61
-16,3,61
-16,3,61
-16,2,61
-16,2,61
-16,3,61
-16,2,61
-16,3,61
-17,3,61
-17,3,62
-17,2,61
-17,2,61
-17,2,61
-17,2,62
-17,2,62
-17,2,62
-17,2,62
-18,2,62
-18,2,62
-18,2,61
-18,2,62
-18,2,61
-18,2,61
-18,2,61
-18,1,61
-18,1,61
-18,1,61
-18,1,61
-18,1,61
-18,1,61
-18,1,62
-18,1,61
-18,1,61
-18,1,61
-18,1,61
-18,1,62
-18,1,62
-18,1,61
-18,1,61
-18,1,61
-18,1,61
-18,2,61
-18,1,61
-18,1,61
-18,1,61
-18,1,61
-18,1,62
-18,1,62
-18,1,62
-18,1,61
-18,1,62
-18,1,61
-18,1,61
-18,2,61
-17,1,61
-17,1,61
-18,1,62
-17,1,62
-17,1,62
-17,1,61
-17,1,61
-17,1,61
-17,2,61
-17,1,61
-17,2,62
-17,1,61
-17,2,61
-17,1,62
-17,1,62
-17,1,62
-17,1,62
-17,1,62
-17,1,62
-17,1,62
-17,1,61
-17,1,61
-17,1,62
-17,1,62
-17,1,61
-17,1,62
-17,1,61
-17,1,61
-17,1,61
-17,1,62
-17,1,61
-17,1,61
-17,1,62
-17,1,61
-17,1,61
-17,1,61
-17,1,61
-17,1,61
-17,1,61
-18,1,61
-18,1,61
-17,2,61
-18,1,61
-18,1,62
-18,2,62
-18,1,62
-18,2,62
-18,2,62
-18,2,62
-18,2,61
-18,1,62
-18,2,62
-18,2,62
-17,2,62
-18,2,62
-18,2,62
-18,2,62
-17,2,62
-16,1,63
-17,1,65
-18,2,64
-18,2,60
-18,1,60
-18,1,60
-18,1,61
-18,1,61
-17,1,60
-18,2,61
-18,2,60
-18,2,60
-19,2,61
-19,2,61
-18,2,59
-17,2,58
-18,2,56
-18,2,54
-18,2,57
-21,3,64
-19,2,69
-22,2,72
-25,2,70
-25,2,63
-24,0,60
-25,0,53
-23,1,53
-15,-2,54
-9,-1,59
-12,6,70
-15,6,71
-19,8,65
-9,6,57
-5,6,55
-2,6,57
0,5,59
-1,7,64
-1,8,66
-1,9,69
-1,10,67
3,9,61
5,9,58
5,9,58
5,9,60
6,9,61
8,9,62
7,9,62
6,10,63
6,10,63
5,9,63
5,9,61
4,9,63
5,7,61
4,7,61
3,7,61
4,7,61
7,7,63
8,6,64
6,7,70
5,8,70
2,9,67
2,8,65
2,8,61
2,8,59
2,7,57
2,7,58
2,7,63
0,7,68
0,6,67
-1,7,63
1,6,60
2,5,57
3,5,57
3,5,60
6,5,65
1,5,72
0,6,71
-2,5,65
0,5,61
1,5,59
2,5,59
0,5,61
-1,5,61
-1,5,62
0,5,62
1,5,62
1,6,66
3,5,68
3,5,68
3,4,67
1,4,65
1,4,64
1,4,63
1,4,62
2,4,62
2,4,63
2,4,63
2,4,64
2,4,64
2,4,64
2,4,64
2,5,63
3,5,64
3,5,63
3,5,63
3,5,62
4,6,61
4,6,62
5,6,63
5,6,63
4,5,63
4,5,64
4,5,64
4,5,63
4,5,63
5,5,63
4,5,63
4,5,63
4,5,63
5,5,63
4,5,63
4,5,63
5,5,63
5,5,63
5,5,62
5,5,63
4,5,63
4,5,63
4,5,63
4,5,63
5,5,63
4,5,64
5,5,64
5,6,63
4,5,63
5,5,63
5,6,63
5,6,63
5,5,62
5,5,62
5,5,63
5,5,63
4,5,63
1,4,65
1,5,67
1,3,66
2,3,64
5,2,59
7,2,63
6,1,63
5,1,64
3,0,64
4,-1,66
5,0,66
6,0,65
0,1,65
10,6,68
12,7,60
10,7,67
12,5,67
13,6,67
11,8,65
12,10,62
12,12,72
16,8,50
16,7,47
17,8,52
17,5,55
20,4,56
21,1,53
21,-2,53
17,-8,50
15,-4,58
15,0,68
11,-1,71
13,-4,68
20,-6,66
20,4,67
18,4,66
19,8,73
15,9,80
10,11,76
9,12,61
9,12,56
10,13,51
14,11,41
16,8,47
11,10,54
9,14,52
9,14,52
5,9,55
-2,9,55
-8,11,54
-13,6,60
-16,8,62
-26,15,71
-34,16,68
-34,11,58
-30,10,55
-32,7,59
-38,6,63
-38,7,61
-39,7,61
-33,6,54
-29,5,52
-23,3,51
-29,3,56
-31,5,58
-33,7,59
-31,7,57
-26,6,55
-24,5,55
-28,6,62
-29,7,64
-29,6,61
-28,4,59
-22,3,55
-16,1,52
-13,0,52
-20,3,64
-26,3,72
-24,3,72
-23,-1,70
-19,-3,60
-17,-2,57
-16,-1,55
-17,0,58
-21,-1,62
-22,-1,63
-22,-1,64
-19,-1,60
-18,-1,58
-15,-1,55
-16,1,58
-22,2,64
-22,0,64
-22,-1,64
-21,-1,63
-17,0,59
-16,0,58
-16,-1,55
-17,0,55
-18,1,57
-19,4,63
-19,5,67
-20,2,71
-17,1,70
-13,1,65
-12,1,62
-12,1,58
-14,1,58
-16,2,59
-17,2,61
-18,2,63
-17,3,63
-16,3,62
-16,3,60
-15,3,60
-16,3,61
-17,3,62
-18,3,63
-18,3,64
-18,3,63
-17,4,62
-17,4,61
-17,4,60
-17,4,60
-17,4,61
-17,4,62
-17,4,63
-17,4,63
-17,4,63
-17,4,62
-17,4,61
-17,4,61
-17,4,61
-17,4,61
-17,4,61
-17,4,61
-17,4,61
-17,4,62
-16,4,61
-16,4,62
-17,4,62
-17,4,62
-17,4,62
-17,4,62
-17,4,62
-17,5,62
-17,5,62
-17,5,61
-17,5,61
-17,5,61
-17,5,62
-17,5,62
-18,5,63
-17,5,63
-17,5,63
-17,4,62
-17,4,61
-17,4,61
-17,4,60
-17,3,60
-17,4,61
-17,4,61
-17,4,61
-16,5,61
-17,4,62
-17,4,61
-17,4,61
-17,4,62
-17,4,62
-17,4,62
-17,4,62
-18,4,62
-18,4,62
-18,4,61
-18,4,61
-18,4,61
-17,4,61
-17,4,61
-18,4,61
-18,5,61
-18,5,61
-18,5,61
-18,5,61
-18,5,61
-18,5,61
-18,5,62
-19,4,61
-19,5,61
-18,4,61
-18,4,61
-18,4,62
-18,4,62
-18,4,62
-18,4,61
-18,4,61
-18,5,61
-18,5,61
-18,5,61
-18,5,61
-18,5,61
-19,5,61
-19,4,61
-19,4,62
-19,4,62
-19,4,62
-19,4,62
-18,4,61
-18,4,61
-18,4,61
-18,4,61
-18,4,61
-18,4,61
-18,4,60
-18,5,60
-18,4,61
-19,5,61
-18,5,61
-19,4,61
-19,4,62
-19,4,62
-19,4,62
-18,3,62
-18,4,62
-19,4,62
-19,4,61
-18,3,61
-18,4,61
-18,4,61
-18,4,61
-18,4,61
-18,4,61
-18,4,61
-18,4,61
-18,4,61
-19,4,61
-18,4,61
-19,4,62
-19,4,62
-19,4,62
-18,4,61
-19,4,61
-18,4,61
-19,4,61
-18,4,61
-18,4,62
-18,4,62
-18,4,61
-17,4,61
-17,4,61
-17,3,61
-17,3,62
-17,3,62
-17,3,62
-17,3,62
-17,3,61
-17,3,61
-17,3,61
-17,3,61
-17,3,61
-17,3,61
-17,3,61
-17,4,62
-17,4,62
-17,4,62
-17,4,62
-17,3,62
-17,3,62
-17,3,61
-17,3,61
-17,4,61
-17,4,61
-17,5,61
-17,5,60
-17,5,60
-18,5,59
-18,4,59
-19,4,60
-19,4,60
-20,4,60
-21,4,60
-22,5,62
-23,5,63
-24,6,64
-24,6,64
-25,6,63
-26,7,60
-27,7,59
-28,8,57
-27,8,57
-27,8,56
-27,9,56
-27,9,57
-26,9,57
-26,9,57
-26,9,57
-26,8,57
-26,7,58
-26,7,58
-25,6,60
-24,5,60
-23,5,60
-22,5,61
-22,4,62
-22,4,62
-20,4,63
-20,5,63
-18,5,62
-17,5,61
-17,5,61
-17,5,61
-17,5,60
-16,5,59
-16,6,59
-15,7,59
-15,6,59
-16,6,61
-16,5,62
-15,5,63
-15,4,62
-15,3,62
-15,3,62
-15,3,62
-16,3,62
-16,3,62
-16,3,62
-16,3,62
-16,4,62
-16,4,62
-16,4,62
-16,4,62
-16,4,62
-15,4,61
-16,5,61
-16,5,61
-16,5,61
-16,5,61
-17,5,61
-17,5,61
-17,5,62
-17,5,62
-17,5,62
-18,5,62
-18,5,62
-18,5,62
-18,5,61
-18,5,61
-18,5,61
-18,5,61
-18,5,61
-18,5,61
-18,4,62
-18,4,62
-18,4,62
-18,4,62
-18,4,61
-18,4,61
-17,4,61
-17,4,61
-17,4,61
-17,3,61
-18,3,61
-18,3,61
-18,3,61
-17,3,61
-18,3,61
-18,3,61
-18,3,62
-18,2,62
-18,2,62
-18,2,62
-18,2,62
-18,2,62
-18,2,62
-18,2,62
-18,2,62
-18,2,62
-18,2,61
-17,1,61
-17,2,61
-17,2,61
-17,2,62
-17,2,62
-17,2,62
-17,2,62
-17,3,62
-17,3,62
-17,3,62
-17,3,61
-17,3,61
-17,3,62
-17,3,62
-16,3,62
-16,3,62
-17,3,62
-16,3,62
-16,3,62
-16,4,62
-16,4,62
-16,3,62
-16,3,62
-16,4,62
-16,4,62
-16,4,62
-15,4,62
-15,4,63
-16,4,63
-16,4,62
-15,4,62
-15,4,62
-16,4,63
-16,4,62
-15,4,61
-16,4,61
-16,4,61
-15,4,60
-16,4,63
-17,4,64
-17,4,63
-16,4,61
-16,4,60
-17,4,60
-16,4,60
-17,4,61
-17,4,62
-16,5,63
-15,5,64
-17,5,65
-16,5,64
-16,5,63
-16,5,62
-16,5,61
-16,5,61
-16,5,61
-16,6,62
-16,6,62
-17,6,61
-16,6,61
-16,5,58
-16,5,58
-16,5,59
-17,4,60
-18,4,62
-17,4,63
-17,4,63
-17,4,63
-17,4,63
-17,4,63
-17,4,63
-16,4,63
-16,4,62
-17,4,62
-17,4,61
-17,4,61
-17,4,61
-17,4,61
-17,4,61
-17,4,61
-18,4,62
-18,5,61
-18,5,61
-18,5,61
-19,5,61
-18,5,61
-19,5,61
-19,5,61
-19,5,61
-20,5,61
-19,5,61
-20,5,61
-20,5,62
-19,5,63
-19,5,64
-18,5,66
-20,5,66
-21,5,62
-20,4,57
-20,4,53
-19,4,54
-19,5,56
-19,5,58
-17,4,65
-19,4,67
-20,5,65
-19,4,61
-18,4,60
-17,5,59
-17,5,59
-17,5,61
-17,4,62
-17,5,62
-18,4,61
-17,4,60
-17,4,60
-17,4,61
-18,4,62
-18,4,64
-17,2,62
-16,3,61
-15,4,59
-16,4,59
-18,4,62
-19,4,63
-18,3,63
-18,3,63
-18,3,62
-18,3,62
-19,3,60
-19,3,60
-20,3,60
-20,3,60
-20,4,61
-20,4,61
-19,4,61
-20,3,61
-20,3,61
-20,3,62
-20,3,62
-20,2,63
-20,2,63
-20,2,63
-20,3,62
-20,3,61
-19,3,61
-19,4,60
-18,3,61
-18,4,61
-18,3,61
-18,3,61
-18,3,61
-18,4,62
-17,4,62
-17,4,62
-17,4,62
-17,4,61
-16,5,60
-16,5,59
-17,5,60
-17,4,61
-17,4,62
-17,4,63
-17,4,62
-17,5,62
-17,5,62
-17,6,61
-17,7,61
-17,7,62
-17,7,63
-17,7,63
-17,7,62
-17,7,62
-17,7,61
-17,6,61
-17,6,61
-17,5,61
-17,5,61
-17,4,61
-17,5,61
-17,5,61
-18,6,62
-18,7,62
-18,7,62
-18,7,61
-18,6,61
-18,6,61
-18,5,61
-17,5,62
-17,5,62
-17,5,62
-17,5,62
-18,4,61
-17,4,60
-18,4,60
-18,4,60
-17,4,60
-18,5,61
-18,5,61
-18,5,63
-18,5,63
-18,5,63
-18,4,62
-17,4,62
-18,4,61
-17,4,61
-18,3,61
-18,3,62
-18,3,61
-18,3,61
-18,4,60
-18,4,60
-18,4,61
-19,4,61
-19,4,61
-19,4,62
-19,4,62
-19,4,62
-19,4,61
-19,4,62
-20,4,62
-20,4,62
-19,4,61
-20,4,61
-19,4,60
-19,4,60
-19,4,60
-19,5,61
-19,5,61
-19,5,61
-19,5,61
-19,5,61
-19,5,62
-19,4,62
-19,4,62
-19,4,62
-20,4,61
-19,4,61
-20,4,61
-19,4,61
-19,4,61
-19,5,61
-19,5,61
-19,6,61
-19,6,61
-19,6,61
-18,6,61
-19,5,61
-19,5,61
-19,5,61
-19,5,61
-19,5,61
-19,5,61
-19,5,61
-18,5,61
-18,6,61
-18,6,61
-18,7,62
-18,7,61
-18,7,62
-18,7,62
-18,8,61
-18,7,61
-18,8,61
-18,8,60
-18,8,60
-18,8,60
-18,9,60
-18,9,61
-18,10,61
-18,10,61
-18,10,61
-18,10,61
-18,10,61
-18,10,61
-18,9,61
-18,9,61
-18,9,61
-19,9,61
-19,9,60
-19,10,60
-19,10,60
-19,10,60
-18,11,60
-19,11,60
-19,11,61
-19,11,61
-19,11,61
-19,11,60
-19,11,60
-19,10,61
-19,10,61
-19,10,61
-19,10,61
-19,9,61
-19,9,61
-19,9,61
-19,9,61
-19,9,61
-19,9,61
-19,9,61
-19,9,61
-19,9,60
-19,9,60
-19,9,60
-19,9,61
-19,8,61
-19,8,61
-19,8,61
-18,8,61
-18,8,61
-18,8,61
-18,8,61
-17,7,61
-17,7,61
-17,7,61
-17,6,61
-18,6,61
-18,5,60
-18,5,61
-17,6,61
-18,6,61
-18,6,61
-18,6,62
-18,6,62
-18,7,61
-18,6,62
-18,6,62
-18,6,62
-18,5,62
-18,5,62
-18,5,61
-18,5,61
-18,5,61
-18,5,61
-18,5,61
-18,4,61
-18,4,61
-18,4,61
-18,5,61
-18,5,62
-18,5,62
-18,5,62
-18,4,62
-18,4,62
-18,4,61
-18,3,61
-18,3,61
-18,3,61
-18,3,61
-18,3,61
-18,3,62
-18,3,62
-18,3,62
-18,3,62
-18,3,61
-18,3,61
-18,3,61
-18,3,61
-19,3,61
-19,3,61
-18,3,62
-19,4,62
-18,4,62
-19,3,62
-18,4,62
-18,4,62
-18,4,62
-18,4,62
-18,4,62
-18,3,62
-17,3,62
-17,3,61
-17,3,62
-17,3,62
-16,2,61
-16,3,61
-17,3,61
-17,3,62
-17,4,61
-17,3,61
-17,3,61
-18,2,61
-17,2,62
-18,2,62
-18,3,62
-18,3,62
-18,4,62
-18,4,62
-18,4,62
-18,4,62
-18,4,62
-18,4,62
-18,3,61
-18,3,61
-18,3,61
-18,3,61
-18,3,61
-18,4,61
-18,4,61
-18,4,62
-18,4,61
-18,4,61
-18,4,61
-18,4,61
-18,4,61
-19,4,61
-18,4,61
-18,4,61
-19,4,62
-19,4,62
-19,4,62
-19,4,61
-19,4,62
-19,4,61
-19,4,61
-19,4,61
-19,4,61
-19,5,61
-19,5,61
-19,5,61
-19,4,62
-19,4,62
-19,4,62
-19,4,62
-18,4,62
-18,4,62
-18,4,61
-18,3,62
-18,3,62
-18,3,61
-18,3,61
-18,4,61
-17,4,61
-17,4,61
-17,4,61
-17,4,61
-17,4,61
-17,4,61
-18,4,61
-18,4,62
-18,4,62
-18,4,62
-18,3,61
-18,3,62
-19,4,61
-19,4,61
-19,4,61
-19,4,61
-19,4,62
-19,5,61
-19,5,61
-19,5,61
-20,5,61
-20,4,61
-20,4,61
-20,4,61
-20,4,61
-20,4,62
-19,4,62
-19,4,62
-19,4,61
-19,4,61
-19,4,61
-19,4,61
-19,4,61
-19,4,61
-18,4,61
-19,4,61
-19,4,61
-19,4,61
-18,4,61
-19,4,62
-18,4,62
-18,4,62
-18,4,62
-18,4,62
-18,3,61
-18,3,61
-18,3,61
-18,3,61
-18,3,61
-18,3,61
-18,3,61
-18,4,61
-18,4,61
-19,4,61
-19,3,62
-19,4,62
-20,3,62
-20,4,61
-20,4,61
-20,4,61
-20,4,62
-20,4,62
-20,4,62
-20,4,62
-20,3,61
-20,3,61
-20,3,61
-20,4,61
-20,4,61
-19,4,61
-19,4,61
-19,4,61
-19,4,61
-19,4,61
-19,4,61
-19,3,61
-19,3,62
-19,4,62
-19,3,62
-19,3,62
-19,3,62
-19,3,62
-18,4,61
-18,4,61
-18,4,61
-18,4,61
-18,4,62
-18,4,62
-18,4,62
-18,4,62
-17,4,62
-17,4,62
-17,4,62
-17,4,62
-17,4,62
-17,4,62
-17,4,61
-17,4,61
-16,4,61
-16,5,61
-16,5,62
-16,5,62
-16,5,62
-16,6,62
-17,6,62
-17,6,62
-17,6,62
-17,6,62
-17,5,62
-17,5,62
-17,5,62
-17,5,62
-17,5,62
-17,5,62
-17,5,62
-17,5,61
-17,5,62
-16,5,62
-17,5,62
-17,5,62
-17,5,62
-17,5,62
-17,5,62
-17,5,62
-17,5,62
-18,5,61
-18,5,62
-18,5,61
-18,5,61
-18,5,61
-18,5,61
-18,5,62
-18,5,62
-18,5,61
-18,5,61
-18,5,61
-18,4,62
-18,4,62
-18,4,62
-18,4,62
-19,4,62
-18,4,62
-18,4,62
-18,4,62
-18,4,62
-18,4,62
-18,4,62
-18,4,61
-18,4,62
-18,4,61
-18,4,61
-18,4,61
-18,4,61
-18,3,61
-18,3,62
-18,3,62
-18,3,62
-18,3,62
-18,3,62
-17,3,62
-18,3,61
-18,3,61
-18,3,62
-17,3,62
-18,3,62
-18,3,62
-18,3,62
-18,3,62
-18,3,62
-18,3,62
-18,3,62
-18,3,62
-18,3,61
-18,3,62
-18,3,62
-18,3,62
-18,3,62
-18,3,62
-18,3,62
-18,3,62
-18,3,62
-18,3,62
-18,3,62
-18,3,62
-18,3,62
-17,3,62
-18,3,62
-18,3,62
-18,3,62
-18,3,62
-17,3,62
-17,3,62
-17,3,62
-17,3,62
-17,3,62
-17,3,62
-17,3,62
-17,3,62
-17,3,62
-17,3,62
-17,3,62
-17,3,62
-17,3,62
-17,3,62
-17,3,62
-17,3,62
-17,3,62
-17,3,62
-17,3,62
-17,3,62
-17,3,62
-17,3,62
-17,3,62
-17,3,62
-17,3,62
-17,3,62
-18,3,62
-17,3,62
-18,3,61
-18,3,62
-18,3,62
-17,3,62
-17,3,61
-18,3,62
-18,3,62
-18,3,62
-18,3,62
-18,4,62
-18,4,61
-18,4,62
-18,3,62
-18,4,62
-18,4,62
-18,4,62
-18,4,62
-18,4,62
-18,4,62
-18,4,62
-18,3,62
-18,3,62
-18,4,61
-18,4,61
-18,4,62
-18,4,62
-18,4,62
-17,4,62
-17,4,61
-18,4,62
-18,4,62
-18,4,62
-18,4,62
-18,4,62
-18,4,62
-18,4,62
-18,4,62
-17,4,62
-18,4,62
-18,4,62
-18,4,62
-18,4,62
-17,4,62
-18,4,62
-18,4,62
-18,4,62
-18,4,62
-18,4,61
-18,4,62
-18,4,62
-18,4,62
-18,4,62
-18,4,62
-18,4,62
-18,4,62
-18,4,62
-18,4,61
-18,4,61
-18,4,61
-18,4,62
-18,4,62
-18,4,62
-18,4,61
-18,4,62
-18,4,62
-18,4,62
-18,4,61
-18,4,62
-18,4,62
-18,4,61
-18,4,62
-18,4,62
-18,4,62
-18,4,62
-18,4,61
-18,4,62
-18,4,62
-18,4,62
-18,4,62
-18,4,62
-18,4,62
-18,4,62
-18,4,62
-18,4,62
-18,4,62
-18,4,62
-18,4,61
-17,4,62
-18,4,62
-18,4,62
-18,4,62
-18,4,62
-18,4,61
-18,4,61
-18,4,62
-18,4,62
-18,4,61
-18,3,62
-18,4,61
-18,4,61
-18,4,61
-18,4,62
-18,4,62
-18,4,62
-18,4,62
-18,4,62
-18,4,62
-18,4,62
-18,4,62
-18,4,62
-18,4,62
-18,4,62
-18,4,62
-18,3,62
-18,4,62
-18,4,62
-18,4,62
-18,4,62
-18,4,62
-18,3,62
-18,4,62
-18,4,62
-18,4,62
-18,4,61
-18,4,62
-18,4,62
-18,4,62
-18,3,62
-18,4,62
-18,3,62
-18,4,62
-18,4,62
-18,4,62
-18,4,61
-18,4,62
-18,3,61
-18,4,62
-18,4,62
-18,4,61
-18,4,62
-18,4,62
-18,4,62
-18,4,62
-18,4,62
-18,4,62
-18,4,62
-18,4,63
-18,4,64
-17,4,65
-17,4,66
-20,4,67
-21,3,60
-19,3,56
-18,3,54
-19,3,54
-19,4,57
-19,4,58
-17,4,66
-18,4,69
-22,4,70
-21,4,67
-18,3,59
-18,2,56
-17,3,54
-16,3,58
-18,4,64
-24,4,69
-23,4,66
-20,3,60
-19,2,57
-17,3,54
-15,3,55
-18,4,67
-23,4,71
-24,4,68
-21,3,61
-19,2,56
-16,2,52
-15,2,52
-17,3,58
-21,3,63
-24,4,69
-23,4,68
-21,2,63
-19,2,60
-17,2,56
-17,2,55
-19,2,55
-21,2,58
-21,3,60
-21,4,66
-20,3,67
-18,2,68
-18,2,67
-17,3,63
-17,3,62
-18,3,60
-19,3,60
-19,3,62
-20,4,62
-19,4,62
-18,4,60
-18,4,60
-18,3,61
-18,3,61
-19,3,63
-19,3,63
-19,3,62
-19,3,62
-19,3,61
-19,3,60
-19,3,61
-19,3,61
-20,3,61
-19,3,62
-19,4,62
-19,3,62
-19,3,62
-19,3,62
-19,3,61
-19,3,61
-19,3,61
-19,3,61
-19,3,61
-19,3,62
-19,3,62
-18,3,62
-19,3,62
-19,3,62
-18,3,62
-18,3,62
-18,3,61
-18,3,61
-18,3,62
-18,3,62
-18,3,62
-18,3,62
-18,3,62
-18,3,62
-18,3,62
-18,3,62
-18,3,62
-18,3,61
-18,3,62
-18,3,62
-18,3,62
-18,3,62
-18,3,62
-18,3,62
-18,3,62
-18,3,62
-18,3,62
-18,3,62
-18,3,62
-18,3,62
-18,3,61
-18,4,62
-18,4,62
-18,4,62
-18,3,62
-18,3,62
-17,4,62
-18,3,62
-18,3,62
-17,3,62
-18,3,62
-17,3,62
-17,3,62
-17,3,62
-17,3,62
-17,3,62
-17,3,62
-17,3,62
-17,3,62
-17,3,62
-18,3,62
-17,3,62
-17,3,62
-17,3,62
-17,3,62
-17,3,62
-17,3,62
-17,3,62
-17,3,62
-17,3,62
-17,3,62
-17,3,61
-17,3,61
-17,3,61
-17,3,62
-17,3,62
-17,3,62
-17,3,63
-17,3,63
-17,2,63
-18,2,62
-18,3,62
-18,3,61
-18,3,61
-17,3,61
-17,3,61
-18,3,62
-18,3,62
-18,3,63
-18,3,63
-18,2,63
-18,3,63
-18,2,62
-18,2,62
-18,3,62
-18,3,62
-18,2,61
-18,2,62
-18,2,62
-18,2,62
-18,2,62
-18,2,62
-18,2,62
-18,2,62
-17,2,62
-17,2,61
-17,2,62
-17,2,62
-17,2,63
-17,2,62
-17,2,62
-17,2,62
-16,2,62
-16,2,62
-16,2,62
-16,2,62
-16,1,62
-16,2,62
-16,2,63
-16,2,62
-17,2,62
-17,1,62
-17,2,62
-17,2,62
-17,2,62
-17,2,62
-17,2,62
-17,2,62
-17,2,62
-17,2,62
-17,2,63
-17,2,63
-17,2,63
-17,2,62
-17,2,62
-17,2,62
-17,2,62
-17,2,62
-17,3,61
-18,3,62
-18,3,62
-18,4,62
-18,4,62
-18,4,62
-18,4,62
-18,5,61
-18,5,61
-19,6,61
-19,6,60
-19,7,61
-18,8,60
-18,9,60
-18,9,61
-19,10,61
-19,10,61
-20,11,61
-20,11,61
-20,12,61
-20,12,60
-20,12,60
-20,12,60
-20,13,60
-19,13,58
-19,13,58
-19,14,61
-20,15,62
-23,15,64
-23,15,63
-20,13,61
-18,13,60
-18,13,57
-17,13,55
-18,14,54
-23,16,57
-25,18,59
-27,19,61
-26,18,62
-23,17,61
-22,16,60
-21,14,59
-21,14,58
-23,13,59
-23,13,59
-24,12,61
-23,10,62
-22,9,62
-20,8,61
-20,7,61
-19,6,59
-19,6,59
-20,5,59
-20,5,60
-19,3,60
-19,3,61
-18,2,62
-17,2,63
-16,3,63
-16,3,63
-16,3,64
-16,3,64
-16,3,64
-15,2,63
-16,2,63
-16,1,61
-17,1,60
-16,1,60
-14,2,60
-13,2,61
-13,2,62
-13,2,63
-13,4,64
-13,3,64
-13,2,63
-13,2,64
-13,2,64
-13,2,64
-12,3,64
-12,4,64
-13,4,65
-11,3,66
-8,2,65
-9,3,67
-8,4,69
-1,5,68
2,5,68
3,8,66
4,7,65
10,8,66
8,7,62
7,2,63
9,4,61
5,4,66
4,3,68
11,10,60
14,10,53
16,10,55
15,13,57
14,14,60
15,15,57
13,16,56
12,15,51
11,14,51
4,14,57
1,16,57
-1,12,56
-7,10,56
-11,11,58
-17,12,59
-22,12,60
-30,14,67
-32,14,65
-32,15,65
-30,14,63
-29,12,58
-27,11,58
-26,10,57
-25,9,56
-25,7,57
-26,6,60
-26,7,60
-26,8,60
-25,9,61
-25,9,63
-25,9,64
-26,9,62
-27,8,61
-25,8,57
-23,11,56
-22,13,57
-22,13,58
-23,12,59
-23,11,59
-23,11,60
-23,10,61
-23,10,60
-23,9,59
-23,9,59
-23,9,59
-23,9,59
-23,9,60
-23,9,59
-23,8,59
-23,8,59
-23,8,60
-23,7,59
-23,7,59
-24,7,59
-24,7,59
-24,6,59
-25,6,59
-26,5,59
-26,5,59
-27,4,60
-27,3,60
-28,2,60
-27,1,59
-27,1,58
-28,0,58
-28,-1,58
-29,-1,59
-29,-2,59
-29,-2,59
-29,-2,59
-28,-2,58
-28,-2,57
-27,-2,57
-27,-1,58
-27,-1,59
-28,0,61
-27,0,61
-26,1,61
-26,2,61
-28,5,63
-28,7,63
-27,9,62
-28,11,62
-24,13,58
-23,13,56
-22,14,53
-24,13,53
-26,13,54
-28,11,56
-28,11,58
-27,10,58
-27,10,58
-28,11,56
-29,12,55
-30,13,55
-29,13,56
-28,14,58
-29,15,61
-30,15,61
-29,14,59
-28,13,58
-26,13,55
-25,12,55
-25,12,55
-26,13,55
-26,14,56
-25,15,57
-24,15,59
-23,16,59
-22,16,60
-22,15,60
-22,14,60
-22,12,59
-22,12,59
-22,10,58
-22,9,58
-22,8,58
-22,8,58
-22,7,59
-23,7,60
-23,7,61
-23,7,61
-23,7,60
-23,8,60
-24,7,59
-24,7,59
-24,7,59
-24,7,60
-25,7,60
-25,8,59
-25,8,59
-25,8,59
-25,8,59
-25,8,59
-25,8,59
-25,8,59
-25,8,59
-25,8,60
-25,8,60
-24,8,59
-24,8,59
-24,7,59
-24,7,59
-23,7,59
-23,7,60
-23,7,60
-23,7,60
-23,7,60
-23,8,60
-23,8,60
-22,8,60
-22,8,60
-22,8,60
-22,8,60
-22,8,60
-22,8,60
-22,8,60
-22,8,60
-22,8,60
-22,8,60
-22,8,60
-22,7,60
-22,8,60
-22,8,60
-22,8,60
-22,8,60
-22,8,59
-22,8,59
-22,8,60
-22,8,60
-22,8,59
-22,8,59
-22,8,59
-22,8,60
-22,8,60
-23,8,60
-22,8,60
-22,8,60
-23,8,61
-23,8,60
-23,8,60
-23,8,61
-22,8,60
-22,8,60
-22,8,60
-22,8,60
-22,8,60
-22,8,60
-22,8,61
-22,9,61
-22,8,61
-22,8,61
-22,9,60
-21,9,60
-21,9,60
-21,9,59
-22,9,59
-22,8,60
-22,9,60
-22,9,60
-23,9,60
-23,9,61
-23,9,60
-23,9,60
-23,9,60
-22,9,60
-22,9,60
-22,9,60
-22,9,60
-22,9,59
-23,9,59
-23,9,59
-23,9,59
-23,9,59
-23,9,60
-23,9,60
-23,9,60
-23,9,60
-23,10,60
-23,9,60
-23,10,60
-23,9,60
-23,9,60
-22,9,60
-22,9,60
-22,9,59
-22,9,60
-22,10,59
-22,10,59
-22,10,59
-22,10,60
-22,10,60
-23,9,60
-22,9,60
-22,9,60
-23,9,60
-22,9,61
-22,9,60
-22,9,61
-21,9,61
-21,8,61
-21,8,61
-21,9,60
-21,9,60
-21,9,59
-21,9,59
-21,9,59
-22,9,59
-22,9,60
-23,9,61
-23,9,62
-22,8,61
-22,9,61
-22,9,60
-22,9,60
-22,9,60
-22,9,60
-22,8,60
-22,9,61
-21,9,60
-21,9,59
-21,9,59
-20,9,59
-20,9,60
-20,9,61
-20,9,61
-20,10,62
-20,10,62
-20,10,62
-20,10,62
-19,9,61
-19,9,60
-18,9,59
-20,9,60
-20,9,60
-19,10,60
-19,10,60
-19,10,61
-20,11,61
-20,11,62
-20,11,62
-20,10,62
-20,10,62
-19,10,61
-19,10,60
-20,9,60
-19,10,59
-19,10,59
-18,10,60
-18,10,61
-19,10,62
-19,10,62
-19,11,62
-19,10,62
-19,10,62
-19,10,61
-19,9,60
-19,9,60
-19,8,59
-19,9,60
-19,9,59
-19,9,60
-19,9,59
-19,10,60
-19,10,61
-20,9,62
-20,9,62
-20,9,62
-20,8,62
-20,8,62
-20,8,61
-20,8,61
-20,8,60
-21,8,60
-21,8,60
-21,8,60
-21,9,60
-21,9,60
-22,9,61
-22,9,61
-22,8,61
-22,8,61
-22,8,61
-22,8,60
-22,8,59
-22,8,59
-21,8,59
-21,8,59
-21,8,59
-22,8,60
-22,8,61
-23,9,61
-23,9,62
-22,9,61
-22,9,60
-22,9,60
-22,8,60
-22,8,59
-23,8,59
-23,8,59
-23,9,59
-23,9,59
-23,9,59
-24,9,60
-24,10,60
-24,10,60
-24,10,60
-24,10,60
-24,10,60
-24,9,60
-24,9,59
-24,9,59
-24,9,59
-24,9,59
-24,9,59
-23,10,59
-23,10,59
-23,10,60
-23,10,61
-23,9,60
-23,9,60
-23,9,60
-23,9,59
-23,9,59
-23,9,59
-23,9,59
-23,9,59
-23,9,59
-23,9,59
-23,9,59
-24,9,60
-24,9,60
-23,9,61
-23,9,60
-23,9,61
-23,8,60
-23,8,60
-23,8,59
-23,8,59
-23,8,59
-23,9,59
-23,9,59
-23,9,59
-23,9,59
-23,9,60
-23,9,60
-23,8,60
-23,8,61
-23,8,61
-23,8,61
-23,8,61
-23,8,60
-22,8,60
-22,8,60
-22,8,60
-22,8,60
-22,8,60
-22,8,60
-22,8,60
-22,8,60
-22,8,60
-22,8,60
-22,8,60
-22,8,61
-22,8,61
-22,8,60
-22,8,61
-22,8,60
-22,8,60
-22,8,60
-22,8,60
-22,8,60
-22,8,60
-22,8,60
-22,8,60
-22,8,60
-22,8,61
-22,8,61
-22,8,61
-22,8,61
-22,8,60
-22,8,60
-21,8,60
-22,8,60
-22,9,60
-22,8,60
-22,8,60
-22,9,60
-22,9,60
-22,9,60
-22,9,60
-22,9,60
-22,9,60
-22,9,61
-22,9,61
-22,8,61
-22,8,61
-22,8,61
-22,8,61
-22,9,60
-22,9,60
-22,9,60
-22,9,60
-22,9,60
-22,9,60
-22,10,60
-22,10,60
-22,9,60
-22,9,60
-23,9,61
-22,9,60
-22,9,60
-22,9,60
-22,9,60
-22,9,60
-22,9,60
-22,9,60
-21,9,60
-22,9,60
-22,9,59
-22,10,60
-22,10,60
-22,10,60
-22,10,60
-22,10,60
-22,10,60
-22,10,60
-22,10,61
-22,9,60
-22,10,60
-22,9,60
-22,9,59
-22,9,60
-22,9,60
-22,9,59
-22,9,60
-22,9,60
-22,9,60
-22,9,60
-22,10,60
-22,9,60
-23,9,61
-23,9,61
-22,9,61
-22,9,61
-22,9,60
-22,8,59
-23,8,59
-23,9,59
-23,9,59
-23,9,60
-23,10,60
-23,10,60
-23,10,60
-23,10,61
-23,9,61
-23,9,61
-23,8,61
-23,8,60
-23,8,60
-23,8,60
-23,8,60
-23,8,59
-23,8,59
-22,9,59
-23,9,60
-23,10,60
-22,9,60
-22,9,60
-22,9,60
-22,8,60
-22,8,61
-22,8,60
-22,8,59
-22,8,59
-22,8,59
-22,8,59
-22,9,60
-22,9,61
-22,9,62
-23,10,62
-22,9,62
-22,9,61
-21,8,61
-21,8,61
-21,7,61
-21,7,61
-22,7,60
-22,7,59
-21,7,59
-21,7,59
-21,7,60
-21,8,61
-21,8,61
-21,8,62
-21,8,62
-21,8,62
-21,7,61
-21,7,61
-21,7,61
-22,6,62
-22,6,61
-21,6,60
-21,6,59
-21,7,59
-21,7,60
-21,7,61
-21,7,61
-21,8,61
-22,8,61
-22,8,61
-22,7,61
-21,7,61
-21,6,61
-22,6,61
-22,6,60
-22,6,60
-22,6,59
-22,7,59
-22,7,59
-22,7,61
-22,8,61
-22,8,62
-22,8,62
-22,7,61
-21,7,62
-21,7,61
-21,6,61
-21,6,61
-22,6,60
-22,6,59
-21,6,59
-21,6,60
-21,7,60
-21,7,60
-22,8,60
-21,8,60
-22,8,61
-22,8,61
-21,7,62
-21,7,62
-22,7,61
-22,6,61
-22,6,60
-22,6,59
-22,6,59
-22,7,60
-22,7,60
-23,8,61
-23,8,61
-22,8,61
-22,8,61
-22,8,60
-22,7,59
-22,7,59
-22,7,61
-22,7,61
-22,6,60
-22,7,60
-23,7,60
-23,8,60
-22,8,60
-22,8,61
-22,8,62
-22,8,62
-22,8,62
-22,8,61
-22,7,61
-22,7,60
-22,7,60
-22,7,59
-22,7,59
-22,7,59
-22,8,59
-22,8,60
-22,9,61
-23,9,62
-23,9,62
-23,9,61
-23,9,61
-23,9,60
-23,9,60
-23,8,60
-23,8,60
-23,8,59
-22,9,59
-22,9,59
-22,9,59
-22,10,59
-22,10,59
-22,10,60
-22,10,61
-22,10,61
-22,9,60
-22,9,61
-22,9,60
-22,9,60
-22,9,60
-22,9,59
-23,9,59
-23,10,59
-22,10,60
-23,10,60
-23,10,60
-23,10,60
-23,10,60
-23,10,60
-22,10,61
-22,10,61
-22,9,61
-22,9,61
-22,9,61
-22,9,61
-22,9,61
-22,9,61
-22,8,61
-22,8,61
-21,8,61
-21,8,61
-20,8,62
-21,8,64
-21,9,64
-22,8,62
-22,8,59
-22,7,56
-22,7,56
-21,7,57
-21,7,57
-23,7,58
-24,8,59
-25,8,59
-24,9,59
-22,10,64
-25,11,67
-25,10,64
-24,9,59
-24,8,57
-22,8,55
-22,8,55
-22,9,61
-26,9,63
-26,9,62
-25,9,59
-24,8,57
-23,8,55
-22,8,56
-23,8,58
-23,9,60
-24,10,62
-24,10,63
-24,10,63
-23,10,62
-22,10,61
-22,10,59
-22,10,59
-22,9,60
-23,9,60
-23,9,61
-22,9,61
-22,9,61
-22,9,61
-22,8,60
-22,8,60
-22,7,59
-22,7,59
-22,8,59
-22,8,59
-22,9,59
-22,9,59
-22,9,60
-23,9,61
-23,9,60
-23,8,59
-23,8,60
-22,9,61
-22,9,62
-22,8,62
-22,8,61
-22,8,61
-22,8,60
-22,9,60
-23,10,60
-23,10,59
-23,10,59
-23,10,59
-23,9,59
-23,9,59
-24,9,59
-24,9,60
-24,9,60
-24,10,60
-24,10,61
-23,10,61
-23,10,61
-23,9,61
-23,9,61
-23,9,60
-23,9,59
-22,9,59
-22,9,59
-22,9,59
-23,9,59
-23,9,60
-22,9,60
-23,9,60
-23,9,60
-23,9,60
-22,9,60
-22,9,60
-22,9,60
-22,9,60
-22,9,60
-22,9,60
-22,9,60
-22,9,60
-22,9,61
-22,9,61
-22,8,61
-21,8,61
-22,8,62
-22,9,63
-21,9,64
-24,9,64
-24,9,62
-23,8,57
-22,7,56
-22,7,55
-22,8,55
-23,8,55
-24,9,57
-24,9,59
-27,10,68
-27,10,67
-26,8,61
-25,8,58
-23,8,54
-22,8,54
-25,8,60
-27,8,62
-28,9,62
-27,8,59
-26,8,57
-23,7,55
-22,7,57
-27,8,62
-27,8,62
-29,8,60
-28,8,58
-25,7,54
-23,6,54
-22,6,58
-29,8,65
-29,7,64
-29,8,61
-28,7,58
-23,6,54
-22,6,55
-23,6,59
-27,7,62
-28,7,62
-29,8,62
-26,6,58
-24,5,56
-21,6,56
-26,7,62
-28,7,63
-28,8,62
-29,8,61
-25,6,57
-23,6,56
-22,6,59
-24,8,61
-27,8,61
-27,8,61
-26,8,58
-24,7,57
-22,6,56
-22,7,59
-26,7,62
-28,8,62
-27,8,61
-25,7,59
-23,7,57
-21,7,57
-22,7,59
-26,8,62
-27,8,61
-27,8,60
-25,8,58
-23,7,56
-23,8,55
-23,7,55
-23,7,55
-24,8,56
-25,9,59
-26,9,62
-26,9,67
-26,9,68
-24,9,66
-23,9,63
-22,9,58
-23,9,57
-24,9,57
-26,9,60
-26,9,61
-27,10,61
-26,10,60
-23,10,59
-22,11,58
-22,11,58
-23,11,59
-23,11,59
-23,11,60
-23,11,60
-23,10,59
-23,10,59
-23,10,59
-23,10,59
-23,10,59
-24,10,59
-24,10,60
-24,10,60
-24,10,60
-24,10,60
-24,9,59
-24,9,60
-25,9,61
-24,9,62
-24,10,62
-22,12,60
-21,12,60
-20,14,61
-19,14,61
-19,14,59
-20,14,59
-19,13,58
-19,12,58
-19,10,60
-20,9,61
-21,9,61
-21,9,61
-21,9,61
-21,8,62
-21,7,62
-20,7,62
-20,7,62
-20,8,61
-20,7,61
-20,7,61
-19,7,60
-19,8,61
-20,8,61
-19,8,61
-19,8,61
-19,8,61
-18,8,61
-18,8,61
-18,8,61
-18,8,61
-18,8,61
-18,8,62
-19,8,62
-18,7,62
-18,6,62
-18,6,62
-18,7,61
-18,8,62
-18,8,62
-18,8,63
-18,8,63
-18,8,62
-18,9,62
-18,9,61
-18,9,61
-18,9,61
-18,9,61
-18,9,61
-18,10,61
-17,10,61
-18,10,62
-17,11,62
-17,11,61
-18,11,61
-17,11,61
-16,11,61
-15,12,59
-15,12,58
-18,14,57
-22,13,59
-24,14,61
-25,13,64
-24,13,64
-22,13,62
-21,14,61
-20,15,59
-21,15,58
-21,15,58
-21,14,59
-22,13,59
-21,12,60
-21,11,59
-22,11,59
-22,11,59
-22,11,59
-23,11,60
-24,11,60
-24,11,60
-23,10,61
-23,10,61
-23,10,60
-23,10,60
-23,9,60
-24,10,60
-24,10,60
-23,10,60
-23,10,61
-23,10,61
-23,10,61
-23,9,60
-22,9,60
-22,9,61
-22,9,60
-22,7,58
-23,9,59
-23,9,59
-22,8,59
-22,8,59
-22,7,60
-21,7,61
-21,6,60
-22,7,60
-22,7,60
-23,7,60
-23,7,60
-23,7,61
-23,7,60
-24,7,61
-24,7,61
-24,7,60
-24,7,60
-25,7,61
-24,7,61
-24,7,61
-24,7,60
-24,7,60
-24,7,60
-24,7,60
-24,7,59
-23,7,59
-23,8,60
-23,8,60
-23,8,60
-23,8,60
-23,8,60
-23,8,60
-23,8,60
-23,8,60
-23,8,60
-24,8,60
-23,8,61
-23,8,61
-23,8,61
-22,8,61
-22,8,61
-22,8,61
-21,8,61
-21,8,61
-21,8,61
-21,8,61
-21,8,61
-20,8,60
-20,9,60
-20,9,60
-20,9,61
-20,9,61
-20,9,61
-20,9,61
-20,9,61
-19,9,61
-19,9,61
-19,8,61
-20,9,61
-20,9,61
-20,9,61
-20,9,61
-20,9,61
-20,9,62
-20,9,62
-20,9,62
-20,9,63
-20,9,62
-20,9,62
-19,9,61
-19,8,61
-19,8,61
-20,8,60
-20,8,60
-20,8,60
-20,8,60
-20,8,60
-20,8,61
-20,8,61
-20,8,62
-20,8,62
-21,8,62
-20,8,62
-20,8,62
-20,8,61
-20,8,61
-21,7,61
-21,8,60
-21,8,60
-21,8,61
-21,8,61
-21,9,61
-21,8,62
-21,9,61
-21,8,61
-21,8,61
-21,8,61
-21,8,61
-21,8,61
-22,8,60
-22,8,60
-22,8,60
-22,8,60
-22,9,60
-22,9,60
-22,9,61
-22,9,61
-22,9,61
-22,9,61
-22,9,61
-22,9,61
-22,9,61
-22,8,61
-22,8,61
-22,8,60
-22,8,60
-22,9,59
-22,9,59
-22,9,60
-22,9,61
-22,9,61
-22,9,61
-22,9,61
-22,9,61
-22,8,61
-22,8,61
-22,8,60
-22,8,60
-21,9,60
-21,9,60
-22,9,61
-21,9,61
-21,9,61
-21,9,61
-22,9,61
-21,9,60
-21,8,60
-22,8,60
-22,8,61
-22,9,61
-22,9,61
-22,9,61
-22,9,61
-22,9,61
-22,9,61
-22,9,61
-22,8,61
-22,8,60
-22,8,60
-22,8,59
-22,9,60
-22,9,60
-22,9,61
-22,9,61
-22,9,61
-22,9,61
-22,9,61
-22,9,61
-22,9,61
-22,9,61
-22,8,61
-22,8,61
-22,8,60
-22,8,60
-22,8,60
-22,8,59
-22,8,60
-22,9,60
-22,9,60
-22,9,60
-22,9,60
-22,9,60
-22,9,60
-22,8,60
-22,8,61
-22,8,61
-22,8,61
-22,8,61
-22,8,61
-22,9,61
-22,8,60
-22,9,60
-22,9,60
-23,9,60
-23,9,60
-23,9,60
-23,9,60
-23,9,60
-23,9,60
-23,9,61
-23,9,61
-23,8,61
-23,8,61
-23,8,61
-23,8,61
-23,8,60
-23,8,60
-23,8,60
-23,8,59
-23,8,60
-23,8,59
-23,9,59
-23,9,60
-23,9,60
-23,9,60
-22,9,61
-23,8,61
-22,8,61
-22,8,61
-22,8,61
-22,8,61
-22,8,60
-22,8,60
-22,8,60
-22,8,60
-22,8,60
-22,8,61
-22,8,61
-22,8,61
-22,7,61
-22,7,61
-22,8,61
-22,7,60
-22,8,60
-22,8,61
-22,7,61
-22,8,61
-22,8,61
-22,8,61
-22,8,61
-22,8,61
-22,8,61
-22,7,61
-22,8,61
-22,8,61
-22,8,61
-22,8,61
-22,8,61
-22,8,61
-22,8,61
-22,8,61
-22,8,61
-22,8,61
-22,8,61
-22,8,60
-22,8,60
-22,8,60
-22,8,61
-22,8,61
-22,8,61
-22,8,60
-22,8,61
-22,8,61
-22,8,61
-22,8,60
-22,8,60
-22,8,60
-22,8,60
-22,8,61
-22,8,61
-22,8,60
-22,8,61
-22,8,61
-22,8,61
-22,8,61
-22,8,61
-22,8,61
-22,8,61
-22,8,61
-22,8,61
-22,8,61
-22,8,61
-21,8,60
-21,8,60
-20,8,61
-20,8,61
-21,7,61
-21,7,61
-20,7,61
-21,7,61
-21,8,60
-21,8,60
-21,8,61
-21,9,61
-21,8,61
-21,8,61
-21,8,61
-21,8,61
-21,7,61
-22,7,61
-22,7,62
-22,7,61
-22,8,61
-22,8,61
-21,8,60
-22,8,60
-22,8,60
-22,8,60
-22,8,61
-21,8,61
-21,7,61
-21,7,62
-21,7,62
-22,7,62
-21,6,62
-21,6,61
-21,5,61
-20,5,60
-20,5,60
-20,6,60
-21,6,60
-21,7,59
-21,7,60
-21,7,60
-22,7,61
-22,6,61
-22,6,61
-23,5,62
-23,5,62
-23,6,61
-23,6,60
-23,7,60
-23,7,59
-24,7,60
-24,6,60
-24,7,61
-24,7,61
-24,7,61
-24,7,61
-24,7,61
-24,7,61
-24,6,61
-24,6,60
-24,6,60
-24,6,60
-24,5,60
-24,6,60
-24,6,60
-24,7,60
-24,7,60
-24,7,61
-24,7,60
-24,7,60
-24,7,60
-24,7,60
-24,7,60
-24,7,60
-23,7,60
-24,7,61
-23,7,61
-23,7,60
-23,7,60
-23,7,60
-23,7,60
-23,7,61
-22,7,60
-23,7,60
-23,8,60
-23,8,60
-22,8,60
-22,8,60
-22,8,61
-22,7,61
-23,7,61
-23,7,60
-23,7,60
-23,8,59
-23,8,60
-23,8,60
-23,8,60
-23,8,60
-23,8,61
-23,8,61
-23,8,61
-22,8,61
-22,8,61
-22,8,61
-22,8,61
-22,7,60
-22,7,60
-22,7,59
-22,8,59
-22,8,59
-22,9,59
-22,9,60
-22,9,60
-22,9,60
-22,9,61
-22,9,61
-23,9,61
-23,9,61
-23,9,60
-23,9,60
-23,9,61
-23,9,61
-23,9,61
-23,9,61
-23,9,60
-22,9,60
-22,9,60
-22,9,59
-22,9,60
-22,9,60
-22,9,60
-22,9,60
-22,9,60
-22,10,60
-22,10,60
-22,10,60
-22,9,60
-23,9,61
-23,9,61
-22,9,61
-23,9,60
-22,9,61
-23,9,61
-22,9,61
-23,9,60
-22,9,60
-23,9,61
-22,9,60
-22,9,60
-22,9,60
-22,9,60
-22,9,60
-22,8,60
-22,8,61
-22,8,61
-22,8,61
-22,8,61
-22,8,60
-22,8,60
-22,8,60
-22,8,61
-22,8,60
-22,8,61
-22,8,61
-22,8,60
-22,8,61
-22,8,60
-22,8,60
-22,8,60
-22,8,60
-22,8,60
-22,8,60
-23,8,60
-23,8,60
-23,8,60
-23,8,60
-23,8,60
-23,8,60
-23,8,60
-23,8,60
-23,8,60
-23,8,60
-23,8,60
-23,8,60
-23,8,60
-23,8,61
-23,8,61
-23,8,60
-23,8,61
-23,8,60
-23,8,60
-23,8,60
-23,8,60
-23,8,60
-23,8,61
-23,7,60
-23,8,61
-23,8,60
-23,8,60
-23,8,60
-23,8,60
-23,7,60
-23,7,60
-23,7,60
-23,7,60
-23,7,60
-23,7,60
-23,7,60
-23,7,60
-23,7,60
-23,7,61
-23,7,61
-23,7,61
-23,7,60
-23,7,61
-23,7,60
-23,7,61
-23,7,60
-22,7,61
-23,7,61
-22,7,61
-22,7,61
-22,7,60
-22,7,60
-22,7,60
-22,7,60
-22,7,61
-22,7,61
-22,6,61
-22,6,61
-22,6,61
-22,6,61
-22,7,61
-22,7,61
-22,7,61
-21,7,61
-21,7,61
-21,7,61
-21,7,61
-21,7,61
-21,7,61
-21,7,61
-21,6,61
-21,7,61
-21,7,61
-21,7,61
-21,7,61
-21,7,61
-21,7,61
-21,7,61
-21,6,61
-21,6,61
-21,6,61
-21,7,60
-20,6,61
-20,7,61
-20,7,61
-20,7,62
-21,7,62
-21,7,61
-20,7,61
-21,7,61
-21,7,61
-21,7,61
-21,7,61
-21,7,61
-21,7,61
-21,7,61
-21,7,61
-21,7,61
-21,7,61
-21,7,62
-21,7,62
-22,7,62
-22,7,62
-22,7,61
-21,7,61
-21,7,61
-21,7,60
-21,7,61
-20,7,61
-21,7,61
-20,7,61
-20,7,62
-20,8,62
-20,8,62
-20,8,61
-20,8,61
-20,9,61
-20,9,61
-19,10,61
-19,11,60
-20,11,60
-20,12,60
-20,12,60
-20,13,60
-21,13,60
-21,13,60
-21,13,60
-21,14,60
-21,14,60
-21,14,61
-21,14,60
-21,14,60
-21,14,60
-21,14,60
-21,14,60
-21,14,60
-21,14,60
-21,14,60
-21,14,59
-21,14,59
-21,14,59
-21,14,59
-21,14,59
-21,15,59
-21,14,60
-20,15,60
-20,15,60
-20,15,60
-20,14,60
-20,14,60
-20,14,60
-20,14,60
-20,14,60
-20,14,60
-20,14,60
-20,14,60
-20,14,60
-20,14,61
-20,14,61
-20,14,61
-20,14,60
-20,14,59
-20,13,58
-20,14,59
-20,13,59
-20,13,60
-20,13,61
-20,13,61
-20,13,61
-20,13,60
-20,13,60
-20,13,60
-20,13,60
-20,13,60
-20,13,60
-20,13,60
-21,13,60
-20,13,60
-20,13,60
-20,13,60
-20,13,60
-21,13,61
-21,13,61
-21,13,60
-21,12,61
-21,13,60
-21,12,60
-21,12,60
-21,12,60
-21,12,61
-21,12,61
-21,12,61
-21,12,61
-21,12,61
-21,12,61
-21,12,61
-21,12,60
-21,12,60
-21,11,61
-21,11,60
-21,11,60
-21,11,60
-21,11,61
-21,11,61
-20,11,61
-20,11,61
-20,10,61
-20,10,61
-20,10,61
-21,10,61
-20,10,61
-20,10,61
-20,10,61
-20,10,61
-20,10,60
-20,11,61
-20,10,61
-20,10,61
-21,10,61
-21,10,60
-21,10,60
-21,10,60
-21,10,60
-21,10,61
-21,10,61
-21,10,61
-21,10,61
-21,10,61
-21,10,61
-21,10,61
-21,10,61
-21,10,61
-22,10,60
-21,10,60
-21,10,61
-22,10,60
-22,10,61
-21,10,60
-22,10,61
-22,10,61
-21,10,61
-22,10,61
-22,10,60
-22,10,61
-22,10,61
-22,9,61
-22,10,61
-22,10,61
-22,10,60
-22,9,61
-22,10,60
-22,10,61
-22,10,60
-22,10,61
-22,9,61
-22,9,61
-22,9,61
-22,9,61
-22,9,60
-22,9,61
-22,9,61
-22,9,60
-22,9,61
-22,9,61
-22,9,61
-22,9,61
-22,9,61
-22,9,61
-22,9,61
-22,9,60
-22,9,60
-22,9,60
-21,10,61
-21,10,60
-21,10,61
-21,9,61
-22,9,61
-22,9,61
-22,9,61
-22,10,60
-21,10,60
-21,9,60
-22,10,60
-22,9,60
-22,9,61
-22,10,60
-22,10,61
-22,10,61
-22,10,60
-22,10,60
-22,10,60
-22,10,60
-22,10,60
-22,10,60
-22,10,60
-22,10,60
-22,10,60
-23,10,61
-23,10,61
-22,10,61
-22,10,61
-22,10,60
-22,10,60
-22,10,60
-22,10,60
-22,10,60
-22,10,60
-22,10,60
-22,10,61
-22,10,60
-22,10,61
-21,10,60
-21,10,60
-21,10,61
-21,10,61
-21,9,61
-21,9,61
-21,9,60
-21,9,60
-21,9,60
-21,9,61
-21,9,61
-21,9,61
-20,10,63
-20,9,65
-21,10,64
-22,9,61
-20,8,56
-21,8,56
-22,9,57
-21,8,59
-19,9,66
-22,10,66
-23,9,61
-21,8,57
-21,8,56
-20,8,57
-18,8,61
-22,10,69
-24,9,67
-22,8,60
-22,8,58
-22,6,55
-21,7,55
-17,7,62
-21,8,66
-25,9,66
-23,9,61
-23,8,58
-21,6,53
-19,6,53
-18,6,62
-23,8,66
-26,8,66
-24,8,64
-25,7,59
-23,6,56
-19,5,54
-20,6,62
-24,7,65
-25,7,64
-25,7,61
-24,5,57
-22,5,55
-19,4,53
-18,5,53
-20,5,55
-22,6,58
-25,7,67
-26,8,71
-26,7,73
-22,6,66
-21,6,62
-21,6,57
-21,7,56
-23,7,58
-23,7,61
-24,8,63
-24,8,63
-22,7,61
-22,7,59
-21,6,57
-21,6,57
-21,6,59
-21,6,62
-21,6,62
-21,6,63
-21,6,63
-20,5,62
-20,5,62
-20,5,62
-20,5,62
-20,6,62
-19,6,62
-19,6,62
-19,6,61
-20,6,61
-20,6,60
-20,6,61
-20,6,61
-20,6,62
-20,6,62
-20,6,62
-19,6,62
-20,6,62
-20,6,61
-20,6,61
-20,6,61
-20,6,62
-20,6,61
-20,6,61
-20,6,62
-20,6,62
-20,6,62
-20,6,62
-20,6,62
-20,6,61
-20,6,60
-20,6,60
-20,7,61
-21,7,61
-21,7,61
-21,7,61
-21,7,61
-21,7,60
-22,7,60
-22,7,61
-23,7,61
-23,7,61
-23,7,62
-23,7,63
-23,7,63
-22,7,62
-22,7,62
-21,6,61
-21,6,60
-22,6,60
-22,6,60
-22,6,59
-22,6,59
-22,7,59
-22,7,59
-23,7,61
-23,7,61
-23,7,62
-23,7,61
-23,7,61
-23,7,60
-24,7,60
-23,7,59
-23,7,59
-23,8,60
-23,8,60
-23,9,60
-23,8,60
-23,9,60
-23,9,60
-23,9,60
-23,9,60
-23,9,60
-23,9,60
-23,9,60
-23,8,60
-23,8,60
-23,9,61
-23,9,61
-23,10,61
-23,10,60
-23,10,60
-23,10,60
-23,10,61
-22,11,61
-22,11,61
-22,11,60
-22,11,60
-22,11,59
-22,11,59
-22,11,59
-22,10,60
-22,10,61
-22,10,61
-22,9,61
-22,9,60
-22,9,60
-22,8,60
-22,8,61
-22,9,61
-22,9,61
-22,9,61
-22,8,60
-21,8,61
-22,8,60
-21,8,60
-20,8,60
-20,9,60
-21,9,62
-22,8,61
-23,8,62
-23,7,62
-25,6,61
-27,6,60
-31,2,64
-22,4,65
-26,7,61
-26,5,64
-18,5,62
-17,9,59
-16,10,64
-16,10,65
-15,10,64
-13,10,58
-13,10,58
-11,11,59
-9,11,61
-8,11,62
-7,12,63
-7,11,62
-6,11,61
-5,11,62
-3,11,62
-3,11,63
-3,12,64
-4,12,65
-4,12,64
-4,12,63
-4,12,62
-4,11,62
-4,11,62
-4,11,63
-4,11,64
-5,11,64
-5,11,64
-4,11,63
-5,11,63
-5,11,63
-5,11,64
-6,11,64
-6,11,64
-6,11,63
-6,11,63
-6,11,63
-7,11,64
-7,11,63
-8,11,63
-7,11,63
-7,11,64
-7,11,64
-8,11,64
-8,11,64
-7,10,64
-7,10,63
-8,11,63
-8,10,63
-8,10,63
-7,10,63
-8,10,63
-8,10,63
-8,10,63
-9,10,63
-9,10,63
-9,10,64
-9,9,64
-11,10,63
-11,10,63
-10,9,63
-10,9,63
-12,9,63
-12,10,64
-12,8,64
-16,9,63
-16,9,64
-16,9,61
-16,9,61
-17,8,62
-16,8,63
-17,11,64
-18,11,67
-15,10,66
-14,10,65
-14,10,63
-13,10,62
-11,9,62
-7,8,65
-5,7,65
-4,6,64
-4,7,64
-2,5,64
2,5,66
3,1,66
3,0,66
3,1,64
5,1,63
2,2,66
7,4,63
8,6,62
1,5,68
2,5,71
8,6,57
12,7,61
13,8,61
11,10,59
11,12,64
12,16,61
14,14,53
13,14,52
9,13,54
8,13,57
7,15,57
3,14,58
2,15,59
0,14,57
-1,11,55
-4,8,52
-9,8,55
-18,8,56
-20,10,57
-36,15,70
-49,14,70
-46,12,68
-41,10,62
-38,9,58
-34,9,55
-32,9,57
-33,6,55
-33,6,54
-36,5,50
-35,5,49
-37,5,50
-35,6,52
-33,8,56
-34,10,56
-34,10,55
-37,11,56
-37,9,56
-34,8,57
-32,11,56
-32,13,57
-32,13,57
-30,12,58
-30,13,57
-30,13,55
-28,13,56
-27,12,57
-26,13,58
-26,13,57
-24,13,58
-24,13,57
-24,14,57
-24,14,57
-24,14,57
-24,15,57
-24,14,58
-24,15,58
-24,15,58
-24,14,58
-24,14,59
-24,14,60
-24,14,60
-24,13,58
-24,13,58
-25,13,59
-25,14,59
-24,13,58
-24,13,58
-24,13,58
-24,13,58
-24,13,59
-25,12,59
-25,12,59
-25,12,59
-24,12,58
-24,12,59
-24,12,59
-24,12,59
-24,12,59
-25,12,59
-25,12,59
-24,12,58
-24,12,58
-24,12,59
-24,12,59
-24,12,59
-24,12,59
-24,12,59
-24,12,59
-25,12,59
-25,11,59
-25,11,59
-25,11,59
-25,11,59
-24,11,59
-24,11,59
-24,11,59
-24,11,59
-24,11,59
-24,11,60
-25,11,60
-24,11,60
-23,11,59
-23,11,59
-23,11,59
-22,11,59
-22,11,59
-22,11,59
-22,11,59
-22,11,59
-22,11,60
-22,11,60
-22,11,60
-22,11,60
-22,11,60
-22,11,60
-23,11,60
-23,11,59
-23,11,59
-22,11,59
-22,10,59
-23,10,59
-24,10,58
-27,9,59
-28,9,59
-28,9,61
-30,10,60
-30,9,56
-30,8,56
-30,7,63
-31,7,64
-26,9,63
-27,9,60
-27,10,60
-21,11,60
-19,11,59
-17,10,57
-16,10,59
-12,9,66
-9,9,67
-5,9,67
-4,8,67
-3,7,67
-1,6,65
1,5,64
3,0,61
3,0,56
8,0,49
7,1,50
5,2,58
4,2,60
1,3,62
3,3,63
5,3,66
6,4,66
3,5,64
-3,7,63
-10,10,65
-11,8,64
-13,7,62
-19,7,65
-21,6,66
-25,5,65
-26,6,65
-27,4,62
-26,4,61
-23,1,59
-23,2,58
-23,2,60
-23,2,60
-24,2,60
-24,2,61
-24,2,62
-24,4,62
-24,4,62
-23,4,62
-22,4,61
-23,4,61
-23,4,60
-23,4,60
-23,4,59
-22,6,60
-21,8,61
-21,7,61
-22,5,61
-23,5,61
-23,4,61
-23,4,61
-23,4,61
-23,4,61
-24,5,61
-24,5,61
-24,5,61
-24,5,61
-24,5,60
-24,6,60
-24,6,61
-24,6,61
-24,6,62
-24,7,63
-24,7,62
-24,6,61
-24,6,60
-24,5,58
-24,5,58
-23,5,57
-23,5,59
-23,5,59
-23,5,61
-23,5,62
-23,5,63
-23,5,63
-22,5,64
-22,6,63
-22,5,62
-22,5,61
-23,5,59
-22,5,58
-22,5,58
-22,5,59
-22,5,60
-22,5,62
-22,5,62
-22,5,62
-22,5,62
-22,5,61
-22,5,60
-22,5,61
-22,5,61
-22,5,61
-22,5,61
-22,5,61
-22,6,61
-22,5,61
-22,6,61
-22,6,61
-22,6,61
-22,6,61
-22,6,61
-22,6,61
-22,6,61
-22,6,61
-22,6,61
-22,6,61
-22,6,61
-22,6,61
-22,6,60
-22,6,60
-22,6,60
-22,6,61
-22,6,61
-23,6,61
-22,6,61
-23,6,61
-23,6,61
-23,6,61
-23,6,61
-23,6,61
-23,6,61
-23,6,61
-23,6,61
-23,6,60
-23,6,61
-23,6,61
-23,6,61
-22,6,61
-22,6,61
-22,6,61
-22,6,61
-22,6,61
-21,6,61
-22,5,61
-21,5,61
-21,5,61
-21,5,61
-21,5,61
-21,5,61
-21,5,61
-21,5,61
-21,5,61
-21,5,62
-21,5,61
-21,5,61
-21,5,61
-22,5,61
-21,5,61
-21,5,62
-21,5,62
-21,5,62
-21,5,62
-22,5,61
-22,5,61
-21,5,61
-21,5,61
-21,5,61
-22,5,61
-22,5,61
-21,5,61
-21,5,61
-21,5,62
-21,5,62
-22,5,62
-22,5,62
-23,3,59
-25,5,62
-23,5,61
-21,4,59
-21,4,59
-22,4,59
-23,4,59
-24,5,60
-24,6,61
-23,6,61
-23,6,61
-23,6,61
-24,6,61
-25,6,61
-25,6,62
-24,5,61
-23,5,58
-22,4,57
-22,4,58
-23,4,58
-23,4,61
-23,5,61
-24,7,62
-25,8,62
-25,7,61
-25,6,62
-22,6,62
-20,5,62
-21,5,62
-24,5,61
-24,5,60
-24,6,59
-24,5,60
-22,5,61
-21,5,61
-22,5,61
-22,6,61
-23,6,61
-23,6,61
-23,6,61
-22,6,60
-22,6,60
-22,6,59
-22,6,59
-22,6,60
-22,6,61
-22,6,62
-22,6,62
-22,6,61
-22,5,61
-23,5,60
-22,5,60
-22,5,61
-22,5,61
-22,5,61
-22,5,61
-22,5,61
-22,5,62
-22,5,61
-22,5,61
-22,5,61
-22,5,60
-22,5,60
-22,5,59
-22,5,59
-22,5,60
-23,5,62
-23,6,62
-22,6,62
-21,6,62
-22,6,62
-23,6,61
-23,6,61
-23,6,61
-22,6,60
-22,5,60
-22,5,60
-23,5,61
-23,5,61
-22,5,61
-22,5,61
-22,5,61
-23,5,61
-23,5,60
-22,5,60
-22,5,61
-22,5,61
-22,6,61
-22,5,61
-22,6,61
-22,6,60
-22,6,60
-22,5,59
-23,5,60
-23,5,61
-23,5,61
-23,5,62
-23,5,62
-23,5,61
-23,5,61
-23,5,61
-23,5,61
-23,5,61
-23,5,61
-23,5,61
-23,5,61
-23,5,61
-23,5,61
-23,5,61
-23,5,61
-23,5,61
-23,5,61
-23,5,61
-23,6,61
-22,6,61
-23,6,61
-23,5,61
-23,5,61
-22,5,61
-23,5,61
-22,5,61
-22,5,61
-22,5,61
-22,5,61
-22,5,61
-22,5,61
-22,5,61
-22,5,61
-22,5,61
-22,5,61
-22,5,61
-22,5,61
-22,5,62
-22,5,62
-21,5,62
-21,5,61
-21,5,61
-21,5,61
-21,5,61
-21,5,62
-20,5,63
-20,5,64
-19,5,66
-20,5,65
-23,5,59
-22,5,58
-22,4,57
-21,4,57
-20,4,57
-20,4,57
-21,4,57
-23,4,56
-24,4,55
-24,6,61
-24,7,65
-26,7,68
-26,7,66
-25,5,59
-24,5,56
-24,6,52
-24,6,50
-25,7,51
-31,8,57
-33,8,58
-37,10,59
-37,10,57
-35,10,53
-35,11,52
-38,13,53
-41,14,53
-45,15,48
-45,15,47
-44,16,43
-44,16,42
-44,16,41
-47,17,47
-50,17,48
-51,16,47
-51,16,46
-51,16,44
-51,16,42
-49,17,42
-48,17,45
-49,16,48
-48,16,48
-45,15,44
-43,15,41
-42,15,40
-40,15,40
-40,14,42
-43,14,46
-43,13,47
-43,12,46
-44,11,46
-44,11,46
-44,10,49
-44,9,53
-43,8,54
-41,7,54
-39,7,53
-39,7,51
-37,7,51
-36,6,53
-34,7,57
-33,7,59
-32,8,61
-30,9,61
-29,10,60
-29,10,59
-28,11,57
-27,11,57
-26,12,57
-25,11,56
-24,11,57
-24,12,57
-23,12,57
-23,12,57
-23,13,58
-24,14,58
-23,15,58
-23,14,58
-24,15,59
-21,13,59
-20,12,59
-21,12,59
-21,11,59
-21,11,60
-21,10,61
-21,9,62
-21,8,64
-21,7,64
-21,6,62
-20,5,61
-20,4,59
-20,3,58
-21,2,58
-21,2,59
-21,2,60
-21,2,63
-21,3,63
-21,4,64
-22,4,64
-22,4,63
-22,4,62
-22,4,60
-23,4,60
-23,4,59
-23,4,59
-24,4,60
-24,4,61
-24,4,61
-24,4,61
-24,3,61
-25,3,59
-26,3,58
-30,3,59
-29,3,62
-26,3,63
-24,2,62
-21,1,59
-20,2,58
-22,2,58
-27,3,61
-29,3,62
-30,5,62
-29,6,60
-25,4,59
-23,4,59
-19,3,59
-19,3,59
-23,4,60
-25,4,61
-27,5,62
-25,5,62
-23,5,61
-21,5,61
-21,5,60
-23,5,60
-23,5,60
-24,6,61
-24,6,61
-24,6,61
-23,6,61
-22,6,60
-22,6,59
-23,5,59
-24,6,59
-24,6,59
-24,6,60
-24,6,60
-24,6,60
-24,6,60
-25,5,61
-25,5,61
-25,5,61
-25,5,61
-25,5,61
-25,6,61
-25,6,61
-24,6,60
-24,7,60
-24,7,60
-24,7,60
-24,7,61
-23,7,61
-23,7,61
-23,7,61
-22,7,61
-22,7,61
-21,7,61
-21,7,60
-20,7,60
-20,7,60
-20,7,61
-20,6,61
-21,6,61
-22,5,61
-22,4,60
-22,4,59
-22,5,59
-23,6,60
-23,7,61
-24,8,62
-24,9,61
-23,9,61
-23,9,60
-23,8,59
-24,8,59
-23,8,59
-23,8,60
-24,8,60
-24,8,60
-24,8,60
-23,8,59
-24,8,59
-24,7,58
-24,7,58
-24,7,59
-25,8,59
-25,8,59
-25,9,59
-25,9,59
-25,10,59
-26,10,59
-26,11,59
-27,11,58
-27,11,58
-27,13,58
-28,13,57
-28,14,57
-28,14,56
-29,15,57
-28,15,56
-29,16,56
-29,16,57
-29,16,57
-29,17,57
-30,17,57
-30,17,57
-30,17,57
-30,17,57
-29,16,57
-29,16,57
-29,16,57
-28,15,55
-26,15,55
-24,15,57
-25,15,59
-26,16,61
-27,15,61
-25,15,59
-24,15,56
-23,15,55
-23,15,55
-24,16,55
-26,17,56
-28,17,57
-28,19,57
-26,18,57
-25,20,57
-24,19,57
-24,17,58
-24,16,59
-25,15,59
-25,13,61
-25,12,62
-24,10,62
-24,8,62
-22,7,60
-22,6,60
-22,7,59
-22,7,59
-22,6,59
-22,6,59
-21,6,60
-21,6,60
-21,6,60
-21,5,61
-21,5,62
-21,6,63
-21,6,63
-21,7,62
-21,7,62
-21,6,61
-21,6,61
-21,5,60
-21,5,60
-22,5,61
-22,5,60
-22,5,60
-23,5,60
-22,5,60
-22,5,61
-22,6,62
-22,7,63
-22,7,62
-22,7,62
-22,6,61
-22,6,61
-22,6,60
-22,7,60
-22,8,61
-21,8,61
-21,8,62
-21,8,62
-22,8,62
-22,7,61
-22,6,60
-22,6,59
-22,7,60
-22,7,60
-22,8,61
-22,8,62
-23,8,62
-22,7,61
-22,6,61
-22,5,61
-22,5,61
-22,5,62
-22,5,62
-22,6,61
-22,7,61
-22,7,60
-22,7,60
-22,6,61
-22,6,61
-22,5,61
-22,5,61
-22,5,61
-21,6,61
-21,6,61
-22,6,61
-22,5,61
-22,5,61
-21,5,61
-21,5,61
-22,5,61
-22,5,61
-22,5,61
-22,5,61
-22,5,61
-22,4,61
-22,5,62
-22,4,62
-22,4,62
-22,4,62
-22,4,62
-22,4,62
-22,4,62
-22,3,61
-22,3,61
-22,3,61
-22,3,61
-22,4,61
-22,4,61
-22,4,61
-22,4,61
-21,4,61
-21,4,61
-21,4,61
-21,4,61
-22,4,61
-21,4,61
-21,4,61
-21,4,61
-21,4,61
-21,4,61
-21,4,61
-21,4,61
-21,4,61
-21,4,61
-21,4,61
-21,4,61
-21,4,61
-21,4,61
-21,4,61
-21,4,61
-21,5,61
-21,5,61
-21,4,61
-21,4,61
-22,4,61
-22,5,61
-22,5,61
-22,5,61
-22,4,61
-22,4,61
-22,5,61
-22,4,61
-22,4,61
-22,4,61
-22,4,61
-22,4,61
-22,4,61
-22,4,61
-22,4,61
-22,4,61
-22,4,61
-22,4,61
-22,4,61
-22,4,61
-22,4,61
-22,4,61
-22,4,61
-22,4,61
-22,4,61
-22,4,61
-22,4,61
-22,4,61
-22,4,61
-22,4,61
-22,4,61
-22,4,61
-22,4,61
-22,4,62
-22,4,61
-22,4,61
-22,4,61
-22,4,61
-22,4,61
-21,4,61
-21,4,61
-21,4,61
-22,4,61
-23,5,63
-24,5,63
-24,5,62
-21,4,59
-20,4,58
-19,4,58
-19,4,59
-21,4,62
-22,4,64
-22,4,64
-22,4,64
-23,5,62
-23,4,61
-22,5,59
-20,4,57
-20,5,57
-20,5,60
-21,5,62
-22,5,65
-22,5,65
-22,5,63
-22,5,62
-21,4,58
-21,5,58
-22,5,59
-23,5,62
-23,5,62
-22,5,62
-21,5,61
-22,5,60
-22,5,61
-23,5,62
-23,5,62
-22,5,61
-22,5,61
-22,5,60
-22,5,60
-22,5,61
-22,5,62
-22,5,62
-22,5,62
-21,5,62
-21,5,61
-22,4,61
-21,5,61
-21,5,61
-21,5,61
-21,5,61
-21,5,61
-21,5,61
-21,5,61
-21,4,61
-21,5,61
-21,5,61
-21,5,61
-21,4,61
-21,5,61
-21,5,61
-21,4,61
-23,5,60
-24,5,59
-24,5,61
-22,4,63
-21,5,63
-19,5,61
-18,4,60
-20,4,59
-21,4,59
-22,4,60
-23,4,61
-24,3,62
-24,3,62
-23,2,62
-24,3,61
-24,3,61
-24,3,60
-25,3,60
-25,3,61
-25,3,60
-25,4,59
-25,4,60
-26,5,60
-26,5,61
-25,5,61
-25,6,60
-25,6,60
-24,6,60
-24,6,59
-24,5,60
-23,5,60
-23,5,61
-23,5,61
-23,4,61
-23,4,61
-22,4,61
-22,4,61
-22,5,61
-22,5,61
-22,5,61
-22,5,61
-22,6,61
-22,6,61
-21,6,61
-21,6,61
-21,6,61
-21,6,61
-22,5,61
-22,5,61
-21,5,61
-22,5,61
-21,5,61
-22,5,61
-21,5,61
-21,5,61
-22,5,61
-21,5,61
-21,5,61
-21,6,61
-21,5,61
-21,6,61
-22,5,61
-21,5,61
-21,5,61
-21,5,61
-21,5,61
-21,5,61
-21,5,61
-21,5,61
-21,5,61
-21,5,61
-21,5,61
-21,5,61
-22,5,61
-22,5,61
-21,5,61
-22,5,61
-21,5,61
-22,5,61
-22,5,61
-22,5,61
-22,5,61
-22,5,61
-22,5,61
-22,5,61
-22,5,61
-22,5,61
-22,5,61
-22,5,61
-22,5,61
-22,5,61
-22,5,61
-22,5,61
-22,5,61
-22,4,61
-22,5,61
-22,5,61
-22,5,61
-22,5,61
-22,5,61
-22,5,61
-22,4,61
-22,5,61
-22,4,61
-22,4,61
-22,4,61
-22,5,61
-22,4,61
-22,4,61
-22,4,61
-22,4,61
-22,4,61
-22,4,61
-22,4,61
-22,4,61
-22,4,61
-22,4,61
-22,4,61
-22,4,61
-22,4,61
-22,4,61
-22,4,61
-22,4,61
-22,4,61
-22,4,61
-22,4,61
-22,4,61
-22,4,61
-22,4,61
-22,4,61
-22,4,61
-21,4,61
-22,4,61
-22,4,61
-22,4,61
-22,4,61
-22,4,61
-22,4,61
-22,4,61
-22,4,61
-22,4,61
-22,4,61
-22,4,61
-21,4,61
-22,4,61
-22,4,61
-22,4,61
-22,4,61
-21,4,61
-21,5,61
-22,4,61
-22,5,61
-21,4,61
-22,5,61
-21,5,61
-22,5,61
-22,5,61
-21,5,61
-21,5,61
-21,5,61
-21,5,61
-21,5,61
-21,5,61
-21,5,61
-21,5,61
-22,5,62
-21,4,61
-22,5,61
-21,5,61
-22,5,61
-22,5,61
-22,5,61
-22,5,61
-22,5,61
-22,5,61
-22,5,61
-22,5,61
-22,5,61
-21,5,61
-21,5,61
-21,5,61
-21,5,61
-22,5,61
-22,5,61
-22,5,61
-21,5,61
-21,5,61
-21,5,61
-21,5,61
-21,5,61
-21,5,62
-21,5,62
-22,5,62
-22,5,61
-22,5,61
-22,5,61
-21,5,61
-21,5,61
-22,5,61
-21,5,62
-21,5,62
-21,5,62
-22,5,62
-21,5,61
-21,5,61
-21,5,61
-22,5,61
-22,5,61
-21,5,61
-22,5,61
-22,5,61
-21,5,61
-22,5,61
-22,5,61
-22,5,61
-21,5,61
-21,5,61
-21,5,61
-21,5,61
-21,5,61
-21,5,61
-21,5,61
-21,5,61
-21,5,61
-21,5,61
-21,5,61
-21,5,61
-21,5,61
-21,5,61
-21,5,61
-21,5,61
-21,5,61
-21,5,61
-21,5,61
-21,5,61
-21,5,61
-21,5,61
-21,5,62
-21,5,61
-22,5,62
-22,5,61
-22,5,61
-21,5,61
-22,5,61
-22,5,61
-22,5,62
-22,5,61
-22,5,61
-22,5,61
-22,5,62
-22,5,61
-22,5,61
-21,5,61
-22,5,61
-22,5,61
-22,5,62
-21,5,61
-22,5,61
-22,5,61
-21,5,61
-21,5,61
-21,5,61
-22,5,61
-22,5,61
-22,5,61
-22,5,61
-21,5,61
-22,5,61
-21,5,61
-22,5,61
-22,5,61
-22,5,61
-22,5,61
-21,5,61
-22,5,61
-22,5,61
-21,5,61
-21,5,61
-21,5,61
-22,5,61
-21,5,61
-21,5,61
-21,5,61
-21,5,61
-21,5,61
-21,5,61
-21,5,61
-21,5,61
-21,5,61
-21,5,61
-21,5,62
-21,5,61
-21,5,61
-21,5,62
-21,5,61
-21,5,62
-21,5,61
-21,5,61
-21,5,61
-21,5,61
-21,5,61
-21,5,61
-21,5,62
-21,5,62
-21,5,62
-21,5,61
-21,5,62
-21,5,61
-21,5,61
-21,5,61
-21,5,61
-21,5,61
-21,5,61
-21,5,61
-21,5,62
-21,5,61
-21,5,61
-21,5,61
-21,5,61
-21,5,61
-21,5,61
-21,5,61
-21,5,61
-21,5,61
-21,5,61
-21,5,61
-21,5,61
-21,5,61
-21,5,61
-21,5,61
-22,5,61
-22,5,61
-21,5,61
-21,5,61
-22,5,61
-22,5,61
-22,5,61
-22,5,61
-21,5,61
-22,5,61
-22,5,61
-22,5,61
-22,5,62
-22,5,62
-22,5,62
-22,5,62
-22,5,62
-22,5,61
-22,5,61
-22,5,61
-22,5,61
-22,5,61
-21,5,61
-21,5,61
-21,5,62
-21,5,62
-21,5,61
-21,5,61
-21,5,61
-21,5,61
-20,4,62
-21,5,63
-20,5,62
-21,4,61
-21,4,60
-20,4,60
-20,4,61
-20,4,61
-20,4,61
-20,4,62
-21,4,62
-21,4,62
-20,4,62
-21,4,62
-20,4,62
-21,4,62
-20,4,61
-21,4,61
-21,4,61
-21,4,62
-21,4,62
-20,4,62
-21,4,62
-21,4,61
-21,4,61
-21,4,61
-21,4,61
-21,4,61
-21,4,61
-21,4,61
-21,4,62
-21,4,61
-21,4,61
-21,4,61
-21,4,61
-21,4,61
-21,4,62
-21,4,62
-21,4,62
-21,4,62
-21,4,62
-21,4,62
-21,4,62
-21,4,62
-21,4,61
-21,4,61
-21,4,61
-21,4,61
-21,4,61
-21,4,61
-21,4,61
-21,4,61
-21,4,61
-21,4,61
-21,4,62
-21,4,62
-21,4,62
-21,4,62
-21,4,61
-21,4,61
-21,4,61
-21,4,61
-21,4,61
-21,4,62
-21,4,62
-21,4,61
-21,4,61
-21,4,62
-22,4,62
-21,4,61
-21,3,60
-21,3,62
-22,3,62
-23,4,62
-24,5,61
-24,5,61
-22,6,59
-21,6,58
-20,6,59
-21,7,59
-23,6,62
-23,5,62
-24,5,63
-23,5,63
-24,5,62
-24,5,61
-22,5,59
-20,5,57
-20,5,57
-22,5,61
-23,5,63
-25,6,66
-24,6,65
-22,6,64
-21,6,64
-21,6,62
-22,6,60
-23,5,57
-23,5,57
-23,4,57
-23,4,58
-23,4,59
-24,5,59
-24,5,59
-23,6,59
-23,6,61
-23,6,63
-23,5,63
-23,5,62
-24,5,62
-23,5,61
-23,5,60
-22,5,59
-23,5,59
-23,5,59
-24,4,59
-23,4,59
-23,5,59
-23,5,59
-24,5,61
-24,6,62
-24,7,62
-24,8,61
-24,9,59
-24,10,59
-24,10,58
-24,9,59
-25,9,59
-25,9,61
-25,9,61
-25,9,62
-25,8,61
-24,8,61
-24,8,60
-24,8,60
-24,8,60
-24,8,60
-23,8,61
-23,8,60
-23,8,60
-23,8,60
-23,7,60
-22,7,60
-22,7,61
-22,7,61
-22,7,61
-22,7,61
-22,6,60
-22,6,60
-22,6,60
-22,6,59
-22,5,59
-22,6,60
-22,6,61
-22,6,62
-22,5,62
-22,5,62
-22,5,62
-22,4,61
-23,2,61
-22,2,61
-23,1,61
-23,1,61
-22,2,61
-22,1,61
-22,2,61
-22,3,61
-22,3,61
-22,3,61
-22,3,61
-22,4,61
-22,4,61
-23,4,61
-23,4,61
-23,3,61
-23,4,61
-23,4,61
-23,4,61
-23,4,61
-23,4,61
-23,4,61
-23,4,61
-23,4,61
-23,4,61
-22,4,61
-23,4,61
-23,4,61
-23,4,61
-23,4,61
-22,4,61
-23,4,61
-23,4,61
-23,4,61
-23,4,61
-23,4,61
-23,4,61
-23,4,61
-23,4,61
-23,4,61
-23,4,61
-23,4,61
-23,4,61
-23,4,61
-22,4,61
-23,4,61
-23,4,61
-22,4,61
-22,4,61
-23,4,61
-22,4,61
-22,4,61
-22,4,61
-22,4,61
-22,4,61
-22,4,61
-22,4,61
-22,4,61
-22,4,61
-22,4,61
-22,4,61
-22,4,61
-22,4,61
-22,4,61
-22,4,61
-22,4,61
-22,4,61
-22,4,61
-22,4,61
-22,4,61
-22,4,61
-22,4,61
-22,4,61
-22,5,61
-22,4,61
-22,5,61
-22,5,61
-22,5,61
-22,4,61
-22,4,61
-22,5,61
-22,5,61
-22,5,61
-22,5,61
-22,5,61
-22,5,61
-22,5,61
-22,5,61
-22,5,61
-22,5,61
-22,5,61
-22,5,61
-22,5,61
-22,5,61
-22,5,61
-22,4,61
-22,5,61
-22,5,61
-22,5,61
-21,5,61
-22,4,61
-22,5,61
-22,5,61
-22,5,61
-22,5,61
-21,5,61
-22,5,61
-22,4,61
-21,5,61
-22,5,61
-22,5,61
-22,5,61
-22,5,61
-22,5,61
-22,5,61
-22,5,61
-22,5,61
-22,5,61
-22,5,61
-22,5,61
-22,5,61
-22,5,61
-22,5,61
-22,5,61
-22,5,61
-21,5,61
-21,4,61
-22,4,62
-24,5,64
-24,5,64
-22,6,60
-20,5,58
-20,4,57
-21,4,60
-23,6,64
-24,5,65
-21,5,63
-20,5,62
-21,5,62
-22,5,61
-22,5,59
-21,5,57
-21,5,57
-21,6,59
-22,6,61
-22,6,61
-22,6,61
-22,5,61
-22,5,62
-21,4,62
-21,5,61
-21,6,61
-22,6,62
-23,6,62
-23,6,62
-22,6,61
-22,6,61
-22,7,61
-23,6,60
-23,6,61
-22,6,61
-22,6,61
-22,6,61
-22,6,61
-22,6,62
-22,5,61
-22,5,61
-22,5,61
-22,5,61
-22,5,61
-22,5,61
-21,6,61
-21,6,61
-21,6,61
-21,5,61
-21,5,61
-21,5,61
-21,5,61
-21,5,61
-21,5,61
-21,6,61
-21,6,61
-21,6,62
-21,6,61
-21,6,62
-20,5,61
-20,5,61
-20,4,61
-20,4,61
-20,4,61
-20,4,62
-21,4,62
-21,4,62
-21,5,62
-21,5,62
-21,5,62
-21,5,61
-20,5,61
-20,5,61
-20,5,62
-20,5,62
-20,5,62
-20,5,62
-21,5,62
-20,5,62
-20,5,61
-20,5,61
-20,5,61
-20,5,61
-20,5,61
-20,5,61
-20,6,62
-21,6,62
-20,6,62
-21,5,62
-21,5,61
-21,5,61
-21,5,61
-21,5,61
-21,5,61
-21,5,61
-21,4,62
-21,5,62
-21,5,62
-20,5,62
-20,5,62
-20,5,63
-20,5,63
-21,5,63
-21,5,62
-20,5,60
-20,5,59
-20,4,58
-20,4,59
-21,4,61
-21,4,62
-22,4,62
-22,4,62
-22,4,62
-22,4,62
-22,4,61
-22,4,61
-22,4,61
-21,4,59
-21,4,60
-21,4,60
-22,5,61
-22,5,61
-22,5,62
-22,5,62
-22,5,62
-23,4,62
-23,4,61
-23,4,61
-22,3,60
-23,3,61
-23,3,61
-23,3,61
-23,3,62
-22,4,62
-22,4,62
-22,4,62
-22,4,61
-22,4,61
-21,4,60
-21,4,60
-21,4,60
-21,5,61
-21,5,61
-22,5,62
-22,4,62
-22,4,62
-22,3,62
-22,3,61
-22,3,61
-22,3,61
-22,3,61
-21,4,61
-22,4,61
-22,4,62
-22,5,62
-22,5,61
-22,5,61
-22,5,61
-22,5,61
-22,4,61
-22,5,61
-21,4,61
-21,4,61
-21,4,62
-22,4,62
-23,5,63
-24,5,63
-23,5,62
-21,5,60
-18,5,57
-20,5,60
-22,6,62
-23,6,65
-23,6,64
-19,5,60
-19,5,58
-21,5,59
-22,5,60
-23,6,62
-22,5,62
-21,6,61
-21,6,60
-21,6,59
-22,6,60
-22,6,61
-22,6,62
-22,6,62
-22,6,62
-22,6,61
-22,6,61
-22,6,61
-22,6,61
-22,6,61
-22,6,61
-22,6,61
-22,6,61
-22,6,61
-22,6,61
-21,6,61
-21,6,61
-21,6,61
-21,6,61
-21,6,62
-21,6,61
-21,6,61
-21,6,62
-21,6,62
-21,6,62
-21,6,62
-20,6,63
-19,5,62
-18,5,58
-18,4,58
-21,4,61
-24,4,63
-25,4,63
-24,4,62
-21,4,58
-19,5,57
-20,5,58
-22,6,63
-23,6,65
-22,5,65
-20,5,63
-19,4,61
-20,4,62
-22,4,61
-23,4,61
-22,4,60
-21,4,59
-20,4,60
-21,4,61
-22,4,62
-22,4,63
-21,4,63
-21,4,63
-21,4,62
-21,4,61
-21,4,60
-21,4,60
-22,4,60
-21,4,61
-21,4,61
-21,4,61
-21,4,61
-21,4,62
-22,4,62
-22,4,62
-22,4,62
-22,4,63
-21,4,62
-21,4,62
-21,4,63
-22,4,64
-22,5,65
-24,4,64
-24,4,62
-22,4,56
-21,4,55
-21,4,55
-21,3,55
-22,3,59
-24,3,61
-25,3,63
-24,3,63
-22,4,62
-22,4,63
-22,3,63
-23,2,63
-24,2,62
-23,3,59
-23,3,58
-22,3,58
-22,3,58
-21,4,59
-22,4,61
-24,4,63
-24,3,63
-24,2,63
-24,2,62
-23,3,61
-22,3,59
-22,3,58
-23,3,59
-24,3,59
-25,3,61
-25,3,61
-24,3,62
-24,3,61
-23,3,61
-23,4,61
-24,3,60
-24,2,60
-25,2,60
-25,2,60
-24,2,60
-24,3,60
-25,3,60
-24,3,61
-24,3,61
-25,4,61
-25,4,61
-24,4,60
-25,4,60
-25,4,59
-25,4,59
-25,4,59
-25,5,59
-24,4,59
-25,5,60
-25,4,60
-26,5,60
-25,5,60
-25,5,59
-24,5,59
-25,5,58
-25,6,58
-26,7,58
-27,7,61
-28,7,63
-27,7,62
-25,7,61
-24,8,59
-25,8,58
-27,9,59
-28,8,59
-27,8,60
-27,8,61
-25,8,61
-25,8,59
-25,8,59
-25,8,59
-25,8,60
-25,7,61
-25,7,61
-24,7,60
-24,7,60
-23,7,59
-23,7,59
-23,6,60
-23,6,60
-23,6,60
-22,6,60
-22,6,60
-21,6,60
-21,6,60
-21,6,61
-21,6,61
-21,6,62
-21,6,62
-21,5,62
-21,5,61
-21,5,60
-20,4,60
-20,4,60
-21,4,61
-22,4,62
-22,4,63
-22,4,62
-22,5,61
-22,5,61
-22,5,61
-22,5,60
-22,5,61
-22,5,61
-22,5,61
-22,5,61
-22,5,61
-23,5,61
-23,4,61
-23,4,61
-23,4,61
-23,4,61
-23,5,61
-23,4,61
-23,4,61
-23,5,61
-23,5,61
-23,5,61
-23,5,61
-23,5,61
-23,5,61
-22,5,61
-22,5,61
-22,5,61
-22,5,61
-22,5,61
-22,4,61
-22,4,61
-22,5,61
-22,4,61
-22,4,61
-22,4,61
-22,4,61
-22,4,61
-22,4,61
-22,4,61
-21,4,61
-22,4,61
-22,4,61
-21,4,61
-21,4,61
-21,4,61
-21,4,61
-21,4,61
-21,4,61
-21,4,61
-21,4,62
-22,4,62
-22,4,62
-22,4,61
-22,4,61
-21,4,61
-21,4,61
-21,4,61
-21,4,61
-21,4,62
-21,4,62
-21,4,61
-21,4,62
-21,4,62
-21,4,61
-21,4,62
-21,4,62
-21,4,62
-21,4,61
-21,4,62
-21,4,61
-21,4,61
-21,4,61
-21,4,61
-21,5,61
-21,5,61
-21,5,61
-21,5,61
-21,5,61
-21,5,61
-21,5,62
-21,5,61
-21,5,61
-22,5,61
-21,5,61
-21,5,61
-21,5,61
-22,5,61
-22,5,61
-22,5,61
-22,5,61
-22,6,61
-22,6,61
-21,6,61
-21,6,61
-22,6,61
-22,6,61
-22,6,61
-22,6,61
-22,6,61
-22,6,61
-22,6,61
-22,6,61
-22,6,61
-21,6,61
-21,6,61
-21,6,61
-21,6,61
-21,5,62
-21,6,62
-21,6,61
-21,6,61
-21,5,61
-21,5,61
-21,5,61
-21,5,61
-21,6,61
-21,5,61
-21,5,61
-22,5,61
-22,5,61
-22,5,61
-22,5,61
-22,5,61
-22,5,61
-22,5,61
-22,5,61
-22,5,61
-21,4,60
-20,4,59
-21,4,60
-22,5,62
-24,5,64
-24,5,63
-23,5,62
-21,4,57
-20,4,57
-22,5,60
-24,5,62
-23,4,63
-22,4,63
-21,4,61
-21,4,60
-22,4,61
-22,4,61
-22,4,62
-22,4,62
-22,4,61
-22,4,61
-22,5,61
-22,4,61
-22,4,61
-21,4,62
-22,5,62
-23,5,62
-21,4,61
-18,3,57
-20,4,60
-22,5,63
-25,4,66
-25,4,64
-21,4,59
-20,4,57
-21,5,58
-23,5,60
-24,5,63
-23,5,62
-21,5,62
-22,5,62
-23,5,61
-23,5,60
-23,5,60
-23,5,61
-23,5,61
-23,5,61
-23,5,61
-23,5,60
-23,5,61
-23,5,61
-23,5,61
-23,5,61
-23,5,61
-23,5,61
-23,5,61
-23,5,60
-23,5,61
-23,5,61
-23,5,61
-23,5,61
-23,5,61
-23,5,61
-23,5,61
-23,5,61
-23,5,60
-22,5,60
-22,5,61
-22,5,61
-22,5,61
-22,5,61
-22,5,61
-22,5,61
-22,5,61
-22,5,61
-22,5,61
-22,4,61
-22,5,61
-22,4,61
-22,4,61
-22,5,61
-22,4,61
-22,5,61
-21,4,61
-21,4,60
-21,4,61
-22,4,61
-23,5,63
-23,5,63
-22,4,60
-20,4,58
-21,4,59
-23,5,62
-24,5,63
-22,5,63
-21,4,61
-21,4,59
-21,4,60
-23,4,61
-23,4,62
-22,4,62
-22,4,62
-22,4,61
-22,4,60
-22,4,60
-22,5,61
-22,4,62
-22,5,62
-22,5,62
-22,5,61
-22,5,61
-22,5,61
-22,5,61
-22,5,61
-22,5,61
-22,5,61
-22,5,61
-22,5,61
-22,6,61
-22,5,61
-22,6,61
-22,6,61
-22,5,61
-22,5,61
-22,5,61
-22,5,61
-21,5,61
-22,5,61
-22,5,61
-22,5,61
-22,5,61
-22,5,61
-22,5,61
-22,5,61
-22,5,61
-22,5,61
-22,5,61
-22,5,61
-22,5,61
-22,5,61
-22,5,61
-22,5,61
-22,5,61
-22,5,61
-22,5,61
-22,5,61
-22,5,61
-22,5,61
-22,5,61
-22,5,61
-22,5,61
-22,5,61
-22,5,61
-22,5,61
-22,5,61
-22,5,62
-23,5,62
-24,4,62
-23,4,62
-23,5,61
-22,5,62
-25,5,63
-21,1,64
-17,4,64
-17,6,63
-16,5,60
-13,7,63
-13,8,64
-11,8,67
-10,8,65
-9,9,63
-8,10,62
-6,9,62
-5,9,62
-5,9,62
-5,9,62
-4,9,63
-3,9,63
-3,9,63
-3,9,64
-3,9,65
-3,9,64
-4,9,64
-4,9,64
-4,10,64
-4,10,63
-4,9,63
-4,9,63
-4,9,63
-3,9,62
-3,9,63
-4,9,65
-4,10,66
-5,9,65
-6,9,64
-6,9,63
-5,9,62
-5,9,62
-5,9,63
-6,9,63
-6,8,64
-5,8,66
-5,9,65
-5,9,64
-5,9,64
-5,9,63
-5,9,64
-5,9,64
-6,9,64
-6,9,63
-6,9,64
-6,9,64
-6,9,64
-6,9,64
-5,8,64
-5,8,64
-5,8,64
-5,8,64
-5,9,63
-5,9,63
-4,9,63
-5,9,63
-5,9,63
-5,9,63
-5,9,63
-6,9,63
-5,9,64
-5,9,64
-6,9,64
-6,9,64
-6,9,65
-6,9,64
-6,9,64
-6,9,63
-6,9,64
-6,9,64
-6,9,64
-6,9,64
-6,9,64
-6,9,64
-5,9,63
-6,9,64
-5,9,63
-5,9,63
-5,9,63
-6,9,64
-7,9,64
-7,9,64
-7,8,63
-8,8,63
-9,8,64
-9,8,65
-9,7,64
-11,7,65
-12,7,65
-12,6,63
-13,6,64
-12,7,66
-12,7,64
-16,11,65
-17,8,67
-5,4,64
-3,7,63
-2,7,65
-3,6,67
-3,4,68
-1,3,70
-1,3,68
3,3,63
5,3,61
6,1,60
5,0,61
8,0,54
10,-1,52
-2,0,71
9,4,62
7,4,59
1,3,60
3,3,63
3,6,62
1,6,61
-2,8,65
-4,7,64
-8,8,63
-9,8,62
-12,7,64
-13,6,66
-18,5,64
-21,6,65
-21,4,64
-21,2,63
-21,2,62
-23,3,62
-23,2,63
-19,1,61
-17,2,58
-17,3,58
-20,4,60
-24,5,65
-23,5,66
-22,4,64
-20,4,61
-20,6,60
-22,7,61
-22,8,61
-21,7,61
-21,6,61
-21,6,62
-21,6,62
-22,5,60
-23,5,61
-22,4,61
-23,4,61
-23,4,62
-23,4,61
-23,4,61
-22,4,61
-23,4,61
-23,4,61
-23,4,61
-23,4,61
-23,4,61
-23,4,61
-23,5,61
-23,5,61
-23,5,60
-23,5,60
-23,4,61
-23,5,61
-23,4,61
-23,4,61
-23,4,61
-23,4,61
-23,4,61
-23,4,61
-23,4,61
-23,4,61
-23,4,61
-23,4,61
-22,4,61
-22,4,61
-22,4,61
-22,4,61
-22,3,61
-22,3,61
-22,3,61
-22,3,61
-22,3,61
-22,3,62
-22,3,61
-22,3,61
-21,3,61
-21,3,61
-21,3,61
-21,3,61
-21,4,61
-21,4,61
-21,4,61
-21,4,61
-22,4,61
-21,4,61
-21,4,61
-22,4,61
-21,4,61
-21,4,61
-21,4,62
-21,4,62
-21,4,61
-21,4,61
-21,4,61
-21,4,62
-22,4,61
-21,4,61
-21,4,61
-21,4,61
-21,4,61
-21,4,61
-21,4,61
-22,4,61
-21,4,61
-21,4,61
-21,4,61
-21,4,61
-21,4,61
-21,4,61
-21,4,61
-21,4,62
-21,4,61
-21,4,61
-21,4,62
-21,4,61
-21,4,61
-21,4,62
-21,4,61
-21,4,62
-21,4,61
-21,4,61
-21,4,62
-21,4,61
-21,4,62
-21,4,61
-21,4,61
-21,4,61
-21,4,61
-21,4,62
-21,4,62
-20,4,61
-20,4,61
-21,4,62
-21,4,62
-21,4,62
-21,4,62
-21,4,62
-21,4,61
-21,4,62
-21,4,62
-21,3,62
-21,3,62
-21,3,62
-21,3,62
-21,3,62
-21,3,62
-21,3,62
-21,3,62
-21,3,62
-20,3,62
-20,3,62
-20,3,61
-20,3,62
-20,3,61
-20,3,61
-20,4,62
-20,3,62
-21,4,63
-20,4,65
-20,4,67
-19,4,72
-24,2,71
-24,2,56
-22,2,48
-18,3,45
-17,3,46
-16,4,57
-18,4,65
-23,4,75
-22,4,73
-21,4,67
-17,3,59
-18,3,57
-20,4,58
-21,4,58
-23,5,57
-23,6,56
-23,7,55
-24,7,55
-24,7,54
-23,8,55
-24,9,59
-25,9,62
-28,10,67
-29,12,66
-27,13,64
-25,14,59
-25,14,58
-27,14,57
-29,15,57
-30,15,58
-31,15,57
-32,14,56
-31,13,55
-30,12,54
-30,11,54
-30,11,55
-31,10,56
-31,9,56
-31,8,58
-31,8,59
-31,8,59
-30,7,60
-30,6,59
-30,6,59
-30,5,59
-30,5,59
-30,4,58
-29,5,58
-28,4,58
-28,4,58
-28,4,58
-28,4,58
-27,4,58
-27,5,58
-27,5,59
-26,5,59
-25,5,60
-24,5,60
-24,5,61
-24,5,61
-23,5,60
-23,4,60
-22,4,61
-21,4,61
-21,4,60
-20,4,61
-20,4,61
-20,4,62
-21,4,62
-21,4,62
-20,4,62
-20,3,60
-20,3,60
-21,3,59
-21,3,59
-21,3,60
-21,2,60
-22,2,61
-22,2,61
-24,1,62
-24,1,62
-25,0,62
-25,0,61
-26,-1,61
-26,-2,61
-26,-2,60
-26,-2,60
-26,-2,59
-26,-2,60
-26,-2,60
-26,-2,61
-26,-2,61
-26,-1,61
-25,-1,61
-25,-1,61
-24,-1,61
-24,0,60
-23,0,60
-23,0,60
-24,1,60
-23,1,60
-23,2,61
-23,2,61
-22,2,61
-23,2,62
-23,2,61
-23,2,61
-23,1,60
-23,2,60
-22,2,60
-22,2,61
-22,2,61
-22,2,61
-22,2,61
-21,2,62
-21,3,62
-21,3,62
-21,4,62
-22,4,62
-22,4,62
-22,5,62
-22,4,61
-22,4,61
-22,4,61
-22,4,61
-22,4,61
-23,4,61
-23,4,61
-22,5,61
-22,5,61
-22,5,61
-23,6,61
-23,6,61
-23,5,60
-23,5,60
-22,5,60
-22,5,61
-23,5,61
-23,5,62
-23,5,62
-23,5,61
-23,5,61
-23,5,61
-23,5,61
-23,5,61
-23,5,61
-22,5,61
-22,5,61
-21,5,61
-20,4,61
-20,4,60
-20,4,61
-20,4,62
-21,4,63
-22,4,64
-23,4,64
-23,4,64
-20,2,59
-16,3,54
-16,4,55
-21,5,62
-24,4,66
-23,2,67
-21,2,64
-19,3,60
-19,3,59
-22,3,59
-23,3,60
-22,3,61
-21,3,62
-21,3,62
-22,3,61
-22,3,61
-23,3,61
-23,3,61
-22,3,62
-22,3,61
-22,3,61
-22,4,61
-23,3,61
-23,4,61
-23,4,61
-23,4,61
-23,4,61
-22,4,61
-22,4,61
-22,4,61
-22,3,61
-22,3,61
-22,4,61
-22,3,62
-22,3,62
-22,3,62
-22,4,61
-22,4,61
-22,4,61
-22,4,62
-21,3,62
-19,3,61
-17,3,59
-17,3,59
-19,4,62
-21,4,64
-22,4,65
-22,4,65
-21,3,62
-18,3,57
-18,3,56
-20,4,60
-22,4,63
-22,3,65
-21,3,65
-19,3,62
-19,3,61
-21,3,60
-21,3,61
-21,3,62
-20,3,62
-20,3,62
-20,3,61
-21,3,61
-21,3,62
-21,3,62
-20,3,62
-20,3,62
-20,4,61
-21,3,62
-21,3,62
-21,4,62
-21,3,62
-21,3,62
-20,3,62
-20,3,62
-20,3,63
-18,3,64
-18,3,64
-21,4,62
-23,4,61
-24,3,60
-24,3,59
-21,2,56
-19,2,55
-20,3,57
-23,4,62
-23,3,64
-22,3,65
-21,3,64
-21,3,63
-21,3,62
-22,3,62
-23,3,61
-22,3,60
-22,3,60
-22,3,60
-22,3,61
-22,3,61
-22,3,62
-22,3,62
-22,3,62
-22,3,62
-22,3,61
-22,3,61
-22,3,61
-22,3,61
-22,2,61
-22,2,61
-22,2,62
-22,3,61
-22,3,61
-22,3,61
-22,3,61
-22,3,61
-22,3,61
-21,2,61
-21,2,61
-22,3,62
-23,3,62
-23,3,62
-25,3,63
-24,3,63
-21,2,59
-18,2,57
-18,3,58
-20,4,60
-24,3,65
-24,3,66
-22,2,64
-20,2,62
-19,3,58
-20,3,58
-22,3,60
-23,3,61
-21,3,63
-20,3,63
-20,3,63
-21,3,62
-21,3,61
-21,3,61
-21,3,61
-21,3,62
-21,3,62
-21,3,61
-21,3,61
-21,3,62
-20,3,61
-20,3,61
-21,3,62
-21,3,62
-22,3,63
-22,3,62
-21,3,61
-20,3,60
-20,3,60
-21,3,61
-22,3,63
-21,3,63
-20,3,61
-21,3,60
-21,3,60
-21,4,61
-21,3,61
-21,4,61
-21,4,62
-21,4,62
-21,4,62
-21,4,62
-21,4,62
-21,4,62
-21,4,61
-21,4,61
-21,4,61
-21,4,61
-21,4,61
-21,4,62
-21,4,62
-21,4,61
-21,4,62
-21,4,62
-21,4,62
-21,4,62
-21,4,61
-21,4,61
-21,4,61
-21,4,61
-21,4,62
-20,4,62
-20,4,62
-20,4,62
-20,4,62
-20,4,62
-20,4,62
-20,4,61
-20,4,61
-20,4,62
-20,3,61
-21,4,61
-21,4,62
-21,4,61
-20,4,61
-20,4,62
-20,4,62
-20,3,62
-21,3,62
-21,3,62
-21,3,62
-20,3,62
-21,3,61
-21,4,61
-21,3,61
-21,4,62
-20,4,62
-21,4,62
-20,3,62
-20,3,62
-20,3,62
-21,3,62
-21,3,62
-21,3,62
-21,4,62
-21,4,62
-21,3,62
-20,3,62
-20,4,62
-21,4,62
-20,4,62
-21,4,62
-20,4,61
-20,4,61
-20,4,62
-21,4,62
-21,3,62
-21,2,62
-21,3,62
-21,3,63
-22,3,63
-22,4,64
-23,3,64
-19,2,63
-19,2,63
-16,4,63
-15,4,61
-14,6,62
-11,7,64
-11,8,66
-9,8,65
-8,8,63
-7,9,62
-7,9,62
-4,9,63
-3,9,63
-2,9,63
-2,9,62
-1,9,62
0,9,62
0,9,63
0,9,64
0,9,65
0,9,64
-1,9,64
-1,9,64
0,9,63
-1,9,63
-1,9,63
-1,9,63
-1,9,64
-1,9,64
-1,9,64
-1,9,64
-1,8,64
-1,8,64
-2,8,64
-2,8,65
-2,8,64
-2,9,63
-1,8,63
-1,8,64
-2,9,64
-2,9,64
-3,9,64
-2,9,64
-2,8,64
-1,9,64
-1,9,65
-2,8,64
-2,8,64
-2,8,64
-2,8,64
-3,8,63
-2,8,63
-2,9,63
-2,9,64
-1,9,64
-2,9,64
-2,8,64
-2,9,65
-2,8,65
-2,8,64
-2,8,64
-2,8,64
-2,8,64
-1,8,64
-1,9,64
0,9,66
1,9,65
1,10,67
2,10,62
4,10,60
9,10,58
8,12,59
0,16,66
-4,15,69
-5,14,72
-4,13,72
-2,12,67
0,11,64
0,10,67
-4,10,68
0,10,69
9,11,62
8,10,60
13,12,63
14,15,61
12,16,65
8,18,65
22,14,55
24,13,46
27,5,34
26,4,30
22,16,41
21,17,45
18,15,47
4,18,57
3,21,63
3,26,68
9,25,69
8,24,74
5,25,73
5,23,70
4,22,66
1,19,63
2,18,62
3,17,60
2,16,59
3,16,59
2,16,60
2,15,60
3,16,62
3,17,63
2,18,64
1,18,64
1,17,64
0,17,64
0,18,62
0,18,61
1,17,59
0,17,61
0,18,62
0,18,62
0,18,62
0,17,62
0,18,62
-1,17,62
-1,17,63
-1,17,63
-1,17,63
-1,17,63
-1,17,63
0,16,63
-1,17,63
-1,16,63
-1,17,62
-1,17,61
-1,17,61
-1,17,61
-1,17,62
-1,17,62
-1,17,62
-1,17,62
0,17,62
0,17,62
0,17,62
-1,17,62
0,17,62
-1,17,62
-1,17,62
-1,17,62
-1,17,61
-1,17,62
-1,17,62
-1,18,62
-1,18,62
-1,18,62
-1,18,63
-1,18,62
-1,18,63
-1,18,63
0,18,62
0,18,61
-1,17,61
-1,17,61
-1,17,63
-1,18,63
-1,18,62
-2,18,63
-2,18,64
-1,18,64
-1,18,64
1,17,63
1,17,62
2,16,61
2,17,61
2,17,60
2,17,60
2,17,61
2,17,61
3,18,62
2,18,63
2,17,63
3,17,62
3,17,62
3,18,62
2,18,62
3,18,62
3,18,61
4,18,61
4,18,61
2,18,61
2,18,61
2,18,62
2,18,63
2,18,63
2,18,63
2,18,62
1,18,62
1,18,62
1,17,62
1,18,62
1,17,61
1,17,62
1,18,62
1,18,62
1,18,61
0,18,63
0,17,63
1,17,63
1,17,63
1,17,61
0,17,60
0,17,62
1,17,62
1,17,61
0,18,61
-1,17,63
0,17,63
0,17,62
-1,17,62
-1,17,61
-2,17,62
-3,17,63
-4,17,63
-4,17,63
-2,17,62
-2,16,61
-3,16,61
-3,16,62
-3,16,62
-3,16,62
-3,16,62
-3,17,62
-3,17,62
-3,17,63
-3,17,63
-3,17,63
-3,18,63
-3,18,62
-3,18,62
-2,18,62
-2,18,61
-2,17,61
-3,17,61
-3,17,61
-2,17,62
-2,18,62
-3,18,62
-3,18,62
-3,18,62
-2,18,61
-2,18,61
-2,18,61
-3,18,62
-3,18,62
-4,17,62
-4,18,62
-4,18,62
-5,17,62
-6,17,62
-5,17,63
-5,17,63
-5,17,63
-5,17,62
-5,17,62
-5,17,61
-5,17,62
-5,17,62
-5,17,62
-5,17,62
-5,17,62
-5,17,62
-5,17,62
-4,17,62
-4,17,62
-4,17,62
-4,17,62
-5,17,62
-5,17,63
-5,17,62
-5,17,62
-5,17,62
-5,17,62
-5,17,62
-5,17,61
-5,17,61
-5,17,61
-5,17,62
-5,17,62
-4,17,62
-4,17,62
-4,17,62
-4,17,62
-5,18,62
-4,18,62
-4,18,62
-4,18,62
-4,17,62
-4,17,62
-4,17,62
-4,17,62
-4,17,62
-4,17,62
-4,17,62
-4,17,62
-4,17,62
-4,17,62
-4,18,62
-4,18,62
-4,17,62
-4,17,62
-4,17,62
-4,17,62
-4,17,62
-4,17,61
-5,17,61
-5,16,62
-4,17,63
-4,17,63
-4,17,62
-5,17,62
-4,17,62
-4,17,61
-4,17,61
-4,17,61
-4,17,62
-4,17,62
-4,17,63
-5,17,62
-5,17,63
-5,17,62
-5,17,62
-5,17,62
-5,17,62
-5,17,61
-5,17,61
-5,17,61
-5,17,62
-5,17,63
-6,17,63
-5,17,63
-7,17,63
-6,17,62
-6,17,62
-6,17,62
-6,17,62
-7,17,62
-6,17,63
-6,17,62
-6,17,62
-6,17,62
-6,17,61
-6,17,62
-5,17,62
-5,17,62
-6,17,62
-6,17,62
-6,17,62
-5,17,62
-5,17,62
-6,17,62
-6,17,62
-6,17,62
-6,18,62
-6,17,62
-7,18,62
-6,18,62
-6,18,62
-6,18,62
-7,17,61
-7,18,62
-7,18,62
-7,18,62
-7,18,62
-7,18,62
-7,17,62
-7,17,62
-7,17,61
-6,17,61
-7,17,62
-7,18,62
-7,18,62
-6,18,62
-6,18,62
-6,18,62
-6,18,61
-6,18,61
-6,18,61
-6,18,62
-6,18,62
-6,18,62
-6,18,62
-6,18,62
-6,18,62
-6,18,62
-6,18,62
-6,18,62
-6,18,62
-6,18,62
-6,18,62
-6,17,62
-6,18,62
-6,18,62
-6,18,62
-6,18,61
-7,18,62
-6,18,62
-6,18,62
-7,17,61
-7,17,62
-6,17,61
-7,17,61
-6,17,62
-6,18,62
-6,18,62
-7,18,62
-6,18,62
-6,17,62
-6,17,62
-7,17,62
-6,18,62
-6,17,62
-6,17,62
-6,17,62
-6,17,62
-6,17,62
-6,17,62
-6,17,62
-6,17,62
-6,17,62
-6,17,62
-6,17,62
-6,17,62
-6,17,62
-6,17,62
-6,17,62
-6,17,62
-6,17,62
-6,17,62
-6,17,62
-6,17,62
-6,17,62
-6,17,62
-6,17,62
-6,17,62
-6,18,62
-6,17,62
-6,17,62
-6,17,62
-7,17,62
-6,17,62
-6,17,62
-6,17,62
-6,17,62
-6,17,62
-6,18,62
-6,17,62
-6,17,62
-6,18,62
-6,18,62
-6,17,62
-6,18,61
-6,18,62
-6,18,62
-6,17,62
-6,18,62
-6,18,62
-6,17,61
-6,17,62
-6,18,62
-6,18,61
-6,18,61
-6,18,62
-6,17,62
-6,18,62
-6,18,62
-6,18,62
-6,18,62
-6,17,62
-6,18,62
-6,17,62
-6,17,62
-6,17,62
-6,17,62
-6,17,62
-6,17,62
-6,17,62
-6,17,62
-6,17,62
-6,17,62
-6,17,62
-6,17,62
-6,17,61
-6,17,61
-6,17,62
-6,17,62
-6,17,62
-6,17,62
-6,17,62
-6,17,62
-6,17,62
-6,17,62
-6,17,62
-6,17,62
-6,17,62
-6,17,62
-6,17,62
-6,17,62
-6,17,62
-6,17,62
-6,17,62
-6,17,62
-6,17,62
-6,17,62
-7,17,62
-6,17,62
-6,17,62
-6,17,62
-6,17,62
-6,17,62
-6,17,62
-6,17,62
-6,17,61
-6,17,62
-6,17,62
-6,17,62
-6,17,62
-6,17,62
-6,17,61
-6,17,62
-6,17,62
-6,17,62
-6,17,62
-6,17,62
-6,17,62
-6,17,62
-6,17,62
-6,17,62
-6,17,62
-6,17,62
-6,17,62
-6,17,62
-6,17,62
-6,17,62
-6,17,61
-6,17,62
-6,18,62
-6,17,62
-6,17,62
-6,17,62
-6,17,62
-6,17,61
-6,17,62
-6,17,62
-6,17,61
-6,17,62
-6,17,62
-6,17,62
-6,17,62
-6,17,62
-6,17,62
-6,17,61
-6,17,61
-6,17,62
-6,17,62
-6,17,62
-6,17,62
-6,17,62
-6,17,62
-6,17,62
-6,17,61
-6,17,62
-6,17,62
-6,17,62
-6,17,62
-6,17,62
-6,17,62
-6,17,62
-6,17,62
-6,17,62
-7,17,62
-6,17,61
-6,17,62
-6,17,62
-6,17,62
-6,17,62
-6,17,62
-6,17,62
-6,17,62
-6,17,62
-6,17,62
-6,17,62
-6,17,62
-6,17,62
-6,17,62
-7,17,62
-7,17,62
-6,17,62
-7,17,62
-6,17,62
-6,17,62
-6,17,61
-7,17,61
-7,17,62
-7,17,61
-7,17,62
-7,17,62
-7,18,62
-7,17,61
-7,17,62
-7,18,62
-7,18,62
-6,18,62
-7,18,62
-6,18,62
-6,18,62
-6,18,62
-6,18,61
-6,17,61
-6,18,62
-6,18,62
-6,18,62
-6,17,62
-5,17,62
-5,18,62
-5,17,62
-5,17,61
-5,17,62
-5,17,61
-5,17,61
-5,17,62
-5,17,61
-5,17,61
-5,17,62
-5,17,62
-6,17,62
-6,17,62
-6,17,62
-7,17,62
-7,17,62
-7,17,62
-7,17,61
-8,17,61
-9,17,62
-9,17,62
-9,17,62
-9,17,61
-11,17,61
-11,17,61
-11,17,62
-11,17,62
-10,17,62
-11,17,62
-11,17,63
-11,17,62
-10,17,62
-10,17,61
-9,17,61
-9,17,61
-9,17,61
-9,17,61
-9,17,62
-9,17,62
-9,17,62
-9,17,62
-9,17,61
-9,17,62
-9,17,61
-9,17,62
-9,17,62
-8,17,61
-9,17,62
-8,17,61
-8,16,61
-9,17,61
-9,16,62
-8,16,62
-7,16,62
-8,16,62
-8,16,62
-7,16,62
-7,16,62
-7,16,62
-7,15,62
-6,15,62
-7,16,62
-7,15,62
-6,16,62
-6,16,62
-7,16,62
-7,16,62
-6,16,62
-7,16,62
-6,15,62
-7,15,62
-7,16,62
-5,16,62
-5,16,62
-6,16,61
-6,16,62
-6,16,62
-6,16,62
-6,17,63
-6,16,63
-5,16,62
-6,16,62
-6,15,62
-5,15,62
-4,15,61
-4,15,61
-4,15,61
-5,15,61
-4,15,62
-4,16,62
-5,16,62
-5,16,63
-5,16,62
-5,16,62
-6,16,62
-6,16,62
-6,16,62
-6,16,62
-6,16,62
-7,16,62
-7,16,62
-7,16,62
-7,16,62
-8,16,62
-8,16,62
-8,16,62
-8,16,62
-8,16,62
-8,16,62
-8,16,62
-8,16,62
-8,16,62
-8,16,62
-8,15,62
-8,15,62
-8,15,62
-8,16,62
-8,16,62
-8,16,62
-8,15,62
-8,15,62
-8,15,62
-8,16,62
-8,16,62
-8,16,62
-8,15,62
-8,15,62
-8,15,62
-8,15,62
-9,16,62
-9,16,62
-9,16,62
-9,16,62
-9,16,62
-9,16,62
-9,16,62
-9,16,62
-9,16,62
-9,16,62
-9,16,62
-9,16,62
-10,16,62
-9,16,62
-9,16,62
-9,16,62
-9,16,62
-9,16,62
-9,16,61
-9,16,62
-9,16,62
-9,16,62
-9,16,62
-9,16,61
-9,16,62
-9,16,62
-9,16,61
-9,16,62
-9,16,62
-9,16,62
-9,16,62
-9,16,61
-9,16,61
-9,16,61
-9,16,62
-9,16,62
-9,16,61
-9,16,61
-9,17,62
-9,16,62
-9,17,62
-9,17,61
-9,17,61
-9,17,62
-9,17,62
-9,16,61
-9,17,62
-9,17,62
-9,17,61
-9,17,62
-9,17,61
-9,17,62
-9,17,62
-9,17,61
-9,17,61
-10,16,61
-10,16,62
-9,16,62
-9,16,62
-9,16,62
-9,16,62
-9,16,62
-9,16,62
-9,16,62
-9,16,61
-9,16,61
-10,16,62
-9,16,62
-9,16,61
-9,16,62
-9,16,62
-9,16,62
-9,16,62
-9,16,62
-9,16,62
-9,16,62
-10,16,62
-10,16,62
-9,16,62
-10,16,62
-10,16,62
-10,16,62
-9,16,62
-10,16,62
-10,16,62
-10,16,62
-10,17,61
-10,17,61
-10,17,60
-10,17,60
-9,16,62
-8,15,63
-9,15,63
-10,15,63
-10,15,62
-11,15,62
-10,15,62
-10,16,61
-10,16,61
-10,17,61
-10,17,61
-9,17,61
-10,17,61
-10,17,61
-10,17,61
-10,16,61
-11,16,62
-11,16,62
-11,16,61
-11,16,61
-11,17,62
-10,17,62
-10,17,62
-10,17,62
-10,17,61
-10,17,61
-10,17,61
-10,17,61
-10,17,61
-11,17,61
-10,17,61
-10,17,61
-10,17,61
-10,17,61
-10,17,62
-10,17,61
-10,17,61
-10,17,61
-10,17,61
-10,17,61
-10,17,61
-10,17,61
-9,17,62
-9,17,62
-9,17,62
-9,17,61
-9,16,62
-9,16,62
-9,16,62
-9,16,61
-8,15,60
-8,16,59
-8,16,59
-9,16,60
-9,17,61
-9,17,60
-10,17,61
-11,17,60
-11,17,59
-13,17,58
-13,17,58
-15,17,59
-18,18,60
-20,19,61
-22,19,62
-22,17,61
-21,15,58
-21,15,57
-22,16,56
-23,16,56
-24,18,58
-25,19,59
-24,21,61
-24,22,60
-25,23,58
-24,24,55
-25,25,53
-27,27,51
-28,28,50
-29,31,49
-29,32,48
-30,35,47
-30,35,47
-29,37,47
-29,37,47
-29,37,47
-29,37,47
-29,36,46
-29,35,45
-29,35,45
-29,36,46
-28,36,46
-27,36,46
-26,37,46
-25,37,46
-25,37,46
-25,36,47
-25,36,47
-25,35,47
-25,35,48
-25,35,48
-24,35,49
-24,35,49
-24,36,50
-23,35,50
-23,35,50
-23,35,50
-22,35,50
-22,34,50
-21,34,50
-21,34,49
-21,33,50
-20,33,50
-20,33,50
-21,33,51
-21,33,52
-21,33,53
-21,33,53
-20,33,53
-20,33,53
-20,33,53
-19,33,53
-18,32,52
-18,32,52
-17,31,52
-17,30,53
-16,30,53
-16,30,54
-16,30,54
-16,30,55
-16,30,54
-15,29,54
-15,29,54
-14,29,54
-14,29,54
-14,29,55
-14,29,56
-14,29,56
-14,29,55
-14,29,55
-14,29,55
-14,29,55
-14,29,55
-15,29,55
-15,29,56
-15,29,55
-14,29,55
-14,29,55
-15,29,55
-15,29,56
-15,29,56
-15,29,55
-15,29,55
-15,29,55
-16,28,55
-16,28,54
-16,28,54
-16,28,54
-16,29,55
-16,29,56
-16,29,56
-17,29,56
-17,29,56
-17,29,56
-17,29,55
-17,30,55
-17,30,54
-17,30,54
-17,30,54
-17,30,54
-17,30,54
-17,30,54
-17,30,54
-18,30,54
-17,30,54
-18,30,54
-18,30,54
-18,30,54
-18,30,54
-18,30,54
-18,30,54
-18,30,54
-18,30,54
-18,30,54
-18,31,54
-18,30,54
-18,30,54
-18,30,54
-18,30,54
-18,30,54
-17,31,54
-17,31,55
-17,31,55
-17,31,55
-17,31,54
-17,31,54
-17,30,52
-16,29,52
-16,29,51
-16,28,51
-16,28,52
-17,28,54
-17,28,55
-18,29,55
-18,29,55
-20,28,56
-21,29,56
-23,29,56
-23,28,56
-24,28,57
-25,27,56
-25,26,56
-26,24,55
-26,24,55
-25,22,55
-26,22,55
-26,21,55
-27,20,55
-27,19,56
-27,18,56
-26,17,55
-26,17,55
-26,17,55
-26,17,56
-26,17,56
-26,17,57
-26,17,57
-25,17,57
-25,17,57
-24,17,57
-23,17,57
-22,17,59
-21,17,61
-20,16,65
-20,16,66
-18,14,66
-17,13,66
-17,12,64
-16,8,59
-16,7,58
-16,3,56
-15,2,55
-15,0,56
-14,-1,57
-15,-2,61
-15,-2,63
-16,-1,65
-16,-1,68
-16,-1,68
-16,0,67
-15,0,66
-15,0,64
-14,0,63
-14,0,62
-14,1,62
-12,2,62
-11,2,62
-11,5,63
-12,6,63
-11,7,64
-10,9,65
-10,10,65
-11,11,66
-11,12,65
-10,12,63
-10,13,63
-9,14,62
-8,14,62
-6,14,61
-6,14,59
-6,14,59
-6,14,59
-6,14,59
-7,14,61
-7,14,62
-7,16,63
-7,16,63
-7,17,62
-8,18,61
-7,18,61
-7,18,61
-7,18,62
-8,17,63
-8,17,63
-8,17,62
-8,17,61
-9,17,60
-9,18,60
-9,19,61
-10,20,62
-10,21,62
-11,20,61
-13,20,59
-12,20,59
-11,19,57
-12,18,56
-13,17,57
-14,17,60
-14,17,61
-14,17,61
-15,17,60
-15,16,61
-16,16,62
-17,17,64
-17,16,64
-16,15,64
-17,15,63
-16,14,62
-16,14,60
-16,13,60
-16,13,59
-16,13,59
-15,13,59
-15,14,59
-16,14,60
-16,15,60
-16,15,61
-16,15,61
-16,16,62
-15,15,62
-17,15,62
-17,15,61
-16,14,61
-16,13,60
-16,13,60
-16,14,59
-16,14,59
-16,14,60
-16,14,61
-16,15,61
-16,15,61
-17,15,62
-17,15,61
-16,15,61
-16,14,60
-16,15,60
-16,15,59
-16,15,59
-15,15,59
-16,16,59
-16,16,60
-16,16,61
-17,17,61
-18,17,61
-18,16,62
-17,16,62
-17,16,62
-18,15,61
-18,15,61
-17,14,60
-17,14,60
-16,14,59
-16,14,60
-16,14,60
-15,14,60
-16,14,60
-15,15,61
-15,15,61
-14,15,61
-15,15,61
-15,15,61
-15,15,61
-15,15,60
-15,16,60
-15,16,60
-15,15,60
-15,16,61
-15,16,61
-15,16,61
-16,15,61
-16,16,61
-16,15,61
-16,15,60
-16,15,60
-17,15,60
-17,15,60
-17,16,60
-17,16,60
-17,16,60
-17,16,60
-17,16,60
-17,16,60
-17,16,60
-17,16,60
-17,16,60
-16,15,60
-16,16,60
-16,15,60
-16,16,61
-16,16,60
-16,16,61
-16,16,60
-16,17,60
-16,16,60
-14,15,61
-13,16,61
-13,17,61
-13,17,61
-13,16,61
-12,16,61
-12,16,60
-13,15,60
-13,15,61
-12,15,61
-12,15,61
-12,16,61
-12,16,61
-12,16,61
-12,16,61
-12,16,61
-13,16,61
-13,16,61
-13,16,61
-13,16,61
-13,16,61
-12,16,62
-12,16,61
-12,16,61
-12,16,61
-12,16,61
-11,16,60
-11,15,61
-11,15,61
-11,16,61
-12,16,61
-12,16,62
-12,16,62
-11,16,61
-11,16,61
-12,16,60
-12,15,61
-12,15,61
-12,16,61
-13,16,61
-13,16,61
-13,16,61
-13,16,61
-13,16,61
-14,15,61
-15,15,61
-15,15,62
-15,15,62
-15,15,62
-15,15,61
-15,15,60
-15,15,60
-15,15,61
-15,15,61
-15,15,61
-15,15,61
-15,15,61
-14,15,61
-14,15,61
-14,15,61
-14,15,61
-14,15,61
-14,15,61
-14,15,61
-14,15,61
-14,15,61
-14,15,61
-14,15,61
-14,15,61
-14,15,61
-14,15,61
-14,15,61
-14,15,61
-14,15,61
-14,15,60
-14,15,61
-14,15,61
-14,15,61
-14,15,61
-14,15,61
-14,15,61
-14,15,60
-14,15,61
-14,15,61
-14,15,61
-14,15,61
-14,15,61
-14,15,61
-14,15,61
-15,15,61
-15,15,61
-15,15,61
-16,15,61
-16,15,61
-15,15,61
-15,15,61
-14,15,61
-15,15,61
-14,16,61
-14,15,61
-14,15,61
-14,15,61
-14,15,61
-13,15,61
-13,15,61
-13,15,61
-13,15,61
-13,15,61
-13,15,61
-13,16,63
-13,17,64
-12,16,66
-13,16,64
-14,15,61
-13,13,55
-12,12,54
-11,12,54
-11,13,55
-11,13,58
-11,13,60
-13,13,64
-14,14,66
-14,14,66
-13,15,64
-13,15,63
-13,15,61
-13,15,61
-13,15,60
-13,15,60
-13,14,60
-13,14,61
-13,14,61
-13,14,61
-13,13,62
-13,13,62
-13,13,62
-13,14,62
-13,13,62
-13,13,62
-13,13,62
-13,13,61
-13,13,61
-13,13,61
-13,13,61
-13,14,61
-13,14,61
-13,14,61
-13,14,62
-13,14,62
-13,14,62
-13,14,62
-13,14,61
-13,14,62
-13,14,61
-13,14,62
-13,14,61
-12,14,61
-13,14,62
-13,14,62
-12,14,62
-13,14,62
-13,14,62
-13,14,61
-12,14,61
-12,14,61
-12,14,61
-12,14,61
-12,14,61
-13,14,61
-13,14,61
-13,14,62
-13,15,61
-13,14,62
-13,14,61
-13,14,61
-12,14,61
-12,15,61
-12,15,61
-12,15,61
-12,15,61
-12,15,61
-12,15,61
-12,15,61
-12,15,61
-12,14,61
-12,14,61
-11,14,59
-11,15,59
-11,16,61
-12,16,62
-14,15,64
-16,15,65
-14,13,62
-12,13,60
-9,15,57
-12,16,61
-14,15,63
-15,14,64
-13,14,63
-11,15,60
-11,16,60
-14,15,62
-15,14,62
-13,14,60
-12,15,60
-13,15,61
-14,15,62
-15,14,62
-14,14,61
-12,15,59
-14,16,62
-15,15,63
-14,14,62
-13,14,60
-12,16,60
-13,16,62
-15,14,63
-15,14,63
-12,15,60
-12,15,60
-14,15,62
-14,14,62
-14,14,61
-12,15,60
-12,15,61
-14,14,63
-14,14,62
-13,14,60
-12,14,59
-12,15,61
-13,14,62
-13,14,62
-13,14,62
-12,15,63
-13,15,65
-13,15,64
-14,14,62
-13,14,60
-12,13,57
-12,12,57
-12,14,58
-12,14,59
-12,14,62
-12,14,63
-13,14,64
-13,14,64
-12,14,64
-11,14,63
-11,14,62
-11,14,62
-12,14,61
-11,13,61
-10,13,61
-10,13,60
-9,13,60
-10,13,62
-10,13,62
-10,14,61
-11,14,61
-11,14,61
-11,14,62
-11,14,62
-12,14,62
-12,14,62
-11,14,62
-11,14,62
-12,14,61
-12,14,61
-12,13,62
-12,14,62
-12,14,62
-12,14,61
-11,14,61
-11,14,60
-12,14,61
-12,15,61
-13,15,61
-13,15,61
-13,15,61
-13,15,61
-13,15,61
-13,15,63
-13,15,63
-14,15,63
-13,14,62
-13,14,61
-13,15,59
-13,15,60
-14,15,60
-14,16,60
-13,16,59
-13,17,60
-13,17,61
-13,18,62
-14,17,62
-16,16,61
-16,16,61
-15,15,60
-15,15,59
-16,15,59
-16,15,59
-15,15,60
-15,16,60
-16,17,59
-16,17,60
-16,17,60
-16,17,61
-17,17,61
-17,16,61
-17,16,61
-17,15,60
-17,15,60
-17,15,59
-16,14,58
-17,15,59
-17,15,59
-16,16,59
-17,16,60
-17,17,61
-18,17,61
-18,18,61
-17,17,61
-17,17,60
-18,16,59
-18,15,59
-17,15,59
-17,15,59
-17,15,60
-17,16,60
-18,17,59
-18,17,59
-18,17,60
-18,17,61
-18,17,61
-19,16,60
-18,16,60
-19,15,60
-18,15,60
-17,15,59
-17,15,59
-17,15,58
-17,15,59
-17,16,60
-16,16,60
-17,17,60
-17,16,60
-17,16,61
-17,16,60
-17,16,60
-17,15,59
-17,15,59
-16,15,58
-16,16,58
-16,16,59
-16,16,59
-16,17,61
-16,17,61
-18,18,61
-17,17,60
-17,17,60
-16,16,60
-17,16,60
-17,15,60
-17,16,60
-17,16,59
-17,15,59
-17,16,59
-17,16,59
-17,16,60
-17,17,60
-17,17,61
-17,16,61
-17,16,61
-17,16,60
-17,15,60
-17,15,60
-17,15,60
-18,15,59
-19,15,59
-18,15,59
-18,15,59
-17,16,60
-18,16,59
-18,16,60
-18,16,60
-18,16,61
-19,15,61
-18,15,61
-18,15,60
-18,15,59
-18,15,59
-18,15,59
-18,15,59
-17,16,59
-18,16,59
-18,16,60
-18,16,60
-18,16,60
-18,16,60
-18,16,60
-18,16,60
-18,16,59
-18,16,59
-18,16,59
-18,16,59
-18,16,59
-18,16,60
-18,16,60
-18,16,60
-18,16,60
-18,16,60
-18,16,60
-17,16,60
-18,16,59
-17,16,60
-17,16,60
-17,16,60
-17,16,60
-17,16,60
-17,16,59
-17,16,60
-17,16,60
-17,16,60
-17,16,60
-17,16,60
-18,16,60
-18,16,60
-17,15,60
-17,16,60
-17,15,59
-17,16,60
-17,16,61
-17,16,62
-17,16,62
-17,16,61
-18,16,61
-18,15,59
-18,15,58
-17,14,57
-17,14,57
-17,14,58
-17,14,59
-17,14,60
-17,14,61
-18,15,61
-18,15,62
-18,15,62
-18,14,62
-18,14,61
-17,14,61
-16,14,61
-14,14,60
-13,14,60
-13,14,60
-13,15,60
-13,14,59
-13,15,60
-12,15,60
-12,14,61
-12,14,61
-12,14,61
-12,14,62
-13,15,62
-13,15,62
-14,15,62
-14,15,62
-14,16,61
-14,15,61
-13,16,61
-14,16,61
-14,16,60
-14,16,60
-14,15,59
-14,15,60
-14,15,61
-15,14,61
-15,14,61
-15,13,61
-15,13,60
-16,13,61
-16,12,61
-16,12,61
-16,12,61
-16,12,61
-17,11,60
-18,11,60
-18,11,60
-19,10,60
-19,10,61
-19,10,61
-20,10,61
-20,10,61
-21,10,61
-21,9,60
-22,9,61
-22,9,60
-23,8,59
-23,8,59
-23,8,59
-24,7,60
-25,7,60
-25,7,59
-25,7,58
-24,7,58
-24,8,59
-25,9,60
-26,10,61
-26,10,61
-26,11,61
-25,11,61
-24,12,60
-25,13,60
-25,14,59
-24,15,58
-23,15,58
-22,16,57
-21,16,57
-21,15,58
-21,15,58
-20,14,59
-20,14,59
-21,14,61
-20,14,62
-18,15,63
-18,16,62
-18,16,58
-18,16,57
-17,16,56
-16,17,56
-16,17,56
-16,17,57
-16,17,58
-17,16,59
-16,16,59
-16,15,59
-16,15,60
-16,15,61
-16,15,62
-16,16,62
-16,16,62
-17,17,62
-17,18,61
-16,18,61
-17,18,59
-17,18,59
-16,16,59
-16,16,59
-16,16,60
-16,16,60
-16,16,60
-15,16,60
-13,17,59
-14,17,60
-14,18,62
-14,18,62
-12,18,61
-12,18,61
-11,18,61
-10,19,60
-10,18,59
-9,18,60
-9,18,61
-8,19,61
-7,19,61
-5,19,59
-5,20,59
-5,21,59
-4,21,60
-5,20,61
-4,21,61
-4,21,60
-4,21,60
-3,20,60
-4,20,60
-4,20,60
-4,20,60
-4,20,60
-4,21,59
-4,21,58
-4,21,59
-6,21,61
-6,21,61
-6,21,59
-6,21,59
-8,20,60
-8,20,61
-9,20,61
-9,20,61
-10,20,60
-10,20,60
-10,20,58
-11,20,58
-12,20,58
-13,19,60
-13,19,61
-15,19,60
-15,19,60
-16,19,59
-16,20,58
-17,19,58
-19,19,59
-20,19,59
-21,20,58
-21,19,58
-25,19,58
-23,20,58
-22,19,57
-23,19,56
-23,21,57
-24,20,56
-26,19,56
-28,20,55
-27,21,55
-26,19,55
-29,18,57
-29,20,61
-27,20,61
-25,18,60
-25,17,60
-20,18,61
-16,19,61
-16,17,58
-16,15,60
-7,14,66
-2,14,67
2,11,65
4,11,62
5,11,61
9,9,59
10,9,58
13,7,54
15,6,54
11,10,57
9,9,62
9,11,65
12,10,58
16,10,57
16,11,58
8,10,58
4,13,59
3,14,60
10,14,61
11,14,60
5,16,63
4,16,61
-4,17,55
-7,16,56
-13,17,59
-16,16,60
-21,15,66
-23,15,66
-28,15,63
-32,14,61
-32,12,60
-29,10,56
-28,10,56
-27,9,54
-26,10,57
-26,11,57
-25,10,58
-26,10,57
-28,11,57
-28,13,59
-27,14,59
-27,13,59
-28,13,57
-28,14,57
-27,14,57
-27,15,56
-26,15,56
-26,15,57
-26,11,55
-28,9,55
-29,12,61
-25,15,60
-21,19,57
-21,21,57
-22,20,56
-23,15,56
-24,15,56
-27,13,56
-29,12,56
-30,12,57
-30,12,58
-29,14,58
-29,14,58
-28,14,57
-28,13,57
-29,12,56
-29,11,56
-29,11,56
-29,11,55
-29,11,56
-30,11,56
-30,11,56
-31,11,57
-31,12,57
-31,11,57
-31,11,57
-31,11,56
-31,11,56
-30,10,56
-29,10,55
-29,10,55
-29,9,55
-30,9,55
-30,9,55
-30,9,55
-30,10,55
-30,10,55
-31,11,56
-31,11,56
-31,11,57
-31,11,56
-31,11,57
-31,11,56
-30,10,56
-30,10,56
-30,10,56
-30,10,56
-30,10,56
-30,10,56
-29,10,56
-29,11,56
-30,11,56
-29,11,56
-29,12,56
-29,12,56
-28,12,57
-28,11,57
-28,11,57
-28,11,57
-28,11,57
-28,11,57
-28,11,56
-28,11,56
-28,12,56
-28,12,56
-28,12,56
-28,13,57
-28,13,57
-29,13,58
-29,13,58
-29,12,57
-29,12,57
-28,12,56
-28,11,55
-28,11,55
-28,11,55
-28,12,56
-28,12,57
-28,13,57
-28,13,57
-28,13,57
-28,13,57
-28,13,57
-28,12,56
-28,13,57
-28,12,56
-28,12,56
-28,12,56
-28,12,57
-28,12,57
-28,13,57
-28,13,57
-28,13,57
-28,13,57
-28,12,57
-28,12,57
-28,12,57
-28,12,56
-28,12,57
-28,12,57
-28,12,57
-28,12,57
-28,12,57
-28,13,57
-28,12,57
-28,12,57
-28,12,57
-28,12,57
-28,12,57
-28,12,57
-28,12,56
-28,12,57
-28,12,56
-28,12,57
-28,12,57
-28,12,57
-28,12,56
-28,12,56
-28,12,56
-28,12,56
-28,12,56
-28,12,57
-28,12,57
-28,12,57
-28,12,57
-28,12,57
-28,12,57
-28,12,57
-28,12,56
-28,12,56
-28,12,56
-28,12,56
-28,12,56
-28,12,57
-29,13,56
-29,12,56
-29,13,56
-28,12,57
-28,12,57
-28,12,57
-28,13,56
-28,13,56
-28,13,56
-28,13,56
-28,13,56
-29,13,56
-29,13,56
-28,13,57
-28,13,57
-28,13,57
-28,13,56
-28,12,56
-28,13,56
-28,13,56
-28,13,56
-28,13,56
-28,13,57
-28,13,57
-28,13,57
-28,13,57
-28,13,57
-28,13,57
-28,13,57
-27,13,57
-27,12,57
-27,12,57
-27,12,57
-27,12,57
-28,12,57
-27,12,57
-27,12,57
-27,12,57
-27,13,58
-27,12,58
-27,12,59
-27,12,58
-27,12,56
-27,12,55
-27,11,55
-27,11,55
-27,12,56
-27,12,58
-27,12,58
-27,12,59
-27,11,58
-27,11,58
-27,11,57
-28,11,56
-27,11,55
-27,11,55
-27,11,56
-27,11,57
-26,11,59
-26,11,59
-28,12,60
-30,12,60
-31,11,58
-29,11,56
-25,9,52
-25,10,51
-28,12,54
-30,12,58
-29,11,59
-28,11,59
-27,12,59
-28,12,59
-28,11,58
-29,11,57
-28,11,56
-28,11,56
-28,11,56
-29,11,57
-29,12,57
-29,12,57
-26,11,55
-25,11,55
-27,12,56
-30,13,58
-33,14,60
-32,13,59
-27,11,55
-26,11,53
-29,13,55
-31,13,57
-31,12,57
-28,12,56
-28,12,56
-30,13,57
-30,12,57
-29,12,55
-29,12,55
-30,13,56
-30,13,56
-29,13,56
-29,13,56
-29,13,56
-30,13,56
-29,13,57
-29,13,56
-28,13,56
-29,13,56
-29,13,56
-28,13,56
-28,13,56
-28,13,56
-28,13,56
-28,13,56
-28,14,56
-28,14,57
-28,13,57
-28,13,57
-28,13,57
-28,13,56
-28,13,56
-28,13,56
-28,13,56
-28,13,56
-28,13,56
-28,14,58
-29,14,59
-29,15,60
-26,14,60
-26,13,56
-27,13,56
-29,13,56
-30,13,55
-29,12,52
-29,11,51
-30,12,53
-30,12,54
-31,11,55
-30,11,56
-28,12,56
-26,12,58
-26,12,58
-25,12,59
-26,12,59
-28,12,60
-30,12,59
-31,12,59
-30,11,58
-25,9,53
-23,8,52
-25,11,53
-28,12,56
-33,14,61
-29,12,59
-26,11,57
-24,11,55
-26,12,55
-32,13,57
-33,13,58
-29,12,56
-27,11,55
-27,12,55
-29,12,56
-31,13,57
-31,12,56
-30,12,56
-29,12,56
-29,12,56
-30,13,56
-30,13,55
-31,13,56
-30,12,56
-30,13,57
-30,13,56
-30,13,56
-30,13,56
-30,13,56
-29,13,56
-29,13,56
-29,13,56
-29,13,56
-29,13,56
-29,13,56
-29,13,56
-29,13,56
-29,13,56
-29,13,56
-29,13,56
-29,13,56
-29,13,56
-29,12,56
-29,12,56
-29,13,56
-29,13,56
-29,13,56
-28,13,56
-28,13,56
-28,13,56
-29,13,56
-28,13,56
-29,13,57
-29,13,56
-29,13,56
-29,12,56
-29,13,56
-29,13,56
-29,13,56
-29,13,56
-29,13,56
-29,13,56
-29,13,56
-29,13,56
-29,12,56
-29,12,56
-29,13,56
-29,12,57
-29,13,56
-29,13,56
-29,12,57
-29,12,56
-29,13,56
-29,12,56
-29,12,56
-28,12,56
-29,12,56
-29,12,56
-29,12,56
-29,13,56
-29,13,56
-29,12,56
-29,12,56
-29,13,56
-29,12,56
-29,12,56
-29,12,56
-29,12,56
-29,12,56
-29,12,56
-29,12,56
-29,12,56
-29,12,57
-29,12,56
-29,12,57
-29,12,56
-29,12,56
-29,12,56
-29,12,56
-29,12,56
-29,12,56
-29,12,56
-29,12,56
-29,12,57
-29,12,56
-29,12,57
-28,12,57
-28,12,56
-28,12,57
-29,12,56
-29,12,57
-29,12,57
-29,12,57
-29,12,57
-29,12,57
-29,12,57
-28,12,57
-28,12,56
-29,12,57
-28,12,56
-29,12,57
-28,12,57
-29,12,57
-29,12,57
-29,12,57
-29,12,57
-28,12,57
-28,12,57
-28,12,57
-29,12,56
-28,12,57
-29,12,57
-29,12,57
-30,13,57
-30,13,57
-30,12,57
-28,12,56
-25,11,55
-25,11,55
-27,12,57
-30,12,59
-30,13,59
-29,12,57
-29,12,56
-29,12,55
-29,12,55
-29,12,55
-28,12,56
-28,12,57
-28,12,58
-29,13,58
-29,12,57
-29,12,56
-28,12,56
-29,12,56
-29,12,56
-29,12,56
-29,13,57
-29,13,57
-29,13,57
-28,13,57
-28,13,57
-28,13,57
-28,13,56
-29,13,56
-29,13,57
-28,13,57
-28,13,57
-28,13,57
-28,13,57
-28,13,57
-28,13,57
-28,13,57
-28,13,57
-28,13,57
-28,13,57
-28,13,57
-28,13,57
-28,13,57
-29,13,57
-29,13,57
-27,12,56
-26,12,55
-25,12,55
-27,12,56
-29,13,59
-29,13,59
-29,13,57
-29,13,56
-29,13,56
-30,13,55
-30,13,56
-29,13,56
-29,13,57
-28,13,57
-27,12,57
-27,12,57
-27,12,57
-28,12,57
-28,12,57
-29,12,57
-29,12,56
-29,12,56
-29,12,56
-29,13,56
-29,13,56
-29,12,57
-28,12,57
-28,12,57
-28,12,57
-28,12,57
-28,12,57
-28,12,57
-29,12,57
-29,12,56
-29,12,56
-29,12,56
-29,12,56
-29,12,56
-29,12,57
-29,12,56
-29,12,56
-29,12,56
-29,12,56
-29,12,56
-29,13,56
-29,12,56
-29,13,56
-29,13,57
-30,13,56
-30,13,57
-29,13,56
-29,13,56
-29,13,56
-30,13,56
-29,12,56
-29,12,56
-29,12,56
-29,13,56
-29,13,56
-29,13,56
-29,13,57
-29,12,56
-29,13,57
-29,12,57
-29,13,57
-29,12,57
-29,13,57
-28,12,56
-29,12,56
-28,12,56
-28,12,57
-28,12,57
-28,13,57
-28,13,57
-29,13,58
-28,13,60
-28,13,64
-29,13,64
-30,12,57
-29,11,53
-27,10,47
-26,10,46
-26,11,47
-27,12,53
-27,13,60
-35,15,70
-34,15,67
-30,13,58
-29,12,55
-26,11,50
-26,11,50
-26,11,54
-28,12,58
-33,13,60
-30,12,57
-30,11,56
-27,10,54
-27,11,54
-28,11,55
-28,11,56
-30,12,57
-29,12,57
-29,13,58
-28,12,58
-28,12,59
-28,13,58
-28,13,58
-28,13,57
-28,13,56
-28,13,56
-29,13,56
-29,13,57
-29,13,57
-29,13,57
-29,13,57
-29,13,57
-29,13,57
-29,13,57
-29,13,57
-29,13,57
-28,13,56
-29,12,56
-29,13,56
-29,13,56
-29,13,56
-29,13,56
-29,13,56
-29,13,56
-29,13,56
-29,13,56
-29,13,57
-29,13,57
-29,13,57
-29,13,57
-29,13,57
-29,13,56
-29,13,56
-29,13,57
-29,13,57
-29,13,57
-29,13,57
-29,13,57
-28,13,56
-29,13,57
-29,13,56
-29,13,56
-29,13,57
-29,13,57
-29,13,58
-29,13,58
-29,13,57
-29,13,57
-29,12,55
-29,12,55
-29,12,55
-29,12,55
-29,12,55
-29,12,56
-28,12,56
-27,11,57
-28,12,57
-30,13,60
-30,13,60
-31,13,59
-30,13,57
-27,12,54
-27,11,53
-28,12,54
-30,12,57
-30,12,58
-28,12,58
-28,11,57
-28,11,57
-29,12,57
-30,12,57
-28,11,56
-28,11,56
-28,11,56
-30,12,57
-29,12,56
-28,12,56
-28,12,57
-29,12,57
-29,12,57
-29,12,57
-28,11,56
-28,11,56
-29,12,57
-29,12,58
-29,12,57
-29,12,57
-29,12,57
-28,12,56
-28,12,56
-28,13,57
-28,12,57
-29,12,57
-28,12,57
-28,12,57
-28,12,57
-28,12,56
-28,12,57
-28,12,57
-28,12,57
-28,12,57
-28,12,57
-28,12,57
-28,12,57
-28,12,57
-28,12,57
-28,12,57
-28,12,56
-28,12,56
-28,12,56
-28,12,57
-28,12,57
-28,12,57
-29,12,57
-29,12,57
-29,12,57
-29,12,57
-29,12,57
-29,12,57
-29,12,57
-29,12,57
-29,12,57
-29,12,57
-29,12,57
-29,12,57
-29,12,56
-29,12,56
-29,11,56
-29,12,56
-29,11,56
-28,11,56
-28,11,57
-28,11,57
-28,11,58
-28,11,58
-28,11,57
-28,11,57
-28,11,57
-28,11,57
-29,11,57
-28,11,57
-28,11,57
-28,11,57
-28,11,57
-28,11,58
-28,11,58
-29,11,58
-28,11,58
-28,11,57
-28,11,57
-28,11,57
-28,11,57
-28,11,57
-28,11,57
-28,11,57
-28,11,57
-28,11,57
-28,11,57
-28,11,57
-28,11,57
-28,11,57
-28,11,57
-29,11,57
-29,11,57
-28,11,56
-29,11,56
-28,11,57
-29,11,56
-29,11,57
-29,11,57
-29,11,57
-29,11,57
-29,12,57
-29,12,57
-29,12,57
-29,12,56
-29,12,57
-29,12,57
-29,12,57
-29,12,57
-29,12,57
-29,12,57
-29,12,57
-29,12,56
-29,12,56
-29,12,57
-29,12,57
-29,12,57
-29,12,57
-29,12,57
-29,12,57
-29,12,57
-29,12,57
-29,12,57
-29,13,57
-29,12,57
-28,12,56
-28,12,56
-28,12,56
-28,12,57
-28,12,57
-28,12,57
-29,12,57
-28,12,57
-28,12,57
-28,12,56
-28,12,56
-28,12,57
-28,12,57
-28,12,58
-28,12,58
-28,12,57
-28,12,56
-28,12,56
-28,12,56
-28,12,57
-28,12,57
-28,12,57
-28,12,57
-28,12,56
-29,12,56
-28,12,56
-28,12,56
-29,12,57
-29,13,57
-29,12,57
-29,12,57
-29,12,57
-29,13,57
-28,12,57
-29,12,57
-29,12,57
-29,13,57
-29,13,57
-29,13,57
-29,12,57
-29,13,57
-28,12,56
-29,12,57
-28,13,57
-28,13,57
-28,12,57
-28,12,57
-28,13,57
-28,13,57
-28,12,56
-28,12,56
-28,13,56
-28,13,56
-29,13,57
-29,12,57
-28,12,57
-28,12,57
-27,12,57
-27,12,56
-28,11,57
-29,11,57
-29,11,58
-28,11,57
-28,12,56
-28,12,56
-28,12,57
-29,12,57
-29,12,57
-29,13,57
-29,13,57
-29,13,56
-28,13,56
-27,12,55
-28,11,56
-30,12,58
-30,12,59
-30,13,58
-28,13,56
-27,13,55
-28,13,55
-29,14,56
-30,15,58
-30,15,57
-28,13,57
-27,13,56
-28,13,56
-29,13,57
-29,13,57
-28,12,57
-27,12,57
-27,12,56
-28,13,56
-29,13,57
-29,13,57
-28,13,57
-27,13,57
-28,13,57
-28,13,56
-28,13,57
-28,13,57
-28,12,57
-28,12,57
-28,12,57
-28,12,56
-28,12,57
-28,12,57
-28,12,57
-28,12,57
-28,13,57
-28,13,57
-28,13,56
-28,13,57
-28,13,57
-28,13,57
-28,13,57
-28,12,57
-28,12,57
-28,12,57
-28,12,57
-28,13,58
-29,13,58
-30,13,58
-30,12,56
-30,12,56
-28,12,55
-27,11,54
-27,11,54
-27,11,56
-28,12,58
-29,12,60
-29,13,60
-29,12,59
-29,13,58
-29,12,56
-29,12,55
-28,12,55
-27,11,55
-27,11,56
-29,12,58
-29,12,59
-29,12,59
-29,12,58
-29,12,57
-28,12,56
-28,11,56
-28,12,56
-28,11,56
-28,11,57
-28,12,58
-29,12,58
-29,12,58
-29,12,57
-29,12,57
-28,12,56
-29,12,56
-29,12,56
-29,12,57
-30,12,57
-30,12,58
-29,12,57
-29,12,57
-28,12,56
-29,12,57
-29,12,57
-29,12,57
-29,12,57
-29,12,57
-29,12,57
-29,12,56
-29,12,57
-29,12,57
-28,12,57
-28,12,57
-28,12,57
-28,12,57
-28,12,57
-28,12,57
-28,12,57
-28,12,57
-28,12,57
-28,12,56
-28,12,56
-28,11,56
-28,12,57
-28,12,57
-28,12,57
-28,12,57
-28,12,57
-28,12,57
-28,12,57
-29,12,57
-29,12,57
-29,12,56
-29,12,57
-29,12,57
-29,12,57
-29,12,57
-29,12,57
-29,12,57
-29,12,57
-29,12,57
-29,12,57
-29,12,57
-29,12,57
-29,12,57
-29,12,57
-29,12,57
-29,12,57
-29,12,57
-29,12,57
-29,12,56
-29,12,57
-29,12,56
-29,12,56
-29,12,57
-29,12,57
-29,12,57
-29,12,57
-29,12,57
-29,12,57
-29,12,56
-29,12,57
-29,12,57
-29,12,56
-29,12,56
-29,12,57
-29,12,57
-30,12,56
-29,12,56
-29,12,56
-30,12,56
-29,12,57
-29,12,57
-29,12,57
-29,12,56
-30,12,56
-29,12,56
-29,12,56
-30,12,56
-29,12,56
-29,12,56
-29,12,57
-29,12,57
-29,12,57
-29,12,57
-30,12,57
-29,12,57
-29,12,57
-29,12,57
-29,12,57
-29,12,57
-29,12,57
-29,12,57
-29,12,57
-28,12,57
-28,12,56
-28,12,57
-28,12,57
-29,12,57
-28,12,57
-28,12,57
-28,12,57
-28,11,56
-28,12,57
-28,12,56
-28,11,56
-28,12,56
-29,12,56
-28,12,57
-29,12,57
-29,12,57
-29,12,57
-29,12,57
-29,12,57
-29,12,57
-29,12,57
-29,12,57
-29,12,57
-29,12,57
-29,12,57
-29,12,57
-29,12,57
-29,12,57
-29,12,57
-29,12,57
-29,12,57
-29,12,56
-29,12,56
-29,12,56
-29,11,57
-29,12,57
-29,11,57
-29,11,57
-29,12,57
-29,12,57
-29,12,56
-29,12,56
-29,11,56
-29,11,56
-29,11,57
-29,11,57
-29,11,57
-29,11,57
-28,11,57
-29,11,57
-28,11,57
-29,11,57
-29,12,57
-28,12,57
-28,12,57
-28,11,57
-29,11,57
-29,11,57
-28,11,57
-28,11,57
-29,11,57
-29,11,57
-28,11,57
-28,11,57
-28,11,57
-28,11,57
-28,11,57
-28,11,57
-29,11,57
-29,11,57
-29,11,57
-29,11,57
-29,11,57
-28,11,57
-28,12,56
-28,12,56
-29,11,57
-30,11,57
-29,11,57
-29,11,57
-29,11,57
-29,11,56
-29,11,57
-29,11,57
-29,11,57
-29,11,57
-29,11,57
-29,11,57
-29,11,57
-28,11,57
-29,11,57
-29,10,57
-29,11,57
-29,11,57
-28,11,57
-28,11,57
-29,11,57
-29,11,57
-29,11,57
-29,11,57
-29,11,57
-28,11,57
-29,11,57
-29,11,57
-29,11,57
-29,11,57
-29,11,57
-29,11,57
-29,11,57
-28,11,57
-28,11,57
-28,11,57
-28,11,57
-29,11,57
-28,11,57
-28,11,57
-28,11,57
-28,11,57
-28,11,57
-29,11,57
-29,12,57
-29,12,57
-28,12,57
-28,12,57
-29,12,57
-29,12,57
-30,12,57
-29,12,57
-29,12,57
-29,12,57
-29,12,57
-29,12,58
-29,11,58
-29,11,57
-28,11,57
-29,11,56
-29,11,56
-29,11,56
-29,12,55
-29,13,55
-29,13,56
-29,12,56
-29,11,58
-30,11,58
-30,10,58
-30,10,58
-30,10,56
-30,10,56
-29,11,56
-29,11,56
-29,11,57
-29,11,57
-29,11,56
-29,11,56
-29,11,56
-28,11,55
-28,12,55
-28,12,55
-29,12,55
-29,13,54
-29,13,54
-30,13,55
-31,14,56
-31,15,56
-32,16,56
-32,17,55
-33,17,54
-33,17,53
-34,19,52
-35,19,52
-35,19,52
-35,19,52
-35,19,51
-36,19,50
-37,19,50
-38,20,49
-39,20,49
-39,19,49
-40,20,49
-40,19,49
-40,19,48
-40,19,48
-40,19,47
-41,19,47
-41,19,47
-41,19,47
-41,19,47
-41,18,47
-41,18,47
-40,19,46
-41,19,46
-41,19,47
-41,18,48
-41,18,49
-40,17,50
-40,17,49
-37,16,48
-36,15,48
-38,16,49
-39,17,50
-40,17,51
-40,18,52
-40,18,51
-39,18,49
-39,17,49
-39,17,47
-39,17,48
-40,18,48
-42,18,47
-43,19,47
-43,19,47
-43,20,47
-43,20,48
-43,19,48
-42,17,48
-42,17,48
-41,17,48
-41,16,48
-39,16,47
-38,16,47
-37,16,48
-36,16,49
-35,17,52
-35,17,53
-34,17,55
-33,18,55
-32,17,57
-30,16,57
-30,15,57
-29,14,57
-28,14,57
-26,13,55
-26,12,55
-27,10,55
-26,9,55
-26,7,57
-26,7,57
-27,7,58
-25,7,58
-25,8,58
-25,9,58
-26,9,58
-26,9,59
-27,10,59
-27,9,59
-27,9,59
-27,10,58
-26,10,57
-26,11,57
-26,11,57
-25,12,58
-26,13,58
-26,13,58
-27,14,59
-27,14,58
-26,14,58
-25,13,57
-25,13,56
-25,13,56
-26,12,57
-27,12,57
-27,12,58
-27,11,59
-28,11,59
-28,11,59
-28,11,58
-28,11,58
-28,11,57
-28,10,57
-28,10,57
-28,9,58
-28,9,57
-28,9,58
-28,10,58
-28,10,59
-28,10,59
-28,10,58
-28,11,58
-28,11,57
-27,11,57
-27,11,57
-27,12,57
-27,12,58
-27,12,58
-27,12,58
-26,12,58
-26,12,58
-26,12,58
-26,12,58
-26,12,58
-25,12,57
-25,12,58
-25,12,58
-25,12,58
-25,12,59
-25,12,59
-25,11,58
-25,11,58
-25,11,58
-25,11,59
-25,11,58
-25,11,58
-25,11,58
-25,11,58
-25,11,59
-25,11,59
-25,11,59
-25,11,59
-25,11,58
-25,11,57
-25,11,57
-25,11,56
-25,12,57
-25,12,58
-25,12,59
-25,12,59
-26,12,59
-26,12,58
-26,12,57
-26,12,57
-26,12,57
-26,12,58
-27,12,58
-27,12,58
-27,12,58
-27,12,57
-27,12,57
-27,12,57
-27,12,57
-28,12,57
-28,12,57
-28,12,57
-28,12,58
-28,12,57
-28,12,57
-28,11,57
-28,12,57
-28,12,57
-28,12,57
-29,12,57
-29,12,57
-29,12,57
-29,12,57
-29,12,57
-29,12,56
-29,12,57
-30,12,57
-30,12,56
-30,12,57
-30,12,57
-30,12,57
-30,12,56
-30,12,57
-30,12,56
-30,12,56
-30,12,56
-30,12,56
-30,12,56
-30,12,56
-30,12,57
-30,12,56
-30,12,56
-30,11,56
-30,11,56
-30,11,56
-30,11,56
-30,11,56
-30,11,56
-30,11,56
-30,11,57
-30,11,57
-29,11,57
-29,11,57
-29,11,57
-29,11,57
-30,11,57
-30,11,57
-30,11,57
-30,11,57
-29,11,57
-29,11,57
-29,11,57
-29,11,57
-29,11,57
-29,11,58
-28,11,57
-28,11,57
-28,11,57
-28,11,57
-28,12,57
-27,12,57
-28,12,57
-28,11,57
-28,12,57
-28,11,57
-28,11,58
-28,11,57
-28,11,57
-28,11,57
-28,12,57
-28,12,57
-27,12,57
-28,12,57
-28,12,57
-27,12,57
-27,12,57
-28,12,57
-27,12,57
-27,12,57
-28,11,57
-27,12,57
-27,12,57
-27,12,57
-27,12,58
-27,12,58
-27,12,58
-27,11,58
-27,11,58
-27,11,58
-27,11,58
-27,11,58
-27,11,58
-27,11,58
-27,11,58
-27,11,58
-27,11,58
-27,11,58
-27,11,57
-27,11,57
-27,11,58
-27,11,58
-27,11,58
-27,11,58
-27,11,58
-27,11,58
-27,11,57
-27,11,57
-27,11,58
-28,11,58
-27,11,57
-28,11,57
-28,11,57
-27,11,58
-28,11,58
-28,11,58
-28,11,58
-28,11,58
-28,11,57
-28,11,57
-28,11,57
-28,11,57
-28,11,57
-28,11,57
-28,11,57
-28,11,58
-28,11,57
-28,11,58
-28,11,58
-28,11,58
-28,11,57
-28,11,58
-28,11,58
-28,11,58
-28,11,58
-28,11,57
-28,11,58
-28,11,58
-28,11,58
-28,11,58
-28,11,58
-28,11,58
-28,11,58
-28,11,58
-27,11,58
-27,11,57
-27,11,57
-27,11,58
-28,11,58
-27,11,58
-27,11,57
-27,11,57
-27,9,55
-27,9,56
-28,10,57
-28,11,58
-28,11,58
-28,11,58
-27,10,57
-27,10,57
-27,10,58
-28,11,59
-28,11,60
-27,11,59
-27,11,59
-27,11,57
-27,11,57
-27,10,57
-28,10,58
-27,10,58
-27,11,58
-27,11,58
-27,11,58
-27,11,57
-27,11,57
-27,11,57
-27,11,57
-27,11,58
-27,11,58
-27,11,58
-27,11,58
-27,11,58
-27,11,57
-27,11,57
-27,12,57
-27,11,57
-27,12,57
-27,11,58
-27,11,58
-27,11,58
-27,11,58
-27,11,58
-27,11,58
-27,11,58
-27,11,58
-27,11,57
-27,11,57
-27,11,57
-27,11,58
-27,12,58
-27,11,58
-27,12,58
-27,12,59
-27,12,58
-27,11,58
-27,11,57
-27,11,57
-27,11,57
-28,11,58
-27,11,58
-27,11,57
-27,11,57
-27,11,57
-27,11,58
-27,11,58
-27,12,59
-27,11,59
-27,11,59
-27,11,58
-27,11,57
-27,11,57
-27,11,57
-26,11,57
-26,11,57
-26,11,57
-27,11,57
-27,11,58
-28,11,59
-27,11,58
-28,11,57
-28,11,57
-28,10,57
-28,10,57
-28,11,58
-28,11,58
-29,11,58
-29,11,58
-29,11,57
-29,11,57
-29,12,57
-28,11,57
-29,11,57
-29,12,57
-29,12,58
-29,13,58
-29,13,58
-28,12,57
-28,11,57
-29,11,56
-29,10,56
-29,11,57
-29,11,57
-28,12,57
-28,12,57
-28,12,57
-27,11,57
-27,12,57
-28,11,56
-29,11,57
-30,11,56
-30,11,56
-29,11,55
-29,11,56
-30,11,56
-31,10,56
-31,11,56
-32,11,55
-33,11,55
-32,12,54
-34,13,55
-32,15,56
-31,14,55
-32,13,51
-28,16,52
-30,17,50
-31,18,51
-33,21,55
-34,22,57
-34,26,56
-36,27,55
-35,28,55
-34,27,54
-34,27,53
-32,27,52
-31,27,52
-29,26,51
-27,24,51
-26,23,51
-24,22,52
-25,21,52
-25,21,53
-26,21,53
-27,21,55
-26,20,55
-25,20,56
-24,21,56
-24,22,55
-25,22,55
-25,22,55
-25,22,56
-24,22,56
-24,22,57
-24,21,57
-22,21,57
-21,21,57
-19,20,58
-18,20,59
-17,20,61
-16,20,63
-16,19,66
-15,19,66
-13,19,64
-12,18,62
-12,17,58
-12,17,57
-13,16,55
-13,14,54
-13,13,55
-14,14,57
-14,14,58
-15,12,61
-15,11,64
-18,10,67
-18,10,66
-17,10,66
-17,10,65
-18,9,64
-14,8,63
-11,8,64
-12,7,67
-12,6,67
-8,9,67
-6,8,66
-1,5,64
0,4,63
-1,4,64
0,4,63
5,4,60
9,0,56
-2,1,63
1,3,62
-2,4,60
1,3,66
7,-1,62
8,13,65
8,14,64
6,11,66
2,11,67
1,13,64
1,13,63
3,12,58
3,11,56
0,11,57
0,9,57
-2,7,54
-10,5,57
-12,5,55
-19,5,55
-23,4,58
-30,7,65
-37,9,66
-46,9,63
-45,9,61
-42,8,59
-38,7,56
-36,7,56
-33,6,54
-32,5,55
-33,5,54
-34,5,54
-35,5,55
-35,5,55
-34,6,55
-34,7,56
-34,7,56
-34,8,55
-34,9,55
-34,10,54
-34,10,54
-34,10,55
-34,10,55
-34,10,55
-34,10,55
-33,9,54
-33,10,54
-34,9,54
-34,9,55
-35,8,54
-34,8,54
-34,8,54
-35,9,54
-35,10,54
-35,10,54
-35,10,54
-35,9,54
-35,9,54
-35,9,55
-35,8,55
-35,8,55
-35,8,55
-35,8,55
-34,8,55
-34,8,55
-33,8,55
-33,7,55
-33,7,54
-33,7,55
-33,7,55
-33,7,55
-32,7,55
-32,7,55
-32,8,55
-32,7,56
-32,8,56
-32,8,56
-32,8,56
-32,8,56
-32,8,56
-32,7,55
-32,7,55
-32,7,55
-32,8,55
-32,8,55
-32,8,56
-33,8,55
-33,9,56
-32,9,55
-32,9,55
-33,9,55
-33,9,55
-33,9,55
-33,9,55
-33,9,55
-33,8,55
-34,8,55
-34,9,56
-33,9,56
-34,9,55
-33,9,55
-34,9,55
-34,9,54
-34,9,54
-34,9,54
-34,9,55
-34,9,55
-34,9,55
-34,9,55
-34,9,56
-33,8,56
-34,8,56
-33,8,56
-34,8,55
-34,7,53
-34,7,53
-34,8,54
-33,8,55
-33,8,55
-34,7,55
-34,7,55
-34,7,56
-34,7,56
-34,7,56
-33,7,55
-33,7,55
-33,7,55
-33,8,55
-33,8,55
-33,8,55
-33,8,56
-33,8,56
-33,8,56
-33,8,56
-33,7,55
-33,7,55
-32,8,54
-33,8,55
-33,8,55
-33,9,55
-33,8,55
-32,9,55
-32,9,55
-33,9,55
-33,10,55
-32,9,55
-32,9,55
-33,9,54
-33,9,54
-33,9,54
-34,9,56
-34,10,56
-33,10,57
-33,10,56
-33,10,56
-33,9,55
-33,9,55
-33,9,54
-33,10,54
-33,10,54
-33,10,54
-33,11,54
-33,11,55
-33,10,55
-33,10,54
-34,10,54
-34,9,54
-34,9,54
-34,9,54
-34,9,55
-35,9,55
-34,9,55
-34,9,55
-34,9,54
-34,9,53
-34,9,54
-34,10,54
-34,10,54
-34,10,55
-35,11,55
-35,11,54
-35,10,54
-35,10,54
-35,9,54
-35,9,54
-35,9,55
-35,9,55
-35,9,55
-35,9,55
-35,9,54
-34,9,54
-33,9,54
-33,9,54
-33,9,54
-33,10,54
-34,10,55
-34,10,55
-34,10,55
-33,10,54
-33,10,54
-34,9,54
-34,9,55
-34,9,55
-34,8,55
-34,9,55
-34,8,55
-34,8,55
-34,8,55
-34,8,55
-34,7,54
-34,7,54
-33,8,54
-33,8,53
-34,9,54
-34,10,54
-35,10,54
-35,10,54
-35,10,54
-36,10,54
-36,10,54
-37,10,54
-36,10,54
-36,10,54
-35,11,53
-36,11,53
-35,11,53
-35,11,53
-35,11,54
-35,11,54
-35,11,54
-35,11,54
-35,11,54
-35,11,54
-35,11,54
-35,12,54
-34,13,55
-34,13,56
-33,13,56
-33,13,56
-32,12,55
-31,12,55
-31,12,54
-31,13,54
-31,13,55
-32,13,55
-33,13,55
-32,13,54
-31,12,54
-29,13,52
-30,13,52
-33,13,53
-35,14,53
-38,14,52
-38,13,52
-34,11,53
-32,11,54
-32,11,54
-33,11,54
-35,11,55
-34,10,57
-35,10,59
-34,8,63
-33,6,62
-32,6,58
-31,5,56
-29,5,54
-29,4,54
-29,3,55
-30,2,56
-30,2,58
-30,1,59
-30,1,60
-29,1,58
-29,1,57
-29,1,57
-28,2,57
-28,3,57
-28,3,57
-28,4,57
-28,4,57
-29,4,57
-29,4,56
-30,3,56
-31,3,55
-31,3,55
-32,4,55
-33,4,55
-33,5,54
-34,5,55
-35,6,55
-36,6,55
-37,7,55
-38,8,55
-38,8,54
-38,8,53
-39,7,53
-40,7,53
-40,7,52
-40,6,52
-40,5,52
-40,5,52
-40,5,52
-41,4,52
-42,4,51
-42,3,51
-42,3,50
-42,3,50
-42,3,51
-43,3,50
-43,4,51
-43,4,51
-43,5,52
-42,5,52
-41,7,53
-40,7,53
-38,8,52
-39,9,52
-40,11,50
-40,11,50
-39,12,49
-38,13,49
-37,12,49
-37,11,51
-37,11,51
-38,11,52
-38,11,52
-37,11,51
-37,11,51
-37,11,52
-38,12,52
-39,11,53
-38,10,53
-37,10,53
-35,9,54
-34,10,55
-35,12,56
-35,13,55
-36,13,53
-36,13,53
-35,13,52
-35,14,51
-36,15,52
-36,15,52
-35,16,51
-34,17,50
-34,18,50
-35,19,49
-37,21,49
-38,22,49
-39,22,50
-37,20,50
-37,19,50
-36,18,51
-36,17,51
-36,17,51
-36,17,51
-35,16,51
-35,15,53
-34,15,53
-32,14,54
-32,13,55
-33,12,57
-33,11,59
-33,10,59
-33,9,59
-31,8,57
-30,7,56
-30,6,55
-30,6,53
-31,6,53
-31,6,55
-31,6,56
-31,6,57
-31,6,58
-31,6,57
-31,6,57
-31,7,56
-31,7,56
-31,7,56
-31,7,56
-31,8,56
-32,8,56
-32,8,55
-32,9,55
-32,9,55
-32,9,55
-32,9,55
-33,10,56
-33,10,56
-32,10,55
-32,10,55
-33,10,56
-33,10,56
-33,10,55
-33,10,55
-33,10,55
-34,11,55
-34,11,55
-34,10,54
-34,10,54
-34,11,53
-35,11,53
-34,11,52
-35,12,52
-35,12,52
-36,13,52
-36,14,52
-36,14,52
-36,15,52
-37,15,51
-37,15,51
-39,16,50
-39,16,50
-39,16,49
-40,16,49
-41,17,49
-42,16,49
-43,16,49
-44,16,48
-44,15,48
-44,15,48
-44,14,47
-44,14,46
-45,14,46
-44,13,45
-44,13,45
-44,13,45
-44,13,45
-45,13,46
-45,12,46
-45,12,46
-45,12,47
-44,12,47
-44,11,47
-44,11,47
-44,10,46
-44,9,46
-43,8,46
-43,8,46
-43,7,48
-44,7,49
-44,7,50
-43,7,51
-42,7,51
-40,6,49
-40,6,49
-40,7,51
-40,6,52
-40,7,54
-39,7,55
-38,8,56
-37,8,55
-36,8,54
-35,8,53
-35,9,52
-35,9,52
-34,8,52
-33,7,51
-32,7,51
-33,7,52
-33,6,54
-35,6,56
-35,6,57
-35,7,57
-35,8,57
-35,9,56
-33,9,54
-33,9,54
-33,9,53
-33,9,53
-33,8,53
-34,7,54
-33,6,55
-33,6,55
-33,5,56
-34,4,57
-35,4,57
-35,4,57
-36,4,55
-34,3,53
-34,3,53
-34,3,52
-35,4,53
-36,4,54
-37,4,55
-37,5,56
-36,5,56
-36,6,56
-36,6,55
-36,7,54
-35,8,54
-35,8,54
-35,9,54
-35,9,55
-34,8,55
-34,8,55
-33,7,55
-33,7,55
-33,6,55
-33,6,55
-33,6,54
-33,6,54
-32,7,55
-33,10,55
-33,10,55
-33,12,55
-33,12,55
-33,12,54
-33,12,54
-34,11,54
-34,11,54
-34,11,55
-34,10,55
-34,10,55
-34,10,55
-34,10,55
-33,10,55
-33,10,55
-33,9,55
-33,10,55
-34,10,55
-34,10,54
-33,10,54
-33,10,54
-33,10,55
-33,10,56
-34,10,61
-37,10,64
-40,10,65
-41,10,60
-36,8,55
-29,7,45
-28,7,43
-25,8,41
-25,8,43
-34,10,54
-39,11,58
-40,12,58
-38,12,56
-37,12,54
-40,12,55
-40,12,54
-40,11,49
-39,11,47
-39,12,48
-41,12,49
-41,11,50
-41,11,49
-40,11,48
-40,11,48
-43,11,51
-42,11,51
-42,11,51
-41,11,50
-40,11,49
-39,11,51
-40,11,53
-40,11,54
-40,11,53
-37,10,51
-36,10,51
-37,10,55
-37,10,56
-37,9,55
-34,9,52
-32,8,51
-31,8,53
-33,8,56
-34,9,58
-34,9,57
-29,8,52
-28,8,52
-31,8,56
-32,9,57
-33,10,57
-31,10,55
-27,9,52
-31,10,56
-33,10,58
-34,11,57
-33,10,56
-29,9,53
-29,9,54
-34,10,57
-34,10,57
-34,10,55
-31,10,54
-31,10,54
-34,10,56
-34,10,56
-34,11,55
-33,11,54
-32,10,51
-31,10,48
-27,9,47
-25,10,52
-42,14,66
-43,12,66
-36,11,63
-34,10,60
-29,9,52
-27,10,50
-28,11,52
-36,11,56
-37,12,57
-36,12,56
-34,11,55
-30,11,53
-29,11,54
-34,11,56
-36,11,56
-36,11,56
-35,11,55
-32,10,51
-29,9,48
-28,9,48
-29,8,47
-29,9,48
-31,11,55
-33,11,60
-39,12,69
-41,13,69
-36,13,63
-32,12,60
-27,11,56
-28,11,54
-28,11,54
-30,11,54
-31,11,54
-32,12,54
-31,12,55
-29,11,55
-28,11,55
-28,12,55
-29,12,55
-31,13,57
-32,13,57
-33,12,58
-32,11,58
-31,11,57
-30,11,56
-30,10,55
-30,10,54
-31,10,54
-31,10,55
-32,10,55
-31,10,57
-30,10,57
-30,10,57
-30,10,57
-30,10,55
-31,10,54
-31,11,54
-32,12,54
-32,12,54
-32,13,55
-32,13,55
-34,13,55
-34,13,56
-35,13,56
-35,12,55
-35,12,54
-36,12,54
-36,11,54
-36,11,53
-35,11,53
-34,11,53
-34,11,53
-34,11,53
-34,11,53
-35,11,55
-35,10,55
-36,10,55
-35,10,55
-35,10,54
-34,10,53
-34,10,53
-34,10,53
-34,10,53
-34,10,54
-34,10,54
-34,10,54
-34,11,55
-34,11,55
-34,11,54
-34,11,54
-34,11,54
-34,11,54
-34,10,54
-34,10,54
-34,10,53
-34,10,53
-35,11,53
-35,11,53
-35,11,54
-35,12,54
-35,12,54
-35,12,53
-36,12,53
-36,12,53
-36,12,53
-36,12,53
-36,12,54
-36,12,53
-36,11,54
-36,11,54
-36,11,54
-35,11,53
-35,11,54
-35,11,54
-35,11,54
-34,11,54
-34,11,54
-34,11,54
-34,11,54
-34,11,55
-34,11,55
-34,11,55
-33,11,55
-33,10,55
-33,10,55
-33,10,55
-33,10,55
-33,10,55
-33,10,55
-33,10,55
-33,10,55
-33,10,55
-33,10,55
-33,10,55
-33,10,55
-32,10,55
-33,10,54
-33,10,54
-33,10,54
-32,9,53
-33,10,54
-33,9,54
-34,10,55
-34,10,55
-34,10,55
-34,10,56
-34,10,55
-34,10,55
-34,10,54
-34,10,55
-34,10,54
-34,10,54
-33,10,54
-34,11,55
-34,10,54
-34,10,54
-35,11,54
-35,10,54
-35,10,54
-34,10,54
-34,10,54
-35,10,54
-35,10,55
-35,10,55
-34,11,54
-34,11,54
-35,11,54
-35,11,54
-35,10,54
-34,10,54
-34,10,54
-34,10,55
-34,10,55
-35,10,55
-34,10,55
-34,10,54
-34,10,54
-34,10,53
-33,10,54
-33,10,54
-33,10,55
-34,10,55
-34,10,55
-34,10,55
-33,10,55
-33,10,55
-33,10,55
-33,10,55
-33,10,54
-33,10,54
-33,10,55
-33,10,55
-33,10,55
-33,10,55
-33,10,55
-33,10,55
-33,10,55
-33,10,55
-33,10,55
-33,10,55
-33,10,55
-33,10,55
-33,10,55
-33,10,55
-33,10,55
-33,11,55
-33,10,55
-33,11,55
-33,10,55
-33,10,55
-33,10,55
-33,10,55
-33,10,55
-33,10,55
-33,10,55
-33,10,55
-33,10,55
-32,10,55
-33,10,55
-33,10,55
-32,10,56
-32,10,55
-32,10,55
-32,10,56
-33,9,56
-33,10,56
-32,10,55
-32,10,55
-32,10,54
-32,10,55
-32,10,55
-32,10,55
-32,10,55
-32,10,56
-32,10,56
-33,10,56
-32,9,56
-32,10,56
-32,10,55
-32,9,55
-32,10,56
-32,10,56
-32,10,56
-32,10,56
-31,10,56
-32,10,56
-32,9,55
-33,9,54
-32,8,54
-32,8,53
-32,9,54
-32,9,55
-32,9,56
-32,10,56
-32,10,56
-32,10,57
-32,10,57
-32,9,56
-31,9,56
-32,8,55
-32,8,55
-32,9,56
-33,9,56
-32,9,56
-33,9,55
-33,9,55
-32,10,55
-31,10,55
-31,10,56
-32,10,56
-33,10,58
-33,10,57
-32,9,55
-32,9,54
-32,9,53
-32,9,53
-32,9,53
-32,10,54
-32,10,55
-33,10,56
-33,10,57
-33,10,58
-33,10,57
-33,10,57
-33,10,56
-33,10,55
-33,10,55
-33,10,54
-33,10,54
-33,10,54
-33,11,55
-33,10,55
-33,11,55
-33,11,55
-33,11,55
-33,11,55
-33,11,55
-33,11,55
-33,11,54
-33,10,55
-33,10,55
-33,10,55
-33,10,55
-33,11,55
-33,11,56
-33,11,56
-33,11,56
-33,11,56
-33,11,56
-33,10,55
-33,10,54
-33,10,54
-33,10,54
-33,10,54
-32,11,55
-32,11,56
-33,11,56
-33,10,56
-32,9,54
-32,9,54
-32,10,55
-33,9,55
-32,10,55
-32,10,55
-32,10,55
-32,10,55
-32,10,55
-32,10,56
-33,10,56
-32,9,56
-32,9,56
-33,10,56
-33,10,56
-32,9,56
-32,9,55
-32,9,56
-32,9,56
-32,9,56
-32,9,56
-32,9,56
-32,10,56
-32,10,57
-32,10,58
-32,9,58
-33,9,54
-32,8,52
-31,8,50
-31,8,51
-32,8,53
-33,8,56
-33,8,57
-33,8,58
-33,8,59
-33,8,58
-32,8,57
-32,8,56
-32,8,56
-33,8,55
-32,8,55
-33,8,54
-33,8,54
-33,9,54
-33,9,55
-32,8,55
-33,8,56
-33,8,58
-33,8,58
-33,8,58
-33,8,56
-33,8,55
-33,8,54
-33,8,54
-34,8,53
-33,8,54
-33,8,55
-33,8,56
-33,8,56
-34,8,57
-34,8,57
-33,8,56
-33,8,55
-33,9,54
-32,9,54
-33,9,54
-33,9,54
-33,9,55
-33,9,56
-32,9,56
-32,9,55
-32,9,55
-32,9,56
-32,9,56
-32,9,56
-32,10,56
-32,11,55
-32,11,55
-32,12,54
-33,12,54
-33,12,54
-33,12,55
-33,12,55
-33,12,56
-33,12,56
-33,12,55
-33,12,55
-33,11,55
-32,11,55
-32,10,55
-32,10,55
-32,9,56
-32,9,56
-32,9,56
-32,9,56
-32,9,56
-31,8,56
-32,8,55
-32,8,55
-32,8,56
-32,8,55
-32,8,55
-32,8,55
-32,8,55
-32,8,55
-33,8,55
-32,9,56
-32,9,55
-33,9,55
-33,10,55
-33,10,55
-33,10,55
-33,11,55
-33,11,55
-33,11,55
-33,11,54
-33,10,54
-33,10,54
-33,10,54
-33,10,54
-33,10,54
-34,10,55
-33,10,55
-33,11,55
-34,11,55
-34,11,55
-34,11,55
-34,11,55
-34,10,55
-34,10,54
-34,10,54
-34,10,54
-34,10,55
-34,10,55
-34,10,55
-34,10,54
-34,10,54
-34,10,54
-34,10,54
-34,11,54
-34,10,54
-34,11,54
-33,11,54
-33,11,54
-34,10,55
-34,10,55
-34,10,55
-34,10,55
-35,10,55
-35,11,55
-34,11,55
-34,11,55
-33,11,54
-33,11,54
-33,10,54
-33,10,54
-33,10,54
-33,11,54
-33,11,54
-33,11,54
-33,11,55
-33,12,55
-33,12,55
-33,11,55
-34,11,55
-34,11,56
-33,11,56
-33,11,57
-33,11,58
-33,11,58
-31,9,53
-31,11,51
-31,10,49
-32,10,50
-32,9,53
-32,9,54
-32,9,56
-33,9,57
-33,10,56
-33,10,55
-33,10,55
-33,10,56
-33,10,56
-33,10,56
-33,10,56
-33,10,56
-34,10,55
-33,11,55
-32,11,55
-32,10,55
-32,10,55
-32,10,54
-32,11,54
-32,11,54
-32,10,55
-32,10,55
-32,11,55
-32,11,55
-32,11,55
-33,11,55
-33,11,55
-34,11,54
-34,11,55
-34,10,55
-34,10,55
-35,11,54
-35,11,54
-35,11,54
-35,12,54
-35,12,55
-35,13,55
-34,13,55
-34,13,54
-33,13,54
-33,13,54
-33,12,55
-33,12,55
-33,12,55
-33,12,57
-33,12,58
-33,11,57
-33,10,55
-33,9,52
-35,9,51
-35,10,51
-32,10,49
-30,9,49
-34,9,54
-37,10,56
-37,10,59
-34,9,58
-31,9,57
-31,9,57
-34,9,58
-35,10,58
-34,10,56
-32,11,55
-33,12,57
-36,13,55
-35,12,53
-32,10,48
-32,9,47
-35,9,50
-37,9,53
-38,9,55
-37,9,55
-33,8,53
-32,7,52
-33,7,54
-34,7,56
-35,7,58
-33,9,57
-33,9,56
-35,11,56
-35,11,55
-35,11,53
-34,11,52
-35,10,52
-35,9,52
-36,8,54
-36,8,55
-37,9,55
-37,9,55
-36,9,55
-35,9,55
-34,8,54
-33,8,53
-33,8,53
-33,8,53
-34,8,54
-34,8,55
-34,8,55
-34,8,54
-34,8,54
-35,7,54
-36,7,54
-37,7,53
-37,7,53
-37,8,53
-37,8,53
-37,8,54
-37,8,54
-37,8,54
-37,8,53
-37,8,53
-37,8,53
-37,9,53
-36,9,53
-36,9,53
-36,9,53
-36,9,53
-36,9,53
-37,9,53
-37,9,53
-37,9,54
-37,8,54
-37,9,54
-36,9,54
-36,9,54
-36,9,54
-35,9,54
-35,9,54
-35,9,54
-34,9,54
-34,9,54
-34,9,55
-34,9,55
-33,9,55
-33,9,54
-33,9,54
-33,10,54
-34,10,55
-34,10,55
-35,11,55
-35,10,54
-34,10,54
-35,10,54
-35,10,54
-35,10,54
-35,10,54
-35,10,55
-35,10,55
-34,10,54
-34,10,54
-34,10,54
-34,10,54
-33,10,54
-33,10,54
-33,11,54
-33,11,54
-33,11,54
-33,11,54
-34,10,55
-34,10,55
-34,9,55
-34,9,54
-34,9,54
-35,9,54
-34,9,55
-34,9,54
-34,10,55
-34,10,55
-34,10,55
-34,11,55
-33,11,54
-34,11,54
-34,11,55
-34,11,55
-34,10,55
-34,10,55
-33,9,54
-33,9,53
-33,9,53
-34,10,54
-34,10,54
-34,10,55
-34,10,55
-34,10,55
-34,10,55
-34,10,54
-34,10,55
-34,10,55
-36,9,54
-34,9,56
-38,10,56
-36,10,56
-35,11,55
-34,11,57
-33,10,55
-36,10,56
-32,9,55
-34,10,57
-29,12,53
-30,12,55
-29,11,56
-27,13,60
-26,13,61
-25,14,59
-24,14,57
-22,14,58
-20,14,58
-20,15,59
-19,15,59
-18,15,58
-17,15,59
-17,16,58
-16,15,58
-16,15,59
-16,15,61
-16,15,61
-17,15,61
-17,15,61
-18,15,61
-18,15,61
-18,15,61
-18,15,61
-18,15,60
-18,15,60
-19,15,60
-19,15,60
-19,15,60
-19,15,60
-19,15,61
-19,15,61
-19,15,60
-19,15,59
-19,15,59
-19,15,60
-19,15,60
-19,15,60
-19,15,60
-19,15,61
-19,15,61
-19,15,60
-19,15,60
-19,14,60
-19,14,60
-19,14,60
-18,14,60
-19,14,61
-19,14,61
-19,14,61
-19,14,61
-18,14,60
-18,14,60
-18,13,60
-18,13,60
-19,13,60
-19,14,60
-19,14,59
-19,14,59
-21,13,60
-21,13,59
-20,13,59
-22,13,60
-22,13,59
-22,13,57
-22,12,57
-27,11,61
-27,11,62
-25,11,61
-25,12,61
-24,12,59
-24,13,58
-24,12,57
-24,12,56
-24,12,57
-24,12,58
-24,12,59
-25,12,60
-26,12,59
-26,12,59
-26,12,59
-25,12,58
-25,12,58
-25,12,58
-26,12,57
-27,13,58
-27,12,59
-27,12,59
-25,12,59
-24,12,59
-25,12,57
-25,12,56
-25,11,57
-25,11,58
-27,13,57
-26,12,58
-25,12,59
-26,12,60
-26,12,59
-26,12,58
-25,11,59
-24,12,59
-24,12,58
-24,12,59
-24,12,58
-24,12,59
-24,12,59
-23,12,59
-23,12,59
-23,13,60
-23,12,60
-22,12,61
-21,12,61
-21,12,61
-19,13,61
-18,13,61
-18,13,62
-16,13,62
-15,14,61
-15,14,60
-13,14,59
-13,14,60
-12,14,60
-13,14,60
-13,14,61
-14,15,61
-14,14,62
-13,13,61
-13,13,62
-13,13,63
-15,13,63
-15,14,63
-15,13,63
-14,12,61
-14,11,61
-15,12,62
-16,13,62
-16,13,62
-14,11,61
-14,11,60
-14,11,61
-15,12,62
-16,12,62
-16,12,61
-17,11,61
-17,11,61
-17,12,62
-17,13,62
-18,13,62
-18,12,61
-17,11,61
-17,11,62
-17,11,62
-17,11,63
-17,11,63
-17,12,62
-17,12,61
-16,12,61
-16,12,61
-17,12,62
-17,12,62
-17,12,62
-16,12,61
-16,12,61
-16,12,61
-16,12,61
-16,12,61
-16,12,61
-15,12,61
-15,12,61
-15,12,62
-15,11,62
-15,11,62
-14,11,62
-14,11,62
-14,11,62
-14,12,62
-14,12,61
-14,13,62
-14,13,61
-14,14,61
-14,14,62
-14,13,62
-14,13,62
-14,13,62
-15,13,62
-15,12,62
-15,12,62
-15,12,62
-16,12,62
-16,12,62
-16,12,62
-15,12,62
-15,12,61
-15,13,62
-15,13,61
-15,13,62
-15,13,62
-16,13,62
-16,13,61
-16,12,61
-16,12,61
-16,12,61
-15,12,61
-15,12,62
-15,12,62
-15,12,62
-15,12,62
-16,12,62
-16,12,61
-16,12,61
-16,11,61
-17,12,61
-17,13,60
-18,11,61
-20,11,61
-20,13,60
-20,12,60
-22,12,60
-22,13,59
-22,11,60
-23,10,61
-24,11,61
-25,11,60
-26,11,59
-26,11,61
-24,11,61
-23,13,59
-23,13,58
-24,14,57
-25,12,59
-22,12,62
-19,12,63
-20,12,63
-17,10,64
-16,9,65
-13,11,65
-13,9,65
-11,9,64
-10,9,63
-6,7,64
-5,6,64
-3,4,60
-1,3,60
-4,4,62
-2,5,65
-1,9,65
-5,7,65
-4,7,65
9,4,70
4,9,61
8,13,61
10,13,61
6,12,64
4,15,67
4,16,63
10,16,60
12,13,57
13,14,57
14,13,56
10,15,50
8,16,52
9,15,55
8,14,56
-2,12,54
-7,12,55
-11,14,61
-14,15,59
-21,13,62
-24,16,64
-27,18,68
-28,19,68
-28,17,67
-25,15,61
-24,13,59
-24,12,59
-21,10,58
-19,8,60
-19,8,63
-17,6,64
-17,5,66
-14,3,67
-13,2,67
-11,3,64
-12,4,63
-15,5,61
-16,9,62
-18,10,62
-19,8,62
-21,9,61
-21,10,62
-22,10,62
-21,9,61
-21,9,61
-21,9,60
-21,9,60
-21,9,60
-22,9,60
-22,9,60
-22,10,61
-22,10,61
-22,10,61
-22,10,61
-22,10,60
-22,10,59
-21,9,59
-21,10,59
-23,10,61
-24,10,61
-24,10,61
-23,10,60
-23,10,59
-23,10,59
-22,10,59
-22,10,59
-21,10,59
-21,9,60
-21,9,61
-22,9,61
-23,9,61
-23,9,61
-22,10,60
-23,10,59
-23,10,59
-23,10,59
-23,10,59
-23,11,60
-22,10,61
-22,10,60
-22,10,60
-22,9,60
-22,9,60
-22,9,61
-22,9,62
-22,10,61
-23,10,61
-22,10,60
-22,10,59
-22,10,59
-22,10,59
-22,9,59
-22,9,60
-22,9,60
-22,9,60
-23,9,61
-22,9,60
-22,9,60
-22,10,60
-22,9,59
-23,9,59
-23,9,59
-22,9,60
-22,9,60
-22,9,61
-22,9,61
-22,9,61
-22,9,61
-22,9,61
-22,9,60
-22,9,60
-22,9,59
-22,9,59
-22,9,60
-22,9,60
-22,9,61
-22,9,61
-22,9,61
-22,9,61
-22,9,61
-22,9,60
-22,9,60
-22,9,60
-22,9,60
-22,9,61
-22,8,60
-22,8,60
-22,8,60
-22,8,60
-22,8,60
-22,8,61
-22,8,61
-22,9,61
-22,9,61
-22,9,61
-22,8,61
-22,8,61
-22,8,60
-22,8,59
-22,8,59
-22,8,59
-22,8,59
-22,8,60
-22,8,60
-22,8,61
-22,8,61
-22,8,61
-22,8,61
-21,8,60
-21,8,61
-21,8,61
-22,8,61
-22,8,61
-22,8,61
-21,8,60
-21,8,60
-21,8,61
-21,8,60
-21,8,60
-21,8,60
-21,8,60
-21,8,60
-21,8,60
-21,8,60
-21,8,60
-22,8,61
-22,8,61
-22,8,61
-22,8,60
-22,8,60
-22,8,59
-22,8,60
-22,8,60
-22,9,60
-23,9,61
-23,9,61
-23,9,61
-23,9,60
-22,9,61
-22,9,60
-22,9,60
-22,9,60
-22,9,60
-22,10,60
-22,9,61
-22,9,60
-22,10,61
-22,9,61
-22,10,61
-22,10,61
-22,10,61
-22,10,60
-22,10,59
-22,9,60
-22,10,60
-22,9,60
-22,9,60
-22,9,61
-22,10,61
-22,10,60
-22,10,60
-22,10,60
-22,10,60
-22,10,60
-22,10,60
-22,9,60
-22,9,60
-22,9,60
-22,9,60
-22,10,60
-22,9,60
-22,9,60
-22,9,59
-22,9,60
-22,9,60
-22,10,61
-22,10,61
-22,10,60
-22,9,60
-22,10,60
-22,9,60
-22,9,60
-22,9,60
-22,9,60
-22,9,60
-22,9,60
-22,9,60
-22,9,61
-22,9,60
-22,9,60
-22,9,60
-22,9,60
-22,9,60
-22,9,61
-22,9,60
-22,9,60
-22,9,60
-22,9,60
-22,9,60
-22,9,60
-22,9,60
-22,9,60
-22,9,60
-22,9,60
-22,9,60
-22,9,60
-23,9,60
-23,9,60
-23,9,59
-22,9,59
-22,9,59
-23,9,59
-23,9,60
-23,9,60
-23,9,60
-23,9,60
-23,9,60
-23,9,60
-23,9,60
-23,9,60
-23,9,60
-23,9,61
-23,9,61
-22,9,61
-22,9,61
-22,9,61
-23,9,61
-23,9,60
-24,8,59
-24,8,59
-23,7,58
-24,8,57
-25,9,58
-25,10,59
-23,10,63
-23,10,63
-24,11,62
-24,10,61
-24,10,59
-24,10,57
-24,9,56
-24,9,57
-25,9,57
-26,9,59
-27,10,58
-25,10,59
-25,9,59
-26,8,61
-26,9,61
-24,11,61
-23,12,59
-22,12,57
-22,11,57
-22,11,59
-22,11,59
-24,12,58
-27,14,57
-27,14,57
-26,12,59
-26,11,60
-24,11,61
-24,11,61
-24,12,59
-26,11,59
-27,10,59
-27,9,59
-27,9,59
-26,9,60
-26,9,60
-26,9,59
-26,8,58
-27,8,58
-27,8,58
-26,7,57
-26,7,57
-26,7,58
-28,6,59
-29,6,60
-28,6,58
-27,6,57
-25,7,54
-25,7,54
-26,7,56
-27,7,58
-30,8,63
-31,8,64
-31,8,64
-30,8,62
-26,7,60
-24,7,58
-25,8,57
-27,9,58
-28,10,59
-28,12,59
-27,12,58
-25,13,57
-25,13,57
-25,12,56
-25,11,56
-25,11,57
-26,10,58
-26,9,58
-26,8,59
-26,8,59
-26,7,59
-26,7,59
-26,6,60
-27,6,60
-27,6,60
-27,6,61
-27,7,60
-26,7,60
-26,7,59
-27,8,58
-27,9,58
-27,10,58
-27,10,58
-26,12,58
-26,12,59
-25,12,58
-25,13,58
-25,13,58
-24,13,58
-24,13,58
-24,13,58
-23,12,59
-23,13,59
-23,13,59
-23,13,59
-23,13,59
-22,13,58
-22,12,57
-22,12,58
-22,12,58
-23,13,60
-23,13,60
-23,13,60
-23,13,59
-22,12,58
-21,12,57
-21,12,59
-24,13,61
-25,13,63
-29,13,65
-29,12,63
-25,9,56
-22,8,53
-21,8,51
-23,9,52
-29,11,58
-29,10,61
-27,10,61
-22,10,59
-22,10,59
-25,11,59
-28,11,60
-30,11,62
-28,10,61
-23,9,58
-23,11,57
-25,12,58
-27,12,59
-28,11,59
-24,10,58
-23,10,57
-25,10,58
-27,10,59
-29,9,59
-28,9,59
-25,10,58
-25,10,58
-27,11,59
-27,11,59
-27,11,58
-26,12,58
-26,12,58
-27,13,58
-27,13,58
-27,13,58
-27,14,58
-27,14,58
-26,14,58
-26,14,57
-26,14,57
-25,14,57
-25,14,58
-25,14,58
-24,13,58
-24,13,58
-25,12,58
-25,12,58
-24,12,57
-24,12,58
-24,13,58
-24,13,58
-24,13,59
-25,13,59
-24,13,59
-25,13,58
-25,12,58
-25,12,58
-24,12,58
-25,12,58
-24,12,58
-24,12,58
-25,12,58
-26,12,59
-26,12,59
-26,11,59
-27,12,59
-28,12,59
-28,11,59
-26,10,58
-20,9,54
-20,9,54
-24,11,58
-29,12,61
-33,11,65
-30,9,63
-23,8,57
-22,9,55
-27,10,56
-30,11,58
-32,9,59
-26,9,57
-25,10,57
-27,12,59
-29,12,59
-31,12,59
-29,12,58
-25,13,57
-25,13,58
-26,12,58
-27,12,58
-27,12,58
-26,12,58
-25,11,58
-25,11,57
-25,12,57
-24,13,57
-25,13,57
-25,14,58
-25,14,58
-24,14,58
-25,13,58
-25,13,59
-25,13,59
-25,12,59
-24,12,59
-24,12,59
-24,12,58
-24,12,58
-24,11,58
-24,11,58
-24,11,58
-24,12,58
-24,13,58
-25,13,58
-25,14,58
-25,14,58
-25,14,58
-26,13,59
-26,13,58
-26,12,59
-26,12,59
-26,11,58
-26,11,58
-26,11,58
-26,11,57
-26,10,58
-26,10,58
-26,10,58
-26,11,58
-26,11,58
-27,12,58
-27,12,58
-27,12,58
-27,11,58
-27,11,58
-27,11,58
-27,10,58
-27,10,58
-27,10,58
-27,9,59
-27,9,58
-27,9,58
-27,9,58
-27,9,58
-27,9,58
-27,10,58
-27,10,58
-27,10,58
-27,10,58
-27,10,59
-27,9,59
-27,9,59
-27,9,59
-27,9,59
-27,8,58
-27,8,58
-27,8,58
-27,8,58
-27,9,58
-27,9,58
-27,9,58
-27,10,58
-27,9,59
-26,9,59
-26,9,59
-26,9,59
-26,9,59
-26,8,59
-26,8,58
-26,8,58
-26,8,58
-26,8,59
-26,8,58
-26,9,59
-26,9,59
-25,9,59
-25,9,59
-25,9,59
-25,9,59
-25,9,59
-25,9,59
-25,9,59
-25,9,59
-25,9,59
-25,10,59
-25,10,59
-25,10,59
-25,10,59
-25,10,59
-26,10,59
-26,10,59
-26,10,59
-26,10,59
-26,10,58
-26,10,58
-26,10,59
-26,10,59
-26,10,58
-26,10,59
-25,10,59
-26,10,59
-26,10,59
-25,10,59
-25,10,59
-25,10,58
-25,10,58
-25,9,58
-25,9,58
-25,9,58
-25,9,59
-26,10,58
-26,9,59
-25,9,59
-26,9,59
-26,9,59
-26,9,59
-25,9,59
-25,9,59
-26,9,59
-25,9,59
-26,9,59
-26,9,59
-25,9,59
-25,9,59
-26,9,59
-26,9,59
-26,9,59
-26,9,58
-25,9,59
-25,9,58
-26,9,59
-26,9,59
-26,9,59
-25,9,59
-25,9,59
-25,9,59
-25,10,58
-25,10,58
-25,10,58
-25,10,59
-25,10,59
-25,10,59
-25,10,59
-25,9,60
-25,9,60
-25,9,59
-25,9,59
-25,9,59
-25,9,59
-25,10,59
-24,10,59
-25,10,59
-24,10,59
-24,10,59
-24,10,59
-24,10,59
-24,10,59
-24,10,59
-24,9,59
-24,9,59
-24,9,59
-24,9,59
-24,9,59
-24,9,59
-24,9,59
-24,9,59
-24,9,59
-24,9,59
-24,10,59
-24,9,59
-24,10,59
-24,9,59
-24,9,59
-24,10,59
-24,9,59
-24,9,59
-24,9,59
-24,9,59
-24,9,59
-24,9,59
-25,9,59
-25,9,60
-24,9,59
-24,9,59
-24,9,59
-24,9,59
-24,9,59
-24,9,59
-24,9,59
-24,10,59
-24,9,59
-25,9,59
-25,10,59
-25,10,60
-25,10,59
-25,9,59
-24,10,59
-25,9,59
-24,9,59
-24,9,59
-24,9,59
-24,9,59
-24,9,58
-24,9,58
-24,9,58
-24,9,58
-24,9,59
-24,9,59
-24,9,59
-24,9,60
-24,9,60
-24,9,59
-24,9,60
-24,9,59
-24,9,59
-24,9,59
-24,9,59
-24,9,59
-25,9,59
-25,9,59
-24,9,59
-25,9,59
-25,9,59
-25,9,59
-25,9,59
-25,9,59
-25,9,59
-25,9,59
-25,9,59
-25,9,59
-25,9,59
-25,9,59
-25,9,59
-25,9,59
-25,9,59
-25,9,59
-25,9,59
-25,10,59
-25,10,59
-25,9,59
-25,9,59
-25,10,59
-25,9,59
-25,10,59
-25,10,59
-25,10,59
-25,10,59
-25,10,59
-24,10,59
-24,10,59
-24,10,59
-24,10,59
-25,10,59
-25,10,59
-25,10,59
-25,10,59
-25,10,58
-25,11,59
-25,10,59
-25,11,59
-26,11,59
-26,11,59
-26,11,59
-26,10,59
-26,10,59
-25,10,59
-25,10,59
-25,10,59
-25,10,59
-25,10,59
-25,10,59
-25,10,59
-25,10,59
-25,10,59
-25,11,59
-25,10,59
-25,10,59
-25,10,59
-25,10,59
-25,10,58
-25,10,59
-26,11,58
-26,11,58
-25,11,58
-25,11,58
-25,11,59
-26,11,59
-25,11,59
-25,11,59
-25,10,59
-25,10,59
-25,10,59
-25,10,59
-25,10,59
-25,10,59
-25,11,59
-24,11,59
-24,11,59
-24,11,59
-24,10,59
-24,10,59
-23,10,59
-23,10,59
-24,10,59
-24,10,59
-24,10,59
-25,11,59
-27,11,60
-29,11,61
-25,10,60
-21,9,57
-18,10,54
-20,12,56
-28,13,63
-31,12,65
-27,10,63
-24,9,60
-22,10,56
-23,11,56
-27,11,58
-27,11,58
-23,10,58
-22,10,59
-22,10,60
-25,11,60
-26,11,60
-26,11,60
-25,10,58
-23,10,56
-23,11,56
-25,11,58
-27,11,60
-26,10,61
-24,10,59
-24,10,59
-25,10,58
-25,10,57
-25,10,57
-25,10,58
-25,11,59
-25,11,59
-26,12,58
-26,11,58
-26,11,59
-26,11,58
-27,11,59
-27,11,59
-27,11,59
-27,10,59
-27,10,59
-27,10,58
-27,10,58
-26,10,58
-26,10,58
-26,10,58
-26,10,58
-25,10,58
-25,11,58
-25,11,59
-25,11,59
-25,11,59
-25,11,59
-25,11,58
-25,10,58
-26,10,58
-26,10,58
-26,10,58
-27,11,58
-27,11,58
-27,11,59
-27,10,59
-27,10,59
-27,10,59
-26,10,59
-26,9,59
-25,10,59
-25,10,59
-25,10,59
-25,11,59
-24,11,59
-25,11,58
-25,10,58
-23,10,57
-22,9,58
-23,9,59
-24,9,62
-24,9,62
-24,9,62
-23,9,60
-23,9,59
-23,9,58
-23,9,58
-23,10,58
-24,11,58
-24,11,59
-24,11,59
-24,11,59
-24,12,59
-25,12,59
-25,12,60
-26,11,60
-25,11,59
-25,11,59
-25,10,58
-25,10,58
-25,10,58
-25,10,58
-25,11,58
-25,12,59
-26,12,59
-26,13,59
-25,12,59
-27,12,59
-26,12,59
-26,11,59
-26,11,59
-27,11,59
-28,10,59
-28,10,59
-29,10,59
-25,11,58
-24,11,58
-28,8,61
-22,10,61
-21,11,60
-20,12,58
-20,15,60
-17,14,62
-17,14,63
-15,13,63
-14,14,60
-13,14,62
-11,14,63
-8,14,62
-8,15,63
-6,16,62
-4,16,60
-3,15,60
-2,16,59
0,15,61
0,16,62
0,15,62
0,15,62
0,15,63
0,15,63
0,15,62
1,14,62
1,15,62
1,15,63
1,15,62
1,15,62
2,15,62
2,15,61
3,14,61
2,14,61
0,14,62
-1,14,62
-1,13,64
-1,14,64
-2,14,63
-2,14,63
-2,15,64
-2,15,64
-2,15,63
-1,15,63
-1,15,63
0,15,63
0,14,62
0,13,62
-1,13,62
-1,14,62
-1,14,62
-1,14,62
-1,13,63
0,14,63
0,14,63
-2,13,63
-2,13,63
-2,13,64
-2,13,64
-3,13,64
-4,13,63
-4,13,63
-3,14,63
-3,14,63
-2,15,62
-2,15,62
-2,15,61
-2,15,62
-2,15,63
-2,14,63
-2,14,64
-2,13,64
-3,12,63
-3,11,63
-2,12,63
-3,13,63
-3,12,62
-4,12,62
-5,13,62
-4,14,63
-4,14,63
-4,15,63
-5,15,64
-5,15,63
-4,14,63
-4,14,63
-4,13,63
-4,13,62
-4,13,63
-4,13,63
-4,13,63
-4,13,63
-3,14,62
-4,14,63
-3,14,62
-3,14,63
-3,14,63
-3,13,63
-3,13,63
-4,13,63
-4,13,63
-4,12,63
-4,12,63
-5,12,63
-5,12,63
-5,13,63
-5,13,63
-4,13,63
-4,13,63
-4,13,63
-4,13,63
-4,13,63
-4,12,63
-4,12,63
-5,12,63
-5,12,63
-5,12,63
-5,12,63
-5,13,63
-5,13,63
-4,13,63
-5,13,63
-5,13,63
-5,13,63
-5,13,63
-5,13,63
-5,13,63
-5,13,63
-5,13,63
-5,13,63
-5,13,63
-5,13,63
-5,13,63
-5,13,63
-5,13,63
-5,13,63
-5,13,63
-5,13,63
-5,13,63
-5,13,62
-5,13,63
-5,13,63
-5,13,63
-5,13,63
-5,13,63
-5,12,63
-5,13,64
-5,13,63
-5,13,63
-6,13,63
-5,13,62
-6,12,62
-6,12,62
-6,12,62
-6,12,63
-6,12,63
-7,12,63
-7,12,63
-7,12,64
-8,12,63
-8,12,62
-8,12,63
-8,11,63
-8,11,63
-8,11,63
-8,10,63
-8,10,64
-8,10,64
-8,11,64
-8,11,63
-8,11,63
-8,11,63
-7,11,63
-7,11,63
-7,11,63
-8,10,63
-8,10,63
-8,10,63
-8,10,63
-7,10,63
-7,11,63
-7,11,63
-7,11,64
-7,11,64
-7,11,64
-7,11,64
-7,11,63
-7,11,63
-7,11,63
-7,11,63
-7,11,63
-7,11,64
-7,11,64
-6,11,64
-6,11,64
-6,11,63
-5,11,63
-6,12,63
-6,12,63
-6,12,63
-5,12,63
-6,11,63
-6,11,63
-6,11,63
-5,11,63
-5,11,63
-6,11,64
-5,11,63
-6,12,63
-6,12,62
-7,11,63
-7,11,63
-7,11,62
-8,11,63
-8,12,63
-9,11,63
-11,12,63
-12,12,61
-13,11,62
-15,10,63
-16,12,64
-13,11,61
-16,10,61
-17,11,64
-15,11,62
-19,11,62
-16,10,65
-13,10,66
-12,11,65
-10,11,62
-11,10,61
-11,10,64
-5,9,69
-3,8,69
0,7,67
0,7,65
2,7,63
2,6,63
4,5,63
6,6,62
10,2,57
6,4,58
2,6,61
6,9,59
5,7,57
2,5,61
1,7,61
5,9,59
6,9,59
6,8,58
2,8,58
-10,8,60
-12,8,60
-17,13,67
-20,12,66
-26,12,67
-28,9,64
-29,8,61
-31,7,59
-32,6,58
-31,5,59
-30,5,57
-29,4,58
-30,3,58
-30,4,59
-30,5,58
-28,5,57
-29,6,59
-30,7,59
-30,9,59
-29,10,59
-28,11,57
-27,11,56
-27,11,56
-27,11,56
-28,9,56
-28,9,57
-28,8,58
-27,7,58
-27,7,58
-28,7,58
-29,7,59
-30,8,59
-30,8,58
-29,8,57
-28,8,57
-28,8,57
-28,8,57
-29,7,58
-30,8,58
-30,8,59
-30,7,58
-29,7,57
-29,8,57
-29,8,57
-29,7,57
-29,7,58
-29,7,58
-29,7,58
-28,7,58
-28,7,58
-28,7,58
-28,7,58
-28,6,58
-28,6,58
-28,6,58
-28,6,58
-28,7,58
-28,7,58
-28,7,58
-28,7,58
-28,7,58
-28,7,58
-28,7,58
-28,7,58
-28,7,58
-28,7,58
-28,7,58
-28,7,58
-28,7,58
-28,7,58
-28,7,58
-28,7,58
-28,7,58
-28,7,58
-28,7,58
-28,7,58
-28,7,58
-28,7,58
-28,7,58
-28,8,58
-28,8,58
-28,7,58
-28,8,58
-28,7,58
-28,8,58
-28,8,58
-28,8,58
-28,8,58
-28,8,58
-28,8,58
-28,8,58
-28,8,58
-28,7,58
-28,7,58
-28,8,58
-28,8,58
-28,7,58
-28,8,58
-28,7,58
-28,8,58
-28,7,58
-28,8,59
-27,8,58
-28,8,58
-28,7,58
-28,7,58
-28,7,58
-28,8,58
-28,8,58
-28,8,58
-28,7,58
-28,8,58
-28,8,58
-28,8,58
-28,8,58
-28,8,58
-28,7,58
-28,7,58
-28,7,58
-28,7,58
-28,7,58
-28,7,58
-28,7,58
-28,7,58
-27,7,58
-27,7,58
-28,7,58
-28,7,58
-27,7,58
-28,7,58
-28,7,58
-28,7,58
-27,7,58
-27,7,58
-27,7,58
-27,7,58
-27,7,58
-27,7,58
-27,7,58
-28,7,58
-28,7,58
-28,7,58
-28,7,58
-28,7,58
-28,7,59
-28,7,58
-28,7,58
-28,7,58
-28,7,58
-28,7,58
-28,7,58
-28,7,58
-28,7,58
-28,7,58
-28,7,58
-28,7,58
-28,7,58
-28,7,58
-28,7,58
-28,7,58
-28,7,58
-28,7,58
-28,7,58
-28,7,58
-28,7,58
-28,7,58
-28,7,58
-28,7,58
-28,7,58
-27,7,58
-28,7,58
-27,7,58
-28,7,58
-27,7,58
-28,7,58
-27,7,58
-27,7,58
-27,7,58
-27,7,58
-27,7,58
-27,7,58
-27,7,58
-27,7,58
-28,7,58
-28,7,58
-28,7,58
-28,7,58
-28,7,58
-28,7,58
-27,7,58
-26,7,57
-26,7,58
-28,6,59
-28,7,60
-28,8,59
-28,8,58
-28,8,57
-27,8,57
-26,7,57
-28,7,58
-28,7,59
-28,7,60
-28,8,60
-28,7,59
-28,7,58
-27,7,57
-28,7,57
-28,8,58
-28,8,59
-28,8,59
-28,8,59
-28,8,58
-28,8,58
-28,8,58
-27,8,58
-28,8,58
-27,8,58
-27,8,58
-27,7,58
-27,8,58
-27,8,58
-27,8,58
-27,8,59
-27,8,58
-27,8,58
-27,7,58
-27,7,58
-27,8,58
-27,8,58
-27,7,58
-27,7,58
-27,7,58
-27,7,58
-27,7,58
-27,7,58
-27,7,58
-27,7,58
-28,7,58
-28,7,58
-28,7,58
-28,7,58
-28,7,58
-28,7,58
-28,7,58
-28,7,58
-28,7,58
-28,7,58
-28,7,58
-28,7,58
-29,7,58
-29,7,58
-29,7,58
-29,7,58
-28,7,58
-29,7,58
-28,7,58
-28,7,57
-28,7,58
-28,7,58
-28,7,58
-28,7,58
-29,7,59
-28,7,59
-28,7,58
-28,7,58
-28,7,58
-28,7,58
-28,8,58
-28,7,58
-27,7,58
-27,7,58
-28,7,58
-28,7,58
-28,7,58
-27,7,58
-27,7,58
-27,7,59
-28,7,59
-28,7,59
-27,7,58
-27,8,58
-27,7,58
-27,7,58
-27,7,58
-27,7,58
-27,7,59
-27,7,59
-27,7,59
-27,7,58
-27,7,58
-27,7,58
-27,7,58
-28,7,58
-28,7,59
-28,7,58
-28,7,58
-27,7,58
-27,7,58
-27,7,59
-27,7,59
-27,7,59
-27,7,59
-27,7,59
-28,7,58
-27,7,57
-27,7,57
-27,7,57
-28,7,58
-27,7,59
-28,7,60
-28,7,60
-28,7,59
-26,6,59
-26,6,59
-25,5,59
-25,5,59
-26,6,58
-25,6,57
-26,6,58
-26,7,58
-26,8,59
-24,7,58
-27,9,59
-27,7,59
-27,7,58
-28,7,58
-28,7,58
-28,6,58
-28,6,58
-28,6,58
-28,6,58
-29,5,57
-29,5,57
-28,5,57
-28,6,58
-28,6,58
-29,8,59
-29,8,59
-29,8,59
-28,9,59
-27,8,59
-27,8,58
-28,8,58
-28,7,58
-29,6,58
-29,6,58
-28,6,58
-29,7,57
-29,7,58
-29,8,58
-29,8,58
-28,9,58
-28,9,59
-28,8,58
-28,8,58
-28,8,57
-28,7,57
-29,7,57
-29,6,57
-29,7,57
-29,7,57
-29,8,57
-29,8,57
-29,9,58
-29,9,58
-29,9,58
-29,8,59
-28,8,58
-28,7,58
-28,7,58
-28,6,57
-28,6,57
-28,6,57
-29,6,57
-28,7,57
-28,8,58
-28,8,58
-28,8,58
-28,8,59
-28,8,59
-28,7,59
-28,7,59
-28,7,59
-28,7,58
-28,7,57
-28,7,57
-28,7,57
-28,8,57
-28,8,57
-29,8,57
-29,9,58
-29,9,58
-29,10,58
-29,10,58
-29,9,58
-29,8,58
-28,8,58
-29,7,57
-29,7,57
-29,7,57
-29,7,57
-29,8,57
-29,8,57
-29,9,58
-29,9,57
-29,10,58
-29,11,57
-29,11,57
-29,11,57
-29,10,57
-29,9,57
-29,9,58
-29,9,58
-29,9,58
-28,9,58
-28,8,58
-28,8,58
-28,8,58
-27,8,57
-28,8,57
-28,9,57
-28,9,57
-28,10,58
-28,11,58
-28,11,58
-28,10,58
-28,10,58
-28,9,58
-29,9,58
-28,8,58
-28,8,58
-26,7,57
-26,7,58
-27,7,59
-27,7,59
-30,8,59
-32,7,56
-33,8,57
-32,8,57
-31,8,56
-30,8,55
-30,9,55
-31,9,54
-31,10,55
-30,10,56
-29,8,56
-29,8,56
-28,7,57
-28,7,57
-29,7,58
-29,7,59
-30,6,59
-30,7,60
-30,7,60
-30,7,59
-30,7,56
-30,7,55
-30,7,56
-30,8,56
-30,8,57
-30,8,57
-30,8,57
-30,8,57
-30,8,57
-30,8,57
-30,8,57
-31,8,58
-30,8,58
-30,8,57
-29,8,57
-29,7,57
-29,7,57
-29,7,58
-29,7,58
-29,6,58
-29,7,58
-29,7,57
-29,8,57
-29,8,57
-29,8,56
-28,8,57
-29,7,57
-29,7,58
-30,7,58
-29,6,59
-29,7,59
-28,7,59
-28,7,58
-28,7,58
-28,7,57
-29,7,58
-28,7,57
-27,7,57
-28,7,57
-28,7,57
-28,8,58
-28,9,58
-28,9,58
-28,8,58
-29,7,58
-29,7,57
-29,6,57
-28,6,57
-29,6,58
-28,6,59
-28,6,59
-28,6,58
-28,6,58
-28,7,58
-29,7,57
-28,7,58
-28,8,58
-28,8,58
-28,9,58
-28,8,58
-28,8,58
-29,7,59
-29,7,59
-29,7,58
-28,6,57
-28,6,57
-28,6,57
-28,7,58
-29,7,58
-29,7,58
-29,8,58
-29,8,57
-28,8,57
-28,8,57
-29,8,58
-28,7,58
-28,7,58
-28,7,59
-28,7,59
-28,6,58
-29,5,58
-28,5,57
-29,5,57
-29,6,57
-29,6,57
-28,7,57
-28,8,58
-28,8,58
-28,9,59
-28,9,58
-28,9,58
-28,8,58
-29,7,58
-29,7,58
-30,5,57
-29,5,57
-30,5,57
-30,5,57
-30,6,57
-30,7,57
-30,7,58
-30,8,58
-30,8,58
-29,7,58
-29,7,58
-30,7,58
-30,7,58
-29,6,57
-29,6,57
-29,5,56
-30,5,56
-30,6,57
-30,6,57
-30,7,58
-30,7,59
-30,8,59
-29,7,59
-29,7,59
-29,7,59
-29,6,59
-29,7,58
-28,6,58
-28,6,58
-28,6,57
-28,6,57
-28,6,57
-28,6,57
-27,7,57
-28,7,57
-28,8,58
-28,8,58
-28,9,58
-28,9,57
-29,8,57
-29,8,57
-30,8,57
-30,8,58
-30,7,58
-29,7,57
-29,8,57
-29,8,57
-29,8,57
-29,7,57
-29,8,57
-29,7,57
-29,8,57
-30,9,57
-30,9,57
-30,10,57
-30,10,57
-30,9,57
-30,9,57
-30,8,57
-31,8,57
-31,8,57
-30,7,57
-30,7,57
-30,7,57
-30,7,57
-29,7,57
-29,8,56
-29,8,56
-29,9,57
-29,10,57
-29,11,57
-29,11,57
-28,11,57
-29,10,56
-29,9,56
-29,9,57
-30,8,57
-31,9,57
-31,9,57
-31,9,57
-31,10,57
-31,10,57
-31,10,56
-31,10,56
-31,10,56
-31,11,55
-32,11,55
-31,11,55
-31,11,55
-32,11,56
-32,12,56
-32,12,55
-32,12,55
-32,12,55
-32,12,55
-32,13,54
-32,13,55
-32,13,54
-32,14,55
-32,14,55
-32,15,55
-32,14,55
-32,15,55
-32,15,55
-32,15,54
-32,15,54
-32,15,54
-32,16,54
-32,16,54
-32,16,54
-32,17,54
-33,17,54
-33,18,53
-32,18,53
-33,19,53
-34,19,53
-34,19,53
-35,18,53
-34,17,52
-35,17,51
-35,17,51
-35,17,51
-36,17,51
-36,17,51
-37,18,52
-38,18,52
-38,18,52
-38,17,51
-38,16,51
-38,15,51
-39,15,51
-40,14,51
-39,14,51
-38,13,50
-38,14,50
-38,14,50
-38,14,50
-38,14,51
-38,14,51
-37,15,52
-36,15,53
-35,16,54
-35,16,55
-35,17,55
-33,16,55
-33,16,56
-32,15,56
-31,14,56
-29,11,56
-29,10,56
-29,9,56
-29,6,55
-29,5,55
-28,3,55
-27,2,56
-28,0,57
-27,0,58
-27,-1,58
-28,-2,59
-29,-2,59
-29,-3,59
-29,-3,59
-29,-3,59
-28,-2,58
-28,-1,57
-28,-1,58
-29,1,58
-29,1,58
-30,3,57
-30,3,57
-29,4,57
-29,5,57
-28,6,58
-29,6,58
-31,8,58
-31,8,58
-31,9,58
-32,9,57
-32,10,57
-34,10,56
-34,10,56
-35,11,56
-34,10,56
-33,11,56
-34,11,55
-34,10,55
-34,10,55
-35,9,55
-34,8,56
-33,8,56
-32,7,55
-32,6,55
-31,5,53
-30,4,53
-31,3,52
-31,1,52
-33,-2,54
-33,-3,54
-33,-4,57
-33,-4,60
-32,-3,59
-32,-2,60
-32,-1,60
-32,0,59
-32,1,59
-32,1,58
-32,1,57
-31,1,56
-31,1,56
-32,1,56
-32,2,56
-32,3,56
-31,3,57
-30,4,57
-30,4,57
-30,4,57
-31,5,58
-31,6,58
-30,6,58
-30,6,58
-30,6,58
-29,7,58
-29,6,58
-29,6,57
-29,7,56
-29,7,56
-29,7,57
-29,7,57
-28,7,57
-28,8,58
-29,8,59
-29,8,58
-29,8,58
-29,9,57
-29,9,57
-28,9,57
-28,9,57
-28,9,57
-28,9,57
-28,9,57
-28,8,57
-29,7,56
-31,6,57
-31,6,57
-31,4,57
-31,4,57
-30,3,57
-30,3,57
-31,3,57
-34,2,57
-34,2,57
-34,3,56
-34,4,55
-33,4,54
-33,4,52
-31,4,51
-31,3,52
-32,3,55
-33,3,56
-34,3,59
-35,3,60
-38,4,59
-38,6,57
-37,6,57
-35,7,57
-35,8,56
-35,8,55
-34,7,54
-36,6,53
-37,7,52
-37,6,51
-36,6,50
-35,5,50
-35,4,51
-36,4,52
-36,5,53
-37,5,54
-36,4,57
-35,4,58
-34,3,59
-34,3,59
-33,3,60
-33,2,59
-31,1,59
-30,1,58
-29,0,57
-29,-1,55
-29,-1,55
-29,-2,55
-29,-2,55
-28,-3,57
-28,-4,58
-28,-4,60
-28,-3,61
-28,-3,62
-29,-2,62
-30,-1,61
-27,-1,59
-25,-3,56
-26,0,58
-26,0,57
-24,-1,56
-25,-2,56
-27,-2,58
-28,-1,60
-27,-1,62
-27,0,62
-26,1,61
-26,1,60
-26,3,59
-26,3,58
-26,3,57
-26,3,58
-26,3,59
-26,3,59
-26,3,59
-26,4,59
-26,4,59
-26,4,58
-26,4,58
-27,5,58
-27,5,58
-29,6,59
-30,8,60
-30,8,60
-28,8,58
-27,8,57
-26,8,56
-27,8,56
-29,9,59
-31,10,59
-31,10,59
-31,10,58
-28,10,55
-27,10,54
-27,11,53
-29,12,55
-30,13,56
-31,13,58
-31,13,57
-30,13,57
-30,13,56
-30,13,55
-30,13,54
-32,13,55
-33,14,56
-33,14,58
-33,14,57
-32,14,56
-33,13,54
-34,13,53
-35,13,54
-36,12,55
-36,11,55
-35,12,54
-35,11,53
-34,10,53
-33,9,51
-35,9,53
-35,9,54
-34,7,55
-34,7,55
-34,6,57
-34,5,57
-35,5,58
-35,5,57
-34,5,55
-34,5,55
-34,6,55
-33,6,54
-33,6,54
-33,6,54
-33,6,54
-32,6,55
-32,6,55
-32,6,56
-32,6,57
-32,6,57
-32,6,57
-31,6,57
-31,7,57
-31,7,57
-31,7,57
-31,7,57
-31,7,57
-31,7,57
-31,7,57
-31,7,57
-30,6,56
-30,6,56
-30,6,56
-30,6,57
-31,6,57
-31,6,57
-30,7,57
-30,7,58
-29,8,57
-29,8,58
-28,7,58
-28,7,57
-28,7,57
-28,6,57
-29,6,57
-28,6,57
-28,7,57
-28,7,57
-28,7,57
-29,9,58
-30,10,59
-30,10,59
-30,10,58
-30,9,57
-30,9,56
-30,9,56
-30,9,56
-29,8,56
-29,8,55
-29,8,56
-29,9,57
-31,10,57
-31,10,56
-33,12,56
-33,12,56
-32,12,56
-31,11,56
-31,10,55
-32,9,55
-34,8,55
-35,7,55
-35,6,55
-34,6,55
-34,7,55
-33,7,55
-32,7,54
-33,7,53
-35,7,54
-37,8,56
-38,8,57
-37,8,57
-36,9,56
-34,8,55
-33,8,53
-34,7,51
-35,7,52
-37,6,54
-37,4,55
-37,5,56
-36,6,56
-36,6,56
-35,7,55
-34,7,54
-34,7,54
-33,7,55
-34,7,56
-33,6,56
-32,6,56
-32,6,56
-32,5,55
-32,5,56
-32,5,56
-31,4,56
-31,5,56
-31,6,57
-32,6,57
-32,7,57
-31,7,57
-30,7,57
-30,7,58
-30,6,58
-29,6,58
-29,6,58
-28,7,58
-29,7,58
-28,6,57
-28,6,57
-27,5,57
-27,5,57
-26,4,57
-26,4,57
-27,4,59
-27,4,59
-27,4,59
-27,5,59
-27,5,59
-27,6,58
-27,6,58
-27,6,59
-27,6,59
-27,6,59
-27,6,59
-27,6,59
-27,6,59
-27,5,59
-27,5,58
-27,6,57
-28,6,58
-28,6,58
-29,7,59
-29,7,59
-28,7,58
-28,7,57
-29,7,57
-28,8,57
-28,8,57
-28,7,58
-28,7,59
-28,7,59
-28,7,59
-29,7,59
-28,7,59
-29,8,58
-29,7,57
-29,7,57
-29,7,57
-29,7,57
-29,7,57
-29,7,57
-29,7,57
-29,7,57
-29,6,57
-29,7,57
-28,7,58
-29,7,59
-30,7,59
-31,6,59
-31,6,58
-31,6,57
-30,6,56
-29,6,56
-29,7,56
-29,7,56
-29,7,56
-30,7,57
-30,7,58
-30,7,59
-31,7,59
-32,6,59
-32,6,58
-32,5,56
-32,6,56
-31,6,54
-30,6,54
-30,6,55
-31,7,55
-31,7,55
-32,7,55
-32,7,55
-32,6,56
-33,7,57
-33,7,59
-33,7,59
-33,7,58
-33,7,58
-33,8,56
-33,7,55
-33,7,55
-33,7,55
-33,8,55
-33,8,55
-33,8,55
-33,9,55
-33,9,55
-33,9,55
-32,9,54
-32,9,54
-32,9,55
-32,10,56
-33,10,57
-33,10,56
-33,10,56
-33,10,56
-33,10,55
-33,10,54
-32,10,53
-32,11,54
-32,11,54
-32,12,54
-32,12,56
-33,12,57
-33,11,57
-33,11,56
-33,10,55
-33,9,54
-33,9,53
-34,9,53
-34,9,54
-34,9,55
-34,9,55
-34,9,56
-34,9,55
-34,9,55
-34,8,55
-34,8,54
-34,8,54
-34,7,55
-34,7,55
-34,7,55
-34,7,55
-34,7,55
-33,7,55
-33,7,55
-34,8,55
-33,8,55
-33,8,56
-33,9,56
-33,8,56
-33,8,55
-33,8,55
-33,7,55
-33,7,54
-32,7,54
-32,8,54
-31,8,56
-31,9,57
-33,9,58
-34,9,58
-34,9,57
-33,9,54
-33,9,53
-32,9,52
-32,9,53
-32,10,54
-33,10,54
-34,10,56
-33,10,56
-32,10,56
-32,10,57
-33,9,57
-35,8,57
-35,8,56
-35,8,53
-34,7,53
-33,8,53
-33,8,54
-33,10,55
-33,10,56
-34,11,57
-34,11,57
-33,10,56
-32,9,56
-31,9,55
-32,8,55
-32,8,55
-32,7,55
-32,8,56
-32,8,57
-31,8,57
-31,9,57
-31,9,57
-30,9,56
-30,10,56
-30,10,56
-30,9,56
-30,9,57
-30,9,58
-30,9,58
-29,9,57
-29,9,58
-29,9,58
-30,9,58
-28,9,59
-27,9,59
-28,9,59
-29,10,59
-29,9,57
-29,8,54
-29,8,54
-29,8,53
-28,8,53
-29,8,54
-29,8,55
-30,9,57
-30,10,58
-30,11,60
-30,11,60
-30,12,60
-30,13,58
-30,13,57
-30,14,55
-30,14,54
-30,15,54
-31,15,54
-31,16,54
-31,16,55
-32,16,55
-32,17,55
-31,17,54
-32,17,53
-32,17,53
-32,17,54
-32,17,54
-32,16,54
-32,15,54
-33,15,54
-32,15,54
-32,16,55
-33,17,55
-33,17,55
-33,18,55
-33,17,56
-34,16,55
-34,16,54
-33,16,53
-32,16,51
-32,16,50
-31,16,51
-33,16,53
-34,16,54
-37,16,55
-38,16,55
-38,14,53
-37,13,52
-34,12,52
-33,11,52
-34,11,52
-35,12,53
-36,12,53
-35,11,55
-35,10,56
-33,9,58
-32,9,58
-31,8,56
-30,7,55
-31,7,55
-31,7,55
-30,5,57
-28,5,58
-28,5,58
-28,4,60
-29,4,61
-30,4,59
-29,3,58
-28,1,56
-28,0,56
-28,-2,56
-29,-3,55
-30,-5,56
-31,-6,57
-30,-6,57
-30,-5,58
-30,-4,58
-30,-4,59
-31,-3,60
-32,-3,59
-32,-2,58
-32,-1,59
-32,-1,59
-30,0,57
-30,0,57
-30,1,55
-30,2,56
-31,2,57
-31,3,59
-31,4,59
-31,4,58
-31,5,59
-30,5,58
-30,4,58
-30,4,57
-30,4,57
-30,5,57
-29,5,57
-29,6,57
-29,6,57
-28,6,57
-28,6,57
-29,6,58
-30,5,59
-31,5,59
-31,3,58
-30,3,58
-29,4,58
-29,4,57
-29,5,58
-30,5,58
-30,6,58
-29,6,58
-28,6,57
-28,7,57
-28,7,57
-28,7,58
-28,7,58
-29,7,59
-28,7,59
-29,7,58
-28,7,58
-28,7,57
-28,6,57
-28,6,57
-28,6,58
-29,6,59
-28,6,59
-28,6,59
-28,6,58
-28,6,58
-27,6,58
-28,6,58
-29,6,58
-29,6,58
-29,6,58
-29,6,57
-28,6,57
-28,7,57
-29,7,57
-29,7,58
-29,7,58
-29,7,58
-28,7,58
-28,6,58
-29,6,58
-30,6,59
-30,5,58
-29,5,58
-28,5,57
-28,6,57
-29,6,57
-29,6,57
-29,6,58
-30,6,58
-30,5,57
-29,5,57
-30,5,58
-30,4,58
-31,4,58
-30,4,58
-30,4,57
-31,4,57
-30,4,57
-31,4,57
-31,4,57
-30,4,58
-30,4,58
-30,4,58
-30,4,57
-30,4,57
-30,3,57
-30,3,57
-30,3,57
-30,3,58
-30,3,57
-30,3,57
-30,3,57
-30,3,57
-30,3,57
-30,3,57
-31,3,57
-31,3,57
-31,3,57
-31,3,57
-31,3,57
-31,3,57
-31,2,57
-31,2,57
-31,2,57
-31,2,57
-31,2,57
-31,2,57
-31,2,57
-31,2,57
-31,2,57
-31,2,57
-31,2,57
-31,2,58
-32,2,58
-31,2,58
-31,2,58
-31,2,58
-31,2,57
-31,2,57
-31,2,56
-31,2,56
-31,2,55
-31,1,56
-31,1,56
-31,0,58
-31,0,58
-31,0,58
-31,0,58
-31,0,57
-31,0,57
-30,0,56
-30,0,56
-30,0,56
-31,0,57
-31,0,57
-30,0,58
-30,0,58
-31,0,58
-31,-1,58
-31,-1,57
-31,-1,57
-31,-2,57
-31,-3,57
-31,-3,56
-31,-3,56
-31,-3,56
-33,-2,57
-33,-2,57
-33,-1,58
-33,0,57
-32,0,57
-32,0,57
-34,0,56
-35,0,56
-36,1,55
-35,1,55
-35,1,55
-35,1,55
-34,1,55
-34,1,56
-34,1,56
-34,1,57
-34,1,57
-33,1,58
-33,1,58
-32,1,58
-32,1,58
-31,2,57
-31,2,56
-30,3,55
-30,3,56
-29,4,56
-29,4,56
-29,4,57
-30,4,57
-29,5,58
-30,4,57
-30,4,57
-30,3,57
-30,3,57
-30,2,57
-29,2,57
-29,2,57
-29,1,58
-30,1,58
-32,1,59
-32,1,59
-32,2,58
-30,1,57
-28,2,55
-27,2,55
-28,1,56
-29,1,57
-32,0,59
-33,0,59
-33,0,59
-32,1,57
-31,1,57
-30,3,55
-30,3,55
-30,4,56
-31,4,57
-32,5,59
-32,5,59
-31,5,58
-31,5,57
-31,5,56
-31,4,56
-31,4,56
-31,3,57
-31,3,57
-31,2,58
-31,2,57
-31,2,57
-31,2,57
-31,2,57
-31,2,58
-32,2,58
-32,2,58
-32,2,57
-32,1,56
-32,1,56
-32,1,56
-32,1,56
-32,1,58
-32,0,58
-32,0,58
-32,0,57
-32,0,57
-32,-1,56
-32,-1,56
-32,0,56
-32,0,56
-31,0,56
-31,0,56
-31,0,56
-31,0,55
-31,0,55
-32,0,55
-32,0,54
-33,0,54
-33,-1,52
-34,-1,52
-35,-1,52
-37,-2,51
-39,-3,50
-43,-5,48
-45,-5,48
-47,-5,47
-47,-5,47
-48,-3,45
-48,-3,44
-49,-2,42
-51,-2,41
-53,-1,38
-55,2,38
-55,4,38
-54,7,36
-54,8,34
-56,10,31
-56,11,31
-57,12,29
-57,13,29
-58,16,29
-59,17,28
-59,19,28
-59,21,27
-59,22,25
-58,24,23
-58,24,22
-57,24,21
-57,24,20
-58,24,19
-58,23,19
-59,24,20
-59,24,20
-59,25,19
-59,25,19
-59,26,19
-58,26,19
-58,27,20
-58,27,20
-58,27,20
-58,26,20
-58,25,20
-58,24,22
-58,24,24
-58,24,25
-56,23,25
-54,24,28
-53,23,28
-55,26,30
-55,26,30
-54,26,31
-52,27,34
-51,27,34
-48,25,37
-48,26,37
-46,26,38
-45,25,39
-44,24,40
-42,24,41
-41,23,41
-42,23,42
-39,22,45
-38,20,44
-37,19,46
-39,18,47
-38,18,47
-37,16,49
-36,15,49
-37,13,52
-36,14,54
-35,12,56
-34,9,56
-31,7,57
-29,4,59
-26,3,57
-21,2,58
-21,0,59
-17,-3,62
-15,-6,59
3,-18,52
6,-20,50
3,-26,44
-9,-31,29
36,-27,68
15,-42,51
-18,-55,13
-68,-60,5
-61,-57,13
-54,-63,13
-61,-64,12
-67,-62,2
-66,-63,1
-66,-62,0
-73,-62,-4
-82,-60,-4
-75,-59,4
-56,-63,15
-47,-65,21
-41,-65,28
-28,-67,28
-24,-68,32
-13,-52,57
-12,-49,51
-16,-55,11
-7,-60,10
-9,-65,9
-9,-64,9
-7,-63,7
-8,-63,9
-7,-64,10
-16,-66,8
-10,-61,6
-9,-58,8
-7,-59,8
-16,-69,4
-9,-61,10
-6,-62,9
-5,-61,8
-9,-64,6
-9,-64,6
-3,-64,5
1,-63,4
0,-64,1
-4,-69,1
-5,-67,4
5,-70,1
4,-68,3
-1,-65,8
-5,-65,5
-6,-62,-2
-2,-61,-1
-5,-70,-3
-6,-67,-3
-14,-67,0
-9,-63,-6
-6,-63,-9
-7,-63,-10
-8,-64,-8
-9,-65,-8
-6,-65,-9
-7,-65,-5
-6,-65,-2
-2,-67,-1
-3,-67,-4
-7,-67,-4
-9,-66,-1
-9,-64,-4
-7,-64,-7
-8,-64,-5
-7,-64,-5
-7,-65,-6
-11,-65,-5
-12,-65,-4
-12,-64,-5
-12,-65,-6
-13,-65,-6
-14,-64,-6
-12,-64,-7
-12,-64,-8
-13,-64,-7
-14,-64,-7
-14,-64,-7
-14,-63,-7
-16,-64,-7
-15,-64,-6
-16,-64,-7
-16,-63,-9
-15,-62,-13
-14,-61,-15
-16,-61,-14
-13,-64,-9
-14,-63,-9
-14,-64,-6
-15,-64,-6
-14,-63,-8
-15,-64,-7
-14,-63,-7
-16,-63,-7
-16,-63,-6
-14,-64,-7
-14,-64,-7
-16,-63,-7
-17,-63,-7
-17,-63,-6
-16,-62,-7
-18,-63,-6
-18,-63,-5
-18,-63,-6
-18,-62,-6
-18,-62,-6
-20,-62,-6
-20,-62,-6
-20,-62,-6
-19,-62,-6
-20,-62,-6
-20,-62,-6
-20,-62,-6
-21,-62,-5
-20,-62,-5
-20,-62,-5
-20,-62,-6
-20,-62,-5
-19,-62,-6
-19,-63,-6
-19,-62,-5
-19,-63,-5
-19,-62,-5
-18,-63,-5
-17,-63,-5
-16,-63,-4
-16,-64,-5
-16,-63,-4
-14,-64,-5
-14,-63,-5
-14,-64,-4
-14,-64,-4
-12,-64,-4
-12,-64,-3
-12,-65,-4
-10,-64,-4
-9,-64,-3
-12,-65,-3
-11,-65,-3
-8,-65,-4
-8,-64,-4
-11,-65,-3
-11,-66,-3
-9,-65,-4
-8,-64,-3
-9,-65,-4
-8,-65,-3
-7,-65,-4
-7,-64,-4
-15,-61,-16
-3,-65,-2
-6,-67,-2
-7,-65,-2
-6,-64,-4
-7,-64,-4
-5,-65,-3
-3,-69,-3
-3,-68,-3
-2,-70,-5
-2,-68,-4
4,-72,6
-7,-71,2
-8,-63,6
-6,-62,0
-6,-64,-1
-5,-62,5
-5,-64,4
-11,-65,3
-12,-66,1
-7,-63,5
-3,-62,8
-9,-62,7
-9,-61,11
-6,-62,10
-6,-64,5
-5,-64,3
-3,-68,-2
-5,-69,-3
-6,-67,-5
-5,-67,-1
-6,-64,4
-5,-67,1
-5,-66,-2
-4,-65,0
-6,-65,-1
-4,-66,-3
-5,-66,-2
-4,-64,0
-4,-64,0
-5,-63,-1
-5,-63,0
-7,-64,1
-8,-64,3
-8,-65,3
-9,-65,4
-10,-65,4
-10,-65,2
-11,-65,2
-10,-65,3
-10,-65,3
-12,-64,1
-12,-64,2
-12,-65,1
-11,-65,2
-12,-63,2
-12,-63,2
-15,-65,2
-13,-65,2
-13,-65,2
-18,-63,3
-12,-65,1
-12,-65,0
-12,-64,0
-14,-64,1
-15,-64,1
-16,-64,2
-17,-64,2
-16,-63,1
-17,-64,0
-18,-64,2
-18,-64,2
-18,-64,1
-17,-63,0
-17,-63,0
-18,-63,1
-18,-63,1
-18,-63,1
-18,-63,1
-18,-63,0
-18,-63,0
-18,-63,1
-18,-63,1
-18,-63,0
-18,-63,1
-18,-63,1
-18,-63,1
-18,-63,1
-18,-63,1
-17,-63,1
-17,-63,1
-18,-63,1
-17,-63,1
-17,-63,1
-17,-63,1
-17,-63,1
-16,-63,0
-16,-63,1
-17,-63,1
-18,-63,2
-18,-63,1
-18,-63,1
-19,-63,3
-16,-64,4
-18,-64,4
-17,-63,2
-17,-63,1
-16,-64,1
-15,-63,1
-16,-64,2
-16,-64,2
-15,-64,1
-15,-64,1
-16,-64,1
-15,-64,1
-15,-64,1
-15,-63,1
-14,-64,1
-16,-64,2
-16,-64,2
-17,-64,2
-17,-64,2
-16,-64,2
-16,-64,1
-16,-64,1
-15,-64,1
-16,-64,1
-15,-64,1
-16,-64,2
-16,-64,2
-15,-64,2
-14,-64,1
-14,-64,0
-13,-64,1
-13,-64,1
-13,-64,0
-13,-64,0
-13,-64,0
-14,-64,1
-14,-64,1
-14,-64,1
-14,-64,1
-14,-64,1
-13,-64,1
-13,-64,1
-13,-64,1
-13,-64,1
-13,-64,1
-13,-64,1
-13,-64,1
-14,-64,1
-14,-65,3
-15,-65,4
-18,-66,7
-24,-61,12
-15,-63,-2
-9,-62,-6
-10,-63,-6
-9,-64,-5
-8,-64,-4
-10,-64,-3
-12,-64,-2
-13,-64,-2
-12,-64,-1
-14,-64,0
-16,-64,0
-12,-64,-1
-13,-64,-1
-14,-64,0
-15,-64,0
-14,-64,-1
-13,-64,-2
-14,-64,-2
-15,-64,-1
-15,-64,-1
-14,-64,-2
-14,-64,-2
-15,-64,-2
-15,-64,-2
-14,-64,-3
-14,-64,-3
-14,-64,-2
-13,-64,-3
-13,-64,-3
-13,-64,-3
-12,-64,-3
-12,-64,-3
-12,-64,-3
-11,-64,-3
-11,-65,-3
-11,-64,-3
-11,-64,-3
-11,-64,-3
-11,-64,-3
-12,-64,-3
-13,-64,-2
-13,-64,-2
-13,-64,-2
-13,-64,-1
-14,-64,-1
-14,-64,-1
-14,-64,-1
-14,-64,-1
-15,-64,-1
-15,-64,-1
-15,-64,-1
-15,-64,-1
-14,-64,-1
-14,-64,-1
-14,-64,-1
-14,-64,-1
-14,-64,-1
-14,-64,-2
-14,-64,-2
-14,-64,-1
-14,-64,-1
-14,-64,-1
-14,-64,-1
-13,-64,-2
-13,-64,-2
-13,-64,-2
-13,-64,-2
-13,-64,-2
-12,-64,-2
-12,-64,-2
-11,-64,-2
-11,-65,-2
-11,-65,-3
-10,-65,-3
-10,-65,-3
-10,-65,-3
-10,-65,-2
-9,-65,-2
-9,-65,-2
-9,-65,-2
-9,-64,-2
-9,-65,-2
-9,-65,-2
-9,-65,-3
-10,-65,-2
-10,-65,-2
-10,-65,-2
-9,-65,-3
-9,-65,-2
-9,-65,-2
-9,-65,-3
-9,-65,-2
-9,-65,-2
-10,-65,-2
-9,-65,-2
-9,-65,-2
-9,-64,-2
-9,-65,-2
-9,-65,-3
-9,-65,-3
-8,-65,-3
-7,-65,-4
-7,-65,-4
-7,-65,-4
-7,-65,-4
-7,-64,-4
-7,-65,-4
-7,-65,-4
-7,-65,-4
-8,-65,-4
-7,-65,-4
-7,-65,-5
-7,-65,-4
-8,-65,-4
-8,-65,-4
-8,-65,-4
-8,-65,-5
-8,-65,-5
-8,-65,-5
-8,-65,-5
-8,-65,-5
-8,-65,-5
-8,-65,-4
-8,-65,-5
-7,-65,-5
-7,-65,-5
-6,-65,-5
-6,-65,-5
-7,-65,-5
-7,-65,-4
-7,-65,-4
-7,-65,-4
-7,-65,-4
-7,-65,-4
-7,-65,-4
-8,-65,-4
-7,-65,-4
-8,-65,-4
-8,-65,-4
-8,-65,-4
-8,-65,-4
-8,-65,-4
-8,-65,-4
-8,-65,-4
-8,-65,-4
-9,-65,-4
-9,-65,-4
-9,-65,-4
-8,-65,-4
-8,-64,-4
-8,-65,-4
-8,-65,-4
-8,-65,-4
-8,-65,-4
-8,-65,-4
-8,-65,-4
-8,-65,-4
-8,-64,-4
-8,-65,-4
-8,-65,-4
-8,-65,-4
-8,-64,-4
-8,-64,-4
-9,-65,-4
-8,-65,-4
-8,-65,-4
-8,-65,-4
-8,-65,-4
-8,-65,-4
-8,-65,-4
-8,-64,-4
-8,-65,-4
-8,-65,-4
-8,-65,-4
-8,-65,-4
-8,-65,-4
-8,-65,-4
-7,-65,-4
-8,-65,-4
-7,-65,-4
-7,-65,-4
-8,-65,-4
-8,-65,-4
-8,-65,-4
-7,-65,-4
-7,-65,-4
-7,-65,-4
-8,-65,-4
-7,-65,-4
-7,-65,-4
-7,-65,-4
-7,-65,-4
-7,-65,-4
-7,-65,-4
-7,-65,-4
-8,-65,-4
-7,-65,-4
-7,-65,-4
-7,-64,-4
-7,-65,-4
-7,-65,-4
-7,-65,-4
-8,-65,-4
-8,-65,-4
-8,-65,-4
-7,-65,-4
-7,-65,-4
-7,-65,-4
-7,-65,-4
-7,-65,-4
-7,-65,-4
-7,-65,-4
-7,-65,-4
-7,-65,-4
-8,-65,-4
-7,-65,-4
-8,-65,-4
-7,-65,-4
-8,-64,-4
-7,-65,-4
-7,-65,-4
-8,-65,-4
-7,-64,-4
-7,-65,-4
-8,-65,-4
-7,-64,-4
-7,-65,-4
-7,-65,-4
-7,-65,-4
-7,-65,-4
-8,-65,-4
-8,-65,-4
-8,-65,-4
-8,-65,-4
-8,-65,-4
-8,-65,-4
-8,-65,-4
-8,-65,-4
-8,-65,-4
-8,-65,-4
-8,-65,-4
-8,-64,-4
-8,-64,-4
-8,-65,-4
-8,-65,-4
-8,-65,-4
-7,-64,-5
-8,-65,-4
-8,-64,-4
-8,-64,-4
-9,-65,-4
-9,-65,-3
-9,-65,-3
-8,-65,-3
-8,-65,-3
-7,-65,-3
-7,-65,-3
-5,-65,-3
-5,-65,-4
-3,-65,-4
-2,-64,-5
-4,-65,-3
-8,-68,2
-7,-68,2
0,-67,-4
1,-69,-9
-11,-76,-7
-11,-76,1
-17,-70,-4
-9,-73,6
-16,-62,5
-18,-56,10
-34,-48,15
21,-69,19
57,-69,19
28,-75,-14
35,-61,-11
36,-66,-14
7,-43,-5
10,-59,4
-9,-71,5
-13,-56,-3
-17,-57,-8
-22,-57,-6
-27,-64,-2
-27,-67,0
-24,-70,1
-16,-69,3
4,-62,17
5,-66,24
-1,-64,25
-9,-64,13
-27,-66,-3
-34,-67,-3
-38,-66,-4
-30,-64,-6
-13,-70,-4
1,-68,5
3,-68,8
-13,-66,-2
-10,-61,-2
-16,-63,-17
-17,-61,-21
-38,-57,-35
-43,-52,-37
-37,-53,-26
-33,-56,-16
-24,-59,-6
-29,-61,4
-37,-58,-5
-43,-60,-9
-43,-59,-9
-37,-55,-1
-43,-53,-7
-39,-48,-7
-45,-48,-7
-36,-51,-2
-34,-50,-4
-39,-47,-4
-35,-49,-8
-57,-41,-11
-52,-46,-11
-35,-52,-2
-17,-63,11
-15,-66,15
-32,-60,3
-42,-55,1
-50,-49,-1
-49,-47,-1
-50,-42,-8
-39,-43,-3
-34,-46,-4
-46,-48,-10
-31,-47,-5
-25,-49,-7
-48,-43,-26
-44,-44,-19
-48,-44,-23
-58,-46,-34
-58,-46,-35
-39,-49,-26
-34,-48,-26
-26,-49,-25
-28,-51,-25
-25,-51,-29
-15,-49,-31
-23,-48,-38
-33,-52,-36
-27,-51,-30
-39,-51,-32
-37,-51,-31
-34,-51,-33
-34,-47,-36
-35,-43,-41
-37,-43,-39
-32,-42,-35
-27,-42,-31
-26,-43,-27
-30,-45,-28
-29,-43,-30
-37,-45,-36
-36,-44,-36
-31,-37,-39
-28,-36,-42
-27,-33,-47
-21,-32,-48
-38,-34,-52
-40,-38,-45
-34,-36,-49
-35,-36,-50
-32,-32,-51
-28,-30,-51
-27,-30,-49
-22,-27,-46
-22,-28,-47
-24,-32,-46
-27,-33,-47
-31,-36,-48
-34,-38,-45
-41,-40,-40
-42,-40,-40
-32,-41,-31
-33,-44,-32
-35,-43,-32
-30,-41,-29
-28,-41,-31
-36,-42,-36
-40,-42,-33
-37,-44,-26
-35,-44,-25
-33,-46,-26
-34,-46,-27
-35,-48,-28
-31,-49,-30
-38,-44,-39
-37,-45,-39
-34,-46,-37
-34,-42,-37
-47,-39,-43
-44,-39,-38
-38,-41,-35
-31,-49,-22
-31,-43,-24
-28,-43,-30
-27,-44,-30
-28,-45,-32
-30,-45,-37
-38,-41,-43
-38,-38,-50
-42,-37,-45
-38,-38,-40
-41,-38,-38
-35,-39,-33
-37,-38,-31
-37,-42,-30
-35,-42,-32
-37,-43,-35
-43,-43,-41
-38,-45,-43
-34,-43,-42
-37,-43,-44
-37,-42,-43
-33,-41,-40
-23,-44,-29
-24,-44,-25
-28,-44,-24
-27,-43,-20
-34,-45,-17
-43,-45,-23
-50,-43,-30
-46,-39,-29
-44,-39,-26
-49,-39,-23
-47,-42,-19
-35,-46,-10
-33,-47,-11
-32,-43,-23
-28,-44,-22
-31,-45,-26
-37,-43,-34
-55,-42,-45
-53,-43,-42
-43,-37,-41
-50,-42,-34
-47,-44,-28
-44,-46,-20
-42,-45,-14
-34,-47,-5
-34,-49,-2
-35,-49,-6
-34,-49,-9
-33,-46,-18
-35,-44,-20
-45,-44,-31
-45,-45,-31
-45,-41,-33
-45,-40,-37
-45,-39,-38
-48,-38,-34
-44,-42,-32
-43,-43,-29
-42,-42,-27
-39,-42,-23
-37,-41,-22
-40,-42,-25
-38,-41,-27
-37,-38,-31
-38,-39,-35
-37,-40,-32
-34,-41,-31
-36,-41,-31
-38,-41,-33
-40,-39,-35
-42,-37,-41
-42,-36,-42
-38,-38,-40
-36,-37,-40
-38,-28,-50
-30,-43,-29
-37,-42,-29
-38,-43,-31
-39,-43,-30
-37,-43,-32
-35,-43,-32
-34,-44,-31
-35,-43,-33
-35,-43,-32
-35,-42,-33
-38,-41,-36
-39,-41,-36
-38,-41,-35
-38,-42,-34
-36,-43,-34
-35,-42,-33
-38,-41,-35
-32,-41,-30
-34,-43,-29
-41,-40,-35
-40,-40,-33
-40,-41,-36
-42,-38,-37
-41,-35,-39
-39,-36,-39
-38,-35,-40
-35,-35,-38
-40,-33,-44
-38,-35,-42
-36,-35,-42
-34,-35,-46
-36,-32,-43
-43,-49,-12
-40,-48,-16
-40,-45,-20
-36,-41,-26
-39,-39,-32
-43,-36,-34
-50,-35,-35
-40,-38,-30
-39,-41,-30
-39,-43,-30
-40,-42,-31
-34,-42,-29
-34,-42,-32
-39,-40,-35
-38,-43,-33
-35,-41,-31
-37,-41,-34
-43,-39,-46
-41,-41,-38
-42,-40,-25
-46,-38,-30
-44,-38,-29
-42,-37,-29
-43,-38,-30
-40,-39,-29
-40,-39,-29
-41,-41,-29
-40,-41,-30
-40,-39,-27
-37,-40,-24
-46,-42,-23
-46,-44,-13
-46,-44,-15
-40,-47,-9
-41,-51,-3
-44,-53,-3
-44,-50,-1
-37,-50,1
-37,-51,3
-39,-52,5
-38,-54,7
-37,-52,10
-33,-55,14
-33,-56,16
-29,-55,21
-24,-57,17
-24,-59,19
-27,-56,17
-24,-58,18
-25,-60,15
-26,-61,16
-27,-62,16
-16,-62,15
-15,-60,19
-22,-65,16
-17,-65,4
-17,-62,0
-25,-68,-1
-24,-62,3
-22,-50,7
-24,-59,-4
-36,-52,-12
-37,-55,-18
-41,-63,-18
-37,-59,-15
-27,-58,-13
-23,-55,-15
-25,-56,-20
-27,-53,-24
-24,-53,-26
-24,-54,-25
-29,-55,-29
-23,-53,-37
-19,-53,-32
-28,-54,-28
-25,-52,-30
-30,-54,-31
-33,-54,-31
-22,-56,-30
-30,-53,-31
-28,-50,-35
-26,-51,-34
-21,-50,-35
-23,-52,-27
-19,-53,-34
-14,-53,-29
-12,-52,-31
-15,-54,-29
-18,-54,-31
-18,-52,-31
-20,-49,-33
-17,-48,-36
-15,-49,-32
-19,-48,-34
-21,-49,-34
-21,-47,-35
-1,-49,-19
12,-49,-10
30,-39,-19
54,-36,-13
-49,-95,0
-100,-93,-29
-29,-67,-13
-20,-83,-11
22,-84,-4
7,-69,-13
-10,-72,-22
22,-77,7
1,-78,-6
5,-69,-3
0,-69,-3
-21,-64,-12
-29,-63,-17
-24,-60,-12
-19,-60,-12
-12,-61,-2
-14,-62,1
-15,-64,1
-14,-67,4
-17,-66,6
-21,-64,7
-22,-63,7
-23,-61,9
-23,-62,11
-20,-62,13
-18,-60,14
-13,-56,14
-11,-55,14
-5,-54,21
-12,-54,21
-22,-56,18
-30,-60,12
-27,-63,9
-15,-65,10
-11,-68,14
-15,-70,15
-20,-70,14
-23,-68,12
-21,-67,12
-13,-64,10
-13,-63,10
-12,-62,10
-15,-59,7
-17,-59,5
-20,-59,4
-21,-59,4
-22,-59,4
-22,-59,4
-23,-59,4
-24,-60,4
-25,-63,6
-23,-63,7
-24,-65,9
-25,-65,9
-26,-64,10
-29,-63,10
-30,-61,11
-32,-60,12
-33,-59,12
-36,-58,14
-38,-56,15
-40,-52,15
-41,-50,16
-44,-46,14
-48,-43,13
-58,-39,15
-65,-35,14
-69,-35,17
-69,-34,21
-68,-33,21
-68,-31,19
-70,-29,20
-61,-24,21
-54,-20,20
-53,-13,17
-54,-10,15
-49,-3,19
-50,-4,18
-53,-7,17
-45,-15,15
-35,-20,16
-82,-73,19
-59,-32,27
-36,-24,26
-37,-39,36
-52,-21,27
-45,-19,21
-55,-15,27
-55,-19,28
-54,-19,28
-56,-18,26
-57,-19,25
-60,-20,26
-61,-20,26
-59,-16,27
-57,-14,27
-57,-11,29
-58,-11,29
-61,-10,27
-62,-10,26
-60,-8,26
-59,-8,27
-57,-7,27
-57,-5,27
-57,-5,27
-58,-5,27
-59,-6,26
-61,-6,26
-61,-5,26
-60,-5,24
-58,-6,24
-56,-7,25
-56,-8,26
-57,-10,26
-59,-11,27
-61,-11,28
-62,-12,27
-62,-12,26
-62,-10,26
-61,-10,26
-59,-10,26
-57,-11,26
-57,-12,25
-57,-13,25
-57,-14,24
-58,-14,25
-58,-15,25
-57,-16,24
-56,-15,24
-56,-13,25
-56,-12,27
-55,-12,30
-57,-12,31
-63,-14,31
-66,-14,29
-66,-14,26
-63,-13,25
-56,-9,27
-53,-6,27
-53,-5,27
-53,-5,29
-54,-6,29
-58,-8,30
-60,-8,30
-60,-10,29
-61,-10,28
-59,-10,28
-58,-11,28
-57,-11,29
-57,-10,29
-56,-10,30
-56,-9,28
-57,-8,29
-57,-9,28
-58,-9,28
-57,-9,29
-57,-9,29
-56,-10,29
-57,-11,28
-61,-13,28
-55,-14,28
-57,-9,31
-54,-12,29
-47,-12,34
-50,-17,30
-51,-8,27
-70,-4,20
-73,-3,21
-76,1,25
-78,1,27
-81,3,28
-79,3,27
-79,9,22
-81,12,18
-74,15,16
-71,20,14
-66,22,14
-59,27,17
-55,28,21
-37,32,25
-29,35,29
-26,36,28
-20,37,29
0,40,34
3,42,30
-3,43,22
1,43,20
1,44,26
6,42,32
4,43,34
-11,48,37
-15,48,40
-13,48,43
-13,49,43
-13,53,38
-14,54,35
-15,51,36
-12,49,39
-12,49,40
-13,50,37
-12,49,38
-11,46,40
-13,47,39
-13,52,35
-16,52,34
-19,48,36
-19,48,37
-24,47,40
-27,47,40
-28,45,41
-27,42,41
-24,41,41
-27,42,34
-29,42,30
-28,42,28
-32,41,28
-25,42,25
-26,41,21
-31,41,23
-30,37,22
-35,34,15
-38,34,14
-43,27,7
-57,24,8
-63,22,8
-70,15,10
-73,10,14
-68,1,31
-68,-2,38
-72,-5,31
-75,-37,54
-75,11,51
-54,-13,36
-48,-3,40
-54,-3,34
-60,-8,33
-47,-7,39
-47,-8,37
-48,-11,36
-47,-14,34
-48,-15,28
-53,-16,22
-54,-20,24
-55,-19,26
-59,-17,22
-60,-13,25
-60,-15,31
-58,-18,32
-56,-15,32
-58,-12,31
-57,-12,31
-55,-16,34
-54,-16,34
-54,-14,33
-54,-12,33
-55,-10,32
-56,-10,31
-55,-10,30
-56,-9,31
-59,-8,29
-59,-9,29
-59,-10,29
-57,-11,30
-57,-11,29
-54,-12,28
-55,-12,28
-57,-10,28
-59,-10,28
-62,-8,27
-63,-7,27
-61,-8,27
-59,-9,26
-54,-9,26
-55,-8,28
-56,-7,28
-60,-9,26
-61,-10,25
-61,-11,26
-61,-11,26
-58,-10,26
-57,-10,27
-59,-9,25
-59,-8,24
-59,-8,23
-59,-8,24
-60,-8,23
-60,-8,23
-60,-9,23
-60,-9,23
-60,-10,22
-61,-10,22
-62,-10,22
-62,-11,21
-62,-11,22
-61,-13,23
-60,-14,23
-60,-14,22
-58,-14,22
-59,-14,23
-58,-15,23
-58,-15,24
-59,-14,24
-59,-14,24
-59,-12,24
-59,-12,24
-60,-11,24
-60,-10,25
-61,-10,25
-61,-11,25
-59,-11,25
-58,-11,24
-58,-11,24
-59,-11,24
-58,-11,24
-58,-11,24
-58,-12,25
-58,-12,25
-58,-13,25
-59,-13,25
-59,-13,26
-60,-13,27
-61,-14,25
-59,-14,24
-55,-14,22
-54,-13,22
-56,-14,23
-57,-16,23
-59,-16,24
-59,-16,25
-59,-14,26
-59,-12,26
-60,-12,26
-60,-11,26
-58,-12,25
-58,-13,24
-58,-13,24
-58,-14,25
-58,-14,24
-59,-14,24
-59,-13,24
-58,-14,24
-58,-14,25
-58,-14,25
-58,-14,25
-58,-14,25
-59,-14,25
-59,-14,25
-59,-14,25
-59,-14,25
-59,-14,25
-59,-14,25
-59,-14,26
-59,-14,26
-59,-14,25
-58,-14,25
-58,-14,25
-58,-14,25
-58,-15,25
-58,-15,25
-58,-14,25
-58,-15,25
-58,-15,25
-58,-15,25
-57,-15,26
-58,-14,26
-58,-14,25
-58,-15,26
-58,-16,25
-61,-18,22
-63,-18,22
-69,-19,26
-50,-13,31
-44,-15,37
-43,-29,37
-39,-22,35
-42,-16,47
-48,-8,40
-55,-1,40
-52,0,42
-58,4,36
-59,6,36
-56,3,36
-55,5,35
-56,6,35
-57,4,34
-57,3,35
-60,2,38
-62,1,40
-63,-3,43
-59,-3,44
-52,1,44
-48,2,44
-45,7,43
-41,8,44
-40,11,40
-35,11,30
-37,11,28
-40,9,38
-37,8,44
-39,5,48
-43,5,49
-45,6,51
-45,6,50
-46,7,49
-47,8,48
-50,8,48
-51,9,48
-49,10,49
-48,10,48
-48,11,47
-44,9,44
-42,9,43
-39,9,41
-40,9,41
-41,9,42
-40,9,43
-40,9,46
-40,9,47
-44,8,51
-47,8,52
-46,9,52
-43,9,54
-42,10,52
-45,12,50
-46,12,48
-44,13,49
-43,13,51
-40,13,52
-40,13,51
-40,14,51
-39,16,52
-37,18,52
-37,21,51
-35,22,50
-33,26,50
-32,27,49
-32,29,48
-31,30,48
-27,32,49
-25,33,48
-23,34,48
-22,36,48
-18,38,47
-15,39,47
-12,42,46
-11,44,44
-10,45,43
-6,48,42
-5,48,41
0,49,40
1,49,40
4,49,39
6,49,38
10,49,35
10,49,34
13,49,32
16,49,31
18,49,30
20,49,29
20,49,29
20,48,28
21,49,28
20,51,30
19,51,31
19,50,32
19,50,32
19,50,34
19,50,36
20,51,36
21,51,36
21,52,35
20,52,32
19,52,31
21,52,29
21,52,30
23,52,30
24,52,30
23,53,26
22,53,25
21,54,22
20,53,18
21,53,16
21,53,12
20,54,10
17,54,13
18,54,15
20,54,17
20,53,16
12,52,16
9,51,17
11,51,16
11,51,18
4,51,25
4,52,27
2,53,26
-11,51,30
-16,50,33
-22,46,46
-20,42,50
-15,36,59
-13,33,65
-13,24,82
-24,24,80
-39,26,66
-32,25,53
-28,24,48
-24,22,49
-24,19,50
-30,18,51
-30,18,50
-24,18,48
-22,18,48
-29,15,52
-31,13,54
-28,12,58
-25,12,58
-24,9,57
-26,7,56
-22,5,55
-17,0,48
-18,-2,49
-27,-12,50
-24,-19,48
-21,-33,42
-19,-36,43
-23,-54,45
-23,-59,42
-21,-56,46
-24,-61,46
-22,-57,46
-28,-57,47
-28,-57,45
-20,-50,40
-16,-48,38
-25,-55,37
-24,-57,36
-17,-56,34
-19,-59,33
-17,-60,29
-14,-60,29
-11,-59,27
-12,-59,26
-12,-58,25
-13,-57,24
-14,-57,24
-14,-59,22
-13,-58,21
-13,-58,21
-14,-58,21
-16,-60,20
-16,-59,20
-17,-59,21
-18,-59,20
-17,-57,20
-18,-58,22
-17,-59,23
-16,-58,26
-14,-57,27
-14,-55,29
-13,-55,30
-17,-55,37
-20,-53,40
-26,-52,40
-30,-52,42
-36,-51,43
-40,-51,43
-49,-47,39
-57,-43,34
-59,-45,33
-49,-39,30
-49,-35,27
-53,-29,22
-49,-27,21
-39,-20,19
-42,-17,19
-48,-12,19
-55,-8,19
-56,-9,27
-57,-7,32
-50,-3,35
-45,-1,30
-34,-2,32
-47,-9,26
-49,-13,25
-49,-29,28
-43,-25,28
-75,-20,10
-73,-28,12
-58,-28,24
-61,-22,17
-68,-29,8
-58,-28,17
-61,-26,21
-57,-25,18
-57,-23,18
-58,-21,21
-56,-20,22
-57,-16,25
-58,-16,23
-49,-15,22
-50,-13,17
-55,-12,11
-63,-16,11
-70,-23,9
-67,-30,11
-69,-31,11
-63,-31,10
-61,-30,9
-57,-26,8
-57,-26,7
-56,-25,6
-58,-26,3
-65,-24,0
-65,-26,0
-63,-27,2
-60,-28,3
-59,-28,2
-58,-27,2
-58,-27,2
-58,-27,2
-59,-26,2
-59,-26,3
-59,-26,3
-59,-25,3
-58,-25,3
-57,-25,4
-57,-26,4
-58,-27,4
-61,-28,1
-61,-29,0
-62,-31,-2
-61,-31,-3
-58,-30,0
-58,-29,1
-59,-26,0
-60,-24,-1
-62,-22,-1
-61,-23,-1
-61,-25,1
-61,-25,0
-61,-25,0
-60,-25,-1
-59,-25,-1
-58,-26,-2
-58,-26,-2
-58,-27,-4
-58,-27,-4
-58,-28,-4
-58,-27,-4
-59,-26,-3
-60,-26,-3
-59,-26,-2
-60,-26,-2
-60,-26,-2
-60,-27,-3
-60,-26,-3
-60,-26,-3
-60,-26,-3
-60,-26,-3
-60,-25,-2
-59,-24,-2
-60,-24,-2
-59,-24,-3
-61,-24,-3
-61,-24,-3
-61,-25,-3
-61,-25,-3
-60,-26,-4
-60,-26,-4
-60,-26,-4
-60,-25,-4
-60,-26,-4
-60,-26,-4
-60,-26,-4
-60,-26,-4
-59,-25,-4
-60,-25,-4
-60,-24,-4
-60,-24,-4
-60,-24,-4
-61,-24,-4
-61,-24,-4
-61,-24,-4
-61,-24,-4
-61,-24,-4
-61,-24,-4
-61,-24,-4
-61,-24,-4
-60,-23,-4
-60,-24,-4
-60,-24,-4
-60,-26,-5
-60,-25,-5
-61,-22,-4
-62,-21,-3
-62,-20,-2
-61,-21,-1
-60,-24,-3
-60,-25,-4
-59,-25,-5
-60,-25,-5
-60,-24,-5
-61,-24,-4
-61,-24,-4
-60,-23,-4
-61,-23,-3
-62,-21,-2
-62,-20,-2
-63,-19,-1
-62,-20,-1
-62,-21,-2
-61,-22,-2
-61,-24,-3
-60,-25,-4
-60,-26,-4
-60,-25,-4
-60,-25,-4
-61,-24,-4
-61,-24,-4
-61,-24,-3
-61,-23,-2
-61,-22,-2
-61,-21,-1
-62,-20,-1
-62,-20,-1
-62,-20,-1
-61,-21,-2
-61,-22,-1
-61,-23,-2
-61,-23,-3
-61,-23,-3
-61,-23,-3
-61,-23,-3
-61,-23,-2
-61,-23,-2
-61,-23,-2
-61,-22,-2
-62,-22,-2
-62,-22,-2
-62,-21,-2
-62,-21,-2
-61,-22,-1
-61,-22,-2
-61,-23,-2
-60,-23,-2
-61,-23,-2
-61,-23,-3
-61,-23,-2
-61,-23,-2
-61,-23,-2
-61,-23,-2
-61,-23,-2
-61,-23,-2
-60,-23,-2
-60,-23,-2
-60,-23,-1
-61,-23,-1
-61,-23,-2
-61,-24,-1
-60,-24,-1
-60,-24,-2
-61,-24,-2
-60,-24,-2
-60,-24,-1
-61,-24,-1
-61,-23,-1
-60,-23,-1
-60,-22,-1
-61,-23,-3
-61,-23,-3
-62,-23,-3
-61,-24,-3
-61,-25,-3
-60,-25,-3
-62,-24,-4
-62,-24,-3
-61,-23,-3
-61,-23,-3
-61,-23,-3
-61,-23,-2
-60,-23,-2
-60,-23,-2
-60,-22,-2
-60,-22,-2
-58,-22,-2
-59,-24,-3
-60,-24,-3
-63,-26,-3
-63,-27,-3
-63,-25,-2
-64,-24,-2
-62,-21,-2
-60,-21,-2
-59,-21,-2
-59,-22,-2
-59,-23,-2
-59,-23,-2
-60,-24,-2
-61,-24,-3
-62,-24,-2
-62,-23,-2
-62,-23,-2
-63,-22,-1
-62,-21,-1
-62,-21,-2
-61,-21,-2
-60,-22,-2
-60,-22,-2
-61,-23,-3
-61,-23,-4
-61,-23,-4
-60,-23,-3
-60,-23,-3
-61,-23,-2
-61,-23,-3
-61,-23,-3
-61,-23,-3
-61,-23,-2
-61,-23,-2
-61,-23,-2
-61,-22,-2
-61,-23,-2
-61,-23,-3
-61,-23,-3
-61,-23,-3
-61,-23,-3
-61,-23,-3
-61,-23,-3
-60,-23,-3
-60,-23,-3
-61,-23,-3
-61,-23,-3
-61,-23,-3
-61,-23,-3
-61,-23,-3
-61,-23,-3
-61,-23,-3
-61,-23,-3
-61,-23,-3
-61,-23,-3
-61,-23,-3
-61,-23,-3
-61,-23,-3
-60,-23,-3
-60,-24,-3
-61,-24,-3
-61,-24,-3
-61,-24,-3
-60,-24,-4
-60,-24,-4
-60,-24,-3
-61,-24,-4
-61,-23,-3
-60,-24,-3
-61,-23,-4
-61,-24,-4
-60,-23,-4
-60,-23,-3
-61,-23,-4
-60,-23,-4
-61,-23,-4
-61,-23,-4
-61,-23,-4
-61,-23,-4
-61,-23,-4
-61,-23,-4
-60,-23,-4
-60,-23,-4
-61,-23,-4
-61,-23,-4
-61,-23,-4
-61,-24,-4
-61,-23,-4
-61,-23,-4
-61,-23,-4
-61,-23,-4
-60,-23,-4
-60,-23,-4
-60,-23,-4
-61,-23,-4
-61,-23,-4
-61,-23,-4
-61,-23,-4
-61,-23,-4
-61,-23,-4
-61,-23,-4
-61,-23,-4
-61,-23,-4
-61,-23,-4
-61,-23,-4
-61,-23,-4
-61,-23,-4
-61,-23,-4
-61,-23,-4
-61,-23,-4
-61,-23,-4
-61,-23,-4
-61,-23,-4
-61,-23,-4
-61,-23,-4
-61,-23,-4
-61,-23,-4
-61,-23,-4
-61,-23,-4
-61,-23,-4
-61,-23,-4
-61,-23,-4
-61,-23,-4
-61,-23,-4
-61,-23,-4
-61,-23,-4
-61,-23,-4
-61,-23,-4
-61,-23,-4
-61,-23,-4
-61,-23,-4
-61,-23,-4
-61,-23,-4
-61,-23,-4
-61,-23,-4
-61,-23,-4
-61,-23,-4
-61,-23,-4
-61,-23,-4
-61,-23,-4
-61,-23,-4
-60,-23,-4
-60,-23,-4
-60,-23,-5
-61,-22,-5
-61,-23,-4
-61,-23,-4
-61,-23,-4
-61,-24,-5
-60,-23,-5
-60,-23,-5
-60,-23,-5
-60,-24,-5
-60,-24,-5
-60,-24,-4
-61,-24,-4
-60,-23,-4
-61,-23,-5
-61,-23,-5
-61,-24,-5
-61,-23,-5
-60,-24,-4
-60,-24,-4
-60,-23,-4
-60,-24,-5
-61,-24,-4
-61,-24,-5
-60,-24,-4
-61,-23,-4
-60,-24,-4
-60,-23,-5
-60,-23,-4
-60,-24,-4
-60,-23,-4
-61,-24,-5
-60,-24,-4
-61,-24,-4
-61,-24,-4
-60,-23,-4
-61,-24,-4
-61,-23,-4
-61,-23,-4
-61,-23,-4
-61,-23,-4
-61,-23,-4
-60,-23,-4
-61,-23,-4
-61,-23,-4
-61,-23,-4
-61,-23,-4
-61,-23,-4
-61,-23,-4
-61,-23,-4
-60,-23,-4
-61,-23,-4
-60,-23,-4
-61,-23,-4
-61,-23,-4
-61,-23,-4
-61,-23,-3
-61,-23,-4
-61,-23,-4
-61,-23,-4
-61,-23,-4
-61,-23,-4
-61,-23,-4
-61,-24,-4
-61,-23,-4
-61,-23,-4
-61,-23,-4
-61,-23,-4
-60,-23,-4
-61,-23,-4
-61,-23,-4
-61,-24,-4
-61,-24,-4
-60,-23,-4
-60,-23,-4
-61,-23,-4
-61,-23,-4
-60,-23,-4
-60,-23,-4
-61,-24,-4
-61,-24,-4
-61,-23,-4
-61,-23,-4
-61,-23,-4
-61,-23,-4
-61,-23,-4
-61,-23,-4
-60,-23,-4
-61,-23,-4
-61,-23,-4
-61,-23,-4
-61,-23,-4
-61,-23,-4
-61,-23,-4
-61,-23,-4
-61,-23,-4
-61,-23,-4
-61,-23,-4
-61,-23,-4
-61,-23,-4
-61,-23,-4
-61,-23,-4
-61,-23,-4
-61,-23,-4
-61,-23,-4
-61,-23,-4
-61,-23,-4
-61,-23,-4
-60,-23,-4
-61,-23,-4
-61,-23,-4
-61,-23,-4
-61,-23,-4
-61,-23,-4
-61,-23,-4
-61,-23,-4
-61,-23,-4
-61,-23,-4
-61,-23,-4
-61,-23,-4
-61,-23,-4
-61,-23,-4
-61,-23,-4
-61,-23,-4
-61,-23,-4
-60,-23,-4
-61,-23,-4
-61,-23,-4
-61,-23,-4
-61,-24,-4
-61,-24,-4
-61,-23,-4
-60,-24,-5
-60,-24,-4
-60,-23,-4
-60,-23,-4
-60,-23,-4
-62,-23,-4
-62,-23,-4
-62,-24,-4
-59,-24,-4
-59,-24,-5
-60,-22,-5
-61,-22,-5
-62,-23,-3
-62,-24,-2
-60,-23,-4
-60,-22,-4
-61,-22,-5
-61,-22,-4
-61,-23,-3
-61,-23,-4
-61,-22,-4
-61,-23,-4
-61,-23,-4
-61,-23,-3
-61,-23,-4
-61,-23,-4
-61,-23,-4
-61,-23,-4
-61,-23,-4
-61,-23,-4
-61,-23,-4
-61,-23,-4
-61,-23,-4
-60,-23,-4
-61,-23,-4
-60,-23,-4
-61,-23,-4
-61,-23,-4
-61,-23,-4
-60,-23,-4
-61,-23,-4
-61,-23,-4
-60,-23,-4
-61,-23,-4
-60,-23,-4
-60,-23,-4
-61,-23,-4
-61,-23,-4
-61,-23,-4
-60,-23,-4
-60,-24,-4
-59,-23,-4
-60,-23,-5
-61,-22,-4
-61,-22,-4
-62,-23,-4
-62,-23,-4
-61,-24,-5
-60,-25,-6
-60,-25,-6
-60,-25,-6
-60,-24,-6
-60,-24,-6
-60,-24,-5
-61,-24,-5
-61,-24,-5
-61,-23,-5
-61,-23,-5
-60,-23,-4
-60,-23,-4
-60,-22,-4
-60,-22,-4
-60,-22,-4
-61,-22,-3
-61,-21,-3
-61,-22,-3
-61,-22,-3
-61,-23,-4
-61,-23,-5
-61,-24,-5
-61,-24,-5
-60,-25,-5
-60,-25,-5
-60,-25,-5
-61,-25,-5
-60,-25,-5
-60,-24,-5
-60,-24,-5
-60,-24,-5
-60,-24,-5
-60,-22,-3
-62,-21,-2
-62,-22,-2
-62,-24,-2
-61,-26,-4
-58,-27,-6
-58,-25,-7
-59,-22,-5
-61,-22,-4
-62,-23,-3
-62,-24,-2
-61,-24,-4
-61,-24,-4
-61,-21,-4
-62,-22,-4
-61,-22,-3
-61,-23,-3
-60,-23,-3
-60,-23,-4
-60,-23,-4
-60,-23,-4
-61,-23,-4
-62,-23,-4
-62,-23,-3
-62,-22,-3
-61,-22,-3
-60,-22,-3
-60,-22,-4
-61,-23,-4
-61,-23,-4
-61,-23,-4
-61,-23,-4
-61,-22,-3
-61,-22,-3
-61,-22,-4
-61,-23,-4
-61,-23,-4
-61,-23,-4
-61,-23,-4
-61,-23,-4
-61,-23,-4
-61,-23,-4
-61,-22,-4
-61,-22,-4
-61,-22,-4
-61,-22,-4
-61,-22,-4
-61,-22,-4
-61,-22,-4
-61,-22,-4
-61,-23,-4
-61,-22,-4
-61,-22,-4
-61,-23,-4
-61,-23,-4
-61,-23,-4
-61,-23,-4
-61,-23,-4
-61,-23,-4
-61,-23,-4
-61,-23,-4
-61,-23,-4
-61,-23,-4
-60,-23,-4
-61,-23,-4
-61,-23,-4
-61,-23,-4
-61,-23,-4
-61,-23,-4
-61,-23,-4
-61,-23,-3
-61,-22,-4
-61,-22,-4
-61,-22,-4
-61,-22,-4
-61,-22,-4
-61,-22,-4
-61,-23,-4
-61,-23,-4
-61,-23,-4
-60,-23,-4
-60,-23,-4
-60,-22,-4
-61,-22,-4
-61,-22,-3
-62,-23,-3
-62,-23,-4
-62,-23,-4
-61,-24,-4
-59,-24,-5
-58,-23,-5
-59,-22,-4
-61,-20,-3
-63,-20,-3
-64,-22,-2
-63,-23,-2
-61,-23,-4
-58,-22,-5
-58,-22,-5
-61,-21,-4
-62,-21,-4
-63,-22,-3
-63,-22,-3
-61,-23,-4
-60,-22,-5
-61,-21,-5
-62,-21,-5
-62,-22,-4
-62,-23,-4
-60,-23,-5
-60,-23,-6
-61,-22,-5
-62,-22,-4
-62,-23,-4
-60,-24,-4
-60,-23,-5
-60,-22,-5
-61,-22,-5
-61,-23,-4
-60,-23,-4
-60,-22,-4
-60,-21,-4
-62,-20,-4
-62,-22,-4
-62,-23,-4
-61,-25,-5
-61,-25,-5
-61,-24,-6
-60,-24,-6
-59,-24,-5
-59,-24,-4
-59,-22,-3
-60,-21,-3
-62,-19,-3
-63,-19,-2
-64,-20,-2
-62,-21,-3
-61,-22,-3
-60,-21,-4
-59,-21,-4
-60,-22,-4
-60,-22,-4
-63,-21,-3
-63,-20,-3
-64,-19,-2
-63,-19,-2
-63,-20,-2
-62,-20,-2
-61,-22,-4
-61,-23,-5
-60,-23,-5
-59,-23,-5
-59,-23,-5
-58,-21,-3
-63,-22,-5
-63,-23,-3
-64,-23,-3
-65,-24,-5
-66,-23,-5
-63,-24,-5
-60,-22,-2
-62,-22,-2
-65,-21,1
-64,-21,5
-61,-22,12
-59,-23,14
-54,-24,18
-52,-22,20
-56,-24,20
-59,-25,21
-53,-21,27
-45,-19,29
-47,-21,31
-55,-21,32
-54,-21,34
-43,-21,36
-46,-22,37
-52,-20,49
-56,-20,55
-37,-6,68
-31,-4,67
-29,-4,59
-30,-2,56
-51,-1,43
-49,0,43
-65,-3,30
-63,-5,30
-60,-5,31
-60,-3,28
-53,-3,29
-46,0,30
-43,0,32
-48,2,34
-52,4,42
-69,3,39
-67,-2,34
-48,-4,46
-30,11,41
-29,6,25
-31,-29,23
-37,-17,28
-47,-30,47
-20,-30,81
-40,-14,31
-54,-9,21
-62,-6,27
-53,-10,29
-58,-6,34
-61,-6,31
-61,-7,31
-54,-9,35
-50,-9,36
-50,-8,33
-51,-9,32
-51,-12,39
-53,-15,39
-59,-17,36
-62,-16,34
-66,-15,26
-65,-15,24
-56,-18,26
-47,-16,30
-44,-15,31
-40,-14,37
-41,-13,41
-50,-14,41
-57,-16,38
-68,-19,30
-70,-19,27
-61,-16,25
-53,-15,26
-40,-12,33
-38,-12,36
-50,-16,34
-66,-19,27
-66,-18,25
-57,-17,26
-52,-15,30
-50,-16,35
-55,-17,33
-61,-17,28
-59,-16,27
-52,-13,31
-49,-13,33
-54,-15,31
-59,-16,27
-58,-15,28
-53,-14,31
-54,-14,31
-58,-14,28
-59,-13,27
-59,-13,25
-61,-12,24
-58,-11,27
-56,-12,29
-59,-12,28
-59,-11,28
-58,-11,27
-57,-10,27
-56,-11,27
-57,-11,28
-57,-11,28
-57,-11,27
-57,-11,27
-57,-11,27
-57,-10,28
-59,-11,29
-59,-11,29
-61,-10,28
-60,-10,28
-58,-8,28
-56,-7,28
-55,-7,28
-53,-7,27
-53,-6,27
-54,-5,26
-55,-6,26
-59,-7,26
-61,-9,26
-65,-9,25
-65,-9,26
-61,-10,29
-58,-10,30
-58,-11,31
-57,-11,31
-57,-11,30
-58,-12,28
-58,-12,28
-57,-12,28
-57,-12,29
-56,-13,29
-57,-14,29
-56,-15,29
-56,-16,29
-56,-16,27
-56,-15,28
-56,-14,29
-57,-12,30
-58,-11,30
-58,-11,30
-58,-11,30
-56,-11,30
-56,-11,30
-54,-9,30
-54,-8,29
-54,-9,31
-55,-9,31
-56,-8,33
-59,-9,31
-59,-9,30
-55,-11,30
-53,-11,29
-53,-12,30
-54,-12,30
-55,-13,32
-55,-13,33
-56,-12,31
-56,-12,31
-56,-11,30
-56,-11,31
-56,-11,31
-56,-11,31
-56,-11,31
-56,-11,30
-55,-11,29
-56,-11,29
-57,-11,29
-57,-11,29
-57,-11,30
-57,-11,29
-55,-11,30
-56,-11,30
-58,-12,31
-59,-13,31
-61,-13,30
-61,-13,29
-59,-13,27
-59,-13,26
-58,-13,25
-58,-13,25
-57,-13,24
-57,-13,25
-57,-13,25
-56,-14,26
-56,-15,26
-56,-16,26
-56,-17,26
-56,-17,27
-56,-17,28
-56,-16,28
-55,-16,29
-53,-16,29
-53,-16,29
-56,-16,27
-58,-15,27
-60,-14,27
-59,-12,29
-58,-12,29
-57,-11,28
-57,-11,28
-58,-12,27
-58,-13,26
-59,-14,25
-60,-14,25
-58,-15,25
-58,-15,26
-58,-16,26
-57,-17,26
-57,-17,27
-56,-17,27
-56,-16,27
-57,-16,27
-57,-15,28
-56,-15,27
-56,-14,27
-56,-14,27
-57,-13,27
-58,-13,27
-58,-13,26
-59,-13,26
-59,-13,26
-59,-13,26
-58,-13,26
-58,-13,26
-56,-14,27
-56,-14,28
-57,-16,29
-58,-17,28
-59,-17,27
-59,-17,26
-55,-15,25
-54,-14,24
-56,-12,25
-60,-12,26
-60,-12,26
-58,-12,28
-57,-12,29
-56,-12,30
-56,-13,30
-58,-15,28
-59,-15,27
-60,-14,25
-60,-13,24
-57,-11,24
-53,-10,26
-51,-10,27
-52,-11,31
-54,-12,31
-61,-14,29
-64,-13,28
-62,-12,26
-59,-11,26
-56,-12,26
-55,-13,26
-56,-12,26
-56,-12,26
-57,-12,27
-58,-14,27
-59,-15,27
-59,-16,27
-58,-15,27
-58,-15,28
-58,-14,28
-57,-13,28
-56,-13,27
-57,-13,28
-57,-13,28
-58,-12,28
-58,-12,28
-58,-13,28
-57,-13,28
-57,-14,28
-57,-14,27
-57,-14,27
-56,-13,27
-56,-13,27
-56,-13,27
-57,-13,28
-57,-13,29
-58,-13,29
-58,-13,28
-57,-13,27
-56,-13,27
-56,-14,27
-56,-13,27
-57,-14,28
-57,-15,28
-57,-14,28
-57,-13,28
-57,-13,28
-57,-12,28
-58,-12,28
-58,-12,28
-57,-13,28
-56,-13,28
-56,-13,28
-57,-14,27
-57,-14,27
-57,-15,27
-57,-15,27
-56,-15,28
-57,-14,28
-57,-13,28
-57,-12,28
-57,-11,28
-57,-12,28
-58,-13,28
-57,-14,28
-57,-14,28
-57,-14,28
-57,-14,28
-57,-13,27
-57,-13,27
-57,-13,28
-57,-12,28
-57,-13,28
-58,-13,28
-58,-13,27
-57,-14,27
-57,-13,27
-58,-13,29
-59,-13,29
-58,-12,28
-56,-12,27
-56,-11,27
-56,-11,27
-58,-12,27
-58,-12,26
-57,-12,26
-57,-12,27
-58,-13,28
-58,-13,27
-58,-12,27
-57,-12,26
-57,-11,27
-58,-11,27
-59,-11,27
-58,-12,27
-58,-12,27
-57,-11,27
-58,-11,27
-57,-12,27
-59,-12,27
-59,-11,27
-58,-11,27
-58,-11,27
-57,-11,27
-57,-11,27
-58,-11,27
-59,-11,26
-58,-12,27
-57,-12,27
-58,-12,27
-58,-13,27
-58,-12,27
-58,-11,27
-58,-11,27
-58,-11,27
-57,-11,28
-57,-12,28
-57,-13,27
-57,-13,27
-56,-12,28
-57,-12,28
-58,-12,28
-58,-13,27
-58,-12,27
-58,-12,27
-57,-12,27
-57,-12,27
-58,-11,27
-58,-12,27
-58,-12,28
-58,-13,27
-57,-13,27
-57,-14,27
-57,-14,27
-57,-13,27
-57,-13,27
-57,-14,26
-57,-14,26
-57,-13,27
-58,-12,27
-58,-12,27
-58,-12,27
-58,-12,27
-58,-12,27
-57,-12,28
-57,-12,27
-57,-12,27
-57,-12,27
-57,-13,27
-57,-12,27
-57,-12,27
-57,-13,27
-57,-13,27
-58,-13,27
-58,-12,27
-58,-12,27
-57,-13,28
-57,-12,28
-58,-12,28
-58,-11,28
-58,-12,28
-57,-12,27
-57,-12,27
-57,-11,27
-57,-12,27
-57,-12,27
-57,-12,28
-57,-12,27
-57,-12,27
-56,-12,28
-58,-12,28
-58,-12,28
-59,-12,27
-57,-12,27
-57,-12,27
-57,-12,28
-57,-12,28
-57,-12,28
-57,-12,27
-57,-12,28
-58,-12,28
-58,-12,28
-58,-12,28
-56,-12,28
-57,-12,28
-57,-12,28
-58,-12,28
-58,-13,27
-57,-13,27
-56,-13,27
-57,-12,28
-57,-12,28
-57,-12,28
-57,-12,27
-57,-12,27
-57,-13,27
-57,-12,28
-57,-12,28
-58,-12,28
-57,-12,28
-57,-12,28
-57,-12,28
-58,-12,28
-58,-12,28
-58,-12,28
-57,-12,27
-57,-12,27
-56,-12,27
-57,-12,28
-58,-12,28
-57,-12,28
-57,-12,28
-57,-12,28
-57,-12,27
-57,-12,28
-57,-12,28
-57,-12,27
-57,-12,27
-57,-12,27
-58,-12,28
-57,-12,27
-57,-12,28
-57,-12,28
-58,-12,27
-57,-12,27
-57,-12,27
-57,-13,27
-58,-12,27
-57,-12,27
-57,-12,27
-57,-12,27
-57,-12,27
-57,-12,27
-58,-12,28
-57,-12,28
-57,-12,28
-57,-12,27
-57,-12,27
-57,-12,28
-57,-12,28
-57,-12,27
-58,-12,28
-57,-12,28
-57,-12,27
-57,-12,27
-57,-12,27
-57,-12,27
-58,-12,27
-57,-12,28
-58,-12,27
-58,-12,27
-58,-12,27
-57,-12,27
-57,-12,27
-58,-12,27
-58,-12,27
-58,-12,27
-57,-12,27
-58,-12,27
-57,-12,27
-58,-12,27
-57,-12,27
-58,-12,27
-58,-12,27
-58,-12,27
-58,-12,27
-57,-12,27
-57,-12,27
-57,-12,27
-57,-12,27
-57,-12,27
-57,-12,27
-57,-12,28
-57,-11,28
-58,-12,28
-60,-14,27
-60,-15,26
-57,-14,25
-56,-13,25
-54,-10,28
-55,-10,30
-59,-11,30
-61,-12,29
-60,-13,27
-56,-12,27
-55,-12,27
-57,-12,27
-58,-12,27
-58,-12,27
-58,-11,27
-57,-12,28
-58,-12,28
-58,-12,27
-57,-12,28
-57,-12,27
-57,-12,27
-58,-12,27
-57,-12,27
-57,-12,28
-58,-12,27
-57,-12,28
-57,-12,28
-58,-12,28
-57,-12,28
-58,-11,28
-57,-12,28
-57,-12,28
-57,-12,28
-57,-12,28
-57,-12,28
-57,-12,28
-57,-11,28
-57,-11,28
-57,-11,28
-57,-11,28
-57,-11,28
-57,-12,28
-57,-11,29
-57,-12,28
-57,-11,28
-57,-11,29
-57,-11,28
-57,-12,28
-57,-12,29
-57,-11,28
-57,-12,29
-57,-11,28
-57,-11,28
-57,-12,28
-57,-12,28
-57,-12,28
-57,-12,28
-57,-12,28
-57,-12,28
-57,-12,28
-57,-12,28
-57,-12,28
-57,-12,28
-57,-12,28
-57,-12,28
-57,-12,28
-57,-12,27
-57,-12,28
-57,-12,28
-57,-12,28
-57,-12,27
-57,-12,28
-57,-12,28
-57,-12,28
-57,-12,28
-57,-12,28
-58,-13,27
-58,-13,28
-57,-12,27
-57,-12,28
-57,-12,27
-57,-13,27
-58,-12,27
-58,-12,27
-57,-12,27
-58,-12,27
-58,-12,27
-57,-12,27
-58,-12,28
-57,-12,27
-57,-12,27
-57,-12,27
-58,-12,27
-58,-12,27
-58,-12,28
-58,-12,27
-58,-12,27
-58,-12,27
-57,-12,27
-57,-12,27
-58,-12,27
-58,-12,27
-58,-12,27
-57,-12,27
-58,-12,27
-58,-11,27
-58,-11,27
-57,-11,27
-57,-11,27
-57,-12,27
-57,-11,27
-58,-12,27
-58,-11,27
-57,-11,27
-58,-12,27
-58,-11,27
-58,-11,27
-58,-11,28
-58,-11,28
-58,-12,26
-56,-12,26
-56,-12,26
-57,-11,27
-58,-11,27
-58,-11,27
-58,-12,27
-58,-12,26
-58,-11,26
-58,-11,27
-58,-11,27
-58,-10,27
-59,-11,26
-58,-11,26
-58,-12,26
-58,-11,26
-58,-12,26
-58,-12,26
-58,-11,27
-58,-11,27
-58,-11,26
-58,-11,26
-58,-11,26
-58,-11,26
-58,-11,27
-58,-11,27
-58,-11,27
-58,-11,27
-58,-11,27
-58,-11,27
-58,-11,27
-58,-11,27
-58,-11,27
-58,-11,27
-58,-11,27
-58,-11,27
-58,-11,27
-58,-11,27
-58,-11,27
-58,-11,27
-58,-11,27
-58,-11,27
-58,-11,27
-58,-11,27
-58,-11,27
-58,-11,27
-57,-11,27
-58,-11,27
-58,-11,27
-58,-12,27
-58,-11,27
-58,-11,28
-58,-11,28
-58,-12,26
-57,-12,26
-56,-12,26
-56,-13,26
-58,-12,26
-58,-12,27
-59,-12,26
-58,-12,26
-58,-12,27
-58,-13,27
-58,-13,27
-57,-12,27
-57,-12,26
-58,-13,26
-58,-12,26
-57,-12,26
-58,-12,27
-58,-12,26
-58,-12,26
-58,-12,25
-58,-12,26
-57,-12,27
-58,-12,27
-58,-12,27
-58,-13,26
-58,-13,26
-57,-13,26
-58,-13,26
-58,-12,27
-58,-12,27
-58,-12,27
-58,-12,27
-58,-12,27
-58,-12,28
-58,-12,27
-57,-12,27
-58,-12,27
-57,-11,27
-57,-11,27
-57,-11,27
-57,-11,27
-55,-11,26
-54,-11,25
-57,-11,26
-63,-11,28
-62,-11,28
-56,-11,29
-54,-11,28
-55,-12,26
-57,-12,25
-59,-12,25
-59,-11,25
-59,-9,27
-59,-8,27
-62,-10,27
-63,-12,27
-63,-12,24
-62,-12,21
-61,-12,20
-60,-13,17
-60,-14,15
-61,-16,14
-61,-17,14
-62,-18,14
-61,-18,15
-58,-17,17
-57,-17,17
-56,-17,18
-57,-18,18
-58,-20,18
-59,-22,21
-59,-22,22
-60,-23,22
-59,-22,22
-60,-20,24
-60,-19,25
-60,-17,27
-59,-16,28
-60,-15,28
-60,-13,26
-59,-12,25
-57,-12,24
-57,-11,23
-56,-11,22
-56,-10,22
-56,-9,25
-56,-8,28
-60,-10,31
-61,-12,30
-62,-17,26
-59,-16,25
-52,-13,26
-50,-12,27
-52,-11,29
-58,-11,29
-61,-10,29
-61,-10,27
-59,-10,27
-56,-11,27
-56,-11,28
-55,-14,29
-54,-16,30
-55,-17,28
-56,-15,28
-59,-11,26
-60,-9,26
-59,-8,25
-57,-9,25
-56,-10,25
-57,-11,26
-58,-10,26
-62,-9,25
-64,-9,24
-62,-11,23
-60,-11,24
-56,-13,25
-55,-14,26
-58,-13,25
-61,-13,24
-62,-12,24
-61,-12,24
-59,-12,24
-56,-14,24
-56,-14,24
-55,-15,25
-55,-15,25
-57,-15,25
-58,-16,25
-58,-16,24
-58,-15,24
-58,-13,24
-60,-11,23
-62,-11,23
-62,-10,23
-61,-10,22
-61,-9,23
-60,-9,24
-61,-7,26
-61,-8,25
-62,-13,22
-62,-16,20
-58,-18,20
-56,-18,20
-56,-16,21
-59,-15,20
-62,-14,20
-66,-13,20
-65,-14,19
-62,-12,19
-59,-12,20
-52,-14,24
-50,-14,27
-54,-15,31
-58,-15,30
-68,-16,24
-68,-13,20
-65,-11,19
-56,-7,21
-52,-5,22
-49,-3,24
-51,-3,24
-55,-3,24
-58,-3,23
-64,-4,21
-67,-6,19
-70,-10,17
-69,-12,18
-67,-13,20
-61,-11,24
-59,-10,25
-55,-9,25
-57,-10,24
-64,-14,22
-68,-16,20
-68,-20,18
-64,-22,19
-54,-21,19
-49,-21,21
-45,-20,24
-51,-17,25
-56,-15,25
-63,-14,24
-64,-14,23
-65,-13,24
-64,-11,24
-59,-8,27
-56,-7,29
-55,-5,28
-56,-5,26
-58,-7,24
-59,-9,23
-60,-10,24
-59,-9,26
-59,-8,27
-58,-7,28
-57,-7,28
-58,-8,27
-58,-9,27
-56,-12,26
-57,-13,26
-57,-16,26
-57,-16,25
-56,-16,25
-57,-16,26
-58,-15,29
-58,-15,28
-57,-15,27
-58,-15,26
-59,-14,26
-60,-11,26
-59,-10,26
-57,-9,27
-57,-9,27
-57,-10,27
-57,-10,26
-59,-10,26
-57,-11,27
-58,-10,28
-59,-10,28
-60,-10,27
-60,-11,26
-59,-13,25
-57,-13,25
-57,-13,26
-57,-13,27
-56,-13,28
-56,-13,28
-57,-13,27
-59,-12,27
-59,-12,27
-58,-11,27
-58,-11,27
-58,-10,27
-57,-11,27
-57,-11,27
-57,-10,28
-57,-10,28
-56,-11,29
-56,-12,28
-57,-13,28
-57,-13,28
-58,-14,27
-58,-14,28
-57,-14,28
-57,-14,27
-57,-14,27
-58,-14,27
-57,-14,27
-57,-13,27
-56,-13,28
-56,-14,28
-57,-14,28
-57,-14,27
-57,-14,27
-56,-13,27
-56,-13,28
-57,-13,28
-58,-12,28
-58,-12,28
-58,-13,27
-57,-14,27
-57,-13,27
-57,-13,27
-58,-13,27
-57,-13,27
-56,-14,28
-56,-13,28
-56,-13,28
-57,-14,28
-57,-14,27
-57,-14,27
-57,-14,26
-57,-15,27
-58,-15,26
-58,-14,26
-57,-14,26
-57,-14,26
-57,-14,26
-57,-14,27
-58,-14,27
-58,-15,27
-57,-15,26
-57,-15,26
-59,-17,26
-60,-18,25
-62,-20,25
-63,-20,25
-62,-23,32
-56,-38,38
-34,-26,48
-32,-9,51
-29,-5,49
-27,-2,59
-40,-4,56
-59,-7,36
-70,-6,21
-94,-7,0
-88,-3,4
-64,3,17
-62,2,17
-64,3,17
-59,5,27
-58,5,33
-52,4,41
-51,6,41
-48,6,41
-46,7,43
-42,6,46
-39,7,48
-41,9,48
-43,8,48
-40,8,49
-41,6,49
-40,4,49
-34,2,48
-31,1,49
-26,-1,51
-25,-3,52
-21,-7,56
-19,-6,58
-18,-5,61
-19,-7,64
-28,-14,62
-44,-13,56
-58,-19,55
-51,-26,57
-89,-12,24
-35,-17,48
-34,-25,42
-26,-18,54
-29,-13,47
-34,-15,37
-29,-15,40
-30,-23,35
-21,-35,39
7,-50,55
7,-53,57
9,-55,55
18,-40,58
35,-31,42
83,-28,48
46,-16,63
37,3,71
23,4,67
24,4,36
29,-1,37
29,5,50
30,7,54
28,7,56
31,9,58
32,9,59
29,13,51
24,9,37
22,13,37
27,14,45
23,17,54
21,20,55
17,15,47
7,15,51
3,11,58
0,13,60
-17,14,63
-20,15,65
-32,15,64
-42,15,71
-41,14,72
-35,12,67
-31,11,64
-29,10,59
-29,9,57
-27,7,55
-27,7,54
-27,6,55
-26,6,55
-26,6,56
-26,6,57
-26,7,57
-27,8,58
-27,8,58
-26,9,59
-26,9,58
-26,9,58
-26,9,58
-25,9,57
-26,9,56
-26,9,56
-26,9,56
-26,9,56
-26,9,58
-26,9,58
-25,8,59
-26,8,58
-27,9,58
-28,9,57
-27,8,56
-26,8,56
-26,8,56
-26,8,56
-27,8,55
-29,8,55
-29,9,57
-28,8,59
-28,8,60
-28,8,58
-29,8,58
-29,10,56
-29,11,56
-29,12,56
-29,11,56
-30,10,56
-29,10,56
-29,10,55
-29,11,55
-29,11,55
-30,10,56
-30,10,56
-30,10,55
-29,10,55
-29,10,55
-30,10,55
-29,10,56
-29,10,56
-30,11,56
-30,11,56
-30,11,57
-29,11,56
-29,11,56
-29,11,55
-29,11,54
-29,12,55
-29,12,55
-30,11,55
-30,11,55
-30,12,55
-30,12,55
-30,12,55
-30,12,56
-30,12,56
-30,12,55
-30,12,56
-30,12,55
-30,12,55
-30,12,54
-30,12,54
-30,11,55
-30,11,55
-30,11,55
-30,11,55
-31,11,55
-31,10,56
-31,10,56
-31,10,55
-31,10,55
-31,10,55
-31,10,55
-32,9,55
-32,9,55
-32,9,55
-33,9,55
-33,9,55
-33,9,55
-33,9,54
-33,9,55
-32,9,55
-32,9,54
-32,10,54
-32,10,54
-31,10,54
-31,10,54
-31,10,55
-32,9,55
-32,9,55
-32,9,55
-32,9,55
-32,9,55
-32,9,54
-32,9,55
-32,9,55
-33,9,55
-33,9,55
-32,9,55
-32,9,55
-31,10,55
-30,9,54
-30,10,53
-30,10,54
-31,10,55
-31,9,55
-32,9,56
-33,8,57
-33,8,56
-33,8,56
-33,8,55
-33,8,55
-32,8,54
-30,8,54
-30,9,54
-29,10,54
-29,10,54
-30,11,55
-30,11,56
-30,11,56
-30,10,56
-30,10,56
-31,10,56
-30,10,55
-30,10,55
-30,9,55
-31,9,55
-32,9,55
-32,10,55
-32,10,55
-31,10,55
-31,11,55
-29,11,55
-29,11,54
-29,12,54
-29,12,54
-30,11,55
-30,11,55
-30,10,55
-31,10,55
-32,8,55
-34,8,55
-35,8,55
-34,8,55
-34,7,54
-33,8,53
-33,9,53
-32,10,53
-32,11,53
-33,12,52
-33,12,52
-34,12,53
-35,11,54
-36,11,55
-37,10,55
-38,10,55
-38,10,54
-38,10,53
-38,10,52
-38,11,52
-36,11,50
-35,12,50
-36,12,49
-37,12,50
-37,12,52
-37,13,54
-37,12,54
-36,12,53
-35,12,52
-34,12,52
-33,12,52
-33,12,53
-32,12,53
-31,12,54
-31,12,55
-30,12,55
-30,12,55
-29,12,55
-29,12,56
-29,12,56
-28,12,56
-28,12,55
-27,12,55
-27,12,55
-27,12,55
-27,12,56
-27,11,56
-27,11,57
-28,11,58
-28,11,58
-28,11,57
-28,11,56
-28,11,56
-28,12,55
-28,12,55
-27,12,55
-27,12,55
-28,12,56
-28,13,56
-28,12,56
-28,12,56
-28,12,56
-28,12,56
-28,12,56
-29,12,56
-29,11,56
-29,11,56
-29,11,56
-29,12,56
-29,12,55
-29,12,55
-29,12,55
-29,12,55
-30,12,55
-30,12,55
-30,12,56
-30,12,55
-30,12,55
-30,12,55
-30,12,55
-30,12,55
-31,12,55
-31,12,55
-31,12,56
-31,12,55
-31,12,55
-31,11,55
-31,11,55
-31,12,55
-31,12,54
-31,12,54
-31,12,55
-31,12,55
-31,12,55
-31,12,55
-31,11,55
-31,12,55
-31,12,55
-31,11,55
-31,11,54
-31,12,55
-31,11,55
-31,11,55
-31,11,55
-31,11,55
-31,11,55
-31,11,55
-31,11,55
-31,11,55
-31,11,55
-31,11,54
-31,11,54
-31,11,55
-32,11,55
-31,11,54
-32,11,54
-32,11,54
-32,11,55
-32,11,55
-32,11,55
-32,11,55
-32,11,55
-32,11,54
-32,11,55
-32,11,54
-32,11,54
-32,11,54
-33,11,55
-32,11,54
-32,11,55
-32,11,54
-32,11,54
-32,11,54
-32,11,54
-32,11,54
-32,11,54
-32,11,54
-32,11,54
-32,11,54
-32,11,54
-32,11,55
-32,11,55
-32,11,55
-32,11,55
-32,10,55
-32,10,54
-32,11,54
-31,10,55
-31,11,55
-31,11,55
-31,11,56
-31,11,56
-31,11,56
-31,11,55
-31,11,54
-30,11,54
-31,11,54
-31,11,55
-31,11,55
-31,11,55
-31,11,56
-31,11,56
-31,11,56
-31,11,56
-31,11,55
-31,11,55
-30,11,55
-30,11,55
-31,11,55
-31,11,55
-31,11,55
-30,11,55
-31,11,56
-31,11,56
-31,11,56
-30,11,55
-31,11,55
-31,11,55
-30,11,55
-30,11,55
-30,11,55
-30,11,56
-30,11,56
-30,11,55
-30,11,55
-30,11,55
-30,11,55
-30,11,55
-30,11,55
-30,11,55
-31,11,55
-31,11,55
-30,11,55
-30,11,55
-31,11,55
-31,11,55
-31,11,56
-31,11,56
-30,11,56
-30,10,55
-31,10,55
-30,10,55
-30,10,55
-30,10,55
-31,10,55
-31,10,56
-31,11,56
-31,11,56
-31,11,55
-31,11,55
-31,11,55
-31,11,56
-31,11,55
-31,11,55
-30,11,55
-30,11,55
-31,11,55
-31,11,55
-31,11,56
-31,11,55
-31,11,55
-30,10,55
-31,11,55
-30,10,54
-30,11,54
-30,11,55
-30,11,55
-31,11,56
-31,11,56
-31,11,56
-31,11,56
-31,12,56
-31,12,55
-31,11,55
-31,11,55
-31,11,55
-31,11,55
-30,11,55
-30,11,55
-30,11,56
-31,11,56
-31,10,56
-30,10,56
-30,10,56
-30,10,56
-30,10,56
-30,10,56
-30,10,56
-30,10,56
-30,10,56
-30,10,56
-30,10,56
-29,10,56
-29,10,56
-29,10,56
-29,10,56
-29,10,56
-29,10,56
-29,10,56
-29,10,56
-29,10,55
-30,10,55
-29,10,56
-29,10,56
-30,10,56
-30,10,56
-30,10,56
-30,10,56
-30,10,56
-30,10,56
-30,10,56
-30,10,56
-30,10,56
-30,10,56
-30,10,56
-30,10,56
-30,10,56
-30,10,56
-30,10,57
-31,11,58
-31,11,57
-30,10,56
-30,11,54
-30,11,54
-30,11,54
-30,11,54
-30,11,54
-30,11,54
-30,12,55
-30,12,56
-31,12,55
-31,12,55
-31,12,55
-31,12,54
-31,12,54
-32,12,55
-32,11,55
-33,12,55
-34,11,56
-34,11,55
-34,11,54
-33,11,54
-33,11,54
-33,11,54
-33,11,54
-33,11,54
-33,11,54
-33,11,53
-33,11,54
-33,11,53
-34,10,54
-33,10,54
-33,9,52
-33,10,55
-34,10,54
-34,9,53
-35,10,54
-32,10,52
-24,6,48
-21,5,56
-19,1,57
-17,-7,58
-5,-8,52
-8,-8,58
2,-10,59
15,-20,52
14,-25,55
70,-20,60
80,-49,29
-17,-78,-31
-53,-78,1
-33,-71,6
-15,-71,16
-14,-76,16
-13,-81,9
-20,-88,6
-28,-93,6
-32,-93,4
-38,-90,2
-37,-87,5
-30,-82,12
-27,-77,13
-25,-72,12
-27,-67,12
-29,-65,14
-32,-64,16
-32,-65,17
-27,-70,19
-24,-74,19
-3,-95,14
31,-79,-3
40,-58,-9
41,-63,2
48,-81,32
26,-88,21
0,-77,3
-18,-72,-3
-20,-69,-3
-23,-64,-5
-23,-62,-5
-21,-59,-3
-20,-58,-2
-21,-58,-2
-22,-58,-1
-25,-59,-2
-24,-59,-2
-18,-58,0
29,-71,42
38,-63,47
7,-63,28
2,-63,24
-19,-58,11
-27,-57,5
-24,-55,3
-21,-55,6
-17,-58,8
-16,-60,9
-13,-62,12
-13,-62,14
-15,-63,16
-18,-66,16
-19,-67,16
-20,-69,17
-18,-69,20
-15,-70,25
-17,-69,24
-20,-65,18
-17,-64,18
-12,-64,15
-6,-65,16
-6,-66,14
-8,-66,13
-13,-64,11
-13,-61,8
-12,-61,8
-12,-61,7
-11,-61,7
-8,-62,8
-6,-63,8
0,-63,10
5,-62,16
0,-64,16
-3,-63,16
-10,-62,14
-16,-62,11
-18,-61,10
-20,-61,9
-19,-61,10
-16,-63,13
-16,-64,14
-16,-65,16
-16,-64,16
-16,-62,14
-14,-61,14
-13,-61,13
-14,-61,12
-13,-60,12
-12,-62,11
-13,-63,11
-13,-63,13
-12,-63,13
-13,-63,14
-14,-62,14
-15,-62,13
-15,-62,12
-16,-62,12
-16,-62,12
-14,-62,11
-13,-62,11
-13,-62,11
-12,-63,11
-12,-63,11
-12,-64,11
-12,-64,11
-12,-63,11
-11,-63,11
-12,-62,11
-12,-62,11
-12,-62,12
-13,-62,12
-14,-62,12
-14,-62,12
-13,-62,12
-13,-62,12
-13,-62,12
-13,-62,12
-13,-62,11
-12,-63,12
-13,-64,11
-12,-63,12
-12,-63,12
-13,-63,12
-13,-63,12
-13,-62,11
-13,-62,11
-13,-62,11
-13,-63,11
-12,-63,11
-12,-63,12
-12,-63,12
-12,-62,12
-13,-62,12
-14,-62,12
-14,-62,12
-14,-62,12
-15,-63,13
-14,-63,13
-14,-62,13
-13,-62,12
-13,-62,12
-13,-62,11
-13,-62,12
-13,-62,12
-13,-62,12
-13,-63,12
-13,-62,12
-13,-62,11
-13,-62,11
-13,-62,12
-13,-62,12
-14,-62,11
-13,-63,11
-13,-62,11
-13,-62,11
-13,-62,12
-14,-63,13
-15,-63,12
-15,-63,12
-15,-62,12
-14,-62,11
-13,-62,12
-13,-63,12
-13,-63,12
-14,-63,11
-13,-62,11
-13,-62,11
-12,-62,11
-13,-62,12
-13,-62,12
-15,-63,13
-16,-62,12
-15,-62,12
-14,-63,12
-14,-63,12
-14,-62,12
-14,-62,12
-13,-62,12
-13,-62,12
-13,-63,12
-13,-63,12
-13,-62,12
-14,-62,12
-14,-62,12
-14,-62,13
-14,-62,12
-14,-62,12
-14,-62,12
-14,-62,12
-14,-62,12
-13,-62,12
-13,-62,12
-14,-62,12
-14,-62,12
-13,-62,12
-13,-62,12
-13,-62,12
-13,-62,12
-14,-62,12
-15,-63,12
-15,-63,12
-15,-64,13
-15,-65,13
-14,-64,13
-13,-63,13
-13,-62,13
-13,-62,12
-14,-62,12
-14,-62,11
-15,-62,11
-14,-62,10
-14,-62,10
-12,-62,10
-12,-62,10
-10,-64,12
-10,-63,13
-11,-62,13
-12,-62,13
-14,-61,11
-15,-61,11
-16,-61,11
-16,-62,11
-16,-63,13
-15,-63,14
-14,-63,14
-14,-62,14
-14,-62,13
-15,-62,12
-15,-62,12
-15,-62,11
-15,-62,11
-14,-62,12
-13,-63,12
-13,-63,12
-12,-62,12
-12,-62,12
-13,-62,12
-14,-62,12
-14,-62,11
-14,-62,11
-14,-62,12
-14,-62,12
-14,-62,13
-15,-62,13
-15,-62,12
-15,-62,12
-14,-62,12
-14,-62,12
-14,-62,12
-14,-62,12
-14,-62,12
-14,-62,11
-14,-62,11
-14,-62,12
-14,-62,11
-14,-62,11
-14,-62,12
-14,-62,11
-14,-63,11
-14,-62,11
-13,-62,11
-13,-63,11
-14,-63,11
-14,-63,11
-14,-62,11
-14,-62,11
-14,-62,11
-14,-62,11
-14,-63,11
-14,-64,11
-13,-63,11
-13,-62,11
-12,-62,11
-12,-62,10
-13,-62,11
-14,-62,11
-15,-62,12
-17,-62,12
-17,-63,13
-17,-63,12
-16,-63,12
-13,-62,11
-12,-62,10
-9,-62,10
-10,-63,10
-11,-63,11
-15,-63,12
-16,-63,12
-16,-63,11
-15,-63,11
-14,-62,10
-14,-63,11
-14,-63,11
-14,-63,11
-13,-63,11
-12,-63,10
-12,-62,10
-13,-63,10
-13,-62,10
-14,-63,11
-14,-63,11
-14,-63,12
-15,-63,12
-15,-62,12
-15,-62,12
-15,-62,12
-14,-62,12
-14,-62,11
-14,-63,11
-14,-62,11
-13,-62,12
-14,-62,12
-14,-62,12
-15,-62,12
-15,-62,12
-15,-62,12
-14,-61,12
-14,-61,12
-14,-62,12
-15,-62,13
-16,-62,13
-17,-62,14
-16,-61,14
-16,-61,14
-15,-61,14
-14,-61,13
-14,-61,12
-14,-63,12
-14,-62,11
-14,-62,10
-13,-62,10
-11,-62,10
-11,-64,11
-11,-64,12
-14,-63,13
-16,-62,13
-18,-61,12
-17,-61,11
-16,-61,11
-16,-62,11
-17,-64,12
-17,-64,13
-17,-64,12
-15,-63,13
-14,-62,13
-14,-62,12
-15,-61,11
-15,-62,11
-17,-63,10
-16,-64,12
-16,-63,12
-16,-62,11
-15,-62,11
-14,-62,12
-13,-61,12
-13,-61,12
-15,-61,11
-16,-61,11
-16,-62,12
-16,-62,12
-16,-61,12
-15,-61,12
-14,-62,15
-13,-64,17
-8,-68,21
-6,-69,25
2,-74,31
2,-75,29
-6,-78,28
-14,-76,29
-18,-72,26
-26,-67,19
-33,-64,16
-30,-60,12
-27,-53,3
-34,-35,-18
-42,-27,-24
-39,-20,-28
-35,-20,-29
-34,-17,-28
-38,-21,-33
-38,-26,-37
-38,-34,-39
-32,-32,-36
-28,-47,-29
-28,-55,-24
-30,-73,-16
-31,-84,-15
-23,-112,-7
11,-128,80
59,-89,51
65,-68,19
23,-74,28
8,-60,27
2,-67,17
-17,-64,-5
-26,-63,-8
-29,-55,-6
-27,-53,-3
-25,-50,0
-27,-50,1
-30,-54,3
-30,-56,3
-28,-61,5
-26,-63,6
-18,-67,9
0,-74,27
24,-77,50
0,-77,39
3,-75,32
2,-80,41
5,-86,48
-10,-85,33
-16,-85,30
-35,-78,20
-39,-76,21
-43,-62,19
-47,-55,15
-48,-36,0
-55,-6,-18
-59,7,-20
-78,21,-31
-81,17,-27
-61,8,-2
-43,11,-3
-24,21,-11
-22,26,-8
-30,34,-17
-33,37,-17
-17,38,-8
3,43,13
12,46,16
34,49,23
44,52,22
43,48,15
43,43,17
33,33,14
25,26,6
18,5,-13
10,-11,-16
-57,-51,-28
-99,-62,-35
-74,-74,-37
-30,-111,-53
-12,-128,-42
-15,-128,-16
-9,-128,-7
127,-128,127
57,-106,81
19,-70,16
0,-90,20
-19,-58,21
-21,-62,16
-24,-55,7
-33,-59,1
-39,-54,-1
-35,-54,5
-34,-54,8
-39,-56,13
-42,-55,13
-49,-55,14
-52,-54,14
-62,-51,15
-66,-52,19
-65,-54,22
-62,-53,21
-63,-46,18
-61,-38,18
-64,-33,16
-62,-29,13
-56,-25,15
-49,-18,17
-50,-16,17
-41,-16,23
-38,-14,24
-42,-12,25
-33,-11,32
-30,-10,35
-31,-10,37
-36,-10,40
-33,-8,45
-32,-8,47
-35,-8,50
-34,-8,52
-31,-7,56
-29,-8,58
-17,-11,64
-13,-11,64
-6,-11,65
-4,-11,65
-2,-11,65
-2,-13,60
0,-19,58
1,-10,60
-3,-13,58
3,-12,62
2,-9,60
-1,-12,59
-2,-12,60
-2,-8,58
-3,-11,57
2,-11,59
3,-12,62
2,-15,57
0,-20,56
12,-18,67
2,-19,74
-6,-15,69
-11,-21,65
-13,-22,61
-9,-20,60
-11,-20,60
-15,-19,60
-16,-19,60
-18,-22,61
-15,-22,61
-14,-21,59
-17,-21,58
-17,-21,58
-17,-20,58
-16,-21,58
-16,-20,58
-16,-20,59
-20,-19,61
-24,-20,62
-17,-24,58
-16,-25,58
-9,-24,58
3,-23,56
-1,-26,57
-4,-24,58
-7,-25,60
-4,-24,61
0,-24,58
1,-23,55
5,-27,54
2,-26,58
1,-25,58
0,-24,60
0,-24,61
-2,-22,62
-2,-23,60
-2,-22,59
0,-26,59
1,-25,59
3,-21,60
3,-20,60
6,-17,58
8,-14,59
9,-14,60
8,-14,60
8,-14,61
6,-16,61
7,-16,61
7,-15,62
7,-16,63
8,-17,60
8,-18,60
8,-18,61
8,-18,61
9,-17,60
11,-19,60
11,-20,61
10,-21,60
10,-22,60
13,-22,58
13,-23,56
11,-24,54
11,-24,55
15,-23,55
15,-25,55
13,-26,58
10,-21,60
8,-24,60
6,-23,60
-3,-18,59
-6,-16,64
-3,-16,64
-1,-17,62
-1,-17,62
-1,-17,61
-3,-18,61
-3,-18,59
-4,-18,62
0,-20,61
0,-20,61
-3,-22,60
-3,-24,59
-2,-25,58
-1,-23,59
1,-24,60
5,-24,59
5,-25,58
3,-24,62
3,-24,61
2,-24,57
1,-25,57
0,-26,58
1,-26,59
4,-26,59
5,-26,58
4,-25,58
2,-25,57
2,-25,57
1,-26,57
1,-26,58
2,-32,57
4,-25,59
8,-22,55
5,-21,56
-8,-24,53
-9,-28,54
-8,-31,56
-28,-34,49
-48,-43,37
-48,-36,33
-50,-32,34
-54,-27,31
-57,-27,29
-53,-23,32
-55,-20,22
-76,-6,-5
-77,0,-12
-70,7,-40
-72,9,-51
-52,9,-54
-48,11,-79
-39,13,-81
-30,17,-77
-30,21,-74
-28,29,-56
-29,32,-48
-29,36,-34
-27,37,-31
-28,38,-38
-28,39,-45
-38,37,-69
-41,36,-74
-43,38,-54
-33,37,-13
-23,39,5
-14,45,16
-18,46,14
-42,36,-27
-58,36,-45
-65,38,-44
-59,34,-24
-26,40,14
11,55,43
10,77,42
-18,82,-24
-44,88,-45
-43,76,-33
-41,65,-12
-11,40,14
10,33,18
37,37,12
38,40,12
30,32,33
25,24,40
15,28,48
20,35,41
30,40,43
22,41,40
21,40,40
25,40,46
29,48,48
27,59,49
25,56,47
30,52,41
20,46,35
23,37,36
27,36,37
35,37,41
29,38,36
23,40,32
30,37,39
37,37,41
34,38,34
34,35,31
41,30,35
39,31,32
40,34,32
39,34,31
37,35,29
37,35,29
39,37,31
39,39,34
36,40,33
42,42,34
46,42,33
46,38,28
45,34,25
50,30,27
51,29,26
52,26,18
55,25,16
48,26,15
45,26,15
44,28,11
51,36,19
50,37,17
50,39,14
52,39,13
55,40,13
54,41,13
46,36,10
41,31,10
35,28,12
39,30,9
33,38,8
34,46,16
30,50,18
24,57,25
29,60,32
38,64,48
47,65,58
39,61,53
37,60,46
35,53,34
33,49,30
36,44,30
32,40,29
32,32,27
37,28,30
43,27,28
53,28,26
55,26,23
53,22,24
50,20,25
52,13,27
50,12,25
45,7,33
43,10,39
47,18,45
47,17,46
29,11,50
21,13,43
27,16,40
37,13,59
41,14,61
36,15,53
28,15,52
30,14,49
32,14,47
32,16,49
32,17,53
35,18,53
32,18,49
32,16,44
35,17,45
36,17,46
39,18,47
40,18,47
40,19,47
40,19,46
40,19,43
40,19,45
42,19,46
42,19,46
42,19,45
42,17,43
42,18,43
44,18,46
42,16,45
42,16,45
41,16,44
42,14,42
43,15,44
43,14,44
43,14,45
40,13,42
41,13,42
43,15,45
42,14,44
43,15,45
41,14,43
41,14,42
43,15,43
43,15,43
44,15,44
44,15,45
41,14,41
42,14,40
45,15,43
45,15,43
45,15,44
41,15,40
41,15,40
44,16,42
44,15,42
44,15,43
44,15,43
44,14,41
44,15,41
45,14,41
47,14,43
44,15,45
39,14,48
37,11,42
33,1,31
33,1,28
42,-4,28
48,-8,23
59,-2,1
59,4,-11
52,34,-24
47,45,-27
37,55,-10
19,61,8
-19,69,37
-37,80,54
-44,83,56
-61,70,57
-57,61,57
-36,51,49
-25,48,42
-15,43,45
-16,41,44
-15,35,43
-14,32,43
-17,32,46
-14,30,48
-12,30,48
-9,29,50
-11,30,50
-10,31,52
-7,31,54
0,30,58
-4,31,58
-12,33,55
-15,31,54
-11,31,59
-6,31,62
-3,29,59
-2,29,54
-3,31,54
1,34,57
1,35,56
0,35,52
-1,33,50
-1,33,49
0,33,51
2,36,53
0,37,53
-3,37,53
-4,37,56
-5,37,57
-3,38,56
-2,38,56
-2,38,56
-2,37,56
4,37,56
6,39,56
7,41,55
7,41,54
6,37,54
4,36,54
-1,33,54
-10,27,55
-11,28,55
-17,23,57
-16,22,56
-9,20,53
-7,21,52
-2,26,51
-1,29,51
3,35,52
6,39,52
3,40,60
0,40,62
-1,37,55
-2,32,52
-2,27,50
4,25,45
6,24,46
5,24,45
6,24,46
10,33,46
11,40,47
5,48,48
2,50,51
3,47,60
5,46,62
6,46,59
4,45,53
5,45,51
12,37,48
14,35,48
17,33,47
16,32,45
14,29,44
11,24,45
9,21,46
3,24,46
-1,28,48
-2,32,52
0,34,55
3,33,61
4,33,62
3,34,61
1,35,58
-1,36,57
-3,36,56
-3,36,54
-3,35,57
-3,30,58
-6,28,61
-7,27,59
-5,34,58
-5,34,61
-4,37,58
-3,37,56
-8,38,51
-7,38,48
-2,37,47
2,37,47
6,37,47
7,37,48
7,35,51
6,34,53
2,34,54
5,34,54
7,35,55
10,34,51
13,36,54
13,37,49
12,37,49
7,37,52
10,36,54
9,35,52
9,35,51
6,35,52
8,35,50
10,35,51
9,37,51
6,37,50
6,37,51
7,36,51
6,36,51
5,37,52
5,37,52
4,38,52
5,39,51
8,38,50
9,37,50
7,37,50
6,36,51
4,38,51
2,38,51
1,39,50
1,39,50
-1,40,49
-7,41,49
-15,41,47
-15,41,47
-5,41,49
-6,41,47
-12,40,45
-20,40,45
-20,41,44
-17,41,46
-19,41,46
-23,43,45
-25,42,43
-22,41,43
-19,43,45
-24,41,41
-25,41,42
-21,43,45
-21,43,45
-24,43,44
-20,42,50
-18,42,49
-15,42,48
-14,40,49
-11,39,50
-13,38,49
-10,38,51
-12,39,50
-18,39,43
-14,42,42
-14,42,41
-15,43,44
-20,43,43
-25,44,42
-24,44,43
-21,45,43
-20,45,41
-23,45,40
-24,45,40
-21,45,41
-19,45,40
-20,45,40
-23,46,40
-22,45,40
-21,45,39
-23,45,37
-24,44,37
-24,44,37
-23,44,36
-23,45,36
-26,47,36
-27,47,36
-25,49,36
-20,53,41
-22,54,42
-20,55,35
-8,57,37
-7,56,35
-11,53,30
-9,52,30
-7,51,33
-5,51,34
-9,51,34
-13,50,36
-14,50,37
-11,52,38
-14,52,38
-14,52,38
-10,49,36
-8,47,36
-9,47,34
-11,45,36
-9,48,40
-6,50,42
-9,53,42
-14,52,40
-17,49,35
-12,46,36
-12,46,39
-16,49,42
-17,50,42
-17,50,45
-13,52,47
-15,54,45
-15,52,43
-29,50,35
-25,51,37
-21,49,34
-22,46,30
-28,46,37
-25,46,44
-25,47,47
-25,47,46
-24,47,42
-24,45,38
-24,44,36
-20,39,41
-14,33,46
1,28,51
5,27,53
-6,25,49
-16,28,47
-18,30,48
-3,28,55
1,30,55
-11,34,45
-21,39,41
-5,38,50
1,37,56
0,40,54
2,42,51
5,43,53
7,43,55
17,43,61
20,42,64
9,43,59
-6,51,54
-7,54,47
-11,55,29
-12,54,24
-4,51,20
0,50,23
10,45,27
13,44,30
12,43,35
13,44,37
16,47,40
13,48,41
8,50,43
4,52,39
4,50,39
7,48,42
6,49,41
4,50,39
7,50,40
8,46,46
5,46,45
2,47,39
4,45,40
5,47,42
5,45,43
3,45,41
3,45,37
3,47,38
3,48,41
4,51,42
-4,54,38
-7,54,35
-9,52,33
-8,55,35
-6,57,38
-14,57,38
-16,55,36
-14,53,42
-10,54,41
-12,49,30
-14,47,25
-9,45,33
-6,46,37
-15,43,37
-24,43,33
-33,49,34
-29,50,32
-33,53,22
-38,54,13
-37,55,7
-38,55,8
-38,53,13
-37,50,17
-37,49,17
-40,47,16
-40,46,14
-41,43,16
-40,44,21
-41,44,18
-44,45,19
-40,45,20
-35,46,17
-31,47,17
-26,52,24
-28,53,30
-35,55,34
-38,55,30
-43,58,27
-42,56,24
-42,53,19
-40,51,19
-37,48,22
-35,47,27
-34,47,29
-34,48,31
-35,48,30
-38,47,28
-37,46,26
-33,44,26
-31,43,27
-31,46,30
-33,47,31
-39,46,29
-40,44,28
-39,41,26
-33,40,27
-32,41,28
-33,43,30
-36,45,30
-40,48,28
-42,48,27
-40,47,24
-38,47,23
-35,46,24
-35,45,24
-39,45,25
-41,44,26
-41,44,27
-38,44,26
-37,45,26
-37,45,23
-38,46,22
-40,46,21
-41,46,22
-42,45,22
-43,45,22
-43,44,22
-42,44,22
-40,44,23
-39,45,23
-39,45,22
-40,46,22
-40,46,21
-41,46,21
-40,46,21
-40,46,22
-41,46,22
-41,46,22
-40,46,21
-40,47,20
-40,48,19
-40,48,19
-41,48,18
-42,48,18
-41,47,18
-39,47,19
-38,47,20
-38,46,21
-41,46,20
-41,47,20
-40,47,19
-40,47,20
-38,47,19
-38,48,19
-38,48,19
-38,49,19
-38,49,19
-37,50,18
-36,50,18
-37,50,19
-37,50,18
-38,50,19
-37,50,19
-36,50,19
-36,52,18
-37,52,17
-37,52,16
-37,52,17
-37,51,17
-37,51,17
-37,51,17
-36,51,17
-35,52,18
-35,53,19
-36,53,20
-37,52,21
-37,51,22
-37,51,22
-33,50,25
-32,48,24
-37,48,22
-40,48,21
-39,47,22
-37,47,28
-35,47,30
-35,45,29
-35,44,28
-36,46,25
-36,48,22
-35,47,19
-33,47,19
-33,47,21
-29,48,27
-28,50,29
-32,53,27
-38,53,26
-42,51,26
-43,50,24
-40,49,25
-37,48,26
-32,48,28
-31,48,30
-31,46,30
-30,46,30
-29,46,30
-27,47,30
-27,47,31
-25,47,32
-27,46,31
-27,46,32
-27,45,32
-23,44,34
-20,44,35
-22,42,35
-23,43,33
-24,43,33
-25,45,33
-27,44,33
-30,44,32
-31,44,32
-34,39,31
-36,36,31
-37,30,32
-38,25,33
-38,20,30
-38,19,28
-39,18,23
-42,22,15
-48,24,8
-69,22,-14
-74,23,-18
-71,26,-12
-71,25,-5
-72,22,2
-71,21,2
-76,15,14
-79,10,19
-83,-1,14
-76,-5,12
-69,-11,19
-70,-18,20
-74,-19,17
-82,-21,12
-75,-24,8
-41,-15,20
-26,-23,35
-19,-28,45
-25,-29,46
-4,-20,50
-8,-26,22
-6,-29,41
-18,-55,42
-14,-52,48
-8,-52,46
-11,-50,45
-16,-35,59
-22,-44,59
-23,-37,58
-30,-55,52
-5,-11,63
-10,-39,52
-9,-35,50
-2,-40,48
1,-30,45
-7,-32,39
-8,-42,39
-25,-45,42
-27,-46,39
-31,-48,42
-31,-47,44
-26,-44,47
-24,-44,47
-19,-42,47
-16,-42,45
-16,-43,46
-23,-44,47
-27,-42,46
-28,-36,44
-27,-32,44
-24,-29,43
-22,-29,43
-24,-32,45
-27,-34,47
-31,-38,52
-33,-39,53
-32,-37,52
-31,-35,50
-26,-31,48
-23,-30,48
-23,-30,48
-25,-33,48
-26,-34,48
-26,-35,47
-24,-34,48
-23,-34,48
-22,-34,48
-22,-34,48
-23,-34,48
-25,-35,47
-25,-35,48
-24,-36,49
-23,-36,50
-22,-36,50
-22,-35,51
-22,-35,51
-22,-33,51
-22,-32,51
-22,-32,49
-22,-32,49
-22,-32,47
-22,-33,46
-20,-34,47
-20,-35,49
-20,-36,50
-21,-36,49
-21,-36,49
-22,-35,49
-22,-35,49
-23,-35,48
-23,-36,48
-23,-36,47
-23,-37,47
-23,-38,46
-23,-38,46
-23,-39,46
-24,-39,46
-24,-39,45
-25,-38,45
-26,-38,45
-25,-37,47
-25,-36,46
-25,-35,46
-25,-35,45
-27,-36,44
-28,-37,44
-30,-38,45
-31,-38,47
-31,-39,47
-30,-39,47
-30,-39,46
-31,-38,46
-31,-37,45
-31,-35,44
-30,-34,45
-31,-34,46
-31,-35,46
-29,-35,47
-28,-36,46
-28,-36,46
-26,-39,44
-24,-39,43
-22,-41,40
-22,-41,40
-22,-42,42
-22,-43,43
-23,-44,44
-23,-45,44
-23,-45,41
-23,-45,40
-22,-44,37
-22,-43,37
-23,-42,38
-23,-42,39
-24,-43,39
-25,-44,40
-25,-45,40
-27,-47,40
-28,-48,40
-28,-47,41
-28,-46,42
-26,-43,43
-26,-42,43
-25,-41,44
-27,-41,45
-28,-40,45
-27,-38,45
-26,-38,47
-23,-41,50
-21,-42,51
-18,-43,49
-18,-43,47
-17,-41,43
-17,-40,42
-16,-38,40
-17,-38,41
-19,-39,48
-23,-42,55
-27,-43,56
-32,-39,51
-30,-35,46
-24,-28,41
-20,-26,41
-16,-27,44
-16,-31,45
-19,-40,49
-21,-44,51
-26,-47,50
-25,-43,48
-23,-39,47
-19,-33,46
-17,-31,45
-17,-33,46
-18,-35,46
-23,-41,47
-24,-42,47
-26,-41,47
-25,-40,47
-24,-37,46
-23,-35,46
-24,-35,47
-26,-37,47
-27,-38,47
-28,-39,46
-28,-39,46
-25,-38,44
-24,-38,44
-24,-36,45
-24,-36,46
-26,-37,48
-26,-37,48
-27,-38,48
-26,-38,47
-25,-37,46
-24,-36,47
-24,-36,48
-23,-35,48
-24,-35,47
-25,-36,46
-25,-36,46
-26,-37,46
-26,-38,47
-24,-36,47
-24,-36,47
-24,-36,47
-24,-36,46
-25,-37,46
-25,-37,47
-25,-37,47
-24,-36,48
-24,-36,48
-25,-35,47
-25,-35,47
-25,-35,48
-24,-36,48
-24,-35,48
-24,-35,48
-24,-35,48
-25,-35,48
-25,-35,48
-26,-35,47
-26,-35,47
-25,-35,47
-25,-35,47
-26,-35,46
-26,-35,46
-27,-35,46
-27,-35,47
-28,-35,47
-28,-35,47
-29,-35,46
-30,-35,46
-30,-35,46
-31,-35,45
-31,-34,45
-32,-34,45
-33,-34,45
-33,-34,45
-33,-34,44
-34,-34,44
-34,-33,44
-34,-33,44
-34,-33,44
-35,-34,44
-35,-35,44
-35,-35,43
-34,-34,42
-34,-34,42
-34,-34,43
-35,-34,43
-35,-34,43
-36,-35,44
-36,-35,43
-35,-35,42
-35,-34,42
-35,-34,42
-35,-34,42
-36,-34,42
-36,-34,42
-35,-34,42
-35,-34,42
-35,-34,42
-35,-34,43
-35,-34,43
-35,-35,43
-35,-35,43
-35,-34,42
-35,-34,42
-34,-34,43
-35,-34,42
-35,-34,42
-35,-34,42
-34,-34,42
-34,-34,43
-35,-34,43
-35,-35,43
-35,-34,42
-34,-34,42
-33,-33,43
-33,-34,44
-33,-34,44
-34,-35,43
-34,-36,43
-35,-36,42
-35,-36,42
-34,-35,42
-34,-35,42
-35,-35,42
-35,-35,42
-35,-35,41
-35,-35,41
-34,-35,41
-33,-36,42
-33,-36,42
-33,-36,44
-33,-36,44
-34,-36,44
-35,-36,43
-35,-35,43
-34,-34,43
-34,-34,42
-34,-34,43
-35,-35,42
-35,-35,42
-34,-35,42
-33,-35,43
-32,-35,44
-32,-35,43
-32,-35,43
-31,-35,43
-31,-35,44
-32,-36,45
-33,-36,45
-34,-35,44
-34,-35,43
-34,-35,43
-35,-35,43
-34,-35,43
-33,-35,43
-32,-35,42
-31,-36,42
-31,-36,43
-31,-36,44
-31,-36,45
-31,-36,46
-31,-36,46
-32,-36,45
-32,-36,45
-33,-36,44
-32,-35,43
-32,-35,44
-32,-35,44
-32,-34,44
-30,-35,45
-30,-35,45
-30,-36,45
-30,-37,45
-30,-37,46
-30,-37,46
-30,-38,46
-30,-38,46
-30,-37,45
-29,-35,44
-29,-34,43
-28,-32,45
-27,-32,46
-26,-33,49
-26,-35,49
-26,-38,50
-26,-39,49
-25,-39,47
-23,-39,45
-22,-39,45
-21,-37,46
-22,-36,47
-23,-35,48
-23,-35,48
-22,-36,50
-22,-37,50
-22,-37,49
-22,-37,49
-22,-35,48
-22,-34,48
-22,-33,49
-21,-34,49
-21,-35,49
-20,-37,49
-20,-38,49
-20,-38,48
-21,-38,48
-21,-38,48
-20,-38,48
-20,-38,48
-21,-39,48
-22,-38,48
-23,-37,47
-22,-36,47
-21,-35,48
-21,-36,48
-22,-37,49
-23,-38,49
-24,-38,48
-24,-37,48
-24,-36,47
-24,-35,47
-24,-36,47
-24,-36,47
-25,-37,48
-26,-37,48
-27,-37,49
-28,-37,49
-29,-38,48
-31,-38,46
-31,-38,44
-31,-39,42
-30,-39,41
-29,-38,41
-28,-37,41
-26,-34,41
-25,-33,43
-23,-31,53
-23,-31,60
-25,-34,64
-27,-37,58
-28,-38,53
-26,-37,44
-23,-36,42
-17,-35,42
-15,-34,43
-19,-34,47
-25,-35,48
-35,-39,48
-37,-38,47
-38,-32,45
-31,-24,47
-26,-22,50
-20,-23,59
-21,-27,63
-27,-37,60
-30,-39,54
-31,-40,41
-28,-38,38
-22,-37,39
-21,-36,41
-20,-36,47
-21,-36,48
-24,-37,48
-28,-39,48
-29,-39,49
-29,-36,50
-28,-35,50
-26,-34,50
-25,-33,50
-26,-31,48
-27,-31,47
-30,-31,47
-30,-31,47
-31,-29,48
-31,-28,49
-32,-28,50
-32,-29,49
-32,-30,49
-33,-30,48
-34,-30,49
-33,-30,50
-33,-30,50
-34,-29,50
-34,-28,50
-34,-28,48
-35,-28,47
-35,-29,46
-35,-31,45
-35,-32,44
-35,-33,43
-34,-34,43
-33,-34,45
-32,-34,45
-31,-35,46
-31,-35,46
-31,-35,47
-30,-35,47
-30,-35,49
-29,-35,50
-28,-35,51
-27,-34,51
-26,-33,50
-24,-32,50
-24,-32,49
-25,-31,49
-25,-30,49
-26,-30,50
-25,-29,51
-26,-29,52
-26,-30,52
-26,-31,52
-26,-32,52
-25,-32,53
-24,-31,53
-24,-32,52
-26,-32,47
-25,-33,45
-26,-34,45
-25,-34,46
-25,-35,48
-25,-35,50
-25,-35,52
-25,-35,53
-26,-35,52
-27,-34,51
-27,-34,50
-27,-34,51
-26,-33,51
-25,-30,51
-25,-30,51
-25,-29,50
-25,-30,50
-27,-31,49
-27,-31,50
-27,-32,51
-26,-32,51
-25,-32,51
-26,-34,51
-25,-34,52
-24,-37,51
-28,-40,51
-10,-59,53
-13,-53,56
8,-33,50
-18,-29,56
-26,-42,40
-41,-26,45
-52,-12,46
-52,-7,50
-52,-5,51
-48,-3,56
-44,-2,58
-43,2,57
-38,1,55
-30,3,52
-27,4,48
-23,7,45
-22,10,47
-20,19,53
-14,11,53
-12,3,39
-33,-21,60
-36,-20,69
-33,-3,70
-34,-1,62
-29,-1,55
-25,-2,58
-28,-5,62
-30,-5,64
-31,-6,63
-31,-6,61
-29,-1,57
-29,1,56
-25,4,55
-23,9,55
-21,11,54
-19,11,56
-22,8,58
-26,-9,38
-22,-20,53
-25,-9,72
-25,-4,69
-28,-1,57
-27,-3,57
-22,-5,62
-27,-6,62
-29,-5,61
-30,-5,58
-29,-5,57
-27,-6,58
-26,-6,58
-27,-5,58
-28,-6,57
-28,-5,58
-27,-6,58
-28,-6,58
-28,-6,58
-29,-6,59
-30,-6,60
-31,-6,61
-30,-7,63
-28,-8,67
-23,-9,69
-18,-10,67
-20,-3,67
-23,-1,65
-16,6,72
-14,6,70
-20,4,54
-33,9,39
-38,9,36
-49,7,23
-50,6,17
-59,3,-3
-64,2,-10
-61,4,-20
-59,8,-24
-59,8,-34
-59,9,-35
-56,11,-35
-54,14,-34
-55,17,-29
-50,21,-24
-50,22,-26
-49,22,-35
-48,25,-28
-48,22,-37
-53,22,-44
-50,24,-44
-46,27,-40
-46,23,-45
-47,21,-46
-47,20,-45
-47,18,-45
-47,9,-50
-46,3,-48
-45,3,-43
-44,4,-34
-43,5,-30
-46,10,-31
-48,12,-34
-51,16,-45
-51,17,-50
-49,19,-57
-47,19,-58
-44,16,-53
-43,12,-46
-43,10,-44
-45,11,-42
-49,12,-45
-56,17,-43
-58,20,-40
-63,24,-37
-65,27,-33
-57,28,-25
-54,28,-25
-58,28,-20
-57,28,-11
-54,27,2
-48,21,11
-46,19,18
-40,17,27
-39,17,29
-48,9,29
-48,8,30
-34,11,35
-30,6,36
-29,-3,36
-22,-7,39
-8,-16,44
-33,-28,51
-96,-39,36
-62,-5,36
-62,9,36
-64,-1,27
-61,-3,31
-72,-12,27
-74,-14,23
-68,-11,25
-59,-11,30
-46,-10,33
-46,-8,32
-45,-9,31
-45,-12,29
-49,-17,25
-58,-18,21
-65,-15,19
-70,-7,15
-72,-4,11
-73,2,11
-69,3,14
-58,-2,25
-54,-5,29
-53,-7,29
-55,-9,25
-62,-11,19
-70,-11,12
-71,-11,11
-66,-11,14
-65,-9,15
-62,-8,17
-62,-7,18
-62,-8,18
-62,-8,18
-63,-9,17
-62,-10,17
-64,-10,16
-64,-10,16
-63,-10,17
-62,-10,17
-63,-9,17
-63,-9,17
-63,-8,17
-63,-9,17
-63,-9,17
-62,-9,17
-63,-9,16
-62,-8,18
-63,-9,17
-62,-9,18
-62,-10,17
-63,-10,17
-62,-10,18
-62,-10,18
-62,-10,18
-62,-10,18
-62,-10,18
-63,-10,18
-63,-10,18
-62,-10,18
-62,-9,18
-62,-10,18
-62,-9,18
-62,-9,18
-63,-10,18
-63,-10,18
-63,-10,18
-63,-9,19
-63,-9,19
-63,-9,19
-62,-10,18
-62,-10,18
-61,-10,18
-62,-9,18
-62,-9,18
-61,-10,19
-62,-10,19
-62,-10,19
-62,-10,19
-62,-10,19
-62,-10,19
-62,-10,19
-62,-10,19
-61,-10,18
-61,-11,18
-62,-10,18
-62,-10,19
-62,-9,20
-63,-10,20
-63,-10,20
-63,-9,20
-61,-10,20
-61,-10,19
-61,-11,18
-61,-11,18
-62,-10,19
-62,-10,19
-62,-8,20
-62,-9,20
-62,-10,21
-62,-10,20
-62,-10,20
-61,-9,20
-61,-9,21
-61,-10,21
-61,-10,21
-61,-10,20
-61,-10,20
-61,-9,19
-60,-9,20
-60,-9,20
-62,-9,20
-62,-9,20
-63,-9,20
-62,-10,20
-62,-9,20
-61,-10,20
-62,-9,21
-62,-9,21
-62,-9,21
-62,-9,21
-62,-9,21
-62,-9,21
-61,-9,21
-61,-8,21
-61,-8,21
-61,-8,21
-61,-9,21
-61,-9,21
-61,-9,21
-61,-9,21
-61,-9,21
-61,-9,21
-61,-9,21
-61,-9,21
-61,-9,21
-61,-9,21
-61,-9,21
-61,-9,21
-61,-9,22
-61,-9,22
-60,-9,21
-60,-9,21
-61,-8,21
-62,-8,21
-63,-8,22
-62,-8,21
-60,-10,20
-60,-10,20
-59,-10,21
-61,-9,22
-62,-9,22
-62,-8,21
-62,-8,21
-61,-9,21
-61,-10,21
-61,-10,21
-61,-9,21
-62,-8,22
-62,-9,22
-61,-8,20
-61,-8,19
-61,-8,20
-62,-9,21
-62,-9,22
-62,-10,22
-62,-9,22
-63,-8,21
-62,-8,21
-60,-9,20
-58,-10,19
-59,-10,20
-63,-9,21
-63,-9,21
-62,-9,21
-61,-9,21
-61,-10,21
-61,-10,21
-62,-10,20
-62,-10,20
-62,-9,20
-62,-8,20
-62,-8,20
-61,-8,20
-60,-9,20
-60,-10,21
-61,-10,21
-62,-10,20
-62,-9,21
-62,-9,21
-62,-9,21
-61,-9,20
-61,-9,21
-61,-9,21
-61,-10,21
-62,-9,21
-62,-8,21
-62,-8,21
-62,-9,21
-61,-10,21
-61,-10,21
-61,-9,21
-60,-9,21
-59,-9,21
-59,-9,22
-59,-10,22
-61,-10,21
-62,-10,20
-62,-10,20
-62,-9,21
-62,-8,20
-62,-8,20
-62,-8,20
-62,-9,20
-62,-10,20
-62,-10,20
-61,-10,20
-60,-10,20
-61,-10,20
-62,-10,21
-62,-10,20
-61,-9,20
-61,-8,21
-61,-9,21
-62,-9,21
-61,-9,20
-60,-9,20
-61,-10,20
-61,-10,20
-62,-9,20
-63,-8,20
-63,-8,20
-63,-8,20
-63,-8,20
-62,-9,20
-61,-10,19
-61,-10,19
-61,-11,20
-61,-10,20
-62,-10,20
-62,-10,20
-62,-9,20
-62,-9,21
-62,-8,20
-61,-8,20
-61,-9,20
-61,-10,20
-61,-10,19
-62,-10,20
-63,-10,20
-63,-10,21
-62,-10,21
-62,-10,21
-61,-10,21
-61,-10,21
-61,-10,20
-61,-10,21
-62,-9,21
-62,-9,21
-62,-8,21
-62,-9,20
-62,-10,18
-62,-10,17
-61,-9,18
-60,-10,19
-61,-11,19
-61,-11,20
-62,-12,19
-61,-12,20
-62,-13,20
-62,-14,19
-61,-14,20
-61,-12,19
-61,-11,19
-62,-8,20
-63,-7,20
-63,-6,19
-62,-6,19
-61,-7,19
-61,-8,19
-61,-9,19
-61,-10,19
-62,-11,21
-63,-11,21
-63,-10,20
-60,-10,20
-60,-11,20
-62,-11,20
-62,-11,20
-62,-10,19
-61,-10,20
-61,-9,19
-62,-8,19
-62,-8,20
-63,-9,20
-63,-8,20
-61,-9,20
-61,-9,20
-61,-9,20
-62,-10,19
-62,-10,19
-62,-10,19
-62,-10,18
-61,-11,18
-62,-10,18
-63,-10,19
-63,-10,21
-63,-9,22
-63,-9,21
-61,-10,20
-61,-10,20
-62,-10,18
-62,-10,18
-61,-10,20
-60,-10,20
-59,-10,18
-60,-11,18
-62,-11,20
-63,-11,20
-63,-11,20
-61,-10,21
-59,-9,21
-60,-8,21
-61,-8,22
-64,-10,20
-64,-11,19
-62,-11,19
-60,-10,19
-61,-9,19
-61,-9,19
-63,-10,20
-64,-10,20
-63,-10,20
-61,-10,21
-60,-10,21
-58,-8,20
-58,-7,21
-61,-7,23
-62,-8,24
-65,-10,21
-64,-12,19
-60,-11,18
-59,-10,19
-60,-10,19
-64,-10,19
-64,-10,19
-63,-10,19
-62,-9,20
-61,-8,20
-60,-8,20
-62,-8,21
-62,-8,21
-63,-10,20
-62,-10,19
-61,-10,19
-61,-10,19
-62,-10,19
-63,-9,20
-62,-9,19
-62,-8,20
-62,-8,20
-63,-8,20
-63,-9,20
-62,-9,19
-62,-10,20
-61,-10,20
-61,-10,19
-60,-10,20
-61,-10,21
-61,-10,21
-61,-8,22
-62,-7,22
-62,-7,22
-62,-8,21
-62,-9,20
-62,-9,20
-60,-9,20
-61,-10,20
-61,-10,20
-61,-10,20
-62,-10,20
-62,-10,21
-61,-9,21
-62,-9,21
-61,-9,21
-61,-9,21
-61,-9,21
-60,-9,20
-60,-9,20
-61,-9,20
-62,-10,20
-63,-9,22
-63,-9,22
-62,-9,22
-61,-10,21
-61,-10,21
-61,-9,20
-61,-8,20
-61,-8,21
-61,-9,21
-61,-9,20
-62,-9,20
-61,-9,20
-61,-9,20
-61,-10,20
-62,-9,21
-62,-9,21
-62,-9,21
-62,-9,21
-62,-9,21
-61,-9,21
-61,-9,20
-61,-9,20
-62,-9,20
-62,-9,20
-61,-9,20
-61,-9,20
-62,-9,20
-63,-10,19
-70,-13,16
-81,-23,7
-95,-27,5
-57,-44,20
-35,-32,24
-25,-31,33
-16,-18,32
17,-22,72
-25,-27,56
-45,-4,45
-63,7,31
-73,9,25
-77,19,32
-78,15,28
-54,7,44
-38,4,49
-46,0,37
-46,-2,32
-39,-28,72
-44,-24,69
-62,-18,18
-62,-23,12
-39,-35,52
-39,-28,67
-49,-29,52
-24,-21,56
-28,-21,51
-28,-24,47
-22,-26,51
-25,-28,50
-20,-30,51
-23,-29,61
-20,-30,55
-16,-31,59
-10,-30,54
-22,-35,56
-14,-28,60
-10,-26,63
-4,-15,61
6,-20,40
0,-32,45
-65,-50,24
-38,-47,48
-26,-51,46
-42,-53,34
-46,-52,42
-35,-51,62
-21,-46,72
-22,-44,72
-27,-36,71
-30,-35,73
-31,-21,63
-29,-24,61
-32,-14,55
-32,-10,39
-28,8,20
-18,17,17
-38,29,-13
-44,33,-17
-40,37,-12
-39,36,-5
-42,34,-6
-67,28,-21
-66,22,-8
-60,17,7
-59,13,6
-66,8,-8
-70,6,-15
-79,7,-19
-74,8,-18
-76,9,-6
-85,11,-2
-80,11,-4
-61,10,-1
-63,9,-4
-59,13,-13
-61,14,-14
-62,14,-8
-64,15,-9
-65,17,-12
-66,14,-6
-63,13,-3
-62,15,-7
-63,16,-10
-61,16,-9
-60,16,-7
-61,14,-5
-65,17,-10
-64,18,-15
-64,18,-13
-63,18,-12
-59,16,-10
-59,11,-12
-58,12,-12
-65,14,-14
-62,13,-14
-62,13,-11
-61,14,-7
-61,13,-8
-65,13,-14
-63,11,-14
-64,15,-12
-58,13,-11
-61,14,-11
-61,13,-12
-66,16,-14
-64,15,-10
-66,14,-6
-66,13,-5
-65,11,-4
-65,11,-9
-64,11,-7
-62,10,-6
-63,10,-6
-64,11,-6
-64,11,-5
-65,11,-4
-63,11,-6
-63,11,-8
-61,11,-7
-66,10,-7
-65,10,-5
-64,10,-6
-64,10,-5
-64,10,-5
-63,10,-3
-63,10,-4
-67,11,-5
-68,11,-5
-67,15,-8
-64,16,-2
-63,14,1
-57,9,5
-55,7,8
-66,5,5
-65,4,4
-65,4,3
-61,6,4
-60,6,7
-68,10,-2
-68,13,-3
-66,14,0
-66,14,5
-64,13,8
-62,11,8
-62,11,9
-63,9,11
-61,11,8
-61,11,7
-63,11,8
-63,11,9
-60,11,9
-64,12,7
-67,13,5
-68,13,7
-64,15,8
-62,16,8
-63,14,3
-65,14,0
-62,14,-2
-58,13,-6
-62,11,-9
-61,11,-10
-62,11,-10
-62,10,-9
-60,9,-7
-61,11,-9
-66,11,-13
-66,14,-12
-61,15,-12
-61,15,-13
-59,16,-12
-60,16,-11
-61,15,-9
-61,16,-9
-64,15,-9
-65,15,-10
-62,15,-11
-62,15,-11
-63,15,-13
-62,15,-12
-63,15,-11
-62,14,-11
-62,14,-11
-61,14,-11
-61,14,-11
-62,14,-11
-61,14,-10
-62,14,-11
-62,14,-12
-61,14,-12
-61,14,-12
-62,13,-12
-62,13,-12
-63,13,-9
-63,13,-10
-64,14,-11
-62,14,-11
-61,14,-11
-63,14,-11
-62,13,-11
-63,13,-11
-63,13,-11
-62,13,-10
-63,12,-9
-63,12,-10
-62,12,-11
-63,13,-11
-63,13,-10
-63,13,-10
-62,13,-11
-63,12,-11
-63,12,-10
-63,13,-10
-63,13,-10
-63,13,-10
-63,13,-10
-63,12,-10
-63,13,-10
-63,13,-10
-62,13,-10
-62,12,-10
-62,13,-10
-63,13,-10
-63,13,-9
-63,13,-9
-63,13,-9
-63,13,-9
-62,13,-9
-63,13,-10
-62,13,-9
-63,13,-9
-63,13,-9
-63,13,-9
-63,13,-9
-63,13,-9
-63,13,-9
-62,13,-9
-62,13,-9
-63,13,-9
-63,13,-9
-63,13,-9
-63,13,-9
-63,13,-9
-62,13,-9
-63,13,-9
-63,13,-9
-63,13,-9
-63,13,-9
-63,13,-9
-63,13,-9
-63,13,-9
-63,13,-9
-62,13,-8
-62,13,-8
-62,13,-8
-63,13,-8
-63,13,-9
-63,13,-8
-63,13,-9
-63,13,-8
-63,13,-8
-63,13,-8
-62,13,-8
-63,13,-8
-63,13,-8
-63,13,-8
-63,13,-8
-63,13,-8
-63,13,-8
-63,13,-8
-63,13,-8
-63,13,-8
-63,13,-8
-63,13,-8
-63,13,-8
-63,13,-7
-65,15,-7
-66,14,-7
-65,15,-8
-64,15,-7
-63,14,-5
-64,15,-7
-64,15,-8
-63,15,-8
-62,16,-8
-62,15,-9
-63,15,-9
-58,15,-4
-59,14,-6
-62,13,-7
-63,13,-6
-63,14,-2
-64,13,-2
-65,13,-2
-64,14,-2
-65,14,-3
-63,13,-4
-62,12,-4
-62,11,-4
-62,11,-4
-62,12,-2
-62,12,-2
-63,13,-3
-64,13,-4
-64,14,-4
-64,13,-4
-63,13,-3
-63,13,-3
-63,13,-3
-64,13,-4
-63,13,-3
-63,13,-3
-63,13,-4
-63,13,-3
-63,13,-3
-63,13,-4
-62,14,-4
-62,13,-3
-63,13,-2
-61,12,-2
-63,12,-2
-67,12,-4
-63,13,-3
-61,14,-3
-63,13,-5
-63,13,-5
-64,15,-4
-64,14,-6
-64,14,-5
-63,14,-5
-63,15,-5
-64,14,-7
-64,15,-7
-63,15,-7
-63,14,-7
-63,15,-7
-63,15,-7
-62,14,-7
-62,14,-7
-63,15,-8
-62,15,-8
-62,14,-9
-62,14,-7
-62,15,-7
-63,15,-7
-63,15,-7
-63,15,-7
-63,15,-8
-63,15,-8
-63,15,-8
-62,14,-7
-62,15,-8
-62,15,-8
-62,15,-8
-62,15,-8
-63,15,-7
-63,15,-8
-63,15,-8
-63,15,-8
-63,15,-7
-62,15,-8
-62,15,-8
-63,15,-8
-62,15,-7
-62,15,-7
-62,15,-7
-62,15,-7
-62,15,-7
-62,15,-7
-63,15,-7
-62,15,-7
-63,15,-8
-63,15,-8
-63,15,-7
-63,15,-7
-63,15,-7
-63,15,-7
-63,15,-7
-64,16,-6
-64,16,-6
-65,17,-7
-66,20,-4
-69,18,-2
-63,17,-5
-63,18,-6
-65,19,-6
-64,19,-6
-59,19,-4
-59,19,-4
-60,19,-7
-58,17,-4
-55,18,-1
-60,17,-3
-62,16,-5
-60,17,-1
-60,17,0
-63,18,0
-62,18,3
-62,17,2
-61,17,2
-64,18,-1
-61,18,-1
-55,17,0
-58,14,-4
-58,15,-4
-61,16,-6
-62,16,-7
-61,15,-6
-63,16,-6
-65,17,-8
-65,17,-7
-68,17,-7
-67,17,-8
-66,18,-8
-65,17,-7
-65,15,-7
-64,14,-5
-65,14,-6
-63,13,-6
-63,13,-6
-62,13,-6
-63,13,-6
-63,12,-7
-63,12,-6
-64,13,-5
-60,13,-4
-60,11,-5
-68,13,-7
-70,12,-5
-66,13,-5
-63,12,-5
-61,12,-6
-62,12,-7
-61,12,-7
-63,12,-7
-61,12,-6
-58,10,-2
-62,11,-4
-66,11,-7
-63,11,-4
-63,9,-7
-63,8,-8
-60,10,-9
-59,11,-10
-62,12,-12
-65,12,-13
-66,13,-11
-65,13,-11
-64,12,-11
-62,12,-10
-64,12,-12
-63,11,-15
-61,11,-14
-61,11,-14
-62,11,-15
-62,11,-15
-62,12,-14
-64,13,-15
-64,13,-14
-63,12,-14
-63,13,-15
-62,12,-14
-62,12,-14
-61,12,-14
-62,12,-14
-62,12,-14
-62,12,-14
-63,12,-14
-61,12,-13
-60,12,-13
-61,12,-14
-62,12,-15
-66,13,-16
-65,12,-15
-61,12,-13
-61,12,-14
-62,12,-14
-63,12,-13
-62,12,-12
-62,12,-12
-62,12,-13
-63,12,-12
-62,12,-12
-62,12,-12
-62,12,-12
-63,12,-12
-62,12,-12
-62,12,-12
-63,12,-12
-63,12,-12
-62,13,-12
-63,12,-12
-62,12,-12
-62,12,-12
-63,12,-11
-62,12,-11
-62,12,-11
-62,12,-11
-63,12,-11
-63,12,-11
-63,12,-11
-62,12,-11
-63,12,-11
-63,12,-11
-62,12,-11
-62,12,-11
-62,12,-11
-63,12,-11
-63,12,-11
-63,12,-11
-62,12,-11
-62,12,-11
-62,12,-11
-63,12,-11
-63,12,-11
-63,12,-11
-63,12,-11
-63,12,-11
-65,13,-12
-65,12,-12
-64,12,-9
-63,12,-9
-64,13,-9
-63,13,-8
-63,13,-7
-62,13,-6
-62,13,-6
-62,13,-6
-62,14,-6
-63,14,-6
-63,14,-6
-62,14,-5
-63,15,-5
-63,14,-4
-63,14,-3
-63,15,-3
-64,15,-2
-64,15,-2
-64,14,-1
-63,14,-1
-63,14,0
-63,13,0
-64,14,-1
-64,14,0
-63,13,1
-64,14,0
-64,14,0
-63,14,0
-64,14,0
-63,13,1
-63,13,2
-63,13,2
-63,13,1
-63,13,1
-63,13,1
-63,13,1
-63,13,1
-63,13,1
-63,13,1
-64,13,1
-64,13,1
-64,13,2
-64,13,1
-64,13,1
-64,13,1
-64,13,1
-64,13,2
-64,13,2
-64,13,1
-64,13,1
-64,13,2
-64,13,2
-64,13,2
-64,12,2
-64,13,2
-64,12,3
-63,13,3
-64,12,2
-64,13,3
-64,13,2
-64,12,2
-63,13,3
-63,13,3
-63,13,3
-63,13,2
-64,13,3
-63,13,3
-63,13,3
-64,13,3
-64,13,3
-64,13,3
-64,13,3
-63,13,3
-63,13,3
-63,13,3
-64,13,3
-64,13,2
-64,13,2
-63,13,3
-63,13,3
-63,13,3
-64,13,3
-64,13,3
-64,13,3
-63,13,2
-63,13,3
-64,13,3
-64,13,3
-63,13,2
-63,13,3
-64,13,3
-63,13,3
-64,13,3
-63,13,3
-64,13,3
-63,13,3
-63,13,3
-63,13,3
-63,13,4
-63,13,3
-63,13,3
-64,14,2
-63,14,2
-63,14,3
-63,14,3
-64,14,3
-64,14,3
-63,14,2
-63,14,3
-64,14,3
-63,13,3
-65,14,2
-65,14,1
-63,14,3
-63,13,4
-61,13,4
-64,13,3
-64,13,3
-64,15,2
-63,14,3
-63,13,4
-65,14,2
-63,14,3
-63,14,4
-64,14,4
-63,14,3
-63,13,3
-63,13,3
-64,13,3
-63,13,3
-63,13,3
-63,13,3
-63,14,3
-64,13,3
-63,13,3
-63,13,3
-63,13,3
-63,13,3
-64,13,3
-63,13,3
-63,13,3
-63,13,3
-63,13,3
-64,13,3
-63,13,3
-64,13,3
-64,13,3
-63,13,3
-64,13,3
-64,13,3
-64,13,2
-64,13,2
-64,13,2
-64,13,2
-64,13,2
-64,13,2
-64,13,2
-64,13,2
-63,13,2
-64,13,2
-64,13,2
-63,13,3
-63,13,3
-64,13,2
-64,13,3
-64,13,2
-63,13,3
-64,13,3
-63,13,3
-63,13,3
-64,13,3
-64,13,3
-63,13,3
-64,13,3
-64,13,3
-64,13,3
-64,13,3
-63,13,3
-63,13,3
-64,13,3
-64,13,3
-63,13,3
-64,13,4
-64,13,3
-63,13,3
-63,13,3
-64,13,3
-64,13,4
-64,13,3
-63,14,3
-64,13,3
-64,13,4
-63,13,4
-63,13,4
-63,13,4
-63,13,4
-63,13,4
-63,13,4
-63,13,4
-63,13,4
-63,13,4
-63,13,3
-63,14,3
-64,14,3
-64,14,3
-62,14,5
-62,13,4
-63,13,3
-63,14,3
-64,14,3
-63,14,3
-64,14,3
-64,13,4
-65,13,3
-64,14,2
-62,13,4
-63,13,4
-63,13,4
-63,13,4
-63,13,4
-64,13,3
-64,13,4
-64,13,3
-63,13,4
-63,13,4
-63,13,4
-64,13,4
-64,13,4
-64,13,3
-64,13,3
-63,13,3
-63,14,3
-63,13,3
-64,13,3
-64,14,3
-64,14,4
-63,14,3
-63,13,3
-63,13,3
-63,13,3
-63,13,3
-63,13,3
-63,13,4
-63,13,4
-64,14,4
-64,14,3
-64,14,4
-64,14,4
-63,13,3
-62,13,5
-63,13,4
-63,14,4
-63,13,4
-63,14,5
-64,14,5
-64,14,3
-63,14,3
-63,14,4
-63,13,4
-64,13,3
-63,14,3
-63,14,4
-63,14,4
-63,14,3
-64,14,3
-64,14,3
-64,14,3
-63,14,3
-63,13,3
-63,13,3
-63,14,3
-63,14,3
-63,14,3
-63,14,2
-63,14,2
-64,13,2
-64,13,2
-64,13,2
-64,13,2
-63,13,2
-64,13,2
-64,14,2
-63,14,2
-63,13,2
-64,14,2
-63,13,2
-63,13,2
-62,14,5
-69,12,-3
-66,15,-4
-55,11,8
-66,13,3
-65,16,3
-64,16,3
-65,16,3
-64,15,4
-63,13,3
-63,13,3
-63,12,2
-62,12,3
-60,12,4
-64,13,3
-65,14,3
-64,14,3
-65,15,3
-65,14,3
-64,14,3
-63,13,3
-63,13,3
-62,13,3
-63,13,3
-63,14,3
-64,14,2
-63,13,3
-63,14,3
-63,14,2
-65,15,2
-64,14,2
-64,14,2
-63,13,2
-63,13,2
-64,13,2
-64,13,2
-64,13,3
-65,14,2
-64,14,1
-63,13,2
-63,13,4
-64,13,4
-65,14,2
-63,14,2
-63,14,3
-63,14,3
-63,14,3
-64,14,3
-64,14,3
-63,14,2
-63,14,3
-63,13,3
-63,14,2
-64,14,2
-64,14,2
-64,14,2
-64,13,2
-63,13,3
-63,14,2
-63,13,2
-65,14,1
-64,14,0
-62,13,5
-64,13,3
-64,15,3
-63,14,2
-63,14,3
-63,14,3
-63,13,3
-63,13,3
-63,14,4
-64,14,3
-63,14,3
-64,13,3
-63,14,3
-64,14,3
-63,14,3
-63,14,3
-63,14,3
-64,14,3
-63,14,3
-63,14,3
-64,14,3
-63,14,3
-63,14,3
-64,13,2
-63,14,3
-63,14,3
-63,14,3
-63,14,3
-64,14,3
-64,14,3
-64,14,3
-63,14,3
-63,14,3
-63,14,3
-63,14,3
-63,14,3
-64,14,3
-63,14,3
-63,14,3
-63,14,3
-64,14,3
-64,14,3
-63,14,3
-63,14,3
-63,14,3
-63,14,3
-63,14,3
-63,14,3
-63,14,3
-63,14,2
-64,14,0
-64,14,1
-64,14,0
-64,14,0
-63,14,0
-63,14,0
-63,14,0
-63,14,0
-63,14,0
-64,14,0
-64,14,0
-63,14,0
-63,14,0
-63,14,0
-64,14,-1
-64,15,-1
-65,16,-1
-65,17,-1
-65,17,-3
-66,19,-4
-64,19,-2
-59,16,2
-64,13,2
-62,13,3
-62,13,2
-62,12,3
-67,12,1
-64,11,1
-62,11,0
-63,11,0
-63,12,0
-65,12,-2
-61,12,-3
-62,13,-3
-64,13,-5
-64,14,-7
-64,15,-6
-64,16,-6
-63,16,-6
-63,16,-6
-64,16,-6
-63,16,-5
-64,16,-5
-64,16,-6
-63,17,-6
-63,17,-5
-62,18,-5
-61,19,-4
-61,18,-2
-61,18,0
-61,18,0
-61,18,-1
-61,17,-2
-61,17,-1
-63,18,-1
-62,17,-1
-63,16,-1
-61,18,4
-63,18,3
-64,19,4
-61,20,7
-58,20,12
-60,20,11
-63,21,16
-58,21,20
-53,21,21
-57,22,21
-58,24,21
-59,24,22
-60,21,23
-65,20,13
-64,21,11
-63,21,9
-62,21,8
-63,22,4
-65,21,1
-63,22,1
-61,21,5
-60,20,7
-62,21,3
-67,22,8
-64,23,9
-63,25,7
-63,28,8
-61,28,6
-61,28,7
-59,27,9
-53,26,13
-53,23,12
-54,22,18
-56,23,14
-51,24,18
-50,23,22
-54,24,18
-52,26,21
-52,27,22
-53,26,25
-56,25,27
-55,26,25
-56,28,20
-52,25,26
-53,23,25
-56,24,22
-54,24,23
-52,25,23
-52,25,24
-54,25,24
-54,25,24
-54,26,23
-56,26,24
-53,26,24
-56,26,24
-55,26,23
-55,26,23
-55,25,23
-55,25,23
-55,25,24
-55,25,24
-55,25,24
-56,25,23
-55,26,24
-55,25,24
-55,25,23
-55,26,23
-55,26,23
-56,26,23
-54,26,24
-54,26,24
-54,26,23
-54,26,24
-54,26,24
-54,26,24
-54,26,24
-54,26,24
-54,26,23
-56,27,22
-56,26,23
-56,26,24
-56,27,24
-55,27,25
-54,27,26
-54,26,27
-54,26,27
-52,24,28
-52,24,27
-52,24,27
-50,23,28
-45,21,31
-52,20,26
-55,20,23
-49,20,20
-47,25,18
-63,30,10
-62,33,8
-53,34,22
-58,31,30
-57,32,30
-47,28,41
-45,27,43
-43,26,39
-44,23,38
-46,20,39
-45,21,39
-47,21,36
-46,22,36
-44,23,40
-43,23,40
-44,23,41
-41,23,44
-42,23,44
-42,23,44
-43,24,44
-41,23,45
-40,24,45
-42,25,44
-42,25,43
-42,24,43
-41,24,43
-41,23,43
-41,24,43
-42,23,44
-43,22,44
-41,22,45
-40,22,45
-41,23,43
-43,23,42
-42,23,42
-40,23,44
-45,24,41
-45,26,39
-44,26,37
-47,25,34
-47,25,35
-48,27,35
-50,29,32
-47,30,36
-42,29,41
-49,30,42
-48,28,44
-43,26,46
-38,24,47
-35,23,48
-32,22,51
-32,21,51
-29,16,54
-28,18,50
-27,17,50
-22,17,52
-22,18,51
-29,20,44
-34,23,44
-42,26,46
-43,28,43
-47,32,38
-47,33,39
-43,34,38
-45,34,36
-42,33,37
-36,30,41
-38,29,42
-39,27,46
-38,27,48
-41,26,47
-39,26,48
-39,25,44
-40,25,44
-41,25,40
-42,25,41
-41,24,43
-40,25,42
-40,25,42
-41,26,41
-41,25,41
-41,26,42
-41,26,41
-40,26,43
-40,26,43
-40,26,44
-40,25,43
-38,24,44
-40,25,46
-41,26,43
-39,25,42
-39,25,43
-40,26,42
-39,27,41
-37,28,39
-37,29,38
-34,31,41
-32,33,43
-36,34,39
-42,31,38
-47,28,38
-49,29,37
-50,30,32
-55,27,27
-53,26,26
-49,26,30
-46,29,30
-45,31,35
-45,34,35
-47,33,27
-46,33,33
-46,35,37
-45,34,35
-47,34,34
-48,34,34
-48,33,33
-48,31,32
-48,31,32
-46,31,32
-45,31,32
-46,31,32
-46,31,32
-45,32,34
-45,33,36
-46,32,36
-45,32,39
-45,33,39
-41,31,39
-41,28,40
-41,26,41
-40,26,43
-34,25,44
-36,24,44
-39,24,45
-37,25,46
-35,24,47
-39,24,48
-39,26,48
-38,26,47
-38,26,46
-40,24,47
-40,24,47
-39,23,46
-39,22,46
-38,23,47
-38,22,47
-38,21,46
-37,21,46
-37,22,47
-36,23,47
-36,23,47
-36,23,47
-36,23,47
-36,23,47
-36,24,47
-36,23,47
-36,23,47
-35,23,46
-35,23,46
-35,23,47
-36,23,47
-35,24,48
-35,24,48
-36,24,48
-35,25,48
-36,24,48
-35,23,47
-35,22,47
-36,22,48
-35,22,47
-35,23,47
-34,24,47
-32,24,45
-33,24,44
-34,25,44
-34,28,42
-36,28,40
-37,30,41
-38,31,41
-40,32,41
-41,32,40
-44,32,42
-43,33,43
-42,34,42
-41,33,41
-42,32,40
-41,34,41
-39,34,42
-34,30,44
-32,30,45
-29,31,49
-28,30,49
-32,28,49
-32,28,50
-31,29,52
-30,29,51
-26,29,52
-24,28,52
-25,28,54
-26,28,52
-35,27,44
-42,27,38
-44,28,35
-45,28,26
-47,28,20
-49,25,8
-46,23,1
-57,20,-19
-60,20,-23
-49,20,-22
-39,19,-36
-48,20,-54
-59,22,-68
-53,22,-62
-44,22,-59
-40,21,-56
-39,21,-46
-37,22,-41
-34,23,-37
-45,27,-42
-40,27,-38
-41,27,-41
-42,28,-45
-45,28,-50
-44,28,-47
-45,26,-39
-51,24,-34
-57,23,-23
-55,23,-13
-49,26,10
-48,27,18
-48,27,25
-52,26,25
-50,25,31
-48,26,33
-47,25,30
-48,24,28
-52,24,27
-55,24,25
-57,24,24
-58,23,23
-55,24,23
-56,24,25
-55,23,24
-56,23,27
-55,23,28
-56,23,28
-56,23,28
-56,24,26
-55,28,27
-56,28,25
-53,27,21
-59,26,18
-61,26,14
-58,26,16
-53,25,12
-56,25,10
-62,24,6
-58,23,6
-58,23,4
-60,22,1
-62,22,0
-64,23,1
-64,23,2
-63,23,3
-62,24,4
-61,25,4
-61,24,3
-61,24,1
-60,24,0
-60,23,-1
-61,22,-1
-60,22,0
-60,22,1
-60,22,1
-60,22,2
-60,22,2
-60,22,2
-59,23,3
-60,23,2
-60,24,2
-61,24,1
-62,23,1
-62,22,2
-62,21,2
-61,20,2
-61,20,2
-61,20,1
-60,21,1
-59,21,1
-59,21,1
-59,20,1
-59,20,2
-58,20,2
-57,18,4
-57,16,6
-58,12,5
-57,11,4
-56,9,2
-53,6,-4
-51,5,-9
-49,8,-22
-51,8,-32
-51,8,-50
-52,8,-56
-53,8,-63
-50,10,-59
-50,11,-56
-52,9,-54
-55,6,-52
-50,3,-49
-46,1,-48
-43,0,-46
-42,0,-45
-41,0,-44
-42,0,-44
-44,0,-45
-45,0,-44
-46,1,-45
-47,1,-46
-47,1,-46
-47,1,-47
-46,0,-46
-46,0,-45
-45,0,-44
-45,0,-44
-46,0,-44
-46,1,-44
-46,1,-45
-46,1,-45
-46,1,-44
-45,1,-45
-46,1,-45
-47,1,-45
-51,1,-50
-54,0,-55
-65,-2,-70
-70,-3,-64
-74,9,-20
-65,15,-8
-59,18,-5
-63,18,-5
-51,22,8
-48,24,15
-48,27,19
-49,30,19
-51,34,20
-51,35,25
-48,37,28
-43,38,30
-38,39,32
-33,40,33
-29,40,33
-22,43,34
-17,43,34
-9,44,33
-7,45,33
-6,46,32
-6,48,32
-3,48,32
5,49,37
10,50,39
12,50,41
15,49,43
15,49,43
14,48,41
9,48,38
5,47,37
6,45,33
6,45,31
6,49,29
7,51,30
10,51,34
14,52,40
13,52,39
4,52,36
1,54,37
1,56,35
3,55,33
5,55,34
7,54,34
7,54,35
6,54,35
3,53,36
0,52,35
2,51,35
2,52,37
2,52,37
2,52,36
1,52,36
2,52,36
2,52,37
2,52,37
2,53,37
1,52,36
2,52,37
3,52,36
2,52,36
2,52,36
2,52,37
2,52,37
3,52,36
3,52,36
2,52,36
2,52,37
2,52,37
2,52,37
2,52,36
2,52,36
2,52,36
3,52,36
2,52,36
2,52,36
2,52,36
2,52,36
3,52,36
3,52,36
3,52,36
4,52,36
3,52,36
3,52,36
3,52,37
3,52,37
3,52,37
3,52,37
3,52,36
3,52,36
2,51,37
2,51,38
3,51,38
3,51,39
3,51,40
3,51,39
3,50,39
2,50,39
3,50,39
6,50,38
6,49,39
10,49,36
11,48,36
4,45,33
3,44,33
5,42,34
3,40,33
-5,37,31
-10,36,34
-11,36,37
-15,35,41
-23,32,43
-24,30,53
-17,30,62
-26,26,70
-32,24,71
-25,19,72
-21,18,74
-17,18,73
-17,19,71
-13,15,65
-8,10,61
-8,8,61
-11,7,61
-11,6,60
-11,9,60
-13,11,61
-20,14,60
-23,13,59
-26,14,58
-29,15,57
-29,14,58
-22,11,59
-23,10,58
-27,11,57
-23,12,58
-21,13,59
-23,13,59
-29,14,56
-30,13,55
-26,11,57
-26,11,59
-28,12,59
-27,10,57
-23,7,56
-25,6,57
-25,5,57
-27,7,56
-27,7,56
-28,9,56
-27,10,57
-27,12,58
-27,11,59
-28,11,59
-27,12,58
-28,10,58
-28,10,57
-28,11,57
-27,12,57
-27,14,58
-27,17,59
-28,16,58
-30,13,56
-30,11,54
-27,5,51
-30,4,51
-29,8,52
-30,9,53
-31,8,53
-37,12,58
-37,19,60
-29,27,55
-31,26,46
-39,18,41
-39,19,47
-30,14,56
-27,11,61
-26,10,64
-28,11,62
-32,13,54
-31,13,52
-32,13,51
-31,13,54
-31,12,55
-31,12,56
-31,12,56
-31,11,55
-31,11,55
-30,11,55
-31,11,55
-30,11,55
-31,12,55
-31,12,55
-30,12,56
-30,11,56
-30,11,56
-30,12,56
-30,11,55
-29,11,55
-24,11,58
-27,11,59
-26,9,63
-27,8,62
-21,11,61
-23,12,59
-33,10,55
-37,11,58
-35,11,61
-40,10,52
-40,12,50
-42,13,44
-41,12,44
-41,10,45
-41,10,45
-39,11,44
-41,11,45
-39,12,46
-39,13,46
-40,13,47
-40,13,48
-41,13,48
-39,12,50
-40,12,50
-41,12,49
-41,12,50
-39,11,50
-38,12,50
-39,12,50
-40,12,50
-40,12,50
-46,11,52
-50,9,52
-49,11,52
-43,15,52
-33,20,51
-27,21,50
-27,23,47
-22,24,48
-11,27,49
-22,23,52
-49,6,50
-63,7,53
-52,14,52
-23,25,51
-15,28,50
-12,29,46
-1,30,44
-16,26,47
-33,18,48
-51,6,47
-60,8,48
-45,23,47
-35,26,47
-31,27,49
-31,25,51
-37,18,54
-41,15,54
-42,17,53
-41,18,49
-39,17,48
-36,16,48
-35,16,49
-35,15,49
-35,16,49
-37,17,48
-37,17,48
-37,18,48
-38,19,48
-38,20,48
-38,21,49
-38,21,49
-38,20,50
-40,19,51
-47,18,50
-49,17,52
-47,18,54
-47,17,55
-42,21,53
-34,24,51
-32,25,50
-32,25,46
-31,25,45
-27,27,42
-26,28,41
-25,30,38
-26,31,38
-18,36,35
-14,38,36
-29,31,40
-40,24,39
-48,23,40
-57,19,40
-53,19,40
-44,25,39
-42,26,39
-41,25,40
-41,25,40
-43,25,40
-47,23,38
-52,21,36
-54,19,30
-58,16,27
-55,15,29
-51,14,34
-49,7,33
-48,2,31
-54,-2,45
-56,-4,50
-53,-8,45
-52,-6,43
-44,-17,65
-33,-21,78
-40,-15,60
-42,-8,51
-52,-3,36
-52,0,33
-50,2,35
-49,1,42
-49,-1,44
-51,-2,43
-53,-2,42
-51,-1,41
-49,-1,40
-50,-2,39
-50,-2,40
-49,-3,41
-48,-2,42
-50,-2,42
-51,-2,41
-50,-1,41
-50,-1,41
-50,-2,41
-50,-2,42
-49,-2,43
-48,-4,45
-49,-4,46
-46,-3,42
-48,-1,39
-54,4,41
-48,5,45
-49,12,44
-43,10,41
-40,7,42
-41,4,44
-43,2,46
-46,1,50
-47,2,50
-46,4,48
-45,4,47
-46,5,45
-45,5,45
-44,4,47
-43,4,47
-44,4,47
-46,4,46
-45,4,47
-44,3,49
-43,3,50
-40,1,57
-38,-1,63
-34,-1,75
-33,-1,79
-34,2,83
-36,6,75
-52,15,44
-34,27,24
-27,30,8
-39,34,-44
-38,39,-57
-49,35,-90
-52,27,-105
-68,19,-84
-74,18,-64
-78,-2,-12
-84,-11,9
-95,-20,32
-65,-15,46
-65,-13,46
-55,-3,32
-46,3,26
-58,14,6
-62,19,-2
-55,27,-2
-52,33,0
-58,35,4
-62,31,9
-61,28,8
-60,28,7
-55,28,11
-51,26,18
-51,23,26
-60,14,23
-56,5,19
-64,-4,31
-67,-7,31
-65,0,26
-71,0,21
-76,-3,6
-73,4,0
-69,11,-17
-63,18,-27
-54,30,-47
-48,34,-62
-44,32,-69
-31,32,-65
-22,33,-58
-12,36,-50
-9,38,-45
-11,41,-41
-14,42,-41
-22,43,-40
-24,43,-40
-30,43,-41
-34,43,-43
-37,42,-43
-43,40,-44
-44,39,-44
-42,36,-41
-42,35,-39
-39,33,-37
-39,33,-36
-39,31,-36
-40,31,-35
-39,31,-34
-39,31,-34
-39,32,-33
-39,34,-33
-39,34,-34
-39,36,-34
-39,36,-35
-40,37,-36
-39,38,-36
-38,38,-36
-40,39,-38
-39,38,-39
-40,39,-39
-38,38,-39
-37,38,-39
-36,38,-40
-37,38,-40
-37,38,-39
-37,37,-39
-38,37,-39
-38,36,-38
-38,36,-38
-39,35,-37
-39,35,-37
-39,35,-36
-39,34,-37
-39,34,-36
-39,34,-36
-39,34,-36
-39,35,-36
-39,35,-36
-39,36,-37
-38,36,-37
-38,36,-37
-38,36,-37
-38,37,-37
-37,37,-37
-37,37,-38
-37,37,-38
-37,37,-39
-37,37,-40
-37,38,-41
-40,39,-46
-42,39,-47
-50,42,-50
-52,43,-48
-48,44,-36
-49,45,-30
-53,46,-21
-54,46,-16
-46,48,-2
-43,49,1
-45,48,9
-41,46,16
-39,44,20
-28,42,31
-23,41,34
-21,38,36
-19,37,37
-16,35,39
-13,36,38
-16,32,36
-17,32,36
-17,35,36
-18,39,38
-21,42,39
-21,42,40
-19,44,41
-20,45,38
-20,47,39
-19,46,41
-18,46,42
-19,48,40
-20,49,39
-23,48,39
-20,46,40
-19,47,37
-24,48,34
-26,47,34
-29,44,36
-29,43,39
-31,42,40
-32,41,39
-31,41,37
-31,43,38
-33,40,35
-36,39,33
-39,38,33
-43,37,32
-47,39,27
-49,41,25
-49,42,27
-44,43,21
-37,44,21
-16,47,24
-5,47,28
14,47,31
9,47,34
-7,41,44
-7,39,54
-17,36,58
-9,47,76
-14,47,65
-13,49,52
-8,48,50
2,45,50
0,41,48
-8,40,48
-11,40,46
-10,40,44
-10,39,44
-5,41,46
-5,41,47
-8,42,47
-9,42,49
-10,41,49
-9,42,48
-8,42,47
-10,42,45
-11,41,46
-13,41,49
-15,41,51
-7,43,52
-4,43,52
-3,41,49
-3,39,49
-5,39,49
-7,40,48
-7,40,49
-6,40,49
-6,39,50
-4,40,52
-2,40,51
0,40,48
0,41,47
-1,43,44
-1,43,44
-3,44,44
-4,43,46
-3,42,48
-3,41,49
-2,42,49
-3,41,49
-3,41,48
-4,41,48
-4,41,48
-3,42,47
-3,42,48
-4,41,49
-3,41,49
-4,41,49
-3,41,49
-3,41,48
-2,41,48
-2,41,49
-3,42,47
-3,42,48
-3,42,49
-3,41,50
-3,41,50
-3,41,49
-3,42,48
-3,42,47
-3,42,46
-3,42,46
-4,42,46
-3,43,46
-4,44,46
-4,44,45
-4,44,45
-4,43,45
-3,44,46
-3,44,43
-3,46,42
0,48,39
3,48,36
2,47,36
-6,46,44
-14,42,51
-10,22,55
-15,15,57
25,30,81
36,29,83
4,26,62
-4,27,54
-12,32,40
-28,34,34
-39,34,29
-52,36,30
-46,39,32
-24,45,35
-21,45,37
-29,40,34
-27,40,35
-26,40,55
-24,38,65
-3,32,78
14,32,81
19,29,80
-16,29,62
-22,31,54
-21,36,43
-22,36,37
-25,36,33
-24,36,34
-15,35,40
-8,35,42
-5,36,48
-7,36,49
-14,37,53
-14,38,54
-9,38,55
-8,39,55
-8,38,54
-11,38,53
-12,38,51
-11,38,50
-12,38,49
-12,38,48
-13,37,48
-11,38,49
-11,38,50
-10,37,51
-11,37,51
-10,37,52
-11,37,52
-11,37,51
-9,37,49
-8,38,48
-8,37,44
-11,36,43
-25,34,42
-25,34,42
-22,35,44
-18,35,47
-15,31,58
-5,29,67
-3,29,69
-9,27,67
-12,28,64
-16,28,56
-16,28,54
-15,27,50
-15,27,49
-18,26,50
-17,27,51
-16,26,52
-17,26,52
-17,27,53
-16,28,54
-17,29,54
-18,29,55
-18,29,56
-21,29,56
-22,28,56
-22,27,56
-22,27,55
-23,27,53
-23,26,53
-24,25,52
-23,24,51
-23,24,51
-23,25,51
-24,26,52
-30,25,55
-31,25,57
-29,25,60
-29,25,60
-30,23,57
-29,23,56
-28,22,52
-29,22,51
-30,21,51
-30,20,53
-30,20,54
-29,19,56
-28,19,56
-28,19,57
-28,19,57
-26,19,55
-26,19,54
-26,19,54
-27,21,55
-29,21,55
-31,22,50
-31,23,50
-36,23,51
-42,21,47
-44,20,41
-48,22,38
-51,25,34
-53,25,30
-58,25,23
-57,23,20
-57,23,18
-58,22,17
-61,22,13
-58,21,13
-60,20,13
-59,22,15
-55,22,16
-51,20,16
-53,20,19
-53,18,21
-55,20,20
-67,20,17
-65,20,24
-56,26,29
-41,21,30
-63,17,22
-58,21,27
-56,23,26
-58,24,27
-59,23,27
-62,22,24
-60,22,22
-60,21,22
-58,20,24
-53,19,27
-48,22,28
-50,25,25
-51,24,25
-53,23,23
-54,19,24
-52,20,25
-53,22,24
-55,23,22
-57,23,22
-58,22,22
-59,20,23
-58,19,23
-54,18,24
-52,18,24
-51,17,29
-55,16,27
-60,19,25
-60,21,22
-50,23,17
-39,31,-7
-54,31,-20
-56,32,-43
-50,30,-43
-41,30,-53
-43,29,-67
-38,34,-51
-42,35,-42
-53,39,-49
-44,35,-20
-30,22,-1
-49,10,8
-63,13,2
-75,14,-27
-75,18,-32
-62,23,-31
-56,25,-32
-53,27,-33
-56,26,-33
-57,21,-25
-42,24,-4
-36,27,3
-44,30,-5
-49,29,-11
-60,30,-14
-65,30,-11
-68,30,-12
-69,29,-13
-64,29,-12
-61,28,-13
-61,27,-14
-62,26,-16
-59,26,-8
-51,26,0
-50,26,4
-51,25,13
-50,25,20
-47,24,30
-45,24,34
-38,26,47
-39,24,49
-40,20,49
-35,18,51
-36,15,53
-33,15,59
-29,15,58
-31,14,58
-30,11,63
-28,13,59
-27,13,58
-27,13,58
-27,14,57
-27,13,54
-27,13,54
-25,13,55
-24,13,55
-23,13,52
-26,10,54
-27,10,54
-29,8,51
-29,7,53
-22,-2,66
-23,-1,70
-28,14,52
-40,18,39
-27,22,57
-24,24,60
-26,23,54
-26,22,54
-27,22,57
-34,22,55
-36,22,55
-34,19,53
-34,18,52
-33,17,52
-32,18,52
-31,16,51
-30,16,51
-28,17,51
-29,17,52
-32,19,54
-34,19,54
-34,20,52
-35,25,60
-31,24,59
-26,19,53
-24,17,53
-23,12,53
-24,10,54
-18,8,58
-15,8,59
-13,5,56
-23,0,62
-21,7,64
-20,10,64
-19,15,64
-17,20,60
-16,19,59
-17,17,56
-19,17,55
-18,17,56
-17,17,57
-15,18,57
-16,18,56
-16,19,50
-15,21,45
-34,24,44
-43,20,28
-42,15,18
-60,8,-21
-62,13,-37
-87,19,-44
-82,11,-29
-46,3,11
-65,23,-27
-60,21,-38
-59,20,-38
-61,16,-37
-56,17,-38
-55,14,-42
-49,13,-40
-49,11,-42
-46,10,-45
-43,8,-44
-44,7,-41
-43,8,-40
-45,9,-44
-46,9,-45
-45,10,-46
-43,10,-47
-42,11,-49
-44,9,-50
-44,8,-50
-44,5,-49
-44,5,-47
-43,5,-45
-43,6,-43
-43,9,-43
-43,11,-43
-44,15,-44
-44,15,-45
-44,16,-46
-44,16,-47
-43,15,-48
-42,14,-46
-42,14,-45
-43,14,-44
-42,14,-43
-41,15,-43
-41,15,-43
-41,16,-42
-41,16,-43
-43,16,-45
-44,16,-45
-44,16,-47
-43,16,-50
-42,16,-51
-41,14,-51
-40,14,-50
-40,13,-50
-40,13,-49
-39,13,-49
-39,13,-49
-38,12,-48
-38,13,-47
-38,13,-48
-39,13,-49
-41,13,-49
-41,13,-50
-41,14,-50
-41,14,-51
-40,14,-50
-39,14,-50
-39,14,-49
-39,14,-48
-38,13,-47
-39,13,-48
-39,13,-48
-40,12,-48
-41,12,-48
-41,12,-48
-41,12,-48
-41,13,-49
-41,13,-49
-41,13,-49
-41,13,-49
-41,12,-49
-40,12,-49
-40,12,-48
-39,12,-47
-39,11,-48
-39,11,-48
-40,10,-49
-41,9,-49
-41,9,-48
-41,9,-48
-41,10,-48
-41,11,-48
-40,11,-49
-40,12,-49
-39,12,-49
-39,12,-49
-40,13,-49
-41,13,-49
-40,13,-49
-41,12,-49
-41,11,-49
-40,10,-48
-40,10,-48
-40,10,-49
-40,10,-49
-40,10,-49
-40,10,-49
-40,11,-49
-40,11,-49
-40,12,-49
-41,12,-49
-41,11,-50
-40,11,-50
-40,10,-50
-40,9,-49
-40,9,-49
-40,9,-49
-40,10,-48
-40,10,-49
-40,11,-49
-40,11,-49
-40,12,-49
-41,12,-50
-41,11,-49
-41,11,-50
-40,11,-49
-40,11,-49
-40,11,-48
-40,12,-49
-40,11,-49
-39,11,-49
-40,9,-48
-40,8,-48
-41,7,-47
-42,6,-47
-43,7,-48
-44,8,-48
-43,9,-48
-43,10,-48
-42,11,-49
-40,13,-48
-40,13,-48
-40,14,-46
-39,14,-46
-40,13,-47
-40,12,-46
-42,11,-48
-44,9,-49
-44,9,-48
-45,9,-48
-46,9,-49
-44,11,-47
-43,11,-47
-46,11,-49
-46,11,-48
-44,10,-47
-44,9,-45
-45,10,-41
-44,11,-42
-46,11,-43
-45,10,-44
-43,9,-42
-45,7,-36
-50,5,-34
-58,8,-35
-58,8,-31
-57,11,-29
-57,12,-28
-56,15,-32
-52,15,-31
-50,18,-31
-52,18,-32
-55,15,-30
-58,13,-29
-58,12,-28
-56,11,-26
-55,11,-27
-56,10,-31
-57,11,-31
-57,12,-31
-57,12,-31
-55,12,-32
-53,13,-31
-56,12,-31
-56,12,-32
-56,12,-32
-55,11,-32
-56,11,-31
-56,11,-30
-56,11,-30
-57,11,-31
-56,11,-32
-56,11,-31
-55,10,-31
-56,11,-31
-55,10,-31
-55,10,-31
-55,10,-31
-55,11,-31
-55,11,-32
-55,10,-32
-55,11,-33
-55,11,-34
-55,11,-34
-55,11,-34
-54,11,-33
-54,11,-33
-54,11,-34
-54,12,-33
-54,11,-34
-54,11,-34
-54,12,-34
-54,11,-34
-54,11,-34
-54,11,-34
-54,11,-34
-54,11,-34
-53,11,-34
-54,11,-33
-53,11,-32
-51,12,-32
-50,13,-35
-49,13,-35
-48,14,-39
-47,13,-41
-47,13,-47
-46,13,-47
-44,12,-48
-43,12,-48
-43,11,-48
-44,11,-48
-43,10,-47
-42,11,-46
-42,10,-47
-41,10,-47
-40,9,-48
-39,9,-49
-39,9,-49
-38,8,-50
-39,7,-51
-40,5,-51
-41,5,-51
-43,4,-51
-42,4,-50
-42,5,-49
-42,6,-50
-41,6,-49
-40,7,-49
-39,10,-49
-38,11,-49
-38,11,-49
-38,13,-51
-38,12,-51
-40,12,-52
-40,10,-50
-40,10,-49
-39,9,-49
-39,10,-48
-40,10,-48
-41,10,-48
-42,9,-50
-41,9,-50
-42,9,-50
-41,9,-50
-41,9,-48
-41,8,-48
-40,8,-47
-40,9,-47
-41,9,-47
-42,10,-47
-43,10,-45
-44,11,-46
-43,11,-46
-41,11,-45
-41,12,-45
-42,14,-47
-43,15,-47
-44,14,-47
-43,14,-47
-42,14,-48
-42,14,-47
-40,14,-47
-40,13,-46
-40,13,-46
-42,13,-47
-43,13,-46
-44,13,-47
-44,13,-47
-42,13,-47
-41,13,-47
-40,14,-47
-41,14,-47
-40,14,-47
-41,14,-47
-40,14,-47
-41,13,-47
-41,13,-47
-41,13,-47
-40,14,-47
-40,14,-48
-40,14,-49
-39,14,-49
-39,14,-49
-40,13,-50
-40,13,-50
-39,13,-51
-39,13,-51
-38,14,-50
-37,14,-50
-37,14,-49
-36,15,-49
-37,14,-50
-37,15,-50
-37,15,-50
-37,15,-51
-37,15,-52
-37,15,-54
-37,14,-55
-37,13,-55
-38,11,-56
-37,10,-56
-37,10,-54
-36,10,-54
-36,10,-54
-38,9,-53
-39,8,-54
-40,8,-53
-41,7,-51
-41,6,-48
-41,7,-43
-44,8,-41
-48,5,-40
-49,5,-34
-50,4,-33
-53,5,-29
-55,5,-30
-61,9,-31
-61,10,-30
-57,10,-27
-56,10,-28
-54,10,-28
-55,9,-27
-57,9,-32
-55,11,-30
-56,9,-29
-54,13,-26
-57,15,-31
-55,16,-30
-56,17,-29
-57,16,-30
-57,16,-30
-57,14,-30
-57,13,-31
-56,12,-31
-56,11,-30
-55,10,-29
-54,9,-29
-54,9,-29
-54,9,-30
-54,9,-30
-55,10,-32
-55,10,-32
-56,10,-33
-56,10,-33
-56,10,-34
-55,9,-33
-55,9,-32
-57,10,-32
-56,9,-32
-56,9,-33
-56,10,-35
-56,11,-37
-56,11,-36
-55,11,-34
-55,11,-34
-55,9,-31
-55,10,-31
-55,11,-33
-55,11,-35
-55,10,-35
-52,8,-30
-52,7,-31
-57,8,-32
-57,7,-30
-55,9,-30
-56,10,-29
-57,10,-30
-59,10,-30
-60,10,-29
-61,10,-30
-58,10,-29
-57,10,-28
-56,9,-27
-56,8,-27
-55,8,-27
-55,8,-27
-55,8,-28
-57,9,-29
-57,10,-29
-58,11,-30
-58,11,-30
-58,11,-29
-58,11,-29
-58,10,-31
-57,10,-31
-57,10,-30
-57,9,-30
-56,9,-30
-57,10,-30
-57,10,-30
-58,10,-29
-59,10,-29
-59,10,-29
-60,10,-29
-60,10,-29
-63,9,-29
-66,11,-25
-63,18,-21
-65,17,-22
-66,18,-21
-65,19,-22
-59,15,-19
-55,13,-16
-55,11,-14
-53,11,-13
-57,7,-12
-60,6,-9
-60,4,-6
-63,5,-5
-62,5,-2
-64,6,2
-64,6,4
-64,8,10
-63,8,11
-64,9,10
-66,10,7
-65,11,1
-63,11,0
-62,10,0
-59,10,0
-57,10,-3
-58,10,-7
-59,11,-15
-59,12,-19
-60,12,-22
-64,13,-24
-63,13,-24
-61,13,-23
-62,13,-22
-63,14,-20
-63,14,-19
-63,12,-17
-64,12,-18
-64,12,-18
-64,11,-17
-64,9,-18
-61,9,-20
-61,9,-21
-60,9,-22
-60,9,-21
-62,9,-20
-62,9,-20
-63,9,-19
-62,9,-18
-61,8,-17
-61,8,-16
-60,8,-16
-61,8,-17
-62,8,-18
-62,9,-19
-62,10,-19
-62,10,-19
-62,10,-19
-62,11,-18
-62,10,-18
-62,10,-18
-61,10,-18
-61,10,-18
-62,9,-18
-61,10,-18
-60,10,-17
-61,10,-18
-61,11,-19
-62,11,-21
-59,13,-20
-61,12,-19
-70,11,-18
-71,11,-17
-68,11,-16
-68,11,-16
-69,10,-10
-66,8,6
-61,7,9
-55,5,19
-60,5,18
-57,5,24
-56,3,26
-60,2,27
-57,3,27
-48,2,33
-51,2,31
-53,6,32
-53,8,34
-45,8,44
-43,6,42
-48,3,36
-51,2,34
-51,2,34
-51,2,28
-53,2,26
-59,3,24
-59,4,24
-60,5,20
-64,6,18
-65,6,19
-67,6,18
-67,5,17
-68,6,14
-67,7,15
-67,7,16
-64,7,15
-67,5,16
-67,4,15
-67,2,16
-66,0,16
-64,-1,17
-63,-1,17
-62,-2,17
-60,-3,16
-60,-3,16
-61,-4,15
-61,-4,14
-62,-5,16
-62,-5,17
-62,-5,18
-62,-5,19
-62,-3,19
-62,-3,17
-64,-2,15
-65,-2,15
-64,0,15
-65,0,14
-65,0,14
-65,0,13
-67,0,14
-65,-2,15
-64,-3,15
-61,-3,17
-60,-3,18
-60,-3,19
-60,-2,19
-62,-1,18
-63,0,16
-63,0,15
-65,0,16
-65,0,17
-64,0,18
-64,0,18
-63,0,18
-62,-1,19
-62,-1,18
-62,-1,18
-62,-2,18
-62,-2,18
-61,-3,19
-61,-2,21
-61,-2,21
-62,-2,21
-62,-2,21
-61,-1,20
-61,-1,19
-61,-1,19
-61,-1,19
-62,-1,20
-62,-1,20
-62,-2,19
-63,-2,18
-63,-2,18
-62,-3,18
-62,-3,19
-61,-2,19
-62,-2,19
-63,-2,19
-62,-1,19
-63,-1,18
-62,-2,18
-62,-1,19
-62,-1,18
-62,-1,18
-63,0,18
-63,0,18
-64,0,18
-64,1,19
-63,0,19
-64,1,19
-62,0,21
-61,0,22
-60,1,24
-61,1,24
-62,2,22
-63,1,20
-62,1,20
-62,1,21
-61,0,22
-62,0,23
-61,-1,24
-57,0,24
-56,0,24
-56,1,23
-56,2,23
-57,3,22
-58,3,22
-59,3,22
-59,2,22
-61,1,22
-62,-1,24
-62,-2,26
-58,-4,28
-53,-4,29
-45,-3,29
-49,-5,28
-52,-9,26
-46,-9,25
-43,-9,16
-44,-11,21
-49,-19,18
-43,-24,18
-41,-28,17
-50,-42,16
-46,-46,15
-46,-57,14
-40,-61,14
-28,-68,17
-22,-71,19
-17,-76,20
-17,-76,20
-18,-75,19
-18,-74,19
-18,-72,19
-15,-68,14
-16,-68,12
-24,-69,4
-24,-69,3
-13,-67,8
-7,-66,9
-5,-65,9
-7,-65,10
-8,-63,7
-9,-62,4
-12,-62,-1
-14,-62,-5
-10,-61,-4
-13,-62,-20
-2,-67,-10
-6,-70,-10
-10,-69,-9
-77,-93,-12
-9,-79,39
-44,-42,3
-22,-41,2
-6,-51,7
-5,-53,10
-16,-53,12
-16,-60,8
-9,-69,0
-4,-76,-7
0,-76,0
-1,-70,4
-12,-66,3
-17,-64,2
-14,-63,4
-11,-63,6
-11,-62,10
-13,-62,14
-13,-62,13
-16,-61,14
-18,-60,12
-20,-61,11
-19,-61,12
-19,-62,10
-20,-61,9
-20,-60,12
-20,-59,15
-21,-59,15
-20,-59,14
-20,-60,13
-20,-60,12
-20,-61,11
-20,-60,10
-20,-60,9
-21,-60,10
-20,-61,9
-19,-61,8
-17,-62,10
-19,-62,6
-18,-62,6
-19,-62,6
-18,-62,6
-18,-62,5
-20,-62,5
-19,-62,6
-19,-62,7
-18,-61,7
-19,-61,7
-19,-61,6
-19,-62,7
-19,-62,7
-19,-62,7
-18,-62,7
-18,-62,7
-17,-62,8
-17,-62,8
-17,-62,8
-17,-62,8
-16,-62,8
-17,-62,7
-16,-62,7
-16,-62,7
-16,-62,8
-16,-62,7
-16,-62,8
-16,-62,8
-16,-62,8
-16,-62,9
-16,-62,8
-16,-62,8
-16,-62,8
-16,-62,8
-16,-62,9
-16,-62,8
-16,-62,9
-16,-62,8
-16,-62,8
-16,-62,9
-16,-62,9
-16,-62,9
-16,-62,8
-16,-62,8
-16,-62,8
-16,-62,8
-16,-62,9
-16,-62,8
-16,-62,8
-16,-62,9
-16,-62,8
-16,-62,8
-16,-62,8
-16,-62,8
-16,-62,8
-16,-62,8
-16,-62,8
-16,-62,8
-16,-62,8
-16,-62,8
-16,-62,8
-16,-62,8
-16,-62,7
-16,-62,8
-16,-62,9
-16,-62,9
-16,-62,8
-16,-62,9
-17,-61,9
-16,-61,9
-16,-62,8
-17,-61,7
-17,-61,7
-17,-61,6
-17,-61,5
-17,-60,8
-18,-59,9
-20,-58,20
-20,-60,21
-10,-47,44
11,-71,33
16,-86,9
-6,-85,-19
-7,-81,-22
4,-68,-37
10,-71,-31
15,-72,-34
7,-68,-33
13,-70,-18
9,-67,-13
-7,-62,-19
-15,-57,-20
-20,-54,-20
-26,-53,-17
-25,-54,-14
-22,-55,-7
-22,-57,-5
-21,-59,-1
-18,-61,1
-14,-65,4
-11,-66,5
-7,-67,7
-7,-66,7
-11,-65,4
-15,-63,2
-17,-63,1
-18,-63,0
-19,-63,0
-18,-63,1
-18,-62,2
-18,-61,4
-18,-61,4
-18,-60,6
-18,-61,6
-16,-62,7
-16,-61,8
-17,-62,7
-19,-62,7
-20,-62,7
-20,-62,8
-20,-62,8
-19,-63,9
-19,-64,9
-17,-63,9
-16,-63,9
-14,-62,8
-14,-62,7
-15,-62,5
-15,-62,4
-16,-61,3
-16,-62,2
-16,-62,2
-15,-62,3
-14,-62,3
-14,-62,3
-14,-62,4
-15,-62,6
-16,-62,6
-16,-63,7
-16,-64,7
-15,-63,8
-15,-64,8
-15,-64,7
-17,-63,6
-18,-63,5
-18,-62,4
-18,-62,4
-18,-62,3
-18,-63,3
-17,-63,3
-17,-62,3
-16,-63,4
-16,-62,5
-16,-62,5
-15,-62,5
-14,-62,5
-14,-62,6
-14,-62,6
-14,-61,6
-15,-62,6
-15,-62,6
-15,-62,6
-16,-62,6
-16,-62,6
-17,-62,6
-17,-62,6
-17,-62,5
-17,-62,5
-17,-63,5
-17,-63,5
-17,-63,5
-17,-62,5
-17,-62,5
-16,-62,5
-16,-62,5
-16,-62,5
-16,-62,5
-15,-63,6
-15,-62,5
-15,-62,5
-15,-62,5
-15,-62,5
-14,-61,5
-15,-61,5
-15,-59,6
-16,-59,6
-16,-59,7
-17,-60,7
-18,-63,6
-18,-65,5
-19,-66,4
-20,-66,3
-20,-66,3
-20,-64,3
-19,-63,4
-17,-61,6
-17,-61,6
-16,-62,7
-16,-62,7
-16,-62,6
-18,-62,4
-18,-62,4
-19,-63,4
-19,-63,3
-20,-67,3
-20,-68,2
-22,-70,3
-23,-69,4
-23,-69,6
-21,-69,8
-17,-69,8
-13,-68,8
-7,-64,7
-7,-62,4
-8,-61,4
-12,-61,3
-12,-61,2
-9,-60,8
-7,-59,12
3,-57,23
-5,-53,24
-14,-52,21
-17,-51,19
-18,-49,17
-14,-51,21
-24,-54,19
-27,-55,17
-25,-58,21
-37,-60,15
-35,-65,16
-36,-84,21
-37,-98,17
-22,-94,9
-14,-83,8
-7,-63,9
-7,-59,8
-13,-62,5
-17,-65,3
-21,-62,-3
-19,-60,-9
-18,-58,-10
-18,-58,-8
-19,-60,-8
-24,-62,-10
-23,-62,-11
-18,-63,-9
-16,-63,-7
-13,-61,-4
-14,-59,-2
-19,-58,0
-23,-60,7
-24,-62,9
-18,-69,12
-13,-73,14
-4,-76,20
-2,-74,24
0,-69,26
0,-64,24
0,-60,15
-1,-61,12
-3,-68,5
-5,-69,2
-9,-61,1
-17,-47,5
-21,-42,7
-29,-42,7
-31,-45,8
-28,-52,11
-23,-54,14
-19,-60,18
-26,-62,18
-36,-65,13
-30,-64,19
-39,-65,13
-42,-72,13
-50,-101,16
-24,-88,11
-10,-73,11
-5,-72,13
-7,-75,10
-13,-74,5
-15,-71,2
-18,-61,-2
-17,-57,-2
-18,-52,-3
-21,-52,-4
-26,-54,-9
-27,-62,-13
-20,-64,-13
-14,-61,-8
-12,-63,-5
-11,-64,0
-14,-65,3
-22,-65,12
-28,-62,21
-22,-56,36
11,-57,40
23,-61,37
26,-67,35
11,-75,33
-8,-71,27
-16,-68,24
-31,-59,16
-34,-53,14
-39,-41,15
-44,-38,13
-55,-32,10
-57,-29,8
-54,-20,-2
-58,-17,-11
-79,-22,-21
-80,-28,-23
-92,-51,-15
-73,-60,-4
-57,-60,1
-44,-52,21
-40,-55,23
-32,-54,24
-28,-51,22
-23,-46,18
-23,-42,14
-29,-37,8
-31,-37,6
-33,-42,3
-35,-46,1
-36,-56,0
-32,-59,3
-27,-59,6
-20,-59,10
-20,-60,11
-26,-62,14
-29,-59,18
-27,-58,22
-23,-60,23
-11,-68,28
-5,-72,26
-1,-75,19
-4,-69,10
-8,-65,6
-18,-59,0
-22,-55,-2
-31,-52,-4
-36,-54,-3
-41,-61,0
-38,-60,2
-42,-65,10
-51,-74,16
-70,-96,19
-27,-101,12
-3,-82,19
10,-69,23
7,-76,18
1,-83,16
-1,-88,15
-5,-77,8
-7,-72,2
-9,-63,-5
-9,-60,-6
-12,-54,-7
-15,-51,-9
-21,-53,-12
-22,-56,-14
-16,-54,-11
-11,-54,-2
-9,-57,2
-9,-65,8
-13,-67,13
-26,-63,26
-23,-61,30
1,-67,35
14,-72,34
23,-80,20
19,-81,16
1,-73,12
-16,-58,16
-23,-53,16
-27,-49,12
-27,-48,9
-25,-49,10
-24,-50,14
-23,-52,18
-24,-53,18
-32,-53,16
-38,-56,17
-54,-78,18
-52,-104,15
-39,-101,17
-10,-71,22
-10,-66,23
-30,-69,16
-42,-71,9
-45,-73,0
-36,-71,-1
-31,-68,2
-35,-66,6
-44,-61,9
-42,-59,9
-44,-57,14
-39,-57,25
-34,-55,30
-24,-46,38
-20,-43,41
-11,-38,50
-9,-31,55
-20,-17,55
-18,-11,60
-13,-15,60
-14,-21,57
-14,-23,50
-11,-24,47
-16,-27,37
-20,-24,30
-26,-23,28
-28,-15,34
-34,-40,12
-64,6,70
-25,8,46
-19,-11,63
-10,9,64
-30,40,58
-32,37,70
-21,46,53
-28,33,49
-18,45,50
-20,47,39
-20,42,45
-26,39,44
-18,49,44
-25,44,45
-23,42,47
-28,46,43
-30,44,43
-22,43,43
-24,42,40
-27,37,48
-30,33,49
-30,28,53
-29,15,60
-27,3,58
-16,-6,57
-13,-6,51
-18,8,56
-7,1,40
-8,-8,48
-3,-12,48
12,-12,44
7,-23,41
-4,-30,40
-13,-38,51
-20,-41,60
-30,-46,59
-23,-49,43
-41,-59,36
-43,-60,42
-41,-66,44
-37,-70,41
-40,-65,42
-36,-57,43
-31,-48,42
-32,-43,38
-35,-41,35
-42,-36,29
-43,-35,26
-42,-36,25
-43,-37,24
-48,-42,25
-61,-50,27
-75,-80,21
-80,-83,15
-58,-57,9
-54,-46,12
-48,-44,8
-55,-48,-1
-54,-48,-2
-43,-47,0
-39,-45,1
-38,-43,1
-40,-44,-1
-40,-41,-1
-39,-41,-1
-38,-43,1
-37,-47,1
-32,-49,5
-23,-51,14
-18,-55,20
-10,-61,26
-12,-63,28
-15,-63,32
-13,-61,30
-5,-61,31
-3,-65,31
-3,-74,24
-4,-75,18
-7,-68,9
-12,-61,7
-25,-53,5
-40,-49,4
-43,-48,2
-43,-49,4
-41,-50,7
-41,-54,16
-44,-56,19
-50,-62,24
-53,-69,24
-56,-99,19
-41,-116,12
1,-90,16
4,-75,19
-7,-81,15
-14,-83,7
-16,-85,1
-20,-74,-6
-22,-69,-8
-20,-63,-6
-18,-60,-5
-18,-52,-5
-19,-50,-5
-21,-54,-6
-20,-56,-7
-18,-56,-5
-14,-56,0
-12,-59,3
-13,-60,12
-16,-56,20
-18,-51,30
-12,-49,30
5,-56,32
9,-64,36
8,-77,40
5,-81,37
-2,-73,29
-8,-68,26
-24,-58,17
-47,-48,10
-55,-44,10
-60,-41,15
-60,-42,19
-64,-47,20
-67,-49,18
-82,-65,12
-86,-77,11
-68,-95,8
-59,-93,8
-54,-80,10
-52,-74,8
-55,-63,4
-67,-61,4
-67,-61,6
-72,-60,4
-72,-57,6
-66,-48,13
-63,-45,19
-53,-38,27
-49,-37,30
-37,-32,36
-28,-29,44
-18,-22,46
-14,-16,51
-8,-5,52
-6,2,52
-3,4,52
-4,8,47
-7,11,45
-12,27,48
-9,30,44
-12,10,30
-31,1,64
-5,23,62
-5,23,57
6,28,45
6,30,48
1,32,49
12,41,53
9,44,50
0,55,48
-1,59,49
-20,61,44
-29,62,37
-39,63,26
-39,63,21
-45,59,18
-47,55,12
-43,54,16
-48,43,22
-45,45,25
-40,48,26
-38,46,21
-34,44,25
-33,44,26
-44,48,14
-35,46,17
-33,44,32
-29,43,28
-25,46,30
-15,44,34
-16,47,34
-14,46,38
-17,47,35
-13,48,36
-16,49,37
-18,52,37
-17,49,39
-18,47,35
-18,49,37
-20,48,42
-20,49,39
-21,50,37
-20,46,41
-22,43,42
-20,44,41
-18,43,42
-23,43,43
-23,41,45
-23,43,42
-23,42,42
-25,39,45
-22,40,46
-24,39,45
-24,37,42
-22,38,42
-23,38,44
-23,39,45
-24,38,47
-25,37,48
-24,35,48
-23,38,46
-25,38,46
-25,38,48
-25,31,51
-25,30,51
-25,34,49
-27,29,53
-25,27,52
-25,22,51
-31,18,59
-36,6,54
-33,24,49
-35,27,19
-22,-12,42
-40,30,35
-31,46,37
-37,65,36
-20,68,42
9,68,45
4,57,45
-8,50,48
-10,42,56
-7,39,57
-2,38,56
-3,39,53
-4,43,40
-10,44,39
-15,46,41
-17,46,38
-14,45,38
-13,44,38
-10,45,43
-8,48,42
-7,47,42
-12,45,40
-14,45,40
-8,45,45
-5,45,46
-6,43,45
-8,42,47
-1,42,52
-1,42,52
-1,40,53
2,38,53
1,38,54
5,38,54
6,37,51
4,37,49
1,36,51
8,34,51
7,33,51
2,34,52
1,34,52
3,35,50
2,36,49
4,36,48
5,38,47
4,39,47
5,38,48
5,37,48
3,34,51
4,34,52
10,33,55
10,33,55
12,31,56
14,31,57
15,31,56
14,31,55
15,30,54
14,30,54
13,31,54
13,32,53
14,32,53
14,32,52
12,31,52
-13,19,62
-4,24,60
4,28,46
13,30,49
-1,33,48
4,38,48
7,40,47
12,43,43
17,44,43
19,45,41
17,45,41
19,44,43
20,43,45
18,40,46
18,38,45
15,35,46
12,32,46
5,30,46
1,26,48
-2,24,50
-2,22,56
2,21,59
10,22,66
12,23,70
4,26,64
-1,28,60
-12,36,51
-15,41,47
-14,49,45
-16,52,45
-23,53,53
-22,47,58
-21,42,56
-22,36,57
-24,34,55
-21,31,54
-19,27,59
-7,23,64
0,21,63
6,16,61
5,13,55
-9,6,56
-6,15,63
-6,19,60
-21,28,52
-22,29,53
-12,22,54
-4,21,55
-3,11,53
-7,7,57
-10,9,67
-10,11,66
-14,14,63
-14,18,62
-13,21,60
-17,22,61
-19,23,62
-25,23,65
-30,23,68
-34,19,72
-36,14,72
-30,8,63
-23,9,56
-24,12,46
-31,13,45
-41,13,49
-33,9,54
-27,10,56
-27,12,50
-32,13,47
-37,13,47
-37,11,49
-28,6,55
-23,5,58
-18,3,62
-16,2,62
-12,3,56
-6,4,51
9,7,40
8,-3,30
0,-15,27
-58,-43,33
-52,-54,23
-26,-60,14
-13,-74,10
18,-82,14
21,-89,13
9,-104,10
-2,-105,10
-24,-88,8
-27,-78,7
-32,-69,8
-29,-65,9
-27,-65,10
-23,-63,14
-24,-63,15
-25,-63,16
-27,-62,16
-32,-60,14
-36,-61,17
-52,-86,23
-50,-99,21
-19,-92,19
-7,-64,20
-10,-69,14
-13,-73,6
-13,-78,7
-13,-74,10
-12,-69,10
-10,-65,6
-10,-66,3
-12,-63,2
-14,-61,2
-20,-59,-1
-21,-58,-4
-21,-58,-5
-16,-54,-4
-16,-52,-2
-22,-53,4
-24,-54,8
-32,-63,15
-41,-67,24
-52,-68,38
-40,-62,46
7,-44,75
7,-42,80
-34,-46,64
-46,-49,59
-40,-49,59
-59,-40,47
-61,-36,45
-51,-28,45
-50,-23,44
-46,-15,44
-43,-10,44
-41,2,46
-44,6,48
-40,17,56
-40,20,60
-41,23,64
-43,20,74
-44,12,75
-34,3,69
-25,7,59
-48,26,24
-59,33,3
-30,29,-2
-23,23,9
-28,17,18
-20,15,24
-11,10,37
-40,18,54
7,32,42
12,34,53
12,39,58
30,44,49
14,49,37
17,50,42
29,47,38
25,35,34
33,32,31
28,33,27
27,34,34
30,1,51
-8,-52,127
-27,41,76
-3,53,71
17,39,49
47,84,-23
51,62,20
56,40,9
73,38,0
71,29,-2
70,23,4
48,21,12
40,24,14
53,20,11
56,25,5
47,29,8
48,35,13
48,36,15
43,27,28
43,20,32
60,12,39
65,10,40
56,6,32
57,8,30
60,4,36
56,-2,37
58,-3,34
62,-3,29
62,-4,29
71,-11,28
98,-13,18
127,-20,30
114,-7,25
86,-3,42
72,0,45
51,0,29
29,7,20
-14,24,28
-55,29,23
-46,32,20
-8,42,39
-21,38,46
-41,33,39
-40,35,46
-50,31,51
-44,31,49
-29,39,43
-17,41,45
-10,35,48
-12,32,49
-34,21,57
-13,40,60
-20,30,47
-31,33,37
-19,36,45
-9,35,54
-18,24,58
-18,47,52
-4,47,52
-13,50,41
-43,38,28
-67,69,9
-22,16,2
-35,45,10
-37,53,0
-47,52,-9
-41,56,-15
-45,65,-17
-27,58,-12
-27,57,-12
-27,53,-12
-27,51,-13
-14,50,-3
-16,48,-3
-19,47,-4
-11,46,-1
-3,45,2
9,44,4
13,42,5
12,33,4
23,33,12
31,43,19
32,35,23
26,41,26
35,41,30
49,49,35
44,51,39
48,50,29
26,56,26
22,50,43
33,51,51
26,49,47
12,33,56
11,30,56
5,22,69
5,16,78
1,2,88
-6,-2,87
-13,-3,90
-23,-1,83
-15,4,78
-8,13,60
-8,16,53
-10,16,50
-12,16,52
-16,15,62
-20,16,57
-37,16,52
-32,17,53
-40,14,50
-40,15,50
-40,18,48
-38,19,50
-36,18,48
-45,17,44
-44,16,44
-43,18,44
-51,17,40
-58,19,29
-66,26,27
-77,21,9
-92,16,-4
-78,7,25
-50,4,41
-8,5,62
-39,21,43
-75,21,14
-70,22,31
-53,26,20
-49,17,11
-55,12,15
-49,9,24
-44,6,25
-47,-2,26
-55,-8,30
-53,-11,31
-44,-22,36
-48,-22,34
-63,-17,24
-60,-15,36
-44,-12,44
-28,-10,51
-29,2,62
-32,6,64
-8,4,67
-10,6,66
-18,3,65
-10,2,64
-10,-2,72
-14,-1,63
-15,-2,60
-27,-2,60
-23,2,60
-35,-1,52
-33,1,53
-40,3,50
-44,4,47
-45,2,45
-44,1,42
-54,2,42
-54,2,39
-56,2,37
-51,3,42
-55,2,36
-59,1,39
-51,-2,43
-49,3,47
-46,4,46
-45,4,45
-25,6,60
-35,-2,50
-42,-4,47
-26,0,62
-49,-5,31
-63,-8,30
-54,-4,32
-45,8,30
-65,6,22
-65,18,29
-75,27,7
-64,25,16
-40,14,46
-38,14,51
-30,36,57
-30,18,48
-5,23,64
-13,33,49
-24,33,37
-33,43,27
-41,43,20
-43,39,21
-41,44,41
-43,41,27
-44,46,26
-53,46,7
-54,47,7
-41,42,-4
-52,31,-5
-53,28,-5
-57,25,-21
-64,24,-28
-58,23,-26
-55,21,-25
-58,20,-26
-60,20,-26
-59,18,-27
-61,16,-29
-61,15,-30
-60,14,-30
-61,11,-28
-58,11,-23
-57,8,-21
-61,5,-21
-64,4,-22
-59,1,-16
-61,-1,-17
-63,-2,-17
-64,-4,-16
-62,-5,-14
-63,-4,-13
-66,-4,-14
-67,-4,-13
-68,-4,-12
-65,-3,-15
-64,-2,-15
-64,-1,-16
-63,-1,-18
-60,0,-18
-61,1,-17
-63,-1,-19
-63,1,-20
-63,0,-20
-61,-1,-19
-62,0,-11
-69,-5,-8
-66,-11,-11
-61,-25,-32
-64,-29,-33
-64,-30,-15
-63,-29,-3
-58,-30,11
-54,-26,20
-44,-12,13
-20,-1,18
-33,18,35
-51,11,35
-65,-2,12
-128,3,-19
-125,10,-15
-93,14,3
-90,16,0
-86,28,-3
-82,26,-1
-48,17,11
-31,13,30
-47,6,34
-45,6,27
-54,5,36
-61,3,43
-67,-5,45
-61,-5,52
-56,-4,65
-60,-5,55
-69,-4,44
-70,-1,44
-69,0,42
-74,15,24
-69,24,18
-69,43,9
-60,49,10
-40,63,6
-17,75,5
-18,73,7
-23,72,-4
-23,72,-3
-17,68,4
-25,72,-8
-30,69,-18
-19,65,-11
-5,55,-7
-2,51,-10
-13,25,-6
-23,22,2
-1,14,26
-38,-4,10
-16,23,17
-29,30,30
-38,39,26
-27,39,31
-18,39,38
-27,41,52
-46,45,63
-48,15,53
-16,40,46
-30,50,34
-21,39,24
-32,33,43
-13,42,49
-3,40,50
0,29,57
-6,27,53
-17,23,49
-17,19,50
-7,21,48
0,28,49
9,38,48
8,41,44
7,54,41
7,65,36
12,62,36
20,60,41
25,60,39
25,57,31
28,58,31
26,60,24
16,65,20
-7,67,13
5,68,15
19,60,12
17,50,13
27,30,38
37,29,52
43,29,53
51,38,55
48,39,61
25,46,36
35,46,39
32,38,51
26,37,50
-1,24,60
-6,29,56
-10,36,39
0,30,39
-2,29,41
-5,28,43
-4,30,48
2,29,55
3,31,52
5,30,49
12,39,50
8,46,46
11,38,47
20,37,55
19,37,55
21,39,57
23,64,36
12,64,25
7,66,25
15,69,29
-2,76,19
-17,69,12
1,57,29
2,56,41
-16,56,20
-5,57,18
6,59,32
13,59,30
2,44,38
-73,36,42
-53,57,23
12,61,39
4,54,44
-33,43,36
-29,49,36
-39,36,24
-42,24,19
-37,13,3
-10,0,39
-26,26,43
-22,57,36
-13,60,37
3,46,42
22,43,46
45,37,43
56,32,45
72,19,54
87,19,46
95,8,42
87,-29,70
65,19,38
82,7,34
44,18,47
54,13,-9
59,24,65
61,25,56
49,19,36
41,24,38
43,31,37
39,39,25
31,40,20
23,53,9
23,60,4
28,67,-11
45,67,-5
68,68,5
41,64,-8
32,66,-13
17,68,-12
19,64,-13
17,56,-19
2,56,-28
2,56,-31
-9,58,-34
14,66,-19
21,65,1
-12,83,-29
-8,52,-21
-19,64,30
-25,69,23
-50,56,2
-38,42,55
-41,29,48
-28,45,37
-29,41,29
-38,42,23
-34,42,22
-20,39,28
-28,35,32
-36,31,35
-43,29,44
-38,26,55
-31,25,63
-63,20,50
-35,31,88
-54,7,72
-47,12,51
-42,9,37
-70,6,-34
-84,7,-36
-53,-5,-2
-48,2,1
-45,6,-8
-32,4,-18
-31,0,-20
-18,-1,-10
-18,-5,-6
-32,-29,-5
-44,-46,10
-77,-88,37
-82,-111,31
-99,-121,61
-90,-119,76
-41,-128,76
51,-128,105
73,-128,106
92,-93,89
72,-75,81
41,-49,64
30,-43,55
15,-39,42
9,-41,38
9,-51,30
7,-57,27
3,-69,14
-3,-70,10
-22,-63,3
-38,-50,2
-45,-44,3
-55,-37,6
-56,-36,9
-52,-31,15
-48,-29,21
-44,-30,29
-49,-37,28
-64,-60,22
-78,-78,18
-76,-105,5
-56,-100,4
-24,-76,12
-22,-81,8
-21,-84,5
-21,-79,3
-19,-73,3
-18,-78,0
-16,-73,0
-15,-61,-1
-17,-57,1
-19,-58,1
-19,-59,0
-20,-60,-2
-18,-64,0
-16,-66,1
-22,-57,11
-33,-50,19
-41,-49,35
-30,-49,51
-16,-48,76
-20,-52,77
-18,-56,72
-21,-51,57
-24,-46,46
-36,-42,36
-62,-26,20
-80,-13,14
-80,-8,15
-77,-4,23
-79,-1,22
-80,7,21
-77,7,20
-71,2,15
-70,1,11
-72,3,8
-69,0,7
-63,-4,9
-67,-4,11
-67,-8,8
-58,-17,7
-57,-20,7
-45,-25,12
-42,-23,13
-35,-22,15
-40,-23,13
-56,-18,5
-55,-12,5
-60,-5,13
-59,0,21
-68,9,23
-61,-5,32
-64,-5,32
-59,6,36
-64,3,29
-68,2,-2
-49,-8,-2
-37,-22,-3
-40,-21,-3
-40,-10,0
-35,-8,3
-30,-17,3
-31,-19,5
-29,-22,11
-38,-29,17
-46,-38,19
-68,-54,31
-80,-53,35
-104,-52,37
-123,-50,38
-128,-42,22
-123,-46,23
-11,-92,51
21,-93,59
15,-74,41
-8,-54,28
-19,-53,39
-23,-53,30
-22,-45,24
-26,-41,17
-26,-40,16
-21,-33,21
-17,-27,23
-20,-17,21
-24,-15,20
-31,-18,17
-38,-24,16
-82,-67,9
-98,-106,5
-78,-110,16
-22,-94,39
-18,-89,42
-22,-93,36
-23,-89,34
-19,-81,36
-10,-73,42
-6,-59,50
-4,-56,52
0,-47,52
4,-43,54
12,-36,48
11,-34,42
19,-36,34
6,-24,34
11,-14,40
4,-7,38
3,-9,34
5,-1,37
-6,5,44
-15,-1,59
-1,-2,78
-47,18,82
-37,31,61
-23,26,61
-21,29,50
-26,29,49
-26,29,53
-22,30,50
-19,31,50
-20,33,52
-19,35,49
-19,35,49
-23,37,48
-22,39,47
-31,43,50
-34,43,48
-30,41,45
-27,37,37
-33,33,39
-40,33,37
-40,32,35
-37,31,36
-37,29,29
-50,28,27
-58,26,27
-54,25,20
-53,24,15
-56,20,9
-58,16,17
-54,15,18
-38,7,8
-39,-2,-7
-56,-10,-14
-56,-15,-19
-50,-21,-23
-56,-28,-32
-56,-43,-47
-50,-37,-50
-50,-30,-46
-65,-31,-45
-81,-31,-34
-93,-44,-40
-79,-58,-44
-13,-113,-26
16,-128,-20
57,-122,25
70,-103,41
50,-68,47
29,-60,42
2,-47,29
-8,-43,25
-23,-41,19
-16,-33,20
-20,-30,22
-26,-34,25
-29,-34,25
-37,-37,25
-43,-44,27
-52,-58,26
-57,-65,23
-61,-67,19
-55,-59,18
-44,-51,19
-45,-51,20
-41,-52,19
-40,-54,14
-40,-53,13
-40,-46,11
-40,-44,10
-41,-44,10
-40,-43,9
-37,-43,9
-33,-46,10
-25,-48,12
-21,-47,12
-19,-49,15
-19,-52,16
-20,-53,15
-27,-64,17
-31,-68,20
-30,-66,28
-24,-64,29
-7,-63,30
1,-67,32
5,-76,31
-3,-78,23
-10,-72,12
-14,-66,8
-18,-54,9
-23,-46,12
-26,-44,12
-30,-43,12
-28,-43,13
-20,-47,20
-15,-51,22
-10,-55,25
-12,-56,26
-16,-54,25
-18,-54,24
-25,-61,25
-33,-70,26
-38,-90,26
-30,-87,25
-25,-73,24
-18,-60,20
-18,-63,18
-21,-66,16
-22,-71,14
-21,-74,10
-18,-72,8
-13,-65,6
-14,-62,6
-17,-55,6
-21,-49,4
-22,-49,3
-19,-53,4
-16,-56,5
-11,-58,7
-10,-59,9
-7,-59,13
-5,-61,13
-6,-72,14
-10,-77,18
-14,-75,29
-11,-69,29
-2,-59,30
11,-62,32
7,-64,26
-3,-65,16
-8,-64,10
-13,-55,5
-17,-52,1
-29,-45,1
-32,-42,3
-26,-45,5
-25,-49,7
-22,-55,21
-22,-57,28
-19,-58,30
-5,-68,37
-23,-73,21
-35,-100,39
-36,-106,34
-14,-89,21
-6,-75,20
-3,-62,16
-7,-66,13
-16,-75,11
-17,-79,10
-16,-73,4
-14,-64,3
-13,-61,3
-12,-57,4
-13,-55,3
-17,-52,1
-18,-53,0
-14,-56,0
-12,-57,1
-10,-59,4
-10,-61,4
-12,-65,4
-14,-67,5
-24,-62,18
-29,-57,32
-18,-55,35
12,-60,36
22,-67,32
27,-74,22
22,-74,19
3,-63,16
-8,-55,15
-26,-47,16
-31,-46,15
-32,-47,15
-30,-50,18
-23,-53,24
-20,-53,28
-23,-52,28
-31,-51,31
-34,-52,30
-41,-57,25
-44,-65,22
-49,-95,21
-45,-101,21
-27,-75,18
-21,-63,16
-19,-58,14
-25,-66,13
-30,-70,11
-34,-68,1
-32,-65,-2
-26,-61,-1
-25,-61,0
-28,-57,-1
-29,-54,-2
-31,-52,-4
-31,-53,-5
-26,-53,-3
-24,-53,-2
-24,-54,5
-23,-55,15
-19,-59,18
-6,-68,27
-2,-71,35
5,-71,43
10,-67,43
12,-63,36
9,-66,33
-3,-67,25
-8,-68,21
-24,-67,15
-32,-53,19
-32,-49,23
-39,-44,21
-42,-42,18
-51,-44,15
-54,-45,18
-52,-46,23
-52,-45,26
-57,-43,26
-59,-44,23
-56,-44,21
-51,-43,21
-41,-39,19
-56,-45,16
-66,-51,12
-67,-52,10
-57,-44,11
-48,-33,9
-50,-32,8
-54,-38,4
-52,-38,4
-42,-36,8
-43,-31,10
-45,-29,10
-48,-28,10
-51,-30,13
-46,-30,17
-44,-30,21
-44,-29,23
-46,-28,22
-52,-27,20
-55,-27,19
-58,-26,22
-59,-27,22
-66,-28,22
-74,-30,22
-80,-37,24
-75,-37,27
-56,-32,28
-37,-33,29
-32,-36,28
-27,-42,24
-27,-43,24
-32,-43,22
-37,-42,21
-48,-35,18
-52,-32,17
-54,-26,17
-51,-24,19
-50,-20,23
-52,-17,24
-53,-16,25
-56,-16,25
-57,-15,26
-57,-17,26
-58,-20,25
-71,-30,26
-81,-44,20
-80,-53,15
-74,-47,17
-61,-35,18
-59,-35,15
-56,-43,8
-48,-45,11
-44,-46,14
-39,-40,15
-42,-37,12
-44,-34,10
-44,-33,9
-39,-32,10
-39,-32,11
-38,-34,12
-39,-34,12
-47,-38,13
-51,-39,13
-52,-41,15
-53,-44,18
-55,-47,20
-62,-50,31
-63,-49,37
-52,-46,45
-40,-45,46
-14,-45,45
-10,-49,44
-20,-56,35
-25,-57,32
-28,-52,32
-33,-42,38
-36,-39,40
-34,-32,45
-30,-30,47
-21,-26,52
-20,-23,53
-25,-19,56
-27,-17,54
-22,-18,49
-18,-17,48
-20,-17,46
-12,-26,49
-5,-28,50
-11,-39,43
-12,-44,44
-18,-43,47
-11,-42,48
-4,-43,43
0,-46,50
9,-62,49
-4,-52,58
-10,-30,41
22,-72,25
15,-47,52
5,-46,50
-10,-31,61
-9,-29,63
-7,-32,54
-3,-39,45
-3,-39,49
-10,-33,55
-10,-33,54
-5,-34,52
-5,-33,54
-6,-35,54
-9,-32,54
-7,-32,58
-9,-30,57
-7,-30,57
-6,-31,55
-6,-32,54
-3,-33,53
-1,-30,53
-3,-31,53
-7,-30,58
-8,-32,59
-6,-32,59
-7,-31,54
-8,-33,52
-7,-34,54
-10,-36,52
-10,-37,52
-6,-37,54
-8,-35,56
-12,-35,58
-9,-36,55
-3,-33,49
-5,-30,49
-17,-33,52
-17,-33,56
-14,-35,55
-9,-37,53
-4,-38,56
-2,-43,59
-11,-43,53
-16,-45,45
-20,-45,41
-23,-42,30
-35,-42,27
-34,-36,34
-12,-28,48
-8,-21,56
-11,-22,54
-10,-24,55
-17,-26,59
-21,-26,58
-23,-27,62
-28,-29,62
-30,-23,62
-29,-20,60
-32,-21,56
-29,-21,54
-30,-29,49
-27,-31,50
-25,-39,40
-16,-44,45
-10,-34,63
-16,-26,64
-19,-25,63
-22,-27,58
-19,-26,61
-20,-28,64
-21,-27,63
-16,-33,61
-21,-36,56
-26,-39,51
-28,-43,48
-20,-45,44
-28,-42,26
-36,-37,18
-33,-33,26
-30,-28,30
-30,-28,30
-30,-27,29
-40,-30,28
-47,-33,27
-49,-31,28
-46,-32,28
-40,-38,26
-38,-44,25
-28,-53,26
-29,-64,25
-32,-70,26
-25,-75,27
-26,-74,20
-27,-70,11
-25,-70,14
-32,-66,2
-32,-62,-6
-24,-66,-2
-28,-63,-5
-35,-56,-11
-32,-57,-8
-40,-52,-21
-17,-46,-19
-30,-39,-31
-25,-49,-22
-33,-49,-24
-47,-52,-23
-42,-51,-21
-34,-52,-20
-30,-54,-16
-35,-51,-17
-33,-51,-16
-38,-49,-20
-30,-47,-26
-28,-46,-28
-39,-51,-18
-44,-60,-17
-40,-50,-23
-32,-47,-27
-19,-53,-5
-31,-53,-15
-27,-52,-18
-30,-58,-12
-40,-61,-20
-34,-62,-22
-37,-61,-18
-46,-61,-21
-41,-57,-24
-24,-48,-29
-34,-41,-34
-25,-37,-19
-22,-30,-18
-22,-32,-18
-24,-36,-19
-17,-45,-17
-21,-51,-21
-28,-58,-27
-34,-50,-36
-7,-64,-27
-16,-63,-22
-19,-61,-30
-33,-53,-32
-31,-51,-34
-11,-53,-23
-7,-56,-17
-16,-56,-18
-23,-59,-16
-15,-71,-4
-35,-62,-17
20,-54,4
21,-55,-16
-1,-76,-25
-36,-87,-15
-37,-78,-9
-19,-91,-2
-3,-96,3
30,-69,2
2,-54,-19
53,-59,3
19,-68,-9
0,-75,-20
-2,-71,-16
-17,-64,-22
-19,-55,-28
-20,-49,-31
-24,-44,-33
-22,-42,-33
-10,-57,-17
-18,-59,-22
-28,-60,-33
-19,-59,-32
0,-57,-26
6,-57,-26
-3,-52,-33
2,-50,-33
6,-52,-28
5,-49,-36
-16,-48,-46
15,-50,-37
29,-54,-26
-52,-75,-22
-65,-79,-7
-51,-55,-11
-33,-58,-15
-18,-96,2
11,-92,1
49,-70,-4
30,-67,-40
48,-68,-22
1,-75,-31
-9,-66,-32
-22,-59,-37
-38,-49,-47
-29,-49,-35
-14,-53,-20
-45,-38,-44
-14,-47,-33
6,-61,-12
0,-65,-21
-33,-46,-42
-53,-40,-49
-13,-46,-29
-22,-49,-25
-33,-51,-30
-27,-50,-25
-35,-52,-28
-41,-49,-33
-24,-58,-26
-35,-59,-24
-30,-60,-17
-36,-60,-15
-11,-56,-16
-6,-58,-20
10,-56,-8
6,-56,-14
-15,-59,-25
0,-60,-15
-18,-54,-4
-19,-57,-11
-8,-62,2
-11,-62,8
-4,-60,16
-1,-56,18
-5,-50,17
-8,-51,0
-10,-51,-5
0,-51,-8
1,-58,-13
-7,-70,6
-8,-70,14
-15,-71,16
-27,-71,9
-24,-57,11
-41,-64,12
-48,-68,17
-56,-82,15
-52,-80,15
-53,-61,21
-57,-55,21
-45,-43,25
-46,-37,31
-50,-39,26
-55,-36,17
-69,-28,-14
-83,-29,-31
-71,-33,-31
-62,-43,-23
-56,-39,1
-24,-53,9
-45,-33,24
-50,-52,30
-52,-49,36
-58,-49,31
-57,-47,30
-47,-43,34
-41,-41,36
-33,-36,33
-34,-34,34
-33,-29,35
-33,-25,36
-32,-18,34
-38,-14,33
-41,-13,34
-39,-8,40
-35,-4,43
-38,-3,45
-42,-3,43
-50,-2,46
-47,-1,48
-40,1,48
-41,1,49
-47,-1,47
-45,0,47
-45,0,46
-47,0,45
-48,0,45
-47,-1,44
-47,-2,44
-46,-1,45
-49,-1,44
-48,-3,44
-46,-3,44
-44,-2,43
-43,-1,42
-45,2,41
-48,3,40
-48,4,41
-52,6,41
-55,7,40
-60,8,39
-59,9,38
-58,11,35
-58,11,33
-57,12,30
-57,12,31
-57,12,31
-56,14,30
-58,11,33
-51,14,35
-50,14,36
-48,12,33
-50,13,31
-57,11,31
-56,8,30
-54,7,28
-55,8,28
-60,7,25
-55,3,26
-52,5,32
-53,5,26
-71,8,21
-68,18,16
-59,17,18
-56,13,25
-63,10,24
-63,8,18
-60,7,19
-55,8,21
-58,9,18
-64,10,10
-66,10,8
-66,12,3
-63,14,2
-63,15,1
-64,18,-3
-66,18,-5
-65,19,-9
-63,19,-9
-61,19,-10
-61,19,-10
-59,19,-10
-59,19,-9
-59,18,-6
-61,19,-4
-62,18,-3
-64,19,-2
-64,19,-2
-65,20,-1
-66,21,-1
-67,22,-1
-68,21,-1
-65,20,-2
-63,20,-2
-61,20,-2
-61,19,-2
-60,18,0
-60,18,1
-60,17,2
-59,19,6
-59,19,8
-58,17,9
-59,16,9
-62,16,11
-62,16,11
-59,14,12
-58,13,13
-59,9,14
-59,8,15
-61,4,15
-65,-1,17
-62,-2,21
-66,-7,31
-66,-10,32
-63,-13,26
-63,-13,16
-61,-15,2
-60,-13,4
-56,-15,6
-56,-14,9
-53,-16,4
-62,-16,0
-71,-11,-5
-70,-7,-1
-81,-8,-2
-68,-5,2
-63,-6,6
-65,-8,11
-63,-12,11
-65,-16,17
-56,-18,22
-62,-21,17
-61,-19,16
-56,-21,13
-54,-19,11
-53,-22,9
-51,-27,8
-59,-27,14
-58,-27,16
-58,-30,12
-61,-32,8
-57,-35,8
-57,-32,13
-59,-30,13
-57,-29,10
-56,-31,8
-59,-34,6
-62,-35,8
-66,-35,6
-67,-32,5
-64,-33,5
-66,-40,8
-62,-43,11
-52,-53,6
-58,-58,0
-61,-59,-6
-57,-57,-14
-48,-49,-14
-46,-45,-15
-45,-46,-15
-52,-44,-9
-54,-43,-8
-63,-42,-11
-60,-43,-10
-56,-44,-9
-55,-42,-8
-48,-34,-5
-45,-31,-7
-41,-26,-8
-42,-24,-9
-43,-25,-13
-42,-24,-13
-44,-23,-13
-47,-25,-15
-49,-24,-16
-54,-24,-11
-56,-25,-9
-57,-26,-4
-58,-25,-1
-60,-25,3
-60,-24,6
-61,-24,9
-62,-23,9
-62,-24,7
-57,-24,8
-56,-24,10
-57,-25,10
-56,-26,9
-53,-29,10
-52,-30,10
-54,-31,12
-55,-34,14
-61,-39,17
-64,-45,17
-66,-56,16
-61,-52,18
-44,-42,22
-30,-40,17
-27,-41,13
-28,-43,8
-32,-45,8
-43,-48,4
-46,-43,4
-52,-31,5
-55,-27,6
-60,-24,7
-59,-23,7
-57,-20,14
-57,-19,20
-58,-20,23
-64,-20,25
-67,-20,26
-67,-22,27
-69,-26,26
-73,-46,22
-72,-53,18
-64,-47,18
-61,-41,16
-55,-33,11
-53,-32,8
-50,-34,7
-50,-35,7
-50,-35,6
-51,-33,5
-52,-31,4
-52,-26,3
-53,-25,3
-57,-24,3
-56,-24,4
-59,-29,7
-61,-33,9
-55,-35,10
-46,-33,13
-45,-32,13
-50,-29,12
-54,-30,12
-67,-37,13
-70,-39,13
-71,-36,19
-65,-33,23
-51,-35,28
-43,-38,28
-32,-43,25
-31,-43,23
-36,-42,18
-43,-38,14
-48,-36,13
-57,-32,11
-58,-30,10
-58,-25,12
-58,-23,15
-60,-19,18
-63,-16,19
-68,-11,20
-72,-9,20
-79,-9,18
-78,-9,19
-74,-11,18
-71,-14,18
-71,-17,18
-69,-25,20
-65,-25,20
-51,-25,22
-44,-25,25
-34,-33,22
-33,-39,23
-30,-49,25
-28,-56,25
-17,-63,31
-28,-61,27
-29,-62,23
-16,-61,24
-20,-59,22
-7,-57,19
6,-61,31
-29,-77,29
-9,-64,54
-8,-42,47
-3,-40,48
9,-43,54
11,-42,48
11,-44,44
33,-46,54
41,-47,51
20,-46,34
18,-44,39
20,-44,45
13,-43,44
17,-44,41
19,-46,37
17,-42,36
20,-39,33
36,-35,36
38,-36,34
34,-37,32
40,-37,40
42,-36,42
39,-37,39
37,-35,40
36,-35,45
36,-35,44
36,-35,46
37,-37,48
22,-43,48
26,-37,54
26,-38,56
24,-43,59
10,-42,62
4,-33,61
1,-28,63
-10,-25,62
-14,-22,60
-31,-15,57
-35,-13,54
-46,-8,46
-51,-8,39
-70,1,24
-75,6,17
-71,11,19
-77,13,15
-79,11,14
-83,5,19
-73,1,24
-53,0,32
-44,5,34
-30,13,32
-26,17,29
-37,22,21
-26,26,27
-24,31,30
-24,34,31
-17,37,38
-10,37,41
-8,38,43
-7,41,50
-13,39,48
-13,34,45
-7,33,49
-7,32,51
-11,29,47
-11,28,52
-13,28,57
-20,23,56
-17,22,63
-16,24,66
-32,16,54
-38,13,52
-30,10,64
-29,10,67
-44,9,50
-44,12,49
-37,18,50
-37,20,50
-43,21,47
-43,21,49
-43,21,49
-42,22,47
-42,25,46
-46,28,46
-49,27,46
-47,28,46
-45,28,45
-41,28,46
-40,29,46
-38,31,43
-40,32,41
-42,33,42
-40,33,44
-35,29,46
-31,28,49
-32,25,50
-23,22,53
-18,23,54
-17,24,52
-18,24,52
-20,23,51
-20,23,52
-17,24,53
-17,25,53
-13,26,54
-9,30,56
-11,33,56
-16,36,54
-17,36,54
-17,34,55
-16,32,55
-14,29,52
-13,27,51
-11,25,50
-11,25,49
-10,26,50
-7,26,52
-11,28,57
-18,31,60
-18,31,61
-15,32,61
-11,31,59
-10,31,53
-8,31,52
-7,33,52
-7,33,52
-5,34,53
-6,34,53
-6,34,51
-6,34,51
-7,34,51
-5,35,51
-5,36,51
-6,38,51
-7,39,52
-9,40,52
-9,41,52
-10,41,52
-10,42,51
-11,40,49
-12,40,48
-11,38,47
-9,36,46
-8,35,46
-5,32,46
0,29,49
10,26,55
9,23,55
-7,19,55
-12,18,57
-14,16,57
-15,16,56
-22,17,53
-25,18,51
-31,20,46
-38,22,41
-44,21,39
-50,20,34
-49,20,35
-58,18,38
-64,13,40
-57,8,43
-53,5,46
-43,0,53
-35,-3,59
-26,-12,62
-28,-15,60
-25,-18,65
-24,-19,60
-25,-19,56
-26,-22,58
-24,-20,56
-23,-20,56
-21,-20,56
-21,-20,54
-22,-19,51
-15,-21,54
-17,-22,52
-20,-25,38
-19,-29,42
-18,-29,42
-27,-37,31
-30,-43,31
-32,-49,33
-31,-54,32
-33,-59,25
-46,-64,20
-37,-61,23
-40,-59,16
-50,-57,5
-49,-55,4
-34,-56,12
-44,-55,-4
-48,-54,-10
-41,-54,-9
-36,-53,-11
-43,-56,-16
-37,-55,-12
-34,-56,-13
-34,-55,-15
-29,-57,-11
-29,-56,-9
-35,-55,-18
-36,-52,-22
-32,-50,-21
-34,-52,-18
-32,-52,-16
-43,-54,-21
-38,-53,-17
-29,-53,-15
-32,-50,-19
-32,-49,-14
-29,-54,-10
-38,-51,-15
-38,-52,-14
-37,-49,-15
-38,-49,-17
-37,-51,-16
-40,-54,-15
-40,-54,-13
-46,-49,-16
-49,-49,-19
-36,-52,-12
-35,-50,-11
-35,-51,-12
-35,-50,-11
-39,-49,-10
-37,-50,-8
-36,-48,-7
-39,-48,-4
-43,-49,1
-38,-54,8
-31,-53,4
-37,-54,-5
-42,-56,-6
-34,-56,-8
-33,-55,-10
-40,-56,-19
-41,-56,-17
-47,-56,-18
-43,-54,-18
-40,-45,-20
-40,-44,-14
-36,-45,-12
-40,-38,-19
-35,-38,-17
-30,-39,-17
-32,-44,-17
-29,-48,-14
-26,-48,-16
-16,-58,-9
-21,-60,-8
-38,-55,-21
-43,-52,-17
-33,-52,-13
-40,-51,-19
-62,-46,-32
-26,-51,-14
-37,-57,-14
-49,-53,-23
-34,-55,-16
-24,-61,-8
-24,-63,-9
-10,-66,-2
-13,-69,2
-24,-66,0
-23,-60,-7
-30,-60,-11
-35,-56,-14
-44,-50,-17
-39,-49,-15
-24,-54,-10
-37,-53,-18
-41,-55,-22
-32,-56,-23
-21,-59,-13
-18,-60,-8
-23,-59,-9
-21,-58,-9
-34,-55,-19
-40,-54,-23
-48,-48,-31
-45,-46,-32
-33,-46,-26
-36,-45,-30
-35,-47,-23
-26,-48,-18
-17,-53,-15
-17,-54,-15
-29,-58,-19
-28,-58,-22
-29,-59,-22
-32,-59,-21
-32,-57,-20
-29,-57,-18
-27,-55,-17
-14,-58,-8
-16,-61,-8
-33,-57,-20
-39,-50,-22
-10,-52,-17
2,-55,-10
-59,-51,-26
64,-67,25
23,-77,13
-23,-73,-5
-25,-66,-6
-33,-58,-10
-32,-59,-8
-24,-56,-6
-22,-55,-5
-16,-56,-1
-14,-58,3
-12,-59,7
-13,-59,9
-13,-60,11
-16,-62,11
-15,-65,12
-11,-65,16
-11,-67,18
-13,-72,20
-15,-70,24
-13,-69,22
-13,-68,19
-7,-63,22
-1,-59,22
0,-58,17
-6,-58,19
-8,-59,20
-17,-61,14
-20,-61,14
-20,-61,17
-20,-60,15
-23,-60,13
-23,-59,13
-25,-58,18
-21,-57,18
-21,-57,17
-20,-57,16
-19,-58,18
-19,-58,18
-18,-58,19
-18,-59,19
-19,-59,20
-18,-61,23
-19,-63,24
-18,-65,24
-17,-65,22
-16,-64,21
-14,-63,23
-12,-62,21
-12,-61,19
-14,-60,17
-13,-59,16
-14,-58,15
-15,-57,14
-16,-57,13
-17,-56,14
-17,-56,12
-17,-55,13
-13,-58,15
-15,-61,15
-16,-62,15
-15,-63,16
-13,-65,21
-14,-67,22
-9,-65,26
-6,-64,28
-6,-60,27
-8,-59,28
-6,-56,30
-5,-56,25
-11,-57,13
-17,-59,3
4,-63,4
17,-63,12
5,-65,3
-8,-67,-9
-19,-65,-17
-25,-67,-21
-28,-65,-23
-35,-66,-21
-32,-62,-20
-30,-60,-16
-32,-59,-14
-46,-52,-32
-42,-54,-37
-28,-55,-45
-15,-55,-37
-6,-57,-22
13,-57,-8
13,-54,-10
-13,-45,-32
-24,-47,-36
7,-48,-38
7,-53,-37
-9,-57,-36
-15,-61,-35
-23,-57,-32
-19,-60,-29
-12,-57,-24
-13,-57,-23
-8,-54,-23
7,-61,-21
8,-64,-23
-5,-62,-34
-6,-62,-37
-12,-57,-40
-5,-54,-36
-18,-44,-42
-16,-47,-38
-9,-50,-33
-14,-52,-36
-9,-68,-26
-13,-70,-26
-16,-72,-23
-28,-65,-21
-29,-64,-16
-25,-60,-21
-27,-55,-23
-19,-53,-19
-27,-51,-26
-20,-51,-30
-5,-61,-19
-16,-64,-8
-33,-56,-13
-25,-58,-11
-15,-54,-8
-15,-53,-8
-20,-50,-18
-15,-49,-20
-10,-52,-24
-15,-57,-29
-13,-58,-27
-11,-60,-24
-13,-58,-23
-17,-58,-25
-21,-60,-24
-21,-57,-27
-18,-56,-25
-16,-56,-21
-21,-52,-25
38,-52,14
21,-67,22
-60,-68,-32
-43,-71,-9
-25,-70,-7
-18,-70,2
-15,-77,19
-30,-69,16
-43,-66,6
-58,-71,-11
-46,-70,-7
-37,-71,-12
-47,-63,-22
-59,-56,-30
-54,-53,-23
-41,-51,-27
-38,-49,-21
-34,-49,-5
-40,-51,-11
-50,-44,-12
-48,-43,-10
-50,-41,-19
-55,-36,-12
-51,-31,-12
-52,-22,-23
-61,-23,-20
-57,-19,-19
-60,-13,-24
-62,-12,-25
-67,-8,-28
-61,-11,-24
-50,-12,-17
-54,-15,-10
-55,-14,-7
-52,-15,-4
-57,-14,-3
-63,-14,-8
-62,-16,-10
-59,-16,-8
-62,-17,-10
-68,-16,-12
-67,-14,-12
-64,-13,-11
-65,-14,-9
-65,-14,-8
-69,-16,-9
-66,-18,-13
-64,-17,-13
-58,-17,-15
-55,-18,-16
-58,-19,-21
-56,-19,-23
-57,-19,-27
-59,-20,-28
-58,-21,-24
-55,-21,-22
-55,-23,-18
-61,-26,-14
-59,-27,-11
-57,-30,-10
-57,-31,-10
-59,-34,-11
-58,-35,-11
-55,-36,-11
-55,-35,-12
-53,-33,-12
-50,-31,-12
-43,-27,-11
-44,-26,-12
-44,-24,-12
-42,-20,-13
-42,-18,-13
-44,-15,-17
-45,-15,-19
-51,-15,-23
-54,-14,-25
-64,-17,-28
-67,-18,-29
-73,-17,-29
-75,-15,-27
-77,-12,-20
-75,-10,-17
-74,-7,-16
-78,-6,-15
-75,-9,-14
-68,-6,-16
-66,-4,-18
-66,2,-15
-67,4,-14
-70,4,-13
-70,4,-12
-69,5,-7
-67,6,-5
-65,5,-5
-65,6,-5
-66,4,-8
-68,3,-13
-70,4,-14
-71,4,-13
-69,5,-11
-64,8,-6
-61,9,-5
-58,10,-3
-56,11,-4
-58,11,-5
-59,11,-7
-61,10,-8
-63,10,-8
-64,9,-7
-64,9,-6
-65,10,-5
-65,10,-4
-64,9,-4
-62,10,-5
-62,10,-5
-61,10,-7
-60,9,-8
-60,9,-10
-60,9,-12
-60,9,-14
-60,11,-14
-61,11,-14
-61,12,-15
-62,12,-15
-61,13,-15
-61,13,-16
-63,11,-17
-64,11,-18
-63,11,-19
-64,12,-19
-68,10,-18
-71,7,-17
-67,7,-15
-58,9,-12
-55,10,-12
-58,10,-13
-60,9,-14
-64,10,-17
-64,11,-16
-66,11,-15
-67,10,-14
-67,10,-13
-66,10,-13
-63,11,-14
-62,12,-15
-61,12,-15
-61,12,-15
-62,11,-16
-62,11,-16
-62,10,-16
-63,9,-15
-63,9,-15
-64,7,-13
-64,7,-13
-65,6,-12
-65,5,-12
-63,5,-10
-63,6,-10
-64,6,-10
-64,7,-10
-64,8,-10
-65,8,-10
-65,9,-10
-63,11,-10
-62,11,-10
-62,11,-11
-61,10,-12
-62,8,-12
-65,5,-11
-66,5,-9
-68,6,-6
-67,6,-4
-65,7,-5
-65,7,-6
-63,8,-7
-62,8,-8
-60,8,-10
-60,8,-10
-61,9,-10
-61,8,-10
-63,7,-9
-64,6,-8
-65,5,-8
-66,5,-8
-66,5,-9
-68,4,-9
-68,4,-9
-67,5,-7
-67,6,-6
-66,7,-6
-66,7,-6
-64,7,-7
-63,7,-7
-59,6,-7
-58,7,-6
-58,7,-7
-59,8,-7
-61,9,-8
-65,9,-10
-67,10,-10
-69,10,-10
-69,9,-9
-68,8,-8
-67,7,-7
-66,6,-7
-62,5,-7
-62,6,-7
-62,6,-9
-64,7,-9
-66,7,-9
-66,7,-9
-67,5,-10
-67,6,-9
-66,7,-9
-66,8,-9
-66,9,-9
-65,9,-9
-66,9,-9
-66,8,-7
-65,8,-5
-63,8,-3
-63,7,-3
-63,8,-3
-63,8,-2
-62,9,-1
-63,8,-2
-63,8,-2
-60,7,1
-60,7,2
-65,6,0
-68,5,-1
-66,5,0
-64,6,2
-63,7,5
-63,7,4
-64,9,1
-64,10,0
-63,11,2
-65,11,2
-63,11,2
-63,11,2
-62,9,6
-58,8,7
-56,8,8
-46,10,2
-52,8,-1
-54,3,-17
-56,2,-22
-48,1,-21
-50,1,-27
-69,10,-33
-94,20,-47
-85,25,-50
-63,15,-38
-54,10,-30
-59,14,-24
-55,17,-30
-60,15,-34
-67,13,-27
-71,12,-25
-62,9,-25
-60,14,-9
-70,16,-10
-62,14,-4
-55,15,6
-54,16,15
-50,17,20
-39,13,32
-33,12,47
-28,13,48
-20,7,60
-33,3,58
-43,0,48
-40,0,50
-32,0,55
-31,-1,55
-32,-4,57
-33,-5,57
-29,-4,62
-27,-3,58
-27,-2,57
-25,-3,57
-25,-3,57
-26,-5,59
-25,-6,59
-24,-6,58
-26,-6,59
-30,-7,57
-28,-7,57
-26,-7,59
-26,-7,59
-31,-8,56
-30,-7,55
-26,-7,56
-27,-7,57
-29,-8,57
-29,-9,56
-28,-8,56
-28,-6,58
-28,-6,57
-28,-6,56
-28,-6,57
-29,-6,56
-29,-5,56
-28,-7,58
-29,-8,57
-31,-8,56
-29,-7,57
-29,-7,57
-28,-6,56
-29,-6,56
-32,-7,55
-30,-6,56
-30,-6,56
-30,-6,56
-30,-5,56
-30,-6,56
-29,-6,56
-29,-6,57
-29,-7,56
-29,-7,56
-29,-6,57
-29,-7,56
-29,-6,57
-28,-6,57
-29,-6,57
-30,-6,56
-29,-6,56
-29,-6,56
-29,-7,55
-29,-7,56
-29,-6,56
-29,-6,56
-30,-6,56
-29,-6,57
-29,-6,57
-29,-5,57
-29,-6,57
-30,-6,56
-30,-6,56
-28,-6,57
-27,-6,57
-27,-6,58
-27,-6,57
-28,-6,57
-28,-6,57
-29,-6,57
-30,-6,57
-29,-6,57
-29,-6,57
-31,-4,57
-31,-6,56
-37,-8,53
-37,-6,51
-33,-5,53
-34,-4,53
-33,-4,54
-32,-4,54
-31,-4,54
-32,-5,55
-32,-4,55
-32,-4,56
-32,-4,55
-32,-4,55
-32,-4,55
-32,-5,55
-31,-5,55
-32,-5,55
-31,-5,55
-32,-4,55
-32,-4,55
-33,-4,55
-32,-3,55
-32,-2,54
-33,-5,56
-32,-6,56
-30,-6,57
-27,-7,57
-27,-7,57
-26,-7,58
-26,-6,58
-27,-3,58
-28,-4,58
-27,-3,59
-28,-2,59
-32,0,56
-28,1,57
-27,2,57
-27,2,58
-29,1,56
-27,1,57
-27,0,57
-31,-3,55
-32,-5,55
-33,-8,56
-31,-9,56
-28,-11,56
-29,-12,55
-28,-13,55
-28,-12,55
-31,-13,56
-32,-14,61
-30,-12,60
-30,-14,63
-31,-12,65
-30,-13,67
-26,-13,69
-13,-11,66
-6,-8,65
1,-4,59
-1,-5,54
-10,-4,51
-17,-6,50
-30,-5,49
-30,-3,50
-26,2,54
-26,7,60
-29,16,67
-40,14,61
-42,10,52
-51,12,49
-47,11,51
-32,2,53
-38,0,59
-47,-7,61
-36,-6,54
-29,-2,55
-30,-3,58
-23,-3,58
-18,-2,58
-20,-3,60
-21,-8,62
-18,-7,62
-24,-6,57
-25,-5,58
-21,-2,58
-24,-2,58
-24,-2,60
-23,-3,58
-26,-5,57
-25,-6,60
-25,-7,59
-25,-8,61
-24,-8,62
-19,-7,59
-20,-5,57
-21,-5,57
-23,-7,60
-23,-7,62
-24,-7,60
-26,-6,58
-25,-5,59
-25,-5,58
-24,-4,57
-24,-5,58
-24,-5,59
-24,-5,59
-25,-5,57
-24,-4,58
-26,-4,58
-26,-5,57
-27,-6,58
-28,-6,58
-27,-5,58
-27,-5,58
-27,-6,58
-26,-5,58
-26,-5,58
-29,-5,57
-29,-5,57
-30,-5,56
-29,-5,57
-31,-4,56
-30,-4,56
-31,-4,56
-31,-5,55
-31,-5,56
-30,-4,56
-30,-4,55
-33,-4,55
-34,-4,54
-34,-5,54
-34,-5,54
-34,-4,54
-34,-5,54
-34,-4,54
-34,-4,54
-35,-4,53
-34,-4,54
-35,-4,53
-35,-4,54
-35,-4,54
-35,-4,54
-35,-4,53
-35,-4,53
-35,-4,53
-35,-4,53
-36,-4,53
-36,-4,53
-36,-4,53
-37,-4,53
-38,-4,53
-38,-4,53
-38,-5,53
-39,-6,54
-40,-7,52
-41,-4,53
-45,-1,53
-47,1,50
-42,11,49
-43,15,49
-32,17,53
-23,15,58
0,8,69
13,4,67
13,4,64
4,1,58
-1,-2,58
3,-8,61
6,-8,62
18,-2,62
21,0,66
13,4,70
4,5,70
-15,14,72
-21,13,65
-30,8,46
-30,10,50
-33,11,60
-47,9,70
-45,7,64
-33,9,53
-26,6,53
-19,1,61
-18,-3,61
-26,-6,55
-31,-4,62
-19,-4,63
-19,-2,60
-22,-2,60
-22,-10,59
-25,-9,58
-23,-6,60
-21,-6,60
-24,-7,59
-20,-5,59
-21,-5,59
-25,-6,59
-24,-7,59
-21,-6,60
-21,-5,59
-19,-5,60
-18,-6,60
-19,-5,60
-18,-5,60
-21,-5,60
-21,-6,60
-20,-6,60
-22,-6,60
-19,-6,60
-20,-6,60
-22,-6,59
-23,-6,59
-23,-6,59
-21,-5,60
-20,-6,59
-25,-7,59
-23,-7,59
-20,-6,60
-21,-6,60
-20,-6,61
-20,-6,59
-22,-6,59
-23,-6,59
-21,-5,60
-21,-6,59
-21,-6,59
-22,-6,59
-22,-6,59
-21,-6,60
-21,-6,60
-22,-6,59
-22,-6,59
-21,-6,59
-22,-6,59
-21,-6,60
-21,-6,60
-22,-7,60
-21,-6,60
-22,-6,59
-21,-6,59
-21,-6,60
-22,-7,59
-22,-6,59
-21,-6,60
-21,-6,59
-21,-7,59
-21,-7,60
-22,-7,59
-21,-7,59
-21,-6,59
-21,-7,59
-21,-7,60
-21,-6,60
-22,-7,60
-23,-7,61
-21,-8,59
-20,-6,58
-21,-6,58
-20,-8,61
-21,-7,60
-22,-7,59
-21,-7,59
-21,-7,60
-21,-7,60
-21,-7,60
-22,-7,59
-22,-7,59
-21,-7,60
-20,-7,60
-22,-7,59
-22,-6,59
-22,-7,59
-22,-7,59
-21,-7,59
-22,-7,60
-21,-7,59
-22,-7,59
-22,-7,59
-22,-7,59
-22,-7,59
-22,-7,59
-21,-7,60
-21,-7,59
-22,-7,59
-23,-6,59
-23,-7,59
-22,-7,59
-22,-6,59
-22,-7,59
-22,-7,59
-23,-7,59
-22,-7,59
-22,-7,59
-22,-6,60
-22,-7,59
-23,-6,59
-22,-6,59
-22,-7,59
-23,-7,59
-22,-7,59
-23,-6,59
-23,-7,59
-22,-7,59
-22,-7,59
-23,-7,59
-23,-7,59
-22,-6,59
-22,-7,59
-23,-7,59
-23,-7,59
-22,-7,59
-22,-7,59
-23,-6,59
-22,-7,59
-22,-7,59
-22,-7,59
-23,-7,59
-22,-7,59
-22,-7,59
-23,-7,59
-22,-7,59
-22,-6,59
-22,-7,59
-23,-7,59
-22,-7,59
-22,-7,59
-23,-6,59
-23,-7,59
-23,-7,59
-23,-7,59
-22,-7,59
-22,-7,59
-22,-7,59
-23,-7,59
-23,-7,59
-23,-7,59
-22,-7,59
-22,-7,59
-22,-7,59
-23,-7,59
-22,-7,59
-23,-7,59
-23,-7,59
-22,-6,59
-22,-7,59
-22,-7,59
-22,-7,59
-22,-6,60
-22,-7,59
-22,-6,59
-22,-7,59
-23,-6,59
-23,-6,59
-22,-7,58
-23,-8,59
-22,-8,59
-23,-8,59
-23,-8,59
-23,-6,58
-21,-5,59
-22,-5,59
-22,-5,60
-22,-5,60
-21,-5,59
-22,-4,59
-21,-4,60
-20,-4,60
-20,-4,59
-21,-4,60
-22,-4,61
-20,-4,61
-17,-5,61
-16,-5,61
-14,-6,61
-13,-6,63
-13,-6,63
-15,-4,61
-16,-3,62
-20,-3,60
-22,-3,60
-24,-4,59
-24,-3,58
-23,-3,59
-23,-3,58
-25,-5,58
-25,-6,58
-26,-5,58
-26,-5,58
-26,-5,58
-26,-5,58
-25,-5,58
-26,-5,57
-26,-5,57
-25,-6,58
-26,-6,58
-26,-6,58
-26,-6,58
-24,-6,59
-25,-6,58
-25,-5,58
-25,-5,58
-25,-6,58
-25,-6,58
-25,-6,59
-25,-6,58
-25,-6,58
-25,-6,58
-25,-6,58
-25,-6,58
-26,-6,58
-25,-6,58
-26,-6,58
-26,-6,58
-26,-5,58
-26,-5,57
-26,-5,57
-26,-5,58
-26,-6,58
-27,-6,58
-26,-6,58
-26,-6,58
-26,-6,57
-27,-5,57
-27,-6,57
-27,-6,57
-28,-6,57
-27,-5,57
-27,-6,58
-27,-6,57
-27,-6,57
-27,-6,58
-27,-6,58
-27,-6,57
-26,-6,58
-27,-6,57
-27,-5,57
-27,-6,58
-26,-5,58
-26,-6,58
-27,-6,57
-27,-6,58
-27,-6,57
-26,-6,58
-27,-6,57
-27,-5,57
-27,-5,57
-28,-5,57
-29,-6,57
-28,-6,57
-29,-6,57
-28,-6,57
-28,-5,57
-29,-5,57
-29,-5,56
-29,-5,56
-30,-5,56
-29,-5,57
-29,-5,57
-30,-5,57
-28,-5,58
-26,-5,60
-24,-3,62
-22,-2,63
-20,1,58
-20,4,55
-32,6,50
-34,5,46
-43,4,43
-53,5,45
-54,1,39
-44,0,39
-51,-1,39
-65,-14,41
-57,-10,36
-47,-8,45
-41,-6,47
-38,-6,52
-37,-5,52
-44,-6,47
-47,-6,45
-44,-5,47
-44,-5,48
-43,-3,46
-46,-2,45
-48,-3,44
-49,-4,42
-49,-3,41
-48,-2,40
-50,-2,39
-52,-3,40
-49,-3,42
-46,-3,45
-46,-4,44
-48,-4,45
-49,-4,44
-51,-4,42
-55,-6,42
-54,-6,42
-48,-3,45
-46,0,47
-49,1,43
-47,3,44
-40,8,44
-36,9,47
-39,11,46
-34,11,47
-25,11,55
-22,11,57
-20,8,59
-18,5,63
-18,3,64
-18,1,64
-18,1,63
-20,0,60
-22,-1,60
-25,-2,58
-26,-3,59
-25,-4,59
-25,-6,60
-32,-7,57
-28,-6,57
-27,-5,57
-25,-5,58
-26,-5,57
-27,-5,57
-27,-5,57
-28,-6,58
-28,-6,57
-28,-6,57
-29,-6,57
-27,-5,57
-27,-6,57
-27,-6,57
-28,-6,57
-27,-6,57
-28,-6,57
-28,-6,57
-28,-6,57
-28,-6,57
-28,-6,57
-28,-5,57
-28,-6,57
-28,-6,57
-27,-6,57
-27,-6,57
-27,-6,57
-28,-6,57
-28,-6,57
-28,-6,57
-28,-6,57
-28,-6,57
-28,-6,57
-28,-6,57
-28,-6,57
-28,-6,57
-28,-6,57
-28,-6,57
-28,-6,57
-28,-6,57
-28,-6,57
-28,-6,57
-28,-6,57
-28,-6,57
-28,-6,57
-28,-6,57
-28,-6,57
-28,-6,57
-28,-6,57
-28,-6,57
-28,-6,57
-28,-6,57
-28,-6,57
-28,-6,57
-28,-6,57
-28,-6,57
-28,-6,57
-28,-6,57
-28,-6,57
-28,-6,57
-28,-6,57
-28,-6,57
-28,-6,57
-28,-6,57
-28,-6,57
-28,-6,57
-28,-6,57
-28,-6,57
-28,-6,57
-28,-6,57
-28,-6,57
-28,-6,57
-28,-6,57
-28,-6,57
-27,-6,57
-28,-6,57
-28,-6,57
-28,-6,57
-28,-6,57
-28,-6,57
-27,-6,57
-28,-6,57
-28,-6,57
-28,-6,57
-28,-6,57
-28,-6,57
-28,-6,57
-28,-6,57
-28,-6,57
-28,-6,57
-28,-6,57
-28,-6,57
-27,-6,57
-28,-6,57
-28,-6,57
-28,-6,57
-28,-6,57
-27,-6,57
-28,-6,57
-28,-6,57
-28,-6,57
-28,-6,57
-27,-6,57
-28,-6,57
-28,-5,57
-28,-6,57
-28,-6,57
-28,-6,57
-27,-5,57
-28,-6,57
-28,-6,57
-28,-6,57
-28,-5,57
-28,-6,57
-28,-6,57
-28,-6,57
-28,-6,57
-28,-6,57
-28,-6,57
-28,-6,57
-28,-6,57
-28,-6,57
-28,-6,57
-28,-6,57
-28,-6,57
-28,-6,57
-28,-6,57
-28,-6,57
-28,-6,57
-28,-6,57
-27,-6,57
-28,-6,57
-28,-6,57
-28,-6,57
-28,-6,57
-28,-6,57
-28,-6,57
-28,-6,57
-28,-6,57
-28,-6,57
-28,-6,57
-28,-6,57
-28,-6,57
-28,-6,57
-28,-6,57
-28,-6,57
-28,-6,57
-27,-6,57
-28,-6,57
-28,-6,57
-28,-6,57
-28,-6,57
-28,-6,57
-28,-6,57
-28,-5,56
-31,-6,57
-30,-5,57
-24,-3,57
-26,-2,56
-26,-2,58
-24,-2,59
-22,-3,60
-22,-5,60
-26,-5,59
-26,-5,59
-25,-5,59
-23,-6,59
-24,-6,59
-25,-5,58
-25,-4,58
-25,-5,58
-25,-5,58
-25,-6,58
-24,-6,58
-24,-6,58
-24,-6,58
-25,-6,58
-25,-6,58
-25,-6,58
-25,-6,59
-25,-6,58
-25,-6,58
-25,-6,58
-25,-6,58
-25,-6,58
-26,-6,58
-26,-6,58
-26,-5,58
-26,-6,57
-27,-6,57
-27,-5,57
-26,-5,58
-26,-6,58
-26,-6,58
-27,-6,57
-27,-6,58
-27,-6,58
-27,-6,58
-26,-6,58
-27,-6,58
-26,-6,58
-28,-6,58
-27,-6,58
-25,-5,58
-25,-4,57
-26,-4,58
-26,-4,58
-25,-4,58
-26,-4,57
-26,-4,58
-27,-4,57
-27,-5,58
-25,-4,58
-25,-4,58
-26,-5,58
-26,-6,58
-26,-6,58
-26,-5,58
-26,-5,58
-26,-5,58
-25,-5,57
-27,-5,56
-26,-5,56
-25,-3,56
-27,-3,56
-26,-10,60
-24,-5,59
-25,-7,60
-28,-7,58
-24,-7,59
-24,-8,59
-30,-9,57
-34,-8,59
-23,-3,60
-18,-6,55
-25,-8,55
-19,-10,56
-17,-13,55
-25,-8,61
-29,-9,59
-24,-10,59
-25,-10,58
-25,-8,58
-27,-7,58
-23,-6,59
-24,-6,59
-31,-5,56
-28,-5,57
-24,-5,59
-24,-5,58
-26,-6,58
-27,-6,58
-25,-5,58
-25,-7,58
-24,-7,58
-23,-7,58
-25,-6,59
-25,-6,58
-26,-6,58
-25,-6,58
-24,-6,59
-24,-5,59
-24,-6,58
-25,-6,58
-24,-5,59
-24,-5,59
-24,-5,59
-24,-5,59
-24,-6,59
-24,-5,58
-24,-5,58
-24,-6,59
-23,-6,59
-26,-7,58
-24,-5,59
-23,-7,59
-23,-6,59
-26,-8,58
-27,-8,58
-23,-7,58
-24,-6,60
-26,-5,57
-25,-4,59
-24,-5,59
-26,-4,58
-27,-4,58
-26,-5,59
-24,-4,59
-23,-5,58
-22,-5,59
-22,-6,59
-24,-6,58
-24,-6,58
-23,-6,58
-23,-6,58
-26,-6,57
-25,-7,61
-28,-5,57
-27,-4,57
-27,-3,56
-26,-3,57
-25,-5,59
-24,-5,59
-24,-5,59
-25,-5,58
-25,-5,58
-25,-5,58
-25,-5,58
-26,-5,58
-27,-5,58
-26,-4,58
-27,-4,58
-27,-4,58
-26,-4,58
-26,-4,57
-27,-4,58
-28,-5,57
-27,-5,57
-28,-4,57
-28,-5,57
-29,-5,56
-29,-4,56
-27,-4,58
-27,-5,58
-26,-4,58
-26,-4,57
-26,-5,58
-27,-5,58
-27,-5,58
-27,-5,57
-27,-5,58
-27,-5,57
-27,-5,58
-27,-5,58
-28,-5,57
-27,-5,57
-28,-5,56
-27,-5,57
-29,-5,57
-26,-4,58
-26,-4,58
-26,-4,58
-25,-4,59
-25,-4,58
-24,-4,59
-23,-4,59
-25,-4,58
-26,-4,58
-26,-4,57
-25,-4,58
-24,-4,59
-25,-4,58
-24,-4,59
-23,-4,59
-23,-4,59
-23,-5,59
-23,-5,59
-24,-4,59
-24,-5,59
-24,-4,59
-25,-4,58
-25,-4,58
-26,-3,58
-25,-3,58
-24,-4,59
-24,-4,59
-24,-4,59
-24,-4,59
-25,-4,58
-25,-4,58
-25,-4,58
-25,-4,59
-25,-4,58
-25,-4,58
-26,-4,58
-25,-4,58
-25,-4,58
-25,-4,58
-25,-4,58
-26,-4,58
-26,-4,58
-24,-5,59
-24,-4,59
-24,-4,59
-26,-4,58
-27,-4,57
-27,-4,58
-26,-5,58
-24,-4,59
-24,-4,59
-26,-4,58
-27,-4,58
-27,-4,58
-27,-4,57
-26,-4,58
-26,-4,58
-27,-4,58
-27,-5,58
-26,-4,58
-24,-4,59
-24,-4,59
-25,-4,58
-26,-4,58
-26,-4,58
-26,-4,58
-25,-4,58
-25,-4,58
-26,-4,58
-26,-4,58
-26,-4,58
-25,-4,58
-25,-4,58
-25,-4,58
-25,-4,58
-24,-4,58
-24,-4,58
-20,-3,58
-24,-3,57
-36,-9,55
-32,-8,56
-29,-8,57
-29,-9,56
-28,-9,57
-26,-8,57
-28,-8,57
-29,-8,56
-28,-8,57
-32,-10,55
-31,-10,56
-31,-9,55
-33,-10,52
-45,-9,46
-46,-8,45
-50,-10,42
-44,-6,46
-44,-7,45
-46,-6,46
-47,-6,45
-45,-5,46
-46,-5,44
-42,-3,47
-43,-4,48
-43,-3,46
-45,-1,46
-49,-4,43
-48,-5,43
-46,-5,45
-42,-5,48
-41,-6,48
-42,-7,47
-42,-7,48
-44,-5,46
-45,-5,46
-45,-5,45
-45,-6,45
-44,-5,46
-45,-5,46
-44,-6,46
-44,-6,46
-44,-6,46
-45,-7,46
-45,-7,45
-45,-7,45
-45,-8,44
-43,-8,47
-47,-12,45
-47,-9,45
-46,-6,48
-43,-5,53
-48,-13,48
-42,-22,47
-52,-14,41
-47,-18,39
-55,-8,37
-58,-8,32
-51,-11,26
-52,-10,26
-56,-5,31
-51,-5,38
-51,-9,56
-57,-11,63
-64,-8,48
-39,-11,33
-25,-3,35
19,-21,70
24,-25,80
7,-17,58
-3,-18,53
-5,-22,54
-2,-21,55
-3,-18,54
-6,-19,54
-1,-14,52
1,-13,57
-2,-8,63
5,4,64
2,5,64
-14,-8,57
-24,-11,70
-18,-3,71
-12,-1,61
-15,6,65
-19,5,68
-14,-3,64
-9,-6,64
-23,-9,56
-26,-9,58
-19,-8,60
-24,-7,58
-24,-7,58
-23,-8,61
-24,-7,60
-23,-7,59
-22,-7,59
-25,-5,59
-24,-5,59
-23,-5,59
-22,-6,59
-23,-6,62
-22,-4,58
-22,-5,60
-26,-3,57
-29,-4,57
-23,-4,59
-24,-5,59
-24,-6,59
-26,-5,58
-25,-4,58
-25,-4,58
-26,-5,58
-27,-5,58
-27,-5,58
-24,-5,59
-24,-6,60
-25,-6,58
-25,-5,57
-25,-4,57
-25,-4,58
-26,-5,58
-26,-5,57
-22,-6,60
-23,-7,59
-25,-6,58
-23,-5,57
-24,-5,58
-28,-8,58
-28,-8,58
-27,-6,58
-26,-6,59
-23,-7,60
-21,-6,59
-23,-5,56
-21,-4,58
-28,-6,57
-28,-8,58
-26,-7,59
-25,-7,59
-22,-5,59
-23,-7,58
-25,-11,57
-27,-12,59
-24,-10,60
-21,-13,60
-23,-12,61
-23,-6,53
-22,-5,54
-27,-2,59
-29,-2,57
-30,-6,58
-29,-7,58
-27,-6,58
-27,-3,56
-25,-1,55
-27,0,55
-25,0,57
-24,-6,60
-28,-8,58
-28,-8,57
-25,-8,59
-23,-6,59
-22,-6,59
-24,-6,59
-27,-6,58
-24,-5,58
-23,-6,59
-23,-6,59
-22,-6,59
-26,-6,59
-22,-5,59
-22,-6,59
-22,-6,60
-22,-6,59
-25,-7,58
-22,-6,59
-22,-6,59
-24,-6,59
-23,-6,59
-23,-6,59
-22,-5,59
-21,-6,60
-22,-6,59
-23,-6,59
-22,-6,59
-22,-5,60
-21,-6,59
-23,-6,57
-23,-6,59
-21,-7,62
-23,-6,59
-25,-6,59
-25,-5,59
-24,-3,59
-22,-3,59
-23,-4,59
-25,-4,58
-25,-5,57
-25,-6,58
-25,-7,58
-28,-9,57
-30,-7,56
-31,-6,55
-31,-4,56
-31,-3,55
-32,-4,55
-31,-4,55
-29,-4,57
-29,-4,57
-30,-4,56
-31,-4,56
-29,-5,57
-28,-6,57
-30,-6,55
-32,-5,55
-33,-4,55
-37,-4,51
-37,-4,51
-41,-4,49
-41,-4,49
-42,-4,49
-42,-5,48
-41,-5,49
-42,-5,49
-41,-5,50
-39,-5,50
-39,-5,50
-40,-4,49
-41,-4,49
-43,-3,47
-43,-2,47
-47,-2,44
-49,-1,42
-52,-1,39
-53,-2,38
-53,-2,38
-52,-1,38
-52,-1,37
-54,-1,37
-53,-2,37
-51,-2,37
-53,-2,37
-52,-1,37
-53,-1,37
-53,0,37
-53,-1,36
-53,-2,36
-54,-1,36
-54,-1,35
-55,-1,34
-56,-1,34
-56,-1,33
-56,-2,33
-55,-1,32
-56,-1,33
-55,-1,33
-55,0,33
-56,1,32
-55,1,32
-57,-1,31
-58,0,30
-58,0,29
-59,1,28
-61,-1,26
-58,1,28
-57,2,27
-60,0,26
-61,-1,26
-59,0,27
-57,1,29
-58,1,28
-59,0,28
-60,-1,25
-60,1,25
-60,2,26
-64,1,26
-64,1,26
-58,3,32
-52,0,36
-37,-5,52
-35,-9,53
-35,-10,52
-39,-9,50
-36,-9,50
-37,-10,52
-34,-12,51
-34,-13,53
-37,-10,50
-39,-4,50
-38,-4,51
-39,-9,50
-39,-10,49
-39,-13,50
-35,-14,51
-32,-17,53
-32,-18,52
-33,-15,52
-36,-13,53
-43,-9,53
-39,-5,50
-36,-5,50
-36,-5,52
-39,-5,50
-42,-4,47
-44,-4,46
-48,-4,43
-48,-6,42
-51,-6,40
-51,-6,40
-49,-3,41
-50,-2,40
-52,-2,38
-53,-4,37
-54,-6,36
-54,-7,36
-52,-6,38
-47,-6,43
-48,-8,42
-51,-9,39
-51,-8,39
-51,-6,41
-51,-6,40
-49,-6,41
-49,-5,39
-52,-3,37
-54,-4,35
-54,-4,35
-54,-4,37
-53,-5,38
-50,-7,39
-52,-5,38
-52,-8,39
-53,-6,37
-54,-7,37
-52,-7,37
-53,-6,36
-52,-5,36
-53,-4,36
-53,-3,35
-55,-2,36
-54,-1,36
-54,-2,35
-55,-2,37
-54,-2,37
-53,-4,37
-53,-5,37
-58,-8,39
-51,-10,41
-49,-10,40
-57,-9,38
-59,-9,35
-52,-9,32
-57,-3,30
-56,5,23
-60,10,13
-70,21,4
-66,23,-2
-65,33,-10
-71,43,-4
-56,44,1
-49,48,4
-42,54,6
-40,53,3
-40,52,1
-41,52,-1
-42,52,-4
-44,55,-3
-43,54,0
-40,56,0
-37,56,2
-21,57,13
-16,57,17
-13,58,19
-13,57,22
-10,53,24
-8,47,29
-8,45,31
-7,45,31
-8,46,29
-13,46,30
-16,45,31
-20,45,27
-21,46,23
-17,55,17
-10,60,2
26,65,-6
71,70,12
63,73,19
33,69,16
24,66,13
15,68,4
16,71,3
13,69,3
7,67,1
7,71,2
6,69,2
-16,52,8
-20,53,14
-19,55,17
-28,43,21
-28,41,25
-30,41,30
-28,42,27
-21,46,23
-17,47,22
-6,53,22
-5,56,19
0,60,18
-3,62,17
-2,58,20
6,59,29
5,58,28
1,55,33
-2,53,35
-10,47,35
-13,41,35
-17,38,43
-19,34,44
-23,31,44
-23,29,44
-18,28,54
-18,29,54
-22,27,41
-33,8,55
-26,2,52
-16,4,45
-5,0,60
-6,-14,87
-26,-16,81
13,-15,105
3,-7,86
-11,-2,57
-12,-6,54
-3,-7,58
-12,0,62
-28,-5,75
-23,1,68
-17,6,65
-21,8,64
-19,9,63
-16,9,61
-15,9,60
-16,8,62
-19,8,62
-17,8,60
-16,8,60
-15,6,62
-15,6,62
-13,6,61
-13,4,61
-15,4,63
-13,3,63
-12,3,63
-9,2,63
-10,2,63
-12,0,64
-10,0,63
-9,1,63
-9,0,63
-10,-3,65
-11,-3,62
-9,-3,63
-9,-4,63
-9,-4,63
-9,-4,63
-9,-7,65
-7,-8,64
-8,-8,63
-7,-10,63
-6,-11,63
-6,-12,61
-5,-11,61
-5,-14,61
-3,-16,60
-5,-18,61
-6,-20,61
-5,-21,64
-6,-24,66
-6,-25,63
-10,-25,56
-8,-25,55
-5,-22,59
-5,-19,60
-11,-27,54
-14,-33,51
-10,-35,47
-8,-36,37
-4,-28,24
-6,-17,11
-5,-9,12
-14,-32,40
-16,-29,48
-33,-33,46
-50,-41,43
-65,-49,52
-65,-52,56
-59,-52,55
-53,-50,44
-43,-46,40
-45,-38,35
-46,-41,31
-44,-43,26
-42,-44,26
-38,-44,24
-37,-44,24
-41,-43,29
-46,-46,32
-33,-48,39
-28,-48,39
-24,-48,34
-27,-50,33
-32,-50,32
-39,-46,29
-40,-45,28
-38,-43,30
-37,-42,29
-38,-41,30
-37,-39,30
-40,-38,32
-40,-39,34
-36,-42,34
-34,-41,33
-36,-41,30
-43,-39,26
-45,-37,24
-47,-34,20
-49,-34,19
-57,-32,20
-60,-31,19
-56,-31,15
-56,-28,15
-56,-30,15
-53,-32,16
-55,-30,17
-55,-30,15
-57,-29,15
-55,-29,16
-55,-28,17
-55,-26,16
-54,-27,16
-57,-28,17
-56,-29,18
-57,-29,16
-57,-30,15
-59,-33,14
-57,-32,16
-56,-33,15
-51,-34,15
-50,-35,17
-50,-35,18
-51,-36,19
-49,-36,19
-50,-37,19
-50,-39,20
-48,-39,19
-45,-39,17
-43,-40,18
-46,-40,21
-44,-40,22
-43,-37,18
-42,-38,20
-40,-37,18
-33,-42,16
-33,-45,15
-47,-55,11
-50,-58,11
-40,-61,15
-36,-67,16
-40,-71,12
-42,-73,10
-34,-69,15
-28,-68,12
-31,-72,4
-29,-76,-4
-26,-77,-5
-25,-77,-12
-28,-74,-8
-20,-69,-2
-15,-67,1
-17,-62,1
-23,-62,-2
-9,-57,-4
1,-58,0
-17,-60,-9
-15,-57,-5
-21,-60,-12
9,-66,-4
-2,-60,-4
-33,-58,-12
-2,-57,-13
-18,-55,-11
-5,-52,-17
-4,-38,-15
-25,-41,-26
-40,-40,-24
-41,-51,-26
-31,-48,-19
-35,-52,-30
-28,-56,-17
-2,-65,12
-13,-70,9
-22,-79,-22
-24,-74,-23
-34,-68,-41
-34,-58,-40
-24,-47,-33
-24,-44,-35
-31,-49,-30
-27,-54,-27
-30,-50,-26
-36,-42,-23
-30,-37,-23
-20,-29,-15
-17,-26,-15
-19,-35,-26
-35,-43,-29
-30,-52,-23
-15,-59,-14
-37,-57,-23
-56,-56,-29
-29,-71,-5
-34,-56,-3
-12,-53,-2
-22,-56,-18
-27,-58,-24
-29,-47,-31
-11,-49,-36
-10,-39,-43
-17,-43,-44
-33,-35,-50
-27,-38,-50
40,-45,-17
59,-66,6
-9,-77,-10
-59,-57,-28
-63,-43,-39
-45,-72,-18
-27,-80,-18
-2,-107,-21
59,-79,-2
48,-83,-14
33,-81,-20
-7,-72,-37
-7,-63,-33
-16,-54,-31
-27,-49,-34
-34,-46,-37
-24,-45,-28
-21,-45,-30
-20,-46,-28
-3,-48,-25
-4,-50,-28
-8,-50,-32
3,-59,-32
4,-65,-26
-6,-70,-25
-19,-71,-26
-16,-70,-16
-35,-63,-27
-37,-61,-30
-27,-59,-19
-32,-56,-16
-32,-49,-11
-30,-52,-12
-10,-49,10
-7,-50,1
-13,-59,-11
-19,-61,-12
-16,-62,-20
-25,-60,-26
-22,-60,-27
-10,-60,-29
-20,-68,-29
-30,-49,-35
-33,-51,-36
-32,-49,-36
-12,-55,-32
6,-66,-7
2,-60,-6
-8,-54,-26
-15,-55,-27
-4,-55,-23
-5,-57,-26
-13,-60,-23
-8,-61,-19
-3,-60,-19
0,-44,-28
29,-38,-17
17,-55,3
-31,-74,-3
-49,-78,3
-35,-74,-5
9,-80,4
18,-82,-2
40,-79,-2
34,-81,-12
5,-82,-22
-12,-67,-6
-5,-66,-5
-19,-58,-25
-22,-56,-28
-19,-37,-43
-26,-27,-43
-44,-32,-42
-36,-31,-45
-60,-38,-45
-62,-43,-53
-2,-58,-31
21,-78,13
3,-73,10
-42,-87,4
-41,-81,8
-33,-65,-1
-31,-57,-3
-31,-51,5
-22,-49,5
-34,-49,-7
-42,-48,-3
-28,-43,-3
8,-46,9
19,-50,13
-15,-62,18
-42,-80,14
-59,-55,9
24,-52,57
3,-67,33
-10,-69,17
-34,-70,-11
-13,-57,-4
7,-55,-18
-4,-58,-17
1,-60,-12
6,-62,-11
1,-65,-9
-3,-68,-14
0,-70,-15
-2,-72,-22
4,-70,-25
15,-83,2
38,-76,9
20,-54,-17
15,-57,-25
6,-62,-38
4,-61,-40
7,-68,-34
-5,-64,-36
-9,-54,-30
-8,-52,-35
-9,-51,-35
-1,-52,-30
-3,-57,-24
3,-58,-25
4,-55,-29
-2,-58,-29
-2,-57,-29
-1,-55,-29
1,-56,-27
8,-57,-24
13,-59,-28
12,-58,-31
2,-58,-31
4,-58,-28
9,-55,-27
14,-56,-27
13,-55,-30
12,-55,-30
9,-55,-30
13,-56,-27
16,-52,-29
10,-54,-28
7,-51,-32
18,-55,-32
7,-53,-36
3,-54,-35
3,-55,-38
3,-57,-34
14,-57,-29
2,-58,-31
-6,-56,-31
-12,-59,-30
-10,-57,-35
1,-51,-31
-13,-59,-35
-16,-57,-35
-16,-55,-31
-15,-57,-30
-31,-50,-34
-24,-48,-26
-26,-49,-21
-27,-53,-22
-18,-55,-17
-23,-48,-18
-45,-43,-30
-31,-45,-27
-30,-49,-29
-27,-46,-32
-42,-51,-34
-32,-52,-28
-26,-53,-33
-27,-52,-33
-29,-53,-33
-29,-50,-31
-28,-50,-31
-25,-52,-31
-25,-53,-30
-14,-53,-29
-23,-53,-34
-21,-56,-35
-12,-61,-35
-10,-54,-30
-13,-42,-39
-7,-41,-48
-10,-51,-37
-7,-49,-39
5,-58,-30
10,-55,-36
2,-57,-33
-11,-54,-41
10,-50,-38
-4,-48,-41
0,-53,-36
-3,-56,-40
-2,-59,-39
4,-55,-33
1,-54,-26
3,-56,-27
0,-57,-28
-2,-53,-35
-7,-56,-31
1,-59,-32
-1,-61,-25
-13,-63,-26
-3,-64,-24
-3,-59,-23
-20,-57,-18
-15,-57,-17
-11,-57,-18
-15,-52,-23
-7,-51,-18
-2,-50,-20
-21,-51,-23
-23,-46,-24
-43,-57,-9
-39,-52,-14
-35,-53,-17
-36,-47,-8
-30,-62,-7
-29,-56,-16
-26,-49,-26
-19,-52,-28
-34,-58,-42
-38,-65,-23
-80,-88,-28
-47,-59,-28
-35,-57,-18
-21,-54,-8
-23,-54,4
-50,-50,-10
-56,-36,-1
-44,-36,3
-47,-33,9
-49,-35,9
-63,-34,8
-56,-33,10
-50,-32,12
-53,-33,14
-55,-34,16
-50,-34,20
-47,-34,21
-57,-30,19
-60,-29,17
-61,-27,20
-58,-23,22
-54,-24,22
-55,-24,22
-54,-27,23
-54,-28,24
-57,-28,26
-68,-29,24
-68,-31,18
-62,-29,22
-58,-24,27
-44,-28,37
-30,-25,40
1,-17,59
7,-18,67
-1,-13,73
-11,-10,67
-12,-1,52
-6,2,53
2,3,57
0,-3,51
-2,-8,51
-8,-22,60
-3,-21,60
8,-21,58
6,-26,55
-5,-22,49
-4,-19,54
16,-22,83
9,-4,83
6,0,63
9,1,70
11,4,71
3,-7,60
10,-7,69
8,1,62
2,5,59
-2,4,68
0,4,63
0,3,62
0,4,62
1,3,62
1,3,63
2,2,62
3,2,62
2,4,63
1,3,62
0,5,65
2,3,64
1,4,62
2,4,64
3,4,63
0,2,62
1,3,61
1,3,63
2,3,64
2,4,64
3,2,63
3,4,64
5,3,63
4,3,63
5,2,62
6,2,62
3,2,63
5,1,62
8,0,64
7,0,63
4,2,62
5,2,63
6,0,63
7,0,64
6,0,63
7,0,63
4,0,63
7,-1,64
6,-1,65
4,-2,69
15,-5,58
11,-2,59
7,0,64
11,1,61
12,-1,60
10,-3,62
13,-4,63
12,-5,62
13,-3,63
11,-3,63
10,-2,65
12,-1,68
16,1,67
12,1,63
9,9,67
4,11,61
7,18,62
4,19,63
-1,15,65
0,21,63
1,26,62
-4,22,58
-4,25,59
-5,27,53
-2,29,53
1,31,54
-4,35,59
1,28,59
-3,25,59
-1,17,58
-11,12,51
-9,8,51
-9,3,46
-28,-4,38
-28,-16,48
-20,-21,50
-27,-27,55
-35,-20,56
-55,10,63
-54,12,63
-24,7,60
-25,9,61
-26,10,58
-23,8,58
-22,11,61
-23,8,59
-23,6,57
-28,5,59
-28,4,59
-27,3,59
-28,3,59
-30,2,57
-32,1,56
-33,2,57
-33,2,57
-32,4,56
-30,5,56
-30,6,57
-28,6,56
-28,6,55
-29,7,56
-29,6,56
-29,4,58
-29,4,58
-28,4,57
-29,4,57
-29,5,57
-29,5,56
-30,5,55
-29,6,57
-29,6,58
-29,5,56
-29,6,55
-29,7,55
-30,8,56
-29,6,56
-29,6,56
-31,5,57
-30,5,57
-30,5,56
-29,6,56
-29,7,56
-29,7,56
-28,7,56
-28,6,56
-29,5,57
-29,5,57
-29,5,57
-29,6,56
-28,6,56
-29,6,57
-29,5,57
-30,5,57
-30,5,57
-29,6,57
-29,5,57
-28,5,57
-30,7,57
-30,6,56
-30,8,54
-31,9,53
-34,10,51
-35,9,50
-38,8,49
-39,8,48
-40,6,49
-41,4,51
-42,3,51
-42,5,53
-40,5,53
-38,4,52
-37,3,52
-34,2,54
-33,3,55
-31,4,56
-32,4,56
-31,7,56
-31,9,57
-28,8,52
-30,8,50
-32,10,53
-34,8,55
-35,8,56
-35,6,56
-34,5,54
-33,4,54
-33,4,53
-33,3,54
-32,3,55
-30,2,58
-29,2,58
-29,3,57
-28,3,58
-27,3,57
-28,2,55
-28,2,57
-31,4,59
-31,4,57
-30,7,55
-30,9,54
-32,9,52
-34,9,51
-35,7,51
-46,3,49
-42,2,51
-34,5,56
-34,7,56
-32,9,56
-32,8,55
-21,8,58
-17,9,60
-10,10,62
-8,9,61
-9,9,63
-10,8,62
-13,7,62
-15,7,62
-16,6,61
-20,7,62
-22,7,62
-24,7,59
-25,8,57
-27,8,56
-27,9,56
-28,10,56
-28,10,56
-28,10,56
-28,11,56
-28,10,56
-27,10,57
-26,10,58
-26,10,58
-26,10,58
-26,10,58
-25,9,58
-25,10,57
-26,11,57
-26,11,57
-27,11,57
-26,11,56
-27,11,57
-27,11,56
-26,11,57
-26,11,57
-26,11,57
-26,11,56
-26,11,57
-27,11,57
-27,11,57
-27,11,57
-27,10,57
-28,10,57
-27,10,57
-27,10,58
-27,9,57
-27,10,57
-27,10,57
-26,10,57
-26,11,57
-26,11,56
-26,11,56
-25,10,56
-26,11,57
-26,11,57
-26,10,56
-27,11,56
-27,9,57
-28,10,58
-28,7,57
-28,6,58
-27,5,58
-27,6,58
-26,6,58
-26,6,58
-26,6,58
-27,7,58
-27,7,58
-28,7,58
-27,7,57
-28,8,57
-29,8,57
-28,7,56
-27,5,56
-29,8,57
-28,7,57
-28,7,58
-28,8,57
-28,7,57
-27,8,56
-28,8,56
-29,7,57
-29,7,57
-29,7,56
-29,8,57
-28,7,57
-28,7,57
-28,7,57
-28,7,57
-28,8,57
-28,8,56
-29,8,56
-29,8,56
-29,8,57
-29,7,57
-29,7,57
-29,8,57
-29,8,57
-28,8,56
-28,8,56
-30,8,55
-30,9,55
-31,9,55
-31,9,55
-31,9,55
-31,9,55
-30,9,55
-31,9,55
-31,9,55
-31,8,56
-31,9,56
-30,8,56
-30,9,56
-30,9,56
-30,9,55
-30,9,55
-30,8,56
-30,8,56
-31,9,55
-31,9,55
-31,9,54
-31,9,54
-31,9,55
-31,9,55
-31,8,55
-31,8,56
-31,8,56
-30,8,56
-30,8,56
-29,8,56
-29,8,56
-30,8,56
-30,8,56
-31,8,56
-31,8,56
-31,8,55
-31,8,55
-30,8,56
-30,8,56
-30,8,56
-30,8,55
-30,9,56
-31,9,55
-31,9,55
-31,9,55
-31,9,55
-31,9,55
-31,9,55
-31,9,55
-31,8,55
-31,9,56
-30,9,55
-30,8,56
-31,8,56
-30,8,56
-30,8,56
-30,8,56
-30,8,55
-30,8,55
-31,8,55
-31,8,55
-31,8,55
-31,8,55
-31,9,56
-31,8,56
-30,8,56
-30,9,55
-30,9,55
-30,9,55
-31,9,55
-32,9,54
-32,9,54
-32,9,54
-32,9,55
-32,9,54
-32,9,55
-32,8,55
-32,8,56
-31,8,56
-30,8,56
-30,8,55
-30,8,55
-30,8,55
-31,8,55
-31,8,55
-32,8,55
-31,7,55
-31,7,55
-31,7,55
-31,8,55
-31,7,55
-31,7,55
-31,7,55
-31,7,55
-32,7,55
-31,7,55
-31,7,55
-31,7,55
-31,7,55
-31,8,55
-31,7,56
-31,7,56
-31,7,56
-31,7,56
-31,7,55
-31,7,56
-31,7,56
-31,7,55
-31,7,55
-31,7,56
-31,7,56
-31,7,55
-31,7,56
-31,7,56
-31,7,56
-31,7,56
-31,7,55
-31,7,55
-31,7,56
-31,7,56
-31,7,55
-31,7,55
-31,7,55
-31,7,55
-31,7,55
-31,7,55
-31,7,55
-31,7,55
-31,7,55
-31,8,55
-31,8,56
-31,7,55
-32,7,56
-32,7,55
-31,7,55
-30,7,56
-30,7,56
-31,7,55
-31,7,55
-31,8,55
-31,8,55
-31,8,55
-32,8,55
-32,7,55
-32,7,55
-32,7,55
-31,7,56
-31,7,56
-30,7,57
-30,7,56
-30,7,57
-29,7,56
-29,8,55
-31,9,53
-32,9,53
-33,7,55
-34,5,56
-34,4,56
-34,5,56
-33,5,56
-32,5,57
-30,6,56
-29,7,56
-28,9,56
-27,9,56
-28,8,54
-30,9,56
-31,10,56
-30,8,55
-30,8,55
-31,7,55
-32,7,55
-32,6,55
-32,6,56
-31,7,56
-31,7,56
-31,8,55
-31,8,56
-30,8,55
-30,8,55
-31,8,55
-31,9,55
-30,9,55
-30,10,53
-31,10,53
-32,9,53
-33,8,54
-34,7,55
-33,7,55
-34,8,54
-34,8,54
-33,7,55
-33,6,56
-33,5,56
-35,5,57
-33,5,55
-34,5,52
-38,5,52
-34,9,56
-30,12,56
-26,14,51
-30,17,52
-31,18,53
-34,12,51
-34,14,55
-30,12,56
-27,14,56
-30,20,56
-27,23,58
-30,23,60
-31,22,63
-35,18,62
-38,16,57
-44,15,46
-49,16,45
-44,12,46
-34,6,42
-26,2,36
-22,-7,33
-25,-11,35
-18,-11,38
-22,3,44
-56,17,70
-33,-1,64
21,-1,87
6,4,89
-16,3,72
-32,1,57
-32,1,50
-26,7,50
-23,8,53
-25,13,58
-27,9,57
-26,6,55
-28,4,55
-28,3,56
-29,2,56
-33,-1,57
-36,-1,56
-37,-1,56
-35,-1,54
-34,0,53
-34,0,54
-35,1,54
-35,-1,54
-34,-1,55
-34,-1,55
-32,-1,55
-33,0,56
-33,0,55
-31,0,56
-33,0,55
-33,0,54
-32,-1,54
-34,-1,55
-34,3,54
-33,1,53
-34,1,53
-35,2,55
-35,1,54
-33,0,54
-34,1,54
-33,2,55
-33,1,54
-33,1,55
-33,1,55
-32,2,55
-33,1,55
-33,2,55
-33,2,55
-33,2,55
-33,2,55
-33,2,55
-33,2,54
-33,2,55
-34,2,55
-34,2,55
-33,2,55
-34,2,55
-33,2,55
-33,2,54
-33,2,54
-33,2,55
-33,2,55
-32,2,55
-33,2,55
-33,2,55
-33,2,55
-33,2,55
-33,2,54
-33,2,55
-33,2,55
-33,2,55
-33,2,55
-32,3,55
-32,3,55
-32,3,55
-33,3,55
-33,3,55
-33,3,55
-33,3,55
-33,3,55
-32,3,55
-33,3,55
-33,2,55
-33,2,55
-33,2,55
-33,3,55
-33,3,54
-32,3,55
-32,3,55
-33,3,55
-33,3,55
-33,3,55
-32,3,55
-32,3,55
-32,2,55
-32,2,55
-32,2,55
-32,3,55
-33,2,55
-33,3,55
-33,3,55
-32,3,55
-32,3,55
-33,3,55
-33,3,55
-32,3,55
-32,3,55
-32,3,54
-33,3,55
-32,3,55
-33,3,55
-32,3,55
-32,3,55
-32,3,55
-32,3,55
-32,3,55
-33,2,55
-33,2,55
-33,2,55
-33,2,55
-33,2,55
-32,2,55
-33,2,55
-32,3,55
-33,3,55
-32,3,55
-32,2,55
-32,2,55
-32,3,56
-32,2,56
-32,2,56
-32,3,56
-32,3,55
-32,3,55
-33,3,55
-33,3,54
-33,3,54
-33,3,54
-33,3,54
-33,3,55
-34,3,55
-34,2,55
-34,2,55
-32,1,55
-32,0,53
-32,0,55
-32,0,56
-31,0,56
-32,0,56
-32,0,56
-33,2,56
-33,3,56
-32,3,56
-33,4,54
-33,3,53
-34,4,53
-35,4,53
-35,4,54
-37,5,54
-35,4,54
-35,3,53
-35,2,54
-35,3,53
-36,3,53
-35,3,53
-32,5,53
-29,6,49
-34,9,50
-31,10,54
-30,12,42
-2,5,44
-5,26,75
-2,30,65
-6,37,60
-26,47,46
-14,16,67
-30,31,66
-16,13,55
6,25,52
0,-35,108
-24,36,64
-16,16,59
-11,17,62
-12,14,62
-14,14,61
-16,14,60
-16,14,60
-16,13,61
-16,13,61
-15,13,61
-15,13,61
-15,12,60
-16,13,60
-16,13,61
-16,12,61
-15,12,61
-15,12,61
-16,12,61
-16,12,61
-16,12,61
-15,12,61
-15,12,61
-16,12,60
-16,12,60
-16,12,60
-15,12,60
-15,12,61
-15,12,61
-16,12,61
-16,12,60
-16,12,61
-16,12,60
-15,12,61
-15,12,61
-16,12,61
-16,12,61
-16,12,60
-16,11,61
-15,12,61
-15,11,61
-15,11,61
-15,12,60
-15,12,61
-15,12,61
-16,12,61
-15,12,61
-15,12,61
-15,11,61
-15,12,61
-15,12,61
-15,12,60
-15,12,61
-16,12,61
-15,12,61
-16,12,61
-15,12,61
-15,12,61
-15,12,61
-16,12,61
-15,12,61
-15,12,61
-15,12,60
-15,12,61
-15,12,61
-16,12,61
-16,12,61
-15,12,61
-15,12,60
-15,12,61
-15,12,60
-15,12,61
-15,12,61
-15,12,61
-15,12,61
-16,12,61
-15,12,61
-15,12,61
-15,11,61
-16,12,61
-16,12,60
-16,12,61
-16,12,60
-16,12,61
-16,12,61
-16,12,60
-16,12,61
-16,12,60
-16,12,61
-16,12,61
-16,12,61
-16,12,61
-16,11,61
-16,12,61
-16,12,61
-16,12,61
-16,12,61
-16,12,61
-16,12,60
-16,12,61
-16,12,61
-16,12,60
-16,12,61
-16,12,60
-16,12,61
-16,12,60
-16,12,60
-16,12,60
-16,12,61
-16,12,60
-16,12,61
-16,12,61
-16,12,61
-16,12,60
-16,12,60
-16,12,61
-15,12,61
-16,12,61
-16,12,61
-16,12,60
-16,12,61
-16,12,61
-16,12,60
-16,12,60
-16,12,60
-16,12,61
-16,12,60
-16,12,60
-16,12,60
-16,12,60
-16,12,60
-16,12,60
-16,12,60
-16,12,60
-16,12,60
-16,12,61
-16,12,60
-16,12,60
-16,12,60
-16,12,60
-16,12,60
-16,12,60
-16,12,60
-16,12,60
-16,12,60
-16,12,60
-16,12,60
-16,12,60
-16,12,60
-16,12,60
-16,12,60
-16,12,61
-16,12,60
-16,12,60
-17,12,60
-16,12,60
-16,12,60
-16,12,61
-16,12,61
-16,12,60
-16,12,60
-16,12,60
-16,12,60
-16,12,60
-16,12,60
-16,12,60
-16,12,60
-16,12,60
-16,12,61
-16,12,60
-16,12,61
-16,12,60
-16,12,60
-16,12,60
-16,12,60
-16,12,60
-16,12,60
-16,12,61
-16,12,60
-16,12,61
-16,12,60
-16,12,60
-16,12,60
-16,12,60
-16,11,60
-16,12,61
-16,11,61
-16,12,61
-16,12,60
-16,12,60
-16,12,61
-16,12,61
-16,12,61
-16,12,60
-16,12,60
-16,12,60
-16,12,60
-16,12,60
-16,12,61
-16,12,61
-16,12,60
-16,12,61
-16,12,61
-16,12,61
-16,12,60
-16,12,61
-16,12,60
-16,12,60
-16,12,60
-16,12,60
-16,12,61
-16,12,60
-16,11,60
-16,11,61
-16,12,60
-16,12,60
-16,12,61
-16,12,60
-16,12,60
-16,12,61
-16,12,61
-16,12,60
-16,12,60
-16,12,60
-16,12,60
-16,11,60
-16,12,60
-16,12,61
-16,12,60
-16,12,60
-16,12,60
-16,12,61
-16,12,61
-16,12,60
-17,12,60
-16,12,60
-16,12,61
-16,12,60
-16,12,60
-16,12,60
-16,12,60
-16,12,61
-16,12,61
-16,12,60
-16,12,60
-16,12,61
-16,12,60
-16,12,60
-16,12,61
-16,12,61
-16,12,60
-16,12,61
-16,12,60
-16,12,60
-16,12,60
-16,12,60
-16,12,60
-16,12,61
-16,12,60
-16,12,60
-16,12,60
-16,12,60
-16,12,61
-16,12,61
-16,12,61
-16,12,61
-16,12,61
-16,12,61
-16,12,61
-16,12,61
-16,12,60
-16,11,60
-16,12,61
-16,12,60
-16,12,61
-16,12,61
-16,12,60
-16,12,60
-16,12,60
-16,12,60
-16,12,60
-16,12,61
-16,12,60
-16,12,61
-16,12,60
-16,12,60
-16,12,61
-16,12,60
-16,12,60
-16,12,61
-16,12,61
-16,12,60
-16,12,61
-16,12,60
-16,12,60
-16,12,61
-16,12,61
-16,12,60
-17,12,60
-16,12,60
-16,12,60
-16,12,60
-16,12,61
-16,12,60
-16,12,61
-16,12,61
-16,12,60
-16,12,60
-16,12,60
-16,12,60
-16,12,60
-16,12,60
-16,12,60
-16,12,60
-16,12,60
-16,12,60
-16,12,60
-16,12,60
-17,12,60
-16,12,61
-16,12,60
-17,12,60
-17,12,60
-17,12,60
-16,12,60
-16,12,60
-17,12,61
-16,12,60
-16,12,60
-16,12,60
-16,12,60
-16,12,60
-16,12,60
-16,12,60
-17,12,60
-17,12,61
-16,12,60
-16,12,60
-16,12,60
-16,12,60
-17,12,60
-17,12,60
-17,11,60
-17,12,60
-17,12,60
-17,12,60
-17,12,60
-17,11,60
-17,12,60
-17,12,60
-17,12,60
-16,12,60
-16,12,60
-16,12,60
-17,12,60
-16,12,60
-17,12,60
-17,12,60
-17,12,60
-17,12,60
-17,12,60
-16,12,60
-16,12,60
-17,12,60
-17,12,60
-17,12,60
-17,12,60
-16,12,60
-17,12,60
-17,12,60
-16,12,60
-17,12,60
-17,12,60
-17,12,60
-16,12,60
-17,12,61
-16,12,61
-16,12,60
-17,12,60
-17,12,60
-17,12,60
-17,12,61
-17,12,60
-17,12,60
-17,12,60
-16,12,61
-16,12,60
-17,12,60
-17,12,60
-16,12,60
-17,12,60
-16,12,60
-17,12,60
-17,12,60
-17,12,60
-16,12,60
-16,12,60
-17,12,60
-16,12,60
-17,12,60
-17,12,60
-16,12,60
-17,12,60
-16,12,60
-16,12,60
-16,12,60
-16,12,60
-17,12,60
-17,12,60
-17,12,60
-17,12,60
-17,12,60
-17,12,60
-17,12,60
-17,12,60
-17,12,60
-17,12,60
-16,12,60
-17,12,60
-17,12,60
-17,12,60
-17,12,60
-17,12,60
-17,12,61
-17,12,60
-17,12,61
-17,12,60
-17,12,60
-17,12,60
-17,12,60
-17,12,61
-17,12,60
-17,12,60
-17,12,60
-17,12,60
-17,12,60
-17,12,61
-17,12,60
-17,12,60
-17,11,60
-17,12,60
-17,11,60
-17,12,60
-17,12,60
-17,12,60
-17,12,60
-17,11,61
-16,12,60
-17,12,60
-17,12,60
-17,12,60
-17,12,60
-17,12,60
-17,12,61
-17,12,60
-17,12,60
-17,12,60
-17,12,60
-17,12,60
-17,12,60
-17,12,60
-17,12,60
-17,12,60
-17,12,60
-17,12,60
-17,11,60
-16,12,60
-17,12,60
-17,12,60
-17,12,60
-17,12,60
-17,12,60
-17,12,60
-17,12,60
-17,12,60
-17,12,60
-17,12,60
-17,12,60
-17,12,60
-17,12,60
-17,12,60
-17,12,60
-17,12,60
-17,12,60
-17,12,60
-17,12,60
-17,12,60
-17,12,60
-17,12,60
-17,12,60
-16,12,60
-17,12,61
-17,12,60
-17,11,60
-17,12,61
-17,12,60
-17,12,60
-17,12,60
-17,11,60
-16,12,60
-17,12,60
-17,12,60
-17,12,60
-17,12,60
-17,12,60
-17,12,60
-17,12,60
-17,12,60
-17,11,60
-17,12,60
-17,12,60
-17,11,60
-17,11,60
-17,12,60
-17,12,60
-17,12,60
-17,12,60
-17,12,60
-17,12,60
-17,12,60
-17,12,60
-17,11,60
-17,12,60
-17,12,60
-17,11,60
-17,12,60
-16,12,61
-14,12,63
-13,12,64
-12,9,66
-8,10,71
-24,6,59
-38,8,54
-49,10,48
-46,10,46
-51,17,31
-56,19,23
-47,24,19
-42,26,24
-66,28,37
-63,23,28
30,-3,50
-9,-20,122
-30,12,53
-33,16,47
-25,23,61
-32,26,56
-32,21,27
-15,-30,95
-37,12,38
-38,-1,61
-46,17,69
-26,30,57
-19,27,46
-18,24,40
-18,26,41
-9,22,49
0,18,62
-1,18,66
-5,13,69
-5,10,68
-8,11,70
-7,13,67
-7,15,62
-6,15,60
-3,16,59
2,16,61
16,15,75
8,2,68
-6,-2,61
-39,1,35
-43,0,18
-54,8,-9
-51,14,-28
-60,29,-56
-67,28,-65
-60,34,-86
-50,35,-84
-57,43,-52
-65,51,-49
-48,28,-48
-12,15,1
-4,17,17
-12,28,32
-32,33,28
-65,33,11
-67,33,6
-60,35,3
-58,36,2
-57,35,-1
-55,35,1
-56,35,2
-57,35,1
-58,34,2
-55,34,3
-55,33,4
-55,33,4
-53,34,5
-48,36,6
-47,37,5
-49,38,4
-52,38,2
-54,37,-1
-54,35,-1
-54,33,-1
-55,30,-4
-56,28,-4
-59,33,-5
-60,35,-6
-46,36,-2
-33,35,0
-2,28,31
8,15,50
-128,-80,80
32,-2,66
-48,0,37
-49,-5,41
-33,8,59
-12,9,64
-22,9,60
-23,7,57
-26,10,57
-31,13,57
-30,13,57
-25,13,59
-26,14,61
-25,8,59
-28,6,56
-32,7,54
-33,9,54
-32,8,54
-30,9,56
-30,10,56
-31,11,56
-31,11,55
-31,9,55
-30,8,55
-29,8,55
-29,8,55
-28,6,56
-25,6,57
-23,6,59
-24,3,60
-34,3,57
-45,5,44
-49,6,38
-57,11,25
-65,14,19
-72,17,10
-72,16,10
-65,18,6
-77,20,1
-81,20,12
-83,24,20
-94,27,21
-83,30,32
-69,38,23
-79,45,9
-69,36,3
-34,34,-10
-17,27,-3
12,15,25
20,10,39
-5,10,42
-28,12,23
13,31,-11
49,55,-18
126,74,12
127,99,-33
96,94,-39
68,74,-20
41,40,-10
16,-9,55
0,-8,59
-27,-53,92
-30,-29,96
-41,10,71
-26,22,61
-13,40,42
-18,40,38
-16,37,41
-10,30,37
-12,25,29
-8,21,25
-2,14,31
17,-1,60
23,4,67
14,12,52
5,7,44
-1,15,80
-12,27,84
-36,29,84
-41,20,83
-35,21,88
-34,17,89
-36,13,83
-29,5,74
-23,1,71
-14,-8,64
-9,-12,60
-1,-15,53
3,-13,51
5,-13,50
10,-12,46
14,-13,49
21,-15,57
24,-16,58
27,-18,55
28,-17,57
22,-14,55
21,-12,56
19,-11,56
22,-11,57
22,-14,60
19,-16,61
8,-17,68
-4,-12,68
-9,-11,67
-19,-4,72
-23,-3,71
-38,-3,61
-43,-3,54
-44,-3,47
-40,-2,50
-30,-4,44
-30,-8,44
-33,-22,37
-38,-19,98
-41,-13,51
-24,15,51
-25,21,47
-31,17,51
-33,11,53
-37,4,55
-33,4,54
-27,5,56
-27,4,59
-28,-1,57
-30,-1,55
-23,2,54
-23,3,57
-18,-1,64
-21,3,62
-21,5,60
-24,9,59
-24,10,58
-28,9,58
-29,7,57
-27,5,57
-26,3,60
-24,-2,59
-24,-3,59
-25,-5,58
-26,-6,58
-26,-6,58
-27,-4,58
-26,-3,58
-27,0,58
-27,2,57
-30,4,58
-29,4,56
-29,4,56
-29,3,57
-28,1,57
-28,1,57
-29,2,57
-29,2,56
-29,2,56
-30,2,56
-28,2,56
-28,4,57
-31,3,56
-40,-1,51
-42,-1,47
-50,0,42
-51,1,41
-51,1,41
-48,2,43
-46,2,44
-46,2,46
-45,1,45
-46,2,43
-47,1,41
-54,1,35
-56,0,33
-56,1,31
-57,0,29
-65,-1,22
-63,-1,23
-59,-1,26
-59,-1,26
-60,-1,25
-59,0,25
-60,0,25
-61,0,23
-61,-1,23
-60,0,24
-60,0,24
-60,0,25
-60,0,24
-60,-1,24
-60,-1,24
-59,-1,25
-60,-1,25
-60,-1,24
-61,-1,23
-61,-1,23
-60,-1,24
-60,0,24
-61,0,24
-60,-1,24
-60,-1,24
-60,-1,24
-60,-1,23
-60,-1,24
-60,-1,24
-61,-1,23
-61,-1,23
-61,0,23
-61,0,23
-60,-1,23
-61,-1,23
-61,-1,23
-60,-1,23
-60,0,23
-60,-1,23
-61,-1,23
-61,0,23
-61,-1,23
-61,-1,23
-60,-1,23
-60,-1,24
-59,-1,25
-60,0,23
-62,0,22
-62,-1,21
-61,-1,22
-59,-1,24
-60,-1,23
-62,-1,21
-62,0,21
-61,0,22
-60,-1,24
-60,-1,23
-61,-1,22
-61,-1,22
-61,0,21
-62,-1,21
-61,0,22
-61,-1,22
-61,-1,22
-61,0,22
-61,0,23
-60,-1,23
-60,0,23
-61,0,22
-61,0,22
-61,0,23
-61,0,23
-60,0,23
-60,0,23
-61,0,23
-61,0,23
-61,0,23
-60,-1,23
-60,0,23
-61,0,22
-61,0,22
-61,0,22
-61,0,22
-61,0,22
-61,0,22
-62,-1,21
-62,-1,21
-61,0,22
-61,0,22
-61,0,22
-61,0,22
-63,0,21
-63,0,20
-63,0,21
-62,1,23
-61,0,24
-59,-2,25
-64,-1,24
-60,0,29
-58,1,29
-58,0,25
-57,1,26
-57,4,25
-57,5,26
-61,4,23
-65,3,24
-64,1,25
-62,-7,20
-55,-6,22
-47,-6,13
-45,-8,12
-60,-11,28
-80,-3,48
-57,-15,48
-30,2,41
-23,13,50
-38,15,54
-36,12,57
-35,2,51
-43,0,49
-46,0,46
-44,-1,47
-40,-1,51
-38,-2,51
-39,-5,51
-40,-6,50
-34,-8,53
-34,-7,54
-30,-7,56
-32,-6,55
-33,-6,54
-34,-8,53
-35,-8,53
-35,-7,53
-35,-7,53
-37,-6,53
-37,-7,53
-36,-8,52
-36,-8,52
-37,-8,52
-38,-7,51
-38,-6,51
-35,-6,53
-34,-6,54
-34,-6,54
-36,-6,53
-37,-5,52
-38,-4,52
-37,-4,52
-38,-3,52
-39,-1,52
-41,-2,51
-39,-2,51
-36,-4,52
-35,-4,53
-35,-5,53
-34,-5,54
-34,-7,54
-34,-8,53
-25,-8,57
-25,-10,56
-24,-11,58
-24,-10,58
-20,-10,59
-17,-13,60
-17,-12,60
-19,-9,60
-21,-9,60
-24,-10,58
-24,-11,58
-27,-11,57
-28,-10,57
-24,-10,58
-23,-10,58
-24,-9,58
-25,-10,58
-29,-10,56
-31,-13,54
-31,-14,54
-30,-9,56
-32,-7,57
-32,-6,55
-33,-7,54
-33,-8,55
-33,-8,54
-32,-8,55
-30,-9,56
-27,-10,57
-27,-9,57
-29,-9,56
-31,-8,55
-31,-7,55
-31,-7,55
-31,-8,55
-31,-7,55
-32,-6,56
-33,-4,55
-34,-4,54
-37,-4,53
-36,-5,53
-33,-7,54
-32,-7,55
-32,-7,55
-30,-6,56
-29,-5,57
-30,-6,56
-32,-7,56
-32,-7,55
-31,-8,55
-30,-5,56
-29,-5,56
-29,-4,56
-30,-4,56
-31,-5,56
-33,-6,55
-33,-5,55
-32,-5,55
-31,-6,55
-31,-7,55
-31,-7,55
-31,-5,56
-32,-5,55
-32,-6,55
-32,-6,55
-32,-6,55
-33,-7,55
-32,-6,55
-31,-6,55
-32,-6,55
-32,-6,55
-32,-5,55
-32,-5,55
-32,-6,55
-32,-6,55
-32,-6,55
-32,-6,55
-31,-6,55
-32,-6,55
-33,-6,55
-33,-6,54
-32,-6,55
-31,-6,55
-31,-6,56
-31,-6,56
-33,-6,55
-33,-6,55
-33,-6,54
-34,-7,54
-34,-6,54
-33,-6,54
-31,-6,55
-33,-6,55
-33,-6,54
-33,-6,54
-33,-6,54
-32,-6,55
-32,-6,54
-33,-6,54
-33,-6,54
-34,-6,54
-34,-6,54
-37,-4,54
-41,-2,52
-38,-6,52
-35,-8,55
-34,-4,49
0,-2,54
18,-12,67
0,-7,62
10,-8,60
13,-9,63
11,-8,61
12,-8,61
13,-9,60
12,-11,63
9,-12,61
5,-16,60
-5,-16,63
-7,-16,62
8,-18,69
3,-19,60
1,-12,71
-5,-7,66
3,2,62
-4,4,60
-34,0,53
-26,-1,56
-21,-1,53
-42,-7,46
-50,-11,45
-52,-12,46
-52,-10,41
-53,-7,34
-53,-7,31
-61,-8,23
-60,-7,21
-63,-6,21
-65,-7,19
-62,-9,18
-58,-6,23
-58,-8,19
-60,-8,20
-58,-8,22
-58,-6,27
-62,-7,27
-64,-6,24
-63,-4,24
-57,-5,24
-54,-5,22
-59,-4,23
-63,-4,24
-67,-3,29
-61,-4,28
-55,-7,28
-53,-7,27
-52,-7,26
-57,-5,26
-58,-5,28
-74,-7,41
-56,-1,36
-53,-4,37
-57,-6,37
-49,-12,39
-46,-14,42
-44,-10,46
-46,-6,44
-48,-4,44
-49,-3,43
-49,-4,41
-48,-6,43
-48,-7,43
-48,-9,42
-47,-8,43
-45,-7,45
-43,-8,47
-42,-7,48
-43,-8,48
-43,-8,46
-45,-7,46
-44,-8,46
-44,-8,46
-43,-9,48
-41,-8,48
-41,-9,48
-43,-9,46
-44,-9,47
-44,-9,46
-44,-8,47
-43,-8,47
-43,-7,48
-43,-7,47
-43,-8,47
-43,-8,47
-43,-8,47
-43,-8,47
-44,-8,47
-44,-8,47
-43,-10,47
-43,-10,49
-42,-12,48
-48,-10,48
-48,-22,61
-46,-9,70
-53,-8,69
-49,-5,72
-47,-4,78
-57,2,63
-60,3,65
-49,3,66
-49,11,55
-41,13,50
-26,20,46
-18,24,40
-9,22,42
2,22,42
6,15,47
5,17,43
12,18,44
10,18,43
7,20,42
4,19,46
0,17,57
-6,15,58
-17,13,62
-15,13,64
-11,10,64
-11,11,60
-8,15,57
-3,18,56
-1,18,55
-2,20,54
-2,21,57
1,23,59
2,23,58
2,24,59
4,24,59
2,28,56
4,29,54
8,32,56
8,34,56
5,33,53
6,33,51
10,33,52
9,35,51
8,35,49
12,35,52
15,37,52
20,40,53
18,42,50
20,46,48
25,48,48
20,50,42
22,46,43
25,42,45
21,36,48
18,35,49
14,32,53
9,29,56
5,27,59
4,27,58
7,24,61
11,26,62
3,27,58
2,23,58
7,23,61
0,19,61
1,17,62
6,16,62
2,16,61
2,15,60
3,15,60
1,12,62
0,11,62
2,12,60
1,11,60
1,9,61
0,9,59
0,7,60
1,6,61
-1,5,60
-1,2,62
-2,2,60
-4,0,58
-4,-2,57
-2,-6,57
-2,-6,57
-11,-6,51
-14,-4,51
9,-6,52
27,-6,50
26,-8,48
44,2,47
43,10,50
22,0,51
12,8,46
5,13,43
3,17,44
-4,29,43
-12,27,49
-20,27,51
-30,21,49
-72,15,45
-74,5,67
-67,10,72
-77,27,63
-67,15,57
-33,2,60
-30,4,60
-39,6,52
-37,5,55
-24,5,69
-24,7,69
-22,6,68
-19,2,66
-15,1,62
-18,1,58
-9,0,62
5,-22,96
-8,-10,88
-29,-18,50
-30,-14,52
-24,-6,58
-30,-9,60
-23,-7,58
-26,-4,59
-22,-4,59
-22,-3,60
-25,-1,60
-29,-2,56
-30,-4,56
-32,-4,55
-34,-5,55
-32,-6,55
-31,-7,55
-31,-6,56
-31,-6,56
-36,-6,53
-38,-7,52
-38,-6,50
-42,-4,49
-41,-5,49
-43,-5,48
-43,-5,47
-44,-5,47
-43,-3,48
-43,-4,48
-42,-4,48
-42,-5,49
-41,-5,49
-40,-5,50
-41,-5,49
-41,-5,49
-41,-4,49
-40,-5,49
-42,-4,49
-40,-4,49
-42,-3,48
-43,-4,48
-42,-4,48
-41,-4,48
-40,-2,51
-43,-5,48
-47,-6,45
-47,-5,45
-45,-5,46
-40,-3,49
-36,-3,52
-28,-7,56
-28,-9,56
-24,-13,56
-23,-8,61
-43,-4,48
-51,-4,42
-58,-5,37
-58,-6,37
-47,-2,44
-41,-5,51
-32,-7,53
-23,-8,61
-23,-7,61
-34,-7,53
-41,-10,48
-48,-9,45
-48,-6,44
-49,-5,43
-47,-5,44
-40,-4,50
-37,-2,52
-36,-4,52
-39,-4,51
-40,-5,51
-40,-8,50
-41,-7,49
-42,-7,48
-42,-6,47
-45,-6,44
-47,-5,44
-50,-2,42
-48,-2,42
-48,0,43
-48,-2,42
-48,-3,42
-50,-4,40
-51,-5,40
-51,-5,40
-51,-4,40
-52,-4,40
-51,-4,40
-49,-3,41
-50,-3,41
-50,-4,40
-51,-4,41
-50,-5,40
-52,-6,40
-55,-9,41
-58,-20,43
-55,-22,45
-53,-22,51
-61,-21,46
-77,-18,54
-79,-17,53
-66,-8,53
-53,-5,50
-29,17,32
-40,30,15
-34,43,-6
-5,57,-18
-3,66,-33
-22,20,-7
2,54,7
42,42,-48
44,40,-47
47,47,-43
47,46,-40
38,48,-28
32,50,-24
25,51,-19
21,52,-18
15,53,-20
14,53,-23
16,53,-24
19,53,-25
20,54,-25
21,55,-25
20,56,-24
19,57,-23
17,57,-24
14,57,-27
14,58,-28
16,58,-30
16,58,-29
16,58,-29
16,57,-28
15,57,-27
15,57,-25
14,57,-24
13,57,-23
13,57,-22
13,57,-22
15,57,-22
16,57,-22
17,57,-23
18,57,-22
19,57,-20
19,57,-20
20,57,-19
21,57,-19
22,57,-19
22,56,-20
21,56,-20
21,56,-20
21,56,-20
22,56,-20
21,56,-19
20,56,-19
19,56,-20
19,57,-20
19,57,-20
18,57,-20
18,57,-20
18,57,-20
18,57,-20
17,57,-20
17,58,-20
17,57,-21
17,58,-21
18,58,-21
26,58,-24
32,57,-29
43,55,-39
47,54,-42
47,54,-31
42,52,-26
25,48,-16
12,45,-13
-6,46,-8
-10,46,-1
-20,43,11
-17,41,10
0,29,21
9,16,63
9,10,80
-20,0,76
-44,-3,65
-78,-7,48
-84,-10,47
-43,-5,61
-38,-3,62
-35,-14,54
-35,-22,52
-16,-23,59
-12,-20,58
-12,1,67
-16,9,74
-19,9,68
-30,6,65
-24,11,72
-22,-1,62
-22,-3,57
-18,0,61
-16,0,61
-21,-3,56
-11,-5,62
-16,-10,66
-21,-8,58
-32,-6,54
-33,-7,55
-33,-6,54
-29,-3,57
-30,-4,57
-27,-5,58
-26,-5,58
-28,-5,57
-32,-7,56
-35,-8,53
-33,-7,55
-33,-7,55
-33,-8,54
-35,-8,54
-39,-6,51
-40,-4,50
-42,-5,48
-41,-5,49
-38,-4,53
-36,-5,52
-37,-6,52
-38,-6,52
-38,-6,51
-39,-6,51
-39,-6,51
-39,-6,51
-39,-6,50
-38,-5,52
-38,-6,51
-39,-6,50
-40,-6,50
-40,-6,50
-39,-6,51
-40,-6,50
-40,-5,50
-39,-6,51
-39,-6,50
-40,-6,50
-41,-6,49
-40,-6,49
-40,-6,50
-40,-6,50
-40,-6,50
-40,-6,50
-39,-6,50
-40,-6,50
-40,-5,50
-40,-5,50
-42,-6,48
-43,-5,48
-43,-4,48
-36,-13,50
-36,-17,52
-23,-8,58
-23,-8,59
-18,-9,61
-19,-10,59
-20,-13,58
-23,-12,57
-34,-12,55
-35,-11,53
-31,-9,55
-29,-10,55
-33,-10,54
-34,-10,54
-33,-9,54
-31,-10,55
-30,-10,55
-30,-10,55
-29,-9,55
-32,-9,55
-34,-9,54
-33,-9,54
-33,-9,54
-33,-9,54
-33,-9,54
-33,-9,54
-32,-9,54
-33,-9,54
-32,-10,55
-32,-10,54
-32,-10,55
-33,-9,54
-34,-10,52
-36,-9,53
-37,-10,52
-39,-7,51
-39,-7,50
-37,-4,52
-37,-4,53
-39,-4,51
-40,-4,50
-40,-4,49
-41,-4,49
-41,-4,49
-41,-5,49
-41,-6,49
-42,-7,48
-45,-6,46
-46,-5,45
-47,-6,44
-45,-6,46
-43,-5,47
-42,-5,48
-42,-6,48
-42,-6,48
-43,-7,48
-43,-6,47
-43,-6,47
-43,-6,47
-43,-6,47
-42,-6,48
-42,-6,48
-43,-6,48
-48,-6,44
-49,-3,42
-51,1,47
-47,-1,47
-58,-6,51
-36,8,65
-13,-11,69
-27,-7,55
-21,-8,52
-20,-9,51
-21,-13,48
-18,-10,45
-17,-8,44
-19,-8,42
-21,-9,51
-39,8,123
-57,-20,56
-31,0,54
-40,-12,53
-31,-8,55
-34,-10,53
-31,-5,56
-34,-6,53
-34,-7,53
-35,-7,53
-35,-6,53
-37,-5,53
-36,-5,53
-39,-4,51
-40,-4,51
-40,-4,50
-40,-4,50
-39,-5,51
-39,-5,51
-38,-6,51
-39,-6,51
-38,-6,51
-37,-6,52
-37,-6,52
-39,-6,51
-39,-6,50
-39,-6,51
-39,-6,50
-40,-4,50
-39,-4,50
-39,-5,51
-40,-7,50
-39,-8,50
-40,-6,50
-36,-6,53
-32,-8,56
-31,-11,58
-24,-14,51
-32,-8,44
-55,2,22
-68,0,7
-68,6,-2
-70,4,-10
-68,4,-18
-67,5,-22
-66,7,-19
-63,8,-16
-65,6,-19
-64,5,-15
-63,6,-13
-64,6,-13
-63,5,-13
-64,4,-13
-64,4,-13
-64,4,-13
-64,4,-12
-63,4,-10
-63,5,-9
-63,5,-9
-64,4,-13
-65,4,-13
-64,4,-13
-64,4,-11
-64,4,-9
-63,5,-9
-63,4,-10
-64,5,-11
-65,5,-12
-64,5,-12
-65,4,-12
-64,3,-10
-64,3,-10
-64,3,-10
-64,4,-9
-65,4,-10
-65,3,-10
-65,3,-10
-65,2,-10
-66,3,-9
-66,2,-9
-67,4,-9
-69,5,-5
-70,2,-7
-70,0,-1
-65,3,11
-57,2,22
-54,2,28
-38,2,45
-32,1,53
-26,-5,57
-26,-6,57
-24,-6,59
-33,-5,54
-39,-4,51
-45,-2,46
-47,-2,44
-52,-4,40
-54,-3,37
-56,-2,35
-56,-2,36
-51,-4,39
-51,-4,40
-48,-4,43
-46,-5,44
-46,-5,44
-46,-6,44
-47,-5,43
-47,-4,43
-48,-4,43
-48,-4,43
-48,-4,42
-48,-4,42
-48,-4,43
-47,-4,44
-47,-4,43
-49,-5,42
-49,-5,42
-48,-5,42
-48,-5,43
-47,-5,44
-47,-5,44
-48,-6,43
-48,-5,43
-48,-5,43
-48,-5,43
-47,-5,43
-47,-5,43
-46,-5,44
-47,-4,44
-47,-5,44
-48,-4,43
-48,-5,43
-48,-5,43
-47,-5,43
-47,-5,43
-48,-5,42
-49,-4,42
-49,-4,41
-50,-5,41
-49,-5,41
-50,-5,40
-50,-5,40
-51,-5,40
-52,-4,39
-51,-4,40
-50,-5,40
-48,-4,42
-48,-5,43
-46,-5,44
-46,-6,43
-49,-7,42
-50,-6,40
-52,-7,39
-52,-5,38
-54,-5,37
-51,-5,40
-51,-4,41
-49,-6,40
-47,-8,42
-45,-9,43
-48,-9,40
-54,-7,36
-56,-5,35
-57,-4,35
-58,-4,34
-63,-1,38
-64,-2,37
-52,-3,30
-62,-6,25
-59,-5,28
-58,-10,18
-56,-6,14
-37,-8,22
-38,-9,30
-50,-10,25
-58,-13,30
-86,2,54
-31,-3,41
-44,-8,43
-43,-9,47
-50,-10,41
-51,-10,42
-45,-5,45
-42,-6,47
-37,-10,48
-19,-9,60
-17,-11,65
-39,-15,53
-37,-11,52
-42,-3,55
-43,-2,51
-31,1,53
-31,0,55
-27,0,49
-41,4,54
-34,7,52
-27,13,54
-27,15,55
-33,7,58
-42,5,55
-40,-3,52
-37,-6,54
-30,-4,56
-29,-5,56
-34,-9,54
-36,-11,53
-34,-10,54
-32,-10,55
-32,-9,56
-31,-8,55
-31,-10,55
-31,-14,54
-29,-15,54
-30,-15,54
-29,-14,55
-32,-10,55
-31,-9,56
-35,-10,53
-31,-8,55
-31,-7,55
-31,-8,56
-30,-8,56
-30,-9,56
-30,-8,56
-29,-7,56
-29,-7,56
-32,-9,54
-31,-8,55
-29,-7,56
-30,-8,56
-30,-8,56
-29,-8,56
-30,-8,56
-30,-8,56
-30,-8,56
-30,-8,56
-29,-7,57
-29,-7,57
-29,-7,56
-28,-7,57
-29,-7,56
-29,-7,57
-29,-7,57
-28,-7,57
-28,-7,57
-29,-8,57
-29,-7,57
-29,-7,57
-29,-7,56
-28,-7,56
-28,-7,56
-28,-7,57
-29,-8,57
-29,-7,56
-29,-7,56
-29,-7,56
-30,-7,56
-28,-7,57
-29,-7,56
-31,-6,55
-31,-7,56
-30,-6,56
-31,-7,56
-33,-8,54
-32,-8,56
-31,-7,56
-30,-8,56
-30,-8,57
-30,-6,58
-29,-5,58
-29,-2,57
-32,-3,56
-32,-3,55
-30,-3,55
-28,-3,56
-27,-3,57
-28,-3,57
-28,-4,57
-28,-4,57
-29,-4,56
-30,-4,56
-30,-4,56
-30,-4,56
-30,-4,56
-30,-4,56
-30,-4,56
-30,-5,56
-31,-4,56
-30,-4,56
-30,-4,56
-30,-5,56
-31,-4,55
-31,-4,55
-30,-4,55
-30,-4,55
-31,-4,55
-32,-7,56
-31,-5,56
-31,-5,56
-32,-5,56
-32,-5,55
-32,-5,55
-31,-5,56
-33,-6,55
-32,-6,55
-32,-6,55
-31,-6,56
-32,-6,55
-31,-5,55
-32,-5,56
-31,-5,55
-31,-6,56
-30,-5,56
-31,-5,55
-33,-6,54
-33,-6,54
-34,-6,54
-33,-6,54
-32,-6,55
-31,-6,56
-30,-6,56
-31,-7,56
-33,-6,55
-31,-6,56
-31,-5,56
-30,-6,56
-30,-6,56
-31,-6,55
-32,-5,55
-31,-6,56
-31,-6,55
-32,-6,55
-32,-6,55
-31,-6,56
-31,-6,55
-31,-6,56
-31,-6,56
-32,-6,55
-31,-6,55
-31,-6,56
-31,-6,56
-31,-6,56
-32,-6,55
-31,-6,55
-30,-6,56
-31,-6,56
-31,-6,55
-32,-6,55
-31,-6,55
-32,-6,55
-31,-6,56
-31,-6,55
-31,-5,55
-32,-5,55
-32,-6,55
-31,-6,56
-31,-5,56
-31,-6,56
-31,-5,55
-31,-5,56
-31,-5,55
-31,-5,55
-31,-5,56
-32,-6,55
-31,-6,56
-31,-6,55
-32,-6,55
-32,-5,55
-32,-6,55
-32,-5,55
-31,-5,55
-32,-5,55
-32,-5,55
-32,-5,55
-32,-5,55
-32,-5,55
-32,-5,55
-32,-6,55
-32,-5,55
-32,-5,55
-32,-5,55
-32,-5,55
-32,-5,55
-32,-5,55
-32,-5,55
-32,-5,55
-32,-5,55
-32,-5,55
-32,-5,55
-32,-5,55
-32,-5,55
-32,-5,55
-32,-5,55
-32,-5,55
-32,-5,55
-32,-5,55
-32,-5,55
-32,-5,55
-32,-5,55
-32,-5,55
-32,-5,55
-32,-6,55
-33,-5,55
-31,-5,55
-32,-6,55
-32,-5,55
-32,-5,55
-32,-6,55
-32,-6,55
-34,-6,54
-34,-6,54
-34,-6,54
-34,-6,54
-33,-5,54
-33,-5,55
-33,-5,54
-35,-5,54
-34,-5,54
-34,-5,54
-34,-5,54
-34,-5,54
-34,-5,54
-34,-5,54
-35,-5,54
-35,-5,54
-34,-5,54
-34,-5,54
-34,-5,54
-34,-5,54
-34,-5,54
-34,-5,54
-34,-6,54
-34,-5,54
-33,-5,54
-33,-6,54
-33,-6,55
-33,-6,55
-33,-5,55
-33,-5,55
-33,-6,55
-33,-5,54
-33,-5,54
-34,-5,54
-33,-5,54
-33,-6,55
-33,-5,55
-33,-5,54
-34,-5,54
-34,-5,54
-34,-5,54
-33,-5,54
-34,-5,54
-33,-5,54
-33,-5,54
-33,-5,54
-33,-5,54
-33,-5,54
-33,-5,54
-33,-6,54
-33,-5,54
-33,-6,54
-33,-5,55
-33,-6,54
-33,-5,55
-33,-5,54
-33,-5,54
-34,-6,54
-33,-5,54
-33,-6,55
-33,-5,54
-32,-5,55
-32,-5,55
-33,-5,55
-33,-5,55
-32,-5,55
-33,-5,55
-33,-5,55
-32,-5,55
-32,-5,55
-32,-5,55
-32,-5,55
-32,-5,55
-33,-5,55
-32,-5,55
-32,-5,55
-33,-5,54
-33,-5,54
-33,-5,55
-33,-6,55
-32,-6,55
-32,-5,55
-32,-6,55
-32,-5,55
-32,-6,55
-33,-5,54
-33,-6,54
-33,-5,54
-33,-5,54
-33,-5,55
-33,-5,55
-33,-5,54
-33,-5,54
-33,-6,54
-34,-5,54
-34,-5,53
-35,-5,53
-35,-5,53
-34,-5,54
-33,-5,54
-33,-6,54
-33,-6,55
-33,-6,55
-34,-6,54
-32,-5,55
-31,-5,56
-31,-5,56
-33,-5,55
-33,-6,55
-31,-6,55
-31,-6,55
-32,-6,55
-32,-6,55
-32,-6,55
-31,-6,55
-32,-6,55
-32,-6,55
-32,-6,55
-31,-6,55
-31,-6,56
-30,-5,56
-30,-5,56
-32,-6,55
-32,-5,55
-32,-6,55
-32,-5,55
-31,-6,55
-31,-6,55
-32,-6,55
-32,-6,55
-31,-6,55
-31,-6,56
-31,-6,56
-31,-5,55
-31,-5,56
-31,-6,56
-33,-6,55
-33,-6,54
-32,-6,55
-30,-6,56
-31,-6,56
-31,-6,56
-31,-6,55
-31,-5,56
-33,-6,55
-33,-5,54
-36,-6,54
-33,-5,54
-33,-5,55
-33,-5,54
-34,-5,54
-35,-5,53
-35,-4,53
-35,-4,53
-35,-5,53
-35,-6,53
-35,-5,53
-35,-5,53
-37,-5,53
-36,-5,53
-36,-5,53
-35,-4,52
-37,-5,53
-38,-5,51
-38,-5,52
-37,-5,52
-36,-5,53
-35,-5,54
-34,-5,54
-35,-5,53
-36,-5,53
-36,-5,52
-37,-4,53
-36,-4,52
-36,-5,53
-37,-5,52
-37,-5,52
-37,-5,52
-37,-5,52
-36,-4,53
-35,-5,53
-36,-5,53
-35,-5,53
-36,-5,53
-36,-5,53
-35,-5,53
-35,-5,54
-33,-6,54
-34,-6,55
-35,-5,53
-36,-5,53
-37,-5,52
-37,-5,53
-35,-5,53
-35,-5,54
-35,-5,53
-36,-5,53
-36,-5,53
-36,-5,53
-35,-5,53
-36,-5,53
-35,-5,53
-36,-5,53
-36,-5,53
-35,-4,53
-35,-5,53
-35,-5,53
-35,-5,53
-36,-5,53
-35,-5,53
-35,-5,53
-35,-5,53
-36,-5,53
-36,-5,53
-36,-5,53
-35,-5,53
-35,-5,53
-35,-5,53
-35,-5,53
-35,-5,53
-36,-5,53
-35,-5,53
-36,-5,53
-36,-6,53
-37,-5,53
-36,-5,53
-37,-5,53
-37,-5,52
-37,-5,52
-38,-5,52
-38,-5,52
-38,-5,52
-37,-5,52
-37,-5,52
-37,-5,52
-38,-5,52
-38,-5,51
-37,-5,52
-37,-5,52
-37,-5,52
-37,-6,52
-36,-6,52
-37,-5,52
-37,-5,52
-37,-5,52
-37,-5,52
-37,-5,52
-37,-5,52
-37,-5,52
-37,-5,52
-37,-5,52
-37,-5,52
-37,-5,52
-37,-5,52
-37,-5,52
-38,-5,52
-38,-5,52
-38,-5,52
-38,-5,51
-39,-5,51
-38,-4,52
-36,-5,52
-39,-5,51
-36,-5,53
-34,-4,54
-35,-3,53
-38,-3,52
-38,-1,53
-37,-2,53
-32,-1,54
-38,-3,51
-41,-4,51
-42,-7,47
-41,-7,47
-42,-8,46
-44,-7,45
-48,-7,44
-48,-4,45
-42,-3,48
-41,-2,49
-41,-2,49
-42,-2,49
-42,-2,49
-42,-1,48
-43,-1,48
-43,-2,48
-43,-2,47
-44,-1,48
-43,0,48
-41,0,48
-41,1,49
-39,1,51
-39,1,51
-38,1,51
-39,1,51
-39,2,51
-39,2,50
-39,3,50
-41,2,49
-43,2,48
-48,0,46
-50,0,46
-49,1,46
-50,1,46
-50,1,46
-44,3,47
-41,4,46
-36,3,45
-38,3,49
-29,0,61
-23,0,60
-29,1,55
-27,-4,57
-9,-8,60
-7,-9,60
-8,-16,64
-7,-19,70
-19,-15,63
-22,-12,65
-31,-13,62
-29,-6,58
-25,-2,54
-31,-3,54
-34,-5,52
-15,0,69
-9,1,72
-19,-1,71
-27,0,72
-17,4,70
-9,4,66
-9,6,63
-17,10,52
-6,11,54
-6,12,49
-7,9,48
-9,1,43
-17,-7,45
-21,-11,49
-20,-18,49
-34,-27,51
-31,-30,57
-14,-33,56
-11,-34,66
-25,-31,63
-13,-30,61
-4,-35,65
-30,-27,59
-23,-23,57
-33,-23,52
-28,-25,52
-25,-22,39
-41,-23,36
-37,-25,50
-41,-27,37
-44,-26,36
-29,-27,44
-24,-27,54
-30,-38,54
-32,-30,56
-20,-21,64
-24,-27,64
-34,-24,54
-39,-18,51
-41,-13,48
-40,-8,47
-46,-6,40
-54,-4,37
-51,-1,33
-56,3,31
-60,4,26
-59,11,20
-57,12,16
-63,15,15
-65,15,17
-60,13,21
-55,14,23
-64,16,25
-69,15,25
-64,14,26
-58,14,34
-58,13,39
-54,8,35
-44,6,34
-47,12,47
-44,14,50
-15,22,52
-7,23,59
-19,16,60
-22,11,52
-30,0,56
-27,-3,63
-30,-5,58
-27,-2,60
-24,0,59
-32,2,56
-32,0,59
-21,0,67
-24,-5,60
-24,-1,57
-21,0,61
-20,0,61
-19,-3,60
-28,-6,57
-35,-8,54
-37,-11,54
-32,-8,54
-32,-8,55
-26,-6,57
-32,-8,56
-32,-7,56
-31,-9,57
-27,-9,57
-25,-8,58
-26,-2,59
-28,-2,56
-28,0,57
-30,-1,56
-31,-2,56
-29,-3,56
-29,-4,57
-27,-4,58
-26,-3,58
-25,-2,58
-25,-2,58
-28,-4,57
-26,-4,58
-24,-5,59
-25,-4,58
-26,-3,58
-24,-2,58
-24,-1,59
-21,1,60
-23,0,59
-25,0,58
-24,1,59
-21,0,61
-26,-1,58
-27,-1,58
-25,-2,58
-24,-2,60
-23,-3,59
-22,-2,60
-24,-2,59
-25,-3,58
-27,-3,57
-22,-2,59
-21,-2,60
-23,-2,59
-23,-3,59
-23,-2,59
-23,-2,59
-24,-2,59
-23,-2,59
-23,-2,59
-22,-2,59
-22,-2,60
-23,-2,60
-23,-3,59
-22,-2,59
-23,-2,59
-23,-2,59
-21,-2,60
-21,-2,60
-25,-2,58
-24,-2,59
-23,-2,59
-24,-2,59
-24,-2,59
-23,-2,59
-24,-2,59
-24,-2,59
-24,-2,59
-23,-2,59
-24,-2,59
-23,-1,59
-24,-1,58
-24,1,59
-23,3,59
-23,6,60
-26,5,58
-25,2,59
-24,-7,59
-22,-10,59
-20,-14,59
-22,-13,59
-23,-12,58
-23,-10,59
-13,-5,63
-15,-4,62
-19,-4,61
-23,-3,60
-23,-3,58
-22,-3,59
-23,-3,60
-24,-3,59
-21,-3,60
-19,-1,61
-20,-2,60
-21,-1,60
-23,-2,59
-22,-3,59
-20,-3,60
-21,-3,60
-23,-3,59
-21,-3,60
-21,-3,60
-22,-4,59
-22,-4,60
-21,-4,60
-19,-2,61
-21,-2,60
-23,-3,59
-22,-4,59
-19,-3,60
-19,-3,61
-20,-3,61
-18,-2,61
-19,-2,61
-20,-3,60
-19,-3,60
-17,-3,59
-16,-3,62
-18,-3,61
-19,-3,60
-21,-3,60
-20,-3,61
-20,-3,61
-18,-3,61
-20,-3,61
-20,-3,60
-22,-3,60
-21,-2,60
-21,-2,60
-20,-3,60
-20,-3,60
-22,-3,60
-21,-3,60
-21,-3,60
-21,-2,60
-21,-2,60
-21,-3,60
-21,-3,60
-21,-3,60
-21,-3,60
-21,-3,60
-21,-3,60
-21,-3,60
-21,-3,60
-21,-3,60
-21,-3,60
-21,-2,60
-21,-3,60
-21,-3,60
-21,-2,60
-21,-3,60
-21,-3,60
-21,-3,60
-21,-3,60
-21,-3,60
-21,-3,60
-21,-3,60
-21,-3,60
-21,-2,59
-21,-3,60
-21,-2,60
-21,-3,60
-21,-3,60
-21,-3,60
-21,-2,60
-21,-3,60
-21,-3,60
-21,-3,60
-21,-3,60
-21,-3,60
-21,-3,60
-21,-3,60
-21,-3,60
-21,-3,60
-21,-3,60
-21,-3,60
-20,-3,60
-21,-3,60
-21,-3,60
-21,-3,60
-21,-3,60
-21,-3,60
-21,-3,60
-20,-3,61
-20,-3,60
-22,-3,60
-23,-4,59
-24,-3,59
-23,-4,59
-19,-4,61
-20,-4,60
-21,-4,61
-23,-4,59
-23,-4,59
-27,-4,58
-24,-4,58
-22,-3,59
-21,-3,60
-21,-3,60
-23,-4,59
-23,-4,59
-23,-4,59
-22,-4,60
-22,-4,59
-23,-4,59
-23,-4,59
-23,-4,59
-22,-4,60
-22,-4,60
-23,-4,59
-22,-4,60
-22,-4,59
-23,-4,60
-22,-4,59
-22,-4,60
-22,-4,60
-22,-4,59
-22,-4,59
-22,-4,60
-21,-4,60
-22,-4,59
-21,-4,60
-22,-4,60
-22,-4,60
-22,-4,59
-22,-4,59
-22,-3,60
-22,-4,59
-22,-4,59
-23,-4,59
-23,-4,59
-23,-4,59
-23,-4,59
-23,-4,59
-23,-4,59
-23,-4,59
-23,-3,59
-23,-3,59
-23,-3,59
-22,-4,59
-23,-4,60
-23,-3,60
-25,-3,58
-23,-3,58
-20,-3,59
-20,-4,59
-23,-4,60
-23,-5,60
-21,-4,60
-23,-4,59
-23,-4,59
-22,-4,60
-22,-4,60
-23,-4,59
-23,-4,59
-22,-4,59
-22,-4,60
-22,-4,60
-22,-4,60
-22,-4,59
-22,-4,59
-22,-4,59
-22,-4,59
-23,-4,59
-23,-4,59
-23,-4,59
-22,-4,59
-22,-4,59
-23,-4,59
-23,-4,59
-22,-4,59
-23,-4,59
-22,-4,59
-23,-4,59
-23,-4,59
-22,-4,59
-22,-4,59
-22,-4,59
-22,-4,60
-23,-4,59
-22,-4,59
-22,-4,59
-22,-4,59
-23,-4,59
-22,-4,59
-23,-3,59
-23,-4,59
-23,-4,59
-23,-4,59
-23,-4,59
-23,-4,59
-23,-4,59
-23,-4,59
-23,-4,59
-23,-4,60
-22,-4,59
-23,-4,59
-22,-4,59
-22,-4,59
-22,-4,59
-22,-4,60
-22,-4,59
-22,-4,59
-23,-4,59
-23,-4,59
-23,-4,59
-22,-4,59
-23,-4,59
-23,-4,59
-23,-4,59
-24,-4,59
-24,-4,59
-23,-4,59
-23,-4,59
-23,-4,59
-23,-4,59
-23,-4,59
-23,-4,59
-23,-4,59
-23,-4,59
-23,-4,59
-23,-4,59
-23,-4,59
-23,-4,59
-23,-4,59
-23,-4,59
-23,-4,59
-24,-4,59
-23,-4,59
-23,-4,59
-23,-3,59
-23,-4,59
-24,-3,59
-23,-3,59
-23,-4,59
-23,-4,59
-23,-4,59
-23,-3,59
-23,-4,59
-23,-3,59
-23,-4,59
-23,-4,59
-22,-3,59
-23,-4,59
-23,-3,59
-24,-4,59
-23,-4,59
-24,-4,59
-23,-4,59
-23,-4,59
-23,-4,59
-23,-4,59
-23,-4,59
-23,-4,59
-23,-3,59
-23,-4,59
-23,-3,59
-23,-4,59
-23,-4,59
-23,-4,59
-23,-4,59
-23,-4,59
-23,-4,59
-23,-4,59
-23,-3,59
-23,-4,59
-23,-3,59
-23,-4,59
-23,-4,59
-23,-4,59
-23,-4,59
-23,-4,59
-23,-4,59
-23,-4,59
-23,-4,59
-24,-4,59
-24,-4,59
-24,-4,59
-23,-4,59
-23,-4,59
-23,-4,59
-23,-4,59
-23,-4,59
-24,-4,59
-24,-4,59
-23,-3,59
-23,-4,59
-23,-4,59
-23,-4,59
-24,-4,59
-24,-4,59
-23,-3,59
-24,-4,59
-24,-4,59
-23,-4,59
-23,-4,59
-24,-4,59
-23,-4,59
-23,-4,59
-23,-4,59
-24,-4,59
-23,-4,59
-24,-4,59
-23,-4,59
-23,-4,59
-24,-4,59
-24,-4,59
-23,-4,59
-23,-4,59
-23,-4,59
-23,-4,59
-24,-4,59
-24,-4,59
-23,-4,59
-23,-4,59
-23,-3,59
-25,-4,58
-25,-3,59
-23,-3,59
-23,-4,59
-23,-3,59
-23,-4,59
-25,-4,58
-25,-4,58
-25,-4,59
-24,-5,58
-30,-4,57
-26,-5,58
-30,-5,57
-29,-5,57
-29,-5,57
-29,-5,57
-26,-3,57
-24,-3,59
-25,-4,59
-25,-4,58
-24,-3,58
-24,-2,59
-26,-3,58
-26,-2,58
-23,-2,59
-22,-1,60
-22,0,60
-22,-1,60
-24,-2,59
-23,-2,59
-22,-3,60
-22,-4,60
-22,-4,59
-18,-2,60
-25,-2,59
-18,-2,61
-17,-2,62
-18,-2,61
-18,-2,62
-19,-3,61
-19,-3,60
-18,-2,61
-17,-2,61
-20,-3,61
-21,-3,60
-19,-3,61
-18,-3,61
-18,-2,61
-19,-3,61
-19,-3,61
-20,-3,60
-20,-3,60
-19,-2,61
-20,-2,62
-18,-3,60
-17,-3,59
-16,-2,62
-18,-2,62
-19,-2,60
-18,0,61
-18,-2,61
-19,-1,60
-18,-1,61
-19,-2,60
-20,-1,60
-23,-3,60
-25,-3,59
-26,-4,58
-28,-5,57
-30,-4,57
-26,-2,58
-26,-2,59
-23,-1,60
-24,-2,59
-23,-2,59
-23,-1,59
-22,-1,60
-23,-2,59
-23,-2,59
-25,-3,58
-25,-3,58
-28,-4,58
-26,-4,58
-27,-4,58
-27,-4,58
-32,-6,56
-31,-6,56
-26,-3,58
-30,-4,57
-29,-3,57
-29,-3,57
-29,-3,57
-29,-4,57
-29,-4,57
-28,-4,57
-28,-3,58
-28,-3,57
-28,-4,57
-28,-3,57
-27,-3,58
-27,-3,58
-27,-3,58
-27,-3,58
-28,-3,57
-27,-3,58
-28,-3,57
-27,-3,58
-27,-4,58
-27,-3,58
-27,-3,58
-27,-3,57
-26,-3,58
-26,-3,58
-28,-3,57
-27,-3,58
-27,-3,58
-27,-3,58
-27,-3,58
-27,-3,58
-27,-3,58
-27,-3,58
-27,-3,58
-27,-3,57
-27,-3,57
-27,-3,58
-27,-3,58
-26,-3,58
-27,-3,58
-27,-2,58
-28,-3,58
-27,-3,58
-28,-2,58
-28,-2,57
-27,-2,58
-27,-2,58
-27,-2,58
-27,-2,58
-27,-2,58
-27,-2,58
-27,-2,58
-27,-3,58
-26,-2,58
-26,-2,58
-26,-2,58
-27,-2,58
-26,-2,58
-27,-2,58
-27,-2,58
-27,-2,57
-27,-2,58
-27,-2,58
-27,-2,58
-27,-2,58
-27,-2,58
-27,-2,58
-26,-2,58
-26,-2,58
-27,-2,58
-27,-2,58
-27,-2,58
-27,-2,58
-26,-2,58
-26,-2,58
-27,-2,58
-27,-2,58
-26,-2,58
-27,-2,58
-26,-2,58
-26,-2,58
-26,-2,58
-27,-2,58
-26,-2,58
-27,-2,58
-27,-2,58
-27,-2,58
-26,-2,58
-26,-2,58
-26,-2,58
-27,-2,58
-27,-2,57
-27,-2,58
-27,-2,58
-27,-2,58
-27,-2,58
-27,-2,58
-26,-2,58
-26,-2,58
-26,-2,58
-26,-2,58
-27,-2,58
-26,-2,58
-26,-2,58
-27,-2,58
-26,-2,58
-27,-2,58
-26,-2,58
-27,-2,58
-27,-2,58
-26,-2,58
-26,-2,58
-26,-2,58
-27,-2,58
-27,-2,58
-26,-2,58
-27,-2,58
-27,-2,58
-27,-2,58
-26,-2,58
-27,-2,58
-27,-2,58
-27,-2,58
-27,-2,58
-27,-2,58
-27,-2,58
-27,-2,58
-27,-2,58
-27,-2,58
-27,-2,58
-27,-2,58
-27,-2,58
-27,-2,58
-27,-2,58
-27,-2,58
-27,-2,58
-26,-2,58
-27,-2,58
-27,-1,58
-26,-2,58
-28,-2,57
-27,-2,58
-27,-2,58
-27,-2,58
-26,-2,58
-26,-1,58
-28,-2,58
-27,-2,58
-27,-2,58
-27,-2,58
-27,-2,58
-27,-2,58
-27,-1,58
-28,-2,57
-27,-2,58
-27,-2,58
-28,-1,58
-28,-1,57
-28,-2,57
-28,-1,57
-25,-1,59
-25,0,58
-26,-1,58
-25,-1,59
-25,0,58
-26,-1,58
-26,-1,58
-26,-1,58
-27,-1,58
-26,-1,58
-26,-1,58
-25,-1,59
-25,-1,58
-26,-1,58
-26,0,58
-26,0,58
-26,0,58
-27,1,58
-27,0,57
-27,1,58
-26,1,58
-26,1,58
-27,1,57
-28,1,57
-29,1,57
-29,1,57
-28,1,57
-28,1,57
-28,1,57
-28,1,57
-27,1,57
-28,1,57
-28,0,57
-28,1,57
-28,0,57
-28,0,57
-28,0,58
-28,0,57
-28,0,58
-28,0,57
-28,0,57
-28,0,57
-28,0,57
-28,0,57
-28,0,57
-28,0,57
-28,0,57
-29,0,57
-28,0,57
-29,0,57
-29,0,57
-28,0,57
-28,0,58
-28,0,57
-28,0,57
-28,0,57
-28,0,57
-28,0,58
-28,0,57
-28,0,57
-27,0,57
-28,0,57
-28,0,57
-27,0,57
-27,0,57
-28,0,58
-28,0,58
-28,0,58
-28,0,57
-28,0,57
-28,0,57
-28,0,57
-28,0,57
-28,0,57
-28,0,57
-29,0,57
-29,0,57
-29,0,57
-28,0,57
-28,0,57
-28,0,57
-29,0,57
-29,0,57
-29,0,57
-29,0,57
-29,0,57
-28,0,57
-28,0,57
-28,0,57
-28,0,57
-29,0,57
-28,0,57
-28,0,57
-28,0,57
-28,0,57
-28,0,57
-28,0,57
-28,0,57
-28,0,57
-29,0,57
-28,0,57
-28,0,57
-28,0,57
-29,0,57
-29,0,57
-28,0,57
-28,0,57
-27,0,58
-28,0,58
-28,0,58
-27,0,57
-28,0,57
-28,0,57
-28,0,57
-28,0,57
-28,0,57
-29,0,57
-28,0,57
-28,0,57
-28,0,57
-28,0,57
-28,0,57
-28,0,57
-28,0,57
-28,0,58
-28,0,57
-28,-1,57
-28,0,57
-29,0,57
-28,0,57
-28,0,57
-28,0,57
-29,0,57
-28,0,57
-29,0,57
-29,0,57
-29,0,57
-28,0,57
-28,0,57
-29,0,57
-29,0,57
-29,0,57
-28,0,57
-29,0,57
-28,0,58
-28,0,57
-28,0,57
-28,0,57
-29,0,57
-28,0,57
-28,0,57
-29,0,57
-29,0,57
-29,0,57
-29,0,57
-28,0,57
-28,0,57
-28,0,57
-28,0,57
-28,0,57
-29,0,57
-29,0,57
-29,0,57
-28,0,57
-28,0,57
-29,0,57
-28,0,58
-28,0,57
-28,0,57
-28,0,57
-28,0,57
-29,0,57
-29,0,57
-29,0,57
-28,0,57
-28,0,57
-28,0,57
-28,0,57
-28,0,57
-31,0,56
-31,1,56
-30,0,56
-30,0,57
-29,1,57
-30,0,57
-30,1,56
-30,0,56
-31,1,56
-29,0,57
-28,0,58
-30,0,56
-30,0,57
-31,-1,56
-26,2,58
-27,1,57
-29,1,57
-31,2,56
-30,2,56
-30,3,56
-31,3,55
-34,2,54
-34,2,54
-34,2,54
-36,1,54
-37,2,53
-32,3,56
-33,4,56
-41,4,50
-34,7,51
-27,7,56
-29,5,57
-28,4,58
-26,2,59
-24,1,60
-26,1,58
-29,2,57
-31,4,55
-29,3,56
-37,-1,54
-38,0,53
-29,2,57
-30,1,56
-33,0,55
-31,0,55
-30,0,57
-28,0,57
-29,0,57
-28,0,57
-31,-1,57
-29,1,56
-29,-1,57
-28,-1,57
-28,-1,57
-28,0,57
-28,-1,57
-29,-1,57
-29,-1,57
-27,-1,57
-29,-1,57
-28,0,57
-28,-1,57
-29,-1,57
-28,-1,57
-29,-2,57
-29,-2,56
-29,-1,57
-29,-1,57
-29,-1,57
-29,-1,57
-29,-1,57
-28,-1,57
-29,-1,57
-29,-1,57
-29,-1,57
-28,-1,57
-29,-1,57
-29,-1,57
-28,-1,57
-28,-1,57
-28,-1,57
-28,-1,57
-28,-1,57
-29,-1,57
-28,-1,57
-29,-1,57
-29,-1,57
-29,-1,56
-28,-1,58
-28,-1,57
-29,-1,57
-28,-1,57
-28,-1,57
-29,-1,57
-29,-1,57
-28,-1,57
-28,-1,57
-29,-1,57
-29,-1,56
-28,-1,58
-29,-1,58
-29,-1,58
-28,-1,57
-28,-1,56
-29,-1,57
-28,-1,58
-29,-1,58
-29,-1,57
-29,-1,57
-28,-1,57
-28,-1,57
-29,-1,58
-29,-1,58
-29,-1,56
-28,-1,56
-28,-1,57
-28,-1,57
-28,-1,57
-29,-1,57
-29,-1,57
-28,-1,57
-28,-1,57
-28,-1,57
-28,-1,57
-29,-1,57
-29,-1,57
-28,-1,57
-29,-1,57
-29,-1,57
-29,-1,57
-29,-1,57
-29,-1,57
-29,-1,57
-29,-1,57
-28,-1,57
-28,-1,57
-29,-1,57
-29,-1,57
-28,-1,57
-28,-1,57
-28,-1,57
-28,-1,57
-28,-1,57
-29,-1,57
-29,-1,57
-28,-1,57
-29,-1,57
-28,-1,57
-29,-1,57
-28,-1,57
-29,-1,56
-28,-1,57
-28,-1,57
-29,-1,57
-29,-1,57
-28,-1,57
-28,-1,58
-28,-1,57
-28,-1,57
-28,-1,57
-29,-1,57
-28,-1,57
-28,-1,57
-28,-1,57
-28,-1,57
-28,-1,57
-28,-1,57
-28,-1,57
-29,-1,57
-28,-1,57
-28,-1,57
-28,-1,57
-28,-1,57
-28,-1,57
-28,-1,57
-28,-1,57
-28,-1,57
-29,-1,57
-28,-1,57
-29,-1,57
-28,-1,57
-28,-1,57
-29,-1,57
-28,-1,57
-29,-1,57
-29,-1,57
-28,0,57
-29,-1,57
-28,-1,57
-28,-1,57
-29,-1,57
-28,-1,57
-29,0,57
-28,-1,57
-28,-1,57
-28,-1,57
-28,-1,57
-28,-1,57
-28,-1,57
-28,-1,57
-29,-1,57
-29,-1,57
-28,-1,57
-28,-1,57
-28,-1,57
-29,-1,57
-29,-1,57
-28,-1,57
-28,-1,57
-28,-1,57
-29,-1,57
-28,-1,57
-28,-1,57
-28,-1,57
-28,-1,57
-28,-1,57
-28,-1,57
-28,-1,57
-28,-1,57
-28,-1,57
-28,-1,57
-28,-1,57
-28,-1,57
-28,-1,57
-28,-1,57
-28,-1,57
-28,-1,57
-28,-1,57
-28,-1,57
-29,-1,57
-28,-1,57
-28,-1,57
-28,-1,57
-29,-2,57
-29,-3,57
-30,-3,57
-31,-3,56
-30,0,56
-30,1,57
-29,1,56
-31,1,56
-25,1,59
-23,2,59
-22,3,60
-20,3,61
-25,0,59
-24,0,58
-25,1,58
-24,2,59
-24,0,59
-25,0,57
-25,0,58
-25,0,59
-25,0,59
-26,-1,58
-27,-2,58
-25,-1,59
-25,-1,59
-25,-1,59
-25,-1,58
-24,-1,59
-25,-1,58
-25,-1,59
-24,-2,59
-24,-2,59
-25,-2,59
-25,-2,58
-25,-2,59
-24,-2,59
-25,-2,59
-25,-2,59
-25,-2,58
-25,-2,59
-25,-2,58
-25,-2,59
-24,-2,59
-26,-2,58
-25,-2,58
-25,-2,59
-25,-2,59
-25,-2,58
-25,-2,59
-25,-2,59
-26,-2,58
-25,-2,58
-26,-2,58
-25,-2,58
-25,-2,58
-25,-2,59
-25,-2,58
-25,-2,59
-25,-2,58
-25,-2,59
-25,-2,58
-25,-2,59
-25,-2,59
-25,-2,58
-25,-2,58
-25,-2,59
-25,-2,59
-26,-2,58
-25,-2,58
-25,-2,59
-25,-2,59
-25,-2,58
-25,-2,58
-25,-2,58
-25,-2,59
-25,-2,58
-25,-2,58
-25,-2,58
-25,-2,58
-25,-2,59
-25,-2,58
-25,-2,59
-25,-2,58
-26,-2,58
-25,-2,58
-25,-2,59
-25,-2,59
-25,-2,58
-25,-2,59
-25,-2,59
-25,-2,59
-25,-2,58
-25,-2,58
-25,-2,59
-25,-2,58
-26,-2,58
-25,-2,58
-25,-2,59
-25,-2,58
-26,-2,58
-25,-2,59
-25,-2,59
-26,-2,58
-26,-2,58
-25,-2,58
-25,-2,59
-25,-2,58
-26,-2,58
-25,-2,59
-23,-2,60
-24,-2,59
-25,-2,59
-25,-1,59
-24,-1,59
-25,-2,59
-25,-1,58
-25,-1,58
-24,-2,59
-25,-2,59
-25,-2,59
-25,-2,59
-25,-2,59
-25,-2,59
-25,-2,58
-25,-2,58
-25,-2,59
-26,-2,58
-26,-2,58
-26,-2,58
-25,-2,58
-25,-1,58
-26,-2,58
-26,-2,58
-26,-2,58
-26,-2,58
-26,-2,58
-26,-2,58
-26,-2,58
-26,-2,58
-26,-2,58
-26,-2,58
-26,-2,58
-26,-2,58
-26,-2,58
-26,-2,58
-27,-2,57
-25,-1,59
-26,-2,58
-26,-2,58
-26,-2,58
-26,-1,59
-26,-2,58
-25,-3,59
-28,0,58
-26,-1,58
-26,-1,58
-26,-2,58
-28,-2,58
-26,-1,58
-26,0,58
-24,0,59
-26,0,58
-26,0,58
-27,-1,58
-26,-1,58
-26,-1,58
-26,-1,58
-26,-1,58
-26,-1,58
-26,-1,58
-26,-1,58
-27,-1,58
-27,-1,58
-27,-1,58
-26,-1,58
-26,-1,58
-26,-1,58
-27,-1,58
-26,0,58
-26,0,58
-26,-1,58
-27,-1,57
-27,-1,58
-26,-1,58
-26,-1,58
-26,-1,58
-26,-1,58
-27,-1,58
-27,-1,58
-26,-1,58
-27,-1,57
-26,-1,58
-26,-1,58
-27,-1,58
-26,-1,58
-27,-1,58
-27,-1,58
-27,-1,58
-27,-1,58
-27,-1,58
-27,-1,58
-27,-1,58
-27,-1,58
-27,-1,57
-27,-1,58
-27,-1,58
-26,-1,58
-26,-1,58
-27,-1,58
-27,-2,58
-26,-1,58
-25,-1,59
-26,0,58
-26,0,58
-26,-1,58
-26,-1,58
-26,-1,58
-25,0,58
-26,0,58
-26,0,58
-26,-1,58
-26,0,58
-25,0,59
-26,0,58
-25,0,58
-25,0,59
-25,0,59
-26,0,59
-26,0,58
-26,0,58
-26,1,58
-26,1,59
-25,0,59
-25,0,58
-25,0,59
-25,0,59
-25,0,59
-25,0,59
-25,0,59
-25,1,59
-25,1,59
-25,0,58
-25,0,58
-26,0,58
-26,0,58
-26,0,58
-25,0,59
-25,0,58
-27,-1,58
-27,0,58
-26,0,59
-26,0,58
-26,0,58
-26,0,58
-26,0,58
-26,0,58
-26,0,58
-26,0,58
-26,0,59
-27,-1,58
-26,-1,59
-24,1,58
-26,1,58
-26,2,58
-25,2,58
-25,2,58
-25,2,58
-27,1,58
-27,2,57
-24,2,59
-24,1,59
-24,1,59
-26,1,58
-25,1,58
-24,1,59
-25,1,59
-26,1,58
-28,1,58
-23,2,59
-20,2,60
-18,2,61
-18,2,61
-16,3,62
-16,2,62
-16,2,61
-18,2,61
-19,2,61
-18,2,61
-18,2,61
-19,2,61
-19,2,61
-19,2,61
-19,2,61
-20,1,60
-20,2,60
-20,2,61
-19,2,61
-18,1,62
-19,2,61
-19,2,61
-21,2,60
-20,2,60
-20,2,60
-20,2,60
-19,2,61
-19,1,61
-19,2,61
-20,2,61
-20,2,60
-20,1,61
-19,2,61
-20,2,60
-20,2,61
-19,2,61
-19,2,61
-20,2,60
-20,2,60
-20,2,61
-21,2,60
-20,2,60
-20,2,60
-20,2,60
-21,2,60
-21,2,60
-20,2,60
-20,2,61
-20,2,60
-20,2,61
-20,2,60
-20,2,61
-21,2,60
-21,2,60
-20,2,60
-20,2,61
-20,2,61
-21,2,60
-20,2,61
-20,2,60
-21,2,60
-21,2,60
-21,2,60
-21,2,60
-21,2,60
-21,2,60
-20,2,60
-21,2,60
-21,2,60
-20,2,60
-20,2,60
-20,2,61
-21,2,60
-21,2,60
-20,2,60
-20,2,60
-20,2,61
-20,2,61
-21,2,60
-20,2,60
-20,2,60
-20,2,61
-20,2,60
-20,2,60
-20,2,60
-20,2,61
-20,2,61
-20,2,61
-20,2,61
-20,2,61
-21,2,60
-20,2,61
-20,2,60
-20,2,61
-20,2,61
-20,2,61
-20,2,61
-20,2,61
-20,2,60
-20,2,61
-20,2,60
-20,2,60
-20,2,61
-20,2,60
-20,2,60
-20,2,61
-20,2,60
-20,2,61
-20,2,61
-20,2,61
-20,2,61
-20,2,60
-20,2,60
-21,2,60
-20,2,61
-20,2,60
-20,2,60
-20,3,60
-18,3,60
-19,5,61
-19,3,63
-20,3,61
-22,0,61
-21,0,61
-26,-2,58
-27,-4,59
-24,-6,59
-25,-5,58
-26,-7,58
-25,-6,58
-27,-4,58
-26,-2,58
-25,-2,58
-28,-3,58
-28,-2,57
-23,0,60
-26,1,58
-30,-3,57
-33,-6,55
-31,-5,56
-29,-5,57
-27,-4,58
-28,-4,57
-27,-3,58
-28,-2,57
-29,-3,57
-29,-3,57
-29,-3,57
-30,-4,57
-29,-3,57
-29,-3,57
-28,-3,57
-30,-3,57
-30,-3,56
-29,-4,57
-29,-3,57
-29,-3,57
-29,-4,57
-29,-3,57
-29,-3,57
-29,-3,57
-29,-4,57
-30,-3,57
-28,-1,57
-29,-2,57
-29,-2,57
-29,-2,57
-29,-2,57
-30,-2,56
-28,-2,57
-28,-2,57
-28,-2,57
-29,-2,57
-29,-2,57
-29,-2,57
-29,-2,57
-29,-3,57
-29,-2,57
-30,-2,57
-28,-1,57
-29,-2,57
-29,-2,57
-29,-2,57
-29,-2,57
-29,-2,57
-29,-2,57
-29,-1,57
-29,-2,56
-29,-1,57
-29,-1,57
-29,-1,57
-29,-1,57
-30,-1,57
-29,-1,57
-30,0,56
-29,-1,57
-29,-1,57
-29,-1,57
-30,-1,57
-30,-1,57
-29,-1,57
-30,-1,57
-30,-1,57
-30,-1,57
-30,-1,57
-30,-1,56
-30,-1,56
-29,-1,57
-29,-1,57
-30,-1,57
-29,-1,57
-30,-1,57
-30,-1,56
-29,-1,57
-28,-1,57
-30,-1,57
-29,-1,57
-30,-1,56
-30,0,56
-29,-1,57
-29,0,57
-29,0,57
-29,-1,57
-29,0,57
-29,-1,58
-29,-1,57
-28,-1,58
-29,-1,57
-29,0,57
-31,0,56
-33,0,55
-34,0,54
-33,0,55
-32,0,55
-33,0,55
-37,0,53
-35,0,53
-36,0,53
-33,0,54
-32,-1,55
-34,0,54
-34,0,54
-33,0,55
-32,-1,55
-32,-2,56
-34,-2,54
-34,-2,54
-34,-2,54
-32,-2,55
-34,-3,55
-33,-3,55
-33,-2,55
-33,-2,55
-32,-2,55
-31,-2,56
-31,-2,56
-31,-2,56
-32,-2,56
-32,-1,56
-33,-2,55
-33,-2,55
-31,-1,56
-32,-1,56
-31,-1,56
-32,-2,55
-32,-2,55
-30,-1,56
-31,-2,56
-33,-2,55
-32,-1,55
-31,-1,55
-31,-1,56
-32,-1,55
-32,-1,55
-31,-1,56
-31,-2,56
-32,-1,55
-32,-1,56
-31,-1,56
-31,-2,56
-32,-1,55
-31,-1,56
-31,-1,56
-31,-1,55
-31,-1,56
-32,-1,56
-32,-2,55
-32,-2,55
-32,-1,55
-31,-1,56
-31,-1,56
-32,-1,55
-32,-2,55
-31,-1,56
-32,-1,56
-31,-1,56
-32,-1,56
-31,-1,56
-32,-2,55
-32,-1,55
-30,-1,57
-32,-2,56
-32,-2,55
-32,-1,55
-31,-1,55
-31,-1,56
-32,-1,56
-32,-1,56
-32,-2,55
-32,-1,55
-32,-2,55
-32,-1,55
-32,-2,55
-32,-2,55
-32,-1,56
-32,-2,55
-32,-2,55
-32,-2,56
-32,-1,55
-32,-1,56
-31,-1,56
-32,-1,55
-32,3,56
-32,3,57
-30,-1,56
-34,-4,54
-33,-3,56
-30,-4,56
-33,-6,54
-30,-5,56
-28,-6,56
-27,-6,57
-32,-9,54
-29,-7,55
-28,-8,57
-28,-8,56
-28,-8,57
-31,-7,55
-27,-7,57
-29,-6,57
-31,-6,56
-29,-6,57
-28,-6,57
-28,-6,58
-27,-7,58
-26,-5,59
-27,-6,58
-27,-6,57
-26,-7,57
-24,-8,57
-24,-9,59
-24,-9,57
-22,-11,59
-21,-12,59
-20,-13,58
-20,-12,59
-20,-11,59
-21,-11,59
-23,-9,59
-22,-8,59
-24,-9,58
-23,-9,58
-22,-8,59
-21,-8,60
-20,-8,60
-21,-8,60
-22,-8,59
-22,-8,59
-22,-8,59
-22,-8,59
-22,-8,59
-20,-7,60
-21,-8,59
-22,-8,59
-22,-8,59
-21,-8,60
-21,-8,60
-20,-7,60
-22,-8,59
-22,-7,60
-21,-7,60
-19,-7,61
-20,-7,60
-20,-7,60
-20,-7,59
-19,-7,60
-20,-7,60
-19,-7,60
-20,-7,60
-20,-7,60
-20,-7,60
-19,-7,60
-20,-7,60
-20,-7,60
-19,-7,60
-20,-7,60
-20,-7,60
-20,-7,60
-20,-7,60
-20,-7,60
-19,-7,60
-20,-7,60
-20,-7,60
-20,-7,60
-20,-7,60
-20,-7,60
-19,-7,60
-19,-7,60
-19,-7,60
-20,-7,60
-20,-7,60
-20,-7,60
-20,-7,60
-20,-7,60
-20,-7,60
-20,-7,60
-20,-7,60
-20,-7,60
-18,-7,60
-19,-7,60
-20,-7,60
-20,-6,60
-20,-7,60
-20,-7,60
-20,-7,60
-20,-7,60
-20,-7,60
-20,-7,60
-19,-7,60
-20,-7,60
-19,-7,60
-20,-7,60
-20,-7,60
-20,-7,60
-20,-7,60
-20,-7,60
-20,-7,60
-20,-7,60
-20,-7,60
-19,-7,60
-20,-7,60
-20,-7,60
-19,-7,60
-19,-7,60
-19,-7,60
-19,-7,60
-20,-7,60
-20,-7,60
-20,-7,60
-20,-7,60
-20,-7,61
-20,-7,60
-20,-7,60
-20,-7,60
-20,-7,60
-20,-7,60
-20,-7,60
-20,-7,61
-20,-7,60
-20,-7,60
-20,-7,60
-20,-7,60
-19,-7,60
-19,-7,60
-20,-7,60
-19,-7,60
-19,-7,61
-19,-7,60
-20,-7,60
-20,-7,60
-20,-7,60
-20,-7,60
-20,-7,60
-20,-7,60
-19,-7,61
-20,-7,61
-20,-7,60
-20,-7,60
-20,-7,60
-20,-7,60
-20,-7,60
-20,-7,59
-20,-7,60
-19,-7,60
-20,-7,60
-20,-7,60
-20,-7,60
-20,-7,60
-20,-7,60
-20,-7,60
-20,-7,60
-20,-7,60
-19,-7,60
-20,-7,60
-20,-7,60
-20,-7,60
-20,-7,60
-20,-7,60
-20,-7,60
-20,-7,60
-20,-7,60
-20,-7,60
-20,-7,60
-20,-7,60
-20,-7,60
-20,-7,60
-20,-7,60
-20,-7,60
-20,-7,60
-20,-7,60
-20,-7,60
-20,-7,60
-19,-7,60
-20,-7,60
-19,-7,61
-20,-7,60
-20,-7,60
-20,-7,60
-20,-7,60
-20,-7,60
-20,-7,60
-20,-7,60
-20,-7,60
-20,-7,60
-20,-7,60
-20,-7,60
-20,-7,60
-20,-7,60
-20,-7,60
-20,-7,60
-20,-7,60
-20,-7,60
-20,-7,60
-20,-6,60
-20,-7,60
-20,-7,60
-20,-7,60
-20,-7,60
-20,-7,60
-20,-7,60
-20,-7,60
-20,-7,60
-20,-7,60
-20,-7,60
-20,-7,61
-20,-7,60
-20,-7,60
-20,-7,60
-20,-7,60
-20,-7,60
-20,-7,60
-20,-7,60
-20,-7,60
-20,-7,60
-20,-7,60
-20,-6,60
-20,-7,60
-20,-7,60
-20,-7,60
-20,-7,60
-20,-7,60
-20,-7,60
-20,-7,60
-20,-7,60
-20,-7,60
-20,-7,60
-20,-7,60
-20,-7,60
-20,-7,60
-20,-7,60
-20,-7,60
-20,-7,60
-20,-7,60
-21,-7,60
-20,-7,60
-20,-7,60
-20,-7,60
-20,-7,60
-21,-7,60
-20,-7,60
-20,-7,60
-20,-7,60
-20,-7,60
-20,-7,60
-20,-7,60
-20,-7,60
-21,-7,60
-21,-7,60
-21,-7,60
-21,-7,60
-21,-6,60
-21,-7,60
-21,-7,60
-21,-7,60
-21,-7,60
-21,-7,60
-21,-7,60
-21,-6,60
-21,-7,60
-21,-7,60
-21,-7,59
-21,-7,60
-21,-7,60
-21,-7,60
-21,-7,60
-21,-7,60
-21,-6,60
-20,-6,60
-21,-6,60
-21,-6,60
-21,-6,60
-21,-6,60
-21,-7,60
-20,-7,60
-18,-6,61
-19,-7,60
-21,-6,60
-22,-6,59
-22,-6,59
-22,-6,59
-22,-6,59
-22,-7,59
-21,-7,59
-20,-6,60
-21,-7,60
-21,-6,60
-22,-6,60
-23,-7,59
-22,-7,59
-23,-8,59
-22,-9,58
-19,-6,60
-19,-5,61
-24,-2,59
-26,-3,58
-31,-1,56
-32,-2,56
-33,-3,56
-33,-4,55
-31,-3,56
-31,-1,56
-33,-2,55
-35,0,55
-35,2,55
-34,6,54
-34,6,54
-34,10,54
-35,11,53
-34,11,52
-37,12,52
-38,11,51
-38,10,49
-40,9,46
-47,10,42
-46,10,45
-45,12,45
-46,13,43
-51,13,35
-49,14,37
-49,14,35
-48,14,32
-53,17,32
-52,15,28
-57,15,23
-62,13,24
-61,11,23
-57,9,20
-59,9,14
-63,9,8
-67,8,7
-70,5,3
-69,5,4
-64,5,7
-66,7,2
-66,3,5
-63,4,6
-65,5,5
-66,4,7
-65,3,10
-61,2,12
-65,3,11
-65,2,13
-64,1,14
-64,0,13
-64,-1,11
-64,-3,9
-64,-4,11
-62,-6,11
-61,-10,14
-62,-12,15
-63,-12,17
-62,-9,16
-63,-6,21
-64,-9,21
-67,0,15
-63,3,19
-66,6,10
-72,8,8
-65,12,7
-60,13,5
-61,19,8
-60,20,5
-63,19,3
-55,21,19
-60,24,22
-57,20,25
-47,22,35
-44,18,34
-45,16,31
-45,14,48
-44,12,47
-39,10,51
-39,9,50
-37,9,52
-35,7,52
-41,8,52
-39,7,49
-40,8,50
-40,8,51
-39,9,50
-40,8,49
-40,8,47
-39,9,50
-40,9,53
-36,9,49
-37,10,49
-40,8,51
-40,10,51
-39,10,49
-41,8,48
-40,6,51
-35,5,53
-33,5,56
-37,6,54
-39,7,52
-39,9,51
-39,12,50
-42,15,47
-41,20,38
-40,21,35
-56,12,13
-62,14,22
-66,7,8
-71,9,-2
-74,9,-5
-72,6,-2
-64,5,6
-63,5,8
-64,3,9
-65,2,12
-65,1,8
-67,0,8
-65,1,8
-66,0,7
-63,1,14
-63,-2,16
-66,-1,15
-60,-2,20
-61,-3,23
-59,-5,25
-57,-4,29
-55,-5,30
-56,-4,29
-61,-3,27
-57,-2,28
-59,-2,28
-57,-2,30
-56,-2,30
-58,-2,29
-58,-3,28
-57,-3,30
-55,-3,31
-57,-3,29
-59,-4,26
-60,-4,24
-61,-5,23
-63,-5,22
-63,-6,20
-63,-4,19
-64,-3,21
-63,-2,21
-57,-1,29
-56,-3,31
-51,-4,36
-52,-4,36
-53,-3,36
-52,-2,36
-52,-1,36
-56,-1,32
-58,-1,31
-60,1,27
-60,1,28
-59,0,28
-58,-1,29
-57,-2,30
-57,-2,30
-56,-1,31
-57,-1,30
-58,-2,29
-59,-2,28
-59,-2,29
-57,-2,29
-57,-3,30
-56,-3,31
-57,-3,30
-58,-2,30
-58,-2,29
-58,-2,29
-57,-2,30
-57,-1,29
-58,-1,29
-58,-1,29
-58,-2,29
-58,-2,29
-57,-2,29
-57,-2,29
-60,2,25
-61,5,22
-62,2,26
-57,0,29
-58,-2,26
-61,-6,25
-58,-5,29
-58,-4,29
-57,-2,29
-55,0,30
-56,0,29
-63,0,20
-65,0,17
-62,1,19
-62,0,19
-64,0,15
-65,0,14
-63,0,15
-65,0,13
-64,0,14
-63,1,15
-64,0,13
-62,0,16
-62,1,16
-64,2,13
-64,3,13
-64,3,14
-64,2,13
-64,2,13
-64,2,13
-64,1,13
-64,1,14
-64,2,14
-63,1,14
-64,1,14
-64,2,15
-64,2,16
-64,1,15
-66,2,14
-66,1,17
-63,1,21
-54,3,29
-60,1,30
-56,-1,32
-49,-1,38
-51,-4,39
-58,-5,35
-50,-3,40
-38,-4,50
-37,-5,52
-37,-8,51
-35,-7,53
-38,-8,52
-40,-7,49
-47,-6,45
-45,-7,46
-39,-8,50
-41,-8,48
-41,-8,48
-41,-8,48
-39,-9,50
-39,-8,50
-43,-8,48
-43,-7,47
-44,-6,47
-43,-8,46
-46,-6,45
-47,-5,45
-46,-6,45
-44,-7,45
-44,-5,46
-43,-2,47
-42,-3,48
-44,-4,47
-45,-5,47
-43,-6,48
-42,-6,48
-43,-6,47
-42,-6,48
-42,-6,48
-42,-6,48
-43,-6,48
-41,-6,49
-42,-7,48
-41,-7,48
-40,-6,49
-41,-6,49
-42,-6,48
-42,-7,48
-41,-6,49
-41,-7,49
-42,-6,48
-43,-8,47
-40,-7,49
-41,-6,47
-46,-2,46
-45,-2,46
-42,-2,49
-41,-4,49
-43,-5,48
-43,-5,48
-42,-5,48
-42,-5,48
-42,-7,50
-41,-5,49
-40,-5,49
-41,-5,49
-42,-6,49
-41,-6,49
-42,-5,48
-41,-5,49
-41,-6,49
-40,-6,49
-42,-6,49
-42,-6,48
-43,-6,48
-44,-5,47
-41,-6,48
-42,-6,49
-38,-7,51
-38,-6,50
-44,-4,46
-50,-3,43
-48,-4,44
-32,-9,53
-41,-6,50
-41,-7,49
-40,-6,50
-41,-6,48
-40,-5,48
-42,-6,48
-36,-7,53
-48,-3,44
-54,-3,40
-52,-4,42
-39,-10,53
-29,-7,53
-44,-6,48
-40,-5,49
-42,-6,48
-43,-5,47
-45,-5,46
-45,-5,46
-43,-5,48
-42,-5,48
-43,-5,48
-42,-6,48
-42,-6,47
-40,-6,50
-41,-6,50
-42,-5,47
-49,-4,43
-53,-3,41
-50,-3,42
-43,-8,51
-33,-6,50
-44,-5,47
-45,-5,46
-44,-5,46
-47,-5,46
-43,-5,47
-42,-5,48
-45,-5,47
-43,-5,47
-46,-5,45
-45,-5,46
-43,-5,47
-45,-5,46
-44,-6,46
-44,-5,47
-44,-5,47
-44,-5,46
-44,-5,46
-44,-5,47
-44,-6,46
-44,-6,46
-45,-5,46
-44,-6,46
-45,-5,46
-45,-6,46
-44,-5,46
-44,-6,46
-45,-6,46
-45,-6,46
-45,-6,45
-43,-6,47
-45,-5,46
-41,-6,48
-36,-7,52
-35,-7,49
-49,-5,41
-61,-5,32
-60,-3,32
-55,-4,36
-51,-4,40
-45,-7,44
-48,-6,42
-51,-5,41
-50,-5,41
-48,-5,42
-47,-5,44
-47,-6,44
-47,-6,43
-46,-6,44
-43,-6,46
-46,-6,45
-49,-5,43
-48,-6,43
-47,-6,44
-47,-7,45
-40,-8,48
-45,-5,46
-42,-6,48
-40,-7,49
-42,-6,47
-44,-6,46
-45,-6,46
-46,-6,45
-48,-7,44
-42,-7,47
-41,-6,49
-44,-4,46
-52,-4,41
-47,-10,48
-41,-8,48
-42,-7,47
-42,-9,48
-41,-6,47
-55,-3,40
-55,-3,40
-43,-10,51
-32,-7,49
-42,-7,47
-47,-5,45
-48,-5,44
-41,-6,49
-42,-6,47
-46,-6,43
-44,-6,44
-43,-7,46
-43,-7,48
-51,-2,42
-58,-4,36
-51,-4,40
-47,-6,44
-43,-6,47
-47,-5,44
-47,-6,45
-46,-6,45
-46,-6,45
-44,-6,46
-46,-5,45
-39,-7,48
-50,-5,43
-46,-6,45
-47,-6,43
-43,-5,46
-45,-5,45
-46,-5,46
-42,-7,46
-47,-5,44
-48,-5,43
-48,-6,41
-46,-6,44
-46,-6,45
-46,-6,45
-46,-6,45
-46,-5,45
-45,-5,45
-46,-5,44
-46,-6,45
-45,-5,45
-46,-6,44
-46,-6,45
-46,-5,45
-46,-5,45
-46,-4,45
-46,-5,45
-46,-6,45
-45,-6,45
-44,-6,46
-44,-6,46
-43,-7,48
-48,-7,42
-55,-4,38
-53,-4,37
-55,-3,37
-50,-4,41
-46,-5,44
-45,-6,45
-46,-6,45
-48,-6,43
-47,-5,44
-47,-6,44
-43,-7,48
-40,-6,48
-45,-6,45
-45,-7,45
-43,-5,47
-43,-6,47
-44,-6,47
-47,-5,44
-47,-5,44
-43,-5,46
-46,-5,45
-48,-5,45
-43,-6,46
-38,-7,47
-47,-5,46
-49,-2,42
-57,-4,38
-49,-6,42
-44,-9,48
-44,-6,48
-44,-5,47
-42,-5,47
-45,-5,46
-46,-5,44
-46,-6,44
-46,-6,45
-46,-6,45
-45,-6,45
-46,-7,45
-44,-6,46
-46,-4,46
-51,-4,42
-38,-8,49
-43,-7,48
-45,-6,44
-47,-5,42
-50,-4,43
-45,-5,46
-37,-7,49
-45,-7,45
-43,-4,46
-50,-3,42
-49,-4,43
-49,-9,47
-34,-6,49
-41,-6,48
-44,-5,46
-49,-5,43
-48,-4,42
-50,-4,44
-40,-6,49
-44,-5,46
-47,-7,42
-46,-6,44
-43,-5,46
-55,-4,39
-53,-1,38
-48,-1,43
-33,-5,54
-34,-6,53
-40,-6,49
-45,-5,46
-44,-5,47
-44,-6,46
-44,-7,47
-44,-6,47
-42,-6,48
-41,-6,48
-44,-6,47
-44,-6,47
-43,-6,47
-43,-6,48
-38,-6,49
-44,-5,47
-43,-6,47
-41,-7,47
-27,-10,60
-22,-10,58
-42,-7,39
-55,-5,30
-72,1,27
-66,-2,28
-62,-2,32
-65,-1,30
-61,2,29
-62,1,26
-51,3,33
-51,4,34
-47,8,35
-49,10,35
-53,9,35
-44,10,43
-41,12,43
-44,11,44
-42,10,47
-44,10,51
-51,6,51
-44,0,53
-41,-2,49
-29,1,57
-22,-3,61
-15,1,62
-18,-3,63
-23,-1,60
-31,-6,55
-26,-7,57
-25,-7,57
-25,-6,58
-25,-7,57
-24,-7,59
-24,-10,57
-23,-11,57
-22,-10,58
-19,-13,61
-20,-14,56
-20,-11,59
-24,-9,58
-26,-10,57
-24,-11,60
-21,-11,63
-20,-14,61
-21,-17,58
-23,-18,56
-21,-11,59
-22,-10,60
-29,-8,57
-25,-6,58
-25,-5,59
-26,-6,58
-24,-7,57
-29,-8,58
-28,-6,57
-28,-8,57
-26,-8,57
-28,-8,57
-30,-8,57
-28,-7,57
-27,-8,57
-26,-7,58
-25,-7,58
-26,-7,57
-29,-6,57
-28,-6,57
-27,-7,57
-28,-7,57
-28,-7,57
-28,-7,57
-27,-7,57
-26,-6,58
-25,-6,58
-29,-6,57
-26,-7,58
-27,-7,58
-25,-7,58
-24,-6,59
-27,-7,58
-25,-7,58
-26,-7,58
-25,-7,58
-25,-7,57
-24,-6,57
-26,-7,59
-23,-7,59
-24,-8,59
-25,-8,57
-24,-8,58
-26,-7,58
-26,-6,58
-27,-7,57
-28,-8,59
-29,-10,57
-34,-12,57
-34,-12,58
-43,2,53
-47,6,49
-42,4,47
-41,8,43
-40,12,43
-44,15,42
-43,15,41
-53,18,41
-48,19,40
-44,21,36
-44,21,38
-52,19,39
-52,17,35
-50,19,29
-58,17,29
-59,17,28
-57,16,26
-58,17,27
-57,16,28
-56,15,28
-57,14,30
-56,14,30
-54,14,31
-55,14,31
-55,13,31
-53,14,32
-53,15,32
-55,14,32
-54,14,31
-55,14,31
-56,13,30
-55,14,30
-55,15,30
-56,13,31
-56,13,31
-55,12,32
-55,12,32
-55,12,32
-54,13,32
-55,13,31
-55,13,31
-56,13,31
-55,13,31
-55,13,31
-55,13,31
-55,13,31
-56,12,31
-56,12,31
-56,13,30
-55,13,30
-56,13,31
-56,12,31
-55,12,31
-56,12,31
-56,11,31
-57,11,30
-57,11,30
-52,15,35
-48,16,35
-56,14,29
-58,13,28
-58,12,26
-59,13,26
-58,13,26
-56,14,28
-56,14,29
-56,13,29
-56,13,29
-56,12,29
-56,13,29
-56,13,29
-57,12,29
-57,12,29
-57,12,28
-57,12,28
-57,12,29
-56,12,29
-56,13,29
-57,13,29
-57,12,28
-57,12,28
-57,12,29
-57,12,28
-57,13,28
-57,12,29
-56,12,29
-57,13,29
-57,13,29
-57,12,28
-57,12,29
-56,12,29
-57,12,29
-57,12,28
-57,13,28
-57,12,28
-57,13,28
-57,13,28
-57,13,29
-57,11,29
-57,11,30
-57,12,30
-57,12,29
-57,12,28
-57,13,28
-56,13,27
-57,13,27
-56,13,27
-58,13,27
-58,13,27
-57,13,28
-57,13,28
-57,12,28
-57,12,29
-57,12,29
-57,12,28
-57,12,28
-57,12,28
-57,12,28
-57,13,28
-57,13,28
-57,13,28
-57,13,28
-57,12,28
-57,12,29
-57,12,29
-57,13,28
-57,13,29
-57,13,28
-57,13,28
-57,12,28
-57,12,28
-57,12,28
-57,11,28
-57,11,29
-57,12,29
-57,12,28
-57,12,28
-57,13,28
-57,13,28
-57,13,28
-57,12,28
-57,12,29
-57,12,29
-57,12,28
-57,12,28
-57,13,28
-57,12,28
-58,12,28
-57,11,29
-57,12,29
-57,12,28
-57,13,27
-57,13,27
-57,13,27
-57,13,27
-57,12,28
-57,12,28
-57,12,29
-57,12,28
-57,12,28
-57,12,27
-58,12,27
-57,12,29
-57,12,29
-57,11,29
-57,11,29
-57,12,29
-57,12,28
-57,12,28
-57,12,27
-57,12,27
-57,12,28
-58,11,28
-57,12,28
-57,11,29
-57,11,28
-57,11,28
-57,12,28
-57,12,28
-57,12,28
-57,12,28
-57,12,28
-57,12,28
-57,12,27
-58,12,28
-57,12,28
-57,12,28
-57,12,28
-57,12,28
-57,12,27
-58,12,27
-58,12,27
-58,12,28
-58,12,28
-57,11,29
-58,12,27
-55,13,29
-57,12,26
-57,13,26
-57,12,25
-57,13,28
-57,13,27
-57,14,27
-57,14,26
-58,13,26
-58,13,27
-57,13,27
-57,13,27
-57,13,27
-57,13,27
-57,13,27
-57,14,26
-58,14,26
-58,13,26
-58,13,27
-58,14,27
-57,14,27
-57,14,27
-57,14,27
-58,14,26
-58,13,26
-58,13,26
-57,14,27
-58,14,27
-57,14,26
-58,13,25
-58,13,25
-57,13,28
-56,15,30
-57,15,24
-58,15,26
-58,15,26
-58,14,25
-59,14,26
-56,15,28
-57,14,27
-58,11,27
-59,10,27
-60,11,27
-55,11,29
-57,11,27
-58,10,28
-57,10,29
-57,10,28
-58,11,28
-58,11,27
-58,11,27
-58,11,27
-58,11,27
-58,11,28
-58,11,28
-57,11,27
-57,11,27
-58,10,26
-58,10,27
-58,10,28
-58,10,28
-57,10,28
-58,10,28
-58,10,27
-59,10,28
-58,10,28
-58,10,28
-58,10,28
-58,9,28
-58,10,28
-58,10,27
-58,10,27
-58,11,27
-57,10,27
-58,10,27
-58,10,27
-58,11,28
-58,10,27
-58,10,27
-58,11,27
-58,10,27
-58,11,27
-58,11,27
-58,10,27
-58,10,27
-57,11,27
-58,11,27
-58,10,27
-58,11,27
-58,10,27
-58,10,27
-58,10,28
-58,10,27
-58,10,27
-58,10,27
-58,10,27
-57,10,28
-57,11,27
-58,10,27
-58,10,27
-58,10,27
-58,11,27
-58,11,27
-58,11,27
-58,11,27
-58,10,28
-58,10,27
-58,10,28
-58,10,27
-58,10,27
-58,10,27
-58,11,27
-58,11,27
-58,11,27
-58,11,27
-57,11,27
-58,10,27
-58,10,27
-58,10,27
-58,11,27
-57,11,27
-58,11,27
-58,11,27
-58,11,27
-58,10,27
-58,10,27
-58,11,27
-58,11,27
-58,11,27
-58,11,27
-58,11,27
-58,11,27
-58,11,27
-58,11,27
-58,11,27
-58,11,27
-58,11,27
-58,11,27
-58,11,26
-58,11,26
-58,11,27
-58,11,27
-58,11,27
-58,11,27
-58,11,26
-58,11,26
-58,11,27
-58,11,27
-58,11,27
-58,11,27
-58,11,27
-58,11,27
-58,11,26
-58,11,27
-58,11,27
-58,11,27
-58,11,27
-58,11,27
-58,11,27
-57,11,26
-58,11,26
-58,11,26
-58,11,26
-58,11,27
-58,11,27
-58,11,27
-58,11,27
-58,11,27
-58,11,26
-58,11,26
-58,11,27
-58,11,27
-58,11,27
-58,11,27
-58,11,27
-58,11,27
-58,11,27
-58,11,27
-58,11,27
-58,11,27
-58,11,27
-58,11,27
-58,11,27
-58,11,27
-58,11,27
-58,11,27
-58,11,27
-58,11,27
-58,11,27
-58,11,27
-58,11,27
-58,11,26
-58,11,27
-58,11,27
-58,11,27
-58,11,26
-58,11,26
-58,11,26
-58,11,27
-58,11,27
-58,11,27
-58,11,27
-58,11,26
-58,12,26
-58,12,26
-58,11,27
-58,11,27
-58,11,27
-58,11,27
-58,11,27
-58,11,27
-58,11,27
-58,11,27
-58,11,27
-58,11,27
-58,11,27
-58,11,27
-58,11,27
-58,12,27
-58,12,27
-58,12,27
-58,12,26
-58,11,27
-58,11,27
-58,11,26
-58,11,27
-58,11,27
-58,11,27
-58,11,27
-58,12,27
-58,12,26
-58,11,26
-58,12,27
-57,11,27
-57,11,27
-58,11,27
-58,11,27
-58,11,27
-58,11,27
-57,11,27
-58,11,27
-58,11,27
-58,11,27
-58,11,27
-57,12,27
-58,12,27
-58,12,27
-58,11,27
-58,11,27
-58,11,27
-58,11,27
-58,11,26
-58,11,27
-58,11,27
-58,11,27
-58,11,27
-58,11,27
-58,11,27
-58,11,27
-58,11,27
-58,11,27
-58,11,27
-58,11,27
-58,11,27
-58,11,27
-58,10,27
-58,10,27
-58,10,27
-58,10,27
-58,10,27
-58,10,27
-58,11,27
-58,11,27
-58,11,27
-58,11,27
-58,11,27
-58,11,27
-58,11,27
-58,11,27
-58,11,27
-58,11,27
-58,11,27
-58,11,27
-58,11,27
-58,10,27
-58,11,27
-58,11,27
-58,11,27
-58,11,27
-58,11,27
-58,11,27
-58,11,27
-58,11,27
-58,11,27
-58,11,27
-58,11,27
-58,11,27
-58,11,27
-58,10,27
-58,10,27
-58,11,27
-58,11,27
-58,11,27
-57,12,28
-58,12,27
-58,12,27
-57,12,27
-58,11,26
-58,12,26
-58,12,26
-58,12,26
-58,10,27
-58,9,27
-58,9,28
-57,9,29
-58,9,29
-57,9,30
-57,10,30
-56,11,30
-56,11,29
-59,10,27
-58,11,27
-57,11,26
-57,12,26
-58,11,25
-58,11,25
-58,10,26
-58,10,28
-58,10,28
-57,11,28
-57,11,29
-57,11,28
-57,12,28
-57,13,28
-57,12,27
-58,11,27
-58,11,27
-58,11,26
-57,11,26
-58,11,26
-59,10,26
-59,10,26
-58,10,27
-58,11,27
-58,11,28
-57,11,27
-57,12,27
-57,12,27
-58,13,26
-58,13,26
-58,12,26
-58,11,27
-58,10,27
-58,10,27
-58,10,27
-58,11,27
-58,11,27
-58,11,27
-58,11,27
-58,12,27
-57,12,27
-58,12,27
-58,11,26
-58,11,27
-58,11,27
-58,11,27
-58,11,27
-58,11,27
-58,11,27
-58,11,27
-58,11,26
-58,11,27
-58,11,27
-58,11,27
-58,11,27
-58,11,27
-58,11,27
-58,11,27
-58,11,27
-57,11,27
-57,11,27
-58,11,27
-58,11,27
-58,11,27
-58,11,27
-58,10,27
-58,10,27
-57,11,28
-58,10,28
-57,10,28
-57,12,28
-57,12,28
-58,11,27
-58,11,27
-57,10,28
-58,10,27
-58,9,27
-58,9,27
-59,9,27
-58,10,28
-57,12,28
-57,12,28
-56,13,29
-57,12,28
-58,12,28
-58,11,27
-59,11,26
-58,10,26
-59,9,26
-58,9,27
-57,9,28
-57,11,29
-57,12,28
-57,13,27
-57,13,26
-58,12,26
-58,12,27
-57,11,27
-58,10,28
-57,9,28
-57,9,28
-58,10,28
-57,11,28
-58,11,27
-58,11,27
-57,11,27
-57,11,28
-57,10,28
-57,10,28
-58,11,27
-58,11,27
-58,11,27
-57,11,28
-58,11,28
-58,10,28
-58,11,27
-58,11,27
-58,11,27
-58,11,28
-57,11,28
-58,11,28
-58,11,27
-58,11,26
-58,11,27
-58,11,27
-57,11,28
-58,10,28
-58,11,27
-57,11,27
-58,11,27
-58,11,27
-57,11,27
-58,11,27
-58,11,27
-57,12,27
-58,11,27
-58,11,27
-58,11,27
-58,10,27
-58,11,27
-58,11,28
-58,11,28
-58,11,27
-58,11,27
-58,11,27
-58,11,27
-58,11,27
-58,11,27
-57,11,27
-58,11,27
-58,11,27
-57,11,27
-58,11,27
-58,11,27
-58,11,27
-58,11,27
-58,11,28
-58,11,27
-58,11,27
-58,11,27
-57,11,27
-57,11,27
-57,11,27
-58,11,27
-58,11,27
-58,11,27
-58,11,27
-58,11,27
-58,11,27
-58,11,27
-58,12,27
-58,12,27
-58,11,27
-58,11,26
-58,11,27
-58,11,27
-58,11,27
-58,11,27
-57,11,27
-58,11,27
-57,11,27
-58,11,27
-58,11,27
-58,11,27
-58,11,27
-58,11,27
-58,10,27
-58,10,27
-58,10,27
-58,10,28
-58,11,27
-58,11,27
-58,10,27
-58,10,27
-58,11,27
-58,11,27
-58,11,27
-58,11,27
-58,11,27
-58,11,27
-58,11,27
-58,11,27
-58,11,27
-58,11,27
-58,11,27
-58,11,27
-58,11,27
-58,11,27
-58,11,27
-58,11,27
-58,10,27
-58,11,27
-57,11,27
-58,11,27
-58,11,27
-58,11,27
-58,11,27
-58,10,27
-57,11,27
-58,11,27
-58,11,26
-58,11,26
-58,11,27
-58,11,27
-58,11,27
-58,11,27
-58,11,27
-58,11,26
-58,12,27
-59,11,26
-58,10,26
-61,9,25
-62,8,24
-72,13,17
-69,12,19
-72,10,21
-74,12,18
-70,13,19
-61,16,28
-60,20,35
-61,21,34
-73,31,20
-61,35,28
-42,37,35
-33,48,40
-37,48,33
-30,50,23
-26,49,22
-25,46,20
-26,43,15
-33,40,8
-37,39,9
-32,37,2
-43,36,-3
-50,37,-2
-41,39,3
-41,40,4
-43,40,7
-43,40,9
-42,41,9
-43,40,10
-45,40,8
-46,41,6
-48,43,4
-51,43,3
-54,39,6
-52,35,5
-49,42,5
-49,44,0
-50,44,-1
-49,44,-3
-48,45,-2
-46,45,0
-46,47,1
-47,46,1
-44,49,2
-43,51,5
-43,52,5
-42,51,6
-41,53,7
-43,52,6
-41,50,7
-38,50,8
-38,51,7
-40,52,7
-41,49,9
-41,48,10
-39,51,15
-39,51,16
-39,51,18
-37,52,19
-38,50,19
-39,49,17
-39,49,17
-38,49,16
-39,49,14
-39,50,13
-40,49,13
-39,49,14
-39,49,14
-38,49,15
-38,49,15
-36,48,15
-35,48,14
-33,48,13
-12,45,19
-9,43,20
-34,31,17
-39,28,19
-37,21,15
-48,17,11
-92,14,19
-128,22,14
-27,19,32
-62,36,21
-97,31,-4
-67,39,6
-57,40,23
-68,42,21
-65,42,18
-67,36,33
-49,22,44
-27,21,50
-39,11,44
-10,0,72
4,3,81
-11,2,63
-16,2,59
2,3,59
2,5,72
-11,9,75
18,11,50
9,15,28
-26,-1,5
-37,6,25
-23,19,39
-7,9,76
27,28,82
15,23,46
-29,21,-13
-54,16,-14
-10,2,51
57,25,93
14,15,56
-5,18,20
-8,6,33
-7,3,57
1,2,61
14,-3,60
28,-2,64
31,8,63
30,7,60
41,11,65
35,15,58
23,20,55
19,18,59
20,18,62
5,16,71
-7,13,74
-25,8,69
-38,9,66
-45,9,64
-50,9,62
-57,12,64
-59,11,57
-54,13,42
-42,16,38
-42,17,39
-45,16,47
-45,14,50
-39,10,52
-38,9,53
-35,7,55
-35,7,56
-30,5,56
-29,7,57
-26,7,58
-26,8,58
-27,8,57
-28,9,56
-30,9,55
-31,10,55
-32,9,55
-33,8,55
-32,8,55
-31,7,56
-29,7,56
-28,8,57
-29,9,57
-30,11,55
-30,11,54
-32,11,54
-32,11,54
-32,10,54
-31,9,55
-31,8,56
-29,9,56
-30,9,56
-31,9,56
-31,9,55
-31,9,55
-32,9,55
-31,9,55
-31,9,55
-31,10,55
-31,10,55
-31,10,55
-32,9,55
-32,9,55
-31,9,55
-31,10,55
-31,10,55
-31,10,55
-31,9,55
-31,10,55
-31,10,55
-31,9,55
-30,9,56
-29,7,62
-24,1,67
-27,-16,82
-29,-20,78
-24,-3,77
-21,3,67
-30,12,41
-35,16,29
-31,16,7
-24,11,-6
-57,3,-62
-82,8,-74
-93,20,-78
-62,21,-48
-60,19,-32
-41,30,1
-52,34,4
-59,18,5
-65,13,2
-62,11,1
-63,12,1
-69,17,-3
-66,19,-3
-58,21,-4
-56,24,-6
-56,23,-5
-66,23,-4
-70,18,-5
-67,16,0
-66,14,3
-58,17,7
-57,18,9
-66,10,3
-70,10,-2
-71,12,-8
-71,12,-12
-68,16,-16
-58,17,-13
-52,18,-11
-52,18,-9
-52,17,-8
-53,14,-6
-56,15,-5
-66,21,-8
-74,24,-11
-82,21,-10
-79,18,-9
-70,15,-5
-62,14,-5
-59,15,-5
-54,14,-3
-53,15,-3
-52,16,-6
-52,17,-6
-51,20,-8
-52,21,-8
-54,20,-9
-57,20,-10
-60,19,-12
-62,19,-13
-64,20,-11
-67,20,-8
-69,20,-6
-72,20,-5
-71,20,-4
-67,20,-4
-68,20,-6
-55,18,-4
-58,17,-6
-60,18,-6
-58,18,-6
-56,16,-7
-56,17,-8
-56,17,-8
-56,16,-7
-56,16,-6
-57,15,-6
-58,15,-7
-69,17,-5
-80,20,-2
-90,19,-1
-81,13,4
-60,13,10
-58,13,10
-51,11,9
-50,10,8
-53,8,9
-73,9,21
-102,5,25
-50,0,25
-42,5,27
-58,12,28
-52,13,30
-55,12,31
-55,10,32
-54,10,34
-54,12,34
-53,14,33
-55,12,31
-57,13,30
-58,14,29
-58,13,28
-59,14,28
-57,14,27
-55,15,28
-54,16,28
-53,17,29
-53,17,28
-54,16,28
-56,15,29
-55,15,30
-56,17,30
-56,17,31
-54,17,31
-54,17,30
-54,17,30
-55,16,30
-56,13,31
-56,12,31
-56,12,32
-54,12,32
-53,13,32
-55,14,32
-57,14,32
-57,13,31
-56,13,31
-55,15,30
-53,16,29
-53,19,29
-54,19,29
-56,17,29
-57,16,29
-57,13,30
-56,13,30
-54,13,31
-54,15,31
-53,15,32
-55,16,32
-55,16,32
-54,16,31
-54,16,31
-55,16,30
-55,15,30
-55,15,30
-55,15,30
-55,15,31
-55,16,31
-54,15,31
-55,17,31
-55,17,31
-55,17,31
-54,16,31
-54,16,33
-54,16,27
-53,13,32
-53,12,34
-55,11,32
-57,12,33
-66,8,27
-65,7,24
-63,11,22
-43,25,23
-26,43,24
-16,66,48
-22,34,44
-103,-47,22
-128,-41,28
-50,6,17
-30,34,16
-37,34,35
-44,22,37
-78,-4,38
-74,-2,25
-45,15,25
-27,38,35
-42,23,32
-60,0,28
-94,-7,25
-69,8,19
-39,27,25
-26,31,34
-41,18,35
-77,-3,29
-98,-9,24
-58,10,18
-32,30,27
-43,18,28
-66,1,26
-89,-6,26
-62,10,20
-45,24,22
-45,18,26
-50,11,26
-71,6,28
-75,8,26
-55,14,27
-52,13,26
-55,11,26
-68,7,20
-70,7,17
-71,11,7
-68,15,6
-57,22,11
-55,23,16
-51,20,25
-54,18,29
-48,18,34
-44,17,37
-44,13,36
-45,11,35
-46,8,36
-50,10,41
-48,10,45
-46,6,47
-49,5,50
-47,5,51
-43,5,50
-39,4,46
-35,4,46
-40,-2,54
-45,-5,48
-40,-1,52
-34,-4,54
-31,-3,56
-25,-4,60
-25,-6,59
-38,-9,54
-36,-4,53
-28,-3,55
-25,-2,59
-33,-5,53
-31,-4,55
-32,-5,55
-34,-6,54
-34,-6,54
-38,-4,51
-39,-5,52
-35,-5,53
-37,-5,52
-37,-3,51
-37,-3,51
-40,-3,50
-43,-4,48
-42,-3,49
-41,-3,49
-43,-4,49
-42,-4,48
-41,-4,49
-43,-4,48
-43,-4,47
-44,-4,47
-44,-4,47
-45,-3,46
-45,-4,46
-43,-4,46
-44,-4,47
-46,-4,45
-45,-4,45
-45,-3,46
-44,-3,46
-45,-3,46
-46,-3,45
-46,-3,44
-48,-3,43
-48,-3,42
-51,-2,40
-52,-2,39
-52,-1,38
-52,-1,38
-52,-2,38
-53,-3,38
-52,-2,38
-52,-2,39
-52,-1,39
-52,-1,38
-52,-1,37
-52,-1,37
-53,-1,37
-53,-1,37
-53,-1,37
-53,-1,37
-54,-1,37
-53,-1,37
-53,0,37
-52,0,37
-52,-1,37
-52,-1,37
-53,0,37
-53,-1,37
-55,-2,35
-57,-2,33
-61,-4,38
-55,-5,39
-52,0,42
-52,2,38
-50,9,35
-49,13,35
-50,15,34
-54,13,29
-56,12,28
-59,12,29
-56,13,31
-54,13,32
-54,13,32
-52,14,34
-52,13,34
-52,12,35
-52,12,34
-53,11,35
-54,12,35
-54,12,34
-54,13,34
-54,13,33
-53,13,33
-53,13,33
-54,13,33
-54,13,33
-54,12,33
-54,12,33
-54,12,34
-54,13,35
-53,12,36
-53,10,33
-55,10,36
-64,4,42
-69,-3,33
-100,-23,9
-128,-21,-1
-49,14,-1
-29,34,-6
-85,65,-16
-72,37,1
-19,25,38
-7,34,41
17,31,37
41,43,15
52,45,4
44,41,-3
37,40,2
29,26,14
19,18,24
-16,-4,26
-128,51,46
-104,-81,19
-97,6,19
-19,22,62
-11,21,54
-28,25,56
-22,10,59
-11,4,62
-19,-7,65
-37,-4,54
-32,9,55
-37,4,53
-39,3,51
-39,2,52
-35,3,53
-35,4,53
-34,5,54
-35,4,54
-36,4,53
-35,4,54
-34,4,54
-34,5,54
-35,5,54
-35,5,53
-35,4,53
-37,5,54
-35,5,53
-35,4,53
-35,5,53
-35,4,53
-35,5,53
-36,3,53
-36,4,53
-36,4,53
-35,4,54
-34,5,54
-33,5,54
-33,5,55
-33,5,54
-34,5,54
-35,5,54
-35,4,53
-35,4,53
-35,4,53
-34,4,54
-33,5,54
-33,5,55
-34,5,54
-35,5,54
-34,5,54
-35,4,53
-35,4,54
-35,5,54
-35,4,54
-34,4,54
-34,4,54
-34,4,54
-34,5,54
-34,5,54
-34,5,54
-34,5,54
-34,5,54
-35,4,53
-35,5,54
-34,5,54
-34,5,54
-34,4,54
-36,4,53
-36,4,54
-33,3,55
-35,2,54
-37,-2,56
-34,-3,55
-31,-1,57
-36,1,59
-24,6,69
-25,12,67
-16,14,62
-18,17,56
-25,20,43
-22,26,44
-22,27,45
-37,22,43
-37,20,44
-29,17,53
-33,15,59
-49,2,53
-48,2,54
-38,6,64
-17,9,67
-14,9,50
-10,5,61
-18,1,64
-23,-8,62
-22,0,57
-21,3,60
-22,0,62
-9,0,66
-11,-1,58
-20,0,60
-22,4,66
-15,1,65
-7,8,66
-8,4,63
-11,15,60
-9,13,64
-7,15,60
-14,19,60
-22,15,57
-23,13,59
-27,8,58
-23,10,60
-15,8,59
-25,2,61
-20,8,60
-15,11,59
-25,8,58
-34,0,58
-24,3,58
-16,9,59
-23,11,65
-23,12,57
-23,10,59
-23,13,58
-27,10,61
-22,9,57
-22,7,58
-18,8,57
-17,8,63
-23,3,59
-27,2,59
-25,6,59
-29,10,61
-39,4,54
-35,7,56
-21,13,60
-18,25,63
-19,26,55
-34,28,38
-35,28,41
-45,27,38
-39,28,28
-40,29,24
-54,31,11
-60,34,5
-65,30,0
-68,31,-9
-64,30,-22
-74,28,-30
-62,30,-18
-56,29,-11
-64,29,-7
-60,29,-7
-34,26,16
-64,21,6
-65,18,6
-59,15,17
-59,14,21
-48,8,27
-37,6,28
-30,-3,44
-36,4,38
-23,14,56
-29,19,64
-32,19,69
-34,11,60
-20,15,62
-25,11,43
-27,10,49
-38,5,61
-36,2,59
-24,0,58
-17,1,59
-14,0,62
3,-2,93
-12,-8,67
-20,-9,61
-29,-7,56
-31,-7,56
-33,-7,56
-32,-7,56
-26,-5,58
-24,-8,60
-25,-7,58
-33,-7,55
-32,-8,56
-27,-8,58
-27,-7,58
-25,-7,60
-22,-7,62
-21,-9,60
-20,-6,59
-21,-4,59
-23,-3,58
-24,-3,57
-27,-4,57
-30,-5,56
-29,-3,56
-29,-2,55
-29,0,58
-30,1,57
-28,4,56
-28,3,56
-35,-2,54
-30,-4,56
-31,-3,57
-30,-4,57
-29,-5,57
-25,-4,59
-25,-5,59
-22,-4,59
-23,-4,59
-25,-4,58
-27,-4,58
-26,-3,58
-24,-2,59
-25,-2,58
-25,-4,58
-25,-4,59
-25,-3,58
-24,-3,59
-25,-4,59
-25,-3,58
-26,-3,58
-26,-4,58
-25,-4,59
-24,-4,59
-24,-4,59
-25,-4,58
-25,-3,59
-25,-3,58
-26,-4,58
-26,-3,59
-25,-3,58
-24,-3,59
-25,-3,60
-25,-3,57
-25,-3,57
-24,-3,60
-24,-5,60
-25,-3,59
-27,-3,58
-27,-3,58
-26,-3,57
-27,-3,58
-28,-3,57
-28,-1,56
-27,0,56
-27,2,57
-27,2,57
-29,1,57
-32,-5,57
-29,-4,57
-28,-5,57
-27,-4,58
-27,-7,57
-27,-8,58
-32,-11,60
-26,-8,55
-24,-7,53
-27,-7,56
-26,-7,56
-24,-10,56
-23,-9,58
-18,-8,61
-22,-9,60
-29,-8,60
-20,-10,59
-19,-8,61
-31,-7,57
-32,-6,55
-26,-5,58
-26,-4,58
-30,-5,57
-29,-5,57
-28,-4,57
-28,-5,57
-28,-5,57
-28,-6,57
-26,-7,58
-26,-7,57
-25,-5,59
-25,-4,58
-24,-3,58
-25,-4,58
-24,-4,58
-26,-3,58
-28,-3,57
-28,-3,57
-29,-2,57
-29,-3,57
-28,-4,57
-27,-5,58
-29,-5,57
-28,-4,57
-30,-5,57
-29,-4,57
-28,-5,57
-28,-4,57
-29,-5,57
-28,-4,57
-27,-5,57
-27,-5,57
-27,-4,57
-29,-5,57
-27,-5,58
-24,-3,58
-25,-3,59
-28,-4,57
-28,-3,57
-26,-2,58
-26,-2,58
-28,-3,57
-28,-3,57
-29,-3,57
-28,-3,57
-28,-3,57
-29,-4,57
-30,-4,56
-28,-3,57
-29,-4,57
-29,-3,57
-28,-3,57
-29,-4,57
-29,-4,57
-28,-3,57
-30,-4,57
-29,-3,57
-28,-3,57
-29,-3,57
-29,-4,57
-29,-4,57
-29,-4,57
-29,-4,57
-29,-3,57
-29,-4,56
-29,-3,57
-29,-3,56
-29,-3,56
-29,-3,57
-30,-3,57
-29,-3,57
-29,-4,57
-29,-3,56
-29,-4,57
-30,-4,56
-29,-3,57
-30,-4,56
-30,-4,56
-29,-3,57
-30,-4,56
-29,-4,57
-30,-3,57
-30,-4,56
-30,-4,56
-30,-3,56
-30,-3,57
-29,-3,57
-30,-4,56
-30,-3,56
-30,-4,56
-30,-3,56
-30,-4,56
-30,-4,56
-30,-4,56
-30,-4,56
-30,-3,56
-30,-4,56
-30,-3,56
-30,-3,56
-30,-4,56
-30,-3,56
-30,-3,56
-30,-3,56
-30,-3,56
-30,-3,56
-30,-4,56
-30,-3,56
-31,-3,56
-31,-4,56
-30,-3,56
-30,-4,56
-30,-4,56
-30,-4,56
-30,-3,57
-30,-4,56
-30,-4,56
-30,-3,56
-30,-4,57
-30,-4,56
-30,-4,57
-30,-4,57
-29,-4,57
-28,-3,57
-28,-3,57
-29,-3,57
-30,-2,57
-30,-2,56
-30,-3,56
-29,-3,57
-29,-2,57
-29,-3,57
-29,-3,57
-30,-3,57
-30,-3,56
-30,-2,56
-30,-3,56
-30,-3,56
-30,-2,57
-30,-2,56
-30,-2,56
-30,-2,56
-30,-2,56
-31,-3,56
-31,-3,56
-31,-3,56
-31,-3,56
-31,-2,56
-31,-3,56
-32,-3,55
-32,-3,55
-32,-3,56
-32,-2,55
-31,-3,56
-31,-2,55
-32,-3,55
-32,-3,55
-31,-3,56
-32,-3,55
-32,-2,55
-32,-3,55
-32,-3,55
-31,-2,55
-32,-3,56
-32,-3,55
-32,-3,55
-32,-3,55
-32,-3,55
-32,-3,55
-31,-3,56
-31,-3,56
-31,-3,56
-31,-3,56
-31,-3,56
-30,-3,55
-31,-3,56
-31,-4,55
-34,-4,55
-32,-5,54
-32,-1,55
-33,0,55
-38,-1,52
-42,-7,50
-46,-9,51
-59,-17,47
-51,-9,45
-47,-6,52
-47,-2,46
-31,11,46
-29,15,46
-30,14,47
-29,13,48
-20,21,60
-17,22,62
-5,13,74
-7,3,88
-16,9,78
-36,-5,48
-37,-8,48
-31,-13,49
-32,-13,44
-36,-17,39
-36,-13,39
-34,-5,48
-35,-4,49
-37,10,49
-41,11,51
-29,5,65
-29,9,64
-23,12,61
-24,9,63
-22,7,62
-14,5,58
-15,7,57
-17,6,58
-19,10,59
-18,5,62
-12,4,66
-6,0,69
-10,1,73
-10,0,71
-3,1,65
-2,2,60
-11,-2,61
-11,-4,60
-8,-3,54
-9,-7,48
-11,-11,48
-8,-15,52
-18,-29,51
1,-39,81
37,1,71
12,2,69
6,5,64
-1,2,61
0,2,62
1,1,62
4,1,63
6,0,64
7,0,64
4,-1,63
2,-1,63
2,0,63
2,-1,63
2,-1,63
2,-1,63
2,-1,63
0,-1,62
-1,-1,63
-2,-2,62
-1,-2,62
0,-2,63
1,-3,63
2,-3,64
2,-3,63
0,-2,63
2,-2,63
2,-2,64
3,-1,64
2,-1,64
1,-2,64
1,-3,63
0,-2,63
0,-3,63
-2,-4,63
-2,-4,63
-2,-4,63
-2,-4,63
-3,-4,62
-4,-4,63
-3,-4,63
-2,-4,63
-3,-4,63
-2,-4,63
-2,-4,63
-1,-4,63
-1,-4,63
-2,-4,63
-2,-4,63
-2,-4,63
-3,-3,63
-3,-3,63
-3,-3,63
-4,-3,62
-3,-4,63
-2,-3,63
-2,-4,63
-3,-4,63
-2,-3,63
-2,-4,64
-3,-4,63
-2,-4,63
-1,-3,64
-3,-4,62
-2,-4,63
0,-4,64
1,-5,65
5,-2,68
8,-1,71
8,2,71
-1,2,63
-28,-3,53
-45,-13,46
-52,4,41
-48,24,46
-56,8,32
-51,21,28
-48,21,25
-70,23,-17
-82,22,-33
-77,35,-37
-68,40,-30
-53,40,7
-36,47,22
-34,56,-1
-47,36,13
-11,12,58
-6,31,58
-13,29,44
-27,38,33
-31,37,26
-33,31,23
-47,29,6
-80,32,-36
-80,36,-40
-79,47,-9
-76,44,8
-41,54,4
-44,47,11
-39,20,34
-28,21,49
-27,27,54
-29,27,52
-34,26,48
-53,23,41
-53,22,41
-41,23,44
-38,22,45
-31,21,45
-28,20,44
-26,20,42
-27,18,40
-22,16,38
-18,17,42
-20,15,47
-26,10,54
-25,10,58
-27,10,64
-32,12,62
-128,17,109
22,19,59
-24,9,55
-26,7,53
-33,11,57
-33,6,56
-26,5,58
-28,5,58
-30,6,56
-33,7,54
-35,7,53
-36,7,51
-34,7,53
-31,7,56
-29,7,57
-29,6,57
-29,6,57
-31,7,56
-31,6,55
-32,6,54
-32,6,55
-31,7,55
-30,7,56
-30,7,56
-30,7,56
-30,7,56
-31,7,55
-31,7,55
-31,7,55
-31,7,55
-31,7,56
-31,7,56
-31,7,55
-31,6,55
-31,7,56
-31,7,56
-31,7,56
-31,7,56
-31,7,55
-31,7,55
-31,7,56
-31,7,56
-31,7,56
-31,7,55
-32,7,55
-32,7,55
-33,7,54
-33,7,54
-33,7,55
-32,7,54
-31,7,55
-32,6,55
-31,7,55
-31,6,55
-35,6,53
-30,7,54
-26,13,61
-31,12,56
-33,11,54
-34,12,53
-32,12,53
-38,10,49
-33,9,53
-26,9,60
-26,9,59
-30,9,56
-32,9,55
-32,9,54
-31,9,55
-31,9,56
-31,9,55
-31,9,55
-31,10,55
-31,10,55
-31,9,55
-31,9,55
-31,9,55
-30,9,56
-31,9,55
-31,9,55
-31,9,55
-31,9,55
-31,9,55
-30,9,55
-31,9,55
-31,9,55
-31,9,55
-31,10,55
-31,10,55
-31,10,55
-32,9,55
-30,9,55
-31,9,56
-31,9,55
-31,8,54
-31,9,55
-31,11,56
-31,10,55
-32,9,55
-31,9,55
-31,8,55
-31,9,55
-32,9,55
-31,9,55
-31,9,55
-31,9,55
-31,9,55
-31,9,55
-31,10,55
-31,9,55
-31,9,55
-31,9,55
-31,9,55
-31,9,55
-31,9,55
-31,9,55
-31,9,55
-31,10,55
-31,9,55
-31,9,55
-30,9,55
-30,9,56
-30,9,56
-30,9,56
-31,9,55
-31,9,55
-30,9,56
-30,10,56
-30,9,56
-30,9,56
-31,10,55
-30,9,55
-31,9,56
-30,9,55
-30,10,56
-30,9,56
-30,9,55
-31,9,56
-29,6,57
-25,6,63
-26,6,60
-41,7,45
-35,8,49
-46,16,39
-56,18,28
-59,21,26
-62,16,20
-61,15,21
-54,14,31
-50,14,36
-49,15,40
-50,14,39
-50,13,39
-49,13,39
-51,14,37
-49,15,37
-50,17,38
-54,6,32
-52,14,37
-52,13,36
-53,12,35
-53,13,35
-53,13,35
-53,12,35
-53,12,34
-53,11,34
-53,11,34
-50,11,43
-57,-2,69
-82,1,28
-100,47,-36
-104,48,-46
-68,35,-17
-36,30,11
-22,29,3
-35,23,-10
-19,19,4
-14,30,14
-41,38,15
-48,39,6
-47,40,2
-67,39,-6
-72,38,-8
-60,38,-5
-53,40,-2
-45,44,-3
-45,46,-5
-47,49,-8
-48,48,-7
-52,44,-6
-53,44,-3
-51,43,0
-48,41,0
-49,41,-1
-50,39,0
-50,38,1
-51,38,2
-50,39,1
-49,40,-1
-49,40,-2
-50,42,-4
-51,42,-5
-54,41,-6
-54,40,-5
-54,40,-4
-52,40,-3
-49,40,-1
-51,39,0
-51,40,0
-50,40,1
-51,41,1
-52,41,0
-52,40,0
-52,39,2
-52,39,3
-50,38,4
-51,38,4
-50,38,4
-51,39,6
-54,39,6
-74,34,8
-89,29,11
-55,28,16
-47,30,11
-43,38,0
-33,43,-2
-16,35,6
-21,29,2
-31,48,-47
-30,52,-62
-45,62,-36
-51,68,0
-43,71,3
-50,46,3
-49,20,9
-39,22,42
-40,32,38
-42,40,2
-45,42,-6
-39,40,2
-46,39,-18
-41,61,-53
-42,63,-24
-46,64,-2
-35,71,11
-43,67,5
-43,21,9
-33,10,30
-30,27,50
-31,35,41
-44,41,9
-39,45,4
-41,42,8
-55,40,-9
-44,56,-34
-46,56,-28
-50,55,-20
-49,59,-9
-51,61,-11
-52,60,-8
-33,43,0
-35,18,27
-36,15,40
-42,26,41
-46,31,34
-49,41,7
-48,48,5
-48,53,6
-47,52,7
-48,49,9
-44,42,14
-43,40,18
-44,39,18
-46,41,17
-47,43,14
-48,44,13
-47,44,12
-47,44,12
-48,43,12
-47,43,13
-45,42,15
-45,42,15
-46,42,15
-46,43,14
-47,43,14
-46,43,14
-46,43,14
-46,43,14
-45,43,15
-47,43,14
-46,43,15
-46,43,15
-45,43,15
-46,43,14
-46,43,14
-46,43,14
-46,43,14
-46,43,14
-47,43,14
-45,42,15
-45,44,15
-45,44,15
-46,45,14
-46,44,14
-47,43,14
-46,42,14
-46,42,14
-47,42,14
-46,43,14
-45,43,15
-45,43,15
-46,44,15
-46,43,15
-46,43,15
-47,42,15
-46,43,15
-46,43,15
-47,43,15
-46,43,15
-45,43,15
-45,43,15
-46,43,14
-46,43,14
-47,42,14
-48,42,14
-48,42,14
-48,41,14
-48,41,14
-49,41,14
-48,41,14
-48,41,14
-47,41,15
-47,41,14
-47,42,15
-47,42,14
-48,42,15
-47,42,15
-47,42,15
-46,42,15
-46,42,15
-46,42,14
-46,43,14
-46,43,14
-46,43,14
-48,43,14
-47,42,14
-47,42,15
-47,42,15
-46,42,15
-46,43,15
-46,43,15
-46,43,15
-47,43,14
-47,42,14
-46,42,15
-46,42,15
-45,43,15
-46,43,14
-47,43,14
-50,40,19
-50,34,30
-40,27,31
-43,28,30
-39,33,21
-28,34,27
-25,33,9
-36,32,-8
-54,36,-48
-83,88,-108
-62,36,-13
-53,47,-20
-42,38,-11
-46,31,1
-52,29,-5
-63,32,-7
-61,34,-9
-50,37,-11
-48,37,-11
-52,37,-13
-54,36,-14
-53,36,-14
-53,35,-13
-53,36,-13
-54,35,-13
-54,35,-13
-52,35,-12
-52,36,-13
-52,37,-13
-52,37,-13
-52,36,-13
-52,36,-13
-51,36,-12
-51,38,-12
-51,39,-12
-51,39,-12
-52,37,-12
-53,36,-13
-52,35,-13
-52,36,-13
-52,37,-13
-51,37,-12
-51,37,-12
-52,37,-12
-52,37,-12
-52,37,-12
-52,36,-12
-52,37,-12
-52,37,-12
-52,37,-12
-52,36,-12
-52,36,-12
-52,37,-13
-52,38,-13
-52,37,-12
-52,37,-12
-52,36,-12
-52,36,-12
-52,36,-12
-52,36,-12
-52,37,-13
-52,37,-12
-52,36,-13
-52,36,-12
-52,36,-13
-53,36,-13
-53,36,-12
-52,36,-12
-52,36,-12
-52,36,-13
-52,37,-13
-51,37,-12
-52,37,-12
-52,37,-12
-52,37,-13
-52,36,-13
-52,36,-12
-52,36,-12
-52,36,-12
-53,36,-12
-53,36,-12
-52,37,-12
-51,38,-13
-50,38,-14
-50,38,-14
-50,37,-14
-51,38,-13
-52,37,-12
-52,37,-12
-53,36,-12
-53,36,-12
-52,37,-12
-52,37,-12
-51,38,-12
-51,38,-12
-51,37,-13
-52,37,-12
-52,37,-12
-52,37,-12
-51,37,-12
-52,37,-12
-52,37,-12
-52,37,-12
-52,37,-12
-51,37,-12
-51,37,-12
-51,37,-12
-52,37,-12
-51,38,-12
-51,37,-12
-52,37,-12
-52,37,-12
-51,37,-12
-52,37,-12
-51,38,-12
-51,38,-12
-52,38,-12
-51,37,-12
-52,37,-12
-52,37,-12
-51,37,-12
-52,38,-12
-52,38,-13
-51,38,-14
-69,40,-35
-82,40,-56
-74,37,-43
-44,45,-22
5,65,13
-4,69,17
-4,57,32
4,52,37
-1,48,31
-28,22,46
-26,9,47
-2,-13,36
5,-34,43
11,-39,63
14,-46,57
28,-57,57
29,-53,58
7,-44,56
-10,-63,80
-1,-17,75
31,-17,48
25,-21,54
10,-14,66
12,-12,65
14,-14,60
16,-16,62
13,-17,60
13,-14,59
10,-15,60
9,-15,60
6,-14,58
7,-15,60
10,-15,62
7,-16,62
5,-15,59
6,-15,61
7,-15,61
6,-15,61
6,-15,61
7,-15,61
8,-15,61
8,-16,62
7,-16,61
8,-15,61
8,-15,62
10,-16,63
4,-15,60
4,-15,60
5,-17,60
5,-17,61
5,-16,61
4,-14,61
1,-14,60
3,-16,60
7,-17,63
8,-16,63
3,-17,60
4,-17,59
6,-16,62
5,-13,62
5,-13,61
3,-15,60
4,-15,60
6,-15,62
6,-15,62
6,-15,62
5,-15,62
5,-15,61
5,-14,61
4,-15,61
4,-15,61
3,-15,60
5,-15,62
6,-15,62
5,-16,61
4,-15,61
2,-15,61
1,-16,60
3,-16,60
4,-16,61
7,-17,63
6,-17,62
6,-15,61
5,-13,61
3,-14,60
4,-15,61
4,-16,61
4,-15,61
4,-15,62
8,-18,63
8,-16,63
6,-15,61
5,-16,62
5,-16,60
5,-17,61
5,-16,60
4,-14,61
6,-11,63
4,-15,60
4,-15,61
5,-15,61
4,-15,61
7,-17,62
7,-17,62
5,-15,61
3,-15,61
4,-15,60
5,-15,61
6,-16,62
6,-15,61
6,-15,61
5,-15,61
5,-15,61
6,-16,61
6,-16,61
6,-15,61
5,-15,61
5,-15,61
5,-15,61
6,-15,61
6,-15,62
6,-15,61
5,-15,61
5,-15,61
5,-15,61
5,-15,61
6,-16,61
6,-16,61
5,-16,60
5,-17,60
6,-19,61
6,-20,59
4,-19,60
4,-16,61
4,-16,60
3,-15,59
3,-15,60
4,-14,62
4,-14,61
4,-13,61
3,-13,62
3,-13,62
3,-14,62
4,-13,61
4,-13,61
4,-14,62
4,-14,61
3,-14,61
4,-14,60
6,-13,60
2,-14,61
2,-15,61
2,-13,61
5,-12,61
6,-12,62
1,-12,60
5,-11,62
10,-12,63
10,-9,62
11,-9,59
17,-9,65
22,-10,68
16,-10,61
14,-7,62
13,-5,62
11,-10,59
12,-10,61
13,-9,64
12,-8,62
9,-8,60
9,-9,62
9,-9,62
8,-9,61
9,-9,62
8,-9,61
8,-9,61
8,-9,62
7,-9,62
9,-9,62
8,-10,62
9,-9,62
9,-9,63
9,-8,62
9,-9,62
9,-9,61
9,-9,62
10,-9,63
12,-9,64
10,-9,63
8,-8,62
6,-8,62
6,-8,61
6,-9,62
6,-9,62
5,-9,62
5,-8,62
6,-8,63
6,-8,63
3,-9,61
4,-9,63
4,-10,63
4,-9,63
1,-9,61
2,-9,62
2,-9,62
2,-9,62
2,-9,62
2,-9,62
3,-9,62
4,-9,64
4,-9,63
4,-10,63
4,-10,63
1,-8,61
1,-8,61
3,-9,63
3,-9,64
3,-10,64
2,-9,63
0,-8,61
1,-8,62
2,-8,62
1,-9,62
2,-10,62
2,-11,63
1,-11,63
1,-10,62
1,-9,62
1,-10,62
2,-9,63
2,-9,63
2,-9,63
1,-9,62
1,-9,63
2,-8,63
2,-8,63
2,-9,63
1,-9,63
1,-9,62
2,-9,63
2,-10,63
1,-10,63
1,-9,63
0,-8,62
-1,-8,62
0,-9,63
-1,-9,62
-1,-9,63
-1,-10,62
-2,-10,62
-2,-10,62
-2,-9,62
-2,-9,62
-2,-9,62
-1,-9,63
-1,-9,63
1,-9,64
0,-8,63
-1,-8,62
-1,-9,63
0,-9,63
0,-9,63
0,-9,63
-1,-9,63
0,-9,63
-1,-9,63
-1,-9,63
-1,-9,63
-2,-9,63
-1,-10,64
-1,-12,64
-1,-13,65
-1,-16,65
-3,-17,65
-4,-18,62
-6,-19,60
-4,-20,57
1,-19,58
11,-17,65
11,-15,67
3,-18,72
-3,-22,74
-7,-31,79
-6,-27,69
-8,-26,60
-24,-11,49
-48,-8,46
-51,0,53
-45,2,55
-38,5,53
-37,8,48
-32,8,42
-27,12,41
-20,18,38
-19,20,36
-7,26,36
0,40,37
-3,48,38
-28,71,52
-30,33,50
-14,37,48
-23,38,46
-26,38,42
-23,40,46
-35,39,38
-36,38,36
-31,40,36
-30,42,35
-29,41,35
-32,43,38
-30,43,38
-25,42,38
-26,41,37
-31,40,37
-33,40,36
-38,39,36
-38,39,38
-37,36,41
-36,35,42
-39,35,40
-38,34,41
-38,35,41
-38,36,40
-37,35,40
-35,35,40
-37,35,40
-37,35,40
-36,36,40
-38,36,39
-39,36,37
-38,37,36
-39,37,36
-40,36,36
-39,35,37
-38,35,39
-38,35,40
-37,36,40
-37,36,40
-37,36,40
-35,36,39
-35,36,39
-30,38,38
-29,41,36
-32,40,33
-39,35,37
-37,32,42
-37,29,47
-38,29,47
-37,28,46
-34,30,47
-33,31,47
-34,31,46
-34,31,46
-33,31,46
-32,31,46
-31,31,46
-30,30,48
-27,30,48
-28,30,48
-28,31,48
-29,31,48
-29,30,48
-30,30,48
-32,29,48
-33,28,48
-32,29,49
-32,30,48
-31,31,46
-32,32,46
-33,33,43
-34,33,44
-36,32,44
-38,25,46
-39,24,46
-34,23,50
-31,25,52
-25,29,52
-23,29,51
-25,43,43
-31,52,38
-49,51,30
-52,39,34
-41,17,46
-16,16,57
-14,16,56
-19,24,53
-27,29,49
-47,27,40
-50,23,40
-35,20,48
-31,24,48
-33,39,46
-38,43,43
-44,36,42
-45,26,44
-33,19,47
-27,27,48
-28,30,47
-33,27,47
-34,22,48
-37,22,48
-38,23,47
-35,27,47
-34,28,47
-32,30,48
-33,30,48
-33,30,48
-31,31,48
-31,32,49
-31,32,47
-31,32,47
-30,32,47
-29,32,47
-27,31,48
-27,31,48
-27,32,48
-26,32,48
-25,33,49
-25,33,49
-24,34,49
-22,35,49
-21,35,49
-22,36,48
-21,36,47
-21,37,47
-20,37,47
-18,39,47
-18,39,47
-19,39,47
-18,39,47
-18,39,47
-18,39,48
-17,39,48
-17,40,49
-18,40,49
-17,42,49
-18,43,49
-17,43,50
-17,43,50
-15,43,50
-13,43,49
-11,42,48
-11,41,47
-9,39,44
-4,35,39
-2,33,37
4,31,33
8,31,30
12,34,26
9,42,27
2,127,38
-17,71,46
-27,46,35
-20,54,33
-12,54,32
-14,52,39
-14,46,41
-15,45,40
-17,42,43
-6,49,46
-6,52,46
-9,53,38
-10,55,35
-13,50,34
-13,48,36
-17,46,35
-17,47,38
-11,54,41
-10,55,40
-13,56,36
-15,49,36
-14,47,37
-13,45,36
-13,48,37
-15,54,39
-16,56,37
-20,50,37
-20,46,39
-22,38,37
-23,36,37
-8,41,44
-4,48,45
-14,62,38
-19,54,38
-19,48,38
-23,42,36
-24,41,35
-14,43,39
-12,49,38
-13,55,39
-17,55,38
-14,47,42
-13,43,41
-22,42,34
-19,49,38
-16,52,39
-12,48,39
-17,49,38
-22,50,38
-21,49,38
-21,46,39
-23,45,37
-32,43,37
-30,42,41
-26,41,41
-26,43,35
-25,43,36
-29,41,41
-32,39,41
-35,39,39
-36,39,38
-37,40,36
-38,41,34
-36,41,34
-34,41,33
-38,39,32
-40,39,34
-39,40,36
-37,37,41
-35,33,43
-38,36,41
-39,38,38
-39,36,37
-38,36,38
-39,36,39
-38,36,39
-37,34,40
-36,33,41
-36,33,41
-36,32,42
-39,31,42
-38,31,42
-38,32,42
-40,33,42
-40,34,41
-37,35,41
-37,35,41
-38,37,42
-36,37,41
-30,37,40
-28,37,42
-29,39,42
-29,38,42
-28,38,41
-28,38,43
-27,37,43
-28,37,43
-29,37,43
-29,36,44
-29,36,45
-29,36,45
-29,35,45
-29,36,45
-28,36,45
-29,36,45
-29,36,45
-30,36,45
-28,37,44
-29,37,44
-29,37,44
-28,37,44
-28,37,44
-28,37,44
-28,37,44
-28,37,44
-29,37,43
-29,37,44
-28,38,44
-28,37,44
-28,38,44
-29,37,45
-29,38,44
-30,37,44
-30,36,44
-28,36,46
-27,36,46
-24,38,45
-24,38,45
-24,39,44
-26,39,43
-26,39,43
-27,38,44
-27,38,45
-27,38,45
-27,37,46
-26,37,46
-26,37,45
-25,38,45
-25,39,44
-25,39,44
-24,38,44
-23,38,44
-22,38,42
6,39,33
14,36,27
0,24,28
-15,11,38
-10,8,41
-16,-3,37
-48,-10,32
-87,-12,42
-97,-8,42
-128,-25,127
-128,-2,-103
12,-23,41
-33,-8,27
-41,-6,29
-84,-25,50
-62,-7,42
-27,-17,48
-37,-12,46
-44,-10,50
-43,-12,46
-43,-12,46
-46,-11,44
-49,-10,42
-48,-11,42
-46,-12,44
-45,-13,44
-44,-12,46
-42,-12,46
-42,-11,46
-43,-10,46
-44,-10,45
-48,-10,42
-48,-8,42
-47,-13,43
-49,-12,44
-52,-15,46
-56,-19,46
-67,-33,41
-81,-35,49
-55,-28,53
-43,-27,45
-41,-25,43
-35,-14,33
-34,-8,34
-39,1,33
-39,4,31
-41,10,31
-44,15,30
-44,21,28
-40,23,29
-30,21,44
-39,12,46
-29,12,50
-18,21,51
-22,24,56
-39,26,74
-48,31,83
-47,18,57
-38,16,48
-32,17,45
-28,17,47
-33,17,51
-38,14,54
-32,8,56
-29,8,52
-32,7,54
-37,3,55
-37,2,54
-35,2,52
-37,2,53
-41,0,52
-42,1,52
-41,2,54
-38,2,55
-38,0,56
-36,-1,53
-35,-1,53
-27,2,57
-23,4,59
-23,6,59
-26,5,58
-29,4,55
-26,5,56
-24,3,57
-25,2,57
-29,2,56
-30,2,56
-29,4,57
-29,4,57
-29,4,57
-26,6,58
-23,6,59
-24,6,57
-24,5,58
-23,5,60
-24,4,59
-26,3,59
-28,1,58
-33,0,56
-34,-1,55
-35,-1,53
-39,-1,51
-39,-1,50
-35,5,53
-37,10,47
-46,25,44
-45,24,47
-40,10,61
-45,10,73
-36,7,82
-24,6,87
-2,9,90
1,13,84
-1,17,75
-3,14,69
-7,18,66
-11,16,50
-12,12,41
-14,11,18
-17,12,6
-9,26,-14
-12,34,-24
-13,51,-30
-15,58,-31
-6,80,-34
-8,81,-30
-18,51,-28
-25,50,-31
-28,56,-33
-25,56,-33
-22,55,-34
-18,56,-32
-16,56,-31
-14,55,-30
-15,55,-29
-16,54,-27
-17,54,-26
-18,54,-27
-19,55,-29
-19,55,-30
-20,55,-31
-20,55,-31
-19,54,-29
-19,54,-28
-19,54,-28
-19,54,-28
-18,54,-28
-18,54,-29
-18,54,-29
-17,54,-29
-18,53,-30
-19,53,-31
-19,53,-33
-20,53,-35
-21,54,-36
-22,54,-36
-22,54,-34
-20,55,-27
-18,55,-23
-14,54,-15
-13,53,-13
-14,53,-19
-21,55,-37
-25,55,-43
-30,54,-45
-32,54,-40
-34,55,-30
-33,54,-26
-36,55,-19
-37,54,-18
-31,52,-18
-26,52,-18
-11,51,-20
-6,52,-21
9,53,-23
8,57,-32
28,55,-33
37,54,-29
36,54,-28
33,54,-26
33,54,-23
31,55,-20
30,55,-19
25,58,-19
20,59,-19
14,60,-19
10,60,-19
5,60,-19
2,60,-19
2,60,-19
2,60,-18
3,60,-19
1,61,-19
0,63,-19
2,63,-18
2,62,-17
5,60,-16
6,60,-17
5,60,-19
5,61,-21
5,60,-22
5,61,-22
5,61,-22
5,60,-22
5,60,-23
5,60,-22
5,61,-23
4,61,-23
4,62,-24
1,62,-24
5,62,-22
8,61,-24
5,62,-21
1,62,-20
-3,62,-18
-5,62,-16
-5,61,-7
1,60,-3
-5,58,2
-6,58,7
1,57,12
10,55,13
22,57,19
31,55,22
36,56,22
29,57,22
21,57,21
16,56,21
16,56,21
18,56,21
19,57,23
21,56,24
23,55,24
25,55,23
25,55,22
25,55,22
25,55,21
23,56,23
22,55,23
22,55,22
22,55,21
22,55,21
24,56,20
25,56,19
25,56,18
24,55,18
23,56,18
22,56,18
21,56,19
23,55,21
24,55,21
24,54,22
25,54,22
25,54,23
25,54,23
25,54,23
24,55,22
24,55,21
23,55,21
23,55,20
24,55,20
25,56,19
25,56,18
25,55,18
25,55,18
24,56,18
25,56,18
24,56,18
23,56,18
23,56,18
23,56,19
23,56,20
23,55,20
23,56,20
24,55,19
25,56,17
25,57,16
26,59,18
29,60,20
23,58,27
15,56,27
8,50,27
10,47,31
13,38,41
9,35,42
6,35,55
5,36,59
3,38,57
4,38,51
4,39,51
4,41,51
3,40,50
6,40,49
9,40,48
9,42,47
9,42,46
8,42,45
9,42,45
9,44,45
8,44,44
7,45,41
11,46,40
16,47,41
37,48,46
38,49,42
-42,31,25
-55,19,30
-46,5,48
-55,4,49
-3,8,65
45,3,96
-3,-4,80
-32,8,63
-27,11,62
-18,13,59
-12,15,58
-3,17,59
-3,17,60
-6,16,61
-7,15,62
-19,14,59
-20,14,60
-19,14,60
-18,14,60
-16,15,59
-16,15,58
-17,15,58
-16,15,57
-15,15,57
-8,15,61
-4,14,63
-4,12,64
-6,12,64
-12,12,63
-13,13,62
-13,13,61
-12,14,61
-11,14,61
-11,14,61
-10,14,62
-10,14,61
-9,15,61
-10,15,60
-11,16,59
-11,16,59
-11,16,60
-10,16,60
-10,16,60
-11,16,60
-11,16,60
-12,16,60
-11,16,61
-12,16,60
-12,15,60
-12,15,60
-12,15,61
-11,15,61
-12,15,61
-12,15,61
-11,14,61
-11,14,61
-12,15,61
-12,15,60
-12,15,61
-12,15,61
-12,15,61
-12,15,61
-12,14,61
-12,15,61
-11,16,61
-11,15,60
-11,16,60
-11,16,61
-11,16,61
-11,16,60
-11,16,60
-11,15,61
-11,15,61
-11,15,61
-11,16,61
-11,16,61
-11,15,61
-11,15,61
-11,15,61
-11,15,61
-11,15,61
-10,15,61
-10,16,61
-10,17,60
-11,16,60
-11,16,60
-11,16,60
-11,16,60
-11,16,61
-10,15,62
-10,15,62
-8,15,61
-7,14,62
-5,15,63
-3,19,63
-9,21,60
-30,24,52
-39,24,48
-32,25,57
-20,26,65
-17,28,62
-17,29,57
-17,37,44
-23,38,41
-30,32,44
-23,30,45
-1,28,54
16,30,62
13,30,61
0,31,56
-4,32,54
-5,34,52
-4,35,52
-2,35,53
-5,34,52
-8,34,52
-8,34,53
-7,33,54
-6,32,54
-7,32,55
-6,33,54
-5,33,54
-7,33,54
-7,33,54
-7,33,53
-6,34,52
-5,35,49
-6,36,44
-8,41,37
-10,41,39
-8,38,57
-6,25,61
-1,21,63
0,16,71
-8,20,69
-3,20,61
4,21,56
22,24,64
31,28,69
11,30,54
3,27,54
-11,31,54
-8,36,56
5,29,50
12,30,52
12,32,54
11,32,54
8,30,53
5,31,56
5,31,56
8,29,55
8,29,55
8,30,56
8,29,55
8,30,56
8,29,56
9,30,55
9,31,55
7,31,55
6,30,55
6,30,55
7,30,55
7,30,55
8,30,55
8,30,55
8,30,55
8,30,55
8,30,55
7,30,55
6,30,55
6,30,55
7,31,55
8,32,54
9,31,54
8,30,55
6,29,55
7,28,56
8,28,58
9,29,58
7,29,57
6,29,56
9,28,56
10,29,55
10,31,55
9,31,55
7,30,54
7,31,54
7,30,55
8,31,56
8,30,55
8,29,55
9,30,56
8,29,56
8,29,56
8,29,55
8,30,55
8,31,55
8,30,54
8,30,55
8,29,56
8,29,56
8,29,55
8,30,55
8,30,55
8,30,55
8,30,55
8,30,55
9,30,55
9,30,55
9,30,54
9,30,55
9,30,55
9,30,55
9,30,55
9,30,55
9,30,55
8,31,55
9,30,55
5,29,56
3,28,56
6,29,57
9,29,54
8,33,48
9,38,48
14,40,52
6,39,53
6,29,48
12,27,51
14,23,62
9,22,64
1,22,65
2,23,64
6,26,59
5,27,56
6,28,55
9,29,56
9,29,55
8,30,55
8,30,54
8,29,55
8,29,54
7,28,56
7,28,57
6,27,57
7,27,58
8,27,58
8,28,57
8,29,56
7,29,55
8,29,55
8,29,55
9,29,55
9,29,55
10,29,55
10,29,56
10,29,55
8,29,55
8,29,56
8,29,56
8,30,55
7,30,54
7,31,52
6,31,50
5,32,50
4,30,52
7,24,56
6,24,60
8,21,66
11,21,64
13,20,62
16,23,61
9,24,59
-2,26,55
-8,27,53
-3,28,52
14,28,63
20,27,64
12,26,59
0,23,55
-11,24,54
-5,21,57
2,26,56
5,29,55
-8,32,44
-1,33,49
31,28,70
22,24,70
10,26,62
10,30,58
-6,21,48
-15,19,48
-15,30,54
-5,29,53
21,30,51
36,34,62
23,32,60
7,36,48
5,41,41
3,38,42
6,32,49
13,29,58
15,28,60
15,26,58
14,27,56
12,29,55
11,30,54
11,33,53
11,33,52
12,32,52
13,31,53
12,31,53
12,30,54
14,30,55
13,29,55
13,29,55
13,30,55
12,30,55
12,31,54
12,31,54
12,31,53
13,31,53
13,31,53
13,32,53
13,32,53
11,32,52
11,32,53
13,31,54
12,31,54
12,31,54
12,31,54
13,31,54
12,31,53
12,31,53
14,31,51
17,30,50
19,36,54
19,35,52
24,34,45
26,32,44
10,29,48
7,28,50
10,26,59
5,25,66
4,24,65
2,22,60
0,22,59
4,23,61
6,24,60
6,24,59
5,24,59
5,24,58
5,24,58
8,25,57
9,25,57
6,26,57
6,24,58
6,23,59
9,23,60
10,24,60
7,25,57
6,25,57
6,26,56
7,26,57
7,25,57
7,25,57
7,25,58
8,25,58
8,25,58
7,25,57
8,25,57
7,25,57
7,25,57
6,25,57
6,25,57
6,25,58
6,25,58
8,24,59
8,24,59
8,25,58
8,25,58
8,26,57
8,26,57
8,26,57
7,26,56
7,26,56
7,26,57
7,26,57
8,26,57
8,25,57
8,25,57
8,25,58
7,26,57
7,25,57
7,25,57
7,25,58
7,25,58
8,25,58
8,25,57
8,25,57
8,26,57
7,25,57
7,25,58
6,25,58
6,25,58
7,25,57
7,25,58
7,25,58
6,24,58
4,24,58
-1,23,58
-1,23,58
13,25,58
17,25,57
16,30,53
17,31,50
13,32,53
9,30,58
9,27,53
16,26,50
20,29,55
24,36,57
22,35,54
16,32,49
14,32,47
13,31,51
12,30,55
19,30,55
24,31,55
28,34,48
30,36,46
26,36,43
7,34,45
-1,31,45
7,29,53
25,31,58
36,30,58
29,29,54
22,33,51
18,32,48
15,29,45
21,30,46
27,31,49
25,31,49
21,32,52
19,33,52
19,33,51
21,30,49
23,30,49
26,30,51
26,30,51
25,31,49
23,32,49
22,32,48
22,32,48
23,32,49
24,31,48
25,32,48
25,32,48
25,31,48
26,31,48
26,31,48
23,31,49
22,31,50
21,31,51
22,31,51
23,31,51
23,31,50
25,31,49
27,31,48
27,31,48
23,31,48
21,31,49
20,31,51
21,31,51
19,31,52
20,31,50
26,32,47
27,33,45
26,33,43
27,35,52
24,32,48
26,25,50
30,26,53
24,28,57
17,30,55
20,33,52
22,34,48
27,34,45
26,35,45
25,33,44
22,32,44
26,33,49
28,32,50
28,32,48
27,33,46
26,34,45
25,34,46
26,33,46
27,32,47
28,32,48
27,33,47
26,33,47
25,34,46
25,34,46
25,33,47
27,33,48
28,33,48
28,33,47
27,33,46
27,34,45
27,34,44
27,34,45
27,34,45
26,34,47
25,33,47
26,33,47
26,33,47
26,33,47
25,34,46
25,34,46
26,34,45
27,34,46
23,35,55
25,35,55
5,30,42
2,29,46
34,35,58
34,33,56
26,32,43
24,36,44
30,41,43
39,37,38
34,36,35
14,34,44
16,35,47
25,39,50
23,38,50
20,38,47
20,36,44
18,36,45
22,36,46
23,36,47
23,36,47
24,36,47
20,36,48
16,34,49
15,32,49
16,32,51
20,33,54
21,33,51
22,34,44
24,35,42
26,39,44
28,40,45
30,41,43
29,38,39
25,38,38
19,38,45
21,39,47
27,38,48
27,38,48
26,37,45
25,37,43
26,38,42
27,39,42
27,41,40
26,42,38
25,43,37
23,43,36
24,43,36
26,43,36
25,42,37
25,42,38
24,42,39
25,42,40
26,41,41
26,40,43
26,40,43
26,40,43
27,40,42
25,40,42
24,41,42
24,40,42
26,40,42
26,40,42
26,41,41
26,40,41
26,40,40
27,41,39
26,42,38
26,43,38
27,43,37
26,44,36
25,44,37
25,43,37
25,43,38
25,43,38
25,43,38
26,44,37
27,44,36
27,45,34
25,45,33
27,48,37
29,47,41
36,46,53
15,34,35
3,27,32
-5,17,50
-21,16,48
-38,11,52
-40,10,53
-38,8,50
-34,8,50
-47,5,46
-47,5,45
-45,12,41
-54,5,39
-53,2,39
-53,4,45
-57,1,44
-51,-7,54
-43,-10,55
-47,-13,58
-51,-8,60
-49,1,55
-54,4,43
-56,9,35
-57,9,37
-51,17,38
-50,19,31
-51,20,30
-48,23,30
-49,24,31
-48,24,31
-49,24,32
-48,25,33
-45,26,35
-46,27,38
-45,28,38
-40,28,39
-39,29,39
-40,30,37
-39,32,38
-38,32,38
-36,33,39
-39,34,37
-39,34,37
-39,34,36
-40,34,36
-41,34,36
-44,34,36
-45,32,35
-45,32,37
-43,31,39
-46,34,39
-35,33,42
-18,35,53
-26,37,49
-27,33,43
-4,39,55
-6,37,58
-9,41,49
-11,43,43
-12,42,40
-16,43,42
-16,45,41
-15,46,40
-20,45,40
-19,48,32
-13,47,34
0,47,37
4,47,37
15,46,40
13,46,41
15,51,42
20,53,40
23,50,29
27,48,29
30,49,36
30,48,33
30,46,34
29,45,32
28,46,33
27,46,34
27,45,34
29,46,34
29,46,34
31,45,33
31,45,32
32,45,32
32,46,32
30,44,30
31,45,30
31,46,30
30,46,30
31,46,30
30,47,30
30,46,30
31,46,30
30,46,30
30,46,30
30,46,31
30,46,31
30,45,31
30,46,31
31,46,31
31,46,30
31,45,32
33,46,34
38,43,36
30,40,34
27,42,37
28,43,37
28,43,35
27,43,35
26,44,36
27,43,35
28,43,35
28,43,36
29,43,36
29,43,36
30,42,35
29,43,33
31,45,34
27,46,31
24,44,28
17,44,25
14,44,28
12,40,46
27,28,50
37,25,50
49,27,63
46,31,62
20,28,52
14,27,48
13,27,48
18,31,49
24,32,52
27,33,52
29,32,51
28,32,49
28,31,45
26,33,44
24,34,46
24,34,47
23,34,48
27,33,49
27,33,48
24,32,48
24,32,48
25,32,48
26,33,47
25,33,48
26,33,48
26,32,48
27,31,47
28,31,47
28,31,47
29,31,47
30,31,46
30,32,46
29,33,45
29,33,45
28,34,45
29,34,44
30,34,43
29,35,42
29,35,42
28,35,42
29,35,43
29,35,43
29,35,43
30,35,44
30,35,43
30,34,43
30,34,43
30,34,43
30,34,44
29,34,45
30,33,44
29,33,44
29,34,44
30,34,45
29,33,45
29,34,45
29,34,45
29,34,44
30,34,44
30,34,43
30,34,43
29,35,43
29,34,43
30,34,43
30,34,44
30,34,44
29,34,44
30,34,44
30,34,44
30,34,44
30,34,44
29,34,44
29,34,44
29,34,44
29,34,44
29,34,45
29,34,45
29,34,45
29,34,44
29,34,44
29,34,44
29,34,44
29,34,44
29,34,43
30,34,44
29,34,43
30,34,44
30,34,44
30,34,43
29,34,44
29,34,43
29,34,44
29,34,44
30,34,44
29,34,44
30,34,44
30,34,44
30,34,44
29,34,44
29,34,44
29,34,44
29,34,44
30,34,44
30,34,44
29,34,44
30,34,43
30,34,43
30,34,43
30,34,43
30,35,43
29,34,44
29,34,44
30,34,44
30,34,44
30,34,44
30,34,44
30,34,43
29,35,43
29,35,43
29,34,44
30,34,44
30,34,45
29,34,45
30,34,44
30,34,44
30,35,43
30,34,42
30,34,42
30,35,42
30,35,43
31,34,43
30,34,44
29,34,45
29,34,45
29,34,45
29,34,44
29,34,44
29,36,43
29,35,42
29,36,42
29,36,42
29,36,42
29,36,42
31,35,42
32,35,42
35,36,40
35,37,39
34,38,35
33,39,33
35,40,28
35,41,24
33,40,21
25,36,20
20,32,22
14,23,25
12,17,26
-8,1,34
-20,-12,30
-2,-35,74
-2,-128,127
45,-38,10
75,-40,76
12,0,98
-10,-3,58
-15,-16,54
3,-23,71
-14,-9,65
-32,-9,46
-13,-17,57
-13,-18,59
-12,-19,58
-9,-19,60
-7,-19,62
-5,-19,61
-6,-19,61
-8,-18,60
-8,-18,61
-8,-18,60
-9,-18,61
-9,-18,60
-10,-19,60
-10,-18,60
-11,-18,59
-12,-19,59
-13,-18,59
-13,-18,59
-12,-18,59
-11,-18,60
-10,-18,60
-10,-18,60
-10,-18,60
-10,-18,60
-10,-19,60
-10,-19,60
-10,-19,60
-10,-19,60
-11,-19,60
-11,-18,59
-12,-18,60
-11,-18,60
-11,-18,60
-11,-18,60
-11,-18,60
-11,-18,60
-11,-18,60
-11,-18,60
-10,-18,60
-10,-18,60
-11,-18,60
-11,-18,60
-11,-18,59
-11,-18,60
-11,-18,60
-11,-19,60
-11,-18,60
-11,-18,60
-11,-18,60
-11,-19,59
-10,-18,60
-10,-18,60
-10,-18,60
-11,-18,59
-11,-18,60
-11,-19,60
-11,-19,60
-11,-18,60
-11,-18,60
-11,-19,60
-10,-19,60
-11,-18,60
-10,-18,61
-10,-19,61
-11,-19,60
-9,-18,61
-11,-18,62
-11,-19,63
-6,-23,61
-13,-31,71
-29,-30,70
-40,-26,67
-34,-16,74
-26,-2,68
-25,2,61
-20,9,50
-18,12,47
-12,16,37
-12,19,38
-23,23,37
-41,25,39
-44,24,41
-15,20,56
-10,19,62
-26,11,61
-24,9,63
-18,7,65
-18,7,65
-18,10,64
-17,11,63
-15,11,63
-15,11,61
-17,13,61
-11,18,68
-4,16,74
-7,7,67
-15,7,62
65,46,67
64,43,65
20,4,43
-39,-23,5
-128,25,-1
-99,38,15
-72,44,28
-54,50,38
-32,50,48
-20,33,50
-17,33,53
-11,30,48
-7,29,47
8,32,49
17,35,51
20,36,47
20,40,51
24,44,47
24,44,45
24,48,42
18,47,35
16,46,32
15,48,30
17,49,29
19,50,28
20,52,27
23,54,25
21,54,23
23,54,22
22,55,22
19,55,19
20,55,20
20,56,21
18,56,15
21,54,17
22,56,19
25,55,19
27,54,19
27,54,20
27,54,20
28,53,21
28,53,22
28,53,22
28,53,21
27,53,22
24,53,23
22,52,23
21,52,24
25,52,25
29,52,24
36,51,17
40,52,19
51,54,19
43,53,17
21,54,33
4,53,31
-7,46,12
-27,49,12
13,48,21
29,59,28
34,46,24
57,47,23
60,47,23
41,48,21
28,49,20
19,53,21
22,53,20
29,53,21
32,52,20
33,50,20
32,50,21
34,49,22
35,49,22
35,49,22
32,50,21
31,50,21
30,51,19
31,51,18
31,50,18
32,50,18
34,50,19
34,51,20
33,50,21
32,50,22
32,50,21
31,50,21
32,51,21
33,51,20
33,51,20
33,50,19
32,50,20
34,49,19
34,50,19
35,50,18
35,50,18
34,50,18
33,50,18
33,51,18
32,51,18
32,51,19
32,50,19
32,51,20
31,51,21
32,50,21
32,50,21
32,50,21
32,50,20
32,50,20
33,50,19
33,50,19
33,50,19
32,50,20
32,50,20
32,50,20
33,50,20
33,51,19
33,51,18
34,51,16
34,52,15
27,53,12
22,52,10
18,52,12
14,48,26
16,45,32
33,38,42
46,36,47
56,33,50
47,33,47
30,38,42
26,40,40
23,42,37
26,43,36
31,42,35
31,42,34
32,42,33
29,42,34
27,42,35
29,40,37
30,40,40
33,40,40
34,40,39
34,41,36
33,42,35
29,43,34
28,42,34
27,41,37
31,41,37
31,41,38
31,41,37
30,42,36
29,42,35
30,42,36
31,42,36
31,42,36
32,41,36
32,41,36
31,41,36
32,41,36
31,41,36
30,42,36
30,42,36
31,42,35
31,42,35
31,42,35
31,42,35
31,42,35
31,42,35
31,42,35
32,42,35
31,42,35
30,42,36
31,41,36
32,41,37
31,41,36
30,41,37
30,41,36
30,41,36
31,42,36
31,41,36
31,41,36
31,41,36
31,41,36
31,41,36
31,42,35
31,42,35
31,42,35
31,41,36
31,41,35
31,41,35
31,42,35
31,41,35
31,42,35
31,42,35
32,42,36
31,41,36
31,41,36
31,41,36
31,41,36
32,41,36
32,41,35
31,42,35
31,41,35
32,42,34
31,42,35
31,41,36
31,41,37
31,41,38
31,41,37
31,41,36
31,41,36
32,41,35
32,42,35
31,41,34
32,41,35
32,41,35
32,41,35
32,41,35
31,41,36
32,41,36
32,41,36
31,41,35
31,42,35
31,42,35
32,42,35
32,42,34
32,42,34
32,42,34
32,42,34
31,41,35
32,41,35
31,41,36
31,41,36
31,41,36
32,41,35
32,42,35
32,41,35
32,41,35
32,42,35
32,42,35
32,41,35
32,41,36
32,41,36
32,41,35
32,42,34
32,42,34
32,42,35
31,42,35
31,41,35
32,41,35
32,41,35
32,42,35
32,42,34
31,42,35
32,42,35
32,41,35
32,42,35
32,42,35
31,42,35
32,42,35
32,42,35
32,41,35
32,42,35
32,42,35
32,42,35
32,42,35
32,42,35
32,42,35
32,42,34
32,42,34
31,43,33
32,42,33
32,42,34
32,42,34
32,42,34
32,42,33
32,42,33
32,42,33
32,42,33
32,42,34
33,42,33
33,42,33
33,42,34
33,41,34
33,42,34
33,41,34
33,41,34
33,41,34
33,41,34
33,41,34
32,41,35
32,41,36
32,40,37
33,40,37
34,40,36
33,41,36
32,41,35
31,42,34
32,42,34
31,42,33
32,42,34
32,42,34
32,42,33
33,42,33
33,42,33
33,42,33
33,42,33
32,42,33
32,42,33
33,42,34
33,41,34
33,41,35
34,41,34
33,41,34
33,42,34
33,42,33
32,42,33
32,42,33
32,42,33
32,42,34
32,42,35
32,41,35
33,41,35
33,41,34
33,41,34
33,42,33
33,42,33
32,42,33
33,42,33
33,42,34
33,42,34
33,42,34
33,42,34
32,42,34
32,42,34
32,42,34
32,42,34
32,42,34
32,42,34
32,42,34
32,42,34
32,42,34
32,42,34
32,42,34
32,42,34
32,42,34
32,42,35
32,42,34
32,42,35
32,42,35
32,42,34
32,42,34
33,42,34
32,42,34
32,42,34
32,42,34
32,42,34
32,42,34
32,42,34
32,42,34
33,42,34
33,42,34
32,42,34
32,42,34
33,42,34
32,42,34
33,42,34
32,42,34
32,42,34
33,42,34
32,42,34
32,42,34
33,42,33
33,42,34
33,42,34
32,42,34
32,42,34
33,42,34
33,42,34
33,42,34
32,42,34
32,42,34
32,42,34
32,42,34
32,42,34
32,42,34
32,42,33
32,42,34
32,42,33
32,42,34
32,42,34
32,42,34
32,42,34
32,42,34
32,42,33
32,42,34
32,42,34
32,42,34
32,42,34
32,42,34
32,42,34
33,42,34
33,42,34
32,42,33
32,42,33
32,42,33
32,42,34
32,42,34
32,42,34
33,42,33
32,42,34
33,42,33
33,42,33
32,42,33
32,42,33
32,42,33
32,42,33
32,42,33
33,42,33
32,42,33
32,42,33
32,42,33
33,43,33
33,42,33
33,42,33
32,42,33
33,42,33
33,42,33
33,42,33
33,42,33
33,42,33
33,42,33
33,42,33
32,42,33
33,42,33
33,42,33
33,42,33
33,42,33
33,43,33
33,42,33
33,42,33
33,42,33
33,42,33
33,42,33
33,42,33
33,43,32
33,42,32
33,42,32
33,42,32
33,42,32
33,42,32
33,42,32
33,42,33
33,43,32
33,42,32
33,43,33
33,43,32
33,42,32
33,43,32
33,43,32
33,43,33
33,43,33
33,42,33
33,42,33
33,42,32
34,43,32
33,43,31
33,43,32
33,43,32
33,43,32
33,42,32
33,42,32
33,43,33
33,43,32
33,42,32
33,43,32
33,43,32
33,43,32
33,43,32
33,43,32
33,43,32
33,42,33
33,42,33
33,43,33
33,43,33
33,43,33
33,43,33
33,43,33
33,43,33
33,43,33
33,42,33
33,42,33
33,43,33
33,43,33
33,43,32
32,43,32
33,43,32
33,43,33
32,43,33
32,43,33
32,43,33
32,43,33
32,43,33
32,43,32
31,43,32
32,43,33
32,43,33
32,42,34
33,41,33
33,42,33
34,43,31
34,44,31
33,44,31
32,44,31
31,44,32
31,44,32
31,44,33
32,44,33
32,43,32
33,43,32
33,43,32
32,44,31
32,44,31
32,43,32
32,44,32
32,43,32
32,43,33
32,43,33
32,43,33
32,43,33
32,43,33
32,43,33
32,43,33
31,43,33
31,43,33
32,43,33
32,43,32
32,44,32
32,44,32
32,44,32
31,43,33
31,43,33
32,43,33
32,43,33
32,43,33
32,43,32
32,44,32
32,44,32
32,43,32
32,44,32
32,44,32
33,44,32
33,43,32
33,44,33
34,43,33
35,43,33
35,43,33
34,41,32
34,41,30
33,39,30
36,38,27
37,37,26
36,36,26
34,34,29
35,32,35
37,32,38
29,24,42
29,18,42
22,11,48
3,1,61
14,1,64
31,4,78
17,0,76
3,-7,71
6,-5,72
-2,3,70
-6,4,69
-21,-3,65
-21,-5,63
-10,-9,63
-8,-1,65
-6,-3,70
-20,-12,56
-27,-12,47
-33,-8,43
-28,-5,51
-58,7,56
-55,5,57
-42,8,55
-37,12,54
-38,6,49
-34,4,50
-27,2,53
-21,0,55
-30,-9,58
-19,-6,61
-8,-3,65
-16,-4,64
-21,-6,64
-27,-7,62
-26,-6,61
-24,-5,60
-25,-6,61
-31,-8,58
-28,-10,59
-23,-8,61
-24,-5,58
-21,-4,60
-20,-6,61
-19,-5,61
-17,-5,61
-18,-5,60
-19,-3,61
-16,-1,61
-17,-3,60
-17,-3,61
-21,-4,59
-18,-2,60
-18,-1,60
-15,0,58
-14,1,59
-22,-4,62
-19,-5,62
-16,-3,61
-16,-2,62
-15,-2,62
-15,-2,62
-16,-2,61
-17,-2,61
-17,-2,61
-17,-2,62
-17,-3,62
-16,-2,61
-16,-2,61
-17,-3,61
-16,-2,61
-17,-1,62
-17,-2,62
-17,-2,61
-16,-2,61
-16,-2,61
-16,-2,61
-18,-2,61
-17,-2,61
-17,-2,62
-17,-2,61
-17,-2,61
-17,-2,62
-17,-2,61
-16,-2,62
-17,-2,61
-17,-2,61
-18,-2,61
-17,-2,61
-16,-2,62
-17,-2,61
-17,-2,61
-17,-2,61
-16,-2,62
-17,-2,62
-17,-2,61
-17,-2,61
-17,-2,61
-16,-2,61
-17,-2,61
-17,-2,62
-17,-2,61
-17,-2,62
-17,-2,61
-17,-2,61
-17,-1,62
-17,-2,62
-17,-2,62
-17,-2,61
-17,-2,61
-17,-2,61
-18,-2,61
-17,-2,62
-17,-2,62
-17,-2,62
-17,-1,61
-17,-2,61
-17,-1,61
-17,-2,61
-18,-2,61
-17,-1,61
-17,-1,61
-17,-2,61
-17,-1,61
-17,-1,61
-17,-1,62
-18,-1,61
-18,-1,61
-17,-1,61
-18,-1,61
-18,-1,61
-17,-2,61
-18,-1,61
-17,-1,61
-17,-1,61
-17,-1,61
-17,0,61
-17,0,60
-16,1,60
-16,1,60
-18,1,60
-18,0,61
-17,-1,61
-19,-2,61
-21,-2,61
-20,-3,62
-19,-3,62
-17,-3,63
-18,-4,62
-18,-4,62
-18,-4,61
-17,-4,61
-18,-4,62
-19,-3,60
-18,-3,61
-18,-3,61
-17,-3,62
-18,-3,61
-18,-3,62
-18,-4,62
-19,-4,61
-19,-3,61
-20,-4,60
-20,-3,61
-19,-2,60
-19,-3,61
-17,-3,61
-17,-2,61
-18,-3,60
-18,-2,61
-17,-2,61
-18,-3,61
-19,-3,61
-18,-3,61
-18,-3,61
-18,-3,61
-18,-3,61
-18,-3,61
-18,-3,61
-18,-3,61
-18,-3,61
-18,-3,61
-18,-3,61
-17,-3,61
-18,-3,61
-19,-3,61
-17,-3,61
-17,-3,61
-18,-3,60
-18,-2,61
-18,-3,61
-18,-3,61
-18,-3,61
-18,-4,61
-17,-3,61
-18,-3,61
-18,-3,61
-17,-3,61
-16,-2,62
-17,-2,61
-18,-2,61
-18,-2,61
-18,-2,61
-17,-3,61
-18,-2,61
-18,-3,61
-18,-2,61
-17,-2,61
-18,-2,61
-18,-2,61
-18,-3,61
-18,-2,61
-17,-2,61
-17,-2,61
-18,-2,61
-18,-2,61
-18,-2,61
-18,-2,61
-17,-3,61
-17,-2,61
-18,-2,61
-18,-2,61
-18,-2,61
-17,-2,61
-17,-1,61
-17,-2,61
-18,-2,61
-18,-2,61
-17,-2,61
-17,-2,61
-18,-2,61
-17,-2,61
-17,-1,61
-17,-2,61
-18,-2,61
-17,-2,61
-18,-2,61
-17,-2,61
-17,-2,62
-18,-2,61
-18,-2,61
-18,-2,61
-17,-2,61
-17,-2,61
-17,-2,61
-17,-2,61
-17,-2,61
-18,-2,61
-17,-2,61
-18,-2,61
-18,-2,61
-17,-2,61
-18,-2,60
-17,-2,61
-17,-2,61
-18,-1,62
-18,-2,61
-17,-2,61
-17,-2,61
-17,-2,61
-18,-1,61
-18,-2,61
-17,-2,61
-17,-2,61
-18,-2,61
-18,-2,62
-19,-3,62
-21,-2,59
-21,-3,61
-21,-3,61
-19,-2,61
-18,-1,61
-19,-2,61
-17,-1,61
-16,-1,61
-14,0,61
-13,0,61
-14,-1,62
-18,-2,61
-18,-2,62
-18,-2,61
-17,-1,62
-23,-3,60
-23,-3,61
-18,-2,61
-18,-2,61
-20,-3,60
-19,-2,60
-17,-3,61
-17,-3,61
-17,-1,61
-19,-2,61
-20,-2,61
-17,-4,61
-16,-4,61
-17,-3,61
-18,-2,61
-19,-2,61
-20,-4,61
-17,-4,61
-17,-3,60
-17,-2,61
-18,-2,62
-18,-3,61
-17,-4,61
-18,-3,61
-17,-3,62
-18,-3,61
-19,-3,61
-18,-3,61
-17,-4,61
-17,-4,61
-17,-3,61
-18,-2,61
-18,-3,61
-18,-2,61
-18,-2,61
-18,-3,61
-17,-4,61
-17,-4,61
-17,-4,61
-17,-3,61
-17,-2,62
-18,-1,62
-18,-2,61
-17,-4,61
-16,-4,61
-16,-3,62
-18,-2,61
-18,-2,61
-17,-2,61
-17,-3,61
-16,-3,62
-16,-3,61
-17,-2,61
-18,-2,61
-17,-3,61
-16,-3,61
-16,-3,61
-17,-3,61
-18,-3,61
-17,-2,61
-16,-2,61
-16,-3,59
-16,-3,61
-16,-2,63
-18,-2,62
-18,-2,61
-17,-3,61
-16,-3,61
-16,-3,61
-17,-3,61
-17,-2,61
-17,-2,62
-17,-3,61
-16,-3,62
-17,-3,61
-17,-3,61
-17,-2,61
-17,-2,61
-17,-3,62
-16,-3,62
-17,-2,61
-17,-2,61
-18,-2,61
-17,-3,62
-17,-3,62
-17,-3,61
-17,-2,61
-18,-2,61
-18,-2,61
-17,-2,61
-17,-2,61
-18,-2,61
-18,-2,61
-18,-2,61
-18,-2,61
-18,-1,61
-18,-1,61
-18,-1,61
-18,-1,61
-17,-1,61
-17,-1,61
-18,-2,61
-18,-1,61
-18,-1,61
-19,-1,61
-19,-1,61
-18,-1,61
-18,-1,61
-18,-1,61
-18,-1,61
-18,-2,61
-18,-2,61
-17,-2,61
-17,-2,60
-17,-3,61
-18,-3,62
-17,-2,62
-18,-2,61
-18,-2,61
-18,-2,61
-18,-2,61
-16,-1,61
-18,0,61
-19,0,60
-19,-6,62
-18,-5,62
-17,-3,61
-16,-2,62
-17,-2,61
-17,-2,61
-16,-1,61
-16,-1,62
-15,-2,63
-15,-2,61
-15,-3,62
-14,-4,61
-14,-3,62
-13,-2,62
-14,-1,63
-11,-2,62
-13,-2,60
-13,-3,62
-13,-3,62
-14,-2,63
-12,-3,65
-16,-5,64
-27,-3,55
-27,-1,50
-13,2,66
-13,2,70
-13,8,63
-9,10,60
-1,11,56
-4,8,57
-19,-3,62
-14,-8,60
2,-4,65
2,-5,67
0,-9,65
-5,-9,64
-14,-8,61
-17,-10,66
-17,-10,65
-19,-5,57
-18,-5,58
-13,-5,62
-14,-5,60
-17,-5,60
-19,-5,59
-14,-5,62
-16,-5,63
-14,-6,64
-13,-7,63
-11,-7,64
-8,-7,64
-10,-7,62
-11,-6,62
-11,-7,63
-10,-7,63
-9,-5,63
-12,-3,64
-16,-3,62
-24,-1,58
-17,0,59
-19,0,60
-27,1,57
-29,1,56
-25,3,57
-18,2,61
-4,6,61
-13,7,59
2,1,68
3,-1,68
-8,-3,62
-3,-1,63
2,2,63
3,4,62
5,5,62
7,5,63
5,4,64
8,1,65
8,0,64
11,-1,65
11,-3,65
10,-7,62
12,-4,62
10,-3,62
8,-4,62
9,-2,63
15,2,60
13,2,59
13,6,63
20,9,63
5,9,59
2,6,64
-10,4,59
-19,2,58
-30,-1,57
-28,-1,56
-42,-2,45
-45,-3,43
-48,-5,41
-51,-5,40
-51,-6,38
-51,-5,39
-54,-6,36
-63,-8,32
-58,-6,35
-56,-4,34
-57,-4,30
-55,-4,31
-55,-4,30
-57,-4,29
-59,-5,29
-59,-5,28
-59,-6,28
-58,-6,27
-59,-6,26
-59,-7,25
-60,-7,25
-60,-7,24
-59,-7,24
-60,-6,24
-61,-6,24
-61,-6,25
-60,-5,25
-60,-5,24
-60,-5,24
-60,-6,22
-59,-6,23
-60,-7,22
-61,-7,22
-59,-7,21
-59,-7,22
-60,-7,21
-61,-6,22
-61,-6,23
-60,-6,23
-61,-6,23
-60,-6,23
-60,-6,22
-61,-5,23
-61,-5,23
-61,-5,23
-62,-5,22
-63,-3,19
-63,-2,18
-63,-2,14
-63,-2,14
-63,-3,15
-64,-3,16
-62,-4,18
-62,-4,18
-63,-4,18
-62,-4,20
-62,-2,21
-61,-3,21
-61,-3,20
-62,-4,20
-62,-3,21
-61,-3,21
-62,-3,21
-63,-4,21
-57,-4,27
-57,-4,28
-61,-4,27
-62,-5,26
-61,-5,24
-59,-4,24
-59,-1,24
-59,1,24
-61,1,23
-61,1,23
-61,1,23
-59,0,25
-58,-1,28
-58,-3,32
-59,-3,33
-64,-3,32
-65,-2,28
-85,-2,9
-69,2,16
-35,11,56
-32,9,62
-35,8,50
-29,7,43
-19,5,47
-23,2,49
-20,-4,51
-6,-6,59
-1,-6,64
-6,-7,66
-13,-9,65
-15,-10,64
-13,-8,63
-1,-12,102
-29,-6,75
-15,0,59
-15,0,61
-21,1,62
-17,1,61
-16,1,61
-27,0,59
-28,0,58
-29,-1,57
-29,-3,57
-27,-3,58
-24,-3,59
-22,-3,60
-22,-3,59
-24,-3,58
-25,-2,59
-25,-1,58
-27,-1,57
-27,-2,58
-24,-3,59
-24,-2,59
-23,-1,59
-24,-1,59
-26,-2,58
-27,-2,58
-27,-1,57
-27,-2,58
-27,-2,58
-25,-3,59
-25,-3,59
-26,-3,58
-27,-3,58
-26,-2,58
-25,-2,58
-24,-2,59
-23,-3,59
-23,-2,59
-23,-3,59
-23,-3,60
-23,-2,59
-23,-2,59
-24,-1,59
-24,-2,59
-25,-2,59
-25,-2,59
-23,-1,59
-23,-1,59
-23,-2,59
-23,-2,60
-23,-2,59
-21,-3,60
-22,-3,60
-22,-2,60
-22,-2,59
-23,-1,59
-23,-1,59
-23,-3,59
-22,-3,59
-22,-3,59
-22,-3,59
-23,-3,60
-23,-3,59
-23,-3,60
-23,-3,59
-23,-3,59
-23,-3,59
-23,-3,59
-23,-3,59
-23,-3,59
-23,-3,59
-23,-3,59
-23,-3,59
-23,-3,59
-24,-2,59
-24,-2,59
-27,-2,59
-25,-3,59
-22,-4,59
-19,-4,60
-16,-3,61
-9,-2,64
-1,-5,66
4,-2,64
-5,-1,64
-16,-4,61
-17,-5,61
-14,-3,61
-15,-3,61
-21,-2,60
-19,-2,61
-23,-3,60
-24,-1,59
-24,-1,59
-23,-2,60
-22,-3,60
-21,-3,61
-20,-3,61
-19,-3,61
-18,-3,61
-20,-4,61
-21,-3,60
-21,-3,60
-20,-4,60
-18,-4,61
-15,-5,62
-16,-8,64
-19,-8,61
-18,-8,59
-16,-6,62
-15,-7,63
-16,-5,60
-18,-5,61
-21,-4,60
-21,-3,61
-17,0,61
-15,-3,62
-16,-4,62
-12,-1,63
-11,0,62
-2,-9,67
-1,-5,65
-5,-2,63
-16,-3,61
-12,1,64
-12,5,63
-14,4,57
-12,2,56
-23,-12,62
-17,-7,57
-11,-12,58
5,-16,67
12,-18,72
10,-10,56
9,-9,50
-4,-5,71
3,-12,74
3,1,64
6,7,63
10,8,63
3,4,61
5,-1,68
1,-1,61
3,0,62
6,-3,67
8,-6,67
1,-6,62
-3,-5,59
-3,-4,65
-4,-1,63
-1,-1,63
-6,0,62
-10,3,61
-3,-2,63
17,2,74
0,-3,57
-7,-4,59
2,0,71
-3,2,66
-14,5,58
-15,2,56
-17,-8,63
-15,-2,61
-13,4,61
-7,0,62
-1,-6,63
-1,-12,61
23,-15,67
2,-17,56
-3,-6,61
1,0,64
0,7,64
1,-1,64
3,-8,66
-16,-5,59
-10,-3,61
-6,-1,62
-6,-1,63
0,-2,64
1,-2,63
3,-3,65
0,-4,64
-2,-3,63
-1,-2,63
-2,-2,63
-3,-1,63
-4,0,64
-4,-7,61
-1,-9,65
-3,-4,59
-3,-3,64
-5,-2,63
-5,-1,63
-5,1,63
-4,1,60
2,-4,63
10,-1,67
-1,-3,59
-8,-6,61
-7,-3,63
3,-3,65
0,-2,63
3,-1,63
2,-4,65
1,-5,64
-8,-2,58
-9,-1,62
-6,-6,63
-3,-7,67
-1,-10,63
5,-11,60
5,-13,57
14,-9,56
19,-15,60
-7,0,74
0,-9,71
-8,5,64
-5,8,60
18,0,68
16,1,68
-1,0,59
-7,-3,62
-3,-3,62
4,-3,64
8,-2,64
5,-2,63
4,-2,63
6,-2,63
5,1,64
4,1,62
8,0,64
8,0,63
6,0,63
9,-2,64
10,-4,65
16,-4,67
10,-5,64
-6,-6,60
-9,-7,62
-17,-6,54
-18,-6,53
-31,-6,52
-22,-2,59
-20,-2,59
-20,-4,59
-19,-5,60
-16,-4,62
-15,-4,63
-15,-7,62
-13,-8,60
-5,-7,61
-5,-6,56
-23,-8,71
-18,-5,62
-16,-2,63
-17,-1,60
-19,-1,59
-15,-2,57
-8,-3,60
-6,-2,65
-3,-3,64
1,-3,64
-2,-2,59
0,-5,68
5,-4,66
4,-3,64
0,-3,63
-2,-3,63
-5,-3,63
-5,-2,62
-5,-3,62
-3,-4,63
-3,-4,63
-1,-3,63
-2,-3,63
-2,-4,63
-2,-3,63
-2,-3,63
-2,-2,63
-3,-4,63
-3,-4,63
-1,-3,63
-1,-3,63
-1,-3,64
-1,-3,63
-2,-3,63
-2,-3,63
-3,-4,63
-2,-4,63
-2,-3,63
-1,-3,64
-1,-3,63
0,-3,63
0,-3,63
0,-3,63
0,-3,63
1,-3,63
0,-3,63
-1,-3,63
-1,-3,63
-1,-3,63
-2,-3,63
-2,-3,63
-3,-3,63
-2,-3,63
-2,-3,63
-2,-3,63
-2,-3,63
-2,-3,63
-1,-3,63
-1,-4,63
-2,-3,63
-2,-3,63
-2,-3,63
-3,-3,63
-3,-3,63
-4,-3,63
-3,-2,63
-3,-2,63
-3,-2,63
-4,-2,63
-4,-2,63
-4,-2,63
-3,-3,63
-3,-3,63
-2,-3,63
-3,-3,63
-3,-3,63
-3,-3,63
-3,-3,62
-2,-2,63
-2,-2,63
-2,-2,63
-3,-2,63
-3,-2,63
-1,-2,64
-1,-2,64
-3,-2,63
-3,-3,63
-3,-3,63
-2,-3,63
-1,-3,63
-1,-2,63
-2,-3,63
-2,-3,63
-2,-3,63
-1,-3,63
-1,-3,63
-1,-3,63
-1,-2,63
-1,-2,63
-2,-2,64
-2,-2,63
-2,-3,63
-2,-3,63
-2,-2,63
-2,-2,63
-2,-3,63
-2,-3,63
-2,-3,63
-2,-3,63
-2,-3,63
-2,-3,63
-2,-3,63
-2,-3,63
-3,-3,63
-2,-3,63
-2,-3,63
-2,-2,63
-2,-3,63
-3,-2,63
-3,-3,63
-2,-3,63
-2,-3,63
-3,-3,63
-2,-3,63
-2,-2,63
-2,-3,63
-3,-3,63
-2,-2,63
-2,-2,63
-2,-2,64
-3,-2,63
-2,-3,63
-3,-3,63
-3,-2,63
-4,-2,63
-6,-2,63
-5,-4,63
-4,-4,63
-2,-3,64
-1,-3,64
-2,-3,63
-2,-2,64
-4,-3,63
-2,-3,64
-3,-4,64
-5,-4,64
-7,-3,64
-8,-2,64
-10,-1,62
-12,0,64
-14,1,61
-16,1,62
-17,1,62
-21,0,61
-22,-1,61
-21,-2,61
-20,-3,62
-18,-4,65
-15,-4,67
-6,-2,66
0,1,65
-6,6,61
-12,7,59
-22,7,57
-25,7,58
-23,7,58
-17,8,62
-16,8,63
-14,8,63
-12,10,64
-14,13,67
-14,9,67
-4,9,61
-2,8,59
-1,5,56
0,7,55
-6,9,58
-10,9,66
-7,8,66
-3,9,63
-5,9,63
-9,9,61
-11,10,60
-7,11,60
-5,11,61
-5,11,61
-5,10,59
-7,11,59
-8,11,60
-7,9,62
-7,10,65
-8,8,65
-6,7,64
-6,8,64
-7,8,62
-7,8,61
-5,9,61
-5,9,61
-4,10,62
-5,10,63
-6,8,63
-6,7,65
-6,7,65
-6,7,64
-6,7,64
-6,9,63
-7,10,63
-7,9,62
-8,10,61
-9,8,61
-8,8,61
-6,9,63
-6,8,63
-8,6,64
-8,8,63
-9,9,62
-10,8,60
-9,9,60
-7,11,60
-10,11,62
-8,9,62
-6,10,62
-7,10,61
-8,9,61
-9,8,63
-9,8,63
-11,7,63
-13,9,63
-15,9,64
-13,10,64
-13,10,64
-17,12,63
-18,8,64
-11,5,64
-5,4,64
2,2,62
3,3,60
1,5,60
-2,4,60
-3,4,60
-6,1,59
-6,-3,58
-3,-8,57
-3,-7,59
2,-13,58
-2,-20,60
-13,-5,81
-8,-1,84
-19,-9,67
-17,-6,62
-16,0,54
-13,-9,46
-25,-9,51
-40,-4,50
-40,-1,46
-42,-4,46
-35,-7,48
-27,-13,48
-30,-18,46
-35,-25,51
-37,-26,54
-30,-22,55
-25,-25,52
-16,-35,40
-65,-55,52
-66,-43,83
-23,-35,56
-8,-45,43
-26,-56,29
-28,-61,19
-25,-53,33
-30,-49,31
-29,-48,30
-26,-50,30
-29,-51,26
-25,-52,27
-23,-51,31
-26,-50,33
-26,-51,32
-22,-53,30
-24,-51,33
-28,-51,29
-29,-51,29
-24,-53,30
-22,-53,28
-30,-45,37
-25,-48,34
-24,-51,34
-25,-57,29
-29,-54,28
-23,-50,33
-25,-49,33
-20,-50,34
-17,-55,32
-14,-57,28
-12,-56,28
-24,-47,34
-20,-52,31
-14,-51,35
-15,-46,40
-11,-50,32
-12,-60,29
-14,-63,30
-27,-46,53
-32,-57,20
-30,-35,41
-36,-50,28
-13,-32,51
-32,-43,49
-35,-41,48
-44,-44,36
-15,-38,45
-14,-38,46
-33,-48,29
-24,-43,34
-34,-42,36
-39,-28,41
-39,-28,46
-38,-37,41
-36,-40,39
-35,-38,38
-42,-36,36
-35,-38,34
-27,-41,33
-38,-42,35
-38,-45,29
-34,-46,31
-45,-50,30
-44,-46,27
-40,-45,27
-42,-44,30
-40,-42,28
-34,-40,33
-36,-41,34
-43,-43,33
-26,-43,32
-28,-39,36
-41,-37,35
-40,-35,35
-37,-30,42
-42,-33,40
-41,-36,37
-34,-36,41
-34,-35,41
-38,-36,41
-39,-37,40
-39,-37,44
-41,-27,62
-48,-17,73
-55,-12,65
-51,-11,47
-70,-11,26
-69,-11,13
-61,-5,14
-61,-9,23
-46,-6,29
-28,-4,30
-27,-9,46
-30,-14,52
-17,-13,51
-12,-17,54
-6,-27,58
-3,-23,55
-1,-21,55
-22,-32,37
-10,-36,47
22,-10,99
15,-8,85
9,-9,62
-4,-1,63
5,-5,82
0,0,78
0,-9,62
4,-7,69
0,0,58
-4,1,63
-4,-1,63
-2,-1,62
-1,-1,64
-2,0,61
-3,0,62
-3,-2,62
-1,-1,63
-2,-2,62
-2,-2,63
-3,-1,62
-2,-1,61
-6,0,65
-4,0,63
-5,0,64
-4,0,65
-3,0,64
-4,-1,64
-4,-2,66
-2,-1,65
0,1,63
-3,-2,64
-1,-2,63
1,-3,59
-3,-2,65
-2,-2,64
2,-2,60
-2,-5,63
-6,-4,69
-4,-4,70
1,3,63
-1,5,60
-9,2,68
-7,2,74
-5,2,71
-3,3,65
1,10,63
0,12,61
-6,13,56
-13,17,68
-15,23,71
-12,26,66
-18,23,60
-18,28,60
-20,27,53
-19,27,51
-20,29,51
-23,25,48
-27,21,48
-30,18,55
-29,19,54
-11,22,56
-7,22,54
-8,21,55
-7,22,56
-7,22,57
-9,19,58
-9,17,58
-2,14,57
1,15,57
-3,13,60
-2,14,59
2,16,60
-8,8,61
-5,8,61
4,7,58
2,4,57
-17,-7,55
-15,-8,54
-7,-5,54
-8,-6,56
-9,-7,59
-11,-5,63
-13,-3,61
-8,1,69
-8,8,87
-9,8,85
-11,4,73
-12,2,58
-13,2,55
-20,3,54
-22,5,59
-23,4,62
-23,2,61
-30,1,59
-31,1,57
-32,2,55
-31,2,55
-32,2,55
-33,1,56
-33,1,56
-33,2,55
-33,2,55
-34,1,55
-34,0,55
-32,1,55
-32,1,55
-32,0,55
-32,-1,55
-33,-1,55
-32,0,55
-33,0,55
-34,-1,55
-33,0,55
-32,0,55
-31,-1,56
-31,-1,56
-32,-1,56
-31,-1,56
-31,0,56
-31,-1,56
-31,0,56
-31,0,55
-32,0,55
-33,-1,54
-34,-1,55
-34,-1,55
-33,0,54
-34,0,54
-35,0,54
-35,0,54
-38,1,53
-37,1,52
-34,2,54
-36,0,55
-35,-1,54
-33,0,54
-34,-1,55
-38,0,57
-33,5,60
-16,2,64
-16,3,64
-22,1,56
-24,0,52
-14,0,53
-9,0,54
-16,-5,56
-16,-5,60
-17,-4,68
-15,2,72
-14,-1,63
-17,5,61
-20,5,59
-19,3,61
-20,2,61
-22,1,61
-24,-2,60
-27,-2,57
-24,-3,58
-26,-5,60
-25,-3,58
-24,-1,58
-22,1,60
-24,3,60
-28,7,56
-20,3,56
-12,-7,70
-22,-1,59
-17,0,55
-19,0,62
-22,2,62
-16,2,60
-15,-1,57
-39,-8,60
-31,-9,57
-17,-9,54
-19,-8,56
-32,-3,57
-23,-2,62
-8,1,61
5,-2,72
-1,-4,62
-3,-6,60
-16,-5,63
-20,-6,64
-22,-5,62
-18,3,61
-18,5,58
-19,7,58
-19,5,56
-21,-10,61
-29,-11,68
-18,-1,64
-13,2,56
-17,0,57
-18,-5,64
-22,-6,61
-22,1,57
-25,5,58
-18,6,56
3,3,67
-1,0,68
-6,3,64
-12,7,62
-13,8,65
-22,-3,63
-15,-12,57
-16,-19,59
-14,-21,61
-22,-15,59
-9,-7,59
-4,-8,61
-11,-14,67
-17,-15,67
-16,-2,61
-21,3,58
-40,4,50
-39,2,52
-30,-5,57
-27,-9,53
-13,-8,49
-12,-5,54
-24,1,78
5,2,64
7,-3,59
9,-11,66
8,-11,61
1,-8,56
-4,-15,76
-13,-7,63
-9,-2,64
-14,2,60
-19,1,61
-20,2,60
-17,2,61
-17,3,61
-17,0,61
-19,-1,61
-16,0,62
-16,1,62
-16,0,62
-18,-1,62
-18,-1,61
-16,0,61
-17,0,61
-18,0,61
-20,-1,61
-22,0,61
-23,-1,60
-25,0,59
-25,1,59
-25,2,59
-25,3,59
-24,4,58
-24,4,58
-25,4,58
-25,4,58
-26,4,58
-26,3,58
-26,3,58
-24,4,58
-24,3,59
-23,3,59
-23,4,59
-24,5,58
-26,4,57
-29,4,55
-32,5,53
-40,6,52
-43,2,53
-37,0,55
-30,1,58
-29,1,57
-31,1,57
-30,1,56
-30,2,61
-20,2,62
-38,7,43
-49,2,29
-62,2,18
-66,2,20
-66,2,14
-63,1,14
-70,-3,5
-69,-2,2
-64,-3,4
-66,-3,3
-65,-3,2
-64,-1,1
-66,-1,1
-65,-1,-1
-64,-1,-2
-66,-1,-3
-66,-1,-3
-65,-1,-4
-66,-1,-4
-65,-1,-3
-66,-1,-3
-66,-1,-3
-65,-1,-3
-65,-1,-2
-65,-2,-3
-65,-2,-3
-66,-2,-2
-65,-2,-2
-65,-2,0
-64,-2,0
-65,-2,0
-65,-2,0
-65,-2,-1
-65,-2,1
-65,-2,1
-65,-2,0
-65,-2,0
-65,-2,0
-65,-2,0
-65,-2,0
-65,-2,0
-65,-1,0
-65,-1,0
-65,-1,0
-65,-1,0
-65,-1,0
-65,-2,0
-65,-1,0
-65,-1,1
-65,-1,1
-65,-1,1
-65,-1,1
-65,-1,1
-65,-1,1
-65,-1,1
-65,-1,1
-65,-1,1
-65,-1,1
-65,-1,1
-65,-1,1
-65,-1,1
-65,-1,1
-65,-1,1
-65,-1,1
-65,-1,1
-65,-1,1
-65,-1,1
-65,-1,1
-65,-1,1
-65,-2,1
-65,-1,1
-65,0,1
-65,-1,1
-65,-2,1
-65,-2,2
-64,-2,2
-65,-2,2
-65,-1,2
-65,-1,1
-65,-1,1
-65,-1,0
-65,-2,1
-65,-2,1
-64,-2,2
-65,-2,1
-65,-1,1
-65,-1,1
-65,0,0
-65,-1,0
-65,-1,0
-65,-2,0
-65,-1,1
-65,-2,1
-65,-1,0
-65,-1,0
-65,-1,0
-65,-1,1
-65,-2,1
-65,-1,1
-65,-2,1
-65,-2,1
-65,-1,1
-65,-1,1
-65,-1,1
-65,-2,0
-65,-1,1
-65,-2,0
-65,-2,1
-65,-1,2
-65,-1,0
-66,-1,0
-65,-1,0
-65,-1,1
-65,-1,1
-65,-1,1
-65,-1,1
-65,-2,0
-65,-2,2
-65,-1,2
-65,-2,1
-65,-2,0
-65,-1,0
-65,-1,0
-65,-1,0
-66,-2,1
-65,-1,1
-65,-2,1
-65,-3,1
-64,-3,1
-65,-2,2
-65,-1,1
-65,-1,1
-65,-1,0
-65,-2,1
-65,-2,1
-65,-1,1
-65,0,1
-65,-1,1
-65,-2,1
-65,-2,1
-65,-2,1
-65,-1,1
-65,-1,1
-65,-1,1
-65,-2,1
-65,-1,1
-65,-2,2
-65,-2,2
-64,-3,2
-65,-2,3
-65,-2,2
-66,-1,2
-65,-1,3
-65,0,4
-64,-1,3
-65,-1,2
-65,-1,0
-65,-1,1
-65,-1,1
-65,-1,1
-65,-1,1
-65,-1,1
-65,-1,1
-65,-1,1
-65,-1,1
-65,-1,1
-65,-1,1
-64,-1,2
-65,-1,1
-65,-1,1
-65,-1,1
-65,-1,1
-65,-1,1
-65,-1,1
-65,-1,0
-65,-1,0
-65,-1,1
-65,-1,0
-65,-1,0
-65,-1,0
-65,-1,0
-65,-1,0
-65,-1,1
-65,-1,0
-65,-1,0
-65,-1,0
-65,-1,1
-65,-1,1
-65,-1,1
-65,-1,0
-65,-1,0
-65,-1,1
-65,-1,1
-65,-2,0
-65,-2,0
-65,-1,0
-65,-1,0
-65,-1,0
-65,-1,0
-65,-1,0
-65,-1,0
-65,-1,0
-65,-1,1
-65,-1,0
-65,-1,0
-65,-1,0
-65,-1,0
-65,-2,0
-65,-1,0
-65,-1,0
-65,-1,1
-65,-1,0
-65,-1,0
-65,-1,0
-65,-1,0
-65,-1,1
-65,0,1
-67,-1,1
-64,-2,0
-62,-3,-2
-66,-3,0
-65,-2,1
-63,-1,3
-64,-1,2
-66,1,-2
-66,2,-3
-66,2,-5
-67,1,-5
-65,0,-3
-65,0,-3
-64,0,-1
-65,1,-2
-65,1,-3
-64,0,-3
-64,-1,-3
-62,0,-1
-62,3,-1
-67,6,-10
-73,9,-14
-62,8,-12
-62,9,-18
-60,13,-21
-59,14,-21
-60,13,-23
-60,10,-20
-59,9,-19
-61,9,-21
-61,9,-21
-61,9,-22
-60,9,-23
-57,7,-27
-59,7,-28
-66,8,-27
-65,10,-23
-57,12,-15
-57,13,-15
-57,13,-20
-60,9,-25
-62,9,-27
-59,9,-24
-60,9,-23
-60,10,-23
-60,10,-22
-59,8,-25
-59,9,-26
-59,8,-27
-59,7,-27
-59,6,-26
-59,6,-25
-60,7,-25
-60,8,-24
-60,8,-24
-60,8,-23
-60,9,-24
-60,8,-25
-59,8,-25
-60,7,-25
-60,6,-25
-60,7,-25
-60,7,-24
-61,8,-24
-61,9,-24
-60,8,-24
-59,8,-23
-60,8,-22
-62,8,-22
-62,8,-21
-64,9,-21
-64,8,-20
-62,6,-20
-70,5,-22
-55,-2,-7
-57,-3,-4
-64,-4,-5
-62,-1,-8
-64,0,-9
-65,0,-12
-64,0,-12
-65,1,-10
-64,0,-10
-64,0,-10
-63,0,-11
-65,1,-12
-65,1,-12
-64,1,-12
-64,1,-11
-64,1,-10
-64,2,-10
-64,2,-11
-65,1,-11
-64,1,-11
-64,0,-10
-62,-1,-9
-66,1,-11
-62,1,-11
-60,7,-12
-66,9,-13
-69,6,-11
-51,4,-6
-54,6,-6
-66,1,-13
-86,5,-27
-53,3,-14
-56,5,-14
-68,4,-13
-59,2,-11
-65,2,-12
-65,3,-12
-63,3,-13
-65,3,-14
-63,3,-13
-64,2,-13
-64,3,-13
-64,3,-12
-64,2,-12
-64,3,-12
-64,3,-12
-63,3,-12
-64,2,-12
-64,3,-12
-64,3,-12
-64,3,-12
-64,3,-12
-64,2,-12
-64,3,-12
-63,3,-12
-64,3,-12
-64,3,-12
-64,3,-12
-64,3,-12
-64,2,-12
-64,3,-12
-64,3,-12
-64,3,-12
-63,2,-12
-64,3,-12
-64,3,-13
-63,3,-12
-63,3,-11
-64,3,-12
-64,2,-12
-64,1,-12
-64,2,-11
-63,2,-11
-64,3,-11
-64,3,-13
-64,2,-13
-64,2,-12
-64,2,-11
-64,2,-11
-64,3,-10
-63,3,-10
-64,3,-11
-64,3,-11
-65,2,-11
-64,2,-11
-64,2,-11
-64,3,-10
-64,3,-10
-64,3,-11
-64,3,-11
-64,2,-10
-64,2,-11
-64,3,-11
-64,3,-11
-64,3,-11
-64,3,-11
-64,3,-11
-64,3,-11
-64,3,-11
-64,3,-11
-64,3,-11
-64,3,-11
-64,3,-12
-64,3,-11
-64,3,-11
-64,3,-11
-64,3,-12
-64,3,-11
-64,3,-11
-64,3,-12
-64,3,-12
-64,3,-11
-64,3,-11
-64,3,-11
-64,3,-12
-64,3,-12
-64,3,-11
-64,3,-11
-64,3,-11
-65,3,-11
-64,4,-12
-65,4,-12
-66,6,-12
-67,4,-12
-67,2,-7
-66,2,-4
-66,2,0
-64,1,-2
-62,-2,-3
-63,-4,0
-65,-5,1
-66,-4,4
-66,-2,6
-66,-2,8
-65,-1,8
-57,-1,10
-55,-2,11
-63,-6,10
-71,-5,5
-68,-3,4
-64,-1,9
-62,0,13
-63,0,11
-63,0,8
-65,-3,6
-68,-5,5
-69,-6,3
-69,-4,5
-70,-5,7
-68,-5,9
-67,-4,12
-67,0,12
-68,0,13
-72,2,13
-71,2,12
-72,3,22
-71,5,22
-67,7,22
-63,10,23
-58,16,21
-57,17,22
-51,19,23
-50,21,26
-44,23,28
-39,27,30
-34,31,33
-30,32,33
-30,35,33
-24,36,36
-19,39,40
-16,40,45
-17,39,45
-17,41,43
-17,43,42
-17,45,43
-18,45,43
-17,47,42
-8,47,43
-8,47,42
-11,45,39
-10,43,38
-4,52,38
-3,53,38
-6,54,36
-8,55,36
-9,51,36
-9,52,35
-9,52,35
-8,51,35
-3,51,35
1,52,37
2,52,37
1,52,37
2,52,39
1,50,41
0,49,41
2,52,41
2,52,40
4,55,37
4,55,38
5,53,38
5,53,38
10,54,33
0,51,32
-7,50,34
-11,46,35
-8,45,38
-2,46,43
-1,48,44
-1,47,48
0,47,48
1,47,46
-1,46,46
-3,43,44
-2,40,42
-5,41,42
-15,47,46
-16,44,47
4,40,53
3,39,52
-23,44,45
-26,43,46
-23,46,42
-22,47,40
-21,45,40
-20,43,40
-16,41,39
-20,43,41
-21,43,42
-20,42,45
-19,41,45
-21,40,45
-19,38,46
-7,40,45
-3,39,43
-9,29,42
-11,19,50
13,31,68
7,38,83
2,25,85
-14,31,68
-15,33,58
-2,37,49
-12,42,35
-26,48,17
-28,52,10
-31,56,1
-34,58,-2
-28,60,0
-29,60,0
-26,59,7
-25,58,14
-23,57,15
-21,56,17
-22,57,16
-26,57,13
-26,58,11
-27,58,11
-26,58,12
-27,57,13
-25,57,14
-24,57,15
-24,57,14
-25,57,14
-27,57,13
-27,57,13
-24,57,15
-24,56,16
-25,54,18
-27,54,17
-32,55,13
-35,55,11
-40,56,7
-40,56,7
-40,55,10
-38,54,11
-33,53,14
-31,53,14
-31,54,15
-32,54,13
-33,54,13
-34,54,12
-34,54,12
-34,54,12
-34,54,12
-33,54,12
-32,54,13
-33,54,13
-33,54,13
-32,54,14
-32,54,13
-32,54,13
-33,55,12
-33,55,12
-32,55,12
-31,55,12
-32,55,13
-32,54,14
-32,54,13
-32,54,13
-32,54,13
-32,54,14
-32,54,13
-31,55,13
-32,54,13
-32,54,14
-32,54,14
-33,54,14
-33,54,14
-33,54,13
-33,55,13
-32,55,13
-31,54,13
-32,54,14
-33,54,14
-32,54,14
-33,54,13
-32,55,13
-33,55,13
-32,55,13
-32,54,14
-32,54,14
-32,54,14
-32,54,14
-32,54,14
-33,54,14
-33,54,14
-34,54,13
-34,54,13
-33,54,13
-33,54,14
-32,54,13
-33,55,13
-32,54,13
-31,54,14
-32,54,14
-32,54,14
-32,54,14
-33,54,14
-34,54,13
-31,54,15
-32,54,14
-33,54,15
-33,54,15
-31,54,15
-31,54,15
-32,54,15
-32,54,15
-33,54,15
-33,54,15
-32,53,15
-32,53,16
-32,54,15
-32,54,15
-32,54,15
-32,54,15
-32,54,15
-33,54,15
-34,54,14
-37,55,11
-41,55,8
-38,55,4
-19,58,4
-11,58,4
-3,56,6
1,52,9
-10,45,15
-27,39,21
-61,9,50
-9,-7,65
90,-9,97
57,-41,81
-1,-18,78
-17,-3,78
-19,2,71
-14,4,65
-10,7,62
-14,8,62
-16,9,61
-15,7,62
-12,7,63
-10,8,67
-12,9,66
-20,15,61
-24,18,59
-24,20,57
-25,21,54
-33,22,49
-31,25,45
-36,29,39
-36,36,32
-34,39,30
-41,46,21
-41,47,20
-35,52,14
-37,53,10
-30,54,12
-28,55,13
-25,56,16
-27,55,17
-29,54,17
-29,54,17
-29,54,16
-26,54,16
-29,55,17
-25,55,17
-23,55,18
-22,54,18
-24,55,17
-28,54,15
-31,55,14
-39,54,10
-42,56,7
-42,56,8
-37,54,13
-33,53,15
-29,53,17
-28,53,16
-30,53,14
-32,54,13
-34,55,11
-35,54,11
-35,53,12
-37,52,13
-35,52,13
-35,53,12
-35,53,11
-34,52,12
-35,52,11
-39,52,10
-39,52,11
-42,51,10
-43,51,10
-43,51,11
-42,51,12
-39,50,13
-37,51,13
-35,51,14
-37,51,14
-36,51,13
-36,52,12
-35,52,12
-37,52,13
-36,52,14
-35,52,14
-35,52,14
-35,52,13
-35,52,14
-35,52,14
-35,52,14
-35,52,15
-36,52,14
-36,52,14
-36,51,14
-37,52,15
-35,52,14
-36,52,14
-35,51,14
-37,51,14
-38,51,14
-37,52,14
-37,51,14
-36,51,13
-36,52,13
-38,52,13
-38,52,12
-38,52,12
-39,52,13
-50,49,17
-58,46,19
-44,41,24
-33,42,27
-24,55,2
-26,44,40
-1,47,29
-6,63,-3
-6,58,-24
-10,61,-39
-11,58,-44
-21,58,-41
-24,57,-37
-26,55,-29
-27,54,-25
-27,54,-18
-27,53,-18
-29,55,-17
-30,54,-19
-30,54,-22
-28,55,-24
-28,55,-24
-27,55,-23
-26,54,-23
-26,54,-22
-26,54,-21
-28,54,-21
-28,54,-21
-29,54,-21
-29,54,-21
-30,53,-21
-31,54,-21
-30,53,-22
-30,54,-22
-30,53,-22
-30,53,-22
-30,53,-22
-30,53,-22
-30,53,-22
-30,53,-21
-29,53,-21
-28,53,-21
-29,53,-21
-30,53,-21
-30,53,-21
-29,53,-21
-29,54,-21
-29,53,-21
-29,54,-21
-29,53,-21
-29,53,-21
-29,53,-21
-28,53,-21
-29,54,-20
-29,53,-21
-29,54,-20
-30,54,-21
-31,53,-20
-30,53,-20
-29,54,-20
-29,54,-20
-30,54,-20
-30,54,-20
-30,53,-20
-30,54,-20
-30,54,-20
-30,54,-20
-30,53,-20
-30,54,-20
-29,54,-20
-30,54,-20
-30,54,-19
-30,54,-20
-30,54,-20
-29,53,-20
-29,54,-20
-29,53,-20
-29,54,-20
-26,54,-20
-25,54,-19
-25,54,-18
-26,53,-19
-32,53,-21
-40,52,-23
-43,52,-23
-44,51,-23
-43,53,-22
-36,55,-17
-33,55,-14
-31,55,-10
-31,54,-7
-32,54,-1
-32,54,1
-35,52,6
-39,52,11
-38,51,13
-33,50,17
-30,50,18
-27,49,20
-30,49,24
-32,46,31
-31,45,31
-24,50,25
-31,49,21
-34,50,15
-32,50,16
-39,48,20
-39,43,20
-42,42,27
-48,41,38
-51,38,42
-47,30,53
-42,29,54
-42,30,46
-40,27,48
-31,24,52
-27,20,47
-24,18,47
-38,16,41
-33,20,42
-42,33,27
-56,43,20
-58,42,27
-51,38,27
-41,42,24
-47,45,22
-43,40,27
-42,40,29
-47,45,18
-54,45,20
-39,44,32
-32,44,34
-19,40,39
-13,36,46
-26,36,43
-29,34,40
-34,32,38
-58,40,25
-60,44,17
-44,42,23
-43,39,26
-39,44,22
-43,46,18
-44,43,21
-41,42,24
-40,42,21
-45,43,19
-47,43,18
-52,42,13
-52,42,11
-45,42,16
-46,43,16
-48,43,15
-48,43,13
-45,43,14
-44,43,15
-43,43,17
-43,41,19
-43,41,19
-46,42,18
-49,44,14
-49,45,11
-44,44,14
-46,43,16
-45,40,22
-47,39,23
-48,40,19
-42,42,17
-46,44,13
-49,40,16
-53,44,14
-56,45,10
-46,38,18
-43,38,20
-45,39,17
-46,42,15
-50,43,12
-44,42,14
-47,41,16
-51,42,13
-52,41,13
-47,40,17
-46,39,18
-51,40,18
-50,40,19
-51,40,20
-54,40,19
-47,37,25
-41,35,28
-41,36,29
-46,36,27
-43,37,30
-42,36,29
-45,37,27
-48,38,23
-46,38,24
-45,39,26
-46,38,25
-42,37,27
-42,36,30
-42,35,31
-44,36,29
-42,36,31
-41,35,32
-49,36,29
-48,36,29
-46,35,31
-45,34,32
-44,34,32
-45,35,31
-45,35,30
-45,34,31
-44,34,32
-44,34,32
-45,35,31
-45,34,32
-46,34,32
-45,34,31
-45,35,31
-45,35,30
-45,34,31
-45,34,31
-44,34,32
-44,34,31
-45,35,31
-45,34,31
-44,35,31
-44,35,31
-45,35,30
-45,35,30
-45,34,31
-42,34,33
-44,33,33
-45,34,31
-45,34,30
-45,33,29
-48,33,28
-44,35,30
-48,35,29
-52,35,25
-51,35,25
-50,34,27
-52,34,26
-64,33,24
-66,31,16
-44,32,16
-4,43,23
25,46,29
55,40,61
40,31,65
-6,20,62
-20,20,60
-24,20,62
-20,22,63
-10,26,64
-9,26,61
-9,26,56
-8,27,55
-7,28,56
-5,27,56
-4,27,56
-3,27,58
-5,27,58
-6,26,57
-5,26,57
-5,26,58
-5,26,58
-5,26,58
-5,27,57
-4,27,57
-5,26,57
-5,27,57
-5,26,58
-5,27,58
-4,26,57
-4,27,57
-4,27,57
-4,27,57
-5,26,57
-4,26,57
-4,27,58
-5,26,57
-5,26,57
-5,26,58
-5,26,57
-5,26,57
-6,27,56
-15,25,57
-17,24,57
-9,25,62
-8,23,60
0,24,61
3,23,62
3,19,63
14,26,56
6,28,49
-18,26,50
-24,25,49
-14,20,59
-4,19,65
1,21,64
-4,20,60
-14,21,59
-11,23,61
-6,20,59
-7,16,58
-6,14,60
-7,13,61
-6,13,62
-6,13,64
-6,13,64
-8,11,61
-11,11,61
-10,11,62
-7,11,64
-8,9,63
-9,9,63
-8,8,63
-7,9,60
-9,9,60
-13,8,62
-12,6,63
-12,5,65
-11,4,66
-9,3,67
-9,2,66
-8,3,65
-7,4,64
-8,5,62
-9,6,62
-9,6,62
-10,5,62
-9,5,63
-9,4,63
-8,4,63
-8,4,63
-8,4,63
-9,4,63
-9,5,63
-10,5,62
-10,5,62
-10,6,63
-10,6,62
-10,6,62
-10,6,61
-9,6,62
-9,6,62
-10,5,63
-9,5,63
-9,5,63
-10,5,63
-11,5,63
-11,5,63
-10,5,63
-10,5,63
-9,5,63
-9,5,62
-10,5,63
-11,5,64
-12,4,65
-9,5,64
-6,8,61
-5,10,61
-6,10,64
-4,11,65
4,13,65
8,16,63
0,19,57
-3,20,56
-6,19,50
-9,17,54
-14,15,58
-13,13,64
-8,12,65
-10,10,65
-9,11,64
-7,12,63
-6,11,62
-5,11,63
-5,10,63
-5,9,63
-6,9,64
-6,10,64
-7,10,62
-7,11,62
-7,10,61
-7,11,61
-7,11,62
-6,11,62
-6,10,62
-5,10,63
-5,10,63
-5,10,63
-5,10,63
-5,11,62
-5,11,62
-6,10,62
-6,10,62
-6,10,62
-5,11,62
-5,10,62
-5,10,63
-6,10,63
-5,10,63
-6,10,62
-6,10,61
-5,10,62
-6,10,62
-6,10,63
-6,9,63
-5,10,63
-5,10,63
-5,10,63
-6,10,62
-6,10,62
-6,9,62
-5,10,62
-5,10,62
-5,10,62
-6,9,62
-6,10,62
-5,10,63
-5,9,63
-5,10,63
-5,10,62
-6,10,62
-6,10,62
-6,9,62
-5,10,63
-5,9,62
-6,10,62
-6,10,62
-7,10,62
-6,9,61
-6,10,61
-8,11,60
-9,11,60
-9,10,61
-7,9,62
-5,8,59
-9,7,58
-8,7,57
-5,5,60
-4,4,59
-2,2,55
0,2,55
5,2,61
0,1,59
-3,-7,60
-1,-12,74
-28,-42,76
-44,-64,66
2,-24,64
-13,-15,55
-10,-18,52
-6,-19,56
-16,-26,63
-11,-21,63
-13,-18,58
-20,-16,55
-22,-16,54
-19,-19,58
-17,-19,59
-15,-21,59
-14,-21,59
-15,-21,59
-16,-21,58
-18,-20,58
-18,-21,57
-17,-21,56
-19,-17,56
-29,-17,58
-21,-17,63
-16,-13,62
-13,-13,58
-11,-13,57
-11,-14,57
-14,-15,59
-17,-16,62
-16,-16,64
-19,-14,61
-18,-12,59
-18,-11,58
-18,-12,58
-18,-13,58
-18,-16,60
-17,-16,62
-15,-13,61
-13,-11,61
-14,-10,59
-16,-9,60
-18,-8,62
-16,-5,62
-10,-7,57
-23,-14,55
-25,-17,59
-29,-16,63
-26,-12,63
-22,-8,57
-21,-7,55
-20,-10,55
-20,-12,58
-22,-15,62
-21,-15,62
-19,-12,60
-20,-11,58
-21,-12,58
-22,-12,59
-22,-11,59
-22,-11,59
-22,-11,58
-22,-12,58
-21,-12,59
-21,-13,59
-21,-13,60
-21,-12,59
-21,-11,59
-21,-12,59
-20,-12,59
-20,-11,59
-18,-9,59
-18,-9,59
-21,-11,59
-21,-13,60
-22,-14,60
-22,-13,60
-20,-12,59
-20,-12,59
-20,-12,60
-19,-12,59
-19,-11,59
-21,-12,59
-22,-13,59
-22,-13,59
-21,-12,59
-19,-11,60
-18,-11,59
-18,-11,59
-18,-10,59
-18,-9,59
-18,-9,59
-20,-9,61
-21,-10,61
-19,-12,61
-13,-12,32
-53,-33,49
0,-28,77
-9,-20,60
-19,-17,52
-21,-17,53
-17,-19,58
-15,-20,62
-15,-20,61
-15,-20,58
-17,-19,57
-16,-19,58
-15,-20,60
-15,-19,59
-16,-19,58
-16,-19,59
-16,-20,59
-15,-19,59
-16,-19,59
-16,-19,58
-16,-19,59
-15,-19,58
-15,-19,59
-16,-19,59
-16,-20,59
-15,-19,58
-14,-19,59
-14,-19,59
-15,-20,59
-16,-20,58
-24,-21,57
-32,-20,57
-23,-16,62
-15,-13,62
-13,-9,60
-13,-9,59
-12,-9,57
-16,-10,60
-18,-12,62
-21,-15,63
-22,-13,62
-21,-10,59
-21,-8,58
-22,-6,61
-23,-5,63
-25,-4,63
-25,-2,64
-18,0,65
-15,0,64
-13,3,62
-9,7,62
-8,8,60
-4,8,57
-1,9,55
-2,12,53
-9,7,52
-16,-6,51
-16,-7,52
-24,-15,49
-23,-25,63
-64,-47,41
-56,-16,29
-58,-19,38
-47,-11,29
-60,-13,27
-74,10,14
-56,2,26
-62,4,11
-63,-1,23
-67,8,20
-69,2,19
-67,-1,29
-68,0,21
-69,-1,9
-57,0,12
-55,2,5
-80,-3,2
-75,-2,12
-57,-1,8
-62,0,3
-71,-3,-6
-60,-2,-4
-64,0,-10
-61,0,-12
-58,1,-6
-56,-2,-9
-63,-2,-16
-60,-5,-3
-61,-7,0
-67,-5,-4
-69,-5,-6
-64,-11,-6
-71,-9,-8
-73,-12,-7
-73,-13,-4
-69,-14,1
-69,-14,1
-66,-13,-1
-65,-13,-2
-62,-13,-2
-62,-13,-2
-62,-14,-3
-62,-14,-2
-62,-14,-1
-64,-14,0
-65,-14,0
-64,-15,1
-64,-15,0
-63,-15,0
-63,-14,0
-63,-14,-1
-63,-14,0
-63,-15,1
-63,-15,1
-63,-15,1
-63,-14,1
-64,-15,0
-64,-15,0
-63,-14,-1
-63,-14,0
-64,-15,0
-64,-15,1
-63,-15,1
-63,-16,1
-63,-15,0
-63,-15,0
-63,-15,0
-64,-15,0
-63,-15,1
-63,-15,1
-63,-15,0
-63,-15,0
-64,-15,0
-64,-15,1
-63,-15,1
-63,-15,1
-64,-15,1
-63,-15,1
-63,-15,1
-62,-15,1
-63,-15,1
-64,-16,2
-64,-16,1
-64,-16,1
-63,-15,1
-63,-15,1
-63,-15,1
-63,-15,0
-63,-15,1
-63,-15,0
-63,-15,1
-63,-15,1
-63,-15,1
-63,-15,2
-64,-16,2
-63,-16,2
-63,-15,1
-63,-15,1
-63,-15,1
-63,-15,1
-63,-16,2
-63,-15,2
-63,-15,2
-63,-15,1
-64,-15,1
-63,-16,0
-63,-15,1
-63,-16,2
-63,-16,1
-63,-15,1
-63,-15,1
-64,-15,1
-64,-15,1
-64,-15,2
-63,-15,2
-63,-16,2
-63,-15,1
-63,-15,1
-63,-15,1
-63,-15,0
-63,-15,0
-63,-15,0
-63,-15,1
-63,-15,1
-64,-16,2
-64,-16,1
-65,-16,1
-63,-15,1
-63,-14,1
-62,-15,1
-62,-15,1
-62,-15,1
-63,-15,1
-64,-16,1
-65,-16,1
-65,-16,1
-65,-16,2
-64,-15,1
-63,-15,1
-62,-15,1
-61,-15,1
-61,-15,1
-62,-15,1
-63,-15,2
-65,-16,1
-66,-16,1
-65,-16,2
-64,-15,2
-61,-15,2
-62,-15,1
-62,-14,2
-63,-15,0
-63,-16,-1
-64,-15,-1
-64,-15,-1
-64,-15,0
-63,-15,-1
-63,-15,-1
-63,-16,-1
-63,-15,0
-64,-16,1
-66,-16,1
-65,-16,0
-64,-16,0
-62,-16,1
-62,-16,1
-62,-16,3
-62,-16,3
-64,-17,2
-67,-17,2
-67,-19,4
-68,-19,2
-72,-19,3
-70,-22,7
-64,-23,9
-63,-22,8
-60,-22,11
-54,-21,17
-50,-21,19
-47,-23,20
-44,-24,23
-42,-23,29
-41,-19,32
-39,-19,31
-38,-19,34
-44,-24,44
-41,-23,43
-39,-22,46
-42,-19,56
-44,-17,56
-39,-17,55
-37,-18,53
-33,-19,53
-32,-19,55
-30,-16,55
-29,-16,53
-29,-16,52
-28,-16,53
-26,-15,54
-25,-14,55
-21,-13,56
-19,-15,56
-17,-16,56
-16,-18,59
-17,-19,60
-15,-19,63
-15,-19,65
-13,-19,63
-8,-19,62
10,-22,58
0,-24,58
-6,-19,61
-14,-17,58
-5,-18,62
1,-16,61
3,-15,64
1,-20,71
0,-21,71
1,-19,67
0,-22,62
2,-25,62
6,-25,57
15,-23,58
12,-25,58
14,-30,52
18,-31,50
21,-30,52
16,-28,47
14,-22,45
21,-15,46
23,-16,45
34,-19,44
35,-22,45
29,-25,46
27,-25,46
27,-23,54
26,-22,58
25,-21,59
24,-25,55
23,-27,54
19,-28,50
21,-31,50
24,-36,47
28,-37,47
27,-36,47
25,-36,51
21,-33,55
20,-32,54
17,-30,51
16,-30,51
16,-29,50
15,-30,51
16,-30,54
16,-33,58
17,-32,55
16,-32,53
15,-32,52
17,-32,51
17,-32,50
16,-32,51
16,-33,53
18,-33,54
20,-34,53
24,-36,52
24,-34,52
23,-31,50
18,-28,49
17,-28,49
17,-29,50
18,-30,49
24,-32,49
28,-33,50
17,-33,46
16,-32,51
18,-40,60
-34,-39,48
-42,-33,48
-27,-35,51
-22,-36,51
1,-31,49
12,-27,53
8,-30,56
2,-30,57
-4,-30,56
-6,-27,57
-7,-29,58
-4,-30,59
1,-30,58
-3,-28,55
-6,-27,55
-11,-25,54
-12,-24,54
-10,-23,55
-10,-23,56
-10,-25,57
-8,-27,59
-2,-28,60
0,-27,60
2,-27,61
2,-27,60
-1,-27,58
0,-25,58
1,-24,58
0,-26,61
1,-27,62
1,-26,64
0,-25,64
0,-22,63
1,-20,62
-1,-17,67
-1,-16,67
0,-11,61
-5,-4,59
-10,0,58
-9,4,56
-14,7,56
-19,9,54
-19,12,51
-28,16,45
-36,15,42
-27,15,31
-27,14,24
-43,12,7
-44,11,4
-63,-2,19
-99,-3,29
-112,18,-18
-21,5,25
-51,5,16
-97,-11,25
-68,2,18
-50,-4,29
-60,-4,27
-60,-6,26
-56,-2,26
-60,-1,25
-60,-1,25
-61,-2,23
-66,-4,22
-64,-4,23
-65,-5,27
-64,-5,29
-56,0,31
-55,1,31
-50,1,38
-50,2,38
-44,2,43
-39,2,46
-30,1,50
-23,0,53
-16,0,60
-12,-1,64
-10,-2,65
-12,-3,79
-20,-6,63
-25,-7,59
-27,-4,57
-30,-3,56
-31,-3,56
-28,-3,58
-25,-3,58
-21,-3,60
-22,-4,59
-23,-5,59
-23,-5,59
-24,-4,59
-25,-4,58
-25,-4,59
-24,-4,58
-24,-4,59
-24,-4,59
-24,-4,59
-24,-4,59
-24,-4,59
-25,-4,59
-25,-4,58
-25,-4,59
-24,-4,59
-23,-4,59
-24,-3,59
-24,-3,59
-26,-3,58
-26,-4,58
-28,-4,58
-28,-5,58
-27,-4,58
-26,-4,58
-25,-4,58
-24,-4,59
-24,-3,59
-25,-4,59
-25,-4,58
-25,-4,58
-25,-4,58
-26,-4,58
-26,-4,58
-26,-4,59
-25,-4,58
-24,-4,59
-24,-4,59
-26,-4,58
-27,-4,58
-28,-4,57
-27,-4,57
-26,-4,58
-24,-4,58
-24,-4,59
-26,-4,59
-26,-5,58
-27,-4,58
-27,-4,58
-27,-4,58
-26,-4,58
-26,-5,58
-26,-5,58
-26,-5,58
-27,-4,58
-27,-5,57
-27,-5,58
-27,-5,58
-26,-4,58
-25,-4,58
-26,-4,58
-26,-4,58
-27,-4,58
-27,-5,58
-27,-5,58
-27,-5,58
-26,-4,58
-25,-4,58
-25,-3,58
-26,-4,58
-26,-4,58
-27,-4,58
-27,-4,58
-27,-4,58
-27,-4,58
-26,-4,58
-26,-4,58
-26,-4,58
-27,-4,58
-27,-4,58
-28,-4,57
-28,-4,57
-27,-4,58
-27,-4,57
-27,-4,58
-27,-4,57
-28,-4,57
-27,-4,57
-27,-4,57
-28,-6,57
-27,-6,58
-27,-7,58
-26,-7,58
-28,-2,57
-27,-1,57
-28,-3,57
-29,-4,57
-30,-5,56
-31,-5,56
-30,-5,56
-29,-4,57
-28,-4,57
-28,-4,57
-27,-4,58
-27,-5,57
-28,-5,57
-28,-5,57
-27,-5,57
-28,-4,57
-28,-4,57
-28,-5,57
-28,-5,57
-28,-4,57
-28,-3,57
-28,-4,57
-30,-4,57
-30,-5,56
-30,-5,56
-30,-5,56
-29,-5,57
-28,-5,57
-28,-5,57
-28,-5,57
-29,-6,57
-28,-5,57
-28,-5,57
-28,-5,57
-28,-5,57
-29,-6,57
-29,-6,57
-29,-5,57
-29,-5,57
-29,-5,57
-29,-5,57
-29,-5,56
-30,-5,56
-30,-5,56
-30,-5,56
-30,-5,56
-30,-5,56
-30,-5,56
-30,-5,56
-30,-5,56
-30,-5,56
-30,-5,56
-30,-5,56
-30,-5,56
-30,-5,56
-30,-5,56
-30,-5,56
-30,-5,56
-30,-5,56
-30,-5,56
-30,-6,56
-30,-5,56
-30,-5,56
-30,-6,56
-30,-6,56
-29,-6,56
-29,-5,57
-29,-5,57
-29,-5,57
-29,-5,57
-29,-5,56
-29,-5,56
-30,-5,57
-29,-5,57
-29,-5,57
-29,-5,57
-29,-5,57
-30,-5,56
-29,-5,56
-29,-5,56
-29,-5,57
-29,-5,57
-29,-5,57
-29,-5,57
-29,-5,56
-29,-5,57
-29,-5,56
-29,-5,57
-29,-5,57
-29,-4,57
-29,-4,57
-30,-3,56
-30,-4,56
-30,-5,56
-30,-6,57
-30,-6,56
-29,-5,57
-28,-4,57
-28,-4,57
-28,-4,57
-29,-3,57
-29,-4,57
-29,-5,57
-30,-6,57
-30,-6,56
-29,-5,57
-28,-4,57
-28,-4,57
-28,-4,57
-30,-6,56
-31,-6,56
-30,-5,56
-28,-4,57
-27,-4,57
-28,-5,57
-29,-5,56
-30,-5,56
-30,-6,56
-29,-5,57
-28,-5,57
-28,-5,57
-28,-5,57
-29,-5,56
-30,-5,56
-29,-5,57
-28,-5,57
-28,-5,57
-28,-5,57
-29,-5,57
-29,-5,57
-28,-5,57
-28,-5,57
-28,-5,57
-28,-5,57
-28,-5,57
-28,-5,57
-28,-5,57
-28,-5,57
-28,-5,57
-28,-5,57
-28,-5,57
-28,-5,57
-28,-5,57
-28,-5,57
-28,-5,57
-28,-6,57
-28,-5,57
-29,-5,57
-28,-4,57
-28,-5,57
-29,-5,57
-28,-6,57
-28,-5,57
-28,-4,57
-28,-5,57
-29,-5,57
-29,-5,57
-28,-4,57
-28,-5,57
-28,-5,57
-29,-5,57
-28,-5,57
-28,-5,57
-28,-4,57
-28,-4,57
-28,-5,57
-28,-5,57
-28,-5,57
-27,-5,57
-28,-5,57
-28,-5,57
-29,-5,57
-29,-5,57
-29,-5,57
-28,-5,57
-28,-5,57
-28,-5,57
-28,-4,57
-28,-5,57
-28,-4,57
-27,-4,57
-28,-5,57
-28,-5,57
-29,-5,57
-30,-5,56
-30,-5,56
-29,-5,57
-28,-4,57
-27,-4,57
-27,-5,57
-27,-5,57
-26,-5,58
-28,-6,58
-29,-7,60
-34,-9,61
-37,-11,66
-43,-6,63
-48,-2,62
-46,7,57
-46,6,53
-57,11,48
-59,14,48
-54,17,41
-55,18,31
-50,22,26
-41,23,29
-24,24,34
-19,30,36
-20,32,40
-21,32,44
-13,34,48
-9,38,45
-11,38,40
-13,41,41
-20,42,42
-49,45,24
-42,41,36
-32,40,47
-47,42,27
-42,45,30
-35,43,27
-32,42,25
-30,43,32
-33,43,33
-38,42,30
-40,46,34
-48,44,30
-50,43,26
-38,33,38
-35,38,33
-41,50,10
-31,25,48
-20,26,62
-32,33,37
-37,38,37
-43,43,31
-40,43,27
-39,42,31
-35,42,32
-33,40,33
-31,39,37
-30,36,42
-34,38,40
-42,40,33
-40,41,30
-38,41,35
-43,40,33
-44,39,32
-38,38,35
-39,37,32
-10,37,37
17,39,52
-13,26,37
-30,26,31
-28,19,41
-12,1,69
-46,-15,58
-77,-8,44
-77,3,46
-63,5,52
-56,4,53
-57,1,44
-54,2,41
-49,3,45
-45,4,48
-41,5,48
-44,5,46
-44,4,47
-44,3,48
-44,3,48
-45,3,48
-44,3,48
-44,2,48
-43,3,48
-41,6,48
-40,6,47
-41,6,46
-42,6,45
-44,6,45
-45,6,45
-46,5,45
-46,4,45
-46,4,45
-47,3,45
-49,3,44
-49,4,42
-50,5,42
-51,5,42
-50,5,42
-48,6,42
-48,6,41
-50,6,41
-50,5,42
-48,5,42
-49,5,41
-49,6,40
-49,6,40
-49,6,40
-49,5,41
-49,6,42
-48,6,42
-48,6,42
-48,5,42
-49,5,42
-51,5,42
-53,4,41
-76,2,24
-63,-5,20
-27,-1,38
12,9,73
11,17,79
5,29,57
16,32,54
29,27,49
26,24,48
21,21,48
19,23,51
15,26,56
6,26,62
1,26,61
0,25,59
5,25,58
17,24,54
22,23,52
29,24,51
31,24,51
27,23,54
19,23,56
-1,22,58
-10,22,59
-9,22,61
5,23,62
11,23,61
15,22,61
12,21,61
6,20,60
4,20,59
4,21,59
6,22,59
11,22,60
13,22,61
13,21,61
11,22,60
6,23,58
1,23,56
0,23,56
1,24,55
3,25,55
7,24,56
8,24,57
10,23,59
11,24,58
11,23,58
10,24,59
9,23,58
8,23,58
7,23,59
8,23,59
9,24,58
9,23,58
9,23,58
11,23,58
12,23,58
14,22,63
16,22,66
23,22,70
25,22,69
24,24,66
20,25,63
9,25,56
0,30,47
-1,32,43
-4,37,38
-8,38,36
-19,39,34
-25,39,32
-37,39,27
-42,39,24
-49,39,18
-53,39,15
-55,38,10
-56,38,9
-56,38,9
-54,38,9
-52,38,10
-50,39,12
-49,39,14
-48,39,14
-49,39,15
-50,39,15
-49,39,14
-49,39,8
-50,38,5
-52,36,-2
-52,36,-8
-52,37,-10
-53,37,-12
-54,37,-12
-55,36,-12
-56,35,-12
-56,35,-12
-55,35,-12
-54,36,-11
-52,36,-9
-52,36,-9
-51,37,-9
-51,37,-9
-52,37,-9
-52,37,-9
-53,36,-10
-54,36,-10
-54,36,-10
-54,36,-10
-53,37,-10
-53,37,-10
-52,37,-10
-52,37,-9
-52,37,-9
-52,37,-9
-52,37,-9
-51,37,-9
-51,37,-9
-52,37,-9
-53,36,-9
-54,36,-9
-54,37,-9
-53,36,-10
-53,36,-10
-52,37,-9
-52,37,-9
-52,37,-9
-52,37,-8
-53,37,-8
-53,37,-9
-53,36,-9
-52,37,-9
-52,37,-10
-53,36,-9
-54,37,-10
-53,36,-10
-52,37,-10
-52,37,-10
-52,37,-9
-53,37,-9
-52,37,-9
-53,37,-9
-52,37,-9
-53,37,-9
-52,36,-9
-52,37,-9
-52,37,-9
-53,36,-9
-53,37,-9
-54,36,-9
-54,36,-9
-54,36,-9
-54,36,-9
-54,36,-9
-53,36,-9
-53,36,-9
-53,37,-9
-53,37,-9
-53,37,-9
-52,37,-9
-52,37,-9
-52,37,-8
-52,37,-9
-52,37,-9
-52,37,-9
-52,37,-9
-52,37,-9
-52,37,-9
-52,36,-10
-53,37,-9
-53,37,-9
-53,37,-9
-53,36,-9
-53,37,-8
-52,37,-8
-52,37,-9
-53,37,-9
-52,37,-8
-53,37,-8
-53,37,-9
-53,37,-9
-52,37,-9
-53,37,-9
-52,37,-9
-52,37,-9
-52,37,-9
-52,37,-9
-52,37,-9
-53,37,-9
-52,37,-9
-52,37,-8
-52,37,-9
-52,37,-9
-53,37,-9
-52,36,-9
-53,37,-9
-53,37,-9
-53,37,-9
-52,37,-9
-52,37,-9
-50,37,-11
-45,36,-16
-41,36,-19
-39,34,-21
-40,32,-18
-44,28,-13
-47,27,-10
-60,23,-1
-65,20,3
-68,13,9
-69,10,17
-63,5,30
-58,3,37
-54,1,46
-53,-2,55
-54,-3,51
-49,-4,45
-51,-6,38
-41,-6,46
-57,-8,37
-60,-9,41
-60,-7,37
-65,-7,19
-67,-6,15
-67,-3,13
-66,-3,11
-64,-1,8
-61,1,8
-67,-2,6
-57,-7,19
-59,-11,24
-63,-12,25
-60,-11,28
-60,-13,34
-61,-14,31
-59,-12,29
-57,-11,28
-57,-9,24
-57,-10,19
-55,-11,20
-62,-10,33
-63,-8,32
-58,-9,17
-65,-8,16
-60,-6,19
-59,-7,21
-60,-7,23
-60,-5,23
-60,-4,27
-58,-4,28
-56,-5,29
-56,-4,35
-53,-2,34
-56,-2,21
-51,-2,27
-66,1,16
-62,2,9
-65,4,-9
-62,-1,-20
-69,3,-21
-68,2,-17
-65,4,-13
-65,3,-10
-60,0,-1
-74,-11,3
-82,-7,0
-63,2,3
-61,3,-6
-65,-4,-20
-70,-9,-18
-53,4,10
-61,4,13
-79,3,5
-70,4,5
-69,3,3
-74,3,3
-68,3,4
-65,5,7
-66,7,8
-67,10,11
-69,9,10
-72,14,12
-68,16,14
-62,14,10
-61,21,25
-62,21,16
-59,23,15
-54,27,9
-45,31,16
-43,29,19
-40,33,13
-36,33,14
-28,34,23
-25,34,27
-23,34,24
-33,33,24
-39,33,46
-40,35,49
-54,34,37
-55,31,35
-43,30,47
-40,28,60
-39,25,54
-49,23,43
-45,19,42
-47,27,33
-42,29,36
-34,31,40
-33,28,36
-29,29,35
-29,29,42
-22,23,43
-7,16,53
-1,17,64
-5,5,80
8,12,86
12,11,61
12,7,60
11,6,66
14,8,64
15,11,56
16,8,56
16,6,62
9,3,63
10,3,64
9,2,65
9,3,63
10,1,63
10,1,62
9,0,62
10,0,64
9,0,63
8,0,62
8,-2,65
7,-3,63
8,-2,63
8,-2,62
8,-2,63
8,-4,63
9,-4,64
8,-4,64
8,-4,63
7,-6,65
8,-5,63
10,-3,62
12,-2,59
11,2,52
8,-1,59
8,-2,69
9,-1,61
4,0,55
6,0,66
7,-1,66
8,0,63
8,-1,63
5,-1,62
8,0,62
9,-1,62
9,-2,64
7,-2,64
7,-2,63
9,-1,62
9,-1,63
11,-1,64
13,0,62
13,1,60
15,-1,64
16,-1,68
11,0,70
10,1,66
8,1,59
6,0,64
4,0,70
5,2,65
-4,4,62
-10,8,64
-13,8,63
-20,19,54
-21,25,46
-20,30,41
-15,34,38
-6,34,37
-1,33,36
14,29,41
17,29,45
18,29,55
21,22,50
26,13,62
17,10,63
22,3,61
28,2,65
25,2,66
5,-17,89
-2,-13,98
7,-15,79
29,0,79
14,-4,71
7,-2,61
-34,-5,47
-37,-4,44
-59,10,53
-55,26,47
-49,27,44
-37,28,40
-34,30,39
-29,33,40
-25,32,39
-16,37,41
-11,38,40
-7,37,41
-7,39,43
-5,40,46
-4,39,46
-1,39,47
3,39,46
5,39,47
6,38,44
7,38,43
9,38,43
11,36,43
12,33,44
11,32,46
16,29,50
18,27,50
12,25,56
13,23,60
16,18,62
15,16,66
14,13,68
14,10,69
13,11,67
12,8,62
13,8,62
16,7,59
18,7,59
25,5,55
16,-5,66
0,-7,80
30,-5,81
36,-2,68
-14,-16,40
-33,-19,44
-48,-12,55
-57,-7,53
-48,-2,48
-38,-5,50
-33,0,56
-30,0,57
-26,0,56
-24,0,56
-25,3,58
-22,4,59
-20,4,59
-21,4,57
-22,4,58
-23,3,59
-24,3,59
-28,2,59
-30,2,59
-31,2,60
-32,2,61
-33,1,62
-33,1,62
-31,3,63
-33,6,61
-35,6,61
-33,9,59
-32,9,58
-30,8,55
-26,9,53
-28,11,49
-29,12,48
-30,16,47
-32,19,48
-30,20,56
-22,19,57
-23,19,56
-25,22,55
-22,23,54
-22,27,50
-28,30,48
-21,34,46
-19,36,46
-16,41,43
-18,42,40
-23,44,33
-18,47,31
-23,49,29
-21,49,21
-23,50,20
-35,54,20
-39,57,10
-33,55,-4
-34,55,-8
-34,56,-15
-35,56,-15
-36,55,-14
-35,56,-11
-32,56,-9
-31,56,-6
-31,57,0
-31,58,4
-30,57,5
-29,58,5
-29,58,5
-29,58,5
-30,58,4
-29,59,4
-28,59,3
-25,59,2
-23,60,3
-21,60,4
-19,60,4
-16,61,6
-12,61,8
-10,61,9
-6,61,11
-5,62,12
-1,62,12
2,62,13
7,62,15
7,62,15
8,62,17
8,62,18
6,61,19
5,61,18
5,61,17
5,62,15
5,62,15
4,62,15
4,62,15
4,62,15
3,62,15
3,62,15
4,61,16
4,62,16
4,62,18
3,61,18
3,61,18
2,61,18
2,61,19
3,61,19
4,60,18
5,61,17
6,61,18
7,61,18
10,60,16
12,60,14
12,60,14
10,59,16
4,58,20
1,57,24
0,56,27
2,55,32
4,53,34
10,52,35
13,52,34
14,51,35
14,50,35
16,49,36
17,48,36
21,46,35
21,43,37
19,41,38
11,36,45
5,35,51
-13,32,73
-22,30,77
-19,17,50
-18,10,15
-62,14,-50
-78,20,-65
-80,21,-62
-72,23,-55
-62,28,-39
-58,28,-24
-57,27,-21
-56,28,-18
-57,30,-17
-54,33,-12
-54,35,-8
-46,38,1
-41,39,5
-33,44,11
-29,46,14
-22,49,18
-20,50,19
-15,52,23
-9,51,23
-8,51,23
-4,51,29
-2,49,30
-1,47,31
-2,46,37
-2,41,49
-1,38,51
-4,32,54
-5,26,56
-5,13,54
3,6,51
5,-15,55
-18,-22,64
-17,-23,76
-12,-27,88
-11,-30,87
-14,-31,82
-23,-32,75
-27,-18,65
-27,-14,61
-21,-7,59
-15,-6,60
-8,-1,58
-8,2,56
-14,9,54
-15,15,55
-13,17,56
-8,17,57
-6,19,55
-12,20,54
-11,21,54
-9,22,57
-9,21,58
-8,19,58
-7,20,56
-12,21,53
-18,24,45
-18,25,50
-16,15,62
-15,13,64
0,1,74
2,-1,75
6,2,72
6,5,68
6,10,66
5,10,67
-6,5,68
-6,3,68
-1,2,68
-8,7,56
-19,11,51
-44,19,40
-49,23,36
-47,27,35
-42,27,34
-48,34,23
-53,39,17
-58,47,1
-54,46,-3
-44,47,-7
-44,48,-8
-41,51,-7
-38,51,-4
-38,51,-3
-37,51,1
-37,51,2
-38,51,5
-38,51,7
-38,51,7
-37,51,8
-38,51,8
-38,51,7
-40,52,7
-39,51,8
-40,51,7
-39,51,7
-40,51,6
-38,51,8
-39,52,9
-37,52,9
-37,52,9
-37,51,10
-38,53,13
-37,52,11
-37,51,10
-37,53,11
-36,52,9
-36,52,8
-36,52,8
-36,53,8
-37,52,8
-38,52,8
-38,52,8
-37,53,8
-36,52,9
-36,52,10
-37,52,11
-37,52,11
-36,52,10
-37,52,11
-36,52,11
-37,53,12
-37,52,13
-35,52,13
-35,53,13
-33,53,15
-31,53,17
-29,52,20
-27,53,22
-23,53,27
-19,52,30
-12,51,33
-6,52,36
-3,52,36
1,52,38
2,51,37
3,51,36
3,50,34
1,49,26
2,50,29
3,45,31
4,43,29
0,43,35
0,40,38
2,31,42
-14,21,50
-15,14,48
14,9,127
13,11,127
-31,31,84
-20,36,78
-20,21,46
-19,15,41
-12,12,51
-7,13,57
-9,20,63
-14,21,60
-16,20,57
-17,19,60
-18,19,61
-14,18,60
-13,18,58
-12,19,58
-12,19,58
-11,20,58
-11,20,59
-12,19,59
-13,19,59
-13,19,59
-12,19,59
-12,19,59
-12,19,60
-11,19,59
-11,19,58
-11,19,59
-11,20,60
-12,19,60
-12,19,59
-12,19,59
-11,20,59
-10,20,59
-10,19,59
-11,20,60
-12,19,59
-11,19,59
-11,20,59
-11,20,59
-12,20,59
-11,20,58
-12,19,59
-12,19,59
-12,19,59
-12,19,60
-13,19,60
-12,19,60
-11,19,59
-11,19,59
-10,19,59
-10,19,59
-11,19,60
-13,18,59
-15,19,60
-15,17,61
-15,17,60
-14,15,60
-13,15,60
-12,17,60
-12,18,60
-13,18,60
-13,19,61
-13,18,61
-13,17,61
-12,17,59
-12,17,59
-11,18,59
-11,18,59
-12,18,60
-12,18,59
-13,17,59
-12,18,60
-12,18,59
-11,18,60
-11,18,61
-12,17,61
-13,17,60
-14,17,60
-14,17,59
-12,18,60
-11,18,60
-12,18,59
-12,18,60
-12,17,60
-12,16,60
-13,17,59
-12,19,60
-11,19,60
-10,18,59
-11,18,59
-11,18,59
-12,18,60
-11,18,61
-11,18,60
-11,18,59
-11,18,59
-11,18,60
-11,18,60
-12,18,60
-12,18,60
-12,18,60
-12,17,59
-11,17,59
-11,18,60
-11,18,60
-12,18,60
-12,18,59
-11,18,60
-11,18,60
-11,18,60
-11,18,60
-11,18,59
-11,18,60
-11,18,59
-11,18,60
-11,18,60
-11,18,60
-11,18,60
-12,18,60
-12,18,60
-11,18,60
-11,18,60
-12,18,60
-11,18,60
-11,18,60
-11,18,60
-11,18,60
-10,19,61
-10,19,61
-10,18,61
-12,18,61
-16,19,59
-14,18,58
-11,18,58
-6,19,57
-5,19,57
-4,21,57
-3,21,57
4,22,56
7,23,57
-10,20,56
-18,17,54
-28,10,55
-37,7,56
-45,3,59
-42,4,59
-39,6,57
-31,9,55
-29,9,55
-28,10,55
-28,9,56
-31,7,56
-32,6,56
-31,7,56
-31,8,56
-30,8,56
-30,8,57
-30,8,56
-29,8,56
-29,8,56
-28,9,56
-28,9,56
-28,9,56
-28,9,56
-28,9,56
-28,9,56
-28,9,56
-28,9,56
-27,9,56
-27,9,55
-26,9,56
-27,7,59
-31,5,61
-39,7,63
-43,6,63
-32,4,62
-33,6,63
-21,5,58
-17,7,53
3,13,57
5,12,61
6,13,57
4,22,45
-5,17,52
-20,8,68
-12,9,72
2,8,73
5,9,71
1,13,63
-2,14,60
-7,12,54
-8,13,54
-3,15,58
-1,16,59
1,17,61
-3,17,59
-6,16,59
-7,16,61
-7,14,63
-5,12,64
-3,11,66
0,11,64
1,11,62
1,15,59
1,17,58
-1,19,57
-1,19,58
-1,18,60
-4,16,61
-5,14,61
-3,15,62
-3,15,63
-3,15,62
-4,16,62
-3,16,61
-3,16,62
-2,16,62
-2,15,62
-3,16,61
-2,16,61
-2,16,61
-2,16,60
-2,16,61
-1,15,62
-2,16,62
-2,15,61
-3,16,61
-2,16,61
-2,16,61
-2,16,62
-2,15,62
-2,15,61
-2,16,62
-2,16,62
-2,16,61
-2,15,61
-2,16,62
-2,16,61
-2,16,61
-2,16,61
-2,16,62
-2,16,62
-2,16,61
-2,16,61
-3,16,61
-1,16,61
-1,17,61
-2,17,61
-2,17,61
-1,17,61
-2,17,61
-2,17,61
-1,18,61
-2,18,61
-2,18,60
-1,18,61
-2,18,61
-2,18,60
-2,18,61
-1,18,60
-1,18,61
-2,18,61
-2,18,60
-1,18,61
-1,18,61
-1,17,62
0,17,61
0,18,60
-1,18,59
-1,19,58
-2,19,59
-2,17,60
-2,17,62
-4,15,63
-6,15,63
-6,15,64
-5,15,63
-4,14,61
-2,14,59
0,15,58
1,16,58
0,16,59
-1,16,60
-1,17,61
-3,17,60
-5,16,60
-9,14,61
-9,12,62
-8,8,63
-7,7,64
-7,6,64
-7,6,63
-4,7,64
-1,8,65
2,8,63
2,9,62
1,8,62
0,7,63
0,7,64
-2,6,65
-3,4,65
-4,4,66
-5,4,67
-6,5,66
-5,6,65
-2,6,63
-1,7,63
-2,7,62
-3,6,64
-4,6,65
-3,4,66
-1,3,65
-1,6,62
-1,8,61
-4,11,61
-6,12,61
-3,9,65
-2,5,64
4,6,62
5,7,62
1,7,59
2,9,62
3,9,62
5,7,60
5,7,61
7,9,63
5,9,60
5,9,59
9,12,61
8,13,62
7,11,61
9,8,59
10,8,58
10,10,57
8,10,57
8,12,59
6,7,59
5,6,60
1,6,61
0,8,62
-2,10,62
-2,11,63
0,12,66
1,13,69
1,10,72
2,6,70
2,4,66
-1,4,61
-2,4,60
-5,5,59
-7,6,61
-9,7,63
-9,7,65
-8,2,65
-7,1,65
-4,1,63
-5,2,62
-12,3,60
-15,4,59
-16,3,58
-16,3,57
-14,3,56
-14,3,56
-17,1,56
-20,-5,62
-18,-8,67
-21,-16,72
-23,-15,71
-18,-10,68
-16,-9,64
-18,-7,60
-20,-5,59
-20,-4,58
-20,-3,59
-22,-4,58
-26,-5,58
-26,-5,58
-24,-6,60
-24,-7,60
-24,-6,59
-24,-5,59
-24,-4,58
-25,-4,57
-27,-4,56
-31,-4,55
-31,-4,56
-33,-5,56
-33,-6,55
-31,-6,56
-29,-7,56
-24,-6,58
-24,-6,60
-24,-9,60
-23,-10,59
-24,-8,59
-24,-8,58
-24,-7,58
-25,-7,58
-25,-7,58
-25,-5,58
-26,-5,57
-28,-6,57
-29,-6,57
-28,-6,58
-27,-7,59
-27,-7,59
-25,-6,59
-24,-5,58
-24,-4,58
-24,-3,57
-24,-3,56
-25,-3,56
-28,-5,57
-29,-6,57
-29,-7,58
-29,-7,58
-27,-7,59
-27,-7,58
-27,-7,57
-27,-7,58
-27,-7,58
-24,-7,58
-23,-6,57
-23,-3,57
-25,-2,57
-28,-4,57
-29,-5,57
-31,-8,57
-32,-9,57
-31,-9,57
-30,-8,56
-29,-7,56
-30,-8,56
-29,-9,57
-27,-9,57
-27,-8,57
-29,-8,57
-29,-9,56
-29,-8,57
-30,-7,57
-29,-8,57
-30,-8,57
-29,-10,57
-28,-10,58
-23,-9,58
-22,-8,57
-22,-8,58
-24,-7,58
-24,-7,58
-26,-7,59
-29,-8,59
-30,-7,58
-28,-6,57
-27,-4,57
-27,-3,57
-26,-4,57
-26,-5,57
-28,-6,57
-28,-7,58
-27,-7,59
-27,-6,59
-28,-5,57
-29,-7,54
-30,-6,54
-30,-5,55
-29,-6,57
-28,-6,58
-29,-5,58
-32,-4,57
-33,-3,56
-34,-3,55
-35,-3,54
-34,-3,53
-34,-4,53
-34,-4,53
-29,-6,53
-29,-3,55
-31,-4,57
-32,-5,57
-31,-7,57
-31,-6,55
-31,-7,56
-34,-7,55
-34,-6,55
-32,-5,55
-32,-4,55
-32,-5,54
-31,-7,54
-28,-9,55
-26,-7,57
-28,-8,61
-30,-8,60
-32,-8,55
-32,-7,54
-35,-6,53
-34,-7,54
-34,-7,54
-35,-8,54
-35,-8,53
-35,-8,53
-37,-9,52
-34,-9,54
-32,-9,55
-32,-7,56
-32,-7,56
-35,-7,56
-41,-10,58
-40,-10,60
-33,-7,63
-31,-6,64
-33,-5,60
-34,-5,61
-31,-2,59
-29,-1,58
-24,5,57
-22,10,57
-13,14,55
-15,15,53
-19,16,51
-23,21,51
-23,24,52
-22,27,51
-22,27,50
-23,29,51
-21,28,47
-21,32,49
-19,30,48
-22,28,42
-22,27,43
-25,28,47
-25,25,45
-24,19,45
-24,20,58
-22,19,62
-11,14,66
-6,13,69
-4,11,73
-4,9,72
-3,5,69
-4,4,68
-9,2,65
-11,0,63
-12,-5,61
-16,-6,61
-20,-5,61
-21,-3,62
-20,-3,62
-18,-2,62
-17,-2,63
-19,-1,62
-18,3,62
-17,3,60
-17,4,60
-16,3,62
-15,1,62
-11,-1,62
-15,0,63
-15,0,62
-15,-1,61
-14,-2,62
-13,-3,63
-11,-1,63
-13,0,62
-15,-1,61
-16,-2,62
-17,-3,62
-18,-2,61
-17,-1,61
-19,0,61
-20,1,60
-22,0,60
-23,-1,60
-22,-1,59
-23,-3,60
-22,-1,60
-23,-2,59
-23,-2,60
-23,-4,59
-24,-5,59
-22,-5,60
-21,-5,60
-21,-3,60
-24,-2,59
-24,-1,59
-25,-1,59
-24,-1,59
-23,-3,59
-23,-4,59
-24,-3,59
-25,-3,58
-26,-2,58
-26,-2,58
-26,-2,59
-24,-1,59
-23,-1,59
-23,-1,59
-24,-2,59
-25,-2,58
-26,-2,58
-26,-2,58
-26,-2,58
-25,-2,58
-25,-2,59
-24,-1,59
-24,-1,59
-25,-1,58
-26,-1,57
-27,0,57
-26,3,57
-24,2,59
-28,-1,57
-26,-2,58
-24,-7,58
-21,-7,60
-18,-7,62
-15,-6,63
-16,-4,62
-23,-5,60
-25,0,58
-27,0,58
-27,1,58
-30,2,56
-31,1,56
-32,1,56
-32,1,56
-30,1,56
-29,1,57
-26,0,58
-24,0,59
-22,0,59
-22,0,59
-22,1,61
-23,1,59
-24,0,59
-25,-1,59
-25,-1,59
-24,-2,59
-24,-2,59
-23,-1,60
-22,-1,59
-20,0,61
-20,1,60
-20,2,61
-20,1,60
-22,-1,59
-25,-3,59
-25,-3,58
-26,-3,58
-26,-3,58
-25,-2,59
-25,-2,58
-26,-1,59
-25,-1,58
-25,-1,58
-25,-1,58
-25,-1,59
-25,-1,58
-26,-1,58
-27,-2,58
-27,-2,58
-27,-2,57
-27,-2,57
-27,-2,58
-27,-2,58
-27,-2,57
-27,-2,58
-27,-2,58
-27,-2,58
-27,-2,58
-27,-2,57
-27,-2,58
-26,-2,58
-26,-2,58
-25,-2,58
-24,-2,59
-25,-2,58
-25,-1,59
-25,-2,59
-26,-2,58
-25,-2,58
-25,-3,59
-25,-3,59
-24,-2,59
-24,-2,59
-24,-2,59
-24,-2,59
-24,-2,59
-24,-2,59
-25,-2,59
-24,-2,59
-26,-1,59
-24,-1,59
-24,-1,59
-24,-1,59
-24,-2,59
-24,-2,59
-25,-2,59
-25,-4,59
-27,-5,59
-24,-16,62
-22,-18,62
-21,1,63
-20,9,60
-22,18,53
-28,22,51
-35,10,48
-48,-2,48
-49,-9,50
-40,-13,54
-34,-10,56
-26,0,59
-24,3,59
-23,8,58
-23,8,57
-26,5,54
-29,3,55
-34,1,55
-35,1,54
-38,1,54
-38,-1,53
-38,-2,53
-37,-3,53
-37,-2,54
-35,0,54
-34,1,54
-34,3,53
-35,2,53
-37,1,53
-37,1,53
-37,1,52
-36,1,53
-36,0,53
-35,0,53
-35,0,54
-35,1,54
-35,1,54
-35,2,53
-35,1,53
-35,2,53
-36,2,53
-35,1,54
-35,1,54
-35,1,54
-35,2,54
-35,2,54
-35,2,54
-35,2,54
-35,2,53
-36,2,54
-35,2,53
-35,2,53
-35,2,53
-35,2,53
-35,1,54
-35,1,54
-35,2,53
-35,2,53
-35,2,54
-36,1,54
-36,1,54
-36,2,53
-35,2,53
-35,3,53
-35,3,52
-36,5,52
-37,5,52
-35,4,53
-33,1,55
-32,0,56
-33,-1,57
-32,-3,56
-32,-4,55
-31,-5,55
-32,-3,56
-32,-1,57
-31,2,56
-29,3,56
-31,0,57
-32,-1,56
-31,-1,55
-32,-1,55
-32,-1,55
-32,-1,55
-32,-1,55
-32,-2,56
-30,0,56
-30,0,57
-30,0,57
-29,2,57
-29,2,57
-29,3,56
-30,3,57
-32,1,55
-32,-1,55
-32,-1,55
-32,-1,56
-30,0,56
-29,-1,57
-29,0,57
-30,1,57
-29,1,57
-30,0,56
-31,0,56
-31,-1,56
-31,-1,56
-30,-1,56
-29,0,56
-30,0,56
-29,0,56
-30,0,57
-30,-1,56
-30,-1,56
-30,0,56
-30,-1,57
-30,-1,56
-30,-1,56
-32,0,56
-33,1,56
-45,-2,54
-47,-3,55
-39,-1,55
-39,1,59
-31,0,60
-9,3,60
5,2,60
25,1,57
23,-3,45
49,9,77
-1,8,85
-27,3,72
-82,-3,26
-92,5,27
-21,16,31
-6,12,35
12,19,69
11,13,73
-7,3,66
-17,1,65
-29,0,63
-31,1,64
-30,6,60
-29,7,58
-23,7,57
-17,5,60
-17,4,61
-18,2,63
-18,1,63
-19,-1,63
-19,-1,63
-18,1,61
-20,3,60
-23,5,59
-24,5,58
-26,5,58
-28,5,57
-29,5,57
-31,5,56
-31,5,57
-29,5,56
-29,5,55
-30,5,56
-29,5,56
-30,5,56
-31,4,56
-31,4,55
-31,4,55
-32,5,55
-32,5,55
-34,4,54
-34,7,53
-35,5,53
-37,2,54
-36,2,54
-33,1,55
-33,1,55
-33,1,55
-33,1,55
-34,3,55
-35,2,54
-37,1,53
-38,-1,52
-37,-1,53
-36,-1,54
-36,-1,54
-35,0,54
-35,0,54
-34,2,55
-34,2,55
-35,2,54
-36,2,53
-36,2,52
-36,3,52
-36,3,53
-36,3,52
-36,3,52
-36,3,53
-36,2,52
-36,2,53
-36,2,53
-35,3,53
-35,3,53
-36,3,53
-37,3,52
-38,2,52
-38,2,52
-38,2,52
-36,2,52
-36,2,53
-36,2,53
-36,2,53
-38,2,52
-38,2,52
-38,0,52
-38,-1,53
-37,-3,55
-35,-1,55
-32,6,52
-37,12,50
-38,9,48
-44,5,45
-45,6,45
-46,4,44
-46,3,46
-48,0,49
-48,-3,50
-44,-7,47
-42,-8,46
-41,-7,48
-41,-3,49
-43,-1,47
-47,1,46
-48,1,45
-47,0,45
-45,-1,46
-44,-3,46
-43,-3,47
-44,0,47
-45,3,46
-47,6,43
-49,6,41
-51,4,39
-52,2,37
-54,2,37
-54,0,38
-54,0,39
-52,0,39
-52,0,39
-51,2,39
-51,3,39
-50,4,39
-50,4,39
-50,3,40
-51,3,40
-50,2,40
-49,1,41
-49,1,41
-50,0,42
-49,1,42
-49,1,42
-49,1,41
-49,1,41
-50,1,41
-49,2,41
-50,1,41
-50,1,41
-50,1,41
-51,2,40
-51,2,40
-50,2,40
-50,2,41
-51,1,41
-50,0,40
-49,0,40
-50,1,40
-51,2,40
-52,3,40
-52,2,39
-51,1,40
-51,1,40
-50,2,41
-50,1,42
-50,1,42
-48,2,43
-49,2,42
-48,1,42
-47,1,43
-43,2,43
-42,4,45
-44,6,45
-46,5,45
-50,0,43
-51,-1,43
-49,1,44
-45,5,45
-45,5,44
-46,5,42
-48,4,42
-51,2,42
-52,1,44
-49,-1,45
-46,0,46
-43,3,46
-43,5,45
-44,6,45
-46,5,43
-49,3,42
-49,1,44
-48,0,45
-45,2,47
-43,3,47
-45,3,45
-46,3,45
-47,3,44
-47,3,44
-45,3,45
-46,3,45
-44,3,46
-42,3,46
-44,3,47
-48,2,45
-50,2,43
-52,3,40
-52,3,39
-52,4,39
-51,4,40
-50,3,41
-49,3,41
-49,3,41
-48,3,41
-47,3,43
-30,0,49
-44,1,42
-63,1,24
-63,1,16
-66,5,5
-67,7,2
-73,7,-4
-73,8,-6
-63,9,-4
-66,9,-2
-67,5,4
-67,4,8
-65,4,10
-61,6,14
-61,6,15
-60,5,16
-61,5,16
-62,6,14
-63,6,14
-63,7,12
-63,7,12
-64,6,11
-64,7,10
-65,7,9
-65,7,9
-65,7,9
-64,7,10
-64,7,10
-63,6,10
-64,7,10
-64,6,10
-64,6,10
-64,7,10
-63,7,11
-63,7,11
-64,7,10
-64,7,10
-64,7,9
-64,7,10
-64,7,11
-64,6,10
-64,6,10
-65,7,11
-63,6,11
-63,7,11
-63,8,10
-64,7,10
-65,6,9
-65,7,10
-64,7,10
-63,7,11
-63,7,10
-64,7,10
-64,7,10
-64,7,10
-64,7,10
-64,7,11
-64,7,10
-64,7,10
-64,7,10
-63,8,11
-63,8,10
-64,8,9
-65,7,9
-64,7,9
-64,7,10
-64,7,10
-64,7,10
-64,8,9
-64,7,9
-63,8,9
-64,8,9
-64,7,9
-64,8,9
-63,7,9
-64,8,9
-64,7,9
-64,7,9
-64,7,9
-64,7,9
-64,7,9
-64,7,9
-64,7,9
-64,7,9
-64,8,9
-64,8,9
-64,7,10
-64,7,10
-64,7,10
-63,8,10
-63,8,10
-64,8,9
-63,8,10
-63,8,10
-64,8,10
-65,7,9
-65,7,10
-63,7,11
-63,7,10
-64,8,9
-64,8,8
-64,8,9
-64,7,9
-63,7,10
-64,7,10
-64,7,10
-64,8,10
-64,7,10
-64,7,10
-63,7,10
-63,8,10
-63,8,9
-64,8,9
-64,7,9
-64,7,10
-64,7,10
-64,7,10
-64,8,10
-64,7,10
-64,7,9
-64,7,9
-65,8,9
-64,7,9
-64,7,9
-64,8,10
-64,7,9
-64,7,10
-64,7,10
-64,7,10
-64,7,10
-64,7,10
-64,7,10
-64,7,10
-64,7,9
-63,7,10
-63,7,10
-64,7,10
-64,7,9
-64,7,9
-64,7,10
-64,7,9
-64,7,10
-64,7,9
-64,7,9
-64,7,9
-64,8,9
-64,8,9
-64,10,8
-64,11,8
-65,10,6
-67,9,8
-66,10,9
-62,11,16
-63,12,20
-60,14,26
-59,12,27
-58,6,24
-57,4,23
-58,1,24
-59,0,26
-57,-3,32
-52,3,36
-51,5,36
-54,7,32
-56,7,30
-56,8,31
-55,8,32
-55,7,33
-57,5,34
-56,5,40
-48,9,41
-45,10,39
-48,10,35
-55,10,31
-62,8,32
-63,10,35
-55,13,39
-55,13,39
-57,9,38
-56,9,36
-56,10,31
-58,10,30
-56,16,30
-55,20,34
-54,19,38
-56,21,38
-50,24,38
-45,24,38
-44,24,38
-39,19,36
-34,19,34
-27,23,32
-25,23,31
-35,20,27
-42,19,25
-51,12,19
-56,7,16
-60,-6,10
-66,-11,8
-79,-21,12
-82,-15,9
-87,-7,14
-92,1,16
-78,6,16
-61,14,15
-53,15,14
-50,12,8
-54,6,6
-60,5,4
-62,3,4
-71,3,5
-74,1,5
-71,-1,5
-64,-1,5
-62,1,6
-63,3,4
-65,3,4
-66,3,2
-65,3,2
-64,3,2
-64,3,2
-65,2,2
-66,2,3
-65,1,3
-64,1,3
-65,1,3
-65,1,2
-66,1,1
-66,1,2
-65,1,2
-64,2,3
-65,2,3
-65,2,2
-65,2,2
-65,2,2
-65,2,2
-65,2,2
-65,2,2
-65,2,2
-65,2,3
-65,3,3
-65,3,3
-65,2,4
-65,2,4
-65,3,4
-65,3,4
-65,2,4
-65,3,4
-65,3,4
-65,2,4
-65,2,4
-65,2,4
-65,3,4
-65,2,4
-65,2,4
-65,2,4
-65,2,4
-65,3,4
-65,2,4
-65,2,3
-65,3,4
-64,3,4
-65,2,4
-65,3,5
-65,3,5
-64,3,5
-65,3,5
-65,3,5
-65,3,5
-65,3,5
-65,3,5
-65,3,5
-65,3,5
-64,3,5
-65,3,4
-65,4,3
-65,3,3
-65,3,3
-66,3,3
-65,3,3
-65,3,4
-65,2,3
-65,3,4
-65,3,4
-65,3,4
-65,3,5
-64,3,5
-64,3,5
-64,3,5
-65,3,4
-65,3,4
-65,2,4
-65,2,4
-65,3,4
-65,2,4
-65,3,5
-65,3,4
-64,3,5
-64,3,5
-65,3,3
-65,3,2
-65,3,3
-65,3,3
-65,3,4
-65,3,4
-64,3,4
-65,3,3
-65,3,3
-65,3,3
-65,3,3
-65,3,4
-64,3,4
-65,3,4
-65,2,3
-65,2,3
-65,3,3
-65,3,2
-65,1,2
-66,1,2
-65,2,2
-65,3,2
-65,3,2
-64,3,3
-65,3,3
-65,3,3
-65,3,3
-65,3,2
-65,3,2
-65,3,2
-65,4,2
-64,4,2
-64,4,2
-65,3,1
-65,3,1
-66,3,2
-66,3,2
-65,4,2
-66,5,0
-69,5,-1
-67,5,2
-66,5,6
-62,5,14
-60,5,18
-58,2,25
-48,-7,39
-59,-6,27
-53,-9,30
-50,-13,34
-35,-16,49
-29,-17,53
-23,-20,57
-24,-22,56
-30,-21,54
-32,-20,52
-37,-17,49
-39,-16,48
-42,-16,47
-42,-15,47
-41,-16,47
-39,-16,48
-37,-17,50
-35,-17,51
-34,-17,51
-35,-17,51
-35,-17,51
-35,-17,51
-35,-17,51
-35,-17,51
-35,-17,51
-35,-17,51
-35,-17,51
-34,-17,51
-34,-17,52
-34,-17,51
-34,-17,51
-35,-17,51
-35,-16,51
-36,-16,51
-37,-16,50
-38,-16,49
-38,-16,49
-38,-16,49
-38,-15,49
-38,-15,49
-39,-15,49
-39,-15,48
-40,-15,48
-40,-15,48
-39,-15,48
-39,-15,49
-38,-15,49
-39,-15,49
-39,-15,48
-39,-15,48
-39,-15,48
-39,-15,49
-39,-15,49
-39,-15,49
-39,-15,49
-39,-15,49
-39,-15,49
-39,-15,48
-39,-15,49
-39,-15,49
-39,-15,49
-39,-15,49
-40,-15,48
-40,-15,48
-40,-15,48
-39,-15,48
-40,-15,48
-40,-15,48
-40,-15,48
-40,-15,48
-40,-15,48
-40,-15,48
-40,-15,48
-40,-15,48
-40,-15,48
-39,-15,48
-39,-15,48
-40,-15,48
-40,-15,48
-40,-15,48
-40,-15,48
-39,-15,48
-39,-15,48
-39,-15,48
-39,-15,48
-39,-15,48
-39,-15,48
-39,-15,48
-40,-15,48
-40,-15,48
-40,-15,48
-40,-15,48
-40,-15,48
-40,-15,48
-40,-15,48
-40,-15,48
-40,-15,48
-40,-15,48
-40,-15,48
-40,-15,48
-40,-15,48
-40,-15,48
-40,-15,48
-40,-15,48
-41,-15,48
-40,-15,48
-40,-15,48
-40,-15,48
-39,-15,48
-39,-15,48
-40,-15,48
-39,-15,48
-40,-15,48
-40,-15,47
-40,-15,48
-40,-15,48
-40,-15,48
-40,-14,48
-40,-15,48
-40,-15,48
-40,-15,48
-40,-15,48
-40,-15,48
-40,-15,48
-40,-15,48
-39,-15,48
-40,-15,48
-40,-15,48
-40,-15,48
-40,-15,47
-45,-17,45
-56,-18,42
-49,-16,46
-29,-16,54
1,-6,64
1,-5,62
-6,-5,61
-8,-10,62
-23,-7,61
-20,-11,57
-89,-14,35
-30,-24,46
-23,-18,57
-26,-14,58
-31,-13,54
-34,-15,52
-37,-14,51
-38,-13,50
-37,-13,51
-35,-14,52
-35,-14,52
-34,-15,52
-35,-14,52
-35,-14,52
-35,-14,52
-35,-14,52
-35,-14,52
-35,-14,52
-35,-14,52
-35,-14,52
-35,-14,52
-34,-14,52
-34,-15,52
-33,-14,53
-34,-15,53
-33,-15,53
-33,-14,53
-33,-15,53
-33,-15,53
-33,-15,53
-33,-15,53
-33,-15,53
-33,-15,53
-33,-15,53
-33,-15,53
-31,-17,53
-29,-16,54
-29,-15,55
-30,-15,55
-33,-14,53
-35,-15,52
-34,-15,52
-31,-16,53
-31,-15,54
-34,-15,53
-36,-14,52
-35,-14,51
-33,-15,52
-28,-16,55
-25,-15,57
-25,-15,57
-26,-15,56
-31,-16,53
-32,-16,53
-31,-15,54
-30,-15,55
-31,-14,54
-34,-14,53
-35,-14,52
-33,-15,52
-32,-15,53
-30,-15,55
-30,-15,55
-32,-15,53
-32,-14,53
-32,-14,54
-31,-15,54
-31,-15,54
-31,-15,54
-31,-14,54
-31,-15,54
-32,-14,54
-31,-15,54
-32,-15,54
-32,-16,54
-33,-15,53
-31,-16,54
-32,-16,54
-31,-15,55
-30,-13,55
-32,-13,54
-34,-13,53
-34,-13,53
-34,-12,52
-34,-13,52
-35,-15,53
-34,-13,52
-32,-15,52
-32,-16,54
-31,-14,54
-31,-15,54
-32,-15,53
-32,-15,53
-33,-15,53
-33,-15,53
-32,-15,53
-32,-15,53
-32,-15,53
-33,-14,54
-33,-14,53
-34,-15,52
-33,-15,53
-33,-14,53
-32,-15,53
-33,-15,53
-33,-14,53
-33,-14,53
-34,-15,53
-34,-15,53
-34,-15,52
-34,-14,52
-34,-15,53
-33,-15,53
-33,-15,53
-34,-15,52
-35,-15,52
-35,-14,52
-35,-14,52
-35,-15,52
-37,-14,51
-37,-14,51
-37,-14,50
-38,-13,49
-37,-14,50
-39,-13,50
-38,-14,50
-38,-14,49
-39,-13,49
-40,-12,48
-44,-11,45
-46,-11,45
-48,-11,42
-48,-10,42
-48,-9,43
-48,-9,42
-48,-8,42
-48,-8,42
-48,-8,42
-49,-8,42
-48,-8,42
-48,-8,42
-48,-8,41
-48,-8,42
-49,-8,42
-49,-8,41
-49,-8,41
-49,-8,42
-49,-7,42
-48,-8,42
-48,-7,41
-49,-7,41
-48,-6,42
-49,-8,41
-48,-7,41
-48,-7,42
-48,-7,42
-48,-7,42
-49,-8,42
-49,-8,42
-48,-7,42
-48,-7,42
-48,-7,42
-48,-7,42
-49,-8,42
-49,-7,41
-49,-7,41
-48,-7,42
-48,-8,42
-48,-7,42
-48,-7,42
-49,-7,42
-49,-7,42
-48,-7,42
-48,-8,42
-48,-7,42
-48,-7,42
-48,-7,42
-48,-8,42
-48,-8,42
-48,-7,42
-48,-7,42
-48,-7,42
-48,-7,42
-48,-8,43
-48,-8,42
-47,-8,42
-47,-7,42
-47,-8,42
-48,-8,42
-48,-8,42
-48,-8,42
-48,-8,42
-48,-8,42
-48,-8,42
-47,-8,42
-47,-7,42
-48,-8,42
-49,-8,42
-48,-8,43
-48,-8,43
-48,-8,42
-48,-8,42
-48,-8,42
-48,-8,42
-48,-8,42
-48,-8,42
-48,-8,42
-48,-8,42
-48,-8,42
-48,-8,42
-48,-8,42
-48,-8,43
-48,-8,42
-48,-8,42
-48,-8,42
-48,-8,42
-48,-8,43
-48,-8,42
-48,-7,42
-48,-8,42
-48,-8,42
-48,-8,43
-48,-9,43
-48,-8,43
-47,-8,42
-47,-7,42
-48,-8,42
-48,-8,42
-48,-8,42
-47,-8,43
-47,-8,42
-48,-8,43
-48,-8,42
-48,-8,42
-48,-8,42
-48,-7,42
-48,-8,42
-48,-8,43
-48,-8,43
-48,-8,43
-47,-7,42
-47,-7,42
-48,-7,42
-48,-8,42
-48,-7,43
-48,-7,43
-47,-7,42
-47,-7,42
-48,-8,42
-48,-8,42
-47,-8,43
-47,-8,43
-48,-8,42
-48,-7,42
-48,-7,42
-48,-8,42
-48,-8,43
-48,-8,43
-48,-8,42
-48,-8,42
-48,-8,42
-48,-7,42
-48,-7,42
-48,-8,43
-48,-8,43
-47,-8,43
-48,-8,43
-48,-8,43
-47,-7,42
-47,-7,42
-48,-7,42
-48,-7,42
-47,-7,42
-47,-7,42
-48,-7,43
-48,-8,43
-48,-7,43
-48,-7,43
-48,-7,42
-48,-7,42
-48,-7,42
-49,-8,42
-48,-7,42
-49,-7,41
-49,-7,41
-46,-8,41
-45,-7,42
-49,-7,42
-50,-10,42
-51,-10,42
-49,-14,42
-47,-12,42
-48,-11,43
-47,-12,44
-44,-13,44
-44,-12,45
-42,-12,45
-44,-12,47
-40,-13,48
-40,-16,48
-40,-14,48
-40,-14,48
-41,-14,48
-42,-14,47
-42,-13,47
-42,-13,47
-42,-13,47
-42,-14,47
-41,-14,48
-41,-13,48
-41,-13,47
-41,-14,48
-41,-13,47
-41,-14,47
-42,-13,47
-42,-13,47
-42,-14,47
-42,-13,47
-42,-13,47
-42,-14,47
-42,-13,47
-42,-13,47
-42,-13,47
-42,-13,47
-42,-13,46
-42,-13,46
-43,-13,47
-43,-13,46
-42,-13,46
-43,-13,46
-42,-13,46
-43,-12,46
-42,-13,46
-42,-13,47
-42,-13,47
-42,-13,47
-42,-13,47
-42,-13,47
-42,-13,47
-42,-13,47
-42,-13,46
-43,-13,46
-43,-13,46
-43,-13,46
-43,-13,46
-43,-13,46
-42,-13,46
-43,-13,46
-43,-13,46
-43,-13,46
-43,-13,46
-43,-13,46
-44,-13,46
-43,-13,46
-43,-13,46
-43,-13,47
-42,-13,46
-43,-13,46
-43,-13,46
-43,-13,46
-43,-13,46
-43,-13,46
-43,-14,46
-42,-15,47
-45,-13,47
-46,-14,45
-44,-9,47
-44,-3,49
-42,-2,45
-43,1,39
-48,1,34
-53,-1,37
-56,2,39
-53,0,36
-53,-4,40
-51,-3,42
-49,-3,40
-51,-2,40
-52,-3,40
-51,-3,39
-51,-2,38
-52,-2,38
-51,-2,39
-51,-2,39
-51,-2,39
-52,-2,40
-52,-3,39
-51,-2,38
-51,-2,38
-52,-2,38
-52,-2,38
-52,-2,38
-52,-2,38
-52,-2,38
-52,-2,38
-52,-2,38
-53,1,37
-58,3,38
-64,2,44
-62,2,47
-58,5,57
-56,6,60
-47,5,63
-43,12,61
-46,17,57
-44,20,53
-45,19,48
-42,20,44
-36,19,41
-30,17,34
-23,15,28
-9,17,21
-6,20,20
-2,31,17
-9,77,27
-20,79,51
-28,35,39
-26,46,52
-31,49,51
-31,50,41
-23,54,31
-22,52,27
-16,50,25
-11,51,26
-13,52,32
-20,51,35
-32,49,35
-35,49,33
-30,49,33
-22,50,33
-19,49,33
-15,50,35
-15,50,36
-18,49,36
-21,49,36
-24,48,36
-25,48,37
-23,48,37
-21,48,37
-21,48,37
-21,48,38
-22,48,38
-22,48,37
-21,49,36
-22,50,34
-22,50,34
-22,49,33
-21,49,34
-19,49,35
-18,49,36
-19,49,36
-21,49,36
-21,49,36
-22,49,34
-21,50,31
-18,52,19
-16,52,13
-23,51,8
-27,49,14
-47,41,40
-26,27,36
-10,20,37
20,15,58
9,14,89
-12,7,79
-22,12,72
-33,15,65
-33,17,61
-25,22,57
-22,23,57
-21,22,54
-21,23,53
-21,24,53
-21,25,54
-21,25,54
-21,25,54
-21,24,56
-23,23,56
-24,23,56
-22,23,56
-21,24,57
-20,23,57
-20,23,56
-20,25,55
-19,25,55
-20,27,54
-20,27,54
-20,27,53
-20,27,53
-20,27,53
-21,27,53
-20,27,54
-20,27,54
-20,27,54
-20,27,54
-20,27,54
-20,27,54
-21,27,54
-20,26,55
-20,27,55
-20,26,55
-20,26,55
-20,27,55
-20,26,54
-20,27,54
-20,27,54
-20,27,55
-19,27,55
-20,27,55
-20,27,54
-21,26,54
-20,26,55
-20,27,55
-23,27,54
-39,26,51
-41,26,44
-31,31,41
-28,31,43
-18,25,53
-8,20,58
11,13,71
21,12,74
27,17,71
17,19,67
-11,19,58
-20,21,53
-27,26,53
-33,27,52
-30,27,52
-22,27,53
-19,26,53
-17,24,55
-17,24,55
-16,24,57
-15,24,58
-15,25,57
-16,26,57
-22,25,54
-22,26,54
-22,26,54
-21,25,54
-21,25,55
-19,25,56
-19,25,56
-19,26,56
-19,26,56
-19,26,55
-19,26,54
-22,26,55
-28,25,55
-34,23,42
-31,32,65
-3,38,76
2,24,56
18,29,57
26,23,51
8,22,51
-22,20,48
-21,19,55
-23,20,67
-23,20,67
-22,18,60
-22,17,59
-19,18,59
-13,19,59
-12,20,59
-17,22,58
-18,22,58
-18,23,54
-18,23,54
-19,24,55
-19,23,55
-18,22,56
-19,22,57
-18,22,58
-18,22,59
-17,22,58
-17,22,57
-17,22,57
-18,23,57
-18,23,56
-20,23,55
-21,23,56
-19,23,56
-19,23,57
-18,23,57
-20,22,57
-23,20,62
-21,18,69
-16,17,70
-16,17,68
-14,19,66
-10,23,62
-8,25,57
-7,31,47
-10,35,42
-12,40,34
-13,42,31
-14,44,29
-15,44,29
-18,40,16
-35,36,-9
-47,33,-22
-59,34,-39
-67,35,-44
-66,34,-49
-65,34,-44
-58,33,-29
-58,30,-24
-59,28,-18
-60,28,-16
-57,30,-13
-57,31,-10
-54,30,-9
-53,31,-9
-55,31,-10
-55,31,-11
-56,31,-12
-56,31,-14
-56,31,-14
-57,31,-14
-56,31,-14
-55,31,-15
-55,31,-14
-54,31,-14
-54,31,-14
-56,31,-13
-55,31,-14
-56,31,-13
-56,31,-14
-56,31,-13
-56,31,-13
-55,31,-13
-55,32,-13
-54,32,-13
-54,32,-13
-54,32,-13
-54,31,-12
-56,31,-12
-56,31,-12
-56,31,-13
-56,31,-13
-57,31,-13
-56,31,-14
-56,31,-14
-56,32,-15
-57,32,-16
-57,31,-16
-56,32,-15
-56,33,-14
-56,33,-13
-56,34,-12
-57,34,-12
-57,35,-12
-57,35,-11
-57,36,-11
-57,37,-12
-59,38,-10
-58,38,-8
-54,40,-4
-48,41,-3
-48,41,6
-47,43,12
-33,46,20
-23,49,25
-19,50,28
-15,57,28
-12,59,27
-15,53,20
-21,52,12
-25,53,12
-13,53,23
-9,53,30
-10,55,29
-12,54,29
-19,55,29
-19,55,27
-17,55,29
-17,55,30
-20,54,29
-20,54,29
-18,54,29
-19,54,29
-19,54,29
-19,54,28
-19,55,29
-20,54,29
-19,54,29
-19,54,29
-19,54,29
-19,54,29
-19,54,29
-19,54,29
-17,54,28
-18,55,28
-19,55,28
-20,55,28
-20,55,28
-19,55,28
-20,55,28
-21,55,28
-20,55,28
-20,55,27
-21,55,26
-23,56,25
-43,57,11
-61,63,0
-39,52,14
-17,46,22
30,40,30
49,41,26
84,47,28
86,57,34
56,61,28
-5,46,15
-26,59,14
-79,57,-44
-89,58,-62
-42,46,-17
4,52,2
53,41,21
87,48,33
72,50,31
52,49,29
17,50,28
6,55,24
8,57,24
12,58,24
12,57,25
16,58,26
15,56,26
19,55,25
20,55,25
19,55,25
18,55,25
14,56,26
14,56,26
15,56,26
16,55,26
16,55,27
18,55,28
20,55,28
20,56,25
17,57,23
10,56,24
7,56,25
11,55,27
14,55,29
17,55,31
18,54,32
16,54,33
13,54,31
13,54,30
14,55,28
15,55,27
15,56,26
14,56,26
14,56,27
14,56,27
14,56,27
14,56,27
14,56,27
14,56,27
15,56,28
15,56,28
15,56,27
14,56,27
14,56,27
16,55,26
16,56,27
17,56,26
16,56,26
15,55,26
15,56,27
14,55,28
15,55,28
15,56,28
15,56,27
15,56,27
15,56,27
16,56,27
15,56,26
15,56,26
14,56,26
14,56,26
15,56,26
14,56,27
15,56,26
15,56,27
15,56,27
15,56,26
15,56,26
15,56,26
15,56,25
15,56,26
15,56,26
14,56,27
14,56,27
16,56,27
16,56,26
16,55,25
15,57,25
15,57,24
15,56,25
15,57,24
16,57,23
16,57,23
17,57,23
17,57,23
16,57,24
15,57,25
15,56,26
16,56,25
16,57,26
17,57,24
16,57,24
16,57,23
15,57,23
16,57,22
16,57,23
16,57,24
16,56,24
16,56,25
16,57,25
16,56,26
14,56,25
14,57,25
15,57,23
16,57,24
16,57,24
16,57,24
16,57,24
16,57,24
16,57,24
16,56,25
16,57,25
15,57,25
15,57,25
16,57,24
16,57,24
15,57,24
15,56,25
14,55,27
15,55,28
16,54,29
17,55,29
17,55,27
17,55,26
16,56,26
16,57,25
15,56,25
16,56,26
16,56,26
15,56,27
16,57,28
15,56,28
14,56,28
16,56,29
15,56,29
9,55,27
8,56,27
9,56,26
12,55,25
13,56,28
12,53,28
10,53,28
13,56,30
14,56,29
16,56,30
16,58,31
18,58,29
17,55,26
15,55,25
14,55,29
16,52,28
13,51,28
13,54,30
14,55,30
14,54,29
14,55,31
14,55,30
13,54,27
14,55,28
15,56,29
15,55,28
15,55,28
14,55,29
14,55,30
14,54,29
14,54,29
15,55,30
14,55,30
16,54,29
9,45,15
17,61,36
16,60,29
16,56,26
13,56,26
12,56,26
15,56,27
16,55,26
14,56,28
14,56,29
15,56,29
15,55,28
15,55,27
16,56,27
15,56,26
15,56,26
15,56,26
16,56,26
15,56,26
16,56,26
16,56,26
16,56,26
15,56,27
16,56,26
16,56,26
15,56,26
16,56,26
16,56,26
16,56,26
16,56,26
16,56,26
16,56,26
16,56,26
16,56,26
16,56,26
16,56,26
16,56,26
16,56,26
16,56,25
16,56,25
16,56,25
16,56,25
15,56,26
15,56,26
14,56,27
14,55,29
14,55,29
14,55,30
14,55,30
15,54,30
15,55,29
15,55,28
16,55,27
16,55,27
16,55,27
16,55,28
16,55,28
16,56,27
15,56,26
14,56,27
14,55,28
14,55,29
15,55,29
15,55,28
16,56,26
16,56,25
15,56,25
14,56,26
14,55,28
14,55,28
16,56,29
17,55,29
16,56,29
14,54,30
14,53,30
15,54,30
16,54,31
15,54,31
15,54,31
15,54,30
14,55,29
14,55,29
15,55,29
15,55,29
15,54,29
15,55,29
15,55,29
15,55,29
15,54,29
15,54,29
15,54,29
15,54,29
16,54,29
16,54,28
17,53,27
19,51,26
21,50,25
25,48,21
26,45,21
23,40,21
21,38,23
15,35,31
9,32,37
9,30,46
8,29,51
3,27,69
5,26,72
13,20,77
-5,12,73
-9,7,70
-13,3,65
-12,2,61
-8,2,61
-7,3,63
-6,5,64
-8,5,67
-19,2,71
-26,0,70
-31,-7,67
-28,-4,62
-26,-4,59
-20,1,59
-18,1,59
-15,-2,59
-9,-1,62
-7,-1,65
-5,-2,64
-5,-3,62
-4,-4,63
-3,-9,72
-8,-5,68
-10,-4,61
-14,-3,63
-14,-2,62
-13,-3,62
-13,-3,63
-12,-3,62
-11,-3,63
-12,-4,62
-12,-3,63
-13,-4,62
-11,-4,62
-11,-3,62
-11,-3,63
-11,-3,63
-11,-3,63
-12,-2,62
-15,-1,61
-16,-1,61
-19,-2,61
-20,-3,61
-20,-2,61
-20,-1,60
-20,0,60
-20,0,59
-21,-1,60
-21,-1,60
-21,-1,60
-21,-1,60
-21,-1,60
-21,-1,60
-21,-1,59
-22,-1,59
-22,-1,60
-23,-2,60
-23,-2,60
-23,-3,61
-23,-4,61
-22,-4,61
-21,-4,60
-22,-3,60
-23,0,59
-24,1,58
-26,4,59
-27,3,58
-30,3,56
-30,3,55
-30,2,55
-32,3,55
-35,3,55
-37,2,54
-40,3,52
-43,4,49
-43,5,48
-42,7,44
-45,7,39
-54,8,32
-57,7,33
-56,6,35
-53,4,35
-53,4,37
-53,4,38
-54,4,36
-54,5,35
-55,5,34
-56,5,33
-57,5,32
-57,4,32
-57,3,32
-56,4,33
-56,3,33
-54,3,35
-55,2,35
-55,2,36
-56,2,35
-57,3,34
-57,4,35
-57,7,33
-58,8,32
-58,8,31
-59,10,32
-58,11,31
-55,12,30
-53,12,30
-52,11,30
-52,11,29
-50,9,29
-54,8,27
-65,6,26
-67,4,24
-65,0,23
-59,-5,18
-55,-7,16
-48,-11,13
-50,-14,10
-49,-22,12
-59,-19,8
-88,-13,10
-117,-2,-1
-51,-3,9
-54,1,10
-68,5,9
-65,1,6
-63,1,6
-64,1,4
-65,-1,4
-66,-3,2
-65,-2,2
-65,-2,2
-65,-2,2
-65,-1,1
-65,-2,1
-65,-2,0
-65,-1,0
-64,-2,-1
-65,-3,-2
-65,-1,0
-64,-1,0
-64,-1,0
-64,0,0
-65,1,-1
-65,0,-2
-65,-1,-3
-65,-1,-2
-65,-1,-2
-64,-1,-2
-65,1,-3
-64,-1,-3
-64,0,-4
-65,0,-4
-65,1,-5
-65,0,-5
-66,1,-5
-65,0,-4
-64,0,-4
-65,0,-4
-65,1,-5
-65,0,-5
-65,0,-6
-65,0,-7
-65,0,-7
-65,0,-7
-64,0,-7
-65,0,-7
-65,0,-7
-65,1,-7
-65,1,-7
-65,0,-7
-65,1,-7
-65,1,-6
-65,1,-7
-65,1,-7
-66,0,-7
-65,0,-6
-63,-2,-5
-63,-1,-5
-65,1,-5
-65,3,-5
-64,3,-5
-63,1,-7
-65,0,-9
-67,0,-9
-66,0,-7
-64,1,-5
-63,2,-3
-64,1,-4
-63,1,-4
-63,3,-4
-64,2,-5
-66,3,-6
-66,0,-6
-61,0,-4
-64,3,-4
-66,0,-5
-66,0,-6
-65,0,-6
-66,0,-7
-65,0,-7
-64,1,-7
-65,0,-7
-65,0,-7
-65,0,-7
-65,0,-6
-65,-1,-6
-65,-1,-4
-64,-1,-4
-65,-1,-4
-66,-1,-3
-65,0,-2
-65,0,-1
-66,3,-1
-67,11,-2
-67,22,-3
-81,19,-7
-95,10,-13
-59,3,-23
-44,40,-21
-73,24,-31
-73,26,-31
-58,26,-22
-54,29,-17
-54,28,-11
-50,29,-4
-47,29,-2
-45,31,2
-48,30,-6
-49,24,-15
-51,20,-18
-51,13,-33
-52,11,-38
-48,16,-37
-45,17,-35
-39,20,-29
-43,25,-24
-48,25,-23
-57,21,-11
-54,22,-4
-55,17,1
-52,14,4
-40,15,12
-44,13,17
-53,7,20
-59,4,23
-73,2,22
-78,2,19
-97,6,21
-99,0,20
-90,-8,19
-55,-7,27
-41,-9,33
-15,-14,48
-6,-15,58
2,-22,68
-4,-23,64
-24,-23,56
-33,-25,51
-47,-27,47
-61,-37,36
-52,-31,34
-37,-27,42
-36,-26,45
-36,-23,47
-36,-23,47
-39,-24,45
-39,-24,45
-37,-26,46
-36,-26,47
-36,-26,47
-37,-26,46
-38,-26,45
-38,-26,45
-37,-25,46
-38,-25,46
-38,-25,46
-38,-25,45
-38,-26,45
-37,-26,46
-38,-26,46
-37,-25,46
-37,-25,46
-37,-25,46
-37,-27,47
-38,-26,46
-39,-26,45
-39,-26,45
-37,-26,48
-36,-25,48
-32,-24,48
-32,-25,49
-30,-26,51
-30,-27,51
-32,-26,49
-35,-26,47
-40,-26,45
-43,-24,42
-42,-23,41
-41,-23,44
-40,-22,44
-40,-23,45
-40,-24,44
-40,-24,44
-41,-24,43
-40,-25,43
-40,-25,44
-40,-24,44
-40,-24,44
-40,-23,44
-41,-23,44
-40,-24,44
-40,-24,45
-39,-24,45
-39,-24,45
-40,-24,45
-40,-24,44
-41,-24,44
-41,-24,43
-41,-24,43
-41,-24,44
-40,-24,44
-41,-24,44
-41,-23,44
-41,-23,44
-41,-24,44
-40,-24,44
-40,-24,44
-41,-24,44
-41,-23,44
-41,-23,44
-40,-24,44
-40,-24,45
-39,-24,45
-39,-24,45
-40,-24,44
-40,-24,44
-40,-24,44
-40,-24,44
-40,-24,45
-40,-24,44
-40,-24,45
-40,-24,44
-40,-24,44
-40,-24,44
-40,-24,44
-40,-24,44
-40,-24,44
-40,-24,44
-41,-24,44
-40,-24,44
-40,-24,44
-40,-24,45
-40,-24,44
-40,-24,44
-41,-23,44
-42,-23,43
-43,-23,42
-43,-24,41
-42,-24,42
-41,-25,43
-41,-24,44
-41,-24,44
-41,-24,44
-40,-24,44
-41,-24,44
-41,-24,43
-41,-24,43
-41,-24,43
-41,-24,44
-41,-24,44
-41,-24,43
-41,-23,43
-41,-23,43
-41,-23,44
-41,-23,44
-42,-23,43
-42,-24,43
-42,-23,43
-41,-24,44
-41,-24,44
-42,-24,43
-42,-23,43
-41,-24,44
-41,-24,44
-41,-24,43
-41,-24,43
-41,-24,44
-41,-23,44
-41,-24,43
-41,-23,43
-41,-24,44
-41,-24,44
-41,-23,44
-41,-24,44
-41,-24,43
-41,-24,44
-41,-24,44
-40,-23,44
-41,-23,44
-41,-23,44
-41,-24,43
-41,-24,43
-40,-24,44
-40,-24,44
-41,-23,44
-41,-23,44
-42,-23,44
-41,-24,44
-41,-24,44
-41,-24,44
-41,-23,43
-41,-23,43
-41,-24,44
-41,-23,44
-41,-23,44
-42,-23,44
-41,-23,43
-41,-24,44
-41,-23,44
-41,-23,43
-41,-24,44
-41,-24,43
-41,-24,43
-41,-23,44
-42,-23,43
-41,-23,43
-42,-23,43
-42,-23,43
-42,-23,43
-42,-23,43
-41,-23,43
-42,-23,43
-42,-23,44
-42,-23,43
-43,-23,42
-43,-22,42
-43,-23,42
-43,-23,43
-42,-23,43
-42,-24,43
-41,-23,44
-41,-23,44
-40,-23,44
-40,-24,45
-40,-24,45
-41,-24,44
-41,-24,44
-41,-23,44
-41,-24,44
-41,-23,44
-42,-23,43
-42,-23,43
-41,-23,44
-41,-24,44
-41,-23,44
-41,-24,44
-41,-23,44
-41,-23,44
-41,-23,43
-42,-23,44
-41,-23,43
-41,-24,44
-41,-23,44
-41,-23,44
-41,-23,44
-41,-24,44
-41,-23,44
-41,-23,43
-41,-23,44
-41,-23,44
-41,-23,44
-42,-23,43
-42,-23,43
-42,-23,43
-42,-23,43
-42,-23,43
-42,-23,43
-42,-23,44
-41,-24,44
-41,-23,43
-41,-24,43
-42,-24,42
-39,-29,42
-45,-27,43
-45,-21,43
-42,-14,46
-40,-13,48
-38,-21,47
-40,-23,46
-42,-22,44
-44,-21,42
-48,-22,38
-47,-21,39
-46,-21,39
-45,-21,41
-43,-22,42
-43,-22,42
-43,-21,43
-43,-22,42
-45,-22,41
-45,-21,41
-45,-21,41
-45,-21,41
-45,-21,41
-45,-22,41
-45,-21,41
-44,-22,41
-44,-21,42
-43,-22,43
-43,-22,43
-44,-22,41
-45,-21,41
-44,-22,41
-44,-22,42
-43,-22,42
-44,-21,41
-44,-21,42
-44,-22,41
-44,-22,42
-44,-23,42
-44,-23,41
-44,-21,42
-43,-21,42
-44,-22,42
-44,-22,41
-44,-22,41
-44,-22,41
-45,-22,41
-44,-21,42
-44,-22,41
-45,-21,41
-45,-21,41
-45,-22,40
-45,-22,41
-45,-22,41
-45,-22,41
-45,-21,41
-45,-21,40
-45,-21,41
-45,-22,41
-45,-22,41
-45,-22,41
-45,-22,40
-45,-22,40
-45,-21,40
-44,-22,41
-44,-22,42
-45,-22,41
-45,-21,41
-45,-22,41
-44,-22,41
-44,-22,41
-45,-21,41
-46,-21,40
-45,-21,40
-45,-21,40
-45,-22,41
-45,-22,41
-45,-22,41
-44,-22,41
-44,-22,41
-45,-22,41
-45,-22,40
-45,-22,40
-45,-22,41
-45,-22,41
-45,-22,41
-45,-22,41
-45,-22,41
-45,-22,41
-45,-22,40
-45,-22,41
-45,-22,41
-45,-22,41
-45,-21,40
-45,-22,41
-45,-22,41
-45,-22,41
-45,-22,41
-45,-22,41
-45,-22,41
-45,-22,41
-45,-22,41
-45,-22,41
-46,-21,40
-45,-21,40
-45,-21,41
-44,-23,42
-44,-23,42
-45,-22,41
-46,-21,40
-46,-21,40
-46,-20,40
-46,-20,40
-45,-22,40
-45,-23,40
-44,-23,41
-43,-24,42
-44,-24,41
-44,-23,41
-42,-22,43
-43,-22,43
-42,-22,43
-42,-23,43
-42,-23,43
-42,-24,42
-42,-22,44
-43,-20,45
-43,-22,42
-43,-22,43
-44,-22,42
-45,-20,41
-46,-20,40
-48,-20,38
-48,-21,37
-47,-22,38
-47,-23,40
-45,-23,41
-44,-21,42
-45,-20,40
-46,-21,40
-46,-22,39
-45,-22,40
-45,-22,41
-43,-23,42
-44,-22,42
-44,-22,41
-45,-21,41
-45,-22,40
-44,-22,41
-44,-22,42
-44,-22,41
-45,-22,41
-45,-22,40
-44,-22,41
-45,-22,41
-45,-22,41
-45,-22,40
-45,-22,40
-45,-22,41
-45,-22,41
-45,-22,40
-46,-21,40
-45,-21,40
-45,-22,41
-45,-22,41
-46,-22,41
-46,-21,40
-45,-22,40
-45,-21,41
-45,-22,41
-45,-22,40
-46,-22,40
-45,-22,41
-45,-22,41
-45,-22,41
-45,-22,40
-45,-22,40
-45,-22,40
-45,-22,40
-45,-21,40
-46,-22,40
-45,-22,40
-45,-22,40
-45,-22,40
-46,-22,40
-45,-21,40
-45,-22,40
-45,-22,40
-45,-22,40
-45,-22,40
-46,-22,40
-45,-22,40
-45,-21,40
-44,-22,41
-45,-23,41
-44,-22,41
-45,-22,41
-44,-22,41
-44,-23,41
-44,-22,41
-44,-22,41
-44,-23,42
-44,-23,42
-44,-23,41
-44,-23,41
-43,-23,41
-45,-21,43
-41,-22,41
-42,-20,43
-43,-23,42
-42,-21,44
-42,-22,42
-42,-23,44
-42,-23,43
-43,-22,42
-43,-22,42
-42,-23,42
-41,-21,45
-41,-23,44
-41,-22,44
-42,-22,44
-42,-23,43
-42,-22,44
-42,-23,44
-42,-23,44
-42,-23,43
-41,-23,44
-41,-23,43
-41,-23,44
-40,-22,45
-41,-22,44
-42,-22,44
-42,-23,44
-41,-22,44
-41,-23,44
-41,-23,45
-41,-23,44
-41,-22,44
-42,-23,44
-41,-22,44
-41,-22,44
-42,-23,44
-41,-23,44
-41,-23,44
-41,-22,44
-41,-22,44
-41,-23,44
-41,-23,44
-41,-23,44
-40,-23,45
-40,-23,45
-41,-23,44
-41,-22,44
-40,-23,45
-40,-23,45
-41,-23,45
-41,-22,44
-41,-22,45
-42,-20,44
-42,-16,46
-42,-17,51
-41,-20,55
-61,-43,58
-68,-53,59
-66,-38,59
-68,-30,50
-70,-10,46
-51,3,49
-40,11,46
-38,25,38
-37,23,30
-21,28,25
-12,33,25
-3,38,23
5,41,22
7,42,21
4,41,19
13,41,20
18,44,20
26,48,16
61,49,7
73,55,2
68,62,30
62,45,36
13,4,2
-25,-4,-89
-128,23,-114
-98,39,-38
-18,54,33
-27,50,29
-37,45,31
-35,47,25
-50,38,18
-60,30,5
-56,25,4
-42,26,12
-30,29,20
-17,24,26
-16,21,33
-32,18,35
-35,13,35
-63,5,44
-79,3,46
-74,3,62
-43,2,65
-36,-4,68
-22,-15,66
-21,-14,67
-22,-26,61
-19,-26,58
-21,-24,52
-23,-26,51
-23,-28,54
-21,-27,56
-15,-27,55
-13,-26,54
-26,-25,52
-34,-28,50
-38,-28,49
-45,-33,44
-43,-33,44
-30,-32,47
-27,-32,49
-29,-32,49
-30,-32,48
-32,-30,48
-32,-30,47
-33,-29,45
-34,-30,45
-33,-30,46
-32,-31,46
-31,-32,47
-29,-32,48
-29,-32,48
-29,-32,48
-29,-31,48
-30,-32,47
-30,-31,48
-29,-31,48
-29,-31,48
-28,-30,48
-29,-31,48
-29,-31,47
-29,-31,48
-28,-31,47
-28,-32,49
-28,-32,48
-28,-31,48
-28,-32,48
-28,-31,48
-28,-31,48
-28,-32,48
-28,-32,48
-28,-32,48
-28,-32,48
-29,-32,48
-28,-31,48
-29,-32,48
-28,-32,48
-27,-32,48
-27,-33,49
-27,-33,48
-27,-32,48
-27,-32,48
-26,-32,49
-26,-31,49
-28,-31,48
-29,-32,47
-29,-32,47
-28,-33,48
-25,-33,49
-23,-34,51
-24,-33,50
-26,-32,49
-28,-32,48
-30,-31,47
-29,-31,47
-27,-32,48
-25,-33,49
-24,-33,50
-26,-33,49
-27,-32,48
-26,-33,48
-26,-33,49
-26,-32,49
-27,-31,49
-28,-32,48
-27,-32,48
-25,-33,49
-24,-33,50
-25,-33,49
-27,-32,48
-27,-32,48
-27,-32,48
-28,-31,48
-28,-32,48
-28,-32,48
-27,-32,48
-27,-32,48
-27,-32,48
-27,-32,48
-28,-32,48
-28,-32,48
-27,-32,48
-27,-32,48
-27,-33,48
-27,-32,48
-29,-32,48
-31,-35,49
-33,-36,49
-40,-33,53
-39,-35,56
-43,-33,51
-48,-31,49
-46,-30,49
-43,-24,56
-45,-7,54
-60,14,43
-68,22,38
-70,23,32
-67,20,25
-71,12,20
-66,1,21
-37,-6,27
-25,-5,31
-13,5,38
-12,11,35
-15,26,39
-9,45,49
-10,49,53
-15,45,46
-15,41,43
-11,43,46
-11,43,46
-17,43,44
-19,45,42
-23,43,45
-24,41,46
-25,38,45
-25,40,46
-24,38,49
-25,36,50
-23,33,53
-16,37,49
-21,34,45
-28,24,41
-31,25,38
-33,26,27
-42,25,24
-50,22,25
-56,22,17
-58,23,13
-62,22,9
-74,17,-2
-82,14,-10
-83,13,-11
-83,12,-16
-88,14,-18
-82,18,-19
-76,19,-16
-62,19,-10
-59,20,-7
-52,21,-1
-49,22,1
-51,23,4
-52,23,5
-54,26,3
-54,27,2
-56,27,1
-54,28,3
-53,27,3
-53,26,6
-52,26,6
-54,27,6
-56,27,6
-59,27,5
-60,27,5
-60,28,4
-59,28,3
-60,28,3
-59,28,3
-59,28,3
-59,28,3
-59,27,3
-58,28,4
-57,28,4
-57,28,4
-58,28,3
-58,28,3
-59,29,3
-60,28,3
-61,27,3
-61,27,3
-58,29,4
-57,29,4
-56,28,5
-57,28,6
-57,29,5
-56,29,5
-57,29,5
-58,28,5
-59,28,5
-59,28,4
-60,28,3
-59,28,5
-59,28,5
-58,28,5
-57,28,5
-57,28,5
-58,28,5
-57,27,6
-56,28,5
-57,28,4
-58,29,4
-58,29,5
-59,30,5
-59,30,5
-60,29,5
-59,30,5
-58,30,4
-58,29,4
-57,29,4
-57,29,5
-57,30,6
-57,30,5
-58,30,4
-58,30,4
-58,30,5
-57,30,5
-57,30,5
-58,30,3
-58,30,4
-59,29,4
-58,29,4
-57,31,4
-57,31,4
-57,31,4
-56,31,4
-57,31,4
-57,32,3
-57,32,3
-63,34,0
-61,35,2
-57,36,5
-55,36,8
-61,36,15
-62,35,18
-56,31,23
-50,32,30
-40,29,32
-31,30,37
-23,29,41
-17,30,44
-15,34,47
4,34,53
5,36,53
-4,38,47
-7,39,45
-10,39,47
-9,38,49
-7,40,51
-10,40,50
-10,39,50
-9,39,50
-5,38,54
-8,39,51
-12,39,48
-10,39,49
-8,39,51
-7,39,51
-9,39,49
-10,38,49
-8,38,51
-9,38,51
-11,38,49
-9,38,50
-9,38,51
-9,38,51
-9,38,49
-8,38,50
-9,38,50
-9,38,50
-9,39,50
-9,38,50
-10,39,50
-10,38,50
-10,38,50
-9,38,51
-10,38,51
-10,38,50
-10,37,49
-8,37,50
-8,37,50
-8,36,49
-8,36,49
-6,34,48
-5,31,49
0,22,43
2,20,41
8,16,32
9,15,29
-2,13,28
3,6,26
5,3,29
-32,14,43
-74,38,72
-78,-14,97
-64,-128,127
64,-8,38
35,-40,37
-57,-37,55
-62,-47,67
-15,-26,46
-3,-23,47
-20,-32,54
-32,-35,54
-31,-25,52
-62,-36,44
-38,-26,36
-34,-31,45
-26,-24,52
-26,-29,51
-26,-30,52
-28,-31,50
-31,-30,48
-30,-31,48
-27,-31,50
-24,-30,52
-26,-30,51
-28,-30,50
-29,-30,49
-28,-30,50
-26,-29,51
-27,-30,50
-28,-30,50
-28,-30,50
-27,-30,50
-26,-29,50
-26,-30,51
-26,-30,51
-26,-29,51
-25,-30,51
-25,-29,50
-25,-29,51
-25,-29,51
-26,-30,51
-25,-30,51
-26,-30,51
-26,-30,51
-25,-29,51
-25,-29,51
-25,-28,51
-26,-29,51
-26,-28,51
-25,-29,51
-25,-29,51
-25,-30,51
-26,-30,51
-26,-30,51
-25,-29,51
-25,-28,51
-26,-28,51
-25,-29,51
-25,-29,51
-25,-28,51
-26,-28,51
-26,-28,51
-26,-29,51
-26,-29,51
-26,-30,51
-25,-29,51
-25,-28,51
-26,-28,51
-26,-29,51
-26,-29,51
-26,-29,51
-26,-29,51
-26,-29,51
-26,-29,51
-25,-29,51
-26,-29,51
-26,-29,51
-26,-29,51
-26,-29,51
-26,-29,51
-25,-29,51
-26,-29,51
-26,-29,51
-26,-29,51
-26,-29,51
-26,-29,51
-25,-29,51
-26,-29,51
-26,-29,51
-26,-29,51
-25,-29,51
-25,-29,51
-25,-29,51
-26,-29,51
-28,-29,50
-27,-29,51
-26,-29,51
-26,-29,50
-26,-29,51
-26,-30,51
-26,-30,51
-25,-30,51
-25,-30,51
-26,-30,50
-26,-29,51
-27,-30,50
-27,-30,50
-26,-30,51
-26,-30,51
-26,-29,50
-26,-30,50
-27,-30,51
-27,-30,50
-27,-30,50
-26,-29,50
-25,-29,50
-26,-29,50
-27,-29,50
-28,-30,50
-28,-30,49
-26,-30,50
-26,-31,51
-25,-30,51
-25,-30,51
-25,-30,51
-26,-29,50
-25,-29,50
-27,-29,50
-27,-30,50
-27,-31,50
-27,-31,51
-25,-30,51
-25,-30,51
-26,-30,50
-26,-30,50
-26,-30,50
-26,-30,50
-26,-30,50
-26,-30,50
-27,-30,50
-27,-30,50
-27,-30,50
-27,-30,50
-26,-30,51
-25,-29,51
-26,-29,50
-26,-30,51
-27,-31,51
-26,-31,50
-25,-31,50
-25,-30,50
-25,-29,51
-26,-30,51
-26,-30,51
-26,-30,51
-26,-30,51
-26,-30,50
-27,-30,50
-27,-30,50
-27,-30,50
-26,-30,50
-25,-30,50
-27,-30,50
-27,-30,50
-26,-30,51
-26,-30,51
-25,-30,50
-25,-30,51
-26,-30,50
-26,-30,51
-25,-29,51
-26,-30,51
-26,-30,50
-25,-29,51
-26,-30,51
-26,-30,51
-26,-30,51
-26,-29,50
-27,-29,50
-28,-30,49
-27,-30,50
-25,-30,51
-25,-30,51
-26,-30,51
-26,-29,50
-27,-29,50
-27,-30,50
-27,-30,50
-25,-30,51
-25,-29,51
-26,-29,51
-26,-30,51
-26,-29,51
-26,-30,51
-27,-30,50
-28,-30,50
-28,-30,50
-26,-30,51
-26,-30,51
-26,-29,50
-26,-29,50
-27,-30,50
-27,-29,50
-27,-30,50
-27,-30,50
-27,-30,50
-27,-30,50
-27,-30,51
-27,-30,50
-27,-30,50
-27,-30,50
-27,-29,50
-27,-29,50
-28,-29,50
-28,-30,50
-27,-30,51
-26,-29,50
-26,-29,50
-27,-30,50
-27,-30,50
-26,-29,50
-26,-29,51
-26,-29,51
-27,-29,50
-27,-29,50
-27,-29,50
-27,-29,50
-27,-29,50
-26,-29,50
-27,-29,50
-27,-30,51
-27,-31,51
-27,-30,50
-27,-29,50
-27,-29,50
-28,-30,50
-26,-30,51
-26,-30,50
-27,-30,51
-27,-30,50
-27,-29,50
-27,-29,50
-27,-30,50
-27,-30,50
-27,-29,50
-27,-30,50
-27,-29,50
-27,-29,50
-27,-30,50
-27,-29,50
-27,-30,50
-26,-30,50
-27,-29,51
-27,-29,50
-27,-30,50
-26,-29,50
-27,-30,51
-27,-30,50
-27,-29,50
-27,-30,50
-27,-30,50
-27,-29,51
-27,-29,50
-27,-29,50
-27,-29,50
-27,-29,50
-27,-30,50
-27,-29,51
-27,-30,50
-27,-30,50
-27,-29,50
-27,-29,50
-27,-29,50
-27,-29,50
-27,-29,50
-27,-29,50
-27,-30,51
-27,-30,50
-27,-29,50
-27,-30,50
-26,-30,51
-26,-29,50
-26,-29,50
-28,-29,50
-28,-30,50
-27,-30,50
-25,-30,51
-25,-30,51
-26,-29,50
-27,-29,50
-27,-29,50
-27,-29,50
-26,-30,51
-25,-29,51
-27,-30,51
-27,-30,51
-26,-29,51
-25,-29,51
-25,-29,51
-26,-30,51
-26,-29,51
-26,-29,51
-26,-29,51
-26,-29,51
-26,-30,50
-27,-30,50
-27,-29,51
-26,-29,50
-27,-29,50
-26,-29,51
-27,-29,51
-28,-30,50
-27,-30,50
-25,-29,51
-25,-29,51
-26,-29,51
-26,-29,51
-26,-29,51
-27,-30,50
-27,-29,50
-26,-30,51
-25,-29,51
-26,-29,51
-26,-29,51
-26,-29,50
-26,-30,50
-26,-30,50
-25,-29,51
-26,-29,51
-26,-30,51
-25,-29,51
-26,-30,51
-26,-29,51
-27,-30,50
-27,-28,50
-28,-29,50
-26,-28,51
-26,-28,51
-27,-30,51
-27,-31,51
-27,-31,50
-27,-31,50
-26,-29,50
-25,-29,50
-27,-28,50
-27,-28,50
-27,-29,51
-26,-30,51
-26,-30,51
-25,-30,51
-26,-30,51
-26,-30,50
-25,-29,51
-26,-29,51
-27,-29,51
-27,-30,50
-27,-30,50
-26,-30,51
-25,-29,51
-26,-29,50
-26,-28,51
-26,-28,51
-28,-29,50
-27,-29,51
-25,-30,51
-24,-31,51
-26,-31,50
-26,-31,49
-25,-30,51
-25,-30,52
-28,-29,50
-30,-29,48
-30,-29,48
-27,-28,50
-27,-30,50
-26,-31,50
-27,-31,50
-26,-31,50
-25,-31,51
-25,-30,52
-25,-30,52
-26,-29,50
-28,-29,50
-28,-29,49
-26,-30,50
-24,-30,51
-25,-30,51
-27,-30,50
-28,-29,49
-28,-29,49
-27,-30,50
-27,-30,50
-27,-30,50
-27,-30,50
-27,-30,50
-27,-30,50
-26,-30,51
-26,-29,50
-26,-29,50
-27,-29,50
-27,-30,50
-25,-30,51
-25,-30,51
-26,-29,50
-26,-29,51
-27,-30,50
-27,-30,50
-26,-30,51
-26,-30,51
-27,-30,51
-27,-30,50
-27,-29,49
-26,-28,50
-26,-28,51
-29,-30,50
-29,-31,50
-27,-32,50
-26,-31,50
-25,-30,50
-26,-30,50
-27,-29,50
-27,-29,51
-27,-29,51
-25,-31,50
-23,-31,51
-23,-31,53
-25,-31,52
-28,-30,50
-29,-29,49
-30,-29,47
-30,-29,48
-25,-31,50
-23,-31,52
-24,-30,53
-27,-29,50
-29,-28,48
-30,-29,48
-28,-30,49
-24,-31,52
-24,-31,52
-26,-30,50
-27,-30,50
-28,-28,49
-27,-29,50
-26,-30,51
-27,-30,51
-27,-30,50
-26,-30,51
-25,-30,51
-25,-30,50
-26,-29,50
-27,-29,50
-27,-30,50
-27,-30,50
-26,-30,50
-26,-30,51
-26,-30,50
-27,-30,50
-26,-29,50
-26,-29,51
-27,-30,50
-27,-30,50
-27,-30,50
-28,-30,50
-29,-32,51
-27,-31,51
-25,-27,50
-24,-26,50
-25,-28,51
-27,-30,50
-27,-30,51
-26,-29,49
-26,-29,49
-23,-29,51
-24,-29,52
-28,-31,52
-29,-31,50
-28,-30,49
-27,-30,49
-24,-31,51
-23,-32,52
-23,-32,51
-24,-30,51
-26,-27,50
-29,-28,50
-27,-30,52
-22,-27,53
-25,-27,51
-33,-26,47
-34,-28,46
-33,-30,46
-31,-30,46
-29,-34,49
-23,-38,54
-21,-41,55
-25,-35,53
-33,-26,50
-36,-20,46
-38,-20,43
-38,-22,45
-38,-26,51
-30,-31,61
-30,-30,59
-34,-27,53
-35,-21,52
-39,-13,47
-41,-9,46
-44,-4,47
-46,-4,47
-48,-5,46
-47,0,46
-49,1,45
-56,4,38
-56,9,37
-51,22,35
-54,29,29
-67,31,17
-66,29,14
-57,35,13
-56,37,13
-58,37,11
-50,30,13
-45,24,14
-31,15,23
-25,13,28
-9,22,37
-9,27,40
-21,60,52
-38,64,58
-47,35,36
-42,45,37
-33,45,36
-32,45,35
-35,39,33
-32,36,35
-28,36,39
-21,41,47
-17,40,49
-18,40,50
-21,41,49
-26,42,46
-26,41,46
-19,40,45
-17,41,46
-17,42,45
-18,41,46
-18,39,46
-14,36,48
-14,35,49
-13,32,48
-13,30,47
-12,31,48
-10,32,48
-3,30,48
0,29,49
11,31,55
15,35,57
14,31,54
8,23,43
0,16,32
-13,12,28
-12,4,40
-11,-15,55
-13,-17,67
-8,-7,78
-9,2,86
-8,22,119
-3,7,102
4,-2,75
-2,1,67
-21,5,45
-18,2,57
-4,2,66
1,1,67
-3,2,65
-22,-5,58
-20,-7,60
-13,-8,66
-16,-6,63
-13,-3,61
-13,-1,61
-21,1,59
-28,-2,58
-21,-10,64
-24,-3,57
-21,-1,57
-21,0,59
-21,0,61
-22,-3,60
-25,-3,59
-26,-5,58
-26,-5,59
-23,-4,59
-22,-4,59
-22,-4,60
-23,-4,59
-23,-3,60
-23,-3,60
-23,-3,59
-21,-4,60
-22,-5,60
-22,-6,62
-22,-5,63
-15,-10,84
-8,-13,89
-7,-12,83
-13,-8,75
-25,-4,56
-35,-5,44
-41,-2,40
-43,2,26
-45,4,13
-49,14,-14
-56,19,-24
-56,21,-36
-56,22,-38
-52,23,-38
-49,25,-37
-48,24,-33
-52,23,-34
-58,22,-39
-64,20,-40
-63,20,-36
-56,21,-27
-51,22,-24
-46,25,-20
-48,27,-18
-50,28,-17
-50,27,-18
-53,26,-21
-52,25,-22
-53,26,-24
-53,25,-25
-53,25,-29
-54,25,-31
-54,24,-32
-54,24,-31
-53,24,-31
-52,24,-30
-52,23,-30
-51,24,-30
-51,24,-30
-50,24,-30
-48,23,-30
-48,24,-36
-47,28,-36
-51,29,-33
-39,31,-45
-53,35,-62
-42,28,-41
-28,28,-23
-44,33,-29
-46,33,-30
-45,34,-28
-44,35,-29
-41,34,-31
-42,34,-32
-46,36,-42
-37,35,-47
-26,33,-42
-32,32,-35
-38,32,-33
-46,27,-26
-49,23,-25
-58,21,-24
-59,20,-25
-61,18,-25
-61,18,-26
-58,20,-32
-56,21,-33
-55,24,-32
-53,24,-31
-52,24,-31
-51,23,-30
-51,23,-31
-50,24,-31
-50,23,-30
-53,23,-30
-54,22,-30
-53,22,-29
-53,23,-29
-52,23,-30
-52,24,-30
-52,23,-30
-52,23,-30
-52,23,-30
-52,23,-30
-52,23,-31
-52,23,-30
-53,23,-30
-52,23,-30
-52,23,-30
-52,23,-30
-51,23,-30
-51,23,-31
-51,23,-31
-52,23,-31
-53,23,-31
-53,23,-30
-53,23,-30
-53,22,-30
-53,23,-30
-53,23,-30
-53,23,-30
-53,23,-30
-54,22,-30
-53,23,-29
-54,23,-31
-54,24,-32
-52,25,-30
-46,27,-27
-46,28,-27
-44,28,-32
-43,28,-34
-48,29,-39
-48,28,-39
-48,27,-37
-51,26,-37
-51,25,-35
-52,25,-34
-51,25,-31
-51,25,-32
-51,25,-31
-48,25,-32
-47,26,-32
-47,27,-34
-47,26,-35
-48,26,-35
-48,26,-35
-51,26,-34
-51,25,-34
-52,25,-32
-52,25,-32
-49,25,-31
-47,25,-31
-48,26,-32
-48,26,-33
-48,26,-34
-49,26,-34
-49,26,-35
-50,25,-34
-49,25,-33
-51,25,-32
-50,25,-32
-50,25,-32
-49,25,-32
-48,25,-32
-49,25,-33
-49,25,-33
-49,25,-34
-49,25,-34
-50,25,-33
-50,25,-33
-49,25,-32
-50,25,-33
-50,25,-32
-50,25,-33
-50,25,-33
-49,25,-33
-49,25,-33
-50,25,-34
-49,25,-33
-49,25,-33
-49,25,-33
-49,25,-33
-49,25,-33
-49,25,-33
-49,25,-33
-49,25,-33
-49,25,-34
-49,25,-34
-49,25,-33
-49,25,-33
-49,25,-33
-49,25,-33
-49,25,-33
-49,25,-34
-49,25,-33
-50,25,-33
-49,25,-34
-50,25,-34
-49,25,-34
-48,25,-33
-48,25,-33
-49,25,-34
-49,26,-33
-50,25,-34
-50,25,-33
-49,25,-32
-49,25,-32
-48,25,-32
-48,25,-33
-48,25,-34
-48,25,-35
-48,25,-35
-48,26,-34
-50,26,-33
-50,25,-32
-51,25,-32
-50,25,-33
-49,25,-33
-49,25,-33
-49,25,-34
-48,25,-33
-49,25,-33
-49,25,-34
-49,25,-34
-49,25,-34
-50,25,-33
-50,25,-33
-50,25,-33
-50,25,-32
-49,25,-32
-49,25,-32
-48,24,-33
-49,24,-34
-52,25,-40
-59,24,-48
-74,25,-43
-76,26,-39
-46,22,-17
-28,26,16
-32,28,24
-18,29,42
-15,27,46
-15,27,63
-17,25,64
-18,22,63
-17,22,60
-21,24,57
-23,25,55
-27,26,52
-29,25,51
-32,25,48
-31,25,49
-30,25,50
-30,25,51
-29,25,52
-28,24,52
-27,24,53
-27,24,53
-28,24,53
-28,24,51
-29,24,50
-30,25,52
-29,25,52
-28,24,51
-29,24,52
-29,24,52
-29,23,52
-29,24,52
-28,24,52
-28,24,52
-28,23,53
-27,23,53
-27,24,53
-27,23,53
-27,23,52
-28,23,52
-29,23,52
-29,22,53
-29,23,53
-29,22,54
-28,22,54
-27,22,54
-27,22,53
-27,22,53
-27,23,53
-27,23,53
-28,22,53
-28,22,53
-28,22,54
-28,22,53
-28,22,53
-28,22,53
-28,23,53
-28,22,54
-28,22,53
-28,22,53
-28,22,53
-28,22,53
-28,22,53
-28,22,53
-28,22,53
-28,22,53
-28,22,52
-28,22,53
-28,22,53
-28,22,53
-28,22,53
-28,22,52
-28,22,53
-28,22,53
-28,22,53
-28,22,53
-28,22,53
-28,22,53
-28,22,53
-28,22,53
-28,22,53
-28,22,53
-28,22,53
-28,22,53
-28,22,53
-28,22,53
-28,22,53
-28,22,53
-28,22,53
-28,22,53
-28,22,54
-28,22,54
-28,22,54
-28,22,54
-28,22,54
-30,22,55
-31,22,56
-31,23,59
-30,23,59
-27,23,58
-26,24,55
-25,26,49
-26,28,46
-27,30,45
-29,30,44
-31,31,44
-35,32,43
-38,32,44
-42,31,46
-42,31,47
-41,31,51
-39,31,52
-36,33,50
-36,33,50
-34,32,47
-29,35,39
-33,36,27
-31,41,14
-29,45,8
-29,49,-4
-29,51,-9
-30,53,-15
-29,53,-17
-27,53,-24
-27,53,-25
-28,53,-28
-27,52,-29
-28,52,-31
-28,52,-31
-29,52,-29
-31,51,-27
-32,50,-24
-35,50,-24
-36,50,-24
-37,50,-28
-38,49,-31
-37,49,-40
-35,48,-39
-33,50,-35
-24,51,-31
-22,53,-26
-12,56,-23
-8,57,-24
0,59,-18
2,60,-15
3,60,-12
2,60,-8
-6,62,-5
-9,62,-5
-12,63,-5
-11,63,-5
-13,63,-7
-13,63,-7
-13,63,-8
-13,64,-12
-14,64,-9
-13,63,-7
-14,61,-9
-16,62,-3
-18,61,-4
-15,61,6
-17,62,8
-15,62,12
-12,62,14
-9,62,15
-8,62,12
-8,63,12
-8,63,10
-7,63,9
-6,63,8
-6,63,7
-6,63,6
-6,63,6
-6,63,8
-7,63,8
-8,63,8
-8,63,8
-8,63,7
-7,63,9
-8,63,8
-9,63,6
-9,63,4
-8,64,4
-8,63,3
-9,64,0
-9,63,-2
-12,64,-6
-12,64,-8
-12,64,-10
-10,63,-8
-8,64,-6
-6,64,-3
-6,64,-2
-7,63,1
-6,63,2
-3,64,8
-1,63,10
0,63,11
0,63,11
-3,64,12
-4,63,11
-6,64,11
-6,64,10
-6,63,9
-6,62,6
-6,63,9
-5,63,8
-5,63,8
-4,64,10
-3,63,11
-4,63,11
-4,63,11
-5,63,12
-5,63,11
-5,63,10
-5,63,10
-5,63,10
-6,63,9
-6,63,9
-6,63,9
-6,63,9
-6,63,9
-6,63,9
-5,63,8
-5,63,6
-4,63,0
-3,63,-5
-3,62,-6
-6,59,-4
-6,57,-1
-7,51,3
-7,47,3
-4,34,3
-11,26,7
-32,13,23
-37,5,28
-34,-7,52
-40,-10,59
-23,-8,127
-18,-54,34
-32,-30,46
-28,0,41
-30,-4,40
-45,-2,38
-32,2,56
-57,-10,45
-47,0,49
-31,6,44
-36,8,45
-44,3,48
-48,-2,48
-46,-2,47
-42,-1,46
-43,-1,47
-50,-2,46
-52,-2,47
-51,0,47
-49,1,50
-45,5,56
-44,4,51
-41,5,46
-38,8,46
-35,9,40
-33,8,39
-34,6,49
-23,6,56
-18,3,59
-25,1,60
-27,1,63
-24,0,61
-21,-1,59
-16,0,59
-14,-1,58
-13,-4,59
-13,-6,62
-15,-6,61
-15,-5,61
-18,-10,55
-11,-10,62
-11,-4,64
-13,-5,56
-11,-2,59
-5,0,68
-1,1,63
-3,1,59
-3,2,66
-3,0,64
-4,-1,63
-3,-3,64
-5,-5,64
-9,-5,63
-11,-4,63
-12,-4,62
-12,-3,63
-12,-3,62
-15,0,62
-15,2,61
-17,-1,60
-18,-1,62
-22,-5,60
-22,-4,59
-27,-1,58
-21,-2,61
-20,-2,59
-20,-4,61
-21,-2,59
-20,-3,60
-20,-2,61
-13,-3,65
-12,-2,64
-16,-3,62
-20,-4,59
-29,-3,57
-28,-5,58
-27,-4,58
-30,-1,58
-32,-1,54
-35,2,54
-33,1,56
-29,1,56
-31,1,56
-26,0,60
-23,-1,60
-22,-4,59
-21,-3,60
-13,0,63
-10,1,65
-14,0,64
-16,-3,57
-13,-1,62
-14,-2,64
-16,-3,62
-20,-3,60
-21,-4,61
-21,-3,60
-19,-2,60
-18,-3,62
-17,-4,62
-19,-3,60
-18,-4,61
-18,-3,61
-16,-3,61
-15,-3,62
-14,-3,62
-15,-4,62
-16,-4,61
-16,-4,61
-16,-5,62
-16,-4,61
-16,-4,62
-16,-4,62
-17,-4,61
-17,-4,61
-17,-5,61
-19,-4,61
-19,-4,61
-21,-4,60
-21,-4,60
-22,-5,60
-23,-5,59
-22,-5,62
-22,-5,60
-15,0,60
-13,2,61
-11,1,62
-8,-1,62
-9,-2,65
-12,-3,62
-14,-3,61
-16,-2,62
-16,-2,62
-15,-2,62
-15,-1,61
-13,-1,63
-13,-1,62
-13,-1,62
-14,-2,62
-15,-2,62
-15,-2,62
-16,-2,61
-16,-2,62
-16,-3,62
-15,-2,62
-15,-1,61
-15,-2,62
-15,-2,62
-15,-2,62
-15,-1,62
-14,-2,62
-15,-2,62
-15,-2,62
-15,-2,62
-15,-2,62
-16,-2,62
-15,-2,62
-15,-2,61
-15,-2,62
-16,-2,62
-15,-2,62
-15,-2,62
-14,-2,62
-14,-2,62
-14,-1,62
-14,-1,62
-14,-1,62
-14,-1,62
-15,-1,62
-14,-2,62
-14,-2,63
-14,-1,62
-14,-1,62
-14,-1,62
-14,-2,62
-14,-2,62
-14,-2,62
-15,-2,62
-15,-2,62
-15,-2,62
-15,-2,62
-15,-2,62
-15,-1,62
-15,-2,62
-14,-2,62
-15,-2,62
-16,-1,62
-16,-1,61
-16,-2,62
-16,-2,62
-14,-1,62
-15,-1,62
-15,-2,62
-15,-1,62
-15,-1,62
-15,-1,62
-15,-2,62
-16,-2,62
-16,-2,62
-16,-2,61
-14,-1,62
-13,-1,62
-14,-1,62
-16,-2,61
-16,-2,61
-16,-1,62
-15,-1,62
-16,-2,62
-16,-2,61
-16,-1,61
-15,-1,62
-15,-2,62
-15,-1,62
-16,-2,62
-17,-2,61
-16,-2,61
-16,-1,61
-16,-2,62
-15,-2,62
-16,-2,62
-15,-2,62
-16,-1,62
-15,-1,62
-16,-2,62
-16,-2,62
-15,-2,62
-16,-2,61
-15,-2,62
-16,-2,62
-16,-2,62
-16,-2,62
-16,-2,62
-16,-2,62
-16,-2,61
-16,-2,61
-16,-2,62
-16,-2,62
-15,-2,62
-16,-2,62
-16,-1,62
-16,-2,62
-16,-2,62
-16,-2,61
-15,-1,62
-16,-2,62
-15,-1,62
-15,-2,62
-15,-2,62
-14,-1,62
-15,-1,62
-15,-2,62
-15,-2,61
-14,-1,62
-13,-1,62
-14,-1,62
-15,-1,61
-14,-1,62
-15,-1,62
-14,-1,62
-14,-1,62
-13,-2,62
-13,-2,62
-14,-2,62
-12,-2,62
-13,-2,63
-11,-2,63
-23,-1,63
-22,1,57
-21,0,58
-17,1,60
-16,0,62
-17,0,62
-18,-1,61
-18,-1,61
-18,-1,61
-26,-2,61
-29,-1,59
-28,2,59
-28,4,59
-23,8,57
-26,7,55
-26,7,58
-21,7,63
-15,6,62
-11,4,60
-20,3,61
-21,4,64
-16,3,64
-14,7,57
-16,6,57
-15,9,62
-17,7,61
-13,4,62
-9,5,64
-14,5,62
-16,5,59
-13,6,61
-15,6,60
-20,6,60
-22,6,60
-22,7,61
-20,8,61
-21,9,61
-22,10,63
-22,11,63
-23,13,62
-24,15,62
-28,13,61
-29,11,61
-31,10,59
-32,8,57
-29,0,50
-27,-1,45
-29,-3,38
-38,-7,28
-42,-10,23
-47,-11,18
-51,-11,15
-66,-12,16
-84,-14,22
-77,-17,13
-74,-6,6
-79,9,-8
-68,11,-7
-64,8,-7
-67,1,-9
-64,-2,-6
-66,-2,-5
-67,-2,-7
-65,0,-8
-65,2,-10
-66,2,-9
-64,2,-9
-64,1,-12
-65,2,-11
-63,2,-11
-64,2,-12
-66,1,-12
-64,2,-10
-64,2,-10
-64,1,-9
-64,1,-8
-65,-1,-11
-63,-1,-12
-65,0,-11
-64,0,-10
-64,2,-9
-63,1,-10
-63,1,-10
-63,1,-10
-65,2,-11
-63,2,-14
-65,3,-14
-64,3,-15
-63,3,-15
-64,2,-17
-64,2,-16
-64,2,-14
-63,2,-12
-64,1,-10
-63,1,-9
-62,1,-12
-63,2,-13
-65,2,-14
-60,2,-17
-63,2,-16
-64,1,-15
-64,1,-14
-62,0,-14
-62,0,-15
-64,1,-15
-64,2,-15
-63,1,-16
-63,1,-15
-63,1,-14
-63,1,-14
-64,2,-14
-63,1,-14
-63,2,-15
-63,2,-16
-63,2,-16
-63,2,-15
-63,1,-15
-63,2,-15
-63,2,-15
-64,2,-15
-63,1,-15
-63,1,-14
-63,1,-14
-64,1,-14
-63,1,-14
-63,1,-14
-63,1,-14
-63,1,-14
-63,1,-14
-64,1,-14
-63,1,-14
-64,1,-15
-63,1,-14
-63,1,-14
-64,1,-14
-63,1,-15
-64,1,-15
-63,1,-15
-64,1,-15
-63,1,-15
-63,1,-14
-63,1,-15
-63,1,-14
-63,1,-14
-63,1,-15
-63,1,-14
-63,1,-14
-64,1,-15
-63,1,-14
-63,1,-14
-63,1,-14
-63,1,-14
-63,1,-14
-63,1,-15
-63,1,-14
-63,1,-14
-63,1,-15
-63,1,-15
-63,1,-14
-63,1,-14
-63,1,-14
-63,1,-15
-63,1,-14
-63,1,-15
-63,1,-15
-63,1,-14
-63,1,-14
-63,1,-14
-64,1,-14
-63,1,-15
-64,1,-14
-63,1,-15
-63,1,-14
-63,1,-15
-63,2,-14
-63,1,-14
-63,1,-15
-63,1,-15
-63,1,-15
-63,1,-15
-63,1,-14
-63,1,-14
-64,1,-15
-63,1,-14
-63,1,-14
-63,1,-15
-63,1,-15
-64,1,-15
-63,1,-15
-63,1,-15
-63,1,-15
-63,1,-15
-63,2,-14
-64,2,-14
-64,2,-15
-63,1,-16
-64,1,-16
-64,1,-16
-64,0,-16
-63,0,-16
-63,1,-14
-63,2,-15
-64,4,-13
-63,4,-11
-63,0,-9
-65,0,-9
-64,0,-11
-64,1,-13
-65,1,-14
-65,0,-12
-64,0,-10
-63,0,-9
-63,0,-9
-64,1,-9
-64,1,-9
-64,0,-9
-64,0,-8
-64,0,-8
-64,0,-7
-64,0,-7
-64,0,-7
-64,1,-8
-64,0,-10
-65,0,-12
-64,0,-11
-64,-1,-11
-63,0,-11
-64,0,-12
-64,1,-12
-65,1,-12
-63,0,-11
-64,0,-11
-64,1,-10
-64,0,-11
-64,0,-11
-64,0,-11
-64,1,-11
-64,1,-12
-64,1,-12
-63,1,-12
-63,1,-12
-64,1,-13
-64,1,-13
-64,1,-14
-64,1,-14
-63,1,-15
-64,1,-15
-63,1,-15
-64,2,-15
-63,1,-14
-63,1,-15
-63,1,-15
-64,1,-15
-63,1,-15
-63,1,-15
-63,1,-15
-63,1,-15
-64,1,-15
-63,1,-15
-63,1,-15
-63,1,-15
-63,1,-14
-63,1,-15
-63,1,-15
-64,1,-15
-64,1,-15
-63,1,-15
-63,1,-15
-63,1,-15
-63,1,-15
-63,1,-15
-63,1,-15
-63,1,-15
-64,1,-15
-63,1,-15
-64,1,-15
-63,1,-15
-63,1,-15
-63,1,-15
-64,1,-15
-63,1,-15
-63,1,-14
-63,1,-14
-63,1,-14
-63,1,-15
-63,1,-14
-64,1,-14
-63,1,-14
-64,1,-14
-63,1,-14
-64,1,-14
-63,1,-14
-63,1,-14
-63,1,-14
-64,1,-14
-64,1,-14
-63,1,-14
-63,1,-14
-64,1,-14
-63,1,-14
-64,1,-14
-63,1,-14
-63,1,-14
-63,1,-14
-63,1,-14
-63,1,-14
-64,1,-14
-63,1,-14
-63,2,-14
-63,1,-14
-63,1,-14
-63,1,-14
-63,1,-14
-63,1,-14
-63,1,-14
-63,1,-14
-64,1,-15
-63,1,-14
-63,1,-14
-64,1,-14
-64,1,-14
-64,1,-14
-63,1,-14
-64,1,-14
-63,1,-14
-63,1,-15
-63,1,-14
-63,1,-14
-63,1,-14
-63,1,-15
-63,1,-14
-63,1,-14
-63,1,-14
-63,2,-14
-63,1,-15
-64,1,-16
-63,1,-16
-63,2,-15
-63,2,-14
-63,1,-15
-63,1,-15
-63,1,-15
-63,1,-15
-63,1,-15
-63,2,-15
-63,1,-15
-63,1,-14
-63,1,-14
-63,1,-14
-64,1,-15
-63,1,-14
-63,1,-14
-64,1,-14
-64,1,-14
-63,0,-14
-63,0,-13
-63,1,-13
-63,1,-12
-63,1,-13
-64,1,-15
-63,1,-15
-63,0,-14
-63,1,-14
-64,1,-15
-63,1,-15
-63,1,-15
-63,1,-15
-64,1,-15
-64,1,-15
-63,1,-13
-63,1,-13
-63,2,-14
-63,1,-14
-64,1,-14
-63,1,-13
-63,0,-14
-64,1,-14
-64,1,-14
-63,0,-13
-64,1,-14
-64,1,-13
-63,1,-13
-64,1,-13
-64,1,-14
-64,1,-14
-64,1,-14
-64,1,-14
-63,1,-13
-63,1,-13
-64,1,-14
-64,1,-14
-64,1,-13
-63,1,-13
-64,1,-14
-64,1,-14
-63,1,-13
-63,1,-13
-64,1,-13
-64,1,-13
-63,1,-13
-64,1,-13
-64,1,-13
-64,1,-13
-64,1,-13
-64,1,-13
-64,1,-13
-64,1,-13
-64,0,-13
-63,1,-13
-63,1,-12
-64,1,-13
-64,1,-14
-64,1,-14
-64,0,-13
-63,0,-13
-64,1,-13
-64,1,-13
-64,1,-12
-63,1,-13
-64,1,-13
-64,1,-13
-63,0,-13
-64,1,-12
-63,1,-12
-64,1,-13
-63,1,-13
-64,1,-13
-63,1,-13
-63,1,-13
-64,1,-13
-63,1,-13
-64,1,-13
-64,1,-13
-64,1,-13
-63,1,-13
-63,1,-13
-64,1,-14
-63,1,-14
-64,1,-14
-63,1,-14
-64,1,-14
-63,1,-14
-64,1,-14
-63,1,-14
-64,1,-14
-64,1,-14
-63,1,-14
-63,1,-14
-63,1,-14
-64,1,-14
-64,1,-14
-63,1,-14
-64,1,-14
-63,1,-14
-63,1,-14
-63,1,-14
-63,1,-14
-63,1,-14
-63,1,-14
-64,1,-14
-63,1,-13
-64,1,-14
-63,1,-14
-64,1,-14
-64,1,-14
-64,1,-14
-64,1,-14
-63,1,-14
-64,1,-14
-63,1,-14
-64,1,-14
-64,1,-14
-64,1,-14
-64,1,-14
-63,1,-13
-64,1,-13
-63,1,-13
-64,1,-13
-64,1,-13
-64,1,-13
-63,1,-13
-64,1,-13
-64,1,-13
-63,1,-13
-63,1,-13
-64,1,-14
-64,1,-13
-64,1,-13
-64,0,-13
-63,1,-13
-64,1,-13
-64,1,-13
-64,1,-13
-64,1,-13
-64,1,-13
-63,1,-14
-64,1,-13
-64,1,-13
-64,1,-13
-64,1,-13
-64,1,-13
-64,1,-13
-63,1,-13
-64,1,-13
-64,1,-13
-63,1,-13
-64,1,-13
-64,1,-13
-64,1,-13
-64,1,-13
-64,1,-13
-64,1,-13
-64,1,-12
-64,1,-13
-63,1,-13
-64,1,-13
-64,1,-13
-64,1,-13
-64,1,-12
-64,1,-13
-63,0,-13
-61,-4,-18
-69,-4,-26
-102,-1,-19
-60,10,-8
-38,16,11
-39,17,15
-37,16,24
-42,18,40
-50,12,36
-68,5,26
-68,4,24
-65,5,20
-63,6,21
-57,6,26
-58,8,25
-59,8,22
-61,7,21
-63,6,21
-65,6,20
-64,6,21
-57,9,31
-51,7,31
-54,6,25
-51,1,31
-47,-2,25
-68,-7,20
-76,-5,14
-53,-2,22
-69,-8,14
-65,-4,15
-62,-2,16
-63,1,16
-64,0,14
-64,-2,13
-63,-2,15
-64,-4,15
-63,-4,15
-62,-3,16
-63,-2,16
-63,-2,15
-63,-2,14
-64,-2,14
-63,-3,15
-63,-3,15
-63,-3,15
-63,-2,14
-63,-2,15
-63,-3,15
-64,-2,14
-63,-3,15
-63,-2,15
-63,-2,14
-64,-2,13
-64,-2,12
-64,-2,12
-63,-2,12
-64,-2,12
-64,-2,12
-63,-2,12
-64,-2,12
-64,-2,11
-64,-2,10
-64,-2,11
-64,-2,10
-64,-2,10
-64,-2,10
-64,-2,10
-64,-2,11
-64,-1,10
-65,-1,9
-65,-1,9
-64,-1,9
-64,-2,10
-64,-2,10
-64,-1,10
-64,-2,10
-65,-1,10
-64,-2,9
-64,-1,9
-65,-1,10
-65,-1,9
-64,-1,9
-64,-2,10
-64,-2,10
-64,-2,10
-64,-1,9
-64,-1,9
-64,-1,10
-64,-2,9
-64,-1,9
-64,-2,9
-65,-2,9
-64,-1,10
-64,-1,10
-65,-2,9
-64,-1,10
-64,-2,10
-64,-1,10
-64,-1,10
-64,-1,9
-65,-1,9
-64,-1,9
-64,-1,9
-64,-1,8
-65,-1,9
-65,-1,8
-64,-1,8
-64,-1,8
-65,-1,8
-65,-1,7
-65,-1,7
-65,-1,8
-64,-1,9
-64,-1,9
-65,-1,8
-65,-1,8
-65,-1,8
-65,-1,8
-65,-1,8
-64,-1,8
-65,-1,8
-64,-1,8
-64,-1,9
-64,-1,8
-65,-1,8
-65,-1,8
-64,-1,9
-65,-1,9
-64,-1,9
-64,-1,9
-64,-1,9
-64,-1,9
-65,-1,9
-65,-1,8
-65,-1,9
-65,-1,8
-64,-1,9
-64,-1,9
-64,-1,9
-64,-2,9
-64,-1,9
-64,-1,9
-65,-1,9
-64,-1,9
-64,-1,9
-64,-1,9
-65,-1,9
-65,-1,9
-64,-1,9
-64,-1,9
-64,-1,9
-64,-1,9
-64,-1,9
-64,-1,9
-64,-1,9
-64,-1,9
-65,-1,9
-64,-1,9
-65,-1,9
-64,-1,9
-64,-1,9
-64,-1,9
-64,-1,9
-65,-1,9
-64,-1,9
-65,-1,9
-64,-1,9
-64,-1,9
-65,-1,9
-64,-1,9
-65,-1,9
-64,-1,8
-65,-1,8
-64,-1,9
-64,-1,9
-64,-1,9
-64,-1,8
-64,-1,8
-64,-1,9
-64,-1,9
-64,-1,9
-64,-1,9
-64,-1,9
-64,-1,9
-65,-1,9
-64,-1,9
-65,-1,9
-64,-1,9
-65,-1,9
-65,-1,9
-64,-1,9
-64,-1,9
-65,-1,9
-64,-1,8
-65,-1,9
-64,-1,9
-64,-1,9
-64,-1,9
-66,-2,8
-64,-2,8
-64,-1,9
-64,-1,9
-64,-1,9
-65,-1,8
-65,-1,8
-65,-1,8
-65,-1,8
-65,-1,8
-65,-1,8
-64,-1,9
-64,-1,9
-64,-1,8
-65,-1,8
-64,-1,8
-65,-2,9
-64,-2,9
-64,-2,9
-65,-1,9
-65,-1,8
-65,-1,8
-64,-1,7
-65,-1,7
-65,0,8
-64,-1,7
-65,-1,8
-65,-1,8
-64,-1,9
-64,-2,9
-65,-1,8
-65,-1,7
-65,-1,7
-65,-1,8
-64,-1,8
-65,-1,8
-64,-1,9
-64,-1,9
-64,-1,9
-64,-1,9
-64,-1,8
-64,-1,8
-64,-1,8
-64,-1,8
-64,-1,9
-65,-1,8
-65,-1,8
-64,-1,8
-64,-1,8
-64,-1,8
-65,-1,9
-65,-1,8
-65,-1,8
-64,-1,8
-65,-1,8
-65,-1,8
-65,-1,8
-65,-1,8
-64,-1,8
-64,-1,8
-65,-1,8
-65,-1,8
-64,-1,8
-65,-1,8
-65,-1,8
-65,-1,7
-65,-1,7
-65,-1,7
-65,-1,7
-64,-1,7
-65,-1,7
-64,-1,7
-65,-1,7
-65,-1,7
-64,-1,7
-65,-1,7
-64,-1,7
-65,-1,7
-65,-1,7
-65,-1,7
-65,-1,6
-65,-1,7
-65,-1,7
-65,-1,7
-65,-1,7
-65,-1,7
-65,-1,7
-65,-1,7
-65,-1,7
-65,-2,7
-65,-2,7
-64,-1,8
-64,-1,8
-64,-2,8
-65,-1,8
-64,-1,8
-64,-1,9
-64,-1,9
-64,-1,9
-64,-1,9
-65,-1,8
-64,-1,9
-64,-1,9
-65,-2,9
-65,-2,9
-65,-2,9
-65,-3,9
-64,-3,10
-64,-2,11
-64,-2,12
-64,-2,12
-64,-2,13
-64,-3,13
-63,-3,14
-63,-3,14
-63,-3,15
-63,-4,16
-62,-4,17
-62,-3,18
-62,-3,18
-63,-4,18
-63,-3,18
-62,-4,19
-62,-4,20
-62,-4,21
-62,-5,20
-62,-5,21
-62,-5,22
-60,-7,22
-61,-8,24
-61,-8,25
-59,-8,25
-62,-9,22
-68,-10,18
-68,-13,14
-70,-14,17
-69,-15,21
-57,-14,29
-48,-11,35
-41,-8,44
-46,-5,43
-45,-4,41
-43,-1,39
-39,4,41
-28,7,42
-31,9,43
-39,12,47
-40,13,48
-36,14,53
-33,15,54
-34,17,54
-37,17,54
-43,7,56
-33,2,57
-27,0,57
-19,-5,64
-19,-8,65
-20,-10,65
-18,-9,65
-18,-5,64
-19,-5,64
-20,-4,62
-20,-2,62
-18,-1,62
-19,-2,62
-19,-5,57
-17,-8,55
-18,-3,59
-18,-1,60
-15,-1,61
-17,-1,62
-19,0,61
-20,-3,58
-22,-3,58
-23,-6,59
-24,-7,60
-24,-7,61
-22,-6,60
-20,-5,59
-24,-5,58
-25,-4,57
-24,-3,58
-21,-4,58
-23,-6,61
-25,-6,61
-26,-4,58
-24,-5,59
-22,-5,60
-21,-4,62
-25,-5,58
-24,-5,59
-23,-5,60
-23,-4,59
-22,-4,61
-28,-6,57
-31,-7,57
-32,-7,55
-31,-5,54
-29,-4,57
-26,-5,60
-23,-6,58
-28,-7,57
-28,-6,57
-31,-4,56
-35,-3,53
-39,-2,51
-39,-1,51
-37,-2,54
-31,1,55
-31,2,57
-27,5,60
-33,3,58
-28,3,59
-29,-5,60
-31,-6,61
-33,-9,60
-31,-9,61
-30,-8,61
-24,-9,54
-23,-11,51
-35,-9,48
-32,-7,48
-23,0,49
-25,2,51
-24,7,58
-24,8,64
-26,9,67
-29,8,66
-30,5,65
-29,5,63
-29,7,62
-23,8,60
-21,7,58
-23,6,52
-31,4,45
-35,5,42
-35,4,42
-40,1,43
-43,-2,42
-39,-3,45
-38,-5,48
-33,-6,50
-30,0,55
-31,2,58
-28,3,70
-26,1,73
-30,-1,64
-25,-1,58
-24,2,57
-25,2,57
-26,0,58
-26,-1,60
-25,-2,59
-25,-3,58
-25,-3,58
-25,-3,59
-24,-2,59
-24,-1,59
-24,-2,59
-26,-3,58
-26,-4,58
-26,-3,58
-25,-2,58
-25,-3,58
-26,-3,59
-26,-2,58
-27,-2,58
-27,-3,58
-28,-3,58
-28,-3,57
-27,-2,58
-26,-3,58
-24,-5,58
-24,-3,59
-24,-2,59
-24,-2,59
-24,-2,59
-24,-1,59
-20,-1,61
-21,0,60
-17,1,61
-17,0,62
-15,-1,61
-14,-3,62
-15,-4,62
-12,-3,62
-18,-4,63
-17,-2,61
-18,-2,61
-18,-2,61
-18,-3,61
-15,-2,62
-19,-4,61
-15,-4,62
-16,-5,61
-17,-4,62
-16,-4,59
-18,-4,60
-17,-2,60
-18,-4,62
-18,-3,60
-17,-2,61
-17,-3,61
-18,-3,62
-18,-3,61
-18,-3,61
-18,-2,61
-16,-3,61
-17,-2,62
-18,-3,61
-18,-3,61
-18,-3,61
-18,-3,61
-19,-3,61
-18,-3,61
-17,-2,61
-19,-3,61
-18,-2,61
-18,-2,61
-18,-3,61
-18,-3,61
-19,-3,61
-18,-2,61
-18,-2,61
-19,-3,61
-18,-3,61
-18,-3,61
-18,-2,61
-17,-2,61
-18,-3,61
-18,-2,61
-18,-2,61
-18,-2,61
-18,-3,61
-18,-2,61
-18,-2,61
-18,-3,61
-18,-2,61
-18,-2,61
-18,-2,61
-19,-2,61
-19,-2,61
-18,-2,61
-18,-2,62
-18,-2,61
-18,-2,61
-18,-3,61
-18,-2,61
-19,-2,60
-19,-3,61
-19,-3,61
-17,-3,61
-16,-3,62
-17,-2,61
-18,-2,61
-18,-2,61
-18,-2,61
-18,-2,61
-18,-2,61
-19,-2,61
-19,-2,61
-19,-3,61
-19,-3,61
-19,-2,61
-19,-2,61
-19,-3,61
-19,-3,61
-19,-2,61
-18,-2,61
-18,-2,61
-19,-3,61
-19,-2,61
-19,-2,61
-18,-2,61
-17,-2,61
-18,-2,61
-19,-3,61
-21,-3,60
-22,-4,60
-21,-3,60
-19,-3,61
-20,-3,60
-20,-3,61
-19,-4,61
-21,-5,62
-23,-8,64
-25,-5,66
-26,-8,67
-24,-6,70
-30,-1,74
-32,0,72
-33,1,63
-41,7,46
-52,10,40
-58,17,28
-52,21,30
-48,20,20
-46,21,19
-35,29,28
-34,31,31
-42,32,25
-45,34,23
-42,35,23
-43,36,22
-46,36,21
-43,37,24
-44,36,23
-48,36,21
-48,36,21
-46,35,24
-45,35,24
-47,35,25
-47,33,25
-49,32,24
-50,32,23
-40,33,16
-17,37,20
-8,34,29
12,25,54
21,13,63
8,-1,71
-1,-1,69
-34,-4,67
-34,-7,69
-22,2,73
-21,4,75
-25,-2,67
-26,-3,65
-26,-2,62
-24,-2,60
-27,-4,65
-24,-8,59
-24,-6,60
-24,-2,59
-23,-1,60
-22,-1,59
-24,0,59
-23,-1,60
-21,-2,60
-21,-1,60
-22,-2,60
-21,-1,60
-22,-1,61
-22,-1,59
-22,-1,59
-22,-1,60
-22,-1,60
-22,-1,60
-22,-1,59
-22,-1,59
-23,-1,60
-22,-2,59
-22,-2,60
-23,-1,59
-22,-1,59
-22,-2,60
-22,-1,60
-22,-2,60
-22,-2,60
-22,-2,59
-22,-1,60
-23,-1,59
-23,-2,59
-23,-2,59
-22,-2,59
-22,-1,60
-22,-2,59
-22,-2,60
-23,-1,59
-22,-1,59
-22,-1,60
-22,-1,59
-22,-2,60
-23,-1,60
-22,-1,59
-23,-1,59
-22,-2,59
-22,-2,60
-22,-2,60
-22,-1,60
-22,-1,59
-22,-1,60
-22,-1,59
-21,-2,60
-22,-1,60
-22,-1,60
-22,-1,60
-21,-1,60
-21,-1,60
-21,-1,60
-22,-2,60
-22,-1,59
-22,-1,59
-23,0,59
-24,3,59
-24,5,59
-25,0,58
-24,-3,59
-21,-6,62
-18,-8,60
-13,-7,62
-12,-6,63
-16,-2,62
-17,-3,61
-20,-1,62
-22,1,60
-23,1,59
-26,1,58
-26,1,58
-28,0,57
-29,-1,57
-25,-1,59
-24,-1,59
-24,-1,59
-24,-1,59
-26,-1,59
-26,-1,58
-26,-1,58
-26,-2,58
-27,-1,58
-26,-1,58
-26,-1,58
-26,-1,58
-26,-1,58
-26,-1,58
-26,-1,58
-26,-1,58
-25,-2,58
-24,-3,59
-24,-2,59
-25,-2,59
-25,-2,59
-26,-3,59
-24,-1,59
-24,1,59
-28,2,57
-29,2,56
-32,1,55
-31,0,55
-30,-1,57
-29,-2,58
-26,-2,58
-25,-2,59
-26,-1,58
-28,-1,57
-29,-1,57
-27,-1,58
-27,-1,58
-26,-1,58
-27,-1,58
-27,-1,58
-27,-1,58
-27,-1,58
-26,-1,58
-25,-1,58
-26,-1,58
-26,-1,58
-26,-1,58
-26,-1,58
-26,-1,58
-26,-1,58
-25,-1,58
-26,-1,59
-26,-1,59
-26,-1,58
-26,-1,58
-25,-1,58
-25,-1,58
-25,-1,58
-26,-1,58
-26,-1,58
-26,-1,58
-26,-1,58
-26,-1,58
-27,-1,58
-26,-1,58
-26,-1,58
-26,-1,58
-25,0,58
-25,-1,58
-25,-1,58
-26,-1,58
-26,-1,58
-26,-1,58
-26,-1,58
-25,-1,59
-25,-1,58
-25,-1,58
-26,-1,58
-26,-1,59
-25,-1,58
-26,-1,58
-26,-1,58
-26,-1,58
-25,-1,58
-25,-1,58
-25,-1,58
-25,-1,58
-26,-1,59
-26,-1,58
-26,-1,58
-26,-1,58
-25,-1,58
-25,-1,58
-26,-1,58
-25,-1,58
-26,-1,58
-25,-1,58
-25,-1,58
-26,-1,58
-26,0,58
-26,0,58
-26,-1,58
-26,-1,58
-26,-1,58
-25,-1,59
-24,0,59
-24,0,60
-24,0,59
-24,0,59
-24,0,59
-22,0,60
-22,0,60
-22,0,60
-23,0,60
-23,0,59
-24,0,59
-24,0,59
-24,0,59
-23,-1,59
-23,0,59
-23,0,59
-23,0,59
-23,0,59
-24,0,59
-24,0,59
-24,0,59
-23,0,59
-23,0,59
-23,0,59
-23,0,59
-23,0,59
-23,0,59
-23,0,59
-23,0,59
-24,0,59
-23,0,59
-23,0,59
-23,0,59
-23,0,59
-23,0,59
-24,0,59
-24,0,59
-23,0,59
-22,0,59
-22,1,60
-23,0,59
-25,0,59
-25,-1,58
-24,-1,59
-22,-1,59
-21,0,60
-22,1,60
-24,0,59
-25,0,59
-24,0,59
-22,0,60
-22,0,60
-22,0,59
-24,0,59
-24,0,59
-23,0,59
-23,0,59
-22,0,59
-23,0,59
-23,0,59
-23,0,60
-23,0,59
-23,0,59
-24,0,59
-24,0,59
-23,0,59
-23,0,59
-23,0,59
-23,0,59
-23,0,59
-23,0,59
-23,0,59
-23,0,59
-23,0,59
-23,0,59
-24,0,59
-23,0,59
-23,0,59
-23,0,59
-23,0,59
-23,0,59
-23,0,59
-23,0,59
-23,0,59
-23,0,59
-23,0,59
-23,0,59
-22,0,60
-22,1,60
-24,0,59
-24,0,59
-24,-1,59
-25,-2,59
-24,-2,59
-23,-2,60
-23,0,60
-21,-1,60
-21,2,60
-21,2,60
-22,2,59
-23,0,59
-24,0,59
-24,0,59
-23,1,59
-24,1,59
-26,0,59
-26,-2,59
-25,-1,58
-25,-1,58
-24,-1,59
-24,-1,59
-24,-1,59
-25,-1,58
-25,-1,58
-25,-2,59
-24,-3,59
-24,-3,59
-24,-1,59
-24,0,59
-25,0,59
-26,0,58
-27,0,58
-26,0,58
-25,-1,59
-25,-2,58
-23,-2,59
-22,-1,60
-22,-1,60
-22,0,60
-23,-1,60
-23,0,60
-22,0,59
-23,1,59
-24,0,59
-25,0,59
-24,0,59
-25,0,59
-24,-1,59
-24,-1,59
-24,-1,59
-24,-1,59
-24,-1,59
-24,-2,59
-24,-1,59
-24,-2,59
-23,-1,59
-24,-1,59
-23,-1,59
-23,-1,59
-22,-1,60
-23,-1,59
-23,-1,59
-23,-1,59
-23,-1,59
-23,-1,59
-23,-1,59
-23,-1,60
-23,-1,59
-24,0,60
-25,-1,59
-24,-2,59
-24,-2,59
-23,-3,59
-22,-1,59
-22,0,59
-24,0,59
-23,-1,59
-22,-1,60
-22,-1,59
-22,-1,59
-23,-1,59
-24,-1,59
-24,-1,59
-23,-1,59
-23,-1,59
-23,-1,59
-24,-1,59
-24,-1,59
-23,-1,59
-23,-1,59
-23,-1,60
-23,-1,59
-23,-1,59
-23,-1,59
-23,-1,59
-23,-1,60
-22,0,59
-24,0,59
-23,0,60
-22,0,60
-22,0,59
-24,-1,59
-24,-1,59
-24,-1,59
-23,-1,59
-22,0,60
-23,-1,59
-23,-1,59
-24,-1,59
-24,-1,59
-23,-1,59
-23,-1,59
-23,-1,60
-23,-1,60
-23,-1,59
-24,-1,59
-23,-1,59
-23,-1,59
-23,0,59
-23,0,59
-22,0,60
-23,-1,59
-23,-1,59
-23,-1,59
-23,-1,59
-23,-1,59
-23,-1,59
-23,-1,60
-23,-1,59
-24,-1,59
-24,-1,59
-23,-1,59
-23,-1,59
-22,0,59
-22,0,60
-23,0,59
-23,-1,59
-23,0,59
-22,0,60
-22,0,60
-22,0,60
-23,0,59
-23,0,59
-21,0,60
-22,-1,60
-22,-1,60
-22,0,60
-22,0,59
-22,0,60
-22,0,60
-22,0,60
-22,-1,60
-22,-1,60
-23,-1,59
-23,-1,59
-23,-1,59
-22,-1,60
-22,-1,60
-22,-1,59
-23,-1,59
-23,-1,60
-22,-1,59
-22,-1,60
-22,-1,59
-23,-1,59
-24,-1,59
-23,-1,59
-23,-1,60
-23,-1,59
-27,-2,59
-26,-2,58
-26,0,59
-26,2,58
-27,3,58
-29,4,57
-28,2,56
-26,-1,58
-25,0,58
-23,2,60
-20,2,59
-19,3,60
-24,2,60
-23,2,60
-21,-1,60
-23,-5,61
-30,-10,59
-20,-8,55
-15,-3,63
-27,0,59
-16,5,60
-5,3,66
1,3,66
-1,-4,64
-7,-3,61
-17,-5,62
-18,-3,63
-17,0,59
-15,0,62
-12,-2,62
-13,-6,63
-16,-8,62
-16,-6,61
-14,-6,61
-15,-5,62
-13,-5,62
-13,-4,62
-13,-5,63
-14,-4,63
-16,-2,61
-18,0,61
-17,-1,62
-22,-2,60
-23,-2,59
-22,-2,60
-21,-3,60
-22,-4,60
-21,-3,61
-21,-2,60
-19,0,60
-20,0,61
-21,1,60
-20,0,60
-22,0,60
-20,1,60
-22,1,61
-20,3,61
-18,3,59
-18,-1,63
-18,-5,60
-17,-16,66
-20,-10,62
-12,-2,60
-19,-2,59
-16,-3,60
-13,-3,62
-12,-4,64
-12,-4,62
-13,-4,63
-14,-7,64
-16,-8,60
-9,-12,52
-6,-21,66
-5,-8,59
-7,-10,59
-12,-7,65
-12,-4,64
-9,-2,62
-13,-4,61
-12,-4,62
-12,-6,63
-13,-6,64
-11,-6,63
-12,-7,63
-11,-4,60
-9,-4,62
-12,-1,65
-13,2,64
-12,5,61
-14,4,61
-11,-8,67
-19,-5,59
-17,-6,56
-6,-4,65
-6,1,69
-14,6,65
-15,6,57
-17,3,52
-19,3,56
-33,-10,64
-29,-10,67
-15,-1,58
-16,-1,57
-15,-1,60
-9,-2,63
-12,-4,62
-10,-3,64
-11,-3,63
-12,-6,62
-10,-11,63
-4,-15,71
-5,-9,59
-12,-7,51
-21,-6,60
-14,0,65
-6,-2,63
-10,-4,63
-10,-9,65
-6,-11,71
-9,-9,61
-5,-7,57
-4,-11,65
-6,-13,68
-1,-10,74
0,-8,71
-3,-5,63
-6,-1,63
-10,5,63
-13,5,61
-15,7,60
-18,7,53
-19,7,53
-18,11,57
-16,12,58
-21,10,53
-22,9,55
-24,10,57
-24,10,55
-24,10,56
-22,9,60
-16,6,63
-16,4,61
-17,5,62
-20,5,60
-17,5,61
-19,6,60
-21,7,62
-18,2,60
-10,-8,65
-20,1,61
-12,2,53
-14,6,57
-13,7,58
-7,4,60
-6,1,59
-7,1,61
-5,-3,67
4,-15,75
-2,-18,74
-4,-11,58
0,-8,57
-4,-5,59
-6,-2,66
-6,-2,67
-11,-1,66
-13,0,64
-13,-1,59
-12,-1,61
-10,-1,62
-8,-2,64
-6,-2,65
-7,-1,64
-8,-1,62
-8,-1,62
-10,0,62
-10,0,64
-10,-1,63
-9,-1,63
-8,0,63
-8,0,63
-8,-1,64
-7,-1,65
-8,-3,67
-8,-3,69
-6,-5,72
-3,-5,74
1,0,75
0,3,77
-1,0,73
-1,-2,69
-1,-2,55
-2,6,45
-6,9,44
-11,7,41
-11,9,42
-7,13,48
-7,14,51
-6,10,54
-10,10,56
-24,6,60
-27,8,63
-29,15,62
-30,16,62
-30,12,60
-33,16,61
-37,16,59
-41,5,68
-47,6,80
-23,0,54
-25,0,55
-33,-4,56
-28,-6,58
-35,-6,55
-30,-4,56
-27,-10,56
-32,-15,53
-36,-16,52
-32,-11,54
-32,-10,54
-32,-8,55
-33,-7,55
-25,-5,58
-22,-5,59
-26,-7,58
-27,-7,56
-32,-8,55
-33,-8,54
-28,-7,57
-30,-8,55
-33,-8,56
-22,-6,59
-22,-7,59
-28,-7,57
-27,-7,58
-29,-7,57
-27,-6,57
-27,-7,58
-26,-7,58
-26,-7,58
-25,-7,58
-25,-6,58
-26,-7,58
-26,-6,58
-25,-6,58
-26,-6,58
-25,-6,58
-25,-6,59
-27,-7,58
-27,-6,58
-25,-6,58
-26,-7,58
-26,-6,58
-25,-6,58
-25,-6,58
-26,-6,58
-25,-7,57
-26,-7,58
-25,-7,58
-25,-6,59
-24,-6,58
-25,-7,58
-28,-7,57
-29,-7,57
-28,-7,57
-28,-7,57
-28,-7,57
-32,-8,57
-34,-4,56
-38,-5,55
-39,-6,61
-44,-15,65
-40,3,66
-33,7,65
-15,18,65
-12,19,65
-11,19,59
-16,18,51
-16,18,42
-18,13,34
-19,10,32
-20,6,27
-31,3,28
-58,-2,35
-61,-3,38
-75,-12,44
-79,-14,35
-77,-5,37
-76,-2,35
-65,4,28
-61,5,27
-57,8,26
-53,10,27
-54,12,28
-57,14,26
-56,13,24
-57,7,21
-58,5,21
-63,3,21
-65,2,21
-65,1,22
-64,1,21
-62,2,21
-61,3,20
-60,4,21
-60,5,20
-62,5,19
-62,4,19
-62,3,20
-62,3,18
-63,2,19
-62,2,20
-62,2,20
-62,3,19
-62,3,19
-62,3,20
-61,3,21
-61,3,21
-60,3,22
-60,3,23
-61,3,23
-60,3,24
-61,4,25
-61,3,26
-60,3,29
-60,3,29
-61,4,32
-56,3,36
-48,4,41
-47,3,41
-46,4,44
-35,6,63
-44,5,44
-44,6,49
-43,6,48
-43,7,46
-42,8,47
-42,10,45
-43,9,44
-48,6,43
-47,5,44
-43,5,50
-42,5,49
-40,4,48
-36,5,53
-38,5,53
-37,3,53
-33,2,54
-36,2,55
-35,2,55
-33,4,54
-34,4,53
-34,4,54
-32,4,53
-32,4,54
-32,4,56
-32,3,55
-31,2,56
-31,2,56
-32,3,57
-34,4,56
-27,3,53
-25,0,53
-38,-4,60
-33,-2,58
-30,0,55
-30,2,55
-30,3,57
-28,3,56
-32,4,57
-29,0,55
-29,-5,57
-34,-2,51
-28,1,50
-29,2,55
-29,2,58
-27,1,59
-25,0,58
-22,0,60
-20,0,56
-16,-2,58
-23,-6,68
-22,-2,59
-21,-1,60
-24,-3,60
-24,-5,59
-22,-4,58
-28,-4,61
-29,-4,59
-21,-8,50
-31,-15,62
-38,-20,63
-26,-25,72
-19,-29,73
-4,-10,61
0,-7,56
-8,8,50
-8,16,50
-6,19,40
-15,14,40
-23,15,53
-29,8,53
-48,6,57
-47,2,56
-35,5,61
-24,-8,75
-39,2,57
-33,-1,55
-38,-4,53
-27,-4,60
-26,-6,59
-21,-3,62
-20,-4,64
-19,-1,62
-22,0,60
-18,3,60
-18,4,61
-17,4,61
-21,4,63
-22,5,63
-22,8,62
-20,9,62
-17,12,64
-16,13,64
-13,13,64
-13,12,63
-16,15,60
-17,15,59
-19,15,58
-19,14,54
-20,13,51
-19,10,46
-19,8,45
-32,1,40
-38,-4,42
-51,-14,52
-52,-17,58
-38,-9,63
-32,-3,68
-26,6,62
-29,6,58
-36,7,56
-31,9,59
-29,9,55
-35,9,53
-38,7,54
-31,3,52
-32,2,54
-33,0,55
-32,-2,55
-27,-3,60
-25,-3,62
-22,-1,60
-21,0,60
-19,1,59
-22,2,61
-23,3,61
-22,-5,59
-25,-14,72
-24,-1,52
-25,2,58
-21,-2,61
-15,-3,59
-11,-7,61
-10,-10,62
-8,-25,72
-15,-16,56
-11,-15,58
-25,-12,58
-28,-4,59
-19,7,57
-23,8,55
-30,10,53
-30,11,55
-26,12,62
-26,11,61
-18,-6,71
-29,-22,76
-21,-10,71
-24,3,61
-15,8,51
-20,11,49
-22,12,51
-21,14,52
-22,13,53
-25,11,60
-25,9,59
-23,8,63
-23,8,62
-23,7,59
-22,7,59
-22,7,58
-20,7,59
-21,8,59
-20,9,60
-21,8,58
-23,8,59
-23,8,61
-21,8,60
-22,8,58
-23,7,59
-22,7,61
-22,7,59
-22,8,59
-22,8,59
-20,9,58
-20,9,58
-18,10,58
-17,10,57
-17,9,59
-18,8,59
-20,5,61
-23,3,61
-28,1,59
-29,0,60
-32,-3,59
-31,-4,59
-30,-4,57
-28,0,56
-27,0,58
-25,1,58
-25,2,57
-26,2,58
-27,2,58
-26,1,58
-27,1,58
-26,3,57
-25,4,57
-20,4,59
-21,-1,57
-21,-7,71
-24,3,55
-22,6,59
-24,3,57
-24,1,57
-20,-3,60
-17,-3,60
-16,-8,58
-15,-12,56
-29,-26,76
-31,-22,66
-19,-14,57
-28,-11,60
-22,1,60
-17,8,56
-17,10,55
-24,14,56
-25,15,55
-27,12,56
-23,7,50
-38,-5,77
-34,-3,55
-15,2,62
-22,3,61
-19,4,57
-21,1,59
-22,1,58
-21,-2,57
-21,-12,61
-29,-30,73
-23,-19,61
-29,-19,75
-21,-13,71
-5,-5,60
-3,-2,56
-2,9,51
-5,14,42
-7,9,43
-20,13,53
-29,8,57
-30,4,61
-30,4,60
-30,5,60
-32,5,61
-48,-1,86
-33,-7,56
-27,1,56
-24,-8,59
-14,-11,64
-24,-5,59
-34,-6,55
-35,-7,56
-32,-7,54
-26,-6,58
-23,-5,59
-23,-4,59
-23,-4,60
-28,-6,57
-28,-5,57
-26,-6,58
-30,-9,57
-30,-11,56
-20,-7,59
-20,-6,59
-20,-4,60
-18,-4,62
-23,-5,59
-24,-4,59
-21,-4,60
-19,-5,60
-24,-6,58
-25,-6,59
-21,-6,60
-22,-6,59
-23,-7,59
-23,-6,59
-23,-6,59
-23,-6,59
-23,-6,59
-24,-7,59
-24,-6,59
-22,-6,59
-23,-6,59
-23,-6,59
-23,-6,59
-23,-5,59
-23,-6,59
-24,-6,59
-29,-6,58
-28,-6,58
-30,-4,59
-34,-7,57
-42,-10,61
-51,-1,60
-45,11,59
-36,15,58
-23,16,55
-22,18,56
-23,17,56
-23,15,54
-21,14,53
-16,11,52
-14,10,53
-6,10,54
-6,9,55
-10,3,51
-15,-1,51
-22,-8,53
-23,-10,54
-26,-14,59
-30,-18,61
-23,-19,62
-20,-7,75
-25,1,72
-24,-1,59
-24,5,61
-22,10,52
-23,10,56
-28,6,59
-26,4,60
-24,2,57
-27,0,58
-27,-3,59
-27,-2,57
-27,0,57
-27,0,58
-27,0,58
-28,0,57
-28,1,57
-29,1,57
-29,1,57
-28,0,57
-28,0,57
-28,-1,58
-28,0,57
-28,-1,57
-27,-1,58
-28,-1,58
-28,0,57
-27,1,57
-28,0,58
-28,0,57
-28,-1,58
-27,-1,58
-27,0,58
-28,-1,58
-27,-1,58
-27,0,57
-27,1,58
-27,0,58
-27,0,58
-27,-1,58
-27,-1,58
-27,-1,58
-27,0,58
-27,0,58
-27,0,58
-27,0,58
-27,-1,58
-27,0,58
-27,0,57
-27,0,58
-27,-1,58
-27,0,58
-27,0,58
-27,0,58
-27,-1,58
-27,-1,58
-27,0,58
-26,0,58
-26,0,58
-26,0,58
-27,-1,58
-26,0,59
-26,0,58
-27,-1,58
-26,-1,58
-26,0,58
-26,-1,58
-26,0,58
-26,0,58
-27,-1,58
-26,-1,58
-26,-1,58
-25,0,59
-25,0,58
-26,0,58
-27,-1,58
-26,-1,58
-26,0,58
-26,0,58
-26,-1,58
-26,-1,58
-27,-1,58
-27,0,58
-27,0,58
-26,0,58
-27,0,58
-26,0,58
-26,0,58
-26,0,58
-26,0,58
-26,0,58
-25,0,58
-25,0,59
-28,0,57
-30,-1,56
-28,-3,59
-27,-2,57
-26,0,58
-26,-1,58
-26,-1,58
-26,1,58
-26,1,58
-25,6,58
-29,1,57
-28,6,58
-27,6,58
-27,1,57
-26,-5,59
-26,-11,58
-27,-13,58
-25,-12,58
-22,-7,61
-25,-7,57
-26,-3,58
-26,0,59
-26,3,58
-26,5,59
-26,4,58
-25,3,58
-24,1,59
-23,0,59
-25,-1,58
-25,-2,58
-26,-1,58
-26,-1,58
-26,-1,58
-25,-1,59
-25,-1,58
-25,-1,58
-25,-1,58
-26,-1,58
-25,-1,58
-25,-1,59
-25,-1,58
-26,-1,58
-25,-1,58
-25,-1,58
-25,-1,58
-25,-1,58
-25,-1,59
-26,-1,58
-25,-1,59
-25,-1,58
-26,-1,58
-26,-1,58
-26,-1,58
-26,-1,58
-26,-1,58
-26,-1,58
-26,-1,58
-26,-1,58
-26,-1,58
-26,-1,58
-26,-1,58
-26,-1,58
-26,-1,58
-26,-1,58
-26,-1,58
-26,-1,58
-26,-1,58
-25,0,58
-26,-1,58
-26,-1,58
-26,-1,58
-26,-1,58
-26,-1,58
-26,-1,58
-26,-1,58
-26,-1,58
-26,-1,58
-26,-1,58
-27,-1,58
-27,-1,58
-27,-1,58
-27,-1,58
-28,-1,58
-29,-1,57
-30,0,57
-27,1,59
-32,5,57
-32,10,54
-30,7,58
-15,-6,64
-12,-4,62
-8,-8,63
-7,-9,59
-9,-10,63
-14,-11,61
-14,-10,57
-11,-10,61
-8,-8,74
-11,-11,53
-5,-12,54
-11,-5,65
-10,-6,64
-15,-5,63
-16,-5,60
-14,-4,61
-15,-5,62
-19,-4,63
-23,-2,58
-21,1,59
-24,1,60
-27,-2,60
-19,-4,62
-16,-6,61
-19,-4,59
-18,-4,60
-21,-2,61
-20,-2,60
-20,-11,62
-19,-12,59
-15,-11,58
-20,-9,59
-21,-3,70
-21,-4,60
-19,-3,59
-22,-1,60
-21,-2,60
-21,-2,60
-20,-3,61
-22,1,61
-21,1,61
-15,-3,62
-17,-1,61
-17,-1,58
-21,-2,61
-20,-3,60
-17,-2,61
-17,-2,61
-20,-1,60
-21,-2,60
-22,-3,59
-23,-3,60
-22,-2,60
-22,-2,59
-21,-2,60
-21,-3,61
-21,-3,60
-21,-3,60
-20,-2,60
-20,-2,61
-20,-3,60
-21,-2,60
-22,-3,60
-23,-3,59
-22,-3,61
-27,-2,57
-22,0,59
-21,1,60
-23,0,58
-27,-1,57
-28,-2,57
-32,-4,57
-30,-5,57
-25,-4,57
-21,-5,58
-18,-5,58
-23,-5,61
-25,-6,58
-28,-2,58
-29,-1,57
-26,-2,59
-23,-3,60
-24,-3,60
-26,-2,58
-25,-2,59
-23,-2,59
-24,-3,59
-24,-3,59
-25,-2,58
-25,-1,59
-24,-1,59
-25,-1,59
-24,-2,59
-24,-2,59
-27,-5,59
-29,-7,60
-31,-13,68
-28,-17,72
-14,-17,79
-9,-14,77
1,-6,69
5,-9,64
8,-11,48
5,-12,42
-17,4,42
-31,12,43
-31,16,49
-50,10,56
-50,9,52
-49,16,49
-44,16,50
-39,11,48
-39,8,54
-53,-1,72
-52,6,50
-26,-6,50
-24,-6,56
-22,-10,59
-26,-12,58
-24,-9,60
-24,-6,60
-26,-5,58
-28,-7,57
-25,-5,57
-28,-6,57
-23,-5,58
-21,-6,60
-25,-6,58
-25,-6,58
-22,-6,59
-22,-6,60
-24,-7,58
-23,-7,59
-23,-6,59
-24,-6,59
-24,-6,59
-24,-6,59
-23,-6,59
-23,-6,60
-23,-6,58
-22,-7,58
-21,-8,60
-26,-14,59
-24,-21,61
-33,-34,70
-42,-32,57
-43,-21,49
-33,-15,44
-15,-3,44
-12,4,44
8,15,47
9,24,54
11,27,56
9,28,59
-25,23,71
-37,35,102
-98,13,62
9,-8,61
6,-1,68
-21,10,65
-18,11,61
-15,10,63
-17,10,65
-18,9,60
-17,8,58
-15,6,62
-16,5,61
-17,4,60
-17,4,61
-17,4,60
-16,4,62
-16,3,61
-18,3,61
-17,3,62
-17,2,63
-17,2,62
-18,0,62
-20,-2,62
-25,-7,59
-26,-10,57
-28,-16,60
-19,-24,55
-20,-30,55
-34,-40,37
-22,-46,34
-16,-62,76
-9,-58,74
-20,-35,45
-39,-38,52
-26,-35,62
-24,-31,58
-29,-20,49
-37,-17,39
-40,-13,33
-52,-10,25
-58,-11,25
-69,-13,30
-61,-13,30
-45,-12,27
-33,-19,42
-61,-40,23
-46,-23,65
-49,-24,62
-31,-25,65
-37,-35,38
-57,-48,20
-43,-47,24
-37,-46,21
-41,-44,19
-52,-45,19
-51,-44,17
-45,-46,16
-47,-44,23
-42,-47,20
-34,-50,18
-36,-52,20
-36,-54,25
-32,-53,4
-29,-52,19
-33,-56,7
-21,-63,10
-28,-65,13
-40,-69,17
-33,-63,25
-21,-56,17
-23,-57,13
-21,-61,11
-15,-70,11
-19,-73,11
-18,-73,15
-7,-71,18
5,-67,19
9,-68,-1
30,-72,-16
20,-75,-18
17,-69,-25
19,-65,-25
4,-56,-20
-7,-62,-24
4,-57,-18
7,-52,-17
2,-55,-16
-15,-44,-15
-27,-46,-21
-7,-41,-19
-14,-48,-14
-11,-46,-7
-18,-48,0
-30,-62,-1
-25,-62,3
-27,-55,-6
-41,-61,-16
-31,-60,1
-19,-61,9
-5,-70,8
-21,-79,11
-13,-81,10
-32,-69,-11
-28,-65,-16
-27,-52,-13
-37,-56,-17
-32,-53,-32
-46,-56,-44
-43,-57,-50
-28,-55,-40
-26,-47,-34
-29,-38,-34
-25,-19,-36
-16,-14,-34
-37,-20,-34
-45,-26,-28
-36,-28,-26
-29,-35,-22
-53,-51,-27
-49,-71,-18
-34,-68,-19
-41,-70,-31
-30,-65,-25
-34,-55,-19
-37,-53,-19
-38,-51,-24
-32,-50,-33
-27,-53,-30
-26,-59,-15
-30,-58,-12
-24,-53,-9
-21,-49,-10
-18,-43,-9
-20,-42,-8
-32,-54,-10
-35,-59,-9
-32,-65,3
-32,-69,1
-27,-67,6
-26,-58,14
-27,-57,12
-33,-51,17
-28,-48,22
-30,-47,22
-29,-49,23
-26,-49,21
-26,-49,20
-18,-56,21
-20,-56,25
-24,-53,28
-29,-47,28
-30,-45,25
-24,-45,23
-20,-47,22
-27,-59,20
-40,-67,20
-72,-74,6
-67,-73,-3
-22,-57,7
-16,-51,9
-27,-46,6
-38,-41,14
-43,-40,13
-55,-35,9
-60,-33,3
-41,-48,-3
-26,-54,8
-25,-63,18
-34,-63,14
-40,-52,18
-42,-47,19
-44,-40,18
-45,-40,17
-43,-43,14
-41,-49,13
-36,-54,16
-29,-62,19
-30,-67,20
-37,-69,23
-44,-68,20
-53,-66,19
-51,-63,17
-30,-51,13
-19,-46,13
-9,-47,12
-10,-50,12
-8,-52,19
-27,-57,12
-36,-55,7
-49,-45,8
-51,-40,11
-49,-35,18
-47,-33,22
-49,-35,23
-50,-34,26
-53,-34,17
-55,-34,7
-61,-37,-3
-66,-39,1
-53,-49,6
-71,-48,-30
-62,-49,-40
-46,-39,-26
-34,-38,-18
-26,-34,-15
-29,-33,-20
-22,-32,-33
-14,-32,-38
-39,-36,-58
-45,-34,-61
-32,-38,-53
-28,-42,-44
-28,-41,-33
-30,-42,-29
-35,-39,-33
-26,-38,-48
-27,-39,-51
-23,-44,-54
-18,-44,-55
-18,-49,-57
-26,-52,-57
-36,-59,-45
-40,-54,-43
-27,-51,-27
-21,-51,-24
-9,-51,-23
6,-48,-27
1,-45,-36
-19,-37,-51
-26,-32,-55
-35,-30,-51
-38,-30,-47
-33,-29,-38
-32,-28,-38
-36,-25,-46
-37,-25,-52
-35,-22,-55
-38,-28,-57
-37,-32,-56
-32,-37,-69
-28,-38,-76
-30,-37,-69
-32,-35,-57
-22,-29,-41
-14,-29,-38
-3,-27,-37
-2,-28,-37
-7,-31,-52
-5,-31,-54
-5,-30,-48
-14,-43,-42
-29,-48,-43
-39,-44,-46
-39,-40,-47
-35,-32,-53
-28,-30,-53
-16,-38,-45
-18,-37,-50
-8,-49,-46
-8,-50,-45
-21,-61,-54
-23,-68,-51
-32,-67,-47
-28,-51,-32
-21,-47,-25
-9,-46,-20
-5,-50,-21
4,-51,-25
6,-46,-36
-14,-41,-50
-31,-40,-55
-36,-29,-55
-39,-25,-53
-41,-24,-46
-42,-20,-46
-39,-18,-46
-36,-14,-53
-39,-16,-57
-39,-19,-63
-36,-18,-64
-41,-19,-55
-49,-27,-59
-55,-32,-69
-58,-29,-69
-38,-28,-47
-17,-23,-35
-6,-22,-14
-14,-25,-15
1,-33,-11
-1,-46,-6
-30,-44,-11
-28,-67,-37
-43,-77,-44
-89,-84,-16
-85,-78,-4
-37,-61,20
30,-70,56
-20,-77,33
-29,-74,15
-26,-74,-6
-12,-80,-22
-11,-80,-28
-20,-70,-29
-19,-66,-21
-8,-61,-3
-9,-60,4
13,-62,-4
10,-62,-15
8,-59,-32
10,-55,-34
-9,-45,-52
-35,-38,-54
-38,-34,-47
-28,-35,-35
-33,-32,-31
-35,-31,-35
-33,-36,-35
-37,-35,-43
-42,-39,-46
-43,-44,-41
-41,-50,-38
-40,-54,-54
-38,-53,-69
-2,-59,-53
0,-59,-45
1,-53,-38
1,-48,-45
-2,-44,-47
9,-39,-50
12,-43,-45
2,-43,-46
-13,-45,-46
-14,-51,-30
-14,-52,-21
-23,-41,-28
-19,-30,-39
33,-25,-22
15,-30,-8
-13,-40,-4
-59,-90,-8
-79,-78,-32
-25,-94,-44
-21,-123,-49
45,-98,-22
87,-61,4
54,-63,-37
25,-64,-44
18,-36,-45
-10,-38,-55
-29,-51,-43
-32,-52,-25
-34,-55,-19
-25,-60,-14
-25,-57,-20
17,-71,8
6,-75,11
-16,-75,5
-28,-70,-5
10,-60,-1
14,-62,1
0,-79,9
-12,-80,5
-1,-87,0
-3,-99,10
-4,-93,5
-10,-80,-8
-16,-74,-9
-20,-68,-16
-20,-65,-16
-26,-63,-12
-30,-63,-13
-28,-55,-14
-26,-52,-12
-23,-55,-6
-21,-51,-3
-23,-55,-3
-25,-61,-4
-23,-63,-4
-17,-67,-3
-14,-68,-1
-11,-66,3
-12,-64,5
-20,-65,14
-23,-69,20
-11,-73,26
0,-72,29
17,-66,34
18,-64,31
13,-68,26
4,-73,15
-4,-75,7
-9,-70,-3
-11,-64,-5
-14,-49,-6
-17,-48,-6
-24,-49,-7
-27,-49,-9
-30,-53,-13
-27,-56,-10
-24,-57,-7
-22,-62,-1
-24,-65,1
-25,-70,4
-27,-72,4
-26,-74,5
-26,-77,5
-25,-86,5
-24,-96,5
-10,-95,1
-8,-84,0
-8,-68,-7
-8,-55,-24
-30,-51,-46
23,-49,-30
26,-54,-31
22,-58,-34
15,-57,-42
0,-59,-50
-8,-58,-50
-15,-59,-41
-2,-63,-27
-13,-63,-17
-13,-66,-17
-18,-76,-19
-16,-74,-23
-16,-73,-23
-16,-66,-17
-15,-61,-14
-11,-56,-8
-10,-57,-7
-4,-58,0
0,-60,6
-2,-58,9
-9,-61,4
-15,-65,0
-19,-65,-3
-16,-65,-2
-14,-61,4
-16,-59,3
-17,-54,1
-14,-53,2
-9,-53,7
-9,-55,9
-19,-65,12
-25,-71,11
-32,-78,1
-29,-80,-5
-16,-76,-9
-12,-71,-8
-8,-65,-8
-7,-62,-10
-7,-59,-13
-7,-56,-16
-9,-57,-18
-13,-57,-19
-18,-57,-20
-27,-56,-18
-30,-56,-17
-30,-60,-14
-29,-62,-13
-24,-65,-10
-20,-67,-6
-20,-71,-4
-17,-70,-1
-18,-70,-1
-20,-70,-2
-21,-69,-3
-21,-68,-4
-19,-68,-4
-16,-67,-4
-15,-66,-5
-16,-62,-4
-17,-60,-4
-20,-58,-3
-20,-60,-2
-20,-61,0
-22,-63,2
-22,-63,3
-20,-61,5
-18,-60,5
-17,-59,6
-17,-58,6
-17,-60,5
-17,-62,5
-15,-64,4
-16,-64,5
-17,-62,8
-16,-65,14
-15,-63,22
-6,-57,24
-3,-57,22
-6,-55,15
-9,-55,13
-19,-55,9
-19,-54,10
-17,-52,13
-17,-51,14
-22,-54,16
-22,-58,16
-22,-62,15
-26,-82,6
-32,-95,2
-46,-97,-2
-43,-80,-5
-20,-59,-6
-11,-59,-5
-10,-60,-5
-15,-62,-6
-24,-58,-3
-22,-58,-3
-18,-58,-1
-18,-63,0
-19,-62,1
-21,-62,0
-21,-63,-1
-19,-66,0
-17,-70,1
-11,-70,2
-9,-72,3
-8,-75,4
-9,-73,3
-15,-68,7
-22,-62,14
-24,-51,22
-13,-45,23
-5,-47,22
5,-55,19
6,-60,17
2,-64,11
-2,-60,10
-13,-51,9
-20,-50,10
-35,-53,10
-39,-55,10
-36,-62,18
-30,-62,24
-23,-62,30
-32,-58,28
-39,-54,27
-54,-53,21
-64,-56,12
-103,-74,-4
-106,-83,-3
-80,-71,-1
-76,-65,-3
-83,-62,-15
-89,-64,-21
-84,-67,-26
-87,-66,-26
-76,-54,-18
-75,-44,-16
-75,-35,-13
-84,-35,-14
-69,-33,-9
-18,-18,20
-5,-10,29
2,-6,33
7,-3,37
8,12,41
10,17,39
-4,32,46
-17,44,49
-33,48,46
-59,40,34
-56,33,31
-34,28,40
-31,23,46
-35,30,33
-34,32,24
-29,38,36
-23,36,45
-35,36,39
-38,38,30
-32,44,40
-32,35,49
-36,34,38
-34,40,42
-28,38,50
-30,44,46
-34,42,44
-38,51,35
-28,65,30
-2,49,66
-36,38,63
-48,38,36
-33,43,36
-22,50,18
-23,50,16
-16,42,32
-31,30,33
-37,39,25
-37,45,16
-39,42,18
-58,35,18
-75,37,10
-41,45,23
-5,37,48
-33,23,57
-49,32,51
-44,41,51
-36,48,54
-44,45,52
-62,43,42
-58,35,37
-35,21,37
-13,18,44
-10,16,45
-24,18,42
-22,29,46
-26,30,46
-36,34,46
-38,38,42
-30,36,44
-18,38,48
-21,36,47
-18,39,41
-12,43,43
-8,45,46
-16,49,44
-22,48,41
-22,50,43
-15,55,44
-21,65,37
-30,59,31
-26,42,31
-14,39,33
-23,53,24
-29,51,26
-20,46,34
-10,39,43
-31,43,35
-35,46,32
-32,46,29
-30,45,32
-24,42,34
-31,43,30
-27,42,34
-31,45,40
-31,50,40
-28,54,35
-41,56,29
-57,52,29
-58,54,29
-58,37,19
-67,29,12
-45,31,13
-30,30,12
-43,34,1
-47,34,2
-48,35,16
-57,40,11
-52,45,9
-45,43,8
-47,40,9
-50,37,8
-52,38,10
-59,41,15
-60,44,12
-55,49,7
-48,49,10
-46,53,8
-50,50,7
-45,49,10
-33,56,10
-24,52,9
-40,42,3
-28,42,18
-25,45,20
-31,50,17
-32,52,22
-17,55,33
-22,56,21
-26,54,14
-35,51,14
-32,41,28
-28,32,32
-19,20,42
-14,17,46
-5,12,45
5,6,43
5,-12,38
3,-26,27
-39,-62,-10
-61,-91,-23
-77,-89,-14
-74,-88,-9
-74,-88,-14
-73,-98,-13
-75,-98,-10
-54,-83,0
-37,-78,9
-26,-76,27
-28,-76,32
-31,-77,36
-31,-76,34
-33,-74,32
-34,-74,33
-31,-73,35
-22,-72,29
-19,-77,26
-17,-97,18
-16,-108,6
-21,-98,-6
-25,-85,-8
-21,-68,-21
-17,-70,-23
-20,-67,-19
-22,-71,-19
-25,-58,-16
-22,-52,-14
-17,-46,-6
-18,-47,0
-19,-46,0
-21,-48,-1
-21,-51,0
-18,-65,1
-15,-67,2
-12,-71,4
-11,-72,6
-14,-74,8
-19,-74,11
-25,-70,19
-24,-65,23
-9,-56,24
8,-58,24
11,-61,23
6,-68,17
2,-69,15
-9,-63,10
-15,-59,10
-24,-52,10
-27,-51,9
-28,-54,7
-25,-54,8
-19,-57,11
-17,-58,14
-17,-58,18
-24,-59,18
-28,-63,18
-38,-81,17
-42,-95,16
-29,-102,12
-17,-84,13
-4,-60,15
-5,-61,12
-10,-62,7
-15,-64,8
-24,-62,5
-24,-57,3
-19,-59,0
-16,-59,0
-18,-59,-1
-22,-57,-1
-22,-57,-1
-19,-61,0
-17,-62,0
-14,-65,3
-11,-69,5
-7,-72,9
-6,-74,11
-11,-70,22
-14,-57,38
-14,-53,42
5,-52,38
13,-57,33
20,-67,21
17,-69,16
4,-64,11
-5,-60,10
-21,-49,5
-26,-48,4
-33,-49,1
-34,-49,0
-32,-52,6
-30,-58,14
-29,-59,19
-27,-62,25
-29,-63,26
-40,-72,24
-46,-82,21
-37,-107,18
-19,-107,17
0,-73,20
-4,-70,16
-16,-80,8
-18,-80,5
-23,-73,1
-22,-61,1
-20,-59,0
-16,-64,-2
-13,-60,-2
-12,-53,0
-13,-55,2
-10,-58,2
-6,-58,2
-2,-57,5
-2,-58,6
-7,-59,6
-11,-61,6
-19,-69,13
-22,-68,28
-17,-65,31
2,-58,33
12,-60,33
16,-72,25
12,-77,19
1,-78,8
-4,-75,6
-16,-60,5
-21,-54,4
-30,-47,5
-32,-47,4
-29,-48,5
-24,-54,10
-23,-54,14
-24,-54,22
-27,-57,25
-35,-71,26
-44,-84,25
-46,-115,15
-20,-105,14
7,-64,19
1,-64,15
-13,-66,7
-23,-73,6
-26,-70,4
-22,-59,0
-20,-55,-1
-18,-60,-2
-19,-60,-2
-20,-57,-3
-20,-60,-1
-16,-63,-1
-12,-63,0
-5,-62,5
-4,-62,7
-5,-64,11
-9,-65,17
-11,-64,22
-14,-58,37
-9,-55,39
10,-51,38
15,-57,35
11,-76,26
8,-82,20
0,-82,10
-11,-65,8
-16,-58,7
-21,-52,6
-30,-48,5
-32,-45,4
-31,-46,6
-28,-48,11
-29,-49,14
-33,-54,22
-34,-58,24
-37,-71,25
-41,-81,25
-36,-103,22
-18,-102,19
4,-75,18
1,-66,15
-11,-63,10
-22,-68,9
-25,-66,6
-24,-59,1
-22,-61,-1
-18,-63,-1
-16,-61,-1
-18,-56,0
-18,-55,2
-18,-57,5
-16,-60,4
-8,-59,7
-3,-59,11
-3,-58,12
-5,-56,15
-7,-57,16
-6,-57,15
-7,-62,15
-12,-76,20
-17,-82,22
-21,-81,28
-16,-74,28
4,-68,23
10,-70,18
5,-73,7
-4,-73,-1
-9,-68,-4
-18,-52,-7
-22,-45,-6
-33,-43,3
-37,-44,4
-34,-45,7
-29,-45,10
-16,-46,19
-9,-48,25
-4,-51,28
-6,-53,26
-22,-60,16
-42,-79,9
-48,-92,10
-45,-82,18
-37,-70,22
-17,-65,23
-11,-70,20
-8,-73,16
-11,-74,17
-16,-75,12
-17,-67,11
-12,-60,14
-15,-57,12
-15,-56,10
-13,-54,6
-11,-56,5
-8,-59,5
-9,-60,5
-11,-62,3
-11,-64,2
-12,-70,0
-14,-76,-1
-25,-78,6
-29,-70,14
-26,-53,26
-4,-54,23
5,-60,20
13,-69,12
11,-67,9
0,-62,8
-9,-57,11
-20,-45,12
-23,-44,12
-22,-45,13
-17,-44,14
-6,-49,17
-3,-55,20
-7,-62,22
-30,-77,21
-45,-84,21
-63,-102,22
-61,-109,22
-16,-85,23
-1,-66,25
-6,-65,13
-12,-66,10
-22,-71,9
-24,-70,9
-23,-63,4
-23,-57,4
-21,-59,0
-22,-58,-2
-21,-58,-1
-18,-62,0
-14,-64,0
-7,-64,3
-4,-63,6
-3,-65,9
-3,-63,10
-7,-66,12
-9,-69,15
-11,-67,26
-11,-63,31
-2,-55,31
11,-58,31
12,-61,28
7,-70,20
4,-72,15
-5,-70,8
-8,-66,6
-16,-56,4
-22,-53,4
-32,-50,6
-34,-51,6
-24,-53,8
-15,-52,14
-13,-54,15
-28,-71,17
-48,-89,24
-79,-118,14
-45,-111,4
6,-65,18
6,-63,14
-5,-70,6
-10,-77,7
-12,-74,12
-11,-69,13
-14,-64,7
-15,-62,0
-15,-61,-1
-15,-58,-1
-13,-55,-1
-14,-59,-3
-13,-61,-3
-12,-62,-1
-10,-65,0
-5,-74,0
-5,-73,1
-15,-63,10
-24,-55,17
-22,-45,23
-1,-52,22
7,-58,22
15,-70,18
16,-72,17
11,-72,15
5,-68,14
-14,-58,11
-22,-55,10
-34,-56,7
-34,-57,6
-19,-57,9
-9,-57,16
-9,-56,18
-19,-60,16
-28,-70,15
-55,-99,20
-59,-107,18
-20,-88,17
0,-71,20
-1,-68,10
-7,-72,5
-17,-74,7
-20,-70,7
-17,-69,2
-14,-58,0
-14,-54,-1
-19,-48,-4
-21,-47,-5
-22,-50,-5
-20,-53,-5
-16,-60,-4
-14,-64,-3
-11,-73,2
-10,-76,5
-12,-80,13
-14,-88,17
-6,-87,35
12,-66,49
24,-57,46
33,-52,29
25,-52,21
1,-67,10
-10,-74,7
-18,-65,3
-17,-59,2
-20,-49,2
-23,-47,3
-32,-49,-1
-35,-52,-3
-32,-58,-2
-29,-58,5
-30,-57,10
-39,-61,17
-46,-69,18
-64,-104,19
-43,-115,14
13,-86,16
14,-75,15
3,-82,13
-1,-84,12
-6,-81,10
-9,-79,9
-13,-65,4
-12,-60,0
-11,-60,-2
-13,-57,-4
-15,-57,-5
-14,-62,-8
-12,-63,-9
-9,-60,-8
-9,-60,-7
-11,-62,-3
-15,-62,-1
-28,-56,14
-33,-47,22
-21,-51,19
11,-70,26
24,-80,28
32,-88,22
28,-87,19
11,-75,13
0,-68,11
-22,-59,10
-28,-55,9
-26,-50,6
-21,-49,6
-13,-48,9
-14,-49,9
-17,-50,9
-39,-67,8
-62,-84,8
-83,-102,5
-63,-97,-4
-3,-73,15
2,-62,18
-9,-66,8
-14,-71,7
-18,-72,12
-17,-73,13
-13,-63,10
-12,-58,4
-14,-60,2
-13,-64,1
-11,-62,0
-11,-61,3
-9,-63,5
-8,-66,3
-8,-64,4
-12,-66,5
-15,-70,0
-20,-67,6
-29,-53,16
-30,-49,18
1,-52,30
14,-53,36
14,-59,35
12,-62,31
6,-65,26
2,-64,23
-11,-59,17
-20,-57,15
-32,-53,17
-32,-52,17
-21,-51,20
-14,-55,24
-13,-56,24
-28,-64,24
-40,-72,25
-70,-85,25
-74,-96,15
-37,-91,7
-14,-72,11
-9,-68,8
-12,-73,6
-15,-78,7
-14,-78,9
-11,-67,9
-12,-59,6
-14,-57,4
-17,-56,2
-17,-56,2
-13,-57,2
-11,-59,1
-5,-62,1
-3,-62,3
-3,-65,3
-5,-63,2
-13,-65,5
-20,-66,8
-29,-60,25
-15,-55,28
0,-56,29
22,-65,29
24,-71,24
14,-75,14
7,-74,9
-8,-63,4
-16,-57,2
-30,-50,1
-34,-48,1
-37,-48,2
-34,-51,3
-28,-57,10
-27,-62,17
-29,-64,19
-47,-70,22
-59,-83,19
-50,-99,11
-24,-113,10
5,-83,17
3,-74,14
-9,-75,11
-14,-79,10
-18,-77,7
-16,-68,1
-14,-63,0
-11,-57,-1
-11,-55,-1
-14,-52,-1
-15,-51,-2
-15,-52,-2
-13,-55,-2
-10,-59,-1
-9,-60,1
-9,-60,5
-9,-60,8
-11,-67,14
-14,-71,27
-11,-67,34
9,-59,45
16,-60,50
9,-68,48
-4,-73,43
-17,-81,33
-23,-77,32
-43,-67,9
-49,-55,9
-51,-45,20
-59,-38,21
-69,-37,22
-60,-24,36
-59,-18,41
-57,-6,45
-54,-1,47
-60,-2,45
-57,-5,43
-60,-12,46
-58,-18,48
-43,-18,49
-34,-16,45
-25,-18,43
-23,-33,37
0,-18,54
-10,-19,39
-14,-25,23
-13,-47,42
1,-27,68
5,-16,66
-1,-12,38
-26,1,11
-45,11,14
-125,0,-9
-123,-21,-7
-68,-12,24
-76,-6,-2
-71,-5,-7
-70,-12,-11
-64,-10,-9
-60,-14,1
-62,-14,0
-65,-12,1
-63,-11,3
-64,-14,6
-64,-14,6
-66,-15,5
-67,-14,8
-62,-12,8
-63,-10,13
-63,-12,15
-66,-10,18
-65,-8,19
-64,-6,17
-64,-6,21
-61,-3,21
-57,-1,19
-61,4,23
-69,4,27
-74,4,23
-88,-1,24
-81,7,41
-75,4,46
-29,-32,44
-115,3,9
-104,6,17
-85,40,-9
-76,44,-36
-16,53,-28
12,60,-25
36,53,-5
52,45,26
30,40,45
15,32,36
-24,21,127
-11,38,28
-19,38,44
-22,43,44
-15,47,48
-20,43,40
-19,42,41
-15,43,43
-16,43,44
-24,43,39
-21,45,42
-20,45,42
-23,44,41
-28,46,38
-25,46,40
-24,45,41
-25,44,40
-27,44,40
-26,43,41
-25,42,41
-28,40,40
-28,40,40
-28,39,41
-28,39,42
-30,38,41
-28,38,42
-30,38,41
-30,37,42
-30,38,42
-30,38,43
-30,38,43
-29,39,44
-29,38,44
-29,38,43
-28,38,44
-30,38,42
-29,38,42
-27,37,42
-28,36,42
-29,34,42
-31,34,41
-33,33,41
-40,29,37
-43,28,35
-44,27,37
-44,28,39
-50,34,36
-51,37,31
-52,39,23
-55,39,20
-56,39,19
-49,38,17
-45,38,13
-43,37,12
-44,34,13
-45,33,34
-47,36,29
-45,39,22
-44,38,23
-52,36,32
-65,40,34
-39,38,25
-44,40,25
-44,41,25
-44,41,25
-43,41,25
-43,41,25
-42,41,25
-42,42,25
-42,42,26
-42,42,25
-41,42,26
-42,41,25
-42,41,26
-41,41,27
-41,42,27
-41,42,28
-41,43,28
-41,43,28
-41,42,28
-40,42,29
-39,42,30
-37,41,31
-38,42,30
-38,43,31
-37,43,31
-36,43,32
-35,43,31
-34,44,33
-35,44,33
-34,43,32
-34,44,35
-31,42,38
-28,40,41
-23,38,44
-21,36,47
-20,37,47
-16,35,49
-13,35,51
-12,34,51
-11,34,53
-9,34,54
-10,33,53
-8,33,56
-8,32,56
-8,30,54
-8,30,54
-9,29,58
-6,27,61
-4,22,62
-4,23,60
-3,23,57
-2,24,56
-3,24,55
-3,23,53
-3,24,55
0,32,62
5,27,57
0,29,55
3,29,57
5,29,57
6,28,57
6,26,55
6,26,54
8,25,55
8,24,54
9,23,53
9,22,52
9,21,50
6,24,52
7,24,49
5,22,58
12,23,78
3,20,66
9,27,52
-5,22,43
3,18,54
-11,15,90
-1,23,63
2,16,62
3,14,62
1,14,59
0,12,57
1,12,61
-1,11,64
0,11,61
-3,12,61
-4,12,62
-4,13,62
-4,12,63
-5,9,66
-4,7,66
-9,7,66
-11,7,66
-7,6,64
-7,5,63
-6,4,63
-11,4,62
-13,4,63
-16,-1,58
-8,-6,56
-5,-6,58
-2,-9,59
-4,-11,57
-9,-10,59
-13,-2,63
-14,2,59
-2,-9,56
-8,-20,56
-6,-9,62
-3,-17,66
3,-23,69
3,-19,64
2,-21,55
-5,-39,62
-23,-41,66
-18,-33,66
-18,-29,57
-22,-26,54
-25,-22,52
-27,-22,53
-33,-24,55
-32,-23,56
-33,-19,55
-36,-19,55
-37,-18,55
-37,-17,56
-37,-20,56
-37,-16,53
-38,-14,51
-43,-8,45
-42,-7,44
-35,-6,46
-32,-5,46
-30,-7,50
-31,-8,53
-30,-12,56
-28,-14,57
-27,-16,58
-27,-18,57
-27,-21,54
-17,-28,51
-10,-29,49
-1,-29,41
-2,-33,38
-1,-42,30
1,-47,27
-3,-70,22
-8,-84,20
-18,-102,14
-15,-98,11
-7,-91,6
-7,-88,6
-19,-88,0
-34,-84,-6
-34,-76,-8
-27,-57,-5
-25,-51,-2
-30,-43,2
-34,-42,3
-36,-46,3
-33,-50,5
-29,-56,13
-26,-59,17
-26,-67,26
-28,-73,29
-30,-81,30
-27,-104,27
-19,-114,24
3,-97,24
6,-80,23
0,-70,12
-5,-72,9
-15,-80,8
-16,-86,5
-15,-76,-2
-13,-71,-5
-11,-66,-5
-12,-60,-6
-14,-54,-8
-20,-52,-9
-22,-54,-9
-20,-54,-8
-17,-52,-6
-14,-56,-3
-13,-59,-1
-15,-63,6
-17,-60,12
-26,-52,30
-21,-53,33
10,-65,36
33,-81,33
35,-85,26
27,-81,19
21,-80,19
-1,-67,11
-20,-59,3
-34,-50,4
-32,-47,6
-25,-45,6
-21,-49,7
-21,-55,9
-27,-59,10
-53,-75,14
-69,-96,15
-63,-111,9
-19,-95,13
-3,-72,17
-7,-68,9
-10,-71,7
-15,-76,9
-15,-75,10
-15,-62,8
-15,-57,5
-17,-52,1
-21,-56,-2
-22,-57,-2
-17,-62,-3
-14,-64,-4
-8,-68,1
-6,-68,2
-3,-66,3
-5,-64,5
-20,-66,13
-27,-61,23
-26,-52,34
-12,-47,32
18,-49,32
25,-65,25
19,-71,21
3,-72,14
-4,-68,12
-19,-59,6
-25,-56,4
-34,-53,1
-37,-53,0
-34,-56,3
-31,-59,5
-31,-61,11
-33,-62,14
-38,-67,19
-45,-85,21
-45,-98,22
-13,-114,17
0,-93,20
1,-69,14
-4,-69,10
-11,-80,9
-14,-81,8
-14,-73,3
-13,-68,0
-12,-62,-2
-12,-60,-2
-15,-57,-5
-21,-55,-6
-22,-55,-7
-19,-61,-8
-17,-61,-8
-10,-64,-7
-6,-72,-9
-13,-66,0
-27,-58,13
-42,-43,27
-35,-42,24
-3,-59,22
13,-68,19
38,-81,22
33,-70,28
20,-63,26
-8,-55,18
-18,-54,16
-29,-54,12
-28,-54,10
-19,-59,13
-16,-64,17
-14,-71,20
-18,-73,20
-35,-73,23
-45,-81,23
-55,-101,16
-12,-107,16
-1,-80,20
-11,-67,15
-17,-70,11
-21,-78,5
-20,-79,4
-18,-73,0
-17,-70,-1
-15,-66,-4
-15,-65,-4
-20,-68,-6
-19,-70,-9
-16,-71,-10
-12,-67,-10
-11,-64,-10
-11,-62,-5
-15,-61,0
-25,-63,13
-29,-61,22
-18,-60,37
7,-61,41
64,-61,50
74,-65,46
45,-73,25
6,-78,10
-6,-78,6
-19,-69,1
-21,-64,-1
-23,-58,-3
-24,-58,-2
-28,-64,-6
-31,-68,-9
-45,-71,-10
-49,-75,-11
-48,-68,-3
-48,-67,0
-69,-76,6
-80,-87,7
-61,-99,4
-6,-88,13
7,-73,17
3,-79,8
2,-84,6
-3,-87,9
-5,-83,10
-10,-73,7
-12,-70,3
-12,-67,-3
-14,-64,-3
-17,-64,-5
-18,-64,-6
-14,-65,-5
-11,-64,-2
-10,-67,-1
-6,-63,-2
-7,-64,0
-15,-59,10
-23,-52,22
-22,-39,27
-10,-37,24
18,-47,27
24,-69,24
19,-75,21
5,-81,13
-1,-80,10
-16,-74,5
-25,-72,6
-38,-69,7
-40,-67,6
-33,-67,6
-30,-67,8
-29,-62,11
-34,-60,14
-39,-61,14
-58,-77,18
-67,-91,18
-22,-97,11
-1,-93,11
-3,-84,7
-9,-87,2
-12,-93,1
-11,-91,2
-10,-79,2
-10,-73,1
-9,-64,-3
-9,-59,-3
-12,-50,-2
-15,-49,-2
-13,-51,-2
-8,-54,-1
-6,-56,-1
-3,-60,1
-3,-58,2
-10,-61,4
-17,-63,9
-28,-64,27
-27,-62,32
0,-61,32
17,-64,33
30,-78,28
13,-88,14
5,-87,8
-11,-75,3
-18,-66,0
-28,-50,-2
-32,-47,-2
-36,-46,0
-34,-47,0
-26,-51,3
-24,-53,6
-26,-54,10
-41,-64,16
-56,-77,19
-67,-111,13
-36,-111,8
13,-78,18
10,-73,13
0,-77,6
-3,-83,8
-7,-86,13
-8,-77,12
-11,-67,4
-10,-64,0
-10,-59,-3
-16,-57,-4
-18,-56,-5
-15,-58,-5
-13,-60,-4
-10,-58,-2
-8,-59,-1
-6,-60,1
-8,-61,2
-16,-62,9
-22,-59,17
-29,-53,31
-18,-55,29
18,-65,32
32,-81,25
28,-83,20
13,-81,11
3,-75,8
-17,-60,3
-25,-53,1
-33,-47,3
-34,-45,4
-29,-45,3
-25,-47,6
-24,-51,10
-29,-59,13
-36,-65,14
-65,-86,17
-71,-97,17
-21,-111,13
-2,-89,18
3,-67,17
-3,-71,13
-13,-73,11
-16,-74,11
-17,-67,8
-15,-63,4
-13,-59,0
-14,-59,0
-15,-60,0
-16,-59,-1
-15,-58,-1
-13,-61,-2
-12,-62,-1
-10,-63,0
-10,-66,0
-10,-67,2
-12,-69,4
-20,-63,18
-22,-54,33
-13,-52,35
18,-55,36
26,-62,33
20,-77,20
15,-78,16
0,-78,8
-7,-69,6
-19,-54,1
-25,-51,0
-32,-48,0
-34,-49,-1
-27,-51,1
-21,-55,5
-22,-56,7
-29,-61,11
-36,-62,14
-55,-73,16
-63,-84,16
-36,-105,14
-7,-96,19
8,-80,16
2,-86,13
-9,-86,11
-10,-88,10
-12,-72,6
-15,-66,2
-15,-65,1
-14,-61,-1
-13,-59,-2
-12,-56,-1
-12,-56,-1
-11,-61,-3
-11,-59,-2
-9,-59,0
-9,-63,-2
-11,-66,-3
-13,-64,-2
-28,-53,15
-28,-45,26
-15,-47,26
13,-60,29
20,-69,28
22,-79,22
18,-76,20
1,-67,16
-9,-62,15
-27,-56,12
-32,-56,12
-26,-53,11
-20,-54,14
-12,-58,19
-16,-61,19
-21,-63,18
-35,-66,18
-46,-73,18
-60,-92,14
-48,-101,9
-7,-88,11
0,-71,13
-8,-71,8
-13,-75,6
-18,-69,4
-17,-70,2
-16,-61,1
-14,-57,-2
-14,-56,-2
-17,-54,-1
-18,-53,-2
-19,-57,-3
-18,-61,-2
-11,-65,0
-7,-66,3
0,-70,8
1,-68,12
-1,-68,16
-10,-65,26
-14,-63,32
-11,-51,32
-3,-47,30
9,-57,27
9,-64,23
4,-78,15
0,-80,10
-10,-71,5
-14,-61,4
-24,-49,5
-29,-47,7
-31,-47,6
-20,-50,7
-17,-52,8
-18,-53,16
-23,-54,18
-37,-61,23
-46,-69,24
-69,-98,17
-56,-113,10
7,-105,12
13,-80,14
5,-65,10
-1,-66,11
-14,-68,10
-24,-65,5
-25,-63,-1
-21,-59,-7
-19,-58,-7
-17,-60,-3
-18,-60,-3
-20,-59,-7
-19,-60,-7
-15,-63,-5
-13,-63,-4
-9,-63,0
-8,-65,4
-9,-68,7
-19,-66,19
-24,-61,25
-23,-52,33
-14,-57,32
18,-67,26
32,-69,24
35,-70,20
26,-69,18
3,-64,13
-8,-59,11
-22,-51,9
-29,-51,9
-30,-52,8
-23,-56,9
-19,-58,10
-16,-64,14
-17,-66,15
-24,-71,16
-31,-76,17
-46,-88,18
-47,-103,17
-16,-96,16
-5,-76,16
-8,-67,10
-14,-74,7
-16,-76,6
-16,-73,5
-15,-69,2
-13,-61,0
-12,-59,0
-15,-59,-1
-16,-57,-1
-16,-57,-2
-13,-58,-2
-9,-61,-2
-8,-60,-2
-6,-62,-1
-9,-60,-1
-11,-62,0
-24,-66,10
-31,-65,22
-25,-59,29
-6,-56,28
29,-64,31
35,-73,28
24,-79,16
15,-79,10
-3,-73,3
-13,-64,1
-25,-48,-1
-32,-40,2
-33,-39,4
-26,-43,3
-21,-47,4
-16,-55,9
-16,-58,11
-22,-65,15
-32,-70,18
-63,-91,21
-66,-99,15
-14,-114,12
8,-91,19
5,-69,14
-8,-73,12
-13,-78,13
-17,-73,11
-17,-68,8
-13,-59,1
-12,-58,0
-14,-60,-1
-17,-59,-2
-19,-57,-5
-17,-58,-5
-13,-60,-4
-10,-62,-4
-9,-62,-4
-10,-61,-4
-12,-62,-3
-22,-67,5
-28,-64,16
-32,-57,35
-12,-56,36
34,-54,39
43,-64,33
29,-82,20
18,-85,14
-1,-77,8
-17,-57,1
-22,-49,-1
-29,-44,0
-30,-44,0
-28,-48,-4
-23,-52,-3
-22,-58,2
-26,-59,5
-49,-68,11
-66,-75,12
-77,-92,7
-60,-103,4
-2,-103,15
7,-75,13
5,-71,11
-8,-77,13
-13,-78,14
-18,-73,10
-18,-68,5
-16,-65,-1
-13,-64,-2
-11,-61,-2
-13,-57,-1
-14,-57,-2
-11,-58,-3
-11,-57,-3
-11,-59,-4
-9,-61,-4
-10,-66,-5
-14,-67,-2
-28,-61,16
-36,-54,29
-18,-48,32
3,-50,35
35,-65,34
36,-75,27
22,-80,14
0,-79,6
-11,-68,4
-27,-53,0
-32,-49,-1
-37,-47,1
-35,-48,2
-24,-52,6
-20,-53,10
-20,-59,14
-26,-63,15
-53,-77,18
-68,-87,17
-45,-110,9
5,-81,19
5,-70,17
-6,-75,10
-9,-84,9
-11,-87,9
-11,-81,9
-12,-70,4
-11,-63,2
-10,-57,1
-11,-55,2
-13,-53,2
-12,-53,4
-11,-60,6
-3,-62,3
-1,-64,4
0,-68,3
-3,-71,2
-19,-70,10
-30,-63,20
-23,-52,21
-12,-53,23
9,-65,25
16,-71,23
15,-78,17
5,-79,16
-13,-71,14
-28,-59,8
-33,-53,3
-41,-44,-1
-43,-42,-2
-41,-43,1
-38,-43,2
-37,-44,-1
-41,-48,-2
-57,-62,-9
-67,-69,-14
-84,-85,-22
-54,-70,-10
-39,-68,0
-30,-72,10
-26,-72,20
-21,-72,10
-15,-71,8
-14,-60,4
-13,-57,4
-13,-52,5
-15,-52,4
-16,-51,2
-16,-52,1
-15,-60,1
-10,-65,3
-8,-67,4
-5,-70,3
-7,-72,1
-14,-80,-3
-20,-76,0
-33,-55,12
-35,-50,17
-21,-55,18
-11,-60,17
2,-73,14
5,-74,13
4,-71,10
-5,-57,8
-12,-51,4
-27,-45,4
-32,-46,4
-28,-49,6
-23,-53,7
-16,-57,12
-19,-63,15
-46,-85,22
-71,-97,25
-60,-104,9
2,-72,18
7,-63,17
0,-70,8
-2,-76,9
-7,-83,12
-8,-73,12
-13,-62,4
-15,-60,0
-18,-58,-4
-19,-56,-5
-21,-53,-4
-19,-57,-3
-14,-62,-3
-6,-64,0
-2,-67,1
2,-65,3
0,-64,2
-12,-57,7
-22,-52,13
-34,-56,17
-33,-62,16
-22,-81,10
-2,-81,13
-3,-81,21
-25,-63,19
-36,-47,7
-36,-41,-5
-40,-41,-8
-49,-48,-4
-40,-52,2
-29,-59,9
-28,-59,9
-44,-60,-6
-21,-62,10
-42,-74,37
-61,-74,27
-64,-68,-6
-45,-62,-3
-53,-47,-11
-38,-47,-18
-31,-46,-20
-17,-47,-29
-17,-47,-36
14,-51,-23
21,-56,-21
13,-58,-11
12,-61,-5
2,-64,-3
2,-70,-1
1,-76,1
-5,-79,3
-7,-84,3
-7,-94,4
-6,-98,12
-14,-79,22
-13,-62,21
-5,-52,2
2,-50,-6
18,-47,-20
32,-52,-14
35,-64,-4
30,-67,-3
7,-60,-8
-23,-53,-6
-22,-47,4
-16,-40,17
-24,-46,11
-1,-63,20
-5,-62,19
-29,-71,7
-54,-75,6
-88,-102,15
-90,-104,4
-22,-76,3
3,-70,9
12,-78,12
4,-71,6
-3,-68,2
-20,-62,-4
-24,-63,-6
-25,-55,-7
-23,-51,-7
-21,-49,-5
-21,-51,-6
-19,-58,-7
-18,-61,-7
-14,-62,-4
-12,-65,-2
-12,-69,3
-14,-72,8
-16,-70,12
-22,-62,28
-18,-59,34
13,-60,34
26,-62,35
30,-74,27
24,-75,21
9,-70,12
2,-67,10
-13,-58,7
-24,-52,6
-28,-49,5
-31,-49,5
-29,-52,5
-20,-57,10
-17,-60,12
-20,-69,16
-28,-76,18
-59,-95,22
-64,-104,18
-14,-96,10
4,-77,14
-2,-69,13
-12,-73,10
-14,-76,8
-14,-68,6
-14,-63,4
-14,-56,1
-13,-56,1
-16,-60,-1
-17,-60,-2
-15,-62,-5
-11,-62,-5
-11,-62,-3
-11,-65,-1
-9,-72,2
-5,-72,5
-8,-69,12
-22,-58,28
-22,-57,31
11,-59,32
27,-58,33
30,-68,20
23,-73,14
5,-77,5
-3,-73,4
-19,-60,2
-24,-54,-1
-30,-49,-1
-35,-53,-4
-34,-55,-3
-27,-58,2
-25,-60,6
-38,-70,12
-54,-82,15
-75,-107,12
-51,-114,10
5,-76,18
6,-68,14
-4,-77,6
-9,-89,10
-9,-85,13
-9,-73,9
-11,-65,6
-11,-63,1
-10,-61,0
-10,-58,-1
-10,-56,-1
-10,-58,-1
-10,-61,-2
-9,-62,-3
-8,-62,-3
-10,-62,-1
-11,-62,0
-16,-66,3
-25,-58,20
-26,-57,25
-1,-63,24
15,-66,26
27,-81,21
22,-85,17
10,-80,8
5,-75,3
-9,-61,-6
-16,-54,-10
-30,-47,-12
-39,-50,-10
-39,-53,-9
-32,-55,-5
-31,-57,-2
-47,-67,8
-64,-76,11
-75,-100,4
-41,-111,3
13,-76,22
8,-70,18
-2,-80,11
-6,-89,11
-5,-87,12
-7,-65,11
-12,-64,9
-12,-54,4
-11,-53,1
-10,-48,2
-9,-48,2
-8,-53,1
-9,-56,1
-10,-62,1
-9,-65,1
-9,-66,2
-11,-69,1
-14,-75,1
-25,-69,8
-29,-61,14
-26,-62,24
-17,-64,21
11,-75,16
17,-77,13
15,-76,9
9,-74,9
-3,-58,6
-12,-53,4
-27,-47,-1
-32,-45,3
-31,-44,5
-20,-45,10
-15,-46,12
-18,-58,17
-29,-68,18
-56,-97,19
-60,-110,15
-15,-91,10
4,-72,14
5,-73,14
-2,-74,12
-13,-75,15
-18,-69,10
-20,-69,7
-38,-58,2
-41,-55,-2
-32,-49,9
-33,-48,12
-44,-51,15
-38,-52,19
-40,-50,18
-43,-50,17
-46,-47,24
-43,-38,26
-43,-34,24
-64,-20,27
-70,-12,27
-63,-9,23
-59,-15,21
-57,-15,3
-61,-13,-6
-56,-11,-13
-54,-10,-14
-54,-12,-18
-45,-11,-22
-37,-10,-15
-49,-9,-26
-56,-11,-23
-60,-8,-16
-67,-8,-19
-61,-21,-38
-69,-14,-34
-72,-2,-18
-73,-7,-27
-68,-10,-41
-69,1,-24
-82,-3,2
-83,2,12
-59,9,12
-54,6,41
-35,4,25
-2,0,55
-29,-9,45
-20,1,61
-16,-1,64
-18,4,55
-27,8,50
-15,6,71
-21,3,69
-13,2,63
-16,-1,66
-6,-3,65
-15,-6,61
-14,-8,60
-14,-3,46
-16,-10,44
7,-6,25
4,-8,18
-31,-16,33
-20,-18,23
-20,-36,21
-52,-52,21
-65,-65,20
-47,-62,31
-23,-59,44
-28,-53,32
-28,-55,26
-33,-62,30
-40,-70,34
-36,-64,33
-29,-62,31
-17,-67,29
-13,-73,29
-13,-80,25
-13,-82,22
-11,-81,16
-11,-77,14
-12,-66,11
-15,-62,9
-15,-60,8
-13,-62,5
-12,-63,4
-11,-62,2
-12,-61,2
-14,-59,1
-15,-59,1
-14,-60,0
-10,-60,3
-19,-55,3
-30,-56,0
-35,-52,11
-29,-56,11
-22,-58,13
-23,-59,24
-31,-60,26
-16,-58,23
-11,-57,28
-18,-67,13
-22,-69,8
-27,-69,13
-30,-73,8
-25,-79,4
-22,-81,2
-19,-71,7
-17,-56,14
-19,-50,15
-21,-45,13
-19,-52,12
-12,-60,8
-8,-59,6
-6,-58,5
-10,-54,7
-19,-48,13
-22,-48,14
-19,-51,15
-13,-54,15
-10,-56,16
-7,-59,20
-8,-62,22
-15,-66,21
-17,-68,21
-20,-71,20
-20,-71,20
-20,-68,18
-20,-66,18
-21,-61,17
-22,-60,17
-25,-59,16
-32,-65,15
-36,-74,16
-35,-98,14
-26,-97,13
-9,-77,15
-8,-73,14
-9,-73,7
-9,-72,5
-7,-66,2
-9,-63,2
-18,-60,3
-25,-60,0
-37,-58,-11
-26,-52,-10
-25,-51,-7
-37,-49,-8
-41,-48,-9
-41,-46,-7
-41,-47,-5
-47,-51,1
-48,-55,5
-41,-62,16
-37,-66,21
-34,-70,25
-34,-76,31
-36,-78,37
-41,-70,45
-41,-64,46
-38,-52,46
-38,-47,44
-44,-40,43
-50,-42,43
-56,-44,42
-57,-39,42
-59,-29,42
-57,-21,42
-52,-8,46
-49,1,52
-47,5,55
-37,13,58
-34,17,57
-33,20,57
-34,23,54
-34,30,45
-37,32,43
-25,25,37
-20,27,39
-20,32,31
-25,33,26
-24,31,30
-7,27,35
-8,30,36
-7,29,42
3,28,41
3,29,28
-5,30,31
11,32,40
14,38,36
7,34,40
12,36,50
8,49,33
5,52,31
5,44,45
6,53,37
9,52,37
10,48,42
14,49,38
11,52,34
14,52,32
11,54,28
6,52,31
2,54,27
-3,55,24
3,54,23
5,52,28
5,58,33
9,50,42
8,50,41
7,54,42
5,58,36
7,56,34
11,56,36
14,58,32
14,58,32
4,55,33
3,52,34
0,53,37
-5,52,33
-8,54,34
-6,54,31
-11,56,27
-24,54,19
-27,54,16
-24,58,8
-26,59,6
-32,56,5
-32,56,6
-23,57,8
-19,57,15
-17,58,24
-15,59,26
-17,59,26
-21,58,24
-20,59,22
-21,58,18
-21,58,17
-20,57,20
-19,58,20
-17,59,22
-17,59,22
-17,59,21
-17,59,21
-18,59,22
-16,58,21
-16,59,22
-16,58,22
-15,58,22
-16,58,21
-16,58,21
-16,59,21
-16,59,21
-14,59,22
-14,60,22
-15,60,23
-15,58,23
-14,58,22
-13,58,22
-14,58,22
-16,58,23
-16,58,23
-13,59,23
-14,59,22
-15,59,22
-16,59,21
-15,59,23
-14,60,25
-12,59,30
-15,60,28
-18,58,25
-19,57,24
-20,57,22
-21,55,16
-22,55,16
-20,54,15
-20,55,16
-24,55,19
-24,57,17
-24,57,17
-23,57,15
-26,60,5
-27,59,-3
-22,58,-10
-21,56,-11
-24,55,-14
-22,60,-16
-20,62,-19
-20,63,-23
-20,64,-23
-16,69,-24
-13,67,-26
-6,67,-27
-3,66,-29
-1,63,-30
1,62,-25
-3,61,-24
-3,63,-24
0,62,-23
8,60,-16
11,59,-12
22,57,-2
24,57,-1
30,56,5
30,55,8
19,53,11
16,52,14
19,48,28
5,51,27
0,51,21
10,49,33
17,56,34
0,54,34
3,51,36
3,50,34
-1,50,31
1,49,33
3,49,34
3,48,26
-2,46,14
-5,48,14
-2,45,15
0,45,12
-4,48,8
-5,45,5
-6,45,0
-5,48,-1
-4,48,0
-2,45,-4
-5,52,-7
-8,54,-6
-13,55,-5
-9,56,-8
-14,53,-6
-25,52,-19
-35,54,-18
-53,58,-22
-57,57,-27
-66,32,-41
-82,9,-55
-92,-7,-54
-89,-9,-53
-83,-11,-31
-87,-9,-15
-100,-15,-9
-80,-17,2
-83,-21,7
-77,-26,22
-42,-15,23
-83,-12,1
-70,-10,4
-66,-8,7
-68,-8,4
-80,-7,-7
-82,-8,-13
-71,-7,-13
-70,-4,-5
-63,-1,0
-65,-2,-2
-61,-2,3
-51,2,18
-56,2,22
-70,-8,19
-60,-6,27
-47,-2,36
-44,-4,43
-35,-7,48
-27,-9,52
-21,-8,57
-16,-9,61
-16,-14,63
-19,-19,60
-14,-20,64
-12,-22,56
-10,-24,58
-15,-27,45
-24,-32,46
-8,-28,56
-6,-33,51
-16,-28,49
-9,-23,49
-45,-25,46
-37,-31,61
-29,-20,49
-14,-17,40
-17,-21,54
-27,-26,62
-26,-16,58
-27,-25,60
-31,-25,57
-22,-21,51
-22,-21,51
-30,-23,51
-29,-25,51
-29,-26,53
-29,-23,53
-28,-21,58
-32,-20,58
-28,-20,57
-30,-18,62
-33,-16,61
-27,-9,57
-24,-11,59
-16,-14,60
-23,-12,59
-57,-2,64
-49,-4,67
-21,-6,46
-32,-20,62
-45,-9,64
-40,-6,27
-38,-13,31
-23,-12,58
-34,-7,57
-25,-5,82
-41,-1,72
-52,10,80
-30,8,79
-18,9,46
6,10,50
22,16,49
3,14,38
-6,15,40
-13,9,55
-24,6,53
-25,1,68
-19,-10,72
-13,-1,67
-15,1,67
-47,-6,66
-51,1,62
-57,7,60
-76,-7,55
-84,-19,53
-53,-14,37
-36,-13,36
-45,-13,40
-53,-9,35
-65,-7,30
-66,-7,26
-56,-2,26
-52,1,24
-60,-1,22
-59,1,21
-52,5,22
-53,5,22
-55,6,23
-54,5,27
-57,2,22
-52,2,26
-50,2,28
-52,0,29
-53,1,31
-58,2,35
-64,0,34
-82,-7,25
-81,-6,24
-57,0,29
-52,-1,28
-54,-1,25
-56,-6,20
-58,-8,16
-52,-7,12
-52,-4,13
-53,0,18
-57,0,19
-57,3,24
-58,4,26
-62,7,19
-62,11,25
-66,12,23
-75,12,10
-78,13,4
-76,17,0
-82,15,-1
-99,-2,-12
-93,-5,-14
-62,-3,-6
-61,-4,-6
-64,-4,-9
-63,-3,-9
-57,-1,-4
-58,-2,-2
-59,-2,-2
-58,-2,-2
-58,-1,0
-60,-1,4
-61,-2,5
-62,-2,8
-65,-3,9
-70,-4,12
-72,-5,13
-71,-3,16
-73,-2,18
-80,-5,14
-77,-5,10
-71,-5,10
-57,-3,9
-54,-3,6
-51,-3,3
-50,-3,2
-49,-4,0
-49,-4,0
-51,0,1
-51,1,0
-51,4,5
-55,1,6
-79,0,5
-93,-3,4
-100,2,-6
-78,18,-12
-69,18,-12
-77,17,-20
-81,15,-23
-95,8,-42
-86,6,-41
-46,6,-21
-35,7,-16
-46,10,-24
-53,9,-25
-53,4,-21
-50,-1,-11
-52,-2,-11
-58,0,-12
-61,0,-12
-67,-3,-10
-68,-6,-8
-71,-7,-7
-73,-6,-9
-71,-6,-8
-67,-7,-4
-80,-11,7
-96,-11,-6
-91,-14,0
-69,-13,14
-56,-11,16
-42,-7,17
-40,-6,21
-38,-6,22
-34,-11,23
-33,-18,22
-33,-16,24
-33,2,24
-41,4,16
-73,8,-1
-73,2,-3
-80,5,10
-78,4,17
-77,4,14
-75,11,15
-75,10,10
-70,13,-4
-66,14,-4
-76,16,-26
-98,11,-43
-79,-14,-41
-65,-10,-35
-51,-2,-27
-59,0,-24
-54,-1,-32
-48,-6,-34
-48,-10,-25
-41,-8,-18
-36,-5,-17
-46,-2,-22
-52,-3,-24
-60,-8,-26
-57,-18,-13
-104,-28,2
-84,-22,-4
-69,-16,-6
-77,-20,-17
-77,-21,-30
-75,-20,-36
-65,-23,-24
-53,-12,-5
-54,-15,-5
-47,-18,-10
-44,-18,-4
-39,-20,2
-44,-20,-4
-48,-18,-11
-46,-10,-20
-55,-3,-20
-83,4,-6
-85,-3,-6
-83,2,-4
-82,4,-12
-73,7,-19
-73,9,-19
-63,10,-10
-60,12,-7
-65,13,-16
-86,11,-33
-87,-2,-34
-45,0,-13
-52,5,-14
-70,8,-23
-70,11,-27
-59,10,-20
-47,10,-15
-35,0,-10
-42,0,-5
-44,4,-8
-48,6,-10
-44,2,-15
-73,-9,-20
-71,-10,-18
-75,-27,-1
-91,-30,9
-96,-22,-21
-88,-20,-33
-74,-8,-32
-65,-8,-24
-47,-5,-14
-42,-10,-11
-38,-13,-5
-31,-16,-1
-36,-20,-11
-53,-21,-25
-72,-19,-34
-83,-11,-26
-82,-5,-23
-72,-1,-11
-66,0,-3
-64,2,-5
-61,2,-6
-67,-2,-10
-68,-4,-21
-69,-3,-42
-66,1,-50
-64,16,-66
-56,19,-64
-45,6,-40
-52,-7,-25
-48,-18,-11
-41,-29,5
-50,-24,3
-57,-17,0
-62,-12,-3
-66,-10,-4
-62,-10,-2
-71,-14,1
-74,-14,-1
-70,-22,4
-70,-29,1
-48,-37,-14
-71,-29,-24
-84,-25,-34
-77,-16,-35
-59,-26,-25
-49,-27,-11
-45,-24,-16
-53,-27,-21
-50,-25,-20
-47,-20,-27
-45,-13,-30
-47,-4,-30
-49,11,-30
-52,15,-27
-62,18,-30
-66,14,-26
-67,14,-17
-65,15,-17
-69,17,-22
-69,19,-26
-80,19,-45
-89,13,-62
-81,3,-45
-66,5,-37
-51,5,-36
-49,2,-38
-47,-1,-36
-42,-5,-28
-40,-5,-25
-39,-5,-21
-43,-3,-25
-45,0,-40
-40,-1,-33
-44,-2,-29
-44,-3,-26
-59,-4,-32
-61,-3,-26
-67,-4,-9
-71,-1,0
-73,-3,-3
-98,-15,-19
-101,-13,-22
-88,-5,-24
-76,-5,-22
-59,-8,-16
-57,-11,-15
-48,-16,-15
-46,-14,-15
-43,-8,-13
-41,-5,-12
-40,4,-12
-43,12,-16
-46,15,-18
-56,20,-22
-61,22,-24
-60,28,-29
-58,30,-31
-66,31,-40
-76,30,-51
-95,15,-66
-94,5,-66
-68,1,-43
-55,-3,-33
-58,-6,-34
-60,-7,-35
-56,-7,-33
-46,-6,-21
-49,-3,-17
-50,-3,-16
-50,-2,-13
-50,0,-9
-51,0,-8
-51,-2,-4
-51,-4,-3
-55,-3,0
-64,-1,3
-67,1,5
-75,6,0
-89,2,-11
-99,-2,-16
-88,0,-8
-69,3,-6
-68,-3,-12
-67,-8,-13
-60,-11,-11
-45,-10,-4
-42,-6,2
-50,-1,-1
-52,9,0
-53,15,1
-55,22,-1
-60,24,-4
-71,27,-12
-70,29,-12
-68,33,-13
-71,31,-17
-83,27,-31
-93,19,-34
-85,5,-28
-68,5,-22
-60,1,-23
-63,-1,-19
-66,0,-18
-60,1,-13
-53,1,-10
-46,3,-7
-48,6,-6
-55,7,-10
-56,8,-12
-58,6,-12
-61,3,-13
-61,2,-8
-69,2,1
-71,3,5
-66,12,11
-64,16,14
-83,15,12
-95,8,5
-86,9,7
-72,8,6
-57,0,-1
-53,-1,1
-51,-3,0
-50,-4,-2
-46,2,0
-47,7,-1
-48,11,0
-50,18,-4
-52,21,-6
-61,28,-13
-67,31,-13
-70,35,-13
-69,35,-12
-71,35,-15
-70,34,-18
-65,34,-19
-70,35,-27
-90,22,-35
-76,10,-31
-65,13,-30
-57,15,-38
-58,14,-41
-56,12,-36
-57,10,-34
-59,8,-27
-57,7,-25
-59,5,-24
-58,5,-22
-52,3,-22
-60,1,-23
-65,-1,-19
-63,-4,-15
-64,-2,-11
-62,0,-1
-62,1,-1
-64,10,-2
-66,19,-5
-71,29,-6
-69,26,-6
-64,13,-9
-63,11,-10
-59,9,-10
-57,9,-10
-58,10,-7
-57,15,-3
-54,19,0
-51,23,3
-55,29,3
-55,33,1
-54,35,4
-57,36,5
-62,36,5
-65,36,11
-63,34,14
-58,31,19
-57,23,24
-56,19,18
-68,23,12
-74,27,14
-72,20,14
-70,14,11
-67,8,11
-71,10,8
-67,9,17
-65,10,16
-47,5,22
-49,2,21
-47,1,28
-51,-5,29
-61,-6,29
-43,-6,38
-51,-6,31
-54,-10,28
-52,-10,30
-56,-4,31
-63,-2,35
-64,-7,40
-63,-11,41
-65,-19,37
-69,-22,32
-48,-20,28
-19,-18,48
-9,-17,56
-14,-15,54
-16,-13,54
-9,-9,55
-18,-7,49
-48,-5,32
-56,-2,26
-80,12,8
-86,14,1
-84,19,0
-86,17,-9
-80,10,-10
-59,11,4
-71,14,4
-94,9,7
-82,4,10
-40,-6,26
-29,-10,37
-22,-11,53
-12,-12,59
-16,-1,51
-22,-1,47
-33,3,40
-39,2,46
-42,0,45
-46,-7,49
-45,-10,52
-25,-11,60
-25,-10,59
-29,-10,64
-29,-8,64
-30,-1,60
-31,3,58
-50,13,51
-55,11,51
-38,6,57
-43,4,47
-52,3,39
-50,6,35
-50,4,32
-50,4,26
-48,7,25
-51,15,18
-53,19,17
-47,24,16
-46,27,16
-54,33,14
-59,36,14
-64,43,9
-67,49,2
-64,49,1
-60,49,-10
-64,51,-16
-98,37,-29
-96,27,-25
-65,20,-8
-56,21,-7
-60,12,-14
-60,11,-13
-60,11,-13
-52,10,-11
-51,10,-10
-50,12,-7
-54,11,-6
-57,9,-3
-57,8,0
-56,7,5
-61,6,5
-66,8,12
-64,10,15
-61,19,18
-69,23,16
-99,14,15
-97,9,21
-89,10,18
-68,1,11
-61,0,8
-46,-2,4
-41,-1,4
-40,4,4
-42,7,3
-44,14,0
-45,18,-1
-47,23,0
-51,26,2
-62,34,6
-72,42,1
-72,47,1
-68,49,-2
-67,50,-6
-70,49,-18
-85,46,-29
-87,23,-21
-79,17,-16
-60,17,-11
-55,15,-13
-53,15,-15
-54,15,-13
-51,12,-10
-47,13,-7
-46,14,-6
-52,14,-7
-54,13,-7
-56,12,-1
-57,11,1
-66,9,7
-65,9,10
-65,13,17
-65,14,19
-73,18,21
-90,20,6
-102,16,3
-89,6,8
-75,9,7
-56,4,4
-52,3,3
-47,-2,2
-43,-4,3
-40,1,1
-40,5,0
-44,14,-4
-46,19,-5
-48,27,-4
-52,36,-4
-71,40,-7
-78,50,-11
-80,54,-15
-73,54,-23
-72,51,-28
-87,39,-38
-91,27,-35
-79,8,-26
-68,9,-20
-54,10,-21
-56,7,-23
-55,6,-18
-47,5,-10
-43,5,-6
-44,9,-6
-47,9,-6
-55,11,-4
-57,11,-4
-61,11,-2
-62,11,-2
-69,11,2
-71,12,5
-70,18,6
-69,23,4
-88,24,0
-101,13,7
-95,12,9
-74,5,6
-64,1,4
-48,-4,3
-44,-4,5
-39,-2,6
-39,1,5
-41,9,0
-41,14,-2
-43,26,-4
-47,34,-5
-55,56,1
-69,58,-13
-74,57,-21
-69,59,-26
-64,56,-29
-63,47,-39
-67,43,-41
-73,27,-35
-72,19,-29
-63,13,-23
-60,10,-22
-58,8,-22
-50,12,-18
-49,12,-16
-43,13,-13
-42,15,-10
-43,18,-6
-44,22,-8
-49,24,-12
-56,21,-15
-71,16,-13
-76,14,-9
-75,15,-4
-71,18,0
-75,23,0
-86,12,4
-85,10,5
-71,5,1
-68,2,-2
-61,-2,-8
-54,-3,-6
-47,-5,-2
-47,-4,-1
-46,3,-3
-44,7,-5
-48,17,-6
-51,20,-7
-62,25,-6
-69,32,-10
-71,35,-15
-66,42,-19
-65,43,-21
-70,40,-28
-79,37,-40
-91,15,-41
-84,8,-34
-66,11,-22
-56,11,-21
-54,10,-27
-55,7,-25
-50,5,-21
-45,7,-16
-46,8,-15
-52,8,-14
-53,8,-14
-55,6,-12
-58,5,-13
-61,3,-9
-63,3,-4
-68,4,0
-69,5,1
-73,10,-2
-89,11,-19
-96,9,-21
-89,4,-13
-78,5,-10
-62,-1,-12
-55,-4,-10
-51,-11,-7
-48,-10,-6
-43,-5,-5
-42,-2,-5
-45,9,-11
-46,15,-14
-50,26,-18
-55,35,-17
-61,37,-16
-70,42,-18
-69,46,-21
-67,46,-29
-69,45,-34
-86,33,-47
-90,21,-43
-75,9,-31
-63,12,-23
-50,11,-24
-52,9,-27
-52,9,-25
-49,7,-21
-48,7,-19
-48,9,-15
-49,10,-13
-52,12,-11
-55,12,-11
-60,10,-7
-64,9,-6
-67,8,0
-68,9,4
-70,11,10
-71,16,9
-72,19,7
-98,14,-8
-101,7,-5
-75,6,3
-62,5,1
-51,2,-1
-51,0,-2
-43,-3,1
-44,-2,0
-44,4,1
-45,8,-3
-47,17,-5
-50,20,-6
-55,27,-6
-65,34,-6
-70,37,-6
-73,43,-9
-71,46,-11
-71,43,-17
-78,40,-21
-94,24,-27
-91,14,-23
-70,9,-13
-59,12,-12
-53,11,-17
-61,12,-22
-59,11,-21
-51,10,-14
-47,12,-12
-49,14,-12
-51,15,-11
-55,13,-8
-58,12,-9
-64,10,-9
-65,9,-8
-67,11,-2
-67,12,-1
-59,19,1
-70,26,1
-85,21,-1
-93,15,8
-85,18,10
-70,10,7
-62,4,7
-51,-4,6
-48,-4,5
-40,-2,9
-41,0,11
-43,5,6
-45,9,4
-59,16,2
-71,34,-12
-92,46,-22
-88,49,-8
-85,48,-3
-74,49,-6
-70,45,-8
-75,47,-10
-82,40,-8
-81,18,6
-75,7,12
-54,-3,19
-46,2,24
-32,-1,31
-40,-4,10
-41,-4,6
-35,-16,20
-22,-17,29
-40,-2,27
-47,7,26
-53,9,22
-59,0,28
-72,7,18
-73,0,19
-71,-2,26
-33,-6,42
-32,-10,47
-41,-16,48
-49,-20,44
-70,-22,54
-73,-32,64
-53,-44,66
-29,-33,78
-58,-31,50
-53,-29,47
-48,-26,46
-32,-24,53
-32,-23,45
-41,-9,40
-41,-3,40
-33,9,44
-33,14,42
-23,23,53
-27,26,50
-30,30,45
-38,34,47
-38,39,47
-28,37,48
-36,40,51
-27,40,60
-64,31,49
-62,27,39
-49,26,40
-18,26,53
-11,26,57
-10,29,59
-8,29,53
-18,30,42
-13,30,40
-15,31,45
-17,30,47
-21,28,47
-26,24,50
-21,24,52
-23,25,48
-40,25,39
-47,37,31
-39,43,40
-21,46,51
-20,46,54
-20,48,62
-35,47,51
-46,37,40
-48,32,33
-39,17,43
-14,16,26
-7,20,13
-11,16,-1
-9,11,-4
-19,-5,7
-31,-14,15
-34,-36,10
-65,-46,-3
-106,-39,-14
-98,-26,-15
-97,-7,-21
-87,-1,-24
-63,-2,-20
-78,-14,-34
-84,-19,-38
-76,-24,-39
-72,-30,-42
-68,-44,-53
-68,-54,-64
-59,-45,-61
-60,-38,-52
-58,-34,-40
-51,-32,-28
-43,-31,-23
-35,-27,-23
-11,-16,-17
-28,-1,-24
-29,0,2
-20,8,-23
-46,3,-43
-64,-7,-61
-48,-22,-46
-34,-45,-38
-92,-52,-30
-54,-36,4
-66,-35,-1
-60,-27,10
-31,-28,16
-69,-29,-9
-107,-43,-51
-112,-44,-45
-84,-34,-21
-66,-31,-20
-48,-34,-19
-36,-32,-17
-3,-24,5
7,-27,21
5,-43,43
-4,-48,45
-19,-40,46
-21,-33,47
-21,-22,43
-23,-7,55
-33,-7,61
-38,-5,52
-53,-1,45
-66,3,35
-72,3,23
-77,-1,3
-82,0,2
-75,0,1
-76,1,-1
-79,-2,-1
-81,-4,0
-77,-5,1
-73,-4,4
-74,-6,3
-66,-7,-5
-76,-7,-5
-73,-7,13
-77,-7,15
-75,-5,16
-79,-3,18
-79,3,21
-74,8,23
-54,17,24
-33,29,19
-18,40,16
-7,45,13
-5,44,10
-2,38,0
9,34,-7
22,15,-9
28,-17,-7
-19,-41,-36
-1,-57,-54
-29,-77,-60
-34,-88,-51
-69,-89,-81
-77,-73,-75
-99,-52,-89
-118,-40,-72
-95,-28,-62
-92,-5,-68
-113,8,-69
-118,1,-52
-95,-15,-41
-66,-21,-44
-62,-17,-54
-26,-21,-52
-44,-25,-58
-50,-18,-64
-35,-28,-40
-34,-29,-34
-32,-18,-22
-19,-21,-19
-66,-23,-30
-79,-26,-25
-57,-30,-15
-67,-30,-9
-56,-33,3
-54,-31,11
-82,-30,7
-61,-31,14
-55,-26,11
-66,-22,8
-64,-18,9
-61,-9,5
-63,-3,6
-62,5,8
-64,9,4
-65,15,-1
-60,19,2
-62,24,-8
-59,26,-8
-61,28,-15
-61,27,-16
-61,27,-15
-54,23,-15
-52,22,-14
-55,23,-15
-52,23,-13
-39,21,-8
-33,20,-13
-46,19,-11
-42,21,-8
-43,19,-9
-60,20,-9
-48,23,-4
-54,33,-8
-54,36,-9
-56,43,-13
-53,48,-16
-52,57,-24
-53,56,-23
-54,54,-15
-54,53,-13
-47,50,-9
-49,49,-15
-58,44,-16
-47,44,-4
-44,44,-4
-44,47,-10
-44,48,-9
-37,43,-4
-35,38,-5
-33,31,-11
-38,27,-9
-40,15,-3
-38,8,-6
-49,-2,-4
-59,-2,-3
-62,-14,5
-69,-17,12
-85,-16,13
-78,-19,15
-76,-18,19
-86,-14,24
-84,-9,17
-79,-10,11
-74,-10,11
-70,-10,10
-74,-11,7
-69,-12,7
-66,-10,10
-66,-7,9
-55,-5,-1
-53,-8,2
-52,-14,9
-51,-14,9
-58,-15,10
-70,-17,9
-64,-20,7
-40,-22,26
-46,-27,36
-54,-26,34
-59,-22,37
-63,-17,34
-68,-9,26
-65,-3,26
-64,0,25
-60,5,16
-60,0,16
-67,-4,22
-71,-2,16
-77,2,6
-79,6,2
-75,7,-5
-71,4,-6
-69,0,-11
-62,1,-1
-56,4,-1
-46,-1,-4
-42,-1,-4
-46,6,-3
-43,8,-2
-40,8,-1
-42,11,-3
-53,19,-9
-54,17,-9
-64,15,-8
-70,17,-12
-77,15,-16
-80,8,-10
-87,7,-9
-89,6,-7
-81,5,-4
-54,1,11
-54,2,16
-66,-5,12
-70,-6,9
-63,-6,13
-62,-5,12
-66,-4,10
-67,-4,7
-63,2,6
-62,0,7
-63,0,7
-70,-3,7
-73,-4,6
-73,-5,1
-70,-4,3
-63,-4,13
-60,-7,15
-60,-8,19
-61,-9,22
-59,-7,23
-55,-7,25
-54,-9,25
-66,-13,22
-62,-12,21
-60,-8,24
-61,-8,23
-64,-9,21
-61,-6,21
-59,-1,19
-59,1,17
-59,-3,20
-60,-6,22
-58,-11,30
-59,-9,32
-58,-7,30
-59,-5,26
-60,-4,26
-55,-1,28
-63,-2,25
-67,-5,29
-51,-3,38
-34,-7,42
-11,-8,54
14,-7,77
13,-3,80
3,12,50
-4,22,45
-7,23,49
-15,17,56
-12,12,58
3,4,68
-9,0,69
-18,-16,72
-27,-17,68
-43,-4,67
-35,0,57
-32,-3,48
-31,-5,52
-31,-9,56
-30,-8,54
-32,-8,55
-32,-6,56
-31,-7,55
-29,-5,53
-31,-6,53
-32,-6,56
-31,-6,58
-28,-4,56
-27,-4,54
-29,-6,56
-33,-7,60
-29,-5,55
-31,-4,58
-31,-4,57
-31,-5,58
-31,-5,58
-31,-4,56
-31,-5,57
-30,-6,57
-30,-6,56
-30,-6,57
-30,-6,57
-29,-7,56
-29,-7,56
-29,-7,56
-27,-8,57
-27,-8,57
-27,-9,56
-27,-9,57
-27,-9,56
-26,-9,57
-26,-9,57
-27,-10,57
-26,-11,57
-26,-10,57
-24,-11,56
-24,-11,56
-29,-12,57
-28,-10,58
-25,-11,57
-28,-11,57
-26,-11,57
-26,-12,57
-26,-13,57
-24,-12,57
-24,-13,57
-24,-13,57
-25,-14,57
-22,-15,57
-22,-15,57
-23,-15,58
-24,-15,57
-23,-15,57
-23,-15,57
-23,-15,57
-23,-14,58
-23,-15,58
-22,-15,58
-23,-15,57
-24,-15,58
-23,-15,58
-23,-15,57
-23,-15,57
-24,-15,57
-23,-15,58
-23,-15,58
-23,-14,58
-23,-14,58
-23,-14,58
-22,-14,58
-22,-14,57
-22,-14,57
-23,-15,57
-24,-15,57
-23,-15,57
-24,-16,56
-25,-16,56
-23,-16,57
-24,-16,57
-24,-16,56
-24,-16,56
-23,-15,57
-24,-15,57
-23,-15,58
-23,-14,57
-23,-15,58
-23,-14,58
-23,-15,58
-23,-15,57
-23,-15,57
-23,-16,58
-23,-15,57
-22,-16,57
-22,-16,57
-22,-16,57
-22,-16,57
-22,-16,57
-23,-16,57
-22,-16,57
-22,-15,58
-22,-15,58
-23,-15,58
-23,-15,58
-23,-15,58
-23,-15,58
-23,-15,58
-23,-15,57
-23,-15,56
-23,-16,57
-23,-15,58
-23,-15,57
-23,-15,57
-23,-15,57
-23,-15,57
-23,-15,58
-23,-15,58
-23,-14,57
-23,-14,58
-23,-15,57
-24,-15,57
-23,-15,57
-24,-14,57
-23,-14,57
-24,-15,57
-24,-15,57
-23,-15,57
-24,-14,58
-23,-13,58
-25,-14,57
-25,-14,58
-25,-14,59
-25,-15,58
-26,-16,58
-23,-15,58
-23,-16,59
-26,-16,55
-24,-16,57
-23,-16,58
-22,-15,57
-24,-15,57
-27,-14,57
-27,-13,56
-24,-11,51
-23,-9,52
-21,-11,58
-17,-12,60
-27,-13,63
-28,-13,62
-23,-11,55
-25,-16,59
-24,-17,58
-24,-14,55
-23,-13,55
-25,-14,56
-26,-13,56
-27,-11,56
-28,-11,56
-29,-12,57
-30,-10,60
-36,-11,57
-35,-14,59
-42,-14,63
-41,-15,68
-43,-14,67
-48,-5,57
-31,2,55
-28,9,49
-32,13,50
-30,16,52
-25,18,50
-24,15,47
-20,12,45
-8,14,44
-6,7,47
6,-17,59
18,-43,68
13,-47,65
-23,-60,55
-35,-53,53
-46,-29,49
-45,-20,48
-48,-12,49
-48,-8,46
-74,-8,33
-73,-6,29
-59,-1,30
-54,-5,32
-46,-12,43
-49,-15,42
-47,-14,39
-44,-17,42
-44,-18,44
-47,-19,43
-46,-18,43
-42,-19,44
-40,-19,45
-38,-16,47
-38,-18,48
-39,-16,45
-38,-15,46
-39,-14,46
-44,-14,45
-43,-14,45
-42,-14,46
-41,-15,47
-37,-14,49
-35,-15,51
-39,-18,52
-40,-20,53
-36,-21,52
-36,-20,53
-40,-21,49
-36,-19,48
-33,-20,50
-32,-23,51
-35,-22,50
-31,-19,47
-33,-19,46
-34,-22,48
-35,-22,50
-38,-23,50
-38,-22,49
-39,-20,49
-39,-20,47
-42,-21,46
-43,-21,45
-44,-21,44
-41,-21,43
-38,-22,45
-36,-23,46
-35,-23,46
-36,-23,45
-38,-23,43
-40,-23,42
-45,-23,41
-52,-27,34
-50,-29,35
-38,-27,48
-16,-26,63
-18,-19,67
-27,-6,64
-27,-3,62
-22,-3,57
-19,-4,59
-14,-8,57
-13,-10,53
-8,-12,54
-11,-14,54
-12,-15,55
-8,-23,61
-20,-25,59
-31,-26,65
-31,-20,63
-30,-19,53
-30,-20,52
-24,-24,55
-20,-24,56
-17,-26,57
-17,-27,58
-13,-29,55
-13,-28,53
-13,-30,55
-18,-28,55
-19,-28,55
-14,-22,55
-16,-20,52
-24,-25,65
-20,-23,62
-15,-14,59
-12,-10,64
-39,-23,57
-17,-26,63
-58,-40,52
-46,-50,52
-42,-61,50
-43,-42,43
-36,-24,38
-4,5,42
8,14,42
15,33,45
15,31,47
11,-3,74
-101,-39,118
-24,-5,72
-20,12,50
-32,-8,58
-31,-9,61
-30,-11,53
-28,-17,55
-24,-17,56
-28,-18,55
-28,-19,53
-29,-24,50
-25,-23,51
-20,-22,57
-25,-26,58
-41,-35,59
-43,-46,59
-18,-44,53
-11,-39,54
-12,-28,52
-14,-13,51
-22,2,41
-28,12,35
-26,20,40
-23,30,50
-20,32,55
-24,33,64
-28,34,69
-27,30,73
-27,28,72
-26,24,68
-25,20,68
-22,14,67
-18,18,62
-19,19,59
-20,24,53
-22,26,55
-23,23,57
-21,25,58
-20,23,59
-20,24,63
-12,26,63
-10,28,61
-10,29,56
-12,31,53
-13,28,52
-16,22,50
-18,18,50
-13,10,56
-14,7,56
-25,1,48
-34,-3,47
-38,-12,49
-31,-14,52
-32,-19,52
-33,-21,49
-26,-23,53
-13,-21,57
-9,-20,55
4,-20,62
3,-23,61
-15,-25,53
-13,-24,56
-4,-21,61
-1,-16,61
10,-12,62
9,-15,65
4,-13,73
6,-10,73
5,-8,69
3,-3,68
-2,-2,67
-4,-1,64
-5,-1,64
-18,-2,59
-21,-1,58
-27,-3,53
-30,-4,51
-31,-4,54
-33,-5,54
-32,-5,55
-29,-4,56
-30,-4,55
-33,-5,53
-34,-4,52
-34,-3,51
-34,-4,52
-29,-5,56
-29,-5,56
-29,-5,56
-29,-5,56
-30,-5,55
-31,-4,56
-31,-7,56
-31,-6,56
-31,-5,56
-29,-5,58
-30,-7,56
-31,-8,59
-32,-8,59
-33,-7,51
-35,-7,47
-33,-2,49
-24,6,50
-14,8,42
-15,5,41
22,8,54
35,7,59
34,5,59
47,-3,52
47,-8,52
39,-6,60
43,-6,56
57,-13,49
45,-12,49
40,-10,47
42,-15,44
30,-20,56
31,-26,61
37,-24,66
32,-21,72
30,-20,70
28,-14,65
16,-12,59
8,-4,62
16,4,67
2,9,62
-9,9,59
-34,7,54
-11,15,68
-17,14,60
-41,7,47
-48,7,47
-35,7,53
-46,5,47
-44,5,41
-46,6,44
-54,2,42
-52,2,41
-45,10,37
-42,11,38
-45,15,38
-45,14,37
-32,19,33
-27,24,33
-25,27,29
-18,31,21
-16,33,26
-21,28,39
-19,24,41
-3,28,65
-9,22,70
-16,17,81
-12,15,95
-12,14,114
-1,12,105
3,12,86
0,33,78
-6,40,60
-23,50,47
-20,51,45
-11,47,43
-9,44,40
-13,37,39
-13,29,39
-5,16,38
-10,8,39
-18,-9,39
-8,-18,44
-6,-35,46
3,-45,53
12,-50,62
8,-55,60
2,-49,59
15,-36,52
17,-33,53
16,-35,56
17,-37,59
12,-44,66
11,-43,66
21,-32,69
16,-30,65
6,-27,54
14,-27,41
32,-23,47
36,-23,46
44,-17,41
48,-11,44
48,-15,38
44,-10,57
38,-10,45
27,-24,47
22,-21,60
26,-8,66
21,-13,64
19,-14,66
8,-7,61
0,-3,62
-1,0,65
-7,3,63
-13,6,62
-17,4,56
-18,7,56
-17,8,55
-18,9,50
-26,11,46
-26,21,43
-21,27,38
-25,30,35
-27,37,34
-28,41,31
-31,45,28
-38,46,28
-43,44,35
-35,44,34
-42,41,37
-52,38,37
-45,31,37
-43,29,36
-59,23,34
-48,19,38
-53,14,28
-77,8,22
-69,8,29
-67,4,26
-74,2,20
-67,0,28
-56,1,30
-58,-4,31
-51,-8,37
-47,-7,35
-47,-7,38
-48,-6,42
-42,-11,50
-44,-12,56
-53,-12,57
-51,-10,59
-54,-4,58
-62,0,51
-69,11,38
-71,16,33
-70,20,26
-67,20,22
-57,22,26
-46,21,29
-42,19,30
-35,17,38
-30,16,39
-17,13,44
-12,11,50
-9,7,53
-5,4,54
6,-7,56
-2,-13,56
0,-23,56
14,-24,57
20,-26,57
14,-24,57
29,-24,63
41,-14,54
26,-15,47
40,-19,61
44,-18,55
30,-19,47
35,-19,50
37,-16,45
39,-16,42
45,-20,40
48,-23,44
43,-26,41
43,-25,52
43,-24,57
45,-25,46
40,-28,45
46,-24,47
46,-20,47
47,-10,51
47,-4,50
41,-7,39
41,-7,38
41,-6,38
43,-7,41
35,-7,44
27,-17,46
33,-18,50
42,-27,55
41,-29,55
23,-32,56
27,-26,61
34,-16,64
34,-11,62
34,-5,54
19,-2,41
-12,-6,38
20,-8,37
24,-12,41
25,-16,49
24,-22,51
39,-24,65
24,-29,59
20,-26,60
20,-27,53
21,-18,68
23,-19,65
20,-20,56
25,-22,55
30,-22,63
23,-19,56
29,-20,53
34,-23,54
29,-23,58
28,-21,59
33,-19,62
28,-16,60
21,-13,56
19,-11,58
20,-13,58
10,-14,62
0,-13,60
-1,-12,59
9,-1,69
7,-2,68
-3,-7,53
-7,0,53
-9,7,64
-6,4,64
-19,7,60
-11,8,62
-14,9,62
-21,7,61
-30,5,57
-25,5,57
-25,7,57
-33,5,53
-36,5,50
-33,9,48
-33,12,48
-36,14,45
-35,15,44
-39,19,36
-39,23,35
-36,29,32
-37,29,31
-39,31,29
-44,32,24
-43,37,21
-46,37,17
-45,37,20
-45,39,18
-45,42,17
-47,42,17
-49,40,17
-51,38,16
-52,38,14
-60,33,12
-61,30,12
-65,26,12
-67,24,11
-65,21,12
-64,16,12
-65,15,11
-67,15,8
-68,15,8
-66,15,7
-66,15,7
-68,13,-2
-68,10,-2
-68,9,3
-68,8,3
-67,5,4
-64,4,2
-63,2,1
-58,-3,0
-59,-6,4
-68,-11,6
-72,-11,5
-83,-10,5
-78,-12,5
-78,-12,3
-71,-10,-5
-69,-4,-15
-66,-6,-8
-59,14,0
-44,31,-12
-44,42,-3
-51,35,-10
-35,31,4
-43,23,14
-54,19,11
-57,19,12
-60,11,13
-50,1,20
-44,-1,28
-36,-15,27
-35,-21,34
-18,-24,40
1,-38,50
-7,-49,51
-27,-64,54
-21,-72,51
-25,-78,54
-31,-69,58
-11,-67,51
13,-95,57
-20,-94,34
-18,-88,38
-37,-73,22
-42,-69,19
-37,-62,23
-29,-59,23
-31,-55,26
-20,-58,23
-17,-61,20
-16,-63,18
-14,-63,17
-13,-60,21
-14,-59,21
-15,-56,20
-11,-55,20
-10,-54,20
-11,-54,16
-11,-54,15
-14,-54,16
-14,-54,17
-14,-54,18
-14,-56,19
-13,-63,21
-13,-71,22
-13,-86,22
-13,-86,23
-15,-71,24
-17,-64,23
-16,-56,18
-11,-60,15
-9,-62,14
-11,-59,11
-15,-60,10
-22,-64,8
-23,-59,6
-26,-56,2
-29,-56,1
-28,-60,1
-25,-61,0
-20,-63,2
-16,-64,8
-18,-65,10
-18,-65,17
-19,-63,17
-16,-62,21
-12,-64,22
-5,-67,28
-1,-67,32
2,-61,35
2,-57,36
-2,-50,37
-1,-48,38
-4,-53,36
-3,-60,31
-3,-65,27
-5,-71,17
-9,-67,12
-20,-56,10
-26,-52,10
-28,-50,9
-25,-49,10
-16,-45,13
-14,-45,16
-13,-48,21
-13,-50,22
-13,-55,23
-21,-61,26
-25,-66,27
-34,-86,29
-39,-102,29
-15,-106,26
-3,-85,27
-3,-60,22
-6,-64,17
-11,-71,9
-14,-68,7
-24,-71,4
-26,-66,4
-21,-68,1
-17,-63,0
-17,-62,-2
-19,-60,-3
-19,-61,-3
-14,-62,-3
-13,-62,-3
-11,-62,-3
-11,-62,-1
-15,-61,6
-18,-60,11
-16,-66,17
-11,-68,24
7,-64,44
34,-56,50
40,-56,45
23,-72,27
10,-78,20
-8,-89,8
-13,-86,5
-16,-66,3
-16,-58,3
-20,-46,2
-24,-43,1
-32,-44,-2
-34,-47,-2
-30,-51,2
-27,-52,11
-29,-56,16
-38,-66,23
-45,-74,24
-52,-99,20
-37,-106,16
3,-84,22
5,-70,22
-2,-67,16
-6,-69,15
-12,-73,12
-16,-70,9
-23,-71,7
-16,-65,1
-13,-61,1
-14,-60,1
-16,-58,1
-17,-56,-1
-17,-58,-2
-13,-58,-2
-12,-57,-1
-9,-56,-1
-10,-55,-1
-12,-53,1
-15,-56,4
-25,-58,15
-30,-58,26
-24,-60,30
2,-68,39
13,-74,42
19,-86,31
16,-88,23
3,-83,16
-5,-75,17
-18,-59,17
-22,-53,15
-25,-47,10
-24,-47,8
-22,-48,8
-18,-50,10
-18,-51,12
-18,-54,16
-17,-57,17
-16,-68,19
-14,-75,20
-5,-81,21
0,-78,21
0,-71,21
-5,-69,20
-9,-64,17
-8,-62,13
-8,-61,11
-8,-59,8
-10,-58,7
-16,-56,4
-21,-55,4
-30,-56,1
-32,-56,-1
-28,-57,-1
-24,-58,-1
-19,-60,1
-17,-62,2
-19,-63,3
-23,-63,4
-24,-63,5
-25,-67,7
-24,-69,7
-17,-71,8
-12,-72,9
-4,-72,12
-2,-70,13
-5,-65,14
-7,-63,13
-9,-57,14
-12,-57,14
-13,-58,14
-14,-61,14
-14,-62,14
-14,-64,15
-15,-64,15
-17,-65,14
-17,-64,14
-16,-64,14
-15,-64,13
-16,-63,11
-17,-63,10
-21,-61,9
-22,-62,8
-22,-62,9
-24,-59,9
-24,-57,10
-23,-54,12
-22,-54,13
-21,-57,15
-20,-56,15
-18,-58,15
-18,-58,15
-21,-60,15
-21,-62,15
-21,-65,17
-19,-65,18
-17,-65,18
-11,-63,19
-9,-63,20
-11,-62,19
-12,-61,18
-14,-60,17
-16,-60,17
-18,-60,18
-19,-61,18
-19,-61,19
-19,-62,19
-20,-61,19
-21,-61,18
-22,-62,19
-21,-64,18
-21,-64,18
-22,-62,19
-23,-63,20
-26,-66,22
-26,-66,22
-26,-64,20
-29,-63,21
-38,-60,22
-40,-56,21
-38,-53,21
-35,-51,21
-32,-48,23
-30,-44,27
-28,-41,29
-31,-39,29
-31,-37,29
-32,-34,30
-31,-32,30
-32,-31,36
-29,-30,40
-27,-28,43
-26,-21,54
-24,-15,61
-36,-32,39
-35,-48,32
-30,-14,54
-33,-10,55
-52,-24,53
-46,-18,50
-41,-18,40
-39,-16,40
-38,-16,52
-36,-18,55
-32,-20,55
-32,-20,54
-34,-21,54
-35,-21,54
-34,-20,51
-37,-19,47
-38,-20,47
-38,-19,42
-36,-22,42
-43,-24,42
-43,-22,43
-45,-24,43
-44,-23,45
-46,-25,42
-45,-27,41
-45,-28,38
-52,-28,33
-61,-30,27
-58,-29,18
-60,-31,19
-72,-44,13
-80,-35,19
-61,-18,22
-55,-10,23
-61,-9,11
-60,-12,20
-55,-6,47
-51,-7,44
-56,-8,40
-58,-5,42
-59,-6,39
-59,-11,30
-59,-14,28
-53,-14,26
-52,-12,22
-46,-8,13
-53,-6,7
-69,-10,-12
-64,-11,-7
-62,-13,0
-69,-15,-4
-69,-13,-2
-70,-12,2
-73,-11,5
-61,-6,12
-58,-4,12
-65,2,4
-64,4,3
-63,6,2
-62,7,-3
-62,11,-14
-56,11,-13
-56,12,-13
-62,15,-21
-63,16,-18
-62,15,-14
-64,15,-12
-65,17,-8
-65,17,-5
-66,16,-1
-66,15,3
-70,17,4
-75,17,4
-70,12,8
-69,7,9
-65,7,8
-58,10,8
-53,11,8
-51,15,0
-51,16,-3
-53,16,-4
-53,17,-6
-57,21,-27
-62,22,-32
-59,25,-33
-57,25,-33
-59,25,-37
-56,23,-33
-55,21,-32
-59,19,-33
-58,18,-28
-60,19,-22
-65,19,-20
-70,17,-20
-69,18,-23
-60,15,-13
-58,15,-9
-62,15,-10
-67,17,-12
-68,18,-12
-72,19,-18
-79,18,-21
-76,19,-5
-67,25,0
-45,27,2
-36,26,8
-14,29,17
-7,32,23
-24,31,12
-38,30,5
-60,29,-8
-85,26,-14
-85,26,-6
-76,25,1
-50,26,17
-47,21,27
-62,18,22
-53,16,21
-56,17,20
-64,18,13
-66,17,11
-64,16,12
-65,16,13
-63,19,15
-64,17,15
-65,18,15
-65,18,15
-64,17,14
-64,16,14
-63,17,13
-67,19,11
-68,21,8
-67,23,7
-63,22,10
-62,24,8
-60,20,9
-62,15,11
-63,18,10
-64,20,1
-63,22,-7
-66,21,-14
-62,26,-15
-57,28,-14
-55,26,-5
-54,24,2
-47,20,20
-44,16,25
-31,-3,40
-51,-1,51
-53,-4,38
-57,-3,40
-56,-4,45
-48,-3,43
-47,1,41
-47,6,43
-51,4,43
-61,6,34
-63,8,28
-65,8,21
-66,8,21
-65,10,15
-61,13,18
-56,13,20
-57,14,30
-63,13,28
-53,14,34
-52,14,36
-42,12,45
-40,10,44
-41,11,45
-43,11,42
-48,11,39
-49,11,38
-48,9,37
-45,8,44
-41,9,49
-40,9,47
-41,9,48
-41,5,51
-39,8,54
-32,12,54
-33,11,54
-40,12,52
-41,13,46
-44,8,32
-53,9,30
-57,9,19
-69,8,9
-68,9,6
-66,12,2
-68,13,-1
-73,12,-8
-72,12,-7
-69,12,0
-70,13,4
-67,15,10
-68,16,11
-69,17,11
-69,17,11
-64,18,18
-57,21,23
-56,22,24
-57,21,27
-56,21,30
-56,23,27
-55,23,25
-54,23,27
-54,24,29
-52,23,28
-49,21,31
-40,21,38
-42,20,41
-36,19,46
-31,19,49
-33,20,49
-33,21,52
-38,21,45
-38,21,42
-43,22,43
-38,21,50
-31,19,50
-24,22,49
-28,23,48
-28,23,50
-28,23,49
-27,24,50
-27,26,51
-28,27,49
-30,29,48
-31,29,48
-30,28,51
-27,29,53
-26,29,56
-27,29,55
-25,31,54
-26,33,54
-33,34,50
-36,37,45
-35,38,45
-34,38,42
-31,36,42
-29,37,44
-27,38,44
-23,37,44
-23,37,44
-24,37,41
-25,35,39
-26,34,42
-27,32,43
-24,32,46
-26,27,48
-26,27,50
-24,23,54
-23,22,56
-23,21,58
-23,19,60
-21,16,62
-12,17,66
-8,23,62
-8,24,58
-7,26,61
-7,29,53
-7,31,53
-1,31,50
-6,33,51
-15,33,46
-18,31,47
-14,29,51
-15,27,45
-30,22,41
-39,20,42
-46,18,43
-44,19,42
-55,18,39
-50,18,38
-54,18,36
-52,19,33
-53,19,32
-56,20,27
-56,21,27
-56,22,25
-57,21,24
-55,22,25
-56,23,24
-58,22,20
-58,22,19
-61,22,20
-60,20,20
-58,21,23
-57,20,25
-56,21,26
-55,20,23
-52,21,24
-51,23,24
-50,24,20
-47,23,11
-49,25,9
-56,21,3
-54,17,-1
-50,18,-12
-56,17,-11
-56,18,-8
-50,21,2
-51,21,4
-47,24,21
-43,26,25
-48,32,32
-52,31,34
-57,24,36
-70,25,32
-83,18,36
-79,15,36
-86,9,26
-72,9,32
-72,5,31
-62,4,35
-62,7,29
-55,10,36
-56,9,34
-54,10,35
-51,11,34
-48,14,38
-48,14,39
-22,15,56
-27,15,50
-37,9,40
-49,7,39
-48,7,38
-45,4,41
-51,3,38
-60,4,27
-57,5,24
-61,4,18
-56,2,15
-61,2,7
-70,5,1
-67,7,-13
-62,8,-15
-59,6,-18
-69,4,-41
-68,5,-43
-61,4,-46
-63,4,-49
-55,6,-48
-49,8,-44
-48,12,-36
-52,12,-31
-59,8,-23
-60,7,-11
-66,3,4
-60,-1,21
-53,-4,29
-38,-10,42
-34,-8,51
-19,-3,69
-23,0,63
-25,3,57
-28,2,48
-30,0,52
-36,2,50
-44,3,48
-45,1,49
-41,3,56
-50,3,48
-54,5,43
-52,8,42
-55,9,38
-55,8,38
-55,8,39
-55,5,40
-54,5,42
-50,4,44
-55,5,43
-34,2,52
-34,2,52
-68,6,31
-42,5,41
-37,6,45
-39,7,42
-37,7,43
-32,8,48
-34,6,50
-32,8,47
-27,9,48
-23,1,52
-15,-9,54
-33,-6,58
-41,-13,56
-35,-16,58
-45,-18,58
-51,-18,55
-31,-16,57
-32,-15,56
-30,-13,53
-25,-12,53
-17,-12,53
-8,-16,54
-16,-28,53
-24,-36,53
-48,-35,61
-38,-29,60
-46,-26,56
-35,-21,54
-32,-20,53
-28,-23,51
-26,-22,52
-21,-26,55
-18,-27,58
-23,-25,60
-26,-23,62
-22,-25,58
-18,-24,59
-3,-18,68
-13,-16,60
-16,-15,56
-20,-13,52
-26,-11,47
-32,-5,43
-36,-2,39
-46,-1,22
-53,-1,16
-48,1,21
-49,3,21
-51,0,9
-52,-1,6
-57,-4,2
-59,-13,-12
-66,-23,-16
-75,-42,-33
-80,-48,-40
-82,-42,-43
-77,-37,-41
-68,-33,-26
-61,-34,-24
-63,-33,-22
-47,-36,-29
-53,-41,-45
-47,-35,-62
-53,-42,-69
-42,-22,-64
-28,-16,-63
-51,-3,-75
-49,0,-64
-45,8,-53
-40,8,-39
-34,6,-11
-22,9,0
-7,16,-1
-7,18,-10
-21,20,-32
-22,21,-43
-37,17,-44
-89,18,-44
-98,21,-38
-86,21,-20
-81,20,-15
-71,20,-18
-64,15,-19
-60,17,-23
-52,18,-18
-40,17,-19
-49,17,-17
-27,8,-32
-31,10,-48
-33,11,-60
-29,12,-60
-41,11,-54
-57,8,-50
-66,7,-35
-90,19,-48
-92,22,-56
-63,27,-50
-49,27,-56
-43,31,-60
-41,28,-54
-43,27,-20
-41,35,-31
-46,36,-36
-34,38,-22
-44,42,-22
-49,45,-28
-41,43,-16
-50,42,-8
-53,44,-8
-36,40,3
-38,35,8
-48,38,5
-44,35,4
-37,33,12
-40,34,13
-34,32,22
-29,35,32
-30,37,32
-26,41,29
-26,43,23
-39,46,14
-48,45,13
-58,45,7
-56,45,7
-53,44,6
-47,37,8
-40,39,5
-36,40,4
-36,38,3
-42,35,-4
-38,33,-9
-37,30,-15
-41,40,-17
-35,36,-27
-35,35,-30
-37,26,-47
-31,18,-42
-58,37,-73
-50,40,-69
-55,40,-65
-49,41,-57
-53,42,-55
-53,42,-43
-44,36,-35
-41,34,-20
-46,36,-31
-59,39,-34
-61,40,-26
-46,40,1
-8,31,30
-26,40,72
-32,30,76
-40,25,69
-37,22,48
-34,25,38
-34,33,30
-38,26,21
-71,25,-39
-83,35,-37
-63,32,-21
-52,36,-29
-60,37,-42
-48,36,-41
-35,34,-41
-26,33,-37
-24,34,-34
-23,31,-31
-27,31,-28
-28,31,-27
-29,30,-26
-27,31,-19
-25,34,-17
-31,37,-19
-31,39,-15
-30,42,-18
-29,45,-25
-30,45,-29
-33,46,-36
-36,45,-40
-39,41,-46
-40,39,-46
-39,40,-40
-39,39,-42
-38,39,-41
-37,39,-40
-35,43,-41
-37,45,-43
-39,48,-42
-40,49,-44
-41,49,-45
-41,48,-45
-40,46,-43
-39,42,-35
-38,41,-32
-34,39,-28
-34,38,-27
-35,34,-29
-37,33,-29
-38,32,-27
-38,31,-26
-40,28,-24
-54,25,-28
-57,28,-27
-60,29,-20
-63,31,-19
-63,33,-19
-63,33,-19
-63,31,-20
-60,31,-18
-57,29,-18
-56,28,-18
-53,27,-17
-51,27,-18
-49,26,-18
-48,26,-20
-46,26,-21
-46,28,-24
-49,28,-26
-51,26,-26
-51,26,-27
-53,26,-31
-54,27,-32
-58,23,-14
-73,19,18
-77,16,16
-72,17,7
-69,8,29
-64,-9,50
-44,-6,56
-35,-11,55
-46,-14,48
-54,-11,44
-51,-7,45
-45,-2,42
-46,-1,39
-49,2,32
-50,4,30
-53,9,28
-54,10,27
-53,12,26
-58,10,27
-59,9,29
-58,10,32
-58,9,33
-58,8,32
-58,8,32
-58,8,33
-59,8,33
-58,7,32
-58,6,32
-58,6,31
-58,5,30
-57,5,30
-56,5,30
-56,5,29
-56,5,31
-56,4,33
-56,4,36
-57,4,37
-59,4,39
-63,4,39
-68,2,38
-68,0,38
-58,-2,38
-47,-7,40
-43,-10,40
-40,-10,36
-43,-9,34
-50,-7,23
-51,-4,19
-52,1,15
-52,6,15
-59,16,5
-61,18,1
-66,26,-5
-66,29,-5
-61,35,-3
-62,37,-6
-67,39,-13
-52,39,-12
-43,38,-8
-46,35,-13
-49,36,-14
-53,39,-10
-50,40,-7
-42,50,-6
-52,57,-18
-61,53,-34
-46,46,-25
-41,41,-20
-42,33,-28
-47,31,-34
-43,35,-43
-37,35,-38
-38,25,-25
-45,25,-28
-56,26,-31
-57,27,-29
-51,26,-23
-50,23,-20
-51,20,-19
-56,20,-26
-55,20,-24
-50,20,-24
-56,18,-28
-65,20,-32
-67,22,-33
-74,24,-34
-78,22,-39
-80,14,-37
-72,11,-29
-59,8,-19
-52,7,-18
-46,8,-19
-47,7,-24
-47,8,-25
-52,16,-28
-51,18,-25
-46,29,-23
-49,38,-29
-49,50,-34
-46,51,-37
-39,52,-29
-34,51,-24
-32,43,-7
-33,44,-4
-24,33,3
-16,17,-6
-30,12,-18
-38,-4,-48
-48,-9,-56
-60,-19,-75
-63,-21,-82
-55,-18,-89
-58,-13,-83
-53,2,-62
-51,2,-53
-51,-5,-43
-51,-7,-43
-54,-5,-40
-54,0,-40
-52,1,-39
-46,0,-34
-49,-1,-34
-53,-1,-31
-54,-1,-25
-62,3,-20
-64,2,-19
-71,5,-24
-74,6,-28
-77,8,-33
-68,7,-32
-61,7,-33
-47,5,-32
-42,4,-31
-43,4,-30
-45,4,-29
-52,5,-24
-56,7,-23
-61,11,-21
-63,13,-20
-63,15,-19
-59,16,-20
-59,20,-24
-57,29,-34
-56,34,-38
-51,40,-40
-50,41,-42
-51,43,-38
-49,43,-34
-48,42,-27
-48,43,-26
-47,47,-22
-45,48,-18
-44,40,-10
-43,36,-8
-38,39,-13
-32,44,-18
-30,45,-18
-36,45,-22
-40,42,-22
-49,39,-15
-51,37,-12
-51,37,-6
-49,37,-3
-47,39,0
-47,38,-1
-50,38,-4
-51,40,-4
-54,37,-4
-59,36,-1
-61,35,2
-65,31,11
-66,30,15
-64,29,22
-61,29,23
-65,23,15
-65,18,10
-55,19,3
-51,21,-1
-45,24,-7
-38,29,0
-40,30,3
-44,31,9
-46,32,11
-43,35,15
-42,39,13
-37,46,-1
-44,45,-8
-60,37,-12
-53,32,1
-59,23,-1
-78,23,-8
-90,20,-12
-82,15,-4
-78,13,-1
-72,10,5
-70,15,0
-67,17,-8
-65,20,-11
-53,26,-6
-48,31,-11
-51,39,-26
-53,43,-28
-54,44,-30
-34,42,-26
-20,39,0
-42,28,-7
-57,25,-12
-72,19,-12
-74,17,-6
-80,12,7
-72,13,14
-59,12,25
-57,6,26
-75,8,13
-78,9,12
-57,9,20
-57,7,14
-61,8,14
-59,9,11
-58,10,13
-54,8,18
-59,4,16
-68,-3,5
-76,-4,1
-78,-6,-3
-85,-6,-3
-67,-3,4
-61,-4,7
-57,-10,9
-59,-16,6
-56,-18,5
-56,-14,8
-57,-12,8
-57,-12,9
-59,-14,8
-63,-12,3
-59,-10,7
-56,-11,11
-61,-11,9
-64,-16,11
-67,-19,11
-74,-17,10
-64,-13,13
-57,-11,16
-50,-15,19
-51,-16,18
-47,-21,13
-44,-27,16
-36,-37,28
-38,-47,27
-33,-54,39
-32,-55,39
-31,-56,40
-33,-56,42
-29,-55,47
-33,-52,49
-36,-45,46
-25,-40,45
-25,-38,48
-63,-40,32
-36,-33,37
-40,-34,41
-40,-34,34
-41,-37,32
-41,-37,34
-36,-35,40
-35,-35,41
-32,-41,39
-34,-40,38
-35,-39,38
-34,-38,39
-33,-37,41
-36,-38,37
-36,-38,37
-35,-38,39
-35,-37,39
-34,-37,40
-33,-38,40
-34,-37,41
-32,-35,43
-32,-37,42
-31,-37,42
-31,-36,43
-31,-35,44
-30,-35,44
-30,-36,44
-30,-36,44
-31,-37,43
-31,-36,43
-30,-36,44
-29,-36,45
-29,-36,45
-30,-37,43
-30,-37,43
-28,-38,43
-29,-39,43
-32,-37,42
-32,-38,40
-32,-36,43
-32,-35,43
-33,-34,43
-33,-34,44
-33,-34,42
-33,-34,43
-33,-34,42
-34,-35,41
-34,-34,42
-34,-33,43
-34,-32,43
-35,-31,44
-35,-31,44
-35,-33,42
-34,-36,41
-31,-39,41
-29,-39,42
-28,-38,43
-29,-38,43
-27,-38,44
-27,-40,44
-28,-40,43
-24,-39,47
-24,-38,48
-23,-35,47
-25,-35,46
-33,-32,42
-37,-30,41
-43,-28,41
-44,-29,39
-40,-32,40
-40,-33,39
-39,-34,37
-42,-37,35
-41,-38,34
-37,-35,39
-36,-35,41
-34,-35,42
-36,-34,40
-38,-35,40
-36,-35,41
-35,-36,40
-33,-35,42
-32,-37,42
-33,-36,41
-34,-36,40
-31,-38,42
-30,-38,42
-29,-39,42
-28,-39,43
-26,-39,44
-28,-39,43
-24,-39,43
-23,-40,44
-23,-40,44
-23,-39,45
-22,-38,46
-25,-39,44
-26,-38,45
-25,-38,45
-25,-38,45
-24,-39,45
-25,-39,44
-24,-39,45
-25,-39,44
-25,-38,45
-25,-38,45
-25,-38,45
-25,-39,45
-25,-38,45
-25,-38,45
-24,-38,46
-25,-38,45
-25,-38,45
-24,-38,46
-24,-38,46
-24,-39,44
-25,-38,45
-24,-38,45
-24,-38,45
-25,-38,45
-25,-38,45
-25,-39,45
-24,-38,45
-25,-38,45
-24,-39,45
-24,-39,45
-25,-39,45
-24,-38,45
-25,-39,45
-24,-39,45
-25,-39,45
-25,-39,45
-25,-39,45
-24,-39,45
-25,-39,45
-25,-39,44
-25,-39,44
-24,-39,44
-25,-39,44
-25,-39,45
-25,-39,44
-24,-39,44
-25,-39,44
-24,-39,44
-24,-39,45
-26,-40,43
-23,-39,45
-23,-38,45
-25,-37,47
-22,-37,47
-23,-37,47
-27,-37,44
-32,-37,42
-36,-37,39
-36,-37,38
-35,-38,38
-36,-37,38
-36,-37,38
-31,-37,42
-33,-38,41
-33,-37,41
-33,-37,41
-31,-37,42
-32,-38,41
-33,-37,42
-32,-37,41
-32,-37,41
-32,-37,42
-32,-37,42
-32,-37,42
-32,-37,42
-32,-36,43
-32,-36,42
-32,-37,42
-32,-36,42
-32,-36,42
-32,-37,42
-32,-37,42
-32,-37,42
-32,-37,42
-32,-36,42
-32,-37,42
-33,-37,41
-34,-37,41
-35,-36,40
-32,-36,42
-31,-37,43
-31,-37,43
-31,-37,43
-30,-36,43
-31,-37,43
-32,-38,41
-32,-37,41
-31,-37,42
-31,-36,43
-31,-35,45
-30,-33,46
-29,-33,47
-28,-35,46
-28,-36,45
-27,-38,44
-27,-38,44
-28,-37,45
-29,-37,44
-30,-37,43
-29,-37,43
-27,-37,45
-29,-37,44
-31,-35,43
-31,-36,43
-31,-36,43
-30,-36,44
-30,-36,44
-30,-37,44
-29,-37,44
-30,-37,44
-30,-36,44
-30,-36,44
-30,-36,44
-29,-37,45
-29,-37,44
-29,-37,44
-29,-37,44
-29,-37,44
-29,-36,44
-30,-36,44
-29,-37,44
-29,-37,44
-29,-37,44
-28,-37,44
-29,-37,44
-28,-37,44
-28,-35,45
-28,-36,45
-28,-36,44
-31,-37,43
-33,-36,41
-32,-37,41
-28,-37,45
-30,-37,43
-29,-37,44
-30,-37,43
-30,-37,43
-30,-37,43
-30,-37,43
-30,-37,44
-30,-37,43
-30,-37,43
-30,-37,43
-30,-37,43
-30,-37,43
-30,-37,43
-30,-37,43
-30,-37,43
-30,-37,43
-31,-37,42
-31,-37,42
-31,-37,42
-29,-37,44
-29,-36,44
-30,-36,44
-30,-37,44
-28,-37,44
-28,-37,45
-28,-37,44
-28,-37,44
-29,-37,44
-28,-37,45
-28,-37,45
-27,-37,45
-28,-37,45
-28,-37,44
-27,-37,45
-28,-37,45
-28,-37,45
-28,-37,45
-28,-36,45
-28,-37,45
-28,-36,45
-28,-37,45
-28,-36,45
-28,-37,45
-28,-37,45
-28,-37,45
-28,-37,45
-28,-37,45
-28,-37,45
-28,-37,45
-28,-37,45
-28,-37,45
-28,-37,45
-28,-37,45
-28,-37,45
-28,-36,45
-28,-37,45
-28,-36,45
-28,-36,45
-27,-36,46
-29,-36,45
-30,-37,44
-28,-38,44
-29,-38,43
-29,-37,44
-28,-36,45
-28,-36,45
-28,-36,45
-27,-36,45
-29,-37,44
-28,-37,44
-28,-37,45
-28,-37,45
-28,-37,44
-28,-37,45
-28,-37,45
-27,-37,45
-28,-37,45
-28,-37,45
-28,-37,44
-27,-37,45
-27,-37,45
-27,-37,44
-27,-37,44
-27,-37,45
-26,-37,45
-28,-37,44
-27,-37,44
-25,-37,46
-26,-37,45
-29,-37,44
-31,-37,42
-32,-41,41
-32,-42,41
-30,-41,44
-27,-41,47
-27,-45,48
-31,-44,42
-31,-44,40
-31,-37,41
-28,-35,41
-28,-33,41
-27,-33,42
-27,-32,45
-27,-32,45
-26,-32,47
-25,-33,47
-25,-34,47
-24,-35,46
-26,-37,48
-26,-39,46
-26,-39,43
-25,-37,46
-24,-36,45
-24,-37,42
-25,-38,43
-26,-38,50
-25,-38,52
-26,-37,52
-25,-35,53
-25,-30,53
-28,-28,47
-31,-27,46
-35,-25,45
-36,-24,45
-40,-24,41
-42,-24,41
-43,-22,42
-45,-22,41
-45,-23,39
-45,-23,40
-46,-28,41
-47,-30,40
-48,-32,40
-47,-32,38
-45,-31,38
-45,-31,37
-45,-30,36
-44,-29,35
-43,-29,35
-45,-31,36
-45,-32,36
-45,-32,37
-45,-31,36
-44,-28,36
-44,-27,35
-45,-25,33
-47,-25,33
-48,-25,33
-47,-27,35
-47,-28,36
-46,-29,37
-46,-29,36
-46,-26,36
-46,-25,36
-46,-24,36
-46,-23,37
-45,-23,38
-45,-23,38
-46,-23,39
-47,-23,38
-47,-23,39
-48,-24,39
-49,-25,39
-51,-27,40
-52,-28,40
-50,-29,40
-49,-28,38
-44,-26,35
-44,-26,35
-46,-26,36
-45,-27,38
-40,-32,43
-38,-36,46
-37,-35,48
-35,-31,49
-35,-30,49
-39,-27,54
-43,-26,54
-51,-24,50
-56,-24,48
-56,-18,45
-55,-14,45
-58,-9,41
-58,-8,40
-53,-9,38
-62,-10,13
-72,-11,17
-67,-14,17
-57,-19,22
-46,-23,39
-52,-22,36
-45,-20,43
-40,-16,51
-45,-5,32
-50,0,25
-50,1,22
-60,3,9
-78,7,-1
-66,13,4
-61,12,3
-63,14,-4
-59,8,-2
-59,1,9
-49,6,14
-33,7,32
-36,11,25
-74,19,-10
-56,24,-11
-54,29,-8
-63,32,-22
-65,33,-24
-55,36,-21
-52,34,-21
-53,35,-20
-49,35,-19
-51,37,-23
-49,40,-24
-44,44,-26
-45,45,-28
-40,50,-32
-36,55,-32
-33,55,-33
-38,47,-33
-40,44,-32
-42,38,-26
-44,37,-23
-48,33,-20
-45,34,-22
-52,34,-22
-57,34,-24
-58,33,-20
-60,34,-17
-50,32,-3
-51,30,0
-71,34,-3
-62,33,5
-51,34,19
-47,30,27
-40,30,31
-45,16,46
-49,17,50
-39,-5,70
-33,1,64
-45,0,32
-46,-3,13
-51,6,-9
-40,33,-26
-22,50,-14
-26,49,-29
-25,46,-53
-51,31,-40
-61,19,-32
-92,2,-29
-94,5,-12
-91,3,0
-91,2,-3
-93,7,-6
-89,4,-9
-77,5,-6
-60,13,-5
-53,16,-6
-48,19,-4
-46,17,4
-49,17,5
-59,18,0
-61,23,4
-62,24,2
-64,28,-10
-67,29,-14
-68,23,-12
-64,20,-8
-52,16,-6
-68,12,-10
-68,11,-8
-55,12,-8
-52,16,-10
-57,21,-22
-49,23,-20
-34,22,-17
-35,26,-23
-44,29,-38
-50,29,-50
-52,28,-58
-51,25,-51
-66,17,-48
-67,2,-36
-58,-6,-23
-51,-12,-11
-60,-16,-9
-66,-18,-15
-60,-24,-24
-51,-28,-30
-55,-22,-36
-46,-22,-36
-45,-21,-37
-46,-17,-46
-43,-14,-45
-39,-13,-45
-41,-13,-51
-43,-13,-52
-52,-12,-51
-51,-15,-52
-51,-15,-51
-53,-14,-49
-57,-14,-41
-58,-16,-39
-60,-21,-35
-61,-23,-34
-58,-28,-33
-55,-30,-30
-53,-30,-28
-49,-34,-26
-46,-35,-26
-46,-35,-24
-46,-34,-22
-43,-36,-19
-41,-37,-18
-42,-37,-17
-42,-37,-18
-43,-37,-19
-44,-37,-21
-50,-38,-22
-54,-40,-24
-56,-40,-23
-56,-40,-19
-56,-42,-17
-57,-43,-11
-52,-42,-7
-63,-41,-8
-64,-43,-12
-47,-36,4
-49,-39,1
-55,-39,5
-54,-40,6
-53,-41,7
-58,-40,5
-57,-37,6
-56,-35,4
-55,-34,4
-54,-31,1
-54,-30,-1
-54,-27,-2
-54,-27,0
-58,-28,0
-60,-29,0
-61,-30,3
-60,-32,5
-60,-31,7
-55,-30,11
-53,-31,13
-50,-31,18
-49,-32,20
-47,-35,25
-45,-36,28
-44,-38,29
-43,-39,30
-43,-42,31
-43,-43,31
-41,-44,32
-40,-41,33
-40,-40,31
-38,-36,35
-38,-34,36
-41,-32,34
-44,-31,33
-45,-31,33
-43,-31,34
-41,-32,36
-40,-32,38
-38,-35,38
-38,-36,40
-34,-40,41
-31,-39,41
-29,-39,40
-29,-41,40
-30,-41,41
-28,-39,42
-27,-39,43
-27,-40,41
-29,-41,43
-29,-38,46
-29,-38,45
-29,-38,45
-29,-39,44
-29,-38,45
-28,-37,44
-28,-37,44
-25,-39,44
-25,-39,45
-23,-40,43
-22,-40,43
-23,-43,42
-24,-43,43
-25,-42,43
-25,-42,42
-24,-41,43
-25,-41,43
-23,-41,43
-25,-39,44
-25,-38,44
-26,-38,45
-26,-38,46
-25,-39,46
-25,-39,46
-25,-39,45
-25,-38,45
-24,-38,44
-24,-38,44
-24,-38,45
-24,-37,45
-23,-45,41
-23,-43,43
-23,-42,43
-22,-41,43
-22,-41,44
-21,-42,44
-21,-43,44
-19,-45,43
-18,-46,41
-19,-46,39
-16,-47,40
-21,-43,43
-18,-42,42
-17,-42,43
-20,-46,45
-20,-46,46
-24,-44,41
-27,-43,41
-37,-37,40
-37,-34,41
-38,-32,38
-39,-31,36
-44,-29,36
-43,-27,38
-49,-30,39
-41,-31,47
-36,-31,47
-26,-30,48
-26,-30,45
-29,-32,44
-38,-36,38
-36,-38,43
-27,-36,49
-33,-39,49
-31,-44,54
-24,-38,43
-25,-38,46
-26,-33,49
-28,-30,49
-32,-30,47
-31,-33,47
-27,-34,48
-22,-32,49
-29,-34,47
-22,-32,51
-21,-31,52
-26,-33,49
-25,-32,49
-27,-31,49
-28,-31,49
-31,-31,46
-29,-31,48
-26,-31,49
-28,-31,48
-30,-31,47
-32,-32,46
-29,-32,47
-28,-33,47
-27,-32,48
-28,-32,47
-31,-32,47
-29,-33,47
-29,-33,46
-31,-32,46
-28,-32,48
-27,-32,48
-25,-33,48
-30,-32,46
-28,-33,48
-28,-33,48
-28,-33,48
-29,-33,47
-28,-33,47
-28,-33,47
-27,-33,48
-27,-32,48
-27,-33,48
-28,-33,48
-27,-33,48
-27,-33,48
-28,-33,48
-27,-33,48
-28,-33,47
-27,-33,47
-27,-33,47
-25,-31,51
-28,-30,49
-27,-32,49
-31,-31,48
-31,-32,47
-28,-33,47
-29,-33,46
-29,-34,46
-29,-34,46
-29,-34,45
-28,-34,46
-29,-33,46
-29,-35,46
-28,-35,46
-29,-34,46
-29,-31,47
-30,-31,48
-28,-32,48
-28,-33,47
-28,-33,47
-29,-34,47
-28,-34,46
-28,-34,47
-27,-34,47
-26,-34,47
-26,-34,48
-26,-34,48
-27,-33,47
-28,-33,47
-29,-34,47
-30,-34,46
-30,-34,47
-31,-33,46
-32,-35,43
-35,-35,41
-36,-35,40
-35,-34,42
-37,-35,40
-35,-36,40
-37,-36,40
-36,-35,40
-37,-36,41
-42,-41,40
-43,-46,41
-34,-47,41
-35,-48,41
-31,-44,44
-30,-44,43
-29,-44,42
-28,-43,42
-25,-46,42
-24,-47,42
-20,-45,40
-18,-40,35
-19,-39,35
-18,-41,40
-16,-41,41
-10,-41,43
-8,-42,42
-5,-43,44
-4,-43,47
0,-44,47
3,-46,45
3,-49,44
5,-50,43
6,-51,40
3,-51,36
0,-50,37
-1,-47,36
-2,-47,33
-6,-48,34
-6,-48,35
-8,-47,35
-8,-49,35
-13,-55,26
-16,-54,30
-14,-53,33
-17,-53,33
-22,-53,31
-25,-52,35
-25,-51,36
-28,-49,35
-28,-47,35
-33,-44,36
-37,-43,34
-42,-41,30
-43,-41,32
-45,-43,30
-42,-42,29
-42,-39,28
-43,-39,28
-47,-41,27
-53,-44,29
-55,-45,27
-56,-39,26
-55,-36,23
-53,-33,20
-54,-34,20
-52,-36,21
-50,-37,23
-45,-38,25
-43,-37,26
-40,-38,27
-39,-38,26
-38,-38,26
-38,-37,26
-38,-37,27
-37,-36,29
-37,-34,33
-41,-34,39
-41,-34,42
-43,-39,48
-42,-44,51
-31,-48,48
-23,-50,46
-14,-54,44
-14,-57,33
-20,-57,26
-23,-52,22
-28,-48,20
-32,-39,26
-34,-40,26
-16,-38,42
-8,-38,48
-16,-41,54
-20,-40,54
-30,-38,48
-33,-36,46
-31,-34,38
-32,-33,32
-38,-35,30
-52,-52,27
-61,-60,26
-67,-61,22
-63,-53,21
-53,-45,16
-50,-45,14
-48,-56,9
-47,-61,8
-42,-61,6
-38,-58,6
-35,-55,7
-32,-52,9
-31,-52,11
-29,-50,15
-27,-50,17
-23,-55,22
-19,-57,24
-13,-60,30
-13,-61,34
-11,-67,35
-10,-72,36
-14,-72,36
-19,-61,37
-19,-60,37
-15,-61,36
-11,-63,35
-11,-66,26
-11,-65,21
-10,-60,12
-10,-57,8
-23,-49,5
-29,-43,4
-35,-34,6
-42,-34,7
-56,-38,8
-61,-41,13
-62,-41,17
-66,-48,21
-71,-54,22
-85,-69,21
-78,-68,20
-49,-52,20
-41,-49,20
-44,-54,14
-44,-57,12
-38,-60,9
-34,-58,9
-30,-57,7
-29,-52,6
-30,-50,5
-34,-49,7
-35,-53,9
-36,-60,11
-37,-60,11
-43,-58,12
-48,-56,12
-55,-50,15
-58,-47,15
-63,-39,22
-66,-34,26
-62,-28,33
-48,-31,35
-41,-31,35
-32,-31,32
-34,-33,28
-39,-34,18
-40,-32,14
-43,-24,10
-44,-19,8
-47,-7,9
-50,-1,11
-57,9,13
-72,10,13
-69,11,13
-73,20,8
-84,21,0
-106,14,-11
-117,3,-14
-102,-11,-13
-84,-4,-7
-65,0,-4
-65,-2,-8
-67,-4,-9
-65,-4,-8
-55,-4,-9
-46,0,-3
-45,3,-3
-47,6,-9
-42,6,-13
-50,4,-21
-53,2,-23
-56,-2,-25
-56,-5,-19
-60,-5,-13
-66,-3,-14
-70,2,-8
-74,4,-11
-80,8,-24
-84,9,-29
-79,8,-21
-59,5,-15
-55,4,-18
-50,3,-24
-48,4,-27
-49,4,-29
-52,4,-30
-52,6,-23
-52,7,-18
-56,11,-11
-53,14,-9
-58,17,-1
-67,19,-5
-66,19,-4
-70,22,-11
-73,26,-16
-73,33,-20
-71,36,-22
-82,33,-27
-87,24,-29
-68,12,-18
-64,14,-14
-64,13,-10
-63,12,-11
-65,11,-13
-57,9,-6
-52,6,-2
-44,6,6
-44,7,9
-49,7,10
-50,9,12
-54,7,12
-57,5,13
-66,1,11
-68,0,11
-73,-1,11
-68,0,18
-72,1,16
-92,-4,-4
-89,-5,-5
-75,-1,-2
-65,-4,-2
-56,-6,6
-56,-4,-1
-59,-5,-7
-49,-7,3
-59,-1,1
-55,2,-2
-58,11,-4
-55,20,6
-61,21,-2
-73,22,-2
-68,23,4
-67,24,4
-65,23,2
-61,21,-6
-62,15,-15
-71,9,-27
-63,5,-34
-53,6,-32
-44,6,-30
-48,3,-39
-45,2,-43
-42,1,-46
-43,1,-45
-43,3,-44
-42,4,-47
-40,4,-50
-40,3,-55
-40,1,-56
-42,-4,-57
-43,-7,-55
-46,-11,-51
-47,-11,-48
-49,-9,-45
-51,-9,-50
-51,-9,-56
-52,-8,-63
-53,-5,-60
-48,-1,-51
-43,-3,-49
-36,-4,-45
-35,-5,-45
-38,-6,-42
-39,-3,-40
-37,2,-39
-34,5,-41
-30,14,-47
-28,23,-55
-29,26,-58
-27,30,-61
-25,31,-63
-23,32,-64
-22,31,-63
-20,26,-60
-18,22,-56
-15,13,-56
-16,12,-55
-23,12,-55
-23,11,-54
-24,8,-54
-26,3,-53
-24,-1,-53
-27,-4,-54
-31,-4,-54
-35,-5,-53
-38,-6,-50
-41,-14,-43
-42,-19,-44
-46,-30,-50
-43,-30,-41
-48,-36,-46
-53,-39,-52
-51,-39,-51
-42,-37,-40
-42,-36,-43
-52,-29,-36
-52,-22,-34
-43,1,-21
-44,8,-14
-42,18,5
-53,19,21
-49,10,61
-46,6,69
-54,-6,61
-18,-9,90
-10,-5,87
-19,-6,73
-21,-9,70
-31,-22,53
-34,-23,56
-39,-17,51
-41,-20,47
-33,-27,47
-27,-29,48
-25,-42,59
-41,-29,50
-41,-30,37
-39,-33,34
-26,-33,46
-28,-31,50
-30,-24,50
-35,-15,56
-35,-15,55
-33,-20,51
-33,-20,51
-35,-20,49
-37,-21,49
-35,-20,50
-34,-17,52
-33,-16,52
-38,-19,49
-36,-20,49
-38,-20,47
-39,-22,46
-34,-22,50
-37,-22,48
-33,-22,50
-34,-22,49
-35,-22,49
-35,-22,49
-33,-22,50
-32,-22,50
-31,-21,52
-36,-20,49
-37,-20,48
-34,-18,52
-30,-18,53
-36,-20,49
-38,-22,47
-36,-24,47
-34,-25,48
-32,-24,49
-33,-24,49
-36,-23,48
-35,-21,50
-35,-21,50
-34,-22,49
-33,-22,50
-35,-22,49
-35,-23,48
-34,-23,48
-32,-23,51
-33,-22,49
-35,-23,48
-36,-22,48
-35,-21,49
-35,-21,49
-34,-21,50
-34,-20,51
-34,-21,50
-32,-22,51
-36,-27,48
-45,-32,45
-56,-42,42
-50,-35,40
-70,-25,34
-64,-19,30
-46,-1,16
-40,3,18
-37,1,32
-41,-4,46
-40,-4,49
-40,-9,60
-39,-12,63
-25,-12,65
-23,-9,64
-27,-8,60
-30,-9,58
-33,-10,57
-34,-11,57
-32,-12,54
-31,-15,54
-32,-18,53
-32,-18,54
-28,-21,53
-31,-21,53
-28,-19,54
-28,-19,53
-27,-19,53
-29,-19,54
-29,-18,54
-29,-17,54
-30,-17,54
-32,-17,54
-34,-16,54
-32,-16,54
-30,-15,54
-29,-16,54
-27,-16,53
-27,-16,52
-27,-14,54
-26,-12,54
-17,-26,52
-23,-30,66
-26,-21,59
-23,-18,55
-24,-19,52
-22,-19,55
-23,-18,54
-26,-18,55
-27,-18,55
-27,-18,57
-27,-18,56
-27,-18,56
-28,-17,56
-26,-15,57
-26,-15,57
-26,-16,55
-26,-16,55
-26,-16,54
-26,-14,55
-27,-14,57
-34,-16,59
-32,-19,57
-27,-18,53
-27,-17,49
-26,-15,51
-24,-17,52
-22,-18,55
-20,-18,57
-16,-17,65
-13,-19,62
-13,-20,62
-18,-20,55
-14,-21,57
-13,-18,58
-17,-17,58
-20,-15,62
-18,-13,65
-21,-15,65
-20,-16,65
-19,-17,62
-17,-18,57
-16,-21,52
-17,-25,50
-19,-26,45
-21,-43,58
-19,-37,58
-12,-33,40
-15,-34,44
-13,-28,49
-14,-23,52
-23,-18,55
-21,-13,59
-21,-7,63
-24,-8,62
-35,-17,67
-35,-22,70
-23,-22,67
-8,-19,56
-10,-18,51
-12,-12,51
-15,-9,53
-25,-14,52
-26,-15,55
-29,-13,56
-31,-12,56
-39,-11,53
-39,-11,51
-45,-11,49
-45,-8,48
-44,-6,48
-47,-7,45
-50,-8,42
-53,-5,40
-52,-5,39
-46,-5,42
-44,-6,41
-37,-8,50
-34,-7,52
-34,-6,53
-36,-7,54
-34,-7,56
-32,-8,59
-30,-10,58
-30,-12,59
-30,-11,59
-32,-11,55
-32,-12,54
-31,-13,54
-30,-12,54
-29,-11,54
-27,-12,54
-30,-12,54
-30,-12,54
-31,-12,54
-31,-11,56
-31,-11,56
-30,-12,56
-30,-11,56
-30,-11,55
-31,-10,55
-32,-9,57
-33,-8,57
-31,-9,56
-30,-11,55
-28,-15,54
-29,-17,55
-27,-17,55
-25,-17,55
-25,-17,55
-25,-19,54
-25,-20,55
-25,-19,56
-24,-19,55
-23,-19,55
-22,-20,56
-18,-22,61
-15,-22,61
-8,-23,63
-4,-27,63
-5,-29,64
-8,-18,67
-19,-12,65
-58,-20,33
-65,-19,24
-72,-11,25
-73,-10,26
-69,-6,17
-66,-7,13
-53,-8,28
-46,-6,38
-36,-8,50
-43,-13,80
9,-5,100
-6,2,72
-21,3,60
-30,-7,54
-27,-12,58
-17,-17,62
-15,-16,61
-20,-14,56
-23,-13,56
-20,-11,55
-21,-28,53
-31,-30,63
-27,-13,57
-28,-13,55
-27,-7,55
-27,-7,55
-24,-10,55
-23,-10,50
-23,-12,57
-23,-11,56
-20,-12,55
-21,-12,54
-26,-19,53
-25,-20,59
-23,-20,58
-24,-21,67
-20,-15,68
-20,-14,61
-22,-15,58
-24,-14,54
-27,-14,53
-25,-12,55
-24,-12,56
-27,-12,58
-26,-13,60
-25,-12,59
-24,-11,60
-23,-10,61
-24,-12,60
-23,-14,59
-21,-16,58
-20,-16,57
-21,-19,52
-22,-31,54
-21,-21,58
-27,-13,53
-24,-14,52
-21,-17,49
-14,-29,58
-6,-31,61
-3,-29,57
-9,-31,53
-4,-31,59
-7,-24,58
-9,-23,54
-23,-22,52
-27,-21,54
-29,-13,58
-32,-11,61
-47,-9,58
-44,-3,56
-40,-1,57
-39,-6,52
-35,-9,51
-29,-15,56
-26,-15,57
-23,-14,54
-24,-16,51
-23,-17,59
-20,-15,61
-18,-17,60
-16,-18,61
-10,-18,58
-4,-17,61
-7,-18,56
-12,-16,59
-13,-18,59
-19,-20,58
-19,-18,59
-17,-22,58
-20,-27,52
-27,-22,52
-25,-10,56
-27,-2,55
-26,-1,61
-22,-14,69
-26,-14,66
-30,-10,60
-35,-8,56
-35,-7,53
-37,-7,48
-35,-9,49
-27,-12,55
-24,-12,56
-21,-11,57
-17,-12,58
-15,-14,57
-10,-14,61
-11,-12,62
-19,-12,58
-22,-13,57
-25,-14,59
-26,-14,60
-29,-13,58
-30,-12,58
-30,-11,56
-29,-10,55
-29,-10,57
-29,-11,58
-25,-13,56
-25,-15,54
-22,-15,56
-19,-15,54
-18,-16,53
-14,-31,61
-22,-32,67
-21,-22,58
-18,-19,52
-22,-20,51
-22,-21,51
-23,-17,57
-23,-16,59
-23,-16,59
-22,-16,58
-22,-16,58
-22,-16,58
-22,-16,58
-23,-16,58
-23,-16,57
-24,-16,57
-24,-16,57
-24,-14,56
-23,-14,55
-22,-12,55
-22,-11,56
-32,-20,65
-28,-17,62
-23,-18,55
-22,-15,52
-24,-11,53
-19,-14,55
-20,-18,55
-18,-17,54
-16,-17,55
-8,-23,62
-9,-25,69
-11,-19,65
-12,-16,60
-15,-18,59
-20,-15,60
-22,-15,61
-23,-17,62
-24,-18,60
-18,-17,59
-17,-18,55
-17,-19,53
-16,-22,52
-20,-40,59
-18,-38,66
-10,-26,49
-14,-25,43
-17,-20,50
-21,-20,54
-24,-19,56
-27,-16,58
-26,-16,59
-26,-16,59
-25,-16,59
-26,-17,59
-25,-17,58
-23,-15,57
-24,-15,56
-24,-15,58
-21,-16,57
-22,-13,57
-29,-9,54
-31,-9,54
-29,-10,62
-24,-11,68
-3,-9,74
0,-6,71
-2,0,56
-14,0,50
-53,-11,43
-63,-18,29
-71,-22,30
-53,-22,36
-46,-26,42
-50,-24,45
-47,-27,43
-33,-31,45
-15,-29,54
-21,-22,58
-31,-19,57
-37,-19,52
-32,-19,51
-27,-21,53
-30,-21,53
-32,-22,51
-30,-22,52
-31,-23,52
-30,-23,52
-30,-23,52
-30,-24,52
-31,-23,50
-29,-22,53
-29,-22,53
-29,-22,53
-29,-22,52
-29,-23,52
-28,-23,54
-30,-21,53
-30,-22,52
-28,-23,53
-27,-23,52
-29,-23,52
-29,-23,52
-28,-24,52
-30,-22,53
-30,-22,53
-28,-21,54
-29,-21,53
-30,-21,53
-29,-21,53
-29,-21,54
-29,-21,53
-29,-21,52
-29,-20,53
-29,-20,53
-29,-21,53
-29,-21,53
-30,-21,53
-29,-21,53
-28,-21,53
-29,-21,53
-31,-21,52
-29,-21,53
-31,-21,52
-31,-21,52
-31,-21,52
-30,-21,53
-30,-21,52
-29,-20,53
-30,-20,53
-30,-21,53
-30,-21,52
-31,-21,52
-30,-21,52
-29,-20,53
-29,-20,53
-30,-20,53
-29,-20,53
-29,-21,53
-30,-20,53
-29,-20,53
-30,-21,52
-30,-21,52
-28,-21,54
-28,-20,53
-31,-21,52
-31,-20,52
-31,-20,52
-33,-19,52
-33,-19,52
-31,-20,52
-31,-20,53
-33,-20,52
-32,-20,52
-33,-20,51
-32,-20,51
-33,-20,51
-33,-20,51
-33,-20,51
-33,-19,51
-34,-19,51
-33,-19,51
-33,-19,51
-34,-19,51
-33,-20,51
-33,-20,51
-33,-20,51
-34,-19,51
-34,-19,51
-34,-19,51
-34,-20,51
-34,-20,51
-34,-20,51
-34,-19,51
-34,-19,51
-35,-19,50
-35,-19,51
-34,-19,50
-35,-19,50
-34,-19,51
-34,-19,50
-34,-19,51
-34,-19,51
-35,-19,50
-34,-19,50
-34,-19,50
-34,-19,50
-35,-19,50
-35,-20,50
-34,-19,51
-35,-19,51
-35,-19,50
-34,-19,51
-33,-19,51
-34,-20,51
-33,-19,51
-36,-19,50
-33,-20,51
-35,-19,50
-33,-21,49
-41,-19,46
-40,-18,46
-48,-18,39
-50,-18,38
-51,-18,37
-52,-18,35
-50,-19,36
-49,-19,37
-47,-19,40
-47,-19,40
-47,-20,39
-47,-20,39
-48,-20,38
-47,-20,39
-47,-20,39
-47,-19,39
-47,-20,39
-48,-20,39
-48,-20,39
-47,-20,39
-47,-20,39
-47,-20,39
-47,-20,39
-47,-21,39
-47,-21,39
-47,-21,39
-46,-22,39
-46,-22,39
-46,-22,39
-45,-22,39
-47,-21,39
-47,-21,39
-47,-21,39
-47,-21,39
-46,-22,39
-46,-22,39
-46,-22,39
-46,-22,39
-46,-22,39
-46,-22,39
-46,-22,39
-47,-22,39
-47,-22,39
-46,-22,39
-46,-22,39
-46,-22,39
-46,-22,39
-46,-22,39
-47,-22,39
-46,-22,39
-46,-22,39
-46,-22,39
-46,-22,39
-46,-22,39
-46,-22,39
-46,-22,39
-46,-22,39
-47,-22,39
-46,-22,39
-46,-22,39
-46,-22,39
-46,-22,39
-46,-22,39
-46,-22,39
-46,-22,39
-46,-22,39
-47,-22,39
-46,-22,39
-46,-22,39
-46,-22,39
-47,-22,39
-47,-22,39
-46,-22,39
-47,-22,39
-47,-22,39
-46,-22,39
-47,-22,39
-46,-22,39
-46,-22,39
-47,-22,39
-47,-22,38
-47,-22,39
-47,-22,39
-47,-22,39
-46,-22,39
-46,-22,39
-46,-22,39
-46,-22,39
-46,-22,39
-47,-22,39
-46,-22,39
-46,-22,39
-46,-22,40
-46,-22,39
-46,-22,40
-46,-22,39
-46,-22,39
-46,-22,40
-46,-22,40
-46,-21,40
-46,-21,40
-46,-21,40
-45,-21,40
-46,-21,40
-45,-21,41
-45,-21,41
-46,-21,40
-45,-21,40
-46,-21,40
-46,-21,40
-46,-20,40
-46,-20,40
-46,-20,40
-46,-21,40
-46,-20,40
-46,-20,40
-46,-20,40
-46,-21,40
-46,-20,40
-46,-21,40
-46,-20,40
-46,-20,40
-46,-20,40
-46,-20,40
-46,-20,40
-46,-20,40
-46,-21,40
-46,-21,40
-47,-20,40
-46,-20,40
-46,-20,40
-46,-20,40
-46,-21,40
-46,-20,40
-46,-20,40
-46,-20,40
-46,-21,40
-46,-20,40
-46,-20,40
-46,-21,40
-46,-21,40
-46,-21,40
-46,-21,40
-46,-21,40
-46,-20,40
-46,-20,40
-46,-20,40
-46,-21,40
-46,-21,40
-46,-20,40
-46,-20,40
-46,-21,40
-46,-21,40
-46,-21,40
-47,-20,40
-47,-20,40
-46,-20,41
-46,-20,41
-46,-19,41
-47,-20,40
-47,-20,39
-46,-20,40
-46,-20,40
-45,-20,41
-46,-20,40
-46,-20,41
-46,-19,41
-45,-19,41
-45,-19,41
-45,-20,41
-46,-20,41
-46,-20,40
-46,-20,40
-46,-20,40
-46,-20,40
-47,-20,40
-46,-20,40
-46,-20,40
-47,-20,40
-47,-20,40
-47,-20,40
-47,-20,39
-47,-20,39
-47,-21,39
-46,-21,39
-46,-21,39
-47,-20,39
-47,-20,39
-47,-20,40
-47,-20,40
-47,-20,39
-47,-20,39
-46,-20,40
-46,-20,40
-46,-20,40
-46,-20,40
-47,-20,40
-47,-20,40
-47,-20,40
-46,-20,40
-47,-20,40
-47,-20,39
-46,-20,40
-46,-20,40
-47,-20,40
-47,-20,39
-46,-20,40
-46,-20,40
-46,-20,40
-47,-20,40
-46,-20,40
-47,-20,39
-47,-20,39
-47,-20,40
-47,-20,40
-47,-20,40
-46,-20,40
-47,-20,40
-46,-20,40
-47,-20,40
-47,-20,40
-47,-20,40
-47,-20,40
-46,-20,40
-46,-20,40
-46,-20,40
-46,-20,40
-47,-20,40
-47,-20,40
-46,-20,40
-46,-20,40
-46,-20,40
-46,-20,40
-46,-20,40
-47,-20,39
-48,-20,37
-50,-20,37
-44,-20,41
-50,-21,38
-47,-18,40
-36,-16,49
-31,-22,52
-28,-23,53
-31,-21,52
-30,-22,52
-31,-23,51
-31,-23,51
-31,-23,51
-31,-23,50
-32,-23,50
-32,-24,50
-31,-24,51
-31,-24,51
-29,-24,51
-31,-23,51
-32,-22,51
-37,-17,50
-43,-17,46
-41,-15,47
-44,-15,45
-42,-17,46
-38,-19,48
-37,-19,49
-36,-19,49
-35,-21,50
-39,-20,47
-39,-20,47
-38,-20,48
-36,-20,49
-38,-21,48
-37,-21,48
-36,-21,49
-37,-22,48
-37,-22,48
-38,-22,47
-38,-21,48
-36,-22,49
-35,-22,48
-35,-22,49
-36,-22,48
-35,-22,49
-35,-22,48
-37,-22,48
-36,-22,48
-35,-22,49
-36,-22,48
-35,-21,49
-37,-21,48
-36,-21,49
-35,-21,49
-36,-21,48
-36,-21,48
-35,-21,49
-35,-21,49
-35,-21,49
-36,-21,48
-37,-21,48
-35,-23,48
-32,-23,51
-28,-20,53
-34,-17,51
-36,-16,50
-39,-12,48
-41,-14,49
-40,-20,48
-33,-19,51
-32,-22,52
-31,-22,52
-35,-21,49
-37,-21,48
-35,-22,49
-33,-22,50
-32,-23,50
-34,-23,49
-33,-23,50
-36,-23,48
-32,-23,50
-32,-23,50
-32,-22,51
-31,-21,52
-32,-20,52
-32,-21,51
-32,-21,51
-32,-22,51
-32,-21,51
-32,-21,51
-33,-21,51
-32,-21,51
-31,-21,52
-32,-21,51
-31,-21,51
-31,-21,52
-32,-21,51
-32,-20,52
-33,-20,51
-33,-20,51
-33,-21,51
-35,-22,49
-34,-21,50
-32,-21,52
-33,-21,51
-34,-21,50
-32,-21,51
-33,-21,51
-33,-21,51
-34,-20,50
-35,-21,49
-34,-21,50
-33,-21,51
-33,-21,51
-34,-21,50
-34,-21,50
-34,-21,50
-33,-21,51
-34,-21,50
-34,-21,50
-34,-21,51
-33,-21,50
-34,-21,50
-35,-21,50
-34,-20,51
-34,-21,50
-35,-21,49
-34,-21,50
-34,-21,51
-34,-21,51
-35,-21,50
-34,-21,51
-33,-21,50
-34,-21,50
-34,-21,50
-34,-21,50
-34,-21,50
-35,-21,50
-35,-21,49
-35,-21,49
-35,-21,49
-35,-21,49
-34,-21,50
-35,-21,49
-35,-21,49
-35,-20,49
-35,-21,49
-35,-21,49
-35,-21,49
-35,-21,50
-35,-21,49
-35,-21,49
-35,-21,49
-36,-20,49
-35,-20,50
-36,-20,49
-34,-20,51
-35,-20,50
-36,-19,49
-35,-20,50
-35,-20,50
-35,-20,50
-35,-20,50
-35,-20,50
-36,-20,49
-35,-20,50
-36,-20,50
-34,-20,50
-34,-19,51
-34,-19,51
-39,-19,48
-40,-20,46
-39,-20,47
-39,-19,47
-38,-20,47
-38,-20,48
-39,-19,47
-37,-20,48
-37,-20,48
-39,-20,47
-38,-20,48
-38,-20,48
-39,-20,47
-38,-20,47
-39,-19,47
-38,-20,47
-38,-19,48
-39,-19,48
-39,-19,48
-38,-20,47
-37,-20,48
-38,-20,48
-37,-20,48
-39,-19,47
-39,-20,47
-39,-20,48
-39,-20,47
-38,-20,47
-39,-20,48
-38,-20,48
-39,-19,47
-38,-20,48
-39,-19,48
-38,-19,48
-38,-20,48
-39,-20,47
-38,-19,48
-38,-20,48
-39,-19,48
-38,-19,48
-38,-20,48
-38,-19,48
-38,-20,48
-39,-19,47
-39,-20,47
-38,-19,48
-38,-19,47
-38,-20,47
-38,-19,47
-38,-20,47
-39,-19,47
-39,-20,47
-39,-19,47
-39,-20,47
-38,-20,48
-39,-19,47
-38,-19,48
-38,-20,47
-43,-20,44
-39,-19,47
-38,-19,48
-40,-19,47
-40,-19,47
-38,-19,48
-39,-19,47
-39,-19,47
-39,-19,48
-39,-19,47
-41,-19,46
-39,-19,48
-39,-20,47
-39,-19,47
-39,-19,48
-38,-19,48
-40,-19,46
-40,-19,47
-39,-19,47
-39,-19,48
-39,-19,47
-39,-19,47
-39,-19,47
-39,-19,48
-39,-19,48
-39,-19,47
-39,-19,47
-38,-19,48
-39,-19,48
-39,-19,48
-39,-19,47
-39,-19,47
-39,-19,47
-39,-19,48
-39,-19,48
-39,-19,48
-39,-19,47
-39,-19,48
-39,-19,48
-38,-19,48
-39,-19,47
-39,-19,48
-39,-19,47
-39,-19,47
-39,-19,48
-39,-19,47
-39,-19,48
-38,-19,48
-39,-19,47
-39,-19,47
-39,-18,48
-39,-19,47
-39,-19,48
-39,-19,48
-39,-19,48
-39,-19,48
-39,-18,48
-39,-19,48
-39,-18,48
-39,-19,47
-39,-18,48
-39,-19,48
-39,-19,48
-39,-19,48
-39,-19,47
-39,-19,48
-39,-19,48
-39,-19,47
-39,-19,48
-39,-19,48
-39,-19,48
-38,-19,48
-39,-19,48
-39,-19,48
-38,-18,48
-39,-19,48
-39,-18,48
-39,-18,48
-39,-19,48
-39,-18,48
-39,-19,48
-38,-19,48
-39,-19,48
-39,-19,48
-39,-19,48
-39,-19,48
-39,-19,48
-39,-19,48
-39,-19,48
-39,-19,47
-39,-19,48
-39,-18,48
-39,-18,47
-39,-19,48
-39,-19,48
-39,-19,47
-39,-19,47
-39,-19,47
-39,-18,48
-41,-19,46
-41,-21,45
-39,-19,47
-38,-18,49
-38,-19,48
-39,-19,47
-37,-19,48
-37,-19,48
-37,-19,49
-39,-19,47
-39,-19,48
-36,-19,49
-38,-19,48
-38,-19,48
-38,-19,48
-37,-19,48
-38,-19,48
-39,-19,47
-37,-18,49
-37,-18,50
-37,-19,49
-40,-18,47
-40,-18,47
-37,-18,50
-38,-19,48
-37,-19,49
-39,-19,48
-37,-20,48
-39,-21,47
-38,-21,47
-38,-19,48
-37,-20,48
-37,-21,48
-36,-20,48
-38,-21,48
-38,-22,48
-38,-22,47
-37,-21,48
-36,-21,49
-37,-21,48
-37,-21,48
-37,-21,48
-37,-21,48
-37,-21,48
-37,-21,48
-37,-21,48
-37,-22,48
-37,-21,48
-37,-22,48
-37,-22,48
-36,-22,48
-35,-21,49
-36,-21,48
-36,-22,49
-35,-22,49
-35,-22,49
-35,-22,49
-35,-22,49
-35,-22,49
-35,-22,49
-35,-22,49
-35,-22,49
-35,-22,49
-35,-22,49
-35,-22,49
-36,-21,49
-35,-22,49
-35,-22,48
-35,-22,48
-37,-23,48
-36,-22,48
-31,-22,51
-34,-22,50
-37,-21,48
-35,-21,49
-35,-23,50
-33,-22,51
-31,-24,51
-41,-32,46
-53,-33,43
-74,-31,42
-89,-30,39
-66,-10,40
-51,-1,30
-28,13,11
-28,17,8
-40,18,28
-48,12,33
-51,-1,44
-48,-4,54
-44,-5,54
-33,-4,57
-28,-5,59
-23,-12,60
-23,-17,60
-24,-20,56
-25,-19,56
-35,-17,62
-50,-15,76
-34,-6,53
-32,-3,47
-32,-3,60
-29,-6,56
-31,-6,55
-33,-11,54
-38,-13,52
-41,-12,48
-43,-12,47
-41,-12,49
-39,-12,49
-39,-11,51
-36,-9,51
-37,-9,51
-39,-8,51
-37,-7,51
-38,-8,50
-39,-8,51
-36,-8,52
-36,-8,52
-37,-10,52
-39,-10,51
-37,-8,51
-36,-8,52
-38,-8,52
-38,-8,52
-37,-7,52
-37,-7,52
-38,-7,52
-37,-7,52
-38,-7,52
-38,-7,52
-38,-7,52
-37,-7,52
-38,-8,52
-38,-7,51
-37,-7,52
-38,-8,51
-37,-8,51
-37,-8,52
-37,-7,51
-38,-7,51
-38,-7,51
-38,-8,51
-38,-8,52
-37,-7,52
-38,-7,51
-38,-7,51
-38,-7,51
-37,-7,52
-38,-7,52
-38,-7,51
-38,-7,51
-38,-7,51
-38,-7,52
-38,-7,52
-38,-8,51
-38,-8,51
-38,-8,51
-38,-8,51
-38,-7,51
-38,-7,51
-38,-8,52
-38,-7,51
-37,-7,51
-37,-7,52
-37,-7,51
-38,-8,51
-41,-7,49
-42,-7,49
-42,-6,48
-42,-6,48
-41,-7,49
-40,-7,50
-40,-7,49
-41,-7,49
-41,-7,49
-43,-8,49
-42,-8,49
-45,-11,48
-47,-12,48
-37,-10,49
-31,-8,51
-30,-3,56
-32,-2,55
-28,-7,54
-27,-8,56
-30,-7,57
-30,-7,57
-27,-10,56
-24,-14,57
-24,-15,57
-28,-19,54
-30,-22,60
-22,-26,64
-22,-22,56
-15,-22,48
-19,-26,53
-13,-24,55
-15,-25,55
-21,-22,56
-22,-19,59
-20,-18,60
-26,-14,61
-30,-11,60
-32,-8,55
-32,-5,54
-38,-2,53
-40,-3,52
-40,-6,52
-39,-6,53
-37,-8,54
-35,-8,54
-30,-10,54
-29,-10,55
-28,-10,55
-27,-12,57
-29,-12,58
-27,-9,59
-28,-8,57
-28,-9,56
-29,-9,57
-27,-9,57
-28,-9,57
-26,-9,57
-27,-10,57
-27,-9,58
-27,-8,57
-28,-8,56
-28,-9,57
-27,-9,58
-27,-9,57
-27,-9,57
-27,-9,57
-27,-9,57
-26,-10,57
-27,-9,57
-27,-9,58
-28,-8,59
-24,-13,57
-27,-9,60
-24,-6,57
-27,-6,59
-26,-7,56
-27,-8,57
-24,-10,57
-21,-18,55
-25,-22,57
-25,-19,58
-24,-18,56
-23,-19,55
-23,-20,56
-23,-20,58
-23,-19,56
-23,-19,56
-22,-17,57
-21,-18,57
-22,-19,58
-23,-19,57
-23,-17,57
-23,-16,57
-23,-16,55
-23,-17,56
-25,-16,58
-24,-15,58
-24,-15,57
-23,-15,58
-24,-16,58
-24,-15,57
-23,-15,57
-23,-15,57
-23,-15,57
-22,-17,57
-21,-18,57
-21,-18,57
-21,-17,55
-24,-21,58
-23,-20,59
-21,-20,53
-21,-25,54
-25,-22,53
-25,-15,57
-28,-11,56
-26,-5,57
-27,-4,59
-30,-5,59
-31,-4,61
-26,-3,58
-25,-4,56
-28,-7,56
-30,-8,57
-22,-13,58
-22,-9,58
-23,-8,56
-25,-10,58
-25,-11,60
-23,-9,58
-25,-9,58
-25,-10,58
-24,-10,58
-24,-10,57
-24,-11,57
-25,-11,58
-25,-10,58
-25,-10,57
-24,-11,58
-25,-10,58
-24,-10,58
-24,-10,58
-25,-9,60
-24,-7,59
-25,-12,59
-24,-10,58
-23,-12,56
-24,-12,56
-25,-10,60
-24,-9,58
-25,-10,59
-26,-8,60
-25,-9,58
-23,-12,57
-23,-12,58
-23,-14,57
-22,-15,58
-23,-18,60
-21,-22,64
-21,-18,59
-18,-16,52
-17,-18,52
-24,-17,54
-22,-11,61
-22,-13,58
-23,-10,59
-23,-13,59
-23,-12,60
-23,-9,58
-21,-9,61
-19,-17,65
-22,-16,62
-22,-12,58
-21,-10,57
-20,-13,54
-17,-13,57
-17,-13,57
-17,-16,56
-15,-20,63
-14,-22,63
-12,-21,60
-15,-22,58
-16,-20,53
-20,-13,59
-21,-8,60
-26,-1,59
-30,-4,54
-33,-18,60
-25,-14,66
-18,-13,52
-22,-7,61
-24,-6,59
-23,-6,57
-23,-6,57
-23,-6,57
-21,-8,55
-24,-9,59
-24,-8,59
-24,-9,57
-24,-6,60
-23,-4,61
-23,-3,61
-24,-2,60
-28,-1,58
-29,1,59
-33,0,57
-33,-2,56
-33,1,55
-34,2,53
-31,-1,50
-31,-3,51
-29,-11,48
-27,-19,51
-26,-22,50
-23,-49,52
-50,-29,62
-33,-30,44
-34,-31,41
-30,-26,51
-36,-25,49
-31,-16,55
-34,-14,55
-33,-15,54
-31,-15,54
-38,-16,50
-39,-15,49
-38,-15,49
-39,-18,47
-40,-18,47
-44,-18,44
-44,-17,45
-42,-20,44
-43,-20,43
-41,-18,47
-42,-17,46
-43,-18,45
-42,-18,45
-43,-15,46
-38,-17,48
-42,-19,45
-40,-17,48
-41,-17,47
-39,-17,48
-40,-18,47
-39,-17,47
-39,-16,49
-38,-18,48
-41,-19,46
-40,-17,47
-39,-16,48
-40,-17,47
-39,-18,47
-38,-18,47
-36,-19,50
-38,-19,46
-40,-18,46
-40,-17,48
-40,-15,48
-40,-14,48
-41,-14,47
-40,-14,48
-40,-16,48
-40,-16,47
-39,-15,48
-38,-15,49
-39,-16,48
-38,-17,49
-37,-18,50
-38,-16,49
-39,-15,49
-41,-15,47
-42,-14,46
-40,-14,48
-40,-14,48
-42,-13,47
-43,-13,46
-43,-14,46
-40,-14,48
-41,-14,47
-42,-12,47
-42,-13,46
-41,-14,48
-40,-15,48
-41,-15,47
-40,-16,48
-41,-15,47
-42,-14,46
-41,-15,47
-40,-15,47
-40,-15,48
-41,-14,47
-43,-14,47
-40,-15,48
-43,-16,45
-38,-16,49
-32,-17,53
-44,-18,45
-42,-17,46
-36,-17,50
-37,-18,49
-38,-19,48
-37,-18,49
-39,-18,48
-42,-18,47
-38,-17,49
-38,-18,48
-39,-19,47
-37,-21,48
-36,-20,49
-38,-19,48
-38,-18,49
-38,-19,48
-38,-19,47
-39,-19,47
-36,-20,49
-37,-20,48
-40,-20,47
-37,-19,48
-37,-20,48
-37,-20,49
-38,-19,48
-39,-20,47
-38,-20,48
-37,-20,48
-37,-20,48
-39,-20,47
-38,-20,48
-38,-19,49
-38,-19,48
-37,-20,48
-37,-19,48
-37,-19,49
-37,-18,49
-37,-19,48
-38,-19,48
-38,-17,49
-37,-17,49
-36,-18,49
-38,-18,48
-37,-18,49
-38,-18,49
-37,-18,49
-39,-18,48
-38,-18,48
-37,-17,49
-38,-18,49
-38,-18,49
-38,-18,48
-37,-18,49
-37,-17,49
-37,-18,49
-36,-18,50
-36,-17,49
-37,-17,50
-36,-17,50
-37,-18,49
-37,-17,49
-37,-17,50
-36,-18,49
-37,-18,49
-37,-18,50
-34,-17,52
-37,-17,49
-39,-18,48
-38,-17,49
-37,-17,50
-37,-17,49
-37,-17,49
-38,-18,49
-37,-18,49
-37,-17,50
-38,-18,48
-37,-17,50
-37,-17,49
-37,-17,49
-38,-18,49
-38,-18,49
-36,-18,49
-35,-17,50
-36,-17,49
-39,-17,49
-37,-17,49
-37,-17,50
-36,-17,50
-37,-18,49
-36,-17,49
-37,-18,50
-35,-18,51
-37,-18,49
-38,-17,49
-38,-17,49
-36,-17,50
-42,-17,46
-40,-17,47
-38,-18,48
-38,-19,48
-38,-20,48
-38,-20,48
-40,-21,46
-41,-20,46
-41,-20,45
-42,-20,45
-43,-20,44
-42,-21,45
-40,-20,45
-41,-20,46
-41,-20,45
-41,-21,45
-41,-21,45
-40,-21,45
-41,-21,45
-41,-21,44
-40,-21,46
-39,-21,47
-38,-22,47
-38,-22,47
-40,-22,45
-40,-22,46
-40,-22,45
-41,-22,45
-39,-22,45
-43,-23,43
-46,-22,40
-46,-22,40
-49,-19,38
-49,-19,39
-50,-20,38
-61,-22,35
-62,-26,41
-83,-18,41
-82,-12,39
-62,1,34
-50,6,32
-39,8,25
-38,7,19
-46,1,8
-50,-3,4
-60,-8,4
-36,-12,7
-31,-14,6
-26,-23,2
-22,-26,1
-27,-42,4
-34,-49,2
-55,-64,-7
-60,-69,-6
-45,-78,6
-38,-75,8
-48,-87,-4
-50,-90,-11
-64,-79,-7
-48,-54,14
-45,-52,11
-21,-64,7
-13,-62,3
-26,-71,-20
-23,-65,-17
-22,-58,-22
-9,-56,-19
-10,-55,-8
-12,-52,-15
-32,-47,-30
-37,-45,-26
-32,-44,-36
-32,-40,-32
-32,-41,-28
-28,-38,-31
-19,-36,-33
-25,-40,-33
-33,-43,-30
-33,-51,-34
-31,-50,-32
-34,-63,-24
-33,-63,-27
-38,-65,-58
-43,-60,-68
-19,-47,-39
-12,-44,-19
-16,-38,-30
-18,-31,-45
-20,-28,-52
-2,-30,-57
-2,-34,-55
-16,-39,-47
-25,-39,-45
-30,-41,-44
-29,-39,-49
-18,-44,-49
-9,-47,-48
-10,-48,-47
-12,-49,-47
-14,-52,-47
-10,-58,-51
-6,-58,-55
-13,-48,-57
-18,-47,-53
-20,-44,-37
-16,-45,-29
-11,-50,-22
-10,-51,-24
0,-52,-29
-7,-49,-33
-14,-48,-38
-26,-46,-38
-30,-45,-38
-27,-44,-31
-17,-46,-27
-28,-48,-29
-15,-45,-32
-34,-44,-47
-32,-42,-51
-27,-41,-46
-34,-50,-38
-32,-56,-28
-61,-43,-85
-43,-47,-75
-3,-54,-36
1,-54,-32
2,-52,-39
-3,-48,-49
-3,-39,-49
0,-36,-41
-8,-36,-33
-13,-35,-33
-24,-33,-40
-24,-35,-39
-22,-43,-38
-11,-56,-32
1,-61,-30
3,-69,-33
-4,-67,-40
-7,-70,-49
-17,-66,-58
-26,-53,-55
-23,-48,-43
9,-53,-19
6,-65,-11
11,-66,-11
16,-59,-35
18,-54,-44
12,-53,-44
13,-50,-41
-20,-51,-30
-31,-49,-6
-15,-42,39
-57,-55,4
-128,11,-65
-115,2,-33
-28,-80,7
-38,-99,1
-3,-110,-24
7,-124,-58
-3,-111,-64
19,-94,-14
32,-77,21
19,-70,15
-8,-66,-1
-44,-54,-26
-34,-47,-32
-20,-38,-27
-32,-38,-31
-50,-35,-36
-42,-36,-27
-9,-51,-18
-15,-52,-24
-53,-49,-43
-14,-58,-30
-15,-61,-28
-28,-60,-29
-29,-75,-27
-41,-70,-27
-47,-69,-28
-27,-55,-13
-19,-51,-5
-14,-54,-11
-20,-54,-17
-6,-48,-20
-9,-47,-19
-29,-44,-29
-43,-28,-41
-49,-23,-45
-62,-19,-42
-62,-22,-36
-60,-22,-32
-54,-23,-32
-65,-30,-40
-65,-33,-47
-73,-28,-45
-63,-31,-21
-59,-61,-15
-39,-52,-21
-13,-41,-17
19,-24,29
12,-26,33
-62,-69,-22
-58,-71,-27
-59,-53,-28
-34,-51,-9
11,-57,36
23,-56,35
-17,-57,23
-10,-62,19
-35,-80,16
-36,-84,4
-39,-77,-11
-53,-70,-21
-30,-67,-10
-26,-60,-20
-22,-68,-2
-14,-52,27
-18,-51,23
-10,-57,15
-10,-61,10
-9,-69,7
-5,-63,2
-6,-57,0
-9,-43,5
-8,-40,5
-13,-38,4
-20,-39,5
-34,-48,9
-33,-54,11
-28,-63,16
-24,-68,21
-18,-72,31
-22,-76,33
-43,-90,24
-52,-115,12
-29,-106,12
5,-68,18
0,-64,17
-15,-68,11
-22,-71,9
-27,-69,-1
-26,-67,-5
-22,-62,-7
-19,-60,-5
-17,-58,-3
-17,-57,-2
-15,-63,-3
-17,-65,-5
-14,-64,-5
-10,-64,-1
-9,-65,1
-9,-65,5
-9,-67,5
-16,-64,13
-23,-60,22
-22,-51,28
-13,-51,27
8,-60,27
14,-66,25
12,-75,18
8,-76,16
5,-71,13
-19,-62,-1
-16,-57,2
-26,-53,-2
-31,-55,-2
-42,-60,-2
-42,-61,-2
-36,-62,3
-35,-63,8
-40,-68,15
-47,-82,15
-45,-92,13
-14,-94,13
0,-82,14
0,-75,11
-5,-76,8
-15,-77,6
-17,-73,9
-16,-66,0
-15,-65,-2
-14,-56,-1
-14,-54,-1
-18,-51,-2
-18,-53,-2
-16,-55,-2
-13,-61,-1
-10,-62,-1
-4,-62,1
-4,-63,2
-12,-68,4
-16,-71,6
-23,-65,17
-27,-61,25
-17,-53,27
-7,-54,26
8,-61,24
6,-72,18
3,-75,14
-4,-67,8
-7,-61,6
-17,-51,-1
-23,-48,-2
-39,-49,0
-43,-53,0
-36,-57,4
-31,-57,9
-23,-59,18
-25,-76,23
-48,-91,24
-50,-109,10
-28,-105,7
5,-68,15
3,-66,14
-7,-66,9
-11,-69,9
-20,-75,8
-21,-70,6
-17,-64,-2
-15,-63,-4
-15,-58,-5
-21,-60,-5
-23,-60,-6
-19,-58,-5
-17,-60,-3
-13,-58,-2
-12,-57,-3
-13,-60,-6
-10,-67,-6
-24,-72,-1
-35,-68,8
-40,-58,17
-15,-57,25
32,-68,44
26,-74,40
17,-73,32
7,-67,23
4,-63,19
-6,-56,7
-14,-52,4
-16,-50,3
-20,-52,4
-29,-57,10
-29,-58,10
-38,-57,14
-36,-59,13
-46,-77,4
-62,-105,3
-45,-107,4
-1,-84,18
6,-67,21
-3,-63,15
-11,-65,12
-25,-71,6
-28,-74,2
-24,-70,-2
-21,-64,-1
-15,-56,1
-15,-54,1
-18,-54,-1
-17,-57,-3
-16,-59,-3
-11,-65,-3
-8,-67,-2
-3,-65,0
-4,-64,-1
-11,-61,0
-19,-65,2
-32,-68,15
-30,-58,27
-16,-53,29
1,-50,30
27,-62,30
19,-81,20
10,-86,15
-5,-80,4
-11,-70,1
-19,-54,-4
-24,-49,-5
-32,-46,-6
-34,-47,-7
-33,-52,-7
-30,-54,-6
-28,-56,1
-32,-58,4
-45,-63,10
-58,-77,11
-58,-89,10
-24,-116,11
-2,-98,19
6,-69,19
1,-69,14
-9,-77,9
-14,-81,10
-16,-79,7
-8,-75,9
-12,-66,-1
-11,-63,-3
-12,-61,-2
-17,-58,-6
-19,-56,-8
-20,-57,-9
-18,-58,-9
-12,-56,-6
-10,-55,-5
-10,-56,0
-14,-56,3
-20,-58,11
-22,-59,15
-19,-61,27
0,-60,36
12,-62,39
18,-75,36
13,-82,28
3,-85,13
0,-82,9
-8,-69,7
-12,-61,6
-20,-48,3
-24,-45,1
-33,-46,-2
-37,-49,-3
-36,-50,-1
-32,-49,6
-31,-53,9
-33,-64,16
-32,-73,18
-32,-97,20
-23,-109,18
5,-87,21
8,-72,21
1,-72,14
-4,-76,11
-12,-74,7
-19,-64,3
-21,-60,1
-20,-53,1
-17,-52,2
-17,-50,2
-19,-49,1
-20,-54,0
-17,-57,0
-12,-58,0
-8,-58,0
-8,-58,-2
-11,-57,-3
-21,-57,0
-36,-69,10
-38,-71,16
-16,-65,30
-1,-60,37
11,-58,48
1,-61,46
-16,-71,34
-14,-74,28
-9,-65,22
-15,-59,16
-23,-51,12
-29,-51,13
-36,-48,16
-39,-49,19
-39,-50,21
-43,-48,28
-44,-46,31
-52,-45,32
-53,-44,32
-56,-43,31
-70,-47,24
-85,-61,12
-87,-63,15
-82,-60,16
-76,-55,20
-77,-48,18
-76,-48,19
-77,-49,17
-80,-46,16
-76,-44,15
-56,-31,27
-49,-26,34
-45,-24,35
-37,-23,39
-25,-14,41
-15,-7,42
-7,0,41
-5,1,40
3,10,40
5,22,37
6,21,31
-19,16,65
-10,26,66
14,35,56
15,34,60
19,45,55
16,49,51
10,58,48
6,61,43
-15,61,32
-26,59,21
-39,56,10
-56,48,-5
-57,49,-2
-65,46,-6
-59,41,-5
-54,38,-3
-59,37,-7
-46,38,-1
-45,40,0
-40,40,8
-31,40,19
-43,37,16
-34,42,25
-34,52,22
-29,54,17
-25,56,19
-31,58,19
-31,60,23
-24,59,26
-20,56,26
-23,55,31
-22,56,31
-19,54,26
-17,53,23
-18,52,23
-20,52,23
-19,52,23
-18,53,24
-19,54,24
-24,55,24
-24,53,21
-23,54,25
-22,55,29
-23,50,28
-24,50,31
-25,53,34
-19,53,36
-28,50,33
-29,50,34
-24,48,36
-21,46,36
-22,46,35
-21,46,35
-19,47,39
-24,46,39
-27,48,37
-23,50,37
-22,49,36
-27,47,37
-26,47,39
-30,48,33
-19,49,37
-14,51,40
-25,49,37
-26,46,34
-17,47,30
-21,48,32
-33,43,40
-27,42,40
-19,49,32
-25,47,37
-26,46,39
-21,48,36
-27,44,39
-27,47,38
-25,46,40
-29,45,37
-25,47,39
-27,41,43
-31,39,43
-28,40,49
-23,42,45
-22,35,42
-32,31,39
-39,24,50
-33,34,27
-16,49,18
-27,11,39
-29,22,45
-27,39,37
-24,45,32
-22,46,24
-15,45,24
-11,46,31
-14,49,35
-13,49,39
-11,49,42
-13,48,42
-20,49,42
-29,46,45
-25,50,53
-25,50,52
-31,53,54
-31,53,55
-33,47,52
-34,43,51
-38,37,49
-35,35,48
-29,32,46
-27,33,46
-26,33,42
-27,33,40
-28,35,40
-28,39,41
-28,41,42
-30,47,44
-32,50,45
-40,50,39
-45,49,41
-37,54,49
-34,52,49
-35,48,40
-32,49,43
-33,51,43
-30,49,40
-27,47,37
-20,46,36
-14,43,37
-6,39,36
-8,36,34
4,34,39
1,33,38
8,32,43
5,32,44
0,35,47
3,39,43
3,38,43
4,41,46
2,42,45
2,45,48
3,45,47
6,46,46
8,45,44
-7,39,52
-7,39,55
-9,41,44
-1,47,35
-1,46,41
5,50,41
8,51,39
10,49,40
11,49,41
11,47,44
11,46,45
8,45,46
7,44,47
6,43,47
6,42,46
6,41,47
7,42,47
6,41,45
7,41,46
9,41,47
9,41,47
9,41,46
10,42,45
10,41,45
9,42,45
9,43,45
9,42,46
10,42,47
10,43,47
9,43,46
7,43,47
9,42,47
9,42,47
9,42,47
9,42,47
9,41,46
9,41,46
10,41,46
11,42,46
12,43,49
9,40,52
3,36,54
6,39,48
24,38,41
15,33,45
12,39,49
10,45,45
5,46,42
1,51,40
0,53,41
0,54,39
0,53,38
3,52,39
4,50,39
-12,42,54
-4,45,51
7,46,39
-3,46,46
5,50,44
5,49,40
7,51,38
8,51,38
9,51,39
8,50,41
9,50,42
8,50,44
6,49,45
4,46,44
7,43,45
8,42,45
12,40,46
12,39,46
13,37,47
12,38,47
9,39,46
9,39,46
9,40,47
9,41,48
8,42,46
8,43,46
8,43,45
8,43,46
8,43,46
8,42,47
8,42,47
7,41,47
6,41,47
6,41,47
6,41,47
7,41,47
7,42,46
7,42,46
7,42,46
7,41,46
7,41,48
7,41,47
5,41,47
5,41,47
6,41,47
6,40,48
7,41,48
7,41,47
8,40,47
8,41,48
7,41,51
10,41,49
9,40,49
7,40,51
7,40,51
7,40,50
7,40,50
7,39,49
7,39,49
7,39,50
7,39,49
6,39,49
6,39,49
7,39,50
7,39,50
7,39,50
8,39,50
6,39,49
7,39,50
7,39,50
7,39,49
7,39,50
6,39,50
6,39,51
6,38,50
6,38,51
6,38,51
5,38,50
5,38,50
6,38,51
7,38,51
6,38,51
6,38,51
6,37,51
6,38,51
7,38,51
6,38,51
5,38,51
6,38,50
7,38,51
6,38,51
6,38,50
9,38,51
10,38,50
-1,33,54
2,36,55
7,36,52
15,36,52
6,35,54
10,38,56
9,41,59
7,43,50
5,43,48
1,46,44
-2,46,43
-3,47,40
-3,47,40
-2,47,39
-1,47,39
2,46,39
2,46,40
-4,38,43
-17,35,47
-3,42,39
-4,41,38
-6,43,37
-1,47,41
-1,47,40
2,47,40
1,47,42
2,45,46
3,44,47
3,44,48
3,43,49
6,42,51
6,42,51
4,41,51
6,41,51
7,40,52
8,39,53
6,39,53
5,38,53
5,39,52
5,38,52
6,38,52
5,38,52
4,38,51
3,38,51
4,38,52
3,38,52
4,38,51
4,37,51
4,38,51
4,38,50
5,38,50
4,38,50
4,38,50
4,38,50
4,38,51
4,38,51
4,38,51
4,38,52
4,38,52
4,38,51
4,38,51
4,38,51
5,38,51
5,38,50
5,38,50
4,37,51
4,37,51
4,37,52
4,37,52
4,37,52
4,37,51
4,37,51
5,38,51
5,38,51
5,37,51
4,37,51
5,37,52
5,37,52
4,37,51
4,37,51
4,37,51
4,37,51
5,38,51
4,38,50
4,37,51
6,38,50
6,38,51
5,38,51
4,37,51
4,38,51
5,38,52
5,38,52
2,36,53
2,37,52
5,37,51
12,37,54
9,38,55
8,38,55
6,41,56
9,43,53
4,42,48
3,44,48
1,46,47
0,46,46
-1,46,44
-2,46,44
-1,46,42
-2,45,41
0,46,40
1,46,37
3,45,38
-9,34,48
-2,40,48
3,40,35
5,41,36
-2,45,38
0,44,40
4,48,39
4,47,37
6,46,41
4,47,43
3,47,43
4,47,46
5,46,48
6,44,51
7,42,53
6,42,53
6,42,53
6,40,52
7,40,51
8,40,51
7,40,50
7,40,49
7,40,49
6,40,49
6,39,50
7,39,50
7,39,50
7,39,50
8,38,51
8,38,51
10,38,51
10,38,50
7,40,49
5,42,50
3,42,48
2,40,48
1,40,49
4,40,50
4,39,50
1,36,50
4,38,51
3,38,49
2,38,48
3,38,47
6,38,47
3,37,47
0,37,47
0,40,50
3,43,52
4,41,50
4,41,51
4,41,52
2,37,52
-4,37,54
2,38,52
4,38,50
4,38,49
0,38,50
2,38,50
3,38,50
3,39,50
2,40,49
2,39,50
2,40,49
3,40,50
3,40,50
3,40,50
3,39,49
4,40,49
3,36,52
-6,36,54
-1,38,52
5,39,48
6,39,48
2,39,51
3,39,51
3,39,50
2,39,50
2,39,50
2,39,49
2,40,48
2,40,48
2,40,49
2,40,49
2,39,49
2,39,49
2,40,50
1,40,49
2,40,50
2,40,50
2,40,51
2,40,51
2,40,50
2,40,50
1,39,50
3,39,51
3,39,50
2,39,48
2,39,49
1,40,49
1,40,49
1,41,49
0,40,49
2,39,50
5,38,52
5,38,52
4,38,50
4,38,50
3,39,50
4,39,50
3,39,50
4,39,51
3,39,51
3,38,51
3,38,51
3,39,51
3,38,50
2,38,49
3,38,50
3,39,50
3,38,50
3,39,50
2,38,50
2,38,50
4,38,51
4,38,51
5,38,51
4,38,51
4,38,51
4,38,52
4,38,51
4,38,51
4,37,51
4,37,51
4,37,51
4,37,51
4,37,51
4,37,51
4,38,51
4,38,52
5,39,51
7,39,51
7,39,50
8,37,50
2,32,54
3,37,57
7,37,54
12,36,53
3,39,53
5,41,54
5,43,54
8,45,53
6,45,50
4,46,49
1,46,46
1,46,45
2,46,43
1,45,42
0,45,42
-1,45,41
1,45,40
2,45,40
1,44,38
1,44,38
0,38,42
1,41,45
4,42,34
-2,40,34
-2,43,32
4,43,37
4,43,39
7,47,40
7,47,39
0,47,39
0,50,44
1,50,46
4,50,50
6,49,51
4,48,54
1,46,54
2,45,53
4,44,53
5,43,51
9,39,49
0,38,50
0,40,50
0,39,50
5,40,46
8,41,45
0,41,48
1,42,48
2,43,48
3,43,47
3,43,48
3,43,47
4,42,48
4,41,48
2,41,48
2,42,48
2,41,47
2,42,47
2,41,48
2,42,48
2,42,47
2,41,47
2,41,48
2,41,49
2,41,49
2,41,48
2,41,49
2,41,48
2,41,48
3,41,48
2,41,49
2,41,49
4,42,48
4,41,47
-5,38,52
-2,40,52
3,40,48
5,40,47
-1,40,49
0,41,50
2,41,48
3,42,47
3,42,47
4,41,48
3,41,48
2,41,48
1,40,48
2,41,49
2,41,48
2,41,47
2,41,48
2,41,49
2,41,48
2,41,49
3,41,49
2,41,49
2,41,48
2,41,49
3,41,48
3,41,48
2,41,48
2,41,48
3,40,48
2,40,49
2,41,49
1,41,49
2,41,49
2,41,49
2,41,49
1,41,47
2,41,48
2,41,48
2,41,49
2,41,49
2,41,49
2,41,49
2,41,49
2,41,49
2,41,48
1,41,48
2,41,47
4,41,47
3,41,48
3,40,48
4,40,48
5,40,48
7,41,49
7,40,49
9,40,49
7,40,51
4,40,51
2,39,50
3,39,49
5,41,48
5,40,48
5,39,50
5,40,50
6,40,50
6,40,50
4,40,48
4,40,48
3,40,49
4,40,49
4,40,49
4,39,48
3,39,48
3,40,48
3,40,48
4,40,48
3,40,48
4,40,48
4,41,49
3,41,51
2,41,50
0,40,49
0,40,49
0,40,49
1,41,49
1,41,48
1,41,49
1,40,49
0,41,48
0,41,49
-1,41,48
-1,41,48
-1,41,48
-1,41,48
-1,42,47
-2,42,47
-2,42,47
-2,42,47
-2,43,47
-2,43,47
-1,44,48
0,44,50
-1,43,49
-2,43,48
-1,43,47
-1,42,46
-1,42,46
-3,42,46
-2,42,47
-1,43,48
-1,43,49
-2,43,48
-3,42,47
-3,41,47
-2,42,47
-2,42,47
-2,42,48
-1,42,48
-1,41,49
-2,42,50
-5,42,52
-4,42,51
-2,42,54
1,40,52
3,39,51
9,38,48
10,37,46
14,36,49
15,35,50
12,34,48
10,33,48
10,37,47
9,35,45
11,35,45
14,30,45
13,32,47
19,41,60
26,41,63
23,40,55
24,36,55
4,36,52
1,38,54
-3,39,48
-5,39,45
-1,42,41
7,42,39
8,40,38
-1,35,37
-4,37,36
-3,43,35
-10,45,32
-24,49,27
-32,53,29
-41,57,31
-43,57,31
-38,55,34
-36,52,36
-37,49,37
-33,43,39
-29,41,43
-26,42,46
-21,43,43
-12,41,46
-11,41,46
-12,40,47
-12,40,46
-13,39,43
-12,38,44
-10,39,46
-15,40,46
-17,42,45
-17,42,44
-20,43,45
-22,43,46
-19,43,47
-19,41,46
-21,41,43
-25,42,44
-18,37,53
-7,42,54
-3,38,55
6,37,55
11,41,35
10,41,33
5,29,44
-5,29,60
-18,42,58
-21,46,49
-38,44,32
-43,43,32
-38,43,39
-34,43,41
-27,43,41
-22,43,42
-22,41,39
-26,38,41
-22,40,44
-27,40,45
-26,40,46
-25,40,45
-26,42,41
-24,39,48
-26,38,57
-24,41,60
-19,44,51
-21,41,37
-26,44,30
-18,43,28
-19,42,35
-22,40,38
-21,41,47
-20,42,49
-20,43,45
-21,43,43
-23,44,38
-21,44,37
-25,42,46
-30,38,56
-25,38,61
-28,40,52
-24,41,34
-25,41,31
-23,41,28
-23,42,33
-23,42,38
-23,46,41
-32,45,42
-28,45,43
-28,41,51
-31,36,60
-23,36,64
-27,39,54
-27,38,50
-20,43,31
-6,41,25
-25,38,26
-8,41,45
1,45,46
11,52,39
-2,49,35
-14,44,41
-15,43,44
-26,40,41
-30,39,41
-22,38,54
-23,40,52
-28,45,45
-21,43,49
-12,43,50
-6,35,66
-9,32,69
-12,37,64
-15,37,61
-15,41,30
-7,43,23
-13,27,30
-5,33,45
-6,46,46
1,52,44
0,56,40
0,59,43
6,61,46
8,60,40
4,58,38
3,53,47
2,50,47
10,44,43
11,39,47
3,39,48
13,42,47
12,39,41
5,38,39
8,38,41
1,28,50
-23,16,51
0,43,30
4,37,37
4,42,31
5,40,29
0,50,35
8,52,32
17,44,43
11,41,52
15,42,67
19,41,69
15,40,65
10,41,61
7,42,56
0,41,47
-1,41,43
-5,39,50
-6,39,53
-3,43,51
0,42,47
1,40,49
1,41,51
-1,40,49
-6,40,48
-4,40,49
1,41,47
0,40,47
-2,40,49
-1,41,50
1,41,50
1,41,49
0,41,49
0,41,50
-2,40,48
-5,40,49
-2,41,50
0,41,46
0,40,46
1,40,49
-2,40,50
0,41,50
1,41,49
1,41,48
-1,39,48
-1,41,48
0,41,50
1,41,50
-1,41,49
-2,41,48
-1,41,49
0,41,50
0,40,50
-2,40,49
-2,40,49
-1,40,49
0,40,49
0,40,49
-2,40,50
-2,40,49
0,40,49
0,40,49
-1,40,48
-1,40,49
-1,40,50
1,40,49
-1,40,49
-2,40,49
-1,40,49
-1,39,50
-1,39,50
0,40,50
0,39,51
2,38,52
-1,39,52
-1,40,51
-2,42,48
-1,42,47
0,41,47
-1,41,48
-3,39,50
-5,39,49
-2,39,50
0,40,50
0,39,49
-1,40,49
-2,40,49
-1,40,51
-1,40,51
-1,40,49
-2,40,49
-1,40,49
0,40,50
0,40,50
-1,39,50
-1,39,49
-1,39,49
0,40,49
0,40,49
0,40,49
-2,40,50
-2,40,50
-1,40,49
0,40,49
-1,40,49
-1,40,50
-1,40,50
0,40,49
0,40,49
-1,40,49
-1,40,49
-1,40,49
-1,40,49
-1,40,49
-1,40,49
-2,40,49
-2,40,50
-2,41,50
-2,40,49
-2,41,49
-2,40,49
-3,40,50
-3,40,50
-3,41,51
-2,41,51
-1,40,50
1,41,49
2,41,48
7,40,50
8,40,49
7,39,48
7,39,48
5,38,49
5,38,48
5,38,48
5,38,49
5,38,49
7,39,50
7,39,50
7,38,49
7,39,49
7,39,51
7,39,51
8,39,50
8,38,51
0,37,50
2,38,50
10,38,48
15,36,49
8,36,58
16,40,60
16,40,58
5,41,53
-1,43,50
-2,46,48
0,46,48
0,45,46
-2,44,45
-3,44,45
-2,45,44
-1,45,43
-1,43,42
-3,43,40
1,45,40
2,44,38
-13,31,44
-14,34,45
1,40,34
3,39,37
0,41,33
-6,40,31
2,41,36
5,42,38
4,46,51
2,44,57
5,46,59
3,46,65
-1,45,61
-6,43,57
-3,43,54
6,41,52
7,39,48
3,38,47
0,38,46
2,39,50
4,40,50
-5,41,50
-5,40,52
-2,40,51
3,40,46
3,39,48
-1,40,50
-2,40,51
-1,40,51
0,41,50
0,40,50
1,41,50
1,40,48
1,40,49
2,40,49
0,41,49
-1,40,50
0,40,50
2,40,50
4,41,51
3,40,50
-5,39,47
-1,40,48
2,40,47
1,40,47
-3,40,49
-1,41,49
0,41,50
1,41,50
1,42,49
0,40,48
-1,41,49
0,41,49
1,41,48
-1,40,49
-1,41,49
0,40,49
0,41,49
1,41,50
1,41,49
0,41,49
0,40,49
0,41,49
1,40,50
1,40,50
-1,40,49
-1,40,49
2,40,50
3,40,50
2,40,49
0,39,49
-3,39,50
-4,41,54
-1,41,52
3,41,53
5,40,52
6,39,49
6,39,48
7,38,48
7,37,48
9,37,49
8,37,49
5,37,49
4,38,49
5,37,48
11,37,49
11,38,52
11,41,57
14,42,57
15,43,61
7,41,58
-1,43,50
0,45,49
1,45,45
2,44,44
0,41,43
-2,42,42
0,44,40
-2,44,36
-2,43,34
-10,34,43
-7,38,43
0,41,31
0,38,35
-4,41,38
-5,40,45
4,42,39
2,42,40
1,42,48
0,44,55
3,45,54
3,43,57
-3,45,60
-1,45,57
-1,43,56
0,42,53
0,42,52
-2,40,49
-3,40,49
-1,40,51
-4,40,49
-5,40,49
-1,40,48
-1,40,47
-1,40,48
-1,40,50
-4,41,50
-4,41,50
-1,41,49
0,41,49
-2,41,49
-2,41,49
-1,41,49
0,40,49
0,41,48
-3,40,48
-3,40,49
-1,41,50
0,41,50
-2,40,49
-1,41,49
0,40,48
-1,40,48
0,41,49
0,40,49
-1,40,49
0,41,50
-4,40,49
-3,41,50
-1,40,50
-1,40,48
-2,39,47
-1,40,48
0,39,49
-3,40,50
-2,41,51
1,41,50
1,40,50
-2,40,49
-2,40,49
0,40,49
0,40,49
-1,40,49
-2,40,49
-1,40,49
1,40,49
0,40,50
-2,40,50
-2,40,50
-1,40,49
-1,39,49
0,40,50
0,40,50
-1,39,49
-1,40,50
-1,40,50
-1,39,49
-1,39,49
-1,39,49
-1,40,50
-1,40,50
-1,40,50
-1,40,50
-1,40,51
2,40,50
-7,39,48
-7,39,50
-1,39,49
0,39,48
2,39,48
0,39,49
-5,40,50
-3,40,51
1,41,51
1,40,50
-2,40,49
-2,40,49
-2,40,49
-1,40,49
-1,40,49
-3,40,49
-3,40,49
-3,40,50
-3,40,50
-2,40,50
-2,40,50
-4,40,51
-4,40,50
-4,41,52
-3,41,52
0,41,50
4,40,50
5,40,49
6,39,48
7,39,48
11,39,50
12,39,51
3,37,46
-2,36,47
0,39,49
2,39,49
11,39,50
7,39,56
10,41,57
9,44,62
6,43,61
1,43,54
4,44,52
7,46,47
5,45,42
-3,41,38
-2,40,41
-4,39,39
-4,39,37
-3,37,38
0,37,40
2,37,40
9,34,39
8,35,38
5,37,39
3,39,37
-10,50,37
-19,50,36
-30,52,32
-38,52,34
-44,53,40
-43,52,43
-32,50,48
-24,46,48
-20,46,48
-17,45,47
-15,45,46
-13,44,43
-8,44,42
-16,38,53
-23,40,58
-34,38,66
-32,38,61
-16,40,62
-28,36,49
-12,57,18
16,45,24
7,50,38
4,56,41
1,54,31
4,51,36
4,49,37
6,44,40
2,42,45
3,42,44
2,42,44
1,43,41
1,43,40
5,46,37
-2,36,51
-4,36,53
-4,40,38
3,41,31
-1,40,30
2,41,34
3,43,38
8,47,32
2,44,42
0,47,47
-1,49,51
1,49,52
-2,50,57
3,50,54
2,47,52
-3,46,55
1,46,52
6,41,50
6,41,51
3,40,50
1,40,48
2,42,46
1,41,49
-5,39,48
-2,43,48
3,42,46
4,41,46
3,40,47
-4,41,48
-2,42,50
3,43,49
3,43,48
3,42,48
3,42,48
0,41,47
0,42,48
1,42,48
2,41,47
1,42,48
-1,42,50
0,42,49
-3,41,48
-1,42,48
2,41,46
2,41,45
2,41,47
1,42,48
0,42,51
1,42,50
2,42,49
1,41,48
2,41,48
3,41,48
3,41,47
1,41,48
-3,40,49
1,42,48
2,41,47
2,40,46
3,41,47
1,41,48
-2,42,50
0,41,49
3,42,49
4,41,49
2,41,48
1,41,48
3,41,48
4,41,48
1,41,48
0,41,48
1,41,49
2,41,49
3,41,49
1,41,48
0,41,48
0,41,49
0,41,50
-2,41,52
-3,41,54
-5,41,54
-1,42,50
7,42,48
10,42,47
14,40,46
13,39,46
10,36,46
9,37,46
7,37,47
6,40,47
9,39,47
17,39,49
10,41,53
14,47,59
14,45,60
0,44,52
-2,47,51
2,47,48
3,47,45
2,45,41
0,44,41
1,44,41
-2,43,35
-1,42,35
-2,37,35
-12,35,41
-3,42,38
2,43,30
-9,39,35
-4,44,32
-6,41,35
-2,44,41
4,46,42
0,44,46
2,46,51
0,47,58
2,46,61
6,46,60
5,44,56
-2,44,55
-5,44,54
-7,41,49
-7,40,49
-4,40,50
-5,42,48
-4,42,49
-5,40,49
-5,41,49
-3,41,46
-2,41,45
-4,39,48
-6,41,51
-4,42,51
-2,42,49
-1,42,48
-1,41,48
-3,41,48
-4,41,48
-3,41,48
-2,41,48
-4,41,48
-4,41,49
-1,40,50
-9,41,47
-6,42,48
-2,41,48
-2,41,48
-4,40,48
-5,41,49
-3,41,50
-1,41,48
-2,41,48
-3,41,48
-2,40,48
-2,41,48
-2,41,49
-4,41,49
-4,41,49
-3,41,49
-2,41,49
-2,41,48
-3,40,48
-4,40,49
-3,41,49
-3,41,48
-2,41,49
-2,41,51
-4,40,49
-9,40,47
-2,41,48
-1,41,48
-1,40,46
-1,40,48
-6,40,48
-7,41,50
0,42,51
-2,41,48
-3,41,47
-3,41,48
-2,41,48
-3,41,49
-3,42,49
-4,41,48
-4,41,47
-4,41,49
-3,41,48
-4,42,49
-3,41,48
-3,41,48
-3,41,48
-3,42,48
-3,41,48
-3,41,48
-3,41,48
-3,41,48
-3,41,48
-3,41,47
-4,41,48
-3,41,49
-5,42,48
-4,42,49
-2,41,49
-1,42,48
-1,41,48
-1,41,48
-2,41,47
-3,41,48
-4,41,48
-6,41,51
-6,42,51
-6,42,49
-5,41,50
-2,41,52
6,41,51
7,40,50
6,39,48
4,38,47
-4,37,46
-2,40,48
1,39,48
2,40,48
8,38,51
2,39,52
3,42,56
8,42,58
9,44,62
-6,44,47
-6,46,45
-3,47,46
-3,46,45
-6,44,42
-4,45,44
-4,45,44
-3,45,42
-2,45,39
-2,45,37
-1,43,37
-16,29,41
-11,34,40
1,38,30
-4,35,32
-6,40,37
-3,42,37
3,42,37
-2,42,44
-1,47,55
2,46,57
-4,46,60
-5,47,61
0,47,61
-1,42,55
-5,42,52
-6,40,51
-3,38,51
-2,39,50
-6,39,50
-8,40,49
-4,40,49
-1,39,46
-1,39,47
-6,40,50
-5,41,51
-2,40,50
-4,40,51
-5,41,50
-3,41,49
-3,40,49
-3,41,50
-3,41,49
-3,40,49
-3,40,48
-6,40,49
-5,40,50
-2,41,49
-3,41,49
-5,40,49
-5,41,49
-4,40,49
-2,41,49
-3,41,48
-4,41,49
-4,41,49
-4,40,48
-4,41,49
-4,40,49
-4,40,49
-4,41,49
-3,41,49
-3,40,48
-4,41,48
-4,41,48
-4,41,48
-3,41,49
-4,41,48
-4,41,48
-4,41,49
-4,41,49
-3,41,48
-3,41,49
-4,40,48
-5,41,48
-3,41,49
-2,41,48
-3,41,48
-3,41,49
-2,41,49
-3,41,48
-4,41,48
-4,41,49
-3,41,49
-2,41,49
-3,40,48
-4,40,49
-4,40,48
-4,41,49
-3,41,49
-3,41,48
-3,41,49
-3,41,49
-3,41,49
-3,41,49
-3,41,48
-3,40,48
-3,40,49
-3,40,49
-4,40,48
-3,40,49
-3,40,49
-2,40,49
-3,40,49
-4,40,49
-3,41,50
-2,40,50
-2,40,50
-8,39,49
-5,40,50
-2,40,47
-2,40,47
-2,40,49
-5,40,49
-4,40,50
-1,41,50
-1,41,50
-1,40,48
-1,40,48
-1,41,49
-2,41,48
-2,41,49
-2,41,49
-2,41,49
-2,41,49
-3,40,49
-2,41,49
-2,41,49
-3,41,48
-3,41,49
-3,41,50
-2,41,50
-2,40,49
-2,40,48
-2,41,48
-2,40,49
-3,40,48
-2,41,49
-2,41,49
-2,40,48
-3,40,48
-2,41,49
-2,41,49
-2,41,48
-2,40,49
-3,40,49
-2,41,49
-3,41,49
-2,41,49
-2,40,49
-3,41,49
-3,41,49
-1,41,50
-1,41,49
-6,40,48
-6,40,49
-4,40,48
-2,40,47
-1,40,48
-1,40,48
-6,40,49
-4,41,50
-2,41,50
-2,40,49
-3,40,48
-3,40,48
-3,41,49
-2,41,49
-3,40,49
-3,40,48
-3,40,49
-2,41,49
-3,41,49
-3,41,49
-3,40,49
-2,41,49
-3,41,49
-3,40,49
-3,40,49
-3,41,49
-3,40,49
-3,40,49
-4,40,49
-4,40,49
-2,41,49
-2,40,49
-3,40,49
-4,41,49
-3,40,49
-2,41,50
-1,41,49
-6,39,48
-4,40,49
-2,40,49
-3,40,48
-1,40,48
-5,40,48
-4,41,51
-2,41,50
-1,41,49
-2,41,49
-3,40,49
-2,40,48
-2,41,49
-2,41,49
-3,40,48
-3,40,49
-2,41,50
-2,41,49
-8,40,47
-3,40,49
-2,41,48
-3,40,48
-3,41,49
-5,41,49
-4,41,49
-3,41,49
-2,40,49
-3,41,48
-3,41,49
-3,41,48
-2,41,48
-2,41,49
-4,41,49
-4,41,49
-3,41,49
-3,41,49
-2,41,49
-3,41,49
-6,40,48
-3,41,49
-3,41,49
-6,40,47
-4,41,47
-2,40,47
-2,40,47
-6,41,50
-6,42,51
-4,41,49
-3,41,49
-2,41,49
-3,41,49
-3,41,48
-3,41,48
-3,41,48
-4,41,48
-4,41,48
-3,41,49
-3,41,49
-4,41,48
-4,41,49
-4,41,49
-4,41,49
-4,41,49
-4,41,48
-4,41,48
-4,41,48
-3,41,49
-3,41,48
-4,41,48
-3,41,48
-3,40,48
-4,40,48
-3,41,49
-3,41,49
-3,40,49
-4,40,49
-3,41,49
-3,40,49
-3,41,49
-2,41,49
-5,40,48
-5,40,48
-5,40,49
-5,41,49
-4,42,52
-5,42,52
-4,42,52
0,42,52
2,41,49
6,40,47
8,39,48
9,38,46
4,37,44
-2,39,47
1,39,47
6,40,48
6,39,49
2,41,52
5,42,56
10,41,58
9,44,60
5,45,54
-7,47,45
-6,49,45
1,49,44
-2,48,41
-5,46,43
-6,46,43
-6,45,40
-5,44,38
-5,43,36
-1,41,33
-7,36,39
-11,36,38
-9,40,32
-6,39,34
-9,39,33
-7,42,36
-7,45,45
8,48,42
0,47,47
-5,45,54
-1,45,57
2,44,63
2,43,61
0,42,57
-5,41,50
-4,41,47
2,40,50
1,40,50
-8,39,50
-11,38,51
-5,41,51
-3,40,48
-2,40,47
-5,39,51
-8,39,50
-5,40,51
-3,41,51
1,40,48
-2,39,48
-2,40,50
-3,41,49
-4,39,49
-4,40,49
-3,40,50
-3,40,50
-3,39,50
-6,40,49
-4,39,49
-3,39,48
-2,39,48
-4,39,50
-6,40,50
-4,40,51
-2,40,51
-2,40,49
-2,40,49
-2,40,50
-2,39,50
-10,38,48
-2,40,50
-1,40,49
-3,39,47
-4,39,49
-4,40,52
-3,40,52
0,42,52
-1,42,54
0,45,62
-1,46,61
-6,47,55
-7,48,53
-4,47,49
-3,46,42
-2,45,40
-4,44,36
-4,43,33
-2,44,33
-3,41,31
-20,31,37
-16,36,34
-12,39,27
-17,38,30
-10,47,31
-2,48,35
2,49,36
7,49,41
8,48,43
5,44,46
6,43,47
5,37,49
5,35,47
1,31,40
-4,28,40
-11,23,40
-14,23,39
-17,20,35
-29,16,44
-36,8,43
-17,6,60
-17,8,68
-35,-9,73
-33,-10,80
-37,-9,78
-38,-12,73
-26,-27,60
-27,-27,63
-25,-33,58
-20,-36,55
-17,-43,51
-19,-53,48
-17,-59,43
-20,-63,38
-23,-62,37
-26,-59,41
-28,-60,38
-26,-64,34
-20,-68,33
-6,-74,33
-2,-76,32
-1,-70,27
-4,-67,23
-8,-62,18
-10,-59,17
-10,-57,21
-2,-53,28
0,-50,32
-15,-42,34
-21,-38,36
-26,-33,38
-34,-32,36
-48,-33,25
-49,-31,22
-49,-28,13
-52,-29,15
-53,-36,3
-58,-47,-11
-56,-49,-12
-46,-45,-16
-48,-39,-18
-41,-43,-19
-36,-47,-20
-19,-55,-22
-21,-59,-26
-52,-49,-31
-46,-37,-38
-39,-42,-44
-31,-41,-42
-38,-41,-47
-61,-36,-21
-59,-41,-25
-28,-40,-43
-21,-41,-48
-17,-41,-48
-18,-39,-46
-25,-43,-46
-25,-44,-44
-33,-43,-43
-35,-43,-48
-34,-36,-41
-38,-33,-38
-39,-32,-38
-41,-34,-35
-43,-35,-35
-41,-35,-34
-41,-34,-35
-42,-32,-40
-43,-33,-39
-42,-33,-36
-41,-32,-38
-42,-31,-39
-45,-33,-39
-41,-31,-39
-38,-29,-37
-39,-30,-38
-40,-31,-42
-37,-30,-41
-35,-28,-39
-38,-29,-42
-39,-30,-42
-38,-31,-39
-38,-32,-37
-37,-34,-39
-40,-32,-48
-47,-33,-52
-48,-32,-51
-53,-35,-58
-47,-38,-54
-53,-38,-51
-60,-38,-48
-31,-36,-31
-35,-31,-16
-57,-32,-5
-45,-31,0
-44,-13,14
-33,-6,26
-31,-8,33
-42,-22,33
-35,-31,32
-52,-35,39
-46,-30,45
-38,-33,48
-37,-30,55
-33,-25,55
-35,-23,44
-29,-20,42
-31,-25,45
-40,-28,46
-32,-31,44
-32,-32,45
-34,-34,45
-36,-33,46
-33,-30,44
-31,-31,45
-36,-29,46
-36,-28,46
-36,-27,45
-37,-27,44
-41,-27,44
-42,-27,45
-36,-28,44
-34,-28,42
-38,-30,43
-41,-30,47
-39,-31,45
-36,-32,41
-37,-31,40
-38,-31,41
-39,-31,42
-38,-30,42
-38,-30,41
-40,-30,42
-39,-30,43
-38,-30,41
-41,-31,40
-41,-30,39
-41,-31,39
-40,-32,39
-40,-34,40
-42,-33,39
-43,-33,37
-41,-32,37
-40,-31,36
-41,-31,36
-48,-28,42
-49,-28,44
-43,-28,40
-40,-29,40
-43,-28,49
-49,-29,50
-47,-31,48
-47,-30,45
-56,-25,43
-58,-16,37
-52,-16,36
-49,-11,31
-57,-9,24
-56,-13,17
-51,-15,15
-56,-17,9
-67,-17,5
-61,-22,7
-57,-20,4
-64,-21,-2
-66,-14,4
-61,-11,8
-58,-5,7
-59,-4,-2
-66,2,-2
-58,5,0
-54,10,-10
-57,11,-17
-58,9,-27
-52,5,-42
-59,6,-54
-44,-14,-24
-109,-9,-53
-57,3,-37
-46,5,-30
-58,1,-26
-62,1,-25
-63,3,-26
-65,6,-24
-61,11,-18
-61,13,-15
-59,10,8
-65,2,15
-63,10,14
-48,10,27
-52,5,23
-57,6,20
-61,4,17
-58,5,29
-64,4,27
-53,5,32
-52,8,30
-59,4,30
-53,1,28
-71,0,16
-67,7,30
-44,6,43
-46,-1,41
-47,0,40
-48,1,44
-39,3,51
-42,-3,41
-45,-7,37
-11,4,66
-12,4,63
-29,-8,49
-30,-11,59
-11,-3,68
9,-8,53
-14,1,72
3,7,62
19,8,63
19,14,68
22,15,63
16,7,52
-8,4,51
-33,5,44
-39,-1,34
-67,-13,20
-100,-20,-18
-77,-16,-9
-67,-27,-8
-74,-36,-18
-70,-41,-11
-65,-42,-3
-51,-48,5
-48,-48,13
-55,-55,8
-52,-55,9
-47,-59,15
-49,-53,17
-58,-50,10
-40,-47,8
-41,-42,12
-52,-37,9
-59,-36,2
-61,-24,0
-56,-19,-2
-65,-15,2
-66,-13,9
-63,-10,20
-67,-11,22
-58,-5,22
-54,-2,27
-61,-16,23
-57,-33,-3
-62,-34,-1
-63,-44,-18
-52,-42,-28
-53,-42,-43
-48,-37,-21
-42,-45,-24
-57,-43,-28
-47,-38,-29
-47,-33,-32
-49,-31,-37
-50,-31,-35
-48,-30,-32
-44,-35,-29
-53,-28,-32
-44,-28,-29
-54,-26,-38
-46,-28,-41
-50,-27,-40
-44,-29,-42
-50,-26,-41
-43,-28,-36
-46,-28,-36
-47,-30,-36
-42,-32,-35
-47,-32,-34
-49,-32,-30
-50,-32,-29
-50,-33,-31
-44,-34,-31
-103,39,34
-89,-47,-30
-52,-54,-38
-79,-31,-31
-44,-36,-23
-55,-32,-24
-65,-36,-24
-47,-38,-17
-39,-40,-20
-31,-44,-27
-37,-46,-21
-33,-45,-19
-34,-45,-20
-36,-43,-18
-36,-43,-16
-35,-45,-13
-37,-46,-14
-40,-48,-13
-42,-51,-14
-42,-52,-9
-48,-54,-8
-50,-56,-8
-49,-58,-1
-47,-58,2
-47,-58,5
-44,-58,8
-35,-58,14
-37,-58,13
-34,-58,11
-29,-59,12
-28,-60,11
-28,-61,11
-25,-61,10
-20,-58,11
-22,-56,11
-25,-53,10
-25,-52,10
-22,-53,13
-22,-53,15
-23,-54,16
-24,-55,16
-25,-55,17
-28,-56,17
-30,-55,19
-31,-56,19
-33,-56,18
-34,-56,20
-34,-57,20
-37,-56,19
-38,-56,19
-37,-54,19
-37,-54,21
-37,-54,20
-39,-54,20
-43,-55,20
-45,-56,21
-52,-61,23
-63,-58,19
-78,-49,12
-78,-45,10
-76,-39,7
-72,-26,-4
-69,-23,-10
-61,-25,-15
-53,-23,-18
-42,-14,-19
-42,-14,-21
-34,-14,-26
-35,-13,-29
-33,-11,-25
-29,-19,-36
-24,-19,-41
-28,-15,-48
-29,-14,-42
-61,-5,-32
-66,4,-53
-41,-5,-59
-42,-11,-42
-46,-10,-43
-49,-4,-47
-49,5,-49
-52,6,-50
-49,11,-44
-47,3,-39
-55,-2,-38
-53,17,-34
-52,20,-34
-52,23,-43
-53,23,-41
-47,23,-30
-46,23,-29
-53,23,-36
-42,19,-31
-71,33,-39
-58,25,-30
-51,25,-28
-55,25,-30
-58,25,-32
-54,23,-26
-55,24,-23
-57,22,-28
-54,21,-31
-50,21,-30
-52,21,-30
-49,19,-30
-49,18,-31
-52,19,-32
-53,19,-32
-55,18,-32
-60,18,-29
-63,17,-28
-64,15,-24
-67,14,-23
-65,11,-23
-60,8,-16
-73,4,-13
-74,4,-15
-71,2,-18
-65,4,-3
-61,5,9
-60,10,17
-64,13,11
-69,20,5
-68,24,2
-62,28,-4
-64,28,-13
-64,29,-18
-45,28,-6
-34,24,9
-34,24,12
-42,28,11
-47,29,13
-50,30,20
-62,29,16
-65,28,15
-63,28,19
-60,28,20
-56,28,18
-58,27,17
-58,26,20
-56,25,22
-56,24,21
-59,23,20
-60,22,21
-60,22,22
-57,20,22
-55,22,23
-56,23,23
-51,25,30
-49,25,34
-45,26,39
-46,27,40
-48,28,38
-46,29,38
-45,30,35
-43,30,32
-40,33,35
-37,38,37
-36,38,38
-32,38,40
-33,37,41
-34,36,45
-34,35,46
-31,32,48
-29,31,49
-29,30,47
-31,30,47
-29,32,48
-26,30,46
-27,28,43
-30,29,47
-27,28,50
-27,22,49
-31,22,51
-28,25,58
-29,22,56
-28,22,52
-27,25,50
-37,25,47
-37,21,46
-28,24,54
-26,25,57
-39,24,61
-32,23,55
-27,22,52
-18,20,47
-19,17,49
-35,14,54
-35,11,57
-25,15,56
-24,16,54
-29,17,54
-30,17,55
-28,17,55
-27,18,54
-30,16,56
-30,16,57
-30,16,56
-29,15,54
-30,15,54
-30,15,54
-29,15,53
-30,16,52
-31,15,54
-31,14,54
-31,15,54
-31,15,53
-31,15,53
-31,15,55
-31,16,54
-31,16,54
-30,16,53
-30,16,54
-30,17,54
-31,16,54
-30,17,54
-30,17,53
-31,17,53
-31,17,54
-32,17,53
-31,17,53
-31,17,53
-32,17,54
-32,17,53
-31,17,53
-31,18,53
-32,17,53
-31,18,54
-31,18,53
-31,19,53
-31,19,53
-32,19,53
-31,18,52
-31,19,52
-32,19,53
-31,19,53
-31,19,53
-31,19,53
-31,19,53
-31,19,53
-31,19,53
-31,19,53
-31,19,53
-31,18,53
-31,18,53
-30,18,53
-31,18,53
-31,17,54
-30,17,54
-30,18,53
-30,18,53
-30,18,52
-30,17,52
-30,17,52
-30,17,52
-30,17,52
-30,18,52
-30,18,52
-31,19,53
-33,20,55
-33,20,55
-32,20,52
-31,20,51
-32,20,52
-33,20,52
-31,19,52
-31,20,52
-31,21,53
-31,21,53
-31,22,53
-31,22,53
-30,22,54
-29,21,54
-28,21,53
-28,21,54
-28,22,54
-29,21,54
-28,21,54
-28,20,54
-28,20,54
-28,19,55
-28,19,55
-28,18,54
-27,19,54
-27,19,54
-27,19,54
-27,19,55
-27,18,55
-27,18,56
-26,18,55
-26,18,55
-26,18,56
-25,18,57
-26,17,55
-26,18,55
-26,18,56
-26,18,56
-25,18,56
-27,16,58
-27,17,58
-27,16,56
-26,16,55
-27,16,57
-28,16,58
-28,17,60
-28,17,61
-24,19,65
-24,21,65
-27,25,63
-26,34,60
-23,35,65
-29,37,60
-24,40,60
-18,44,60
-16,46,57
-9,45,43
-5,47,39
-11,45,29
-16,37,21
-9,15,30
-3,4,40
-8,-17,47
-39,-31,47
-42,-37,49
-37,-35,56
-32,-30,59
-26,-23,58
-27,-19,56
-22,-11,59
-14,-10,61
-22,-11,67
-31,-15,61
-34,-17,63
-31,-7,57
-26,-4,56
-18,0,57
-4,-1,66
-9,4,69
-16,3,69
-14,2,69
-10,2,69
-13,5,61
-1,3,56
2,-9,58
10,-17,60
-10,-26,52
-11,-28,51
-24,-28,49
-23,-30,54
-8,-25,58
-10,-18,56
-14,-18,56
-8,-17,56
5,-16,63
4,-11,73
-6,-12,64
2,-15,66
2,-16,68
-4,-21,67
-5,-18,59
-9,-17,55
4,-20,57
10,-20,58
14,-18,59
16,-20,59
17,-18,58
17,-19,57
21,-20,57
21,-19,58
24,-17,61
26,-16,62
20,-17,62
21,-17,59
27,-16,61
27,-10,62
24,-10,59
24,-8,57
27,-5,59
25,-4,62
20,-5,58
16,-3,63
14,-1,64
18,-1,61
16,-1,63
3,1,63
-3,3,59
-5,4,60
-8,6,60
-10,6,59
-13,7,57
-13,6,59
-15,3,60
-19,2,58
-28,2,52
-27,4,50
-25,8,36
-32,9,33
-49,9,38
-30,13,39
-22,21,40
-47,22,48
-51,17,47
-25,18,48
-24,23,47
-52,26,43
-54,25,39
-43,28,43
-47,30,44
-43,31,42
-42,31,44
-36,25,51
-38,24,52
-45,22,51
-41,22,52
-37,22,54
-38,18,55
-44,16,54
-41,18,53
-38,18,52
-38,17,50
-38,17,50
-41,16,49
-39,15,49
-40,14,48
-39,14,49
-39,14,49
-40,15,49
-40,15,49
-38,14,50
-37,15,49
-37,15,47
-38,15,47
-39,14,47
-39,15,48
-41,15,50
-39,16,53
-37,18,49
-42,19,44
-40,20,48
-34,20,50
-34,19,51
-41,22,48
-43,21,47
-38,21,47
-37,20,49
-40,21,45
-42,20,41
-40,19,44
-41,18,47
-39,17,48
-38,14,51
-38,14,50
-46,8,45
-48,6,46
-47,2,45
-46,1,41
-55,-3,33
-57,-6,35
-52,-9,32
-56,-2,29
-49,1,16
-59,1,15
-48,1,30
-41,8,40
-44,6,25
-63,-1,22
-64,0,31
-57,1,24
-63,-1,17
-76,-4,15
-69,-9,12
-73,-10,12
-71,-9,22
-76,-13,21
-77,-10,14
-72,-6,12
-65,-6,5
-65,-7,3
-64,-11,12
-67,-12,12
-62,-10,13
-57,-12,13
-60,-9,19
-62,-7,22
-51,-12,20
-55,-12,18
-60,-13,16
-56,-16,17
-57,-19,20
-61,-21,22
-59,-21,24
-62,-20,26
-63,-20,26
-58,-17,28
-57,-18,25
-58,-14,23
-56,-12,22
-52,-13,22
-54,-14,32
-52,-18,25
-54,-16,27
-57,-16,31
-53,-19,35
-57,-19,31
-69,-12,20
-72,-8,13
-85,-2,-8
-81,0,-12
-74,0,-28
-62,-3,-38
-59,-5,-38
-49,-13,-41
-39,-16,-39
-42,-12,-46
-42,-15,-49
-35,-20,-47
-36,-19,-50
-21,-24,-44
-23,-23,-44
-43,-12,-29
-65,-1,-48
-48,-3,-74
-37,-13,-44
-37,-15,-42
-42,-15,-48
-47,-10,-48
-57,-9,-46
-68,-11,-48
-55,-8,-44
-38,0,-39
-81,2,-33
-94,1,-27
-70,12,-1
-60,17,14
-38,27,28
-32,35,29
-36,36,32
-53,25,25
-50,17,22
-47,8,34
-43,5,39
-25,6,49
-22,3,53
-17,4,62
-20,4,60
-21,9,60
-22,11,59
-30,3,68
-32,13,56
-33,15,58
-31,17,61
-30,15,54
-33,16,53
-32,16,55
-32,15,51
-32,15,51
-31,17,54
-28,16,52
-30,15,55
-30,16,58
-30,14,54
-30,15,55
-32,15,55
-31,14,54
-31,13,53
-32,13,53
-32,13,53
-33,12,55
-31,11,57
-27,9,58
-27,9,58
-29,8,58
-29,9,57
-28,9,56
-30,8,57
-30,8,58
-29,8,57
-27,8,57
-29,8,56
-27,8,56
-27,7,54
-27,8,55
-27,8,57
-27,8,57
-28,8,59
-29,7,60
-29,7,59
-28,7,56
-28,7,55
-26,5,56
-25,5,57
-26,6,57
-27,6,56
-27,7,57
-28,7,58
-28,7,58
-28,7,57
-28,6,57
-27,6,58
-28,7,58
-28,7,57
-27,6,57
-27,7,57
-28,7,57
-27,7,57
-27,7,57
-28,7,59
-27,7,60
-29,5,59
-29,6,58
-27,4,58
-27,5,57
-28,5,56
-32,8,57
-32,9,56
-32,10,58
-35,13,57
-42,16,58
-42,21,57
-44,23,55
-43,25,54
-46,26,49
-41,27,47
-42,27,42
-40,24,34
-46,24,30
-50,22,31
-46,21,30
-52,18,21
-55,15,23
-49,11,25
-54,11,27
-42,10,24
-38,10,33
-44,24,42
-51,29,23
-52,33,21
-46,34,26
-54,33,27
-59,34,30
-55,34,32
-49,35,39
-44,31,34
-42,28,40
-37,29,44
-31,25,42
-29,27,40
-34,31,40
-46,29,28
-51,28,25
-50,31,30
-49,32,31
-54,30,28
-57,29,25
-56,30,20
-55,31,20
-56,30,22
-59,30,17
-56,31,11
-47,32,15
-52,31,7
-56,26,8
-54,24,11
-66,23,-1
-71,23,1
-65,24,-4
-73,24,-8
-70,23,2
-66,24,4
-52,30,8
-47,32,14
-43,29,26
-45,28,31
-48,27,36
-40,29,40
-39,29,41
-34,28,45
-29,27,49
-33,27,48
-30,26,47
-23,25,51
-24,26,52
-25,26,50
-25,25,55
-21,29,50
-12,24,60
-25,26,54
-23,27,46
-24,29,52
-9,25,66
-7,36,59
-4,28,50
2,29,51
3,32,62
-5,31,55
-8,30,52
-2,32,56
7,33,60
6,34,63
0,35,61
-8,29,51
-13,26,47
-16,31,53
-15,32,55
-19,28,51
-34,32,49
-31,33,46
-28,30,45
-39,27,42
-40,27,41
-38,27,40
-40,29,32
-46,28,25
-45,28,20
-45,28,13
-55,27,4
-49,27,-1
-66,25,-17
-84,26,-24
-76,25,-20
-40,28,4
-36,18,-14
-89,23,-17
-66,22,-33
-51,25,-41
-49,25,-42
-51,24,-40
-47,22,-37
-38,26,-25
-38,28,-23
-44,29,-24
-53,29,-26
-54,29,-22
-48,33,-12
-64,31,-13
-67,28,-11
-60,26,1
-59,24,1
-61,24,0
-57,25,-5
-56,25,-8
-55,24,0
-54,23,-3
-57,22,-6
-61,23,-7
-69,23,-9
-66,21,-10
-65,21,-1
-63,18,0
-66,14,-1
-62,10,0
-62,10,0
-67,7,-5
-69,8,-7
-67,7,0
-68,7,-1
-60,6,-1
-61,7,-3
-66,7,-5
-65,7,-6
-60,6,-6
-61,3,-4
-63,2,-3
-64,2,-6
-67,1,-5
-67,2,-7
-67,1,-7
-65,1,-6
-66,1,-8
-66,-1,-10
-67,-2,-9
-66,-2,-8
-64,-1,-7
-65,-2,-8
-63,-2,-10
-63,-2,-10
-63,-1,-11
-66,-1,-14
-64,1,-14
-63,2,-12
-62,1,-11
-62,1,-11
-65,0,-5
-66,2,-6
-68,3,-10
-64,5,-9
-64,5,-11
-64,5,-12
-60,4,-13
-61,8,-15
-61,7,-14
-62,6,-14
-64,4,-17
-64,5,-19
-63,4,-20
-65,3,-22
-64,2,-21
-63,1,-21
-64,0,-24
-56,-3,-24
-61,0,-23
-52,-9,-28
-47,-14,-43
-42,-22,-66
-54,-20,-75
-49,-13,-73
-32,-8,-67
-32,-5,-59
-45,0,-42
-52,0,-35
-61,-3,-17
-62,-5,3
-62,-5,14
-47,-8,30
-37,-12,37
-23,-21,48
-15,-23,56
-45,-29,57
-55,-29,54
-55,-20,51
-58,-16,41
-48,-13,40
-42,-16,42
-39,-19,43
-42,-20,42
-46,-19,41
-46,-20,41
-46,-21,41
-45,-18,43
-44,-19,42
-41,-18,42
-44,-17,41
-50,-18,41
-48,-17,40
-45,-16,37
-53,-15,38
-52,-11,37
-48,-11,37
-48,-10,37
-53,-14,37
-54,-16,37
-53,-15,38
-52,-15,37
-49,-16,41
-48,-12,41
-47,-7,33
-42,-9,37
-45,-9,30
-48,0,38
-44,4,31
-48,-2,20
-53,-6,11
-58,-5,-16
-62,-1,-30
-60,-8,-54
-55,-10,-53
-44,-18,-58
-34,-23,-63
-34,-22,-65
-35,-23,-71
-30,-23,-68
-33,-19,-66
-22,-21,-60
-17,-27,-65
-29,-31,-53
-61,-15,-41
-57,-17,-61
-26,-21,-52
-25,-22,-44
-24,-26,-51
-25,-25,-53
-29,-23,-56
-31,-23,-53
-34,-22,-51
-37,-21,-53
-52,-21,-59
-57,-17,-50
-58,-16,-43
-38,-9,-40
-59,-15,-46
-93,-22,-49
-62,-16,-34
7,8,31
13,10,53
-27,12,60
-31,7,53
-34,-5,53
-40,-15,44
-44,-15,40
-37,-33,44
-37,-7,59
-44,-1,64
-32,-3,57
-30,-2,58
-32,-2,60
-34,-3,57
-35,-3,56
-35,-3,54
-32,-4,53
-34,-4,54
-34,-4,53
-34,-4,53
-35,-5,54
-36,-6,55
-35,-7,54
-34,-8,54
-33,-9,53
-32,-9,53
-34,-10,54
-35,-11,52
-35,-11,52
-35,-11,51
-36,-12,51
-37,-12,50
-36,-13,49
-36,-12,50
-37,-12,50
-37,-12,50
-37,-12,51
-36,-12,54
-39,-12,55
-38,-14,56
-34,-14,57
-35,-14,57
-34,-17,56
-38,-14,52
-39,-14,53
-38,-14,52
-39,-10,51
-39,-12,48
-35,-11,47
-33,-10,51
-34,-6,61
-34,-4,61
-38,-2,54
-39,-1,49
-43,3,47
-58,0,35
-57,-2,32
-60,1,25
-61,1,20
-62,3,15
-61,6,13
-52,11,14
-54,11,13
-59,14,14
-57,15,15
-65,18,13
-69,19,11
-64,10,14
-64,5,22
-64,2,24
-59,-5,23
-60,-11,23
-60,-14,30
-57,-13,33
-51,-17,27
-53,-19,31
-34,-18,49
-31,-20,51
-27,-27,48
-15,-25,56
-22,-27,52
-25,-27,66
-21,-17,57
-21,-19,59
-21,-18,59
-22,-20,57
-29,-20,50
-14,-20,57
-7,-23,60
-7,-25,65
-3,-25,62
-6,-22,53
-18,-22,51
-23,-26,55
-26,-26,49
-22,-27,48
-20,-27,53
-20,-25,55
-22,-28,56
-23,-31,57
-26,-26,60
-28,-25,60
-33,-28,56
-33,-27,56
-35,-24,45
-45,-26,25
-50,-23,13
-56,-14,-6
-57,-10,-15
-57,-3,-38
-60,2,-43
-55,8,-41
-41,9,-45
-42,19,-49
-39,24,-50
-38,20,-50
-38,20,-48
-41,17,-44
-47,14,-34
-52,12,-35
-73,3,-22
-70,-4,-14
-64,-8,-12
-82,-11,-14
-80,-10,-13
-82,-7,-19
-54,-14,-24
-50,-17,-31
-62,-29,-43
-40,-37,-25
-59,-11,-27
-57,-18,-26
-56,-15,-24
-53,-14,-25
-57,-20,-30
-57,-19,-27
-58,-18,-28
-56,-18,-34
-55,-18,-35
-54,-15,-38
-49,-18,-38
-50,-20,-33
-55,-20,-31
-53,-19,-37
-43,-16,-39
-48,-19,-48
-39,-27,-42
-87,-11,-34
-52,-18,-38
-50,-21,-42
-54,-20,-35
-47,-19,-42
-43,-20,-44
-43,-20,-42
-41,-20,-45
-43,-23,-42
-51,-22,-37
-51,-19,-38
-59,-21,-36
-61,-18,-35
-53,-19,-30
47,-109,-43
-24,-57,-24
-65,-48,-22
-6,-8,-17
-75,-15,-45
-55,-28,-43
-46,-22,-39
-42,-23,-43
-52,-31,-68
-57,-23,-80
-56,-24,-75
-63,-18,-28
-69,-17,-21
-60,-29,0
-50,-32,23
-34,-15,51
-34,-12,50
-25,-21,51
-15,-27,54
-24,-18,48
-30,-15,55
-54,-11,44
-47,-13,48
-35,-9,53
-21,-8,55
-22,-11,54
-25,-13,56
-29,-11,56
-32,-10,54
-30,-11,55
-29,-11,54
-32,-12,55
-37,-12,55
-29,-11,53
-29,-13,53
-28,-14,52
-24,-14,52
-19,-17,47
-19,-18,43
-34,-11,45
-36,-6,46
-37,-10,42
-41,-12,34
-45,-14,21
-33,-5,27
-35,-14,17
-44,-28,9
-43,-35,-2
-56,-34,-53
-69,-38,-72
-63,-41,-75
-54,-43,-70
-27,-41,-61
-22,-45,-62
-22,-44,-65
-20,-47,-40
-18,-49,-33
-43,-38,-47
-26,-44,-39
-59,-48,-35
-63,-45,-32
-46,-38,-55
-26,-41,-45
-21,-50,-32
-17,-52,-34
-16,-51,-35
-21,-50,-35
-35,-47,-36
-38,-45,-37
-53,-45,-42
-62,-44,-42
-56,-44,-35
-25,-43,-31
-29,-49,-22
-27,-45,-18
-22,-41,-3
-35,-34,-13
-36,-36,-23
-37,-37,-34
-43,-37,-38
-31,-41,-33
-38,-40,-31
-40,-40,-28
-46,-44,-32
-47,-47,-36
-42,-38,-26
-36,-34,-25
-45,-26,-22
-37,-28,-23
-52,-36,-36
-44,-36,-35
-42,-43,-46
-46,-47,-53
-32,-63,-36
-22,-56,-9
-41,-50,-12
-40,-45,-32
-41,-42,-30
-34,-44,-34
-33,-42,-28
-30,-46,-28
-33,-47,-29
-40,-47,-29
-41,-44,-21
-41,-45,-26
-39,-46,-25
-38,-45,-26
-39,-45,-28
-35,-43,-29
-38,-44,-29
-38,-46,-31
-36,-46,-27
-36,-46,-25
-37,-48,-26
-38,-49,-29
-33,-47,-28
-32,-46,-29
-31,-48,-33
-36,-47,-34
-29,-44,-32
-31,-47,-32
-32,-46,-32
-32,-44,-30
-34,-44,-31
-37,-46,-32
-37,-45,-30
-36,-44,-29
-34,-46,-32
-31,-48,-33
-32,-49,-33
-37,-48,-23
-40,-52,-23
-43,-53,-26
-46,-53,-23
-41,-53,-24
-36,-52,-21
-43,-53,-19
-51,-56,-7
-48,-52,2
-44,-47,8
-35,-50,11
-38,-44,17
-43,-39,17
-52,-32,8
-55,-28,8
-66,-20,7
-58,-14,10
-50,-14,15
-47,-19,21
-51,-20,23
-48,-25,24
-49,-30,26
-42,-40,20
-36,-47,21
-29,-51,33
-29,-53,31
-12,-59,36
-9,-61,35
-16,-64,25
-3,-56,40
-7,-54,37
-1,-50,44
-1,-47,47
-18,-44,39
-23,-47,38
-13,-47,49
-18,-48,46
-30,-51,42
-33,-51,41
-37,-51,37
-41,-51,36
-48,-44,31
-59,-35,11
-64,-32,3
-71,-28,-6
-71,-25,-6
-68,-17,-7
-67,-14,-9
-64,-9,-7
-64,-7,-8
-62,-3,-6
-57,0,-2
-60,1,-2
-61,2,-2
-50,4,6
-56,7,6
-63,6,3
-58,7,5
-57,7,7
-57,7,7
-58,7,7
-62,8,5
-65,9,3
-61,12,1
-60,12,1
-60,14,1
-58,14,1
-64,15,-8
-68,14,-12
-66,12,-10
-63,9,-5
-65,9,-7
-67,13,-11
-63,15,-11
-61,14,-12
-49,2,0
-82,12,-16
-66,9,-11
-61,10,-12
-65,9,-13
-69,8,-12
-67,9,-7
-65,10,-5
-62,10,1
-64,10,3
-66,9,7
-63,7,11
-58,8,20
-58,6,21
-60,3,21
-61,3,19
-60,3,22
-61,3,21
-61,3,22
-58,5,24
-58,5,23
-60,6,23
-60,6,24
-58,6,26
-59,6,28
-57,5,31
-55,5,34
-50,4,42
-46,3,44
-53,3,35
-62,9,40
-42,6,49
-23,3,53
-31,1,47
-40,6,48
-32,3,51
-26,7,54
-29,11,57
-37,6,56
-40,5,51
-48,1,37
-47,1,25
-83,0,19
-62,4,35
-55,1,39
-57,0,30
-67,-1,25
-59,5,33
-53,4,37
-38,1,51
-34,1,55
-43,1,61
-29,0,58
-3,3,53
-1,6,53
-9,5,53
-22,6,52
-24,5,51
-40,-2,35
-53,-6,34
-48,-2,38
-44,-2,38
-55,-8,32
-51,-12,33
-52,-13,18
-49,-14,5
-93,-19,-22
-76,-15,-7
-65,-14,2
-64,-17,3
-61,-19,7
-62,-20,10
-59,-22,13
-66,-27,13
-62,-31,13
-65,-31,16
-56,-31,18
-52,-29,19
-55,-31,21
-52,-31,23
-49,-30,26
-51,-29,27
-53,-31,26
-54,-34,25
-56,-36,32
-44,-37,39
-48,-51,17
-45,-66,11
-40,-48,42
-32,-37,42
-34,-30,30
-38,-27,25
-40,-31,16
-47,-28,13
-45,-28,11
-57,-29,1
-57,-29,-1
-52,-28,1
-53,-31,5
-64,-31,8
-64,-30,12
-56,-30,16
-54,-30,18
-51,-35,15
-57,-42,7
-72,-62,-24
-50,-67,-21
-26,-64,-10
-39,-52,-18
-43,-47,-26
-37,-40,-29
-32,-42,-28
-38,-45,-29
-38,-43,-28
-41,-43,-27
-44,-43,-27
-45,-46,-28
-46,-43,-27
-45,-44,-27
-38,-40,-25
-39,-41,-27
-42,-41,-33
-41,-42,-31
-34,-45,-35
-31,-46,-31
-37,-47,-29
-32,-51,-29
-33,-48,-30
-27,-47,-30
-37,-43,-37
-30,-44,-36
-32,-45,-33
-32,-40,-27
-33,-41,-26
-32,-42,-30
-36,-41,-30
-37,-43,-33
-35,-42,-31
-41,-45,-36
-39,-43,-33
-32,-48,-37
-44,-38,-34
-33,-41,-31
-33,-40,-40
-35,-41,-37
-38,-41,-34
-37,-41,-37
-42,-40,-33
-44,-39,-32
-38,-41,-31
-42,-41,-33
127,-128,-73
-74,9,28
0,-32,1
-32,-39,-30
-63,-35,-24
-35,-37,-17
-45,-35,-21
-50,-40,-26
-51,-41,-29
-41,-44,-25
-34,-41,-24
-27,-44,-24
-26,-52,-12
-38,-52,-18
-37,-50,-18
-41,-46,-14
-43,-46,-12
-45,-49,-8
-48,-50,-6
-47,-51,-4
-46,-52,-4
-45,-53,-6
-43,-52,-8
-42,-52,-9
-40,-51,-12
-39,-52,-13
-37,-51,-14
-36,-51,-13
-36,-51,-14
-37,-51,-15
-36,-51,-13
-37,-51,-12
-38,-51,-12
-39,-52,-11
-39,-53,-10
-39,-53,-10
-40,-53,-11
-41,-53,-13
-41,-53,-13
-39,-54,-14
-40,-53,-15
-46,-48,-21
-48,-46,-24
-48,-45,-22
-47,-40,-26
-45,-41,-32
-39,-38,-24
-39,-37,-31
-25,-45,-28
-26,-43,-28
-32,-42,-29
-47,-36,-42
-41,-32,-43
-32,-34,-44
-25,-50,-34
-23,-48,-31
-23,-46,-33
-32,-42,-36
-34,-41,-36
-38,-40,-38
-38,-39,-39
-39,-38,-40
-41,-38,-40
-39,-38,-39
-37,-38,-39
-39,-39,-39
-36,-37,-36
-34,-37,-35
-35,-39,-36
-36,-38,-38
-34,-37,-35
-35,-32,-34
-44,-37,-43
-46,-34,-30
-40,-35,-37
-35,-39,-44
-33,-40,-41
-30,-42,-37
-36,-41,-37
-36,-42,-37
-33,-41,-36
-33,-42,-39
-32,-42,-36
-34,-44,-34
-32,-44,-31
-33,-44,-36
-33,-43,-39
-32,-42,-40
-30,-41,-40
-29,-40,-40
-28,-41,-42
-29,-40,-38
-29,-40,-38
-31,-42,-37
-32,-43,-37
-32,-43,-36
-31,-43,-38
-31,-43,-38
-29,-43,-40
-28,-43,-41
-28,-47,-41
-31,-48,-39
-37,-49,-44
-36,-52,-50
-27,-53,-54
-49,-49,-62
-36,-48,-52
-36,-35,-38
-43,-30,-40
-45,-23,-31
-38,-16,-22
-35,-8,-15
-42,-8,-12
-52,-8,-6
-60,-14,-10
-53,-14,-2
-55,-13,2
-60,-14,3
-55,-24,11
-58,-26,12
-68,-31,6
-60,-35,12
-50,-44,17
-53,-46,14
-42,-49,21
-45,-52,21
-52,-48,18
-37,-35,29
-45,-36,25
-48,-43,20
-24,-44,35
-36,-41,44
-41,-41,43
-28,-39,46
-24,-41,45
-9,-41,55
-9,-42,52
-10,-46,50
-8,-48,53
-9,-50,59
-8,-51,59
-6,-49,57
-9,-48,51
-19,-46,40
-27,-41,36
-28,-36,34
-34,-26,35
-34,-28,32
-51,-28,14
-56,-31,3
-66,-21,-17
-74,-21,-32
-62,-19,-35
-55,-12,-35
-66,-9,-42
-66,-11,-31
-62,-10,-22
-74,-9,-1
-73,-12,2
-62,-5,10
-62,-3,12
-76,-10,6
-72,-14,-1
-69,-7,1
-68,-7,4
-56,-5,2
-60,-5,0
-64,-1,-1
-60,-1,3
-63,0,3
-63,1,6
-61,1,7
-61,2,8
-64,3,7
-66,5,7
-65,5,7
-59,8,6
-58,9,2
-64,8,-6
-66,9,-8
-59,10,-5
-60,9,-4
-61,9,-3
-60,9,-2
-61,9,-2
-60,8,-2
-57,7,0
-55,4,2
-52,5,6
-44,0,10
-38,-4,15
-54,-10,14
-62,-13,8
-74,-13,1
-72,-8,-1
-82,-9,-13
-77,-10,-14
-74,-8,-7
-82,-12,-14
-77,-17,-14
-73,-14,-3
-70,-15,-1
-63,-21,6
-59,-23,9
-58,-29,10
-51,-30,22
-40,-33,27
-42,-35,29
-41,-40,25
-32,-44,34
-34,-48,37
-29,-45,45
-35,-40,45
-38,-35,49
-34,-29,57
-37,-20,53
-32,-12,58
-28,-11,62
-23,-32,46
-56,-41,50
-31,-18,58
-47,-27,47
-10,-30,45
-24,-35,40
-42,-40,31
-29,-39,33
-26,-40,35
-21,-40,39
-26,-48,47
-41,-46,41
-36,-29,31
-58,-30,10
-66,-34,6
-62,-38,6
-61,-39,5
-59,-30,-3
-58,-31,-5
-53,-37,-11
-56,-37,-19
-57,-33,-39
-52,-32,-43
-66,-26,-49
-60,-24,-48
-51,-14,-43
-54,-6,-43
-54,-2,-40
-52,1,-36
-51,5,-31
-56,12,-35
-55,12,-32
-57,10,-20
-63,7,-19
-58,4,-15
-59,3,-8
-60,4,-7
-56,6,-5
-58,7,-5
-61,3,-14
-65,4,-14
-60,7,-14
-60,6,-18
-66,5,-14
-67,6,-10
-70,7,-6
-72,7,-5
-70,5,-2
-69,2,-13
-68,11,5
-64,13,8
-65,13,-6
-61,15,-5
-57,15,-4
-54,13,-3
-52,10,-1
-58,11,-1
-53,11,0
-48,17,-2
-50,17,-11
-48,16,-20
-40,16,-23
-47,14,-42
-59,11,-49
-54,1,-35
-76,6,-40
-66,7,-39
-51,8,-36
-56,8,-38
-65,7,-41
-60,7,-37
-56,13,-31
-64,15,-29
-60,13,-24
-59,13,-19
-56,13,-15
-36,13,3
-36,13,28
-34,18,47
-19,14,58
-42,10,40
-59,11,34
-36,8,46
-42,20,72
-32,16,54
-28,27,66
-22,21,53
-23,21,49
-26,21,45
-19,13,36
-14,6,30
-18,-6,26
-42,-5,36
-57,-10,38
-61,-15,29
-100,-21,12
-98,-12,8
-88,-14,-1
-89,-17,-2
-71,-19,1
-70,-25,0
-68,-30,9
-57,-36,17
-50,-44,18
-47,-56,15
-41,-59,21
-30,-64,29
-36,-58,28
-35,-49,27
-39,-48,26
-40,-47,20
-41,-46,16
-47,-42,7
-52,-42,5
-60,-42,7
-56,-38,7
-60,-38,10
-58,-37,13
-51,-33,18
-47,-30,20
-53,-29,18
-48,-21,24
-43,-18,28
-44,-18,32
-44,-27,28
-74,-37,2
-68,-46,-19
-69,-69,-49
-52,-47,16
-20,-64,9
-24,-59,1
-44,-53,-9
-49,-41,-18
-44,-45,-20
-31,-50,-17
-32,-46,-11
-32,-48,-4
-38,-45,-8
-55,-40,-19
-49,-43,-19
-48,-42,-14
-47,-39,-11
-49,-43,-11
-51,-43,-2
-55,-42,-3
-50,-41,7
-49,-44,8
-50,-45,-6
-51,-43,-8
-17,-69,-6
-61,5,17
-48,-46,-24
-48,-41,-31
-46,-40,-32
-39,-43,-37
-41,-43,-34
-43,-38,-29
-47,-41,-29
-51,-37,-31
-46,-36,-32
-36,-40,-34
-40,-40,-34
-48,-37,-37
-44,-36,-37
127,-128,-52
-118,-20,-11
-28,-29,4
-70,-45,-37
-65,-48,-28
-52,-36,-25
-55,-39,-28
-52,-44,-30
-41,-45,-26
-29,-42,-29
-30,-41,-29
-30,-44,-25
-31,-45,-25
-35,-44,-24
-38,-44,-23
-41,-44,-22
-48,-46,-19
-48,-47,-18
-51,-49,-14
-51,-50,-12
-48,-50,-10
-47,-50,-12
-40,-51,-12
-40,-51,-14
-38,-50,-15
-36,-50,-16
-37,-50,-16
-36,-50,-15
-36,-49,-16
-35,-49,-15
-35,-49,-15
-35,-50,-16
-36,-49,-17
-36,-48,-16
-35,-48,-16
-36,-46,-16
-36,-46,-17
-38,-46,-17
-38,-44,-19
-39,-43,-18
-39,-45,-19
-42,-46,-21
-41,-48,-19
-39,-48,-18
-36,-51,-20
-34,-51,-18
-31,-52,-18
-32,-54,-22
-29,-57,-20
-31,-56,-22
-31,-59,-27
-36,-53,-22
-42,-52,-19
-57,-49,-45
-53,-47,-53
-15,-56,-36
-4,-61,-26
-6,-59,-27
-15,-56,-32
-31,-57,-25
-31,-57,-20
-21,-53,-27
-24,-52,-30
-24,-55,-27
-19,-55,-26
-18,-59,-23
-15,-57,-18
-16,-54,-22
-24,-54,-27
-22,-53,-26
-20,-53,-28
-22,-54,-27
-22,-55,-23
-33,-50,-22
-16,-61,-28
-34,-57,-24
-25,-49,-24
-31,-53,-23
-26,-56,-22
-30,-56,-24
-30,-54,-24
-31,-56,-24
-32,-55,-23
-30,-55,-22
-29,-54,-22
-25,-53,-18
-25,-53,-19
-25,-55,-19
-26,-56,-20
-26,-55,-19
-26,-55,-19
-25,-56,-19
-24,-59,-23
-26,-57,-21
-25,-55,-14
-25,-55,-15
-22,-58,-20
-25,-57,-17
-26,-57,-17
-27,-56,-17
-25,-57,-18
-25,-57,-21
-27,-56,-20
-25,-56,-20
-24,-58,-19
-23,-58,-18
-23,-58,-18
-23,-58,-16
-23,-57,-16
-25,-57,-18
-24,-57,-18
-23,-57,-18
-23,-56,-19
-24,-56,-20
-28,-60,-18
-36,-60,-16
-37,-65,-17
-41,-61,-22
-32,-62,-25
-49,-58,-34
-47,-57,-46
-17,-64,-12
1,-54,12
23,-63,34
-5,-48,20
-31,-45,5
-49,-41,-9
-53,-39,-8
-56,-38,-4
-47,-44,1
-48,-45,5
-28,-42,22
-30,-42,25
-43,-48,20
-46,-48,20
-38,-42,28
-35,-43,28
-31,-45,20
-24,-45,23
-26,-53,20
-10,-62,18
-3,-64,21
8,-63,31
23,-72,43
14,-60,40
16,-54,31
9,-55,28
11,-55,32
16,-60,27
24,-59,29
19,-59,29
22,-61,34
22,-59,35
17,-58,30
18,-57,30
12,-56,33
8,-58,30
11,-63,33
7,-64,39
-4,-64,44
-14,-65,41
-32,-53,50
-23,-52,52
-34,-47,53
-47,-30,58
-54,-24,55
-52,-3,53
-48,2,50
-33,13,45
-28,19,41
-27,26,36
-25,27,36
-18,31,40
-18,32,38
-18,31,38
-16,31,40
-19,29,38
-28,26,33
-30,24,37
-25,16,49
-22,15,55
-23,18,57
-21,16,55
-28,16,56
-27,16,58
-21,16,59
-25,14,58
-27,16,62
-25,15,62
-21,14,58
-22,14,57
-23,14,57
-23,14,58
-23,13,59
-19,11,60
-16,9,61
-20,7,57
-23,5,55
-35,10,54
-39,11,50
-46,14,43
-51,16,39
-56,14,37
-56,12,33
-55,8,26
-60,0,12
-74,2,3
-73,5,1
-64,6,3
-64,7,2
-64,7,-2
-56,9,1
-57,9,-2
-67,9,-7
-63,9,-11
-61,9,-14
-71,11,-19
-68,10,-18
-63,9,-11
-62,9,-9
-60,10,-7
-66,8,-13
-66,8,-11
-63,9,-9
-61,11,-9
-66,7,-10
-67,8,-7
-65,12,-6
-55,9,-6
-64,8,-6
-64,9,-7
-60,10,-8
-59,10,-8
-53,12,-11
-52,11,-15
-54,11,-21
-51,11,-23
-52,11,-34
-52,11,-39
-55,10,-45
-59,5,-43
-61,5,-45
-61,4,-43
-50,4,-36
-57,6,-49
-56,4,-48
-59,6,-43
-63,7,-38
-60,3,-35
-56,5,-32
-58,12,-23
-44,10,-6
-50,10,-1
-68,7,-1
-59,9,8
-59,9,12
-64,7,6
-65,8,10
-61,11,13
-63,8,9
-65,8,12
-51,12,25
-56,10,18
-64,9,20
-52,12,31
-58,12,18
-50,13,33
-57,13,31
-47,12,35
-61,11,27
-50,7,32
-60,13,34
-44,19,43
-14,11,51
-32,26,53
-25,14,58
-22,10,59
-25,20,45
-24,19,41
-19,14,34
-19,10,31
-14,2,27
-26,-8,22
-55,-19,3
-51,-20,-5
-70,-28,-31
-90,-29,-43
-77,-30,-44
-70,-33,-39
-60,-36,-34
-62,-43,-39
-63,-45,-37
-59,-43,-27
-55,-43,-25
-49,-48,-21
-45,-48,-17
-40,-59,-20
-35,-57,-15
-35,-65,-14
-40,-66,-14
-32,-63,-10
-31,-63,-9
-23,-63,-8
-19,-63,-9
-21,-65,-11
-27,-61,-15
-24,-57,-17
-33,-51,-22
-41,-49,-20
-42,-48,-18
-41,-46,-19
-59,-44,-6
-60,-37,3
-55,-36,2
-64,-40,-9
-69,-51,-32
-79,-54,-38
-18,-67,-34
-22,-80,-42
-22,-81,-9
-30,-57,13
-31,-61,-11
-31,-57,-27
-31,-52,-23
-33,-46,-26
-36,-48,-39
-33,-44,-31
-29,-48,-32
-34,-45,-39
-34,-45,-36
-34,-47,-30
-38,-47,-26
-42,-47,-27
-36,-50,-25
-35,-52,-25
-34,-52,-29
-35,-50,-28
-28,-49,-29
-34,-47,-31
-27,-49,-29
-24,-49,-27
-23,-51,-25
-22,-54,-21
-19,-55,-21
-23,-54,-23
-25,-55,-23
-25,-54,-21
-27,-56,-20
-36,-56,-21
-43,-57,-22
-14,-61,-4
-31,-63,-5
-29,-72,-1
-12,-71,13
-24,-72,8
-35,-69,-1
-34,-67,-2
-31,-64,-3
-28,-63,-2
-25,-63,-4
-25,-63,-6
-23,-62,-10
-26,-62,-13
-31,-58,-18
-31,-57,-19
-29,-53,-17
-31,-49,-16
-31,-49,-16
-22,-49,-11
-24,-50,-12
-28,-50,-13
-26,-51,-11
-28,-51,-9
-30,-52,-9
-33,-53,-8
-34,-53,-7
-34,-54,-3
-35,-56,-1
-35,-56,-1
-36,-58,0
-35,-60,1
-29,-62,4
-35,-66,7
-47,-58,10
-43,-54,7
-38,-53,0
-39,-54,-3
-38,-55,-5
-36,-55,-4
-35,-55,-4
-34,-54,-6
-33,-54,-6
-32,-54,-7
-32,-54,-8
-33,-53,-6
-34,-53,-5
-31,-53,-4
-30,-52,-4
-34,-50,-3
-34,-49,-3
-34,-46,-6
-34,-44,-8
-38,-41,-12
-34,-40,-13
-34,-40,-13
-37,-44,-17
-35,-47,-17
-36,-49,-21
-34,-49,-21
-33,-50,-20
-34,-52,-23
-28,-60,-21
-27,-66,-24
-19,-66,-22
-19,-65,-20
-20,-70,-19
-17,-78,-15
-19,-73,-16
-21,-77,-8
2,-83,-12
-18,-69,-23
-23,-55,-32
-41,-47,-50
-72,-44,-27
-17,-65,-19
-5,-59,-14
-21,-53,-28
-14,-58,-29
-13,-56,-26
-20,-58,-27
-25,-58,-25
-26,-56,-27
-26,-55,-28
-26,-56,-26
-22,-56,-25
-22,-56,-30
-20,-57,-28
-17,-61,-15
-22,-59,-13
-30,-57,-25
-18,-54,-18
-21,-52,-17
-22,-56,-24
-19,-55,-20
-22,-54,-18
-20,-51,-19
-25,-58,-21
-30,-54,-23
-34,-57,-18
-27,-57,-14
-28,-58,-13
-30,-59,-16
-31,-60,-17
-29,-57,-14
-31,-59,-14
-33,-59,-9
-32,-58,-5
-21,-58,-5
-19,-58,-7
-18,-58,5
-15,-55,12
-4,-63,6
-3,-65,16
-11,-65,24
-15,-70,21
-45,-80,0
-19,-65,26
-44,-59,5
-33,-25,28
-31,-34,14
-30,-49,7
-30,-53,7
-23,-53,10
-23,-62,-1
-33,-67,3
-22,-61,13
-18,-57,2
-15,-59,6
-29,-58,11
-24,-53,18
-23,-63,20
-25,-50,36
-24,-39,48
-25,-59,28
-33,-58,17
-36,-70,3
-42,-69,2
-30,-70,6
-15,-64,11
-50,-74,-25
-27,-63,1
-25,-55,-17
-42,-38,-28
-28,-32,-29
-39,-23,-40
-44,-26,-42
-38,-37,-36
-41,-37,-32
64,-92,16
1,-24,0
-44,-41,-36
-45,-53,-33
-43,-27,-38
-41,-19,-28
-36,-33,-29
-41,-32,-35
-41,-29,-42
-62,-38,-54
-62,-49,-50
-14,-59,-16
-17,-65,1
-20,-56,20
-20,-56,12
-28,-62,-6
-22,-62,10
-17,-82,2
-17,-70,8
-16,-67,8
-10,-68,12
-6,-66,5
-18,-67,-2
-31,-58,-8
-28,-71,-14
-29,-63,-2
-13,-70,-3
-11,-71,-2
-13,-66,6
-13,-66,1
-16,-68,-9
-27,-72,-21
-40,-73,-32
-37,-65,-34
-41,-63,-38
-43,-55,-38
-49,-51,-38
-51,-43,-40
-53,-41,-41
-50,-33,-35
-47,-27,-28
-58,-23,-29
-56,-22,-27
-49,-20,-25
-58,-23,-27
-53,-21,-21
-50,-20,-17
-61,-20,-20
-48,-10,1
-45,-8,7
-56,-6,7
-48,-1,20
-53,-2,28
-55,0,38
-66,8,21
-47,10,31
-42,8,36
-34,9,53
-24,8,57
-35,5,44
-34,5,44
-31,7,50
-36,8,45
-62,1,28
-48,2,39
-33,4,41
-44,5,31
-66,0,30
-58,5,31
-71,5,21
-62,5,22
-59,7,23
-64,2,17
-61,0,19
-55,-1,19
-59,-1,13
-69,-1,4
-74,2,4
-67,3,0
-60,8,1
-68,9,-1
-62,5,2
-58,6,0
-65,8,-6
-62,8,-7
-61,8,-5
-61,9,-8
-62,8,-11
-61,9,-10
-64,9,-13
-64,8,-13
-67,7,-17
-64,6,-15
-62,8,-17
-64,4,-18
-62,5,-18
-61,4,-19
-61,4,-19
-61,5,-19
-59,5,-20
-61,5,-21
-62,5,-21
-65,4,-23
-68,5,-24
-61,5,-20
-56,8,-20
-57,9,-21
-63,8,-20
-63,8,-20
-63,7,-22
-62,6,-23
-64,5,-21
-60,5,-19
-56,5,-18
-57,5,-19
-61,4,-21
-61,4,-21
-62,6,-21
-59,5,-22
-60,6,-25
-61,5,-25
-59,5,-25
-60,4,-27
-58,4,-28
-61,6,-28
-59,6,-27
-60,5,-28
-61,5,-27
-55,8,-25
-59,8,-27
-61,6,-27
-71,5,-31
-74,3,-32
-49,-1,-20
-55,5,-22
-74,1,-19
-78,1,-22
-61,11,-13
-53,12,-12
-50,12,-4
-46,9,0
-58,5,2
-61,5,-2
-72,1,-7
-72,3,-15
-68,3,-12
-68,4,-14
-69,5,-14
-65,5,-7
-65,7,-10
-64,8,-9
-64,6,-9
-65,5,-7
-63,4,-11
-62,4,-11
-64,4,-11
-65,2,-14
-64,2,-11
-65,3,-10
-69,2,-9
-63,2,-7
-59,3,-6
-61,3,-4
-67,2,-6
-64,4,-6
-63,3,-4
-64,3,-8
-65,2,-2
-63,2,6
-58,-5,-4
-101,-11,-70
-77,-12,-9
-43,8,-20
-50,9,-21
-66,2,-3
-65,3,-7
-69,2,-3
-76,-1,-6
-55,-4,-3
-55,-5,-7
-46,-4,-8
-38,-6,-5
-33,-12,-8
-40,-14,-19
-39,-14,-19
-54,-22,-38
-61,-30,-49
-48,-25,-26
-43,-26,-20
-59,-45,-30
-65,-48,-29
-59,-50,-23
-57,-54,-20
-64,-56,-9
-62,-54,-12
-61,-54,-14
-52,-52,-7
-47,-50,-5
-51,-57,-18
-41,-56,-15
-26,-59,2
-29,-65,-1
-43,-70,-5
-43,-66,-4
-40,-53,3
-46,-46,-3
-50,-37,-33
-57,-30,-23
-59,-24,-23
-52,-24,-39
-58,-24,-28
-52,-24,-31
-38,-31,-28
-28,-40,-14
-28,-44,-14
-27,-52,-10
-19,-52,-9
-30,-54,-21
-33,-52,-26
-33,-50,1
-70,-55,-2
-79,-46,11
-71,-32,19
-76,-34,13
-73,-22,26
-69,-22,25
-59,-26,17
-60,-30,12
-39,-37,5
-24,-51,-5
-18,-57,-10
-38,-52,-14
-18,-50,-22
-57,-68,-26
-43,-60,-8
-6,-44,0
-41,-54,-15
-32,-47,-3
-31,-42,3
-50,-41,-14
-53,-39,-18
-50,-41,-21
-50,-40,-23
-50,-41,-25
-32,-52,-28
-37,-56,-38
-29,-60,-36
-21,-61,-34
-18,-60,-27
-16,-57,-25
-20,-57,-28
-15,-59,-25
-18,-59,-23
-18,-63,-29
-23,-63,-30
-33,-57,-25
-15,-56,-21
-19,-55,-26
-16,-54,-18
2,-59,-26
-4,-63,-30
-3,-61,-18
-8,-61,-18
-15,-64,-24
-17,-64,-18
-5,-58,-26
-20,-56,-43
-8,-63,-28
-14,-59,-11
-22,-61,-5
-24,-62,-22
-32,-61,-30
-21,-58,-23
-19,-60,-23
-19,-55,-29
-15,-55,-34
-17,-54,-27
-18,-52,-23
-21,-54,-21
-22,-56,-24
-23,-56,-24
-24,-58,-17
-27,-59,-16
-27,-60,-20
-30,-60,-23
-33,-58,-23
-36,-56,-24
-38,-56,-26
-43,-57,-32
-51,-52,-33
-17,-53,-27
-21,-56,-25
-22,-55,-26
-21,-53,-22
-16,-53,-19
-17,-51,-19
-18,-52,-19
-17,-53,-19
-23,-56,-19
-26,-56,-20
-36,-57,-22
-37,-59,-20
-33,-61,-13
-39,-63,-11
-38,-63,-10
-37,-62,-9
-30,-65,-6
-23,-64,-5
-23,-62,-6
-21,-59,-7
-22,-57,-8
-21,-56,-9
-19,-54,-8
-23,-53,-8
-25,-53,-8
-27,-57,-9
-27,-59,-9
-26,-60,-5
-27,-61,-4
-30,-61,-2
-31,-61,0
-32,-61,1
-30,-59,3
-29,-59,4
-30,-58,4
-29,-58,4
-31,-57,3
-32,-56,3
-32,-56,2
-32,-56,1
-31,-56,1
-31,-56,0
-31,-56,-1
-31,-56,-2
-30,-55,-2
-30,-54,-2
-31,-54,-2
-30,-55,-1
-29,-56,1
-30,-56,3
-30,-55,4
-29,-56,6
-29,-57,7
-29,-59,9
-28,-60,9
-29,-62,10
-29,-64,10
-27,-65,10
-25,-62,10
-25,-60,10
-26,-57,7
-26,-56,6
-26,-56,4
-26,-55,2
-29,-55,1
-30,-55,1
-31,-55,1
-32,-58,0
-32,-59,0
-31,-58,-1
-32,-57,-1
-33,-55,-1
-33,-55,-1
-32,-57,0
-31,-57,1
-28,-58,1
-28,-58,2
-27,-59,2
-27,-59,1
-27,-57,1
-27,-56,1
-27,-56,1
-27,-57,1
-26,-58,1
-26,-59,0
-26,-60,0
-28,-60,-1
-29,-60,-1
-30,-60,-1
-30,-59,0
-29,-60,1
-29,-59,1
-29,-60,1
-29,-61,1
-29,-60,1
-29,-60,-1
-30,-61,-2
-28,-61,-4
-27,-61,-5
-24,-60,-8
-22,-59,-9
-21,-58,-11
-20,-59,-10
-15,-59,-11
-14,-62,-9
-12,-64,-9
-17,-58,-8
-20,-55,-6
-27,-49,-2
-29,-45,-1
-35,-45,1
-36,-45,2
-39,-52,4
-41,-56,1
-41,-58,-1
-39,-56,0
-38,-44,-3
-38,-38,-4
-35,-39,-1
-32,-39,-5
-32,-37,-7
-28,-37,-3
-27,-36,-5
-28,-43,-12
-26,-46,-15
-31,-60,-22
-35,-72,-31
-32,-73,-29
-31,-73,-23
-32,-76,-13
-34,-80,-13
-37,-79,-13
-37,-77,-17
-33,-73,-20
-24,-67,-26
-25,-67,-26
-28,-67,-24
-28,-68,-27
-25,-56,-24
-45,-46,-44
-51,-44,-45
-26,-65,-16
-14,-67,-10
-13,-53,-12
-15,-55,-15
-19,-60,-15
-21,-57,-18
-22,-60,-16
-25,-58,-20
-27,-58,-23
-27,-58,-24
-30,-61,-20
-28,-59,-17
-23,-64,-12
-25,-66,-14
-24,-61,-16
-30,-60,-18
-27,-61,-12
-18,-59,-12
-18,-57,-14
-13,-58,-10
-20,-54,-12
0,-59,4
-21,-55,-11
-1,-66,7
-21,-62,-2
-8,-67,14
-15,-61,-3
-9,-63,4
-17,-62,-3
-18,-61,-7
-9,-64,-10
-7,-65,-5
-9,-63,0
-1,-63,1
-12,-66,1
-12,-66,3
-14,-64,7
-14,-63,7
-13,-63,1
-21,-65,1
-20,-67,2
-37,-73,6
-40,-69,0
-22,-90,-18
-9,-77,17
-5,-55,21
-17,-46,3
-43,-42,-4
-37,-37,-4
-16,-46,-16
-32,-50,-14
-21,-52,-15
-36,-68,-34
-5,-71,-12
-22,-64,11
-22,-68,2
-25,-54,5
-37,-54,11
-34,-59,23
-30,-56,25
-34,-54,-3
-42,-60,-26
-39,-58,-30
-69,-69,-56
-56,-71,-20
-2,-47,-5
-27,-33,-39
-47,-29,-53
-41,-27,-53
-40,-21,-50
-41,-23,-44
-32,-25,-34
-24,-29,-31
-32,-28,-27
-17,-45,-18
-49,-19,-38
-36,-32,-32
-37,-26,-23
-60,-32,-26
-55,-39,-29
-26,-40,-6
-52,-44,-6
-72,-52,-8
-44,-56,1
-24,-58,13
-1,-53,35
11,-53,34
33,-50,36
-4,-64,31
-10,-65,26
1,-60,27
16,-62,34
11,-59,35
-36,-72,3
2,-69,19
-6,-74,18
-6,-70,7
4,-63,19
12,-69,42
-18,-56,46
-10,-56,22
-14,-53,27
4,-51,40
-5,-55,29
-12,-62,22
-12,-61,18
-9,-64,9
10,-56,23
-10,-69,9
3,-67,18
-19,-69,10
-6,-61,22
-16,-71,-1
-20,-71,-12
-16,-67,-8
-22,-72,-15
-15,-73,-15
-6,-74,-11
-6,-73,-13
-15,-60,-22
-17,-61,-26
-25,-61,-32
-32,-62,-33
-36,-57,-46
-37,-54,-48
-30,-48,-48
-35,-45,-49
-34,-48,-51
-27,-43,-48
-29,-43,-51
-29,-47,-49
-26,-49,-47
-4,-44,-44
-18,-44,-47
-28,-46,-49
-11,-45,-41
-15,-39,-38
-29,-40,-40
-24,-34,-37
-28,-30,-35
-33,-30,-37
-27,-28,-36
-25,-25,-39
-34,-27,-41
-40,-29,-35
-30,-24,-39
-28,-24,-37
-41,-26,-34
-45,-23,-38
-35,-23,-35
-36,-21,-33
-44,-18,-35
-45,-17,-34
-50,-17,-34
-61,-17,-35
-62,-19,-30
-53,-19,-27
-59,-16,-29
-69,-13,-31
-68,-10,-32
-75,-10,-34
-78,-7,-36
-72,-4,-37
-71,2,-36
-70,10,-28
-70,11,-33
-69,10,-34
-71,12,-34
-72,16,-34
-76,13,-31
-74,15,-30
-61,18,-23
-58,21,-21
-52,22,-11
-52,23,-8
-45,30,-4
-31,23,8
-38,17,10
-36,11,20
-28,6,26
-32,13,27
-42,14,24
-34,20,24
-26,24,27
-38,9,30
-71,-10,29
-22,36,28
-45,21,29
-46,22,18
-37,39,17
-38,44,17
-33,34,20
-33,46,27
-43,46,26
-49,44,30
-51,40,38
-52,40,40
-64,36,35
-67,33,33
-62,35,34
-60,34,34
-60,33,32
-59,32,29
-57,30,30
-54,29,28
-52,30,27
-49,29,26
-47,30,26
-43,30,26
-42,30,26
-42,28,26
-43,27,27
-44,24,30
-45,25,28
-45,29,25
-49,37,27
-42,34,39
-49,26,36
-48,22,34
-57,15,36
-56,12,37
-46,6,42
-43,6,47
-41,6,53
-51,5,62
-46,4,60
-46,5,56
-33,13,51
-23,12,56
-30,8,54
-31,6,57
-31,6,58
-31,5,61
-29,4,59
-32,7,54
-30,7,55
-23,6,59
-20,6,58
-20,6,55
-24,7,54
-26,6,60
-27,5,58
-25,5,58
-22,3,61
-22,4,61
-24,4,58
-22,4,59
-21,4,58
-20,5,57
-24,4,60
-25,4,60
-22,4,60
-21,4,59
-22,6,58
-24,5,61
-24,4,63
-23,4,61
-24,4,61
-22,5,61
-21,4,61
-21,3,61
-22,3,61
-22,2,62
-22,1,63
-25,-6,66
-14,-5,67
-15,-6,51
-39,-8,23
-37,-6,21
-27,-2,32
-25,0,30
-20,4,32
-18,7,32
-21,5,27
-27,3,25
-41,-4,13
-53,-12,4
-73,-26,-11
-89,-38,-29
-92,-39,-34
-89,-36,-41
-86,-35,-42
-74,-34,-38
-70,-33,-38
-66,-36,-41
-64,-35,-41
-55,-35,-39
-51,-35,-37
-42,-34,-37
-39,-34,-38
-37,-31,-38
-34,-31,-40
-31,-30,-42
-30,-29,-42
-34,-28,-45
-38,-31,-56
-43,-28,-55
-40,-24,-49
-44,-25,-49
-56,-23,-43
-56,-23,-40
-65,-24,-29
-59,-20,-18
-52,-23,-8
-52,-20,-3
-52,-20,-5
-56,-20,-10
-55,-20,-7
-63,-15,-1
-62,-15,1
-65,-15,-1
-72,-15,-4
-62,-11,6
-61,-10,11
-53,-10,13
-57,-14,8
-67,-18,7
-64,-21,10
-60,-20,12
-56,-19,12
-59,-19,16
-68,-19,18
-66,-18,20
-59,-17,17
-60,-16,17
-54,-16,26
-52,-19,31
-54,-20,33
-62,-19,33
-68,-18,29
-79,-15,19
-80,-12,17
-83,-8,9
-83,-7,4
-81,-1,-1
-78,1,-3
-77,7,-4
-78,9,-6
-68,13,-3
-62,17,-1
-49,25,5
-36,29,12
-33,30,18
-29,29,22
-31,26,24
-42,17,30
-44,13,35
-41,14,43
-41,14,43
-33,21,42
-33,21,42
-31,25,41
-31,25,42
-29,25,45
-31,27,48
-32,28,48
-33,28,49
-35,25,51
-36,28,47
-38,27,45
-32,29,46
-30,30,46
-34,29,46
-35,30,48
-33,32,52
-38,27,53
-45,19,60
-37,19,54
-39,11,57
-22,26,43
-20,17,44
-36,4,41
-36,3,35
-32,7,27
-36,7,23
-31,0,16
-24,-1,14
-26,-2,18
-28,-14,4
-27,-18,-3
-53,-31,-14
-64,-45,-23
-90,-50,-45
-93,-44,-51
-77,-35,-59
-75,-29,-73
-85,-28,-102
-88,-22,-100
-62,-15,-78
-50,-16,-69
-33,-20,-56
-26,-20,-50
-31,-21,-49
-28,-20,-34
-29,-19,-29
-38,-23,-27
-47,-27,-25
-87,-31,-12
-86,-28,-11
-56,-23,-25
-48,-23,-32
-51,-15,-30
-56,-11,-31
-54,0,-28
-59,6,-24
-59,8,-19
-61,12,-18
-58,11,-21
-57,7,-27
-60,4,-30
-72,8,-37
-69,9,-34
-56,6,-26
-51,3,-28
-55,3,-32
-56,0,-34
-56,-7,-38
-46,-11,-34
-50,-15,-35
-47,-16,-36
-57,-16,-43
-55,-7,-33
-55,-4,-30
-56,-2,-31
-55,0,-31
-58,2,-37
-59,3,-39
-58,2,-41
-60,-1,-44
-56,-10,-40
-56,-18,-46
-52,-19,-42
-46,-17,-35
-45,-16,-34
-40,-16,-36
-37,-15,-37
-36,-24,-33
-38,-24,-32
-43,-32,-43
-50,-31,-44
-54,-23,-42
-55,-18,-42
-52,-10,-41
-51,-10,-41
-50,-8,-40
-50,-11,-34
-56,-13,-33
-54,-10,-25
-45,-8,-23
-53,-9,-33
-52,-9,-35
-47,-2,-33
-50,-2,-37
-55,6,-48
-55,1,-70
-54,-2,-76
-47,-9,-73
-41,-8,-63
-28,-9,-52
-28,-10,-51
-31,-7,-43
-26,-8,-44
-24,-18,-55
-26,-22,-60
-33,-19,-53
-36,-17,-49
-38,-17,-36
-46,-12,-31
-51,-7,-28
-61,-5,-27
-61,-6,-31
-65,-6,-38
-66,-5,-38
-62,-6,-34
-64,-3,-31
-62,0,-28
-61,3,-26
-62,-1,-27
-61,0,-20
-58,-1,-13
-55,-3,-17
-57,3,-16
-52,1,-18
-55,-3,-23
-58,-10,-29
-59,-11,-31
-59,-13,-30
-59,-11,-30
-60,-7,-29
-61,-7,-33
-55,-3,-40
-61,-8,-33
-59,-5,-17
-62,-7,-24
-65,-6,-27
-63,-6,-28
-65,-5,-25
-65,-4,-16
-67,-3,-10
-67,-2,-5
-65,-1,-2
-62,2,5
-61,2,7
-60,4,13
-64,3,11
-66,4,14
-60,3,21
-60,3,22
-62,4,26
-61,3,28
-62,4,33
-59,3,31
-61,0,37
-64,0,39
-60,4,45
-47,9,50
-49,13,37
-58,0,27
-35,-4,28
-39,-12,23
-31,-23,30
-21,-35,43
-36,-42,36
-45,-56,19
-13,-59,40
-34,5,55
13,-89,67
-18,-48,62
-26,-51,57
-7,-32,55
-14,-30,58
-19,-28,65
-24,-22,62
-27,-33,50
-25,-25,56
-25,-23,55
-27,-24,54
-24,-23,58
-25,-19,49
-29,-17,43
-27,-14,43
-28,-20,48
-27,-21,55
-26,-21,50
-24,-20,48
-24,-24,46
-22,-27,52
-24,-30,52
-22,-30,56
-21,-31,60
-21,-30,60
-22,-29,56
-22,-28,54
-24,-29,52
-27,-27,48
-26,-29,56
-27,-25,52
-28,-27,49
-29,-27,48
-28,-27,51
-30,-26,50
-29,-27,49
-31,-26,51
-31,-25,49
-32,-25,48
-31,-25,48
-31,-24,47
-28,-26,52
-27,-24,60
-27,-25,54
-27,-25,50
-26,-25,55
-26,-25,57
-29,-25,53
-30,-24,51
-31,-24,49
-33,-24,48
-33,-25,49
-32,-25,48
-36,-23,46
-39,-23,46
-39,-23,45
-39,-22,44
-39,-23,45
-38,-21,45
-38,-21,46
-35,-22,44
-34,-22,48
-36,-23,53
-35,-22,52
-34,-22,51
-33,-20,47
-33,-21,52
-32,-21,52
-32,-21,52
-32,-22,53
-32,-22,52
-32,-22,51
-32,-22,50
-33,-22,50
-33,-22,49
-32,-22,51
-32,-22,52
-33,-21,51
-33,-22,51
-33,-21,52
-33,-21,49
-33,-21,49
-34,-21,48
-34,-21,50
-34,-21,51
-34,-21,49
-34,-22,50
-34,-22,50
-34,-21,52
-34,-21,50
-34,-21,49
-35,-21,49
-34,-21,49
-35,-21,49
-35,-21,49
-34,-21,50
-35,-21,49
-35,-21,49
-35,-21,50
-35,-21,51
-35,-21,51
-35,-21,50
-35,-21,49
-35,-20,50
-35,-20,49
-34,-21,47
-34,-21,47
-31,-23,52
-33,-22,52
-33,-23,52
-23,-26,67
-24,-25,61
-30,-20,47
-32,-20,50
-26,-29,54
-21,-30,53
-7,-26,53
-1,-29,58
3,-27,58
9,-27,61
7,-29,60
2,-28,54
5,-28,55
8,-32,58
11,-32,59
11,-29,51
7,-30,51
1,-33,54
-4,-34,56
-13,-34,50
-21,-43,50
-16,-37,54
-18,-32,48
-19,-30,47
-21,-31,50
-20,-34,53
-23,-31,50
-22,-32,50
-19,-33,53
-23,-33,51
-28,-33,49
-28,-32,46
-29,-32,47
-32,-33,46
-31,-33,46
-33,-33,43
-33,-33,43
-35,-34,45
-34,-32,44
-35,-33,42
-36,-34,41
-37,-34,39
-36,-34,40
-34,-34,43
-36,-34,40
-38,-34,38
-39,-33,36
-40,-35,34
-34,-34,40
-33,-33,41
-23,-36,50
-16,-35,60
-20,-34,55
-22,-35,53
-28,-32,45
-27,-32,46
-30,-37,48
-28,-35,46
-21,-34,48
-25,-36,46
-23,-35,46
-21,-34,46
-20,-39,53
-16,-30,49
-18,-36,50
-20,-37,49
-19,-38,47
-16,-42,45
-19,-51,48
-35,-60,37
-25,-62,54
5,-90,66
5,-48,61
4,-33,46
7,-6,43
4,0,40
0,9,43
5,14,53
-18,7,52
-31,2,46
-51,5,32
-60,4,24
-66,2,9
-68,1,-23
-73,4,-34
-79,6,-46
-72,5,-45
-62,8,-39
-63,7,-39
-57,6,-38
-52,4,-37
-55,1,-45
-58,1,-47
-53,1,-42
-51,1,-39
-57,3,-40
-70,4,-41
-70,5,-33
-67,8,-23
-67,9,-20
-60,10,-13
-63,9,-16
-63,7,-11
-62,7,-8
-60,4,-8
-61,2,-6
-54,1,5
-57,5,6
-62,3,6
-56,1,5
-65,1,0
-68,5,-1
-64,6,-1
-70,6,5
-69,8,4
-61,11,7
-62,11,7
-58,11,26
-57,12,24
-60,14,24
-68,14,29
-53,5,22
-63,3,37
-67,6,38
-54,3,46
-54,4,49
-31,8,74
-32,1,78
-40,-2,79
-29,5,84
-48,5,46
-64,11,17
-27,11,23
-41,-19,20
-52,-17,11
-60,-45,41
-49,-41,51
-44,-28,51
-33,-30,46
-15,-24,47
-12,-32,50
-12,-44,55
-5,-40,62
-7,-33,64
-5,-29,68
-7,-30,66
-3,-22,65
-6,-22,63
-9,-25,61
-9,-24,62
-13,-19,56
-16,-18,51
-4,-21,56
2,-23,59
2,-24,60
0,-23,56
-8,-27,51
-7,-26,55
-12,-23,52
-29,-26,50
-26,-27,52
-30,-28,41
-41,-27,34
-37,-25,27
-35,-21,17
-43,-9,-4
-53,-5,-7
-66,-2,-11
-59,0,-17
-69,10,-23
-70,12,-25
-61,15,-20
-81,18,-28
-83,17,-29
-75,17,-19
-76,16,-20
-76,11,-20
-71,7,-17
-64,1,-15
-64,-2,-17
-64,-7,-20
-62,-11,-20
-58,-13,-16
-60,-12,-20
-59,-13,-19
-55,-13,-14
-55,-12,-14
-63,-10,-17
-66,-9,-17
-66,-10,-17
-65,-10,-15
-68,-9,-16
-69,-9,-16
-72,-12,-19
-67,-12,-18
-64,-8,-15
-66,-7,-16
-67,-7,-18
-64,-4,-15
-61,-2,-13
-59,2,-10
-59,4,-11
-62,6,-15
-63,6,-17
-61,7,-14
-61,6,-12
-63,4,-11
-72,1,-10
-73,0,-8
-72,-3,-3
-68,-5,-1
-64,-8,1
-63,-10,3
-59,-15,6
-58,-17,6
-53,-20,11
-47,-21,17
-39,-25,18
-36,-29,17
-50,-45,5
-43,-49,2
-38,-52,3
-35,-53,2
-33,-56,1
-32,-68,1
-30,-77,0
-30,-95,-2
-31,-93,0
-31,-76,1
-36,-70,0
-43,-63,4
-42,-57,5
-37,-50,8
-37,-50,12
-39,-52,14
-45,-54,15
-49,-55,16
-65,-59,19
-76,-66,22
-78,-91,25
-57,-93,26
-28,-66,27
-29,-61,22
-35,-70,10
-34,-75,8
-25,-81,4
-18,-76,2
-17,-71,1
-17,-71,-1
-20,-69,-1
-20,-60,-3
-20,-56,-3
-22,-56,-3
-22,-58,-3
-20,-59,-2
-20,-58,1
-20,-57,11
-18,-58,16
-15,-60,25
-17,-57,39
-17,-54,41
-11,-53,47
-15,-58,47
-19,-70,39
-18,-75,34
-16,-79,22
-16,-75,16
-20,-64,9
-23,-59,6
-33,-52,3
-38,-49,2
-44,-51,1
-50,-55,6
-53,-55,9
-53,-54,18
-56,-54,23
-71,-62,24
-77,-70,24
-62,-88,23
-42,-87,22
-25,-76,18
-29,-78,13
-33,-85,6
-30,-87,3
-21,-79,0
-16,-73,-2
-17,-71,-2
-16,-62,-2
-16,-56,-1
-18,-51,0
-18,-53,0
-19,-56,2
-15,-56,7
-13,-58,11
-12,-60,14
-8,-60,20
-13,-60,26
-17,-60,27
-18,-59,34
-19,-61,39
-20,-68,41
-19,-74,39
-11,-81,32
-9,-80,28
-13,-70,17
-17,-63,11
-25,-53,4
-30,-48,2
-41,-45,1
-46,-48,4
-42,-50,7
-36,-53,16
-36,-54,21
-43,-56,26
-48,-59,27
-63,-75,29
-65,-84,29
-39,-82,27
-27,-71,28
-26,-70,19
-30,-73,15
-29,-79,7
-19,-74,4
-17,-67,4
-16,-66,2
-17,-64,2
-17,-58,2
-17,-56,3
-18,-58,4
-17,-62,3
-15,-61,5
-15,-60,6
-14,-62,10
-15,-62,11
-12,-58,19
-13,-55,29
-11,-54,31
-11,-59,38
-16,-65,40
-23,-77,38
-24,-81,35
-20,-80,28
-21,-75,24
-24,-63,14
-26,-57,10
-30,-49,5
-32,-44,3
-36,-43,4
-38,-46,7
-36,-48,9
-38,-49,15
-39,-49,17
-47,-55,23
-54,-63,27
-66,-84,31
-51,-86,30
-19,-68,35
-20,-68,32
-30,-77,22
-25,-79,14
-18,-77,13
-14,-67,10
-15,-62,8
-15,-55,7
-16,-52,7
-18,-48,6
-17,-48,6
-15,-50,7
-14,-55,7
-13,-57,8
-14,-58,10
-14,-67,7
-18,-72,8
-24,-72,11
-35,-61,23
-32,-57,26
-14,-57,36
-10,-60,37
-1,-64,35
0,-65,31
-6,-64,22
-9,-62,18
-18,-55,13
-24,-52,12
-37,-48,12
-37,-49,16
-33,-49,20
-31,-51,23
-34,-53,22
-40,-52,19
-43,-52,18
-52,-55,15
-61,-61,14
-76,-80,10
-73,-75,8
-55,-55,8
-54,-53,5
-62,-55,-7
-61,-60,-12
-55,-61,-14
-45,-54,-13
-45,-49,-14
-42,-43,-10
-41,-40,-9
-39,-37,-4
-37,-36,0
-38,-34,4
-40,-34,6
-32,-35,8
-37,-28,6
-48,-25,1
-66,-20,-4
-63,-18,-3
-59,-13,-3
-72,-17,-12
-100,-24,-30
-99,-24,-28
-77,-15,-20
-55,-15,-18
-40,-16,-13
-52,-18,-15
-54,-20,-15
-46,-28,-12
-44,-30,-11
-53,-29,-15
-57,-23,-15
-54,-14,-13
-57,-13,-17
-66,-13,-20
-69,-12,-24
-62,-9,-27
-61,-10,-23
-58,-21,-38
-54,-21,-46
-50,-15,-52
-61,-9,-53
-55,-10,-45
-43,-11,-30
-39,-14,-27
-39,-13,-28
-42,-10,-33
-53,-14,-39
-56,-18,-39
-50,-20,-36
-45,-17,-34
-45,-14,-34
-47,-14,-35
-51,-13,-40
-47,-12,-46
-46,-13,-49
-49,-16,-50
-49,-18,-45
-48,-20,-34
-50,-23,-32
-50,-22,-35
-51,-23,-44
-41,-25,-57
-36,-25,-60
-45,-24,-62
-35,-22,-45
-25,-23,-34
-25,-27,-20
-31,-29,-25
-38,-33,-41
-45,-33,-50
-56,-31,-49
-61,-30,-44
-56,-33,-33
-56,-34,-26
-36,-38,-7
-35,-38,1
-46,-38,-6
-48,-33,-1
-50,-33,-2
-63,-37,-15
-71,-37,-20
-65,-28,-12
-65,-26,-13
-68,-27,-6
-59,-27,3
-64,-23,-4
-67,-21,-4
-58,-33,0
-56,-35,0
-52,-37,11
-44,-46,12
-41,-49,20
-39,-59,27
-34,-61,26
-12,-54,33
-11,-51,36
-27,-59,26
-34,-68,27
1,-52,71
6,-51,50
-18,-74,46
-55,-64,30
-74,-43,23
-74,-30,14
-57,-26,3
-66,-22,-28
-62,-25,-32
-56,-10,-10
-50,-17,-32
-78,-28,-41
-93,-29,-53
-64,-31,-31
-63,-31,-43
-71,-35,-43
-60,-32,-37
-59,-25,-42
-55,-16,-30
-58,-9,-30
-74,-8,-30
-74,-5,-30
-64,0,-25
-63,2,-23
-59,11,-15
-62,15,-15
-76,26,-13
-78,27,-4
-65,27,0
-68,26,0
-63,23,6
-55,19,8
-49,17,14
-43,16,23
-44,15,17
-46,15,21
-52,17,17
-52,13,3
-49,11,3
-64,11,-7
-63,6,-8
-56,2,7
-56,0,14
-65,-1,9
-66,3,20
-60,6,19
-73,9,15
-85,14,22
-84,16,36
-89,17,36
-85,18,26
-68,20,24
-32,22,21
-32,27,18
-30,26,23
-50,20,23
-38,14,21
-21,9,75
-56,12,82
-49,20,66
-43,24,55
-40,22,46
-36,22,47
-31,15,46
-29,12,42
-7,7,41
4,11,42
22,9,45
24,-28,94
-3,-18,80
-16,-15,56
9,-10,62
15,-10,71
13,-11,67
25,1,67
20,-2,70
-1,-9,66
11,-13,61
-9,-31,56
-7,-34,55
11,-38,53
-5,-45,50
-5,-44,50
-30,-43,38
-25,-45,38
-46,-49,46
-51,-37,38
-53,-8,31
-56,2,19
-58,10,9
-54,16,15
-58,21,22
-64,21,19
-34,17,13
-46,25,-24
-75,20,-42
-79,10,-43
-73,12,-40
-73,28,-59
-68,35,-61
-67,47,-47
-77,42,-49
-87,6,-45
-92,-11,-36
-92,-25,-16
-85,-18,-4
-73,-20,8
-58,-24,13
-53,-23,13
-53,-24,15
-53,-27,15
-48,-30,14
-45,-30,13
-37,-28,12
-31,-25,14
-33,-29,15
-33,-36,15
-26,-46,13
-22,-58,11
-22,-66,10
-21,-89,6
-22,-97,3
-22,-99,2
-21,-92,3
-30,-77,5
-37,-72,5
-47,-62,1
-47,-58,1
-47,-57,5
-44,-54,8
-44,-49,8
-59,-52,7
-72,-60,8
-85,-89,-6
-69,-100,-12
-30,-82,-2
-19,-73,5
-20,-83,10
-22,-84,10
-19,-82,1
-17,-76,-2
-12,-65,-2
-10,-60,0
-11,-52,2
-14,-47,1
-16,-46,-1
-16,-52,-1
-15,-52,-1
-13,-56,2
-12,-59,5
-9,-62,9
-6,-64,10
-5,-73,11
-9,-78,13
-21,-76,20
-25,-72,26
-18,-63,26
-3,-64,20
-1,-69,16
-5,-75,8
-7,-73,6
-9,-62,3
-11,-54,1
-21,-45,-3
-28,-44,-4
-41,-48,-4
-44,-51,-3
-39,-55,3
-30,-56,15
-25,-57,19
-23,-66,25
-29,-74,25
-46,-99,21
-42,-112,17
0,-87,17
8,-71,17
1,-72,12
-6,-76,10
-16,-80,7
-17,-75,4
-16,-64,-3
-15,-57,-2
-14,-55,-2
-16,-52,-4
-19,-51,-4
-19,-56,-5
-16,-58,-4
-13,-59,-4
-12,-58,-3
-10,-60,0
-11,-60,3
-15,-68,7
-27,-66,22
-32,-63,29
-13,-61,33
6,-62,34
27,-70,29
24,-75,22
12,-78,10
3,-78,6
-12,-67,2
-18,-59,-2
-26,-46,-3
-30,-43,-3
-39,-45,-2
-39,-47,-1
-33,-54,1
-31,-59,10
-31,-62,14
-41,-72,19
-54,-83,20
-47,-110,11
-18,-102,12
6,-66,18
0,-65,14
-13,-75,9
-18,-79,11
-22,-73,9
-23,-65,-3
-23,-59,-6
-23,-53,-8
-24,-52,-8
-26,-51,-8
-26,-51,-9
-26,-54,-11
-23,-56,-10
-20,-59,-7
-19,-60,-3
-17,-58,4
-19,-56,6
-28,-60,10
-37,-66,14
-43,-66,13
-54,-57,11
-53,-54,12
-45,-54,14
-49,-53,12
-49,-53,1
-53,-53,-6
-50,-41,-13
-49,-36,-16
-55,-29,-16
-57,-25,-15
-57,-19,-13
-53,-14,-10
-55,-11,-11
-58,-2,-11
-58,0,-13
-68,2,-28
-74,2,-37
-83,1,-56
-82,-6,-65
-71,-12,-59
-60,-8,-49
-50,-8,-45
-49,-9,-46
-49,-10,-43
-40,-9,-37
-36,-10,-34
-37,-13,-22
-34,-13,-20
-37,-10,-26
-42,-10,-34
-47,-11,-40
-43,-7,-39
-41,-6,-36
-41,-5,-32
-50,-3,-35
-64,-4,-42
-64,-7,-44
-52,-10,-55
-53,-10,-61
-47,-9,-55
-46,-8,-54
-45,-9,-48
-43,-11,-45
-39,-14,-39
-35,-16,-40
-39,-20,-45
-49,-17,-44
-49,-15,-43
-56,-12,-38
-60,-11,-35
-62,-11,-25
-60,-11,-22
-64,-9,-16
-67,-6,-17
-69,-1,-16
-68,2,-14
-64,5,-15
-62,5,-14
-58,4,-14
-61,2,-14
-64,4,-5
-64,1,-6
-60,0,-1
-62,-12,0
-63,-15,6
-60,-18,10
-60,-20,12
-57,-24,17
-54,-24,17
-58,-26,15
-60,-26,18
-56,-25,25
-55,-24,25
-60,-24,26
-61,-25,27
-60,-27,26
-66,-32,19
-64,-38,11
-70,-34,-2
-69,-25,1
-63,-2,14
-70,5,22
-56,10,24
-59,7,23
-60,10,29
-46,7,41
-56,2,31
-57,-4,35
-46,-7,42
-59,-13,34
-55,-16,34
-41,-8,41
-54,-10,36
-50,-13,37
-46,-12,37
-41,-10,42
-44,-10,40
-48,-8,43
-45,-9,43
-46,-10,47
-56,-8,36
-64,-9,35
-50,-8,41
-51,-7,39
-53,-7,38
-52,-7,40
-52,-8,39
-53,-8,40
-48,-11,40
-46,-8,41
-49,-8,38
-59,-9,35
-57,-6,35
-56,-5,32
-59,-6,29
-53,-8,31
-48,-10,34
-69,-13,27
-61,-15,28
-54,-15,32
-46,-20,33
-53,-19,35
-51,-17,35
-53,-15,37
-42,-14,43
-44,-13,46
-44,-10,45
-44,-8,46
-49,-10,40
-51,-10,39
-58,-3,36
-64,-2,35
-62,9,49
-64,12,53
-62,10,50
-57,6,46
-53,7,44
-21,2,47
-17,-5,37
-28,-20,37
-26,-29,42
-31,-35,40
-41,-33,45
-36,-34,46
-30,-30,53
-33,-21,55
-30,-23,51
-34,-19,58
-35,-19,58
-37,-17,51
-42,-21,55
-42,-24,54
-35,-25,52
-37,-23,52
-47,-23,45
-47,-20,41
-45,-11,39
-50,-11,35
-48,-3,33
-53,-2,32
-54,-1,36
-52,-1,39
-44,1,42
-38,-3,41
-43,-4,41
-42,-3,47
-40,-4,48
-45,-11,47
-51,-13,46
-48,-12,49
-47,-12,48
-43,-11,49
-45,-12,49
-42,-13,50
-41,-12,49
-43,-11,50
-44,-8,53
-41,-6,54
-44,2,55
-45,5,53
-44,11,51
-44,13,49
-52,18,39
-50,20,38
-37,18,37
-40,16,27
-59,8,10
-57,-4,3
-78,-9,-9
-56,-16,5
-52,-19,13
-56,-21,20
-58,-25,19
-61,-28,17
-62,-27,17
-63,-23,12
-65,-21,10
-62,-24,22
-64,-23,25
-69,-13,18
-68,-14,18
-51,-12,31
-71,-11,26
-59,-8,33
-65,-11,34
-59,-10,39
-57,-12,36
-51,-12,39
-49,-14,44
-48,-15,44
-41,-12,47
-37,-9,50
-34,-7,52
-26,-5,50
-21,-2,49
-17,0,50
-16,1,51
-18,6,48
-19,4,45
-21,7,54
-28,8,53
-36,8,55
-47,12,49
-34,10,44
-49,9,44
-43,8,51
-45,3,57
-47,6,53
-41,8,55
-34,7,58
-24,2,64
-26,2,64
-37,-4,58
-37,-6,59
-35,-14,61
-27,-13,63
-23,-9,59
-25,-13,56
-22,-17,56
-26,-19,57
-22,-16,58
-24,-14,54
-22,-16,57
-14,-20,63
-10,-23,72
4,-21,77
-7,-21,65
-26,-19,59
-34,-14,58
-38,-8,44
-35,4,34
-38,5,30
-60,-7,29
-56,-14,32
-63,-10,38
-72,-14,33
-60,-16,37
-53,-14,42
-50,-17,42
-41,-22,37
-28,-28,57
-30,-27,56
-30,-26,56
-38,-25,52
-38,-19,54
-27,-17,55
-32,-18,54
-36,-18,49
-30,-18,55
-32,-21,48
-37,-23,47
-38,-23,46
-35,-19,52
-26,-15,61
-30,-14,55
-31,-9,55
-32,-6,55
-37,-6,54
-35,-9,54
-29,-7,56
-30,-8,56
-34,-10,53
-34,-10,53
-32,-9,55
-32,-9,54
-34,-10,54
-33,-9,54
-31,-9,54
-33,-11,54
-32,-10,54
-33,-10,54
-32,-11,54
-31,-11,54
-31,-11,54
-30,-10,55
-35,-10,54
-32,-10,54
-37,-10,53
-38,-9,51
-35,-9,53
-35,-9,53
-32,-10,55
-35,-11,53
-34,-12,53
-32,-11,53
-30,-12,55
-32,-11,54
-32,-12,54
-31,-11,55
-29,-11,55
-34,-11,54
-33,-11,54
-28,-10,56
-32,-10,55
-33,-11,54
-31,-11,55
-28,-10,56
-30,-11,55
-31,-10,55
-31,-10,55
-29,-10,56
-31,-11,55
-32,-10,55
-29,-10,56
-29,-11,56
-32,-11,55
-31,-11,55
-30,-11,55
-29,-11,56
-31,-11,55
-31,-11,55
-30,-11,55
-30,-11,56
-30,-11,55
-31,-11,55
-30,-12,55
-30,-11,55
-31,-12,55
-31,-11,55
-34,-12,54
-34,-10,54
-33,-10,54
-32,-11,54
-33,-11,54
-34,-11,53
-31,-10,55
-31,-11,55
-37,-11,52
-36,-10,53
-31,-9,55
-32,-10,54
-34,-9,54
-27,-6,56
-32,-7,55
-33,-7,55
-29,-5,56
-31,-6,55
-35,-9,54
-29,-8,56
-26,-7,57
-33,-7,54
-34,-7,54
-33,-7,54
-32,-6,55
-32,-5,55
-34,-6,54
-33,-6,54
-32,-5,55
-32,-5,55
-33,-6,54
-31,-5,56
-35,-7,54
-34,-6,54
-34,-6,55
-34,-7,54
-33,-7,54
-32,-6,55
-33,-6,54
-34,-7,54
-33,-7,54
-33,-6,54
-33,-7,54
-33,-7,54
-33,-7,55
-34,-7,55
-33,-6,54
-34,-7,54
-39,-8,52
-33,-7,54
-26,-6,57
-36,-8,53
-34,-7,54
-29,-7,56
-36,-8,53
-38,-9,52
-30,-7,56
-31,-8,56
-35,-7,53
-35,-9,53
-35,-9,53
-31,-10,55
-31,-10,54
-33,-9,53
-33,-9,54
-32,-9,54
-32,-9,54
-34,-9,54
-32,-9,54
-32,-8,55
-33,-9,54
-33,-9,54
-32,-8,55
-33,-9,54
-32,-8,55
-32,-8,55
-32,-9,54
-33,-9,54
-31,-8,55
-31,-8,55
-31,-8,55
-33,-9,54
-34,-9,54
-34,-8,54
-33,-8,54
-34,-9,54
-32,-9,54
-31,-8,55
-31,-8,55
-31,-8,55
-32,-7,55
-33,-7,55
-32,-7,55
-32,-7,55
-32,-7,55
-33,-8,54
-32,-8,54
-32,-7,55
-32,-7,55
-33,-7,54
-32,-7,55
-33,-7,55
-33,-7,55
-32,-7,55
-32,-7,55
-33,-7,54
-32,-7,55
-32,-7,55
-33,-7,55
-31,-7,55
-32,-7,55
-33,-8,55
-33,-7,54
-30,-7,56
-31,-6,55
-33,-6,55
-34,-7,54
-32,-6,55
-32,-6,55
-34,-7,54
-33,-7,54
-32,-7,55
-33,-7,54
-33,-7,55
-32,-7,54
-32,-7,55
-33,-7,55
-35,-7,54
-33,-7,54
-33,-7,55
-34,-7,54
-33,-7,54
-32,-7,55
-33,-7,54
-33,-7,54
-33,-7,54
-33,-7,54
-32,-7,55
-32,-7,55
-32,-7,55
-32,-7,55
-33,-7,55
-33,-7,54
-35,-6,53
-35,-6,52
-37,-6,52
-37,-6,52
-40,-7,50
-40,-8,51
-54,-12,51
-56,-6,50
-56,0,48
-57,1,44
-53,0,41
-43,6,41
-40,8,41
-38,10,44
-41,7,44
-44,3,40
-44,3,44
-53,2,46
-51,-3,36
-58,-5,34
-55,-3,47
-51,-2,47
-47,-2,40
-49,-4,37
-55,-6,35
-56,-8,34
-50,-8,33
-49,-8,33
-62,-12,29
-59,-14,30
-48,-12,31
-43,-14,32
-43,-14,36
-67,-18,15
-60,-23,24
-52,-18,51
-45,-18,48
-38,-19,31
-47,-23,27
-54,-25,22
-57,-25,16
-75,-22,-3
-79,-18,-4
-69,-7,5
-64,-6,8
-65,-1,6
-74,3,-6
-73,5,-8
-66,5,-10
-65,7,-10
-56,1,4
-57,2,0
-72,9,1
-64,6,0
-66,8,-2
-64,7,3
-66,2,10
-67,0,11
-63,-1,15
-51,-3,32
-49,-5,37
-48,-10,30
-51,-10,34
-45,-14,41
-47,-12,33
-49,-7,41
-50,-5,39
-51,-1,39
-51,-2,39
-49,-2,41
-48,-1,41
-49,-1,41
-51,-4,39
-55,-3,38
-53,-2,36
-50,-2,36
-50,-2,33
-55,-4,38
-57,-2,34
-57,-2,34
-56,0,34
-52,0,33
-52,-1,31
-57,-1,34
-60,-3,32
-55,-3,35
-55,-2,34
-54,-2,36
-55,-2,35
-55,-3,35
-54,-2,35
-55,0,35
-52,-3,35
-52,-1,35
-53,-2,36
-55,-2,32
-56,-2,33
-58,-2,34
-56,-1,32
-55,-1,33
-55,-1,32
-56,-1,33
-57,-2,31
-56,-1,32
-54,-1,34
-54,-1,34
-59,-3,31
-57,0,34
-57,-1,30
-57,-1,29
-60,-1,30
-57,0,27
-57,0,28
-58,0,30
-58,0,30
-56,0,32
-57,0,32
-57,0,32
-58,-1,31
-58,-1,30
-57,-1,30
-58,-2,29
-59,-2,29
-60,-2,29
-58,-2,29
-57,-2,30
-57,-2,30
-57,-3,28
-56,-3,31
-55,-4,31
-56,-4,30
-58,-4,29
-57,-4,29
-58,-3,30
-57,-4,29
-56,-3,29
-55,-3,28
-58,-4,28
-58,-5,28
-59,-5,26
-59,-5,26
-60,-4,25
-59,-5,24
-61,-5,24
-62,-5,23
-61,-4,23
-60,-4,23
-59,-4,23
-60,-7,22
-61,-7,22
-62,-8,22
-62,-8,22
-61,-7,22
-59,-7,22
-60,-8,23
-62,-8,22
-61,-8,21
-60,-8,22
-61,-8,22
-61,-8,22
-61,-8,22
-62,-8,23
-60,-8,23
-60,-8,23
-60,-8,23
-61,-8,23
-60,-8,23
-59,-8,23
-59,-8,23
-58,-8,25
-61,-6,25
-60,-6,21
-60,-7,21
-61,-7,22
-60,-7,22
-60,-7,22
-61,-8,24
-61,-8,23
-60,-7,22
-59,-7,22
-60,-6,21
-61,-6,21
-61,-7,21
-61,-7,21
-61,-8,22
-61,-9,22
-61,-9,22
-60,-8,22
-60,-8,22
-60,-7,21
-60,-7,20
-61,-5,20
-61,-5,20
-62,-5,22
-62,-5,22
-63,-5,21
-64,-4,22
-62,-5,21
-60,-5,23
-58,-6,21
-63,-6,21
-64,-6,22
-62,-8,20
-64,-11,20
-60,-11,24
-60,-12,26
-39,-18,39
-58,-13,33
-54,-14,33
-50,-16,34
-55,-17,30
-55,-15,23
-56,-13,20
-62,-13,14
-56,-11,13
-58,-6,12
-58,-5,10
-60,-1,4
-66,0,0
-77,4,-11
-74,8,-10
-68,10,-7
-67,11,-3
-66,11,-1
-62,9,4
-61,8,7
-71,5,5
-72,3,4
-70,2,5
-68,2,7
-63,1,11
-61,0,13
-56,0,18
-56,1,21
-57,2,20
-61,4,17
-63,4,17
-65,4,16
-66,3,15
-68,3,14
-67,3,14
-64,3,14
-63,3,15
-63,1,17
-63,1,18
-60,1,18
-61,1,20
-62,1,20
-66,0,20
-66,1,20
-55,4,23
-49,4,27
-40,2,36
-46,4,38
-44,6,46
-43,2,49
-45,-3,54
-45,-3,57
-45,-3,51
-47,-5,54
-38,-8,52
-34,-7,54
-32,-4,49
-27,-4,51
-28,-9,55
-40,-12,55
-38,-11,52
-33,-9,51
-35,-12,53
-34,-13,54
-36,-11,53
-41,-7,51
-43,-7,49
-47,-8,46
-39,-8,50
-35,-9,53
-34,-11,53
-38,-11,50
-41,-11,48
-39,-11,49
-40,-11,49
-40,-12,48
-41,-11,48
-40,-11,48
-40,-12,49
-39,-13,48
-38,-14,50
-38,-15,49
-39,-15,48
-41,-17,47
-40,-17,48
-37,-18,49
-36,-18,49
-39,-18,47
-39,-17,48
-38,-17,49
-39,-17,48
-38,-18,48
-38,-18,48
-38,-17,49
-39,-17,48
-39,-17,48
-39,-18,48
-38,-17,48
-38,-17,48
-39,-17,48
-38,-17,49
-38,-17,48
-38,-17,49
-39,-17,48
-39,-17,49
-38,-17,49
-38,-17,49
-37,-18,49
-36,-16,50
-37,-16,50
-38,-16,49
-36,-16,50
-36,-16,51
-36,-16,51
-37,-16,50
-36,-16,50
-36,-16,51
-35,-16,51
-36,-16,50
-36,-16,50
-37,-16,50
-37,-16,50
-37,-16,50
-37,-17,50
-37,-16,50
-37,-16,49
-36,-16,50
-37,-16,50
-37,-17,50
-37,-16,50
-37,-17,49
-37,-16,50
-37,-17,50
-37,-17,49
-37,-17,49
-37,-17,50
-37,-16,50
-37,-16,50
-37,-16,50
-38,-17,49
-37,-16,49
-37,-17,49
-37,-17,49
-38,-17,49
-38,-17,49
-37,-17,49
-38,-17,49
-38,-17,49
-39,-17,49
-40,-18,48
-43,-20,48
-43,-27,48
-46,-26,53
-104,-21,35
-90,-11,40
-72,11,36
-59,20,29
-45,27,16
-43,27,24
-51,16,36
-52,6,38
-33,0,55
-32,1,53
-42,-4,38
-46,-7,37
-33,-6,45
-30,-12,39
-27,-18,39
-46,-23,45
-45,-25,37
-39,-36,31
-48,-38,27
-54,-37,23
-50,-36,22
-55,-34,32
-52,-28,39
-52,-21,39
-54,-22,35
-51,-17,37
-56,-18,24
-61,-19,19
-57,-15,29
-58,-15,26
-58,-13,26
-50,-12,35
-58,-7,33
-58,-8,24
-58,-10,23
-64,-9,26
-56,-6,30
-59,-6,28
-59,-5,28
-57,-5,30
-59,-4,29
-57,-4,29
-57,-4,29
-58,-4,28
-58,-4,31
-58,-4,30
-58,-4,29
-59,-4,28
-57,-4,29
-57,-3,29
-58,-4,29
-58,-3,30
-58,-3,29
-58,-3,30
-58,-3,29
-57,-4,29
-58,-4,29
-58,-3,28
-57,-3,28
-58,-3,29
-58,-3,29
-58,-3,29
-59,-4,28
-60,-3,33
-58,-5,33
-56,-6,30
-57,-6,30
-55,-10,31
-56,-9,28
-59,-5,30
-58,-4,29
-56,-6,27
-58,-6,26
-59,-6,28
-58,-6,29
-57,-7,29
-57,-10,29
-58,-11,29
-57,-9,30
-56,-9,31
-57,-9,31
-56,-9,31
-55,-8,32
-56,-9,32
-57,-10,32
-57,-10,31
-57,-11,29
-57,-11,29
-57,-10,28
-57,-10,27
-57,-10,27
-57,-10,28
-58,-10,29
-57,-11,30
-56,-12,31
-57,-13,29
-57,-14,27
-56,-14,28
-56,-14,29
-55,-14,29
-55,-14,31
-55,-12,31
-58,-12,30
-57,-12,30
-57,-12,30
-57,-12,29
-57,-12,29
-57,-12,29
-57,-12,29
-56,-13,29
-56,-12,28
-56,-12,28
-57,-12,29
-56,-11,31
-56,-12,31
-57,-13,29
-57,-12,28
-57,-12,29
-57,-11,30
-56,-12,32
-56,-11,31
-54,-11,30
-55,-12,30
-57,-11,30
-55,-11,31
-56,-12,29
-56,-12,29
-57,-12,29
-58,-10,29
-57,-10,29
-54,-11,30
-56,-12,30
-58,-10,28
-59,-10,28
-56,-11,30
-56,-11,30
-57,-9,29
-58,-10,29
-55,-11,31
-59,-10,29
-57,-10,29
-56,-9,27
-56,-9,27
-56,-10,29
-57,-9,30
-56,-9,30
-57,-9,30
-57,-9,29
-56,-9,30
-57,-9,29
-56,-9,30
-56,-9,30
-55,-9,30
-57,-10,29
-57,-9,30
-56,-9,30
-57,-8,30
-57,-8,30
-57,-9,30
-57,-8,29
-58,-9,30
-57,-10,30
-58,-11,30
-56,-16,28
-59,-18,26
-58,-19,29
-57,-23,29
-56,-22,22
-54,-21,22
-54,-25,15
-56,-22,13
-61,-17,3
-62,-10,-2
-64,11,5
-68,17,13
-75,25,28
-71,20,23
-78,14,25
-36,8,64
-40,2,56
-41,-8,49
-39,-10,53
-33,-16,43
-30,-19,46
-35,-15,35
-40,-14,34
-42,-14,43
-40,-16,48
-40,-16,44
-34,-15,53
-39,-18,51
-41,-24,45
-25,-23,50
-23,-27,55
-25,-27,54
-29,-27,52
-25,-26,57
-21,-26,57
-19,-28,56
-23,-31,56
-25,-31,53
-31,-31,47
-24,-31,52
-25,-33,52
-22,-33,50
-22,-31,49
-22,-30,53
-22,-29,54
-24,-29,53
-24,-27,53
-25,-24,54
-27,-25,54
-31,-27,51
-33,-27,50
-33,-27,51
-31,-28,51
-33,-27,50
-31,-29,50
-33,-31,49
-29,-30,50
-25,-23,52
-26,-22,54
-27,-25,53
-24,-26,51
-25,-23,53
-31,-23,50
-33,-23,49
-34,-21,52
-33,-16,50
-35,-16,46
-41,-15,43
-45,-13,43
-44,-8,43
-45,-7,41
-48,-4,38
-50,-3,36
-52,-1,36
-53,1,36
-55,1,35
-57,2,37
-56,2,38
-57,0,38
-59,-2,37
-63,-5,36
-63,-8,36
-58,-8,36
-54,-8,35
-51,-9,35
-50,-9,34
-52,-9,33
-52,-8,33
-55,-9,33
-55,-9,33
-55,-8,33
-54,-7,33
-54,-7,32
-54,-5,32
-54,-5,31
-54,-3,31
-55,-4,31
-58,-4,31
-60,-5,32
-61,-5,32
-62,-7,32
-61,-8,32
-58,-10,33
-57,-11,33
-55,-11,34
-54,-12,35
-52,-11,35
-51,-10,35
-51,-7,35
-52,-6,34
-54,-3,33
-55,-2,33
-57,2,36
-58,2,38
-56,5,41
-53,8,42
-52,9,44
-49,6,43
-48,4,40
-56,0,38
-60,-1,36
-51,1,34
-47,2,31
-53,0,21
-59,0,20
-54,2,26
-49,3,28
-62,-3,16
-60,-6,24
-54,-9,27
-62,-14,15
-71,-18,16
-60,-18,21
-59,-20,24
-55,-24,23
-61,-28,22
-56,-23,29
-54,-22,29
-59,-22,24
-62,-19,25
-55,-17,25
-63,-21,22
-67,-25,17
-58,-16,28
-56,-14,28
-52,-10,21
-52,-13,27
-53,-13,26
-57,-11,21
-59,-5,28
-57,-9,28
-59,-14,30
-58,-11,34
-58,-11,33
-56,-14,33
-54,-15,35
-57,-13,31
-57,-10,31
-52,-9,34
-52,-11,33
-56,-11,29
-55,-11,29
-53,-11,29
-55,-13,28
-60,-14,30
-55,-12,29
-54,-11,30
-55,-11,31
-58,-8,31
-61,-9,29
-55,-9,31
-57,-9,31
-55,-9,31
-57,-9,31
-57,-9,31
-56,-9,31
-57,-9,29
-58,-8,29
-57,-9,29
-57,-8,29
-56,-9,30
-58,-9,29
-59,-10,31
-60,-10,34
-50,-16,28
-53,-19,27
-57,-19,27
-55,-23,25
-59,-23,23
-59,-25,21
-58,-27,20
-61,-19,15
-63,-15,11
-62,-21,8
-62,-23,7
-68,-11,1
-65,-8,4
-64,-10,7
-65,-10,6
-67,-11,9
-63,-13,14
-61,-12,16
-62,-14,11
-64,-13,16
-46,-7,28
-34,-10,38
-26,-7,53
-37,-9,45
-55,-8,33
-55,-4,31
-57,5,31
-57,10,27
-69,17,25
-85,16,26
-67,6,27
-67,5,38
-63,2,40
-44,-8,45
-35,-12,46
-36,-14,52
-38,-17,49
-28,-15,54
-25,-16,53
-34,-40,72
-43,-21,66
-36,-14,47
-32,-18,52
-31,-19,56
-29,-14,54
-34,-17,52
-34,-16,52
-30,-16,55
-31,-17,54
-28,-17,55
-30,-18,54
-30,-18,54
-32,-15,53
-34,-14,53
-35,-14,52
-32,-13,54
-33,-12,53
-34,-11,53
-33,-12,54
-34,-12,53
-34,-12,53
-39,-12,50
-36,-12,51
-35,-11,52
-36,-11,52
-38,-10,50
-41,-9,51
-37,-10,51
-36,-8,52
-40,-8,51
-35,-9,53
-34,-9,53
-37,-10,52
-39,-10,50
-38,-11,51
-35,-10,52
-38,-9,51
-37,-10,51
-37,-10,51
-38,-10,51
-37,-9,51
-37,-9,51
-37,-9,52
-37,-10,51
-38,-10,51
-37,-10,52
-36,-10,51
-37,-9,51
-38,-9,51
-37,-9,52
-38,-9,51
-39,-10,50
-39,-10,50
-38,-10,51
-35,-10,53
-37,-10,52
-36,-10,52
-35,-10,53
-39,-11,51
-39,-10,50
-37,-11,51
-40,-11,49
-42,-11,48
-40,-11,49
-40,-11,49
-40,-11,49
-40,-12,49
-39,-12,49
-40,-13,49
-39,-13,49
-39,-13,49
-39,-14,49
-39,-13,49
-39,-13,49
-39,-13,49
-38,-13,50
-39,-13,49
-39,-12,49
-40,-14,49
-38,-14,51
-38,-13,50
-40,-14,49
-39,-13,49
-37,-14,51
-38,-13,50
-38,-13,50
-38,-13,50
-37,-13,50
-38,-14,50
-38,-13,50
-38,-13,50
-39,-13,49
-38,-13,50
-38,-13,50
-37,-13,50
-38,-13,50
-38,-13,50
-38,-13,50
-37,-13,51
-38,-13,50
-37,-13,51
-38,-12,50
-38,-14,50
-38,-13,50
-38,-13,50
-37,-13,50
-38,-13,50
-38,-13,50
-38,-13,50
-38,-13,51
-38,-13,50
-38,-13,50
-38,-13,50
-38,-13,50
-38,-13,50
-38,-13,50
-38,-13,50
-38,-13,50
-38,-13,50
-38,-12,50
-37,-12,51
-39,-12,49
-39,-13,49
-39,-13,49
-39,-13,49
-39,-13,50
-38,-12,50
-39,-12,49
-41,-12,48
-37,-13,50
-38,-13,50
-38,-13,49
-40,-13,49
-40,-13,49
-39,-13,49
-39,-13,49
-38,-13,50
-39,-13,50
-39,-13,49
-39,-13,49
-39,-13,50
-39,-13,50
-39,-13,49
-39,-13,49
-39,-13,50
-39,-13,49
-39,-13,49
-39,-12,49
-39,-12,49
-39,-12,49
-39,-13,49
-39,-13,49
-39,-13,50
-39,-12,49
-39,-13,50
-39,-13,49
-39,-13,49
-39,-13,49
-39,-13,49
-39,-13,49
-39,-13,50
-39,-13,49
-39,-13,49
-39,-13,49
-39,-13,49
-40,-13,49
-39,-13,49
-39,-12,49
-39,-13,49
-39,-12,49
-39,-12,49
-40,-13,49
-38,-14,50
-39,-12,48
-40,-13,49
-38,-13,50
-36,-14,51
-37,-14,51
-37,-13,51
-38,-13,50
-38,-13,50
-38,-13,50
-38,-13,50
-38,-13,50
-38,-13,50
-38,-13,50
-38,-13,50
-37,-13,51
-40,-12,49
-39,-13,48
-36,-13,51
-37,-12,51
-38,-13,50
-38,-13,50
-37,-13,50
-39,-13,49
-38,-13,50
-38,-13,50
-38,-13,50
-39,-13,50
-38,-13,50
-38,-13,50
-38,-13,50
-38,-13,49
-38,-13,50
-38,-13,50
-38,-13,50
-38,-13,50
-38,-13,50
-38,-13,50
-39,-12,50
-39,-13,50
-38,-13,50
-38,-13,50
-38,-13,50
-39,-13,50
-38,-13,50
-38,-12,50
-40,-12,49
-39,-12,50
-40,-12,49
-40,-12,49
-40,-12,49
-39,-12,50
-40,-12,50
-43,-15,48
-50,-18,48
-53,-14,44
-59,-9,42
-62,-1,36
-54,7,38
-52,11,37
-47,15,40
-47,14,43
-46,8,50
-43,7,51
-38,4,52
-37,3,53
-35,1,52
-35,1,52
-36,2,50
-39,4,49
-41,4,49
-41,7,48
-43,8,49
-46,6,46
-47,6,45
-48,7,42
-47,6,42
-40,6,44
-35,4,43
-42,-2,43
-48,-4,45
-47,1,52
-45,4,52
-49,2,44
-35,-4,43
-43,-7,40
-55,-16,26
-39,-18,33
-64,-26,17
-66,-28,20
-43,-22,42
-50,-27,29
-59,-31,29
-58,-29,30
-43,-26,28
-56,-29,29
-58,-21,32
-58,-21,22
-57,-19,26
-57,-18,22
-62,-17,25
-55,-12,30
-54,-12,29
-59,-11,29
-59,-6,29
-57,-13,28
-62,-13,29
-49,-9,33
-53,-8,36
-57,-7,35
-50,-6,33
-54,-9,32
-56,-7,33
-56,-6,35
-55,-6,34
-56,-6,33
-57,-6,33
-58,-5,33
-55,-6,31
-55,-6,31
-56,-5,32
-55,-6,32
-56,-6,31
-57,-6,32
-56,-6,31
-56,-5,32
-56,-5,32
-56,-5,31
-56,-5,31
-57,-6,31
-57,-5,31
-57,-6,31
-56,-6,31
-56,-6,31
-57,-5,33
-57,-6,32
-58,-8,31
-57,-7,32
-55,-7,34
-55,-6,33
-56,-7,32
-58,-6,32
-57,-6,33
-57,-6,33
-56,-7,32
-54,-7,31
-55,-8,32
-55,-6,33
-55,-7,33
-56,-7,35
-55,-7,34
-56,-7,33
-54,-7,34
-54,-8,33
-54,-7,33
-55,-7,33
-55,-7,34
-55,-7,33
-55,-7,33
-55,-7,33
-56,-7,33
-55,-7,33
-55,-8,35
-55,-8,35
-54,-8,35
-52,-10,37
-55,-10,34
-51,-9,34
-54,-9,33
-51,-11,34
-53,-11,35
-52,-12,36
-52,-12,37
-51,-12,37
-50,-13,37
-51,-13,36
-52,-13,37
-52,-13,38
-51,-13,37
-51,-13,36
-52,-13,36
-51,-13,36
-51,-14,36
-52,-14,36
-52,-14,36
-51,-14,36
-51,-14,37
-51,-14,37
-52,-14,36
-52,-14,36
-52,-14,36
-52,-14,37
-52,-14,36
-51,-14,36
-52,-13,36
-52,-14,36
-52,-14,36
-52,-13,36
-51,-14,36
-51,-13,36
-51,-13,37
-52,-14,36
-52,-14,35
-52,-13,35
-52,-13,35
-52,-13,36
-51,-13,36
-52,-13,36
-52,-13,36
-52,-13,36
-52,-13,36
-52,-14,36
-52,-15,37
-51,-15,36
-50,-16,35
-48,-21,34
-52,-26,34
-55,-30,28
-58,-34,22
-56,-29,22
-60,-37,10
-63,-37,9
-62,-35,13
-59,-26,16
-59,-22,18
-60,-19,18
-59,-19,17
-63,-11,10
-71,-8,6
-61,-3,20
-50,-1,27
-49,-6,25
-58,-6,16
-67,-3,9
-55,6,22
-54,10,26
-59,13,26
-60,11,29
-64,10,33
-59,10,36
-53,-2,41
-59,1,45
-57,2,47
-51,1,47
-38,-9,48
-48,-33,67
-55,-11,77
-33,-7,48
-32,-10,50
-31,-13,52
-38,-18,49
-42,-23,50
-30,-19,53
-23,-19,52
-28,-21,51
-34,-20,54
-35,-18,54
-30,-14,56
-30,-16,54
-28,-17,55
-32,-17,53
-32,-18,53
-30,-18,53
-31,-18,53
-31,-17,53
-34,-17,51
-33,-15,54
-30,-14,54
-32,-16,53
-32,-15,53
-32,-14,53
-32,-16,53
-32,-16,53
-35,-15,52
-35,-15,52
-34,-15,52
-35,-15,52
-34,-14,53
-35,-14,52
-36,-15,51
-36,-16,51
-36,-16,51
-36,-15,51
-36,-16,51
-36,-16,51
-36,-15,51
-37,-15,51
-37,-15,50
-35,-16,51
-35,-16,51
-35,-16,52
-36,-15,50
-36,-15,51
-36,-15,51
-35,-15,51
-35,-15,51
-35,-15,51
-36,-15,51
-35,-15,52
-35,-15,52
-35,-15,52
-35,-15,52
-35,-15,52
-35,-15,51
-36,-15,52
-35,-14,51
-36,-14,52
-35,-14,52
-35,-14,52
-35,-14,52
-36,-14,52
-36,-14,51
-35,-14,52
-36,-14,51
-35,-14,52
-36,-14,52
-36,-13,52
-36,-14,52
-35,-13,52
-35,-13,52
-36,-13,52
-36,-13,52
-35,-13,52
-35,-14,52
-36,-14,51
-35,-13,52
-35,-13,52
-36,-14,51
-35,-14,52
-35,-13,52
-35,-13,52
-35,-13,52
-35,-13,52
-35,-14,52
-34,-14,52
-34,-14,52
-37,-14,51
-36,-14,52
-35,-14,52
-36,-13,52
-38,-13,51
-34,-12,52
-35,-12,52
-35,-12,52
-35,-12,52
-35,-12,52
-36,-12,52
-35,-12,52
-35,-11,52
-35,-11,53
-36,-11,52
-35,-11,52
-35,-11,52
-36,-11,52
-35,-11,52
-35,-12,52
-33,-12,53
-38,-12,52
-37,-12,52
-35,-12,52
-34,-13,54
-40,-15,52
-42,-16,50
-47,-21,54
-66,-7,49
-69,0,51
-64,10,44
-59,13,41
-46,14,44
-47,12,43
-47,6,40
-42,6,45
-40,6,47
-32,6,48
-34,7,47
-38,10,50
-40,8,51
-38,6,50
-39,5,49
-33,5,46
-30,5,44
-38,0,38
-53,-6,34
-44,-9,44
-40,-14,42
-64,-18,38
-46,-19,41
-44,-21,40
-77,-22,13
-47,-30,24
-49,-30,32
-43,-29,33
-42,-33,42
-45,-29,43
-42,-21,44
-44,-23,41
-55,-20,34
-57,-18,25
-63,-17,20
-65,-14,23
-56,-12,33
-59,-11,35
-60,-12,32
-55,-12,29
-55,-12,27
-62,-12,29
-47,-12,35
-47,-13,33
-52,-12,31
-51,-12,31
-56,-14,30
-54,-12,32
-54,-12,33
-54,-12,32
-55,-12,34
-54,-12,34
-55,-11,33
-54,-11,34
-55,-10,34
-53,-10,35
-53,-11,35
-53,-11,33
-53,-10,32
-55,-11,33
-56,-10,33
-54,-10,33
-55,-11,33
-55,-10,33
-55,-11,32
-56,-10,33
-56,-10,32
-55,-10,32
-55,-11,33
-55,-10,32
-55,-10,32
-55,-10,32
-55,-10,32
-55,-10,32
-56,-10,31
-56,-10,31
-56,-10,32
-56,-10,31
-56,-10,32
-56,-10,32
-56,-10,31
-56,-10,31
-56,-10,31
-56,-10,31
-56,-10,34
-53,-10,31
-57,-11,31
-55,-11,35
-56,-10,35
-56,-11,33
-57,-10,32
-55,-10,29
-53,-10,31
-56,-11,31
-54,-10,33
-54,-10,33
-53,-11,33
-56,-10,32
-55,-11,34
-55,-11,33
-55,-11,33
-54,-11,33
-55,-11,33
-55,-11,33
-55,-11,32
-55,-11,32
-55,-11,31
-55,-10,32
-56,-11,33
-56,-11,32
-55,-11,32
-56,-11,33
-56,-11,33
-56,-11,33
-54,-11,34
-54,-11,34
-56,-13,30
-57,-14,20
-55,-11,34
-54,-12,33
-54,-11,32
-54,-12,32
-54,-12,33
-55,-12,34
-54,-10,32
-55,-12,30
-55,-11,32
-54,-12,33
-55,-12,32
-56,-11,33
-56,-12,33
-55,-11,32
-56,-11,32
-56,-11,32
-55,-11,31
-56,-11,32
-56,-11,32
-55,-11,32
-56,-11,33
-55,-11,34
-55,-12,34
-54,-12,31
-54,-11,32
-54,-11,33
-54,-12,33
-54,-11,33
-54,-12,33
-55,-12,32
-54,-12,31
-54,-11,33
-55,-12,31
-55,-12,32
-56,-12,33
-55,-11,33
-55,-11,33
-55,-11,32
-55,-11,32
-55,-12,31
-56,-11,31
-56,-11,32
-55,-12,31
-56,-11,31
-56,-11,31
-56,-11,32
-56,-11,31
-56,-11,31
-56,-11,31
-56,-11,32
-55,-11,32
-54,-13,35
-53,-15,31
-51,-15,29
-49,-20,27
-50,-19,27
-61,-21,26
-65,-23,22
-65,-25,16
-64,-26,16
-60,-20,13
-62,-19,13
-60,-21,9
-62,-22,7
-65,-13,9
-63,-16,4
-65,-11,5
-63,2,6
-63,-1,2
-62,0,2
-64,2,2
-67,-1,-3
-66,-2,-3
-69,-2,-2
-67,-2,1
-64,-6,9
-65,-10,13
-61,-15,17
-45,-15,31
-44,-16,31
-51,-11,27
-55,-13,27
-50,-9,38
-55,-8,39
-47,0,43
-45,3,45
-51,1,47
-43,-3,46
-50,-1,45
-49,2,45
-45,-2,46
-52,-5,46
-51,-1,51
-42,-6,51
-37,-14,52
-50,-16,73
-36,-9,52
-32,-10,48
-35,-13,50
-43,-19,51
-44,-17,45
-37,-21,48
-31,-20,50
-35,-21,49
-35,-20,51
-34,-18,51
-36,-16,51
-35,-16,51
-35,-16,51
-36,-17,50
-36,-16,51
-34,-17,51
-33,-17,51
-34,-17,52
-33,-16,52
-35,-15,52
-36,-16,51
-36,-16,51
-35,-15,52
-36,-16,51
-36,-16,51
-35,-16,51
-35,-16,51
-35,-16,51
-35,-15,51
-36,-16,51
-36,-16,51
-36,-16,51
-38,-16,49
-38,-16,50
-37,-16,50
-37,-16,50
-39,-15,49
-38,-15,50
-38,-16,50
-37,-16,50
-38,-15,49
-38,-16,50
-37,-15,50
-38,-16,50
-39,-16,49
-38,-16,49
-38,-16,50
-37,-16,49
-37,-16,49
-38,-16,49
-38,-16,49
-38,-16,50
-37,-16,49
-38,-16,49
-38,-16,49
-38,-16,49
-38,-16,49
-38,-16,50
-38,-16,49
-38,-16,50
-38,-16,49
-38,-15,49
-38,-15,49
-38,-15,49
-38,-16,49
-38,-16,49
-37,-16,50
-37,-16,49
-37,-16,49
-37,-16,50
-37,-16,50
-37,-16,50
-37,-16,50
-36,-16,50
-37,-16,50
-37,-16,50
-37,-16,50
-37,-16,50
-37,-16,50
-37,-16,50
-37,-16,50
-37,-16,50
-37,-16,50
-37,-16,50
-37,-16,50
-37,-16,50
-37,-16,50
-37,-16,50
-37,-16,50
-37,-15,51
-37,-15,50
-37,-15,50
-37,-16,50
-37,-15,50
-37,-16,50
-37,-16,50
-37,-16,50
-37,-15,50
-37,-15,50
-37,-15,50
-37,-15,50
-37,-15,50
-37,-15,50
-37,-15,50
-37,-15,50
-37,-15,50
-37,-15,50
-37,-15,50
-37,-15,50
-37,-15,50
-37,-16,50
-38,-15,50
-38,-15,50
-37,-15,50
-37,-15,50
-37,-15,50
-37,-15,50
-37,-15,50
-37,-15,50
-37,-15,50
-37,-15,50
-37,-15,50
-37,-15,50
-37,-15,50
-37,-15,50
-37,-15,50
-37,-15,50
-37,-16,50
-37,-15,50
-37,-15,50
-37,-15,50
-37,-15,50
-37,-15,50
-37,-15,50
-37,-15,50
-37,-15,50
-37,-15,50
-37,-15,50
-37,-15,50
-37,-15,50
-37,-16,49
-37,-16,50
-37,-15,50
-37,-15,50
-37,-16,50
-37,-16,50
-37,-16,50
-37,-16,50
-37,-16,50
-37,-15,50
-37,-16,50
-37,-16,50
-37,-15,50
-37,-15,50
-37,-15,50
-37,-16,50
-37,-16,50
-37,-15,50
-37,-16,49
-37,-16,50
-37,-16,51
-37,-16,50
-37,-16,50
-37,-16,50
-37,-16,50
-36,-15,50
-36,-15,50
-37,-16,50
-37,-16,50
-37,-15,50
-37,-15,51
-37,-16,50
-38,-16,49
-37,-14,51
-38,-14,50
-37,-15,50
-37,-15,51
-37,-15,50
-38,-15,50
-37,-15,50
-37,-15,50
-36,-15,51
-37,-15,51
-37,-14,50
-37,-14,50
-37,-14,50
-37,-14,50
-37,-14,50
-38,-14,50
-37,-14,51
-38,-14,50
-38,-14,50
-37,-14,50
-37,-14,51
-37,-14,50
-37,-14,50
-37,-14,50
-37,-14,50
-37,-14,51
-38,-14,50
-38,-14,50
-37,-14,50
-37,-14,50
-37,-14,51
-37,-14,50
-37,-14,50
-37,-14,51
-37,-14,50
-37,-14,51
-36,-14,51
-38,-14,50
-39,-14,49
-37,-14,51
-34,-13,52
-37,-12,51
-38,-12,51
-37,-12,51
-36,-11,52
-36,-12,51
-37,-12,51
-38,-13,51
-36,-12,51
-36,-12,52
-37,-12,51
-37,-12,51
-36,-12,52
-37,-11,51
-38,-12,51
-38,-12,50
-37,-12,51
-37,-12,51
-37,-12,51
-37,-12,51
-38,-12,51
-37,-12,51
-38,-12,50
-38,-13,50
-37,-13,51
-36,-10,52
-36,-10,52
-42,-11,48
-43,-11,48
-36,-10,53
-37,-10,52
-37,-12,51
-36,-13,51
-35,-14,52
-36,-14,51
-35,-14,51
-37,-14,51
-36,-14,51
-36,-14,51
-36,-14,51
-35,-15,51
-35,-15,52
-35,-15,51
-36,-15,51
-36,-15,51
-35,-15,51
-35,-15,51
-35,-15,51
-35,-15,51
-35,-16,51
-35,-16,51
-36,-15,51
-36,-15,51
-38,-13,51
-39,-13,50
-38,-14,49
-39,-14,49
-40,-15,48
-40,-15,48
-39,-15,48
-38,-16,48
-38,-16,49
-38,-16,49
-38,-16,49
-37,-16,50
-36,-17,50
-36,-17,50
-36,-17,50
-37,-17,49
-37,-17,50
-37,-17,49
-37,-18,49
-37,-18,49
-36,-18,50
-36,-18,50
-36,-18,49
-36,-18,49
-36,-18,50
-36,-18,50
-36,-18,50
-37,-18,49
-36,-18,49
-37,-18,49
-36,-18,50
-36,-18,50
-36,-18,50
-36,-18,50
-36,-18,50
-36,-18,50
-36,-18,50
-37,-18,50
-37,-17,50
-36,-17,50
-36,-18,50
-37,-17,50
-37,-17,50
-36,-17,50
-35,-17,51
-35,-17,51
-36,-18,51
-40,-19,48
-38,-25,48
-38,-29,48
-60,-28,50
-79,-21,39
-76,-4,40
-70,4,42
-51,18,38
-46,21,38
-45,19,40
-41,13,47
-41,8,48
-32,7,54
-32,8,55
-34,9,49
-37,8,45
-51,3,40
-43,2,43
-26,0,46
-31,-9,36
-49,-15,38
-32,-10,51
-34,-14,39
-54,-25,24
-51,-26,29
-50,-21,31
-57,-26,18
-62,-35,18
-59,-32,25
-49,-30,38
-48,-25,36
-57,-26,24
-51,-25,28
-51,-24,25
-62,-27,19
-65,-23,20
-60,-21,24
-59,-18,24
-62,-14,21
-58,-14,23
-57,-13,25
-56,-12,26
-56,-14,25
-60,-14,20
-58,-15,25
-59,-17,30
-57,-15,31
-58,-14,27
-55,-14,28
-60,-15,28
-58,-14,28
-56,-15,32
-52,-15,33
-54,-14,33
-52,-11,34
-57,-15,29
-57,-16,29
-57,-10,31
-53,-16,28
-56,-12,28
-63,-10,24
-63,-11,22
-59,-11,28
-61,-13,28
-55,-12,28
-54,-13,28
-53,-12,27
-58,-13,26
-56,-13,32
-52,-12,33
-57,-14,30
-57,-13,27
-58,-14,29
-57,-13,27
-57,-12,27
-58,-11,29
-57,-12,28
-62,-12,25
-57,-12,26
-57,-12,27
-58,-12,27
-58,-11,26
-58,-12,26
-58,-11,26
-58,-11,26
-59,-11,26
-58,-11,26
-58,-11,26
-59,-11,26
-59,-11,26
-58,-12,26
-58,-11,26
-59,-11,26
-59,-11,26
-58,-11,26
-58,-11,26
-58,-11,26
-59,-11,26
-58,-11,26
-58,-11,25
-58,-12,25
-58,-11,26
-59,-12,26
-60,-12,27
-59,-12,29
-57,-13,26
-57,-14,28
-57,-12,32
-53,-12,30
-61,-14,21
-58,-12,24
-57,-12,25
-58,-13,24
-57,-15,24
-56,-15,25
-56,-16,26
-57,-16,26
-58,-15,27
-58,-15,27
-57,-15,27
-57,-15,26
-57,-15,26
-58,-15,26
-57,-15,26
-57,-15,27
-57,-16,27
-57,-17,28
-57,-17,28
-56,-17,29
-55,-17,28
-56,-17,28
-57,-15,26
-58,-14,27
-59,-14,27
-56,-16,28
-55,-16,27
-55,-18,26
-54,-19,27
-55,-18,28
-55,-18,28
-57,-16,29
-57,-16,29
-57,-16,29
-57,-16,28
-56,-17,29
-56,-17,30
-57,-19,31
-49,-29,15
-48,-26,33
-33,-40,34
-40,-46,34
-46,-51,10
-63,-49,3
-62,-51,2
-57,-48,7
-57,-36,14
-54,-31,16
-56,-27,10
-59,-21,8
-65,-8,13
-54,-1,29
-49,0,32
-40,-5,41
-34,-2,49
-53,-3,48
-55,6,43
-54,24,35
-63,23,38
-60,13,42
-48,8,42
-62,2,48
-60,-2,45
-33,-3,50
-37,-23,55
-35,-33,59
-46,-16,62
-31,-8,51
-33,-18,49
-44,-23,48
-41,-19,47
-41,-18,47
-38,-15,49
-39,-14,50
-37,-14,51
-38,-13,50
-36,-14,52
-36,-15,51
-36,-15,51
-36,-16,51
-35,-16,51
-35,-16,51
-37,-16,50
-36,-16,51
-36,-16,51
-37,-16,50
-37,-16,50
-37,-16,50
-37,-16,50
-37,-16,50
-37,-16,50
-37,-16,50
-36,-16,50
-36,-16,50
-37,-16,50
-38,-16,50
-37,-16,50
-37,-16,50
-37,-16,50
-37,-16,50
-37,-16,50
-37,-16,50
-37,-16,50
-36,-16,50
-37,-16,50
-36,-16,50
-36,-16,51
-35,-16,52
-38,-16,49
-39,-15,48
-39,-15,49
-39,-15,49
-39,-15,48
-39,-15,49
-39,-15,49
-39,-15,49
-39,-15,49
-39,-15,49
-39,-16,49
-39,-15,49
-38,-15,49
-38,-15,49
-39,-15,49
-39,-15,49
-38,-15,49
-39,-15,49
-38,-15,49
-39,-15,49
-39,-15,49
-39,-15,49
-39,-15,48
-39,-15,49
-38,-15,49
-39,-15,49
-39,-15,49
-39,-15,49
-39,-15,49
-39,-15,49
-39,-15,49
-39,-15,49
-39,-15,49
-39,-15,49
-39,-15,49
-39,-15,49
-39,-15,49
-39,-15,49
-39,-15,49
-39,-15,49
-39,-15,49
-39,-15,49
-39,-15,49
-39,-15,49
-39,-15,49
-39,-15,49
-39,-15,49
-39,-15,49
-39,-15,49
-39,-15,49
-39,-15,49
-39,-15,49
-39,-15,49
-39,-15,49
-39,-15,49
-39,-15,48
-39,-15,49
-39,-15,48
-38,-15,49
-39,-15,49
-39,-15,49
-39,-15,49
-39,-15,49
-39,-15,49
-39,-15,49
-39,-15,49
-39,-15,49
-39,-15,48
-39,-15,48
-39,-15,49
-39,-15,49
-39,-15,49
-39,-15,49
-39,-15,49
-39,-15,49
-39,-15,49
-39,-15,49
-39,-15,49
-39,-15,48
-39,-16,49
-39,-15,49
-39,-15,48
-39,-15,48
-39,-15,49
-39,-16,48
-39,-15,49
-39,-15,49
-39,-16,49
-39,-15,49
-39,-16,49
-39,-15,48
-39,-16,49
-39,-16,49
-39,-15,48
-39,-16,49
-39,-15,48
-39,-15,49
-39,-15,48
-39,-15,49
-39,-16,49
-39,-15,49
-39,-15,49
-39,-15,48
-39,-15,49
-39,-16,49
-39,-15,48
-39,-15,49
-39,-15,49
-39,-16,49
-39,-15,49
-39,-15,49
-39,-15,49
-39,-15,48
-39,-15,49
-39,-15,49
-39,-15,49
-39,-15,49
-39,-15,49
-39,-15,49
-39,-15,49
-39,-15,49
-39,-15,49
-39,-15,49
-39,-15,49
-39,-15,49
-39,-15,49
-39,-15,49
-39,-15,49
-39,-15,49
-39,-15,49
-39,-15,49
-38,-15,49
-39,-15,49
-38,-15,48
-39,-15,49
-39,-15,49
-39,-15,49
-39,-15,49
-39,-15,49
-39,-15,49
-39,-15,49
-39,-15,49
-39,-15,49
-39,-15,49
-39,-15,49
-39,-15,49
-39,-15,49
-39,-15,48
-39,-15,49
-39,-15,48
-39,-15,49
-39,-15,49
-39,-15,49
-39,-15,49
-39,-15,49
-39,-15,49
-39,-15,49
-39,-15,49
-39,-15,49
-39,-15,49
-39,-15,49
-39,-15,49
-39,-15,48
-39,-15,49
-39,-15,49
-39,-15,49
-39,-15,49
-39,-15,49
-39,-15,48
-39,-15,49
-39,-15,48
-39,-15,48
-39,-15,49
-39,-15,49
-39,-15,49
-39,-15,49
-39,-15,49
-39,-15,49
-39,-15,49
-39,-15,48
-39,-16,49
-39,-15,49
-39,-15,49
-39,-15,49
-39,-15,49
-39,-15,49
-39,-16,49
-39,-15,49
-39,-15,48
-39,-15,48
-39,-15,48
-39,-16,48
-40,-15,47
-38,-15,50
-38,-16,49
-39,-16,49
-39,-16,49
-39,-16,49
-39,-15,49
-39,-15,49
-39,-15,49
-39,-16,48
-39,-16,49
-39,-15,49
-39,-16,49
-39,-15,49
-39,-15,49
-39,-15,49
-39,-16,49
-39,-15,48
-39,-15,49
-38,-15,50
-38,-15,49
-39,-15,49
-39,-15,49
-39,-15,49
-39,-15,49
-38,-15,49
-39,-15,49
-39,-15,49
-39,-15,49
-40,-15,48
-38,-16,49
-37,-16,50
-38,-15,50
-38,-15,50
-38,-15,50
-38,-15,50
-36,-14,51
-37,-15,50
-38,-15,50
-38,-14,50
-38,-14,50
-37,-14,50
-38,-14,50
-38,-14,50
-37,-14,50
-37,-15,50
-38,-15,50
-38,-14,50
-38,-14,50
-38,-14,50
-38,-14,50
-38,-14,49
-38,-14,49
-37,-14,50
-38,-14,50
-38,-14,50
-37,-14,51
-38,-14,50
-37,-14,50
-37,-14,50
-37,-14,50
-38,-14,50
-38,-14,50
-38,-14,50
-38,-14,50
-38,-14,50
-38,-14,50
-37,-14,51
-37,-13,51
-37,-14,51
-38,-14,50
-37,-14,50
-38,-14,50
-36,-14,51
-37,-15,51
-37,-14,51
-38,-13,49
-39,-13,50
-39,-13,49
-33,-13,53
-37,-13,51
-38,-14,50
-38,-13,50
-37,-13,51
-37,-13,51
-37,-13,51
-36,-13,51
-38,-13,50
-38,-13,50
-36,-13,51
-36,-13,51
-37,-13,51
-38,-13,50
-37,-14,51
-37,-13,51
-36,-13,51
-38,-13,50
-37,-13,51
-38,-13,50
-38,-13,50
-38,-13,50
-38,-13,50
-38,-13,50
-38,-14,50
-37,-13,50
-38,-13,51
-38,-13,50
-38,-13,50
-37,-13,50
-38,-13,50
-38,-13,50
-37,-13,50
-37,-13,50
-38,-13,50
-39,-13,49
-37,-14,51
-39,-13,50
-38,-13,50
-38,-13,50
-37,-15,51
-35,-17,52
-39,-18,49
-48,-17,47
-50,-17,47
-58,-8,42
-55,-3,43
-49,5,43
-48,9,46
-43,15,48
-43,11,48
-43,8,48
-43,2,48
-40,1,49
-36,-1,47
-35,-3,46
-35,-4,47
-36,-4,47
-36,-4,49
-36,-4,50
-35,-4,51
-36,-4,52
-38,-3,53
-39,-2,53
-39,0,53
-40,4,52
-43,6,51
-50,7,49
-53,8,48
-55,8,47
-54,8,45
-54,8,44
-54,8,43
-52,8,42
-52,9,41
-50,10,40
-47,12,42
-42,11,43
-40,8,44
-46,5,47
-42,2,52
-33,1,46
-67,-13,31
-65,-14,31
-44,-16,30
-43,-21,26
-60,-30,14
-63,-32,13
-45,-38,25
-46,-33,23
-56,-31,24
-50,-30,27
-51,-25,31
-54,-24,34
-53,-23,36
-57,-28,26
-57,-32,17
-61,-30,22
-59,-31,19
-60,-43,19
-58,-47,20
-56,-37,20
-52,-32,17
-50,-31,18
-55,-25,21
-57,-22,21
-52,-15,15
-54,-11,13
-62,-5,11
-64,-4,11
-68,-3,6
-74,-2,4
-70,3,5
-62,4,10
-62,8,9
-68,7,10
-72,5,13
-58,5,30
-58,7,32
-70,1,23
-70,0,22
-65,1,25
-63,3,24
-58,4,21
-59,4,21
-58,4,23
-59,3,25
-60,2,26
-59,0,27
-59,0,28
-61,2,29
-63,2,28
-63,2,24
-64,4,25
-68,6,29
-68,6,29
-65,6,29
-65,6,28
-59,6,32
-52,7,31
-51,7,30
-50,3,31
-50,2,32
-51,1,35
-52,-1,35
-43,-6,35
-46,-8,37
-50,-11,41
-51,-9,41
-44,-12,43
-43,-14,47
-45,-11,51
-45,-7,45
-42,-4,46
-39,-4,48
-39,-5,48
-42,-6,47
-41,-6,46
-34,-4,47
-35,-3,45
-46,-1,36
-55,-1,30
-64,1,20
-74,4,15
-67,5,11
-77,3,5
-73,4,8
-65,2,10
-64,2,13
-59,0,15
-59,-2,15
-62,-2,18
-63,-2,15
-63,-2,12
-64,-2,12
-64,-1,12
-65,-1,14
-66,0,14
-67,1,13
-68,1,12
-68,0,13
-66,0,14
-66,-1,16
-65,0,18
-65,2,22
-65,3,24
-64,7,23
-62,8,23
-64,6,22
-62,7,24
-61,6,21
-58,5,23
-55,3,25
-56,-6,19
-57,-10,19
-50,-18,27
-45,-22,26
-64,-23,18
-48,-29,27
-50,-28,30
-50,-25,27
-44,-29,46
-42,-22,43
-43,-20,39
-52,-20,32
-55,-21,34
-60,-16,33
-56,-19,31
-60,-17,35
-56,-15,35
-56,-16,23
-55,-14,32
-57,-13,36
-58,-13,36
-46,-12,37
-40,-11,48
-45,-13,47
-52,-10,44
-50,-19,-39
-49,-12,41
-49,-12,38
-46,-14,35
-53,-12,35
-57,-8,34
-53,-9,33
-51,-9,39
-57,-7,34
-56,-9,31
-52,-12,41
-52,-8,40
-54,-9,37
-52,-9,38
-51,-9,39
-52,-9,37
-52,-9,35
-52,-8,35
-52,-8,37
-53,-8,37
-52,-8,36
-53,-8,36
-54,-8,37
-53,-8,38
-54,-8,36
-53,-8,36
-52,-8,36
-52,-9,36
-54,-9,36
-53,-10,36
-53,-9,37
-53,-9,37
-52,-8,37
-50,-13,35
-51,-17,31
-51,-21,27
-59,-16,26
-61,-20,27
-59,-24,24
-58,-23,25
-59,-23,22
-56,-23,21
-61,-24,19
-63,-21,17
-58,-20,15
-61,-15,14
-67,-9,13
-64,-11,15
-62,-8,13
-66,-4,9
-67,-5,8
-65,-4,9
-62,-3,10
-64,2,7
-65,0,7
-60,-4,11
-58,-5,14
-59,-6,12
-64,-8,13
-64,-9,15
-60,-13,23
-59,-15,22
-53,-17,25
-52,-15,30
-36,-15,43
-32,-16,46
-39,-14,55
-35,-8,57
-39,1,54
-48,4,51
-57,4,41
-54,4,37
-65,-1,32
-64,-3,36
-55,-3,41
-39,-7,40
-38,-10,36
-36,-48,67
-76,-33,93
-24,-3,47
-35,-12,49
-39,-18,50
-37,-18,50
-39,-18,48
-39,-18,47
-37,-18,48
-40,-16,48
-40,-16,48
-38,-16,49
-37,-16,50
-34,-18,51
-37,-18,49
-39,-17,48
-38,-18,48
-37,-18,49
-35,-18,50
-35,-19,50
-37,-17,50
-38,-17,49
-37,-17,49
-38,-18,49
-36,-17,50
-36,-17,50
-36,-17,50
-38,-17,49
-36,-17,50
-36,-17,50
-36,-18,50
-37,-19,49
-35,-17,51
-36,-18,50
-37,-18,49
-35,-17,51
-35,-16,52
-35,-18,51
-36,-18,49
-36,-18,50
-34,-17,52
-34,-17,52
-37,-17,49
-36,-18,50
-35,-17,51
-35,-17,51
-35,-17,50
-36,-18,50
-35,-17,51
-37,-17,50
-34,-16,52
-36,-17,50
-35,-16,51
-35,-16,51
-35,-16,51
-35,-16,51
-35,-16,51
-35,-16,51
-34,-16,51
-35,-16,51
-35,-16,51
-35,-16,51
-35,-16,51
-35,-16,51
-35,-15,51
-36,-16,51
-35,-15,51
-35,-15,51
-35,-15,52
-35,-15,51
-35,-15,51
-35,-15,51
-36,-15,51
-36,-15,51
-36,-15,51
-35,-15,51
-35,-15,51
-36,-15,51
-36,-16,51
-35,-15,51
-35,-15,52
-35,-15,51
-36,-15,51
-35,-15,51
-35,-15,51
-36,-15,51
-37,-15,51
-35,-14,52
-36,-14,51
-36,-13,52
-36,-13,51
-37,-14,51
-37,-14,51
-36,-14,51
-36,-14,51
-36,-14,51
-37,-14,51
-36,-14,52
-35,-13,52
-36,-13,52
-36,-13,51
-36,-14,51
-35,-14,51
-35,-14,51
-37,-13,51
-37,-13,52
-37,-14,51
-36,-14,52
-36,-14,51
-37,-14,51
-36,-14,51
-36,-14,51
-36,-14,51
-36,-13,51
-36,-14,51
-36,-14,51
-36,-14,51
-36,-14,51
-36,-14,51
-36,-14,51
-36,-14,52
-36,-15,51
-37,-15,51
-35,-15,52
-35,-15,52
-37,-15,50
-36,-15,51
-39,-15,49
-41,-20,47
-43,-21,45
-43,-18,46
-45,-18,43
-58,-13,39
-56,-1,44
-54,5,43
-52,10,45
-49,12,48
-45,10,52
-44,7,53
-43,3,50
-42,2,49
-42,1,47
-43,0,43
-43,0,40
-43,1,40
-42,4,42
-42,6,43
-44,6,45
-47,8,48
-48,9,48
-46,9,47
-46,9,45
-46,8,46
-46,9,48
-44,7,45
-44,6,44
-46,7,45
-46,7,45
-41,7,45
-40,7,40
-39,3,39
-35,-1,46
-41,-2,46
-42,-3,45
-35,-7,43
-78,-22,22
-66,-23,28
-57,-21,32
-63,-25,29
-57,-26,27
-53,-24,35
-47,-22,31
-50,-26,23
-58,-24,27
-49,-30,23
-57,-30,24
-66,-19,26
-59,-19,23
-57,-16,20
-55,-14,22
-48,-18,27
-55,-19,22
-54,-12,26
-56,-13,29
-60,-14,28
-62,-13,31
-61,-12,32
-53,-11,35
-54,-11,34
-53,-9,33
-53,-10,33
-54,-11,34
-55,-10,34
-55,-8,34
-56,-9,33
-54,-8,33
-55,-9,33
-54,-9,33
-54,-9,33
-55,-9,33
-55,-9,32
-54,-9,33
-54,-9,33
-55,-9,32
-55,-9,33
-55,-9,33
-55,-9,32
-55,-9,32
-54,-9,33
-55,-9,33
-56,-9,34
-55,-9,33
-55,-9,33
-54,-9,33
-58,-9,32
-56,-9,31
-56,-9,31
-58,-10,35
-54,-11,35
-52,-14,32
-54,-15,34
-50,-20,28
-54,-17,27
-64,-19,17
-64,-24,14
-59,-22,14
-60,-21,11
-61,-22,9
-66,-20,4
-64,-16,7
-64,-13,7
-66,-11,5
-66,-11,6
-65,-8,9
-65,-8,7
-67,-10,10
-67,-10,12
-60,-11,13
-62,-11,10
-63,-9,10
-61,-8,11
-57,-11,9
-62,-10,10
-51,-8,18
-45,-5,24
-44,-4,30
-43,-7,36
-46,-6,40
-63,-1,29
-71,6,26
-69,10,29
-67,7,32
-67,4,32
-69,4,34
-60,-1,38
-56,-1,42
-48,-4,43
-51,-8,44
-56,-9,44
-49,-4,47
-47,-2,46
-48,-4,45
-46,-4,48
-43,-4,50
-43,-3,52
-42,-1,49
-42,0,49
-43,-2,48
-43,0,50
-43,0,50
-43,0,49
-42,-2,49
-41,-3,52
-41,-4,52
-39,-5,52
-38,-5,53
-34,-4,53
-35,-3,51
-35,-3,48
-37,-3,48
-38,-1,47
-39,0,46
-40,1,45
-41,1,45
-44,1,45
-45,2,46
-45,2,47
-45,1,49
-45,1,49
-46,1,49
-45,0,50
-45,0,49
-45,0,48
-44,-1,47
-43,-1,47
-42,-1,46
-42,-2,46
-42,-2,47
-43,-3,47
-43,-3,47
-44,-4,48
-45,-4,48
-45,-1,48
-46,-1,47
-48,2,44
-50,3,44
-53,3,41
-54,4,41
-55,4,41
-53,5,41
-53,5,38
-55,5,38
-52,7,41
-53,9,41
-53,9,40
-55,10,38
-54,11,38
-51,13,41
-55,13,40
-48,8,35
-43,6,37
-41,1,40
-55,-6,27
-43,-10,30
-47,-17,37
-63,-19,30
-46,-22,28
-46,-25,33
-67,-30,26
-57,-28,28
-52,-26,30
-54,-26,31
-44,-26,33
-43,-24,30
-57,-22,25
-46,-23,28
-56,-25,31
-63,-15,29
-52,-16,30
-55,-16,32
-53,-14,33
-61,-12,23
-64,-14,19
-57,-10,30
-59,-12,30
-64,-12,28
-56,-9,30
-57,-10,29
-57,-9,26
-57,-9,25
-58,-10,26
-55,-11,29
-58,-11,24
-60,-10,24
-56,-10,28
-59,-10,27
-59,-9,27
-58,-10,27
-58,-9,27
-59,-9,27
-59,-9,27
-58,-9,27
-59,-9,27
-59,-10,26
-58,-10,26
-59,-10,26
-58,-10,26
-58,-9,26
-59,-10,26
-58,-10,26
-58,-10,27
-58,-10,26
-59,-10,26
-58,-10,26
-59,-10,26
-58,-10,26
-60,-9,25
-59,-10,27
-57,-11,29
-58,-12,25
-58,-14,28
-60,-16,28
-59,-17,18
-59,-15,18
-64,-14,18
-67,-15,15
-64,-15,14
-61,-12,13
-60,-13,13
-57,-12,13
-60,-8,12
-67,-9,11
-63,-13,8
-64,-9,12
-66,-10,8
-66,-12,0
-67,-8,1
-65,-8,0
-63,-8,0
-65,-7,-1
-67,-5,-1
-66,-7,-1
-63,-7,-2
-63,-4,-4
-65,-3,-2
-65,-4,-2
-63,-5,-1
-63,-1,1
-65,-8,2
-65,-14,9
-62,-15,14
-57,-18,17
-55,-20,17
-56,-19,18
-48,-18,23
-32,-16,41
-23,-14,51
-28,-12,54
-39,-13,50
-58,-3,46
-63,3,43
-63,15,38
-70,15,36
-75,10,35
-63,-10,39
-61,-8,45
-42,-5,49
-42,-10,50
-35,-33,62
-45,-22,62
-36,-10,52
-35,-12,48
-44,-17,44
-41,-20,47
-37,-18,49
-40,-19,46
-41,-20,47
-38,-19,48
-39,-19,47
-37,-19,49
-36,-16,51
-35,-15,52
-35,-16,51
-36,-17,50
-36,-17,51
-36,-17,51
-34,-16,52
-36,-16,51
-36,-16,51
-35,-16,51
-36,-16,50
-37,-16,49
-34,-16,52
-35,-16,52
-37,-16,49
-37,-16,50
-36,-16,51
-36,-16,51
-36,-16,51
-37,-16,50
-36,-15,51
-38,-15,51
-37,-15,50
-36,-15,51
-35,-15,52
-37,-15,51
-37,-15,51
-37,-16,50
-36,-16,50
-35,-15,52
-34,-15,53
-36,-15,51
-38,-15,50
-36,-15,50
-36,-16,51
-35,-15,51
-35,-15,51
-36,-15,51
-39,-15,49
-34,-16,52
-35,-15,52
-37,-15,50
-37,-14,51
-36,-14,51
-36,-14,51
-36,-14,51
-36,-14,51
-37,-14,50
-35,-14,52
-36,-14,51
-36,-13,51
-37,-13,51
-36,-14,51
-35,-13,52
-36,-14,51
-36,-14,51
-36,-13,51
-36,-14,51
-37,-14,51
-36,-13,51
-35,-14,51
-36,-14,51
-37,-14,51
-35,-14,52
-36,-14,51
-36,-14,51
-35,-14,52
-35,-14,52
-35,-13,52
-35,-14,52
-35,-14,52
-35,-13,52
-35,-14,52
-36,-14,51
-35,-14,51
-35,-14,53
-34,-14,52
-39,-14,50
-37,-14,51
-35,-14,52
-35,-14,52
-35,-14,52
-36,-15,51
-37,-15,51
-37,-16,50
-42,-18,49
-53,-23,51
-44,-18,55
-48,-3,49
-40,1,50
-19,6,53
-18,5,52
-13,-3,55
-16,-12,52
-26,-24,48
-16,-23,59
-67,-12,54
-52,-10,40
-49,-11,39
-34,-15,56
-32,-14,55
-34,-17,52
-35,-17,52
-34,-17,52
-36,-18,49
-35,-14,51
-35,-14,52
-36,-15,51
-35,-16,51
-37,-17,50
-35,-15,52
-36,-14,52
-37,-15,50
-35,-15,51
-36,-15,51
-35,-16,52
-36,-17,51
-35,-17,51
-35,-17,51
-35,-16,51
-35,-16,52
-35,-16,51
-34,-17,51
-34,-17,52
-35,-16,52
-38,-17,49
-40,-18,48
-47,-21,49
-56,-24,45
-49,-21,56
-63,-10,48
-56,-4,52
-50,0,51
-48,4,47
-45,2,42
-48,0,41
-42,0,47
-37,3,56
-42,3,59
-39,0,53
-33,4,48
-45,5,50
-46,1,41
-39,0,41
-32,-8,39
-56,-25,26
-45,-26,36
-36,-27,40
-51,-32,27
-36,-35,34
-43,-35,31
-57,-39,27
-51,-36,31
-59,-29,24
-60,-28,22
-45,-27,31
-54,-27,29
-62,-17,25
-51,-16,31
-54,-15,32
-57,-16,30
-60,-15,30
-60,-14,27
-56,-13,30
-58,-16,28
-57,-14,28
-54,-14,30
-53,-13,31
-51,-12,35
-55,-12,34
-50,-11,38
-55,-13,32
-51,-14,33
-52,-13,37
-55,-12,37
-50,-10,22
-54,-13,34
-54,-13,33
-53,-11,34
-52,-13,34
-54,-12,33
-53,-13,33
-54,-13,33
-52,-13,34
-54,-12,35
-55,-12,35
-54,-12,35
-53,-13,35
-54,-13,34
-55,-12,33
-55,-13,35
-54,-14,37
-54,-19,33
-51,-20,33
-47,-20,31
-54,-19,30
-54,-18,26
-59,-15,22
-59,-17,23
-60,-19,22
-63,-19,19
-62,-19,17
-61,-20,16
-60,-20,15
-61,-22,16
-64,-22,11
-63,-20,11
-65,-22,14
-63,-21,17
-62,-18,19
-60,-16,25
-57,-17,23
-62,-18,11
-65,-15,9
-57,-9,13
-51,-6,18
-33,-5,26
-25,-6,32
-41,-13,38
-43,-13,44
-51,-3,55
-58,8,51
-57,16,46
-60,19,45
-60,15,45
-42,4,40
-47,-2,45
-50,-4,54
-41,-4,51
-33,-19,56
-64,-37,73
-38,-5,48
-33,-8,45
-35,-18,52
-40,-18,50
-40,-14,48
-43,-17,45
-42,-18,45
-42,-20,45
-40,-18,47
-34,-17,52
-34,-17,51
-37,-16,49
-39,-17,48
-36,-16,50
-35,-16,52
-38,-16,49
-37,-15,51
-36,-16,52
-37,-15,50
-36,-14,52
-38,-15,49
-38,-16,49
-38,-15,50
-37,-15,50
-37,-15,49
-37,-15,50
-35,-14,51
-36,-15,51
-36,-15,51
-36,-15,51
-36,-15,51
-37,-15,51
-37,-15,50
-35,-14,51
-36,-15,51
-36,-15,51
-36,-15,51
-37,-14,51
-35,-14,51
-36,-15,51
-37,-15,51
-36,-15,51
-36,-15,51
-36,-15,51
-36,-15,51
-36,-15,51
-37,-15,51
-36,-15,51
-35,-15,51
-36,-15,51
-36,-15,51
-36,-15,51
-36,-15,51
-36,-15,51
-36,-15,51
-35,-15,51
-36,-15,51
-36,-14,51
-36,-14,51
-36,-15,51
-36,-15,51
-37,-15,50
-36,-15,50
-36,-15,51
-37,-15,50
-37,-15,50
-36,-15,51
-36,-15,51
-36,-15,51
-36,-15,51
-37,-16,51
-36,-15,51
-37,-16,50
-36,-16,51
-37,-16,51
-37,-15,51
-36,-15,51
-37,-15,51
-36,-15,51
-36,-15,51
-36,-16,51
-36,-15,51
-37,-16,50
-38,-15,50
-37,-15,50
-37,-15,51
-37,-15,51
-37,-15,50
-37,-15,51
-36,-15,51
-37,-15,50
-37,-15,50
-37,-15,50
-37,-15,51
-37,-15,50
-37,-15,50
-37,-15,50
-37,-15,50
-37,-15,50
-37,-15,50
-37,-15,50
-37,-15,50
-37,-15,51
-37,-15,50
-37,-15,51
-37,-15,50
-37,-15,51
-37,-15,50
-37,-15,51
-37,-15,50
-37,-15,50
-37,-15,50
-37,-15,50
-37,-15,50
-37,-15,50
-37,-15,50
-37,-15,51
-37,-14,50
-37,-15,51
-37,-15,50
-37,-14,50
-37,-15,51
-37,-14,51
-37,-14,51
-37,-15,51
-37,-15,51
-38,-15,51
-37,-14,51
-37,-15,50
-37,-14,51
-37,-14,51
-37,-14,51
-37,-14,51
-38,-15,50
-36,-14,51
-36,-14,51
-37,-14,51
-37,-14,51
-37,-14,51
-37,-15,51
-37,-14,51
-37,-14,51
-37,-14,51
-37,-14,51
-36,-14,51
-37,-14,51
-37,-14,51
-37,-14,51
-37,-14,51
-37,-14,51
-37,-14,51
-37,-14,51
-37,-14,51
-37,-14,51
-37,-14,51
-37,-14,51
-37,-15,51
-37,-14,51
-37,-14,51
-37,-14,51
-37,-15,51
-37,-15,51
-37,-15,51
-37,-14,51
-37,-14,51
-37,-14,51
-37,-14,51
-37,-15,51
-37,-15,51
-37,-15,51
-37,-15,51
-37,-15,51
-37,-15,51
-37,-15,51
-36,-15,51
-36,-15,51
-36,-15,50
-37,-15,51
-37,-15,51
-36,-15,51
-37,-15,51
-37,-15,51
-37,-15,51
-37,-15,51
-37,-15,50
-37,-15,51
-37,-15,51
-37,-15,50
-37,-15,51
-36,-15,51
-37,-15,51
-37,-15,51
-37,-15,50
-37,-15,51
-37,-15,51
-37,-15,50
-36,-15,51
-36,-15,51
-37,-15,50
-37,-15,51
-37,-15,51
-37,-15,51
-37,-15,51
-36,-15,51
-36,-15,51
-37,-15,51
-37,-15,51
-37,-15,51
-36,-15,50
-36,-14,51
-37,-15,51
-36,-15,51
-37,-15,51
-37,-15,51
-36,-15,51
-37,-15,51
-36,-15,51
-37,-15,51
-36,-15,51
-36,-15,51
-36,-15,51
-37,-15,51
-36,-14,51
-37,-15,51
-37,-15,51
-36,-15,51
-37,-15,51
-37,-15,51
-37,-15,51
-36,-14,51
-37,-15,51
-36,-15,51
-36,-15,51
-36,-15,50
-37,-15,51
-37,-15,51
-37,-14,51
-37,-15,51
-37,-14,51
-37,-14,51
-37,-15,51
-36,-14,51
-37,-14,51
-37,-15,51
-37,-14,51
-37,-15,51
-37,-15,51
-37,-14,51
-37,-15,51
-36,-14,51
-37,-14,51
-37,-14,51
-37,-14,51
-37,-14,51
-36,-14,51
-37,-14,51
-37,-14,51
-36,-14,51
-36,-14,51
-37,-15,51
-37,-14,51
-37,-14,51
-36,-14,51
-36,-14,51
-37,-15,51
-37,-14,51
-37,-15,51
-37,-14,51
-36,-15,51
-37,-15,51
-37,-15,51
-36,-15,51
-37,-15,50
-37,-14,50
-36,-14,51
-37,-15,51
-37,-15,51
-37,-15,51
-37,-14,51
-37,-15,51
-37,-14,51
-37,-15,51
-37,-15,50
-37,-15,50
-37,-15,50
-36,-15,51
-36,-15,51
-37,-15,51
-36,-15,51
-37,-14,51
-37,-15,51
-36,-15,51
-37,-15,50
-37,-15,51
-37,-14,51
-37,-15,50
-36,-14,51
-37,-15,51
-37,-14,51
-37,-15,50
-37,-15,51
-36,-14,51
-37,-15,51
-37,-15,51
-37,-14,51
-37,-15,51
-37,-15,51
-36,-15,51
-37,-15,51
-37,-14,50
-37,-15,51
-37,-15,51
-37,-14,51
-37,-15,51
-37,-14,51
-37,-14,51
-37,-14,51
-37,-14,51
-37,-14,51
-37,-15,51
-37,-14,51
-37,-14,51
-37,-14,51
-37,-14,51
-36,-14,51
-36,-14,51
-37,-14,51
-37,-14,51
-37,-14,51
-37,-14,51
-36,-14,51
-37,-14,51
-37,-14,51
-37,-14,51
-37,-14,51
-37,-15,51
-36,-14,51
-37,-14,51
-37,-14,51
-37,-15,51
-37,-14,51
-37,-14,51
-37,-14,51
-37,-14,51
-37,-14,51
-37,-14,51
-36,-14,51
-36,-14,51
-37,-15,51
-37,-14,51
-37,-14,51
-37,-14,51
-37,-14,51
-37,-14,51
-37,-14,51
-37,-14,51
-37,-14,51
-37,-14,51
-37,-14,51
-36,-14,51
-36,-14,51
-37,-14,51
-37,-14,51
-37,-14,51
-37,-14,51
-37,-14,51
-37,-14,51
-37,-14,51
-37,-14,51
-37,-14,51
-36,-14,51
-37,-14,50
-37,-14,51
-37,-14,51
-37,-14,51
-37,-14,51
-36,-15,51
-37,-14,51
-37,-15,51
-37,-14,50
-37,-15,51
-37,-15,51
-37,-14,51
-37,-15,51
-37,-14,51
-36,-14,51
-37,-14,51
-37,-14,51
-37,-14,51
-37,-14,51
-37,-14,51
-37,-14,51
-37,-15,51
-37,-15,51
-37,-14,51
-37,-15,50
-37,-15,51
-37,-15,51
-37,-14,51
-37,-15,51
-37,-15,51
-37,-14,50
-37,-14,51
-37,-15,51
-37,-15,51
-37,-15,51
-37,-15,51
-37,-14,51
-37,-15,51
-37,-14,51
-37,-14,51
-37,-15,50
-37,-15,51
-37,-14,51
-37,-14,51
-37,-14,51
-37,-15,51
-37,-14,50
-37,-14,51
-37,-14,51
-37,-15,51
-37,-14,51
-37,-14,51
-37,-14,51
-37,-14,51
-37,-14,51
-37,-15,51
-37,-14,51
-37,-14,51
-37,-14,51
-37,-14,51
-38,-14,50
-38,-14,50
-38,-14,50
-38,-14,51
-38,-14,50
-37,-14,50
-37,-14,51
-37,-14,50
-37,-14,50
-37,-15,50
-37,-15,50
-37,-14,51
-37,-14,51
-36,-15,51
-37,-15,51
-37,-15,51
-37,-15,50
-37,-15,51
-37,-15,51
-36,-15,51
-36,-15,51
-36,-15,51
-37,-15,51
-37,-15,51
-37,-15,51
-36,-15,51
-37,-15,51
-36,-15,51
-37,-15,51
-36,-14,51
-36,-15,51
-37,-15,51
-36,-14,51
-37,-15,51
-37,-14,51
-37,-14,51
-36,-15,51
-36,-15,51
-36,-15,51
-36,-15,51
-36,-15,51
-36,-15,51
-36,-15,51
-37,-14,51
-37,-15,51
-37,-14,51
-37,-14,51
-37,-14,50
-38,-14,50
-38,-14,50
-38,-14,51
-37,-14,50
-38,-14,50
-38,-14,50
-38,-14,50
-38,-14,50
-38,-14,50
-38,-14,50
-39,-14,49
-38,-14,50
-38,-14,50
-38,-14,50
-38,-14,50
-38,-14,50
-38,-14,50
-38,-14,50
-37,-14,51
-37,-14,50
-38,-14,50
-38,-14,50
-38,-14,50
-38,-14,50
-38,-14,50
-37,-14,50
-38,-14,51
-37,-14,50
-37,-14,50
-38,-14,50
-37,-14,50
-37,-14,51
-38,-14,50
-37,-14,50
-37,-14,51
-37,-14,51
-38,-14,50
-37,-14,50
-37,-14,50
-37,-14,51
-37,-14,51
-37,-14,51
-38,-14,51
-37,-14,51
-38,-14,50
-38,-14,49
-39,-14,49
-38,-13,50
-38,-13,50
-38,-13,50
-39,-13,50
-38,-13,50
-38,-13,50
-38,-13,50
-38,-13,50
-38,-12,50
-38,-13,50
-38,-12,50
-38,-13,50
-38,-13,50
-38,-13,50
-38,-13,50
-38,-13,50
-38,-12,50
-38,-13,50
-38,-13,50
-38,-12,50
-38,-13,50
-38,-12,50
-38,-12,50
-38,-13,50
-38,-12,51
-38,-12,51
-38,-12,51
-38,-12,50
-38,-12,50
-38,-13,50
-38,-12,51
-38,-12,51
-37,-12,51
-38,-13,50
-38,-12,50
-38,-13,50
-38,-13,50
-38,-13,51
-37,-12,51
-38,-13,50
-39,-13,50
-37,-12,51
-38,-13,50
-38,-12,50
-36,-12,51
-37,-12,51
-39,-11,50
-40,-11,49
-38,-11,50
-36,-11,52
-39,-11,50
-38,-11,50
-37,-11,51
-39,-11,51
-39,-10,50
-39,-10,50
-38,-10,51
-38,-11,50
-39,-11,50
-38,-10,51
-38,-10,51
-39,-10,50
-39,-11,51
-40,-11,49
-39,-11,50
-39,-10,51
-39,-10,51
-39,-10,50
-39,-10,50
-39,-10,50
-37,-10,51
-40,-10,49
-40,-10,49
-36,-10,51
-39,-11,50
-41,-11,48
-38,-10,51
-37,-10,51
-39,-11,49
-38,-12,51
-39,-11,49
-40,-12,49
-38,-12,50
-37,-12,51
-37,-12,51
-39,-12,49
-41,-13,48
-37,-12,51
-37,-13,51
-38,-13,50
-38,-13,50
-39,-13,50
-38,-13,50
-38,-13,51
-38,-13,51
-39,-13,50
-38,-13,52
-38,-16,51
-42,-21,51
-46,-22,54
-65,-11,43
-64,-5,43
-62,3,43
-57,8,44
-49,15,45
-49,15,43
-49,12,41
-49,7,38
-44,6,41
-40,7,48
-39,7,49
-40,4,44
-37,4,46
-43,6,50
-45,7,51
-36,6,44
-37,5,39
-41,-1,41
-49,-3,39
-49,-8,34
-33,-17,44
-43,-19,40
-58,-23,28
-42,-26,37
-49,-34,32
-61,-36,33
-44,-31,36
-41,-28,41
-39,-23,43
-47,-20,37
-54,-24,23
-61,-25,26
-67,-22,27
-52,-17,33
-56,-17,24
-58,-10,28
-58,-9,29
-59,-11,30
-64,-10,27
-57,-10,29
-48,-11,34
-50,-9,36
-55,-9,34
-57,-9,33
-50,-7,38
-50,-7,38
-50,-7,39
-49,-6,40
-50,-6,40
-50,-6,40
-51,-6,40
-52,-7,40
-51,-6,39
-51,-5,39
-50,-6,39
-49,-6,40
-50,-6,40
-51,-6,40
-51,-5,39
-51,-6,40
-51,-6,39
-51,-6,39
-51,-6,38
-51,-5,39
-51,-6,39
-51,-6,40
-52,-6,40
-51,-6,39
-50,-6,39
-51,-5,40
-52,-5,39
-52,-5,39
-51,-6,40
-51,-6,40
-51,-7,42
-48,-8,44
-48,-15,38
-46,-15,34
-58,-20,29
-59,-19,29
-61,-26,25
-59,-28,25
-52,-24,24
-52,-28,19
-54,-26,18
-63,-23,12
-64,-26,10
-62,-25,7
-65,-24,9
-66,-20,14
-59,-18,17
-61,-10,13
-65,-9,14
-61,-7,15
-49,-8,26
-54,-6,24
-62,-5,12
-66,-7,11
-40,1,21
-36,8,29
-56,8,45
-58,4,48
-70,12,46
-64,13,46
-60,3,45
-50,-1,42
-43,-8,44
-47,-9,38
-47,-23,60
-35,-24,54
-34,-3,54
-39,-11,50
-36,-18,57
-36,-13,49
-39,-15,51
-37,-15,49
-37,-17,50
-37,-17,49
-38,-16,51
-33,-16,52
-34,-17,52
-36,-16,51
-38,-16,50
-37,-17,50
-37,-17,49
-36,-17,51
-34,-17,51
-35,-17,51
-35,-18,51
-35,-18,51
-35,-18,51
-35,-17,51
-35,-17,51
-35,-18,51
-36,-19,50
-35,-17,51
-35,-17,51
-35,-17,51
-37,-17,50
-36,-17,51
-36,-17,51
-35,-16,51
-36,-17,50
-35,-17,50
-36,-17,50
-36,-17,50
-36,-17,50
-36,-17,51
-36,-17,51
-36,-17,51
-35,-19,50
-34,-18,50
-35,-18,51
-36,-18,50
-35,-18,50
-35,-17,51
-36,-17,51
-35,-17,51
-35,-18,51
-34,-17,51
-34,-16,52
-36,-16,51
-35,-16,51
-34,-16,52
-34,-15,52
-37,-15,51
-37,-15,51
-35,-15,51
-35,-15,52
-36,-15,51
-36,-16,51
-35,-15,52
-36,-14,51
-36,-14,51
-35,-15,52
-35,-15,52
-35,-15,52
-35,-15,51
-35,-15,51
-35,-15,52
-36,-15,52
-35,-15,51
-35,-15,51
-35,-15,52
-35,-15,52
-36,-15,51
-37,-15,51
-34,-15,52
-34,-15,52
-35,-15,52
-36,-14,52
-34,-14,52
-34,-13,52
-37,-13,52
-36,-13,52
-34,-13,53
-34,-13,52
-35,-14,52
-38,-15,50
-37,-16,50
-34,-16,52
-35,-15,51
-35,-15,51
-36,-15,51
-36,-15,51
-35,-15,51
-35,-15,51
-35,-15,52
-35,-15,51
-37,-15,51
-37,-15,51
-36,-15,51
-36,-15,51
-35,-15,51
-36,-15,51
-36,-15,52
-35,-15,52
-35,-15,51
-36,-15,51
-35,-15,51
-35,-16,51
-35,-15,52
-35,-16,51
-35,-15,51
-35,-16,51
-36,-16,51
-35,-16,51
-35,-16,51
-34,-16,51
-35,-15,51
-35,-16,51
-35,-16,51
-35,-16,51
-35,-16,52
-35,-16,51
-35,-16,51
-35,-16,51
-35,-16,52
-35,-15,52
-35,-16,52
-35,-15,51
-35,-15,52
-35,-15,51
-35,-15,52
-34,-15,52
-37,-16,51
-38,-14,50
-37,-14,50
-34,-15,52
-33,-15,53
-29,-15,55
-29,-16,54
-31,-16,54
-32,-16,53
-32,-16,53
-29,-16,54
-29,-17,54
-30,-15,54
-29,-16,54
-35,-17,51
-37,-17,51
-29,-17,54
-31,-16,54
-29,-16,55
-31,-17,53
-32,-17,53
-31,-16,54
-32,-17,53
-32,-17,53
-31,-17,53
-32,-17,53
-33,-18,53
-32,-17,53
-33,-18,52
-31,-18,53
-32,-17,53
-31,-17,53
-32,-18,53
-31,-18,53
-31,-18,53
-30,-17,54
-30,-17,54
-32,-17,53
-32,-17,53
-30,-17,54
-32,-17,53
-35,-17,52
-35,-16,52
-36,-15,52
-32,-16,53
-35,-17,52
-32,-17,53
-33,-16,52
-34,-17,52
-34,-17,52
-28,-16,55
-35,-17,52
-34,-17,52
-35,-17,51
-34,-16,51
-33,-17,52
-33,-17,52
-32,-17,53
-31,-16,54
-36,-17,50
-36,-17,51
-35,-17,51
-34,-17,51
-34,-17,52
-34,-17,51
-34,-17,51
-34,-17,52
-34,-17,52
-35,-18,51
-34,-17,52
-34,-17,52
-34,-16,52
-35,-16,51
-31,-16,53
-35,-16,51
-35,-16,52
-34,-16,52
-35,-16,52
-34,-16,52
-36,-15,51
-34,-15,52
-35,-15,52
-35,-16,52
-34,-16,52
-34,-16,52
-35,-16,52
-35,-16,52
-35,-15,52
-34,-16,51
-35,-16,51
-34,-16,52
-34,-15,52
-37,-15,51
-36,-15,51
-34,-16,52
-32,-15,53
-34,-15,51
-37,-15,51
-34,-15,52
-32,-15,53
-35,-15,52
-36,-15,51
-35,-15,52
-35,-15,52
-35,-15,52
-37,-16,51
-35,-16,51
-35,-15,51
-35,-16,52
-34,-15,52
-34,-16,52
-36,-16,51
-34,-16,52
-35,-16,52
-35,-15,52
-35,-15,51
-35,-15,52
-34,-15,52
-35,-16,52
-36,-16,51
-35,-16,52
-35,-16,52
-35,-15,52
-35,-15,52
-35,-16,52
-34,-16,52
-34,-16,52
-37,-15,50
-37,-16,51
-35,-15,52
-32,-16,53
-35,-16,51
-35,-16,51
-35,-16,51
-35,-15,52
-35,-16,52
-35,-16,51
-35,-16,52
-35,-16,52
-33,-15,52
-36,-15,51
-33,-14,52
-34,-15,52
-36,-15,51
-35,-16,51
-35,-15,52
-35,-15,52
-34,-15,52
-35,-16,52
-35,-16,51
-35,-16,51
-35,-17,51
-34,-17,52
-35,-16,51
-35,-17,52
-35,-16,51
-34,-16,51
-34,-16,52
-35,-16,52
-35,-16,51
-36,-16,51
-34,-17,52
-34,-16,51
-34,-16,52
-35,-16,51
-35,-16,51
-35,-16,51
-35,-16,52
-33,-16,52
-36,-16,51
-35,-16,52
-34,-16,52
-35,-16,52
-35,-16,51
-35,-15,52
-35,-16,51
-35,-15,52
-35,-15,52
-35,-15,52
-35,-15,52
-36,-15,52
-35,-15,52
-35,-15,52
-35,-15,52
-35,-15,51
-35,-15,52
-35,-15,52
-35,-15,51
-35,-15,52
-35,-15,52
-35,-15,52
-35,-15,52
-35,-15,52
-35,-15,51
-35,-15,52
-35,-15,51
-34,-15,52
-35,-15,52
-35,-15,52
-35,-15,52
-36,-14,51
-35,-14,52
-36,-14,52
-34,-13,52
-35,-13,52
-35,-13,52
-36,-13,52
-36,-13,51
-35,-13,52
-36,-14,51
-36,-13,52
-35,-13,52
-35,-13,52
-35,-13,51
-35,-13,52
-35,-12,52
-35,-12,52
-35,-12,52
-36,-12,52
-36,-13,52
-34,-13,52
-35,-13,52
-36,-12,52
-34,-13,53
-36,-12,52
-38,-13,51
-34,-13,52
-34,-13,52
-36,-13,51
-37,-13,51
-35,-13,52
-34,-13,53
-37,-14,51
-35,-13,52
-35,-13,52
-36,-13,52
-36,-14,51
-35,-14,52
-36,-14,52
-36,-13,51
-36,-14,51
-36,-14,51
-35,-14,52
-35,-14,52
-36,-14,51
-35,-14,52
-36,-15,52
-36,-14,51
-35,-15,51
-35,-15,51
-35,-15,51
-36,-15,51
-35,-15,51
-35,-15,51
-36,-15,51
-35,-15,51
-35,-15,51
-35,-15,51
-35,-15,51
-35,-15,51
-35,-15,51
-35,-15,51
-35,-15,51
-35,-15,51
-35,-15,51
-35,-15,51
-35,-15,51
-35,-15,52
-36,-15,51
-35,-15,51
-36,-15,51
-35,-15,51
-35,-15,52
-36,-15,51
-35,-15,51
-35,-15,52
-35,-15,51
-35,-15,52
-35,-15,51
-35,-15,52
-35,-15,52
-35,-15,51
-35,-14,51
-35,-15,51
-35,-15,52
-35,-15,51
-35,-15,52
-35,-15,51
-36,-14,52
-35,-15,52
-35,-14,52
-35,-14,52
-38,-15,51
-37,-15,48
-35,-14,52
-35,-15,51
-34,-15,52
-32,-16,53
-34,-15,52
-35,-15,52
-36,-15,51
-35,-15,51
-32,-16,53
-35,-16,51
-36,-15,51
-34,-15,52
-33,-15,52
-34,-15,52
-35,-15,52
-34,-15,52
-33,-17,52
-34,-16,52
-35,-16,52
-34,-15,52
-34,-16,52
-35,-16,52
-34,-16,52
-33,-16,52
-34,-16,52
-34,-16,52
-34,-16,52
-34,-16,52
-34,-16,52
-34,-16,52
-34,-15,52
-34,-15,52
-34,-16,52
-34,-16,52
-34,-16,52
-34,-15,52
-35,-15,52
-34,-15,52
-34,-16,52
-34,-16,52
-34,-15,52
-34,-16,52
-35,-15,52
-34,-15,52
-34,-16,52
-34,-15,52
-34,-15,52
-34,-15,52
-35,-15,52
-34,-16,52
-34,-15,52
-35,-15,52
-35,-15,52
-34,-15,52
-34,-15,52
-35,-15,52
-34,-15,52
-35,-15,52
-34,-15,52
-34,-15,52
-34,-16,52
-34,-15,52
-34,-15,52
-35,-16,52
-35,-15,51
-34,-16,52
-34,-16,52
-35,-15,52
-35,-15,52
-35,-15,52
-35,-16,52
-35,-15,52
-34,-16,52
-34,-16,52
-35,-16,52
-34,-16,52
-35,-16,52
-34,-16,52
-34,-15,52
-34,-15,52
-35,-15,52
-34,-16,52
-34,-15,52
-34,-16,52
-34,-15,52
-34,-15,52
-34,-15,52
-34,-15,52
-34,-15,53
-34,-15,52
-34,-15,52
-34,-15,52
-34,-16,52
-34,-16,52
-34,-15,52
-33,-15,53
-35,-15,52
-34,-15,52
-33,-15,53
-33,-15,53
-35,-15,51
-35,-15,52
-34,-15,52
-34,-15,52
-34,-15,52
-34,-15,52
-34,-15,52
-33,-15,52
-35,-15,52
-36,-15,51
-36,-15,51
-35,-15,52
-35,-15,52
-34,-15,52
-32,-15,53
-35,-15,51
-37,-15,51
-34,-15,52
-34,-15,52
-35,-16,51
-35,-16,51
-35,-15,51
-35,-15,51
-35,-16,51
-35,-16,51
-35,-16,51
-35,-16,51
-35,-16,51
-35,-16,52
-35,-16,52
-34,-16,51
-36,-16,51
-34,-16,52
-35,-16,51
-36,-16,51
-34,-16,52
-35,-16,51
-35,-16,51
-35,-16,51
-35,-16,51
-35,-15,51
-35,-15,52
-35,-14,52
-35,-14,52
-35,-14,52
-35,-15,52
-35,-15,52
-35,-15,52
-35,-15,51
-35,-15,52
-35,-15,52
-35,-15,51
-35,-15,52
-35,-14,52
-35,-14,52
-35,-15,51
-35,-14,51
-35,-14,52
-35,-15,51
-35,-15,51
-36,-15,51
-35,-15,52
-35,-15,51
-35,-15,52
-35,-15,51
-35,-15,52
-35,-15,51
-35,-15,51
-35,-15,52
-36,-15,51
-35,-15,52
-35,-15,52
-35,-15,52
-35,-15,52
-35,-15,52
-35,-15,52
-35,-15,51
-35,-15,51
-35,-15,51
-35,-15,52
-35,-15,52
-35,-15,51
-35,-15,52
-35,-15,51
-35,-15,52
-35,-15,51
-35,-15,52
-35,-15,51
-35,-15,51
-35,-15,51
-35,-15,52
-35,-14,52
-35,-15,52
-35,-15,52
-35,-15,51
-35,-14,51
-35,-15,51
-35,-14,52
-36,-14,52
-36,-14,52
-35,-14,52
-35,-14,52
-35,-14,52
-35,-14,52
-35,-15,52
-35,-14,52
-35,-15,52
-35,-14,52
-35,-14,51
-35,-14,52
-35,-14,52
-35,-14,52
-35,-14,52
-35,-14,52
-35,-14,52
-35,-14,52
-35,-14,52
-35,-14,52
-35,-14,52
-35,-14,52
-35,-14,52
-35,-14,52
-35,-14,52
-35,-14,52
-35,-14,52
-35,-14,52
-36,-14,52
-35,-14,52
-35,-14,52
-35,-14,52
-35,-14,52
-35,-14,52
-35,-14,52
-35,-14,52
-35,-14,51
-35,-14,52
-35,-14,52
-36,-14,52
-35,-14,52
-35,-14,52
-35,-14,51
-35,-14,52
-35,-14,51
-35,-14,51
-35,-14,52
-35,-14,52
-35,-14,52
-35,-14,52
-35,-14,52
-35,-14,52
-35,-15,52
-35,-14,51
-35,-14,52
-35,-14,51
-35,-14,51
-36,-14,51
-35,-14,51
-36,-14,52
-36,-15,52
-35,-14,51
-36,-15,52
-36,-15,51
-35,-15,51
-35,-14,51
-35,-14,51
-36,-15,51
-36,-15,51
-35,-14,51
-36,-15,51
-35,-15,51
-35,-15,52
-35,-15,52
-35,-15,52
-36,-15,51
-35,-15,52
-35,-14,52
-35,-15,52
-36,-15,51
-36,-15,51
-35,-15,52
-35,-15,51
-36,-14,51
-36,-15,51
-35,-15,51
-35,-14,52
-36,-16,52
-37,-14,50
-34,-15,52
-34,-15,52
-33,-14,52
-37,-15,50
-37,-14,51
-34,-13,52
-35,-13,52
-35,-13,52
-36,-13,51
-37,-14,51
-37,-14,51
-35,-14,51
-36,-14,51
-36,-14,51
-37,-14,51
-35,-14,52
-35,-14,52
-36,-14,51
-35,-15,51
-35,-15,52
-35,-14,52
-37,-14,50
-36,-14,51
-37,-15,51
-37,-14,50
-37,-14,51
-36,-14,51
-36,-14,51
-37,-14,51
-36,-14,51
-36,-15,51
-36,-14,51
-36,-14,51
-36,-14,51
-36,-14,51
-36,-15,51
-36,-15,51
-37,-14,51
-37,-14,51
-36,-14,51
-37,-14,51
-36,-15,51
-36,-15,50
-35,-14,51
-34,-15,52
-34,-15,52
-38,-15,50
-35,-15,51
-35,-14,52
-34,-15,52
-35,-15,51
-37,-14,51
-35,-15,51
-35,-15,51
-35,-15,51
-36,-15,51
-35,-15,51
-35,-15,52
-37,-15,51
-38,-15,50
-37,-15,51
-36,-15,51
-36,-15,51
-37,-15,51
-36,-15,51
-36,-15,51
-36,-15,51
-36,-15,51
-36,-15,51
-36,-16,51
-36,-16,51
-36,-15,51
-36,-15,51
-36,-15,51
-36,-16,51
-36,-15,51
-37,-16,51
-36,-16,51
-36,-16,51
-36,-16,51
-36,-16,51
-36,-16,51
-36,-16,51
-36,-16,51
-36,-15,50
-36,-16,51
-36,-16,51
-36,-16,50
-36,-16,51
-35,-16,51
-36,-16,51
-36,-15,51
-36,-15,51
-36,-16,51
-36,-16,51
-36,-16,51
-36,-15,51
-36,-15,50
-36,-15,51
-36,-16,51
-36,-15,51
-36,-15,51
-36,-15,51
-36,-16,51
-36,-15,51
-36,-15,51
-36,-15,51
-36,-15,51
-36,-15,51
-37,-16,51
-38,-15,50
-35,-15,51
-37,-16,51
-37,-16,51
-37,-16,50
-36,-15,50
-35,-15,52
-36,-15,51
-36,-16,51
-37,-16,50
-36,-16,51
-36,-16,50
-36,-16,51
-36,-16,51
-35,-17,51
-35,-17,51
-36,-16,51
-37,-16,51
-36,-16,51
-35,-17,51
-35,-17,51
-35,-17,51
-35,-16,51
-34,-17,52
-34,-17,52
-33,-18,52
-32,-17,52
-35,-17,51
-34,-17,51
-32,-18,52
-33,-18,52
-35,-18,52
-34,-18,52
-32,-17,52
-34,-16,52
-38,-12,51
-37,-14,51
-39,-18,49
-38,-15,50
-36,-15,51
-38,-16,49
-39,-16,48
-38,-17,49
-37,-16,50
-37,-17,50
-35,-18,51
-38,-19,48
-39,-19,48
-38,-18,49
-36,-18,49
-40,-17,47
-42,-18,46
-40,-19,47
-38,-19,48
-37,-19,49
-37,-19,49
-37,-19,48
-37,-19,49
-37,-19,49
-35,-18,50
-35,-18,50
-39,-19,48
-36,-18,50
-35,-18,50
-37,-18,49
-36,-17,50
-35,-18,51
-35,-18,50
-37,-18,49
-37,-18,49
-36,-18,50
-36,-18,50
-37,-18,50
-35,-18,51
-36,-19,49
-37,-19,49
-35,-19,50
-38,-18,49
-38,-19,49
-38,-19,48
-38,-19,49
-36,-20,50
-39,-22,48
-42,-18,55
-55,-23,46
-50,-22,61
-85,-23,44
-63,-3,41
-48,8,27
-31,12,23
-28,5,45
-24,-2,47
-21,-8,56
-29,-10,60
-29,-20,58
-24,-19,63
-26,-17,65
-29,-20,62
-29,-23,58
-26,-21,58
-30,-17,54
-32,-18,56
-31,-17,58
-27,-16,56
-26,-17,55
-23,-19,53
-23,-21,50
-15,-24,52
-13,-32,52
-12,-37,67
-8,-34,68
1,-39,63
0,-37,64
-8,-34,58
-14,-27,57
-14,-24,58
-15,-23,54
-24,-18,54
-43,-16,49
-42,-13,44
-49,-2,41
-57,-2,40
-64,-6,34
-62,-9,37
-52,-16,41
-39,-23,51
-57,-25,51
-28,-13,47
-22,-18,51
-24,-18,58
-24,-15,57
-47,-18,46
-43,-16,49
-31,-16,54
-32,-15,53
-35,-15,52
-34,-14,52
-35,-14,52
-35,-13,52
-33,-13,53
-34,-15,52
-35,-14,52
-35,-14,52
-35,-13,52
-35,-12,52
-35,-12,53
-36,-11,53
-35,-12,52
-35,-13,52
-35,-13,52
-37,-14,51
-36,-14,51
-34,-14,52
-35,-14,52
-34,-14,52
-35,-14,52
-34,-15,52
-35,-14,52
-36,-14,51
-35,-15,52
-34,-15,52
-36,-14,52
-35,-14,52
-36,-14,51
-35,-15,52
-35,-15,52
-35,-14,52
-36,-15,51
-35,-15,51
-35,-15,52
-35,-15,51
-35,-15,51
-34,-15,52
-35,-14,52
-35,-14,52
-35,-15,51
-35,-15,51
-35,-15,52
-34,-14,52
-35,-15,52
-35,-15,52
-36,-14,51
-35,-14,52
-35,-14,52
-35,-14,51
-35,-14,52
-35,-14,52
-36,-14,52
-36,-14,52
-36,-14,51
-36,-14,51
-37,-14,51
-36,-14,51
-36,-14,51
-36,-14,51
-36,-14,51
-36,-14,51
-37,-14,51
-37,-15,50
-37,-15,51
-35,-14,52
-35,-14,51
-37,-16,50
-36,-15,51
-36,-15,51
-36,-15,51
-37,-15,50
-36,-15,51
-36,-15,51
-36,-15,51
-36,-15,51
-36,-15,51
-36,-15,51
-36,-15,51
-36,-15,51
-36,-15,51
-36,-15,51
-36,-15,51
-36,-15,51
-36,-15,51
-36,-15,51
-36,-15,51
-37,-15,50
-37,-15,51
-36,-15,51
-36,-14,51
-36,-14,51
-36,-15,51
-36,-15,51
-36,-15,51
-36,-15,51
-36,-14,51
-36,-14,51
-36,-14,51
-36,-14,51
-37,-14,51
-36,-14,51
-36,-14,51
-37,-14,51
-36,-14,51
-37,-13,51
-35,-14,52
-36,-16,51
-36,-17,50
-38,-18,49
-37,-18,49
-36,-19,49
-37,-19,49
-39,-19,48
-38,-18,49
-36,-19,49
-38,-20,48
-38,-20,48
-37,-21,48
-37,-21,48
-38,-23,47
-37,-23,47
-36,-23,47
-36,-24,47
-34,-25,49
-31,-25,49
-35,-26,47
-35,-25,47
-34,-23,49
-35,-23,48
-38,-23,47
-38,-20,47
-38,-20,48
-36,-20,49
-36,-20,49
-38,-22,47
-39,-23,45
-42,-23,42
-44,-23,40
-45,-20,41
-47,-18,37
-51,-17,33
-56,-18,29
-60,-18,23
-60,-18,21
-60,-19,21
-59,-19,22
-58,-18,23
-59,-16,23
-58,-16,24
-56,-16,26
-59,-16,23
-62,-22,21
-58,-26,23
-60,-28,23
-60,-38,25
-55,-50,21
-99,-60,21
-100,-51,27
-66,-22,6
-40,-7,3
-22,3,-3
-24,-1,-3
-54,-17,11
-69,-33,23
-70,-57,50
-60,-61,63
-12,-51,71
8,-37,57
19,-39,51
12,-47,44
-4,-47,45
-21,-49,45
-22,-53,43
-11,-61,38
-2,-66,36
6,-84,36
1,-88,33
-21,-79,27
-30,-72,26
-45,-60,18
-49,-50,16
-46,-47,16
-42,-46,19
-36,-46,23
-28,-48,28
-22,-50,31
-15,-46,35
-12,-43,37
-18,-43,33
-19,-44,34
-31,-54,32
-31,-57,29
-28,-59,26
-29,-71,23
-30,-78,23
-37,-86,25
-36,-79,25
-25,-60,23
-22,-58,20
-21,-61,17
-22,-67,14
-21,-64,14
-17,-62,13
-15,-61,11
-13,-57,15
-14,-49,15
-19,-47,12
-19,-47,13
-24,-54,11
-26,-62,8
-27,-70,7
-24,-71,10
-13,-75,13
-6,-82,14
-2,-84,28
-6,-72,36
-5,-53,38
2,-49,38
7,-56,38
1,-63,29
2,-64,24
2,-61,16
-1,-58,13
-10,-51,7
-16,-47,6
-27,-44,7
-33,-46,8
-35,-55,10
-33,-56,12
-29,-57,19
-33,-59,22
-55,-71,26
-67,-90,18
-51,-96,16
-2,-83,26
3,-66,29
-9,-60,20
-18,-62,15
-26,-67,9
-26,-67,5
-21,-62,0
-18,-61,-2
-16,-61,1
-19,-61,0
-20,-60,-1
-17,-60,0
-17,-63,0
-14,-68,1
-12,-69,2
-13,-67,7
-13,-67,10
-11,-70,16
-8,-71,21
-6,-62,37
-1,-54,37
12,-50,34
10,-62,28
3,-70,25
-4,-78,17
-4,-74,13
-4,-61,6
-6,-57,3
-14,-47,-2
-20,-45,-5
-32,-51,-7
-36,-56,-8
-41,-61,-6
-47,-59,2
-55,-59,7
-69,-69,12
-67,-78,12
-34,-100,14
-9,-110,18
14,-85,21
12,-73,18
-4,-67,16
-12,-74,15
-23,-73,11
-24,-72,7
-20,-65,0
-15,-64,-1
-11,-65,0
-13,-63,-1
-15,-63,-2
-15,-66,-4
-14,-68,-5
-14,-60,-6
-14,-60,-6
-9,-67,-7
-9,-68,-4
-27,-57,12
-34,-47,20
-25,-42,20
-13,-45,20
13,-62,24
25,-74,25
27,-75,25
31,-72,27
16,-67,16
-24,-60,-3
-41,-56,-8
-46,-58,-1
-43,-57,4
-33,-54,14
-28,-54,17
-27,-63,19
-37,-83,19
-42,-96,20
-16,-112,17
1,-100,17
1,-62,14
-6,-56,9
-25,-60,3
-32,-66,1
-32,-63,-3
-28,-62,-5
-19,-56,-1
-16,-55,0
-15,-55,1
-17,-55,2
-17,-56,2
-14,-62,1
-11,-63,1
-9,-64,4
-9,-66,4
-14,-67,6
-17,-70,8
-26,-67,19
-28,-60,26
-12,-53,28
11,-57,30
16,-66,28
14,-77,20
10,-75,16
-1,-64,10
-8,-58,6
-21,-48,3
-25,-44,3
-30,-42,4
-31,-44,4
-26,-54,7
-25,-59,8
-27,-67,13
-34,-71,17
-59,-85,21
-55,-103,18
-28,-109,19
6,-86,20
5,-71,16
-6,-65,11
-14,-71,12
-24,-77,11
-24,-75,7
-19,-68,-3
-17,-63,-5
-14,-60,-4
-18,-59,-4
-19,-58,-4
-16,-58,-4
-14,-58,-4
-12,-61,-3
-11,-61,-2
-7,-61,0
-7,-60,2
-13,-65,6
-17,-64,10
-24,-58,21
-23,-57,22
-4,-63,20
8,-81,33
18,-98,45
-28,-92,26
-52,-77,8
-47,-48,1
-40,-41,4
-32,-32,4
-34,-33,4
-26,-36,14
-28,-40,16
-39,-47,30
-46,-45,35
-66,-47,27
-55,-53,42
-66,-61,40
-84,-60,-12
-61,-55,-11
-24,-45,-8
-18,-42,-8
-46,-40,-20
-50,-43,-20
-29,-39,-9
-12,-39,-2
-10,-45,4
-16,-47,3
-2,-53,13
-21,-66,3
-34,-72,-4
-40,-69,-22
-43,-66,-27
-42,-59,-32
-34,-59,-33
-24,-62,-28
-33,-68,-30
-56,-73,-28
-58,-66,-23
-34,-54,-12
-21,-54,-6
-7,-54,-12
2,-53,-20
0,-49,-22
-11,-46,-24
-12,-42,-23
-34,-41,-32
-42,-35,-34
-50,-30,-36
-55,-31,-36
-57,-26,-42
-48,-25,-47
-52,-21,-57
-53,-20,-61
-46,-27,-50
-37,-31,-49
-42,-38,-56
-33,-36,-80
-26,-36,-69
-16,-37,-40
-16,-37,-41
-9,-34,-44
-7,-33,-37
-12,-32,-40
-15,-33,-40
-23,-31,-46
-28,-31,-45
-29,-32,-37
-22,-36,-36
-22,-36,-40
-17,-38,-50
-15,-41,-51
-20,-47,-52
-23,-49,-55
-27,-50,-58
-29,-52,-63
-34,-54,-61
-38,-50,-52
-31,-43,-34
-15,-51,-23
-3,-57,-18
5,-57,-23
5,-54,-28
-18,-45,-37
-33,-39,-40
-49,-28,-42
-54,-26,-42
-57,-22,-39
-55,-23,-35
-48,-25,-21
-47,-26,-11
-50,-36,15
-69,-38,-4
-63,-37,-9
-69,-49,-1
-82,-49,-13
-66,-55,-22
-59,-55,-9
-35,-38,-14
-10,-34,-17
-6,-27,-7
-12,-40,-10
-29,-59,-19
-38,-68,-21
-53,-59,-20
-30,-55,10
-21,-69,15
0,-73,22
15,-71,31
19,-74,32
20,-75,17
-7,-76,-13
-17,-78,-18
-23,-76,-18
-25,-73,-24
-33,-78,-39
-40,-71,-34
-25,-45,-30
-7,-52,-23
-11,-57,-23
2,-52,-18
5,-55,-28
-5,-52,-39
-14,-51,-44
-21,-62,-37
-26,-56,-39
-18,-53,-41
-16,-39,-44
-10,-10,-45
37,-12,20
35,-34,57
-107,-69,30
-128,-107,34
-87,-51,11
-55,-100,17
-4,-128,-19
10,-128,-21
29,-106,-26
21,-108,-2
33,-100,6
-8,-94,-11
-27,-91,-16
-30,-74,-10
-27,-67,-7
-20,-60,-8
-20,-56,-10
-23,-50,-15
-26,-48,-15
-32,-48,-17
-25,-45,-13
-16,-42,-1
-15,-43,6
-17,-47,14
-21,-50,23
-9,-64,35
38,-65,41
49,-75,41
36,-102,31
25,-99,24
6,-87,11
-2,-82,7
-23,-71,1
-26,-65,3
-28,-60,5
-29,-56,5
-35,-57,3
-41,-57,3
-47,-58,4
-41,-57,7
-36,-60,9
-35,-72,11
-37,-82,12
-39,-99,15
-26,-94,15
-7,-71,15
-10,-71,12
-19,-81,4
-21,-88,3
-15,-86,7
-20,-76,0
-26,-70,-4
-30,-63,-8
-33,-59,-7
-41,-56,-12
-41,-57,-15
-43,-58,-10
-42,-61,-11
-45,-59,-11
-42,-55,-6
-39,-47,5
-33,-41,9
-42,-32,25
-53,-30,46
-52,-33,51
-41,-33,62
-36,-31,63
-36,-29,55
-45,-28,52
-65,-25,41
-68,-24,33
-59,-13,32
-52,-9,32
-56,0,28
-57,7,31
-58,21,33
-59,27,33
-58,28,26
-54,34,40
-54,34,36
-52,33,18
-51,32,14
-45,28,13
-42,25,10
-39,21,19
-40,19,23
-36,16,32
-37,15,35
-48,19,32
-47,29,34
-39,35,37
-33,43,33
-36,48,32
-34,50,41
-28,47,47
-14,45,46
-12,46,42
-12,49,41
-11,49,39
-19,51,52
-15,55,47
-18,52,31
-27,48,22
-32,47,19
-28,48,25
-24,48,31
-24,44,37
-25,46,40
-19,52,49
-27,52,47
-35,50,38
-26,52,30
-25,48,24
-21,51,18
-28,57,16
-21,54,35
-12,50,42
6,48,48
6,47,47
11,44,45
9,42,43
2,41,42
-1,39,46
-12,41,47
-12,48,46
-7,49,45
-7,45,46
-8,43,38
0,44,25
-2,48,34
-26,46,59
-18,49,51
-25,47,30
-20,45,38
-18,51,43
-18,50,44
-13,46,45
-16,46,43
-10,43,33
5,45,34
1,42,37
-4,44,57
-16,47,51
-29,50,37
-33,51,32
-38,52,28
-36,51,29
-31,49,29
-25,48,35
-27,44,37
-34,43,38
-23,45,43
-23,47,39
-23,45,39
-22,46,39
-22,45,39
-23,45,39
-21,45,39
-21,45,41
-21,44,42
-21,45,44
-17,46,41
-11,45,38
-6,46,39
-6,46,37
-18,37,43
-20,37,50
-29,48,45
-33,51,35
-32,47,25
-36,39,26
-39,37,40
-29,40,39
-29,39,47
-26,39,51
-24,42,46
-25,41,42
-28,38,29
-29,41,24
-35,42,33
-24,47,42
-23,48,41
-21,51,42
-17,50,43
-20,46,43
-21,46,45
-21,45,40
-24,43,38
-27,43,41
-28,43,46
-24,42,48
-16,45,46
-12,46,45
-19,43,45
-22,42,43
-21,40,39
-18,39,38
-25,41,36
-24,44,35
-16,48,45
-8,49,46
-8,49,43
-4,48,46
-5,47,45
-3,46,43
-5,44,41
-10,41,48
-17,43,46
-21,42,52
-20,40,57
-11,42,53
-5,43,48
-7,43,42
-6,44,43
-2,44,45
-24,41,30
-20,38,45
-8,46,49
-12,45,43
-20,49,37
-17,50,33
-27,38,44
-22,37,54
-20,46,51
-21,48,46
-20,48,43
-17,48,46
-16,47,42
-15,44,40
-13,44,38
-6,45,20
-4,45,23
-15,45,40
-19,40,61
-27,48,47
-17,47,42
-19,39,50
-17,39,50
-3,45,47
-2,43,45
0,44,36
5,36,36
-6,40,44
-29,48,46
-29,54,40
-32,52,29
-32,50,31
-34,50,33
-35,48,29
-25,43,41
-24,44,44
-31,44,47
-29,46,41
-27,46,41
-33,43,35
-32,44,36
-23,44,33
-21,48,32
-28,51,27
-26,47,35
-22,49,37
-26,49,35
-19,50,36
-15,47,38
-31,40,50
-28,42,43
-18,43,44
-10,40,44
-12,39,40
-19,41,32
-17,43,30
-23,39,36
-31,46,36
-24,60,33
-22,60,30
-38,53,31
-32,54,40
-15,48,48
-23,44,47
-25,45,45
-16,49,44
-11,49,44
-14,50,35
-25,49,31
-29,49,39
-33,50,40
-28,50,33
-30,46,27
-24,44,25
-26,35,31
-28,37,42
-38,45,39
-26,47,42
-16,47,49
-17,47,45
-17,43,39
-15,42,41
-13,43,42
-18,41,37
-11,44,35
-10,46,38
-22,45,32
-21,44,43
-15,50,46
-7,48,49
-10,45,49
-22,41,47
-23,41,48
-16,40,48
-7,41,49
-4,42,47
-8,42,45
-9,42,38
-9,41,39
-12,36,38
-6,36,46
-20,42,52
-28,46,39
-32,48,33
-37,46,38
-31,45,44
-27,45,55
-33,47,55
-33,48,49
-27,51,42
-17,42,42
-21,39,48
-38,30,52
-33,32,40
-31,46,23
-27,54,27
-20,58,30
-9,61,27
-8,62,27
7,61,35
6,60,36
4,57,40
9,55,41
9,49,47
10,46,48
9,40,45
6,40,49
4,41,42
6,40,34
5,39,35
4,40,36
-17,32,48
-3,46,45
2,48,36
-8,50,39
-4,57,40
4,56,40
5,55,37
4,54,35
7,50,40
8,49,41
8,48,43
6,47,41
3,46,43
4,46,43
2,47,41
3,48,42
3,48,41
1,48,42
-1,47,41
-2,47,41
-1,47,40
7,48,43
11,48,44
13,50,43
9,49,42
5,49,42
5,49,42
4,47,42
2,47,41
4,48,42
6,47,41
5,47,41
6,48,41
8,48,42
7,49,42
6,48,42
6,48,43
6,48,45
5,47,44
4,46,42
5,47,42
4,47,42
5,48,41
5,48,40
5,49,41
5,48,42
5,48,42
4,47,41
4,48,42
5,48,40
5,49,40
9,51,39
15,53,38
-10,35,53
-25,29,55
8,44,40
23,42,37
-1,43,34
4,48,39
1,52,41
2,60,36
-2,59,29
-13,56,35
-14,57,36
-12,53,34
-11,51,34
-9,52,32
-10,52,33
-6,51,32
-5,51,34
3,55,41
8,55,41
4,54,40
-8,53,40
-13,54,43
-15,44,47
-19,37,55
-3,49,37
2,49,20
-19,39,24
-7,47,22
-5,42,23
-2,42,25
7,47,31
10,48,37
8,48,43
3,51,49
6,51,53
1,50,59
-1,51,60
-2,49,63
1,47,61
5,41,60
8,39,59
17,33,57
17,30,56
15,29,49
15,24,54
-5,21,60
4,26,53
27,25,47
13,18,60
13,23,56
24,22,60
31,25,56
22,39,47
8,43,42
-16,50,33
-36,57,28
-45,59,26
-50,55,21
-54,50,24
-49,53,28
-41,51,26
-25,44,25
-25,45,26
-15,42,36
-26,40,43
-30,46,35
-16,51,43
-19,47,39
-28,45,32
-20,46,35
-17,49,34
-16,49,40
-32,47,42
-25,50,43
-7,45,42
-15,44,44
-16,48,42
-13,48,40
-12,47,37
-10,46,34
-8,45,37
-12,37,39
-32,42,42
-27,58,32
-23,60,33
-35,55,33
-29,56,32
-17,51,36
-18,49,38
-29,43,33
-31,43,33
-31,43,31
-42,43,28
-44,48,31
-42,61,26
-41,64,22
-21,66,24
-12,62,26
-2,53,30
1,51,37
-1,51,41
-2,51,41
-5,51,40
-3,52,38
-9,52,38
-12,53,39
-9,51,35
-7,49,36
-6,50,36
-1,48,36
1,47,36
5,47,36
6,45,36
5,43,37
1,43,39
2,47,41
3,48,39
0,49,38
-2,49,41
0,52,40
-1,52,38
0,52,38
0,51,38
-1,50,38
1,51,39
2,51,38
5,51,36
-5,46,42
-6,47,43
4,47,37
4,41,42
6,41,39
4,40,42
3,46,37
2,49,34
-4,52,26
-8,55,25
-15,60,17
-19,61,18
-17,58,24
-16,58,31
-12,59,37
-10,60,38
-16,58,35
-21,59,30
-32,58,29
-41,55,24
-44,51,22
-49,48,23
-46,47,25
-34,48,27
-35,47,29
-26,48,27
-19,48,26
-26,46,45
-38,44,48
-30,44,52
-20,46,46
-22,47,40
-16,57,16
-14,54,20
-21,63,41
-14,65,43
-12,62,28
-11,62,29
1,53,27
-1,46,27
-8,44,32
1,48,30
2,39,29
-18,38,38
-11,45,32
-10,48,39
-9,57,38
-9,60,33
-7,59,32
-8,55,35
-7,54,36
-6,52,37
-6,51,39
-7,54,39
-7,53,39
-17,28,61
-4,38,41
-5,31,50
-6,27,40
-7,22,34
-8,21,27
-4,22,31
0,25,39
6,21,45
21,19,47
22,19,43
20,12,59
17,6,66
-13,-5,66
-21,-8,79
-19,-1,85
-18,1,85
-20,1,85
-28,5,80
-31,7,79
-42,2,68
-36,5,76
-37,4,66
-40,9,52
-29,6,56
-39,2,31
-34,-3,40
-53,-15,49
-63,-9,54
-62,-4,50
-55,-1,50
-43,0,49
-46,-2,45
-43,-9,52
-38,-8,56
-45,-12,49
-46,-15,49
-35,-16,52
-28,-16,45
-26,-17,42
-18,-20,40
-15,-23,37
-4,-26,37
-6,-30,41
-16,-52,45
-4,-55,42
10,-73,39
4,-89,34
-6,-104,22
-9,-103,16
-18,-93,5
-31,-88,-1
-37,-84,-4
-34,-69,-6
-28,-62,-3
-21,-53,3
-21,-48,5
-25,-40,8
-27,-38,8
-29,-43,13
-27,-46,14
-24,-49,19
-24,-55,24
-28,-74,34
-21,-83,39
-14,-79,41
-15,-87,38
-23,-102,37
-23,-115,30
-16,-94,27
-13,-64,19
-13,-64,13
-15,-75,6
-16,-77,2
-20,-73,-1
-19,-70,-2
-15,-67,-3
-12,-59,0
-13,-58,-1
-17,-50,-1
-17,-49,0
-16,-52,-1
-14,-55,0
-13,-55,4
-14,-57,8
-9,-61,13
-5,-63,16
0,-66,30
2,-69,50
12,-69,55
32,-65,51
30,-74,39
13,-79,14
2,-82,8
-17,-82,5
-23,-73,5
-28,-51,1
-29,-44,1
-38,-37,5
-42,-39,7
-35,-42,14
-25,-47,26
-24,-48,33
-26,-52,45
-22,-50,50
-33,-53,49
-42,-60,46
-62,-91,52
-66,-102,51
-47,-77,48
-46,-62,52
-42,-56,51
-46,-64,43
-62,-64,30
-67,-59,6
-62,-55,1
-36,-43,9
-24,-37,12
-23,-31,6
-19,-24,12
-9,-20,28
-21,-21,22
-32,-17,15
-35,-13,20
-42,-5,34
-20,-35,55
-69,-11,43
-71,-9,44
-116,-7,22
-71,4,30
-63,-2,16
-59,0,12
-61,4,16
-56,-16,22
-58,-8,22
-46,-23,18
-48,-17,-2
-58,-28,22
-67,-17,21
-71,-18,22
-70,-4,29
-70,0,32
-60,6,29
-58,12,28
-62,17,27
-62,20,29
-59,16,21
-60,17,19
-55,21,24
-58,19,20
-58,17,7
-44,16,5
-41,20,9
-50,22,17
-54,19,10
-61,23,15
-62,22,18
-75,22,2
-72,25,1
-74,21,2
-71,13,6
-68,1,3
-64,0,-19
-63,-3,-29
-52,-7,-38
-57,-10,-44
-54,-9,-39
-48,-8,-32
-53,-10,-36
-58,-11,-39
-54,-10,-33
-53,-9,-33
-55,-11,-36
-56,-11,-36
-57,-15,-40
-54,-16,-37
-50,-17,-35
-52,-19,-36
-50,-21,-37
-54,-18,-34
-54,-17,-31
-54,-15,-29
-56,-13,-27
-57,-14,-29
-57,-15,-28
-57,-17,-27
-56,-17,-28
-56,-18,-29
-57,-16,-29
-58,-16,-27
-57,-17,-27
-56,-15,-26
-61,-13,-27
-62,-13,-27
-61,-13,-26
-60,-12,-23
-61,-13,-23
-58,-11,-21
-58,-11,-23
-60,-10,-26
-64,-6,-26
-67,-4,-20
-63,-8,-12
-60,-15,-22
-60,-15,-20
-57,-19,-15
-58,-20,-14
-60,-19,-19
-58,-20,-20
-60,-21,-10
-61,-21,-11
-60,-21,-13
-59,-20,-12
-59,-19,-10
-61,-19,-9
-62,-19,-9
-60,-19,-11
-59,-19,-10
-61,-18,-10
-62,-17,-8
-61,-18,-11
-60,-18,-12
-62,-19,-10
-63,-18,-11
-60,-17,-12
-61,-17,-10
-63,-18,-11
-62,-19,-13
-61,-19,-12
-61,-19,-11
-61,-20,-10
-61,-21,-11
-61,-21,-11
-59,-21,-13
-59,-21,-13
-59,-21,-12
-61,-22,-12
-61,-21,-13
-61,-21,-13
-60,-20,-12
-60,-19,-11
-61,-19,-11
-60,-18,-12
-62,-17,-10
-63,-17,-11
-61,-17,-10
-61,-15,-9
-64,-14,-9
-66,-13,-7
-64,-11,-7
-69,-9,-11
-73,-9,-13
-68,-6,-9
-70,-6,-4
-70,-9,-6
-61,-6,-3
-66,-4,4
-74,-4,0
-78,-3,-1
-75,-3,-1
-81,-5,-3
-73,-8,2
-50,2,7
-52,4,-10
-39,1,-1
-34,7,20
-52,6,11
-58,6,7
-59,-6,26
-58,-17,26
-86,-20,17
-61,-28,33
-73,-10,-3
-76,12,-1
-67,1,-4
-73,2,-1
-68,4,6
-64,6,1
-66,8,0
-66,10,3
-65,10,0
-66,11,-2
-68,10,-3
-69,7,-6
-69,4,-3
-64,2,4
-62,1,5
-59,0,7
-60,0,6
-61,1,4
-64,0,3
-65,-1,1
-66,-1,2
-65,0,1
-65,0,1
-67,0,3
-63,0,0
-62,1,1
-65,2,2
-65,-1,-1
-66,1,-3
-66,0,-5
-68,5,-6
-69,2,-5
-68,3,-6
-68,2,-5
-66,2,-5
-65,1,-5
-65,0,-4
-64,-1,-5
-64,-1,-5
-63,-2,-4
-63,-2,-5
-64,-2,-5
-65,-2,-5
-65,-2,-5
-65,-3,-5
-65,-3,-5
-64,-3,-5
-65,-3,-5
-66,-3,-5
-66,-3,-5
-67,-5,-5
-67,-5,-4
-68,-8,-3
-67,-8,-1
-63,-10,1
-58,-11,4
-58,-11,4
-59,-11,3
-61,-10,2
-66,-7,0
-68,-7,0
-67,-5,0
-65,-3,-1
-66,-2,-2
-66,0,-2
-63,1,-1
-61,2,-1
-63,5,1
-69,6,0
-73,5,-1
-74,4,2
-71,4,4
-67,4,4
-66,4,5
-57,3,5
-60,3,3
-63,0,6
-61,1,4
-62,-6,2
-64,-8,2
-60,-10,3
-62,-13,1
-62,-16,-1
-52,-20,3
-45,-24,3
-33,-37,5
-33,-42,6
-33,-50,2
-33,-55,1
-35,-69,1
-35,-78,2
-31,-99,0
-31,-100,2
-33,-89,2
-41,-78,-2
-35,-74,2
-40,-64,0
-37,-59,1
-38,-52,2
-40,-51,2
-46,-50,2
-49,-51,3
-64,-58,6
-90,-72,9
-86,-79,14
-69,-73,19
-41,-55,19
-42,-64,11
-40,-73,9
-33,-80,6
-29,-89,5
-22,-89,3
-16,-81,3
-11,-68,6
-13,-66,7
-23,-62,5
-25,-60,3
-24,-60,2
-27,-61,1
-25,-55,0
-29,-47,-2
-31,-44,-5
-39,-39,-8
-47,-37,-5
-71,-38,0
-80,-36,5
-85,-31,6
-89,-30,3
-78,-31,-2
-77,-33,-5
-70,-28,-6
-62,-26,-6
-55,-17,-5
-54,-13,-8
-52,-12,-6
-53,-8,4
-49,-10,8
-56,-13,11
-39,-19,28
-46,-5,33
-63,-5,11
-76,3,-3
-84,9,1
-113,-4,-5
-79,-16,3
-77,-9,6
-63,-3,17
-67,-6,15
-73,-9,13
-74,-10,15
-66,-7,23
-63,-3,23
-68,2,22
-50,5,34
-38,10,49
-37,10,51
-35,6,64
-25,0,67
-23,2,68
-34,5,61
-31,6,58
-24,13,48
-22,18,47
-22,20,39
-20,19,40
-13,9,49
-18,1,51
-11,-2,53
-11,-6,51
-12,-4,56
3,2,58
5,3,54
-42,-11,55
-13,9,68
6,1,71
-20,-5,60
-13,32,67
0,42,72
-13,52,57
-21,53,50
-28,54,39
-33,52,34
-40,45,34
-38,41,34
-34,39,34
-22,41,38
-21,41,39
-19,41,39
-15,42,38
-9,48,41
-9,49,40
-12,45,43
-11,36,36
-26,9,54
3,29,30
-14,25,29
-13,33,21
-14,35,19
-17,49,23
-10,52,26
-16,54,22
-26,57,31
-41,53,46
-40,50,55
-37,48,64
-40,45,68
-29,47,67
-32,42,42
-35,40,39
-33,38,47
-27,37,49
-33,36,44
-38,35,43
-37,37,39
-28,43,31
-32,34,35
-41,35,31
-85,39,0
-108,43,3
-48,63,3
-24,58,-17
-11,56,-17
1,43,-7
-4,37,0
-31,26,11
-43,25,22
-54,17,50
-52,15,59
-48,10,68
-33,12,68
-41,14,66
-56,8,65
-49,6,61
-35,5,56
-34,3,52
-45,2,41
-48,6,41
-52,6,36
-56,5,30
-46,3,31
-38,4,31
-16,1,30
-9,-7,29
-18,-31,31
-23,-41,33
-34,-59,27
-21,-71,30
-15,-81,29
0,-110,16
3,-116,14
1,-97,10
-5,-86,9
-20,-71,6
-25,-66,5
-29,-59,4
-30,-58,4
-27,-48,8
-26,-45,13
-27,-46,13
-34,-54,14
-38,-62,15
-49,-83,20
-51,-103,18
-21,-113,13
-2,-89,15
2,-67,14
0,-69,10
-5,-70,7
-11,-74,9
-22,-73,8
-18,-67,0
-14,-62,-1
-12,-57,-2
-14,-56,-1
-20,-55,-3
-22,-54,-5
-20,-56,-7
-17,-57,-6
-14,-58,-2
-13,-60,1
-16,-61,9
-16,-62,11
-17,-65,22
-19,-61,49
-4,-59,51
29,-57,48
33,-64,42
18,-80,23
8,-82,17
-9,-74,9
-14,-65,7
-19,-50,3
-23,-46,1
-31,-42,1
-34,-45,0
-36,-51,2
-32,-56,7
-31,-58,10
-37,-61,21
-42,-63,23
-54,-68,24
-60,-79,15
-56,-109,8
-33,-113,8
-2,-78,14
-1,-73,13
-7,-80,11
-10,-80,11
-15,-86,5
-15,-76,-1
-13,-72,-3
-11,-62,-3
-11,-61,-2
-14,-58,-2
-16,-61,-3
-14,-58,-2
-12,-58,-2
-9,-55,3
-8,-57,3
-5,-58,5
-10,-58,11
-16,-56,17
-27,-52,32
-23,-56,31
4,-65,29
17,-71,30
24,-86,22
20,-88,18
9,-80,14
2,-73,12
-13,-61,7
-20,-55,6
-34,-49,8
-39,-51,6
-33,-49,7
-23,-47,10
-23,-47,12
-27,-49,14
-34,-54,15
-59,-73,15
-71,-89,16
-55,-98,9
-28,-91,8
-1,-70,7
-3,-75,4
-6,-84,7
-10,-81,15
-11,-71,13
-12,-58,6
-12,-55,4
-12,-54,2
-13,-52,2
-14,-54,1
-12,-57,0
-13,-64,2
-9,-66,5
-8,-64,8
-9,-64,7
-12,-71,6
-21,-68,11
-28,-62,16
-17,-56,21
-5,-57,27
7,-61,34
3,-64,33
-10,-71,23
-9,-71,22
-5,-60,17
-5,-56,13
-16,-50,3
-29,-48,2
-35,-51,2
-35,-57,0
-33,-59,1
-28,-65,6
-27,-66,11
-35,-65,22
-44,-69,24
-63,-95,23
-53,-113,18
-1,-88,19
4,-74,16
-6,-78,9
-14,-81,9
-15,-82,8
-13,-73,7
-13,-69,4
-12,-60,0
-13,-58,-1
-15,-59,-2
-17,-60,-2
-15,-61,-3
-13,-61,-3
-10,-61,0
-9,-61,1
-8,-61,3
-10,-64,6
-13,-65,9
-24,-61,29
-24,-57,36
5,-53,36
22,-56,38
29,-73,27
21,-80,19
4,-82,6
-4,-79,3
-17,-61,-1
-22,-54,-3
-31,-48,-3
-38,-46,-2
-38,-46,-1
-32,-52,5
-30,-55,8
-32,-62,16
-37,-66,20
-51,-73,24
-59,-84,19
-47,-106,12
-25,-102,13
-7,-70,14
-9,-67,10
-13,-81,9
-13,-74,10
-13,-78,8
-13,-68,5
-12,-63,2
-12,-57,0
-14,-56,1
-16,-57,1
-15,-58,2
-14,-65,1
-11,-67,3
-2,-65,6
1,-63,7
0,-62,8
-10,-61,9
-19,-60,15
-30,-55,31
-23,-51,29
1,-50,26
10,-60,26
12,-76,21
8,-79,17
0,-73,10
-6,-68,6
-18,-58,2
-22,-53,2
-33,-47,3
-37,-49,8
-34,-52,11
-29,-55,18
-29,-59,24
-33,-65,28
-37,-67,30
-48,-75,33
-54,-85,35
-41,-100,32
-25,-90,33
-17,-68,24
-24,-69,13
-28,-66,14
-22,-75,8
-18,-73,8
-12,-63,6
-13,-58,4
-16,-58,2
-16,-57,1
-17,-55,-1
-17,-55,-2
-16,-61,-1
-14,-60,0
-12,-58,4
-8,-62,7
-6,-63,9
-9,-64,18
-16,-63,26
-18,-56,34
-12,-55,34
8,-63,35
13,-70,32
13,-82,19
10,-82,14
-1,-75,10
-7,-67,8
-19,-53,4
-30,-46,3
-35,-46,4
-35,-48,6
-30,-50,8
-22,-55,14
-19,-58,17
-21,-63,23
-25,-63,25
-39,-74,25
-49,-87,24
-33,-108,15
-10,-97,16
0,-66,18
-10,-68,10
-13,-73,8
-17,-73,8
-17,-72,4
-16,-62,2
-14,-59,1
-14,-54,0
-16,-55,-1
-18,-54,-3
-17,-54,-3
-13,-59,-2
-12,-62,-1
-10,-65,1
-9,-67,5
-8,-66,8
-10,-72,13
-14,-72,21
-20,-64,36
-14,-58,36
13,-59,34
22,-66,32
20,-77,18
15,-78,13
2,-76,6
-10,-60,1
-14,-53,-2
-23,-43,-6
-28,-43,-6
-35,-48,-7
-36,-49,-7
-31,-53,-3
-32,-54,1
-40,-57,10
-47,-62,13
-57,-78,12
-54,-92,11
-7,-110,14
14,-86,17
9,-77,15
-6,-80,13
-13,-87,12
-18,-80,8
-18,-73,3
-16,-60,0
-14,-60,0
-13,-57,0
-13,-55,-1
-15,-54,-2
-14,-57,-1
-11,-62,-3
-8,-60,-2
-7,-61,-2
-8,-60,-2
-11,-62,-2
-25,-62,9
-33,-57,20
-30,-49,29
-14,-48,29
17,-62,33
24,-73,32
17,-87,21
10,-85,17
-5,-69,10
-19,-55,6
-24,-50,4
-31,-44,6
-31,-44,7
-22,-46,9
-20,-50,10
-20,-56,13
-23,-60,15
-31,-65,19
-38,-68,20
-63,-87,18
-64,-105,14
-12,-95,13
2,-69,15
-2,-69,12
-11,-77,9
-15,-76,9
-17,-69,6
-18,-64,3
-16,-57,-1
-15,-55,-1
-16,-54,-2
-18,-53,-2
-18,-55,-3
-15,-60,-3
-13,-63,-3
-9,-63,1
-8,-64,4
-7,-62,8
-9,-63,10
-17,-65,20
-21,-64,29
-16,-59,36
-4,-56,34
18,-64,32
19,-72,27
8,-82,16
-3,-78,9
-8,-69,7
-15,-54,3
-18,-48,1
-26,-42,1
-29,-42,1
-29,-46,1
-25,-48,2
-23,-51,8
-24,-54,10
-31,-65,17
-40,-70,21
-56,-88,22
-27,-114,14
5,-103,16
15,-72,18
9,-67,15
-8,-74,13
-15,-74,10
-26,-67,6
-27,-63,1
-23,-58,-3
-19,-55,-2
-18,-53,-2
-21,-53,-2
-20,-60,-4
-15,-58,-5
-12,-57,-5
-9,-59,-3
-9,-59,-3
-12,-55,-1
-17,-55,2
-24,-58,11
-25,-62,14
-22,-73,24
-13,-74,31
14,-67,41
25,-61,43
17,-67,31
-7,-79,18
-18,-85,15
-23,-85,12
-20,-74,12
-19,-56,13
-21,-51,10
-30,-45,6
-35,-43,5
-46,-44,6
-48,-44,6
-53,-37,12
-58,-32,19
-65,-30,21
-76,-31,22
-79,-31,25
-72,-26,29
-74,-25,30
-76,-25,28
-75,-23,25
-61,-17,20
-55,-16,16
-49,-13,12
-48,-12,12
-46,-8,10
-48,-3,10
-51,-2,10
-52,-1,12
-55,0,15
-62,0,19
-64,0,20
-62,2,25
-65,2,26
-66,2,30
-65,2,32
-68,1,36
-66,1,37
-56,3,39
-42,3,40
-46,4,35
-71,3,24
-55,3,28
-28,2,37
-41,0,30
-69,-8,12
-49,-11,19
-38,-17,30
-41,-21,32
-66,-25,18
-55,-26,24
-50,-30,32
-55,-29,35
-55,-25,36
-60,-21,25
-59,-21,23
-57,-17,27
-61,-14,24
-63,-15,18
-58,-13,26
-52,-14,27
-60,-11,18
-63,-10,22
-63,-11,19
-56,-13,21
-63,-8,26
-58,-8,31
-65,-7,25
-62,-2,25
-59,-2,26
-60,-2,27
-59,-3,25
-58,-4,25
-62,-2,26
-60,-1,28
-59,-2,27
-60,-2,25
-60,-1,25
-60,-2,25
-59,-2,26
-59,-2,26
-60,-2,25
-62,-3,26
-60,-4,26
-59,-8,21
-64,-11,27
-59,-14,28
-57,-18,25
-62,-24,23
-69,-23,17
-60,-24,15
-56,-25,12
-54,-24,8
-58,-24,4
-62,-22,3
-53,-12,-1
-55,-11,-9
-61,-9,4
-60,-7,12
-55,-4,10
-63,-3,7
-74,1,5
-67,1,6
-66,1,8
-76,-1,9
-66,-1,12
-59,-3,18
-60,2,19
-60,10,15
-59,9,19
-64,18,21
-82,21,14
-63,19,19
-66,16,20
-65,8,26
-56,5,31
-55,-10,26
-54,-22,39
-53,-24,37
-35,-22,52
-34,-25,50
-29,-18,50
-28,-16,48
-31,-27,44
-23,-29,67
-70,-27,43
-49,-18,37
-43,-20,46
-40,-20,47
-43,-22,44
-43,-23,42
-39,-24,42
-44,-25,41
-45,-24,40
-38,-23,47
-38,-22,48
-37,-21,49
-35,-21,49
-40,-21,46
-40,-21,46
-39,-22,46
-38,-22,47
-37,-22,47
-36,-21,48
-35,-21,48
-39,-21,47
-36,-21,48
-38,-21,47
-38,-19,48
-40,-20,47
-39,-20,47
-38,-18,48
-38,-18,48
-39,-19,48
-38,-18,48
-38,-19,48
-39,-19,48
-39,-18,47
-38,-18,48
-39,-18,47
-40,-18,47
-39,-19,47
-39,-18,48
-38,-17,50
-40,-17,47
-40,-18,47
-40,-19,47
-40,-18,47
-40,-18,47
-39,-18,47
-40,-17,48
-40,-17,47
-40,-18,47
-40,-18,47
-41,-17,47
-40,-18,47
-40,-18,47
-40,-17,48
-39,-17,47
-40,-17,47
-39,-18,48
-40,-18,47
-40,-17,47
-40,-18,47
-40,-18,47
-39,-17,48
-40,-17,47
-40,-17,47
-39,-17,48
-40,-18,47
-40,-17,47
-40,-17,48
-39,-17,48
-37,-17,49
-38,-17,49
-36,-17,50
-36,-17,50
-38,-17,49
-38,-17,48
-37,-17,50
-36,-16,50
-37,-17,50
-37,-17,50
-38,-16,50
-37,-16,50
-37,-16,49
-37,-16,50
-39,-16,49
-36,-16,50
-36,-16,51
-37,-16,50
-35,-16,51
-36,-17,50
-37,-17,49
-35,-16,51
-35,-16,51
-37,-16,49
-37,-16,50
-37,-16,50
-36,-16,50
-36,-16,50
-37,-16,50
-37,-15,50
-37,-15,51
-36,-15,51
-35,-15,51
-36,-15,51
-36,-15,51
-36,-14,51
-35,-13,52
-36,-13,52
-36,-13,51
-36,-13,51
-36,-13,51
-36,-13,52
-36,-13,51
-36,-13,51
-36,-13,52
-36,-12,52
-37,-12,51
-37,-12,51
-35,-12,52
-36,-12,52
-37,-12,51
-37,-12,51
-35,-11,52
-36,-11,52
-37,-12,51
-38,-12,51
-35,-11,52
-36,-11,52
-37,-12,51
-36,-12,52
-37,-12,51
-36,-12,52
-36,-12,52
-36,-12,52
-36,-11,51
-36,-12,52
-36,-12,51
-36,-12,51
-36,-12,52
-36,-12,52
-36,-12,52
-35,-11,52
-35,-11,52
-36,-11,52
-37,-11,51
-37,-11,51
-36,-11,52
-36,-10,52
-37,-10,51
-37,-10,51
-36,-10,52
-36,-10,52
-37,-10,52
-37,-10,51
-37,-11,51
-37,-11,51
-37,-11,52
-37,-11,52
-37,-11,51
-36,-10,52
-38,-10,52
-37,-10,51
-37,-10,52
-37,-10,51
-37,-9,51
-37,-10,52
-37,-10,51
-37,-10,51
-37,-9,52
-37,-9,51
-37,-9,51
-37,-9,51
-37,-9,51
-37,-9,51
-37,-9,51
-38,-10,51
-37,-9,51
-37,-9,51
-37,-10,51
-37,-10,52
-38,-10,51
-37,-10,51
-37,-10,51
-37,-10,51
-37,-10,51
-38,-10,51
-38,-10,51
-37,-11,51
-37,-10,51
-37,-10,51
-38,-10,51
-37,-10,51
-37,-10,51
-37,-10,51
-38,-9,51
-39,-10,51
-37,-10,51
-37,-11,51
-37,-11,51
-38,-11,51
-38,-12,50
-38,-11,50
-37,-12,51
-37,-12,51
-38,-12,51
-37,-13,51
-37,-12,51
-39,-13,50
-37,-13,51
-37,-13,51
-37,-12,51
-41,-13,48
-37,-13,51
-37,-14,51
-37,-14,50
-38,-13,51
-38,-13,50
-38,-13,50
-38,-14,50
-37,-14,50
-39,-13,50
-40,-13,48
-36,-14,51
-36,-14,51
-38,-14,51
-40,-14,49
-36,-9,51
-38,-9,50
-42,-9,48
-41,-9,49
-33,-11,54
-32,-13,53
-33,-15,52
-38,-14,50
-39,-14,49
-36,-16,52
-35,-15,51
-35,-14,52
-37,-14,51
-36,-14,51
-36,-14,51
-35,-14,52
-36,-14,51
-36,-14,52
-36,-13,51
-36,-14,51
-36,-14,51
-37,-14,51
-35,-13,52
-36,-14,51
-38,-13,50
-37,-13,51
-35,-13,52
-35,-13,52
-34,-14,51
-36,-16,50
-36,-15,51
-36,-15,51
-36,-16,51
-35,-17,51
-34,-17,51
-34,-17,52
-34,-17,52
-32,-17,52
-34,-17,52
-34,-16,52
-33,-17,52
-32,-18,52
-34,-16,52
-33,-16,52
-34,-16,52
-35,-16,52
-34,-16,51
-34,-16,52
-35,-17,52
-34,-17,52
-34,-17,52
-34,-17,52
-34,-17,52
-31,-17,53
-34,-17,53
-34,-17,52
-34,-17,51
-34,-17,52
-33,-16,52
-34,-16,52
-33,-17,52
-35,-17,51
-34,-17,52
-33,-17,52
-34,-16,52
-34,-17,52
-33,-16,52
-34,-17,52
-33,-17,52
-36,-18,51
-33,-17,52
-33,-17,51
-33,-16,52
-34,-17,52
-34,-17,52
-34,-17,52
-33,-17,52
-34,-17,51
-34,-17,52
-35,-17,52
-34,-17,52
-33,-17,52
-33,-16,52
-34,-17,52
-35,-17,52
-34,-16,52
-37,-17,51
-33,-17,52
-33,-17,52
-34,-16,52
-34,-16,52
-34,-17,52
-34,-17,52
-33,-17,52
-34,-17,52
-34,-16,52
-32,-16,52
-34,-16,52
-34,-16,52
-35,-16,52
-34,-16,52
-34,-16,52
-35,-16,51
-38,-17,50
-29,-16,54
-31,-16,53
-35,-16,52
-35,-15,52
-36,-15,51
-35,-15,52
-35,-15,51
-34,-15,52
-32,-15,53
-35,-15,51
-37,-15,51
-34,-15,52
-33,-15,53
-34,-15,52
-35,-15,52
-36,-15,51
-35,-15,53
-34,-15,52
-37,-15,51
-35,-15,52
-35,-15,52
-35,-15,51
-34,-15,52
-35,-15,52
-34,-15,52
-35,-15,52
-37,-15,51
-37,-15,51
-35,-15,52
-34,-15,52
-35,-15,52
-35,-15,52
-36,-15,51
-35,-15,51
-35,-15,51
-34,-15,52
-35,-15,51
-36,-15,51
-36,-15,51
-36,-15,51
-35,-15,51
-36,-15,51
-36,-15,51
-36,-15,51
-35,-15,51
-36,-15,51
-35,-15,51
-36,-15,51
-37,-15,51
-36,-15,51
-36,-15,51
-33,-15,52
-36,-15,51
-37,-15,51
-38,-14,50
-36,-15,51
-35,-14,52
-36,-14,51
-36,-14,51
-36,-15,51
-36,-14,51
-39,-15,50
-35,-15,51
-35,-15,51
-36,-15,51
-36,-14,51
-36,-15,51
-36,-15,51
-37,-15,50
-36,-15,51
-35,-15,51
-35,-15,52
-36,-14,51
-37,-15,51
-37,-15,51
-37,-15,50
-36,-15,51
-35,-15,50
-35,-15,52
-35,-15,51
-35,-15,51
-35,-15,51
-36,-15,51
-36,-14,51
-35,-15,51
-36,-15,51
-36,-15,51
-35,-15,51
-35,-15,51
-35,-15,52
-35,-15,52
-35,-14,51
-35,-15,51
-36,-15,51
-35,-15,51
-35,-14,52
-35,-14,51
-35,-14,51
-35,-14,52
-35,-15,52
-35,-14,51
-35,-14,51
-35,-15,51
-35,-15,51
-35,-15,51
-35,-14,52
-36,-14,52
-36,-14,52
-36,-14,51
-35,-15,51
-36,-14,51
-35,-15,51
-35,-15,51
-35,-15,51
-36,-15,51
-36,-14,51
-35,-15,51
-35,-15,52
-35,-14,51
-35,-14,51
-36,-14,51
-35,-15,51
-35,-15,51
-36,-15,51
-36,-15,51
-35,-15,52
-35,-15,51
-35,-15,51
-36,-15,51
-35,-15,51
-35,-15,51
-35,-15,52
-35,-15,51
-35,-15,51
-35,-15,51
-35,-15,51
-36,-15,51
-35,-15,51
-35,-15,51
-35,-15,51
-35,-15,51
-35,-15,51
-35,-15,51
-36,-15,51
-35,-15,51
-35,-15,51
-35,-15,51
-36,-15,51
-35,-15,51
-36,-15,51
-35,-15,51
-35,-15,51
-35,-15,51
-35,-15,51
-35,-15,51
-36,-15,51
-35,-15,51
-36,-15,51
-35,-15,51
-35,-15,51
-35,-15,51
-35,-15,51
-35,-15,51
-35,-15,51
-35,-15,51
-35,-15,51
-35,-15,51
-35,-15,51
-35,-15,51
-35,-15,51
-35,-15,51
-35,-15,51
-35,-15,51
-35,-15,51
-35,-15,51
-35,-15,51
-35,-15,51
-35,-15,51
-35,-15,51
-35,-15,52
-35,-14,51
-35,-15,52
-35,-15,51
-35,-15,51
-35,-14,51
-35,-15,51
-35,-14,51
-35,-14,51
-35,-15,51
-35,-14,51
-35,-15,52
-35,-15,51
-36,-15,51
-35,-15,51
-36,-14,52
-35,-14,51
-36,-14,51
-36,-14,51
-36,-14,51
-37,-13,51
-37,-13,51
-37,-13,51
-37,-14,51
-38,-13,50
-39,-14,50
-39,-12,49
-39,-15,49
-37,-14,50
-36,-14,51
-36,-15,51
-37,-15,51
-36,-15,51
-37,-16,50
-38,-16,49
-37,-16,50
-39,-16,48
-39,-16,49
-37,-17,49
-38,-18,48
-40,-18,47
-42,-16,45
-44,-16,43
-48,-19,40
-45,-18,42
-45,-19,42
-45,-19,43
-47,-18,41
-47,-17,41
-47,-17,42
-47,-17,42
-47,-13,43
-46,-12,39
-51,-14,37
-58,-15,33
-54,-15,33
-52,-14,34
-51,-14,34
-47,-13,35
-48,-14,38
-44,-10,49
-41,-13,46
-42,-17,43
-42,-19,44
-43,-18,46
-45,-17,44
-45,-17,44
-44,-17,44
-43,-17,45
-44,-18,44
-43,-19,44
-43,-19,44
-44,-18,43
-45,-19,43
-45,-19,42
-47,-18,42
-47,-19,41
-47,-19,41
-45,-19,42
-44,-19,42
-45,-19,42
-44,-20,42
-44,-20,43
-44,-20,42
-44,-20,42
-45,-19,42
-46,-20,42
-44,-21,42
-45,-21,42
-46,-22,41
-49,-21,41
-43,-22,45
-42,-22,44
-46,-22,36
-48,-22,34
-48,-22,36
-46,-23,36
-47,-21,36
-47,-21,35
-47,-22,33
-49,-23,33
-48,-22,37
-48,-23,42
-48,-22,41
-45,-22,41
-44,-20,43
-45,-19,44
-46,-19,42
-46,-19,41
-45,-20,42
-42,-19,44
-42,-19,45
-44,-19,43
-44,-20,42
-44,-20,42
-42,-19,44
-42,-19,45
-42,-17,46
-43,-17,44
-45,-17,43
-45,-17,43
-43,-16,45
-43,-14,46
-44,-15,46
-40,-14,48
-40,-12,52
-38,-16,50
-35,-13,51
-31,-15,52
-29,-18,53
-24,-20,55
-30,-25,52
-28,-25,52
-31,-24,53
-34,-19,52
-31,-18,53
-28,-17,55
-32,-17,53
-36,-16,51
-35,-16,52
-34,-17,51
-34,-17,52
-34,-17,51
-33,-16,52
-34,-15,52
-32,-14,53
-35,-13,52
-37,-14,51
-39,-10,49
-40,-10,49
-37,-11,51
-38,-13,50
-41,-13,48
-36,-13,52
-35,-15,52
-36,-16,51
-37,-15,50
-37,-14,50
-37,-15,50
-36,-17,50
-34,-17,51
-35,-16,51
-37,-17,50
-35,-16,51
-36,-16,51
-35,-15,52
-35,-16,51
-35,-16,51
-35,-16,52
-34,-16,52
-34,-16,52
-34,-15,52
-35,-15,52
-34,-15,52
-34,-16,52
-34,-15,52
-34,-15,52
-34,-15,52
-35,-15,51
-34,-15,52
-34,-15,52
-34,-15,52
-34,-15,52
-34,-15,52
-34,-16,51
-34,-16,52
-33,-16,53
-35,-15,52
-36,-16,51
-34,-15,51
-33,-16,52
-31,-16,55
-30,-17,54
-38,-14,51
-42,-14,46
-49,-16,41
-48,-16,41
-44,-17,44
-42,-17,46
-42,-17,46
-42,-17,46
-41,-18,46
-41,-18,46
-40,-18,47
-42,-19,46
-41,-19,45
-41,-18,46
-41,-17,47
-42,-18,45
-42,-18,46
-41,-18,46
-41,-17,46
-41,-18,46
-41,-17,46
-41,-17,46
-40,-17,47
-40,-17,47
-40,-17,47
-41,-17,47
-42,-17,46
-42,-17,46
-42,-16,46
-42,-15,46
-42,-17,45
-42,-17,46
-41,-18,46
-43,-16,45
-45,-15,44
-46,-19,41
-47,-19,41
-45,-19,42
-44,-20,43
-42,-20,44
-43,-20,43
-42,-21,44
-43,-21,43
-41,-22,43
-39,-23,44
-41,-21,45
-43,-21,43
-41,-21,44
-42,-20,45
-41,-20,45
-41,-19,45
-42,-19,45
-41,-19,45
-42,-19,45
-42,-19,45
-43,-19,44
-44,-17,44
-44,-17,44
-41,-17,46
-40,-17,47
-40,-17,47
-41,-17,46
-42,-18,46
-41,-19,46
-40,-18,47
-40,-18,47
-40,-18,47
-40,-18,47
-39,-18,47
-39,-18,48
-39,-18,48
-39,-17,48
-39,-17,47
-40,-17,48
-36,-18,49
-38,-19,48
-36,-20,49
-35,-21,49
-35,-20,50
-35,-20,50
-35,-19,51
-34,-20,51
-35,-21,49
-33,-22,50
-32,-22,50
-32,-23,51
-31,-23,51
-31,-23,51
-31,-22,50
-32,-22,51
-32,-21,52
-32,-21,51
-32,-21,51
-32,-21,52
-32,-21,51
-32,-22,51
-31,-22,51
-32,-21,51
-31,-22,52
-32,-22,51
-32,-22,51
-32,-21,51
-32,-22,51
-32,-21,51
-32,-22,51
-32,-22,51
-32,-22,51
-32,-21,51
-32,-22,51
-32,-22,51
-31,-22,51
-33,-22,51
-32,-22,51
-32,-21,51
-32,-21,51
-33,-21,51
-33,-21,51
-33,-21,51
-33,-21,51
-33,-21,51
-33,-21,51
-33,-21,51
-34,-21,50
-34,-21,50
-34,-20,51
-34,-21,51
-34,-21,50
-34,-20,50
-34,-21,51
-34,-20,50
-34,-20,50
-34,-20,50
-33,-20,51
-34,-20,50
-36,-20,49
-36,-20,49
-35,-20,50
-36,-19,50
-36,-19,49
-37,-20,49
-36,-19,50
-35,-19,50
-36,-19,50
-36,-19,49
-36,-19,49
-37,-18,49
-36,-18,50
-37,-17,49
-39,-17,49
-38,-16,49
-36,-17,50
-35,-18,51
-37,-18,49
-35,-18,50
-37,-17,49
-37,-17,50
-37,-17,49
-37,-17,50
-36,-17,50
-36,-17,50
-37,-17,50
-36,-17,50
-37,-17,50
-36,-17,50
-36,-17,50
-36,-17,50
-36,-17,50
-36,-18,50
-37,-18,50
-36,-17,50
-37,-18,50
-37,-17,50
-35,-17,51
-37,-17,49
-39,-18,48
-37,-17,49
-38,-17,49
-38,-17,48
-39,-18,47
-40,-19,48
-33,-18,52
-34,-19,50
-34,-18,51
-33,-17,52
-38,-15,51
-39,-15,48
-44,-14,45
-41,-13,47
-41,-13,47
-42,-13,47
-41,-14,48
-38,-14,49
-38,-15,49
-39,-14,49
-39,-16,49
-35,-18,50
-35,-17,50
-38,-16,49
-38,-16,49
-38,-17,49
-37,-16,50
-37,-16,49
-38,-16,49
-38,-16,49
-37,-16,50
-37,-17,50
-38,-17,49
-38,-17,49
-36,-17,50
-37,-17,50
-37,-17,49
-38,-18,48
-37,-18,49
-38,-18,48
-37,-18,49
-38,-18,49
-38,-18,49
-37,-18,49
-37,-18,49
-35,-18,50
-36,-18,50
-36,-18,50
-37,-18,49
-36,-18,49
-37,-18,50
-36,-18,50
-37,-18,49
-36,-18,50
-37,-18,49
-36,-19,49
-36,-18,50
-36,-18,50
-37,-18,49
-37,-18,49
-36,-18,50
-37,-18,50
-36,-18,50
-37,-18,50
-36,-18,50
-36,-18,50
-36,-18,49
-36,-18,50
-36,-18,50
-36,-18,50
-37,-18,50
-37,-18,49
-36,-18,50
-37,-18,50
-36,-18,50
-36,-18,50
-37,-18,50
-36,-17,50
-36,-17,50
-36,-17,50
-37,-17,49
-37,-17,49
-37,-18,50
-36,-18,50
-36,-18,50
-36,-18,50
-38,-18,49
-37,-17,50
-36,-18,50
-38,-18,49
-37,-18,50
-35,-19,49
-34,-18,51
-35,-19,50
-35,-19,50
-36,-19,50
-36,-19,50
-35,-19,50
-35,-19,50
-35,-19,51
-35,-19,51
-34,-19,50
-34,-19,50
-33,-20,50
-33,-20,51
-33,-20,52
-34,-18,51
-37,-19,49
-36,-19,50
-34,-19,51
-35,-18,51
-35,-18,51
-35,-18,51
-35,-19,50
-35,-18,51
-35,-19,50
-34,-19,51
-35,-19,50
-35,-19,51
-35,-19,51
-35,-19,50
-34,-18,51
-35,-17,51
-35,-17,51
-34,-17,51
-38,-18,49
-36,-17,50
-34,-17,51
-37,-18,49
-38,-17,49
-38,-18,49
-37,-18,49
-36,-18,50
-37,-18,50
-37,-18,49
-37,-18,50
-37,-18,49
-37,-18,49
-37,-18,49
-37,-18,49
-37,-18,49
-38,-17,49
-37,-17,49
-37,-18,49
-37,-17,49
-38,-17,49
-38,-17,48
-38,-17,48
-38,-17,49
-38,-17,49
-38,-17,48
-38,-16,49
-38,-16,49
-39,-17,48
-38,-16,49
-37,-16,50
-37,-16,49
-40,-17,48
-38,-16,49
-37,-16,50
-38,-16,49
-39,-16,49
-39,-16,48
-37,-16,49
-36,-16,50
-38,-17,49
-38,-17,49
-37,-17,49
-38,-17,49
-38,-16,49
-38,-16,50
-38,-17,49
-37,-16,50
-38,-17,49
-37,-16,50
-37,-16,49
-37,-16,50
-37,-17,49
-37,-17,49
-37,-17,49
-36,-17,50
-38,-16,49
-37,-16,49
-37,-17,49
-37,-16,49
-37,-16,49
-37,-16,49
-38,-16,49
-37,-16,49
-37,-16,50
-37,-16,49
-37,-16,49
-37,-16,50
-38,-16,49
-37,-16,49
-37,-16,50
-38,-16,49
-37,-16,49
-38,-16,49
-38,-16,49
-38,-16,50
-37,-16,50
-38,-16,49
-37,-16,50
-38,-16,49
-38,-16,49
-38,-16,49
-39,-16,48
-38,-16,49
-38,-16,49
-37,-16,50
-38,-16,50
-38,-16,49
-39,-16,49
-37,-16,50
-39,-16,49
-39,-16,49
-38,-16,49
-38,-16,49
-38,-16,49
-39,-16,49
-38,-16,49
-39,-16,49
-38,-16,49
-40,-16,48
-38,-16,49
-38,-16,49
-39,-17,48
-38,-17,49
-39,-17,48
-38,-16,49
-38,-16,49
-38,-16,49
-38,-16,49
-39,-17,49
-38,-16,49
-39,-16,48
-39,-17,48
-39,-17,48
-39,-17,48
-40,-16,48
-39,-17,48
-39,-17,48
-39,-16,48
-39,-16,48
-39,-16,48
-39,-17,48
-39,-17,48
-39,-17,48
-39,-17,48
-39,-17,48
-39,-17,48
-39,-17,48
-39,-17,48
-39,-17,48
-39,-17,48
-39,-16,48
-40,-17,48
-39,-17,48
-40,-17,47
-39,-17,48
-39,-17,48
-40,-16,48
-40,-16,47
-39,-16,48
-39,-17,48
-40,-16,48
-40,-16,47
-40,-17,48
-39,-16,48
-38,-17,48
-36,-17,50
-34,-15,52
-40,-16,47
-43,-15,45
-47,-14,43
-48,-14,42
-48,-14,42
-45,-15,44
-46,-16,42
-48,-18,39
-49,-18,39
-45,-16,43
-45,-15,43
-46,-15,42
-46,-15,42
-46,-16,42
-47,-17,40
-48,-18,39
-48,-18,40
-47,-18,40
-47,-18,41
-45,-17,42
-47,-16,41
-47,-16,41
-47,-15,41
-46,-15,42
-47,-16,41
-47,-16,41
-47,-15,42
-47,-15,41
-48,-16,40
-47,-15,41
-49,-15,40
-48,-15,41
-47,-14,41
-48,-15,40
-48,-15,40
-48,-15,40
-48,-15,40
-48,-15,40
-48,-14,41
-50,-15,39
-50,-15,39
-48,-16,40
-46,-15,42
-45,-16,43
-44,-16,43
-44,-16,44
-43,-15,45
-42,-15,46
-43,-16,45
-45,-16,44
-43,-15,46
-42,-15,46
-43,-16,46
-44,-15,45
-43,-13,46
-43,-15,46
-47,-16,42
-39,-15,48
-37,-15,49
-45,-15,45
-40,-14,49
-37,-12,51
-39,-14,49
-39,-13,50
-38,-13,50
-40,-14,48
-40,-14,48
-38,-14,49
-39,-14,49
-40,-14,49
-36,-13,51
-39,-13,49
-37,-13,51
-37,-14,51
-40,-16,48
-39,-16,48
-37,-16,50
-37,-16,50
-36,-16,50
-39,-17,48
-37,-17,50
-37,-17,49
-39,-17,49
-38,-17,49
-38,-17,49
-39,-17,48
-37,-17,49
-37,-17,49
-37,-17,49
-37,-17,49
-38,-17,49
-38,-17,49
-38,-17,49
-37,-17,50
-36,-16,50
-38,-17,49
-37,-17,49
-38,-17,49
-37,-17,50
-36,-17,49
-37,-17,49
-38,-17,49
-36,-17,50
-36,-17,50
-37,-17,50
-36,-17,50
-36,-17,50
-37,-17,50
-37,-16,50
-36,-17,50
-36,-17,50
-36,-17,50
-36,-16,50
-36,-16,51
-36,-16,51
-37,-16,50
-36,-15,51
-36,-16,51
-38,-15,49
-39,-15,49
-38,-16,50
-37,-16,49
-38,-16,49
-38,-16,50
-38,-16,49
-38,-16,49
-39,-16,49
-39,-16,49
-38,-16,49
-38,-16,49
-39,-16,49
-38,-16,49
-38,-16,49
-38,-16,49
-38,-16,49
-38,-16,49
-38,-16,49
-38,-16,49
-38,-16,49
-38,-16,49
-38,-16,49
-39,-16,49
-39,-16,49
-38,-16,49
-39,-16,49
-39,-16,49
-39,-16,48
-39,-16,49
-39,-16,49
-39,-16,49
-39,-16,48
-39,-16,48
-39,-16,49
-39,-16,49
-38,-15,50
-40,-16,48
-39,-15,48
-40,-15,48
-39,-15,49
-42,-15,46
-41,-16,46
-40,-16,47
-41,-15,47
-42,-15,46
-44,-15,45
-43,-16,45
-42,-16,46
-42,-16,46
-38,-16,48
-39,-16,49
-41,-17,46
-42,-16,46
-40,-17,47
-41,-17,46
-43,-16,46
-39,-16,48
-39,-16,48
-43,-17,46
-40,-16,47
-40,-17,48
-42,-17,46
-41,-16,46
-39,-15,48
-40,-15,48
-42,-16,47
-39,-16,48
-39,-15,48
-41,-16,47
-40,-16,47
-38,-17,49
-39,-16,49
-42,-16,46
-40,-15,48
-40,-16,48
-41,-15,47
-40,-15,48
-39,-15,48
-39,-15,48
-40,-15,48
-40,-15,48
-40,-15,48
-40,-15,48
-39,-15,49
-39,-16,49
-41,-15,47
-40,-16,49
-39,-15,48
-40,-15,48
-39,-15,49
-37,-15,50
-39,-15,49
-39,-15,49
-39,-15,49
-39,-14,49
-38,-14,50
-39,-14,49
-38,-14,49
-38,-15,49
-38,-15,49
-39,-15,49
-39,-15,49
-39,-15,49
-38,-15,49
-39,-15,49
-38,-15,49
-38,-15,49
-39,-15,49
-39,-15,49
-39,-15,49
-39,-15,49
-39,-15,49
-40,-15,48
-40,-16,48
-38,-15,49
-38,-15,49
-39,-15,49
-39,-14,49
-38,-15,49
-38,-15,49
-39,-15,49
-39,-15,49
-38,-15,49
-38,-15,49
-39,-15,49
-39,-15,49
-39,-15,49
-39,-15,49
-39,-15,49
-39,-15,48
-39,-15,49
-39,-14,49
-39,-14,49
-40,-14,49
-40,-14,49
-40,-14,49
-40,-14,48
-40,-14,48
-40,-14,48
-39,-14,49
-40,-14,48
-40,-15,48
-40,-14,48
-40,-14,48
-40,-14,48
-40,-14,48
-40,-13,48
-40,-14,48
-43,-14,47
-41,-14,47
-41,-15,48
-42,-16,47
-42,-18,47
-51,-18,42
-64,-15,37
-65,-7,33
-61,-1,34
-54,6,28
-49,8,26
-50,8,30
-51,5,35
-53,2,40
-54,1,39
-48,-6,36
-34,1,49
-33,0,48
-38,0,47
-43,-1,47
-49,-5,48
-49,-7,49
-49,-11,48
-46,-10,49
-46,-13,48
-47,-12,49
-46,-11,46
-48,-13,41
-53,-12,35
-54,-8,32
-53,-7,32
-54,-4,34
-58,-5,24
-54,-8,28
-55,-7,30
-54,-6,32
-53,-7,33
-55,-9,32
-55,-11,32
-57,-13,34
-57,-15,34
-57,-15,34
-54,-15,33
-51,-16,33
-49,-15,32
-50,-14,31
-53,-12,29
-54,-12,29
-58,-11,29
-58,-12,30
-58,-12,31
-59,-12,31
-59,-11,31
-60,-6,30
-63,-2,30
-67,1,30
-71,3,31
-74,2,31
-73,2,31
-69,2,32
-69,1,30
-66,2,28
-64,4,29
-56,5,29
-49,5,28
-36,5,30
-33,1,36
-32,0,35
-40,-8,37
-44,-16,34
-34,-26,35
-30,-35,36
-26,-41,40
-22,-40,42
-8,-49,51
-16,-51,47
-9,-48,48
-3,-46,48
5,-43,50
10,-43,53
6,-45,54
3,-43,54
-4,-43,54
-12,-39,55
-10,-35,55
-3,-35,54
-4,-38,52
-9,-38,48
-7,-34,52
-8,-34,54
-10,-34,54
-4,-38,55
-6,-32,53
-16,-29,53
-10,-33,59
-3,-34,57
-8,-25,56
-11,-27,55
-5,-31,56
-1,-26,57
-13,-24,55
-7,-23,55
-5,-20,59
-7,-19,61
-7,-18,63
-11,-22,61
-11,-23,61
-13,-25,61
-9,-25,58
-8,-24,55
-6,-22,57
-7,-19,54
-9,-19,55
-12,-13,60
-17,-9,63
-32,-5,59
-43,15,63
-41,22,62
-33,14,66
-33,10,66
-28,8,62
-28,0,65
-23,-3,61
-24,-9,50
-17,-21,54
-3,-28,55
12,-35,58
14,-30,60
1,-28,60
-11,-37,50
-9,-38,48
-3,-37,56
-6,-34,57
-9,-27,51
-3,-24,53
-6,-20,58
-8,-23,61
-1,-19,68
2,-18,69
-2,-19,57
1,-17,55
5,-28,60
4,-35,71
-11,-39,61
4,-35,59
9,-35,57
-3,-35,49
-6,-37,48
-8,-34,40
-33,-36,27
-35,-22,36
-37,-18,37
-53,-20,41
-50,-23,42
-39,-23,42
-49,-28,52
-31,-32,70
-36,-24,56
-42,-27,54
-40,-26,41
-35,-28,38
-43,-31,31
-35,-29,36
-44,-31,31
-37,-31,34
-32,-33,39
-49,-35,32
-49,-36,28
-53,-40,22
-50,-37,27
-47,-36,24
-43,-41,22
-34,-33,41
-16,-31,47
-16,-38,65
-22,-36,75
-7,-10,76
-34,-6,50
-92,-1,22
-93,1,21
-68,5,18
-54,4,13
-50,-2,15
-22,-25,30
-35,-29,19
-48,-49,15
-46,-54,19
-41,-55,39
-40,-58,37
-42,-57,40
-33,-56,44
-44,-60,43
-45,-53,52
-39,-52,51
-30,-45,43
-33,-38,40
-34,-22,36
-34,-13,35
-37,-6,30
-35,-4,25
-41,3,12
-57,7,12
-58,7,13
-57,7,9
-58,12,7
-71,18,8
-78,18,10
-75,18,14
-71,17,18
-74,14,23
-75,11,23
-72,6,23
-72,4,23
-72,0,24
-70,-2,25
-64,-5,25
-62,-9,23
-62,-10,23
-61,-12,22
-60,-13,22
-57,-13,22
-55,-13,23
-53,-12,22
-53,-11,22
-55,-9,23
-57,-7,22
-59,-6,20
-62,-5,19
-65,-4,20
-66,-4,20
-66,-5,20
-65,-5,22
-64,-6,22
-63,-7,23
-63,-8,24
-61,-9,24
-60,-10,24
-58,-10,24
-57,-10,24
-57,-7,23
-58,-6,22
-60,-3,23
-63,0,25
-67,2,25
-68,5,24
-65,6,24
-60,9,18
-63,10,17
-65,7,15
-63,5,13
-56,-7,18
-54,-12,25
-58,-15,18
-73,-18,11
-55,-18,18
-65,-17,5
-74,-18,3
-62,-13,15
-61,-8,13
-68,-8,4
-70,-4,5
-65,-2,10
-60,-2,10
-63,-3,9
-66,-3,8
-66,-2,8
-66,-4,9
-67,-4,9
-63,-4,13
-63,-5,13
-66,-6,11
-64,-5,12
-62,-4,11
-64,-4,10
-63,-4,12
-62,-4,13
-61,-3,15
-63,-3,13
-66,-1,15
-60,0,18
-62,-1,18
-64,-1,15
-62,-1,16
-60,-1,18
-61,-2,20
-56,-4,18
-62,-4,13
-61,1,11
-61,0,14
-59,1,13
-63,0,10
-79,2,5
-69,2,9
-68,4,9
-68,6,4
-67,5,4
-63,5,12
-60,1,11
-53,3,24
-58,1,19
-62,4,23
-57,3,27
-59,4,31
-58,4,30
-61,5,27
-56,5,30
-53,5,34
-52,5,38
-54,4,34
-54,3,33
-50,8,41
-47,5,40
-51,6,40
-44,11,47
-42,11,48
-44,6,44
-45,8,46
-43,10,47
-45,8,45
-45,7,44
-43,11,47
-40,11,47
-42,7,46
-44,9,49
-39,12,50
-39,11,49
-39,10,49
-39,10,51
-36,12,51
-33,13,53
-35,12,52
-37,13,53
-31,14,55
-31,13,54
-31,14,54
-30,13,54
-30,13,54
-32,12,54
-30,13,54
-28,12,55
-28,14,56
-28,14,57
-26,15,57
-24,13,55
-30,13,53
-34,14,54
-33,14,56
-32,16,57
-27,9,51
-33,11,54
-35,12,53
-33,12,53
-31,13,55
-30,13,54
-32,12,55
-32,12,54
-31,13,56
-32,12,54
-33,9,53
-34,6,54
-30,6,56
-26,3,55
-28,5,57
-26,2,57
-24,3,60
-25,3,57
-28,2,54
-28,0,56
-29,3,55
-30,-1,53
-31,-3,57
-32,-3,56
-33,0,54
-27,-1,55
-23,-2,56
-28,-4,57
-25,-3,59
-20,-3,60
-10,-3,54
-11,-3,58
-12,-2,66
-13,-3,71
-6,-3,77
3,-5,82
-1,-10,71
-35,-9,55
-30,-1,60
-32,-4,39
-47,-4,41
-46,-1,31
-56,-6,26
-53,0,45
-46,0,45
-52,0,43
-38,5,49
-45,2,46
-50,5,48
-36,9,50
-27,3,50
-36,0,50
-31,2,58
-22,5,57
-20,2,56
-22,2,57
-22,7,64
-22,5,61
-19,6,64
-24,7,61
-20,7,62
-21,6,59
-22,4,59
-23,2,61
-24,2,64
-18,3,55
-23,0,53
-12,2,60
-9,-2,64
-21,1,62
-20,5,64
-13,5,64
-19,7,62
-23,5,59
-35,4,53
-36,6,50
-43,2,42
-48,-5,35
-65,2,38
-58,7,42
-65,-3,23
-76,-5,25
-53,-1,34
-39,-4,43
-28,-4,50
-27,1,55
-23,0,57
-24,0,66
-29,-2,60
-28,1,59
-21,2,61
-23,2,57
-20,-1,56
-21,-2,63
-23,1,62
-20,5,63
-22,2,57
-24,-1,56
-24,0,58
-26,0,57
-40,-1,50
-43,0,50
-43,-1,47
-45,-3,45
-55,-3,41
-55,-3,40
-51,-3,39
-50,-4,39
-53,-4,36
-58,-3,31
-57,-4,29
-60,-4,26
-59,-4,25
-59,-4,23
-61,-5,21
-61,-6,19
-64,-6,18
-64,-7,16
-66,-7,15
-63,-6,15
-61,-6,16
-63,-7,15
-63,-7,15
-63,-9,15
-64,-11,16
-64,-11,17
-64,-13,14
-65,-10,16
-66,-8,11
-64,-2,14
-58,-1,24
-60,-1,24
-46,0,35
-51,0,41
-56,1,38
-40,4,41
-41,4,44
-45,3,48
-47,0,48
-34,2,52
-30,2,50
-31,0,48
-31,-3,45
-23,-5,56
-20,-5,60
-25,-4,62
-23,-7,64
-24,-6,64
-22,-4,64
-20,-3,64
-21,-5,66
-16,-11,63
-16,-9,64
-15,-10,62
-11,-11,60
-12,-13,62
-14,-14,63
-13,-14,64
-15,-13,64
-16,-12,62
-15,-9,62
-17,-9,60
-19,-9,60
-21,-6,61
-22,-4,61
-25,-6,57
-25,-4,60
-26,-2,60
-27,-2,59
-26,-1,60
-25,-2,60
-28,-2,59
-30,0,59
-31,1,59
-34,4,57
-35,5,55
-42,7,52
-44,9,52
-46,11,49
-45,11,46
-46,8,37
-46,6,35
-53,4,37
-52,2,36
-50,-4,28
-58,-7,27
-57,-4,29
-45,-6,26
-47,-6,29
-49,3,34
-48,2,27
-60,6,20
-62,10,18
-63,8,4
-67,8,0
-72,7,-4
-76,9,-6
-76,10,-5
-68,8,-1
-65,8,1
-61,8,5
-60,9,8
-64,8,4
-61,9,5
-64,10,7
-65,10,8
-65,10,9
-65,11,14
-63,14,18
-59,9,13
-61,11,19
-56,10,25
-61,10,23
-60,11,21
-60,11,21
-64,12,22
-61,12,24
-57,11,29
-57,12,30
-51,11,31
-53,12,34
-50,12,36
-52,12,35
-54,13,37
-49,13,39
-50,14,40
-47,14,41
-48,14,42
-46,15,43
-46,14,41
-43,16,45
-42,17,49
-40,15,47
-40,13,42
-46,12,39
-49,15,43
-49,15,43
-51,15,40
-52,13,36
-53,12,36
-50,12,37
-47,13,41
-48,12,39
-51,14,37
-49,14,37
-49,13,38
-50,13,37
-51,15,36
-52,16,37
-52,15,37
-51,15,36
-52,14,35
-52,14,36
-52,15,37
-52,13,37
-51,14,38
-50,10,37
-50,9,39
-51,11,41
-50,12,40
-48,9,38
-50,9,43
-49,9,41
-48,9,39
-48,8,41
-44,7,45
-44,6,43
-47,7,42
-44,8,46
-41,7,48
-45,6,45
-43,5,46
-39,6,51
-38,8,53
-34,7,52
-34,6,54
-40,7,50
-39,6,51
-23,8,60
-24,9,61
-27,6,59
-26,6,60
-29,3,58
-32,4,56
-40,5,50
-42,6,47
-38,6,48
-40,6,45
-38,7,50
-46,9,49
-43,9,48
-46,8,46
-44,9,47
-43,8,42
-46,7,40
-51,7,41
-49,7,43
-46,3,41
-50,1,41
-51,0,41
-47,2,44
-43,1,45
-45,-1,48
-41,-1,50
-49,-2,47
-45,-2,50
-39,-2,51
-40,-2,48
-44,-4,50
-34,-3,57
-35,-5,50
-38,-4,54
-33,-6,54
-34,-6,50
-33,-4,54
-30,-6,56
-30,-6,54
-36,-6,51
-34,-5,55
-27,-7,56
-27,-6,56
-19,-4,57
-21,-5,57
-12,-4,62
-10,-4,65
-9,-3,68
-8,-3,71
-7,-7,66
-13,-9,62
-26,-7,60
-37,-4,51
-41,-3,48
-54,1,40
-53,-1,37
-51,-3,39
-47,-1,45
-46,2,47
-50,-1,42
-46,-1,44
-36,1,52
-39,0,49
-32,4,55
-18,2,59
-18,1,59
-19,3,64
-20,2,61
-13,4,63
-13,3,62
-12,-1,64
-13,0,64
-15,2,62
-16,2,62
-14,-2,65
-17,-1,64
-22,3,60
-18,2,60
-15,-1,62
-16,-2,65
-20,0,60
-18,0,58
-16,-1,60
-21,-2,57
-21,-2,59
-17,-4,59
-15,-6,56
-17,-2,55
-20,0,58
-17,4,63
-18,3,60
-12,2,67
-11,3,67
-11,1,63
-5,3,64
-5,3,63
-5,4,63
-11,3,59
-20,-2,63
-27,-4,59
-37,-5,56
-35,-1,55
-49,-6,41
-58,-8,35
-65,-6,31
-59,-7,30
-57,-8,26
-55,-8,25
-55,-11,23
-59,-10,24
-56,-10,24
-56,-12,22
-63,-13,22
-69,-17,26
-69,-19,27
-64,-21,27
-61,-21,27
-62,-17,17
-66,-13,14
-64,-3,9
-62,-2,10
-62,-1,9
-59,1,18
-51,-2,27
-41,-8,42
-44,-10,42
-49,-11,51
-37,-10,61
-30,-11,61
-34,-12,57
-28,-7,60
-30,-6,59
-32,-5,54
-30,-4,51
-30,-4,51
-32,-4,52
-32,-4,51
-33,-1,49
-37,2,48
-42,4,38
-46,4,32
-65,-1,19
-76,0,21
-53,0,48
-53,-3,42
-70,-9,40
-38,-3,50
-39,-2,47
-37,-3,46
-30,-5,49
-37,-7,55
-40,-5,54
-32,0,52
-32,-2,53
-31,-6,50
-36,-5,51
-39,-5,50
-38,-5,47
-51,-2,42
-57,2,36
-59,2,33
-58,3,30
-57,6,28
-63,3,24
-65,1,24
-60,-2,29
-58,-5,30
-70,-2,20
-72,0,18
-58,1,27
-55,1,30
-59,-1,25
-45,-1,40
-48,0,44
-46,1,42
-49,1,39
-46,4,47
-42,6,48
-40,4,46
-40,3,46
-47,1,46
-49,3,46
-45,5,47
-43,4,46
-45,3,46
-45,6,45
-44,6,45
-46,6,48
-48,6,49
-47,3,43
-51,2,39
-57,-1,28
-57,1,34
-50,0,37
-53,0,42
-43,0,46
-45,0,43
-43,-2,40
-46,-5,41
-47,-4,44
-43,-4,45
-43,-6,47
-47,-5,46
-47,-6,45
-35,-4,56
-34,-4,57
-43,-4,47
-39,-5,49
-34,-3,54
-34,-8,50
-35,-5,57
-33,-6,55
-32,-5,55
-30,-5,53
-31,-3,58
-29,-7,55
-27,-8,57
-31,-7,58
-28,-7,58
-22,-6,56
-20,-6,55
-15,-7,61
-11,-4,64
-9,-2,66
-12,-1,77
-11,-3,74
-18,-6,57
-22,-7,60
-46,-2,48
-46,0,38
-41,0,43
-40,-1,50
-48,-1,45
-42,0,46
-26,2,61
-33,2,53
-32,2,53
-15,3,64
-19,3,61
-21,4,60
-18,2,60
-19,2,62
-21,3,62
-22,4,61
-21,4,62
-18,3,63
-17,-1,63
-19,0,63
-20,-1,60
-17,-3,61
-25,-4,56
-31,-3,54
-23,-3,58
-22,-6,58
-28,-7,54
-28,-6,53
-32,-6,51
-30,-4,51
-21,-1,54
-16,-2,64
-12,-4,72
-17,-3,64
-15,-2,63
-11,0,66
-13,-1,63
-15,2,64
-21,4,58
-21,1,59
-21,0,62
-25,0,55
-37,-2,49
-46,-4,42
-54,-4,37
-59,-5,33
-58,-4,27
-59,-6,22
-64,-7,19
-67,-7,16
-65,-10,11
-64,-9,12
-62,-8,13
-63,-9,12
-61,-10,13
-61,-8,12
-63,-9,8
-64,-9,4
-68,-8,3
-67,-7,3
-67,-7,2
-66,-9,1
-65,-10,4
-65,-10,4
-65,-10,3
-63,-9,2
-64,-10,2
-65,-10,0
-65,-10,0
-64,-10,1
-64,-8,0
-63,-8,0
-64,-7,-1
-64,-7,-1
-64,-7,-4
-62,-7,-3
-62,-7,-1
-63,-7,-2
-65,-8,-5
-68,-8,-7
-67,-9,-2
-63,-8,4
-63,-9,4
-64,-10,-2
-63,-10,-2
-64,-10,0
-64,-9,0
-67,-9,-3
-66,-9,-4
-62,-9,-3
-65,-10,-2
-65,-10,1
-65,-11,1
-66,-11,1
-69,-13,1
-69,-14,2
-64,-17,4
-62,-19,11
-63,-18,11
-63,-11,10
-68,-8,6
-69,-7,1
-64,-1,4
-57,0,11
-59,3,19
-61,2,21
-54,-2,30
-48,-6,37
-52,-8,41
-50,-11,51
-46,-14,51
-45,-14,51
-44,-13,51
-41,-10,46
-42,-9,45
-37,-6,47
-36,-6,48
-35,-4,48
-37,-4,49
-38,-3,51
-39,-3,54
-41,-3,54
-44,-3,53
-45,-3,51
-45,-2,51
-43,-2,51
-46,-1,45
-50,1,41
-52,5,41
-46,7,44
-36,8,40
-42,7,33
-56,4,29
-60,-3,18
-68,-4,12
-68,-6,13
-63,-9,15
-63,-8,12
-64,-7,11
-53,-2,14
-58,-2,9
-70,2,4
-72,2,3
-63,5,9
-63,4,9
-67,3,9
-66,2,8
-66,2,8
-64,3,9
-63,2,10
-63,2,9
-65,3,10
-63,2,9
-62,2,12
-64,2,12
-64,2,9
-65,3,9
-65,2,10
-64,3,12
-64,3,10
-64,2,10
-64,3,9
-64,2,10
-64,2,9
-63,3,9
-64,3,6
-65,2,5
-66,2,5
-65,2,5
-66,2,2
-65,2,2
-65,2,2
-65,2,1
-65,2,0
-66,1,1
-66,1,1
-65,2,0
-64,2,1
-66,1,1
-65,1,2
-65,2,1
-64,2,0
-65,2,3
-67,2,2
-65,2,2
-64,3,3
-65,3,3
-66,1,4
-65,2,8
-64,3,10
-63,3,8
-59,3,6
-60,3,9
-69,1,3
-65,2,0
-70,2,1
-69,3,9
-61,3,13
-65,3,11
-72,2,8
-66,2,9
-64,4,15
-58,2,20
-59,1,22
-59,3,23
-58,2,24
-58,4,22
-58,4,24
-59,3,27
-62,3,24
-62,3,25
-55,2,26
-55,3,25
-57,3,19
-58,2,19
-55,-4,23
-66,0,30
-64,5,29
-61,5,28
-62,4,29
-58,6,33
-57,5,34
-56,6,34
-50,6,36
-47,6,45
-52,7,40
-45,4,40
-49,5,44
-44,4,46
-38,3,47
-44,4,47
-46,4,45
-35,3,51
-36,4,53
-41,3,52
-38,4,54
-33,3,53
-27,5,55
-25,7,57
-28,7,55
-32,5,55
-28,7,60
-27,5,57
-27,1,56
-24,0,59
-24,1,61
-24,-2,59
-21,-4,59
-26,1,59
-30,-1,55
-44,-2,48
-48,-6,46
-63,-10,36
-58,-11,39
-49,-18,39
-51,-21,37
-44,-24,42
-39,-22,44
-38,-20,45
-48,-16,43
-51,-12,42
-52,-6,36
-58,-5,30
-52,-5,25
-51,-5,26
-59,-10,41
-49,-15,51
-44,-12,48
-48,-11,37
-57,-10,33
-61,-12,29
-55,-8,32
-60,-11,24
-61,-10,24
-51,-5,36
-47,-6,40
-48,-8,42
-50,-11,42
-50,-12,46
-48,-12,49
-43,-15,49
-39,-15,51
-40,-13,48
-43,-9,51
-38,-6,51
-37,-5,48
-38,-4,47
-41,-4,47
-38,-4,49
-37,-5,51
-37,-5,53
-38,-5,54
-38,-6,54
-38,-6,53
-38,-6,53
-39,-4,52
-39,-2,52
-38,-2,51
-39,-2,49
-38,0,51
-39,2,52
-39,3,51
-41,5,50
-42,6,54
-35,5,52
-31,3,48
-44,4,46
-55,1,35
-57,1,33
-55,0,32
-51,0,30
-62,-2,23
-62,-2,22
-59,-3,21
-56,-2,23
-58,2,18
-64,2,15
-63,3,11
-66,3,9
-66,4,5
-70,3,3
-72,4,6
-70,5,11
-70,6,15
-60,6,21
-56,7,24
-56,7,28
-52,4,26
-52,5,25
-55,4,25
-59,6,23
-61,6,21
-63,5,19
-63,5,14
-66,5,6
-65,6,7
-65,6,8
-62,6,8
-62,7,8
-59,5,4
-60,4,0
-62,3,-4
-60,4,-6
-64,3,-19
-67,3,-22
-65,2,-19
-68,2,-19
-70,2,-20
-72,2,-23
-72,3,-22
-70,4,-18
-72,2,-15
-65,1,-5
-57,2,7
-52,1,17
-54,6,28
-45,10,40
-47,11,39
-51,9,39
-40,8,46
-31,8,51
-37,5,45
-37,6,48
-41,9,48
-44,9,45
-45,11,45
-42,12,47
-38,13,52
-38,10,50
-49,11,45
-43,13,48
-39,12,51
-41,12,52
-43,13,52
-44,10,46
-48,9,44
-52,5,34
-49,5,34
-49,7,37
-48,6,36
-49,5,34
-44,3,37
-42,1,37
-45,-2,45
-49,-4,50
-50,-1,52
-43,0,53
-41,-2,55
-40,-4,52
-43,-2,49
-36,-2,53
-23,-3,57
-24,-4,58
-23,-5,58
-20,-5,59
-14,-3,58
-12,-7,61
-10,-7,62
-7,-7,64
-8,-9,66
-5,-8,67
-5,-11,64
-9,-12,64
-19,-11,62
-34,-6,58
-26,-4,59
-31,-1,51
-43,1,46
-51,3,40
-46,1,44
-39,3,52
-35,4,57
-44,3,49
-34,2,48
-37,3,51
-24,8,64
-24,6,61
-24,6,57
-19,6,59
-18,6,59
-17,6,58
-14,6,61
-16,4,64
-16,4,64
-13,3,64
-11,3,63
-24,1,61
-17,4,61
-6,1,63
-15,1,61
-8,2,69
-7,2,68
-26,-2,50
-17,0,57
-16,-1,61
-23,0,58
-20,-2,58
-27,-4,53
-29,-4,51
-22,-2,53
-18,-1,57
-27,6,66
-22,5,64
-18,-1,64
-16,-1,67
-15,-1,64
-10,-1,65
-10,2,61
-27,2,57
-33,1,56
-31,4,60
-42,0,48
-44,-4,47
-42,-7,44
-56,-8,34
-62,-9,28
-58,-9,19
-58,-11,16
-67,-10,13
-66,-10,12
-63,-11,10
-61,-11,12
-61,-12,14
-65,-13,16
-66,-16,18
-62,-18,19
-64,-14,20
-72,-11,5
-76,-6,1
-61,-3,13
-60,-5,16
-51,-7,15
-58,-10,15
-61,-8,29
-44,-6,46
-42,-7,51
-47,-5,44
-51,-2,43
-49,1,41
-48,1,41
-46,1,42
-45,2,43
-44,0,44
-45,-1,44
-47,-2,45
-48,-4,43
-54,-4,40
-54,-1,40
-51,0,40
-51,2,39
-50,4,38
-53,4,33
-56,3,31
-61,0,23
-63,0,20
-66,1,18
-69,1,13
-69,-4,12
-64,-5,12
-63,-4,10
-58,0,14
-57,3,13
-60,3,8
-62,3,8
-68,7,9
-68,6,8
-65,6,9
-68,4,8
-67,4,10
-65,4,11
-64,4,13
-60,2,13
-64,4,16
-59,4,19
-60,2,16
-64,2,13
-64,3,13
-61,3,17
-64,2,15
-64,2,17
-63,3,19
-62,2,18
-61,3,18
-62,1,18
-70,1,18
-69,2,19
-67,3,24
-62,4,28
-56,1,25
-52,4,32
-45,3,43
-45,2,45
-44,2,46
-45,3,45
-37,4,45
-36,3,45
-40,2,40
-45,3,41
-47,1,42
-46,2,46
-44,1,46
-50,3,44
-49,2,45
-48,1,42
-52,0,42
-54,2,43
-46,4,45
-48,2,43
-48,2,42
-50,3,41
-51,2,38
-54,1,34
-51,7,48
-47,5,44
-46,0,40
-47,8,45
-41,12,46
-42,11,46
-45,8,47
-41,9,50
-38,7,50
-37,5,51
-40,5,53
-38,4,53
-33,6,55
-30,8,56
-28,9,53
-33,5,48
-39,4,48
-46,3,39
-50,4,36
-67,-2,29
-72,-4,28
-62,-6,34
-56,-19,33
-51,-22,38
-50,-22,45
-47,-23,42
-35,-16,50
-34,-16,48
-46,-14,44
-49,-13,39
-60,-8,24
-63,-4,20
-64,-2,13
-60,-3,17
-55,-1,22
-67,-2,15
-68,-2,16
-63,-5,16
-64,-6,17
-73,-5,14
-68,-3,15
-60,1,7
-64,-1,-1
-63,3,2
-62,1,1
-63,3,4
-65,4,4
-71,0,0
-68,3,5
-65,3,4
-65,3,0
-66,2,-3
-61,1,-1
-62,1,2
-65,2,5
-67,2,5
-66,2,0
-65,3,0
-65,3,3
-66,2,3
-65,2,2
-63,2,2
-64,2,0
-67,1,0
-64,2,2
-63,2,1
-60,2,1
-67,2,0
-65,3,2
-62,3,1
-67,2,-2
-70,1,-3
-70,2,3
-66,1,5
-61,2,7
-60,3,8
-66,5,8
-65,6,10
-63,2,10
-66,2,14
-64,4,16
-61,4,16
-63,5,18
-61,3,17
-59,5,21
-60,4,21
-56,5,23
-56,5,24
-55,5,24
-57,7,26
-60,4,22
-62,4,21
-63,5,21
-65,6,22
-63,5,22
-63,6,22
-62,7,22
-62,5,22
-62,6,26
-62,6,26
-63,6,28
-65,7,30
-53,2,32
-54,4,29
-51,5,29
-51,5,31
-47,5,39
-51,4,37
-54,4,37
-55,3,38
-51,4,40
-53,5,39
-54,5,37
-46,6,42
-42,5,43
-48,5,41
-50,4,40
-46,4,44
-48,3,42
-50,3,40
-45,4,45
-46,4,46
-45,3,42
-39,2,45
-39,3,50
-40,4,52
-37,4,52
-34,6,57
-34,9,56
-36,10,55
-35,11,53
-34,11,56
-30,7,56
-31,5,55
-31,8,56
-29,3,54
-25,2,53
-32,6,51
-37,6,49
-39,5,47
-44,6,44
-50,6,38
-45,6,36
-52,4,29
-62,0,25
-76,-5,18
-74,-6,17
-63,-8,24
-58,-21,25
-59,-23,27
-54,-22,29
-59,-18,27
-56,-13,27
-57,-9,26
-76,-6,3
-74,-6,3
-57,-5,14
-57,-8,12
-61,-8,24
-55,-9,32
-55,-14,34
-52,-9,26
-55,-8,24
-66,-7,15
-68,-5,13
-60,-1,16
-55,-3,16
-66,-3,20
-62,-1,25
-53,-2,35
-56,-4,37
-65,-4,36
-62,-4,37
-55,-4,42
-50,-8,44
-51,-7,44
-51,-5,40
-48,-5,40
-43,-2,44
-43,-1,44
-46,-2,41
-46,-2,43
-50,0,48
-49,1,48
-51,2,46
-57,4,42
-56,5,40
-55,8,43
-51,9,44
-45,8,40
-45,5,40
-45,5,39
-43,3,38
-36,1,39
-37,2,37
-57,0,30
-51,0,30
-52,8,27
-59,13,21
-63,14,16
-71,12,7
-77,12,8
-67,10,15
-62,9,19
-63,10,21
-63,9,20
-56,7,23
-55,9,25
-58,11,20
-61,9,25
-50,15,47
-42,15,51
-43,12,49
-43,11,47
-36,11,47
-33,11,53
-33,11,53
-36,12,51
-33,15,54
-27,14,56
-29,12,53
-32,10,52
-33,14,56
-28,13,57
-31,12,55
-32,12,54
-31,14,54
-30,13,55
-32,11,52
-34,13,54
-26,11,50
-31,10,50
-31,11,58
-32,11,59
-34,12,55
-37,15,56
-38,16,55
-34,15,53
-33,14,52
-31,13,51
-34,11,48
-35,13,51
-31,14,55
-33,14,52
-34,13,52
-32,14,55
-30,15,55
-30,14,55
-33,14,56
-33,13,55
-30,11,55
-29,12,58
-31,10,53
-34,10,53
-29,13,58
-29,11,57
-24,7,53
-22,8,56
-22,8,56
-21,6,54
-17,7,59
-20,4,58
-21,2,57
-19,5,59
-17,7,59
-19,3,59
-24,2,60
-20,5,65
-21,4,64
-21,4,64
-21,3,62
-18,2,62
-18,4,64
-23,6,60
-24,8,61
-23,9,60
-21,8,57
-21,8,57
-21,7,58
-23,7,59
-20,8,62
-19,9,64
-20,8,59
-17,7,59
-15,6,61
-16,6,61
-14,5,60
-13,4,59
-17,4,58
-16,2,61
-15,2,63
-16,3,62
-15,3,61
-14,1,60
-15,1,60
-16,3,62
-15,2,62
-14,5,59
-11,5,61
-13,3,64
-16,3,67
-17,4,67
-15,2,62
-16,1,61
-18,2,62
-17,1,59
-6,-1,59
-3,-3,63
-16,1,59
-16,3,57
-10,1,62
-12,-1,62
-13,0,66
-13,0,64
-13,0,65
-12,0,64
-13,2,65
-9,2,61
-7,3,61
-5,3,63
-6,2,65
-7,4,69
-7,4,68
-22,0,62
-25,-1,61
-28,2,60
-38,4,49
-41,4,46
-48,5,43
-46,7,41
-45,10,45
-48,8,45
-49,7,43
-44,5,48
-32,6,55
-39,4,48
-29,-1,48
-26,2,57
-25,2,59
-24,-2,57
-21,-4,59
-27,0,58
-30,0,53
-26,-2,53
-30,-4,54
-35,-4,59
-33,-5,59
-20,0,65
-18,0,63
-13,-1,60
-5,4,62
-5,3,59
-4,1,62
-5,0,65
-5,-6,67
-3,-4,74
-14,-6,62
-27,-5,55
-24,3,67
-28,5,60
-40,2,42
-53,3,39
-44,3,37
-50,2,41
-49,1,45
-38,5,52
-38,2,46
-34,5,54
-26,8,61
-29,3,56
-24,6,59
-27,6,58
-27,6,60
-20,7,61
-16,6,62
-16,7,62
-15,7,60
-11,7,62
-14,7,63
-13,7,63
-13,5,60
-16,7,60
-11,9,65
-11,8,63
-15,9,62
-19,8,61
-17,8,62
-16,8,61
-17,7,57
-18,8,60
-17,8,61
-13,8,57
-16,9,56
-18,6,60
-17,6,61
-12,6,60
-11,4,60
-6,4,68
-8,3,71
-10,6,69
-3,3,66
0,2,63
0,-1,63
-6,1,64
-14,2,57
-13,3,59
0,1,62
-3,1,61
-10,3,62
-17,1,60
-29,0,59
-32,1,56
-42,-2,41
-54,-3,31
-56,-3,28
-60,-9,15
-64,-12,10
-68,-10,6
-72,-10,2
-69,-11,-4
-67,-10,-3
-68,-12,-6
-76,-15,-10
-76,-11,-4
-68,-11,2
-73,-11,10
-48,-5,25
-37,0,32
-24,7,49
-19,5,54
-20,7,57
-21,6,59
-17,5,64
-15,6,65
-20,5,60
-21,3,57
-26,7,60
-41,11,55
-31,14,42
-4,2,41
-20,-8,44
-56,-11,69
-46,-6,64
-33,-9,60
-34,-10,61
-29,-11,54
-28,-11,53
-25,-4,53
-28,-4,53
-37,-4,49
-46,4,49
-56,5,43
-60,5,36
-56,3,35
-62,7,36
-63,8,35
-58,5,37
-52,1,38
-51,-8,41
-50,-11,44
-43,-10,44
-39,-11,43
-51,-15,36
-40,-15,42
-40,-17,44
-40,-20,48
-45,-24,48
-39,-19,47
-42,-20,42
-50,-18,41
-50,-17,42
-49,-14,44
-51,-11,42
-49,-9,38
-48,-10,37
-58,-12,38
-56,-13,36
-52,-12,34
-64,-6,32
-60,-3,32
-53,2,32
-53,1,30
-58,2,30
-52,3,33
-47,2,37
-49,-1,38
-50,-2,36
-50,-5,38
-48,-4,31
-59,0,26
-62,3,31
-48,8,34
-55,9,33
-48,12,42
-37,13,51
-42,12,45
-51,8,41
-54,6,39
-52,3,32
-63,5,29
-60,7,30
-56,5,27
-62,5,26
-66,6,26
-57,9,30
-54,8,31
-57,7,30
-54,8,31
-52,8,33
-51,8,34
-54,7,37
-52,7,42
-48,5,42
-51,7,38
-45,10,45
-44,6,47
-44,5,43
-43,6,53
-40,6,55
-36,11,49
-31,8,48
-28,10,55
-29,7,52
-29,8,57
-26,8,58
-26,9,60
-27,9,60
-24,9,60
-24,9,59
-22,7,56
-26,10,58
-25,13,60
-21,11,59
-22,9,58
-23,8,58
-27,11,54
-21,12,52
-19,10,55
-23,8,62
-22,13,60
-23,13,57
-25,12,58
-26,15,62
-30,16,59
-33,17,56
-33,15,52
-33,15,50
-32,12,50
-31,13,54
-32,14,55
-32,14,55
-32,10,51
-29,16,54
-26,14,56
-31,15,55
-33,15,54
-33,14,54
-35,13,55
-32,13,54
-26,12,54
-27,7,55
-30,6,57
-28,10,58
-26,10,56
-23,8,55
-23,6,55
-23,6,58
-22,5,58
-23,3,58
-24,4,63
-23,4,64
-22,4,60
-22,5,62
-15,4,60
-16,3,59
-15,3,61
-13,1,61
-10,2,61
-10,3,67
-11,3,66
-13,3,70
-13,5,71
-11,3,65
-19,2,61
-22,4,62
-24,6,55
-35,6,44
-39,8,46
-43,6,43
-47,8,48
-45,9,52
-43,9,49
-50,9,45
-38,6,48
-30,8,55
-31,0,51
-19,-1,60
-21,1,62
-25,2,61
-16,1,63
-11,3,64
-6,5,62
-7,5,63
-15,2,64
-17,4,62
-11,6,61
-6,7,62
-10,7,61
-10,6,63
-8,9,65
-8,9,60
-8,8,59
-13,7,63
-13,8,64
-9,6,60
-9,5,62
-14,5,61
-12,8,60
-10,9,61
-12,10,62
-12,11,64
-15,10,67
-18,9,66
-16,2,64
-20,4,62
-42,7,46
-47,7,44
-46,9,47
-51,9,37
-58,8,29
-45,0,18
-28,-13,6
-88,-9,-4
-74,-7,0
-63,-7,8
-66,-7,8
-65,-8,6
-63,-8,9
-66,-12,11
-77,-11,10
-54,-4,26
-55,-5,35
-61,-7,34
-47,-4,42
-42,-4,45
-45,-7,43
-52,-9,43
-35,-3,53
-31,-2,55
-31,-3,55
-33,-3,56
-36,-5,56
-39,-3,56
-38,-2,56
-45,-2,47
-50,-3,39
-49,-7,21
-56,-4,15
-62,-3,-2
-65,-3,-5
-70,-5,-8
-70,-5,-6
-65,-2,0
-66,-3,-6
-72,-6,-10
-78,-4,-4
-72,-4,5
-67,-13,-6
-64,-9,5
-55,8,23
-64,11,19
-76,13,11
-70,11,12
-55,9,18
-51,7,14
-58,3,13
-49,0,14
-43,-1,32
-50,1,28
-48,2,27
-53,5,18
-62,4,11
-63,5,4
-63,7,-3
-64,8,-11
-73,6,-18
-81,3,-26
-72,4,-21
-67,5,-12
-70,3,-13
-71,1,-9
-68,2,-3
-68,1,-1
-65,1,6
-66,1,8
-59,4,20
-54,7,32
-44,10,42
-45,10,45
-40,9,48
-38,5,47
-37,4,46
-37,5,49
-32,5,53
-30,7,56
-30,9,56
-29,8,56
-30,7,54
-30,8,56
-29,8,56
-32,7,55
-31,6,53
-25,6,58
-30,6,58
-34,5,56
-31,6,55
-29,5,52
-29,5,54
-30,4,55
-29,2,54
-24,-2,56
-21,1,63
-22,1,60
-35,0,54
-42,1,56
-36,11,66
-35,12,61
-33,8,49
-33,5,48
-34,3,51
-34,6,58
-34,6,56
-36,6,53
-34,7,53
-25,6,57
-26,5,58
-33,3,53
-29,5,58
-22,3,59
-22,1,57
-29,1,56
-28,2,56
-27,1,56
-24,0,58
-24,-1,58
-29,0,57
-29,1,58
-23,0,58
-20,-2,57
-18,-3,53
-19,-3,60
-19,-7,68
-16,-9,65
-15,0,70
-17,5,67
-22,6,66
-31,8,61
-27,9,59
-27,7,53
-28,5,50
-27,4,59
-28,5,59
-33,2,53
-37,2,53
-34,4,53
-32,3,51
-34,4,53
-35,3,55
-37,2,53
-38,2,53
-37,3,54
-32,3,54
-32,1,53
-33,3,55
-31,3,55
-27,0,55
-29,-1,55
-30,-1,56
-31,0,56
-27,-2,56
-29,0,57
-29,-1,54
-28,-1,58
-27,-1,58
-28,1,60
-27,1,60
-26,1,62
-26,1,60
-28,0,56
-27,1,57
-24,-1,59
-33,-1,55
-27,1,62
-28,-1,59
-29,-2,56
-26,2,57
-23,2,56
-21,1,55
-21,2,57
-25,7,64
-24,8,68
-22,1,66
-19,0,70
-19,-3,65
-33,-6,50
-38,-3,48
-35,0,47
-40,-1,42
-55,1,31
-55,4,40
-55,6,41
-55,3,37
-62,1,34
-58,0,34
-57,0,34
-58,0,30
-51,2,33
-43,-1,42
-44,-1,46
-45,-1,43
-49,-3,39
-49,-3,40
-49,-3,43
-48,-1,45
-49,-3,42
-47,-1,48
-46,-2,47
-40,-1,52
-36,-1,52
-35,0,49
-34,1,50
-35,1,51
-37,3,54
-35,3,56
-34,5,61
-33,7,64
-33,6,56
-35,4,50
-38,2,48
-39,3,46
-44,4,46
-48,5,43
-46,5,45
-43,5,51
-43,4,51
-41,4,48
-41,2,48
-38,5,51
-37,3,50
-40,5,51
-37,7,54
-27,7,57
-23,8,59
-25,8,60
-25,9,59
-22,9,58
-18,8,58
-18,7,58
-24,7,56
-24,8,57
-22,9,59
-21,8,60
-23,7,61
-25,7,60
-25,7,59
-24,7,58
-23,7,58
-22,6,59
-24,5,58
-26,6,58
-25,6,57
-23,4,55
-24,5,56
-23,6,59
-24,7,60
-24,5,58
-21,5,60
-23,5,63
-25,5,62
-24,5,61
-22,3,61
-21,3,61
-22,4,60
-22,4,59
-20,3,58
-21,4,58
-21,4,59
-20,3,59
-21,4,62
-22,4,62
-21,5,61
-20,4,59
-20,3,61
-19,3,60
-19,4,60
-18,4,61
-19,4,61
-18,3,61
-19,4,61
-19,3,59
-19,3,59
-18,3,62
-19,3,63
-17,3,62
-17,3,61
-18,4,61
-18,4,61
-17,4,62
-17,4,62
-17,4,63
-16,3,62
-16,4,61
-16,4,59
-16,4,59
-16,3,59
-17,4,59
-15,5,61
-14,6,61
-16,6,60
-25,7,59
-28,8,57
-33,7,53
-35,8,53
-39,5,51
-45,4,50
-49,0,42
-52,-2,41
-50,-3,41
-49,-5,41
-51,-11,34
-59,-14,28
-61,-14,26
-63,-15,18
-62,-17,16
-62,-15,16
-61,-15,16
-61,-14,13
-60,-15,10
-65,-16,9
-72,-18,1
-76,-19,-3
-74,-18,2
-66,-13,15
-67,-11,20
-55,-8,28
-38,2,41
-23,4,48
-15,4,56
-17,3,58
-12,3,62
-10,3,63
-12,3,64
-9,1,64
0,0,67
-7,1,64
-12,-3,56
-15,1,63
-18,3,63
-33,4,60
-33,7,59
-27,3,56
-33,4,51
-29,0,48
-23,-2,53
-28,-1,57
-33,-2,55
-35,0,62
-34,1,59
-34,2,56
-42,2,47
-46,2,44
-43,4,47
-46,5,45
-41,3,50
-43,4,51
-40,3,48
-39,1,46
-42,3,50
-42,2,51
-42,1,51
-39,2,54
-39,4,52
-32,3,55
-30,3,57
-23,3,58
-23,3,58
-23,4,58
-22,4,58
-19,6,60
-17,5,60
-22,5,59
-22,7,60
-20,7,60
-20,5,59
-23,6,59
-22,8,60
-21,7,60
-22,8,60
-21,9,61
-21,9,62
-22,8,60
-23,3,57
-23,3,59
-20,6,63
-21,4,61
-22,3,60
-21,3,59
-20,3,59
-18,3,58
-18,3,59
-18,2,61
-19,-2,57
-18,-3,61
-18,-3,63
-18,-3,63
-17,-2,62
-17,0,61
-18,0,61
-17,4,61
-16,2,60
-13,2,63
-16,1,62
-18,1,60
-16,-1,63
-15,0,63
-17,-2,60
-18,-2,60
-19,-3,62
-18,-3,62
-17,-2,62
-17,-3,61
-18,-3,61
-17,-3,60
-18,-4,60
-18,-3,61
-17,-2,62
-18,-4,61
-20,-4,60
-19,-2,62
-18,-2,62
-18,-4,61
-19,-4,62
-20,-3,61
-19,-3,59
-18,-3,59
-18,-1,62
-20,-1,62
-19,-3,61
-17,-2,62
-18,-2,60
-19,-2,60
-19,-1,62
-20,-1,62
-19,-2,60
-18,-2,62
-23,-2,61
-20,-2,60
-19,-3,60
-19,-1,59
-20,-2,60
-22,-1,61
-22,0,61
-20,-2,59
-17,-2,62
-22,0,62
-23,1,61
-22,0,60
-21,1,60
-20,1,60
-18,-2,59
-17,-2,60
-20,-2,58
-22,-3,57
-21,-4,59
-21,-4,60
-24,-4,60
-23,-4,60
-24,-4,61
-24,-3,60
-23,-3,62
-24,-4,59
-23,-2,61
-20,-4,60
-19,-4,60
-21,-4,58
-20,-4,60
-18,-4,58
-19,-3,59
-20,-2,63
-20,-1,63
-19,-2,63
-19,-1,64
-19,-2,63
-18,-3,63
-21,-4,63
-24,-1,63
-22,-1,61
-31,-5,55
-34,-2,57
-36,-4,48
-41,-2,47
-38,-2,55
-41,-2,54
-40,-2,50
-46,-3,49
-45,-2,51
-36,0,53
-38,-1,49
-23,1,54
-20,1,57
-26,-1,53
-23,-1,56
-22,-1,61
-25,-2,58
-27,-4,56
-26,-3,59
-25,-3,59
-24,-3,59
-22,-2,57
-24,-3,58
-22,-4,60
-18,-2,61
-15,0,62
-11,-1,63
-10,-2,62
-7,-1,64
-9,-3,64
-26,1,60
-31,2,59
-29,1,59
-31,2,56
-33,3,53
-43,2,47
-48,4,48
-42,7,53
-39,6,52
-39,4,48
-40,5,51
-36,8,54
-34,8,53
-33,7,53
-31,8,55
-24,8,59
-24,8,60
-24,8,56
-20,8,60
-19,11,63
-17,7,62
-19,6,60
-18,6,61
-18,8,63
-15,7,61
-15,7,60
-15,6,60
-14,7,63
-15,6,65
-10,4,62
-15,5,60
-17,7,61
-14,8,60
-11,7,62
-12,7,61
-16,6,62
-15,6,62
-14,6,58
-10,6,59
-12,5,59
-15,4,59
-14,4,59
-14,6,60
-14,6,61
-18,6,63
-18,8,64
-19,8,63
-19,7,62
-17,5,63
-15,4,62
-15,3,60
-15,2,62
-14,3,62
-16,1,59
-17,2,58
-17,2,62
-21,3,62
-29,4,58
-31,4,56
-33,3,52
-33,4,51
-40,2,46
-43,-2,43
-53,-6,42
-53,-5,40
-57,-4,33
-57,-4,30
-63,-6,22
-62,-5,18
-61,-7,14
-66,-11,8
-67,-10,8
-66,-11,3
-63,-11,1
-67,-11,0
-67,-11,-2
-63,-11,-5
-62,-12,-6
-68,-15,-7
-70,-16,-4
-69,-19,-4
-67,-25,1
-61,-25,4
-59,-21,1
-59,-18,-1
-53,-14,-5
-50,-7,-5
-63,-2,-17
-66,-1,-22
-69,3,-16
-67,3,-14
-68,3,-11
-61,3,-1
-59,1,3
-69,-9,3
-74,-11,5
-65,-11,13
-65,-12,14
-69,-13,16
-67,-13,17
-59,-11,29
-56,-12,30
-52,-10,34
-56,-9,36
-51,-8,39
-54,-6,38
-58,-5,36
-58,-2,37
-56,-2,37
-59,-2,33
-56,-1,35
-55,2,33
-54,3,31
-52,6,23
-49,8,22
-49,11,16
-50,12,9
-58,5,-8
-65,-2,-15
-67,-5,-17
-74,-15,-17
-70,-17,-12
-59,-17,2
-51,-22,9
-64,-3,-18
-56,-1,-19
-55,1,-31
-60,3,-27
-73,2,-27
-75,0,-27
-78,0,-20
-63,0,-13
-57,1,-5
-61,-2,-1
-70,-1,-1
-62,0,10
-61,0,12
-59,0,13
-57,-2,15
-67,-2,16
-63,-2,19
-59,-2,21
-66,-2,21
-49,-2,31
-49,-1,39
-49,-1,39
-59,-4,37
-54,-2,41
-44,2,43
-41,0,42
-51,-3,42
-49,0,44
-46,0,42
-49,1,43
-47,4,42
-46,4,42
-43,1,43
-58,-1,37
-60,0,40
-52,2,41
-49,3,39
-53,0,38
-55,-1,39
-50,0,43
-48,0,42
-49,-1,42
-47,1,44
-43,0,42
-49,-2,42
-50,0,43
-46,2,43
-45,1,44
-45,1,45
-47,2,44
-44,3,47
-45,1,46
-45,3,48
-42,3,49
-41,1,48
-43,0,46
-48,1,46
-45,2,47
-45,1,45
-47,2,45
-45,1,45
-45,2,45
-47,3,45
-44,3,46
-45,2,46
-47,4,46
-45,4,46
-45,1,45
-46,2,46
-43,3,47
-42,2,46
-43,4,47
-45,3,46
-47,1,45
-46,1,47
-47,0,41
-55,-2,42
-52,0,45
-46,-1,45
-46,-1,45
-48,-2,47
-49,-1,46
-39,-2,47
-46,-5,45
-45,-5,49
-39,-4,48
-40,-5,49
-37,-6,50
-38,-5,51
-44,-4,50
-39,-5,50
-42,-4,50
-42,-3,50
-37,-4,52
-33,-4,53
-32,-3,53
-30,-2,53
-26,-5,55
-23,-6,56
-22,-6,57
-25,-8,60
-18,-8,60
-12,-5,64
-13,-4,68
-9,-5,67
-12,-7,67
-7,-8,71
-15,-10,58
-31,-10,53
-33,-5,54
-36,-2,49
-54,0,31
-62,-2,27
-50,-1,46
-45,2,49
-58,0,38
-52,2,44
-34,0,51
-28,0,49
-24,3,53
-25,2,59
-24,3,62
-16,2,61
-15,0,62
-20,5,61
-21,4,62
-22,4,59
-23,6,60
-20,5,60
-21,4,60
-20,1,58
-17,0,61
-17,1,62
-19,2,60
-18,2,58
-14,-1,55
-17,-2,59
-19,-4,62
-16,-3,62
-11,-6,63
-10,-4,67
-8,-5,66
-6,-6,65
-2,-2,66
-15,-1,61
-24,0,57
-31,-9,57
-40,-5,49
-52,-9,38
-50,-12,31
-60,-12,21
-64,-12,19
-63,-12,17
-63,-11,14
-61,-13,7
-65,-16,6
-63,-15,9
-64,-15,6
-64,-15,6
-66,-19,10
-63,-20,13
-60,-25,13
-58,-22,9
-58,-19,-3
-65,-20,-9
-72,-19,-14
-64,-14,-15
-66,-8,-17
-71,-11,-16
-67,-7,-11
-56,1,6
-59,2,11
-64,-3,12
-51,-6,21
-53,-10,42
-55,-7,45
-50,-6,40
-45,-6,39
-51,4,43
-56,5,42
-57,11,40
-56,10,40
-63,12,41
-59,14,44
-54,13,43
-49,12,43
-50,8,43
-45,1,41
-42,-1,41
-56,-10,35
-49,-12,37
-37,-16,42
-37,-20,45
-46,-32,34
-33,-39,40
-29,-41,44
-33,-48,41
-38,-49,37
-37,-45,29
-34,-46,28
-33,-35,33
-40,-37,33
-27,-31,40
-33,-26,38
-48,-22,40
-50,-25,46
-47,-26,46
-48,-28,40
-44,-27,37
-42,-31,42
-38,-34,44
-32,-31,45
-33,-36,47
-25,-39,48
-19,-39,50
-17,-47,54
-19,-53,57
-23,-61,54
-23,-64,53
-24,-69,41
-27,-51,29
-32,-43,20
-50,-29,7
-55,-24,7
-53,-15,11
-52,-13,10
-59,-4,5
-62,-1,2
-66,11,2
-70,18,4
-81,29,4
-80,30,8
-67,32,22
-72,28,33
-78,19,34
-62,1,43
-55,-10,38
-71,-17,30
-58,-15,30
-58,-20,25
-68,-23,20
-53,-26,27
-58,-25,29
-52,-22,24
-55,-22,26
-55,-22,27
-58,-14,23
-58,-15,19
-64,-10,12
-64,-9,8
-63,-11,6
-61,-12,5
-62,-15,14
-65,-12,14
-61,-8,11
-64,-8,11
-72,-1,8
-70,-2,3
-70,-3,-5
-68,-3,1
-66,-5,3
-65,-6,10
-60,-5,15
-61,-5,16
-62,-4,17
-62,-3,15
-64,-5,12
-65,-5,10
-63,-4,11
-65,-5,9
-65,-6,8
-63,-6,10
-63,-7,8
-64,-6,7
-65,-4,6
-66,-4,5
-65,-4,3
-65,-3,5
-65,-4,4
-65,-3,5
-65,-4,3
-65,-4,4
-65,-4,4
-65,-4,3
-65,-4,3
-64,-4,4
-65,-4,4
-65,-4,3
-65,-5,2
-64,-5,3
-63,-5,4
-64,-7,2
-64,-7,1
-64,-6,0
-66,-6,0
-66,-8,-5
-66,-7,-6
-67,-10,-7
-66,-13,-9
-65,-14,-11
-70,-12,-16
-58,-12,-15
-64,-13,-30
-60,-12,-34
-56,-9,-41
-56,-8,-44
-54,-7,-50
-50,-6,-52
-42,-3,-50
-37,-1,-51
-34,-2,-52
-30,-4,-52
-29,-3,-49
-29,-2,-40
-31,-1,-35
-36,0,-26
-40,-3,-23
-67,-6,-19
-77,-10,-16
-87,-16,-1
-86,-16,0
-86,-22,3
-77,-21,9
-74,-22,10
-72,-21,5
-68,-21,3
-66,-19,-1
-63,-17,-1
-60,-15,-2
-57,-14,-2
-58,-10,-4
-60,-8,-5
-62,-7,-5
-65,-8,-6
-68,-10,-7
-67,-11,-5
-66,-11,-4
-67,-12,-4
-67,-14,-3
-65,-16,-2
-65,-17,-1
-63,-18,-1
-62,-18,0
-60,-18,0
-59,-18,0
-59,-18,0
-59,-17,0
-61,-17,0
-62,-17,-1
-63,-17,0
-64,-17,1
-63,-17,2
-63,-17,4
-64,-17,5
-64,-17,6
-64,-17,7
-64,-17,7
-63,-17,7
-60,-18,7
-57,-18,8
-56,-18,8
-57,-19,9
-58,-18,10
-59,-17,11
-59,-17,12
-59,-15,13
-59,-14,13
-60,-12,12
-61,-12,12
-63,-12,11
-65,-12,10
-67,-12,10
-71,-13,9
-73,-15,10
-70,-18,9
-67,-17,8
-60,-13,10
-57,-12,10
-61,-12,10
-61,-12,11
-65,-13,12
-66,-9,16
-71,-7,25
-71,-6,26
-63,3,31
-62,2,35
-67,1,28
-54,1,25
-51,0,26
-55,-7,28
-46,-8,27
-32,-14,35
-34,-18,40
-36,-34,40
-36,-36,43
-34,-44,54
-36,-46,55
-53,-32,44
-44,-14,28
-55,-19,26
-52,-18,42
-51,-15,48
-50,-13,50
-48,-11,48
-51,-15,40
-52,-16,37
-31,-11,48
-32,-15,43
-46,-35,46
-48,-37,56
-47,-33,50
-36,-26,41
-21,-15,49
-26,-9,51
-17,-2,45
-36,-8,30
-33,-17,28
-20,-21,34
-24,-25,26
-19,-34,27
-13,-41,31
-2,-46,39
-2,-49,34
-9,-53,42
-17,-67,42
-21,-65,33
-18,-75,38
-14,-74,35
-4,-71,27
-2,-73,25
6,-70,27
6,-67,26
4,-61,24
-1,-61,19
-3,-60,20
-7,-59,16
-7,-58,12
-9,-57,8
-10,-56,7
-12,-58,4
-15,-58,5
-20,-59,6
-20,-60,5
-20,-61,6
-18,-62,9
-14,-59,13
-14,-60,15
-14,-64,18
-15,-77,23
-17,-83,27
-24,-86,27
-26,-78,28
-25,-58,25
-23,-57,23
-14,-59,21
-14,-62,19
-10,-63,17
-13,-61,15
-21,-63,9
-25,-59,6
-28,-58,5
-25,-57,3
-23,-56,3
-21,-58,3
-22,-59,3
-19,-60,5
-17,-59,5
-19,-58,10
-19,-57,12
-18,-54,21
-18,-56,27
-11,-65,35
0,-70,43
3,-67,44
0,-59,41
-3,-59,37
-5,-61,24
-3,-62,21
-1,-66,17
-2,-65,16
-8,-58,12
-15,-55,12
-21,-46,18
-23,-45,20
-19,-46,24
-11,-46,31
-7,-48,35
-4,-53,42
-4,-57,41
-9,-62,40
-13,-63,41
-27,-72,39
-34,-81,37
-32,-97,32
-25,-96,28
-13,-68,22
-12,-61,19
-18,-63,8
-15,-73,2
-14,-74,0
-11,-70,-4
-9,-67,-6
-11,-63,-6
-13,-60,-4
-18,-60,-3
-19,-59,-3
-21,-64,-3
-19,-68,-2
-14,-69,6
-13,-71,9
2,-71,16
11,-63,32
10,-60,39
8,-52,41
5,-52,40
-3,-65,40
-2,-72,37
9,-73,31
13,-69,29
8,-58,24
-2,-53,16
-8,-52,12
-14,-50,10
-25,-52,11
-27,-56,13
-24,-59,16
-20,-65,23
-19,-68,26
-23,-77,31
-31,-85,33
-45,-99,35
-37,-103,34
-7,-76,34
-4,-63,31
-13,-66,18
-17,-70,14
-15,-67,9
-15,-64,4
-15,-69,4
-11,-68,1
-9,-66,2
-10,-61,3
-12,-60,3
-12,-65,2
-11,-68,2
-9,-68,6
-8,-69,8
-4,-65,19
-1,-62,23
6,-51,33
7,-42,45
11,-42,41
10,-54,42
5,-63,41
-1,-80,30
0,-78,25
-1,-67,19
-3,-61,18
-8,-55,13
-14,-53,10
-24,-47,10
-28,-52,10
-29,-56,12
-32,-59,17
-35,-61,21
-42,-71,27
-50,-78,33
-61,-98,37
-41,-104,34
5,-81,38
9,-67,36
-2,-68,25
-8,-71,22
-14,-74,12
-16,-69,2
-18,-68,-1
-11,-63,1
-11,-61,1
-11,-57,3
-17,-56,2
-15,-63,-1
-13,-66,-2
-9,-64,3
-9,-64,6
-7,-61,10
-7,-60,11
-10,-54,21
-18,-49,26
-13,-52,27
-2,-63,35
2,-72,37
8,-77,32
10,-73,29
4,-63,24
-2,-59,21
-15,-57,15
-20,-56,13
-30,-58,12
-32,-60,14
-29,-61,20
-31,-60,27
-34,-65,29
-41,-81,33
-35,-91,30
0,-78,30
3,-69,27
-7,-74,16
-9,-79,13
-16,-80,7
-20,-78,2
-21,-71,2
-21,-67,4
-19,-67,4
-13,-64,3
-11,-64,3
-2,-68,1
2,-66,2
1,-64,7
3,-61,7
-1,-54,10
-3,-54,13
-19,-54,26
-32,-59,37
-27,-71,40
-20,-73,33
-20,-70,33
-20,-69,29
-18,-66,27
-16,-60,23
-11,-57,22
-3,-54,21
0,-54,21
4,-54,22
5,-54,23
9,-56,20
8,-56,18
4,-58,16
5,-60,16
3,-61,16
4,-62,16
4,-62,17
4,-63,16
5,-62,15
4,-61,15
3,-61,15
0,-64,14
1,-64,14
2,-63,13
2,-63,12
2,-63,12
2,-61,12
2,-61,11
1,-60,11
0,-60,11
-2,-60,12
-3,-59,13
-4,-60,16
-5,-60,18
-8,-59,22
-10,-61,20
-13,-62,23
-20,-62,20
-20,-61,19
-26,-60,15
-30,-61,15
-36,-63,13
-39,-66,12
-44,-66,9
-45,-63,7
-45,-54,8
-46,-48,6
-46,-39,6
-49,-38,6
-49,-41,6
-44,-41,8
-43,-42,10
-43,-46,12
-43,-48,13
-44,-49,16
-44,-50,18
-43,-51,22
-41,-51,23
-37,-49,22
-34,-50,21
-31,-58,18
-32,-65,15
-35,-71,12
-34,-60,10
-33,-51,12
-31,-51,13
-34,-57,10
-26,-61,9
-22,-62,9
-22,-57,10
-23,-52,12
-28,-42,16
-30,-40,18
-35,-43,17
-31,-43,21
-28,-44,20
-51,-44,3
-60,-44,-5
-72,-46,-23
-75,-49,-32
-79,-59,-43
-76,-64,-42
-55,-46,-29
-48,-35,-22
-42,-37,-22
-43,-41,-25
-45,-47,-34
-43,-56,-37
-38,-56,-36
-30,-50,-33
-31,-47,-32
-39,-44,-34
-40,-43,-36
-40,-42,-34
-41,-43,-33
-45,-44,-33
-49,-44,-31
-56,-44,-29
-58,-44,-24
-55,-41,-15
-58,-31,-2
-65,-27,-1
-77,-21,-4
-73,-18,1
-59,-17,7
-50,-15,10
-48,-14,9
-48,-16,9
-41,-19,13
-38,-18,14
-45,-9,13
-52,-4,12
-53,0,33
-57,4,39
-62,10,41
-57,13,45
-62,14,39
-71,18,37
-67,18,41
-82,13,34
-91,4,28
-73,-3,18
-60,-2,12
-48,0,13
-52,-1,16
-56,1,30
-38,-7,36
-45,-13,37
-60,-18,32
-45,-10,35
-49,-9,32
-44,-7,36
-34,-9,45
-28,-11,48
-32,-18,53
-34,-20,55
-28,-33,70
-27,-34,69
-38,-27,51
-76,-42,11
-5,-21,39
3,-48,45
-5,-50,43
-8,-44,39
-4,-42,35
-10,-50,30
-17,-56,27
-24,-52,28
-29,-50,27
-32,-39,28
-33,-33,31
-31,-29,38
-32,-31,41
-32,-34,43
-35,-38,50
-38,-40,52
-46,-55,49
-46,-63,48
-43,-85,46
-41,-90,46
-37,-82,37
-34,-76,32
-33,-75,19
-28,-75,17
-16,-77,14
-11,-69,13
-14,-67,9
-17,-57,7
-18,-54,9
-22,-52,11
-23,-52,10
-19,-57,10
-14,-59,11
-7,-60,14
-5,-61,16
-6,-63,17
-6,-59,30
-8,-62,33
-15,-62,37
-15,-59,37
-12,-54,39
-7,-55,37
-10,-62,30
-11,-66,28
-11,-69,22
-11,-67,18
-13,-60,11
-17,-55,10
-28,-48,10
-34,-42,16
-36,-43,17
-39,-46,20
-40,-47,23
-43,-47,28
-47,-48,32
-59,-52,34
-65,-58,35
-78,-81,43
-71,-81,39
-32,-60,35
-24,-54,35
-32,-60,26
-43,-69,20
-48,-71,16
-41,-68,13
-39,-65,12
-47,-61,8
-47,-58,10
-47,-53,12
-43,-51,13
-44,-50,15
-44,-50,16
-30,-42,25
-27,-37,32
-28,-26,36
-22,-11,46
-24,-8,53
-39,-13,67
-39,-18,70
-24,-18,70
-17,-16,69
-22,-12,58
-26,-10,56
-23,-11,49
-21,-10,45
-11,1,50
-15,9,41
-8,9,45
1,9,51
0,6,53
4,6,73
2,7,75
-13,13,71
-22,16,68
-25,22,69
-26,21,71
-40,11,73
-37,7,66
-27,7,50
-20,13,47
-16,13,49
-14,8,56
-18,5,59
-16,2,58
-14,3,56
-10,2,59
-9,0,61
-9,-1,60
-9,0,60
-9,0,61
-11,0,64
-13,1,63
-8,-4,68
-5,-7,69
-4,-6,72
-6,-6,73
-25,-11,72
-29,-10,72
-21,-11,64
-15,-13,57
-9,-16,52
-8,-17,55
1,-20,62
0,-24,65
-8,-27,71
-15,-24,65
-15,-21,67
-19,-16,67
-22,-14,69
-30,-6,71
-34,1,70
-43,18,68
-45,25,64
-44,40,58
-44,45,56
-45,46,49
-46,46,39
-43,48,36
-35,55,36
-36,58,35
-34,59,33
-34,57,33
-33,56,29
-22,59,29
-3,56,31
0,56,30
5,56,41
6,50,40
7,38,35
6,19,32
10,14,31
22,20,27
22,25,26
18,17,32
8,23,31
-1,35,34
-2,45,41
-4,56,35
-2,57,36
-4,61,34
-6,60,36
-4,60,33
8,61,26
7,61,31
-6,65,22
-5,63,24
20,56,36
10,53,38
-19,56,24
-11,60,25
-13,64,22
-17,61,23
-17,56,28
-21,55,24
-25,56,14
-30,52,11
-31,50,5
-30,48,-5
-22,46,1
-23,47,-3
-21,51,-7
-17,50,-1
-18,50,1
-19,52,-2
-16,51,-1
-18,57,6
-16,56,8
-18,55,8
-19,51,10
-24,52,8
-27,53,12
-28,50,12
-19,43,10
-24,47,8
-27,51,14
-23,43,13
-30,51,20
-28,51,24
-30,49,23
-36,52,29
-37,53,29
-43,53,29
-48,55,27
-51,54,24
-48,52,22
-57,47,22
-60,46,20
-57,42,19
-60,38,17
-63,32,17
-62,32,17
-60,27,25
-53,32,25
-50,34,15
-43,33,9
-47,33,14
-51,29,26
-51,27,31
-33,14,37
-27,6,31
-28,-1,19
-30,0,15
-37,1,-1
-32,6,-10
-35,22,-30
-52,21,-43
-68,17,-38
-98,17,-31
-96,14,-35
-112,9,-29
-112,8,-26
-76,-3,-13
-92,-4,-30
-71,-12,-13
-74,-17,-10
-71,-23,-22
-58,-13,0
-61,-15,-7
-64,-16,-14
-63,-14,-12
-64,-11,-9
-65,-12,-11
-66,-10,-9
-71,-9,-12
-68,-7,-10
-71,-6,-10
-69,-2,-8
-68,3,-5
-67,6,-7
-63,7,-9
-60,11,-5
-56,13,-5
-60,15,-5
-61,9,-20
-60,10,-17
-61,11,-12
-58,8,-14
-66,8,-13
-69,5,-17
-70,6,-15
-69,5,-15
-63,9,-7
-65,8,-7
-64,6,-12
-67,6,-12
-66,8,-9
-61,8,-6
-63,6,-7
-56,7,-2
-63,2,-11
-70,5,2
-57,5,2
-66,5,5
-70,4,9
-68,3,10
-63,5,11
-70,1,0
-67,1,8
-64,4,11
-66,3,10
-66,3,11
-62,3,14
-63,2,15
-59,4,20
-63,2,16
-61,-1,18
-56,1,26
-54,-1,30
-57,-4,29
-55,-4,30
-47,-6,41
-51,-6,43
-71,-8,45
-73,-10,53
-71,-11,60
-73,-18,51
-27,1,61
-19,10,56
-35,19,49
-31,23,49
-11,26,40
-26,33,34
-33,18,32
-19,-8,37
-29,-18,36
-59,-15,32
-53,-12,26
-30,-19,32
-41,2,46
-53,9,22
-61,6,14
-63,10,19
-69,11,10
-87,10,-1
-80,12,-1
-77,16,1
-71,15,2
-70,13,4
-71,12,-1
-71,15,-3
-67,11,5
-65,7,9
-67,5,8
-66,4,11
-65,2,18
-57,4,21
-62,5,11
-67,9,6
-65,11,9
-74,13,2
-84,11,-1
-72,10,10
-66,12,19
-60,8,19
-57,6,15
-69,7,31
-63,3,30
-47,7,32
-40,8,33
-56,10,27
-37,13,32
-14,1,52
-26,0,55
-41,4,45
-70,10,25
-56,11,37
-60,16,29
-63,14,29
-40,14,31
-33,10,40
9,12,64
21,16,70
16,21,82
4,21,76
17,16,77
-4,1,49
-21,-1,45
-49,13,16
-75,14,-2
-90,4,1
-81,12,12
-39,2,40
-7,0,69
-27,14,51
-55,9,40
-19,7,64
-11,-1,65
-30,3,57
-16,24,62
-31,28,51
-31,23,45
-42,20,35
-57,24,16
-74,26,5
-76,22,-1
-70,17,-1
-73,8,16
-66,7,18
-54,3,23
-49,2,34
-57,1,21
-58,12,24
-45,12,27
-38,9,30
-58,10,23
-52,17,20
-56,14,16
-68,16,-3
-74,19,-6
-58,17,1
-64,16,-11
-61,19,-10
-59,19,-10
-62,20,-17
-74,19,-22
-57,20,-15
-54,22,-18
-65,20,-28
-64,2,-21
-80,19,-22
-62,23,-22
-62,27,-21
-43,21,-16
-73,22,-5
-64,21,-14
-71,26,-25
-62,23,-15
-63,19,-3
-56,18,-2
-66,15,-4
-71,16,0
-68,15,10
-63,15,13
-56,20,17
-48,21,22
-46,21,25
-49,21,25
-50,18,30
-54,18,30
-52,19,30
-52,22,29
-56,19,29
-54,21,29
-48,21,31
-53,19,28
-58,18,27
-61,19,29
-52,19,31
-47,22,33
-43,22,29
-54,19,25
-53,23,23
-51,10,30
-59,16,32
-65,19,32
-56,22,29
-53,24,30
-59,19,24
-56,20,33
-60,20,28
-44,24,25
-39,25,30
-49,19,28
-59,17,28
-55,20,32
-52,19,33
-53,19,32
-69,19,23
-77,12,12
-64,16,10
-45,7,36
-42,13,42
-49,18,26
-56,22,46
-50,18,39
-26,16,54
-13,14,52
-19,13,64
-24,15,65
1,12,60
1,10,61
-2,11,53
-24,5,60
-13,18,61
-17,14,61
-23,20,63
-15,19,59
-17,18,59
-18,18,63
-17,20,61
-14,17,58
-21,18,57
-14,16,59
-14,21,61
-13,25,61
-7,18,64
-5,16,63
-6,16,64
-3,16,62
-2,14,61
-5,13,61
13,16,67
15,20,63
-21,15,41
-16,10,69
-20,13,56
-27,5,49
-34,9,50
-59,5,45
-43,5,52
-45,3,53
-45,7,55
-39,10,51
-36,10,48
-27,13,46
-49,16,46
-28,7,51
-8,12,64
-8,12,67
-11,11,66
-16,8,54
-13,7,54
-5,4,62
8,7,73
5,10,70
0,7,63
6,10,69
-13,15,55
-10,17,54
-25,15,58
-28,18,56
-36,29,49
-38,31,37
-41,38,32
-32,33,40
-40,28,30
-50,25,31
-47,22,36
-50,13,36
-50,15,36
-48,15,37
-47,18,36
-49,20,40
-49,18,41
-49,18,51
-58,24,55
-79,22,54
-53,21,61
-35,16,69
-46,18,56
-54,29,56
-67,33,40
-62,35,40
-48,34,13
-45,34,5
-4,28,26
-4,22,33
-24,13,28
-30,13,35
-31,11,51
-44,12,41
-52,15,39
-46,18,61
-48,19,61
-50,24,55
-51,25,61
-47,28,58
-49,29,53
-43,34,44
-41,35,41
-31,37,43
-31,38,39
-22,39,33
-28,45,29
-28,47,28
-24,47,20
-30,47,20
-35,53,13
-33,55,17
-28,55,17
-33,55,10
-34,51,7
-28,51,6
-30,54,3
-34,53,2
-32,54,1
-28,53,1
-29,55,3
-29,56,-2
-32,55,-4
-33,55,-2
-32,56,-2
-29,57,-4
-29,56,-3
-28,56,-6
-27,56,-8
-25,54,-11
-22,56,-12
-21,55,-15
-17,51,-8
-17,55,-9
-23,57,-13
-18,59,-15
-25,60,-19
-24,56,-11
-22,56,-4
-23,60,-10
-5,60,-8
-19,58,-1
-20,60,0
-21,62,-6
-20,62,-6
-19,61,-5
-16,60,-7
-21,62,-11
-17,62,-8
-22,60,1
-26,61,-1
-23,59,-6
-27,59,-1
-11,56,10
-17,57,5
-27,59,-3
-33,58,1
-24,57,7
-32,56,5
-28,55,5
-15,48,21
-25,50,14
-24,46,10
-22,43,15
-20,38,19
-18,37,14
-5,26,21
-11,16,19
-38,12,-4
-28,12,9
-10,25,12
-24,32,14
-17,44,21
-7,69,28
-3,74,42
5,66,34
-11,66,28
-52,56,37
-83,52,31
-119,26,61
-119,10,51
-104,-7,53
-81,-4,47
-84,-10,24
-69,-12,26
-51,-11,33
-41,-23,26
-55,-20,20
-65,-15,17
-61,-16,10
-62,-10,4
-70,-3,3
-72,4,-14
-69,10,-17
-67,18,-3
-72,16,-16
-65,13,-11
-67,3,-11
-67,3,-7
-56,-3,-11
-56,-4,-4
-56,1,-6
-54,3,-27
-60,6,-31
-66,9,-31
-74,6,-24
-61,5,-16
-56,4,-15
-77,1,-27
-74,2,-18
-58,0,-15
-53,1,-10
-68,-4,-12
-67,-1,-2
-56,1,4
-49,-2,0
-69,-5,0
-71,-5,6
-66,-7,11
-65,-9,11
-59,-9,12
-58,-8,10
-54,-6,14
-49,-6,15
-53,-7,15
-55,-3,14
-58,-2,14
-69,-2,8
-69,-1,3
-72,1,2
-72,4,6
-73,3,8
-78,3,11
-79,1,18
-69,-6,16
-69,-8,13
-64,-9,12
-64,-10,10
-61,-10,12
-61,-11,11
-60,-11,12
-59,-11,12
-60,-12,14
-60,-12,14
-61,-13,14
-62,-13,15
-62,-13,14
-63,-11,13
-64,-10,12
-64,-8,12
-64,-7,12
-63,-6,12
-64,-6,11
-63,-5,11
-64,-6,11
-64,-6,11
-64,-6,11
-62,-7,12
-62,-7,12
-62,-8,12
-63,-8,11
-64,-8,11
-63,-8,11
-63,-8,11
-64,-8,11
-64,-8,11
-64,-7,10
-64,-7,10
-64,-7,10
-64,-7,10
-64,-7,10
-64,-8,9
-64,-9,9
-64,-10,10
-64,-10,9
-65,-11,9
-64,-10,9
-64,-9,9
-64,-9,10
-65,-8,10
-65,-7,9
-65,-7,9
-65,-8,8
-64,-9,8
-63,-10,9
-63,-10,9
-63,-10,10
-64,-9,10
-63,-9,10
-64,-8,10
-64,-8,10
-64,-7,9
-65,-8,9
-64,-7,9
-63,-7,9
-63,-7,9
-63,-7,9
-64,-8,10
-64,-8,10
-64,-8,10
-64,-8,10
-64,-9,10
-63,-9,10
-63,-9,9
-64,-9,9
-64,-9,9
-64,-8,9
-64,-8,9
-64,-8,9
-64,-8,8
-64,-8,8
-64,-8,8
-64,-9,9
-63,-9,9
-63,-9,9
-64,-9,9
-64,-9,8
-64,-9,8
-64,-9,9
-64,-9,9
-63,-8,9
-63,-8,9
-65,-8,8
-65,-8,8
-65,-9,9
-64,-11,9
-63,-11,9
-62,-11,9
-63,-10,9
-63,-9,8
-63,-9,9
-64,-9,9
-65,-8,9
-66,-9,9
-63,-9,9
-62,-10,9
-63,-10,9
-63,-11,9
-64,-11,10
-65,-11,10
-64,-10,11
-64,-10,10
-63,-10,10
-63,-9,10
-63,-9,10
-63,-9,9
-63,-9,10
-64,-10,10
-64,-10,10
-63,-11,10
-64,-11,10
-63,-11,11
-63,-11,10
-62,-11,10
-63,-10,10
-63,-10,10
-64,-10,10
-64,-10,10
-64,-10,10
-64,-10,9
-64,-11,9
-63,-11,9
-63,-11,10
-63,-11,10
-63,-10,10
-63,-10,9
-63,-9,9
-64,-9,9
-65,-10,9
-64,-10,9
-63,-10,10
-64,-10,9
-64,-10,9
-64,-10,9
-64,-10,8
-64,-10,8
-64,-10,8
-63,-10,9
-63,-10,9
-63,-10,8
-64,-11,8
-64,-11,8
-64,-11,8
-63,-11,9
-64,-12,9
-63,-12,9
-62,-11,9
-63,-10,9
-64,-9,8
-64,-9,8
-65,-9,8
-65,-9,7
-66,-10,8
-65,-11,8
-63,-12,9
-62,-13,9
-61,-13,10
-63,-13,10
-63,-13,9
-62,-12,9
-62,-11,9
-65,-11,9
-65,-10,9
-65,-11,9
-64,-12,9
-64,-13,10
-63,-14,11
-63,-14,11
-63,-14,11
-61,-14,11
-61,-13,11
-61,-12,11
-62,-11,10
-63,-10,10
-64,-9,10
-65,-10,10
-64,-11,11
-63,-11,11
-63,-13,11
-62,-13,11
-62,-12,11
-63,-11,10
-63,-11,10
-64,-10,9
-64,-10,9
-64,-11,10
-64,-11,10
-63,-12,10
-62,-12,10
-62,-12,9
-63,-12,9
-63,-12,10
-63,-12,10
-63,-12,10
-63,-12,10
-63,-12,10
-63,-11,9
-64,-11,9
-64,-11,9
-63,-11,9
-63,-11,9
-64,-11,9
-64,-12,9
-63,-12,9
-63,-12,9
-64,-12,8
-63,-11,9
-63,-11,9
-64,-11,9
-65,-10,9
-64,-11,9
-65,-11,9
-64,-11,9
-63,-12,9
-63,-13,9
-63,-13,10
-62,-12,10
-62,-12,9
-63,-12,9
-63,-11,8
-63,-11,9
-63,-11,8
-63,-11,8
-63,-10,8
-63,-9,7
-63,-9,8
-64,-10,7
-65,-9,7
-66,-9,7
-66,-9,8
-65,-8,8
-65,-7,7
-65,-7,7
-65,-7,7
-65,-6,7
-65,-6,8
-64,-6,8
-65,-6,7
-65,-6,7
-64,-7,7
-64,-7,7
-64,-8,8
-64,-8,8
-64,-8,8
-64,-8,8
-64,-8,8
-64,-7,8
-64,-7,9
-64,-7,9
-64,-7,9
-64,-7,9
-64,-7,9
-64,-7,8
-64,-7,8
-63,-7,8
-64,-7,8
-65,-7,9
-64,-7,9
-64,-7,9
-64,-7,9
-65,-7,9
-64,-6,8
-64,-5,9
-63,-5,9
-64,-5,9
-65,-5,8
-65,-5,8
-65,-5,8
-65,-6,8
-64,-6,9
-63,-7,9
-64,-6,8
-64,-6,8
-64,-6,8
-64,-6,8
-64,-6,8
-64,-6,8
-64,-6,9
-64,-7,8
-64,-7,8
-64,-7,8
-64,-7,8
-64,-7,8
-63,-7,8
-64,-7,8
-65,-7,7
-65,-7,8
-64,-7,8
-64,-7,9
-64,-7,9
-64,-7,8
-64,-7,9
-64,-8,8
-64,-8,8
-64,-8,8
-65,-7,8
-64,-7,8
-64,-7,8
-64,-7,8
-64,-7,8
-64,-7,8
-64,-7,8
-64,-7,8
-64,-7,8
-63,-7,8
-64,-7,8
-65,-7,8
-65,-7,8
-64,-7,8
-64,-7,8
-64,-7,8
-65,-6,8
-65,-6,8
-65,-6,8
-64,-7,8
-63,-7,9
-64,-7,9
-64,-7,8
-64,-7,8
-64,-7,8
-64,-7,9
-64,-7,8
-64,-6,8
-65,-6,8
-64,-6,8
-63,-6,8
-64,-6,8
-65,-6,8
-64,-6,8
-64,-6,8
-64,-6,9
-64,-6,9
-64,-6,8
-64,-6,8
-64,-6,8
-64,-7,9
-64,-7,9
-64,-6,8
-64,-7,8
-64,-6,8
-64,-7,8
-64,-7,8
-64,-7,8
-64,-7,8
-64,-7,8
-64,-7,8
-64,-6,8
-64,-6,8
-64,-6,8
-64,-6,8
-64,-6,8
-64,-7,8
-64,-6,8
-64,-6,7
-64,-6,8
-64,-6,7
-65,-6,7
-64,-6,7
-65,-6,7
-65,-6,7
-64,-7,7
-64,-6,7
-64,-6,7
-64,-6,7
-64,-6,7
-64,-7,7
-64,-7,7
-65,-6,7
-65,-7,7
-65,-6,7
-65,-6,6
-64,-6,7
-64,-6,7
-65,-6,7
-64,-6,7
-64,-6,7
-64,-7,7
-64,-7,7
-64,-7,8
-64,-7,8
-64,-7,8
-64,-7,7
-65,-7,7
-64,-7,7
-64,-7,7
-64,-7,7
-64,-7,8
-64,-7,8
-64,-7,8
-65,-7,7
-65,-6,7
-64,-7,7
-64,-7,8
-64,-7,7
-64,-7,7
-64,-7,7
-65,-7,8
-64,-7,7
-64,-7,8
-64,-7,8
-64,-7,8
-64,-7,8
-64,-8,7
-64,-7,7
-64,-8,7
-64,-8,8
-64,-7,8
-64,-7,8
-64,-7,7
-64,-7,7
-64,-7,7
-65,-7,7
-64,-7,7
-64,-7,8
-65,-7,7
-64,-7,7
-64,-7,7
-64,-6,7
-65,-7,7
-64,-7,7
-64,-7,7
-64,-7,7
-65,-7,7
-65,-7,7
-65,-6,7
-64,-6,7
-64,-7,7
-64,-7,7
-64,-7,7
-64,-6,7
-65,-6,7
-65,-6,6
-65,-6,7
-64,-7,7
-64,-7,7
-64,-7,7
-64,-7,7
-64,-6,7
-65,-6,7
-65,-6,7
-65,-6,7
-64,-6,7
-64,-6,7
-64,-6,7
-64,-6,7
-65,-6,7
-65,-6,7
-64,-6,7
-64,-6,7
-64,-6,7
-63,-7,7
-64,-6,7
-65,-6,7
-65,-6,7
-65,-6,7
-65,-6,7
-64,-6,7
-64,-7,7
-64,-6,7
-64,-6,7
-65,-6,7
-65,-6,7
-65,-6,8
-64,-7,8
-64,-7,8
-64,-7,8
-64,-7,8
-64,-6,8
-64,-6,8
-64,-6,9
-64,-6,9
-64,-7,9
-64,-7,8
-64,-7,8
-64,-7,8
-64,-7,9
-64,-7,9
-64,-7,9
-64,-7,8
-64,-7,9
-64,-7,8
-64,-7,9
-64,-7,9
-64,-7,9
-64,-6,8
-64,-6,8
-65,-6,8
-65,-7,8
-64,-7,8
-64,-8,9
-64,-8,9
-64,-8,9
-64,-7,9
-65,-7,8
-65,-7,8
-64,-7,8
-64,-7,8
-64,-8,9
-63,-8,9
-64,-8,9
-65,-8,8
-65,-8,8
-64,-8,8
-64,-7,8
-64,-7,9
-64,-7,9
-64,-7,9
-64,-8,9
-64,-8,9
-63,-8,9
-63,-8,10
-63,-7,9
-64,-7,9
-65,-7,8
-65,-7,8
-64,-7,9
-64,-8,9
-63,-8,9
-64,-7,9
-65,-7,9
-65,-6,8
-64,-6,8
-64,-7,8
-64,-7,8
-65,-7,8
-65,-8,9
-64,-8,8
-64,-8,8
-64,-8,8
-64,-8,8
-64,-7,8
-64,-7,9
-65,-7,8
-64,-7,8
-64,-7,8
-65,-7,8
-65,-8,8
-64,-8,9
-64,-8,9
-64,-7,8
-64,-7,8
-65,-6,7
-64,-6,8
-64,-7,8
-64,-7,8
-64,-7,9
-64,-7,9
-65,-7,8
-64,-7,8
-64,-7,8
-64,-7,8
-64,-7,9
-64,-7,9
-64,-7,9
-64,-7,9
-64,-7,8
-64,-7,8
-64,-7,9
-63,-7,9
-64,-7,9
-64,-7,9
-64,-7,9
-64,-7,9
-64,-7,9
-64,-7,9
-64,-7,9
-64,-7,9
-64,-7,9
-64,-7,9
-64,-7,9
-64,-7,9
-64,-7,9
-64,-7,9
-63,-8,10
-63,-8,10
-63,-8,10
-64,-7,9
-64,-7,9
-64,-7,9
-64,-7,9
-63,-8,9
-63,-8,9
-63,-8,10
-64,-8,10
-65,-7,9
-64,-7,9
-64,-7,9
-64,-8,9
-64,-8,9
-64,-8,9
-64,-8,9
-64,-8,9
-64,-8,9
-64,-8,9
-63,-8,9
-64,-8,9
-64,-8,9
-65,-7,9
-64,-8,9
-63,-8,9
-64,-8,9
-64,-8,9
-64,-7,9
-64,-7,9
-64,-8,9
-64,-8,9
-64,-8,9
-64,-8,9
-64,-8,9
-64,-7,9
-64,-8,9
-64,-7,9
-64,-7,9
-64,-7,9
-64,-7,9
-63,-7,9
-64,-8,9
-65,-8,9
-64,-7,9
-63,-8,9
-63,-8,9
-63,-8,9
-63,-8,9
-64,-8,9
-64,-8,9
-63,-8,9
-63,-8,9
-64,-8,9
-64,-9,9
-64,-9,9
-64,-10,9
-64,-10,9
-65,-10,9
-64,-11,9
-64,-11,10
-63,-11,10
-62,-11,11
-63,-11,11
-64,-11,11
-66,-11,12
-66,-11,12
-66,-8,13
-66,-7,13
-67,-4,12
-67,-3,11
-65,-2,7
-65,-1,5
-61,0,-1
-63,0,-6
-60,0,-15
-62,1,-24
-62,2,-27
-62,2,-30
-61,3,-29
-57,5,-27
-56,8,-24
-61,9,-32
-59,11,-31
-57,13,-34
-53,15,-30
-54,16,-32
-59,17,-35
-59,14,-34
-59,11,-36
-69,10,-43
-62,6,-31
-57,3,-25
-64,0,-13
-72,2,-16
-61,1,-16
-51,1,-8
-39,-2,3
-60,0,-6
-72,1,-28
-54,2,-12
-54,-2,-2
-63,-2,-3
-57,2,-6
-57,3,-4
-65,4,-7
-76,2,-17
-75,3,-12
-75,1,-12
-77,3,-11
-67,10,6
-63,12,4
-63,13,-2
-53,12,8
-51,12,9
-65,10,8
-67,12,9
-63,14,7
-71,13,5
-66,15,8
-64,13,5
-68,15,5
-70,15,5
-77,7,2
-80,4,2
-71,1,0
-55,9,2
-55,10,-2
-59,11,-10
-56,8,-15
-69,5,-13
-68,4,-11
-61,4,-3
-59,2,-3
-62,3,-1
-61,6,3
-64,6,7
-66,6,10
-70,3,12
-66,2,16
-61,3,19
-68,4,16
-72,3,17
-75,-1,19
-77,-2,19
-59,-1,22
-51,0,23
-47,0,26
-45,0,27
-48,-5,31
-51,-8,35
-49,-8,34
-49,-4,32
-47,0,39
-48,4,41
-49,5,40
-50,8,41
-50,11,43
-49,7,41
-62,4,34
-60,5,37
-61,5,35
-70,6,29
-81,2,23
-82,1,16
-66,4,17
-60,8,12
-53,11,18
-56,9,18
-57,8,19
-58,9,23
-58,4,24
-53,6,25
-52,7,30
-52,8,30
-54,10,31
-51,8,31
-50,6,30
-51,4,36
-48,4,35
-56,1,36
-54,1,38
-56,5,42
-62,6,42
-82,-1,30
-80,0,26
-61,-3,28
-49,-3,29
-45,-5,26
-49,-5,23
-52,-8,23
-50,-11,34
-65,-8,22
-53,7,20
-50,5,24
-60,10,31
-61,12,35
-54,10,29
-57,3,36
-56,9,37
-50,9,38
-62,17,33
-60,23,21
-60,19,23
-61,20,31
-68,17,30
-90,15,13
-75,14,14
-50,15,15
-52,16,15
-62,17,10
-65,3,21
-67,11,15
-45,10,7
-36,11,7
-62,9,13
-58,8,14
-55,15,14
-57,17,12
-69,14,9
-72,13,10
-69,11,15
-67,9,15
-72,6,19
-76,2,20
-70,-5,29
-63,-6,34
-57,-5,33
-48,-5,32
-46,-6,32
-58,-9,31
-61,-10,30
-49,-10,33
-45,-6,38
-43,0,40
-49,2,37
-39,1,44
-37,3,48
-45,5,48
-43,10,49
-42,10,48
-44,12,51
-43,12,51
-54,13,53
-62,11,56
-60,11,44
-55,11,36
-40,14,30
-46,14,23
-46,20,21
-56,22,16
-78,16,4
-62,11,19
-57,8,21
-58,9,17
-58,8,17
-60,11,16
-67,10,14
-58,8,20
-56,6,24
-63,3,23
-59,3,30
-72,7,15
-63,9,21
-57,6,29
-70,3,25
-84,-2,19
-72,-4,22
-62,-4,24
-50,-2,24
-50,-2,22
-45,-7,27
-43,-8,30
-54,-12,27
-61,-10,26
-55,-2,27
-49,3,29
-52,3,31
-49,5,35
-50,6,37
-54,8,38
-57,7,40
-57,5,40
-60,6,36
-58,5,36
-58,5,38
-54,7,39
-59,10,40
-69,4,40
-75,-1,37
-68,-1,32
-51,3,26
-46,7,25
-47,9,21
-52,7,20
-61,2,30
-56,2,32
-46,0,34
-49,0,34
-53,1,34
-52,3,35
-47,4,37
-52,4,39
-56,2,40
-55,-2,40
-51,-3,40
-56,-6,40
-65,-6,37
-62,-15,45
-59,-12,47
-49,-3,41
-44,-1,36
-37,-5,45
-40,-9,45
-45,-9,45
-25,-14,57
-27,-16,56
-40,-8,42
-41,-2,42
-41,4,46
-42,4,46
-38,9,51
-38,8,53
-46,14,49
-54,13,41
-45,14,48
-34,11,53
-45,15,49
-57,18,44
-60,15,42
-67,7,36
-68,10,34
-56,14,19
-46,18,17
-53,19,15
-62,22,12
-54,18,10
-62,14,9
-59,12,5
-63,15,6
-62,13,-2
-63,11,7
-60,10,8
-64,12,3
-64,12,4
-65,10,7
-65,8,7
-69,10,6
-68,10,7
-65,11,11
-68,11,12
-77,9,10
-86,8,6
-87,3,-1
-63,-3,8
-55,1,8
-46,-1,14
-41,-2,21
-48,2,30
-45,2,34
-64,1,23
-60,5,24
-47,9,31
-47,8,33
-52,9,32
-57,10,39
-59,10,42
-49,12,42
-49,11,43
-54,11,43
-52,9,43
-47,9,43
-47,8,41
-64,6,35
-74,3,32
-61,3,31
-57,4,26
-52,8,22
-55,9,21
-52,8,23
-60,1,28
-56,2,32
-53,6,26
-54,4,26
-61,3,27
-61,2,27
-68,0,31
-48,2,32
-58,1,31
-60,1,33
-57,1,36
-55,2,36
-58,2,38
-66,0,32
-82,0,29
-65,-2,26
-53,1,25
-50,1,24
-64,-6,18
-35,3,32
-55,-8,22
-45,-5,31
-55,-3,29
-64,2,20
-64,5,23
-67,5,23
-69,8,24
-62,11,27
-57,5,23
-59,12,22
-65,13,17
-61,11,19
-62,8,20
-65,7,18
-66,3,22
-49,-1,30
-78,4,13
-80,7,14
-66,10,13
-49,2,22
-55,17,6
-78,11,22
-46,-1,17
-62,23,15
-42,32,-12
-65,19,-4
-72,19,-4
-74,19,-8
-67,13,-8
-63,15,-9
-60,16,-11
-77,-9,1
-60,17,-18
-68,25,-26
-53,20,-34
-56,20,-23
-51,19,-19
-59,18,-24
-63,22,-26
-64,22,-30
-61,20,-28
-59,19,-22
-59,20,-21
-53,19,-21
-56,17,-18
-70,23,-24
-67,24,-28
-63,25,-28
-64,23,-25
-55,18,-17
-58,17,-15
-57,18,-11
-43,16,-5
-66,13,-7
-45,11,-4
-55,13,-12
-55,24,-29
-45,25,-33
-61,25,-28
-54,32,-15
-62,25,-16
-61,26,-21
-58,21,-21
-74,18,-17
-45,20,-27
-54,25,-23
-50,24,-26
-58,26,-28
-54,12,-20
-73,5,2
-84,15,-17
-44,32,-54
-20,35,-57
-38,36,-44
-41,35,-36
-49,33,-28
-45,32,-24
-51,30,-26
-54,29,-26
-50,26,-24
-70,23,-24
-69,21,-20
-45,21,-4
-63,24,-7
-59,22,-6
-54,20,-2
-64,19,-4
-64,18,-4
-58,14,3
-59,17,8
-62,15,3
-57,18,4
-60,16,-3
-63,19,-11
-63,20,-4
-66,20,0
-64,19,-2
-64,19,-5
-64,18,-3
-62,17,-3
-62,18,-4
-45,20,12
-62,17,-1
-71,18,-15
-55,22,-6
-57,20,-7
-67,17,-7
-66,17,-3
-64,16,-2
-61,15,-2
-61,14,-2
-58,17,5
-65,15,-2
-64,15,-4
-65,16,-1
-57,15,4
-58,13,-2
-74,13,-1
-68,12,5
-62,12,0
-65,13,-3
-67,14,-4
-66,13,-4
-51,9,-4
-55,10,-7
-60,10,-15
-58,5,-24
-65,5,-24
-61,7,-25
-62,6,-27
-62,6,-28
-60,8,-26
-57,9,-29
-58,9,-31
-58,9,-29
-56,10,-28
-60,9,-30
-63,10,-30
-58,9,-25
-57,8,-25
-58,8,-23
-58,8,-21
-62,7,-20
-67,9,-21
-66,9,-18
-60,9,-16
-62,9,-17
-62,11,-13
-61,10,-13
-62,10,-11
-66,11,-11
-65,11,-9
-65,12,-6
-64,11,-2
-64,13,0
-65,13,1
-61,12,5
-60,13,4
-65,13,5
-65,14,10
-61,13,10
-61,12,10
-61,11,11
-63,12,10
-62,12,12
-61,12,12
-63,13,11
-61,13,14
-62,13,13
-63,13,11
-64,13,11
-62,13,13
-61,12,12
-62,13,12
-63,13,12
-61,12,12
-60,12,12
-60,13,11
-62,13,12
-64,13,7
-62,10,13
-61,11,15
-65,12,9
-63,12,10
-58,9,11
-61,11,7
-72,12,2
-68,12,5
-63,12,5
-65,13,5
-65,10,6
-61,10,6
-65,12,5
-72,-5,5
-91,3,-6
-54,13,7
-48,14,-1
-57,17,-2
-66,17,-7
-69,17,-6
-68,17,-3
-64,14,1
-65,12,0
-65,7,1
-67,6,-2
-62,11,-5
-62,13,-7
-63,13,-8
-66,13,-11
-66,13,-10
-66,11,-8
-65,11,-7
-66,10,-7
-67,10,-4
-69,9,-2
-66,9,2
-69,10,0
-69,11,-1
-62,12,6
-58,12,7
-61,12,6
-59,12,9
-60,12,8
-62,12,8
-62,12,8
-64,13,10
-65,12,8
-66,14,6
-48,9,7
-65,11,7
-68,14,6
-65,13,7
-63,13,9
-65,13,7
-65,12,8
-61,12,10
-63,14,9
-64,13,8
-65,13,9
-64,13,7
-62,13,9
-59,10,15
-65,12,13
-63,13,13
-61,13,13
-59,12,14
-61,12,15
-62,12,15
-62,12,14
-62,12,16
-61,13,15
-59,12,16
-58,12,14
-65,13,11
-63,13,14
-63,13,13
-65,13,10
-64,12,10
-62,11,12
-63,11,10
-61,11,8
-62,12,9
-63,12,8
-65,12,7
-65,12,8
-64,13,6
-64,12,7
-65,12,6
-64,11,6
-62,12,6
-62,12,6
-64,11,4
-65,11,4
-64,12,5
-63,11,5
-63,11,4
-65,12,3
-63,12,4
-64,12,4
-64,11,4
-65,12,4
-65,13,4
-61,11,3
-60,11,4
-65,12,3
-66,12,2
-64,12,3
-62,12,4
-62,12,4
-63,12,3
-67,12,2
-65,13,0
-61,14,1
-62,13,-2
-64,12,2
-66,15,-3
-66,14,-4
-67,14,-2
-65,13,-1
-66,12,0
-67,11,-2
-66,13,0
-60,12,-1
-61,13,1
-61,13,1
-64,12,0
-66,12,3
-65,11,2
-66,10,1
-63,11,1
-63,11,2
-63,11,3
-64,11,1
-64,12,0
-63,11,1
-63,10,0
-67,12,0
-66,12,0
-63,10,1
-62,12,1
-69,11,-2
-62,12,-3
-61,12,-2
-61,12,-3
-64,12,-9
-66,12,-6
-64,14,-3
-68,14,-13
-62,13,-12
-64,13,-12
-66,15,-16
-61,14,-16
-65,14,-15
-61,7,-7
-68,18,-19
-48,13,-19
-37,14,-9
-52,14,-10
-63,15,-13
-61,15,-13
-56,12,-11
-60,7,-12
-64,5,-16
-59,7,-18
-54,5,-15
-53,1,-15
-47,-4,-14
-53,-3,-21
-53,-3,-23
-48,-1,-21
-51,0,-28
-33,-4,-23
-26,-6,-18
-65,-15,-34
-75,-17,-33
-52,-20,-20
-56,-24,-18
-58,-29,-18
-62,-36,-14
-58,-41,-11
-58,-49,-5
-54,-49,1
-47,-55,3
-51,-56,5
-50,-61,6
-47,-62,9
-44,-56,17
-37,-64,4
-33,-64,6
-8,-71,11
-2,-77,6
-19,-85,-11
-26,-84,-7
-28,-79,-4
-32,-80,-3
-21,-84,2
-30,-84,-3
-45,-60,-31
-73,-48,-55
-91,-33,-47
-50,-18,-20
-36,-13,-17
-43,-16,-8
-42,-16,1
-3,-47,65
-31,-24,47
-29,-24,15
-53,-32,28
-47,-18,1
-55,-17,10
-39,-18,4
-39,-16,6
-42,-27,12
-49,-50,1
-72,-52,-3
-55,-68,-7
-58,-66,-2
-50,-64,-7
-57,-55,-7
-39,-45,-7
-21,-51,-3
-20,-70,-10
-34,-74,-14
-20,-69,-8
-29,-68,-13
-22,-63,-20
-28,-62,-11
-31,-60,-13
-28,-56,-14
-29,-59,-13
-34,-60,-21
-19,-62,-18
-14,-78,-11
-8,-83,-8
-5,-70,-1
-4,-68,5
-20,-64,-16
-30,-79,-19
-10,-65,-9
-9,-62,7
0,-74,-1
-11,-69,3
-20,-61,3
-20,-59,-7
-11,-55,-4
9,-56,4
-14,-71,-22
-16,-69,-14
-13,-69,-13
-18,-57,-8
-18,-51,-8
-31,-48,-8
-21,-62,17
-18,-67,25
-33,-66,11
-35,-68,5
-33,-64,-5
-29,-62,-7
-29,-63,-11
-29,-66,-7
-15,-62,-3
-19,-59,-8
-12,-62,-3
-13,-62,1
-18,-61,2
-23,-58,-2
-22,-57,-1
-16,-56,5
-18,-53,7
-17,-51,10
-17,-50,11
-19,-51,12
-19,-50,14
-19,-51,15
-20,-52,15
-22,-55,14
-24,-58,12
-24,-65,13
-28,-73,13
-28,-78,11
-30,-82,10
-30,-78,8
-25,-61,5
-25,-57,5
-25,-54,2
-23,-53,1
-25,-56,-4
-28,-57,-5
-31,-54,-5
-32,-52,-6
-34,-48,-6
-33,-47,-4
-33,-48,-3
-32,-52,0
-31,-55,0
-24,-61,3
-19,-62,6
-16,-70,10
-13,-72,11
-18,-70,15
-20,-72,16
-19,-78,15
-20,-73,17
-17,-66,19
-10,-54,21
-8,-57,20
-10,-64,15
-10,-69,11
-10,-65,4
-11,-59,2
-17,-46,1
-21,-42,1
-27,-41,1
-28,-41,3
-22,-44,6
-19,-53,11
-19,-56,15
-22,-65,21
-26,-69,25
-36,-76,28
-39,-85,30
-35,-108,30
-18,-109,26
3,-68,22
0,-60,18
-12,-66,12
-19,-73,9
-23,-70,2
-20,-60,-4
-18,-57,-4
-21,-53,-1
-25,-53,-1
-34,-55,-4
-33,-56,-6
-23,-61,-6
-17,-63,-5
-9,-61,1
-8,-62,2
-10,-63,5
-15,-66,6
-25,-66,15
-34,-60,33
-25,-59,36
17,-59,41
34,-63,42
35,-76,27
26,-77,21
6,-73,12
-6,-66,12
-23,-50,10
-24,-44,8
-24,-41,6
-23,-43,6
-24,-47,6
-27,-55,8
-30,-58,9
-35,-65,14
-40,-68,16
-53,-81,19
-56,-92,18
-35,-107,18
-14,-104,20
2,-65,24
-1,-62,22
-12,-70,16
-18,-83,12
-18,-79,8
-13,-73,3
-11,-69,2
-10,-65,1
-12,-63,1
-19,-59,-3
-22,-58,-6
-21,-60,-7
-17,-61,-6
-13,-57,-2
-11,-60,-1
-8,-63,0
-15,-58,8
-24,-52,17
-31,-46,29
-18,-45,29
14,-56,34
24,-70,33
26,-87,24
21,-87,21
1,-73,17
-10,-65,16
-25,-56,14
-27,-54,12
-24,-49,11
-20,-50,14
-19,-52,14
-23,-55,17
-27,-56,18
-34,-65,21
-39,-73,22
-53,-94,21
-48,-103,18
-5,-84,18
1,-69,17
-9,-74,10
-15,-79,8
-18,-74,4
-17,-62,2
-17,-57,2
-16,-49,4
-18,-48,3
-21,-48,2
-22,-49,3
-19,-56,3
-15,-61,2
-3,-62,5
2,-63,8
4,-64,12
-6,-67,8
-13,-70,8
-31,-69,20
-32,-67,27
-17,-60,33
-3,-57,34
15,-65,28
15,-71,21
6,-76,9
0,-76,7
-14,-62,4
-20,-52,3
-27,-41,3
-31,-37,5
-30,-37,6
-24,-41,10
-23,-44,12
-18,-50,19
-15,-56,22
-14,-65,28
-18,-71,30
-31,-93,30
-36,-109,28
-12,-114,22
1,-91,23
-1,-60,22
-12,-62,13
-17,-69,12
-21,-70,5
-21,-66,0
-20,-64,0
-18,-62,2
-16,-58,1
-18,-58,0
-22,-56,-2
-22,-57,-2
-16,-57,-1
-13,-57,0
-9,-57,2
-10,-55,4
-11,-54,6
-14,-52,13
-14,-57,14
-9,-70,17
-7,-73,22
-5,-77,35
-1,-77,39
10,-78,36
12,-82,27
11,-84,11
7,-86,6
-7,-81,1
-19,-58,-2
-23,-49,-3
-28,-40,-3
-29,-39,-4
-29,-39,-4
-27,-39,-2
-24,-43,4
-24,-45,7
-25,-52,13
-25,-56,16
-22,-62,22
-17,-71,26
-15,-79,26
-15,-98,24
-14,-100,24
-14,-80,24
-14,-70,22
-14,-64,11
-13,-66,6
-12,-68,1
-14,-67,-4
-18,-61,-17
-19,-60,-21
-16,-57,-20
-13,-59,-12
-11,-59,-6
-7,-57,0
-5,-55,1
0,-58,1
-1,-60,2
-11,-62,1
-17,-64,-1
-22,-72,-5
-22,-74,-6
-25,-79,-4
-26,-77,-1
-28,-69,7
-30,-62,12
-29,-63,13
-19,-65,11
-13,-65,11
-8,-63,11
-11,-62,10
-16,-59,9
-19,-58,10
-21,-61,11
-18,-63,12
-10,-63,14
-7,-62,16
-1,-58,20
0,-54,21
-2,-54,19
-6,-53,17
-7,-54,16
-11,-59,13
-13,-63,11
-18,-67,8
-20,-68,7
-22,-66,6
-22,-65,6
-23,-64,6
-24,-63,5
-23,-65,5
-23,-66,5
-22,-65,5
-21,-62,5
-21,-61,6
-22,-61,7
-24,-62,9
-25,-64,10
-26,-66,11
-27,-67,14
-32,-68,15
-33,-66,14
-40,-64,10
-47,-64,9
-57,-61,7
-57,-60,7
-55,-57,11
-56,-56,11
-64,-49,9
-67,-46,12
-64,-37,13
-64,-35,13
-62,-25,18
-56,-18,20
-35,-3,24
-28,10,30
-29,15,33
-35,22,37
-38,24,37
-39,24,39
-42,22,39
-53,18,30
-54,13,26
-48,9,28
-41,9,30
-35,3,28
-43,-2,17
-67,-9,14
-50,-9,10
-73,-11,1
-74,-9,1
-70,-6,3
-65,-6,-1
-59,-6,-2
-76,-7,-14
-82,-5,-15
-61,-3,-8
-56,-3,-6
-65,-6,-9
-69,-7,-9
-65,-8,-5
-61,-9,-6
-60,-9,-8
-67,-7,-9
-63,-7,-8
-59,-10,-7
-58,-9,-9
-63,-9,-12
-70,-7,-13
-58,-7,-20
-64,-6,-22
-63,-3,-26
-62,-3,-26
-64,-4,-21
-58,-4,-24
-62,-2,-32
-58,-2,-28
-59,-3,-26
-59,-4,-24
-59,-3,-25
-58,-2,-27
-58,-1,-26
-59,0,-30
-55,0,-29
-61,1,-30
-59,1,-32
-56,2,-32
-58,2,-30
-58,1,-27
-60,2,-30
-59,4,-33
-57,4,-30
-59,3,-28
-58,2,-27
-57,3,-28
-57,3,-27
-56,4,-28
-57,4,-29
-59,3,-29
-59,3,-29
-60,4,-28
-61,4,-27
-61,4,-27
-63,4,-27
-62,5,-28
-61,5,-28
-58,7,-26
-57,8,-26
-55,13,-28
-54,14,-26
-54,15,-24
-56,16,-25
-56,17,-27
-57,20,-28
-56,21,-30
-57,23,-32
-54,22,-31
-51,21,-29
-51,21,-29
-48,23,-33
-47,23,-34
-49,24,-33
-48,24,-31
-46,24,-34
-45,25,-32
-39,27,-35
-50,25,-37
-47,26,-37
-48,25,-37
-49,25,-39
-49,25,-42
-50,24,-43
-49,20,-46
-44,20,-45
-44,19,-44
-44,18,-46
-46,17,-47
-39,18,-39
-38,18,-36
-45,20,-41
-42,22,-42
-41,22,-39
-43,20,-41
-49,21,-43
-46,22,-39
-40,26,-41
-41,27,-41
-41,25,-34
-39,30,-38
-40,32,-40
-41,35,-42
-38,36,-42
-38,35,-43
-40,36,-46
-40,36,-49
-37,35,-49
-36,34,-50
-40,32,-51
-41,26,-50
-37,24,-44
-28,23,-39
-29,24,-41
-34,24,-51
-36,17,-43
-37,16,-40
-34,19,-44
-35,20,-44
-40,20,-42
-42,19,-43
-41,17,-45
-42,17,-47
-44,15,-45
-45,13,-44
-48,11,-45
-51,11,-45
-56,12,-47
-57,10,-51
-57,8,-52
-54,5,-47
-49,6,-42
-40,6,-40
-39,6,-39
-46,7,-41
-47,7,-41
-47,8,-36
-46,11,-37
-46,16,-38
-46,22,-38
-47,24,-36
-49,26,-36
-48,27,-39
-48,29,-39
-47,29,-39
-45,27,-48
-44,25,-53
-47,23,-61
-47,21,-60
-37,18,-48
-31,19,-46
-29,17,-50
-35,17,-43
-35,18,-41
-35,16,-40
-36,15,-40
-39,16,-41
-40,17,-43
-40,16,-46
-41,15,-46
-41,12,-47
-42,11,-47
-47,9,-45
-50,9,-45
-56,10,-46
-59,10,-50
-60,9,-52
-60,6,-53
-56,3,-49
-41,3,-40
-38,4,-40
-40,6,-41
-44,8,-42
-43,7,-40
-43,8,-37
-42,11,-37
-42,15,-39
-44,21,-36
-47,25,-35
-48,27,-38
-50,30,-43
-49,31,-40
-46,33,-42
-45,31,-47
-45,25,-54
-47,24,-55
-43,19,-57
-40,15,-51
-25,13,-41
-25,14,-44
-32,15,-49
-40,14,-45
-38,12,-44
-37,12,-43
-39,13,-44
-39,15,-46
-40,16,-48
-41,14,-50
-40,12,-50
-43,10,-49
-46,9,-49
-49,8,-49
-53,8,-51
-56,8,-53
-62,8,-55
-61,7,-51
-46,6,-38
-41,6,-38
-40,6,-41
-41,6,-43
-41,4,-41
-41,4,-39
-40,8,-37
-41,12,-37
-41,18,-35
-49,24,-35
-51,25,-36
-53,26,-39
-52,27,-41
-49,28,-43
-48,27,-45
-44,25,-49
-43,23,-51
-43,20,-60
-45,16,-59
-37,12,-46
-31,12,-42
-32,15,-50
-38,14,-50
-39,12,-47
-35,10,-44
-35,9,-43
-36,10,-43
-39,11,-45
-42,10,-46
-42,10,-46
-41,8,-47
-42,7,-47
-49,5,-47
-50,4,-47
-53,3,-48
-59,4,-57
-63,5,-61
-60,0,-48
-50,0,-42
-43,0,-41
-40,0,-43
-43,2,-43
-43,1,-41
-43,3,-38
-42,4,-36
-43,10,-36
-46,17,-34
-47,19,-34
-52,22,-39
-55,22,-42
-52,24,-40
-51,25,-39
-48,25,-47
-48,24,-51
-48,20,-62
-48,16,-60
-36,11,-43
-25,13,-45
-30,12,-50
-35,11,-42
-35,12,-40
-38,11,-40
-41,10,-39
-42,12,-40
-42,13,-42
-43,10,-44
-42,8,-45
-43,7,-47
-45,5,-48
-51,2,-47
-52,0,-47
-52,0,-46
-58,2,-57
-60,1,-59
-56,-3,-49
-46,-4,-45
-44,-1,-46
-43,0,-46
-42,0,-45
-41,-2,-44
-42,-1,-44
-42,1,-42
-40,6,-38
-41,8,-36
-46,15,-38
-52,17,-40
-52,18,-41
-51,22,-43
-50,23,-44
-47,20,-48
-46,20,-51
-43,22,-55
-44,21,-59
-39,11,-52
-29,8,-43
-30,13,-48
-36,13,-52
-39,10,-47
-35,9,-44
-36,8,-42
-39,9,-42
-40,9,-43
-41,10,-43
-42,9,-43
-40,7,-46
-41,6,-47
-45,4,-46
-45,2,-46
-50,3,-50
-54,5,-51
-58,6,-56
-63,2,-62
-60,-2,-54
-45,-4,-40
-42,-4,-41
-39,-2,-42
-40,-2,-43
-43,-2,-41
-46,0,-37
-46,2,-36
-47,4,-38
-47,11,-39
-48,14,-39
-49,19,-38
-53,19,-42
-50,20,-42
-46,23,-40
-46,22,-43
-47,20,-52
-48,18,-54
-49,16,-57
-47,14,-53
-33,11,-40
-32,11,-43
-36,11,-49
-40,11,-49
-40,10,-45
-39,7,-44
-39,7,-43
-43,10,-46
-45,10,-47
-42,6,-45
-40,5,-44
-40,5,-46
-43,5,-44
-45,2,-43
-46,2,-45
-51,4,-47
-61,5,-53
-66,3,-50
-53,1,-38
-49,0,-39
-47,1,-45
-46,1,-45
-52,0,-41
-51,-1,-39
-53,0,-38
-49,2,-35
-52,4,-36
-51,6,-36
-52,7,-34
-54,8,-37
-54,7,-35
-52,8,-34
-53,8,-37
-53,5,-42
-51,4,-44
-50,4,-41
-50,5,-41
-49,4,-41
-50,4,-40
-45,5,-36
-45,6,-37
-43,7,-45
-44,3,-47
-46,3,-46
-49,2,-47
-49,1,-51
-47,-1,-49
-47,-1,-45
-49,-3,-39
-54,-6,-43
-59,-9,-50
-53,-10,-45
-57,-9,-32
-61,-9,-28
-60,-9,-31
-53,-9,-31
-51,-8,-27
-55,-10,-21
-57,-11,-21
-67,-15,-25
-62,-17,-20
-50,-15,-9
-56,-15,-12
-63,-19,-13
-60,-18,-8
-57,-18,-4
-58,-18,-7
-61,-19,-11
-57,-21,-7
-60,-21,-8
-63,-23,-7
-60,-24,-6
-55,-24,-5
-56,-23,-8
-60,-25,-8
-58,-24,-5
-57,-24,-3
-61,-26,-6
-64,-26,-7
-58,-24,-6
-57,-24,-7
-59,-25,-9
-59,-27,-10
-57,-28,-4
-55,-27,-3
-60,-27,-8
-62,-29,-9
-58,-29,-1
-58,-28,0
-62,-25,-6
-66,-25,-6
-62,-25,-4
-61,-26,-1
-61,-25,-1
-63,-24,-2
-61,-24,-1
-62,-24,1
-63,-24,2
-64,-25,1
-58,-25,2
-60,-25,3
-61,-24,2
-61,-23,0
-62,-22,1
-59,-21,0
-59,-22,3
-62,-23,4
-67,-24,5
-56,-27,10
-49,-27,22
-54,-30,22
-66,-33,22
-64,-31,22
-44,-31,29
-45,-33,32
-44,-35,35
-34,-34,41
-34,-35,41
-42,-38,40
-42,-38,46
-50,-33,45
-47,-33,35
-57,-34,22
-55,-25,23
-46,-11,17
-54,-6,13
-57,-4,6
-58,2,4
-63,13,3
-66,13,3
-68,14,4
-72,17,5
-70,19,7
-72,20,14
-66,15,15
-70,9,21
-69,6,26
-60,2,30
-56,1,29
-53,-4,36
-58,-5,38
-52,-5,40
-44,-7,51
-51,-10,54
-45,-10,45
-40,-10,46
-37,-19,56
-33,-20,53
-29,-26,51
-24,-31,53
-12,-28,53
-9,-27,49
-6,-29,45
-5,-34,48
0,-36,50
-1,-35,45
-2,-37,47
2,-39,52
5,-39,54
5,-45,61
-6,-44,53
-1,-36,55
-2,-39,56
1,-39,60
-1,-36,57
-9,-43,68
-8,-44,71
-9,-31,63
-23,-15,53
-25,-13,55
-21,-5,52
-23,-2,42
-10,-4,39
4,-9,47
22,-19,54
18,-21,53
7,-35,53
5,-40,54
-9,-43,52
-18,-51,54
-9,-52,59
-4,-38,56
-11,-33,54
-20,-32,49
-10,-31,53
-6,-36,60
-6,-38,61
-10,-38,63
-10,-37,63
-12,-38,59
-18,-43,54
-16,-51,47
-16,-49,40
-33,-43,31
-22,-34,36
-14,-28,42
-20,-11,39
-24,-4,38
-24,0,44
-31,8,44
-58,15,35
-63,19,37
-65,16,41
-52,17,50
-50,3,60
-52,-10,61
-47,-10,61
-43,-9,53
-43,-14,53
-32,-20,58
-35,-20,60
-44,-22,44
-44,-22,44
-39,-18,52
-39,-17,51
-37,-15,49
-37,-15,52
-35,-14,56
-33,-10,57
-39,-9,56
-48,-9,54
-45,-8,56
-40,-7,57
-43,-6,54
-47,-3,51
-47,-1,50
-44,3,50
-45,4,48
-43,4,49
-36,5,50
-35,8,46
-34,2,45
-27,-1,47
-25,-5,50
-34,-7,46
-23,-16,49
-16,-17,52
-17,-14,53
-24,-18,51
-13,-20,54
-13,-19,55
-45,-22,45
-33,-21,55
-36,-23,59
-44,-29,57
-43,-33,51
-41,-20,49
-45,-19,50
-34,-19,59
-38,-17,38
-41,-28,46
-33,-11,55
-36,-15,49
-40,-12,44
-39,-11,52
-39,-10,53
-37,-8,54
-41,-9,46
-38,-13,49
-35,-13,51
-34,-14,57
-36,-16,51
-37,-14,48
-37,-14,48
-37,-16,50
-37,-19,53
-38,-20,53
-35,-19,51
-35,-17,49
-33,-19,51
-33,-20,52
-32,-19,54
-31,-19,54
-31,-19,52
-32,-15,50
-32,-15,49
-34,-18,48
-34,-19,50
-36,-21,53
-40,-23,52
-39,-23,51
-41,-23,48
-51,-32,43
-49,-34,34
-47,-15,33
-69,-28,19
-46,-31,26
-21,-26,44
-15,-14,56
-22,5,55
-19,9,50
-3,21,57
-4,19,56
-32,6,59
-33,5,65
-34,5,66
-43,1,60
-50,1,57
-52,-7,52
-49,-6,55
-48,-8,49
-49,-9,47
-44,-7,42
-39,-2,42
-43,4,41
-51,4,45
-52,0,52
-40,-3,55
-38,-6,54
-38,-10,51
-37,-10,50
-36,-13,49
-37,-15,49
-40,-14,50
-42,-14,49
-44,-11,48
-44,-10,48
-42,-13,48
-41,-14,48
-39,-16,48
-41,-16,45
-44,-16,45
-45,-15,44
-43,-15,44
-40,-14,42
-39,-13,42
-38,-10,42
-38,-8,42
-42,-6,45
-49,-6,49
-51,-5,52
-45,-2,53
-44,0,52
-48,1,51
-46,2,51
-42,1,51
-42,2,51
-43,3,52
-45,4,52
-44,3,53
-41,2,54
-35,-1,55
-33,-3,54
-32,-4,52
-32,-5,50
-33,-6,48
-32,-8,49
-33,-10,51
-34,-14,53
-33,-15,54
-31,-14,54
-31,-13,52
-27,-9,51
-28,-12,51
-43,-28,54
-40,-32,51
-25,-24,49
-18,-20,42
-18,-24,38
-14,-33,31
-9,-36,28
-7,-45,23
-21,-52,23
-50,-63,26
-51,-65,24
-37,-58,23
-30,-55,23
-25,-57,24
-36,-63,28
-53,-74,25
-51,-78,19
-48,-85,19
-47,-107,29
-38,-110,35
-7,-69,31
-2,-62,24
-4,-68,16
-7,-70,16
-12,-82,17
-13,-76,15
-14,-63,10
-14,-60,8
-15,-59,6
-19,-58,3
-19,-57,2
-14,-62,2
-11,-63,3
-9,-61,6
-8,-63,6
-6,-65,4
-6,-65,4
-15,-59,11
-25,-53,22
-31,-46,34
-19,-52,35
14,-70,36
33,-80,25
29,-76,18
7,-65,9
-7,-59,8
-29,-48,9
-37,-45,10
-44,-43,8
-43,-44,7
-36,-47,13
-36,-53,18
-37,-59,27
-37,-61,28
-44,-74,27
-42,-96,22
-31,-103,19
-2,-93,16
4,-82,15
2,-84,11
-1,-85,10
-14,-81,7
-17,-76,2
-17,-62,-5
-16,-59,-5
-16,-55,-5
-19,-49,-5
-21,-47,-4
-22,-50,-3
-21,-55,-2
-15,-59,0
-11,-61,2
-3,-61,8
-2,-63,11
-12,-59,21
-20,-56,29
-14,-60,32
-3,-62,33
14,-75,29
16,-79,20
13,-75,17
0,-64,11
-8,-59,8
-24,-51,4
-30,-51,2
-38,-50,0
-40,-53,-1
-47,-62,5
-53,-64,10
-59,-76,16
-57,-88,18
-34,-111,19
5,-112,14
9,-89,12
1,-74,9
-6,-77,10
-14,-78,11
-14,-74,6
-15,-67,-3
-14,-63,-5
-14,-56,-5
-15,-55,-5
-18,-52,-6
-20,-52,-6
-17,-55,-6
-14,-57,-4
-13,-58,-1
-12,-61,5
-9,-61,7
-10,-63,19
-14,-60,29
-10,-55,34
-2,-56,33
12,-67,32
13,-76,29
8,-81,22
4,-73,14
0,-68,10
-11,-60,4
-18,-57,1
-29,-53,-2
-34,-54,-4
-44,-61,-4
-49,-63,-2
-58,-64,6
-62,-66,9
-64,-80,14
-59,-92,16
-18,-111,17
12,-90,13
11,-82,9
-1,-81,10
-8,-86,12
-13,-76,8
-16,-71,3
-16,-64,-5
-15,-62,-6
-15,-57,-6
-17,-53,-5
-20,-53,-4
-18,-55,-3
-14,-57,-2
-9,-61,1
-7,-65,2
-3,-67,4
-5,-65,7
-17,-53,11
-25,-49,18
-28,-60,30
-10,-65,27
28,-75,25
34,-79,23
24,-79,17
12,-76,15
-16,-68,7
-43,-64,0
-47,-64,-4
-41,-62,-8
-32,-59,-10
-34,-48,-20
-48,-41,-38
-85,-42,-61
-105,-54,-64
-125,-82,-63
-87,-87,-56
-38,-85,-34
-31,-89,-31
-22,-88,-7
-21,-79,-10
-19,-73,-12
-15,-58,-10
-13,-51,-6
-8,-45,-1
-9,-42,-1
-12,-37,-2
-12,-38,-3
-11,-47,-4
-11,-53,-5
-13,-64,-4
-12,-66,-3
-14,-77,4
-37,-71,28
-39,-71,29
-18,-70,26
-3,-76,26
16,-85,22
19,-83,21
14,-75,18
7,-70,16
-12,-62,5
-20,-58,0
-31,-51,-8
-36,-51,-8
-47,-57,-4
-54,-57,3
-58,-57,6
-66,-62,9
-64,-65,9
-54,-98,11
-27,-105,9
8,-102,9
4,-90,10
-22,-88,10
-48,-105,4
-61,-113,-10
-48,-121,-12
-27,-121,-5
-48,-108,-2
-37,-86,-5
-7,-50,2
2,-33,14
1,-34,19
8,-37,6
-27,-36,-5
-13,-20,12
-3,-2,23
-12,-11,29
-10,-26,58
-13,-30,80
-20,-29,84
-31,-25,80
-32,-19,75
-33,-10,64
-32,-5,61
-31,0,59
-35,3,58
-37,8,57
-34,13,57
-37,18,58
-43,20,58
-51,23,69
-58,14,77
-63,7,83
-66,-9,89
-62,-12,84
-57,-11,64
-60,-11,54
-58,-14,42
-50,-14,39
-40,-12,30
-38,-8,24
-39,-8,22
-36,-7,22
-32,-6,26
-27,-11,30
-27,-12,35
-16,-11,45
-11,-13,49
-10,-22,49
-13,-23,58
-24,-27,68
-34,-31,77
-41,-35,79
-33,-30,81
-15,-23,76
-15,-26,64
-21,-28,60
-29,-27,52
-30,-26,46
-30,-18,35
-30,-14,32
-37,-10,30
-39,-8,32
-40,-6,37
-37,-3,40
-32,-2,50
-33,-5,54
-35,-5,61
-48,-15,74
-55,-25,81
-58,-46,87
-53,-47,82
-39,-31,65
-39,-27,54
-47,-27,40
-49,-27,35
-44,-26,30
-41,-26,29
-34,-24,27
-34,-23,26
-38,-22,25
-38,-25,27
-37,-29,30
-24,-35,35
-14,-36,36
3,-42,32
7,-45,28
10,-53,18
6,-59,16
-17,-74,22
-29,-80,26
-21,-92,33
-35,-91,26
-28,-87,-2
15,-95,13
21,-94,18
10,-77,6
6,-67,-3
-6,-48,-22
-16,-43,-25
-37,-40,-25
-46,-43,-21
-48,-44,-12
-43,-41,-7
-48,-46,8
-68,-66,16
-72,-80,13
-38,-107,20
-12,-103,29
-1,-76,30
-6,-70,29
-25,-70,22
-39,-72,12
-63,-80,-8
-56,-79,-12
-23,-66,-5
-18,-59,1
-34,-50,-1
-46,-45,-6
-46,-46,-7
-41,-46,-6
-42,-46,-6
-43,-45,-4
-42,-43,-2
-39,-40,2
-38,-38,4
-48,-36,11
-58,-36,21
-63,-46,41
-51,-49,53
-37,-36,58
-29,-27,51
-29,-27,47
-48,-38,37
-56,-37,30
-51,-23,25
-47,-17,26
-45,-12,25
-46,-11,27
-51,-10,32
-53,-10,38
-48,-11,45
-49,-10,49
-57,-8,52
-65,-3,47
-66,1,44
-75,19,35
-75,30,34
-67,47,28
-68,52,21
-75,47,9
-63,41,6
-57,29,7
-65,21,6
-62,5,2
-64,1,7
-72,-12,5
-58,-8,15
-64,-1,15
-39,14,27
-34,17,24
-34,23,16
-34,27,18
-41,26,15
-53,32,13
-55,39,33
-46,42,36
-47,44,27
-37,46,36
-39,46,34
-40,42,32
-37,40,34
-29,35,30
-27,33,31
-27,39,35
-29,42,37
-32,42,34
-28,43,35
-22,45,39
-27,46,38
-31,46,38
-26,47,36
-24,47,35
-31,47,33
-26,48,33
-22,50,34
-26,49,37
-26,50,36
-24,49,34
-22,51,33
-27,48,38
-22,46,37
-20,54,28
-24,58,16
-22,58,20
-26,49,38
-24,53,35
-22,51,31
-19,52,34
-21,51,34
-15,54,32
-15,53,32
-13,52,34
-18,51,32
-22,48,35
-17,51,35
-22,48,37
-22,50,36
-19,48,36
-25,39,36
-24,32,38
-37,29,55
-19,38,46
-23,-4,58
-10,18,64
-19,32,39
-18,37,28
-9,44,15
-4,49,12
2,52,16
3,56,24
13,58,33
17,56,46
10,53,49
1,50,57
-9,47,57
-19,46,63
-21,48,62
-23,44,63
-22,42,64
-17,37,64
-16,37,63
-14,32,60
-16,31,58
-15,31,56
-19,32,49
-20,33,47
-21,35,47
-21,36,46
-20,38,49
-20,40,50
-19,42,53
-18,45,54
-19,49,54
-20,50,54
-22,48,52
-18,48,48
-16,48,47
-13,47,43
-11,48,43
-11,48,42
-8,47,41
-8,42,42
-13,40,42
-16,41,43
-15,40,44
-10,40,47
-9,39,46
-4,39,44
-4,39,45
-3,40,46
2,41,42
3,41,42
-3,40,43
-2,41,43
1,42,45
2,41,44
-1,40,43
-2,41,45
1,43,44
3,44,44
5,45,42
8,40,44
-11,35,51
0,43,48
2,43,42
-5,43,43
-4,46,45
4,47,44
5,46,43
7,47,44
7,47,43
8,46,44
8,46,44
8,46,44
6,46,43
5,46,43
6,46,43
6,46,44
6,46,44
6,45,44
6,46,45
6,45,44
7,45,44
6,46,44
6,46,44
5,46,44
5,46,44
6,45,44
6,45,44
5,45,42
4,45,42
4,45,43
5,45,43
4,44,42
2,43,42
2,44,41
2,45,41
2,45,40
4,45,40
4,43,40
5,44,37
6,47,36
7,48,37
6,48,38
6,45,40
6,44,40
7,44,40
7,45,39
3,44,37
1,47,35
-5,48,36
-10,47,40
-11,49,42
-15,51,49
-20,51,54
-26,44,62
-23,41,63
-16,36,62
-15,37,59
-20,32,51
-21,32,48
-27,31,48
-26,31,48
-23,32,52
-26,31,53
-28,30,53
-29,28,54
-28,27,55
-27,26,55
-27,25,54
-26,24,54
-26,23,54
-25,23,53
-25,23,53
-25,22,52
-26,22,54
-27,21,54
-26,21,56
-26,20,56
-26,20,57
-25,19,57
-23,19,58
-23,19,57
-24,20,57
-24,20,57
-23,20,57
-23,21,57
-23,22,55
-23,22,54
-23,23,54
-22,23,54
-22,23,54
-21,23,54
-22,23,54
-22,23,54
-22,23,55
-21,23,57
-21,23,56
-19,23,56
-20,23,55
-21,24,55
-20,24,54
-19,25,53
-19,26,53
-20,27,53
-20,27,55
-22,26,55
-22,25,56
-22,24,57
-21,24,57
-21,23,56
-21,23,56
-20,23,56
-21,21,54
-19,23,56
-20,24,56
-19,26,56
-18,27,56
-19,28,55
-18,28,54
-19,28,53
-18,28,53
-18,27,54
-18,26,54
-18,26,54
-16,26,55
-17,26,56
-17,27,56
-18,28,56
-18,29,56
-18,29,55
-18,30,54
-19,30,54
-19,30,52
-19,30,52
-18,32,51
-17,33,50
-15,34,48
-15,36,47
-15,37,46
-17,39,45
-19,39,46
-22,40,46
-20,40,47
-20,39,49
-20,39,49
-20,39,49
-20,40,48
-21,40,47
-21,41,46
-21,41,45
-21,43,45
-21,43,44
-22,44,45
-23,44,45
-22,44,43
-20,44,43
-17,47,45
-19,46,44
-19,46,45
-19,46,43
-22,46,43
-21,46,43
-19,44,41
-18,41,40
-19,41,40
-17,42,39
-17,42,37
-17,42,38
-17,42,39
-17,44,39
-17,44,40
-18,45,42
-18,45,43
-18,46,42
-19,46,42
-20,46,42
-21,46,41
-21,46,41
-21,46,40
-21,46,41
-21,45,41
-21,45,42
-21,44,42
-20,44,42
-20,43,43
-20,43,42
-20,43,43
-20,43,43
-20,43,44
-20,43,44
-20,43,44
-20,43,44
-20,43,44
-19,42,44
-19,43,43
-19,43,43
-19,43,43
-20,43,44
-19,44,44
-20,44,44
-19,44,43
-19,44,44
-19,44,43
-19,44,43
-19,43,43
-19,44,43
-18,43,42
-18,44,42
-18,44,42
-18,45,42
-18,44,41
-18,45,41
-18,45,41
-17,45,41
-18,46,41
-19,46,40
-19,47,40
-18,47,40
-19,47,40
-19,46,40
-19,46,40
-19,46,40
-18,45,40
-17,45,41
-17,45,41
-17,46,42
-18,46,42
-18,45,43
-18,46,43
-18,47,42
-19,48,40
-18,48,39
-19,49,37
-19,49,36
-19,49,35
-19,49,35
-18,49,35
-18,49,35
-19,49,36
-20,48,38
-19,47,39
-19,47,41
-18,47,42
-17,47,42
-18,46,43
-17,47,43
-17,47,42
-16,47,42
-17,47,42
-17,46,41
-16,46,41
-15,46,40
-15,46,40
-15,47,40
-16,46,41
-16,46,42
-16,45,43
-16,45,43
-14,45,44
-14,44,44
-14,44,45
-14,44,45
-13,43,46
-13,43,46
-13,43,46
-13,43,45
-13,43,45
-13,43,44
-13,44,44
-13,44,43
-13,44,42
-14,45,43
-14,45,43
-14,45,44
-13,45,44
-13,45,45
-13,45,45
-13,44,46
-12,44,45
-12,44,45
-12,44,44
-12,44,44
-11,44,44
-11,44,44
-12,44,44
-12,45,44
-12,45,44
-12,45,44
-12,45,44
-11,45,45
-11,45,44
-11,45,45
-11,45,44
-11,45,44
-11,45,44
-11,45,43
-11,45,43
-11,45,43
-11,45,44
-11,45,44
-11,46,44
-12,46,43
-12,46,44
-12,46,43
-11,46,44
-11,46,44
-11,46,44
-11,46,44
-11,45,43
-11,45,43
-11,45,43
-11,45,44
-11,45,43
-11,45,44
-11,45,44
-11,45,44
-11,45,44
-11,45,44
-11,45,44
-11,45,43
-11,45,43
-11,45,43
-11,45,44
-11,45,44
-11,45,44
-11,45,44
-11,45,44
-11,45,44
-12,45,44
-11,45,44
-11,45,44
-11,45,44
-11,45,44
-11,45,44
-11,46,44
-12,45,44
-12,46,44
-12,46,44
-11,45,44
-11,45,44
-12,45,43
-12,45,43
-12,45,43
-11,46,43
-12,46,43
-12,46,44
-12,46,44
-12,45,43
-12,46,44
-11,46,44
-11,46,43
-12,46,43
-12,46,43
-12,45,43
-11,45,43
-11,46,43
-12,46,43
-12,46,43
-12,46,44
-12,46,44
-11,46,44
-11,45,44
-11,45,44
-11,45,43
-12,45,44
-11,46,45
-11,47,45
-11,46,42
-12,46,39
-9,47,41
-10,46,43
-12,46,44
-11,47,44
-12,47,43
-10,47,43
-11,46,45
-12,44,43
-11,44,44
-12,44,43
-12,44,43
-11,45,45
-11,45,45
-12,45,44
-12,45,43
-12,46,45
-11,47,44
-13,47,42
-12,47,42
-13,46,41
-14,46,41
-17,52,43
-14,49,39
-16,49,38
-18,48,33
-17,48,33
-16,54,39
-15,55,37
-11,55,37
-13,52,33
-22,50,30
-19,49,33
-8,50,41
-6,49,41
-9,49,42
-13,48,38
-11,49,41
-12,49,40
-12,49,40
-12,49,40
-11,49,39
-11,49,39
-12,49,39
-11,49,39
-11,49,39
-11,49,40
-12,49,40
-12,49,40
-12,49,39
-11,49,39
-11,49,39
-11,49,39
-12,49,40
-12,49,40
-12,49,40
-11,49,39
-12,49,39
-12,49,39
-12,49,38
-12,49,38
-12,50,38
-12,50,39
-12,50,38
-12,50,39
-12,49,39
-12,49,39
-12,49,38
-13,49,38
-12,49,39
-12,49,39
-12,49,39
-12,48,39
-12,49,39
-13,49,39
-13,49,40
-13,49,40
-13,49,40
-13,49,40
-13,48,38
-14,49,38
-14,48,38
-14,48,38
-15,49,38
-15,49,38
-14,49,40
-15,50,41
-15,49,41
-14,48,42
-13,48,42
-13,49,42
-13,48,41
-13,46,41
-14,46,41
-15,46,39
-16,46,38
-16,47,37
-16,48,37
-18,49,37
-18,50,39
-18,50,39
-18,50,40
-18,50,40
-17,49,40
-16,49,40
-17,50,39
-17,50,38
-17,50,38
-18,51,38
-18,51,39
-17,50,39
-15,49,38
-15,49,39
-15,49,40
-15,49,41
-15,48,41
-14,47,42
-13,47,41
-12,46,41
-13,46,41
-14,45,42
-14,44,43
-13,43,44
-13,43,44
-12,43,45
-9,41,47
-7,41,47
-5,41,47
-6,41,46
-8,43,45
-8,43,44
-8,43,44
-9,43,44
-10,44,43
-10,45,44
-11,44,45
-10,45,46
-9,45,46
-10,46,46
-11,47,46
-13,50,45
-13,51,44
-14,54,44
-13,55,44
-12,56,41
-7,59,43
-10,61,37
-15,60,31
-11,60,34
-17,56,34
-13,55,33
-7,54,37
-10,52,38
-7,45,41
-2,44,42
5,45,37
4,43,37
3,41,37
2,42,36
2,44,34
2,43,34
5,47,34
7,45,37
-12,38,49
-2,47,43
13,47,35
3,45,38
-1,52,49
12,55,37
9,56,34
3,61,30
-2,61,30
-6,58,30
-8,58,29
-14,55,31
-11,54,32
-8,54,33
-4,53,33
-3,53,33
-1,54,33
1,55,32
1,56,36
-2,50,37
-18,38,57
-13,42,52
2,45,34
-13,45,35
-5,55,36
8,57,31
12,57,27
10,59,26
10,59,26
11,58,27
12,58,28
10,57,32
9,55,32
8,55,31
8,56,31
9,55,32
10,55,33
11,55,33
13,53,35
15,51,38
17,48,43
19,46,45
23,44,46
25,44,46
25,44,43
24,45,40
22,44,39
14,44,39
5,47,34
-1,47,28
10,48,29
17,49,29
17,49,31
19,49,33
19,48,32
21,47,34
22,46,35
25,47,38
27,47,39
30,45,40
30,45,40
28,45,38
27,44,36
27,45,36
27,45,36
28,45,36
28,45,37
28,45,36
28,45,36
28,45,36
30,46,36
30,47,36
31,48,36
30,48,37
29,45,38
23,43,40
25,42,42
20,41,36
24,39,39
24,36,43
21,36,41
23,35,41
23,33,44
23,34,46
22,35,46
21,35,46
21,36,47
21,37,46
21,39,45
21,39,45
22,40,47
22,40,46
21,40,45
22,40,45
21,40,46
21,39,46
22,38,45
22,38,45
21,38,46
22,38,45
22,38,44
22,37,45
22,37,46
22,37,45
22,36,45
22,36,46
22,36,47
23,36,46
23,37,45
23,37,45
22,37,46
22,36,45
21,37,46
21,37,46
22,38,47
22,38,47
21,36,46
21,37,47
23,38,46
22,38,46
22,37,44
22,37,45
23,36,46
23,36,47
22,36,46
22,35,47
22,35,47
23,36,48
24,36,48
22,36,47
22,36,47
21,36,46
22,36,46
22,35,48
22,35,47
22,35,47
22,35,47
22,35,48
23,35,47
23,34,47
24,34,48
24,35,48
23,35,48
23,34,48
23,34,47
23,34,47
23,34,47
23,34,47
23,34,47
23,34,47
24,34,47
24,34,47
23,34,47
22,34,48
21,34,48
22,34,49
22,34,48
22,34,49
21,33,49
21,34,48
22,34,47
22,34,47
22,35,48
23,35,48
22,34,48
22,34,48
22,34,48
22,33,48
22,33,50
22,34,49
22,34,49
22,34,48
21,33,48
21,33,48
21,34,48
21,33,47
21,34,47
21,34,48
22,34,48
21,34,48
21,35,48
21,34,48
21,34,49
20,35,50
20,34,50
20,34,50
19,34,49
19,34,49
20,34,49
20,34,48
20,34,48
20,35,48
21,34,48
20,35,48
20,35,49
20,35,48
21,34,48
21,34,49
20,34,49
20,34,49
20,34,49
20,34,48
21,34,49
20,34,49
20,34,49
21,34,49
21,34,49
20,33,49
20,33,48
20,33,48
20,33,48
20,33,48
20,32,47
19,31,48
19,32,48
20,33,47
22,35,46
22,35,45
18,38,46
18,40,47
23,45,43
22,44,45
21,43,43
18,43,44
18,42,44
18,42,42
15,40,46
13,41,48
13,41,49
16,41,48
15,41,49
14,41,49
14,40,50
15,40,48
16,40,47
15,39,48
15,40,48
16,40,46
14,40,46
13,40,45
13,40,46
14,40,46
9,36,54
7,35,56
12,37,51
20,38,46
11,36,50
9,39,52
17,41,49
17,42,46
12,44,45
10,45,45
9,46,46
7,48,45
7,48,44
7,48,42
7,48,42
6,49,39
6,49,38
6,47,37
3,46,38
2,46,41
3,46,42
-3,38,54
3,44,42
11,47,34
-1,46,39
0,48,42
9,48,41
9,48,40
10,48,40
10,48,40
11,47,40
11,46,41
12,45,43
12,44,44
10,45,43
10,44,45
11,44,46
13,44,47
12,43,46
11,43,46
12,42,47
13,43,46
13,43,46
13,42,45
13,42,46
12,42,47
12,41,47
12,40,48
13,41,48
13,41,48
12,40,47
12,40,47
12,40,47
13,41,47
13,40,48
12,40,47
12,40,47
12,40,47
12,40,48
13,40,48
12,40,47
12,40,48
12,39,48
13,40,48
13,40,48
13,40,48
13,41,49
14,40,48
14,40,48
16,40,49
16,37,46
1,35,56
7,37,53
23,37,50
14,39,53
14,40,54
21,43,49
19,43,47
15,45,43
12,46,42
4,46,40
4,47,40
7,47,37
8,48,35
7,48,34
5,46,35
-8,37,46
-5,39,51
4,41,47
0,42,41
0,46,36
0,46,38
5,46,38
14,46,40
16,46,42
15,44,45
14,43,45
13,42,47
15,43,50
17,42,50
17,42,49
16,42,49
14,41,49
13,40,49
14,40,49
13,40,49
14,40,49
13,40,49
12,40,48
12,40,48
13,40,48
13,40,47
13,40,47
14,40,47
15,40,47
13,38,49
12,36,46
3,32,58
6,35,57
16,37,52
18,37,52
11,41,54
15,42,56
22,45,51
17,46,46
13,47,44
8,47,41
5,47,39
5,48,38
6,49,38
6,47,37
5,47,37
3,48,35
5,47,36
-3,35,42
-10,33,47
2,41,37
-4,41,31
-6,45,33
5,47,32
15,48,33
11,48,37
11,48,40
12,48,49
14,48,52
16,46,53
16,46,53
15,44,52
14,43,52
13,42,51
14,41,48
14,40,47
13,40,49
14,40,49
14,40,48
14,39,49
3,32,59
8,36,59
21,39,52
10,38,53
8,42,53
15,44,48
14,45,47
15,47,46
14,47,45
8,47,43
4,46,43
5,47,41
6,48,41
6,48,41
6,48,40
5,49,36
8,49,36
12,49,34
5,46,35
8,43,35
-15,31,47
-8,38,39
5,42,25
2,40,25
4,45,32
4,48,36
11,50,35
15,47,34
2,47,42
-1,49,46
3,51,54
15,50,57
14,50,59
11,48,56
7,47,53
4,45,48
6,45,48
8,43,47
10,43,39
-5,36,50
-2,38,50
9,41,45
7,39,45
2,44,49
8,44,47
7,44,46
6,45,46
6,44,46
4,43,46
4,43,46
4,43,47
4,43,47
4,42,47
5,43,47
4,43,46
4,42,46
4,42,46
4,43,46
4,43,46
5,43,47
4,43,47
3,43,47
3,43,47
5,43,47
4,43,47
4,43,46
5,43,47
4,44,46
4,43,47
5,42,48
9,42,48
8,42,48
6,41,46
6,42,46
6,41,46
6,42,46
5,42,46
4,43,46
4,43,45
5,43,46
5,43,48
6,43,48
6,43,48
7,42,47
7,42,48
6,43,46
4,42,45
5,43,46
5,43,46
4,43,47
4,42,47
4,43,46
4,43,46
5,43,47
6,42,48
5,42,47
4,42,46
4,42,47
5,41,47
-2,41,48
1,42,47
3,42,47
5,42,45
6,42,47
-1,42,48
2,42,49
3,43,48
4,43,47
4,42,47
2,42,47
2,42,47
3,42,47
4,43,47
3,42,47
2,42,47
2,42,47
3,43,47
3,43,47
1,42,47
1,42,47
1,42,48
2,43,48
4,43,48
5,43,48
6,43,47
6,42,47
7,42,46
8,42,46
9,42,46
8,41,46
6,42,47
6,42,47
7,41,47
9,42,47
8,42,47
7,41,46
7,41,46
9,41,47
10,41,47
8,42,47
7,42,47
6,42,48
7,42,48
9,42,48
8,42,48
8,42,48
8,42,48
10,42,48
11,41,47
11,41,46
10,41,47
12,41,47
2,41,47
1,40,47
6,41,46
11,40,46
13,40,45
10,43,60
16,42,57
12,42,54
9,44,52
7,46,46
8,47,44
7,48,43
7,48,41
6,49,40
7,49,40
7,50,37
6,49,39
8,49,36
7,49,35
5,48,36
-2,34,40
-17,29,45
2,41,30
11,40,28
5,43,23
-2,46,27
6,49,31
14,48,32
10,47,43
5,48,49
7,51,63
15,50,62
15,48,60
5,45,56
4,44,53
6,42,45
9,42,44
10,40,46
7,38,45
0,41,46
1,42,46
9,42,44
8,42,46
3,44,51
4,43,49
5,44,47
7,43,46
6,42,46
6,43,47
6,43,46
6,43,47
5,43,47
4,43,47
4,43,47
4,43,48
5,42,45
1,43,45
5,43,45
6,42,45
4,42,46
1,43,47
5,44,47
6,44,47
7,44,47
6,44,46
4,43,46
5,42,46
5,43,47
5,43,46
5,43,46
6,43,46
6,43,45
5,43,47
5,44,47
5,43,46
4,42,46
5,43,47
5,43,46
4,43,46
4,43,46
5,43,47
6,43,47
5,43,46
5,43,47
5,43,47
5,43,46
5,42,46
5,42,47
5,43,47
5,42,46
5,42,46
5,42,47
5,43,47
5,43,47
4,43,47
5,43,47
6,42,47
6,42,47
4,42,47
4,42,47
5,43,47
6,42,47
5,42,47
4,42,47
4,42,47
5,42,47
6,42,47
4,42,47
4,42,47
6,42,47
6,42,47
5,42,47
4,42,47
5,42,47
5,42,47
5,42,47
4,42,47
4,42,47
5,42,47
5,43,47
5,42,47
5,42,47
5,43,47
5,42,47
6,43,47
5,42,47
5,42,47
5,42,47
6,42,46
6,42,47
5,42,47
5,43,47
5,43,47
5,42,47
5,42,47
5,42,46
5,43,47
5,43,47
5,42,47
5,43,47
5,43,47
4,43,47
4,43,48
4,43,48
4,43,48
5,43,47
6,43,46
6,42,46
6,42,46
6,42,46
6,43,47
6,42,47
5,43,47
5,43,47
5,43,47
5,43,47
4,43,48
5,43,47
5,43,48
6,43,47
6,43,47
6,43,47
7,43,46
9,42,46
10,42,46
10,41,47
9,42,45
8,41,46
10,41,46
11,41,46
9,41,47
9,41,47
9,41,46
10,41,47
10,41,48
10,41,47
10,41,47
9,41,47
8,41,47
9,41,47
9,41,47
9,41,47
9,41,47
9,41,47
9,41,47
9,41,47
9,41,47
8,41,48
9,41,48
9,41,48
9,41,48
9,41,47
9,41,47
9,40,47
9,41,47
9,40,47
10,40,47
10,40,47
9,41,48
9,41,48
10,41,48
9,41,48
10,41,48
10,41,48
9,41,48
9,41,47
9,41,47
10,41,48
9,41,47
9,40,47
9,40,47
10,40,47
10,40,47
10,39,45
11,39,45
12,39,45
14,39,45
14,40,45
11,43,46
5,44,48
3,45,50
2,46,50
4,45,50
6,45,49
9,43,46
9,44,46
6,43,46
6,42,46
2,42,44
1,43,47
2,43,46
7,44,44
9,43,45
2,43,47
4,43,47
4,43,47
5,44,47
4,44,47
4,44,46
6,44,46
6,44,46
6,44,46
5,43,46
5,43,47
7,44,48
7,43,46
-1,43,45
4,44,46
8,43,45
7,43,45
2,43,46
3,43,46
5,44,47
6,44,47
6,44,46
5,44,46
6,44,46
7,44,47
7,43,46
-2,43,45
2,44,46
7,43,45
7,42,44
2,43,47
3,44,47
6,44,47
6,44,47
5,44,46
5,43,46
8,44,48
-2,42,45
1,43,46
9,43,44
9,42,45
3,42,47
2,42,48
4,44,48
5,44,48
6,44,47
6,43,46
5,42,46
6,42,47
7,43,46
4,42,46
4,42,46
6,43,47
6,43,47
6,43,46
5,43,47
4,42,46
5,42,47
6,43,47
6,42,46
5,43,47
6,43,46
6,43,47
5,43,47
5,42,47
5,42,47
5,42,46
5,42,46
5,42,47
5,43,47
5,43,46
5,42,47
5,42,46
5,43,47
5,43,46
5,42,46
6,43,47
5,43,47
5,43,47
5,43,47
5,42,46
5,42,46
5,43,46
5,43,47
5,43,46
5,43,46
5,43,47
5,43,46
5,43,46
5,43,46
5,43,47
5,43,47
5,43,46
5,43,46
5,43,47
6,43,47
6,43,46
5,43,46
5,43,46
6,43,46
5,43,47
5,43,47
5,43,46
5,43,47
6,43,47
6,43,46
5,43,46
5,43,47
5,43,47
5,43,46
5,43,46
5,43,47
5,43,47
5,43,47
5,43,47
4,43,46
5,43,46
5,42,46
5,42,46
6,42,47
6,43,47
5,43,47
5,43,46
5,43,47
5,43,47
5,42,47
5,43,47
5,42,47
5,43,47
5,43,47
5,43,47
5,43,47
5,42,47
5,42,47
5,42,47
5,43,47
5,43,47
5,43,47
4,43,49
5,43,48
4,44,49
5,43,48
7,43,49
11,41,45
12,41,45
9,40,45
8,40,45
9,40,46
9,41,47
10,41,47
8,42,48
9,42,49
8,42,48
5,41,47
8,41,46
9,41,45
13,40,45
16,40,45
7,41,50
11,43,53
18,46,52
21,46,53
10,46,56
8,47,46
6,47,44
-2,46,41
-1,47,41
0,48,40
1,48,38
3,47,35
3,47,34
5,42,31
-10,36,41
-3,40,33
5,42,26
1,38,28
-3,41,30
-4,44,38
10,48,40
11,47,44
1,47,49
1,49,53
10,52,56
11,51,56
10,50,57
5,49,54
-1,44,50
3,44,50
3,43,43
-2,41,44
-1,43,47
2,44,46
3,44,44
4,44,42
6,42,45
-4,43,48
-1,44,49
2,44,48
4,45,47
3,44,46
2,43,46
3,43,46
3,43,46
3,43,46
2,43,45
2,43,46
4,43,47
4,43,47
3,43,46
1,43,46
1,43,47
2,43,47
4,43,46
3,43,46
0,43,46
3,44,47
3,43,47
3,43,47
2,43,47
2,43,47
3,43,47
3,43,46
3,43,46
2,43,47
2,43,47
2,43,47
1,43,48
0,43,48
0,43,48
0,43,49
3,44,47
6,43,47
8,42,48
10,42,47
9,41,45
8,40,45
9,40,46
9,40,46
9,41,46
7,41,46
7,41,47
8,41,48
8,42,48
7,41,48
7,42,48
8,41,47
9,41,48
8,41,48
7,41,47
7,41,47
8,41,47
9,41,48
7,41,48
7,41,48
8,41,47
8,41,48
8,41,48
8,41,48
7,41,47
8,41,47
9,41,48
8,41,48
7,41,47
6,41,47
7,42,47
8,41,47
7,41,47
7,41,47
7,41,47
8,41,47
8,41,48
7,41,47
7,41,47
8,42,48
8,41,48
7,41,47
8,41,47
7,41,47
8,41,48
8,41,48
7,41,47
7,41,48
8,41,47
8,41,48
8,41,48
8,41,47
8,41,48
8,41,47
8,41,48
7,41,48
7,41,48
8,41,48
8,41,48
8,41,47
7,41,47
8,41,47
8,41,48
8,41,48
8,41,48
8,41,48
7,41,48
8,41,48
8,41,48
8,41,48
8,41,47
7,41,47
7,41,48
8,41,48
8,41,47
8,41,47
7,41,47
7,41,48
8,42,48
8,41,48
7,41,47
7,41,47
8,41,47
8,41,48
8,41,48
8,41,48
8,41,48
7,41,47
6,41,48
8,41,48
8,41,48
7,41,48
8,41,48
8,41,48
9,41,48
9,41,48
7,40,46
6,40,46
7,41,48
8,42,48
8,42,48
8,42,48
8,41,48
9,42,48
6,41,48
2,42,48
4,41,46
14,40,44
16,37,47
9,41,59
7,42,59
16,44,54
15,45,52
10,48,50
12,49,46
13,49,40
9,49,39
4,48,39
3,47,39
3,46,40
2,46,40
2,47,40
4,48,36
5,48,37
-11,34,46
-14,35,46
7,44,30
10,42,28
2,45,30
2,46,32
7,48,39
16,50,36
14,48,39
6,47,48
4,47,49
5,46,52
5,46,53
6,48,54
4,48,51
-2,51,49
-2,52,48
-1,52,48
2,51,47
6,46,46
10,42,48
13,40,47
18,36,47
19,36,46
21,38,44
22,37,39
-5,18,57
-4,26,57
27,38,38
20,31,42
14,37,43
17,40,50
20,46,51
20,48,42
13,47,41
-5,47,43
-8,47,45
-7,51,47
-6,52,47
-3,50,42
-5,49,43
-6,48,43
-2,47,43
2,45,44
1,46,45
0,46,44
-2,47,44
0,46,46
1,45,48
0,46,49
3,45,46
5,45,44
6,44,46
6,43,46
-5,42,44
-4,43,45
6,43,44
8,43,43
5,42,44
-2,43,47
0,43,47
4,44,48
5,45,48
4,44,47
3,44,47
3,43,46
3,43,47
4,44,47
3,43,46
3,43,47
4,43,46
4,43,46
3,43,46
4,43,46
3,44,46
3,43,46
4,44,46
4,43,46
3,43,47
4,44,47
4,43,46
4,43,46
3,43,47
3,43,47
4,43,46
4,43,46
4,43,46
4,43,46
4,43,47
4,43,47
3,43,46
3,43,46
4,44,46
4,43,46
4,43,47
4,43,47
4,43,46
4,43,46
4,44,47
4,43,46
4,43,46
4,44,47
4,43,46
4,43,46
4,43,47
4,43,47
3,43,46
4,43,46
5,43,47
3,43,46
3,44,47
3,44,46
3,43,46
5,44,46
5,43,46
4,43,46
3,44,46
4,43,46
4,44,46
4,44,46
3,43,46
3,44,46
4,44,46
4,44,47
3,44,47
3,44,46
3,44,46
4,43,46
4,43,46
4,43,46
3,43,46
3,43,46
4,43,46
4,43,46
3,43,47
3,43,47
3,43,47
4,43,47
4,43,47
3,43,47
2,43,48
1,43,48
1,43,49
2,43,50
4,44,49
5,43,50
9,43,47
9,42,47
11,41,44
13,40,44
15,39,46
13,38,46
12,39,45
12,39,46
7,40,46
6,39,44
15,39,42
19,37,42
9,41,52
12,41,50
14,41,51
16,42,48
14,41,48
10,44,50
10,45,49
13,47,46
11,46,46
7,47,46
7,47,44
9,47,42
9,48,43
8,49,46
10,49,45
10,49,44
6,49,42
7,48,41
5,47,39
6,46,37
8,47,36
8,47,35
6,48,33
2,46,37
-15,32,54
-5,43,42
10,45,28
-4,41,35
2,49,35
2,49,37
10,50,40
17,55,40
20,54,38
16,50,37
12,49,38
9,47,40
11,47,41
14,45,42
11,44,43
9,44,43
7,46,41
6,47,41
6,48,40
6,48,40
4,47,39
4,46,38
3,47,37
0,47,37
-1,46,38
1,46,37
-4,45,35
-2,44,37
-1,43,38
-4,41,30
-7,39,27
-16,36,36
-17,32,36
-4,23,28
-5,19,30
-23,-1,52
-8,-11,49
12,-22,38
-5,-36,39
-24,-72,34
-7,-86,19
-10,-96,21
-18,-105,27
-22,-107,29
-23,-102,27
-9,-99,28
11,-87,29
12,-81,27
3,-72,22
-5,-68,19
-17,-61,16
-21,-56,14
-24,-55,14
-21,-57,14
-19,-60,14
-18,-64,12
-17,-65,11
-16,-64,11
-14,-67,10
-13,-64,10
-12,-63,9
-12,-60,8
-12,-59,8
-13,-57,9
-14,-57,9
-14,-57,9
-12,-58,11
-11,-58,12
-12,-60,13
-12,-61,14
-12,-64,16
-12,-65,17
-12,-66,18
-12,-67,18
-12,-69,18
-13,-70,17
-14,-68,17
-16,-66,16
-16,-64,15
-17,-63,14
-17,-62,14
-17,-62,13
-19,-63,13
-23,-65,12
-24,-65,13
-22,-64,17
-22,-64,20
-20,-64,25
-20,-64,27
-20,-64,32
-23,-60,33
-26,-58,35
-30,-52,38
-34,-49,39
-36,-44,40
-38,-42,42
-36,-34,44
-38,-30,43
-38,-24,44
-40,-22,46
-33,-14,47
-33,-10,47
-32,-2,46
-31,7,45
-34,9,39
-37,18,45
-32,22,48
-36,24,42
-34,27,41
-35,32,37
-37,33,34
-33,35,34
-34,36,33
-34,36,31
-29,38,32
-28,39,34
-30,41,32
-30,42,31
-32,43,32
-33,44,33
-32,45,34
-32,46,34
-32,47,35
-33,47,36
-31,45,37
-28,45,38
-27,44,39
-29,43,38
-32,43,38
-30,42,39
-26,43,41
-26,42,37
-26,42,36
-26,40,41
-25,39,42
-23,40,40
-15,40,41
-18,38,48
-21,38,49
-23,40,44
-19,41,43
-19,42,42
-22,42,42
-18,42,45
-19,42,45
-21,44,42
-23,44,40
-21,43,42
-18,44,44
-20,45,44
-21,44,43
-21,44,43
-21,43,44
-21,43,42
-20,43,43
-20,43,45
-20,43,43
-22,42,42
-20,41,42
-18,42,46
-22,42,46
-21,42,43
-20,41,43
-19,42,45
-25,41,44
-23,42,42
-17,41,41
-18,42,39
-23,40,42
-24,43,44
-24,43,45
-21,43,45
-22,43,43
-23,42,43
-22,43,44
-21,42,44
-21,42,43
-22,42,43
-23,42,43
-21,42,44
-20,42,44
-22,42,44
-22,42,43
-21,41,42
-22,41,43
-21,42,45
-21,42,44
-21,42,44
-21,42,44
-22,42,47
-20,44,50
-21,42,51
-18,41,49
-16,40,49
-11,39,49
-9,38,49
-5,39,50
-3,38,48
2,34,47
0,37,49
-6,34,46
-2,36,44
1,31,43
-2,37,51
2,38,57
16,42,64
18,43,65
2,44,55
-6,49,50
-12,58,47
-12,59,46
-7,52,37
-2,50,42
-12,49,41
-9,48,37
-5,40,34
-10,35,36
-10,34,36
-8,34,32
-9,33,33
-8,38,34
-8,42,36
-10,44,45
-9,46,46
-15,48,48
-18,47,49
-19,48,49
-18,48,49
-17,47,48
-18,47,48
-17,46,47
-17,44,45
-17,43,46
-23,41,47
-22,41,47
-23,38,48
-24,37,48
-30,34,50
-30,35,51
-21,36,47
-20,38,45
-15,38,48
-21,37,49
-21,38,49
-18,39,49
-19,39,49
-16,37,50
-12,36,51
-9,37,49
-8,38,48
-7,39,47
-2,37,50
-15,37,53
-19,34,55
-24,34,61
-7,33,65
3,36,68
-12,31,60
-19,36,50
2,49,28
13,42,33
-7,48,42
-13,50,51
6,51,42
7,52,37
7,47,41
11,41,44
6,40,44
4,39,43
7,40,41
0,38,42
-2,37,40
-11,22,61
-12,23,58
8,42,33
5,37,38
-3,41,31
-7,39,41
8,46,42
11,45,47
4,42,55
0,43,58
-3,41,61
3,40,59
5,40,54
5,39,55
6,39,54
9,38,50
7,38,51
7,36,54
7,36,53
0,36,49
4,40,52
7,39,52
6,39,52
2,38,54
-2,38,52
-1,38,51
3,38,50
4,38,49
0,38,51
0,38,52
1,39,52
2,39,52
4,39,50
2,39,51
2,38,52
3,38,50
2,38,50
1,38,52
1,38,51
1,38,51
2,38,51
2,38,51
1,38,51
2,38,51
4,38,52
1,37,51
0,38,51
2,38,50
3,38,49
3,38,51
-1,38,53
0,38,52
3,38,51
3,38,51
3,38,50
2,37,50
2,38,52
4,38,51
4,37,51
2,38,51
0,38,51
1,38,51
3,38,51
3,38,51
2,38,51
2,38,51
2,38,51
2,38,51
2,38,51
1,38,51
2,38,52
3,38,52
3,38,51
2,38,51
2,38,51
3,38,51
4,38,51
4,38,51
2,37,50
1,37,50
2,38,52
3,38,52
1,38,51
1,37,51
1,38,52
2,38,52
1,38,51
1,38,52
1,37,52
3,38,51
3,38,51
3,38,51
2,37,51
1,37,51
2,37,51
3,38,52
2,38,52
1,37,52
1,37,51
0,38,52
3,38,54
3,38,54
1,38,56
2,37,53
7,36,53
12,37,50
14,36,48
13,34,49
13,34,49
12,34,50
12,35,50
11,35,50
10,35,51
11,35,52
12,35,52
12,35,52
12,35,52
11,35,51
10,35,52
11,35,52
13,35,52
11,35,51
8,34,52
9,34,53
11,35,52
12,35,51
17,33,49
13,34,49
12,37,59
19,40,60
20,38,60
13,39,59
2,39,55
-2,41,51
-2,42,50
0,42,46
0,42,44
-1,42,43
0,42,43
1,43,39
1,42,37
-1,34,29
-17,28,45
-5,37,38
-3,36,36
-5,38,34
-3,43,43
-4,48,49
16,51,53
12,51,56
-3,50,64
-5,50,64
-7,50,59
-8,49,55
-5,45,45
-2,45,42
2,43,37
8,35,30
-16,24,41
-5,34,35
4,36,35
-4,37,32
-7,40,36
2,46,39
10,44,40
3,43,50
0,43,55
4,43,63
4,43,64
8,44,66
3,40,56
1,40,52
5,39,50
5,39,49
1,37,50
2,38,50
2,37,49
-3,39,51
1,39,53
1,39,51
2,38,49
2,38,49
-1,38,50
3,39,53
3,39,52
3,39,50
3,38,51
3,39,51
3,38,51
5,38,49
4,38,51
4,38,50
2,36,50
1,39,52
3,39,52
4,37,51
1,38,51
2,38,51
3,38,50
3,38,50
1,38,52
2,38,52
3,38,51
3,37,51
1,37,52
1,38,54
2,38,54
0,38,55
1,36,54
5,37,53
7,37,52
13,36,52
14,36,48
14,35,50
16,35,53
2,31,46
2,33,47
13,34,44
18,33,45
13,31,45
10,31,49
15,37,56
19,40,59
18,41,60
13,45,60
11,43,56
1,41,52
-2,41,52
-1,42,52
0,42,50
-3,42,48
-3,42,48
-2,42,48
-1,42,48
4,41,43
4,42,36
5,42,35
2,29,41
-13,23,49
-9,33,41
3,35,36
-2,31,42
-2,38,42
3,44,43
10,45,41
8,45,40
0,45,50
4,45,53
12,43,56
11,41,59
8,41,61
7,40,60
6,39,55
5,39,54
7,38,52
8,38,51
4,35,51
1,35,51
4,35,52
5,36,52
6,37,53
7,37,52
7,36,52
6,36,52
5,36,53
2,36,51
1,35,50
12,36,46
17,36,50
1,34,50
-5,33,53
-1,36,58
8,38,54
8,38,52
7,37,52
6,36,52
5,36,52
5,36,51
5,36,52
4,36,52
5,35,53
6,36,53
7,36,52
6,35,52
4,34,54
-1,34,52
3,35,52
11,36,47
9,34,49
3,36,55
3,36,56
6,36,54
6,37,53
6,36,52
5,35,52
5,35,51
7,36,53
6,35,52
4,35,52
5,36,52
7,35,53
7,35,53
5,35,52
5,35,52
5,34,53
6,35,52
6,35,52
6,34,53
6,35,52
5,34,52
5,35,53
6,35,54
7,35,53
7,34,54
6,34,54
5,34,55
4,34,57
3,34,56
5,34,56
14,36,54
17,35,51
19,31,52
10,29,46
10,30,47
17,30,46
22,31,49
17,29,51
15,32,57
18,36,61
20,36,64
16,38,62
11,38,58
-9,39,46
-9,41,47
4,45,48
6,42,45
3,42,44
2,40,45
3,41,43
2,40,39
2,39,39
3,31,42
-8,28,53
-7,35,46
3,36,41
-4,36,42
-3,41,40
1,41,43
4,45,45
5,44,44
2,40,42
1,43,44
0,42,48
2,43,51
9,45,57
9,44,57
8,42,58
7,41,57
5,39,55
7,37,56
6,36,55
6,35,54
6,35,53
5,33,51
1,35,52
3,36,53
3,35,51
8,37,49
8,36,49
1,35,51
3,36,54
7,36,55
6,37,52
5,37,51
6,36,52
6,36,52
6,36,51
6,36,51
5,36,52
5,36,51
6,36,53
7,36,54
9,36,53
-2,35,49
3,36,53
8,36,51
8,35,50
2,36,52
2,36,53
4,36,53
6,37,53
8,37,52
6,37,52
7,36,54
8,36,52
3,35,51
-3,36,51
6,36,50
11,35,50
6,35,50
3,35,52
4,36,53
8,37,53
9,37,53
7,37,52
6,37,52
8,38,53
9,37,53
9,38,55
9,39,56
7,40,56
5,42,56
4,42,57
2,45,56
1,44,53
-1,43,48
-2,43,45
-2,42,41
0,42,39
3,41,38
4,39,38
-18,24,43
-11,31,32
4,29,30
-3,23,36
-1,26,32
-4,27,21
-4,28,16
-1,28,10
-4,28,10
-7,23,25
-7,20,33
-14,1,49
-10,-2,64
-9,-12,83
-4,-22,79
-10,-30,84
-29,-59,80
-21,-65,78
-5,-61,71
-8,-61,62
-16,-62,54
-13,-61,53
-14,-59,45
-17,-59,42
-23,-53,36
-23,-52,35
-23,-53,33
-26,-65,19
-37,-72,24
-39,-77,27
-40,-80,23
-42,-77,17
-42,-76,13
-43,-78,19
-40,-80,25
-32,-70,38
-34,-67,38
-36,-61,50
-38,-57,50
-39,-53,54
-42,-46,55
-41,-39,58
-54,-21,52
-40,-16,55
-4,-8,59
9,-3,58
18,-15,64
24,-23,60
26,-32,52
24,-38,50
25,-39,38
28,-31,34
22,-17,23
21,1,20
33,-5,17
5,-9,42
-4,6,43
12,20,42
37,12,50
14,-36,88
-48,-17,54
-14,10,84
-6,24,64
34,37,23
57,19,10
31,10,18
51,15,32
58,14,29
65,14,28
65,27,21
77,56,23
68,63,32
44,18,38
24,1,32
-41,-3,21
-78,-2,20
-128,-8,-17
-107,29,1
-92,32,7
-77,27,-5
-69,24,-3
-66,25,13
-77,20,7
-91,12,6
-83,11,12
-76,4,10
-74,3,10
-68,3,9
-65,2,4
-54,2,9
-51,5,6
-53,5,6
-59,4,5
-59,5,5
-64,6,9
-69,7,14
-76,7,20
-77,7,22
-71,3,21
-66,2,21
-56,1,21
-57,0,21
-58,0,20
-59,1,22
-58,2,24
-57,4,27
-56,5,27
-61,7,26
-64,7,26
-67,10,29
-67,12,30
-67,14,33
-67,14,31
-71,18,37
-68,21,42
-67,27,47
-73,32,49
-70,35,52
-72,38,48
-69,42,49
-54,48,54
-48,51,51
-34,56,46
-26,54,38
-14,48,23
-6,46,17
0,35,13
4,21,10
5,15,7
-11,12,12
-8,11,27
6,12,46
13,16,50
23,28,59
26,29,54
28,30,51
23,23,55
1,38,46
6,34,54
-7,40,50
-9,57,30
-19,45,40
-8,46,55
-3,45,54
2,41,52
10,40,56
27,36,41
25,34,37
16,42,45
-13,55,48
-3,66,22
13,58,22
11,45,47
37,48,56
29,44,46
17,33,39
3,25,52
19,27,65
37,33,70
-7,31,47
11,43,45
37,40,62
2,55,39
12,56,36
11,60,30
16,56,40
6,56,29
-6,56,22
2,61,31
-2,60,37
-20,57,26
-20,55,21
-3,59,34
-10,54,33
-28,44,32
-18,45,35
-9,44,35
-10,39,37
-2,39,41
-3,36,41
-3,35,38
15,36,54
1,35,52
1,35,45
-1,30,47
10,36,67
8,36,67
-15,43,37
-12,42,38
11,39,55
13,37,56
3,33,49
0,33,60
15,33,63
1,41,43
4,41,43
-5,50,31
3,41,32
20,48,41
23,44,50
7,43,40
3,42,39
17,45,48
5,44,48
9,46,44
10,46,46
11,44,46
4,45,44
1,49,39
12,46,42
12,45,45
7,45,42
6,47,43
7,47,41
4,47,39
12,45,47
-4,46,42
5,49,42
3,49,42
6,47,45
12,42,48
27,44,51
30,40,50
19,40,45
18,43,41
23,46,36
9,50,24
13,48,37
10,47,29
2,56,15
8,54,18
-7,46,22
-15,50,13
-3,57,8
-1,56,4
17,41,6
38,54,4
67,56,6
71,50,2
81,37,18
82,23,35
81,19,37
73,21,38
56,18,38
53,32,48
43,41,29
49,48,23
43,49,22
36,59,27
34,56,32
19,37,43
8,26,48
0,12,62
-14,9,53
2,15,49
-16,15,31
-18,14,25
-22,15,20
-17,14,20
-4,13,19
-3,13,19
-11,13,32
3,10,43
3,15,43
9,16,44
23,17,51
-21,-5,37
-34,-17,24
-64,-40,4
-98,-47,3
-128,-46,-19
-128,-35,-11
-99,-25,14
-112,-35,17
-101,-52,-1
-92,-51,-1
-70,-29,0
-67,-26,-8
-69,-24,-23
-70,-23,-32
-70,-26,-34
-65,-26,-24
-65,-31,-28
-62,-42,-31
-60,-42,-29
-60,-45,-35
-60,-42,-34
-49,-36,-27
-38,-36,-25
-36,-33,-24
-35,-33,-25
-36,-30,-18
-41,-30,-22
-44,-31,-22
-51,-33,-28
-48,-29,-29
-45,-28,-18
-46,-32,-14
-48,-29,-13
-52,-30,-14
-52,-34,-8
-56,-38,-6
-65,-44,-6
-65,-44,-11
-60,-42,-22
-55,-44,-24
-52,-42,-23
-51,-42,-21
-49,-38,-21
-41,-33,-21
-37,-33,-23
-46,-33,-19
-43,-34,-21
-33,-33,-28
-38,-34,-32
-61,-35,-29
-64,-31,-25
-47,-33,-30
-52,-35,-37
-56,-37,-34
-56,-37,-25
-59,-38,-20
-58,-40,-24
-57,-40,-28
-53,-41,-26
-49,-41,-23
-46,-43,-18
-50,-46,-21
-42,-47,-20
-35,-47,-7
-32,-48,-3
-25,-48,1
-26,-47,1
-31,-47,4
-33,-48,5
-37,-49,6
-38,-49,7
-44,-51,7
-45,-51,6
-44,-50,8
-41,-52,10
-38,-53,12
-37,-55,13
-36,-55,14
-33,-58,15
-32,-58,15
-32,-61,14
-30,-60,14
-27,-61,15
-26,-61,15
-23,-61,15
-21,-62,15
-17,-61,14
-16,-61,14
-15,-60,14
-16,-59,13
-16,-59,12
-16,-59,13
-16,-58,13
-15,-59,15
-15,-59,15
-16,-60,16
-16,-60,16
-17,-62,17
-17,-63,18
-18,-64,18
-18,-63,18
-17,-63,18
-18,-62,18
-18,-61,18
-17,-62,18
-17,-62,18
-15,-62,18
-14,-62,17
-13,-60,17
-13,-61,17
-13,-62,16
-13,-61,16
-12,-60,15
-11,-59,15
-11,-58,14
-12,-57,15
-12,-57,15
-14,-57,16
-14,-57,17
-15,-59,19
-16,-61,20
-13,-62,22
-12,-62,22
-11,-62,24
-11,-63,24
-14,-63,23
-16,-63,21
-16,-62,21
-17,-64,20
-18,-64,18
-19,-60,16
-21,-58,16
-20,-54,16
-21,-53,16
-23,-54,13
-22,-55,13
-26,-54,18
-30,-53,19
-32,-51,16
-34,-51,19
-36,-51,21
-38,-50,23
-39,-50,21
-40,-50,20
-40,-49,21
-40,-49,19
-40,-49,17
-38,-49,15
-40,-49,13
-37,-48,17
-38,-49,16
-39,-50,14
-40,-50,12
-40,-50,13
-40,-49,13
-39,-48,12
-40,-47,11
-40,-46,12
-44,-47,11
-43,-48,12
-43,-49,12
-42,-51,13
-42,-51,18
-41,-52,18
-40,-53,17
-40,-53,15
-40,-52,15
-39,-51,14
-38,-50,14
-37,-48,13
-38,-48,12
-39,-47,11
-39,-46,12
-40,-46,11
-41,-46,12
-42,-45,12
-42,-46,14
-42,-46,15
-41,-47,17
-41,-47,18
-42,-47,18
-43,-46,17
-43,-46,15
-44,-45,15
-45,-45,13
-45,-45,12
-46,-44,12
-47,-44,11
-47,-44,10
-48,-44,9
-50,-44,10
-50,-43,11
-50,-42,11
-53,-40,11
-55,-39,11
-58,-38,10
-61,-38,10
-60,-37,12
-59,-37,12
-58,-34,11
-63,-33,10
-61,-31,9
-59,-28,9
-61,-28,8
-62,-24,7
-61,-22,8
-62,-21,7
-63,-20,7
-65,-17,9
-65,-16,9
-65,-12,9
-65,-10,9
-67,-6,12
-66,-5,13
-64,-5,8
-65,-4,9
-58,-5,15
-50,-6,17
-48,-8,15
-37,-6,26
-37,-3,28
-55,-11,15
-56,-9,16
-69,-10,2
-73,-7,1
-66,0,1
-64,-3,-7
-68,1,-4
-66,5,-5
-67,6,-8
-62,4,-16
-63,2,-21
-73,3,-26
-71,3,-28
-63,6,-20
-64,7,-18
-62,7,-19
-60,6,-21
-64,7,-15
-66,9,-19
-68,11,-20
-66,8,-13
-62,8,-7
-62,8,-1
-64,7,-1
-61,4,9
-61,5,12
-57,7,11
-59,8,11
-56,8,21
-54,8,25
-52,6,28
-58,5,32
-54,5,37
-49,5,37
-48,3,34
-51,4,35
-50,5,37
-51,6,36
-50,6,39
-54,7,39
-54,7,39
-46,7,39
-48,6,47
-35,11,46
-24,5,49
-30,5,56
-46,13,51
-40,16,54
-44,14,55
-50,11,54
-45,3,31
-59,0,38
-43,2,33
-47,-1,34
-25,-1,54
-26,0,52
-42,-2,63
-58,10,45
-42,3,52
-36,5,53
-38,5,46
-40,6,29
-39,4,15
-57,8,9
-55,9,11
-63,9,8
-69,8,9
-73,5,16
-74,3,19
-71,1,23
-69,-1,22
-67,-1,21
-64,-3,19
-63,-4,18
-62,-4,18
-61,-5,18
-60,-6,16
-64,-7,15
-66,-10,14
-67,-11,14
-65,-11,14
-62,-11,14
-57,-11,13
-57,-10,11
-56,-10,10
-56,-8,8
-55,-7,5
-59,-7,0
-60,-6,-5
-66,-4,-16
-73,-4,-22
-80,-3,-25
-84,-4,-24
-80,-7,-22
-74,-14,-22
-70,-19,-21
-60,-21,-11
-54,-23,-6
-50,-27,-1
-50,-29,-1
-57,-29,-2
-62,-31,-5
-65,-28,-8
-63,-26,-5
-58,-23,2
-58,-24,4
-54,-24,11
-54,-24,12
-53,-24,11
-57,-23,2
-62,-19,3
-63,-20,3
-68,-21,0
-65,-22,6
-66,-22,7
-60,-23,7
-63,-24,7
-59,-23,13
-54,-26,18
-54,-26,20
-44,-24,20
-43,-23,17
-56,-27,14
-60,-29,12
-57,-27,8
-56,-30,4
-52,-29,10
-63,-27,17
-60,-25,6
-58,-25,1
-56,-25,-1
-64,-23,5
-70,-22,-6
-67,-23,-5
-65,-22,-6
-67,-25,-7
-64,-27,-7
-62,-24,-1
-59,-23,0
-58,-24,0
-59,-25,-1
-60,-25,-2
-60,-24,-1
-60,-24,-1
-61,-24,0
-61,-23,-1
-59,-23,-1
-60,-24,-2
-59,-24,0
-59,-25,-1
-60,-25,2
-60,-25,1
-61,-24,1
-62,-24,1
-62,-23,2
-60,-23,2
-60,-23,1
-61,-22,0
-61,-22,1
-61,-23,1
-60,-23,1
-59,-25,2
-57,-26,2
-55,-28,4
-56,-29,6
-58,-31,7
-58,-31,8
-59,-29,9
-60,-28,9
-61,-25,9
-60,-24,9
-60,-21,8
-62,-19,7
-63,-19,6
-60,-18,12
-58,-18,14
-56,-19,14
-60,-20,14
-69,-20,12
-69,-19,11
-66,-20,15
-64,-19,17
-66,-18,12
-71,-15,8
-75,-16,3
-72,-19,-4
-69,-20,-5
-67,-13,-1
-63,-12,-3
-54,-9,2
-54,-7,1
-55,-4,-1
-58,-3,-4
-63,0,-8
-65,1,-8
-65,2,-7
-66,2,-5
-68,2,-4
-69,0,0
-70,-1,2
-71,-6,6
-70,-7,7
-68,-10,11
-68,-12,12
-64,-12,14
-63,-12,15
-62,-13,16
-66,-15,15
-71,-18,14
-63,-12,13
-56,-7,14
-57,-4,9
-59,-4,7
-61,-5,8
-59,-5,10
-56,-2,12
-57,0,14
-61,6,16
-66,8,17
-76,7,17
-77,8,19
-73,13,20
-73,14,14
-74,14,12
-70,16,8
-68,16,5
-63,18,5
-59,19,6
-56,19,7
-53,19,8
-50,23,11
-51,24,11
-52,25,11
-52,25,11
-52,27,12
-54,28,14
-56,28,15
-55,25,22
-53,25,26
-51,27,29
-51,28,30
-49,32,33
-47,33,34
-48,32,33
-51,32,31
-51,34,28
-51,35,27
-48,36,27
-48,37,25
-48,37,24
-53,37,24
-59,36,22
-53,37,25
-44,37,29
-27,35,35
-17,37,42
-12,33,49
-13,32,51
-15,30,54
-15,29,56
-20,27,54
-23,28,54
-21,29,55
-19,33,54
-23,33,51
-27,35,46
-27,37,45
-27,38,45
-26,38,47
-24,36,52
-24,34,52
-21,33,52
-22,33,49
-22,33,47
-22,34,45
-20,34,45
-20,35,46
-20,35,46
-18,35,47
-19,35,47
-20,35,49
-20,35,49
-18,35,49
-19,35,49
-19,36,48
-19,36,49
-19,36,48
-21,36,49
-21,35,49
-20,35,50
-20,35,50
-20,35,50
-21,35,50
-22,35,49
-22,35,49
-22,35,49
-22,35,49
-22,35,49
-22,35,49
-22,35,49
-23,34,49
-23,35,48
-23,35,49
-23,34,48
-24,34,49
-23,34,49
-23,34,48
-23,35,49
-23,35,49
-23,35,48
-24,36,48
-23,35,48
-23,35,48
-23,35,48
-23,35,48
-24,35,48
-24,36,48
-24,35,48
-24,35,48
-24,35,48
-24,35,48
-24,36,48
-24,35,48
-24,35,48
-23,35,47
-22,36,47
-23,36,47
-23,36,47
-24,36,47
-24,37,47
-23,37,48
-23,37,48
-24,37,48
-24,37,49
-24,36,48
-25,36,46
-25,35,45
-23,36,45
-23,36,45
-26,34,43
-26,35,42
-29,35,42
-31,31,45
-27,29,46
-26,31,52
-24,24,56
-14,20,59
1,28,68
-24,27,61
-14,30,60
4,32,56
-4,30,59
-19,25,61
-13,27,56
-13,29,54
-14,27,57
-19,27,53
-26,28,51
-26,26,54
-20,27,59
-19,23,60
-15,20,59
-17,20,57
-22,22,53
-24,20,53
-26,22,52
-22,22,52
-9,25,50
-11,27,50
-18,25,51
-19,29,51
-15,32,52
-8,35,57
-2,35,60
6,41,56
2,41,58
-16,40,53
-16,41,53
-2,45,53
6,48,50
-13,44,44
-9,43,56
-8,37,54
-15,35,51
-8,35,52
-10,35,51
-14,31,50
-11,31,49
-9,32,52
-15,34,53
-13,33,53
-14,29,54
-15,29,55
-17,28,55
-19,28,56
-18,27,55
-18,28,55
-17,26,56
-16,27,55
-14,26,56
-18,25,54
-18,24,54
-17,23,55
-17,23,55
-19,21,56
-17,21,57
-20,22,56
-21,22,58
-20,22,57
-19,22,57
-17,22,57
-19,22,56
-18,22,56
-20,22,57
-20,22,57
-18,21,56
-18,21,56
-18,20,56
-19,21,57
-20,21,56
-19,22,57
-19,22,57
-20,21,56
-20,21,56
-21,21,56
-21,21,56
-19,22,56
-18,22,56
-21,22,56
-21,22,57
-20,23,57
-19,23,57
-21,24,57
-20,24,57
-19,22,56
-19,22,55
-19,22,56
-20,23,56
-19,23,56
-19,23,56
-19,23,56
-20,23,56
-20,23,56
-19,23,56
-19,23,56
-20,23,56
-20,22,56
-19,23,56
-20,23,56
-20,22,56
-20,23,56
-20,23,56
-21,24,56
-21,23,56
-20,23,56
-20,24,56
-21,23,56
-21,23,56
-21,23,57
-21,23,56
-20,23,56
-21,22,56
-21,22,56
-21,22,56
-20,22,56
-20,22,56
-21,22,56
-21,22,56
-20,22,56
-21,22,56
-21,23,57
-20,22,56
-21,22,57
-21,22,56
-21,22,56
-20,22,56
-21,22,56
-20,22,56
-20,21,56
-20,21,56
-20,21,56
-20,21,56
-20,22,56
-20,22,56
-19,23,57
-21,22,57
-21,22,57
-20,22,56
-20,22,57
-21,22,56
-20,22,56
-21,22,56
-21,22,56
-20,21,56
-21,22,56
-21,22,56
-21,22,56
-21,22,56
-21,22,56
-22,22,57
-20,22,56
-20,22,56
-20,23,56
-20,22,56
-20,22,56
-21,22,56
-20,22,56
-21,22,56
-21,22,56
-21,22,56
-21,22,56
-21,22,56
-21,22,56
-21,22,56
-21,23,56
-21,22,56
-21,23,56
-21,22,56
-21,22,56
-21,22,56
-21,23,56
-21,22,56
-21,22,56
-21,22,56
-20,22,56
-20,23,56
-20,23,55
-21,23,56
-22,22,56
-22,22,55
-20,23,55
-20,23,55
-20,23,56
-21,23,55
-19,23,55
-19,24,55
-20,24,55
-21,25,55
-22,25,55
-20,25,55
-18,25,54
-18,28,53
-19,28,54
-22,27,54
-19,28,55
-17,31,51
-18,32,51
-19,31,49
-17,33,48
-15,34,50
-11,35,56
-14,36,55
-12,37,53
-11,38,53
-14,36,52
-16,37,52
-18,36,51
-15,36,51
-15,35,51
-16,35,54
-19,35,51
-17,34,51
-12,35,53
-13,36,48
-13,35,50
-14,35,51
-14,37,53
-17,33,51
-16,34,52
-11,38,54
-9,37,51
4,40,53
0,39,52
-6,38,56
-10,37,58
-7,34,56
-15,29,57
-13,22,63
-21,19,57
-20,17,49
-22,21,31
-18,27,35
-16,33,36
-7,34,42
3,31,64
-2,31,63
0,10,55
-5,23,77
-17,19,76
-37,19,66
-33,20,64
-25,21,63
-29,20,60
-47,20,42
-48,20,41
-41,17,46
-39,16,46
-42,14,43
-44,15,43
-41,16,46
-44,12,48
-46,11,46
-42,6,46
-40,6,43
-17,-67,35
-98,-19,18
-42,12,70
-64,-13,57
-29,5,47
-57,-6,26
-34,-14,24
-42,-30,15
-40,-13,-3
-43,-4,10
-40,-6,13
-17,0,-2
-48,-7,-12
-71,-9,-13
-65,-11,-26
-96,-9,-66
-98,0,-66
-83,1,-65
-80,-1,-60
-55,-4,-55
-47,-9,-54
-50,-9,-48
-58,-7,-30
-42,-3,-36
-37,-3,-53
-36,-1,-56
-34,0,-51
-39,-1,-54
-39,-2,-52
-44,-2,-55
-36,-1,-47
-36,-3,-53
-40,0,-50
-39,-3,-47
-38,-3,-49
-40,-4,-50
-39,-4,-49
-36,-4,-53
-36,-3,-54
-40,-4,-53
-39,-3,-52
-36,-1,-53
-36,0,-52
-19,-2,-56
-42,2,-45
-50,-4,-47
-38,0,-63
-41,-4,-58
-44,-6,-47
-44,-4,-50
-40,-4,-47
-42,-2,-45
-43,-2,-43
-42,-1,-42
-41,-1,-47
-41,0,-48
-43,-2,-52
-47,-1,-48
-47,-1,-44
-50,-1,-49
-47,0,-43
-46,1,-41
-48,-2,-43
-47,-2,-40
-48,-1,-39
-50,0,-40
-50,-1,-40
-51,1,-40
-49,1,-38
-53,1,-35
-51,2,-30
-56,-8,-38
-52,-12,-48
-56,-11,-47
-63,-9,-45
-60,-6,-47
-58,5,-49
-70,10,-50
-58,15,-37
-48,17,-21
-40,25,13
-53,19,9
-62,3,5
-66,10,2
-65,8,-1
-68,8,0
-65,7,1
-60,5,3
-63,7,3
-63,8,4
-61,10,4
-59,11,7
-60,12,6
-60,12,2
-64,13,2
-68,10,3
-66,8,7
-68,7,6
-71,6,8
-73,4,8
-70,7,9
-68,10,10
-64,13,9
-62,13,9
-59,14,8
-60,15,6
-60,21,5
-61,22,3
-62,21,2
-61,25,4
-60,25,1
-64,26,0
-60,25,3
-58,26,8
-55,25,9
-53,25,23
-45,25,31
-32,24,41
-34,23,40
-46,25,42
-47,23,40
-30,18,60
-47,24,39
-48,25,39
-36,22,44
-37,23,42
-40,23,41
-38,21,46
-43,21,43
-46,21,43
-41,20,44
-39,20,45
-41,19,44
-44,18,43
-42,18,45
-42,19,47
-43,18,45
-43,16,44
-42,16,45
-41,16,45
-39,16,47
-40,16,47
-43,15,46
-43,15,48
-43,15,47
-41,15,47
-41,15,47
-42,15,47
-42,16,46
-41,15,47
-42,15,47
-42,15,47
-41,15,47
-41,15,47
-42,15,47
-41,15,47
-41,15,46
-41,14,47
-43,12,48
-42,12,48
-40,12,47
-38,11,46
-38,12,46
-41,12,47
-41,13,48
-42,15,48
-41,16,47
-38,17,47
-37,17,47
-43,16,48
-45,16,48
-38,19,47
-39,19,48
-40,20,50
-41,19,48
-39,18,48
-41,17,48
-42,18,48
-39,16,46
-38,15,48
-38,15,47
-39,15,47
-40,15,48
-40,16,47
-39,17,47
-41,16,49
-41,15,49
-40,16,48
-40,16,48
-39,16,47
-39,15,47
-41,15,47
-40,15,47
-39,14,48
-40,14,47
-39,14,47
-40,15,48
-42,17,47
-42,16,48
-42,16,49
-42,15,47
-40,15,48
-39,15,48
-39,14,47
-38,15,47
-38,15,47
-38,16,48
-40,15,48
-41,16,48
-39,17,49
-40,17,49
-41,17,48
-40,16,48
-39,16,48
-39,16,47
-39,16,48
-39,16,48
-39,15,48
-39,16,48
-39,16,48
-39,16,48
-39,17,49
-39,17,48
-40,17,48
-40,17,48
-40,17,48
-40,16,48
-40,16,48
-40,15,47
-40,15,47
-40,15,47
-41,15,47
-40,15,48
-39,15,48
-40,15,48
-40,14,48
-40,15,48
-40,15,48
-40,15,47
-39,15,48
-40,15,48
-39,15,48
-39,15,48
-40,14,48
-40,14,47
-38,15,47
-36,16,47
-38,17,49
-45,18,48
-47,17,48
-45,15,47
-42,15,46
-41,13,47
-43,11,46
-40,11,46
-37,11,47
-37,12,47
-37,13,47
-39,15,49
-42,16,48
-44,17,47
-43,17,46
-43,16,45
-41,13,45
-40,13,44
-39,13,45
-39,13,45
-41,14,45
-42,15,45
-42,16,43
-41,18,46
-43,20,49
-46,21,46
-46,21,46
-46,20,45
-45,19,45
-43,19,44
-44,19,44
-44,18,44
-43,18,43
-43,19,43
-44,18,44
-44,18,44
-43,18,44
-44,19,43
-45,18,44
-46,18,45
-47,19,47
-46,18,45
-44,15,45
-46,15,45
-43,13,44
-43,12,44
-43,12,45
-42,11,45
-44,13,44
-42,13,43
-42,14,45
-44,15,45
-43,15,45
-42,15,45
-42,15,46
-43,16,46
-43,16,45
-42,16,48
-40,17,52
-44,17,56
-49,18,58
-59,19,48
-63,22,36
-55,24,31
-46,27,43
-46,28,35
-49,35,21
-51,36,15
-48,36,6
-50,34,7
-44,30,17
-39,27,24
-36,21,30
-43,20,32
-60,19,25
-32,20,44
-24,12,72
-64,33,15
-41,40,20
-25,35,44
-33,35,42
-38,33,32
-37,36,25
-44,32,31
-49,30,30
-68,24,28
-67,28,28
-59,32,24
-56,34,22
-51,29,25
-51,28,24
-55,27,22
-49,27,24
-50,29,24
-56,30,22
-56,29,20
-54,29,20
-52,29,19
-56,28,17
-58,28,16
-56,27,16
-54,26,17
-56,28,17
-56,26,16
-60,25,17
-59,25,16
-58,27,17
-57,27,16
-56,27,15
-55,27,14
-58,27,13
-60,27,13
-58,27,14
-57,26,15
-58,27,16
-58,26,14
-58,27,13
-58,27,13
-58,27,13
-58,27,13
-59,28,12
-58,28,12
-58,28,11
-57,28,11
-58,28,12
-58,27,12
-58,26,11
-57,27,12
-58,28,12
-59,27,11
-59,27,12
-58,27,13
-57,27,13
-57,26,13
-58,26,13
-57,26,13
-58,26,13
-58,26,12
-58,26,12
-57,27,13
-59,27,12
-59,27,12
-58,26,13
-58,26,13
-58,26,13
-58,26,13
-57,26,13
-57,26,14
-57,27,14
-58,26,13
-58,26,13
-58,27,13
-58,27,13
-58,26,13
-58,26,14
-58,27,14
-58,27,13
-58,26,13
-58,26,13
-58,26,13
-58,26,13
-58,25,14
-58,25,14
-58,25,13
-58,25,13
-58,25,13
-58,25,14
-58,26,13
-58,26,13
-59,25,13
-58,25,13
-58,25,14
-59,25,14
-60,25,14
-58,26,13
-56,26,13
-58,26,13
-61,28,11
-63,29,10
-61,30,9
-61,29,11
-55,33,11
-56,33,6
-58,35,1
-57,38,2
-53,37,-1
-58,36,0
-56,33,-1
-57,32,-5
-55,33,-4
-58,31,-3
-59,29,-4
-54,27,4
-57,28,7
-49,30,9
-45,30,11
-52,33,25
-49,33,25
-46,30,18
-51,33,27
-50,34,23
-50,34,19
-50,36,16
-53,34,14
-56,32,8
-53,33,16
-57,32,17
-64,25,10
-65,25,17
-65,28,14
-53,30,13
-48,31,15
-55,29,14
-60,28,18
-59,28,19
-56,27,28
-59,27,24
-60,31,23
-47,31,26
-47,35,26
-39,34,37
-48,31,33
-52,29,38
-44,28,40
-35,28,43
-34,27,48
-22,26,52
-22,26,52
-19,22,52
-29,22,44
-32,24,43
-27,25,48
-29,23,52
-28,24,54
-36,29,51
-23,27,52
-13,29,56
-21,26,59
-26,26,56
-16,24,59
-21,26,56
-27,24,55
-14,25,57
-14,24,56
-42,21,6
38,23,80
-26,22,45
-20,19,51
-5,26,61
1,29,60
2,31,54
-5,36,55
-5,36,48
-26,35,43
-32,36,44
-27,33,48
-24,32,48
-22,28,52
-24,24,52
-35,20,51
-36,18,50
-38,19,50
-39,23,47
-39,27,34
-43,33,29
-48,37,18
-55,38,7
-56,39,7
-55,35,8
-57,33,6
-66,28,8
-61,30,8
-68,28,-4
-64,31,-4
-59,32,-6
-60,31,-8
-58,32,-6
-58,32,-2
-58,30,-1
-58,27,-1
-58,27,1
-55,26,2
-62,26,0
-62,25,5
-54,28,11
-46,28,18
-46,27,18
-52,23,12
-53,26,11
-61,25,12
-62,23,13
-56,21,10
-55,24,16
-56,24,15
-62,22,12
-60,21,12
-63,21,10
-63,20,9
-65,19,5
-63,18,6
-61,18,3
-60,17,0
-56,15,-3
-52,14,-12
-54,13,-15
-50,14,-20
-51,13,-26
-55,11,-34
-53,11,-38
-55,9,-47
-52,9,-48
-49,6,-51
-49,5,-51
-53,3,-53
-53,0,-58
-46,2,-53
-41,-3,-56
-41,-2,-53
-39,-2,-49
-42,-4,-49
-40,-5,-48
-40,-4,-49
-42,-3,-50
-43,-3,-51
-44,0,-49
-44,-1,-48
-45,1,-47
-44,2,-46
-44,2,-45
-46,2,-43
-47,2,-44
-52,2,-45
-50,2,-43
-48,1,-39
-51,2,-39
-51,1,-38
-50,1,-37
-50,1,-37
-51,1,-37
-52,1,-37
-52,1,-37
-52,1,-37
-52,1,-38
-53,0,-39
-52,1,-38
-52,2,-37
-53,0,-38
-52,1,-37
-52,1,-37
-52,1,-37
-53,1,-38
-53,1,-38
-53,1,-38
-53,2,-37
-53,1,-37
-53,1,-37
-54,0,-37
-53,0,-35
-53,0,-35
-53,0,-34
-53,1,-34
-53,2,-36
-54,2,-36
-54,2,-38
-54,3,-38
-54,3,-37
-54,2,-37
-55,2,-37
-54,1,-36
-53,1,-36
-52,1,-35
-52,1,-35
-54,0,-36
-55,1,-37
-55,1,-36
-54,2,-36
-53,2,-36
-53,1,-36
-52,1,-36
-53,1,-35
-52,1,-35
-52,1,-36
-51,2,-36
-52,3,-37
-51,3,-37
-51,4,-39
-52,5,-39
-54,5,-39
-54,5,-40
-51,4,-39
-51,4,-38
-48,5,-38
-49,4,-39
-50,4,-39
-50,3,-40
-50,3,-39
-52,3,-41
-52,2,-41
-52,2,-42
-51,2,-43
-50,1,-43
-48,2,-42
-48,3,-41
-47,3,-41
-47,4,-43
-48,5,-44
-49,6,-44
-51,6,-47
-51,6,-47
-51,5,-46
-50,5,-45
-49,3,-43
-48,3,-42
-47,2,-41
-46,2,-39
-47,3,-40
-48,3,-41
-50,3,-41
-51,3,-41
-51,1,-43
-51,1,-41
-51,1,-40
-50,3,-40
-49,4,-41
-48,4,-42
-48,4,-41
-49,4,-40
-50,5,-40
-51,4,-41
-52,4,-41
-52,4,-41
-51,4,-41
-50,4,-39
-49,5,-39
-49,4,-39
-50,5,-39
-51,5,-39
-51,6,-40
-51,6,-40
-51,5,-40
-51,4,-39
-52,4,-38
-52,4,-37
-52,4,-37
-51,4,-37
-51,4,-37
-52,4,-36
-52,4,-36
-51,4,-36
-51,4,-36
-51,4,-37
-51,4,-37
-52,3,-38
-52,2,-38
-52,1,-39
-51,0,-40
-51,0,-40
-52,0,-40
-52,0,-40
-52,1,-40
-52,2,-40
-52,2,-41
-52,2,-41
-51,1,-41
-50,0,-41
-51,-1,-40
-51,-2,-40
-51,-2,-39
-51,-1,-39
-51,-1,-39
-50,0,-40
-51,0,-41
-52,-1,-40
-52,-2,-39
-51,-2,-38
-51,-2,-38
-50,-1,-38
-50,-1,-38
-52,-2,-39
-52,-2,-39
-53,-2,-39
-54,-1,-38
-53,-1,-38
-53,-2,-37
-53,-2,-37
-54,-1,-36
-53,-1,-36
-52,0,-36
-51,0,-37
-51,0,-36
-51,-1,-36
-54,-1,-36
-55,0,-37
-55,0,-36
-54,0,-35
-54,0,-35
-54,1,-36
-54,1,-36
-53,1,-35
-53,2,-36
-53,2,-36
-53,2,-37
-54,2,-37
-54,2,-37
-54,0,-36
-53,0,-36
-53,0,-36
-54,0,-36
-54,0,-36
-54,1,-36
-55,2,-36
-56,3,-35
-56,4,-36
-60,6,-36
-59,6,-37
-61,8,-34
-61,7,-34
-60,11,-34
-62,12,-33
-61,12,-32
-61,13,-34
-60,13,-34
-58,16,-32
-58,15,-31
-58,16,-28
-58,18,-25
-59,21,-20
-59,23,-17
-60,29,-12
-58,30,-13
-62,29,-10
-66,30,-8
-60,31,-9
-60,29,-6
-58,27,-2
-58,22,-4
-57,21,-2
-60,14,-1
-58,13,0
-56,10,2
-59,7,1
-68,6,1
-70,4,3
-62,1,10
-51,2,28
-60,3,27
-59,3,29
-53,5,34
-49,8,34
-55,8,31
-48,6,34
-48,8,36
-55,5,26
-49,5,32
-54,4,38
-57,0,20
-57,1,29
-47,5,43
-48,8,33
-68,11,18
-60,9,29
-58,10,31
-60,13,22
-56,11,26
-49,11,34
-58,10,33
-55,9,34
-45,9,42
-50,11,41
-50,12,41
-50,13,42
-53,13,41
-43,12,47
-38,13,47
-28,9,54
-28,8,57
-40,11,50
-44,14,48
-32,12,52
-32,13,50
-36,12,50
-35,12,56
-37,12,54
-41,16,49
-23,14,55
-13,12,59
-28,13,55
-21,13,60
-4,11,65
-26,15,58
-27,18,55
-13,14,53
-13,12,59
-25,13,58
-29,14,57
-28,15,54
-26,15,60
-27,14,54
-37,18,52
-33,22,49
-30,26,45
-31,26,41
-33,29,42
-36,30,39
-37,25,39
-43,23,41
-37,21,43
-42,15,48
-45,13,50
-33,8,53
-27,6,57
-13,3,58
-5,2,62
2,3,63
11,0,60
13,-3,57
15,-4,63
36,-11,73
48,-22,64
23,-33,80
9,-11,75
7,-7,73
-10,-11,71
-14,-10,67
-19,-5,66
-20,-4,65
-19,-11,51
-24,-13,50
-27,-6,49
-20,-7,41
-35,-11,37
-33,-7,43
-33,-10,38
-41,-4,30
-43,0,32
-40,-11,28
-42,-3,22
-48,1,12
-50,2,11
-50,4,4
-47,8,-1
-55,14,-4
-62,11,-8
-55,14,-18
-71,19,-33
-81,16,-40
-88,18,-43
-87,17,-38
-88,16,-34
-86,14,-32
-83,8,-32
-83,4,-30
-76,0,-26
-74,-2,-24
-66,-8,-24
-64,-10,-24
-60,-13,-24
-49,-13,-18
-51,-12,-19
-52,-13,-20
-53,-12,-18
-56,-10,-15
-59,-10,-16
-64,-13,-15
-63,-13,-17
-61,-10,-19
-61,-8,-21
-61,-6,-25
-62,-5,-27
-61,-4,-28
-61,-4,-29
-61,-5,-29
-61,-5,-29
-60,-5,-28
-59,-6,-27
-59,-7,-27
-60,-9,-26
-61,-9,-26
-61,-9,-26
-61,-9,-25
-60,-10,-23
-58,-10,-22
-58,-9,-23
-59,-9,-24
-60,-9,-25
-60,-10,-25
-60,-9,-24
-61,-10,-25
-61,-9,-24
-64,-9,-26
-62,-9,-26
-59,-5,-23
-61,-4,-23
-64,-2,-24
-64,0,-24
-63,1,-20
-62,2,-19
-64,2,-20
-60,4,-20
-59,5,-22
-59,6,-20
-58,7,-22
-55,7,-24
-56,7,-23
-58,4,-26
-58,4,-28
-59,4,-29
-55,6,-25
-51,5,-26
-52,5,-30
-53,3,-32
-52,2,-34
-48,0,-36
-50,-5,-42
-54,-7,-45
-58,-9,-43
-57,-10,-40
-54,-10,-36
-53,-9,-35
-51,-5,-31
-56,-3,-37
-55,0,-38
-56,3,-43
-50,6,-40
-59,5,-36
-60,2,-37
-53,3,-30
-53,-1,-31
-59,-2,-33
-58,1,-35
-55,2,-30
-56,3,-30
-60,5,-31
-60,4,-26
-55,5,-25
-57,3,-23
-59,5,-26
-61,4,-24
-64,5,-23
-64,4,-20
-70,4,-22
-91,2,-27
-74,5,-11
-50,8,-3
-43,9,3
-47,6,7
-62,3,-2
-67,5,-2
-61,5,2
-56,6,7
-73,5,-8
-69,6,-10
-61,7,-10
-58,7,-10
-60,2,-12
-66,4,-18
-71,8,-20
-74,6,-19
-74,4,-13
-55,1,-8
-55,1,-10
-58,4,-16
-60,5,-18
-63,7,-22
-60,8,-21
-61,8,-28
-61,9,-29
-58,10,-28
-57,10,-28
-56,9,-30
-59,9,-33
-60,9,-33
-58,9,-31
-59,8,-32
-62,7,-30
-62,6,-29
-59,5,-26
-57,5,-23
-59,5,-25
-56,6,-23
-54,5,-24
-53,4,-23
-54,5,-23
-54,5,-27
-55,6,-28
-57,7,-31
-58,7,-34
-61,5,-36
-63,4,-37
-63,1,-34
-64,0,-32
-60,-2,-26
-58,-2,-25
-54,-2,-23
-51,-1,-23
-54,2,-26
-55,4,-29
-58,4,-32
-60,5,-33
-60,4,-34
-61,4,-34
-60,4,-33
-59,3,-32
-57,3,-30
-55,3,-30
-55,3,-30
-54,4,-30
-55,4,-32
-55,4,-32
-55,4,-33
-56,3,-34
-58,2,-34
-58,2,-33
-58,3,-32
-58,3,-32
-59,2,-34
-59,2,-34
-58,3,-34
-57,4,-33
-57,3,-32
-57,4,-29
-57,4,-29
-59,3,-27
-58,3,-26
-58,3,-24
-58,3,-23
-58,3,-23
-58,3,-23
-57,3,-23
-57,3,-23
-60,4,-24
-60,4,-24
-62,4,-26
-63,3,-26
-58,4,-25
-58,4,-24
-60,4,-25
-59,6,-25
-59,5,-25
-60,5,-26
-61,4,-26
-61,3,-25
-61,3,-25
-60,2,-25
-61,1,-25
-60,1,-25
-58,1,-25
-58,1,-25
-58,2,-23
-59,3,-23
-59,3,-25
-60,3,-26
-61,4,-27
-60,4,-27
-60,4,-27
-60,4,-26
-61,5,-26
-63,5,-25
-63,6,-25
-61,6,-24
-62,6,-23
-67,6,-22
-70,6,-22
-68,6,-19
-67,4,-12
-62,6,-4
-67,11,-9
-71,11,-10
-55,11,-5
-48,14,6
-48,13,5
-53,14,7
-60,13,9
-60,11,9
-63,9,6
-65,10,5
-65,8,4
-63,11,3
-59,5,1
-60,6,1
-62,7,-2
-62,7,-5
-63,8,-6
-65,8,-8
-69,10,-14
-66,11,-12
-65,12,-14
-62,13,-15
-62,13,-15
-63,14,-14
-64,14,-15
-66,14,-17
-67,14,-16
-63,15,-14
-66,15,-16
-67,14,-14
-65,14,-13
-60,15,-11
-63,14,-9
-63,16,-10
-60,14,-9
-61,15,-8
-62,14,-8
-62,15,-6
-63,14,-7
-64,13,-6
-63,13,-5
-62,15,-1
-63,15,-2
-65,15,-3
-65,16,-1
-66,16,1
-66,17,0
-62,19,0
-62,18,0
-62,18,1
-62,18,2
-59,17,4
-57,15,4
-53,11,9
-55,8,8
-64,-1,5
-70,-5,1
-69,-6,8
-63,-6,14
-67,-3,12
-65,1,1
-62,6,5
-59,11,10
-64,11,9
-66,12,9
-74,15,6
-65,16,13
-60,16,17
-61,10,8
-66,10,15
-64,10,16
-60,9,13
-60,10,11
-60,12,9
-58,12,10
-66,14,8
-65,15,8
-61,16,6
-64,17,-1
-71,10,13
-68,11,12
-62,14,11
-68,9,14
-64,10,10
-61,14,14
-64,12,17
-62,13,25
-61,13,27
-51,17,28
-58,19,22
-47,4,43
-41,5,48
-47,11,31
-57,15,28
-57,13,34
-35,13,48
-35,13,49
-48,14,42
-42,15,49
-37,13,48
-42,14,44
-45,22,54
-18,16,60
-37,13,47
-38,11,46
-26,18,57
-40,26,53
-10,20,59
-14,22,74
-6,18,54
-11,28,74
9,19,52
5,18,60
-10,36,67
0,19,58
-7,28,75
4,18,55
4,21,64
3,23,59
-9,21,55
-14,21,53
-24,24,57
-25,29,62
-27,18,56
-34,21,54
-30,25,52
-28,20,49
-32,24,52
-36,25,51
-33,18,48
-30,19,56
-30,16,55
-41,14,40
-41,16,39
-46,19,30
-53,19,31
-61,24,22
-53,21,27
-57,20,6
-47,25,36
-52,26,65
-74,12,21
-67,22,-16
-67,24,-28
-60,25,-35
-49,20,-17
-50,19,-8
-48,21,-3
-46,18,-11
-65,23,-4
-65,23,-3
-67,19,-11
-68,18,-11
-67,17,-4
-64,16,-5
-62,15,-7
-60,15,-11
-57,15,-10
-54,17,-12
-52,19,-12
-50,22,-14
-51,23,-15
-57,19,-22
-63,17,-24
-72,11,-25
-70,7,-24
-67,3,-19
-66,2,-19
-68,1,-22
-72,3,-25
-72,4,-24
-72,5,-24
-73,6,-20
-67,6,-8
-56,6,2
-47,5,15
-51,3,16
-63,-1,13
-66,-3,12
-56,-11,20
-52,-18,28
-57,-17,24
-66,-16,15
-64,-15,16
-57,-14,16
-64,-14,13
-70,-11,9
-67,-10,9
-63,-9,7
-62,-8,9
-66,-10,7
-64,-9,8
-64,-13,5
-65,-12,4
-65,-12,6
-62,-12,4
-62,-12,6
-62,-12,5
-61,-11,5
-61,-10,5
-60,-9,8
-58,-9,6
-57,-9,1
-66,-9,-6
-75,-11,-12
-73,-10,-8
-68,-9,-3
-66,-11,-3
-66,-10,-4
-66,-10,-3
-64,-10,-5
-63,-9,-1
-63,-13,-3
-65,-13,0
-66,-11,-2
-67,-10,-4
-59,-7,6
-61,-8,5
-62,-6,4
-64,-5,3
-63,-6,2
-64,-7,1
-62,-7,1
-65,-7,0
-64,-7,-1
-66,-6,1
-65,-6,0
-65,-6,1
-65,-7,1
-63,-7,5
-62,-8,7
-66,-3,-10
-63,-2,-20
-64,-3,-20
-67,-4,-16
-65,-4,-12
-64,-4,-7
-64,-4,-7
-63,-6,-9
-62,-7,-9
-64,-7,-8
-65,-7,-10
-67,-7,-8
-66,-7,-8
-65,-7,-8
-65,-6,-8
-65,-7,-9
-64,-8,-8
-63,-8,-7
-62,-8,-7
-62,-7,-7
-64,-8,-8
-64,-8,-8
-63,-9,-8
-63,-9,-7
-63,-9,-7
-64,-9,-6
-66,-10,-7
-66,-10,-8
-66,-10,-6
-65,-9,-5
-64,-9,-5
-62,-9,-5
-61,-9,-5
-61,-10,-5
-62,-10,-5
-65,-9,-6
-65,-10,-7
-63,-10,-5
-62,-11,-5
-59,-9,-4
-62,-9,-6
-64,-9,-6
-66,-10,-7
-67,-11,-6
-68,-12,-4
-67,-14,-4
-65,-14,-1
-64,-14,-1
-65,-13,-2
-66,-11,-3
-67,-11,-6
-65,-10,-7
-63,-9,-6
-62,-9,-6
-62,-9,-6
-63,-10,-7
-63,-10,-5
-63,-11,-4
-64,-12,-3
-66,-10,-4
-66,-9,-5
-65,-8,-6
-64,-7,-6
-64,-6,-7
-64,-6,-7
-64,-7,-5
-63,-8,-5
-63,-8,-6
-64,-9,-6
-65,-9,-6
-65,-10,-5
-64,-10,-4
-62,-10,-2
-63,-9,-2
-64,-8,-4
-64,-7,-4
-64,-6,-6
-64,-6,-6
-65,-6,-6
-65,-8,-6
-65,-9,-6
-64,-11,-6
-63,-11,-6
-63,-13,-6
-62,-13,-6
-62,-13,-6
-62,-13,-6
-62,-12,-8
-62,-12,-8
-62,-12,-9
-63,-12,-10
-64,-11,-10
-64,-11,-10
-64,-11,-10
-65,-10,-11
-65,-10,-12
-67,-10,-14
-66,-11,-14
-64,-12,-13
-63,-13,-12
-61,-12,-11
-61,-12,-12
-63,-12,-13
-62,-11,-13
-61,-10,-13
-64,-10,-12
-64,-10,-12
-64,-8,-12
-65,-8,-13
-64,-8,-14
-63,-7,-14
-64,-5,-13
-64,-5,-13
-65,-4,-13
-65,-4,-13
-65,-5,-13
-64,-5,-12
-64,-6,-11
-65,-5,-10
-63,-4,-9
-64,-2,-12
-63,0,-14
-66,2,-20
-68,3,-23
-67,3,-26
-68,2,-28
-65,0,-26
-64,-1,-24
-61,-2,-18
-60,-1,-14
-60,-1,-13
-59,1,-12
-61,2,-12
-61,5,-15
-63,5,-18
-67,7,-21
-66,8,-19
-63,6,-17
-64,4,-17
-65,1,-13
-63,-2,-10
-66,-1,-6
-64,-3,-5
-57,-2,-2
-58,5,5
-62,4,-1
-61,7,2
-61,9,6
-61,11,0
-65,14,-2
-58,16,0
-47,17,-17
-59,16,-30
-60,10,-12
-59,10,-21
-71,8,-32
-66,9,-26
-69,8,-23
-68,12,-29
-69,12,-28
-74,12,-27
-63,13,-24
-54,14,-20
-59,14,1
-66,12,4
-55,14,11
-57,15,12
-61,14,10
-57,13,19
-53,14,25
-58,11,25
-57,14,26
-56,17,30
-53,17,30
-55,15,30
-57,16,29
-55,15,32
-55,18,34
-47,18,34
-50,18,33
-51,18,33
-50,17,37
-45,17,43
-58,21,36
-45,25,36
-67,24,31
-58,21,44
-22,19,40
-20,16,46
-24,15,58
-37,15,53
-52,18,45
-43,21,47
-38,22,46
-34,18,41
-32,6,28
-51,-2,11
-61,2,9
-54,3,1
-59,3,-7
-75,8,-13
-73,10,-18
-70,12,-28
-73,18,-27
-70,19,-28
-50,18,-21
-58,14,-19
-78,5,-14
-78,3,-6
-71,-2,19
-77,-3,16
-66,2,-7
-64,10,-10
-62,8,-8
-65,6,-4
-65,6,-8
-64,6,-5
-65,4,-4
-61,2,-4
-65,-1,-1
-72,-5,0
-69,-7,1
-64,-4,4
-68,-4,3
-65,-7,2
-66,-6,6
-62,-4,9
-61,-4,11
-65,-6,12
-63,-6,12
-62,-5,12
-60,-5,10
-57,-5,11
-49,-5,10
-50,-2,9
-64,-4,-2
-71,-4,-5
-70,-1,-9
-70,-2,-11
-67,-1,-12
-66,-1,-12
-66,-2,-17
-62,-1,-22
-64,-1,-24
-66,0,-25
-66,0,-23
-63,-1,-17
-63,-1,-15
-61,-2,-10
-61,-4,-9
-61,-4,-9
-60,-5,-10
-65,-6,-10
-66,-5,-11
-67,-5,-12
-67,-4,-10
-67,-5,-10
-65,-6,-7
-64,-6,-6
-56,-6,-3
-58,-6,-2
-60,-4,-3
-64,-4,-6
-68,-2,-8
-70,-2,-8
-69,-2,-9
-67,-3,-7
-63,-5,-7
-63,-6,-7
-65,-7,-9
-65,-6,-10
-65,-5,-11
-65,-5,-12
-66,-4,-11
-65,-4,-12
-65,-4,-12
-63,-4,-10
-63,-4,-10
-63,-5,-10
-64,-5,-10
-64,-5,-10
-65,-6,-10
-65,-6,-10
-64,-7,-9
-63,-7,-9
-64,-7,-8
-64,-7,-9
-64,-7,-9
-64,-7,-9
-64,-7,-9
-64,-7,-9
-64,-7,-8
-64,-7,-9
-64,-7,-9
-64,-7,-9
-64,-7,-9
-64,-7,-9
-64,-7,-9
-65,-7,-9
-65,-7,-9
-64,-7,-9
-63,-8,-9
-63,-8,-9
-64,-8,-9
-65,-8,-10
-65,-8,-10
-65,-8,-10
-65,-8,-10
-64,-7,-9
-63,-8,-9
-63,-8,-9
-63,-6,-8
-63,-5,-8
-63,-4,-10
-64,-3,-10
-65,-4,-11
-65,-4,-10
-65,-4,-10
-64,-4,-10
-64,-4,-11
-65,-4,-12
-65,-4,-12
-64,-5,-12
-64,-5,-12
-64,-6,-11
-64,-5,-11
-64,-6,-10
-64,-6,-11
-64,-6,-11
-64,-6,-11
-63,-7,-10
-64,-6,-9
-65,-7,-9
-65,-7,-9
-65,-7,-9
-64,-7,-9
-64,-7,-8
-64,-7,-6
-64,-7,-5
-63,-7,-3
-63,-6,-3
-66,-6,-3
-65,-5,-2
-65,-4,-2
-65,-4,-1
-65,-4,-1
-63,-4,0
-62,-4,0
-62,-5,1
-65,-5,0
-67,-6,0
-66,-6,-1
-65,-6,-1
-65,-6,-1
-65,-5,-2
-65,-5,-3
-65,-5,-3
-64,-5,-3
-64,-5,-3
-64,-4,-4
-64,-4,-4
-64,-4,-5
-64,-4,-5
-64,-3,-5
-64,-3,-6
-64,-3,-6
-64,-4,-6
-66,-5,-8
-67,-6,-9
-68,-6,-9
-65,-7,-10
-66,-6,-8
-65,-6,-7
-65,-6,-8
-67,-6,-7
-64,-4,-6
-65,-7,-6
-65,-8,-5
-64,-7,-4
-64,-7,-3
-64,-9,-4
-65,-10,-3
-65,-11,-3
-64,-11,-2
-62,-11,-2
-62,-12,-2
-62,-12,-2
-64,-12,-3
-64,-12,-3
-62,-11,-3
-63,-12,-3
-64,-12,-2
-65,-12,-2
-66,-12,-1
-63,-12,-3
-61,-13,-3
-60,-12,-3
-61,-12,-4
-62,-13,-8
-63,-13,-9
-64,-12,-11
-64,-12,-13
-65,-11,-17
-65,-11,-18
-64,-10,-20
-62,-8,-21
-63,-7,-22
-60,-6,-24
-61,-4,-25
-61,-3,-27
-62,-3,-28
-62,-2,-29
-64,-1,-29
-63,0,-26
-62,1,-25
-62,2,-25
-62,3,-25
-65,5,-25
-63,6,-22
-62,6,-21
-64,5,-20
-66,5,-18
-67,5,-13
-66,5,-11
-64,3,-3
-63,3,0
-62,2,8
-63,0,9
-59,0,15
-53,2,21
-50,2,27
-41,-1,31
-43,1,35
-49,3,36
-50,3,33
-63,4,34
-62,7,35
-55,5,36
-56,4,37
-57,3,34
-55,3,34
-56,5,32
-61,5,29
-55,5,31
-52,2,34
-48,3,36
-56,4,35
-54,6,36
-48,3,40
-45,2,42
-52,3,44
-50,6,45
-48,3,45
-46,4,43
-49,5,45
-45,6,47
-41,5,42
-66,6,39
-50,8,44
-32,5,50
-28,1,51
-45,2,55
-41,6,57
-29,5,60
-35,6,55
-59,3,32
-57,4,25
-68,1,21
-64,3,22
-60,1,22
-56,3,24
-53,5,25
-57,4,24
-57,5,26
-58,4,30
-57,5,32
-55,6,35
-54,3,35
-49,0,34
-66,4,40
-53,-1,43
-48,-4,37
-54,5,33
-56,5,27
-65,6,23
-59,3,22
-57,5,22
-60,7,18
-59,5,17
-56,6,20
-56,7,20
-60,6,17
-59,7,17
-63,9,15
-68,6,15
-67,5,17
-66,3,20
-67,2,21
-66,-1,22
-64,-2,22
-63,-3,23
-62,-3,22
-62,-3,21
-62,-4,21
-61,-6,20
-60,-7,21
-59,-7,21
-57,-5,20
-56,-5,18
-56,-4,16
-57,-3,15
-61,-3,11
-63,-3,9
-62,-2,7
-62,0,6
-63,1,2
-64,3,1
-66,4,-2
-69,4,-4
-81,1,-7
-80,0,-4
-82,0,-5
-79,-2,-7
-76,-1,-9
-56,-1,-5
-47,-2,-4
-41,-7,-2
-43,-11,0
-60,-20,14
-55,-24,21
-57,-26,23
-64,-24,22
-69,-21,22
-80,-19,22
-80,-16,22
-60,-11,25
-58,-10,25
-55,-11,26
-52,-11,26
-54,-14,27
-57,-14,26
-51,-14,21
-53,-13,22
-54,-9,22
-53,-7,17
-56,-5,16
-63,-8,9
-68,-8,7
-64,-4,6
-68,-4,2
-72,-4,-7
-71,-6,-8
-70,-10,-8
-65,-8,-7
-61,-9,-7
-61,-9,-11
-60,-10,-13
-59,-10,-17
-56,-9,-16
-54,-10,-15
-55,-10,-16
-56,-11,-16
-57,-13,-18
-63,-14,-20
-63,-14,-20
-65,-16,-22
-67,-17,-23
-65,-19,-21
-64,-21,-21
-61,-22,-16
-56,-21,-13
-52,-21,-10
-46,-19,-10
-44,-17,-10
-43,-16,-13
-43,-16,-15
-44,-20,-21
-46,-24,-25
-46,-26,-29
-45,-29,-30
-46,-35,-33
-47,-36,-35
-38,-38,-34
-29,-41,-34
-30,-43,-35
-37,-46,-35
-34,-46,-34
-34,-50,-34
-39,-52,-35
-38,-55,-38
-38,-56,-37
-42,-60,-28
-43,-60,-20
-30,-68,-11
-26,-71,-12
-25,-67,-20
-25,-66,-33
-22,-65,-35
-14,-64,-36
-11,-62,-35
-10,-59,-31
-9,-59,-29
-5,-63,-26
-6,-63,-25
-7,-64,-24
-8,-63,-25
-6,-60,-26
-5,-60,-26
-3,-60,-28
-3,-59,-28
-4,-59,-27
-5,-60,-28
-7,-60,-29
-14,-61,-32
-17,-61,-33
-16,-63,-34
-18,-62,-31
-30,-62,-31
-34,-61,-34
-28,-58,-36
-20,-59,-35
-32,-59,-38
-31,-58,-33
-34,-57,-28
-41,-59,-29
-43,-57,-32
-48,-58,-33
-46,-56,-31
-48,-52,-35
-43,-50,-40
-39,-46,-23
-48,-45,-22
-39,-49,-7
-38,-36,-13
-40,-18,-20
-42,-15,-15
-43,-13,-14
-53,-13,-16
-60,-11,-17
-61,-14,-13
-62,-16,-15
-59,-14,-8
-47,-12,-7
-55,-17,-4
-53,-15,0
-57,-11,4
-55,-10,8
-53,-6,12
-61,-7,9
-64,-8,11
-59,-8,21
-55,-8,21
-53,-8,22
-51,-10,24
-51,-10,22
-51,-13,19
-57,-12,12
-66,-11,8
-71,-10,3
-74,-7,-2
-70,-4,-3
-68,3,-8
-74,2,-11
-76,4,-8
-69,-4,-9
-61,2,-4
-60,2,-4
-57,2,-2
-55,3,-3
-57,4,-4
-60,3,-5
-63,2,-7
-65,1,-9
-65,0,-10
-64,0,-8
-65,-1,-7
-68,-3,-6
-68,-3,-5
-71,-4,-8
-71,-4,-8
-70,-5,-9
-69,-7,-9
-65,-7,-10
-64,-8,-9
-64,-9,-10
-61,-9,-10
-62,-9,-10
-62,-10,-9
-61,-11,-9
-61,-12,-7
-61,-13,-6
-62,-15,-4
-60,-15,-3
-63,-16,-4
-69,-19,-7
-71,-19,-6
-70,-19,-4
-62,-19,-1
-61,-20,-1
-61,-20,-2
-59,-18,-3
-59,-18,-4
-57,-17,-6
-58,-17,-6
-63,-18,-6
-62,-19,-5
-61,-20,-2
-60,-20,-2
-57,-20,-2
-61,-21,-4
-63,-23,-4
-69,-25,-3
-73,-28,-3
-65,-29,2
-61,-26,2
-55,-23,1
-54,-21,0
-54,-16,-5
-57,-14,-8
-61,-11,-11
-63,-11,-12
-68,-11,-14
-68,-11,-14
-67,-12,-12
-66,-12,-12
-65,-13,-11
-60,-12,-11
-60,-12,-12
-60,-11,-14
-60,-10,-15
-61,-11,-16
-62,-11,-17
-66,-15,-16
-67,-17,-15
-65,-17,-10
-66,-15,-7
-66,-15,-6
-61,-12,-7
-62,-11,-9
-60,-10,-11
-59,-9,-11
-60,-10,-12
-60,-10,-12
-63,-11,-13
-63,-12,-13
-64,-13,-12
-65,-15,-11
-64,-16,-7
-63,-17,-6
-62,-17,-6
-60,-18,-7
-60,-17,-7
-61,-18,-8
-62,-19,-8
-63,-21,-8
-62,-22,-7
-62,-23,-6
-62,-24,-6
-61,-25,-4
-60,-26,-4
-60,-25,-3
-59,-24,-3
-59,-23,-3
-61,-22,-5
-62,-22,-6
-62,-22,-6
-62,-22,-5
-62,-23,-4
-61,-24,-3
-59,-24,-2
-59,-24,-2
-58,-24,-3
-58,-23,-4
-59,-23,-4
-61,-23,-4
-62,-23,-4
-60,-23,-4
-58,-23,-3
-57,-23,-3
-59,-23,-4
-64,-24,-7
-66,-26,-7
-63,-29,-4
-60,-29,-2
-58,-29,-1
-56,-26,-1
-55,-25,-2
-55,-23,-4
-57,-23,-6
-63,-22,-8
-62,-21,-7
-61,-20,-6
-61,-20,-6
-61,-21,-6
-63,-20,-6
-66,-20,-7
-65,-20,-7
-60,-19,-5
-60,-19,-6
-62,-19,-7
-62,-19,-6
-64,-18,-7
-63,-18,-6
-63,-18,-7
-64,-18,-7
-63,-18,-7
-63,-17,-7
-62,-16,-7
-61,-14,-7
-62,-14,-7
-65,-12,-7
-65,-11,-7
-66,-11,-6
-65,-11,-6
-64,-10,-6
-63,-10,-7
-62,-10,-7
-61,-9,-8
-61,-9,-7
-61,-9,-7
-62,-10,-7
-62,-9,-8
-65,-9,-8
-65,-9,-7
-66,-8,-8
-67,-8,-8
-67,-8,-9
-67,-9,-10
-65,-10,-10
-64,-11,-9
-65,-12,-9
-64,-12,-8
-63,-13,-6
-64,-13,-7
-65,-13,-6
-65,-13,-7
-65,-13,-8
-64,-12,-9
-63,-12,-8
-61,-14,-7
-60,-14,-7
-59,-14,-6
-62,-15,-7
-67,-19,-8
-67,-20,-8
-64,-21,-6
-63,-22,-5
-61,-23,-3
-56,-22,-2
-54,-21,-2
-58,-20,-5
-60,-18,-6
-62,-16,-4
-63,-17,-4
-66,-18,0
-65,-19,0
-61,-21,-3
-61,-22,-4
-61,-24,-3
-61,-24,-2
-62,-22,-2
-62,-20,-4
-60,-19,-3
-62,-18,-4
-63,-18,-4
-62,-17,-4
-62,-17,-4
-62,-18,-4
-63,-19,-4
-66,-21,-5
-65,-21,-4
-63,-21,-5
-62,-21,-5
-62,-21,-6
-58,-19,-5
-59,-19,-5
-60,-19,-6
-62,-19,-7
-65,-19,-6
-65,-19,-6
-64,-20,-5
-64,-21,-6
-64,-22,-7
-62,-21,-6
-58,-19,-4
-58,-18,-3
-61,-16,-3
-65,-16,-4
-65,-16,-3
-63,-17,-2
-62,-18,-3
-61,-20,-3
-60,-21,-3
-61,-21,-2
-61,-20,-2
-61,-20,-2
-61,-20,-3
-61,-20,-3
-62,-20,-2
-62,-20,-2
-62,-20,-3
-62,-20,-3
-62,-20,-3
-61,-20,-3
-62,-21,-3
-62,-21,-3
-61,-20,-3
-62,-20,-3
-62,-20,-3
-61,-20,-3
-62,-20,-4
-62,-20,-4
-62,-19,-3
-62,-20,-3
-62,-20,-3
-62,-20,-3
-62,-20,-4
-62,-19,-4
-62,-19,-4
-62,-19,-3
-63,-19,-3
-62,-19,-4
-62,-19,-3
-62,-19,-4
-62,-19,-4
-62,-19,-4
-62,-20,-3
-62,-19,-3
-62,-19,-4
-62,-19,-4
-62,-19,-3
-62,-19,-3
-62,-19,-4
-63,-19,-4
-62,-19,-3
-61,-19,-3
-62,-19,-4
-62,-18,-4
-62,-18,-4
-60,-19,-4
-60,-20,-4
-61,-22,-3
-62,-22,-2
-63,-24,-2
-63,-24,-2
-61,-24,-2
-61,-24,-3
-62,-23,-4
-62,-23,-3
-57,-21,-2
-57,-21,-1
-59,-20,-2
-63,-20,-2
-66,-21,-1
-67,-24,0
-66,-24,1
-64,-23,-1
-62,-21,-3
-61,-18,-6
-61,-17,-7
-61,-16,-7
-61,-16,-7
-62,-14,-5
-63,-14,-4
-63,-13,-4
-61,-11,-4
-61,-10,-4
-62,-9,-5
-66,-10,-5
-68,-10,-5
-68,-10,-4
-66,-10,-5
-66,-10,-6
-67,-10,-7
-63,-11,-5
-62,-12,-3
-60,-12,-2
-60,-11,-2
-62,-9,-4
-62,-9,-4
-64,-10,-4
-64,-11,-3
-64,-14,-2
-65,-15,-3
-66,-15,-3
-66,-14,-3
-63,-13,-3
-63,-14,-3
-62,-14,-2
-61,-16,-2
-61,-17,-1
-61,-18,-1
-62,-18,-2
-64,-18,-3
-64,-18,-3
-63,-18,-3
-63,-19,-4
-63,-18,-4
-63,-18,-4
-62,-17,-4
-63,-17,-4
-63,-17,-4
-60,-16,-4
-60,-16,-5
-61,-15,-6
-61,-14,-6
-62,-13,-7
-62,-13,-7
-64,-13,-9
-64,-14,-9
-65,-15,-10
-65,-15,-10
-64,-16,-10
-64,-16,-11
-64,-16,-11
-63,-14,-11
-63,-13,-10
-62,-13,-12
-62,-13,-13
-60,-13,-16
-59,-14,-17
-58,-17,-16
-59,-20,-15
-60,-24,-11
-58,-26,-7
-56,-26,-5
-57,-27,-7
-57,-30,-9
-58,-35,-11
-59,-38,-10
-59,-43,-4
-57,-44,-2
-54,-42,-4
-54,-38,-6
-54,-32,-10
-55,-30,-12
-56,-28,-12
-55,-29,-7
-54,-30,-6
-56,-31,-6
-56,-31,-6
-55,-34,-8
-54,-34,-8
-53,-35,-9
-54,-35,-9
-57,-34,-9
-58,-34,-9
-58,-32,-8
-58,-31,-8
-60,-29,-8
-61,-27,-8
-61,-26,-8
-62,-24,-8
-61,-23,-7
-61,-22,-7
-61,-22,-8
-63,-21,-8
-63,-21,-9
-62,-20,-10
-62,-21,-12
-62,-20,-16
-59,-19,-16
-54,-18,-16
-53,-17,-15
-54,-16,-13
-59,-16,-12
-61,-17,-13
-64,-19,-15
-63,-20,-16
-60,-23,-16
-59,-26,-16
-58,-29,-15
-57,-30,-14
-55,-30,-12
-56,-30,-12
-57,-29,-13
-56,-31,-13
-55,-31,-13
-54,-34,-12
-53,-34,-11
-52,-36,-10
-52,-36,-10
-54,-35,-10
-55,-35,-11
-55,-33,-11
-56,-33,-12
-56,-32,-12
-56,-33,-12
-55,-33,-12
-54,-35,-13
-54,-35,-12
-54,-36,-13
-53,-37,-12
-54,-37,-12
-54,-37,-12
-54,-37,-12
-54,-36,-12
-54,-35,-11
-53,-35,-12
-53,-35,-11
-52,-35,-11
-53,-36,-11
-53,-36,-10
-52,-36,-10
-53,-36,-10
-54,-36,-10
-53,-35,-10
-52,-35,-10
-53,-35,-10
-53,-35,-10
-53,-36,-10
-53,-36,-10
-54,-36,-10
-55,-36,-10
-54,-36,-10
-53,-36,-10
-52,-37,-10
-52,-37,-10
-52,-38,-9
-52,-37,-9
-52,-37,-9
-53,-36,-9
-53,-35,-8
-53,-36,-9
-53,-35,-8
-52,-35,-9
-52,-34,-8
-53,-34,-8
-55,-34,-8
-55,-33,-8
-55,-32,-8
-56,-33,-8
-57,-33,-8
-57,-33,-8
-59,-34,-9
-57,-33,-9
-57,-31,-8
-60,-30,-8
-60,-28,-9
-62,-27,-9
-61,-26,-9
-60,-24,-10
-60,-23,-11
-60,-21,-12
-60,-21,-12
-59,-20,-9
-58,-20,-8
-59,-20,-8
-61,-20,-8
-64,-19,-8
-63,-17,-9
-63,-16,-9
-64,-15,-9
-63,-15,-8
-61,-13,-7
-61,-14,-7
-60,-13,-7
-60,-13,-7
-63,-12,-8
-62,-12,-7
-63,-10,-8
-65,-10,-9
-67,-10,-10
-67,-9,-11
-67,-10,-11
-66,-9,-11
-65,-9,-9
-64,-9,-6
-64,-9,-6
-61,-8,-5
-60,-7,-7
-61,-7,-8
-62,-6,-9
-63,-6,-9
-66,-7,-10
-67,-10,-8
-64,-11,-4
-65,-11,-4
-65,-10,-6
-64,-9,-7
-63,-7,-7
-64,-7,-7
-65,-6,-7
-65,-5,-8
-66,-5,-9
-67,-6,-9
-66,-9,-9
-65,-10,-7
-63,-13,-6
-62,-15,-6
-62,-16,-7
-61,-17,-7
-62,-17,-8
-62,-18,-7
-62,-18,-6
-63,-17,-6
-63,-17,-6
-63,-18,-6
-62,-18,-6
-61,-19,-6
-61,-19,-6
-60,-21,-5
-61,-21,-4
-62,-21,-4
-63,-21,-3
-63,-19,-4
-62,-18,-4
-63,-18,-4
-63,-17,-3
-63,-17,-3
-63,-16,-3
-64,-16,-3
-64,-16,-4
-62,-17,-3
-58,-18,-2
-60,-18,-3
-61,-18,-3
-62,-18,-2
-63,-18,-2
-63,-18,-4
-62,-19,-4
-62,-20,-5
-63,-22,-6
-63,-23,-5
-63,-23,-4
-62,-22,-5
-60,-21,-5
-60,-20,-5
-61,-20,-5
-61,-20,-5
-62,-22,-4
-62,-22,-4
-62,-23,-5
-62,-23,-5
-61,-22,-6
-60,-22,-6
-60,-22,-6
-61,-22,-6
-61,-23,-6
-60,-23,-5
-60,-24,-5
-61,-23,-5
-61,-23,-4
-60,-22,-5
-61,-22,-5
-61,-22,-4
-60,-22,-5
-59,-23,-5
-58,-22,-5
-58,-23,-7
-57,-23,-7
-58,-23,-8
-60,-30,-11
-60,-33,-11
-59,-30,-9
-60,-30,-6
-63,-28,-5
-62,-27,-5
-59,-27,-8
-57,-29,-8
-53,-34,-8
-51,-37,-7
-50,-41,-6
-51,-42,-5
-51,-41,-6
-47,-39,-6
-46,-39,-7
-47,-38,-7
-48,-38,-8
-50,-37,-9
-51,-37,-10
-54,-37,-11
-54,-38,-11
-54,-39,-11
-54,-40,-11
-54,-42,-10
-54,-44,-10
-50,-45,-8
-49,-45,-8
-50,-44,-8
-51,-40,-10
-52,-38,-11
-54,-35,-11
-55,-34,-11
-55,-34,-12
-56,-34,-12
-54,-32,-11
-52,-32,-10
-54,-31,-10
-56,-31,-10
-57,-30,-10
-58,-29,-10
-59,-28,-11
-59,-26,-13
-58,-26,-14
-55,-25,-12
-55,-26,-11
-58,-28,-11
-59,-28,-10
-60,-30,-10
-61,-30,-9
-63,-30,-10
-61,-29,-9
-59,-27,-9
-56,-24,-7
-57,-23,-8
-59,-22,-10
-59,-22,-9
-59,-22,-8
-59,-22,-7
-61,-23,-7
-62,-23,-8
-62,-23,-7
-62,-23,-7
-60,-24,-7
-59,-23,-7
-59,-23,-7
-58,-20,-7
-59,-20,-7
-62,-20,-8
-62,-21,-8
-59,-23,-7
-58,-24,-6
-57,-25,-7
-56,-25,-7
-55,-24,-8
-56,-23,-8
-57,-23,-10
-56,-25,-12
-55,-25,-13
-54,-26,-14
-54,-28,-16
-51,-31,-18
-51,-32,-20
-54,-31,-20
-56,-32,-20
-55,-32,-18
-53,-33,-17
-50,-34,-19
-51,-35,-21
-52,-37,-24
-52,-39,-23
-52,-40,-22
-51,-44,-21
-50,-44,-20
-50,-45,-20
-50,-44,-21
-49,-43,-22
-48,-41,-23
-47,-39,-24
-47,-38,-25
-46,-37,-25
-45,-37,-24
-46,-37,-23
-48,-37,-23
-48,-38,-23
-48,-39,-23
-47,-39,-23
-46,-39,-24
-46,-40,-24
-46,-40,-24
-46,-40,-24
-46,-41,-23
-45,-40,-23
-46,-39,-23
-47,-37,-23
-47,-36,-23
-49,-36,-24
-48,-37,-24
-46,-39,-23
-47,-40,-23
-47,-42,-23
-47,-42,-22
-47,-42,-20
-48,-42,-20
-50,-41,-19
-52,-39,-20
-55,-37,-20
-54,-35,-20
-53,-34,-19
-51,-34,-18
-50,-33,-19
-52,-31,-20
-54,-31,-19
-56,-29,-19
-58,-29,-18
-60,-29,-17
-60,-30,-16
-53,-32,-15
-51,-33,-14
-51,-33,-17
-53,-30,-18
-55,-29,-18
-57,-29,-16
-57,-29,-14
-56,-28,-11
-55,-29,-12
-53,-29,-11
-54,-28,-11
-56,-28,-10
-55,-29,-9
-57,-29,-7
-59,-30,-8
-61,-29,-9
-59,-29,-9
-58,-29,-10
-54,-29,-9
-54,-29,-8
-52,-30,-8
-52,-30,-8
-54,-31,-8
-55,-32,-8
-56,-32,-9
-56,-32,-9
-58,-33,-10
-57,-34,-9
-54,-35,-8
-55,-35,-9
-55,-35,-8
-57,-36,-9
-57,-36,-8
-55,-37,-7
-53,-37,-6
-50,-36,-6
-49,-35,-6
-51,-34,-6
-51,-33,-6
-54,-33,-5
-55,-33,-7
-54,-34,-8
-52,-36,-10
-52,-38,-10
-53,-39,-9
-54,-39,-9
-55,-37,-9
-55,-36,-9
-54,-35,-10
-55,-35,-9
-54,-34,-9
-54,-34,-9
-54,-34,-10
-56,-34,-11
-56,-34,-11
-55,-34,-11
-55,-34,-11
-54,-35,-11
-54,-35,-11
-55,-34,-11
-54,-35,-11
-54,-34,-10
-54,-34,-11
-55,-34,-10
-55,-33,-10
-54,-34,-11
-55,-34,-10
-55,-33,-11
-55,-33,-10
-55,-33,-10
-56,-33,-10
-56,-34,-10
-56,-33,-9
-57,-33,-10
-58,-32,-10
-58,-31,-9
-59,-30,-9
-57,-30,-9
-56,-28,-6
-58,-27,-6
-59,-28,-7
-61,-27,-8
-60,-26,-8
-59,-25,-7
-60,-23,-7
-63,-20,-7
-60,-19,-7
-60,-19,-6
-60,-18,-6
-60,-17,-4
-61,-18,-2
-62,-19,-1
-62,-18,1
-63,-17,1
-65,-14,0
-66,-13,-2
-64,-10,-2
-63,-9,-3
-62,-8,-2
-61,-7,-2
-60,-6,-3
-61,-5,-2
-63,-5,-2
-67,-5,-3
-69,-5,-4
-68,-4,-2
-67,-4,0
-67,-4,1
-68,-4,0
-70,-6,-1
-70,-7,-4
-69,-11,-7
-68,-12,-7
-63,-13,-9
-60,-12,-11
-58,-11,-13
-60,-9,-14
-61,-8,-15
-60,-5,-15
-61,-3,-15
-65,-2,-16
-66,-2,-17
-66,-4,-19
-65,-5,-17
-62,-8,-12
-62,-8,-11
-61,-7,-10
-62,-6,-11
-64,-4,-12
-66,-6,-12
-65,-7,-11
-61,-8,-8
-59,-9,-9
-61,-9,-8
-62,-9,-8
-66,-10,-8
-65,-9,-7
-65,-8,-6
-66,-7,-7
-67,-4,-10
-68,-5,-12
-69,-7,-13
-74,-11,-17
-75,-12,-15
-70,-15,-10
-66,-15,-7
-60,-15,-5
-58,-17,-6
-57,-19,-7
-52,-20,-6
-47,-20,-3
-49,-20,-3
-57,-21,-3
-59,-20,-2
-62,-17,1
-65,-16,3
-66,-16,4
-63,-12,5
-62,-9,5
-62,-3,2
-65,0,-1
-64,4,-8
-65,6,-15
-85,2,-44
-89,-1,-50
-78,-1,-51
-69,1,-45
-49,-2,-31
-45,-4,-30
-49,-6,-31
-48,-9,-32
-44,-8,-30
-43,-5,-27
-46,-5,-26
-54,-7,-22
-57,-8,-18
-57,-11,-12
-55,-13,-9
-58,-13,-11
-63,-14,-15
-62,-15,-20
-60,-13,-30
-65,-15,-39
-75,-10,-49
-80,-9,-50
-81,-12,-40
-74,-14,-31
-50,-24,-15
-40,-27,-9
-40,-29,-8
-45,-29,-12
-49,-27,-18
-52,-19,-20
-55,-15,-20
-59,-10,-21
-60,-8,-21
-63,-4,-23
-65,-2,-24
-67,1,-24
-68,2,-24
-66,1,-23
-65,1,-22
-63,-1,-21
-65,-2,-24
-67,-4,-37
-69,3,-40
-69,6,-38
-58,8,-29
-52,8,-28
-51,8,-33
-51,8,-37
-50,5,-46
-48,4,-47
-43,-4,-46
-38,-5,-32
-37,-10,-32
-40,-15,-37
-37,-19,-33
-45,-20,-41
-51,-15,-40
-89,-8,-46
-72,-2,-50
-53,0,-55
-52,2,-50
-52,-1,-40
-54,0,-38
-51,-1,-39
-50,-3,-41
-50,-5,-39
-56,-5,-36
-55,-4,-29
-51,-2,-27
-49,-5,-25
-49,-11,-26
-41,-14,-26
-50,-17,-25
-55,-18,-23
-61,-17,-19
-64,-19,-22
-65,-17,-23
-66,-17,-23
-63,-15,-26
-63,-15,-24
-57,-14,-21
-57,-15,-16
-65,-15,-18
-58,-17,-21
-60,-20,-23
-63,-21,-23
-62,-18,-21
-63,-16,-18
-61,-14,-13
-64,-15,-12
-64,-15,-10
-69,-16,-9
-63,-12,-4
-66,-13,-7
-65,-12,-4
-61,-11,-2
-58,-8,3
-60,-8,6
-62,-7,6
-62,-5,7
-69,-8,4
-62,-4,8
-61,-6,10
-66,-6,11
-61,-3,19
-61,-2,21
-62,-2,19
-59,-2,24
-57,-3,25
-53,-4,23
-57,-2,24
-55,-4,27
-53,-6,25
-56,1,14
-77,-3,2
-75,4,0
-75,7,1
-68,1,12
-68,-3,13
-72,-4,13
-64,-6,16
-60,-5,18
-53,1,13
-54,1,6
-58,7,1
-67,7,-4
-67,6,-11
-74,7,-12
-76,0,-12
-67,0,0
-69,3,-6
-79,0,-21
-60,1,-7
-71,-2,0
-62,-4,4
-48,1,29
-46,0,21
-62,0,11
-59,2,22
-58,-1,21
-56,0,24
-56,-4,17
-44,0,32
-46,0,34
-48,3,36
-46,4,38
-52,4,39
-54,2,33
-63,3,34
-61,3,40
-56,3,45
-53,3,43
-59,3,34
-60,3,33
-55,3,36
-50,0,37
-55,0,33
-62,0,30
-62,0,33
-60,0,40
-61,-1,40
-61,-1,41
-59,1,41
-58,5,38
-58,8,36
-55,15,32
-54,24,30
-58,27,26
-62,25,19
-58,26,20
-56,19,22
-70,15,21
-67,10,22
-54,6,25
-63,-8,26
-64,-16,27
-38,-18,41
-31,-24,47
-31,-35,44
-26,-37,59
-18,-31,58
-17,-28,47
-20,-31,49
-6,-29,55
-2,-26,53
-15,-25,63
-30,-28,62
-21,-16,65
-23,-16,67
-25,-13,63
-26,-11,58
-31,-10,56
-28,-10,58
-27,-12,58
-30,-7,51
-34,-5,46
-36,-10,51
-33,-13,55
-29,-11,52
-32,-9,52
-32,-11,56
-29,-13,57
-28,-11,56
-29,-9,56
-30,-8,54
-31,-9,58
-29,-8,59
-28,-8,60
-28,-8,58
-27,-11,59
-26,-12,59
-27,-13,56
-29,-15,55
-32,-19,49
-36,-16,47
-49,-13,36
-51,-15,29
-51,-7,16
-64,9,1
-69,10,-7
-58,19,-7
-57,27,-2
-60,28,-4
-55,24,2
-45,40,4
-56,40,7
-63,33,7
-55,34,7
-74,28,29
-85,18,25
-54,7,37
-58,4,49
-70,2,37
-36,2,50
-33,6,56
-52,7,41
-43,8,43
-35,7,50
-43,8,45
-48,8,46
-43,6,49
-31,1,55
-31,0,54
-30,0,53
-27,0,56
-28,1,56
-30,-4,57
-30,-8,58
-26,-20,61
-24,-24,56
-27,-33,40
-23,-35,34
-22,-36,23
-28,-37,21
-42,-41,19
-53,-49,14
-52,-60,15
-22,-87,37
-52,-87,20
-65,-66,10
-65,-62,8
-57,-50,4
-64,-51,10
-42,-76,32
-45,-53,9
-40,-57,-6
-37,-56,-16
-28,-48,-35
-20,-43,-34
-14,-57,-27
-46,-55,-36
-54,-58,-21
-65,-53,-2
-50,-62,9
-22,-69,7
-27,-83,-5
-29,-84,-17
-34,-77,-31
-42,-48,-33
-31,-32,-28
-3,-15,-9
-4,-20,-4
-11,-25,-6
-51,-49,-20
-52,-64,-23
-14,-58,-14
-21,-69,-15
-21,-69,-23
-21,-63,-18
-23,-59,-19
-20,-57,-18
-24,-51,-32
-17,-45,-28
-25,-40,-35
-22,-33,-42
8,-37,-27
17,-59,9
2,-79,22
-26,-99,47
-43,-88,35
-14,-71,37
-13,-80,23
-17,-79,-16
-18,-81,-17
-21,-78,-14
-47,-78,-29
-21,-70,-17
45,-66,21
23,-53,3
-1,-50,-5
-10,-49,-15
-40,-46,-27
-44,-47,-26
-48,-40,-35
-43,-36,-38
-34,-32,-37
-39,-34,-36
-44,-38,-44
-33,-41,-37
-30,-48,-30
-26,-52,-32
-28,-55,-36
-31,-58,-32
-31,-56,-32
-31,-52,-35
-26,-51,-35
-19,-50,-28
-21,-51,-25
-19,-47,-34
-23,-45,-35
-15,-47,-32
-16,-48,-33
-20,-51,-34
-15,-55,-27
-11,-59,-20
-16,-62,-18
-20,-64,-18
-24,-63,-22
-21,-60,-21
-22,-61,-21
-31,-58,-27
-25,-56,-25
-17,-55,-18
-19,-55,-15
0,-51,-8
15,-53,4
-33,-63,-17
-36,-65,-20
-24,-65,-19
-17,-63,-22
8,-68,-5
15,-70,2
12,-67,-1
2,-68,-6
-23,-69,-6
-27,-69,-6
-22,-64,-1
-23,-65,8
-16,-63,6
-17,-67,15
-18,-68,17
-18,-71,13
-20,-72,11
-25,-70,8
-26,-64,7
-31,-60,6
-34,-60,6
-35,-58,10
-33,-57,10
-30,-55,10
-31,-55,13
-30,-57,15
-25,-59,20
-23,-57,23
-16,-55,26
-14,-53,29
-16,-50,32
-17,-46,32
-26,-45,32
-30,-45,32
-30,-44,34
-29,-45,35
-33,-45,35
-38,-43,31
-41,-42,30
-42,-42,27
-41,-40,25
-38,-38,25
-36,-37,25
-36,-36,25
-37,-36,25
-42,-37,24
-46,-38,23
-50,-39,22
-50,-40,24
-51,-41,23
-59,-41,21
-57,-41,26
-47,-40,32
-43,-37,31
-50,-32,31
-52,-33,31
-50,-34,33
-46,-34,36
-41,-35,36
-43,-36,34
-39,-37,38
-34,-36,40
-35,-37,40
-30,-43,33
-28,-43,33
-35,-43,41
-26,-41,42
-23,-45,32
-23,-47,32
-17,-57,34
-22,-61,41
-28,-54,36
-23,-45,26
-14,-44,26
-17,-51,26
-16,-51,30
-21,-48,32
-25,-47,32
-24,-48,37
-21,-50,40
-20,-46,38
-19,-46,38
-13,-47,41
-12,-44,42
-20,-47,44
-23,-50,45
-17,-49,55
-17,-46,49
-19,-46,44
-17,-46,44
-17,-46,44
-17,-46,42
-17,-46,41
-17,-45,42
-17,-46,41
-20,-47,41
-19,-47,42
-19,-47,43
-18,-48,42
-21,-53,46
-23,-54,42
-27,-57,46
-35,-69,57
-29,-68,65
-12,-50,59
3,-46,45
2,-29,34
-11,-16,33
-42,-1,31
-43,3,33
-28,17,35
-34,11,32
-37,6,28
-47,-7,10
-39,-14,10
-30,-32,15
-31,-43,18
-24,-72,29
-20,-89,36
-30,-85,41
-18,-71,33
-12,-59,30
-14,-64,32
-4,-65,41
8,-58,44
-1,-56,41
-20,-59,33
-18,-55,30
-22,-58,30
-29,-58,28
-35,-58,26
-27,-53,21
-29,-53,16
-27,-54,18
-46,-58,17
-48,-55,5
-34,-56,19
-19,-59,29
-24,-59,25
-43,-49,3
-29,-50,6
-79,-55,2
-45,-56,-1
-41,-44,-8
-47,-58,-10
-46,-48,-17
-64,-44,-33
-82,-53,-48
-74,-66,-45
-20,-65,-7
-12,-57,35
-31,-46,40
-50,-21,30
-51,-14,26
-64,-11,14
-56,-14,17
-46,-12,19
-38,-10,22
-42,-11,27
-30,-13,28
-36,-22,31
-26,-34,34
-20,-25,45
-35,-25,52
-39,-29,46
-23,-55,30
-8,-48,41
-32,-58,43
-31,-59,38
-36,-58,31
-48,-64,33
-38,-46,33
-44,-44,26
-37,-40,33
-31,-41,39
-34,-40,37
-40,-42,33
-38,-42,34
-33,-40,36
-34,-42,37
-34,-43,39
-34,-41,39
-32,-39,39
-32,-38,38
-33,-38,42
-30,-37,43
-31,-36,42
-45,-41,37
-50,-41,35
-49,-44,26
-54,-47,23
-53,-48,32
-45,-44,40
-34,-28,33
-47,-21,19
-58,-9,21
-54,-4,24
-56,11,8
-68,13,-4
-59,10,-3
-45,3,4
-47,-5,3
-49,-24,17
-38,-34,25
-21,-46,41
-5,-51,51
1,-54,58
-5,-56,54
0,-56,46
0,-70,43
-19,-64,61
-5,-51,32
20,-54,49
-1,-47,23
32,-55,28
20,-56,36
18,-63,48
22,-62,50
22,-68,55
20,-63,63
12,-65,61
6,-67,49
3,-66,40
4,-53,39
6,-43,37
-23,-10,4
-61,9,-18
-55,9,-16
-51,0,22
-31,1,45
16,1,70
14,2,79
-11,-19,81
19,-18,100
-74,-24,35
-47,-22,41
-6,-19,70
1,-23,69
-24,-31,48
-17,-27,48
-12,-27,46
-14,-28,44
-15,-31,53
14,-52,88
19,-57,91
-8,-44,69
-21,-39,44
-21,-27,43
-22,-24,44
-3,-22,45
-7,-25,46
-11,-23,49
-26,-30,46
-30,-27,46
-33,-22,49
-39,-25,46
-35,-25,53
-35,-23,58
-36,-23,56
-35,-21,57
-36,-21,58
-35,-20,58
-35,-23,55
-34,-22,51
-34,-21,49
-37,-21,47
-39,-22,46
-43,-24,46
-45,-25,45
-49,-27,41
-49,-24,41
-50,-18,37
-50,-16,33
-55,-10,27
-56,-9,25
-56,-8,24
-57,-8,25
-58,-8,25
-66,-12,22
-67,-13,23
-66,-14,25
-65,-15,25
-63,-16,27
-61,-17,27
-56,-17,30
-54,-17,31
-53,-19,34
-53,-19,35
-52,-18,36
-53,-17,34
-56,-17,32
-69,-25,29
-72,-26,25
-68,-19,21
-59,-15,22
-49,-9,24
-49,-9,24
-54,-12,20
-62,-14,18
-65,-15,19
-62,-13,20
-64,-2,25
-71,3,27
-71,7,27
-70,20,28
-69,24,30
-73,29,25
-76,31,23
-71,39,23
-66,42,23
-72,45,14
-69,45,9
-64,40,8
-66,30,-1
-61,25,-6
-51,20,-3
-56,14,0
-40,5,-7
-41,5,-13
-39,-1,-20
-37,-5,-14
-48,2,-11
-44,6,-17
-50,10,-18
-53,14,-11
-56,25,-1
-62,31,-11
-70,30,-13
-76,45,-18
-68,43,-21
-46,39,-23
-47,36,-22
-49,35,-15
-48,35,-11
-47,37,-8
-48,39,-8
-51,42,-14
-47,42,-15
-45,45,-14
-43,47,-15
-41,49,-15
-44,51,-11
-42,49,-10
-36,48,-8
-34,50,-9
-31,54,-5
-29,53,-4
-32,53,-10
-31,56,-8
-30,58,-2
-25,57,0
-20,63,2
-27,66,-9
-20,65,-4
-13,60,4
-13,59,4
-15,66,0
-21,66,-4
-23,64,-6
-11,65,-2
-6,63,0
-10,63,-2
-4,65,-5
-2,64,-6
-1,64,-6
0,66,-7
0,65,-9
3,64,-8
6,64,-9
7,63,-9
8,63,-11
14,61,-8
14,61,-8
15,64,-11
15,63,-11
15,61,-12
17,59,-12
19,60,-10
23,56,-10
31,53,-10
32,55,-10
24,57,-8
29,57,-8
32,56,-11
28,56,-7
31,55,-4
35,55,-2
33,55,-3
33,54,-4
35,51,-3
37,51,-1
37,50,2
39,48,1
40,47,3
41,47,7
42,45,7
44,43,5
43,45,6
43,46,8
43,45,14
43,45,16
44,43,14
42,43,17
42,42,19
46,38,23
46,37,22
44,36,28
43,37,29
49,32,30
49,31,26
41,30,34
39,33,33
49,31,32
55,38,31
47,34,38
48,32,31
49,33,29
37,32,28
41,31,30
37,36,31
36,35,27
41,38,31
44,38,35
40,35,35
38,35,34
39,33,39
41,31,40
39,25,41
31,21,41
26,21,40
28,19,42
35,17,44
38,18,47
44,18,50
40,15,47
43,19,53
41,20,54
44,20,55
44,22,57
46,27,56
47,37,53
34,41,49
29,47,48
14,54,35
9,58,34
-10,55,34
-22,49,34
-26,43,28
-37,36,11
-112,29,-14
-73,37,-6
-43,46,15
-55,39,13
-66,32,5
-43,36,16
-42,35,19
-64,30,11
-62,24,9
-45,23,28
-46,19,33
-61,25,29
-62,24,25
-49,25,28
-43,27,31
-41,28,26
-32,25,32
-29,24,39
-33,23,42
-31,22,42
-34,23,39
-39,27,38
-43,26,46
-42,28,48
-45,25,42
-39,28,45
-42,27,42
-40,29,41
-45,31,36
-44,25,40
-34,28,44
-43,29,37
-46,27,38
-30,23,43
-27,25,47
-34,29,48
-32,27,55
-30,30,51
-26,28,50
-31,28,48
-34,25,46
-39,28,45
-42,30,45
-43,28,45
-34,28,44
-34,27,42
-41,28,42
-41,26,43
-37,26,46
-37,27,48
-38,29,48
-34,28,46
-33,25,48
-35,27,47
-35,27,45
-33,27,47
-33,26,46
-33,27,50
-39,26,47
-33,24,48
-33,24,46
-31,26,48
-38,24,50
-34,27,48
-32,25,49
-36,25,51
-33,25,51
-28,23,49
-28,24,50
-26,26,50
-28,27,51
-44,25,48
-33,25,44
-34,30,49
-46,27,47
-42,28,47
-33,31,45
-33,33,44
-34,29,44
-31,30,45
-28,27,52
-29,29,51
-28,29,48
-31,28,45
-32,28,47
-30,27,55
-41,29,50
-34,29,42
-34,28,38
-43,29,35
-48,27,33
-49,23,32
-46,23,33
-47,29,36
-47,28,36
-45,26,37
-36,26,36
-42,33,37
-46,34,34
-40,35,29
-58,33,29
-57,40,12
-37,38,32
-35,38,35
-55,34,29
-47,31,26
-43,28,31
-27,33,43
-25,30,46
-20,38,50
-22,36,49
-21,30,42
-23,33,44
-22,29,39
-13,21,31
-20,42,22
-18,56,14
-10,51,1
-30,70,-36
-37,77,-36
-41,65,0
-29,71,-3
-18,74,15
-24,69,29
-35,73,20
-35,69,26
-27,61,47
-30,58,43
-20,51,43
-8,52,49
3,49,50
17,48,54
23,47,56
38,48,50
36,49,42
26,48,26
22,46,20
22,49,23
26,48,22
29,50,27
30,51,31
27,52,33
25,52,30
23,56,25
27,51,18
26,51,17
26,49,16
24,49,17
25,52,14
28,53,16
26,52,22
26,51,24
30,51,21
28,50,18
22,52,17
22,56,19
24,56,18
23,57,12
23,57,11
21,59,9
19,60,8
14,62,7
12,64,6
10,66,0
10,66,-2
8,65,-5
8,66,-4
7,66,-6
9,65,-9
7,66,-10
4,68,-10
3,64,-12
-7,61,-14
-9,60,-18
-9,59,-23
-10,59,-22
-8,56,-22
-1,56,-18
-5,60,-27
-4,61,-27
-11,59,-29
-16,60,-33
-13,54,-35
-13,53,-31
-11,52,-28
-15,49,-33
-21,48,-40
-21,48,-37
-19,46,-37
-20,45,-48
-23,46,-46
-21,45,-36
-21,44,-34
-24,42,-41
-23,44,-40
-23,45,-38
-24,44,-37
-25,44,-38
-28,44,-46
-27,44,-48
-25,45,-43
-24,43,-43
-23,40,-41
-21,37,-42
-18,30,-49
-26,33,-43
-24,35,-48
-29,37,-51
-31,40,-53
-32,45,-51
-30,47,-48
-30,52,-40
-31,53,-36
-32,52,-32
-31,53,-28
-27,52,-25
-22,51,-22
-22,49,-22
-27,50,-17
-27,49,-16
-28,50,-15
-28,49,-14
-26,49,-14
-26,52,-14
-27,53,-13
-28,55,-12
-26,58,-10
-25,58,-9
-25,59,-8
-23,60,-8
-22,61,-8
-21,62,-8
-21,63,-7
-19,63,-7
-21,63,-6
-24,64,2
-24,64,5
-18,64,12
-14,63,14
-1,61,18
5,59,20
16,52,22
28,49,23
49,47,24
59,47,26
56,47,25
42,46,24
38,48,24
30,50,21
27,52,17
15,54,11
12,55,9
6,58,8
6,58,9
3,57,12
4,57,14
6,58,20
8,59,23
9,59,24
11,60,22
13,61,21
15,66,20
14,68,20
6,69,23
2,66,24
-6,62,24
-6,59,23
-4,57,20
1,56,19
2,56,18
6,57,19
6,58,19
6,59,20
6,60,20
4,62,20
4,62,20
3,62,18
3,63,17
3,61,14
2,60,14
-1,59,13
-2,58,13
-3,58,13
-2,58,12
-5,58,12
-11,56,11
-13,54,11
-18,52,11
-20,51,11
-23,50,12
-23,50,14
-22,52,14
-21,56,15
-23,60,18
-31,65,22
-34,69,25
-39,72,30
-43,70,35
-46,61,41
-42,58,42
-26,53,43
-19,51,42
-11,48,40
-11,47,39
-15,45,34
-15,46,32
-18,47,27
-21,49,22
-23,50,16
-22,51,-2
-20,51,-10
-27,47,-21
-36,44,-23
-73,37,-29
-77,36,-16
-95,34,-19
-87,31,-22
-2,18,3
-9,1,23
-9,-7,79
-39,-9,77
-48,-10,65
-42,-4,56
-41,-2,56
-43,-3,56
-43,-3,53
-46,0,48
-45,2,48
-46,3,46
-46,4,44
-49,6,40
-49,8,39
-51,11,37
-53,12,35
-54,12,34
-54,12,34
-55,11,34
-55,10,35
-56,9,35
-59,5,36
-59,4,40
-51,-2,48
-48,-5,48
-45,-3,41
-42,3,24
-47,8,12
-69,20,17
-76,17,16
-75,13,-14
-86,15,-24
-52,23,-1
-47,19,3
-40,21,16
-36,19,17
-50,12,25
-53,9,27
-66,8,32
-63,8,38
-60,8,40
-58,7,39
-58,7,36
-61,6,33
-58,7,31
-55,7,29
-55,7,28
-55,8,28
-54,7,27
-54,8,27
-54,8,28
-58,7,28
-60,6,26
-60,5,26
-58,5,27
-58,5,27
-58,4,27
-59,4,26
-58,3,28
-59,2,27
-60,2,28
-61,1,28
-61,1,29
-60,0,29
-60,-1,30
-60,-1,31
-62,-2,31
-61,-3,31
-59,-3,31
-55,-3,33
-55,-3,34
-55,-2,33
-55,0,33
-55,3,31
-55,4,31
-57,6,29
-57,8,29
-56,9,29
-55,11,29
-54,11,30
-47,12,31
-40,11,33
-30,8,32
-31,4,30
-22,-1,30
-22,-6,31
-42,-32,26
-33,-39,28
-21,-47,35
-24,-55,34
-40,-71,26
-32,-67,26
-29,-65,25
-29,-67,20
-31,-70,20
-36,-76,23
-35,-75,28
-32,-72,36
-27,-70,39
-18,-66,43
-16,-64,44
-17,-60,43
-20,-55,41
-20,-54,41
-22,-53,36
-22,-54,34
-23,-54,31
-25,-56,28
-34,-70,22
-39,-80,19
-41,-89,15
-35,-84,15
-24,-66,11
-22,-61,8
-23,-64,3
-25,-73,-2
-24,-75,-4
-20,-71,-6
-18,-67,-6
-17,-61,-6
-19,-59,-6
-21,-55,-7
-22,-53,-6
-24,-53,-3
-24,-54,-2
-22,-59,4
-19,-60,8
-15,-64,20
-6,-67,33
2,-69,38
10,-77,43
5,-80,43
-4,-75,40
-4,-68,39
-1,-58,35
-3,-59,30
-7,-64,22
-10,-67,17
-12,-67,9
-13,-63,6
-19,-52,2
-31,-44,2
-36,-42,5
-37,-42,11
-32,-45,14
-20,-49,22
-16,-52,27
-17,-61,34
-21,-65,34
-31,-67,36
-38,-70,35
-47,-87,35
-43,-97,34
-12,-79,33
-12,-60,25
-17,-61,19
-24,-71,12
-24,-73,8
-22,-67,3
-20,-65,0
-19,-64,-1
-19,-64,-2
-20,-58,-1
-20,-55,-1
-22,-56,-2
-18,-58,-3
-16,-58,-2
-13,-57,0
-13,-58,3
-18,-63,12
-17,-65,15
-11,-63,29
-11,-62,39
4,-62,52
21,-61,58
30,-66,57
18,-71,47
0,-74,28
-9,-70,15
-14,-64,9
-23,-51,3
-25,-47,2
-27,-41,1
-27,-40,1
-25,-44,3
-25,-48,5
-30,-57,12
-32,-60,19
-29,-63,32
-24,-66,39
-12,-65,48
-14,-63,46
-20,-65,43
-34,-78,37
-41,-91,36
-26,-94,32
-16,-78,32
-18,-62,21
-21,-65,15
-21,-73,7
-20,-72,3
-19,-76,-4
-18,-74,-5
-15,-68,-7
-17,-61,-6
-19,-57,-6
-21,-53,-7
-22,-52,-6
-19,-55,-5
-17,-58,-4
-14,-59,2
-13,-62,7
-7,-68,14
-2,-71,18
5,-77,32
4,-79,39
4,-74,48
8,-70,49
6,-71,46
11,-71,36
11,-71,30
6,-70,17
0,-66,11
-14,-55,2
-21,-51,0
-29,-42,0
-32,-41,0
-33,-43,3
-32,-45,5
-29,-52,10
-22,-59,17
-19,-60,21
-20,-61,25
-23,-66,26
-32,-83,31
-33,-94,31
-12,-90,34
-4,-73,35
-15,-63,26
-21,-69,24
-34,-87,20
-40,-96,16
-31,-93,9
-22,-85,9
-29,-79,4
-50,-59,-19
-61,-51,-26
-74,-46,-25
-54,-44,-15
0,-33,3
19,-26,14
-19,-13,-3
-45,-12,-18
-55,-13,-30
-25,-5,-12
-20,-4,3
-17,-11,8
-5,-26,12
41,-58,44
43,-66,52
13,-91,26
-4,-102,18
-32,-113,21
-36,-113,21
-15,-91,24
-5,-81,28
-7,-74,24
-15,-67,16
-18,-62,13
-23,-55,12
-27,-54,11
-35,-54,12
-35,-56,14
-29,-62,19
-23,-67,21
-8,-69,25
-4,-68,26
-6,-68,22
-9,-68,20
-12,-68,16
-13,-65,13
-12,-63,12
-11,-60,11
-11,-58,11
-10,-57,10
-10,-56,10
-11,-57,11
-11,-57,11
-11,-57,10
-11,-57,11
-14,-58,11
-15,-59,11
-18,-63,12
-18,-66,15
-18,-66,16
-16,-66,17
-15,-65,18
-16,-64,18
-16,-62,18
-16,-60,18
-17,-60,17
-17,-61,16
-16,-61,16
-17,-62,14
-17,-62,13
-17,-62,12
-18,-62,11
-17,-62,11
-15,-63,11
-15,-63,11
-13,-62,12
-13,-61,12
-13,-60,12
-13,-59,13
-13,-59,13
-13,-60,13
-13,-61,14
-13,-63,14
-14,-63,14
-16,-63,15
-18,-64,15
-23,-66,18
-28,-73,19
-38,-71,17
-45,-66,7
-72,-55,-12
-91,-46,-24
-106,-47,-46
-100,-43,-48
-93,-42,-58
-80,-36,-62
-58,-33,-57
-52,-19,-52
-55,-17,-42
-38,-10,-25
-33,-2,-18
-31,3,-12
-30,7,-8
-23,1,-10
-21,-1,-9
-26,0,-18
-26,-1,-22
-28,-3,-22
-28,-4,-17
-34,-3,-19
-44,0,-17
-35,1,-11
-24,8,3
-30,11,9
-42,6,14
-36,4,21
-64,-2,13
-97,-16,-13
-117,-7,-27
-113,-5,-27
-100,1,-28
-96,8,-30
-93,7,-28
-79,2,-24
-77,1,-26
-74,-1,-29
-69,-2,-28
-65,-3,-29
-67,-4,-31
-69,1,-34
-75,6,-36
-95,15,-45
-99,15,-47
-68,12,-39
-58,9,-29
-42,5,-17
-12,5,0
-7,9,2
-14,10,-10
-21,10,-17
-40,10,-28
-48,11,-28
-46,15,-14
-29,16,18
-28,12,33
-46,0,53
-50,-5,54
-74,-6,40
-89,-3,31
-93,5,23
-91,6,23
-86,4,19
-80,3,18
-70,0,19
-68,-2,18
-63,-4,15
-63,-5,15
-58,-7,13
-54,-6,14
-54,-6,14
-55,-7,15
-55,-7,16
-57,-6,19
-60,-6,20
-62,-5,20
-63,-4,20
-65,-2,18
-66,-1,16
-67,1,13
-67,1,12
-65,1,11
-62,1,11
-61,1,11
-62,1,11
-63,1,10
-65,-1,9
-67,-1,8
-68,1,7
-69,2,7
-67,2,6
-65,2,7
-65,2,6
-64,2,6
-64,0,7
-62,-1,8
-58,-1,10
-43,0,15
-40,-1,15
-44,-11,13
-36,-10,17
-28,-24,23
-37,-36,22
-37,-54,20
-34,-61,20
-40,-77,19
-37,-77,21
-30,-79,24
-21,-81,24
-16,-81,23
-8,-76,22
-12,-74,17
-22,-65,11
-27,-60,9
-30,-52,9
-27,-50,10
-19,-49,16
-16,-49,18
-11,-48,24
-10,-48,26
-15,-49,28
-20,-55,30
-22,-59,31
-24,-64,31
-25,-68,31
-30,-84,29
-30,-90,26
-28,-80,19
-26,-67,13
-24,-56,9
-23,-58,6
-29,-63,-5
-38,-65,-11
-34,-61,-10
-24,-54,-4
-25,-54,-3
-25,-57,2
-23,-57,4
-19,-53,7
-18,-52,8
-16,-55,9
-14,-56,10
-9,-59,11
-9,-60,12
-11,-60,13
-12,-64,14
-10,-72,16
-11,-83,20
-13,-85,21
-16,-76,22
-14,-69,24
-8,-57,23
-9,-60,20
-13,-65,13
-13,-67,9
-13,-63,3
-14,-58,1
-18,-48,-1
-24,-42,0
-27,-42,1
-25,-46,7
-23,-50,9
-15,-53,19
-9,-55,24
-8,-63,31
-14,-68,32
-21,-74,32
-21,-74,32
-22,-83,31
-23,-89,31
-20,-84,27
-20,-64,22
-21,-59,17
-21,-57,9
-22,-59,7
-26,-64,2
-27,-67,0
-20,-65,-2
-18,-62,-3
-17,-60,-1
-20,-61,-2
-20,-58,-2
-19,-53,-2
-18,-53,-2
-15,-56,-2
-14,-58,-1
-12,-57,3
-12,-59,4
-12,-63,9
-11,-67,11
-13,-76,17
-17,-76,22
-17,-73,30
-9,-69,34
4,-63,38
3,-63,34
-1,-65,23
-6,-66,12
-9,-65,8
-16,-56,3
-19,-52,2
-23,-46,3
-23,-45,3
-20,-47,7
-18,-48,9
-13,-51,15
-11,-52,19
-13,-59,23
-16,-65,26
-18,-65,27
-22,-66,27
-24,-72,27
-31,-92,29
-32,-100,28
-19,-79,32
-19,-64,28
-27,-54,18
-27,-55,14
-27,-61,9
-27,-71,5
-20,-72,0
-11,-67,3
-10,-64,2
-16,-67,-1
-17,-65,-2
-18,-56,-3
-19,-53,-3
-20,-55,-4
-16,-56,-3
-11,-57,0
-9,-56,2
-10,-57,8
-11,-59,11
-8,-70,17
-6,-77,27
-9,-78,31
-5,-73,37
2,-68,40
5,-67,35
1,-68,28
-4,-70,16
-6,-70,11
-11,-59,5
-14,-53,2
-21,-46,0
-23,-43,0
-25,-42,0
-20,-45,2
-20,-49,4
-23,-58,10
-24,-62,13
-23,-68,22
-21,-67,27
-20,-66,32
-20,-69,32
-22,-82,35
-25,-92,36
-17,-92,33
-13,-65,26
-20,-60,20
-25,-65,11
-25,-68,8
-23,-71,2
-22,-73,0
-15,-72,-3
-13,-65,-2
-15,-55,-2
-18,-56,-4
-22,-55,-5
-21,-52,-5
-16,-51,-4
-12,-56,-1
-10,-58,0
-8,-58,7
-9,-58,10
-11,-61,17
-12,-67,21
-10,-81,32
-8,-84,36
1,-80,43
8,-73,45
8,-64,38
1,-63,30
-9,-66,14
-15,-65,5
-16,-64,1
-18,-55,-2
-20,-50,-3
-24,-43,-3
-27,-42,-3
-24,-43,2
-22,-44,4
-18,-49,11
-18,-53,15
-23,-64,21
-23,-68,25
-20,-68,32
-23,-67,33
-24,-70,32
-26,-81,33
-28,-89,32
-20,-87,31
-18,-75,28
-18,-61,19
-21,-62,15
-25,-76,7
-23,-79,4
-15,-76,0
-13,-72,0
-14,-64,-3
-16,-59,-4
-17,-55,-3
-18,-49,-4
-17,-49,-4
-12,-52,-4
-10,-53,-3
-8,-54,1
-8,-56,3
-9,-61,6
-12,-65,8
-20,-75,17
-24,-79,29
-16,-77,35
10,-71,46
14,-69,45
4,-69,32
0,-68,24
-9,-66,12
-14,-64,7
-21,-53,3
-22,-49,3
-22,-44,3
-22,-44,4
-20,-46,7
-18,-50,12
-16,-53,16
-15,-59,23
-14,-63,25
-11,-66,31
-11,-64,32
-18,-62,31
-21,-65,29
-27,-76,26
-30,-86,25
-26,-84,24
-24,-74,24
-24,-58,18
-24,-62,11
-24,-66,8
-21,-69,3
-21,-69,2
-19,-71,-2
-18,-66,-1
-17,-61,-1
-17,-59,-1
-18,-55,-2
-19,-57,-3
-15,-54,-2
-13,-54,-2
-9,-57,1
-9,-60,4
-10,-61,6
-10,-62,13
-8,-64,17
-2,-72,23
-1,-79,26
-9,-84,28
-12,-80,29
-10,-68,29
-9,-62,28
-11,-58,23
-12,-62,20
-11,-69,13
-10,-70,5
-12,-65,2
-20,-53,-3
-25,-47,-4
-32,-43,-2
-33,-44,0
-25,-48,4
-21,-50,7
-10,-52,17
-9,-54,21
-11,-60,26
-14,-63,28
-20,-70,29
-20,-76,29
-18,-78,29
-12,-79,30
-10,-76,28
-15,-69,21
-18,-67,17
-21,-63,10
-21,-61,8
-22,-62,4
-22,-63,2
-21,-64,0
-20,-64,-1
-18,-63,-2
-18,-60,-3
-18,-59,-3
-17,-55,-3
-17,-55,-3
-16,-56,-2
-15,-57,-2
-13,-58,-1
-14,-58,0
-15,-59,2
-17,-60,3
-20,-66,6
-21,-70,9
-18,-71,12
-10,-72,16
-8,-73,18
-7,-72,19
-9,-72,17
-11,-71,14
-12,-71,11
-12,-76,4
-12,-78,-1
-15,-73,-11
-20,-64,-13
-30,-50,-13
-37,-49,-7
-35,-51,-4
-26,-56,0
-19,-58,3
-3,-61,12
1,-62,16
-6,-66,18
-13,-68,19
-16,-69,21
-12,-68,22
-4,-65,25
0,-63,25
2,-60,24
-1,-59,21
-3,-59,19
-7,-61,15
-8,-61,14
-11,-62,11
-13,-62,10
-15,-62,8
-17,-61,7
-19,-60,6
-20,-59,5
-21,-56,6
-22,-56,6
-21,-56,8
-18,-55,10
-17,-55,11
-18,-59,12
-18,-63,13
-16,-65,15
-15,-63,16
-14,-58,18
-14,-59,18
-14,-62,18
-14,-65,17
-14,-66,15
-15,-66,14
-20,-63,13
-25,-62,13
-24,-62,13
-19,-64,15
-18,-65,15
-17,-67,14
-18,-67,13
-20,-67,10
-20,-66,9
-21,-63,7
-21,-61,6
-21,-59,6
-18,-58,6
-17,-60,6
-16,-60,7
-17,-60,6
-18,-61,6
-18,-62,6
-20,-61,7
-20,-60,8
-20,-57,10
-21,-57,10
-18,-58,12
-17,-59,14
-13,-62,15
-12,-64,16
-13,-64,16
-17,-64,16
-18,-63,15
-17,-62,15
-16,-62,15
-16,-63,14
-17,-63,13
-17,-62,12
-17,-62,11
-17,-61,11
-16,-60,10
-16,-59,10
-16,-58,9
-16,-59,9
-18,-61,8
-19,-62,7
-21,-61,8
-22,-60,9
-22,-58,11
-21,-59,11
-18,-60,14
-17,-61,14
-16,-64,15
-16,-64,15
-20,-64,14
-19,-64,15
-18,-64,15
-16,-64,15
-15,-63,14
-15,-60,13
-15,-59,12
-15,-58,11
-15,-58,11
-15,-59,10
-16,-59,10
-16,-61,10
-18,-62,11
-18,-62,11
-17,-61,12
-17,-61,12
-17,-60,14
-16,-61,14
-16,-61,14
-16,-61,14
-17,-61,14
-17,-61,13
-18,-61,13
-18,-61,12
-18,-60,12
-18,-60,12
-18,-60,12
-17,-60,13
-17,-60,13
-17,-60,12
-17,-60,12
-18,-60,12
-17,-60,12
-17,-60,12
-17,-61,13
-17,-61,13
-17,-61,13
-17,-61,13
-17,-60,13
-17,-60,13
-17,-60,13
-17,-60,13
-18,-60,12
-18,-60,12
-19,-61,12
-19,-61,12
-19,-61,12
-19,-62,13
-19,-62,13
-18,-61,13
-18,-61,13
-18,-60,12
-18,-61,12
-17,-61,11
-17,-61,11
-17,-61,11
-17,-61,11
-18,-61,11
-18,-61,11
-17,-61,12
-17,-61,12
-17,-61,12
-18,-61,13
-17,-61,13
-18,-61,12
-18,-62,12
-18,-62,12
-18,-61,11
-19,-61,11
-18,-61,11
-18,-61,11
-18,-61,11
-18,-61,11
-17,-61,12
-17,-61,12
-16,-61,12
-17,-61,12
-17,-61,12
-17,-60,12
-17,-61,11
-17,-61,12
-17,-61,11
-17,-61,11
-18,-61,11
-18,-61,11
-17,-61,11
-17,-61,10
-17,-61,10
-17,-61,10
-17,-61,11
-17,-62,11
-17,-62,11
-16,-62,11
-17,-61,12
-17,-62,11
-17,-61,11
-17,-61,11
-17,-61,11
-17,-61,10
-17,-61,10
-18,-61,10
-18,-61,11
-17,-62,12
-17,-62,12
-17,-62,12
-17,-62,12
-17,-62,12
-17,-61,12
-17,-61,11
-16,-61,11
-16,-61,11
-17,-61,10
-17,-61,11
-17,-61,10
-16,-62,11
-16,-61,10
-16,-61,11
-16,-61,11
-16,-62,12
-16,-62,12
-16,-62,13
-16,-62,13
-16,-61,13
-16,-61,13
-16,-61,13
-16,-61,12
-16,-61,12
-17,-61,12
-17,-61,12
-17,-61,11
-17,-61,11
-17,-61,11
-17,-60,11
-17,-61,12
-16,-61,12
-16,-61,13
-16,-61,13
-16,-61,14
-16,-61,14
-16,-61,14
-17,-61,14
-17,-61,14
-17,-61,14
-17,-61,14
-17,-61,14
-16,-62,13
-17,-61,12
-17,-61,12
-17,-61,12
-16,-61,12
-16,-61,12
-15,-61,13
-15,-61,13
-15,-61,13
-15,-61,13
-16,-61,14
-16,-61,14
-16,-61,14
-16,-61,14
-17,-61,14
-17,-61,13
-17,-61,13
-17,-60,13
-17,-60,13
-17,-60,13
-18,-61,12
-17,-61,13
-17,-61,12
-17,-62,13
-17,-62,13
-16,-62,14
-16,-61,14
-15,-61,14
-15,-61,14
-15,-61,14
-15,-61,13
-16,-61,12
-17,-61,11
-17,-61,12
-16,-61,12
-16,-61,12
-16,-61,12
-17,-61,12
-17,-61,13
-17,-61,13
-17,-61,14
-17,-62,14
-16,-62,14
-16,-62,14
-16,-61,13
-17,-61,13
-17,-61,13
-17,-60,12
-16,-60,12
-16,-60,12
-16,-61,11
-17,-61,11
-17,-61,11
-16,-61,12
-16,-61,12
-16,-61,13
-16,-61,13
-16,-61,14
-17,-61,14
-17,-61,14
-16,-61,14
-17,-61,13
-17,-61,12
-18,-60,12
-17,-61,12
-17,-61,12
-17,-61,12
-16,-61,12
-17,-61,12
-17,-61,12
-17,-61,12
-17,-61,13
-17,-61,12
-17,-61,13
-17,-61,12
-18,-61,12
-18,-61,12
-18,-61,12
-18,-62,11
-18,-61,12
-18,-61,12
-18,-61,12
-18,-61,12
-18,-61,12
-17,-61,12
-17,-61,11
-17,-61,12
-17,-61,12
-17,-61,11
-17,-61,11
-17,-61,11
-17,-61,11
-17,-61,11
-17,-61,11
-17,-61,11
-18,-61,11
-18,-61,11
-18,-61,11
-18,-61,11
-18,-61,12
-18,-61,12
-18,-61,12
-18,-61,12
-18,-61,12
-18,-61,13
-17,-61,12
-17,-61,12
-17,-61,11
-17,-61,10
-17,-61,10
-18,-61,12
-19,-63,14
-22,-64,15
-25,-63,15
-34,-65,15
-35,-65,15
-35,-63,16
-37,-62,17
-41,-61,16
-44,-61,13
-46,-61,17
-56,-64,17
-61,-64,13
-71,-63,16
-75,-64,18
-65,-56,24
-55,-52,29
-56,-37,29
-61,-29,26
-54,-15,24
-44,-5,23
-31,8,17
-31,15,10
-41,25,9
-29,31,-10
-20,37,-18
-16,48,-38
-19,50,-51
-33,52,-49
-37,55,-42
-35,55,-31
-28,55,-16
-13,56,6
-19,60,4
-13,64,4
-10,65,1
-11,64,-2
-12,65,-8
-15,65,-12
-17,62,-13
-18,58,-13
-11,43,-19
-19,40,-25
-18,29,-30
-12,24,-35
-20,24,-57
-26,29,-63
-30,36,-64
-26,44,-51
-26,44,-40
-16,55,-13
5,59,0
7,66,11
-7,66,8
-21,58,-5
-26,54,-12
-32,49,-24
-33,48,-28
-32,48,-35
-30,48,-34
-26,47,-33
-28,49,-35
-28,49,-35
-29,48,-35
-30,48,-35
-31,47,-36
-31,48,-36
-30,48,-38
-30,49,-37
-30,47,-38
-30,47,-38
-31,46,-37
-31,46,-36
-31,47,-35
-31,46,-34
-31,46,-34
-28,48,-32
-29,47,-32
-30,47,-33
-29,47,-33
-28,47,-32
-29,47,-33
-29,46,-32
-29,46,-32
-28,47,-32
-28,47,-31
-28,47,-31
-27,47,-32
-26,48,-32
-26,47,-34
-26,46,-35
-24,44,-44
-26,47,-48
-25,47,-64
-24,50,-67
-23,55,-58
-26,54,-42
-33,58,1
-4,53,16
3,51,25
2,49,22
1,35,15
-35,-1,-6
-18,-13,6
50,-18,83
46,-23,95
-13,-19,66
-28,-11,57
-37,-3,51
-36,1,51
-27,2,55
-25,15,59
-27,19,59
-27,18,60
-30,19,61
-41,15,61
-50,14,57
-65,10,52
-66,10,52
-66,8,52
-65,4,50
-64,3,48
-64,2,46
-61,2,41
-56,2,38
-54,2,36
-54,3,30
-55,3,28
-55,4,23
-51,6,23
-48,9,21
-47,10,19
-55,11,12
-59,11,11
-58,11,15
-69,7,19
-77,-6,36
-40,-10,68
-51,-10,62
-53,2,42
-51,9,34
-43,19,24
-39,23,20
-86,14,-11
-89,2,-6
-48,-5,12
-42,-11,18
-49,-9,24
-49,-6,19
-51,-12,24
-38,-15,37
-28,-13,37
-17,-12,33
-14,-16,30
-8,-30,28
-20,-46,24
-45,-80,12
-37,-79,17
-16,-87,23
-11,-89,24
-14,-95,25
-21,-93,25
-20,-87,25
-17,-77,24
-18,-73,22
-23,-66,16
-27,-63,14
-31,-62,11
-31,-61,11
-26,-60,10
-22,-61,9
-18,-69,10
-17,-74,10
-12,-75,9
-11,-70,8
-13,-69,7
-15,-66,4
-16,-63,4
-16,-58,4
-16,-56,4
-12,-53,5
-9,-52,6
-5,-56,7
-6,-57,8
-12,-57,7
-16,-57,7
-24,-60,10
-31,-63,15
-31,-66,16
-17,-71,21
-7,-71,23
18,-72,35
0,-69,31
-17,-65,17
-21,-64,16
-12,-62,17
-11,-62,16
-11,-62,15
-10,-61,15
-10,-60,15
-9,-58,14
-9,-57,14
-7,-56,13
-5,-56,16
-8,-62,16
-20,-64,9
-26,-58,8
-32,-59,10
-26,-59,14
-23,-57,10
-46,-49,-2
-63,-44,-11
-71,-41,-14
-46,-36,-7
-29,-35,-4
-18,-39,3
-18,-42,5
-20,-51,6
-24,-59,6
-36,-72,5
-36,-74,5
-18,-71,10
-7,-70,15
1,-68,21
-8,-67,17
-11,-64,15
-16,-60,12
-17,-58,11
-14,-57,11
-11,-57,13
-12,-59,12
-12,-60,12
-13,-62,11
-13,-62,11
-12,-64,11
-12,-64,10
-15,-62,8
-16,-62,8
-16,-62,7
-18,-63,6
-18,-64,5
-20,-65,6
-21,-66,5
-21,-68,6
-21,-67,6
-19,-66,7
-17,-65,7
-15,-65,7
-12,-65,7
-13,-65,6
-13,-62,6
-14,-62,5
-16,-60,5
-17,-59,4
-18,-58,4
-18,-58,6
-16,-58,7
-16,-58,7
-15,-61,8
-15,-63,9
-15,-66,9
-16,-67,9
-18,-64,9
-22,-60,10
-23,-58,10
-23,-58,12
-20,-60,13
-14,-67,14
-10,-68,16
-4,-69,18
-4,-69,17
-8,-68,14
-9,-67,13
-10,-65,12
-9,-62,12
-9,-59,12
-8,-56,15
-7,-57,16
-6,-57,19
-6,-58,20
-5,-59,21
-5,-60,21
-8,-61,20
-10,-61,19
-13,-62,17
-15,-62,16
-20,-61,16
-21,-60,15
-20,-58,14
-20,-60,15
-23,-64,15
-31,-74,14
-33,-77,14
-30,-71,13
-26,-68,14
-20,-65,14
-17,-65,14
-14,-67,13
-16,-69,11
-21,-69,7
-23,-69,4
-26,-63,0
-28,-56,-1
-28,-50,-1
-33,-42,-1
-35,-40,-2
-34,-37,3
-33,-37,5
-33,-38,9
-33,-39,10
-32,-43,12
-33,-47,12
-33,-54,12
-26,-57,16
-20,-60,18
-9,-66,22
-7,-72,22
-10,-89,19
-14,-93,17
-18,-85,17
-19,-76,18
-20,-61,17
-20,-58,15
-18,-62,10
-17,-62,7
-16,-61,1
-17,-55,-2
-19,-49,-1
-28,-44,2
-31,-45,4
-26,-46,11
-21,-46,14
-12,-50,23
-8,-51,28
-3,-56,35
-4,-61,38
-9,-72,39
-11,-73,38
-13,-66,35
-19,-65,30
-24,-69,28
-37,-88,25
-39,-96,23
-25,-81,22
-22,-65,21
-22,-52,15
-25,-58,11
-33,-75,8
-33,-80,6
-25,-74,-5
-23,-70,-3
-25,-66,-2
-43,-65,-7
-47,-64,-10
-40,-56,-2
-41,-55,3
-34,-52,0
-33,-50,0
-40,-45,10
-42,-42,12
-44,-33,11
-51,-32,7
-73,-34,-4
-72,-30,-3
-61,-27,-3
-64,-24,-6
-65,-21,-9
-61,-18,-14
-51,-15,-10
-40,-16,3
-46,-19,3
-45,-29,6
-36,-33,14
-25,-37,34
-34,-37,37
-58,-41,32
-35,-37,47
-32,-35,50
-40,-32,49
-36,-34,50
-28,-29,48
-29,-26,51
-31,-27,54
-34,-29,54
-31,-31,52
-33,-27,53
-28,-17,51
-26,-19,52
-29,-26,55
-21,-26,61
-20,-26,60
-27,-25,53
-34,-27,50
-40,-28,49
-34,-23,53
-26,-13,55
-24,-9,53
-32,-4,51
-33,-1,47
-43,5,45
-38,9,48
-37,11,47
-47,9,38
-45,7,32
-55,3,14
-74,-4,4
-85,-4,-6
-79,-1,-21
-59,-3,-21
-58,-5,-25
-65,-10,-36
-57,-13,-29
-45,-17,-18
-45,-18,-21
-51,-20,-27
-52,-13,-30
-54,-12,-33
-59,-4,-41
-62,-1,-42
-55,0,-36
-55,-2,-40
-54,-2,-40
-53,-3,-41
-55,0,-42
-50,-2,-40
-55,-5,-39
-56,-5,-36
-60,-7,-34
-62,-7,-30
-55,-9,-23
-61,-8,-20
-66,-8,-20
-61,-7,-10
-50,-6,0
-59,-6,6
-55,-11,10
-42,-15,22
-60,-15,22
-69,-20,18
-72,-14,27
-65,-14,25
-53,-16,34
-53,-16,32
-52,-15,35
-47,-14,37
-46,-17,37
-51,-19,34
-58,-20,37
-55,-19,37
-52,-19,40
-50,-22,36
-57,-29,34
-57,-30,35
-50,-28,36
-43,-22,35
-40,-19,36
-38,-12,38
-43,-10,36
-46,-5,35
-45,-2,38
-42,5,46
-41,7,49
-50,8,50
-49,7,53
-42,9,60
-40,2,54
-34,-5,53
-46,-13,59
-42,-12,55
-32,-15,46
-27,-17,41
-29,-24,41
-29,-30,46
-30,-29,49
-35,-37,53
-18,-30,60
-20,-30,57
-20,-28,49
-12,-24,56
-10,-25,55
-14,-26,54
-17,-27,53
-15,-26,54
-16,-25,56
-21,-26,58
-23,-27,57
-18,-24,59
-16,-24,59
-14,-25,57
-8,-22,62
-12,-23,58
-14,-29,55
-20,-30,59
-8,-25,58
-12,-24,56
-28,-17,47
-37,-14,38
-59,-4,22
-66,3,24
-53,9,32
-56,7,30
-52,5,39
-48,2,48
-43,-1,47
-42,-11,52
-40,-13,54
-69,-10,51
-56,-12,38
-46,-7,39
-52,-5,39
-54,-6,39
-52,-5,39
-49,-3,40
-50,-4,39
-54,-9,35
-54,-9,33
-56,-10,31
-59,-9,28
-60,-9,27
-59,-7,28
-57,-7,30
-56,-8,31
-56,-8,31
-58,-9,29
-57,-9,30
-57,-9,29
-57,-9,30
-55,-10,31
-57,-8,29
-59,-7,28
-57,-7,29
-58,-7,28
-58,-6,28
-58,-5,28
-58,-5,28
-58,-5,28
-58,-5,28
-58,-5,28
-61,-6,26
-61,-6,25
-59,-4,27
-57,-5,30
-55,-4,33
-53,-2,36
-52,-2,35
-52,-2,37
-53,-1,36
-55,0,34
-56,-1,32
-58,0,31
-58,-1,29
-59,-2,29
-58,-3,29
-57,-4,30
-56,-6,31
-56,-6,31
-56,-5,32
-56,-5,32
-56,-5,31
-57,-5,31
-56,-5,31
-57,-5,30
-57,-5,31
-57,-6,30
-57,-6,30
-58,-6,29
-57,-6,29
-57,-5,29
-58,-5,29
-58,-5,29
-58,-4,29
-58,-4,29
-58,-5,29
-58,-5,29
-58,-4,28
-58,-4,28
-59,-5,27
-58,-5,28
-58,-5,27
-58,-4,28
-59,-5,27
-60,-5,26
-61,-6,26
-63,-7,25
-64,-1,23
-65,3,26
-55,0,31
-50,2,36
-57,9,40
-63,6,28
-55,10,46
-49,12,52
-47,-3,35
-56,-9,36
-36,-2,44
-54,-6,29
-65,-3,28
-55,-1,27
-60,-1,23
-45,3,32
-50,1,32
-59,3,33
-61,3,31
-63,0,27
-59,-1,27
-55,-1,32
-67,-2,25
-58,1,34
-51,-3,30
-54,-3,30
-50,-5,33
-48,-6,34
-45,-5,33
-47,-4,31
-54,-5,25
-58,-8,22
-69,-7,18
-61,-9,23
-67,-8,21
-59,-6,22
-64,-7,21
-63,-8,19
-66,-10,19
-61,-10,18
-62,-11,19
-59,-12,23
-58,-13,25
-58,-16,26
-57,-16,26
-59,-14,24
-60,-12,22
-60,-12,22
-60,-11,22
-59,-11,24
-56,-10,28
-59,-10,28
-65,-18,-3
-69,-1,29
-56,-10,26
-57,-11,26
-58,-12,25
-60,-13,25
-58,-13,23
-56,-11,25
-57,-11,30
-55,-11,35
-54,-13,34
-56,-17,34
-58,-22,31
-70,-25,13
-88,-21,3
-68,-7,14
-61,-3,15
-56,1,15
-59,2,16
-63,4,18
-66,7,15
-64,10,15
-58,14,13
-58,17,13
-60,16,13
-59,14,15
-56,12,20
-52,11,20
-52,6,24
-61,4,24
-58,-5,30
-63,-22,30
-67,-27,31
-63,-21,36
-54,-26,35
-38,-15,38
-39,-14,44
-23,-16,48
-23,-16,56
-27,-18,58
-30,-16,56
-39,-3,51
-47,2,47
-57,6,43
-74,13,25
-75,14,19
-68,12,15
-67,9,15
-60,-6,11
-62,-14,12
-57,-15,25
-52,-18,27
-43,-27,31
-49,-30,32
-48,-30,37
-47,-30,40
-45,-30,39
-35,-24,54
-38,-23,44
-43,-22,39
-40,-23,40
-37,-26,39
-35,-35,45
-52,-27,53
-41,-24,42
-40,-21,47
-36,-18,50
-32,-15,54
-30,-14,55
-35,-14,51
-34,-13,53
-33,-14,53
-37,-16,51
-34,-17,53
-31,-19,53
-32,-18,53
-31,-16,52
-34,-15,52
-33,-15,53
-34,-14,53
-31,-15,53
-31,-14,54
-31,-14,54
-34,-15,52
-32,-15,53
-33,-14,53
-33,-14,53
-33,-14,53
-31,-14,54
-32,-14,53
-34,-15,53
-32,-15,53
-32,-14,54
-33,-14,53
-33,-14,53
-33,-14,53
-32,-14,53
-32,-15,53
-32,-15,53
-31,-15,53
-30,-14,54
-31,-14,55
-34,-14,52
-35,-14,52
-33,-14,52
-34,-14,52
-35,-15,51
-35,-17,51
-35,-17,51
-35,-16,51
-35,-16,52
-35,-15,51
-35,-16,52
-35,-16,51
-35,-16,51
-35,-16,51
-35,-16,52
-35,-16,51
-35,-16,51
-35,-16,51
-35,-16,51
-34,-16,51
-35,-17,51
-36,-17,50
-36,-16,51
-36,-16,51
-35,-16,51
-35,-17,51
-35,-17,51
-35,-17,51
-35,-17,51
-35,-17,51
-35,-18,51
-35,-18,51
-34,-18,51
-35,-18,50
-35,-18,51
-35,-18,51
-34,-17,51
-36,-18,50
-34,-18,51
-35,-19,50
-35,-18,50
-34,-18,51
-34,-19,51
-34,-19,51
-34,-19,51
-34,-18,51
-35,-18,51
-35,-18,51
-34,-18,51
-35,-18,51
-34,-18,51
-34,-19,51
-34,-19,51
-34,-19,51
-34,-19,51
-34,-18,51
-34,-19,51
-34,-18,51
-34,-18,51
-34,-19,51
-33,-18,52
-34,-19,52
-34,-18,50
-33,-18,51
-32,-18,52
-34,-18,50
-37,-17,51
-38,-17,49
-37,-18,49
-38,-17,49
-39,-17,48
-39,-17,48
-39,-17,48
-39,-17,48
-39,-17,48
-39,-17,48
-39,-17,48
-39,-17,48
-38,-16,48
-39,-17,48
-38,-17,48
-38,-17,48
-39,-17,48
-38,-17,49
-38,-17,49
-38,-17,49
-38,-17,49
-39,-17,48
-38,-18,49
-38,-19,51
-40,-23,48
-32,-25,47
-36,-22,48
-73,-24,33
-85,-6,24
-81,-3,18
-62,5,8
-59,10,3
-59,19,9
-54,20,11
-52,18,16
-50,16,19
-47,15,26
-41,15,27
-46,12,33
-51,10,34
-48,6,39
-42,3,50
-40,1,53
-35,-2,54
-34,-2,55
-40,-4,53
-44,-5,51
-43,-6,50
-41,-5,51
-40,-4,48
-42,-4,47
-42,-4,47
-44,-2,46
-45,-1,46
-46,-1,44
-47,-1,44
-49,-1,44
-49,-1,45
-49,-1,43
-48,-1,43
-49,-1,42
-48,-2,42
-48,-4,44
-48,-4,44
-47,-5,45
-47,-5,44
-46,-5,44
-46,-5,44
-46,-5,44
-46,-4,43
-46,-4,43
-46,-4,43
-46,-4,44
-49,-4,44
-49,-4,45
-48,-3,45
-47,-3,45
-47,-1,45
-49,-2,45
-49,-2,45
-48,-3,45
-47,-3,44
-46,-2,43
-46,-1,44
-46,2,44
-44,2,44
-45,2,44
-48,2,45
-47,3,46
-45,1,46
-44,-4,47
-38,-7,49
-35,-7,49
-31,-14,48
-31,-18,48
-29,-20,51
-28,-22,51
-27,-25,53
-28,-26,55
-24,-23,58
-25,-23,56
-24,-23,55
-24,-23,54
-24,-23,54
-24,-24,53
-24,-26,57
-25,-31,59
-28,-33,57
-27,-34,54
-18,-37,57
-11,-38,55
-12,-38,54
-16,-28,52
-19,-23,52
-21,-23,52
-24,-17,52
-34,-9,48
-35,-2,47
-36,-1,49
-44,-7,53
-47,-7,56
-39,-9,59
-32,-8,59
-32,-6,53
-31,-8,53
-24,-12,57
-22,-13,58
-21,-18,57
-20,-17,58
-21,-17,61
-23,-14,61
-19,-18,67
-18,-14,63
-16,-11,58
-21,-13,55
-27,-15,52
-21,-17,54
-19,-18,55
-21,-20,54
-23,-22,54
-22,-24,56
-24,-22,55
-24,-22,55
-22,-20,58
-21,-20,58
-24,-20,56
-23,-20,57
-22,-20,56
-21,-20,57
-21,-20,57
-22,-20,56
-22,-20,57
-22,-20,56
-22,-19,56
-21,-20,56
-21,-20,57
-20,-19,56
-21,-18,56
-19,-19,59
-19,-20,59
-23,-25,62
-25,-24,61
-21,-23,55
-20,-27,54
-23,-26,53
-21,-23,53
-22,-18,55
-25,-12,53
-24,-11,53
-21,-12,57
-20,-12,57
-17,-10,58
-15,-10,57
-17,-16,62
-14,-22,69
-18,-19,63
-17,-17,60
-15,-19,58
-20,-18,58
-18,-15,57
-18,-15,56
-18,-16,56
-20,-18,59
-21,-17,58
-18,-18,59
-19,-18,60
-19,-17,60
-19,-16,59
-20,-17,59
-19,-17,58
-19,-17,59
-20,-17,58
-18,-17,58
-19,-17,58
-19,-17,58
-18,-16,58
-18,-16,58
-19,-16,58
-19,-17,58
-18,-16,58
-19,-17,58
-19,-17,59
-18,-17,59
-20,-16,58
-19,-16,58
-19,-16,59
-19,-16,58
-19,-17,58
-19,-17,59
-19,-17,58
-19,-17,58
-19,-17,58
-19,-16,58
-19,-17,58
-18,-16,59
-19,-16,58
-19,-17,58
-18,-16,58
-19,-16,58
-19,-16,58
-20,-16,58
-19,-16,59
-19,-16,58
-19,-15,57
-18,-15,57
-17,-14,59
-18,-15,60
-24,-22,66
-21,-16,62
-18,-16,55
-19,-18,57
-23,-13,54
-23,-17,61
-24,-14,59
-24,-13,57
-24,-12,57
-25,-12,55
-24,-12,56
-25,-15,56
-24,-15,57
-24,-14,56
-24,-14,55
-24,-15,55
-22,-15,55
-23,-17,55
-20,-17,54
-19,-17,53
-25,-27,57
-26,-36,65
-24,-26,61
-23,-23,52
-23,-18,52
-25,-14,55
-22,-12,57
-22,-12,60
-21,-15,65
-23,-15,57
-26,-13,52
-22,-13,56
-23,-15,56
-21,-16,55
-17,-15,52
-19,-30,62
-25,-42,68
-23,-26,55
-20,-27,50
-22,-24,58
-22,-11,57
-23,-7,51
-23,-6,53
-22,-6,53
-27,-17,67
-27,-22,70
-21,-19,60
-16,-20,63
-18,-17,61
-23,-14,55
-24,-9,51
-23,-8,53
-29,-8,53
-30,-9,55
-29,-9,56
-28,-10,57
-26,-9,58
-24,-8,57
-29,-13,53
-28,-29,71
-19,-16,62
-23,-20,56
-24,-18,56
-18,-14,62
-17,-14,60
-17,-10,56
-20,-8,56
-19,-9,56
-18,-6,55
-18,-6,55
-19,-7,57
-20,-6,58
-21,-9,58
-22,-9,60
-24,-9,60
-24,-10,60
-23,-9,62
-23,-9,61
-22,-9,61
-23,-10,61
-23,-10,61
-24,-10,59
-24,-10,58
-25,-9,58
-25,-9,57
-25,-9,57
-24,-8,57
-25,-10,58
-23,-10,59
-23,-10,60
-22,-10,59
-22,-10,59
-22,-9,59
-22,-8,59
-23,-8,58
-22,-8,58
-23,-6,57
-24,-6,57
-24,-5,56
-24,-5,57
-25,-4,57
-26,-4,57
-27,-3,56
-27,-2,57
-27,-2,57
-27,-1,57
-27,-1,58
-27,-1,59
-27,-1,59
-29,-1,60
-29,-1,60
-29,-2,59
-29,-2,60
-28,-3,59
-28,-3,58
-27,-3,57
-27,-3,57
-26,-3,57
-25,-1,57
-26,-1,57
-28,-1,57
-29,-1,57
-31,-1,56
-30,0,56
-29,2,56
-31,3,55
-32,2,54
-31,2,55
-30,2,56
-30,2,56
-31,1,56
-28,1,57
-27,1,58
-29,4,58
-32,5,58
-35,-1,57
-34,-3,59
-26,0,61
-29,1,60
-30,-4,56
-30,-4,53
-28,1,55
-32,1,54
-36,-4,50
-28,-8,51
-29,-9,56
-32,-10,56
-27,-11,55
-17,-16,60
-18,-16,61
-16,-13,60
-14,-13,59
-16,-17,62
-19,-16,60
-14,-12,63
-15,-14,68
-14,-14,69
-19,-14,71
-22,-16,72
-21,-12,67
-23,-8,58
-44,-4,47
-52,1,42
-51,10,25
-57,14,18
-65,17,9
-65,17,4
-57,18,4
-68,17,-1
-67,16,-2
-57,16,9
-57,16,11
-68,15,4
-67,13,5
-57,11,14
-52,9,14
-63,5,9
-63,0,13
-60,-1,19
-56,-2,23
-51,-7,30
-56,-2,30
-56,1,30
-62,3,22
-65,1,21
-66,0,20
-67,2,23
-51,1,39
-55,-1,38
-54,2,35
-56,1,33
-58,-1,39
-56,-5,40
-51,-6,42
-35,-7,46
-28,-6,50
-20,-8,54
-29,-10,47
-46,-12,40
-41,-9,43
-50,-13,28
-66,-17,22
-52,-14,26
-53,-18,24
-56,-25,21
-62,-27,20
-63,-29,25
-60,-29,33
-55,-27,35
-49,-27,39
-52,-27,37
-50,-19,39
-50,-17,35
-57,-20,30
-56,-18,37
-50,-16,35
-50,-18,33
-45,-10,45
-52,-9,39
-50,-8,39
-59,-9,37
-55,-9,37
-51,-9,35
-52,-9,35
-53,-8,39
-53,-8,41
-51,-7,41
-52,-6,41
-50,-8,34
-49,-9,35
-58,-4,32
-55,-7,33
-51,-8,35
-55,-8,35
-54,-8,34
-58,-8,34
-57,-8,34
-54,-9,37
-51,-9,37
-54,-16,32
-58,-18,27
-57,-23,29
-49,-28,32
-54,-27,33
-50,-29,34
-43,-28,37
-53,-26,28
-57,-23,26
-59,-19,31
-56,-19,27
-59,-18,26
-61,-14,29
-57,-16,29
-57,-20,27
-58,-23,24
-57,-24,23
-56,-26,24
-54,-28,26
-54,-29,24
-54,-27,28
-55,-26,28
-54,-25,26
-53,-25,29
-55,-26,38
-48,-29,41
-44,-28,40
-45,-29,38
-46,-28,31
-32,-23,25
-22,-21,27
-23,-17,28
-23,-13,26
-46,-8,20
-61,-9,21
-61,-3,44
-67,0,47
-64,9,40
-63,12,46
-71,-1,43
-61,-5,47
-48,-7,53
-36,-10,50
-36,-13,52
-34,-20,51
-33,-23,52
-48,-29,57
-37,-26,59
-38,-21,52
-33,-19,53
-29,-21,57
-30,-20,56
-33,-19,51
-35,-17,53
-35,-15,53
-33,-14,53
-36,-13,52
-34,-13,53
-35,-14,52
-34,-13,53
-35,-13,52
-35,-13,52
-34,-12,53
-35,-12,52
-34,-12,53
-35,-13,52
-37,-13,51
-36,-13,51
-33,-12,53
-35,-12,52
-36,-12,52
-34,-11,52
-35,-11,53
-37,-11,52
-36,-11,52
-35,-11,52
-37,-11,51
-38,-12,51
-35,-11,52
-35,-11,52
-38,-11,50
-36,-11,52
-37,-11,51
-35,-11,52
-36,-12,52
-36,-11,52
-37,-12,50
-38,-11,50
-37,-11,51
-40,-11,49
-38,-10,51
-35,-10,53
-35,-11,53
-37,-11,51
-38,-11,51
-36,-11,52
-36,-11,52
-37,-11,51
-37,-11,51
-37,-11,51
-36,-11,51
-38,-11,51
-37,-11,51
-38,-11,51
-38,-11,51
-37,-11,51
-37,-11,51
-36,-10,51
-37,-10,51
-39,-11,51
-37,-11,51
-37,-12,51
-39,-12,50
-39,-12,50
-39,-12,51
-37,-16,52
-41,-19,50
-39,-22,46
-57,-21,37
-52,-17,39
-54,-9,38
-53,-7,36
-53,-1,38
-53,2,40
-54,9,43
-53,10,43
-54,8,41
-55,6,41
-54,6,38
-54,6,34
-57,5,28
-58,5,29
-57,5,29
-55,5,26
-59,4,26
-56,6,27
-55,7,27
-54,7,26
-55,7,28
-52,7,30
-52,7,29
-51,7,27
-53,6,28
-58,5,30
-59,7,35
-59,8,38
-56,11,40
-54,12,40
-55,14,41
-54,14,41
-57,15,40
-55,15,40
-52,15,38
-52,15,36
-53,15,32
-52,16,31
-50,18,29
-51,20,28
-51,21,28
-51,23,29
-51,23,29
-52,23,32
-54,23,33
-56,23,33
-55,24,32
-54,25,32
-53,25,32
-52,23,32
-51,23,32
-50,22,32
-48,22,31
-47,21,30
-47,22,30
-48,22,30
-48,24,30
-48,26,29
-48,28,28
-49,29,28
-53,31,25
-55,33,23
-58,37,14
-68,39,-17
-73,45,-27
-70,52,-35
-67,52,-26
-53,49,-13
-26,54,-11
-9,34,-4
-3,21,10
-9,13,55
-26,15,54
-68,27,18
-61,35,18
-43,39,26
-45,39,21
-47,40,20
-45,44,20
-43,45,20
-45,45,18
-46,44,18
-47,46,19
-47,46,19
-46,45,19
-46,45,20
-49,44,19
-48,43,18
-48,41,18
-47,41,20
-46,44,20
-51,54,20
-54,61,19
-61,64,22
-60,61,23
-39,56,25
-26,54,30
0,54,38
4,55,39
-7,48,36
4,29,56
-2,19,33
-65,-6,-35
-85,1,-27
-81,8,-8
-70,12,2
-54,24,18
-51,30,21
-52,36,18
-53,38,17
-56,38,17
-57,38,15
-59,36,11
-60,32,10
-59,31,11
-56,29,11
-55,28,12
-54,29,13
-54,29,12
-54,30,12
-55,31,13
-57,31,10
-60,31,7
-64,32,3
-64,33,2
-65,31,-1
-56,33,5
-46,36,12
-31,42,29
-24,44,33
-12,45,41
14,48,59
-24,41,39
-47,38,17
-76,34,-16
-76,35,-12
-51,36,11
-37,36,21
-29,34,33
-36,30,35
-40,28,33
-44,22,33
-46,18,35
-43,15,42
-44,15,44
-53,16,41
-57,19,40
-63,19,37
-65,19,34
-64,21,31
-64,21,30
-63,20,27
-62,20,25
-64,16,25
-58,11,25
-53,10,26
-49,9,25
-50,8,24
-52,6,25
-53,5,24
-58,3,20
-61,2,19
-62,1,19
-61,1,18
-58,2,15
-62,3,6
-65,4,2
-67,6,-5
-65,7,-7
-63,7,-11
-63,8,-15
-63,8,-22
-64,9,-24
-66,9,-30
-67,10,-31
-64,8,-29
-62,7,-29
-64,6,-31
-64,3,-28
-64,4,-25
-66,3,-25
-63,3,-27
-64,-1,-26
-63,1,-21
-58,0,-21
-59,0,-22
-57,-1,-22
-56,0,-19
-55,1,-19
-57,1,-20
-58,2,-22
-59,2,-24
-60,2,-25
-62,2,-27
-64,1,-27
-65,1,-27
-64,1,-27
-64,0,-27
-64,0,-25
-60,-1,-24
-59,-1,-22
-58,1,-21
-59,-1,-24
-57,-1,-21
-59,2,-19
-56,2,-18
-58,2,-17
-60,3,-18
-64,3,-21
-64,4,-20
-64,4,-21
-65,4,-22
-65,6,-18
-63,4,-20
-66,3,-26
-63,2,-25
-61,1,-26
-64,0,-27
-64,0,-26
-61,0,-25
-62,-1,-25
-64,-7,-31
-56,-3,-25
-60,-1,-20
-56,1,-17
-63,-4,-21
-60,1,-16
-62,-2,-19
-60,1,-12
-62,-2,-14
-66,3,-14
-65,0,-18
-63,-2,-16
-60,1,-12
-68,1,-14
-67,4,-11
-63,3,-12
-58,1,-10
-59,1,-9
-58,0,-11
-61,-1,-14
-64,-3,-17
-63,-3,-15
-63,-6,-11
-64,-7,-10
-72,-10,-9
-76,-9,-8
-74,-9,-8
-69,-8,-8
-64,-7,-8
-62,-6,-8
-62,-7,-8
-63,-6,-6
-64,-5,-3
-63,-4,0
-63,-4,1
-65,-4,4
-64,-4,5
-61,-3,8
-58,-2,10
-60,-3,12
-65,-5,9
-76,-5,9
-76,1,13
-70,2,12
-71,1,11
-69,1,12
-55,3,20
-48,1,27
-44,-8,37
-44,-14,38
-45,-20,42
-42,-20,46
-41,-22,52
-40,-22,54
-28,-23,47
-34,-24,37
-45,-20,44
-48,-14,37
-45,-12,37
-46,-6,47
-49,-6,48
-39,-12,51
-34,-12,58
-39,-13,55
-44,-14,48
-45,-21,47
-42,-21,50
-43,-20,45
-43,-20,44
-45,-20,41
-47,-19,33
-51,-19,29
-50,-18,33
-51,-20,35
-55,-19,37
-58,-18,36
-58,-17,41
-62,-19,41
-77,-20,38
-89,-6,29
-82,3,30
-75,10,26
-69,16,13
-60,21,11
-53,20,11
-51,20,11
-47,18,11
-43,15,17
-50,11,20
-41,6,27
-43,4,31
-54,0,33
-50,-4,35
-44,-5,41
-47,-2,40
-47,-2,43
-47,3,41
-48,4,42
-39,5,45
-39,5,45
-49,5,46
-47,6,49
-43,7,40
-50,5,35
-56,2,26
-61,0,21
-60,-4,18
-57,-12,28
-59,-18,26
-59,-23,30
-62,-24,31
-54,-34,29
-54,-37,31
-51,-30,37
-48,-24,35
-62,-28,18
-68,-26,24
-42,-23,41
-53,-21,32
-60,-10,29
-58,-12,25
-55,-12,29
-67,-4,31
-60,-7,31
-56,-6,34
-45,-4,39
-59,-6,37
-56,-7,36
-52,-6,33
-50,-6,35
-53,-6,35
-54,-5,35
-55,-5,35
-53,-5,36
-54,-5,35
-55,-5,34
-53,-5,34
-54,-5,35
-54,-5,34
-54,-5,34
-54,-5,34
-54,-5,34
-54,-5,34
-56,-5,34
-54,-5,34
-54,-5,34
-55,-5,34
-55,-5,34
-55,-5,34
-54,-5,34
-55,-5,33
-56,-5,33
-55,-5,34
-55,-5,33
-55,-5,33
-55,-5,33
-56,-5,33
-56,-5,33
-56,-4,33
-56,-4,33
-56,-4,33
-56,-4,33
-56,-3,32
-55,-4,32
-54,-4,33
-57,-3,33
-56,-3,33
-56,-4,33
-57,-4,35
-56,-4,33
-53,-7,32
-54,-9,34
-56,-13,33
-53,-15,34
-61,-15,31
-58,-17,29
-57,-24,32
-55,-25,33
-56,-23,33
-55,-28,30
-54,-31,22
-60,-26,23
-59,-31,26
-54,-30,20
-57,-27,17
-60,-26,13
-61,-24,14
-57,-24,18
-57,-21,18
-59,-19,23
-62,-18,24
-56,-17,28
-58,-15,26
-61,-12,23
-59,-10,21
-54,-7,17
-56,-1,11
-54,2,12
-48,7,5
-45,13,3
-51,21,-3
-53,23,-6
-56,26,-6
-54,27,-5
-60,29,0
-56,33,5
-24,39,32
-34,34,36
-49,29,36
-73,10,40
-80,12,41
-78,9,37
-68,9,42
-65,-4,42
-66,-15,43
-51,-14,49
-47,-12,46
-34,-11,44
-36,-13,42
-37,-19,41
-38,-23,44
-37,-21,48
-34,-17,46
-26,-17,72
-39,-11,52
-34,-6,55
-48,-12,41
-48,-19,44
-37,-15,50
-40,-17,48
-40,-18,46
-42,-19,44
-41,-20,45
-39,-20,47
-37,-17,50
-40,-17,47
-39,-17,47
-39,-17,48
-40,-17,47
-40,-18,47
-39,-18,48
-40,-17,47
-40,-17,47
-41,-18,46
-41,-18,46
-41,-17,46
-42,-17,46
-41,-17,47
-41,-17,47
-41,-17,47
-41,-17,47
-41,-16,47
-41,-17,47
-41,-16,47
-41,-16,47
-41,-16,46
-41,-16,46
-41,-17,46
-41,-16,47
-41,-16,46
-41,-16,47
-41,-16,47
-41,-16,47
-41,-16,47
-41,-16,47
-41,-17,47
-41,-17,47
-38,-17,48
-39,-17,48
-44,-16,47
-42,-18,47
-42,-32,43
-55,-44,36
-94,-41,25
-79,-19,32
-66,-6,29
-36,8,17
-27,13,14
-28,20,26
-28,22,41
-25,16,55
-21,11,64
-16,-3,72
-21,-10,72
-20,-12,74
-33,-19,58
-31,-24,57
-24,-29,53
-24,-28,50
-30,-27,52
-29,-25,53
-28,-24,53
-27,-23,55
-22,-24,54
-25,-22,56
-26,-20,55
-26,-18,56
-20,-14,60
-24,-12,58
-22,-13,57
-21,-13,61
-24,-13,61
-25,-12,59
-24,-12,58
-24,-15,59
-24,-15,61
-28,-10,61
-33,-8,60
-41,-1,56
-42,1,50
-48,4,32
-59,9,18
-66,7,13
-59,-1,-3
-55,-1,-2
-72,-8,-10
-60,-12,-16
-64,-14,-18
-67,-13,-20
-65,-13,-27
-62,-11,-24
-56,-7,-18
-58,-6,-19
-59,-6,-19
-62,-5,-19
-62,-5,-19
-63,-4,-17
-63,-3,-16
-63,-2,-15
-63,-1,-15
-64,-1,-17
-63,-1,-17
-64,0,-18
-64,1,-18
-63,3,-17
-65,5,-17
-64,2,-19
-68,8,-17
-68,9,-16
-66,10,-15
-66,10,-15
-65,12,-12
-64,12,-13
-67,11,-9
-68,10,-6
-64,9,-1
-62,8,-1
-67,1,0
-67,-5,4
-62,-9,9
-62,-15,14
-61,-18,18
-63,-19,18
-62,-17,17
-48,-14,26
-49,-11,28
-55,-10,28
-51,-11,29
-40,-6,34
-42,-3,32
-22,-5,32
-75,0,24
-78,-3,18
-68,-13,28
-76,-14,24
-78,-19,20
-70,-20,24
-55,-17,40
-57,-17,35
-47,-20,30
-48,-21,29
-58,-17,33
-56,-20,27
-65,-20,21
-53,-5,25
-51,-9,19
-62,-3,26
-67,-1,29
-56,0,33
-59,-1,29
-56,-1,31
-55,-3,30
-59,-1,30
-59,0,32
-55,-1,32
-57,-1,30
-58,-1,29
-57,-1,31
-56,-1,31
-57,-1,31
-58,-1,30
-57,-1,30
-57,-1,29
-56,-1,29
-58,0,29
-58,0,30
-58,0,30
-57,-2,30
-57,-1,30
-57,-1,30
-56,-2,29
-58,-1,29
-57,-1,29
-57,-1,29
-58,-1,29
-58,-1,30
-58,-1,29
-59,-1,28
-58,-1,29
-58,-1,29
-57,-1,29
-57,-1,29
-57,-1,28
-59,0,31
-60,0,33
-56,-4,29
-57,-7,32
-58,-10,26
-54,-13,26
-53,-13,27
-53,-20,29
-63,-26,27
-61,-23,26
-64,-22,16
-64,-29,18
-64,-27,17
-71,-26,9
-69,-31,8
-52,-24,19
-55,-21,20
-56,-23,24
-50,-23,25
-50,-16,28
-52,-14,29
-57,-12,25
-56,-11,26
-58,-8,24
-57,-8,20
-52,-7,23
-54,-4,24
-58,-2,22
-56,3,18
-54,5,16
-55,14,10
-55,19,8
-65,24,9
-65,24,13
-66,26,14
-73,25,8
-73,17,5
-61,12,12
-58,12,13
-55,13,9
-57,12,9
-62,9,14
-65,5,17
-68,3,21
-69,2,25
-59,-1,35
-57,0,39
-57,-3,42
-47,-4,48
-33,-8,54
-22,-11,65
-21,-8,66
-28,-4,57
-37,-3,50
-62,-2,38
-66,-2,37
-60,0,39
-56,0,35
-52,-1,41
-46,-8,40
-30,-16,47
-39,-11,51
-44,-13,49
-35,-15,50
-28,-16,53
-38,-18,51
-37,-15,51
-38,-13,50
-42,-13,50
-40,-9,50
-41,-7,50
-47,-8,48
-46,-9,46
-42,-10,49
-46,-10,46
-47,-11,45
-48,-12,42
-44,-12,44
-31,-10,51
-29,-14,53
-27,-14,57
-26,-13,57
-22,-12,58
-22,-13,59
-24,-12,59
-27,-11,59
-40,-11,52
-41,-9,49
-38,-10,49
-35,-11,46
-39,-13,46
-36,-15,48
-39,-16,50
-34,-16,50
-33,-15,50
-37,-15,50
-35,-13,52
-35,-16,55
-36,-17,56
-38,-14,55
-49,-11,53
-54,-9,50
-59,-1,44
-60,4,39
-66,15,23
-69,17,13
-67,19,1
-64,19,-5
-51,18,-15
-48,16,-14
-48,12,-13
-48,9,-14
-59,6,-15
-59,0,-20
-65,1,-22
-63,-7,-29
-69,-8,-29
-71,-12,-33
-64,-7,-27
-55,-6,-25
-54,-4,-27
-54,-4,-32
-53,-7,-34
-55,-7,-32
-57,-8,-32
-59,-9,-31
-61,-9,-31
-60,-9,-30
-65,-5,-18
-69,-5,-12
-72,-6,-12
-57,-11,-5
-59,-2,1
-70,1,-4
-58,-7,6
-66,-7,5
-79,-13,-6
-55,-17,12
-52,-19,17
-59,-25,22
-61,-26,25
-53,-26,37
-49,-25,39
-41,-26,43
-45,-21,45
-52,-16,32
-54,-10,34
-55,-7,37
-56,-6,37
-56,-5,36
-52,-4,38
-54,-5,37
-54,-4,36
-53,-3,38
-54,-4,37
-53,-4,36
-54,-4,36
-54,-4,36
-54,-4,35
-54,-4,35
-55,-4,34
-55,-4,35
-54,-4,35
-54,-4,35
-54,-5,35
-54,-4,35
-55,-4,34
-54,-4,35
-55,-4,34
-54,-5,34
-54,-4,35
-54,-4,34
-55,-4,33
-54,-5,34
-55,-4,35
-55,-4,34
-54,-4,33
-56,-4,34
-55,-4,34
-56,-4,33
-56,-4,33
-55,-4,33
-55,-4,34
-56,-4,33
-56,-3,33
-55,-4,33
-55,-3,33
-55,-4,33
-56,-4,33
-59,-3,38
-55,-4,37
-48,-7,35
-48,-8,36
-57,-14,34
-55,-14,33
-50,-19,28
-58,-21,29
-61,-26,29
-53,-29,30
-49,-29,29
-58,-33,22
-60,-33,23
-57,-35,23
-55,-32,18
-62,-33,16
-62,-35,17
-59,-32,16
-58,-28,16
-56,-24,15
-51,-22,12
-61,-14,6
-64,-12,6
-69,-11,1
-59,-8,4
-55,-5,3
-60,0,-8
-60,3,-14
-51,10,-14
-48,16,-13
-57,25,-11
-61,29,-14
-62,31,-10
-64,33,-6
-73,26,-9
-72,21,-8
-70,16,6
-60,12,15
-55,11,20
-56,10,27
-55,9,30
-63,5,34
-69,0,33
-60,-6,37
-42,-4,45
-44,-1,56
-53,-9,52
-40,-13,46
-48,-12,47
-50,-10,50
-38,-10,42
-35,-8,42
-42,-12,43
-44,-11,41
-21,-14,55
-30,-15,51
-36,-16,49
-25,-14,54
-20,-16,64
-24,-15,63
-35,-14,63
-35,-9,72
-37,-3,70
-51,3,53
-54,7,50
-62,12,40
-64,14,30
-65,15,25
-60,12,28
-48,12,26
-52,9,29
-45,3,37
-33,1,41
-29,3,47
-41,7,44
-50,1,44
-48,1,42
-55,3,42
-46,0,35
-48,2,39
-54,7,32
-54,9,29
-48,9,27
-50,8,29
-52,3,26
-61,-1,24
-68,-5,21
-71,-3,18
-83,0,19
-71,-3,11
-59,-2,20
-53,-3,29
-51,-8,23
-56,-16,27
-53,-18,33
-51,-27,26
-55,-26,33
-51,-22,35
-58,-26,22
-63,-27,27
-43,-21,42
-47,-20,36
-55,-17,27
-48,-12,36
-60,-14,32
-60,-10,36
-63,-5,34
-55,-4,38
-49,-3,38
-57,-3,35
-52,-4,37
-52,-3,37
-54,-2,36
-54,-3,37
-53,-3,36
-53,-2,37
-53,-2,36
-54,-3,35
-53,-3,36
-53,-2,36
-54,-2,35
-54,-2,35
-54,-3,36
-56,-2,37
-58,-3,39
-54,-7,39
-48,-15,36
-50,-21,36
-49,-36,36
-53,-35,39
-53,-33,31
-52,-35,27
-53,-38,23
-52,-33,15
-57,-34,17
-60,-34,24
-59,-28,23
-60,-26,18
-65,-22,24
-62,-20,26
-61,-19,23
-62,-17,11
-54,-12,7
-52,-4,-1
-56,1,-8
-57,19,-17
-58,26,-15
-56,30,-12
-64,33,-13
-74,32,-9
-71,28,12
-59,19,23
-23,5,46
-25,5,47
-58,2,46
-67,-3,46
-46,-11,53
-38,-10,59
-36,-7,58
-37,-7,55
-28,-13,58
-23,-14,60
-27,-16,60
-23,-22,61
-25,-23,63
-33,-24,66
-33,-23,69
-35,-19,62
-36,-15,60
-47,-11,52
-50,-9,47
-57,1,40
-62,8,33
-65,17,19
-63,17,13
-64,16,12
-59,11,14
-55,8,16
-57,5,22
-60,4,22
-55,0,27
-51,-2,31
-41,-3,40
-46,-1,37
-60,-4,28
-60,-5,30
-57,2,33
-53,3,32
-50,8,31
-64,10,31
-61,10,28
-63,12,33
-54,14,36
-52,12,34
-55,13,37
-55,12,43
-50,12,42
-50,8,38
-52,10,39
-42,10,39
-43,10,38
-46,7,39
-43,8,48
-41,7,45
-46,1,42
-47,4,43
-53,1,36
-52,-1,36
-49,3,47
-40,2,50
-48,-10,40
-51,-5,42
-48,-13,30
-74,-11,13
-78,-13,12
-60,-10,21
-59,-16,20
-62,-20,30
-53,-20,29
-55,-20,35
-50,-18,34
-61,-23,28
-63,-21,33
-53,-12,36
-54,-16,24
-57,-17,33
-49,-10,34
-49,-15,29
-51,-7,38
-57,-6,37
-55,-3,37
-54,-3,37
-55,-2,41
-51,-1,40
-51,-2,39
-53,-3,39
-52,-3,38
-52,-3,38
-51,-2,39
-53,-2,37
-53,-2,38
-54,-3,43
-57,-6,40
-49,-16,34
-54,-17,36
-48,-40,37
-53,-38,38
-55,-41,31
-48,-41,36
-51,-47,31
-49,-45,21
-66,-37,13
-60,-35,25
-55,-32,24
-54,-23,10
-60,-19,3
-70,-10,-6
-68,-4,-9
-62,2,-12
-67,4,-13
-66,8,-14
-57,14,-12
-55,23,-7
-61,27,-5
-62,29,2
-59,22,22
-64,21,27
-63,21,30
-57,17,33
-53,3,51
-59,-1,51
-48,-2,46
-37,-2,51
-35,-11,65
-40,-19,59
-26,-15,56
-22,-16,61
-19,-23,59
-30,-30,61
-41,-26,51
-14,-15,58
-22,-19,54
-25,-22,54
-26,-27,55
-25,-28,55
-18,-24,52
-1,-22,54
2,-20,58
7,-22,60
7,-23,71
4,-24,68
7,-23,66
-3,-25,62
-11,-20,58
-9,-18,56
-5,-17,54
-7,-20,53
0,-32,66
-8,-31,59
-4,-28,56
-7,-31,55
-8,-32,53
-6,-30,57
-10,-31,57
-7,-26,59
-9,-22,57
-10,-21,57
-16,-23,56
-22,-26,58
-25,-26,53
-23,-23,50
-22,-25,52
-25,-29,51
-30,-30,54
-43,-36,52
-52,-38,58
-56,-39,52
-52,-23,50
-52,-6,42
-70,15,19
-59,17,23
-55,13,34
-53,5,32
-13,7,57
-15,6,56
-2,13,68
-6,16,67
-13,14,59
-21,14,62
-24,15,59
-17,18,56
-18,18,54
-22,22,53
-21,23,50
-18,21,48
-19,22,51
-19,24,54
-23,23,53
-24,23,58
-24,23,59
-25,21,58
-30,19,58
-32,19,57
-31,15,54
-28,16,56
-32,16,55
-26,14,54
-26,14,55
-22,16,58
-22,13,56
-21,10,55
-25,7,50
-20,7,53
-17,3,49
-22,1,48
-33,-4,43
-44,-7,31
-49,-8,30
-64,-10,27
-72,-13,11
-83,-12,16
-81,-8,29
-67,-3,34
-61,-6,33
-64,-8,37
-56,-15,34
-55,-17,36
-58,-17,34
-55,-18,28
-62,-16,28
-53,-17,26
-56,-13,26
-61,-12,21
-56,-10,32
-53,-8,35
-58,-4,31
-54,-3,34
-51,-3,39
-49,-1,39
-53,-1,37
-53,-4,40
-54,-2,38
-53,-2,37
-51,-1,38
-54,-2,38
-53,-1,37
-54,-1,37
-54,-1,38
-54,-1,37
-52,-2,37
-52,-2,36
-53,-2,36
-54,-2,36
-53,-2,36
-53,-2,37
-54,-2,36
-53,-2,37
-54,-2,36
-54,-2,36
-53,-2,37
-53,-2,36
-53,-3,35
-54,-2,37
-53,-3,39
-53,-5,38
-53,-9,35
-55,-12,34
-55,-13,34
-53,-22,27
-57,-26,27
-60,-29,23
-53,-29,25
-62,-26,21
-59,-25,19
-61,-23,22
-60,-25,24
-54,-22,17
-66,-24,11
-64,-24,18
-60,-18,23
-57,-17,19
-64,-2,6
-75,-2,2
-69,-10,10
-57,-8,18
-43,-5,22
-48,-5,18
-48,2,14
-39,7,17
-53,15,18
-55,33,18
-60,35,26
-65,4,38
-51,9,39
-58,12,39
-52,3,43
-47,-8,41
-57,-16,42
-51,-22,45
-54,-21,44
-45,-19,44
-40,-30,51
-53,-29,58
-37,-23,51
-39,-29,48
-27,-25,52
-30,-26,56
-26,-17,55
-27,-15,56
-36,-8,53
-43,-8,50
-38,-11,51
-36,-13,52
-35,-14,52
-32,-10,53
-33,-9,54
-33,-10,54
-34,-12,53
-34,-12,52
-35,-12,52
-34,-13,53
-34,-13,52
-35,-12,52
-35,-12,52
-34,-12,53
-35,-12,52
-36,-12,52
-34,-11,53
-35,-12,52
-36,-12,52
-35,-12,52
-35,-12,52
-35,-12,52
-35,-11,52
-35,-11,52
-35,-12,52
-36,-11,52
-36,-11,53
-35,-11,52
-35,-11,52
-35,-11,53
-35,-11,53
-36,-11,52
-37,-11,52
-35,-11,52
-35,-11,52
-36,-11,52
-35,-11,52
-34,-11,53
-34,-12,53
-37,-11,51
-39,-12,50
-37,-11,51
-42,-12,48
-39,-11,49
-39,-11,49
-39,-11,49
-39,-12,49
-38,-11,50
-39,-12,50
-40,-12,49
-37,-12,51
-37,-12,51
-37,-12,50
-37,-13,54
-34,-12,53
-38,-13,51
-37,-13,51
-36,-13,51
-36,-13,51
-34,-12,53
-34,-12,53
-37,-13,51
-36,-12,52
-36,-13,51
-37,-14,51
-36,-14,51
-36,-14,51
-35,-14,52
-37,-15,51
-35,-15,51
-36,-15,51
-36,-15,52
-35,-14,51
-36,-14,51
-35,-15,51
-35,-15,51
-35,-15,51
-35,-15,52
-36,-15,52
-38,-15,50
-37,-15,51
-36,-15,51
-37,-15,51
-34,-15,52
-36,-15,51
-36,-15,51
-35,-15,51
-35,-15,51
-36,-14,51
-36,-15,51
-36,-15,51
-36,-15,51
-36,-15,51
-36,-15,51
-36,-15,51
-36,-15,51
-36,-15,51
-36,-15,51
-36,-15,51
-36,-15,51
-36,-15,51
-36,-15,51
-36,-15,51
-36,-15,51
-35,-15,51
-36,-15,51
-38,-16,49
-36,-15,51
-36,-15,51
-36,-15,51
-35,-15,52
-37,-15,50
-37,-15,51
-36,-15,51
-35,-15,51
-36,-15,51
-36,-15,51
-35,-16,51
-35,-15,51
-36,-14,51
-35,-14,52
-35,-15,51
-36,-14,51
-35,-15,52
-37,-15,51
-36,-15,51
-34,-14,52
-35,-15,52
-36,-15,51
-34,-14,52
-35,-15,51
-35,-14,52
-35,-14,52
-34,-14,52
-35,-14,52
-35,-14,52
-35,-15,52
-36,-15,51
-35,-14,52
-34,-15,52
-34,-14,52
-35,-14,52
-35,-14,52
-34,-14,52
-35,-14,51
-35,-14,52
-35,-15,52
-36,-15,51
-42,-18,51
-45,-27,53
-36,-28,63
-87,-22,38
-61,-5,48
-47,2,52
-32,9,39
-28,7,26
-27,4,44
-19,4,57
-22,1,56
-21,-6,62
-20,-10,63
-23,-14,65
-25,-15,60
-15,-16,57
-18,-18,58
-19,-19,56
-14,-19,57
-15,-21,56
-18,-27,61
-22,-22,57
-19,-23,53
-4,-23,67
-1,-24,63
1,-23,63
6,-21,57
8,-19,56
-13,-18,56
-11,-15,62
-13,-11,59
-22,-12,51
-23,-17,57
-15,-25,71
-13,-26,70
-20,-23,56
-23,-27,60
-24,-23,60
-27,-20,58
-30,-13,53
-33,-12,51
-33,-6,51
-32,-3,51
-30,0,52
-30,-1,55
-29,-1,56
-29,-3,59
-30,-3,60
-28,-2,58
-29,-3,57
-31,-2,55
-32,-2,55
-34,0,53
-37,0,52
-39,0,52
-40,0,53
-39,2,53
-44,3,47
-44,2,46
-41,3,45
-36,5,46
-42,5,37
-52,4,29
-70,6,19
-69,5,17
-67,5,6
-62,3,-5
-85,0,-14
-79,4,-11
-58,-1,-9
-68,-2,-8
-68,-3,-6
-52,-4,1
-59,0,0
-65,4,-5
-61,6,0
-65,9,-4
-68,10,-5
-65,13,-3
-66,13,-4
-67,13,-5
-67,14,-4
-63,14,-2
-64,15,0
-64,15,1
-63,15,5
-63,15,7
-58,14,13
-59,15,15
-57,15,20
-55,15,21
-59,14,23
-61,13,23
-59,15,27
-54,15,31
-53,15,30
-48,15,38
-43,16,42
-40,16,44
-39,13,46
-41,12,48
-41,12,49
-40,11,48
-36,13,49
-33,12,52
-35,14,53
-44,11,48
-42,15,51
-33,15,45
-29,15,53
-35,14,52
-29,9,54
-54,25,50
-4,16,58
-4,13,58
-22,14,58
-15,16,63
-15,26,59
3,18,59
-2,21,58
2,20,60
-5,21,59
-9,19,59
-18,20,60
-7,20,59
1,23,64
12,20,69
3,14,65
-18,13,63
-28,15,58
-36,17,43
-42,16,40
-55,13,29
-65,9,17
-66,12,18
-61,10,17
-53,10,17
-63,11,18
-63,8,15
-63,8,18
-65,9,18
-63,8,16
-62,7,14
-63,8,12
-63,9,11
-64,10,8
-65,9,9
-65,8,11
-65,8,14
-64,7,12
-65,6,12
-64,6,12
-62,8,13
-63,7,13
-63,7,11
-62,8,12
-58,6,16
-60,7,17
-62,6,13
-60,8,10
-61,7,10
-64,5,8
-65,7,9
-66,7,4
-66,8,4
-67,7,5
-68,9,5
-71,7,5
-70,7,7
-65,8,12
-66,8,12
-52,12,28
-49,13,33
-56,11,30
-53,11,35
-46,13,42
-46,12,40
-47,11,39
-49,13,43
-49,12,42
-47,13,43
-47,12,43
-52,10,38
-53,9,31
-50,10,34
-48,9,39
-51,9,35
-57,9,31
-56,9,32
-51,9,36
-54,8,34
-57,8,30
-55,6,32
-50,3,37
-49,2,36
-58,1,33
-55,-1,34
-52,-4,36
-52,-8,39
-52,-10,39
-51,-9,41
-53,-6,40
-55,-3,30
-55,-5,23
-62,-6,15
-58,-3,14
-55,-5,6
-61,-6,1
-74,-9,-7
-70,-12,-4
-69,-10,-3
-69,-10,1
-71,-9,1
-71,-9,-1
-71,-5,-7
-67,-2,-5
-66,-3,-12
-62,2,-13
-63,6,-12
-65,9,-10
-65,10,-9
-65,9,-4
-66,3,7
-67,0,9
-60,-5,21
-54,-7,26
-50,-12,34
-48,-11,35
-52,-8,36
-51,-8,38
-59,4,39
-56,7,36
-53,8,36
-52,8,38
-41,4,42
-47,4,40
-47,4,40
-49,1,43
-53,0,43
-51,0,41
-49,1,39
-57,1,37
-56,0,37
-51,-2,32
-57,-2,30
-57,0,29
-53,0,31
-68,-1,21
-65,1,24
-60,2,24
-59,2,21
-59,3,21
-59,5,19
-59,7,20
-58,7,22
-60,7,22
-62,7,22
-65,8,22
-64,9,22
-63,11,21
-64,12,21
-62,15,20
-60,16,19
-65,16,17
-65,15,18
-65,14,15
-70,12,12
-66,11,14
-63,10,14
-62,9,15
-63,8,13
-62,8,12
-63,10,11
-61,10,12
-62,11,11
-62,11,11
-62,12,11
-63,13,11
-60,13,11
-61,14,12
-62,15,13
-61,14,14
-61,16,16
-62,15,15
-63,15,15
-61,15,16
-60,15,18
-61,16,18
-60,17,20
-59,16,21
-58,17,22
-52,18,29
-50,19,32
-46,16,33
-46,17,36
-49,20,41
-48,20,43
-40,22,49
-33,24,51
-39,27,50
-21,29,54
-16,29,55
-21,30,52
-20,30,51
-21,31,50
-20,30,49
-23,32,50
-25,32,51
-25,32,50
-24,33,50
-26,31,48
-31,32,48
-32,31,47
-32,30,44
-34,30,44
-34,28,43
-33,28,41
-36,28,40
-37,28,42
-39,27,43
-39,27,43
-39,27,43
-41,27,44
-41,27,45
-40,26,41
-40,26,42
-42,26,41
-41,26,40
-38,27,40
-43,24,36
-52,22,36
-50,20,36
-49,19,33
-56,19,31
-61,19,25
-59,17,22
-59,16,20
-60,16,18
-65,14,17
-66,14,13
-67,10,9
-67,13,12
-60,14,15
-55,13,11
-61,12,13
-69,12,10
-69,12,9
-53,15,21
-63,13,13
-64,13,13
-62,15,16
-61,14,16
-65,14,15
-72,16,15
-57,21,21
-49,21,27
-45,18,39
-40,21,43
-39,21,43
-38,21,45
-28,19,56
-16,15,61
-14,17,63
-6,21,67
0,23,70
-15,14,62
-26,7,58
-25,-5,54
-45,-6,51
-41,-9,48
-37,-11,49
-39,-17,48
-32,-16,52
-20,-19,57
-20,-28,55
-18,-28,59
-21,-26,58
-23,-23,56
-22,-20,59
-18,-22,59
-19,-26,58
-20,-22,59
-36,-22,57
-39,-24,55
-32,-13,53
-35,-9,51
-44,0,48
-42,2,52
-40,3,54
-36,4,54
-33,4,54
-32,4,55
-31,4,54
-33,5,54
-34,5,53
-36,6,52
-40,6,52
-43,8,53
-40,13,54
-40,15,55
-43,17,52
-46,17,48
-43,22,45
-43,23,43
-47,25,36
-45,27,35
-41,25,33
-46,23,31
-48,17,27
-50,13,25
-51,7,24
-55,-2,22
-54,-6,18
-51,-16,25
-55,-20,24
-57,-23,23
-55,-24,29
-52,-25,31
-60,-25,24
-44,-28,38
-37,-26,44
-47,-31,38
-49,-32,43
-49,-27,46
-49,-22,33
-66,-22,31
-58,-15,34
-51,-14,30
-66,-18,26
-50,-15,37
-54,-11,26
-61,-11,22
-51,-10,35
-61,-8,30
-53,-3,32
-56,-4,32
-59,-6,33
-57,-4,34
-55,-5,35
-57,-5,31
-56,-5,30
-55,-5,32
-57,-4,33
-57,-3,33
-57,-3,33
-57,-3,32
-56,-3,32
-56,-4,32
-56,-3,32
-57,-4,32
-56,-4,32
-55,-4,32
-56,-3,32
-57,-3,32
-57,-4,31
-56,-4,32
-56,-4,32
-56,-4,31
-57,-4,33
-59,-4,34
-57,-6,31
-56,-8,30
-53,-12,29
-55,-17,32
-59,-17,33
-60,-19,32
-63,-21,31
-57,-26,32
-54,-29,28
-54,-29,17
-61,-24,15
-59,-25,14
-59,-25,7
-69,-18,-1
-72,-15,0
-64,-9,5
-58,-3,6
-69,2,9
-61,3,24
-52,-1,29
-49,2,36
-50,4,36
-47,2,35
-48,4,37
-49,5,41
-43,6,43
-54,5,29
-56,10,32
-50,13,33
-57,13,32
-59,15,32
-57,17,35
-53,15,30
-56,12,31
-61,12,28
-58,15,25
-57,16,24
-53,12,27
-46,13,33
-49,14,38
-46,14,41
-48,12,38
-43,12,43
-43,12,46
-38,12,51
-37,13,55
-34,13,55
-36,10,51
-42,14,55
-37,16,58
-34,14,53
-38,14,49
-39,16,51
-34,16,53
-32,13,50
-39,14,51
-38,15,52
-38,15,53
-38,14,53
-39,11,43
-48,10,39
-56,10,34
-58,9,30
-55,9,32
-53,11,37
-53,8,34
-59,8,29
-55,8,34
-51,6,38
-46,5,39
-54,3,34
-53,4,38
-42,6,46
-41,6,47
-47,1,42
-41,4,47
-35,5,51
-39,4,50
-35,2,56
-30,3,57
-35,2,53
-35,2,54
-32,4,59
-31,1,50
-25,1,53
-15,4,67
-19,5,68
-19,-1,68
-20,2,68
-29,2,50
-42,4,45
-55,6,43
-50,7,35
-47,8,39
-49,7,42
-40,9,46
-34,8,51
-27,8,53
-29,6,56
-27,7,57
-22,5,58
-24,4,58
-18,8,63
-18,7,62
-20,7,61
-20,7,60
-19,8,59
-18,7,64
-19,8,62
-17,5,62
-16,6,63
-18,4,58
-16,3,59
-26,4,59
-24,5,56
-21,3,58
-24,2,57
-22,2,57
-20,2,59
-21,1,60
-20,0,63
-18,2,61
-19,3,64
-17,1,63
-16,2,60
-17,2,61
-17,3,61
-17,3,62
-13,3,63
-12,5,60
-14,5,60
-14,4,58
-14,1,60
-12,5,60
-7,3,60
-7,7,67
-9,6,66
-10,6,65
-10,6,65
-7,8,64
-6,7,63
-19,4,58
-24,1,58
-28,0,56
-41,-2,48
-44,-4,45
-52,-10,33
-63,-10,29
-62,-8,25
-58,-7,24
-62,-9,18
-64,-9,18
-58,-9,21
-58,-9,20
-67,-11,14
-66,-12,13
-64,-11,12
-68,-9,4
-75,-9,0
-65,-6,9
-60,-5,12
-63,-2,13
-64,-1,15
-60,0,18
-60,1,19
-62,0,17
-64,0,15
-60,1,17
-62,1,14
-63,1,15
-62,1,16
-64,2,15
-65,3,11
-64,3,11
-62,3,14
-62,3,15
-60,1,18
-63,1,19
-61,0,21
-59,1,24
-54,1,26
-59,-1,25
-59,-1,27
-59,-1,30
-59,-2,33
-58,-6,42
-53,-10,50
-45,-16,55
-47,-19,50
-43,-14,46
-37,-12,43
-51,-3,21
-57,7,6
-46,7,12
-43,-6,22
-54,-3,21
-76,-10,20
-67,-8,28
-63,-7,36
-62,-10,36
-56,-13,46
-47,-12,52
-38,-12,51
-31,-13,55
-38,-14,51
-49,-24,51
-48,-25,68
-25,-7,60
-24,-11,57
-29,-16,56
-31,-14,58
-30,-10,57
-31,-9,56
-34,-11,53
-34,-12,54
-32,-13,54
-30,-13,55
-30,-12,55
-29,-16,58
-32,-17,53
-38,-18,51
-38,-17,49
-47,-17,42
-49,-18,40
-52,-17,40
-55,-13,36
-56,-4,40
-56,1,41
-53,5,37
-56,9,35
-52,14,36
-55,12,35
-60,7,30
-62,5,33
-59,4,34
-55,5,35
-53,4,33
-51,4,31
-50,5,32
-49,4,32
-51,4,31
-54,4,31
-55,3,32
-57,3,35
-57,2,37
-58,2,36
-59,3,36
-58,4,35
-56,5,35
-55,6,35
-54,4,36
-54,2,35
-52,2,37
-48,3,39
-46,3,39
-48,3,37
-49,3,36
-49,4,38
-48,2,38
-55,-1,38
-56,-2,38
-54,-1,40
-52,0,40
-52,-3,37
-55,-4,38
-51,-4,41
-50,-3,41
-46,-7,41
-49,-8,42
-49,-9,44
-46,-10,45
-45,-11,43
-45,-13,44
-44,-13,45
-42,-13,46
-41,-13,46
-40,-13,45
-41,-13,45
-44,-14,45
-45,-13,44
-48,-11,43
-49,-8,42
-49,-7,41
-52,-6,38
-52,-6,38
-51,-6,39
-50,-6,38
-50,-6,38
-51,-6,37
-50,-6,38
-50,-5,39
-51,-8,40
-51,-10,41
-48,-10,43
-48,-10,41
-50,-12,40
-50,-12,41
-47,-11,41
-44,-13,44
-45,-15,45
-45,-17,44
-44,-17,43
-43,-17,46
-47,-16,47
-48,-17,53
-50,-20,58
-53,-21,55
-69,-15,44
-70,-9,36
-84,13,19
-85,22,14
-64,30,11
-57,29,8
-57,24,12
-56,19,17
-42,8,26
-38,2,30
-41,-6,33
-39,-7,38
-27,-12,47
-27,-15,53
-31,-13,51
-27,-7,52
-37,-3,47
-43,-4,38
-57,-1,30
-65,1,32
-55,0,36
-44,-7,41
-39,-9,41
-56,-9,40
-51,-8,38
-18,-10,45
-63,-7,31
-72,-12,23
-66,-22,28
-73,-19,31
-59,-18,30
-55,-18,32
-52,-23,36
-48,-23,42
-41,-26,40
-56,-23,35
-51,-14,40
-63,-23,21
-71,-14,25
-52,-8,35
-52,-7,35
-52,-3,39
-50,-1,40
-57,-2,36
-53,-1,37
-54,-1,37
-55,-2,37
-53,-1,38
-52,-1,38
-55,-1,37
-55,-1,36
-55,-1,35
-51,-2,36
-52,-1,36
-54,-1,36
-54,-2,35
-53,-2,35
-53,-2,35
-55,-1,36
-54,-1,36
-54,-2,34
-54,-2,34
-54,-2,35
-54,-2,34
-55,-2,34
-55,-2,34
-55,-2,35
-55,-2,34
-55,-2,34
-55,-2,35
-55,-2,35
-54,-3,34
-55,-3,34
-56,-2,34
-55,-2,33
-55,-2,34
-55,-2,34
-55,-2,34
-54,-2,34
-55,-2,34
-55,-2,35
-55,-2,34
-56,-1,38
-56,-2,37
-54,-3,34
-56,-3,36
-55,-8,34
-54,-10,34
-54,-8,34
-57,-13,31
-60,-15,30
-56,-16,32
-53,-17,33
-55,-18,31
-56,-20,27
-56,-26,25
-56,-24,27
-58,-21,26
-56,-27,25
-56,-22,25
-57,-20,24
-59,-28,24
-55,-24,26
-55,-21,26
-50,-25,19
-52,-22,11
-64,-23,16
-59,-19,21
-59,-17,25
-61,-17,23
-67,-14,16
-67,-11,14
-62,-6,13
-58,-3,12
-56,0,10
-50,7,6
-51,12,2
-55,22,-2
-55,26,-3
-52,32,-7
-58,34,-12
-68,29,-11
-66,28,-3
-64,23,7
-62,20,10
-65,16,14
-64,13,20
-57,10,32
-52,4,40
-54,3,45
-54,-3,43
-54,-3,42
-51,-7,46
-56,-10,43
-47,-9,42
-43,-10,47
-50,-13,50
-49,-14,46
-36,-15,40
-41,-16,41
-54,-15,44
-52,-16,39
-47,-14,40
-43,-11,43
-43,-12,42
-52,-14,40
-52,-15,40
-60,-17,36
-61,-14,34
-60,-11,31
-61,-13,29
-76,-11,19
-85,-5,10
-73,0,12
-70,14,13
-80,21,9
-78,23,-1
-72,23,2
-67,23,9
-71,22,7
-57,14,8
-49,14,13
-49,12,13
-49,9,10
-43,-4,19
-44,-10,30
-36,-14,32
-34,-23,49
-25,-20,57
-36,-9,46
-47,-16,40
-12,-12,51
-14,-12,46
-30,-12,51
-23,-18,55
-45,-7,44
-59,-8,39
-59,-8,38
-62,-18,31
-64,-20,30
-74,-19,27
-63,-19,31
-56,-21,39
-56,-18,38
-52,-16,39
-58,-20,32
-59,-20,30
-57,-19,32
-63,-15,31
-57,-13,22
-48,-9,33
-59,-7,34
-61,-4,33
-49,-2,37
-52,-2,38
-53,-2,38
-54,-2,38
-51,-1,40
-52,-1,38
-54,-1,39
-54,0,39
-52,-2,38
-51,-2,37
-53,-1,37
-52,-1,37
-52,-1,37
-52,-1,38
-53,-1,36
-53,-1,37
-53,-1,38
-52,-1,39
-53,-1,39
-52,-2,38
-53,-3,38
-51,-4,37
-52,-2,37
-51,-2,38
-55,-3,34
-54,-3,36
-54,-4,38
-50,-4,40
-53,-3,37
-54,-5,35
-53,-4,40
-52,-4,41
-50,-5,37
-51,-5,37
-53,-5,38
-51,-4,37
-52,-4,37
-52,-4,37
-52,-4,37
-52,-4,38
-52,-4,38
-53,-4,38
-53,-4,38
-51,-5,39
-52,-4,40
-52,-3,39
-52,-5,37
-50,-5,37
-52,-5,39
-53,-5,36
-50,-6,36
-51,-5,37
-56,-3,39
-53,-5,38
-52,-5,38
-51,-5,37
-50,-5,39
-51,-5,39
-52,-4,38
-52,-4,38
-52,-5,37
-52,-4,37
-53,-4,37
-52,-5,39
-52,-5,39
-53,-4,40
-52,-5,38
-51,-6,38
-52,-6,36
-53,-4,35
-52,-6,36
-49,-6,39
-53,-6,38
-52,-6,38
-51,-6,38
-51,-7,38
-52,-7,39
-51,-7,39
-51,-6,39
-51,-6,38
-51,-6,39
-51,-7,39
-51,-6,38
-51,-6,38
-52,-6,38
-51,-6,39
-51,-6,39
-51,-6,39
-55,-6,38
-52,-6,39
-51,-5,38
-49,-7,38
-51,-7,37
-51,-6,38
-52,-6,38
-52,-6,38
-51,-6,38
-52,-6,39
-53,-7,38
-52,-7,39
-53,-10,37
-52,-10,36
-53,-14,31
-52,-14,34
-52,-15,37
-57,-16,34
-56,-17,33
-57,-21,31
-55,-23,28
-57,-24,26
-64,-31,18
-65,-31,16
-62,-31,17
-62,-34,13
-65,-35,11
-67,-35,15
-68,-36,17
-56,-31,13
-68,-26,9
-64,-23,12
-58,-21,14
-50,-14,2
-51,-9,-6
-51,4,-20
-52,16,-23
-57,20,-27
-52,29,-24
-50,33,-21
-64,36,-23
-71,35,-18
-68,31,-2
-68,30,4
-75,26,6
-72,24,10
-74,16,32
-74,9,31
-44,6,41
-54,-1,64
-57,-8,54
-29,-7,51
-26,-9,56
-33,-20,61
-38,-22,55
-32,-22,59
-19,-28,67
-40,-15,45
-37,-13,44
-37,-16,47
-37,-17,48
-41,-19,46
-39,-19,46
-37,-16,44
-37,-17,50
-37,-20,55
-49,-18,51
-54,-15,47
-55,-5,51
-47,0,51
-48,7,45
-48,10,42
-50,17,41
-35,20,48
-32,18,48
-32,22,52
-29,22,52
-27,21,52
-27,22,52
-29,22,51
-29,24,51
-30,25,50
-31,26,49
-31,27,48
-30,27,48
-29,26,47
-31,28,50
-32,29,49
-29,29,48
-29,29,48
-29,29,49
-28,29,49
-23,29,48
-21,29,51
-13,22,51
-13,17,50
-14,15,51
-19,13,54
-24,5,56
-16,-6,42
-40,-13,47
-50,-5,64
-47,-3,64
-40,-7,60
-36,-7,66
-33,-9,68
-33,-12,69
-23,-13,65
-24,-14,62
-37,-15,58
-33,-9,58
-33,3,49
-32,4,41
-26,4,43
-32,-6,47
-34,-13,51
-31,-20,51
-32,-22,52
-38,-25,54
-36,-25,55
-42,-21,51
-45,-21,45
-49,-20,45
-46,-15,48
-50,-17,47
-51,-13,39
-57,-14,33
-73,-11,23
-78,-1,21
-78,17,11
-63,17,0
-57,11,-2
-52,9,1
-50,-6,23
-28,-9,51
-25,-2,54
-43,-4,45
-73,-16,44
-65,-12,43
-62,-9,37
-58,-9,43
-53,-9,44
-43,-6,48
-45,-1,46
-58,4,36
-48,9,30
-48,15,21
-73,9,14
-68,2,21
-61,0,26
-60,-11,34
-44,-18,44
-41,-19,49
-41,-21,51
-37,-21,51
-35,-23,53
-35,-22,54
-37,-22,55
-37,-20,56
-46,-17,62
-56,-13,61
-68,-11,51
-70,2,47
-70,9,47
-60,17,33
-55,21,25
-54,18,26
-48,16,28
-26,5,35
-24,-1,34
-26,-6,36
-36,-14,37
-40,-27,46
-24,-28,55
-28,-22,49
-61,-22,32
-32,-14,40
-48,-17,30
-37,-13,43
-16,-4,48
-44,-3,31
-50,-11,36
-57,-11,27
-52,-12,28
-48,-15,25
-67,-9,23
-78,-12,16
-86,-15,18
-77,-18,25
-70,-17,30
-52,-16,35
-51,-19,36
-50,-15,45
-55,-19,38
-47,-20,37
-58,-17,35
-53,-11,30
-61,-22,22
-66,-10,18
-47,-9,34
-54,-4,34
-53,-3,36
-51,-3,36
-54,-1,38
-54,-1,38
-52,-2,38
-53,-2,37
-54,-2,37
-55,-2,36
-53,-3,36
-53,-3,36
-52,-2,36
-53,-2,35
-54,-2,36
-53,-3,36
-53,-3,36
-54,-3,35
-53,-2,36
-54,-3,36
-54,-3,36
-55,-5,37
-52,-5,36
-55,-7,35
-58,-10,32
-60,-9,35
-56,-15,31
-59,-24,30
-60,-26,28
-57,-26,27
-55,-32,17
-61,-27,18
-60,-25,16
-59,-30,16
-59,-26,12
-64,-23,10
-64,-24,12
-60,-24,15
-57,-19,16
-64,-18,14
-67,-18,15
-57,-16,16
-58,-13,14
-62,-10,12
-58,-10,14
-45,-5,15
-47,0,10
-54,7,-1
-55,12,-4
-56,22,-1
-61,24,-1
-74,27,5
-61,25,18
-58,21,25
-67,9,31
-66,6,33
-47,3,44
-37,4,50
-47,5,43
-57,6,37
-65,0,39
-63,-3,42
-48,-5,46
-46,-4,53
-51,-8,51
-35,-14,53
-30,-13,55
-37,-18,56
-39,-24,52
-15,-26,56
-12,-25,56
-14,-19,51
-17,-19,49
-11,-29,59
-19,-30,61
-19,-24,59
-18,-23,56
-11,-24,60
-19,-25,63
-22,-27,67
-29,-23,66
-37,-28,67
-42,-24,68
-48,-15,64
-53,2,62
-46,10,56
-44,10,42
-42,6,44
-35,2,45
-32,1,44
-28,0,46
-27,-4,48
-27,-9,47
-21,-13,55
-20,-15,59
-20,-19,58
-8,-11,62
-12,-12,59
-20,-3,58
-34,1,43
-31,1,47
-16,5,59
-17,1,56
-17,0,55
-14,3,65
-23,-1,62
-30,-4,57
-26,-4,58
-22,-7,52
-20,-8,50
-20,-12,56
-18,-12,61
-13,-12,59
-8,-10,58
-17,-9,50
-61,-6,36
-65,-5,34
-93,-6,19
-117,9,18
-68,-5,46
-47,-6,46
-48,-10,57
-35,-7,58
-47,-17,44
-52,-18,46
-54,-13,37
-56,-19,29
-72,-15,24
-53,-6,39
-49,-10,28
-62,-8,30
-61,-8,29
-51,-9,29
-50,-11,30
-48,-4,36
-47,-5,38
-54,-6,38
-55,-3,38
-49,-1,45
-52,-2,43
-49,-4,40
-50,-4,40
-50,-4,41
-51,-3,40
-51,-3,40
-51,-3,38
-51,-3,39
-51,-4,39
-51,-5,40
-51,-7,41
-52,-9,37
-55,-13,31
-55,-16,34
-55,-24,35
-62,-23,31
-60,-21,28
-62,-30,22
-60,-28,22
-60,-19,15
-61,-25,13
-59,-30,17
-57,-29,16
-63,-21,11
-64,-24,12
-59,-27,21
-52,-26,26
-51,-20,25
-59,-16,18
-60,-15,15
-35,-13,26
-23,-13,32
-36,-11,22
-48,-5,9
-77,5,-5
-69,9,3
-47,23,22
-57,28,21
-88,25,11
-75,16,29
-64,15,40
-61,9,42
-55,7,44
-45,1,49
-45,-2,49
-46,-7,44
-48,-12,41
-45,-15,45
-43,-13,46
-61,-19,61
-39,-19,57
-32,-13,51
-40,-15,41
-58,-15,52
-42,-15,48
-39,-11,48
-36,-16,50
-34,-19,51
-38,-17,49
-40,-16,48
-38,-16,49
-37,-16,50
-38,-16,50
-37,-16,49
-37,-16,50
-37,-16,50
-37,-16,50
-36,-16,50
-35,-16,51
-35,-16,51
-35,-16,52
-39,-17,49
-38,-16,49
-42,-10,48
-42,-10,48
-38,-10,51
-37,-12,51
-36,-13,53
-31,-14,53
-32,-15,53
-35,-16,51
-36,-17,50
-37,-17,50
-39,-17,49
-37,-16,50
-35,-16,51
-34,-17,52
-33,-17,52
-34,-18,52
-34,-18,52
-33,-19,51
-33,-19,52
-33,-19,51
-30,-20,52
-31,-21,51
-25,-21,55
-25,-21,57
-27,-19,55
-25,-19,55
-25,-17,57
-24,-17,57
-28,-17,55
-32,-18,53
-32,-18,53
-33,-16,52
-34,-16,52
-35,-14,52
-35,-13,52
-34,-13,53
-35,-13,52
-35,-15,52
-35,-15,51
-34,-14,52
-35,-14,52
-35,-14,52
-34,-14,52
-34,-14,52
-34,-14,52
-34,-14,52
-34,-14,52
-34,-14,52
-34,-14,52
-34,-14,52
-34,-15,52
-34,-14,52
-35,-15,52
-34,-15,52
-34,-15,52
-34,-15,52
-34,-15,52
-35,-15,52
-34,-15,52
-35,-15,52
-34,-15,52
-35,-15,52
-35,-15,52
-35,-15,52
-34,-15,52
-35,-15,52
-35,-15,52
-35,-15,52
-35,-15,52
-35,-15,52
-35,-15,52
-35,-15,52
-35,-15,52
-35,-15,52
-35,-15,52
-35,-16,52
-35,-15,52
-35,-15,52
-34,-15,52
-35,-15,52
-35,-15,52
-35,-15,52
-35,-15,51
-35,-15,51
-35,-15,52
-35,-15,51
-35,-15,52
-35,-15,51
-35,-14,52
-35,-14,52
-35,-14,51
-35,-15,52
-35,-14,52
-35,-14,51
-35,-15,52
-35,-15,52
-35,-14,52
-35,-14,52
-35,-15,52
-35,-14,52
-34,-15,52
-35,-14,52
-35,-15,52
-34,-15,52
-35,-15,52
-34,-14,52
-35,-15,52
-35,-14,51
-35,-15,52
-35,-15,52
-35,-15,51
-35,-15,52
-34,-14,52
-34,-15,52
-36,-15,51
-35,-14,52
-35,-14,52
-35,-14,51
-33,-14,52
-35,-15,52
-35,-14,52
-35,-14,52
-34,-14,51
-35,-15,52
-35,-15,51
-33,-14,52
-35,-14,51
-34,-15,52
-35,-14,52
-35,-14,52
-35,-15,52
-35,-15,52
-35,-15,52
-35,-15,52
-34,-15,52
-36,-13,52
-37,-14,51
-35,-13,52
-35,-13,52
-35,-13,52
-33,-13,53
-35,-13,52
-36,-14,52
-37,-14,51
-34,-14,52
-33,-14,53
-36,-15,51
-35,-15,52
-35,-15,52
-35,-15,52
-35,-15,52
-35,-15,51
-35,-15,51
-35,-15,52
-36,-15,52
-35,-15,52
-35,-15,51
-35,-15,52
-36,-15,51
-35,-15,51
-35,-15,52
-35,-15,51
-35,-15,52
-36,-15,51
-35,-15,52
-36,-15,52
-35,-14,52
-35,-14,52
-35,-15,52
-36,-14,51
-35,-14,52
-35,-14,51
-35,-15,52
-35,-14,52
-35,-14,52
-35,-14,52
-35,-15,52
-35,-14,52
-35,-14,52
-35,-14,52
-35,-14,52
-35,-14,52
-35,-14,52
-35,-14,52
-35,-14,52
-35,-14,52
-35,-14,52
-35,-14,52
-35,-14,52
-35,-14,52
-35,-14,51
-34,-14,52
-35,-14,52
-35,-15,53
-34,-15,52
-36,-15,53
-34,-14,53
-35,-15,50
-40,-17,47
-43,-21,45
-44,-33,38
-55,-40,33
-78,-29,29
-68,-11,30
-59,-2,34
-54,2,33
-46,5,28
-36,12,34
-32,11,41
-31,6,42
-38,2,38
-47,-1,46
-43,-4,44
-21,-15,54
-9,-23,68
-49,-29,63
-45,-27,62
-40,-26,62
-31,-27,67
-36,-25,65
-45,-18,58
-58,-12,52
-78,9,33
-86,26,16
-86,49,-3
-79,46,-6
-56,34,-4
-54,30,1
-63,13,13
-57,2,23
-40,-12,37
-34,-10,52
-25,-8,54
-28,-16,47
-25,-18,52
-31,-21,46
-43,-23,37
-44,-26,40
-45,-17,37
-35,-15,41
-28,-13,49
-32,-6,47
-34,-4,40
-56,-5,22
-67,-9,31
-66,-11,28
-76,-14,27
-77,-14,31
-59,-14,26
-53,-16,29
-51,-18,36
-48,-21,29
-56,-28,31
-58,-27,34
-55,-23,33
-51,-22,35
-53,-17,34
-54,-17,38
-55,-14,39
-57,-10,30
-56,-6,32
-63,-6,29
-61,-6,32
-53,-6,36
-52,-5,38
-53,-5,36
-49,-5,38
-54,-3,39
-54,-2,39
-50,-2,38
-50,-2,41
-51,-1,40
-52,-2,37
-52,-2,37
-52,-2,38
-50,-2,40
-51,-1,40
-53,-1,38
-51,-1,40
-51,-1,39
-52,-1,38
-52,-1,38
-52,-1,37
-52,-1,38
-53,-1,38
-52,-1,37
-52,-1,37
-53,-1,37
-53,-1,37
-53,-1,37
-53,-1,36
-53,-1,37
-53,-1,37
-54,-1,36
-53,-1,37
-53,-1,38
-54,-2,36
-53,-1,36
-54,-1,36
-54,-1,36
-54,-2,36
-54,-1,36
-54,-1,34
-54,-1,35
-55,-1,36
-55,-1,38
-49,-2,35
-49,-3,36
-51,-7,36
-49,-11,30
-56,-13,26
-65,-15,28
-64,-17,28
-62,-19,29
-57,-15,26
-54,-21,27
-57,-22,29
-61,-22,19
-71,-26,12
-64,-26,21
-64,-29,14
-63,-30,14
-58,-29,21
-56,-32,23
-61,-34,13
-65,-34,15
-57,-33,26
-52,-29,27
-55,-24,21
-55,-24,16
-50,-19,6
-50,-12,-8
-48,-8,-9
-42,0,-3
-38,3,2
-38,9,15
-58,4,12
-74,15,28
-73,22,36
-89,19,39
-80,15,43
-64,7,52
-59,5,50
-47,2,51
-44,1,56
-61,-20,69
-30,-12,58
-27,-9,50
-33,-15,47
-45,-19,58
-36,-10,51
-43,-12,45
-39,-15,48
-40,-15,48
-41,-17,46
-42,-18,45
-39,-18,49
-37,-16,51
-36,-16,51
-36,-15,51
-37,-15,50
-39,-16,49
-39,-16,48
-39,-16,48
-41,-16,47
-41,-15,47
-40,-16,47
-39,-16,48
-39,-16,48
-41,-16,48
-41,-17,47
-41,-15,47
-42,-13,49
-46,-11,48
-39,-16,46
-39,-16,47
-42,-17,45
-40,-17,46
-42,-19,46
-40,-21,45
-34,-19,50
-34,-18,52
-37,-17,50
-41,-18,47
-40,-18,48
-35,-17,51
-35,-18,50
-36,-18,51
-33,-18,52
-33,-17,52
-34,-17,51
-36,-15,51
-38,-15,49
-36,-15,51
-36,-15,51
-37,-15,50
-37,-16,50
-35,-16,51
-36,-16,51
-36,-16,51
-37,-17,49
-35,-17,51
-34,-16,52
-35,-16,51
-40,-16,48
-41,-16,47
-39,-16,49
-37,-16,50
-38,-17,49
-38,-17,49
-38,-16,49
-38,-16,49
-38,-16,49
-38,-16,49
-38,-16,49
-39,-16,49
-38,-17,49
-38,-16,49
-38,-16,49
-38,-16,49
-40,-14,48
-39,-13,49
-38,-13,50
-38,-13,50
-37,-14,50
-39,-15,49
-38,-16,49
-37,-16,49
-37,-16,50
-37,-16,50
-38,-17,49
-39,-18,48
-38,-17,49
-36,-17,49
-37,-17,50
-37,-16,50
-37,-16,49
-35,-16,51
-36,-15,51
-37,-16,50
-36,-17,50
-36,-17,50
-36,-17,50
-36,-16,50
-36,-16,50
-36,-17,50
-36,-16,51
-37,-16,50
-36,-16,50
-37,-17,50
-36,-16,51
-37,-16,50
-36,-16,50
-36,-16,51
-35,-16,51
-36,-16,51
-36,-15,51
-36,-16,51
-36,-16,50
-35,-16,51
-35,-16,51
-35,-16,51
-37,-16,51
-36,-16,51
-36,-16,51
-34,-17,51
-36,-16,51
-36,-16,51
-35,-16,51
-35,-15,52
-36,-15,51
-36,-14,51
-35,-15,52
-35,-15,52
-35,-15,51
-35,-16,51
-35,-16,51
-35,-16,51
-36,-15,51
-37,-15,51
-35,-15,52
-35,-15,51
-36,-15,51
-35,-15,51
-35,-15,51
-36,-15,51
-36,-15,51
-35,-15,51
-36,-16,51
-36,-15,51
-36,-15,51
-36,-15,51
-36,-15,51
-35,-15,51
-36,-15,51
-36,-15,51
-36,-16,51
-35,-15,51
-36,-15,51
-36,-16,51
-36,-15,51
-36,-15,51
-36,-15,51
-36,-16,51
-36,-16,51
-36,-16,51
-36,-16,51
-36,-16,51
-36,-16,51
-36,-15,51
-36,-16,51
-36,-16,51
-36,-16,51
-36,-16,51
-36,-16,51
-36,-16,51
-36,-16,51
-35,-16,51
-36,-16,51
-36,-16,51
-36,-16,51
-36,-16,51
-36,-16,51
-35,-16,51
-36,-16,51
-36,-16,51
-35,-16,51
-36,-16,51
-36,-15,51
-36,-15,51
-36,-15,51
-37,-16,50
-35,-15,51
-37,-15,50
-36,-15,51
-36,-15,51
-36,-15,51
-36,-15,51
-36,-15,51
-37,-15,51
-36,-15,51
-36,-15,51
-36,-15,51
-37,-15,51
-36,-15,51
-37,-15,51
-36,-15,51
-36,-15,51
-36,-15,51
-36,-15,51
-36,-15,51
-37,-15,51
-36,-15,51
-36,-15,51
-37,-15,51
-36,-15,51
-36,-14,51
-37,-15,51
-36,-15,51
-36,-14,51
-36,-15,51
-36,-14,51
-37,-14,51
-36,-14,51
-36,-14,51
-36,-14,51
-36,-14,51
-36,-14,51
-37,-14,51
-37,-14,51
-37,-14,51
-37,-14,51
-36,-14,51
-37,-14,51
-36,-14,51
-36,-14,51
-36,-14,51
-36,-14,51
-36,-14,51
-36,-14,51
-37,-14,51
-37,-14,51
-36,-14,51
-36,-14,51
-37,-14,51
-36,-14,51
-36,-14,51
-36,-14,52
-38,-15,50
-36,-15,51
-36,-14,51
-35,-15,50
-36,-14,52
-36,-11,52
-36,-11,52
-34,-9,54
-34,-9,53
-35,-9,53
-36,-10,52
-37,-10,51
-34,-11,53
-35,-11,53
-36,-11,52
-36,-10,52
-36,-10,52
-36,-11,52
-36,-11,52
-36,-11,52
-36,-11,52
-35,-11,52
-36,-11,52
-37,-11,51
-37,-11,51
-37,-11,51
-36,-11,52
-37,-11,52
-36,-11,52
-36,-11,52
-36,-11,52
-37,-11,52
-36,-11,52
-36,-11,52
-37,-12,52
-36,-11,52
-37,-11,52
-37,-11,52
-36,-12,51
-37,-12,52
-37,-11,52
-36,-11,51
-36,-11,52
-36,-12,52
-37,-11,51
-36,-11,52
-36,-12,51
-37,-12,51
-37,-12,51
-37,-12,52
-36,-12,52
-36,-11,52
-36,-12,52
-36,-11,52
-36,-12,51
-36,-12,51
-36,-11,52
-36,-11,51
-37,-11,52
-36,-11,52
-37,-12,51
-37,-12,51
-37,-12,51
-36,-12,51
-37,-12,51
-38,-12,51
-35,-14,52
-37,-14,51
-34,-14,53
-35,-15,53
-39,-20,49
-43,-19,46
-41,-25,44
-68,-19,39
-69,-12,39
-64,-1,31
-56,6,31
-48,17,29
-48,20,29
-51,20,34
-51,17,34
-52,12,33
-50,11,35
-46,10,37
-43,11,38
-43,9,38
-42,9,44
-43,10,45
-42,8,43
-44,6,42
-46,4,44
-48,3,45
-53,0,47
-53,-1,48
-53,-1,48
-49,1,44
-49,2,41
-48,2,38
-52,3,32
-56,4,30
-57,4,31
-57,3,33
-56,3,35
-55,2,38
-56,1,38
-58,1,36
-58,2,35
-59,3,33
-58,3,31
-61,3,27
-67,3,23
-64,2,21
-62,1,19
-60,1,21
-60,1,21
-62,-1,20
-54,-2,25
-56,-5,26
-59,-8,25
-57,-7,28
-58,-8,30
-57,-7,29
-53,-5,33
-51,-1,34
-49,-1,32
-56,1,32
-55,4,33
-55,4,29
-57,4,30
-55,3,37
-54,7,39
-51,10,40
-46,9,41
-45,6,44
-48,8,46
-44,10,45
-39,10,47
-37,12,50
-36,11,49
-40,10,47
-41,13,50
-35,14,54
-36,16,52
-38,16,48
-36,17,54
-37,15,54
-35,8,50
-42,12,50
-42,16,48
-46,13,43
-44,13,44
-40,13,47
-41,12,45
-45,14,45
-42,14,47
-39,14,49
-36,17,52
-35,13,49
-39,13,48
-40,17,49
-38,17,51
-38,16,50
-40,16,49
-41,16,49
-41,15,51
-40,13,49
-42,12,48
-43,12,48
-45,6,40
-41,7,47
-36,10,51
-36,8,46
-44,6,48
-39,7,51
-39,5,47
-35,5,51
-38,3,49
-39,3,52
-38,2,51
-39,4,53
-37,4,51
-37,3,52
-33,4,58
-32,2,54
-35,3,55
-28,4,59
-32,0,54
-34,2,56
-29,4,58
-23,3,59
-19,3,61
-21,2,59
-18,1,63
-15,3,64
-6,3,65
-6,3,68
-7,1,74
-22,-1,68
-28,0,61
-20,3,52
-33,1,46
-33,4,55
-29,4,57
-47,-1,42
-49,0,48
-39,6,58
-34,4,56
-40,-2,47
-34,0,50
-35,1,48
-39,0,46
-33,-3,48
-37,-3,51
-32,1,55
-29,0,52
-20,1,58
-26,1,65
-32,-1,63
-24,-2,57
-24,-1,58
-27,-2,60
-20,2,64
-23,0,59
-23,0,57
-23,0,57
-17,0,61
-21,0,60
-24,0,59
-22,-2,51
-11,2,62
-14,2,62
-13,0,64
-11,-1,60
-9,7,66
-8,11,70
-6,6,67
-5,4,70
-15,2,65
-20,4,61
-20,3,55
-49,4,39
-52,5,37
-38,7,48
-46,6,49
-32,6,49
-25,8,58
-23,11,60
-25,8,57
-25,8,58
-30,10,57
-24,11,59
-21,8,58
-23,9,59
-25,9,59
-24,9,57
-20,9,62
-25,8,59
-26,8,56
-25,6,57
-23,4,56
-23,5,58
-19,2,61
-20,3,61
-22,5,62
-18,6,63
-7,3,66
-5,3,65
-9,5,67
-16,6,58
-18,2,59
-19,3,55
-19,2,59
-25,3,59
-31,3,60
-37,2,58
-46,1,45
-50,-1,39
-56,1,34
-49,-4,33
-59,-5,35
-61,-7,31
-58,-6,30
-57,-4,31
-58,-6,30
-58,-6,31
-54,-5,31
-51,-3,33
-62,-6,23
-60,-5,26
-58,-4,29
-57,-6,24
-61,-7,20
-65,-9,21
-63,-8,23
-63,-7,18
-66,-6,16
-61,-5,17
-61,-6,16
-61,-7,10
-66,-7,9
-65,-8,9
-63,-8,8
-65,-8,8
-62,-8,11
-56,-8,14
-63,-7,10
-66,-7,8
-62,-6,9
-61,-7,11
-68,-7,12
-68,-6,10
-63,-4,12
-61,-5,16
-62,-7,16
-66,-8,14
-62,-7,17
-61,-7,14
-63,-6,11
-65,-6,10
-60,-5,12
-61,-6,15
-63,-6,13
-67,-7,10
-67,-7,11
-66,-8,12
-71,-9,10
-75,-8,6
-67,-5,9
-64,-7,15
-62,-6,17
-62,-2,25
-40,1,38
-34,4,45
-22,8,52
-15,8,57
-7,13,66
-11,11,62
-8,11,66
-6,12,67
-4,12,67
-1,9,66
1,9,65
1,4,62
-8,7,59
-19,8,56
-26,5,49
-45,13,51
-43,17,52
-30,10,50
-34,9,49
-22,9,58
-21,6,59
-20,2,61
-30,6,59
-31,8,56
-30,11,54
-32,11,53
-32,12,52
-33,12,51
-38,14,52
-38,15,54
-41,10,47
-45,13,53
-38,12,53
-42,12,54
-40,11,55
-42,4,45
-43,7,50
-41,10,49
-43,8,45
-38,10,51
-35,10,53
-40,9,48
-41,9,47
-32,7,52
-32,7,52
-35,3,47
-23,7,62
-21,5,54
-27,9,58
-23,13,62
-27,13,60
-31,8,52
-33,13,56
-32,15,56
-35,12,53
-37,13,52
-36,12,53
-32,9,49
-37,9,52
-37,8,49
-36,7,49
-31,10,58
-24,13,61
-29,11,56
-30,13,57
-31,15,56
-30,12,53
-30,14,54
-30,14,55
-32,15,54
-31,13,55
-31,14,58
-31,10,55
-33,10,53
-31,9,56
-27,8,58
-29,6,56
-28,8,56
-25,10,55
-28,10,55
-32,11,56
-33,11,55
-32,10,56
-32,10,55
-30,10,56
-28,9,58
-28,9,57
-30,10,55
-32,10,54
-28,10,56
-27,9,56
-26,10,57
-27,9,57
-29,10,58
-24,9,60
-24,9,60
-23,7,59
-22,8,60
-26,8,58
-27,5,55
-25,5,54
-25,6,57
-31,5,55
-25,5,58
-18,5,60
-23,5,56
-21,4,63
-10,3,67
-7,3,66
-22,0,58
-21,2,63
-14,1,59
-12,3,61
-11,1,60
-8,2,61
-4,3,64
-3,-1,64
1,-2,64
2,-2,66
4,-1,71
7,-2,75
4,-3,70
-27,-5,56
-33,-3,55
-29,1,56
-31,4,53
-40,4,43
-39,2,48
-39,4,52
-42,3,44
-49,4,44
-44,4,48
-44,2,45
-47,3,45
-40,4,46
-33,2,51
-33,3,53
-40,0,48
-41,1,48
-41,2,49
-42,2,46
-42,1,48
-41,2,47
-48,2,43
-40,2,52
-28,0,57
-28,-1,50
-18,1,56
3,0,57
6,2,62
4,3,70
3,3,69
3,5,77
1,6,76
-15,3,64
-31,5,54
-51,7,46
-48,7,38
-45,6,37
-46,6,46
-41,6,47
-34,5,46
-19,8,58
-10,9,62
-19,7,59
-21,9,63
-11,12,65
0,8,63
-6,7,63
-10,10,68
-5,8,60
-7,6,61
-14,3,62
-19,4,62
-11,6,61
-9,5,60
-1,3,63
4,0,67
-5,-1,64
-17,-1,50
-42,3,32
-48,6,33
-64,5,26
-70,7,25
-68,6,19
-61,-2,4
-73,-5,1
-70,-9,7
-65,-10,10
-68,-7,11
-69,-5,12
-57,-6,15
-56,-8,16
-69,-7,17
-59,-7,22
-57,-5,26
-51,0,33
-49,-1,35
-52,-2,41
-47,-1,45
-46,-1,46
-47,-1,45
-47,0,49
-45,1,51
-46,1,51
-46,1,53
-48,0,54
-49,1,54
-44,4,52
-49,-1,43
-55,-2,38
-69,1,30
-63,1,28
-50,1,37
-58,4,38
-51,1,29
-58,2,24
-58,8,25
-67,7,24
-38,5,31
-38,8,38
-44,6,44
-39,8,49
-27,11,57
-26,11,48
-31,8,50
-33,7,56
-32,9,59
-32,8,52
-35,8,51
-38,11,52
-40,11,50
-42,7,48
-40,9,52
-38,10,51
-43,9,47
-42,11,48
-36,12,51
-38,10,50
-38,14,56
-39,13,54
-41,11,51
-39,11,53
-37,10,51
-54,7,38
-51,11,42
-45,13,43
-45,10,45
-44,9,43
-45,10,47
-42,9,44
-42,7,45
-41,5,46
-42,5,48
-40,6,49
-41,5,47
-34,3,54
-31,6,57
-35,6,49
-39,2,49
-40,2,52
-38,6,55
-33,5,58
-30,4,56
-28,6,58
-34,6,58
-28,5,57
-22,5,57
-24,6,58
-25,5,57
-24,6,58
-17,9,65
-20,2,57
-16,4,59
-9,6,66
-9,5,66
-12,2,66
-14,1,69
-4,1,75
2,2,73
-27,-1,45
-59,-5,34
-41,5,53
-35,6,52
-37,2,43
-34,6,57
-30,8,57
-38,4,52
-35,4,52
-32,5,56
-29,8,58
-39,8,48
-35,6,50
-26,6,59
-29,5,58
-33,5,55
-31,5,54
-27,5,56
-30,4,56
-31,3,54
-25,3,57
-23,2,57
-22,3,59
-20,2,60
-13,2,62
-13,3,64
-11,2,64
-9,3,63
-9,1,61
-6,2,63
-5,2,65
2,1,71
8,1,69
2,0,67
-16,-1,61
-22,3,59
-24,5,59
-38,2,53
-46,2,47
-37,4,51
-35,6,54
-35,5,49
-37,4,52
-35,4,54
-36,2,49
-40,1,48
-37,3,53
-29,4,57
-30,-1,52
-33,2,53
-33,4,57
-35,1,54
-25,1,58
-25,1,58
-26,1,59
-30,1,56
-26,2,56
-19,2,59
-22,2,59
-24,3,59
-19,3,61
-17,4,62
-19,6,67
-20,5,68
-22,2,64
-24,3,63
-26,3,58
-42,1,46
-44,5,45
-47,4,43
-47,3,39
-43,2,42
-42,5,47
-46,4,41
-43,7,49
-32,10,57
-33,6,53
-35,7,52
-36,9,54
-26,8,59
-16,10,61
-18,9,61
-19,9,61
-10,5,58
-7,7,63
-5,8,64
-8,9,65
-9,4,61
-13,8,60
-7,10,64
-4,9,65
-11,9,63
-5,5,64
-9,6,66
-14,7,62
-12,7,62
-12,5,60
-8,4,61
-4,0,64
-5,-3,63
-24,-5,49
-37,-3,43
-49,4,42
-60,2,32
-70,3,25
-60,2,22
-52,0,7
-72,-9,-21
-85,-7,-23
-79,-4,-18
-68,-6,-12
-60,-4,3
-64,-3,9
-63,-4,9
-58,-6,13
-66,-3,19
-67,-1,20
-50,0,27
-61,2,30
-57,2,33
-33,2,51
-32,3,56
-36,3,54
-22,3,60
-20,3,65
-22,3,63
-22,3,62
-18,1,62
-20,2,66
-25,0,67
-44,2,65
-48,14,51
-48,18,44
-45,17,32
-43,15,28
-44,7,32
-46,5,34
-51,2,29
-48,0,33
-47,-3,40
-56,-8,38
-61,-12,44
-39,-8,48
-46,-6,46
-51,-10,40
-50,-10,36
-49,-7,30
-51,-6,24
-59,0,14
-66,0,12
-64,-2,15
-58,0,18
-44,9,22
-45,11,26
-51,2,30
-76,3,28
-67,6,31
-68,-3,31
-70,-3,34
-54,1,43
-54,-2,47
-45,-15,44
-33,-15,54
-39,-16,51
-36,-15,51
-26,-14,54
-30,-27,59
-48,-17,49
-39,-17,46
-39,-20,41
-38,-21,49
-35,-20,53
-33,-20,51
-35,-20,51
-30,-16,56
-32,-14,54
-37,-15,52
-33,-15,53
-32,-17,53
-29,-16,54
-32,-17,54
-32,-19,52
-32,-22,51
-30,-20,53
-31,-20,52
-32,-19,52
-31,-18,53
-31,-16,53
-33,-16,53
-32,-16,53
-31,-17,54
-33,-17,53
-31,-17,53
-31,-18,53
-31,-17,54
-31,-16,53
-33,-17,53
-32,-17,53
-31,-16,53
-32,-16,54
-32,-16,53
-32,-16,53
-31,-16,54
-31,-15,54
-32,-16,53
-31,-15,54
-31,-16,54
-29,-16,55
-29,-17,54
-30,-15,56
-29,-15,55
-32,-15,53
-32,-15,53
-31,-15,54
-32,-15,54
-30,-15,54
-30,-15,54
-32,-15,54
-32,-15,54
-32,-15,53
-32,-15,54
-32,-15,53
-34,-15,52
-33,-15,53
-32,-15,53
-33,-15,53
-32,-15,53
-32,-15,53
-32,-15,53
-31,-15,54
-33,-15,53
-32,-15,53
-33,-15,53
-33,-15,53
-32,-15,53
-32,-15,53
-33,-15,53
-32,-15,53
-33,-15,53
-34,-14,53
-34,-14,52
-34,-14,53
-33,-14,53
-35,-14,52
-34,-14,52
-34,-14,52
-33,-14,53
-35,-14,52
-34,-14,53
-34,-13,53
-35,-14,52
-34,-14,52
-34,-14,52
-34,-14,52
-34,-14,53
-35,-13,52
-35,-14,52
-34,-13,53
-34,-13,53
-34,-14,53
-35,-14,52
-33,-13,54
-33,-12,54
-34,-14,52
-34,-14,52
-33,-14,53
-34,-14,53
-34,-14,53
-35,-13,53
-35,-14,52
-33,-14,53
-32,-13,54
-32,-11,53
-32,-11,54
-32,-11,54
-32,-11,54
-33,-12,53
-33,-13,53
-33,-13,53
-33,-12,53
-33,-12,53
-33,-12,54
-33,-13,53
-33,-12,53
-33,-12,53
-33,-12,53
-33,-12,53
-34,-12,53
-34,-12,53
-33,-12,53
-34,-12,53
-34,-12,53
-34,-13,53
-33,-12,54
-34,-12,53
-34,-12,53
-34,-13,53
-34,-12,53
-33,-12,53
-34,-12,53
-34,-13,53
-34,-12,53
-34,-12,53
-34,-12,53
-34,-12,53
-34,-12,53
-34,-12,53
-34,-12,53
-34,-12,53
-34,-12,53
-34,-12,53
-34,-12,53
-34,-12,53
-34,-13,53
-33,-13,53
-33,-13,54
-34,-12,53
-33,-11,53
-33,-11,54
-34,-11,53
-34,-11,53
-33,-11,54
-33,-11,53
-34,-11,53
-33,-11,54
-33,-11,54
-35,-12,53
-32,-11,54
-33,-11,54
-34,-11,53
-33,-11,54
-33,-11,54
-34,-10,54
-34,-11,53
-34,-11,54
-34,-11,53
-34,-12,53
-32,-11,54
-32,-11,54
-34,-10,53
-33,-11,54
-34,-11,53
-33,-11,54
-33,-11,54
-32,-11,54
-33,-11,54
-33,-11,54
-33,-11,54
-33,-11,54
-33,-11,54
-32,-12,53
-33,-12,54
-32,-11,54
-33,-11,54
-33,-11,54
-34,-11,53
-35,-11,53
-34,-12,53
-31,-12,55
-33,-12,54
-34,-12,53
-34,-11,53
-33,-11,54
-33,-12,54
-32,-12,54
-34,-12,54
-33,-12,53
-34,-12,53
-33,-12,53
-33,-12,53
-35,-11,54
-40,-13,51
-40,-18,54
-52,-29,55
-98,-21,50
-82,-7,57
-64,9,46
-51,16,41
-36,20,28
-38,18,26
-38,7,34
-33,3,37
-24,2,46
-24,-2,47
-25,-3,47
-20,-9,49
-23,-13,55
-30,-17,61
-25,-18,58
-27,-18,59
-35,-19,56
-34,-19,53
-33,-21,53
-35,-23,53
-33,-24,53
-24,-26,57
-26,-25,55
-27,-25,53
-25,-26,52
-27,-27,51
-27,-25,51
-27,-25,51
-27,-25,52
-27,-26,53
-27,-25,54
-27,-25,54
-25,-25,55
-29,-22,54
-28,-20,55
-28,-20,53
-28,-21,52
-28,-19,53
-28,-19,53
-29,-17,53
-31,-19,54
-27,-18,54
-27,-17,55
-30,-15,55
-30,-14,54
-29,-12,56
-32,-15,55
-34,-17,54
-27,-18,57
-27,-20,57
-30,-22,54
-28,-22,55
-29,-25,53
-31,-26,51
-23,-23,55
-19,-21,55
-29,-24,51
-24,-21,52
-7,-25,64
-5,-29,65
-9,-29,58
-13,-28,47
-21,-25,49
-14,-13,59
-8,-11,55
-2,-12,63
0,-21,74
-5,-19,66
-10,-15,59
-20,-13,52
-16,-19,55
-25,-24,49
-24,-30,50
-24,-39,64
-23,-33,59
-14,-26,54
-13,-21,53
-16,-17,53
-20,-16,48
-30,-24,53
-30,-27,63
-32,-28,59
-29,-24,48
-24,-19,51
-25,-10,52
-23,-7,54
-17,-5,60
-30,-25,69
-31,-20,68
-31,-12,49
-30,-14,51
-23,-10,56
-23,-12,52
-18,-16,55
-10,-17,61
-3,-32,68
-10,-34,71
-11,-26,57
-8,-25,59
-21,-20,54
-28,-13,52
-26,-13,53
-32,-16,51
-32,-15,50
-29,-17,51
-33,-24,56
-31,-25,59
-29,-23,58
-25,-19,53
-24,-20,53
-28,-17,58
-23,-13,56
-23,-15,55
-20,-16,55
-17,-18,56
-18,-20,54
-17,-21,55
-14,-24,65
-16,-30,69
-17,-22,57
-19,-21,52
-19,-25,55
-23,-23,54
-22,-19,58
-22,-14,55
-24,-14,54
-23,-12,54
-24,-13,54
-24,-17,55
-23,-17,58
-27,-18,58
-28,-18,57
-27,-17,57
-25,-16,58
-26,-15,57
-25,-15,56
-26,-15,56
-26,-14,56
-27,-14,56
-27,-14,56
-27,-15,56
-28,-17,57
-26,-16,57
-21,-19,55
-21,-19,53
-21,-18,55
-19,-19,53
-19,-31,67
-23,-20,60
-21,-18,55
-19,-19,57
-23,-18,55
-30,-16,51
-27,-16,53
-27,-16,54
-27,-18,53
-38,-25,52
-37,-28,58
-26,-21,56
-27,-21,52
-26,-22,53
-26,-24,56
-24,-24,57
-21,-26,56
-22,-21,57
-25,-18,56
-24,-19,55
-27,-22,55
-27,-21,56
-24,-19,55
-24,-18,54
-27,-16,50
-29,-14,47
-29,-10,42
-34,-9,41
-35,-8,44
-47,-12,49
-58,-11,44
-75,-15,41
-80,-11,43
-65,3,42
-58,7,39
-57,6,41
-53,5,45
-50,3,51
-49,3,51
-42,2,53
-35,1,50
-34,3,49
-37,2,49
-34,3,49
-25,4,53
-25,5,58
-35,4,57
-38,0,51
-31,-6,56
-30,-6,56
-28,-14,53
-27,-21,57
-26,-21,59
-26,-19,55
-25,-20,54
-29,-18,54
-30,-17,55
-28,-16,55
-29,-16,56
-31,-15,55
-32,-16,53
-27,-20,55
-22,-21,54
-27,-21,50
-25,-20,53
-24,-19,54
-30,-16,51
-31,-16,53
-31,-16,55
-30,-15,55
-26,-15,55
-25,-16,55
-25,-19,62
-27,-19,63
-33,-21,62
-30,-14,58
-23,-12,62
-27,-10,58
-28,-10,54
-24,-13,56
-23,-15,57
-24,-17,52
-23,-18,52
-17,-21,54
-19,-22,52
-17,-22,53
-10,-27,61
-28,-32,64
-26,-26,59
-19,-22,53
-22,-21,56
-23,-20,57
-26,-18,54
-24,-17,54
-26,-16,55
-28,-15,55
-28,-14,54
-29,-15,54
-30,-14,56
-31,-13,55
-31,-13,55
-29,-13,57
-27,-15,56
-28,-16,55
-26,-18,55
-23,-19,55
-25,-20,54
-25,-22,52
-25,-23,52
-31,-36,56
-27,-42,63
-21,-27,52
-24,-27,48
-25,-25,54
-22,-26,54
-22,-28,53
-21,-27,52
-22,-26,53
-24,-26,50
-24,-24,49
-34,-17,50
-38,-19,49
-37,-16,49
-36,-13,47
-39,-2,47
-39,-4,45
-35,-7,42
-31,-2,45
-33,-3,48
-35,-10,52
-44,-8,57
-53,-6,52
-50,-3,51
-48,-6,49
-42,-8,51
-35,-18,53
-58,-14,65
-39,-10,49
-34,-8,48
-31,-13,57
-31,-15,55
-34,-14,52
-37,-14,52
-35,-13,53
-33,-13,53
-32,-15,53
-34,-15,52
-34,-15,52
-30,-16,54
-30,-16,54
-32,-15,53
-38,-16,50
-35,-15,52
-35,-15,52
-38,-16,50
-32,-15,54
-33,-16,53
-38,-16,50
-39,-16,49
-36,-16,51
-34,-16,52
-31,-17,53
-36,-17,50
-34,-16,51
-34,-16,52
-36,-18,50
-34,-16,51
-36,-17,51
-35,-16,52
-35,-15,52
-36,-16,51
-35,-16,51
-34,-16,52
-35,-16,51
-35,-16,51
-35,-16,52
-33,-17,52
-33,-17,53
-37,-16,50
-36,-17,50
-35,-15,51
-39,-16,50
-40,-16,49
-43,-15,46
-43,-13,47
-43,-15,48
-45,-19,48
-55,-15,39
-59,-12,41
-58,-5,39
-54,0,42
-49,6,44
-45,12,46
-45,13,47
-45,11,48
-45,10,48
-47,9,44
-48,8,41
-49,7,40
-50,8,39
-52,10,39
-53,10,37
-56,11,35
-60,11,35
-59,12,34
-55,14,34
-51,16,33
-48,18,33
-43,18,33
-45,16,25
-46,15,25
-40,9,10
-60,4,0
-81,-7,11
-65,-2,15
-63,-9,5
-68,-8,13
-56,-10,12
-61,-7,13
-70,1,0
-69,6,0
-56,5,-5
-62,8,-6
-62,8,-8
-63,9,-5
-66,8,-8
-72,2,-21
-72,3,-16
-76,9,-9
-74,8,-9
-63,8,-8
-67,9,-12
-73,8,-9
-68,8,6
-56,7,11
-46,5,28
-52,5,29
-67,4,19
-63,5,18
-56,7,25
-56,6,28
-54,7,34
-56,6,36
-58,5,35
-52,7,29
-53,8,30
-51,8,34
-53,7,33
-56,4,34
-55,5,35
-50,6,36
-51,4,36
-57,4,33
-53,6,34
-50,7,38
-48,7,42
-48,7,44
-50,4,44
-49,4,44
-44,6,46
-41,6,46
-49,6,42
-49,7,40
-50,9,43
-33,9,49
-21,9,51
-50,10,47
-12,7,56
2,2,61
-8,4,66
-24,13,62
-11,13,60
-15,12,69
-16,15,63
-13,19,61
-7,22,61
-2,12,64
-14,13,67
-17,14,64
-14,10,63
-13,10,62
-8,11,59
-8,11,57
-7,15,59
-7,10,59
-12,11,63
-12,13,63
-12,17,65
-14,15,63
-7,7,63
-8,5,65
-15,8,65
-4,-2,58
-11,-5,59
-7,10,65
-3,8,63
-11,5,61
-16,6,60
-22,5,58
-32,5,55
-46,5,50
-46,5,49
-35,0,54
-41,0,51
-45,-2,44
-56,-9,35
-62,-8,34
-54,-2,37
-50,-4,31
-60,-3,30
-58,-2,31
-56,-5,29
-56,-5,32
-54,-4,33
-55,-5,31
-54,-6,35
-55,-6,35
-57,-5,33
-58,-5,30
-56,-3,29
-56,-6,31
-54,-7,32
-55,-6,34
-54,-6,34
-55,-7,35
-54,-7,36
-54,-6,35
-55,-6,34
-55,-6,32
-55,-6,32
-55,-6,33
-57,-6,33
-56,-7,33
-55,-6,33
-55,-6,33
-56,-7,33
-57,-6,34
-58,-7,33
-57,-7,33
-53,-6,33
-54,-6,33
-55,-7,33
-57,-8,33
-56,-8,34
-58,-9,35
-60,-10,36
-57,-10,36
-55,-9,34
-57,-5,37
-55,-5,36
-52,-6,29
-51,-4,26
-52,3,27
-52,4,27
-56,10,23
-64,15,16
-66,16,15
-66,21,17
-69,22,17
-67,20,21
-66,19,23
-62,14,26
-63,13,27
-50,8,34
-47,7,34
-46,-3,31
-41,-7,30
-35,-19,37
-34,-20,46
-32,-23,47
-28,-28,47
-27,-32,49
-33,-33,52
-36,-34,51
-34,-29,47
-36,-32,45
-42,-34,45
-46,-33,40
-43,-38,41
-34,-39,47
-39,-32,43
-41,-31,35
-50,-32,31
-54,-37,30
-50,-35,34
-50,-30,36
-51,-32,30
-60,-28,20
-64,-24,18
-67,-23,18
-68,-22,21
-48,-19,28
-37,-8,42
-45,-7,46
-44,-4,44
-48,-6,37
-47,-2,43
-42,-1,48
-32,0,49
-28,0,53
-23,0,62
-29,1,55
-39,-2,45
-34,3,60
-34,6,53
-45,3,40
-54,5,40
-35,5,44
-28,8,52
-26,8,52
-34,8,48
-54,9,48
-32,12,44
-3,8,55
-12,3,52
-6,7,67
-14,14,73
-12,22,63
1,21,61
16,25,68
1,13,74
-10,13,71
-24,10,59
-31,9,53
-56,8,42
-55,8,32
-65,-2,30
-69,4,23
-41,3,35
-43,-2,37
-6,9,59
-5,12,63
-1,16,64
-6,13,72
-10,12,69
-22,10,62
-13,10,64
-15,9,66
-16,10,63
-1,5,66
0,1,65
1,1,66
-1,2,66
-12,0,61
-25,5,55
-30,7,49
-44,5,44
-48,3,41
-63,2,33
-63,3,32
-55,-1,31
-54,-3,28
-65,-5,25
-64,-4,24
-57,-5,23
-58,-6,24
-68,-7,17
-59,-6,21
-58,-7,20
-63,-8,16
-65,-8,16
-66,-8,17
-65,-9,18
-66,-7,18
-68,-7,17
-66,-8,18
-65,-7,19
-66,-5,18
-67,-3,18
-62,-3,18
-59,-2,23
-57,-1,23
-58,2,22
-58,2,21
-58,6,20
-58,7,18
-59,11,17
-63,13,15
-67,15,15
-64,15,17
-60,14,20
-57,13,22
-58,13,24
-61,9,30
-56,7,33
-52,3,28
-50,-1,31
-37,-8,48
-34,-11,48
-27,-19,45
-26,-23,47
-32,-30,43
-32,-38,42
-23,-43,52
-20,-38,49
-10,-41,53
-23,-46,43
-20,-46,45
-24,-47,62
-30,-37,57
-18,-31,58
-19,-35,58
-23,-41,50
-26,-41,47
-31,-36,36
-42,-33,20
-69,-17,6
-86,-14,-3
-75,-16,5
-57,-6,15
-63,-4,15
-64,-7,14
-60,-7,18
-58,-2,22
-68,-4,20
-52,-1,28
-45,1,36
-61,2,33
-56,3,34
-39,4,44
-46,4,43
-46,5,43
-37,4,48
-32,4,50
-40,9,51
-39,10,52
-38,7,46
-43,9,45
-39,11,47
-37,10,48
-34,12,54
-33,11,53
-37,11,52
-32,14,57
-30,12,56
-33,14,55
-33,16,57
-34,11,53
-36,11,53
-35,12,56
-35,11,55
-36,3,45
-44,0,44
-36,7,51
-30,5,52
-29,5,56
-32,6,55
-35,5,52
-33,5,55
-32,6,54
-32,6,55
-36,4,53
-35,4,55
-34,4,55
-39,5,54
-39,4,50
-35,1,54
-33,4,56
-30,2,52
-32,1,53
-37,1,52
-37,-1,53
-32,-2,58
-30,-2,60
-30,-2,58
-35,-5,56
-32,-3,57
-27,-1,57
-24,-3,56
-22,-3,59
-26,-1,60
-22,-6,58
-12,-5,63
-15,-4,62
-22,-11,58
-20,-10,59
-14,-7,61
-13,-5,63
-4,-6,60
-4,-4,59
-2,-5,60
-1,-7,65
0,-9,66
4,-13,72
7,-15,72
5,-14,68
-14,-15,56
-38,-16,48
-30,-16,49
-50,-6,28
-55,-5,27
-58,-2,36
-55,-1,42
-42,-3,53
-43,-3,49
-48,-3,45
-53,-1,41
-51,-2,43
-40,-4,47
-37,-4,50
-46,-10,46
-42,-10,47
-35,-7,54
-31,-9,55
-35,-11,53
-35,-10,57
-33,-9,55
-31,-10,53
-31,-10,54
-28,-11,57
-27,-11,59
-27,-9,57
-26,-8,57
-21,-6,58
-17,-6,59
-21,-9,58
-26,-11,58
-21,-9,61
-18,-8,58
-18,-7,59
-16,-5,61
-14,-8,58
-6,-6,58
-5,-4,62
-5,-4,64
0,-6,66
-3,-9,68
-1,-8,72
-6,-8,60
-32,-6,52
-38,0,53
-52,-2,38
-59,0,31
-50,1,43
-46,1,45
-55,-3,33
-51,1,46
-28,6,59
-38,3,50
-47,8,50
-36,10,53
-31,7,50
-40,4,47
-46,8,50
-40,10,49
-32,5,54
-16,5,55
-11,4,56
-15,5,63
-24,4,59
-9,7,63
-12,7,62
-15,8,63
-12,7,62
-13,8,62
-11,8,62
-15,5,61
-15,8,63
-17,8,62
-16,8,60
-10,7,64
-16,5,61
-15,6,62
-15,4,65
-16,3,63
-17,2,59
-17,2,60
-18,0,60
-19,0,59
-17,1,62
-18,1,64
-18,-2,61
-20,-3,61
-22,-2,61
-19,1,56
-13,2,54
-11,-1,64
-13,-3,65
-12,-3,64
-15,-3,64
-8,0,67
-6,2,67
5,1,64
-12,1,64
-13,0,65
-27,-4,56
-34,-1,53
-43,-1,43
-46,-2,38
-57,-4,33
-58,-5,35
-59,-5,29
-61,-7,24
-64,-10,19
-61,-8,23
-63,-10,15
-67,-8,10
-69,-7,10
-54,-8,11
-59,-6,20
-68,-6,16
-69,-10,15
-53,-6,30
-57,-7,29
-59,-9,27
-59,-7,28
-55,-8,31
-58,-8,31
-59,-7,25
-60,-8,26
-58,-8,27
-60,-8,25
-63,-6,23
-59,-6,28
-59,-6,29
-55,-7,32
-57,-6,30
-59,-7,25
-59,-7,28
-54,-6,35
-52,-6,36
-55,-5,32
-54,-7,36
-53,-7,36
-53,-5,39
-44,-5,44
-45,-6,43
-45,-6,46
-44,-6,49
-47,-8,43
-48,-5,37
-49,-6,42
-55,-8,40
-55,-2,34
-58,-4,33
-47,-8,47
-43,-9,52
-38,-16,46
-51,-22,36
-51,-20,36
-47,-18,36
-48,-15,32
-50,-12,25
-45,2,22
-44,4,25
-50,8,36
-50,13,43
-52,13,46
-57,6,45
-59,0,45
-55,-6,51
-49,-7,49
-44,-18,60
-57,-21,59
-39,-7,50
-44,-14,45
-43,-18,47
-43,-16,49
-41,-15,47
-38,-17,49
-36,-17,50
-40,-18,47
-40,-19,47
-38,-17,49
-36,-17,51
-32,-17,52
-34,-18,52
-31,-18,53
-36,-19,51
-34,-18,51
-30,-19,53
-31,-21,52
-30,-19,53
-29,-19,54
-30,-18,54
-33,-17,52
-38,-18,50
-31,-18,53
-33,-18,52
-33,-18,53
-33,-18,52
-33,-18,52
-34,-18,52
-35,-18,51
-35,-18,51
-32,-18,53
-36,-18,50
-33,-17,52
-33,-18,52
-33,-18,51
-35,-18,52
-33,-17,52
-34,-18,51
-34,-18,52
-33,-18,52
-33,-18,52
-32,-18,52
-32,-17,52
-32,-18,53
-34,-18,51
-34,-18,51
-34,-18,52
-35,-18,52
-35,-17,52
-34,-17,52
-34,-17,52
-33,-16,52
-34,-17,51
-34,-17,51
-34,-17,52
-33,-17,52
-34,-16,51
-36,-17,51
-33,-17,52
-34,-17,51
-34,-17,52
-35,-17,51
-34,-17,52
-33,-17,52
-34,-18,51
-34,-18,52
-34,-17,52
-34,-18,52
-34,-17,51
-33,-17,52
-34,-18,52
-34,-17,52
-34,-17,51
-33,-18,52
-34,-18,51
-33,-17,52
-34,-17,52
-34,-17,52
-35,-17,51
-35,-18,51
-35,-17,51
-35,-17,52
-35,-17,51
-34,-17,51
-36,-18,50
-35,-17,51
-35,-18,51
-35,-17,51
-32,-17,53
-35,-17,52
-37,-17,50
-36,-17,50
-37,-18,49
-32,-16,53
-33,-15,53
-36,-16,51
-36,-16,51
-36,-16,51
-35,-16,51
-35,-16,51
-36,-16,51
-35,-16,51
-35,-16,51
-36,-16,51
-35,-16,51
-35,-16,51
-37,-16,51
-36,-16,51
-36,-16,51
-38,-16,51
-38,-15,50
-38,-15,50
-37,-16,50
-36,-17,50
-36,-18,50
-37,-18,50
-36,-19,49
-36,-19,49
-35,-17,51
-34,-18,51
-35,-18,50
-37,-18,49
-34,-17,51
-34,-17,52
-38,-17,49
-36,-16,51
-34,-16,52
-34,-17,51
-35,-17,51
-37,-17,50
-34,-17,52
-33,-16,52
-33,-16,51
-35,-17,52
-34,-16,52
-34,-17,52
-35,-16,51
-34,-16,51
-34,-17,51
-34,-17,52
-35,-17,51
-35,-17,51
-35,-16,52
-35,-16,51
-34,-16,52
-34,-16,52
-35,-16,51
-34,-16,52
-35,-16,51
-35,-16,51
-35,-16,52
-35,-16,51
-35,-16,52
-35,-16,51
-35,-16,51
-35,-16,51
-34,-16,51
-35,-16,51
-35,-16,52
-35,-16,51
-35,-16,51
-35,-16,51
-35,-16,51
-35,-16,51
-35,-16,52
-34,-16,51
-35,-15,52
-35,-16,52
-35,-15,51
-35,-15,51
-35,-16,51
-35,-16,51
-35,-16,51
-35,-16,52
-33,-16,52
-35,-15,51
-35,-15,52
-35,-15,52
-34,-15,52
-35,-15,52
-37,-15,51
-35,-15,52
-35,-15,52
-37,-15,51
-35,-15,52
-36,-15,51
-36,-15,51
-36,-15,51
-35,-15,52
-35,-15,51
-36,-15,51
-36,-15,51
-35,-15,51
-35,-15,51
-36,-15,51
-35,-15,51
-35,-15,51
-35,-15,51
-35,-15,51
-35,-15,52
-35,-15,51
-35,-15,51
-35,-15,51
-35,-15,52
-34,-15,52
-37,-15,50
-36,-16,50
-36,-16,51
-35,-18,51
-35,-19,51
-36,-18,52
-40,-17,53
-40,-20,47
-42,-19,42
-51,-13,35
-52,-8,38
-50,-3,45
-48,3,50
-42,10,47
-43,14,48
-47,12,48
-50,5,48
-53,3,48
-51,3,45
-51,2,44
-51,0,42
-54,-1,41
-50,0,41
-49,0,42
-49,-6,37
-49,-9,29
-51,-5,33
-56,0,33
-53,1,28
-52,0,32
-54,-1,36
-54,-3,35
-47,-3,39
-42,-7,47
-40,-9,51
-31,-18,53
-39,-20,54
-41,-16,67
-39,-11,69
-48,-5,58
-51,10,50
-54,15,43
-56,20,28
-59,20,23
-64,20,20
-57,19,21
-56,9,22
-52,3,23
-57,0,28
-59,-2,30
-49,-6,41
-44,4,34
-55,4,23
-51,1,27
-41,0,41
-23,9,50
-39,10,43
-44,0,29
-63,-2,15
-67,-7,15
-58,-13,17
-63,-26,18
-68,-27,23
-59,-24,32
-55,-24,27
-55,-26,26
-54,-26,31
-54,-26,34
-56,-23,35
-57,-20,35
-60,-17,33
-67,-14,29
-50,-12,30
-54,-12,34
-59,-10,28
-64,-8,27
-55,-8,30
-57,-8,29
-57,-7,29
-55,-6,29
-55,-7,31
-57,-8,32
-56,-7,31
-56,-6,31
-56,-6,32
-54,-5,34
-56,-5,32
-56,-5,31
-57,-6,32
-54,-7,34
-57,-5,32
-57,-5,32
-56,-5,33
-56,-5,33
-55,-4,33
-56,-4,32
-56,-5,32
-57,-4,32
-56,-5,33
-55,-5,33
-56,-4,33
-56,-4,33
-56,-4,33
-56,-5,32
-56,-5,32
-56,-5,32
-56,-5,32
-56,-4,32
-56,-5,32
-56,-5,33
-55,-5,32
-56,-5,33
-56,-5,32
-56,-5,32
-56,-5,32
-56,-5,32
-56,-5,32
-56,-5,33
-56,-5,34
-54,-6,33
-53,-10,32
-53,-11,31
-58,-14,29
-59,-15,30
-65,-19,29
-65,-20,30
-60,-20,29
-54,-28,27
-52,-26,24
-62,-21,19
-64,-24,16
-58,-24,14
-59,-23,12
-61,-21,10
-63,-22,11
-63,-21,11
-64,-19,8
-66,-18,11
-63,-16,14
-57,-12,13
-66,-8,7
-65,-8,9
-37,-7,24
-24,-4,31
-39,0,19
-47,2,11
-54,8,6
-45,11,12
-44,23,19
-54,30,16
-81,19,18
-83,11,26
-76,17,32
-70,17,37
-64,9,42
-57,-2,40
-48,-4,45
-39,-14,51
-36,-21,50
-28,-22,52
-30,-37,70
-44,-20,55
-38,-14,44
-31,-19,53
-31,-17,57
-38,-14,53
-32,-14,53
-33,-15,53
-36,-16,52
-36,-15,52
-32,-15,53
-32,-16,53
-37,-17,50
-38,-16,50
-35,-16,51
-33,-17,51
-34,-17,52
-34,-16,52
-34,-15,52
-35,-15,52
-33,-15,52
-36,-15,51
-38,-16,50
-37,-15,51
-36,-14,52
-35,-15,51
-34,-15,52
-35,-16,52
-39,-16,50
-37,-16,50
-33,-16,52
-37,-15,51
-40,-12,49
-39,-12,50
-41,-12,48
-43,-12,47
-42,-11,48
-42,-12,47
-36,-14,51
-35,-15,52
-38,-15,49
-40,-15,48
-36,-15,51
-37,-15,51
-37,-15,51
-38,-12,50
-43,-11,47
-39,-12,51
-36,-12,52
-36,-14,51
-35,-15,51
-36,-15,51
-37,-15,50
-37,-15,50
-37,-15,51
-36,-17,51
-37,-16,50
-35,-17,51
-37,-16,51
-36,-16,51
-33,-15,52
-34,-14,53
-38,-14,51
-37,-14,51
-33,-14,53
-35,-14,52
-37,-15,51
-35,-14,52
-33,-15,53
-34,-15,52
-35,-15,52
-35,-15,51
-36,-16,51
-35,-16,51
-34,-16,51
-35,-16,52
-35,-15,52
-35,-16,51
-35,-16,51
-34,-17,52
-35,-16,51
-35,-16,52
-34,-16,52
-35,-17,51
-34,-16,52
-34,-16,52
-35,-16,52
-35,-16,52
-34,-16,52
-34,-16,52
-35,-16,52
-34,-16,52
-33,-16,52
-34,-16,52
-34,-16,52
-32,-16,53
-35,-17,51
-34,-16,52
-34,-16,52
-34,-15,52
-36,-15,52
-36,-16,52
-34,-16,52
-35,-16,52
-35,-16,51
-35,-15,52
-35,-15,52
-35,-15,52
-35,-15,52
-34,-15,52
-34,-15,52
-34,-15,52
-35,-15,52
-35,-15,52
-35,-15,52
-34,-15,52
-35,-15,51
-35,-15,52
-35,-16,51
-35,-15,52
-35,-15,52
-35,-16,51
-35,-15,52
-35,-15,51
-35,-16,52
-35,-15,51
-35,-15,52
-34,-16,52
-34,-16,52
-34,-16,52
-35,-16,51
-35,-15,51
-35,-14,52
-35,-14,52
-34,-13,52
-34,-13,52
-36,-13,52
-36,-14,51
-35,-14,52
-35,-14,52
-35,-14,51
-35,-14,52
-36,-14,51
-35,-14,52
-36,-14,52
-35,-13,52
-35,-13,52
-35,-13,52
-36,-13,52
-35,-13,52
-36,-13,52
-35,-13,52
-36,-14,52
-35,-13,52
-36,-13,52
-35,-13,52
-35,-13,52
-36,-13,52
-35,-13,52
-35,-12,52
-36,-13,52
-36,-13,51
-35,-13,52
-35,-13,52
-36,-13,52
-35,-13,52
-34,-13,52
-35,-13,52
-35,-13,52
-35,-13,52
-36,-13,51
-35,-13,52
-35,-13,52
-35,-13,52
-35,-13,52
-36,-13,51
-36,-13,52
-35,-13,52
-35,-13,52
-37,-13,51
-36,-13,52
-36,-14,51
-36,-14,51
-36,-14,51
-36,-14,51
-35,-14,52
-36,-14,51
-35,-14,51
-36,-14,51
-36,-14,51
-36,-15,51
-36,-15,51
-35,-15,51
-35,-14,51
-36,-14,51
-35,-14,51
-35,-14,52
-36,-14,51
-35,-14,52
-36,-14,51
-36,-14,51
-36,-15,51
-35,-14,51
-35,-15,51
-35,-15,51
-35,-14,52
-35,-15,52
-35,-14,52
-36,-14,51
-35,-14,52
-35,-14,52
-35,-14,51
-35,-13,52
-35,-13,52
-35,-13,52
-35,-13,52
-36,-13,52
-35,-13,52
-36,-14,52
-34,-13,52
-36,-13,52
-35,-13,52
-35,-13,52
-35,-13,52
-35,-13,51
-35,-14,51
-35,-13,52
-34,-13,52
-37,-13,51
-35,-13,52
-36,-13,52
-35,-13,52
-35,-13,52
-36,-13,51
-35,-13,52
-36,-13,51
-36,-13,51
-36,-13,52
-36,-13,52
-36,-13,52
-36,-13,52
-35,-13,52
-35,-13,52
-36,-13,51
-36,-13,51
-36,-13,51
-34,-13,52
-37,-13,51
-37,-13,51
-37,-14,51
-36,-14,51
-37,-14,51
-37,-14,51
-35,-14,52
-35,-14,52
-37,-14,52
-37,-14,51
-37,-14,51
-40,-15,48
-44,-15,46
-40,-19,46
-45,-20,41
-65,-15,32
-64,-9,31
-60,1,29
-58,5,29
-52,11,29
-52,11,29
-54,9,34
-52,7,36
-48,5,36
-49,7,42
-47,6,42
-48,5,44
-43,5,47
-46,3,46
-52,0,43
-49,-2,46
-49,-1,46
-47,-3,45
-48,-5,44
-47,-7,47
-47,-7,48
-46,-9,47
-48,-9,45
-47,-7,45
-46,-5,42
-49,-4,41
-53,0,40
-55,3,40
-57,5,41
-58,5,40
-59,5,38
-60,4,35
-56,2,26
-54,-1,25
-52,-2,34
-47,-2,39
-49,-7,37
-46,-8,43
-44,-9,40
-44,-8,39
-43,-6,42
-40,-3,43
-39,-2,43
-47,3,43
-48,5,43
-52,8,44
-49,5,41
-47,1,45
-47,1,44
-48,0,42
-52,1,42
-49,2,44
-48,0,42
-50,0,42
-44,3,46
-43,3,48
-45,0,46
-46,0,46
-42,2,48
-38,4,52
-39,4,51
-39,1,51
-39,1,50
-42,2,50
-44,3,49
-42,3,48
-42,3,48
-47,0,44
-47,2,47
-46,3,47
-48,4,46
-45,1,48
-42,2,45
-46,2,42
-47,-2,46
-42,-2,49
-31,-3,50
-37,-4,51
-45,-6,49
-41,-3,49
-36,-5,50
-36,-6,52
-37,-8,54
-30,-8,55
-22,-9,57
-24,-8,55
-29,-9,58
-22,-10,58
-14,-9,57
-8,-5,61
-12,-7,60
-4,-12,61
0,-10,66
-4,-11,64
-7,-12,65
-11,-18,71
-11,-19,66
10,-14,71
-21,-17,53
-30,-12,52
-29,-6,55
-36,-5,48
-56,0,40
-56,-3,37
-41,-2,48
-45,-4,48
-47,-4,43
-48,-1,47
-24,2,55
-42,-1,52
-31,2,58
-31,0,55
-29,-3,53
-31,0,60
-23,2,61
-13,-2,57
-19,-2,60
-22,1,62
-16,1,59
-17,0,61
-19,1,63
-18,1,62
-17,2,63
-19,2,62
-14,1,60
-15,2,59
-17,0,63
-21,0,62
-19,2,63
-16,3,61
-19,1,61
-20,0,62
-19,1,59
-21,1,61
-17,2,64
-19,1,59
-19,-1,61
-18,-2,63
-22,-2,59
-25,0,58
-23,-2,59
-17,-3,63
-19,-3,62
-22,-2,57
-23,-2,55
-19,-1,59
-14,0,63
-15,0,64
-18,0,64
-15,1,66
-12,1,69
-19,0,64
-14,2,62
-15,3,62
-17,2,62
-23,1,60
-31,5,53
-34,6,49
-41,4,39
-52,1,29
-58,3,28
-63,-6,16
-71,-5,14
-63,-3,4
-65,-2,1
-64,-5,-3
-64,-7,-5
-65,-4,-3
-67,-4,-7
-68,-3,-4
-64,-2,1
-72,-3,-2
-71,-2,0
-56,-3,8
-66,-6,12
-66,-6,13
-60,-4,13
-58,-6,15
-68,-6,15
-65,-5,16
-59,-5,19
-58,-4,19
-60,-4,22
-58,-6,27
-61,-5,27
-64,-2,17
-62,-3,19
-64,-6,23
-64,-5,24
-53,-4,30
-52,-4,32
-53,-5,32
-50,-5,37
-50,-8,40
-54,-9,39
-57,-4,30
-52,-3,29
-60,-6,27
-62,-4,27
-62,-2,23
-61,1,22
-57,1,24
-55,-2,26
-54,-3,28
-60,-5,25
-63,-5,23
-64,-5,22
-63,-5,22
-65,-4,20
-65,-3,18
-64,-7,16
-59,-7,24
-58,-7,26
-56,-6,24
-60,-5,23
-61,-2,22
-58,0,21
-60,3,21
-60,3,20
-62,7,20
-62,8,20
-64,8,20
-65,8,21
-65,6,24
-62,4,29
-60,1,30
-58,-4,34
-54,-7,36
-50,-9,38
-48,-9,38
-47,-10,39
-46,-10,39
-48,-9,38
-49,-8,38
-50,-6,37
-51,-4,37
-54,-2,36
-59,-2,36
-57,-2,36
-55,-3,36
-55,-5,37
-51,-6,39
-51,-6,39
-50,-6,38
-51,-5,38
-51,-4,37
-51,-4,37
-51,-2,37
-52,-2,37
-54,-1,38
-54,0,37
-54,0,37
-54,0,36
-54,-1,37
-53,-1,38
-53,-1,38
-53,-2,38
-53,-3,39
-49,-2,41
-49,-1,41
-53,-3,40
-51,-2,41
-46,-2,42
-47,-8,41
-37,-10,50
-42,-3,41
-47,-2,38
-57,1,28
-56,1,24
-61,2,27
-61,2,30
-58,1,28
-57,3,22
-69,-1,12
-65,-2,21
-65,-1,20
-62,0,21
-60,2,20
-59,-1,17
-62,-2,17
-66,1,21
-65,2,21
-59,0,20
-61,0,23
-64,0,25
-61,1,26
-55,-1,29
-53,-1,31
-55,-1,31
-57,0,33
-52,1,35
-55,2,34
-55,2,34
-56,3,32
-54,4,36
-50,3,36
-55,3,34
-50,6,38
-52,5,38
-51,4,38
-54,4,38
-54,5,41
-53,4,40
-53,3,38
-60,3,33
-56,1,30
-51,1,32
-52,0,33
-52,-2,36
-50,-2,40
-47,0,45
-45,-3,37
-53,-7,36
-52,-2,44
-48,-3,43
-44,-6,45
-44,-7,47
-52,-3,43
-45,-4,45
-30,-4,53
-40,-6,46
-46,-9,48
-37,-6,52
-30,-6,51
-20,-7,54
-19,-7,55
-11,-2,70
-9,-1,75
-17,-10,63
-12,-12,61
-34,-7,54
-45,-6,51
-52,-2,35
-48,-2,38
-43,-3,50
-44,1,55
-52,3,46
-31,2,54
-21,0,60
-28,2,58
-22,2,59
-19,0,56
-15,0,59
-19,-2,59
-23,-2,58
-19,2,62
-19,3,60
-21,3,61
-22,1,60
-21,0,62
-21,1,57
-22,0,57
-19,-3,60
-20,-2,61
-19,0,62
-19,2,64
-17,0,63
-16,1,64
-15,3,64
-11,0,63
-10,3,62
-23,3,53
-19,4,57
-17,3,64
-24,3,61
-34,1,56
-34,3,56
-48,3,44
-53,1,40
-59,-2,33
-54,-1,33
-59,-1,28
-59,-3,23
-66,-8,16
-66,-5,15
-63,-5,12
-64,-7,10
-64,-6,11
-64,-5,12
-59,-5,11
-65,-6,8
-66,-6,9
-68,-8,5
-67,-7,4
-64,-5,6
-63,-5,6
-66,-5,2
-65,-5,1
-66,-5,3
-65,-8,6
-65,-7,6
-65,-7,4
-71,-8,-1
-67,-7,3
-65,-5,8
-63,-1,10
-65,0,9
-65,-1,12
-67,0,12
-66,-2,9
-60,-1,20
-55,-2,19
-58,2,16
-58,4,16
-55,8,17
-58,8,15
-60,9,15
-60,10,18
-63,7,22
-63,5,23
-68,-3,20
-71,-4,21
-65,-7,24
-58,-9,25
-56,-10,24
-55,-14,27
-55,-15,29
-54,-15,31
-53,-15,32
-56,-13,31
-57,-12,30
-59,-9,29
-59,-8,28
-60,-6,26
-59,-6,26
-59,-6,27
-59,-7,28
-58,-8,29
-57,-9,30
-57,-9,30
-56,-10,30
-55,-10,30
-54,-9,31
-55,-8,31
-57,-7,30
-57,-6,30
-57,-5,30
-57,-5,30
-57,-5,30
-59,-5,30
-58,-5,30
-56,-6,30
-56,-6,31
-56,-6,31
-58,-6,31
-58,-4,31
-57,-3,32
-59,-2,31
-59,-2,30
-60,-3,34
-60,-2,35
-59,-3,35
-52,-2,35
-50,-1,36
-52,-1,35
-52,-1,32
-59,-1,21
-59,1,18
-63,0,10
-60,-1,11
-53,1,22
-58,3,23
-58,2,13
-63,5,3
-61,7,1
-63,7,-15
-70,6,-18
-67,7,-21
-67,6,-19
-68,2,-10
-66,2,-8
-79,1,-22
-78,2,-25
-72,3,-13
-66,3,-7
-59,3,6
-56,4,14
-56,10,25
-45,12,39
-47,10,40
-52,7,41
-45,7,46
-35,5,47
-40,4,45
-44,5,43
-45,6,45
-43,7,48
-44,8,47
-48,8,42
-43,10,47
-41,11,49
-46,9,46
-44,11,47
-40,13,51
-41,10,50
-42,8,48
-42,10,50
-49,9,45
-51,5,39
-54,3,37
-53,6,38
-51,5,33
-52,4,35
-51,3,39
-44,3,46
-45,4,45
-51,2,36
-50,2,40
-48,2,41
-43,2,42
-46,0,45
-48,2,43
-41,0,50
-29,1,59
-37,1,54
-40,1,52
-31,2,56
-34,1,53
-32,2,58
-24,0,58
-21,-3,52
-12,-5,55
-10,-5,62
-4,-1,64
1,1,66
-1,-1,70
-13,-4,77
-8,-4,72
-22,-3,52
-39,-3,50
-42,-1,47
-43,2,43
-61,-1,36
-54,1,44
-39,6,53
-43,4,48
-32,4,51
-31,4,50
-27,5,54
-28,4,52
-29,5,54
-22,8,65
-21,9,65
-7,3,68
-18,1,61
-19,11,63
-19,11,62
-24,7,55
-20,9,60
-27,11,59
-23,10,59
-23,7,60
-28,7,58
-28,7,58
-19,2,57
-20,1,57
-22,2,59
-19,4,62
-24,5,62
-24,6,62
-20,7,60
-17,5,60
-14,6,64
-14,2,63
-17,4,61
-21,4,64
-18,7,65
-13,4,61
-8,3,61
-6,4,64
-11,5,62
-19,3,56
-26,3,55
-41,1,47
-50,-2,40
-52,-6,30
-64,-4,23
-62,-3,19
-67,-6,11
-71,-5,11
-66,-5,9
-64,-6,9
-71,-9,2
-79,-9,-2
-74,-4,5
-70,-2,9
-60,0,17
-59,0,17
-59,-2,16
-55,1,22
-53,1,20
-56,2,19
-57,2,17
-60,0,18
-60,-1,16
-61,0,14
-59,1,17
-63,2,18
-69,2,18
-68,0,16
-66,-1,16
-66,-2,19
-69,1,19
-67,-2,17
-52,0,26
-56,-5,29
-53,-7,28
-51,-10,28
-57,-17,26
-50,-18,27
-54,-20,23
-61,-23,19
-54,-26,24
-55,-25,24
-56,-27,23
-56,-29,25
-60,-34,26
-55,-28,33
-51,-27,32
-48,-28,32
-47,-30,31
-47,-30,31
-49,-26,34
-53,-25,29
-51,-26,28
-54,-22,26
-54,-22,25
-56,-23,24
-56,-22,24
-57,-22,25
-58,-24,25
-59,-27,23
-60,-31,8
-67,-31,5
-70,-28,7
-66,-25,9
-61,-20,6
-55,-15,6
-69,-12,-2
-69,-9,1
-57,0,12
-56,1,16
-63,2,12
-68,8,17
-63,11,20
-62,6,16
-65,6,18
-57,10,26
-55,9,27
-50,7,31
-53,7,35
-49,6,40
-54,4,40
-52,7,42
-50,5,41
-49,8,45
-45,8,46
-43,5,43
-42,6,47
-40,7,49
-38,5,49
-41,3,49
-44,3,48
-40,5,51
-36,4,53
-45,1,47
-41,3,47
-38,7,47
-37,7,48
-43,5,46
-47,5,46
-44,8,46
-42,9,46
-41,12,45
-40,12,45
-39,12,47
-42,12,48
-44,9,48
-47,12,47
-45,13,46
-46,11,42
-49,11,40
-51,11,40
-52,13,43
-49,11,43
-47,12,43
-48,12,42
-49,12,42
-47,12,42
-47,11,43
-48,9,42
-49,8,41
-48,8,41
-48,7,41
-48,8,41
-50,8,41
-51,8,40
-51,7,38
-52,9,40
-52,7,38
-55,6,36
-51,5,41
-52,4,37
-54,3,35
-53,3,38
-50,2,38
-51,0,37
-52,0,38
-50,0,40
-50,-1,39
-52,-1,40
-53,-1,39
-51,-1,39
-51,-2,40
-53,-2,40
-50,-1,39
-49,-3,38
-50,-1,39
-50,0,41
-56,1,37
-55,2,37
-56,2,41
-51,0,38
-53,-3,35
-52,-3,36
-54,-4,33
-51,-5,32
-51,-7,34
-54,-11,36
-54,-10,37
-50,-10,38
-51,-11,37
-48,-10,39
-46,-12,39
-47,-13,41
-54,-15,38
-47,-11,44
-42,-13,47
-48,-13,46
-46,-10,47
-34,-13,51
-23,-15,54
-31,-15,50
-29,-15,57
-30,-13,57
-24,-12,60
-21,-11,60
-30,-14,56
-31,-15,60
-13,-15,66
-9,-14,63
-11,-15,59
-13,-16,61
-15,-14,61
-8,-14,62
-1,-14,61
3,-20,63
2,-17,66
-28,-18,54
-37,-17,50
-36,-15,53
-35,-10,54
-44,-6,44
-49,-5,37
-53,0,36
-53,1,39
-56,-3,40
-42,-2,49
-42,-1,49
-46,-3,39
-45,-2,40
-34,0,54
-35,-4,53
-37,-6,46
-33,-3,51
-19,-1,63
-20,-5,61
-21,-1,67
-16,0,63
-12,1,61
-23,2,60
-23,3,59
-18,3,61
-19,2,63
-23,2,60
-23,1,61
-21,-1,60
-21,-2,58
-19,-3,57
-24,-2,57
-23,-1,58
-22,-1,57
-25,-2,56
-15,-3,65
-18,-1,63
-19,0,63
-21,0,62
-22,0,64
-18,1,66
-10,-2,63
-9,5,66
-19,5,55
-27,4,52
-34,-2,56
-40,1,47
-44,1,47
-51,-2,38
-56,-3,34
-60,-5,26
-65,-5,24
-63,-6,17
-66,-7,12
-69,-8,8
-67,-5,8
-62,-5,9
-58,-7,8
-58,-9,7
-67,-9,5
-66,-8,6
-65,-10,3
-69,-10,-1
-84,-6,-9
-82,-2,-8
-67,6,2
-66,7,4
-70,7,5
-66,9,8
-61,9,14
-62,8,15
-60,5,16
-54,1,21
-54,1,26
-48,0,32
-45,-3,33
-55,-10,30
-56,-11,28
-45,-15,28
-41,-19,31
-42,-27,33
-56,-34,25
-57,-49,18
-38,-52,27
-28,-43,39
-29,-24,40
-39,-13,38
-45,-2,47
-40,-6,51
-46,-11,49
-45,-13,53
-40,-15,55
-46,-20,54
-33,-28,63
-24,-35,64
-34,-24,54
-31,-25,46
-47,-28,36
-41,-24,34
-45,-21,42
-49,-18,39
-51,-19,34
-46,-20,40
-46,-20,43
-47,-21,44
-42,-22,45
-46,-14,37
-51,-13,40
-48,-17,49
-41,-9,35
-41,-15,40
-54,-14,47
-52,-11,47
-48,-14,42
-42,-16,42
-38,-19,46
-34,-23,46
-47,-38,43
-57,-48,38
-80,-29,24
-70,-15,23
-61,-4,13
-56,6,-1
-56,11,-6
-55,13,-5
-53,11,1
-71,-1,-9
-80,-11,-18
-109,-35,-31
-108,-48,-23
-79,-49,0
-70,-47,7
-56,-41,8
-54,-39,8
-41,-37,11
-30,-31,15
-35,-29,17
-40,-26,23
-44,-34,28
-50,-18,42
-59,-25,37
-25,-18,63
-38,-16,52
-34,-12,49
-30,-13,47
-28,-17,57
-32,-28,61
-27,-29,63
-24,-25,62
-25,-23,65
-30,-19,72
-46,-21,70
-61,-24,56
-47,-19,47
-25,-4,36
-25,-3,36
-23,-2,35
-27,-3,45
-26,-7,61
-16,-15,60
-16,-16,58
-18,-11,57
-19,-9,56
-22,-9,52
-21,-8,51
-23,-9,56
-27,-10,60
-32,-14,62
-32,-16,63
-28,-19,64
-30,-20,64
-61,-29,53
-66,-26,45
-55,-22,40
-38,-14,34
-36,-14,33
-37,-15,31
-35,-17,35
-35,-23,41
-38,-27,41
-44,-25,39
-44,-22,40
-47,-17,37
-49,-12,36
-51,-10,37
-50,-8,39
-48,-5,40
-55,-4,43
-66,-8,44
-88,-12,44
-93,-15,41
-79,-15,27
-62,-8,22
-54,-6,12
-59,-10,6
-69,-17,0
-66,-17,0
-51,-16,2
-45,-11,4
-48,-10,2
-54,-10,-1
-56,-11,-2
-55,-12,0
-55,-13,2
-54,-13,5
-56,-13,6
-62,-14,5
-64,-14,4
-69,-14,3
-81,-17,-2
-86,-23,-7
-83,-26,-16
-79,-24,-15
-65,-22,-7
-63,-25,-8
-62,-36,-6
-60,-42,-7
-43,-41,-6
-36,-41,-7
-40,-29,-2
-46,-26,-2
-55,-17,-6
-59,-20,-15
-61,-16,-13
-68,-7,-12
-70,-9,-17
-59,-5,3
-59,-8,6
-77,-15,15
-73,-33,18
-97,-49,3
-85,-39,3
-50,-35,3
-42,-38,1
-38,-37,6
-47,-42,-1
-53,-39,-4
-56,-33,-8
-52,-31,-8
-51,-30,-3
-52,-28,-3
-53,-30,-1
-55,-31,-2
-61,-31,3
-66,-32,7
-61,-30,11
-58,-29,11
-58,-27,10
-60,-21,7
-54,-15,8
-68,-16,-9
-82,-18,-13
-86,-17,-9
-79,-14,0
-57,-8,19
-46,-4,25
-36,0,22
-50,-1,22
-53,-9,26
-71,-2,18
-58,2,25
-54,-2,20
-66,-2,23
-60,0,35
-57,-5,29
-67,-13,18
-66,-14,16
-59,-8,23
-57,-10,22
-67,-9,15
-61,-6,17
-61,-9,23
-64,-5,22
-63,-8,19
-66,-8,22
-63,-8,22
-65,-7,19
-61,-9,20
-62,-8,22
-61,-7,19
-59,-5,18
-58,-9,19
-58,-12,19
-57,-10,20
-60,-11,21
-57,-11,21
-63,-11,17
-70,-6,17
-67,-6,16
-62,-6,19
-63,-7,18
-65,-9,21
-64,-7,15
-61,-9,18
-57,-11,15
-56,-12,18
-59,-14,15
-63,-13,14
-62,-12,14
-61,-12,14
-60,-13,16
-62,-13,18
-62,-13,19
-64,-12,19
-63,-11,19
-61,-11,20
-61,-13,19
-61,-13,19
-61,-12,18
-58,-15,17
-59,-15,16
-61,-14,16
-65,-14,14
-62,-14,17
-62,-14,17
-64,-14,16
-63,-13,16
-59,-13,17
-59,-13,16
-65,-16,18
-66,-16,19
-62,-12,14
-62,-18,11
-62,-18,12
-60,-17,14
-63,-21,18
-59,-22,16
-64,-33,6
-52,-44,12
-47,-45,0
-56,-52,-5
-53,-50,-2
-35,-53,25
-42,-31,28
-59,-23,43
-48,-23,30
-59,-15,15
-65,-20,40
-58,-7,47
-73,-4,26
-91,-1,11
-88,5,18
-71,4,22
-52,2,26
-62,6,22
-59,7,19
-50,7,20
-58,9,23
-52,5,21
-52,6,23
-56,8,23
-64,9,16
-52,12,17
-52,13,19
-51,12,22
-50,12,23
-67,12,15
-65,12,18
-53,10,25
-55,9,24
-65,10,22
-65,13,23
-63,10,24
-63,8,31
-65,9,28
-73,7,14
-67,4,15
-66,2,13
-64,1,6
-74,1,-1
-75,1,-4
-66,1,-3
-61,3,-1
-61,5,-3
-49,4,2
-46,5,9
-59,4,9
-60,1,9
-57,0,21
-61,5,23
-58,11,24
-55,12,23
-50,14,25
-53,13,26
-62,12,20
-63,15,23
-62,14,21
-79,13,10
-74,12,12
-62,12,17
-64,13,14
-73,11,11
-90,10,5
-84,2,-2
-78,-6,-2
-58,2,-5
-52,7,-6
-57,7,-11
-64,4,-12
-63,0,-1
-55,-8,12
-58,-7,12
-62,-1,7
-62,0,6
-60,2,8
-59,1,15
-65,-2,23
-70,-4,21
-71,-6,20
-66,-6,27
-73,-6,29
-78,-5,26
-83,-9,24
-72,-15,14
-64,-13,10
-54,-8,9
-51,-8,10
-39,-10,13
-43,-12,15
-52,-13,26
-53,-13,25
-50,-5,32
-53,-2,34
-41,2,50
-47,2,49
-46,6,47
-48,5,45
-49,3,45
-54,1,49
-53,0,48
-48,-1,46
-46,2,44
-46,8,47
-45,10,52
-78,-6,49
-88,-12,41
-57,-11,29
-35,-1,24
-35,0,23
-42,5,37
-54,3,43
-54,-8,48
-41,-9,50
-33,-8,48
-37,-4,47
-40,1,46
-37,1,46
-33,-3,45
-32,0,53
-35,-7,59
-33,-13,65
-29,-13,68
-27,-11,66
-31,-8,65
-44,-9,59
-51,-15,57
-45,-15,56
-40,-15,49
-24,-9,40
-22,-5,42
-12,-5,46
-10,-8,47
-19,-13,56
-31,-12,64
-29,-8,68
-23,1,60
-20,5,58
-14,8,55
-14,7,56
-14,11,59
-17,13,60
-21,12,64
-20,10,67
-20,8,72
-21,14,67
-23,16,67
-28,12,61
-30,14,60
-35,12,52
-38,12,49
-41,14,39
-40,14,37
-43,16,35
-40,15,33
-63,7,29
-67,1,22
-72,-10,21
-55,-15,39
-47,-17,43
-54,-22,41
-55,-21,39
-33,-14,50
-26,-15,52
-35,-13,52
-35,-8,54
-33,-5,58
-35,-4,58
-41,-2,53
-40,-2,50
-37,-4,49
-40,-12,48
-45,-15,47
-39,-13,53
-39,-13,52
-41,-11,48
-42,-11,48
-42,-10,48
-42,-8,49
-42,-8,47
-42,-7,46
-45,-7,43
-48,-5,42
-49,-2,42
-53,1,40
-56,2,39
-57,7,39
-56,8,39
-57,10,37
-57,11,36
-55,8,38
-52,4,40
-47,-3,43
-47,-4,45
-43,-4,50
-46,-5,44
-52,-6,43
-51,-3,42
-48,-2,39
-46,3,36
-43,5,37
-45,4,28
-50,2,23
-51,6,34
-49,8,37
-41,7,39
-51,4,45
-51,1,48
-43,-3,49
-51,-1,49
-58,-2,43
-52,0,44
-37,-1,43
-41,-2,40
-45,-2,36
-58,-3,28
-63,2,27
-55,3,29
-57,2,31
-58,2,31
-62,-1,26
-63,-5,18
-65,-5,16
-66,-1,14
-63,-3,13
-65,-2,15
-69,-2,12
-64,-3,13
-70,-7,11
-66,-5,17
-64,-6,16
-72,-9,14
-70,-5,18
-60,-5,22
-52,-4,28
-54,-3,30
-51,-4,31
-49,-4,35
-49,-4,40
-47,-3,42
-51,-2,38
-51,-2,35
-54,-1,40
-49,2,43
-50,3,40
-49,4,42
-48,4,42
-46,1,41
-47,-1,40
-54,-2,38
-57,0,40
-49,1,42
-46,-1,39
-54,2,38
-53,3,39
-49,2,38
-53,2,37
-52,3,39
-52,3,39
-52,2,40
-49,1,42
-53,-1,38
-58,-5,28
-56,-2,32
-57,-1,32
-56,-4,35
-51,-4,38
-52,-4,36
-53,-4,36
-51,-3,35
-47,-6,39
-49,-7,40
-58,-8,33
-55,-6,36
-50,-6,38
-50,-7,38
-53,-8,37
-59,-9,35
-58,-7,35
-51,-8,40
-51,-10,39
-53,-11,37
-48,-10,43
-45,-11,43
-47,-10,41
-44,-12,43
-55,-7,47
-40,-11,49
-43,-9,46
-49,-9,46
-34,-12,54
-36,-9,53
-29,-10,51
-29,-12,52
-29,-14,57
-32,-13,55
-33,-13,53
-31,-9,55
-30,-10,54
-29,-13,55
-26,-13,55
-30,-13,57
-28,-12,55
-31,-17,53
-30,-15,56
-28,-13,52
-26,-14,49
-30,-13,51
-25,-13,55
-22,-16,54
-12,-14,59
-11,-13,65
-17,-14,71
-18,-19,69
-13,-17,61
-24,-15,54
-23,-11,58
-23,-8,54
-58,-7,43
-52,-2,47
-41,-2,50
-38,-3,52
-35,-3,56
-31,-2,53
-38,-4,51
-39,4,57
-27,7,60
-26,-3,52
-29,-4,58
-23,0,59
-22,0,58
-24,-2,57
-23,0,59
-23,0,58
-21,2,60
-21,4,62
-20,1,61
-19,0,60
-16,-3,58
-18,-2,57
-24,-2,63
-24,-1,64
-15,-2,63
-14,0,59
-19,-1,63
-17,0,66
-13,1,61
-13,2,63
-6,1,65
-13,3,61
-19,3,56
-28,4,55
-34,-1,56
-47,0,42
-49,-4,36
-64,-7,29
-65,-5,26
-59,-8,17
-64,-7,16
-66,-8,12
-58,-10,14
-64,-9,15
-66,-8,12
-66,-9,10
-64,-9,11
-62,-6,15
-65,-8,10
-68,-7,8
-60,-9,7
-64,-10,7
-69,-9,5
-67,-9,5
-61,-8,7
-61,-7,9
-62,-8,7
-62,-8,8
-62,-8,9
-61,-8,6
-60,-8,8
-61,-10,8
-65,-9,5
-72,-8,0
-70,-5,4
-61,-4,12
-61,-5,12
-67,-9,7
-71,-11,5
-72,-11,4
-70,-8,4
-74,-8,4
-72,-4,10
-69,2,16
-63,5,11
-57,5,13
-49,14,28
-45,13,28
-38,15,41
-31,13,44
-23,11,53
-15,3,71
-21,5,67
-19,3,60
-19,3,55
-19,3,52
-15,0,55
-11,-7,57
-16,-8,59
-35,-5,59
-40,-4,57
-29,-1,52
-33,-3,50
-24,-1,53
-30,-3,56
-43,-6,55
-33,-8,47
-29,-13,42
-81,-18,36
-55,-12,47
-44,-17,50
-45,-21,45
-39,-25,42
-28,-26,50
-25,-29,47
-33,-32,39
-28,-32,45
-32,-27,50
-32,-23,49
-34,-27,54
-28,-24,62
-37,-15,49
-39,-19,50
-47,-18,51
-46,-20,47
-54,-20,48
-48,-21,45
-37,-21,40
-43,-23,43
-45,-24,41
-43,-21,34
-43,-21,34
-48,-22,38
-48,-23,38
-44,-22,39
-43,-21,40
-42,-20,40
-40,-20,36
-35,-21,34
-37,-22,34
-58,-35,60
-29,-20,40
-48,-14,45
-50,-18,39
-48,-17,40
-48,-17,40
-46,-19,40
-48,-19,39
-50,-18,38
-49,-18,38
-49,-18,38
-46,-19,40
-46,-19,40
-51,-20,35
-51,-21,31
-55,-19,31
-51,-18,31
-55,-19,27
-59,-18,23
-64,-17,22
-62,-12,25
-64,-13,23
-64,-13,16
-64,-13,14
-69,-16,9
-71,-19,7
-65,-19,5
-61,-18,2
-62,-18,1
-57,-17,-2
-54,-16,1
-61,-9,7
-66,-18,0
-63,-10,2
-66,-10,-2
-65,-8,-5
-69,-7,-7
-68,-9,-14
-65,-10,-14
-64,-12,-14
-61,-11,-11
-61,-12,-8
-60,-13,-3
-60,-13,-2
-64,-11,-4
-66,-10,-6
-65,-8,-7
-64,-5,-7
-64,-4,-4
-65,-5,-5
-72,-3,-11
-69,1,-11
-64,3,-9
-58,6,-7
-58,8,-9
-61,12,-13
-64,13,-16
-65,14,-15
-63,13,-13
-62,13,-10
-60,12,-8
-61,10,-6
-63,9,-5
-69,6,-5
-71,2,-6
-70,1,-5
-68,-2,-4
-66,-3,-4
-67,-6,-6
-68,-7,-7
-69,-12,-6
-68,-16,-6
-58,-20,-4
-55,-26,-5
-56,-33,-10
-54,-31,-12
-49,-26,-12
-51,-29,-16
-52,-32,-18
-53,-34,-18
-49,-34,-16
-43,-33,-11
-47,-32,-11
-57,-30,-10
-63,-30,-8
-66,-30,-3
-68,-30,1
-66,-28,7
-67,-28,7
-69,-29,5
-73,-30,4
-73,-29,2
-75,-31,-4
-78,-34,-8
-86,-49,-15
-88,-54,-18
-74,-46,-16
-64,-38,-14
-53,-35,-19
-53,-38,-22
-53,-47,-28
-43,-45,-27
-41,-41,-25
-38,-37,-22
-42,-40,-23
-41,-37,-21
-39,-36,-18
-36,-38,-8
-36,-41,-6
-33,-44,2
-36,-51,12
-38,-54,15
-39,-57,16
-43,-61,16
-43,-61,19
-43,-63,21
-46,-64,21
-44,-68,20
-38,-74,13
-32,-74,11
-27,-67,4
-28,-62,1
-39,-52,-5
-46,-48,-6
-53,-45,-5
-54,-47,-5
-56,-51,-3
-59,-51,2
-64,-50,5
-76,-55,6
-81,-62,6
-72,-83,6
-56,-84,7
-38,-68,6
-39,-66,2
-39,-78,-3
-32,-79,-5
-23,-71,-7
-19,-66,-8
-18,-65,-9
-20,-59,-8
-21,-56,-6
-25,-59,-5
-27,-62,-3
-20,-65,5
-20,-69,7
-18,-77,9
-20,-74,9
-31,-58,18
-32,-50,23
-27,-44,34
-30,-54,39
-30,-61,36
-21,-66,31
-16,-65,29
-20,-62,22
-26,-61,18
-43,-60,14
-48,-58,16
-48,-58,16
-47,-60,13
-50,-55,10
-56,-52,8
-68,-51,7
-87,-67,4
-92,-75,3
-61,-73,7
-44,-61,11
-42,-56,6
-45,-62,0
-39,-72,-3
-30,-71,-4
-23,-63,-3
-22,-63,-3
-22,-61,-2
-22,-60,0
-21,-60,5
-21,-66,7
-18,-67,8
-17,-68,12
-20,-70,13
-20,-69,16
-21,-67,19
-27,-56,27
-27,-53,30
-22,-52,36
-21,-53,37
-28,-58,32
-31,-60,27
-34,-60,19
-38,-59,11
-42,-55,7
-50,-45,-1
-53,-39,-3
-58,-37,-8
-62,-37,-9
-67,-33,-6
-65,-31,0
-72,-36,-6
-82,-46,-11
-84,-73,-18
-80,-88,-28
-46,-75,-32
-12,-68,-32
-6,-65,-30
-4,-57,-29
-2,-52,-29
3,-44,-26
5,-40,-22
-8,-41,-23
-9,-48,-24
-10,-46,-20
-11,-43,-18
-23,-54,-16
-25,-60,-14
-17,-65,-9
-12,-75,-13
-10,-81,-14
-11,-77,-8
-12,-76,-11
-22,-80,-13
-23,-83,-8
-17,-89,-18
-17,-92,-19
9,-88,-12
11,-83,-14
2,-80,-19
-3,-80,-22
-10,-77,-21
-11,-73,-16
-13,-72,-17
-6,-71,-18
-4,-69,-17
-13,-69,-22
-15,-66,-24
-5,-67,-25
2,-66,-23
-1,-68,-26
-4,-63,-24
-2,-63,-24
-1,-63,-21
0,-63,-20
0,-64,-19
1,-63,-19
0,-60,-18
-1,-59,-17
-5,-57,-18
-7,-56,-19
-9,-48,-19
-12,-47,-20
-18,-46,-20
-20,-48,-23
-29,-53,-30
-32,-53,-35
-35,-48,-36
-41,-47,-34
-44,-48,-36
-45,-48,-38
-44,-44,-37
-44,-34,-29
-45,-31,-28
-50,-29,-27
-51,-28,-26
-50,-29,-23
-46,-27,-24
-50,-23,-27
-52,-20,-26
-54,-20,-27
-67,-27,-35
-72,-31,-38
-71,-33,-34
-69,-33,-28
-66,-38,-18
-66,-44,-13
-54,-53,-8
-43,-53,-5
-12,-62,0
6,-68,-4
11,-80,-26
-11,-79,-34
-20,-78,-29
-35,-80,-17
-43,-84,-15
-49,-91,-22
-47,-93,-27
-25,-77,-14
-8,-68,-1
-2,-52,9
-13,-53,0
-31,-51,-13
-41,-47,-16
-40,-45,-14
-33,-50,-6
-33,-50,-2
-49,-67,6
-71,-79,12
-85,-105,8
-51,-112,4
5,-72,27
10,-71,25
6,-79,12
6,-75,12
-7,-71,15
-18,-67,16
-18,-62,11
-13,-58,2
-13,-58,0
-15,-55,0
-17,-55,0
-19,-60,-2
-18,-62,-1
-15,-63,0
-15,-65,2
-12,-66,5
-12,-67,5
-16,-67,7
-25,-54,17
-28,-49,22
-21,-51,28
-13,-58,30
4,-72,23
11,-75,18
9,-71,13
2,-65,12
-18,-51,12
-26,-47,12
-34,-43,11
-34,-45,11
-26,-51,13
-17,-58,20
-15,-59,23
-19,-64,26
-27,-70,26
-49,-100,29
-48,-112,21
-8,-87,17
2,-68,18
-3,-66,11
-8,-68,8
-16,-70,5
-22,-59,0
-24,-57,0
-22,-53,0
-20,-52,0
-19,-51,-1
-19,-50,1
-19,-55,1
-17,-60,1
-9,-62,5
-6,-63,8
-2,-67,10
-1,-69,9
-10,-71,11
-32,-61,24
-35,-56,28
-18,-61,30
-1,-71,29
27,-81,19
30,-79,15
14,-75,9
1,-70,9
-21,-54,8
-25,-47,6
-30,-38,4
-31,-38,4
-26,-44,8
-17,-49,12
-16,-54,13
-33,-74,16
-48,-87,19
-63,-116,19
-44,-113,18
1,-61,21
4,-61,17
-5,-72,12
-9,-74,12
-14,-68,10
-16,-60,9
-18,-50,7
-19,-45,6
-21,-46,4
-23,-50,2
-21,-52,2
-16,-64,2
-11,-66,2
-3,-65,7
-2,-68,8
-6,-71,5
-9,-73,4
-26,-67,15
-36,-52,27
-25,-51,27
4,-60,29
13,-71,27
19,-78,19
15,-77,16
1,-66,11
-9,-59,8
-27,-49,5
-33,-45,5
-39,-40,6
-39,-40,7
-36,-43,13
-33,-44,20
-33,-43,20
-40,-49,18
-49,-60,18
-67,-97,18
-65,-114,16
-20,-82,25
-4,-67,30
-16,-75,24
-25,-75,21
-43,-78,14
-46,-71,10
-35,-53,15
-32,-38,20
-34,-34,17
-39,-29,18
-36,-27,20
-32,-24,26
-33,-24,28
-38,-21,37
-34,-18,42
-34,-15,45
-33,-16,47
-29,-19,44
-33,-21,43
-38,-26,48
-32,-30,47
-27,-29,49
-23,-32,45
-26,-37,44
-22,-42,54
-25,-37,51
-26,-35,50
-21,-34,49
-24,-24,51
-31,-25,51
-28,-26,56
-23,-25,56
-21,-26,54
-22,-27,50
-23,-26,51
-22,-25,55
-21,-25,55
-23,-22,54
-24,-21,55
-26,-20,54
-27,-21,54
-28,-19,54
-32,-19,51
-33,-19,56
-32,-19,56
-32,-19,53
-30,-19,50
-29,-21,50
-31,-28,49
-28,-32,51
-17,-33,51
-16,-33,51
-24,-29,50
-21,-27,49
-18,-32,58
-16,-31,61
-16,-24,61
-20,-23,61
-28,-20,65
-51,-17,58
-58,-13,59
-76,-1,54
-68,5,52
-50,15,45
-45,17,38
-38,16,32
-37,15,32
-23,14,25
-19,14,26
-35,-1,27
-47,-15,35
-41,-17,46
-33,-21,58
-25,-18,68
-13,-14,69
-22,-11,62
-34,-4,54
-34,2,48
-64,9,32
-71,15,36
-72,17,29
-65,19,31
-60,6,3
-70,-4,-1
-77,-6,8
-60,-3,17
-65,-1,16
-66,-1,3
-60,-1,-1
-57,3,1
-60,3,-4
-68,2,-10
-70,4,-8
-72,7,-10
-75,7,-11
-69,5,-5
-67,5,-2
-64,5,-2
-55,7,2
-56,6,1
-62,8,3
-63,8,3
-67,7,1
-73,7,1
-69,8,5
-67,8,4
-61,6,8
-59,7,10
-61,9,11
-59,7,13
-58,7,16
-68,7,12
-70,7,15
-61,8,17
-61,6,18
-59,5,17
-59,5,16
-64,6,16
-64,6,16
-62,6,15
-60,6,15
-58,6,14
-67,5,11
-67,6,12
-67,6,12
-64,6,12
-63,6,11
-63,6,11
-65,6,10
-64,6,10
-63,6,10
-63,6,10
-63,7,9
-67,6,8
-66,7,8
-63,7,9
-63,8,8
-64,7,6
-67,8,5
-67,7,5
-66,8,5
-63,9,5
-69,9,5
-67,10,9
-65,7,6
-62,8,5
-63,8,9
-64,6,6
-66,4,8
-66,4,10
-64,5,12
-62,5,11
-60,4,11
-61,3,11
-64,4,10
-63,4,10
-63,5,12
-63,5,12
-63,4,12
-62,5,11
-65,5,9
-65,6,9
-65,6,9
-64,5,10
-63,5,10
-64,5,9
-65,6,9
-65,5,8
-66,4,8
-64,5,10
-64,5,9
-64,6,10
-63,5,11
-63,5,11
-64,5,10
-66,6,9
-64,5,11
-65,5,10
-65,6,12
-64,5,14
-63,6,15
-62,6,16
-62,5,17
-63,5,17
-62,5,16
-62,5,16
-62,5,18
-59,5,16
-60,5,17
-67,7,15
-67,7,13
-64,7,17
-60,5,18
-60,3,17
-59,3,19
-57,4,17
-62,4,16
-62,5,16
-58,2,18
-59,3,19
-56,1,14
-83,5,12
-67,6,10
-47,3,22
-45,1,42
-38,1,39
-61,5,19
-54,5,12
-62,4,-8
-85,8,11
-91,8,2
-77,9,1
-67,7,-1
-67,9,-6
-63,7,-12
-54,7,-13
-56,1,-11
-62,1,-11
-55,3,-10
-58,6,-5
-60,8,-15
-70,5,-22
-68,4,-10
-65,4,-11
-63,0,-3
-79,4,-7
-63,-1,1
-61,3,10
-73,-1,-2
-65,-4,5
-33,-6,30
-56,-7,27
-61,-3,25
-59,2,20
-61,3,20
-65,11,6
-71,24,3
-61,10,3
-55,8,2
-53,9,0
-52,8,-5
-62,2,3
-71,1,3
-68,-2,5
-55,-2,5
-74,0,-24
-81,0,-28
-41,-4,-6
-63,7,-60
-68,8,-62
-48,6,-50
-45,5,-44
-50,6,-53
-41,8,-47
-58,4,-32
-65,-4,-29
-66,-10,7
-70,-14,14
-79,-15,7
-81,-13,0
-74,-3,-1
-62,8,-3
-58,12,6
-34,11,14
-30,11,10
-72,-8,-16
-94,-22,-23
-106,-34,-22
-125,-37,-24
-76,-37,10
-45,-26,39
-45,7,32
-32,22,21
-31,17,15
-27,7,40
-21,-5,45
-41,-37,46
-8,-51,64
-16,-31,72
-38,-27,66
-24,-30,55
-21,-24,56
1,-20,69
-6,-26,60
-34,-25,70
-27,-11,59
-24,-11,54
-23,-13,58
-19,-12,63
-19,-11,62
-20,-13,65
-22,-12,62
-27,-17,52
-18,-14,61
-13,-12,69
-15,-23,58
-20,-25,51
-25,-31,63
-40,-25,42
-39,-23,39
-23,-17,48
-19,-18,48
-4,-20,57
-4,-20,59
-4,-38,60
0,-46,72
-32,-44,59
-39,-32,46
-42,-10,16
-53,9,-20
-53,14,-30
-70,11,-38
-74,8,-39
-66,11,-30
-67,13,-21
-64,9,-22
-64,7,-24
-69,7,-17
-60,6,-10
-58,6,4
-62,8,-6
-61,5,-6
-59,9,-11
-69,7,-12
-71,6,-13
-70,6,-8
-71,2,6
-58,3,11
-71,8,5
-71,9,-1
-72,15,-6
-69,13,-15
-68,12,-10
-57,12,-8
-56,11,-7
-48,10,9
-52,10,8
-64,8,4
-60,8,4
-60,7,6
-64,7,8
-58,6,5
-56,6,7
-60,6,3
-65,4,1
-63,3,1
-63,3,0
-62,6,-2
-65,8,-13
-62,8,-15
-65,8,-15
-65,8,-17
-64,5,-24
-61,4,-24
-64,5,-27
-61,2,-29
-66,3,-26
-65,1,-29
-65,-3,-28
-63,-2,-25
-55,1,-32
-54,0,-41
-52,-1,-38
-52,-1,-43
-50,0,-40
-52,-1,-38
-51,-1,-38
-50,-2,-42
-56,-4,-45
-56,-1,-41
-58,-1,-42
-55,-1,-39
-55,0,-35
-55,1,-31
-59,2,-26
-59,2,-24
-60,4,-25
-64,2,-21
-59,1,-7
-56,1,-2
-62,1,-9
-63,3,-9
-58,4,-15
-67,2,-15
-72,2,-5
-62,0,-1
-62,1,-5
-63,3,-5
-63,1,-6
-66,0,-7
-65,1,-5
-67,1,-6
-65,1,-7
-67,3,-5
-58,2,-8
-62,3,-12
-67,2,-14
-64,3,-13
-66,8,-21
-69,9,-18
-68,7,-9
-69,5,-4
-71,6,-1
-71,4,2
-59,0,7
-48,-2,8
-53,-5,10
-60,-8,14
-55,-5,16
-61,-4,9
-76,-2,1
-68,1,4
-67,3,3
-73,3,-7
-74,1,-6
-64,5,4
-64,3,13
-58,5,19
-62,4,17
-64,3,21
-51,6,27
-41,3,38
-36,5,46
-40,7,49
-29,5,54
-27,8,60
-36,8,55
-36,7,53
-28,9,59
-27,9,57
-25,10,56
-26,10,55
-29,10,55
-26,10,56
-31,14,55
-25,14,58
-23,11,59
-25,11,58
-23,13,58
-23,12,55
-20,11,57
-23,13,59
-23,13,58
-23,11,58
-21,12,60
-20,12,60
-22,12,59
-27,16,60
-27,16,56
-22,18,56
-17,10,57
-25,14,60
-27,16,61
-22,12,61
-21,13,60
-22,13,59
-22,14,60
-20,14,62
-19,13,63
-20,11,62
-16,11,63
-13,11,65
-14,8,62
-15,4,55
-12,5,63
-11,7,61
-2,3,49
0,1,61
-17,-2,58
-38,-1,38
-38,-3,35
-27,-5,25
-37,-2,3
-54,-5,-47
-55,-3,-53
-81,-8,-69
-89,-7,-58
-89,-7,-60
-73,-8,-54
-62,-5,-41
-27,1,2
-11,0,27
4,7,67
0,3,70
-32,-7,62
-34,-5,68
-26,-3,62
-20,-3,63
-31,-5,53
-48,-5,38
-49,-4,33
-51,-3,24
-53,-4,21
-57,-5,5
-65,-3,-9
-73,-5,-23
-80,-6,-27
-88,-9,-26
-76,-9,-17
-66,-2,-12
-29,-1,23
-15,-4,43
-13,-13,63
-12,-15,60
-22,-17,59
-39,-17,58
-35,-11,56
-28,-5,58
-58,9,45
-76,15,18
-106,27,10
-96,13,6
-30,-4,29
-31,-21,47
-31,-25,58
-50,-21,37
-53,-8,43
-33,-3,46
-50,-10,44
-42,-16,67
-33,-12,67
-65,-12,25
-82,-9,10
-79,8,-7
-79,9,-13
-84,4,-23
-68,4,-17
-50,2,-12
-58,-3,1
-64,-10,0
-67,-19,-3
-64,-23,-7
-69,-13,-4
-72,-7,-3
-48,1,10
-48,6,21
-67,17,20
-63,18,16
-55,10,23
-59,5,30
-54,5,35
-55,6,43
-58,5,43
-40,0,43
-37,0,45
-56,0,39
-55,1,38
-48,3,31
-53,4,27
-59,6,25
-54,6,20
-51,6,26
-66,1,32
-66,-2,35
-68,-3,36
-72,-4,30
-63,-6,25
-62,1,15
-63,-17,20
-59,-13,23
-44,-27,30
-48,-30,30
-56,0,29
-49,-4,31
-48,-5,36
-58,-3,34
-63,-5,31
-62,-5,31
-63,-6,31
-55,-6,31
-56,-7,31
-52,-5,30
-51,-5,31
-61,-7,29
-64,-7,28
-58,-3,28
-51,-6,29
-54,-5,27
-60,-2,29
-59,-14,14
-56,4,25
-64,-7,21
-59,-6,22
-58,-6,20
-56,-6,20
-57,-5,19
-64,0,20
-70,0,16
-67,0,16
-68,0,16
-64,0,15
-63,-2,12
-68,-3,11
-65,-2,11
-63,-1,12
-63,-1,11
-63,-2,14
-63,-2,11
-65,-3,12
-65,-3,11
-68,-1,11
-67,-1,11
-64,0,12
-62,1,15
-63,2,17
-57,2,17
-63,-7,18
-67,-1,17
-70,-2,16
-69,-2,17
-50,-5,26
-61,-3,22
-62,-1,34
-58,-12,24
-60,-11,29
-64,-6,33
-53,1,32
-57,-1,27
-52,1,35
-58,2,35
-49,3,36
-47,-1,42
-47,-1,44
-38,-4,47
-33,-5,50
-35,-9,53
-22,-9,58
-33,-10,59
-42,-6,48
-40,-2,49
-34,5,50
-35,5,53
-33,3,59
-19,-12,73
-5,-9,68
-16,-12,61
-48,-4,49
-48,1,53
-42,9,56
-43,13,60
-45,14,58
-38,17,58
-38,18,59
-34,23,56
-32,24,50
-29,24,40
-28,25,40
-12,22,43
-2,25,48
-16,19,54
-28,20,52
-22,20,52
-20,23,56
-20,24,57
-13,24,54
-19,25,54
-24,26,54
-22,26,55
-21,26,55
-23,25,55
-24,25,55
-23,25,55
-22,25,54
-24,25,54
-26,24,54
-25,25,54
-23,25,54
-24,26,54
-27,25,55
-31,25,56
-30,25,56
-19,25,56
-12,25,56
-9,24,57
-4,23,56
2,23,56
5,21,57
0,20,57
-7,21,58
-6,22,59
-6,22,59
-9,22,59
-7,21,59
-8,21,59
-8,23,58
-11,22,58
-12,23,59
-11,23,59
-9,22,60
-11,22,58
-12,21,58
-8,21,58
-10,21,58
-12,21,58
-13,22,57
-21,28,61
-23,13,67
-17,16,63
-11,19,58
-16,18,54
-14,18,55
-12,18,59
-10,21,58
-13,25,54
-21,30,46
-21,24,49
-6,26,48
-17,30,41
-57,21,33
-60,21,30
-51,18,31
-47,19,30
-78,9,14
-76,6,9
-68,7,7
-71,8,10
-74,7,3
-69,8,-3
-70,8,-4
-68,7,-1
-68,8,-1
-63,11,-3
-61,11,-4
-64,15,-4
-63,14,-3
-62,15,-3
-62,16,-4
-64,15,-4
-63,14,-5
-64,15,-4
-63,14,-5
-63,14,-5
-63,14,-5
-63,14,-5
-62,14,-5
-63,14,-5
-62,14,-5
-62,14,-5
-63,14,-6
-64,13,-5
-63,14,-5
-66,14,-5
-67,15,-7
-65,14,-4
-62,14,-4
-62,13,-2
-62,14,-3
-63,14,-3
-64,14,-3
-63,15,-4
-63,14,-3
-64,14,-4
-63,15,-4
-61,13,-3
-63,14,-5
-63,14,-6
-62,14,-4
-68,15,-3
-63,14,-4
-63,14,-4
-62,15,-5
-63,15,-5
-66,14,-8
-62,14,-8
-64,14,-5
-63,14,-4
-62,14,-3
-61,14,-4
-63,13,-6
-65,14,-7
-64,14,-7
-64,14,-4
-63,14,-5
-62,14,-7
-63,14,-8
-65,14,-8
-64,14,-9
-60,14,-7
-61,15,-10
-64,15,-11
-63,14,-9
-61,15,-10
-64,15,-12
-64,15,-10
-61,15,-10
-62,15,-11
-62,15,-12
-61,15,-12
-63,15,-12
-61,15,-13
-62,15,-14
-63,15,-14
-60,14,-12
-62,15,-14
-63,15,-14
-61,15,-15
-60,15,-13
-61,15,-13
-61,15,-15
-63,16,-16
-62,15,-15
-61,15,-14
-61,15,-14
-62,15,-15
-60,15,-15
-61,15,-14
-62,15,-15
-62,15,-16
-62,15,-15
-61,15,-15
-61,15,-14
-61,15,-15
-61,15,-14
-61,14,-16
-62,15,-15
-61,15,-15
-61,15,-15
-62,14,-16
-63,15,-15
-60,15,-15
-61,15,-15
-62,15,-15
-62,14,-16
-61,15,-16
-61,15,-15
-63,15,-16
-61,15,-17
-62,15,-17
-61,14,-17
-61,15,-16
-61,15,-17
-62,14,-16
-60,15,-16
-61,15,-16
-61,15,-17
-61,14,-16
-60,15,-17
-60,15,-17
-62,15,-17
-61,15,-17
-61,15,-18
-61,15,-17
-61,15,-17
-61,15,-16
-61,15,-16
-62,15,-17
-64,15,-17
-61,15,-17
-59,15,-16
-60,15,-16
-61,15,-16
-59,13,-15
-53,12,-12
-59,11,-17
-65,7,-15
-66,5,-14
-62,7,-11
-63,7,-12
-68,9,-13
-68,9,-18
-69,15,-24
-60,19,-15
-67,13,-28
-65,20,-27
-59,27,-25
-56,28,-27
-52,30,-31
-45,33,-32
-44,34,-32
-45,36,-33
-45,36,-33
-44,36,-28
-43,35,-26
-39,38,-23
-43,38,-22
-44,36,-23
-48,37,-24
-51,38,-22
-48,37,-21
-43,39,-20
-51,38,-21
-48,38,-19
-47,39,-17
-45,40,-16
-51,42,-24
-47,42,-21
-41,43,-18
-44,43,-20
-44,44,-19
-41,44,-18
-40,45,-17
-40,45,-16
-39,45,-16
-41,46,-17
-42,45,-16
-43,46,-16
-43,46,-16
-43,45,-16
-44,45,-15
-46,46,-16
-44,46,-18
-42,46,-15
-43,45,-14
-43,46,-15
-42,46,-16
-42,46,-16
-42,46,-15
-42,46,-14
-41,46,-14
-43,46,-14
-43,47,-15
-42,47,-15
-42,47,-15
-42,47,-15
-42,47,-15
-43,47,-14
-43,47,-14
-42,47,-14
-42,47,-14
-42,47,-15
-42,47,-16
-42,47,-15
-42,47,-15
-42,47,-15
-42,47,-15
-43,47,-14
-43,47,-15
-42,47,-15
-42,47,-15
-42,47,-15
-42,47,-15
-42,47,-15
-41,47,-15
-42,47,-15
-43,46,-15
-43,47,-15
-43,47,-16
-41,47,-15
-42,46,-14
-42,46,-15
-43,46,-16
-43,47,-16
-41,46,-14
-42,44,-15
-45,44,-15
-50,42,-20
-50,42,-24
-43,44,-20
-42,44,-17
-46,38,-5
-49,34,6
-50,32,25
-53,30,28
-58,26,36
-45,23,49
-39,21,50
-38,19,52
-39,19,52
-42,18,45
-39,18,46
-37,18,49
-37,19,47
-42,21,43
-41,22,43
-40,21,44
-41,20,43
-42,22,45
-43,21,45
-42,21,45
-44,20,47
-45,20,46
-42,21,47
-42,20,46
-38,19,47
-33,18,50
-35,20,50
-36,20,48
-31,19,52
-31,20,51
-29,22,53
-27,19,54
-25,21,56
-21,23,55
-23,23,54
-23,19,56
-18,18,56
-13,19,59
-14,18,61
-18,18,57
-14,17,59
-11,15,59
-14,13,59
-15,15,60
-19,19,59
2,15,63
-1,18,58
-10,22,59
-7,22,59
1,20,59
-8,17,62
-11,13,56
-15,12,55
-19,13,55
-34,15,51
-43,12,52
-33,8,58
-26,12,52
-31,12,50
-39,10,48
-38,4,51
-35,6,47
-42,12,39
-42,10,45
-39,7,47
-40,7,44
-40,7,40
-58,7,33
-49,1,33
-33,1,27
-14,-6,46
-31,-9,44
-60,-20,35
-53,-16,43
-76,-15,38
-92,-15,26
-76,-7,27
-70,-5,28
-70,-8,24
-75,-10,18
-71,-11,15
-68,-14,14
-56,-13,21
-59,-15,19
-58,-17,16
-58,-18,15
-58,-19,17
-61,-22,18
-60,-23,18
-59,-20,22
-57,-20,25
-46,-21,33
-44,-22,35
-61,-17,36
-58,-5,42
-58,-2,45
-60,7,38
-62,4,23
-62,-6,33
-51,1,43
-51,-6,31
-46,-6,35
-45,-14,43
-46,-16,44
-26,-10,50
-29,-7,48
-43,-2,44
-34,1,49
-31,1,53
-31,1,54
-29,-1,56
-27,-5,55
-24,-12,55
-19,-17,56
-17,-19,59
-20,-22,51
-29,-22,48
-50,-28,39
-56,-24,37
-71,-14,23
-76,-5,11
-71,-1,13
-72,-1,10
-73,-2,13
-72,-4,12
-68,-7,13
-67,-8,17
-58,-13,16
-63,-19,39
-62,-17,37
-51,-19,33
-55,-20,30
-77,-26,12
-80,-13,23
-72,0,27
-58,11,30
-50,11,37
-33,8,54
-38,2,50
-17,-10,56
-9,-13,57
-32,-21,49
-26,-23,44
-25,-28,47
-39,-44,44
-32,-47,42
-32,-33,60
-47,-33,40
-32,-32,41
-29,-29,39
-49,-23,37
-46,-15,41
-44,-2,47
-45,2,46
-44,2,52
-39,0,57
-31,-2,56
-30,-3,52
-36,-11,49
-28,-22,52
-26,-27,54
-38,-27,51
-41,-33,49
-35,-38,54
-32,-34,53
-25,-32,49
-22,-32,47
-31,-24,47
-40,-20,47
-41,-12,43
-46,-6,43
-51,-6,43
-54,-4,42
-54,-3,43
-49,-4,45
-48,-5,48
-47,-7,48
-45,-6,48
-44,-6,46
-45,-5,45
-45,-5,43
-44,-3,42
-41,-1,41
-42,-1,44
-45,-1,46
-58,-5,46
-56,-3,48
-44,1,47
-51,-3,45
-42,-3,45
-39,-6,44
-45,-5,47
-37,-7,52
-35,-2,48
-41,1,46
-43,0,45
-42,1,48
-37,0,53
-25,-9,69
-11,-14,80
-20,-15,83
-26,-15,74
-33,-6,49
-45,0,42
-66,-1,34
-61,-2,22
-76,-2,16
-55,-2,33
-52,0,33
-60,-10,32
-60,-15,31
-68,-30,38
-68,-37,37
-46,-33,30
-51,-26,31
-45,-1,30
-40,5,33
-27,8,50
-13,6,61
11,4,77
-11,-1,72
-20,-6,71
-40,-15,59
-47,-18,55
-41,-23,57
-35,-24,54
-19,-19,54
-17,-18,52
-19,-20,48
-2,-33,68
-55,-16,61
-41,-4,44
-51,-8,44
-36,-11,53
-33,-10,54
-39,-13,49
-41,-14,47
-40,-13,48
-41,-13,48
-40,-14,49
-36,-16,51
-38,-16,49
-36,-15,51
-37,-13,51
-37,-13,51
-38,-15,50
-38,-16,49
-36,-16,51
-36,-16,50
-36,-16,50
-37,-16,51
-37,-15,50
-36,-15,51
-36,-16,50
-37,-15,51
-40,-15,49
-39,-15,49
-37,-16,50
-35,-15,51
-37,-15,51
-40,-15,48
-34,-16,52
-36,-16,51
-35,-16,51
-36,-16,51
-39,-16,49
-39,-16,49
-37,-15,50
-39,-15,49
-39,-15,49
-39,-15,48
-37,-16,50
-40,-16,48
-41,-16,47
-41,-15,47
-40,-15,48
-39,-14,49
-39,-14,49
-41,-14,48
-40,-14,48
-38,-15,50
-38,-14,50
-43,-15,46
-40,-15,48
-37,-15,50
-39,-14,49
-41,-15,47
-38,-15,49
-38,-15,50
-38,-16,49
-38,-16,50
-40,-16,48
-38,-16,49
-38,-16,49
-39,-16,49
-39,-17,48
-40,-17,49
-36,-16,50
-39,-16,48
-40,-17,48
-38,-17,49
-37,-17,50
-38,-19,49
-35,-17,51
-37,-18,50
-39,-18,48
-34,-18,51
-37,-17,50
-37,-17,49
-37,-17,50
-36,-17,50
-36,-17,50
-37,-17,50
-36,-17,50
-36,-17,50
-36,-17,50
-37,-16,50
-35,-16,51
-37,-16,50
-36,-17,50
-36,-17,51
-37,-17,50
-36,-16,50
-37,-17,50
-37,-17,50
-36,-17,50
-37,-16,50
-36,-17,50
-35,-16,51
-38,-17,49
-37,-16,50
-37,-16,50
-37,-16,49
-37,-16,50
-37,-16,50
-38,-16,49
-38,-16,49
-37,-16,50
-39,-16,49
-38,-16,49
-37,-16,50
-37,-17,50
-38,-16,49
-38,-17,49
-37,-17,49
-37,-17,49
-37,-17,49
-38,-16,49
-38,-17,49
-38,-17,49
-37,-17,49
-38,-17,49
-37,-16,50
-37,-17,49
-38,-17,49
-38,-16,49
-37,-16,49
-38,-16,49
-38,-17,49
-38,-16,49
-37,-17,50
-37,-16,50
-37,-16,49
-37,-17,49
-37,-16,50
-37,-16,49
-37,-17,50
-37,-16,50
-37,-17,49
-37,-16,49
-37,-16,49
-37,-16,50
-37,-16,50
-37,-17,49
-37,-16,50
-38,-16,49
-37,-16,49
-37,-16,50
-37,-16,50
-37,-16,50
-37,-16,50
-37,-16,49
-38,-16,49
-38,-16,49
-37,-16,50
-38,-16,49
-38,-16,49
-38,-16,50
-37,-16,49
-38,-16,49
-38,-16,49
-38,-16,49
-38,-16,49
-38,-15,49
-38,-15,49
-39,-16,49
-39,-16,49
-36,-15,51
-39,-15,49
-39,-15,49
-38,-15,49
-38,-15,49
-38,-15,49
-38,-15,49
-38,-15,49
-39,-15,49
-38,-15,49
-38,-15,49
-39,-15,49
-38,-15,49
-38,-15,49
-38,-14,49
-38,-14,49
-39,-14,49
-38,-14,49
-38,-14,49
-38,-14,50
-38,-14,49
-38,-15,49
-39,-14,50
-38,-14,49
-38,-14,49
-38,-14,50
-38,-14,49
-38,-15,50
-38,-15,50
-38,-14,50
-37,-14,50
-37,-14,50
-38,-15,50
-37,-14,50
-37,-14,50
-38,-15,50
-37,-15,50
-38,-15,50
-38,-14,50
-38,-15,50
-37,-14,50
-37,-14,50
-38,-15,50
-38,-14,50
-38,-15,50
-38,-14,50
-38,-15,50
-37,-14,50
-38,-14,50
-38,-15,50
-37,-14,50
-38,-14,50
-38,-14,50
-37,-15,50
-38,-14,50
-37,-15,50
-38,-15,50
-38,-15,50
-37,-14,50
-38,-15,50
-38,-14,50
-37,-14,50
-38,-14,50
-38,-15,50
-37,-15,49
-38,-16,49
-38,-15,50
-39,-15,49
-38,-16,49
-38,-16,50
-37,-15,50
-36,-15,51
-36,-16,51
-35,-16,52
-37,-16,51
-38,-16,49
-38,-15,49
-39,-13,50
-38,-13,49
-41,-11,48
-42,-10,48
-42,-8,48
-43,-7,48
-47,-4,47
-50,-4,48
-56,-2,47
-65,3,46
-64,4,55
-60,6,54
-56,8,53
-51,11,42
-56,13,39
-47,24,28
-46,24,19
-54,28,14
-49,31,17
-49,34,11
-53,32,6
-55,30,9
-51,29,12
-45,24,19
-39,17,35
-30,17,40
-29,20,35
-33,22,31
-39,23,26
-36,25,27
-12,30,25
4,28,22
8,5,17
-1,-10,14
-18,-42,17
-28,-66,22
-70,-122,23
-53,-116,40
-22,-106,49
27,-87,72
15,-83,64
-16,-67,48
-22,-61,44
-36,-57,38
-32,-50,38
-15,-38,36
-11,-38,33
-4,-38,32
-4,-38,33
-9,-38,32
-13,-42,28
-17,-46,23
-32,-58,21
-47,-73,24
-70,-107,18
-64,-112,4
-18,-83,-4
-8,-75,-3
-10,-78,-6
-9,-80,-4
-6,-73,4
-7,-69,6
-11,-56,4
-15,-45,0
-17,-43,-1
-22,-44,-1
-24,-46,-2
-23,-56,0
-19,-61,-1
-9,-69,3
-5,-71,16
0,-76,22
3,-82,24
-3,-80,29
-8,-71,31
-6,-60,28
4,-59,25
4,-62,22
-3,-72,16
-5,-73,13
-7,-69,9
-7,-64,9
-8,-53,4
-13,-47,2
-28,-45,0
-37,-50,1
-51,-55,3
-54,-55,3
-56,-59,8
-71,-76,9
-75,-84,7
-50,-97,2
-27,-87,4
-5,-63,8
-8,-68,8
-13,-72,11
-14,-68,13
-13,-59,9
-13,-56,7
-12,-56,3
-15,-58,2
-17,-58,2
-18,-62,1
-17,-66,1
-13,-66,1
-12,-69,2
-6,-78,0
-5,-74,1
-17,-58,10
-28,-50,17
-26,-46,20
-21,-48,20
-4,-61,20
10,-66,20
14,-65,22
7,-59,24
1,-56,22
-10,-53,15
-17,-54,12
-30,-60,11
-33,-64,12
-31,-64,18
-29,-64,20
-35,-67,23
-46,-76,24
-60,-95,21
-25,-107,14
-2,-91,14
-1,-73,11
-8,-75,9
-18,-75,6
-19,-72,3
-20,-62,-3
-20,-57,-4
-18,-48,-3
-18,-47,-3
-22,-51,-1
-21,-55,-1
-19,-63,-2
-10,-65,0
-6,-66,4
-1,-66,11
-1,-66,12
-8,-67,17
-15,-65,25
-17,-57,29
-12,-55,27
4,-59,25
9,-64,24
3,-76,20
-3,-71,13
-5,-67,10
-10,-58,4
-15,-56,3
-26,-51,0
-32,-52,0
-40,-59,1
-40,-62,2
-38,-64,8
-40,-67,12
-62,-82,18
-70,-92,18
-39,-115,9
6,-73,16
3,-66,12
-8,-74,8
-12,-80,10
-12,-77,11
-12,-69,8
-10,-65,2
-10,-61,1
-10,-57,-1
-13,-55,-2
-18,-54,-3
-18,-56,-4
-16,-60,-1
-14,-62,2
-9,-64,3
-3,-61,8
-6,-61,8
-21,-54,18
-24,-49,20
-21,-51,22
-16,-56,24
-9,-75,25
-4,-81,22
7,-77,18
8,-71,17
-1,-59,15
-15,-52,11
-22,-50,9
-33,-54,6
-36,-59,6
-35,-62,12
-31,-60,15
-30,-66,24
-33,-74,27
-47,-99,26
-19,-113,18
3,-96,17
11,-72,13
-1,-72,10
-17,-79,7
-20,-79,3
-19,-70,-6
-18,-65,-6
-15,-60,-5
-16,-57,-4
-17,-51,-4
-18,-49,-3
-17,-47,0
-16,-51,0
-6,-57,-1
-8,-63,3
-6,-66,6
-1,-68,10
-6,-70,9
-22,-61,20
-24,-59,22
-17,-59,32
-16,-66,35
0,-78,34
7,-79,31
13,-70,25
9,-65,18
-8,-54,7
-23,-48,1
-29,-46,-1
-37,-49,0
-39,-54,2
-34,-57,9
-32,-58,12
-34,-65,20
-38,-73,22
-47,-97,18
-39,-107,14
2,-91,15
9,-74,15
0,-71,10
-11,-78,10
-14,-76,9
-14,-63,2
-13,-58,0
-12,-54,0
-13,-55,0
-18,-51,-2
-21,-52,-3
-20,-58,-3
-18,-63,-2
-16,-64,3
-14,-66,5
-5,-66,8
-3,-66,14
-13,-61,22
-23,-49,30
-21,-47,28
-6,-55,28
2,-64,27
10,-71,21
10,-68,18
2,-59,12
-4,-55,10
-18,-48,5
-35,-48,2
-51,-51,-3
-67,-56,4
-61,-57,9
-41,-66,16
-31,-77,17
-18,-98,19
-12,-108,17
0,-114,11
1,-99,10
-3,-72,4
-7,-64,0
-5,-62,-6
-15,-59,-14
-17,-58,-22
-11,-50,-24
-15,-47,-19
-19,-47,-9
-23,-49,-7
-29,-56,-5
-29,-62,-8
-19,-70,-11
-14,-71,-6
-4,-69,8
-5,-65,9
-23,-68,2
-31,-72,5
-31,-71,9
-27,-62,19
-15,-59,22
17,-62,29
24,-67,31
21,-77,21
14,-75,18
0,-69,16
-5,-64,15
-10,-56,11
-11,-54,9
-13,-49,6
-14,-50,5
-14,-53,5
-14,-58,5
-15,-60,4
-31,-72,2
-43,-80,1
-63,-89,4
-72,-93,7
-53,-82,11
-26,-66,17
-10,-61,19
-15,-67,13
-17,-71,9
-12,-66,11
-12,-60,14
-18,-57,13
-20,-56,11
-22,-58,5
-21,-61,4
-14,-64,3
-10,-68,3
-5,-70,6
-5,-69,7
-5,-72,6
-6,-73,3
-7,-74,2
-17,-63,10
-25,-53,20
-24,-48,26
-12,-52,24
7,-64,21
12,-73,17
13,-75,11
9,-73,9
-5,-62,8
-15,-55,6
-29,-48,3
-32,-46,3
-27,-46,5
-18,-51,11
-14,-53,14
-17,-59,16
-24,-66,16
-50,-84,20
-63,-96,20
-43,-106,10
-13,-91,14
4,-57,18
-2,-60,14
-15,-67,12
-20,-69,10
-22,-66,7
-18,-62,2
-16,-60,1
-17,-59,0
-20,-60,0
-22,-59,-3
-19,-57,-3
-15,-62,-1
-12,-63,0
-7,-63,2
-6,-65,4
-7,-66,7
-11,-71,10
-14,-70,16
-23,-59,31
-18,-55,34
4,-55,33
11,-61,30
9,-78,18
5,-80,14
0,-73,7
-4,-64,6
-13,-50,1
-18,-45,-1
-29,-42,-3
-35,-47,-3
-35,-48,-3
-29,-51,2
-28,-52,7
-31,-61,15
-33,-70,17
-39,-99,19
-35,-117,18
5,-103,20
9,-76,22
-3,-59,16
-10,-61,14
-24,-75,14
-29,-74,7
-31,-74,3
-27,-66,-3
-22,-64,-5
-25,-57,-4
-31,-57,-4
-34,-54,-5
-33,-56,-6
-30,-58,-4
-27,-57,-1
-21,-54,6
-18,-54,8
-20,-47,11
-39,-43,17
-49,-42,22
-58,-46,33
-53,-49,35
-28,-46,39
-22,-50,40
-28,-55,39
-35,-55,35
-47,-50,24
-50,-43,18
-58,-32,14
-62,-24,12
-62,-21,11
-64,-15,9
-65,-13,9
-66,-8,9
-61,-2,11
-66,6,8
-75,2,4
-80,-8,0
-74,-9,1
-54,-9,8
-50,-10,7
-47,-8,5
-53,-13,0
-67,-19,-7
-67,-21,-6
-62,-17,-1
-58,-14,3
-59,-15,1
-61,-17,0
-60,-17,1
-61,-18,4
-61,-20,5
-62,-21,4
-64,-21,3
-63,-17,4
-63,-12,6
-64,-10,7
-67,-8,7
-66,-9,7
-72,-12,11
-64,-10,14
-63,-10,8
-63,-9,7
-69,-11,4
-71,-11,4
-64,-8,10
-65,-6,12
-72,-1,10
-70,3,14
-69,0,15
-71,-2,13
-66,-2,15
-48,-8,22
-42,-9,27
-43,-13,27
-50,-15,25
-35,-28,28
-36,-43,31
-43,-26,53
-50,-25,36
-43,-21,39
-55,-21,41
-62,-24,38
-47,-19,37
-39,-16,37
-28,-15,44
-21,-17,43
-34,-19,43
-46,-22,39
-53,-25,15
-66,-23,9
-68,-11,-10
-88,-7,-51
-95,-4,-65
-80,4,-50
-64,10,-41
-64,10,-47
-56,8,-47
-55,9,-40
-54,9,-34
-43,16,-17
-35,21,-7
-29,28,8
-31,29,14
-37,30,24
-35,25,26
-33,23,30
-30,21,38
-31,17,40
-33,15,40
-27,13,31
-48,7,14
-63,-3,21
-33,-9,46
-19,-9,49
-50,-30,42
-53,-38,51
-56,-40,56
-54,-42,54
-53,-43,54
-49,-41,48
-43,-37,47
-40,-36,43
-37,-34,43
-34,-31,43
-34,-31,41
-35,-28,40
-36,-27,40
-37,-25,41
-37,-24,41
-37,-23,43
-38,-25,47
-37,-26,48
-34,-28,48
-33,-28,49
-31,-26,48
-31,-25,47
-30,-22,49
-31,-20,50
-36,-17,52
-48,-19,55
-58,-32,58
-53,-34,58
-41,-28,50
-36,-24,41
-35,-23,38
-36,-24,37
-37,-24,37
-40,-24,38
-43,-25,38
-48,-27,39
-48,-28,40
-42,-27,40
-40,-26,39
-38,-25,37
-36,-25,37
-31,-23,38
-24,-23,36
-23,-24,35
-29,-34,36
-24,-35,34
-21,-36,34
-28,-41,32
-30,-45,30
-25,-46,30
-25,-51,33
-24,-56,31
-16,-58,26
-15,-61,24
-9,-63,22
-4,-74,20
-4,-78,19
-7,-85,19
-8,-86,19
-9,-81,17
-11,-77,14
-12,-69,12
-13,-66,11
-14,-62,9
-14,-61,9
-12,-61,10
-11,-62,12
-11,-63,12
-8,-63,14
-10,-64,15
-9,-63,15
-7,-63,16
-6,-62,17
-7,-63,16
-5,-62,16
-3,-62,18
-3,-61,17
0,-60,16
2,-58,19
0,-60,19
0,-58,16
-1,-61,13
-3,-62,14
-5,-63,14
-5,-62,14
-5,-63,18
-7,-63,19
-3,-64,17
-3,-63,17
-2,-62,20
-2,-63,19
0,-63,18
-1,-63,19
0,-62,19
-2,-62,18
0,-62,18
1,-61,17
1,-62,17
0,-62,18
2,-61,18
4,-62,17
3,-62,18
5,-61,22
4,-61,24
3,-58,27
3,-58,24
0,-60,24
-3,-58,25
-3,-58,26
-4,-58,25
-3,-58,25
-5,-57,26
-5,-58,25
-5,-58,25
-3,-58,25
-5,-58,26
-5,-58,25
-5,-58,27
-5,-59,27
-5,-59,28
-5,-58,28
-6,-58,28
-6,-59,27
-6,-58,27
-7,-58,26
-6,-58,26
-7,-59,25
-7,-59,25
-6,-59,25
-6,-59,24
-5,-60,24
-5,-59,24
-5,-59,24
-6,-60,24
-5,-60,23
-6,-59,23
-6,-59,24
-6,-61,24
-5,-61,25
-4,-61,26
-3,-60,26
-2,-58,26
-2,-58,27
-2,-58,27
-3,-59,27
-2,-59,28
-2,-59,28
-3,-59,28
-3,-58,28
-3,-58,27
-4,-57,26
-4,-56,25
-7,-55,24
-8,-56,24
-10,-57,24
-11,-58,25
-11,-58,25
-14,-59,24
-14,-58,25
-13,-58,26
-12,-59,26
-13,-60,25
-13,-61,25
-14,-61,24
-14,-61,24
-14,-61,22
-15,-61,22
-14,-61,21
-10,-63,20
-12,-64,19
-10,-63,19
-8,-63,18
-8,-63,18
-9,-63,18
-10,-62,15
-10,-60,14
-9,-58,14
-11,-58,12
-10,-58,12
-10,-59,12
-12,-60,13
-11,-65,14
-12,-65,14
-13,-64,17
-15,-63,19
-16,-60,22
-15,-58,24
-11,-59,22
-10,-59,25
-4,-60,27
-2,-60,27
-4,-60,26
-6,-59,26
-7,-59,24
-6,-58,25
-6,-58,25
-5,-62,26
-4,-63,27
-4,-63,28
-3,-62,29
-3,-59,28
-3,-58,27
-4,-58,26
-4,-57,26
-5,-57,25
-6,-56,26
-6,-56,27
-7,-57,27
-7,-56,27
-7,-56,26
-7,-56,26
-8,-56,25
-8,-56,25
-8,-57,27
-7,-58,27
-7,-59,29
-8,-59,29
-8,-60,29
-6,-59,28
-5,-58,27
-5,-57,25
-5,-57,25
-5,-58,24
-5,-58,24
-5,-59,25
-5,-59,25
-5,-58,27
-5,-58,27
-6,-57,27
-6,-57,27
-7,-57,26
-8,-58,26
-9,-59,26
-9,-60,26
-9,-61,26
-9,-60,26
-9,-60,25
-8,-59,24
-8,-59,24
-8,-58,24
-8,-58,24
-8,-58,23
-8,-58,24
-8,-58,24
-8,-58,25
-7,-58,25
-6,-58,25
-6,-57,26
-6,-57,26
-7,-58,26
-7,-58,26
-7,-58,26
-8,-59,26
-8,-58,26
-9,-58,26
-9,-59,25
-10,-59,25
-10,-59,25
-10,-59,24
-10,-60,24
-9,-61,24
-9,-61,24
-8,-61,24
-10,-60,21
-10,-60,21
-10,-60,21
-10,-59,21
-10,-58,22
-9,-59,22
-8,-59,23
-8,-59,23
-8,-59,22
-8,-58,23
-8,-59,23
-7,-61,25
-7,-61,26
-5,-61,27
-6,-61,27
-2,-61,31
-3,-59,37
-5,-54,32
-5,-52,33
-6,-52,32
-8,-52,29
-9,-53,28
-9,-53,29
-9,-53,28
-9,-54,31
-9,-55,33
-5,-59,30
-6,-60,30
-5,-61,30
-6,-63,29
-2,-72,22
-2,-74,19
-4,-72,16
-9,-64,14
-10,-61,13
-11,-56,13
-11,-55,13
-9,-53,15
-9,-54,15
-10,-60,17
-10,-64,16
-12,-69,12
-14,-66,10
-14,-64,9
-12,-60,9
-11,-59,9
-9,-59,11
-9,-61,12
-7,-61,14
-7,-61,15
-8,-62,15
-9,-62,16
-10,-64,15
-10,-66,14
-10,-69,14
-11,-70,15
-14,-67,18
-14,-63,22
-12,-62,23
-6,-62,23
-1,-62,22
7,-62,19
8,-64,18
-3,-67,13
-7,-68,8
1,-65,14
0,-61,15
1,-55,17
1,-54,18
-1,-51,16
-4,-54,18
-7,-55,19
-11,-57,21
-13,-58,23
-13,-63,29
-11,-64,33
-6,-66,34
-10,-70,29
-17,-69,17
-13,-67,15
-8,-62,10
1,-63,15
-5,-60,14
-9,-57,15
-9,-57,15
-9,-58,15
-9,-59,16
-10,-62,15
-11,-64,15
-12,-67,15
-12,-68,15
-9,-67,15
-8,-67,15
-3,-66,15
1,-61,17
1,-59,18
-1,-56,18
-2,-55,19
-5,-56,20
-6,-57,20
-7,-61,20
-7,-62,20
-7,-65,20
-7,-66,19
-6,-67,18
-4,-67,18
0,-65,19
2,-63,19
1,-61,18
-1,-59,17
-1,-59,18
-3,-58,17
-4,-59,16
-6,-60,16
-6,-60,16
-7,-60,15
-7,-59,16
-5,-59,18
-4,-59,18
-3,-59,19
-3,-60,19
-3,-60,19
-2,-62,20
-2,-64,22
-5,-65,22
-6,-64,22
-7,-63,21
-7,-63,20
-8,-62,20
-8,-62,19
-9,-61,19
-9,-61,19
-10,-62,19
-7,-63,20
-7,-63,20
-6,-63,19
-6,-63,18
-5,-62,16
-5,-61,15
-3,-61,13
-3,-60,13
-3,-61,13
-4,-61,12
-5,-60,13
-5,-59,13
-6,-60,13
-7,-61,14
-8,-61,14
-8,-64,16
-8,-65,17
-7,-65,18
-6,-65,18
-6,-63,16
-5,-62,16
-6,-61,14
-6,-61,14
-7,-61,13
-8,-62,12
-8,-62,12
-8,-63,12
-8,-63,12
-7,-63,12
-7,-63,12
-7,-62,13
-6,-62,13
-5,-62,14
-5,-63,14
-5,-63,14
-5,-63,14
-5,-64,13
-5,-64,13
-4,-64,12
-4,-63,11
-4,-62,11
-5,-62,11
-5,-62,11
-5,-62,12
-6,-62,13
-6,-63,14
-7,-64,15
-8,-63,16
-8,-63,16
-8,-62,15
-8,-62,13
-8,-62,13
-8,-63,12
-8,-63,11
-9,-64,12
-8,-64,12
-7,-63,13
-7,-63,14
-7,-62,14
-7,-62,14
-7,-62,13
-8,-63,13
-8,-64,13
-9,-64,14
-7,-64,15
-7,-64,15
-6,-63,14
-7,-62,13
-7,-61,13
-8,-61,12
-8,-62,12
-8,-62,13
-8,-63,13
-8,-63,13
-8,-63,13
-7,-63,13
-7,-62,14
-7,-62,14
-7,-63,14
-7,-63,14
-7,-63,14
-7,-63,14
-7,-62,14
-7,-62,14
-7,-62,13
-6,-62,13
-7,-61,13
-7,-61,13
-7,-61,13
-8,-62,13
-8,-62,13
-8,-62,14
-8,-63,14
-8,-63,13
-7,-62,14
-7,-62,14
-7,-62,14
-7,-62,14
-7,-62,14
-8,-63,14
-7,-63,14
-7,-62,14
-7,-63,13
-7,-63,13
-7,-63,14
-7,-63,14
-7,-62,14
-7,-62,14
-7,-62,13
-7,-62,13
-7,-62,14
-7,-62,13
-7,-62,13
-7,-62,13
-7,-62,13
-7,-62,14
-7,-62,14
-7,-62,14
-7,-62,14
-8,-62,13
-8,-62,14
-8,-63,14
-8,-63,14
-8,-63,14
-7,-62,13
-7,-62,13
-7,-62,13
-7,-62,14
-7,-62,14
-7,-62,14
-8,-62,14
-8,-62,13
-8,-62,13
-8,-62,13
-7,-62,13
-7,-63,14
-7,-62,14
-7,-62,14
-7,-62,13
-7,-62,13
-7,-62,14
-8,-62,13
-8,-62,14
-8,-62,14
-8,-63,14
-8,-63,14
-8,-62,13
-8,-62,13
-8,-62,13
-8,-63,13
-8,-63,13
-8,-63,13
-8,-63,13
-8,-62,13
-8,-63,13
-8,-63,13
-8,-63,13
-8,-63,13
-8,-63,13
-7,-63,13
-7,-62,13
-7,-63,12
-7,-62,12
-7,-62,12
-7,-62,13
-8,-63,13
-8,-63,13
-8,-63,13
-8,-62,13
-8,-62,13
-7,-62,13
-8,-63,13
-7,-63,13
-8,-63,12
-8,-63,13
-8,-63,13
-7,-62,13
-7,-63,13
-8,-62,13
-8,-62,13
-7,-62,14
-8,-62,14
-8,-62,13
-8,-63,13
-8,-62,14
-8,-62,14
-8,-62,13
-8,-63,13
-8,-63,14
-8,-63,14
-8,-63,14
-8,-63,14
-7,-63,14
-7,-63,13
-7,-63,14
-8,-64,13
-9,-64,15
-8,-62,18
-9,-61,18
-7,-62,17
-8,-63,16
-6,-60,20
-5,-59,18
-5,-59,18
-5,-59,19
-5,-60,20
-5,-60,20
-4,-60,20
-4,-59,22
-4,-60,21
-5,-62,20
-6,-61,22
-5,-60,22
-7,-60,22
-6,-59,23
-5,-59,25
-5,-59,24
-3,-61,22
-4,-60,24
-3,-60,23
-3,-60,23
-3,-59,25
-3,-59,23
-5,-59,16
-8,-59,34
-5,-58,23
-3,-58,22
-9,-62,21
-4,-59,25
-5,-59,25
-4,-61,22
-6,-58,26
-5,-59,24
-7,-59,24
-7,-60,26
-5,-60,24
-7,-60,21
-8,-60,21
-7,-60,20
-5,-54,25
-5,-54,25
-8,-58,18
-6,-57,21
-8,-62,16
-10,-65,14
-13,-66,10
-12,-66,10
-13,-65,10
-12,-63,12
-10,-63,14
-10,-62,13
-6,-64,12
-4,-65,10
-2,-66,10
-2,-67,10
-3,-66,9
-5,-66,7
-4,-64,7
-3,-60,6
-2,-59,7
-4,-56,7
-7,-55,7
-9,-55,7
-12,-55,8
-16,-58,9
-23,-61,8
-27,-64,9
-33,-67,12
-33,-68,14
-31,-70,17
-24,-70,18
-10,-70,18
-3,-68,18
7,-67,15
9,-66,13
5,-70,6
-1,-68,3
-10,-64,-2
-15,-68,-2
-16,-69,-1
-17,-77,3
-19,-79,6
-29,-74,8
-30,-70,7
-30,-64,9
-29,-64,13
-34,-64,14
-32,-64,10
-38,-59,6
-50,-52,2
-51,-48,1
-45,-38,8
-44,-35,12
-48,-30,14
-49,-28,15
-43,-27,23
-38,-28,26
-39,-29,23
-44,-29,21
-48,-31,22
-32,-29,24
-46,-22,13
-70,-22,6
-73,-20,15
-71,-15,27
-71,-14,24
-65,-11,21
-61,-11,21
-61,-14,25
-66,-17,26
-62,-17,33
-67,-13,29
-63,-11,20
-55,-8,19
-54,-8,21
-48,-6,22
-47,-6,22
-46,-6,29
-47,-11,36
-59,-14,43
-62,-9,41
-56,-5,38
-50,-3,38
-48,-6,37
-49,-7,38
-56,-8,42
-44,-9,46
-35,-9,48
-33,-7,50
-36,-10,51
-34,-10,54
-31,-10,55
-26,-12,55
-25,-11,54
-26,-10,51
-25,-10,50
-24,-9,48
-33,-9,43
-53,-8,36
-68,-7,36
-66,-8,36
-57,-6,36
-53,-6,35
-62,-7,26
-61,-7,23
-57,-8,22
-55,-7,20
-60,-6,15
-63,-5,13
-69,-5,11
-67,-6,11
-66,-8,9
-72,-8,13
-69,-7,16
-68,1,25
-69,1,27
-47,-5,40
-46,-6,42
-50,-8,41
-47,-8,42
-38,-9,44
-34,-10,45
-32,-9,47
-30,-7,48
-44,-14,47
-35,-8,46
-33,-3,39
-63,-4,23
-61,0,25
-69,6,21
-70,3,20
-58,9,9
-63,10,15
-61,0,8
-55,4,3
-77,12,1
-102,9,-5
-66,7,9
-63,1,13
-58,0,16
-75,7,9
-84,9,9
-61,2,26
-65,1,26
-54,-4,33
-44,-8,40
-32,-11,46
-27,-10,48
-29,-7,52
-43,-9,47
-39,-9,47
-37,-3,48
-38,-4,46
-53,-8,31
-55,-2,24
-52,-6,27
-60,-11,23
-56,-1,17
-61,-4,17
-58,-12,21
-58,-10,14
-67,-4,5
-59,-3,-5
-69,3,2
-79,-2,-3
-79,-2,-2
-78,-6,0
-80,-6,-4
-60,2,11
-63,2,10
-65,-1,11
-67,1,16
-72,-2,18
-63,-2,24
-56,-4,29
-57,-7,29
-61,-8,32
-45,-12,37
-44,-9,42
-50,-10,41
-47,-11,43
-24,-10,51
-29,-10,51
-44,-15,43
-48,-10,42
-45,-8,44
-42,-11,47
-46,-15,48
-44,-15,48
-37,-17,49
-35,-21,48
-34,-22,47
-31,-25,49
-31,-24,48
-29,-24,44
-27,-26,45
-23,-28,39
-29,-27,41
-27,-24,47
-28,-21,44
-40,-14,31
-51,-11,36
-72,-3,35
-68,-5,43
-57,1,52
-54,-3,45
-53,-5,42
-49,-3,41
-50,-4,39
-50,-4,34
-62,-5,28
-54,-2,32
-54,-3,31
-62,-5,30
-59,-4,32
-60,-5,31
-58,-6,31
-56,-6,33
-57,-8,32
-60,-8,30
-60,-5,28
-58,-6,28
-51,-7,24
-51,-7,25
-55,-8,22
-61,-8,20
-67,-7,17
-68,-7,13
-67,-6,13
-63,-4,9
-62,-4,8
-63,-3,2
-62,-1,3
-70,0,-9
-73,0,-14
-72,2,-11
-69,3,-11
-67,3,-11
-68,4,-9
-72,6,-10
-63,8,-13
-62,7,-13
-54,4,-4
-53,3,-1
-55,1,-1
-59,1,-4
-54,2,-8
-56,4,-10
-67,5,-17
-70,5,-19
-69,6,-19
-63,5,-13
-63,5,-14
-65,4,-18
-66,3,-18
-65,2,-14
-64,1,-12
-64,1,-12
-64,2,-15
-66,3,-16
-65,2,-13
-62,4,-13
-62,4,-11
-62,7,-10
-60,3,-11
-63,5,-13
-70,3,-19
-70,3,-22
-71,1,-23
-69,1,-18
-69,0,-19
-63,1,-14
-57,0,-6
-59,1,-3
-63,3,0
-63,4,0
-57,3,2
-62,4,4
-67,4,2
-68,4,0
-66,5,-1
-63,5,1
-63,5,3
-63,4,2
-65,4,2
-64,5,1
-63,5,3
-66,5,4
-66,4,3
-65,4,3
-63,5,2
-62,4,2
-64,4,2
-64,5,2
-66,4,4
-65,4,3
-63,5,1
-63,4,1
-66,1,2
-69,2,3
-65,4,2
-63,5,1
-62,5,-1
-65,4,0
-65,4,1
-65,3,1
-66,4,1
-66,4,0
-66,4,0
-67,5,-2
-65,4,-1
-63,3,1
-65,2,3
-65,1,4
-69,3,2
-67,4,2
-62,3,2
-62,2,1
-65,1,2
-67,1,2
-65,3,0
-66,3,0
-66,1,2
-68,3,2
-62,3,-1
-59,2,-2
-62,2,0
-61,2,3
-66,2,0
-66,3,-1
-65,4,-2
-60,4,-2
-61,4,-3
-62,4,-9
-61,3,-12
-63,4,-17
-64,5,-19
-64,4,-23
-63,4,-24
-63,2,-24
-59,3,-25
-60,3,-25
-62,3,-29
-62,4,-29
-59,6,-25
-61,6,-27
-62,6,-33
-60,6,-31
-61,5,-27
-60,3,-24
-61,3,-23
-61,3,-23
-61,2,-22
-60,2,-21
-59,1,-20
-60,1,-20
-60,2,-20
-60,1,-21
-61,1,-19
-59,2,-20
-57,2,-21
-56,2,-22
-55,2,-23
-53,3,-29
-52,3,-40
-50,4,-47
-52,5,-55
-45,7,-52
-40,8,-46
-40,7,-48
-39,9,-49
-36,8,-54
-42,6,-52
-47,5,-52
-44,2,-51
-34,-2,-42
-46,0,-47
-46,1,-51
-41,-1,-49
-46,1,-49
-49,1,-50
-41,2,-54
-40,0,-59
-46,3,-58
-36,0,-63
-36,-2,-77
-36,1,-79
-41,8,-70
-41,12,-65
-48,14,-44
-34,19,-15
-27,25,25
-12,18,12
30,33,48
-8,18,42
-34,5,24
-128,-4,-76
-97,24,-28
-67,43,7
-20,34,33
40,17,42
50,25,67
-22,-5,24
-128,-1,-77
-79,21,-37
-53,33,6
-5,18,47
34,20,63
14,15,59
-112,-17,-35
-128,-11,-82
-93,30,-53
-74,34,-6
40,14,75
27,14,62
-12,7,47
-128,-12,-91
-100,12,-81
-77,34,-1
35,23,78
25,12,61
15,12,65
-128,-24,-69
-128,-2,-82
-115,34,-31
-20,31,41
33,14,65
12,8,60
-128,-24,-38
-111,11,-77
-106,31,-49
47,26,83
49,16,70
8,5,58
-85,-18,-12
-123,8,-68
-95,29,-60
27,29,70
61,20,76
6,2,58
-76,-18,1
-128,5,-71
-99,40,-16
12,31,59
27,9,63
2,1,56
-128,-30,-65
-128,1,-76
-90,45,-15
5,34,51
17,5,59
-14,-3,45
-128,-19,-59
-113,14,-57
-45,43,18
12,16,66
-16,4,41
-128,-24,-31
-128,-3,-49
-47,43,12
-4,41,35
-6,16,36
-56,-11,8
-128,1,-45
-68,26,-25
-17,39,26
-39,16,26
-77,-8,-4
-90,11,-26
-61,20,-12
-47,25,3
-45,24,13
-61,9,11
-66,7,4
-70,13,-4
-70,17,-6
-64,18,-1
-61,17,4
-63,14,6
-62,15,4
-63,16,3
-64,17,2
-62,17,2
-63,16,3
-63,16,2
-63,16,2
-62,16,3
-63,16,2
-62,16,3
-63,16,2
-63,16,3
-63,16,2
-62,16,3
-63,16,2
-74,13,-5
-85,10,-12
-88,15,-17
-61,23,5
-28,26,37
-17,25,43
-18,15,37
-6,20,49
-27,18,42
-59,8,30
-128,-9,-102
-60,28,-21
-91,40,-3
11,21,46
20,10,36
22,17,71
-26,7,46
-128,-25,-128
-102,-1,-91
-128,34,-37
-18,31,30
20,17,53
12,10,60
-37,2,27
-128,-18,-111
-93,3,-78
-106,25,-23
8,26,41
35,14,57
5,5,43
-35,1,16
-126,-25,-73
-99,-16,-79
-117,7,-46
-41,20,21
64,13,74
5,13,45
-23,-1,26
-68,-15,-23
-128,-29,-112
-97,3,-56
-82,21,-10
-12,23,31
57,11,62
1,10,38
-27,-3,28
-116,-29,-62
-116,-16,-76
-128,19,-27
-49,25,19
97,10,66
31,15,41
-8,3,51
-67,-21,-12
-128,-49,-105
-128,-10,-54
-86,17,2
-13,17,37
64,10,65
-6,8,27
-29,-5,25
-128,-42,-113
-128,-16,-66
-114,16,-6
-53,21,22
82,12,64
38,7,49
1,-1,40
-43,-8,15
-128,-40,-118
-125,-19,-78
-125,8,-25
-62,16,5
53,9,56
12,12,42
0,9,42
-84,-16,-20
-128,-43,-95
-114,-7,-53
-118,5,-25
-43,17,16
7,15,43
45,7,56
-1,14,41
-48,-1,23
-119,-30,-48
-128,-19,-61
-94,12,6
-54,21,27
49,11,51
51,9,55
-26,8,35
-48,2,25
-128,-30,-74
-128,-18,-68
-99,11,-5
-67,20,15
49,16,56
46,10,57
-17,8,39
-115,-29,-43
-128,-31,-72
-111,3,-21
-101,13,1
27,21,50
57,9,58
-10,8,36
-21,2,36
-128,-32,-56
-128,-23,-74
-113,4,-23
-100,15,-3
27,22,55
30,4,49
-2,10,39
-57,-5,13
-128,-20,-40
-128,-21,-61
-114,-6,-28
-63,23,24
-3,25,47
14,1,36
-3,7,39
-37,10,30
-94,-6,-17
-128,-10,-37
-100,5,-15
-81,13,7
-40,17,27
-23,15,31
-4,14,43
-20,15,39
-46,10,24
-87,-2,-5
-102,8,-9
-73,14,5
-65,15,14
-47,14,19
-45,12,20
-49,14,26
-54,15,25
-59,13,20
-67,11,16
-71,12,13
-65,13,15
-58,14,19
-57,14,19
-60,15,19
-60,15,20
-59,13,20
-59,13,21
-60,13,21
-61,14,20
-60,14,20
-59,15,21
-58,15,21
-59,14,20
-60,13,20
-60,14,20
-60,14,20
-59,14,20
-59,14,21
-60,14,20
-60,14,20
-60,14,20
-59,14,20
-60,14,20
-61,14,20
-61,14,20
-60,14,20
-60,14,19
-60,14,20
-60,14,19
-60,14,20
-60,15,20
-60,14,19
-60,14,19
-61,14,19
-61,14,18
-61,15,18
-61,14,18
-61,15,18
-60,15,18
-59,15,18
-60,15,18
-61,14,17
-61,15,18
-61,15,17
-61,14,17
-61,15,17
-61,14,17
-61,15,17
-61,14,17
-61,14,17
-61,14,17
-61,15,17
-60,15,17
-62,15,16
-62,15,16
-61,14,15
-61,14,15
-62,14,15
-62,14,15
-62,14,14
-61,15,15
-62,14,15
-62,14,15
-61,15,15
-62,14,15
-61,15,15
-61,15,15
-62,14,14
-61,14,15
-61,14,15
-62,14,15
-62,15,16
-62,15,15
-60,15,14
-59,15,15
-62,15,14
-64,15,12
-62,16,11
-60,16,13
-60,15,13
-62,16,13
-63,16,13
-65,15,10
-63,14,9
-64,14,8
-61,14,10
-60,17,8
-66,15,2
-64,16,9
-60,17,15
-56,16,18
-57,16,16
-64,16,10
-70,13,7
-65,13,11
-64,15,6
-64,16,5
-60,18,12
-54,19,18
-54,18,20
-58,17,16
-72,13,7
-77,11,6
-66,18,11
-63,20,9
-50,18,15
-41,16,29
-42,18,33
-59,12,20
-80,7,7
-82,14,6
-66,20,6
-57,19,13
-43,19,24
-29,15,35
-39,14,34
-59,11,18
-96,3,-10
-85,13,-6
-65,21,3
-54,19,14
-29,16,35
-36,13,30
-72,11,15
-73,14,11
-67,15,6
-69,15,5
-59,15,12
-58,15,14
-57,15,15
-60,16,13
-64,16,10
-64,15,10
-64,15,9
-63,15,10
-61,15,11
-62,15,10
-62,16,10
-63,16,10
-63,16,10
-62,15,9
-62,15,10
-62,15,10
-62,15,10
-63,15,10
-65,13,8
-71,11,4
-86,11,-8
-75,19,1
-51,25,22
-34,21,36
-12,14,45
-20,13,46
-39,11,31
-49,10,23
-127,-5,-34
-126,2,-40
-74,30,-9
-45,24,20
-13,18,42
2,15,48
-17,13,44
-64,-5,7
-125,-16,-46
-99,11,-41
-78,29,-17
-40,24,24
11,21,52
-7,9,45
-27,1,23
-108,-17,-33
-117,8,-49
-87,20,-22
-39,23,27
19,22,53
-14,8,39
-27,9,42
-119,-18,-40
-128,-11,-66
-93,24,-26
-94,27,-12
30,21,60
-12,5,43
-24,3,37
-128,-15,-46
-128,-4,-61
-99,26,-26
-84,26,-5
32,19,61
7,7,47
-32,2,27
-82,-11,-13
-128,-2,-59
-106,13,-45
-78,26,0
30,15,57
20,8,48
-30,1,29
-70,-10,-8
-128,-7,-66
-110,8,-56
-88,27,-14
-43,26,13
35,19,49
4,11,38
-54,-5,5
-128,-19,-55
-109,9,-61
-85,28,-7
-38,27,23
25,16,50
-5,10,41
-45,-3,18
-104,-17,-34
-120,4,-58
-101,18,-33
-41,24,22
7,21,49
-15,7,39
-56,-7,3
-116,-14,-38
-110,13,-49
-99,24,-28
-25,24,34
17,20,54
-18,5,37
-30,2,29
-117,-18,-50
-121,-13,-66
-102,15,-49
-93,26,-24
-2,23,41
6,10,44
-25,2,32
-82,-15,-22
-128,-14,-61
-102,12,-51
-100,22,-33
-37,20,22
11,18,51
-1,7,43
-29,2,33
-62,-8,-8
-127,-13,-57
-106,4,-60
-90,19,-23
-69,17,-6
9,14,45
26,13,48
-33,8,27
-43,4,16
-128,-16,-74
-116,-3,-64
-91,17,-30
-82,17,-15
18,14,50
31,11,54
-29,5,35
-62,-9,-10
-128,-18,-63
-99,-2,-59
-96,9,-43
-73,16,-8
-29,15,23
23,14,51
-4,14,44
-39,6,26
-54,-1,6
-128,-13,-66
-110,-1,-62
-93,18,-26
-36,19,16
3,21,41
-3,18,41
-27,11,33
-61,-2,0
-113,-17,-57
-98,0,-60
-85,16,-39
-64,22,-1
-15,21,35
20,14,51
-14,5,38
-45,1,19
-128,-16,-71
-113,-4,-63
-93,19,-34
-88,21,-20
-15,18,33
16,17,52
-17,8,37
-34,4,29
-72,-7,-21
-126,-17,-71
-88,5,-53
-87,16,-42
-69,21,-11
10,17,46
26,16,52
-25,6,35
-37,4,28
-128,-17,-53
-128,-4,-51
-85,19,-30
-89,24,-16
-21,19,33
12,17,51
-5,11,43
-28,5,35
-82,-7,-18
-124,-3,-56
-90,9,-38
-82,20,-14
-46,18,16
27,7,54
15,4,50
-45,1,27
-50,1,13
-128,-16,-58
-97,-2,-35
-84,17,-18
-59,13,13
-31,12,34
-18,10,38
-24,8,32
-68,8,20
-80,10,13
-92,13,3
-78,12,9
-57,13,23
-50,13,24
-44,16,25
-45,17,25
-48,15,21
-57,14,17
-60,14,13
-67,15,8
-68,17,7
-70,16,3
-68,17,5
-64,15,5
-62,14,5
-62,13,4
-64,12,2
-65,12,3
-65,13,3
-65,13,3
-62,14,5
-62,13,5
-64,13,2
-65,13,1
-64,11,0
-64,12,1
-65,14,1
-64,12,0
-60,12,5
-58,13,6
-65,12,-1
-68,12,-3
-68,11,-6
-64,11,-3
-63,11,-2
-62,11,-1
-63,11,-2
-63,12,-1
-63,11,-2
-64,11,-1
-64,11,-1
-65,11,-3
-65,12,-2
-62,12,-3
-63,12,-4
-63,12,-4
-65,12,-4
-64,12,-4
-64,11,-4
-64,11,-4
-64,11,-5
-63,11,-5
-65,11,-6
-64,11,-6
-67,11,-5
-65,11,-1
-63,12,0
-61,12,1
-61,12,0
-64,12,-1
-63,12,0
-64,12,0
-64,12,0
-65,13,0
-64,12,0
-63,12,1
-63,12,0
-64,11,-1
-64,11,-1
-64,14,2
-62,11,1
-64,10,-3
-66,10,-3
-66,11,-2
-63,11,0
-63,11,-1
-63,11,-1
-64,11,-2
-64,11,-1
-64,11,-2
-64,11,-2
-65,10,-2
-64,11,-2
-64,11,-2
-64,11,-2
-64,11,-3
-64,12,-7
-67,10,-4
-69,9,-2
-64,11,2
-58,11,6
-56,11,5
-59,12,3
-67,11,-2
-67,11,-1
-64,11,0
-63,12,1
-63,11,0
-64,12,-1
-64,11,0
-65,12,0
-66,11,-1
-61,11,4
-62,10,2
-65,10,-2
-64,11,-2
-64,11,-1
-64,11,-1
-64,11,-1
-64,11,-2
-64,11,-2
-64,11,-2
-64,11,-2
-64,11,-3
-64,11,-3
-64,11,-3
-64,11,-3
-65,11,-3
-64,11,-3
-64,10,-3
-64,10,-3
-63,10,-2
-64,10,-5
-63,11,-5
-63,12,-5
-61,11,-7
-70,13,-4
-64,13,-5
-61,14,-11
-61,14,-15
-61,15,-16
-62,15,-16
-65,15,-13
-65,15,-11
-64,13,-11
-63,13,-10
-61,13,-11
-60,13,-12
-60,14,-11
-64,15,-10
-64,16,-10
-66,15,-10
-64,14,-9
-62,14,-5
-63,13,-5
-63,12,-5
-62,14,-3
-64,16,-1
-54,6,-1
-55,8,0
-56,9,-4
-52,6,-5
-63,5,-13
-67,4,-16
-73,6,-38
-66,5,-38
-61,5,-43
-60,4,-40
-59,5,-27
-66,5,-22
-63,10,-9
-61,11,-11
-61,13,-7
-61,11,-12
-65,10,-18
-65,7,-2
-63,7,8
-67,5,10
-63,5,11
-61,0,18
-65,2,17
-58,0,18
-54,1,30
-53,-1,19
-54,6,29
-60,5,24
-58,2,18
-62,1,25
-62,-2,44
-49,-1,40
-43,4,31
-51,4,16
-53,6,-22
-79,7,-56
-71,14,-102
-53,27,-59
-55,26,-26
-44,16,35
-35,14,47
-34,10,37
-59,7,-2
-89,9,-60
-80,21,-67
-57,27,-32
-51,24,-13
-47,21,17
-47,18,22
-51,16,16
-61,18,-3
-64,20,-12
-64,24,-14
-62,25,-8
-63,25,0
-63,25,1
-56,24,5
-57,23,2
-61,23,-5
-64,23,-9
-61,24,-10
-62,24,-8
-63,25,-6
-61,23,-6
-62,24,-5
-64,22,-9
-60,22,-5
-59,20,-1
-60,19,-4
-60,21,1
-63,22,0
-61,21,-1
-58,21,3
-61,21,3
-62,21,2
-61,21,2
-62,21,2
-61,22,2
-59,21,3
-61,21,3
-61,21,3
-62,22,3
-54,22,9
-52,19,7
-71,22,-1
-66,15,-19
-63,21,-3
-62,21,6
-62,20,4
-62,21,0
-62,21,-1
-63,22,-1
-63,22,-2
-61,21,-1
-61,21,0
-63,20,1
-63,21,0
-62,21,0
-64,19,-4
-62,21,2
-61,21,-1
-61,22,2
-58,21,8
-58,20,9
-62,22,4
-59,21,2
-60,22,6
-60,22,5
-62,21,2
-61,21,2
-61,22,2
-61,21,2
-60,23,5
-57,23,7
-57,22,5
-65,16,-10
-62,18,-9
-66,20,-4
-68,21,-3
-62,22,2
-62,20,1
-64,21,2
-61,22,6
-62,20,-2
-61,21,5
-58,21,2
-60,22,7
-58,21,5
-64,20,2
-60,20,4
-59,16,3
-64,15,8
-66,11,13
-62,9,15
-68,3,21
-64,3,24
-59,6,21
-54,5,25
-49,5,22
-56,4,19
-62,7,18
-55,16,14
-60,16,10
-57,19,3
-55,19,-4
-51,10,-23
-52,7,-32
-71,-1,-46
-78,-1,-49
-70,-4,-38
-52,-1,-26
-47,-3,-28
-39,-2,-27
-52,0,-35
-54,4,-51
-54,6,-51
-44,5,-46
-43,4,-45
-50,5,-48
-48,5,-48
-41,4,-44
-46,5,-47
-45,5,-51
-43,6,-52
-41,7,-56
-42,6,-48
-41,8,-49
-47,8,-53
-46,7,-55
-45,6,-61
-50,6,-65
-54,13,-66
-54,16,-57
-46,19,-33
-42,22,-22
-26,28,4
-21,25,16
-15,23,21
-7,18,27
12,23,46
-9,20,73
-45,17,58
-68,17,21
-65,12,-6
-119,8,-64
-65,15,-44
-81,25,-25
-40,27,36
-39,24,34
-1,23,46
-20,20,42
-34,17,44
-44,5,17
-128,-8,-81
-86,11,-59
-86,30,-34
-65,34,0
-22,25,35
9,19,42
-11,14,55
-33,2,33
-97,-6,-27
-89,10,-50
-65,26,-40
-56,32,8
-23,32,39
-1,15,53
-7,10,54
-32,5,31
-91,-6,-25
-101,6,-58
-72,23,-50
-64,30,0
-6,26,53
-4,17,53
-27,10,47
-33,4,26
-116,-5,-64
-101,2,-72
-82,26,-41
-69,29,-7
-7,25,55
-8,16,52
-29,9,43
-39,1,19
-100,3,-51
-70,23,-53
-83,28,-31
-34,26,36
-9,23,52
-15,10,44
-27,10,42
-61,-5,-9
-116,-5,-56
-81,16,-66
-78,26,-49
-48,28,19
-12,26,47
-6,10,43
-35,8,39
-49,-1,13
-112,2,-54
-99,10,-63
-82,28,-24
-64,27,6
-8,22,50
-6,14,46
-28,9,43
-38,4,27
-115,-4,-52
-79,17,-61
-83,26,-40
-47,26,21
-15,24,47
-4,8,46
-16,8,46
-50,-2,11
-106,-5,-34
-97,8,-65
-76,21,-52
-67,25,0
-37,23,30
-2,17,49
-20,7,44
-41,7,38
-108,-4,-34
-109,5,-49
-72,21,-47
-80,25,-24
-37,25,34
-14,22,52
-15,6,44
-31,7,41
-79,-7,-15
-112,4,-39
-77,18,-51
-73,25,-7
-45,24,24
-10,16,50
-13,8,44
-37,8,38
-45,3,20
-112,2,-49
-104,6,-60
-81,25,-33
-76,26,-8
-27,23,43
-9,18,52
-16,6,45
-45,7,31
-56,-3,2
-106,3,-52
-91,10,-57
-81,25,-28
-71,26,0
-24,22,45
-9,18,50
-18,4,42
-33,6,42
-57,-5,-3
-105,7,-51
-87,14,-53
-79,27,-21
-65,27,8
-24,20,45
-11,16,46
-19,3,45
-33,6,42
-72,-8,-15
-115,1,-42
-81,20,-50
-71,27,-34
-51,26,24
-7,17,49
-15,7,42
-39,6,37
-49,1,19
-116,1,-50
-103,8,-59
-76,26,-32
-72,26,-4
-17,23,48
-11,14,45
-24,5,42
-49,5,28
-115,-7,-47
-87,13,-57
-77,20,-46
-56,29,13
-28,25,37
-8,13,40
-18,9,38
-47,7,26
-68,-4,-6
-110,5,-50
-89,16,-51
-79,26,-17
-62,25,6
-17,20,42
-25,10,36
-29,8,36
-52,0,10
-89,-7,-26
-97,6,-53
-77,17,-46
-77,26,-11
-60,24,9
-20,19,42
-22,12,37
-30,6,33
-39,6,30
-74,-9,-17
-101,3,-55
-82,14,-54
-77,28,-19
-66,26,3
-14,21,44
-7,15,45
-20,3,38
-39,3,32
-95,-13,-36
-112,1,-50
-80,19,-50
-85,25,-26
-54,20,22
-6,11,52
-13,3,46
-33,1,35
-46,2,15
-117,-8,-53
-98,3,-58
-79,20,-35
-78,23,-11
-37,18,33
-11,15,47
-23,4,37
-36,3,31
-74,-4,-14
-97,-2,-57
-86,7,-56
-83,20,-20
-72,16,-3
-11,16,48
-1,11,50
-24,3,37
-39,3,28
-109,-10,-33
-116,-1,-47
-85,15,-44
-84,20,-23
-57,18,19
-3,10,48
-5,6,44
-20,2,40
-44,1,25
-126,-11,-42
-106,3,-46
-80,17,-37
-80,20,-17
-52,16,21
-23,13,42
-15,5,41
-41,3,29
-58,-1,7
-107,2,-30
-85,8,-31
-75,15,-26
-71,17,-11
-58,17,13
-51,15,21
-44,12,25
-47,11,22
-59,8,14
-66,9,11
-71,13,9
-65,13,10
-63,16,13
-62,16,14
-61,14,17
-59,14,16
-57,12,16
-54,10,19
-58,12,17
-65,14,17
-60,16,19
-57,17,13
-56,19,13
-60,20,13
-65,20,13
-67,20,11
-63,20,10
-63,19,9
-64,17,12
-63,17,15
-61,17,19
-59,16,21
-52,16,25
-53,17,24
-54,19,24
-55,19,22
-54,21,24
-61,18,20
-62,20,20
-59,20,22
-59,21,22
-53,19,24
-59,20,25
-56,18,24
-57,19,24
-57,20,21
-57,19,20
-57,19,20
-59,19,19
-60,19,19
-59,17,16
-61,18,16
-64,20,17
-61,19,16
-57,18,17
-60,17,16
-62,18,15
-60,18,15
-60,18,16
-60,17,15
-62,17,15
-60,17,15
-61,17,15
-62,17,14
-62,17,15
-61,17,15
-60,17,15
-61,17,15
-62,17,15
-62,17,15
-61,17,16
-60,17,16
-61,16,16
-62,17,16
-60,16,17
-61,17,17
-59,16,18
-58,15,17
-61,17,17
-61,17,17
-60,16,18
-57,15,19
-57,17,19
-66,17,14
-67,17,10
-65,16,12
-60,15,17
-58,15,17
-59,15,17
-60,17,15
-59,17,16
-60,16,17
-60,16,17
-61,17,16
-61,16,16
-61,17,16
-60,17,16
-60,16,16
-60,17,16
-61,17,16
-61,17,16
-61,17,16
-60,17,16
-61,17,16
-60,17,16
-61,17,15
-61,17,16
-60,17,15
-62,17,15
-61,17,16
-59,16,16
-62,16,16
-62,16,15
-60,16,17
-61,17,16
-60,17,17
-59,16,17
-60,17,17
-61,17,17
-60,16,17
-59,16,17
-61,17,17
-61,16,16
-60,17,17
-59,15,18
-59,16,18
-61,17,17
-59,15,17
-62,16,17
-62,17,16
-59,15,17
-60,15,16
-61,17,16
-59,17,17
-62,16,15
-63,16,14
-62,16,15
-60,16,15
-60,16,15
-62,16,15
-61,16,14
-61,16,15
-61,16,16
-61,16,15
-61,16,15
-61,16,15
-61,16,15
-61,17,15
-60,16,15
-62,16,15
-61,16,15
-61,16,15
-61,16,15
-61,16,15
-60,16,15
-61,16,15
-61,16,15
-61,16,15
-61,16,15
-61,16,15
-61,16,15
-61,16,15
-61,16,15
-61,17,14
-61,16,14
-61,16,15
-61,16,15
-61,16,14
-61,16,15
-61,16,14
-61,16,14
-61,16,14
-61,16,14
-61,17,14
-61,16,14
-61,16,14
-62,16,13
-61,16,14
-61,16,14
-61,17,14
-61,17,14
-61,17,13
-61,17,14
-62,16,14
-61,16,14
-62,16,14
-62,16,12
-62,17,12
-61,16,12
-60,16,13
-60,15,13
-61,16,12
-61,16,13
-62,17,12
-63,17,12
-62,17,12
-62,17,13
-61,16,13
-61,16,12
-62,15,13
-63,15,12
-63,15,13
-61,15,13
-62,15,13
-62,16,13
-62,16,13
-62,16,13
-61,16,13
-62,16,12
-62,16,12
-61,16,13
-61,15,13
-61,15,13
-61,16,12
-62,16,12
-63,15,11
-63,16,11
-63,16,11
-64,16,11
-63,17,11
-65,15,11
-60,16,13
-61,15,12
-63,16,11
-62,16,12
-63,17,12
-62,17,11
-63,16,11
-61,16,13
-61,16,13
-62,17,14
-64,17,12
-62,17,12
-61,17,12
-60,16,12
-60,15,12
-62,15,12
-62,17,11
-61,17,11
-61,19,13
-64,18,14
-62,19,15
-60,19,14
-57,19,13
-56,19,13
-58,20,13
-59,21,13
-60,21,13
-60,20,13
-60,20,13
-59,20,11
-58,19,9
-58,18,2
-59,17,-1
-60,16,-7
-60,15,-11
-60,16,-18
-61,13,-22
-63,13,-24
-58,13,-23
-59,12,-28
-59,11,-29
-59,11,-25
-54,9,-26
-59,10,-29
-56,10,-29
-57,9,-31
-57,9,-31
-58,10,-32
-61,10,-31
-62,8,-33
-67,8,-38
-63,9,-34
-66,10,-26
-72,12,-24
-56,17,-2
-54,21,11
-51,19,14
-54,19,21
-56,13,20
-59,5,12
-63,6,18
-54,-7,22
-65,-9,27
-67,4,20
-68,5,15
-55,4,18
-59,3,21
-61,2,20
-63,1,15
-66,1,15
-61,2,19
-60,1,19
-61,2,19
-60,2,17
-63,1,15
-63,2,15
-63,2,15
-63,2,14
-64,4,12
-66,5,8
-66,6,7
-65,5,7
-66,4,7
-64,3,7
-64,3,7
-62,4,6
-66,3,4
-66,3,3
-64,3,2
-66,3,0
-66,3,0
-67,3,0
-65,3,-1
-63,3,-1
-66,4,-6
-65,4,-5
-66,3,-2
-67,3,-3
-68,4,-6
-69,2,-4
-65,2,0
-64,2,1
-62,1,3
-62,1,3
-63,1,2
-64,1,2
-65,2,3
-64,2,7
-65,2,7
-66,2,7
-66,2,6
-65,2,6
-66,2,6
-64,2,10
-66,3,9
-68,2,8
-66,2,11
-63,5,17
-62,4,18
-60,5,23
-57,7,28
-57,8,28
-52,8,32
-51,8,33
-49,4,35
-54,4,36
-52,8,40
-48,8,40
-49,6,40
-49,7,41
-48,8,43
-47,7,43
-48,7,43
-48,8,43
-48,8,43
-47,8,43
-47,8,43
-48,7,43
-48,6,44
-47,7,45
-48,6,44
-46,4,44
-46,4,44
-47,5,45
-46,4,44
-46,4,45
-46,4,45
-46,3,44
-45,4,46
-44,3,46
-45,3,47
-44,2,46
-44,2,48
-44,2,47
-43,2,47
-43,2,48
-41,2,49
-40,2,49
-39,2,49
-41,2,49
-41,2,50
-40,1,50
-40,1,50
-40,2,50
-40,1,50
-41,1,50
-40,1,50
-39,1,50
-40,1,50
-41,1,50
-40,1,51
-40,1,50
-40,1,50
-40,1,51
-40,0,50
-39,0,50
-40,0,50
-40,0,51
-40,0,50
-40,-1,50
-40,0,50
-40,0,50
-40,0,50
-40,0,50
-41,0,50
-40,0,49
-41,0,49
-41,-1,48
-39,-1,50
-42,-1,49
-42,-1,49
-41,0,50
-41,0,49
-42,-1,49
-41,-1,49
-41,-1,49
-41,-1,49
-42,-1,49
-43,-1,48
-43,-1,48
-41,0,49
-41,1,50
-42,1,48
-42,1,49
-43,1,49
-42,2,49
-42,2,49
-42,1,48
-42,1,48
-41,1,49
-42,1,49
-42,1,49
-43,1,48
-42,0,49
-42,1,49
-42,1,49
-42,1,48
-42,0,49
-41,1,49
-41,1,49
-41,0,49
-41,0,49
-41,1,49
-41,0,50
-40,0,49
-41,-1,48
-41,0,49
-41,0,49
-41,1,49
-42,0,49
-41,1,50
-41,1,50
-40,0,50
-41,0,49
-41,1,49
-40,0,49
-40,0,49
-41,0,49
-41,0,50
-41,1,50
-40,1,50
-41,0,50
-42,1,50
-41,1,49
-41,1,49
-42,0,50
-41,1,49
-41,1,49
-40,0,49
-40,0,49
-41,0,48
-42,0,48
-44,1,47
-47,1,46
-47,1,46
-46,2,46
-45,1,45
-46,4,46
-47,3,45
-47,2,45
-47,3,45
-46,3,44
-46,3,43
-46,2,44
-47,2,44
-48,3,43
-47,3,43
-48,3,42
-49,3,42
-51,3,41
-50,3,42
-49,3,41
-49,3,41
-50,3,40
-50,4,41
-49,3,41
-49,3,41
-50,3,42
-49,3,42
-48,3,42
-48,3,41
-50,3,40
-53,3,37
-51,3,35
-53,2,36
-53,2,35
-55,0,33
-57,1,34
-55,1,33
-54,1,31
-54,2,24
-64,-2,16
-68,-3,16
-69,1,7
-67,2,7
-68,0,9
-66,-3,7
-64,-2,4
-60,-4,4
-57,-4,7
-62,-2,3
-66,-2,1
-72,0,7
-72,-2,10
-64,-2,10
-62,-3,10
-63,-4,9
-71,-1,17
-72,-1,10
-71,2,6
-69,3,13
-66,-1,21
-70,1,19
-57,8,27
-66,9,20
-65,5,19
-52,5,26
-34,-7,55
-21,-14,68
-7,-12,81
-25,-17,73
-22,-17,70
-14,-10,66
-4,-2,62
3,5,51
2,12,46
1,21,38
4,26,23
1,38,16
-12,38,14
-37,44,11
-39,36,-6
-53,35,-16
-84,39,-31
-101,41,-39
-67,50,33
-45,57,46
-38,40,-7
-46,36,0
-62,38,-10
-68,33,-7
-57,33,23
-33,32,31
-27,38,9
-27,37,11
-60,29,-32
-86,18,-41
-88,18,-26
-79,17,28
-57,27,18
-40,37,27
-54,46,12
-73,41,7
-52,35,23
-40,41,27
-35,36,23
-48,33,-6
-65,21,-17
-72,19,-10
-57,27,5
-48,35,1
-45,48,1
-44,51,8
-53,49,19
-39,47,22
-36,42,8
-41,39,6
-61,30,-14
-78,21,-17
-71,22,14
-53,38,8
-51,46,1
-43,54,11
-58,51,14
-36,48,23
-37,42,20
-36,37,19
-36,33,8
-70,25,-15
-75,20,-9
-65,38,-1
-63,42,-14
-41,52,5
-48,52,16
-41,53,18
-38,45,17
-40,42,21
-38,35,18
-38,34,11
-70,28,-3
-71,29,2
-61,44,-3
-51,47,-5
-39,50,18
-40,49,26
-20,55,20
-34,44,18
-41,42,19
-43,34,15
-46,33,11
-70,30,1
-65,35,9
-54,48,-7
-49,51,-9
-34,55,22
-40,51,25
-24,55,24
-33,49,18
-40,45,19
-42,37,16
-50,37,9
-58,36,3
-52,44,10
-45,49,-14
-42,53,-10
-41,56,15
-34,54,30
-29,52,26
-20,56,19
-30,48,21
-35,41,23
-31,38,23
-65,39,-3
-71,36,-12
-58,50,4
-49,51,-5
-34,55,1
-31,56,18
-34,52,30
-24,55,25
-30,50,21
-34,48,22
-34,41,19
-46,39,3
-67,39,-8
-52,49,7
-45,55,3
-33,55,-9
-33,57,4
-28,56,26
-33,53,21
-32,52,16
-41,49,13
-45,44,18
-39,44,19
-35,41,11
-64,41,2
-55,43,7
-45,53,9
-52,52,1
-45,56,-9
-24,58,14
-36,55,18
-41,52,10
-24,53,15
-22,54,14
-28,48,19
-30,46,20
-34,44,16
-59,43,-2
-54,46,-3
-45,55,3
-45,56,-5
-41,57,2
-35,57,17
-43,52,18
-40,51,20
-23,52,25
-25,49,21
-22,45,17
-23,42,13
-48,41,-3
-52,44,-9
-52,50,0
-46,54,-3
-44,56,0
-32,60,19
-43,57,16
-37,54,12
-30,52,18
-35,48,20
-32,44,22
-33,40,11
-47,40,0
-57,42,-11
-51,52,-1
-49,51,-6
-45,60,-9
-27,62,13
-36,57,12
-41,54,13
-24,54,21
-20,52,23
-18,46,22
-21,44,16
-49,42,-7
-63,41,-17
-52,51,5
-48,53,4
-48,56,7
-25,62,28
-41,60,9
-42,59,-1
-30,57,4
-28,52,-6
-17,49,2
-25,43,0
-34,42,-6
-50,42,-22
-29,54,-8
-28,58,-18
-42,69,-15
-20,71,9
-42,63,10
-47,62,6
-23,56,13
-23,48,11
-28,44,8
-33,42,-5
-61,48,-32
-75,48,-32
-38,47,5
-20,60,-2
-29,63,0
-24,66,16
-34,60,12
-44,58,12
-25,54,21
-25,49,17
-22,44,12
-33,43,-2
-47,45,-14
-62,50,-18
-39,52,4
-18,62,0
-22,67,5
-21,67,12
-22,59,11
-26,59,8
-20,53,17
-19,45,10
-26,44,-8
-34,44,-17
-66,46,-36
-70,46,-26
-51,50,-9
-46,57,-10
-46,64,-4
-47,64,2
-34,59,10
-37,54,11
-30,49,13
-22,42,19
-28,37,15
-42,40,-7
-57,43,-20
-64,48,-11
-54,47,4
-31,55,12
-24,60,18
-24,58,19
-27,56,10
-31,53,7
-50,44,0
-58,42,-2
-72,43,-14
-64,43,-5
-49,41,15
-46,46,10
-29,55,15
-28,57,15
-20,54,24
-22,51,25
-24,50,22
-28,48,7
-38,43,3
-49,36,4
-49,39,1
-71,42,-11
-68,44,-7
-62,45,5
-64,48,5
-61,49,10
-56,50,11
-47,50,21
-28,45,30
-25,44,26
-14,44,24
-11,42,16
-17,41,9
-33,38,0
-62,41,-17
-70,45,-25
-69,44,-10
-68,45,0
-56,49,8
-48,49,11
-61,52,11
-42,47,25
-38,46,25
-28,45,21
-21,43,21
-15,39,19
-24,38,12
-42,41,-9
-52,46,-22
-71,46,-29
-68,45,-14
-57,46,4
-48,48,7
-56,53,10
-49,52,16
-39,51,18
-32,47,23
-28,44,23
-19,39,24
-23,38,17
-40,46,-17
-46,51,-33
-64,49,-26
-61,46,-13
-45,46,9
-45,49,13
-45,55,16
-38,56,14
-31,54,15
-24,48,18
-26,45,15
-34,41,9
-39,43,-1
-47,48,-24
-54,47,-28
-55,44,-14
-59,45,-8
-51,48,1
-51,51,6
-54,51,18
-36,48,25
-27,47,26
-20,45,18
-19,44,13
-31,40,4
-42,38,-9
-61,44,-33
-72,42,-36
-67,44,-8
-58,45,4
-45,51,14
-41,54,16
-39,51,20
-34,48,14
-26,46,16
-31,40,13
-33,37,8
-47,39,-19
-60,42,-31
-77,34,-30
-76,35,-15
-58,41,7
-46,46,9
-43,53,9
-39,49,16
-35,47,16
-24,40,15
-32,38,13
-44,36,-6
-52,38,-20
-65,37,-36
-74,34,-34
-62,40,-7
-52,46,0
-40,53,8
-39,51,13
-40,48,18
-30,44,8
-32,40,8
-50,35,-7
-58,36,-19
-60,37,-28
-67,33,-24
-65,35,-9
-57,37,-3
-59,47,-1
-48,50,10
-39,46,21
-39,43,24
-29,43,19
-19,41,8
-22,39,0
-44,35,-17
-58,35,-27
-66,35,-34
-76,34,-29
-67,37,-9
-66,43,-9
-63,48,-2
-61,51,2
-45,43,18
-42,41,21
-32,40,19
-18,38,12
-23,35,5
-45,34,-13
-54,35,-23
-68,37,-40
-78,36,-39
-74,37,-10
-65,41,-1
-47,49,8
-45,50,9
-43,46,18
-41,41,18
-34,39,18
-25,35,12
-40,35,5
-48,36,-15
-53,37,-28
-77,35,-39
-77,35,-28
-59,42,-5
-50,47,1
-49,53,5
-46,52,11
-47,45,19
-32,41,17
-16,40,14
-37,37,-4
-46,37,-11
-48,38,-23
-56,33,-26
-76,32,-30
-74,32,-18
-68,46,-2
-57,49,3
-38,49,17
-47,45,19
-38,40,19
-24,37,10
-36,35,5
-52,34,-15
-54,35,-26
-58,34,-35
-73,33,-36
-68,32,-17
-58,38,-8
-51,47,1
-46,48,2
-44,46,5
-46,44,5
-42,38,-1
-55,38,-13
-59,36,-17
-49,39,-13
-51,37,-12
-49,38,-5
-50,39,-6
-48,39,-4
-51,43,-5
-51,42,-11
-50,43,-13
-45,45,-15
-51,44,-16
-48,43,-12
-47,42,-8
-49,41,-7
-50,41,-5
-51,40,-5
-51,40,-9
-52,31,-10
-57,40,-13
-57,40,-17
-57,44,-19
-55,45,-19
-48,41,-17
-42,44,-26
-52,49,-35
-50,49,-31
-31,50,-21
-17,51,-13
-13,53,-5
12,59,16
10,54,8
57,86,32
20,12,37
-3,22,63
-18,14,80
-45,12,80
-41,22,60
-49,27,52
-24,31,60
-41,25,58
-66,26,36
-57,34,29
-40,47,16
-33,49,20
0,42,34
12,41,41
14,31,59
26,32,64
-32,17,40
-100,13,21
-67,19,23
-84,28,26
-80,26,22
-56,51,31
-46,53,36
-2,44,53
20,50,54
12,38,39
12,34,17
-53,14,21
-128,8,-18
-57,13,20
-76,38,26
-50,43,26
-23,55,49
-11,53,48
-16,46,31
-11,39,19
-46,27,2
-85,26,-1
-94,17,-13
-41,23,27
-73,34,20
-52,40,31
-38,51,40
-13,51,39
-27,42,25
-26,36,5
-53,32,-6
-99,20,-14
-94,16,-15
-76,23,25
-90,38,13
-46,49,39
-26,49,43
-18,51,32
-22,47,18
-18,37,5
-91,29,-20
-101,23,-31
-38,25,30
-84,21,20
-53,31,47
-44,43,52
-19,53,41
-27,50,22
-27,39,17
-51,32,13
-86,23,2
-60,17,36
-84,14,38
-59,35,38
-56,39,37
-31,46,31
-17,49,30
-22,44,19
-31,42,15
-66,32,5
-84,28,-4
-44,34,12
-37,22,39
-63,31,41
-40,43,45
-31,46,44
-15,49,29
-17,47,18
-48,36,10
-63,32,15
-60,30,20
-35,29,37
-50,20,58
-63,27,46
-39,40,46
-46,41,38
-39,47,24
-11,44,33
-27,38,32
-39,34,25
-56,33,19
-89,30,11
-63,34,15
-22,31,59
-55,31,51
-31,40,51
-31,40,50
-23,45,38
-24,44,30
-28,37,22
-56,32,24
-59,33,21
-43,34,28
-32,31,41
-51,31,46
-56,37,41
-39,45,42
-35,44,42
-8,47,39
-4,44,38
-32,37,29
-50,35,27
-60,34,22
-29,37,42
-30,32,57
-54,37,43
-38,45,43
-35,46,34
-29,48,32
-11,48,29
-4,45,27
-51,38,24
-47,40,24
-54,40,14
-23,39,43
-33,33,56
-47,43,46
-34,48,45
-29,50,35
-22,51,30
-4,49,25
-13,42,23
-36,40,31
-39,39,29
-48,40,23
-29,44,33
-34,40,49
-37,46,43
-30,48,43
-19,48,41
-19,48,34
-31,47,21
-28,47,23
-34,45,22
-29,43,26
-23,42,28
-35,43,20
-62,38,7
-53,39,20
-57,47,25
-48,47,28
-43,46,29
-34,48,24
-30,48,21
-42,39,27
-37,43,26
-40,39,22
-45,38,26
-49,42,20
-45,42,21
-48,41,32
-48,40,36
-44,39,36
-34,38,37
-32,42,32
-39,42,15
-50,40,12
-40,41,24
-35,39,19
-77,37,3
-68,36,7
-49,37,33
-67,42,24
-50,45,28
-45,47,21
-36,52,18
-16,49,9
-30,47,6
-38,44,15
-38,42,14
-52,43,12
-36,44,19
-28,43,40
-46,42,41
-30,45,48
-25,44,48
-29,40,43
-38,44,13
-43,46,5
-53,39,13
-47,41,14
-57,43,2
-45,40,13
-48,35,36
-63,35,33
-44,48,29
-38,49,31
-43,46,23
-35,48,22
-8,46,30
-28,42,20
-37,41,16
-70,39,12
-77,41,7
-23,47,28
-14,37,51
-59,40,37
-45,42,38
-38,44,35
-38,43,30
-41,45,18
-40,45,16
-38,42,22
-53,41,17
-45,43,18
-34,47,21
-27,45,26
-36,39,38
-52,39,36
-42,44,32
-38,45,30
-40,44,25
-41,43,23
-31,42,27
-29,42,30
-32,39,33
-32,39,33
-28,38,32
-50,37,29
-64,37,26
-62,40,23
-51,41,25
-36,41,31
-36,39,36
-54,39,26
-47,39,25
-38,41,22
-39,41,20
-43,40,21
-41,40,25
-40,40,26
-46,41,26
-50,41,27
-45,41,35
-43,41,36
-44,39,38
-34,37,45
-24,37,53
-17,37,57
-23,35,47
-21,37,45
-23,44,31
-37,47,15
-33,48,11
-31,54,6
-33,54,0
-42,54,-12
-45,56,-12
-36,54,-3
-33,56,-1
-39,53,8
-32,54,15
-5,50,28
-18,54,15
6,62,16
-23,31,-35
-33,49,10
-52,45,20
-58,33,26
-41,39,41
-33,36,45
-36,31,30
-53,30,21
-63,26,19
-61,25,15
-54,24,9
-61,26,3
-60,24,-1
-59,22,-9
-54,23,-13
-52,21,-18
-52,21,-22
-51,21,-36
-57,19,-37
-57,15,-34
-57,15,-35
-78,8,-45
-81,7,-44
-62,11,-40
-48,14,-37
-44,14,-34
-45,12,-35
-49,11,-34
-55,10,-37
-54,10,-38
-52,11,-36
-52,12,-38
-50,12,-39
-49,12,-37
-46,12,-38
-48,13,-38
-49,13,-42
-51,14,-46
-49,14,-44
-44,13,-41
-44,13,-41
-45,15,-42
-46,15,-44
-45,16,-45
-46,17,-45
-47,16,-45
-48,16,-46
-46,16,-42
-47,16,-42
-49,16,-48
-52,17,-41
-55,16,-40
-45,13,-24
-53,14,-25
-59,13,-30
-56,14,-26
-50,14,-21
-55,13,-22
-61,13,-22
-61,13,-24
-62,12,-25
-54,14,-22
-57,13,-25
-60,14,-27
-69,12,-29
-58,13,-23
-58,13,-25
-66,13,-23
-65,11,-22
-66,10,-17
-58,8,-14
-60,9,-7
-71,8,-12
-61,12,2
-57,4,11
-64,7,9
-68,9,11
-56,6,22
-47,0,26
-52,5,35
-50,5,40
-50,4,38
-43,3,46
-38,5,50
-39,2,50
-34,4,53
-34,3,54
-36,3,53
-37,2,53
-38,3,51
-37,3,51
-37,3,50
-37,3,51
-38,3,51
-38,3,52
-37,4,51
-37,4,51
-38,3,51
-37,3,52
-37,4,52
-39,3,51
-37,4,51
-41,4,51
-43,3,50
-40,3,50
-39,3,50
-39,4,49
-39,4,49
-40,3,49
-43,3,49
-41,3,50
-40,3,49
-41,3,49
-41,3,49
-40,3,50
-41,3,49
-42,3,49
-41,3,49
-42,3,48
-41,3,49
-41,3,50
-41,3,49
-41,3,49
-40,3,48
-45,3,49
-46,3,48
-42,3,48
-41,4,49
-45,5,48
-41,5,49
-37,5,50
-41,5,48
-42,5,47
-39,5,48
-37,5,50
-40,6,48
-50,7,42
-42,7,44
-40,7,44
-52,5,38
-61,6,32
-59,6,30
-58,6,30
-55,10,30
-55,11,30
-56,11,32
-57,10,33
-59,10,31
-58,10,31
-55,9,31
-55,7,30
-55,7,30
-51,5,30
-43,4,31
-56,11,23
-61,11,17
-67,11,13
-69,11,10
-69,10,8
-71,11,8
-66,12,7
-64,11,8
-62,10,9
-64,10,9
-67,11,8
-66,11,6
-62,10,8
-61,9,15
-62,10,15
-71,8,13
-62,8,18
-55,10,19
-59,8,20
-61,8,23
-60,7,24
-58,12,21
-63,8,26
-60,11,25
-59,16,25
-59,20,17
-58,14,20
-59,12,19
-59,14,25
-59,14,25
-58,12,21
-59,13,22
-59,14,24
-60,12,29
-59,16,27
-56,17,19
-56,15,18
-59,14,22
-60,14,24
-60,14,25
-57,13,24
-59,12,22
-58,11,22
-59,11,23
-57,11,25
-53,12,25
-53,10,19
-54,8,13
-60,6,4
-63,6,-1
-69,5,-17
-71,6,-21
-82,3,-24
-81,1,-24
-64,1,-11
-62,1,-6
-60,0,-5
-60,0,-7
-57,2,-2
-57,3,-4
-54,2,-8
-57,-1,-15
-62,0,-34
-65,-2,-50
-60,-4,-44
-49,-7,-28
-43,-10,-25
-51,-12,-34
-51,-10,-33
-48,-10,-37
-50,-9,-42
-48,-2,-52
-42,-3,-54
-43,0,-60
-41,-1,-50
-43,-3,-44
-35,-4,-41
-37,-3,-49
-41,0,-53
-40,2,-55
-35,1,-60
-34,3,-60
-37,2,-55
-35,3,-56
-35,4,-54
-37,3,-52
-39,3,-51
-38,5,-52
-37,4,-52
-33,6,-50
-33,8,-50
-35,8,-54
-35,10,-56
-38,10,-59
-41,11,-58
-31,10,-52
-34,12,-54
-36,11,-52
-38,11,-49
-40,11,-49
-41,11,-44
-39,10,-43
-42,8,-43
-42,9,-43
-43,9,-44
-43,8,-44
-44,8,-45
-45,8,-46
-45,8,-46
-45,8,-45
-45,7,-45
-44,7,-45
-43,7,-44
-44,7,-44
-46,7,-45
-46,8,-45
-46,7,-45
-46,7,-46
-46,8,-46
-46,7,-46
-47,8,-46
-46,7,-46
-46,7,-45
-45,7,-44
-45,6,-43
-47,6,-43
-48,6,-41
-48,5,-41
-46,5,-40
-48,5,-42
-50,6,-44
-49,7,-44
-50,7,-44
-49,8,-43
-50,8,-40
-48,8,-39
-49,8,-38
-49,7,-37
-48,8,-38
-49,7,-39
-49,8,-40
-48,8,-40
-46,8,-40
-38,9,-40
-42,9,-38
-48,6,-38
-51,4,-49
-53,4,-53
-50,5,-59
-49,6,-56
-43,5,-50
-42,5,-48
-39,4,-43
-40,4,-43
-42,5,-46
-41,6,-47
-44,6,-48
-45,6,-49
-44,6,-48
-44,6,-48
-43,6,-47
-43,6,-47
-43,6,-46
-43,6,-46
-43,6,-47
-43,6,-46
-43,6,-47
-44,6,-47
-44,7,-47
-45,6,-47
-44,6,-47
-45,6,-47
-46,6,-46
-46,6,-46
-47,5,-45
-47,6,-45
-48,6,-46
-49,6,-47
-51,7,-43
-52,7,-41
-53,8,-38
-54,8,-37
-55,9,-34
-56,10,-30
-55,10,-25
-56,10,-22
-58,10,-21
-59,11,-20
-60,10,-19
-60,10,-16
-60,11,-15
-62,11,-16
-61,11,-14
-60,11,-13
-61,10,-12
-62,10,-10
-62,10,-11
-64,9,-12
-65,9,-12
-65,9,-12
-63,10,-11
-63,10,-11
-62,9,-10
-62,8,-10
-62,8,-10
-62,8,-11
-62,8,-11
-63,8,-11
-62,9,-12
-60,9,-13
-59,8,-14
-58,8,-17
-58,8,-19
-60,7,-28
-59,8,-29
-57,8,-35
-57,8,-37
-55,8,-39
-54,8,-38
-55,7,-36
-57,6,-37
-56,4,-37
-52,4,-35
-50,3,-36
-50,2,-38
-50,2,-38
-50,3,-39
-49,4,-42
-50,4,-45
-52,4,-45
-51,3,-44
-51,3,-42
-49,3,-42
-49,3,-41
-49,3,-41
-51,3,-40
-51,2,-39
-51,2,-38
-51,2,-38
-50,3,-39
-51,2,-39
-51,3,-39
-51,3,-39
-52,2,-39
-51,3,-38
-52,3,-39
-52,3,-39
-52,2,-38
-52,2,-38
-53,2,-38
-52,3,-37
-52,3,-37
-51,4,-37
-53,3,-38
-53,3,-38
-53,3,-37
-53,3,-38
-52,3,-37
-52,2,-37
-52,2,-36
-52,3,-37
-52,3,-37
-53,3,-37
-50,3,-35
-53,3,-36
-53,3,-38
-53,4,-38
-55,6,-39
-54,7,-39
-55,6,-40
-53,7,-38
-49,6,-32
-52,6,-33
-54,6,-34
-53,6,-33
-53,6,-34
-54,6,-35
-53,5,-34
-53,4,-35
-52,4,-35
-52,4,-36
-53,4,-38
-52,5,-41
-51,5,-40
-50,5,-41
-49,5,-41
-50,5,-42
-50,5,-43
-50,5,-43
-48,5,-42
-49,5,-42
-48,5,-43
-48,5,-42
-48,5,-42
-48,4,-42
-48,4,-42
-49,4,-43
-48,4,-43
-48,4,-42
-48,4,-42
-47,4,-42
-48,4,-42
-48,4,-43
-48,4,-43
-46,4,-44
-47,4,-45
-45,5,-46
-47,5,-46
-47,4,-44
-47,4,-44
-47,4,-44
-46,3,-45
-46,4,-44
-46,3,-44
-46,4,-45
-47,4,-45
-47,4,-45
-47,4,-45
-47,4,-44
-48,4,-45
-49,4,-44
-49,4,-43
-50,4,-43
-50,4,-41
-51,3,-39
-50,3,-37
-51,3,-35
-51,3,-35
-51,3,-37
-52,4,-38
-52,4,-38
-51,4,-38
-50,4,-39
-50,3,-39
-49,3,-38
-50,3,-40
-50,3,-42
-50,4,-45
-50,4,-45
-49,3,-43
-48,3,-42
-48,3,-42
-48,3,-42
-48,3,-42
-49,3,-43
-48,3,-43
-48,3,-42
-48,2,-42
-48,2,-42
-48,2,-42
-48,3,-42
-48,2,-43
-49,3,-43
-49,3,-43
-48,3,-43
-48,3,-43
-50,3,-45
-50,3,-45
-52,4,-43
-54,4,-41
-53,4,-36
-52,4,-32
-52,5,-30
-53,4,-31
-53,4,-29
-55,4,-30
-56,4,-31
-56,4,-32
-57,5,-34
-57,4,-34
-56,4,-34
-55,4,-32
-55,4,-31
-54,4,-31
-55,6,-34
-55,7,-35
-57,7,-37
-57,6,-36
-56,5,-34
-55,5,-34
-55,4,-34
-55,5,-35
-54,5,-34
-55,4,-33
-55,4,-33
-55,4,-33
-56,5,-34
-56,5,-33
-56,5,-33
-56,6,-33
-56,6,-34
-56,6,-33
-56,6,-32
-56,5,-32
-55,5,-32
-56,5,-31
-56,5,-31
-56,5,-32
-57,5,-32
-57,5,-32
-56,5,-32
-56,4,-31
-56,4,-31
-56,4,-31
-56,5,-32
-56,5,-32
-57,5,-31
-57,5,-31
-57,5,-32
-56,5,-31
-57,5,-32
-57,5,-32
-57,5,-32
-57,6,-32
-57,5,-32
-57,5,-31
-57,5,-31
-57,5,-30
-56,5,-30
-57,5,-30
-58,5,-30
-57,5,-30
-56,5,-29
-58,6,-29
-58,6,-30
-58,6,-30
-57,6,-29
-57,6,-28
-57,5,-29
-57,5,-29
-57,6,-29
-58,6,-29
-57,5,-29
-57,5,-30
-54,5,-29
-56,5,-31
-58,5,-35
-57,6,-34
-57,6,-33
-57,7,-33
-58,7,-35
-58,7,-34
-59,6,-36
-59,8,-34
-60,6,-30
-58,5,-25
-59,4,-24
-58,4,-20
-57,4,-18
-59,5,-16
-61,5,-18
-62,6,-19
-63,6,-19
-61,6,-18
-61,5,-18
-61,5,-18
-60,5,-18
-60,4,-18
-60,5,-18
-61,5,-19
-61,6,-21
-62,7,-23
-59,6,-23
-58,6,-18
-60,5,-21
-62,8,-30
-61,8,-31
-56,7,-30
-55,5,-29
-55,4,-30
-57,5,-31
-57,5,-33
-56,6,-35
-55,5,-38
-53,5,-37
-49,4,-35
-53,4,-37
-54,5,-38
-54,7,-41
-54,7,-41
-52,4,-40
-51,3,-37
-49,-2,-28
-49,4,-33
-52,6,-56
-49,7,-53
-46,8,-40
-49,8,-36
-54,6,-35
-50,7,-35
-49,7,-36
-49,6,-36
-50,5,-37
-51,6,-38
-50,6,-38
-50,8,-40
-50,8,-40
-49,7,-41
-49,7,-42
-48,6,-42
-48,6,-42
-48,5,-43
-47,6,-45
-46,5,-45
-46,5,-46
-46,5,-47
-46,5,-47
-46,5,-47
-46,6,-47
-47,6,-47
-45,7,-46
-45,8,-46
-45,8,-47
-45,8,-48
-45,7,-48
-44,7,-47
-45,7,-48
-46,5,-45
-45,4,-43
-44,5,-43
-45,6,-44
-43,5,-41
-45,6,-42
-49,5,-42
-51,5,-44
-51,7,-45
-51,8,-43
-50,9,-43
-46,10,-39
-45,9,-38
-45,8,-39
-45,7,-39
-43,6,-39
-41,6,-41
-42,5,-47
-45,4,-51
-46,2,-55
-47,1,-54
-48,2,-56
-47,4,-50
-45,5,-46
-41,5,-42
-40,4,-43
-39,2,-41
-39,0,-43
-45,-3,-46
-47,-4,-47
-48,-3,-46
-47,-2,-47
-45,1,-47
-44,2,-47
-41,2,-47
-42,2,-48
-46,1,-50
-44,0,-51
-43,0,-50
-42,-1,-47
-42,0,-47
-44,1,-48
-44,2,-49
-44,3,-49
-44,3,-49
-43,3,-48
-43,2,-47
-44,2,-46
-45,1,-46
-45,2,-46
-44,1,-45
-44,1,-45
-45,1,-44
-45,1,-44
-45,2,-44
-45,2,-44
-45,3,-44
-45,3,-45
-45,3,-46
-46,2,-45
-47,2,-45
-47,2,-45
-47,2,-45
-47,2,-45
-48,1,-46
-48,1,-46
-47,1,-46
-47,0,-46
-46,0,-45
-45,0,-45
-45,0,-46
-46,1,-47
-46,1,-47
-46,3,-46
-46,3,-45
-46,3,-44
-47,2,-42
-47,2,-40
-49,2,-43
-49,2,-43
-49,2,-41
-49,2,-40
-48,1,-39
-47,2,-39
-47,3,-41
-48,3,-43
-49,3,-43
-49,3,-44
-49,3,-45
-49,3,-44
-48,3,-44
-47,3,-42
-46,3,-42
-46,4,-43
-46,4,-43
-46,5,-45
-46,5,-46
-46,5,-46
-46,3,-46
-46,3,-45
-46,2,-45
-46,2,-45
-45,2,-46
-46,3,-47
-46,4,-47
-45,4,-46
-45,5,-45
-44,5,-45
-45,5,-46
-44,5,-46
-44,5,-47
-43,4,-47
-43,4,-48
-43,3,-47
-43,3,-47
-43,2,-48
-44,2,-48
-44,3,-48
-44,3,-48
-44,4,-48
-43,4,-48
-43,4,-47
-42,5,-48
-42,5,-48
-42,5,-48
-42,5,-48
-41,5,-48
-40,5,-50
-41,5,-52
-41,5,-52
-42,4,-53
-41,4,-52
-41,3,-51
-40,2,-52
-39,3,-53
-42,2,-49
-40,1,-50
-40,-1,-48
-39,-2,-48
-39,-1,-45
-42,-1,-45
-51,0,-55
-51,2,-54
-49,4,-48
-46,4,-45
-41,3,-39
-40,2,-36
-40,1,-35
-48,-3,-41
-52,-3,-46
-54,-1,-49
-53,-1,-47
-47,1,-40
-45,1,-39
-43,1,-39
-45,2,-41
-50,1,-45
-53,0,-46
-53,-1,-43
-52,-1,-42
-47,0,-39
-48,1,-39
-47,2,-37
-48,3,-39
-49,2,-41
-48,0,-42
-47,0,-43
-47,-1,-45
-47,-2,-46
-47,-1,-44
-48,-1,-43
-48,-1,-44
-47,0,-46
-46,0,-48
-45,0,-46
-44,-1,-45
-50,-2,-45
-48,-3,-43
-47,-2,-44
-47,-2,-45
-46,-1,-46
-47,-2,-45
-47,-1,-45
-47,-1,-45
-48,-1,-46
-48,-1,-45
-48,0,-45
-50,0,-46
-52,1,-47
-55,2,-46
-57,2,-43
-63,1,-40
-64,0,-34
-62,2,-20
-61,3,-16
-59,5,-9
-61,7,-6
-64,11,-6
-63,0,2
-58,4,5
-58,-5,9
-59,-6,12
-56,-8,20
-57,-7,20
-62,-8,23
-70,-9,23
-62,1,20
-59,-1,22
-58,-1,26
-60,-4,28
-52,-2,34
-50,-4,36
-54,-3,36
-54,-2,36
-50,-1,37
-48,-1,38
-51,-2,36
-55,-1,37
-55,0,38
-56,-1,39
-53,-1,39
-55,-2,39
-55,-2,40
-49,-2,41
-49,-3,41
-48,-3,42
-48,-6,44
-46,-6,45
-37,-5,46
-36,-5,46
-40,-7,47
-40,-5,47
-42,-5,49
-42,-6,49
-43,-5,48
-44,-5,48
-44,-5,49
-43,-4,47
-44,-5,47
-40,-4,50
-41,-4,49
-40,-4,50
-38,-5,50
-39,-5,50
-39,-5,50
-37,-6,52
-36,-6,52
-40,-6,52
-39,-7,52
-37,30,82
-28,-2,52
-36,-3,54
-30,-6,56
-31,-7,58
-29,-2,56
-28,-4,57
-30,-5,55
-30,-5,54
-30,-3,58
-28,-2,58
-28,-3,57
-27,-3,58
-25,-4,58
-21,-5,59
-20,-6,59
-23,-8,56
-23,-8,57
-22,-9,58
-22,-8,57
-26,-7,56
-27,-6,56
-26,-7,59
-29,-6,60
-32,-5,58
-31,-6,56
-29,-6,56
-29,-7,54
-31,-7,53
-33,-8,53
-35,-8,55
-36,-8,54
-36,-8,52
-39,-8,50
-40,-8,52
-38,-8,57
-36,-7,56
-35,-6,56
-36,-5,55
-37,-4,55
-39,-2,53
-38,-3,52
-33,0,56
-31,1,58
-34,0,59
-35,0,58
-34,0,60
-32,0,62
-32,-2,66
-32,-3,66
-29,-6,69
-22,-3,70
-25,0,67
-33,3,58
-28,6,58
-32,16,43
-37,21,34
-24,31,37
-19,34,31
-13,40,23
-15,41,20
-26,41,7
-25,44,-1
-19,47,-17
-25,50,-19
-29,49,-31
-45,48,-55
-61,48,-53
-80,40,-23
-69,36,12
-50,42,27
-57,38,21
-79,35,-13
-94,38,-22
-48,40,-1
-26,40,14
-37,39,9
-38,37,11
-28,36,12
-17,37,1
-23,44,-19
-72,47,-61
-77,49,-54
-69,39,-3
-63,40,3
-36,42,30
-43,48,19
-45,50,3
-35,45,9
-32,42,10
-30,39,3
-39,37,-10
-67,38,-34
-69,33,-30
-74,36,-10
-61,38,1
-48,51,3
-40,51,13
-50,49,14
-45,45,16
-33,41,14
-30,33,9
-38,31,2
-67,32,-36
-67,28,-37
-76,36,-25
-66,42,-23
-40,55,2
-47,51,13
-52,47,15
-37,47,22
-28,41,19
-31,34,23
-45,26,-3
-86,31,-53
-74,27,-28
-56,46,-19
-38,46,-17
-29,53,8
-38,48,13
-39,50,14
-33,47,18
-37,38,17
-39,35,13
-66,36,-40
-74,34,-50
-74,38,-23
-34,47,-3
-35,55,-3
-40,56,1
-39,55,2
-24,53,12
-22,46,8
-28,36,10
-38,32,-7
-59,38,-58
-56,37,-50
-35,54,-42
-21,58,-35
-35,57,12
-40,55,25
-44,56,12
-21,44,-3
-37,35,-8
-66,30,-39
-77,30,-54
-77,30,-25
-51,35,-8
-27,49,-7
-33,56,-4
-33,55,-1
-41,52,-4
-34,40,-6
-49,36,-14
-58,34,-32
-69,29,-44
-66,33,-32
-37,45,-12
-28,54,-16
-33,60,-11
-33,57,-3
-26,52,-2
-27,48,-5
-37,34,-16
-51,32,-28
-65,33,-53
-69,35,-41
-58,39,-27
-35,57,-22
-42,63,-23
-39,54,2
-43,54,3
-33,49,3
-21,43,-2
-38,34,-9
-50,33,-27
-59,33,-43
-44,41,-18
-31,47,-16
-33,62,-18
-40,63,-13
-39,56,5
-39,55,6
-23,48,-3
-24,44,-9
-40,39,-18
-49,37,-29
-62,40,-45
-56,38,-31
-42,46,-24
-45,57,-27
-53,58,-23
-44,49,5
-45,47,10
-39,48,9
-22,45,7
-22,40,0
-32,37,-9
-50,41,-38
-57,43,-46
-59,48,-31
-43,52,-20
-38,61,-12
-38,56,7
-42,52,9
-43,51,13
-29,47,12
-24,40,9
-29,36,5
-47,40,-38
-57,44,-51
-58,48,-28
-40,52,-19
-33,61,-10
-38,63,-8
-32,54,9
-39,53,13
-34,48,13
-25,40,11
-26,37,8
-45,39,-33
-60,44,-56
-67,47,-32
-52,49,-15
-29,57,2
-31,59,3
-24,57,10
-32,53,3
-47,47,2
-39,38,0
-39,37,1
-46,36,-28
-59,37,-54
-57,41,-31
-48,43,-20
-35,49,-17
-50,53,-22
-43,59,-27
-18,57,-3
-62,52,-4
-58,45,0
-54,42,-2
-37,44,0
-39,45,0
-35,40,13
-35,45,6
-41,46,-9
-46,49,-18
-45,47,-18
-48,48,-18
-46,50,-13
-51,73,0
-38,71,0
-45,47,-5
-41,51,-5
-41,49,-7
-42,49,-7
-41,49,-9
-40,49,-10
-38,50,-11
-38,51,-12
-37,52,-13
-37,52,-13
-39,53,-9
-48,52,-8
-46,51,-6
-24,47,19
-18,40,37
-3,24,63
-11,21,55
-50,17,36
-64,18,33
-75,16,23
-84,24,8
-84,42,-7
-77,46,-5
-45,47,5
-37,45,4
-29,43,10
-22,38,30
-19,38,35
-11,29,48
-13,24,58
-34,26,49
-52,34,22
-61,34,20
-42,27,37
-77,20,36
-73,10,52
-68,31,43
-74,36,32
-32,41,46
-13,42,38
-22,44,31
-12,46,16
-30,44,11
-78,27,17
-64,30,16
-28,34,40
-49,33,44
-31,38,48
-9,45,61
-6,50,51
-13,49,31
-9,49,21
-53,34,30
-57,31,37
-29,29,52
-37,25,60
-40,35,47
-34,41,46
-20,45,45
-14,47,40
-8,49,32
-10,47,27
-36,39,31
-68,35,27
-81,32,22
-14,40,55
-38,37,54
-28,43,46
-20,49,47
-18,55,33
-6,57,25
12,49,27
-16,40,27
-61,33,40
-91,27,29
-27,43,35
-30,29,58
-44,36,44
-21,48,46
-20,51,41
-16,56,24
-1,57,24
-19,41,34
-26,39,41
-67,30,33
-77,30,30
-13,40,43
-4,36,57
-47,38,42
-21,49,43
-14,53,39
-8,56,25
0,52,29
-9,40,36
-32,35,39
-73,31,34
-73,40,22
-11,46,33
-9,40,53
-41,36,46
-23,43,54
-18,48,46
-13,49,32
-8,44,36
-26,37,35
-50,32,37
-75,32,30
-60,38,21
-18,41,41
-31,34,48
-48,37,40
-35,45,42
-20,49,37
-4,51,33
-3,47,39
-15,40,33
-48,34,31
-81,33,25
-73,38,16
-14,42,42
-33,36,51
-48,34,48
-31,42,53
-16,47,44
-7,49,37
-5,43,30
-31,36,27
-66,30,31
-80,33,21
-44,42,25
-36,36,59
-55,38,47
-27,46,52
-17,47,48
-4,51,34
-4,52,26
-5,44,21
-24,40,20
-84,27,25
-56,41,16
-14,45,34
-40,38,37
-41,37,39
-37,46,47
-37,46,44
6,55,44
1,49,38
-22,44,23
-52,37,30
-79,31,26
-46,37,28
-29,34,61
-40,36,44
-23,45,48
-9,46,48
-9,47,40
-14,42,30
-23,40,26
-72,30,26
-87,30,20
-34,40,20
-12,40,50
-58,33,45
-42,38,48
-28,47,45
-11,53,33
-5,51,24
-24,43,18
-44,40,19
-70,38,12
-50,43,19
-8,35,57
-22,30,65
-50,40,40
-49,40,36
-44,47,26
-39,51,20
-30,52,23
-34,56,24
-23,49,18
12,44,47
2,41,46
-30,36,42
-36,33,40
-18,45,22
-36,38,9
-66,47,25
-53,42,10
-55,46,19
-57,42,13
-44,44,23
-36,39,29
-29,48,34
-49,42,17
-53,43,20
-70,29,21
-57,38,32
-45,35,22
-62,27,8
-63,18,20
-51,34,32
-31,40,26
-24,43,15
-24,43,12
-17,45,6
-10,44,1
-6,46,-22
-13,49,-25
-22,44,-72
-35,49,-86
-50,48,-52
-56,44,-33
-67,51,-19
-63,55,-3
-77,44,-6
-56,39,3
-35,38,13
-18,42,9
-29,43,2
-26,41,1
-27,38,0
-15,40,-18
-22,39,-23
-70,34,-43
-82,30,-46
-86,38,-16
-77,45,-6
-40,54,9
-50,58,-4
-51,57,0
-31,46,4
-32,43,3
-32,37,7
-32,32,3
-66,30,-34
-73,24,-40
-81,30,-26
-71,43,-26
-36,55,-3
-35,54,8
-43,54,10
-24,48,20
-30,42,16
-38,30,11
-64,28,-18
-73,25,-38
-73,32,-20
-41,47,-18
-27,53,-16
-37,55,0
-39,56,7
-31,51,13
-31,45,13
-32,36,12
-56,32,-26
-75,33,-50
-68,32,-29
-66,43,-17
-30,50,-9
-23,54,-2
-44,55,-1
-46,56,-3
-43,46,4
-39,43,2
-34,38,5
-38,33,-4
-64,36,-47
-65,29,-30
-65,33,-22
-46,40,-22
-43,47,-16
-62,51,-2
-54,50,8
-37,47,11
-31,51,11
-17,44,9
-22,40,7
-33,34,0
-80,34,-31
-86,32,-32
-70,38,-16
-65,49,-15
-39,53,0
-35,58,5
-47,51,2
-39,53,8
-22,49,10
-26,46,10
-31,37,7
-48,36,-7
-69,41,-31
-71,42,-22
-64,48,-18
-37,57,-15
-35,58,-3
-45,48,9
-48,46,12
-31,42,25
-24,40,21
-21,35,15
-23,32,8
-75,35,-31
-87,34,-48
-69,39,-2
-40,49,-3
-32,55,3
-36,62,18
-43,52,14
-38,52,23
-28,46,25
-24,40,23
-24,36,18
-64,36,-25
-79,37,-30
-91,32,-4
-67,41,7
-34,51,0
-32,65,-10
-34,61,-3
-29,54,8
-20,49,15
-23,41,20
-22,36,18
-72,39,-29
-88,39,-36
-63,39,13
-59,43,14
-23,56,5
-31,65,5
-39,62,1
-19,57,7
-19,53,12
-54,40,9
-66,37,3
-76,38,-7
-52,40,15
-39,45,22
-34,47,14
-39,56,8
-32,59,12
-39,53,15
-14,54,21
-10,54,22
-20,48,13
-29,45,2
-49,42,-10
-55,45,-12
-63,39,-8
-60,37,5
-42,42,10
-61,46,1
-59,44,10
-58,48,15
-62,45,17
-33,47,31
-25,49,27
-26,49,14
-21,47,11
-41,39,-1
-55,37,-7
-60,40,-18
-59,40,-10
-58,39,8
-52,38,11
-50,44,13
-51,48,9
-56,52,3
-35,49,24
-37,48,23
-27,49,22
-20,48,20
-20,46,10
-30,44,0
-48,44,-18
-52,42,-20
-77,35,-12
-58,37,7
-55,41,7
-52,46,7
-61,54,6
-45,47,27
-38,47,30
-26,47,27
-20,46,26
-24,40,20
-34,37,7
-64,42,-24
-69,38,-20
-66,39,3
-49,39,11
-32,50,14
-33,53,17
-26,54,23
-31,51,13
-36,50,12
-28,41,15
-38,39,8
-73,43,-30
-69,41,-25
-80,39,-6
-68,38,5
-37,48,13
-35,53,11
-33,53,13
-35,48,12
-33,46,10
-35,39,8
-43,36,3
-69,37,-30
-74,36,-30
-73,33,-5
-67,37,1
-42,49,7
-38,55,4
-36,52,15
-35,52,15
-33,47,11
-34,39,8
-44,33,3
-77,35,-31
-72,34,-28
-80,35,-11
-62,38,1
-36,53,8
-36,57,5
-25,55,17
-22,53,12
-27,47,2
-30,41,-1
-53,28,-13
-91,28,-46
-90,24,-38
-78,34,-4
-63,40,4
-41,53,7
-44,57,5
-33,51,12
-31,47,12
-32,43,2
-28,38,-2
-56,30,-26
-76,29,-43
-78,25,-35
-72,30,-3
-64,35,5
-48,49,9
-53,56,5
-44,51,9
-38,49,14
-25,46,12
-23,45,8
-28,38,0
-45,34,-11
-72,32,-28
-66,32,-21
-79,35,-6
-53,42,9
-51,50,9
-49,53,10
-36,52,16
-21,47,21
-23,46,13
-32,42,-3
-45,38,-7
-48,33,-10
-56,32,-15
-80,30,-20
-66,28,-3
-64,35,14
-62,38,8
-58,45,8
-72,46,16
-55,44,28
-24,36,43
-29,35,38
-25,37,28
-10,33,51
-54,43,-30
-33,39,-20
-63,41,-29
-56,41,-17
-58,40,-12
-65,46,-9
-58,47,-2
-71,46,-12
-70,46,-10
-46,58,-18
-34,57,-14
-15,52,5
-8,48,13
-11,46,19
4,39,32
-8,31,62
-39,18,59
-43,15,59
-68,22,55
-53,37,46
-30,43,33
-24,34,31
-35,21,48
-87,35,17
-49,39,19
-31,51,18
-24,55,23
-15,49,30
-2,43,33
32,43,55
21,36,58
-70,30,14
-107,25,6
-52,53,6
-20,56,16
-52,28,42
-71,34,43
-48,47,45
-31,48,45
-2,44,45
9,48,48
-1,44,35
-46,30,3
-93,22,5
-77,30,8
-53,33,24
-59,37,29
-54,44,27
-32,55,34
-24,53,37
2,56,37
4,50,41
-6,39,19
-57,32,3
-109,17,1
-35,38,22
-46,32,36
-45,41,41
-34,47,47
-16,52,48
-2,56,47
-5,49,21
-16,44,12
-83,29,-4
-101,19,-3
-57,33,14
-52,31,31
-52,44,26
-42,51,38
-31,50,41
9,56,48
-1,48,34
-24,40,-8
-99,37,-15
-82,33,-16
-36,46,7
-46,28,40
-47,35,42
-46,43,49
-11,52,45
-10,51,39
-12,45,7
-53,38,-4
-86,27,-2
-80,36,-10
-59,29,21
-56,33,27
-53,46,27
-42,46,39
-13,52,41
-5,53,40
-3,47,20
-52,37,2
-82,29,2
-73,40,-19
-36,44,2
-43,36,25
-57,39,27
-50,43,45
-34,48,47
-18,46,43
-5,46,23
-40,35,17
-47,34,14
-106,30,-27
-48,44,-6
-52,40,6
-69,40,12
-62,43,23
-50,46,33
-18,48,41
-12,46,29
-12,42,18
-40,37,-1
-46,32,2
-105,30,-32
-81,34,-24
-43,38,32
-74,37,23
-67,39,30
-58,45,17
-50,46,13
-45,48,0
-40,44,5
-30,41,18
-31,39,22
-31,40,25
-29,39,30
-28,41,36
-43,39,34
-51,38,30
-44,37,32
-48,40,36
-58,40,22
-53,41,22
-50,39,20
-46,40,21
-44,38,19
-45,40,18
-41,41,17
-42,42,17
-42,45,16
-43,46,17
-42,45,18
-45,45,21
-45,45,21
-48,44,21
-46,43,21
-44,43,22
-43,42,22
-43,42,22
-43,41,21
-42,42,21
-42,42,21
-42,41,21
-45,41,21
-46,41,22
-47,41,23
-47,41,24
-45,41,23
-45,40,23
-47,39,22
-48,39,21
-48,39,21
-47,39,21
-48,39,21
-50,38,21
-48,38,22
-53,37,23
-55,35,21
-49,32,24
-45,30,28
-37,27,32
-42,26,30
-52,20,28
-49,20,30
-51,18,29
-58,17,27
-54,19,29
-47,19,32
-21,18,44
-14,14,42
-30,8,35
-40,4,30
-31,5,30
-54,-10,31
-59,-21,28
-34,-18,36
-39,-20,36
-48,-39,41
-36,-41,44
-16,-42,47
-22,-47,44
-23,-68,60
-68,-57,24
-74,-54,4
-59,-50,-5
-58,-42,-18
-44,-40,-21
-52,-43,-21
-47,-40,-26
-51,-39,-30
-49,-43,-30
-49,-43,-30
-41,-41,-24
-48,-37,-28
-46,-37,-33
-48,-36,-38
-52,-33,-40
-47,-34,-32
-51,-34,-32
-57,-36,-32
-47,-39,-21
-45,-41,-13
-44,-42,-11
-34,-44,-8
-35,-45,-6
-43,-47,-6
-45,-44,-4
-44,-43,-7
-49,-41,-13
-55,-41,-16
-52,-40,-15
-50,-39,-14
-51,-39,-14
-49,-41,-14
-48,-41,-11
-49,-41,-11
-47,-43,-14
-48,-43,-15
-46,-40,-8
-49,-41,-10
-59,-39,-12
-66,-36,-9
-70,-38,-8
-59,-42,-10
-54,-43,-10
-43,-42,-5
-42,-43,-8
-41,-42,-5
-40,-42,-7
-48,-38,-13
-43,-42,-7
-58,-41,-8
-44,-39,-6
-44,-39,-6
-47,-42,-2
-50,-41,-6
-49,-42,-5
-47,-42,-7
-45,-37,-10
-44,-41,-2
-47,-41,-13
-48,-40,-14
-51,-41,-8
-51,-42,-11
-46,-42,-5
-53,-37,-7
-74,-36,-19
-57,-40,-16
-54,-42,-16
-50,-41,-15
-48,-41,-16
-46,-41,-17
-48,-40,-17
-51,-42,-17
-49,-41,-17
-52,-40,-22
-48,-40,-20
-50,-39,-16
-50,-39,-14
-43,-39,-11
-47,-41,-7
-48,-42,-8
-51,-40,-7
-48,-44,-5
-51,-42,-6
-47,-42,-8
-46,-43,-11
-44,-43,-10
-45,-43,-10
-42,-43,-10
-40,-44,-8
-43,-46,-8
-45,-47,-8
-42,-47,-4
-41,-47,-1
-35,-50,3
-34,-51,4
-30,-54,9
-29,-57,12
-24,-61,14
-23,-61,15
-20,-62,17
-18,-63,20
-12,-64,22
-14,-63,21
-13,-62,20
-10,-63,21
-14,-63,17
-16,-62,15
-15,-62,15
-13,-62,16
-13,-62,16
-13,-62,16
-13,-62,16
-13,-62,16
-13,-61,15
-14,-61,14
-11,-62,16
-14,-62,13
-10,-62,15
-11,-61,15
-11,-61,14
-11,-61,14
-10,-61,16
-10,-60,16
-10,-60,16
-11,-60,17
-12,-60,15
-11,-61,15
-11,-60,16
-13,-61,16
-13,-61,15
-13,-62,15
-13,-62,15
-13,-63,16
-12,-62,16
-12,-63,16
-11,-63,16
-13,-62,16
-12,-63,17
-14,-62,17
-12,-61,17
-12,-61,17
-12,-61,16
-12,-62,16
-12,-61,16
-12,-61,15
-12,-61,15
-12,-61,15
-12,-61,15
-12,-61,14
-12,-61,15
-12,-61,14
-11,-60,15
-11,-61,14
-11,-61,14
-12,-61,15
-11,-61,15
-11,-62,15
-12,-62,14
-11,-62,15
-11,-62,15
-13,-62,14
-12,-62,15
-12,-62,15
-12,-62,14
-12,-62,14
-13,-62,14
-13,-62,14
-13,-62,14
-13,-61,13
-11,-62,14
-12,-62,14
-12,-62,13
-12,-62,13
-12,-62,13
-12,-62,13
-11,-62,13
-11,-62,14
-11,-62,14
-11,-62,14
-11,-62,14
-11,-62,14
-11,-62,13
-11,-62,13
-12,-62,13
-12,-62,14
-12,-62,14
-12,-63,14
-12,-63,14
-12,-63,14
-12,-62,14
-12,-62,14
-11,-62,14
-11,-62,14
-12,-62,13
-12,-62,12
-12,-62,12
-12,-61,12
-11,-61,13
-11,-61,12
-12,-61,13
-12,-61,14
-12,-61,14
-12,-62,15
-12,-62,15
-12,-62,15
-12,-62,14
-12,-62,14
-12,-62,14
-12,-62,14
-12,-62,14
-12,-62,14
-12,-62,14
-12,-62,13
-12,-62,13
-12,-62,13
-12,-62,13
-12,-62,13
-11,-62,13
-12,-62,13
-11,-62,14
-11,-62,14
-11,-62,13
-12,-62,13
-12,-62,13
-12,-62,13
-12,-62,12
-12,-62,13
-12,-62,13
-12,-62,13
-12,-62,13
-12,-62,13
-12,-62,13
-12,-62,14
-12,-62,13
-12,-62,13
-12,-62,13
-12,-62,13
-12,-62,13
-12,-62,13
-12,-62,13
-12,-62,13
-12,-62,13
-12,-62,13
-12,-62,13
-12,-62,13
-12,-62,13
-12,-62,13
-12,-62,12
-12,-62,12
-12,-62,12
-12,-62,12
-11,-62,12
-12,-62,12
-12,-62,13
-12,-62,13
-12,-62,13
-12,-63,13
-12,-63,13
-13,-64,14
-13,-64,15
-12,-59,16
-11,-61,15
-12,-60,14
-14,-60,13
-14,-62,13
-12,-65,14
-11,-66,14
-9,-65,13
-10,-64,11
-11,-62,9
-10,-61,8
-11,-59,8
-11,-59,9
-11,-58,12
-12,-58,13
-13,-58,15
-13,-59,17
-15,-60,19
-16,-62,20
-16,-62,19
-17,-63,17
-17,-62,16
-17,-63,15
-17,-63,15
-16,-62,15
-15,-62,14
-14,-63,13
-13,-62,13
-12,-62,13
-13,-62,12
-13,-62,11
-13,-62,11
-13,-63,11
-12,-63,12
-12,-63,13
-12,-62,13
-12,-62,14
-13,-61,14
-13,-61,15
-13,-60,14
-13,-61,14
-14,-61,13
-14,-61,13
-13,-61,12
-13,-61,12
-14,-61,12
-13,-61,13
-13,-61,13
-13,-62,13
-13,-62,13
-13,-63,14
-12,-63,14
-12,-63,14
-13,-63,14
-13,-63,14
-13,-63,14
-14,-63,13
-14,-62,13
-14,-62,13
-14,-62,13
-14,-62,13
-14,-61,13
-14,-62,13
-13,-61,13
-13,-61,13
-12,-61,13
-12,-61,13
-12,-61,13
-11,-61,13
-11,-61,13
-11,-61,13
-11,-60,13
-11,-59,13
-12,-60,13
-12,-61,12
-13,-62,12
-14,-62,13
-13,-62,13
-13,-63,15
-13,-63,15
-13,-63,15
-14,-63,14
-14,-62,14
-13,-62,13
-13,-62,12
-14,-62,11
-15,-62,10
-15,-63,10
-14,-64,10
-13,-64,10
-12,-64,11
-11,-63,11
-11,-62,11
-10,-61,10
-9,-61,10
-8,-61,10
-9,-62,9
-10,-63,8
-11,-63,8
-11,-63,8
-12,-62,9
-11,-62,10
-10,-61,11
-10,-60,12
-10,-60,13
-11,-60,13
-12,-62,13
-14,-64,13
-14,-65,13
-14,-65,13
-14,-66,13
-13,-65,12
-13,-64,11
-12,-63,11
-12,-62,10
-12,-62,10
-12,-62,10
-13,-62,10
-12,-62,10
-12,-62,11
-12,-62,11
-12,-62,12
-12,-62,12
-12,-62,12
-12,-62,12
-12,-62,11
-12,-62,11
-12,-61,11
-11,-61,10
-11,-61,10
-11,-61,11
-12,-61,11
-12,-61,11
-12,-62,12
-12,-62,12
-12,-62,12
-12,-63,12
-12,-63,12
-12,-63,12
-12,-63,11
-12,-63,11
-12,-63,11
-12,-63,11
-12,-63,11
-12,-62,11
-12,-63,11
-12,-62,11
-12,-62,11
-12,-62,11
-12,-62,11
-12,-62,11
-12,-62,11
-11,-62,12
-11,-62,12
-11,-62,11
-11,-62,11
-12,-62,11
-11,-62,11
-11,-61,12
-12,-61,12
-12,-61,11
-12,-61,11
-12,-61,11
-13,-61,11
-13,-62,12
-12,-62,12
-12,-63,12
-13,-63,12
-12,-63,12
-13,-63,12
-13,-63,12
-13,-63,12
-12,-63,11
-12,-63,11
-12,-62,10
-11,-61,11
-12,-62,11
-11,-62,11
-12,-62,10
-13,-61,10
-13,-61,10
-13,-61,11
-14,-62,11
-13,-62,12
-13,-62,12
-13,-63,12
-13,-63,12
-13,-63,11
-13,-62,11
-12,-62,11
-12,-62,10
-12,-62,11
-12,-62,10
-12,-62,10
-12,-63,11
-12,-62,11
-13,-62,11
-13,-62,11
-13,-62,11
-13,-62,11
-12,-62,11
-12,-63,11
-11,-62,10
-12,-62,10
-12,-62,10
-11,-62,10
-12,-62,11
-12,-62,11
-13,-62,11
-13,-62,11
-13,-62,11
-13,-62,11
-13,-63,11
-13,-62,11
-13,-62,11
-12,-62,11
-12,-63,11
-12,-62,11
-12,-62,11
-12,-62,10
-12,-62,10
-12,-62,11
-12,-62,11
-13,-62,11
-13,-62,11
-12,-62,11
-12,-62,11
-12,-62,11
-12,-62,11
-12,-62,11
-12,-62,11
-12,-62,11
-12,-62,11
-13,-62,11
-12,-62,11
-12,-63,11
-12,-62,11
-12,-63,11
-13,-63,11
-13,-62,11
-12,-62,11
-13,-61,11
-13,-62,11
-13,-62,10
-13,-62,10
-12,-62,10
-12,-62,11
-11,-62,11
-11,-61,11
-11,-61,11
-12,-62,10
-12,-62,11
-10,-64,13
-10,-63,13
-13,-63,13
-14,-63,13
-13,-63,13
-13,-63,14
-11,-63,14
-13,-62,12
-13,-62,12
-14,-62,13
-13,-62,14
-12,-62,14
-11,-62,15
-10,-62,18
-11,-62,19
-16,-62,18
-18,-62,17
-19,-61,21
-28,-59,13
-35,-58,8
-36,-55,4
-42,-53,0
-46,-50,-6
-45,-49,-9
-48,-45,-17
-51,-43,-20
-49,-40,-27
-51,-39,-31
-49,-36,-35
-51,-34,-36
-54,-30,-39
-56,-26,-46
-56,-25,-47
-58,-19,-40
-56,-15,-38
-55,-9,-37
-53,-7,-38
-52,-2,-34
-52,0,-37
-56,3,-37
-53,6,-34
-49,10,-32
-49,13,-29
-45,19,-24
-47,24,-18
-45,25,-18
-60,28,-24
-62,27,-25
-55,27,-7
-57,28,-1
-68,22,1
-63,16,17
-47,14,49
-43,13,55
-40,12,58
-32,13,58
-6,21,58
-1,30,49
-5,35,39
-8,40,26
-22,38,18
-28,36,8
-28,36,4
-38,39,-3
-53,36,-14
-87,32,-22
-88,34,-7
-80,30,39
-63,33,53
-35,39,38
-40,45,10
-46,45,-2
-60,42,2
-55,39,13
-32,42,5
-29,37,4
-61,32,-20
-77,27,-33
-92,24,-11
-85,23,19
-33,33,43
-32,39,36
-37,52,7
-48,52,0
-50,46,7
-40,46,10
-32,44,7
-31,34,3
-42,28,-10
-83,25,-44
-91,19,-33
-68,27,23
-65,30,19
-37,44,15
-33,54,7
-47,56,-4
-51,43,6
-37,42,7
-39,34,3
-41,30,1
-59,27,-25
-70,22,-30
-73,18,-8
-73,17,0
-55,35,1
-47,47,-12
-49,62,-24
-53,56,-5
-44,55,-2
-31,46,-1
-22,40,0
-26,28,-14
-36,22,-24
-78,15,-57
-90,16,-49
-76,35,-10
-57,49,-9
-46,68,-25
-46,69,-24
-38,55,-8
-36,47,-5
-24,42,4
-24,32,-3
-31,28,-2
-59,30,-40
-77,33,-55
-68,42,-12
-46,47,0
-27,60,-2
-29,62,-5
-19,54,9
-21,50,5
-29,43,0
-26,25,-10
-29,24,-18
-49,17,-34
-74,15,-55
-86,18,-33
-84,27,-17
-56,42,-4
-53,52,-19
-76,57,-45
-67,54,-35
-61,43,-18
-57,40,-15
-62,34,-15
-40,36,-5
-40,38,-8
-29,39,8
-18,42,17
-4,48,23
-8,51,25
-17,54,22
-21,56,22
-21,63,21
-23,63,13
-35,60,8
-32,57,2
-28,58,8
-23,54,8
-17,51,12
-5,49,24
-10,47,33
-24,43,49
-26,41,53
-23,37,60
-9,38,71
-18,32,64
-23,31,56
-25,36,49
-21,36,43
-21,36,42
-24,36,41
-24,36,42
-19,37,42
-17,37,41
-23,35,37
-30,34,35
-36,34,34
-40,35,32
-51,33,30
-56,32,28
-67,31,19
-58,33,17
-56,33,14
-54,34,9
-50,31,4
-56,29,2
-59,29,2
-61,28,-2
-58,27,-5
-58,27,-10
-58,27,-14
-62,27,-22
-60,27,-23
-61,27,-25
-61,27,-25
-61,27,-25
-58,26,-23
-58,26,-19
-56,26,-13
-56,25,-10
-56,25,-8
-57,25,-8
-58,24,-10
-58,23,-11
-59,24,-11
-60,24,-12
-60,24,-11
-61,24,-10
-60,24,-10
-59,24,-9
-60,24,-9
-59,24,-10
-60,24,-9
-60,23,-8
-60,23,-8
-60,24,-7
-61,24,-7
-61,23,-7
-61,23,-6
-61,23,-5
-60,23,-3
-60,23,-3
-57,23,-3
-56,24,-1
-49,24,3
-49,22,-1
-50,18,-9
-55,19,-13
-59,18,-22
-60,18,-28
-61,15,-39
-59,19,-45
-53,22,-43
-59,23,-52
-59,21,-51
-57,20,-51
-60,18,-55
-59,17,-56
-62,16,-48
-71,14,-33
-77,11,-32
-88,9,-33
-67,4,-20
-20,10,20
-27,22,22
-26,26,14
-26,34,-9
-26,37,-8
-13,35,-6
-6,35,-7
-9,39,-37
-38,40,-63
-65,40,-77
-68,46,-75
-97,40,-25
-90,29,28
-50,30,47
-43,40,19
-49,42,-2
-49,45,-14
-51,40,-3
-43,36,12
-28,37,12
-19,30,4
-38,27,-15
-62,35,-62
-71,38,-72
-79,33,-34
-71,28,-4
-54,37,32
-48,50,23
-47,57,8
-24,56,11
-33,48,8
-24,46,2
-25,39,-3
-56,33,-25
-61,30,-33
-70,21,-16
-60,24,16
-35,30,21
-24,51,-4
-30,60,-15
-29,51,-10
-33,45,-4
-40,26,1
-44,20,-9
-83,3,-16
-102,3,-38
-72,3,-23
-80,7,-4
-80,4,23
-83,7,20
-92,21,13
-86,27,2
-73,27,2
-52,28,9
-44,29,8
-26,32,7
-24,29,3
-52,19,-26
-67,11,-35
-70,13,-41
-68,7,-36
-74,2,-6
-65,1,11
-74,8,9
-83,13,8
-79,17,9
-63,21,5
-62,22,6
-51,24,4
-41,24,3
-29,24,-4
-34,21,-12
-52,14,-27
-61,15,-30
-76,11,-30
-66,13,-6
-70,21,12
-73,25,1
-77,29,4
-88,34,-10
-74,34,-9
-55,29,3
-43,27,12
-40,25,5
-36,22,7
-33,14,1
-55,5,0
-23,10,6
-40,2,-24
-61,-3,-53
-65,0,-68
-59,2,-65
-48,7,-46
-50,8,-47
-76,7,-48
-80,2,-41
-56,3,-39
-49,2,-43
-41,1,-47
-39,2,-46
-36,3,-45
-36,3,-45
-41,6,-47
-49,6,-46
-48,6,-48
-54,4,-49
-54,4,-47
-46,3,-48
-46,3,-47
-45,4,-46
-47,3,-46
-46,3,-43
-48,2,-41
-50,1,-36
-51,1,-36
-52,1,-37
-50,2,-36
-50,3,-36
-49,4,-37
-48,4,-37
-48,3,-39
-49,3,-39
-47,3,-40
-46,4,-43
-47,4,-47
-47,4,-49
-45,5,-50
-44,5,-49
-42,6,-50
-42,6,-49
-43,6,-49
-42,4,-49
-42,4,-48
-41,3,-47
-41,3,-48
-42,2,-49
-42,2,-49
-42,3,-49
-42,3,-50
-41,3,-50
-41,3,-49
-41,3,-49
-41,3,-49
-41,3,-49
-41,3,-50
-41,2,-50
-41,2,-49
-41,2,-49
-41,2,-50
-41,3,-50
-40,3,-50
-40,2,-50
-41,2,-50
-41,2,-50
-41,2,-50
-41,2,-50
-41,2,-49
-41,2,-50
-40,3,-50
-40,3,-50
-41,3,-50
-40,3,-49
-40,3,-49
-41,3,-50
-41,3,-49
-40,4,-50
-40,3,-50
-40,3,-50
-41,3,-50
-40,3,-50
-41,2,-50
-41,2,-50
-41,2,-50
-40,2,-50
-40,1,-49
-40,2,-50
-40,2,-50
-41,2,-50
-41,2,-50
-41,2,-50
-40,2,-50
-40,2,-50
-40,2,-50
-40,2,-50
-40,2,-50
-40,2,-50
-40,2,-49
-40,2,-50
-40,2,-50
-40,2,-49
-41,2,-50
-41,3,-50
-40,2,-50
-40,2,-49
-40,2,-49
-40,2,-49
-40,2,-50
-40,2,-50
-40,2,-50
-40,2,-50
-40,2,-50
-40,2,-50
-40,2,-50
-40,2,-51
-40,2,-51
-39,2,-51
-39,2,-51
-39,2,-50
-39,1,-51
-40,2,-51
-40,2,-51
-39,2,-51
-39,2,-51
-39,2,-51
-39,2,-51
-39,2,-51
-39,1,-51
-39,1,-52
-39,1,-51
-40,1,-51
-44,1,-53
-48,1,-56
-51,1,-51
-52,2,-50
-58,2,-47
-60,2,-47
-65,2,-41
-68,5,-40
-59,6,-25
-51,5,-3
-56,5,4
-68,9,6
-63,12,10
-57,15,9
-47,17,24
-66,12,26
-58,11,33
-38,10,49
-22,9,55
-16,5,63
-19,7,65
-10,14,62
1,21,58
0,25,47
0,38,29
-11,40,18
-24,36,0
-23,35,-9
-37,34,-18
-36,33,-30
-47,27,-55
-59,28,-68
-83,33,-67
-77,30,-20
-70,27,10
-46,34,26
-43,33,4
-81,30,-19
-82,30,-28
-46,38,-14
-34,38,-2
-34,38,-3
-33,38,-7
-45,33,-12
-48,32,-15
-55,35,-24
-63,36,-20
-61,36,-13
-51,33,6
-47,34,9
-41,36,-2
-44,36,-12
-59,40,-35
-50,41,-32
-59,42,-31
-52,41,-22
-42,39,-11
-57,37,-14
-47,36,-12
-50,34,-13
-52,34,-14
-59,32,-14
-58,32,-13
-58,34,-14
-56,34,-12
-53,34,-14
-52,35,-17
-50,36,-21
-48,36,-23
-45,37,-24
-44,38,-26
-43,39,-24
-42,40,-24
-42,40,-23
-42,41,-22
-45,41,-21
-48,40,-20
-49,39,-20
-51,39,-21
-53,39,-23
-55,39,-23
-52,39,-18
-53,40,-16
-53,40,-17
-50,42,-14
-41,44,-13
-42,45,-14
-46,45,-23
-45,45,-24
-42,47,-26
-41,47,-28
-30,55,-9
-26,57,5
-4,50,21
7,47,24
28,41,54
-27,22,57
-48,24,55
-59,27,51
-60,29,40
-71,39,28
-52,43,30
-27,36,28
-30,29,28
-80,27,29
-97,31,12
-36,50,12
-16,59,27
6,50,29
31,46,50
18,35,54
-48,27,32
-45,31,18
-73,34,-10
-95,38,-19
-48,44,6
-37,36,26
-100,37,20
-73,40,29
-47,48,35
-26,47,37
-11,42,39
-17,40,33
-19,41,16
-50,33,0
-68,27,1
-92,32,-13
-42,34,11
-65,38,27
-59,40,35
-48,50,44
-38,49,43
-8,49,44
-13,46,40
-11,41,13
-51,29,15
-57,24,21
-109,21,-2
-67,28,17
-67,38,31
-52,42,29
-45,49,32
-49,50,28
-19,52,20
-2,51,27
-21,42,15
-24,37,2
-91,29,-8
-80,37,-18
-13,42,12
-50,34,35
-52,36,36
-42,47,48
-46,45,42
-21,49,33
-30,47,22
-39,39,7
-55,33,2
-92,25,0
-80,28,3
-36,25,43
-61,33,28
-48,41,34
-46,48,32
-35,50,27
-11,50,29
-19,47,20
-29,39,13
-73,29,9
-109,27,-4
-93,28,-5
-20,33,54
-62,33,32
-28,44,41
-48,48,32
-39,51,29
-17,49,22
-35,46,12
-43,40,5
-65,35,3
-81,37,0
-45,39,4
-7,35,54
-52,38,38
-36,43,46
-36,45,47
-38,45,37
-27,44,33
-32,43,22
-57,33,15
-66,31,14
-75,33,5
-61,36,7
-47,30,33
-79,30,25
-56,41,25
-42,49,28
-32,47,27
-9,50,34
-3,48,40
-32,40,27
-39,37,16
-93,44,-16
-95,47,-32
13,48,11
12,37,54
-51,35,29
-39,42,35
-44,51,26
-26,57,21
-14,59,10
-25,50,5
-35,42,3
-105,35,-13
-96,31,-13
-6,41,53
-43,31,48
-56,38,30
-38,49,35
-34,52,30
-33,51,25
-6,50,26
-18,47,19
-43,37,19
-84,34,8
-86,34,4
-23,44,22
-15,36,44
-60,36,32
-50,38,33
-36,48,38
-28,48,39
-33,42,25
-21,45,28
1,46,24
-12,31,36
-61,31,27
-77,35,13
-68,43,8
-35,46,15
-38,42,29
-73,39,20
-58,41,26
-41,49,28
-35,46,25
-14,46,29
-2,49,34
-23,42,25
-30,39,17
-47,35,10
-81,37,10
-65,41,6
-5,37,56
-48,36,48
-50,42,34
-46,49,37
-38,48,34
-20,48,39
-20,49,28
-29,49,21
-33,40,20
-58,33,15
-68,31,20
-35,35,31
-24,31,45
-83,34,17
-66,35,19
-32,52,36
-27,49,39
-20,45,39
-8,47,44
-27,44,30
-33,44,24
-43,39,6
-88,37,-2
-77,40,-5
-7,42,40
-34,35,46
-47,41,32
-41,47,38
-37,46,36
-31,47,36
-35,49,19
-40,48,10
-47,45,6
-57,41,6
-64,40,5
-19,42,28
-17,37,40
-61,37,27
-42,38,34
-31,46,39
-24,45,39
-10,45,44
-19,45,37
-27,42,24
-53,33,17
-73,34,15
-86,33,8
-53,44,7
-26,38,38
-60,34,29
-50,41,34
-48,46,35
-34,45,35
-30,44,30
-10,48,34
-18,47,29
-23,41,15
-41,38,8
-88,33,-1
-39,44,12
-16,42,42
-70,38,30
-53,40,38
-43,46,39
-36,45,35
-22,47,28
-30,46,19
-35,44,11
-44,39,13
-55,38,10
-58,38,11
-41,36,31
-63,37,28
-59,40,31
-40,47,36
-37,46,35
-19,48,33
-14,47,33
-5,49,10
-20,36,35
-57,36,18
-77,35,8
-60,48,0
-32,51,7
-6,42,46
-63,37,30
-69,37,25
-58,45,21
-50,46,20
-40,45,20
-37,46,20
-36,45,21
-38,45,22
-39,51,11
-17,46,22
-31,45,32
-29,46,33
-38,47,26
-31,54,31
-37,37,20
-44,38,17
-45,50,23
-34,51,24
-33,48,22
-37,46,22
-37,47,21
-38,47,19
-38,47,18
-38,48,17
-40,48,19
-39,49,20
-36,49,21
-36,49,22
-37,48,22
-37,48,21
-35,47,21
-33,47,21
-23,47,21
-21,46,19
-21,43,11
-22,40,1
-27,32,-28
-60,30,-67
-69,30,-85
-63,37,-57
-58,41,-32
-54,42,-20
-60,42,-21
-77,38,-10
-79,36,-11
-73,33,-5
-64,33,1
-51,32,16
-38,31,18
-18,36,19
-17,39,6
-13,41,2
-16,40,-8
-19,39,-15
-44,38,-28
-57,37,-36
-84,41,-24
-77,47,-2
-57,57,4
-52,57,0
-54,56,-6
-56,54,-12
-48,47,-6
-39,43,3
-31,40,1
-28,36,7
-33,34,12
-41,31,4
-52,28,-5
-92,28,-20
-81,30,-7
-65,40,10
-58,41,11
-48,44,5
-53,46,8
-58,44,3
-37,42,11
-34,41,10
-24,38,8
-21,37,7
-33,33,-10
-52,29,-26
-90,27,-40
-76,30,-17
-58,45,-4
-45,48,-5
-48,51,-5
-50,50,-4
-50,46,-6
-43,40,5
-36,35,3
-32,29,5
-33,23,6
-56,16,-4
-68,11,-14
-73,13,-7
-73,20,7
-59,32,10
-52,28,-2
-40,25,1
-37,10,-9
-46,-1,-42
-58,-21,-59
-59,-16,-61
-22,-19,-45
-18,-25,-31
-32,-47,-13
-41,-55,-7
-71,-70,8
-62,-70,10
-52,-75,5
-35,-82,16
-17,-90,45
9,-82,82
-27,-75,54
-15,-64,27
-24,-62,16
-40,-59,-2
-35,-57,-8
-16,-56,-1
-12,-56,3
-8,-60,8
-12,-64,11
-24,-62,12
-25,-61,12
-24,-61,12
-20,-62,13
-18,-62,13
-16,-60,12
-16,-59,12
-13,-58,12
-10,-58,15
-9,-59,16
-11,-60,14
-19,-62,8
-20,-61,6
-12,-61,9
-9,-65,10
-20,-64,9
-19,-60,10
-15,-61,12
-18,-61,11
-17,-61,11
-16,-61,10
-16,-63,10
-16,-64,10
-15,-64,11
-16,-64,11
-16,-63,10
-14,-62,10
-14,-61,10
-15,-61,9
-15,-60,9
-15,-61,9
-14,-61,9
-14,-62,9
-14,-62,10
-14,-62,10
-15,-62,11
-14,-62,11
-14,-62,11
-15,-62,11
-15,-62,10
-15,-62,9
-16,-62,9
-16,-61,9
-15,-62,9
-15,-62,10
-15,-62,10
-15,-63,10
-14,-64,10
-14,-63,10
-13,-62,9
-14,-61,9
-15,-60,9
-16,-60,10
-17,-61,10
-17,-62,10
-16,-63,9
-16,-64,9
-14,-64,9
-12,-63,10
-11,-62,11
-11,-62,11
-14,-62,10
-15,-62,10
-16,-61,10
-17,-61,10
-17,-61,10
-17,-61,11
-16,-61,11
-16,-61,11
-16,-61,11
-16,-62,11
-15,-62,11
-15,-62,10
-15,-61,10
-16,-60,9
-17,-60,9
-18,-59,9
-18,-60,9
-17,-62,9
-14,-64,9
-13,-65,9
-11,-65,11
-10,-64,12
-10,-63,12
-11,-62,12
-14,-62,9
-15,-61,8
-16,-59,7
-16,-59,7
-15,-60,8
-15,-63,8
-14,-68,10
-14,-70,10
-14,-69,10
-12,-64,11
-11,-62,12
-12,-58,12
-12,-57,12
-14,-56,11
-16,-57,10
-19,-60,8
-19,-61,8
-18,-64,8
-17,-65,8
-12,-64,9
-8,-64,10
-6,-63,11
-6,-62,10
-8,-62,9
-13,-63,8
-15,-62,8
-16,-61,8
-16,-60,9
-16,-60,10
-15,-60,11
-17,-60,11
-17,-60,10
-17,-60,10
-19,-62,8
-20,-62,7
-20,-61,7
-20,-61,7
-19,-62,9
-18,-63,9
-17,-65,10
-16,-65,10
-14,-66,8
-13,-67,7
-12,-66,7
-12,-64,5
-11,-63,5
-11,-62,6
-11,-62,6
-14,-63,6
-15,-63,6
-17,-62,6
-17,-63,6
-17,-64,7
-16,-64,7
-15,-64,8
-14,-63,8
-14,-63,8
-13,-63,8
-13,-64,8
-14,-64,7
-15,-64,8
-15,-64,8
-15,-64,9
-15,-64,9
-14,-63,10
-15,-62,9
-16,-62,9
-15,-61,8
-15,-61,8
-14,-60,9
-14,-58,9
-14,-57,9
-14,-58,10
-14,-58,10
-14,-60,11
-15,-61,10
-17,-62,11
-17,-62,11
-16,-61,12
-16,-61,13
-15,-60,13
-14,-61,12
-15,-61,11
-14,-61,9
-14,-61,9
-14,-61,9
-14,-62,10
-14,-62,11
-14,-62,12
-14,-63,12
-14,-62,12
-15,-62,11
-15,-62,10
-16,-63,9
-16,-64,9
-16,-64,9
-14,-65,9
-12,-64,10
-9,-64,11
-8,-63,11
-10,-63,10
-11,-63,9
-13,-62,9
-13,-62,9
-13,-62,11
-13,-62,11
-13,-63,12
-13,-63,11
-14,-63,11
-13,-62,10
-13,-62,10
-12,-60,11
-12,-60,11
-13,-61,12
-13,-61,12
-15,-62,13
-16,-62,12
-17,-63,11
-16,-62,10
-14,-61,9
-11,-61,10
-10,-61,10
-11,-61,10
-12,-61,10
-15,-61,10
-16,-62,10
-16,-62,11
-16,-62,11
-16,-62,10
-16,-62,10
-16,-63,10
-16,-63,9
-16,-62,9
-15,-62,9
-15,-62,9
-15,-62,9
-16,-62,8
-16,-62,8
-16,-62,8
-18,-62,8
-18,-61,8
-18,-62,9
-18,-62,9
-17,-63,9
-17,-63,8
-17,-63,9
-16,-63,9
-16,-63,9
-15,-63,10
-15,-63,10
-16,-62,10
-16,-62,9
-16,-61,9
-16,-61,9
-16,-60,9
-16,-60,8
-16,-60,8
-16,-60,8
-16,-60,8
-16,-60,8
-16,-60,8
-17,-62,9
-17,-62,9
-16,-62,10
-14,-63,10
-12,-63,11
-12,-63,11
-13,-62,10
-13,-62,9
-15,-62,8
-16,-61,8
-16,-61,8
-16,-62,8
-16,-62,8
-15,-62,9
-15,-63,10
-15,-63,10
-15,-63,10
-14,-63,10
-14,-63,9
-14,-63,8
-14,-63,8
-13,-63,8
-12,-62,8
-11,-62,9
-12,-62,9
-13,-62,9
-14,-62,9
-15,-62,9
-16,-62,9
-16,-62,9
-15,-62,10
-15,-62,9
-14,-62,9
-14,-62,9
-14,-62,9
-14,-62,9
-14,-62,9
-15,-62,9
-15,-62,10
-15,-62,9
-15,-62,9
-14,-62,9
-15,-62,9
-15,-62,9
-15,-62,9
-15,-62,9
-15,-62,9
-15,-62,9
-14,-62,9
-14,-62,9
-14,-62,9
-14,-62,9
-14,-62,10
-14,-62,10
-14,-62,10
-15,-62,10
-15,-62,10
-15,-62,10
-14,-62,10
-15,-62,10
-15,-62,10
-15,-62,10
-15,-62,10
-15,-62,9
-14,-62,10
-14,-62,10
-14,-62,10
-14,-62,10
-14,-62,9
-15,-62,10
-14,-62,10
-14,-62,10
-14,-62,10
-14,-62,10
-14,-62,9
-14,-62,10
-14,-62,9
-14,-62,9
-14,-62,10
-14,-62,9
-14,-62,9
-14,-62,9
-14,-62,9
-14,-62,9
-15,-62,10
-14,-62,9
-14,-62,9
-14,-62,9
-14,-62,9
-14,-62,9
-14,-62,9
-14,-62,9
-14,-62,9
-14,-62,9
-14,-62,9
-14,-62,9
-14,-62,10
-14,-62,10
-15,-62,9
-15,-62,9
-14,-62,9
-14,-62,9
-14,-62,9
-14,-62,9
-14,-62,9
-14,-62,9
-14,-62,10
-15,-62,9
-14,-62,10
-14,-62,10
-14,-62,9
-14,-62,9
-14,-62,10
-14,-62,9
-14,-62,9
-14,-62,9
-14,-62,9
-14,-62,9
-14,-62,9
-14,-62,9
-15,-62,9
-14,-62,9
-15,-62,9
-15,-62,9
-15,-62,9
-15,-62,9
-14,-62,9
-14,-62,9
-14,-62,9
-14,-62,9
-15,-62,9
-15,-62,9
-15,-62,10
-15,-62,9
-15,-62,9
-15,-62,9
-14,-62,9
-14,-62,9
-14,-62,9
-14,-62,9
-15,-62,9
-15,-62,9
-14,-62,9
-14,-62,9
-14,-62,9
-14,-62,9
-15,-62,10
-14,-62,9
-14,-62,10
-15,-62,9
-15,-62,10
-15,-62,10
-14,-62,10
-15,-62,10
-14,-62,9
-14,-62,10
-15,-62,10
-14,-62,10
-15,-62,10
-15,-62,10
-14,-62,10
-14,-62,10
-14,-62,10
-14,-62,9
-14,-62,9
-14,-62,9
-14,-62,10
-14,-62,10
-15,-62,10
-14,-62,9
-14,-62,9
-14,-62,9
-14,-62,9
-14,-62,9
-14,-62,10
-14,-62,10
-14,-62,10
-14,-62,9
-14,-62,10
-14,-62,9
-14,-62,10
-14,-62,9
-14,-62,9
-14,-62,10
-14,-62,9
-14,-62,9
-14,-62,9
-14,-62,9
-14,-62,9
-14,-62,9
-14,-62,10
-14,-62,10
-14,-62,9
-14,-62,9
-15,-62,10
-14,-62,9
-14,-62,9
-14,-62,10
-14,-62,10
-14,-62,10
-14,-63,9
-14,-62,9
-15,-62,9
-15,-62,10
-15,-61,10
-15,-61,10
-14,-62,9
-14,-63,9
-13,-62,9
-13,-62,9
-13,-62,9
-13,-62,10
-13,-62,10
-14,-62,10
-15,-62,10
-15,-62,10
-15,-62,10
-15,-62,10
-14,-62,10
-14,-62,10
-13,-62,10
-14,-62,9
-14,-62,9
-15,-62,9
-15,-62,9
-15,-62,9
-14,-63,10
-14,-63,10
-14,-63,10
-13,-63,10
-14,-62,10
-15,-62,10
-15,-61,10
-16,-61,9
-15,-61,10
-15,-62,10
-14,-62,10
-14,-62,9
-14,-62,9
-13,-62,9
-13,-62,9
-13,-62,9
-13,-62,10
-15,-62,9
-15,-62,9
-15,-62,10
-16,-62,10
-15,-62,10
-14,-62,10
-14,-62,9
-14,-62,8
-14,-62,8
-15,-62,9
-15,-62,9
-15,-62,10
-15,-62,10
-15,-63,10
-15,-62,10
-15,-62,9
-15,-62,9
-15,-61,9
-15,-62,9
-14,-62,9
-14,-63,9
-13,-62,9
-14,-63,9
-14,-63,9
-14,-62,9
-15,-62,9
-15,-62,8
-15,-62,9
-14,-62,9
-14,-62,8
-14,-63,9
-14,-62,8
-13,-62,8
-13,-62,8
-14,-62,8
-14,-62,8
-14,-62,8
-14,-62,8
-14,-62,8
-13,-62,9
-13,-62,8
-14,-63,8
-15,-63,8
-14,-62,8
-14,-62,9
-14,-62,9
-15,-62,9
-15,-62,8
-15,-62,8
-15,-62,8
-14,-62,8
-14,-62,8
-14,-62,8
-14,-63,8
-14,-62,8
-14,-62,8
-15,-62,9
-16,-62,9
-16,-62,9
-16,-62,9
-15,-62,9
-15,-62,8
-15,-62,8
-14,-62,8
-14,-62,8
-13,-62,9
-14,-63,9
-15,-63,9
-15,-62,9
-15,-62,9
-15,-62,9
-14,-62,9
-14,-62,8
-14,-62,8
-14,-62,9
-14,-62,9
-13,-62,10
-14,-62,10
-15,-62,10
-15,-62,9
-14,-62,9
-14,-62,8
-14,-62,9
-14,-62,9
-14,-62,9
-16,-63,9
-16,-62,10
-16,-62,10
-16,-62,10
-15,-62,9
-15,-63,9
-13,-63,9
-12,-62,8
-12,-62,8
-12,-62,8
-13,-62,8
-15,-61,9
-16,-62,10
-17,-62,10
-16,-62,11
-17,-62,10
-17,-62,10
-15,-62,9
-14,-62,9
-13,-62,9
-12,-62,9
-13,-62,8
-14,-62,9
-14,-62,9
-15,-62,9
-15,-62,9
-15,-62,9
-15,-62,9
-15,-63,9
-14,-62,9
-14,-62,9
-14,-62,8
-14,-62,8
-14,-62,9
-15,-62,9
-14,-62,9
-15,-62,9
-15,-62,9
-15,-62,9
-15,-62,9
-15,-62,9
-15,-62,9
-15,-62,9
-15,-62,9
-15,-62,9
-14,-62,9
-14,-62,9
-14,-62,9
-14,-62,8
-14,-62,8
-14,-62,9
-14,-62,9
-15,-62,9
-15,-62,9
-14,-62,9
-14,-62,9
-13,-61,8
-13,-61,8
-15,-62,8
-15,-62,9
-15,-62,9
-14,-63,9
-14,-63,9
-13,-62,8
-14,-63,8
-14,-64,7
-14,-64,8
-13,-63,8
-13,-63,8
-13,-63,8
-14,-63,8
-16,-63,8
-16,-63,9
-16,-63,9
-15,-63,8
-14,-62,8
-14,-62,8
-14,-62,8
-14,-62,8
-14,-62,8
-15,-62,8
-15,-62,8
-15,-61,9
-14,-61,9
-14,-62,9
-15,-62,9
-15,-62,9
-14,-62,9
-14,-62,8
-14,-63,8
-14,-64,8
-13,-64,9
-12,-64,10
-12,-63,10
-13,-62,9
-14,-61,9
-14,-61,8
-14,-61,7
-14,-61,7
-14,-62,7
-14,-62,8
-14,-63,9
-13,-63,11
-13,-64,11
-13,-63,11
-14,-62,10
-14,-62,9
-14,-62,8
-13,-61,8
-13,-62,9
-13,-62,9
-13,-63,10
-13,-63,10
-13,-63,10
-13,-62,10
-14,-62,9
-14,-62,9
-14,-62,9
-14,-62,9
-13,-62,9
-13,-62,9
-13,-62,9
-13,-63,9
-13,-63,9
-13,-62,9
-13,-62,9
-13,-62,9
-13,-62,9
-13,-62,9
-13,-62,9
-13,-62,9
-13,-62,9
-14,-62,9
-14,-62,9
-13,-62,9
-13,-62,9
-13,-62,10
-13,-62,9
-13,-62,9
-14,-62,9
-14,-62,9
-13,-62,9
-13,-62,10
-14,-62,9
-14,-62,9
-13,-62,9
-13,-62,9
-14,-62,10
-13,-62,10
-14,-62,9
-13,-62,9
-13,-62,9
-13,-61,9
-14,-62,9
-15,-63,9
-15,-62,9
-14,-63,10
-13,-63,10
-12,-63,10
-13,-62,10
-13,-61,9
-15,-62,9
-15,-62,9
-14,-62,10
-13,-63,10
-13,-63,10
-13,-63,10
-15,-62,9
-14,-62,10
-14,-62,10
-14,-62,10
-14,-62,10
-14,-62,10
-12,-63,10
-12,-62,11
-12,-62,10
-12,-62,10
-13,-62,9
-15,-62,10
-15,-62,10
-15,-61,11
-15,-62,12
-15,-62,12
-14,-62,12
-14,-62,11
-13,-62,11
-14,-62,13
-13,-61,13
-16,-59,6
-8,-64,10
-9,-65,9
-8,-62,9
-7,-63,11
-11,-62,7
-12,-62,6
-10,-63,7
-11,-63,6
-11,-64,7
-13,-65,10
-14,-61,14
-13,-62,16
-15,-63,15
-16,-68,15
-18,-70,14
-25,-68,5
-29,-68,4
-30,-63,4
-31,-59,3
-33,-57,-3
-36,-54,-6
-36,-52,-15
-42,-44,-24
-43,-42,-27
-47,-38,-34
-45,-39,-36
-41,-34,-39
-40,-31,-40
-40,-29,-43
-40,-27,-44
-37,-21,-49
-35,-20,-50
-37,-14,-44
-33,-10,-39
-31,-9,-41
-29,-6,-42
-29,-4,-44
-29,-1,-44
-28,-1,-43
-26,-1,-38
-27,-2,-35
-19,-7,-34
-18,-10,-37
-17,-17,-44
-15,-22,-52
-24,-36,-58
-29,-39,-56
-29,-46,-53
-52,-55,-87
-42,-52,-73
-37,-46,-59
-27,-47,-54
-21,-54,-59
-16,-51,-51
-14,-50,-43
-14,-53,-46
-13,-52,-45
-13,-50,-41
-15,-45,-38
-19,-45,-37
-24,-48,-35
-26,-48,-34
-27,-47,-33
-26,-50,-37
-24,-52,-40
-25,-51,-45
-28,-49,-45
-27,-47,-35
-19,-46,-35
-20,-44,-30
-21,-44,-28
-21,-46,-27
-23,-46,-28
-26,-46,-29
-41,-45,-27
-45,-46,-26
-35,-43,-19
-38,-43,-20
-42,-43,-24
-38,-47,-24
-29,-45,-23
-23,-48,-23
-31,-51,-26
-32,-53,-27
-37,-55,-26
-42,-55,-23
-45,-55,-20
-45,-57,-13
-42,-58,-9
-36,-60,-2
-32,-61,0
-19,-63,7
-16,-66,9
-13,-73,10
-10,-73,8
-9,-63,6
-11,-58,5
-19,-55,3
-23,-57,1
-23,-58,1
-18,-60,3
-16,-61,4
-12,-65,6
-11,-67,7
-9,-69,8
-10,-69,8
-11,-66,9
-13,-64,7
9,-58,20
12,-57,23
5,-58,17
-9,-60,8
-16,-61,4
-25,-63,0
-27,-65,1
-24,-64,5
-21,-65,7
-22,-65,6
-17,-66,8
-15,-68,10
-14,-67,10
-11,-66,12
-10,-67,12
-11,-66,10
-11,-64,9
-10,-63,8
-9,-63,6
-9,-62,5
-9,-59,3
-10,-59,3
-12,-59,5
-13,-60,6
-16,-62,9
-16,-62,11
-17,-64,14
-18,-64,17
-21,-64,16
-21,-62,12
-21,-62,11
-18,-60,10
-16,-59,10
-14,-59,9
-13,-59,9
-13,-58,8
-13,-58,8
-14,-58,7
-14,-59,8
-14,-62,8
-14,-64,9
-14,-65,10
-13,-68,10
-12,-68,9
-9,-68,7
-10,-68,6
-9,-65,2
-8,-64,0
-7,-61,-1
-8,-60,-3
-9,-59,-7
-7,-60,-6
-10,-60,-7
-6,-61,-7
-11,-62,-9
-4,-60,-15
11,-64,0
-9,-69,-8
-24,-67,-16
-16,-64,-12
-13,-61,-10
-19,-61,-15
-18,-58,-19
-17,-58,-20
-18,-58,-19
-13,-58,-19
-14,-57,-24
-15,-57,-24
-10,-60,-20
-5,-62,-16
-3,-64,-14
-4,-66,-14
-10,-67,-19
-9,-69,-16
-12,-65,-18
-10,-64,-13
-19,-65,-12
-16,-64,-10
-18,-62,-7
-16,-61,-9
-17,-61,-11
-17,-62,-9
-15,-62,-8
-15,-60,-4
-13,-60,0
-11,-62,7
-13,-63,9
-21,-65,6
-23,-65,3
-22,-63,0
-22,-61,0
-21,-62,0
-19,-65,1
-16,-65,2
-12,-65,4
-11,-65,2
-10,-64,0
-10,-64,-1
-10,-65,-1
-9,-65,0
-7,-65,1
-5,-65,2
-2,-63,-2
0,-66,-4
2,-66,-4
2,-67,-7
5,-67,-8
4,-66,-8
7,-64,-8
13,-64,-7
15,-65,-7
11,-66,-8
7,-66,-12
3,-64,-12
-1,-62,-12
0,-59,-9
3,-60,-4
0,-60,-2
-3,-61,-2
-4,-62,-2
-6,-63,-1
-7,-64,-1
-8,-65,-2
-11,-64,1
-7,-62,12
-10,-60,14
-6,-60,25
-2,-58,30
-13,-61,21
-23,-56,32
-16,-55,36
-13,-54,35
-14,-54,36
-9,-52,42
-14,-52,41
-16,-48,34
-12,-51,27
-28,-49,39
-28,-49,36
-35,-51,32
-37,-44,42
-33,-34,42
-44,-38,35
-45,-32,42
-42,-30,44
-37,-27,50
-42,-27,47
-43,-28,54
-30,-45,20
-46,-36,35
-59,-31,35
-67,-30,29
-69,-30,16
-53,-23,15
-54,-22,15
-59,-17,17
-61,-16,17
-54,-14,18
-51,-14,19
-43,-15,23
-38,-19,25
-19,-28,48
-21,-20,53
-33,-11,37
-53,-9,33
-54,-8,36
-59,-5,37
-55,-5,36
-47,-8,40
-48,-13,41
-54,-16,42
-54,-16,42
-52,-16,42
-51,-14,41
-51,-16,39
-55,-18,34
-100,-26,7
-88,-22,12
-56,-16,25
-52,-12,27
-51,-12,27
-46,-9,30
-49,-11,28
-70,-16,26
-65,-13,25
-62,-2,28
-64,4,31
-62,15,31
-65,19,32
-70,22,29
-72,24,28
-73,28,23
-71,26,21
-70,28,20
-66,33,25
-63,33,27
-63,28,21
-56,28,23
-51,28,21
-45,26,20
-45,15,14
-46,14,11
-49,14,12
-45,10,17
-46,13,21
-31,17,39
-36,18,40
-28,23,41
-24,29,44
-37,43,47
-34,47,46
-31,47,42
-27,46,44
-19,43,41
-21,41,38
-22,41,41
-20,41,40
-19,41,40
-17,41,39
-16,42,38
-14,42,42
-15,44,44
-19,43,42
-20,44,42
-22,44,39
-21,44,37
-23,43,42
-21,46,44
-22,46,38
-23,48,36
-24,52,42
-29,46,37
-28,45,34
-24,49,32
-26,49,33
-29,49,32
-24,50,33
-25,50,35
-33,45,35
-28,44,37
-30,46,34
-27,46,36
-30,46,35
-27,46,36
-28,44,39
-29,42,38
-27,45,35
-29,43,39
-30,42,40
-33,42,41
-30,40,39
-30,38,40
-37,33,52
-41,30,53
-56,17,56
-64,14,51
-11,44,20
-18,7,41
-11,19,43
-25,39,36
-33,42,33
-28,53,30
-23,56,32
-15,57,34
-12,57,30
-15,59,36
-17,59,40
-15,59,39
-17,56,38
-20,54,39
-17,51,42
-14,49,42
-13,46,44
-18,43,41
-21,41,38
-16,41,42
-3,40,49
-1,43,48
-1,42,48
-7,42,48
-9,43,48
-9,46,47
-13,45,47
-15,45,48
-15,46,44
-13,45,49
-13,44,49
-8,44,48
-11,42,46
-15,39,46
-13,39,49
-8,38,51
-8,37,50
-7,36,52
-3,34,52
-3,34,51
-2,33,51
-2,34,52
1,33,52
2,33,51
4,30,51
6,31,52
8,33,49
7,35,47
7,35,47
5,37,49
5,42,51
6,45,47
2,45,50
4,40,46
-12,35,61
-14,34,65
-1,40,57
14,44,48
-3,42,45
4,46,46
9,46,44
12,43,43
14,43,43
14,40,46
11,38,48
11,38,49
8,37,49
8,36,50
8,36,51
8,36,50
5,37,50
5,37,51
7,38,50
8,38,50
8,40,49
9,40,49
10,39,49
8,39,49
8,38,49
8,38,50
8,38,51
7,38,51
7,38,50
7,38,50
7,38,50
8,38,50
9,38,50
9,38,50
9,38,50
9,38,50
10,38,50
10,39,50
9,38,50
9,38,50
8,38,50
8,38,50
8,37,50
8,38,50
8,38,49
8,38,49
8,38,50
8,39,50
8,39,50
8,38,50
8,38,50
8,38,51
8,38,50
8,38,49
8,38,49
8,38,50
8,38,50
8,38,50
8,38,50
8,38,50
8,38,50
8,38,50
9,38,50
8,38,50
8,38,49
8,38,50
7,38,49
7,38,50
8,38,50
8,38,51
8,37,51
7,37,51
7,38,51
8,38,51
7,38,51
8,38,51
8,38,51
8,37,51
8,37,50
8,37,51
8,37,51
9,37,51
9,38,50
9,37,50
9,37,50
9,37,51
10,37,51
9,37,51
9,37,50
9,37,50
9,37,51
9,37,51
9,37,51
9,37,51
8,37,50
9,37,50
9,37,51
9,37,51
9,37,50
9,37,50
8,37,50
9,37,51
9,37,52
9,37,51
9,37,50
8,38,51
8,38,51
8,38,52
8,38,51
7,37,51
9,36,50
9,36,52
10,36,50
14,37,47
2,32,59
4,33,58
3,34,49
13,38,46
2,28,53
6,28,48
11,35,55
19,40,53
7,43,43
-2,47,41
-7,49,41
-11,47,48
-38,42,52
-13,44,54
-1,46,44
-7,42,45
-20,39,40
-2,44,47
4,45,46
10,46,43
14,46,42
8,46,43
7,44,44
7,43,44
8,42,47
9,42,47
10,42,48
9,42,49
9,42,48
9,42,48
8,42,47
7,42,47
8,42,46
8,41,46
7,41,46
7,41,47
6,40,47
7,40,47
7,40,47
7,40,47
8,40,47
8,40,48
8,40,48
8,40,48
8,40,48
8,39,49
8,39,50
8,39,50
7,39,49
7,39,50
7,40,50
7,39,50
7,40,49
7,40,49
6,40,48
6,40,48
7,40,48
7,40,48
7,40,48
6,40,48
6,40,48
7,39,49
7,39,48
6,39,49
6,39,50
6,39,49
6,39,49
6,39,50
6,39,50
6,39,50
7,39,50
6,38,50
6,38,49
6,38,49
6,38,50
6,38,49
6,38,50
6,38,51
6,38,51
6,38,51
6,38,51
6,38,51
6,38,51
6,38,51
5,38,51
6,37,51
6,37,51
6,37,52
6,37,52
6,37,51
6,37,51
6,37,51
6,36,51
6,36,51
6,36,51
5,37,52
6,36,52
6,36,52
4,37,51
5,37,52
6,37,52
6,36,53
7,36,53
7,35,53
6,34,53
6,34,53
6,34,52
6,34,52
6,34,52
6,34,52
6,34,53
6,34,53
6,34,53
6,33,53
6,34,53
6,33,54
6,33,53
6,32,53
6,32,53
6,32,53
7,33,52
8,32,50
7,31,52
4,31,53
7,32,58
13,34,61
15,37,57
14,37,56
2,38,54
-2,39,52
0,40,51
3,41,51
3,40,50
5,38,47
-17,26,55
5,32,55
12,32,50
-2,31,48
1,34,49
5,41,54
11,41,52
10,41,47
11,40,51
-14,28,63
-8,33,63
8,35,55
5,33,55
1,36,53
7,36,51
6,37,49
7,37,48
7,37,49
7,37,50
5,36,51
4,36,53
4,36,53
3,35,54
3,35,53
3,35,53
3,35,54
5,35,52
4,36,52
4,35,52
5,35,52
5,35,52
5,35,52
5,35,52
5,35,52
5,35,53
4,36,53
4,37,52
3,36,52
3,36,52
4,37,51
9,39,51
12,39,51
-18,24,59
-12,29,61
5,33,54
9,33,53
-1,35,54
4,37,53
7,37,50
9,37,49
11,39,49
10,38,50
9,36,51
7,36,52
6,36,52
6,37,52
9,34,49
-23,28,57
-5,33,57
5,34,54
-5,34,51
0,38,52
5,38,52
8,37,51
10,38,51
11,38,51
11,38,50
11,37,49
9,36,49
9,37,49
7,37,50
11,34,48
-32,27,60
-11,33,61
11,36,54
6,34,54
1,38,52
5,39,49
10,38,48
11,40,48
12,40,48
10,39,48
7,38,48
-11,24,63
-36,25,62
0,34,61
10,35,55
-7,35,52
-1,39,52
6,39,49
11,40,48
12,40,47
12,39,47
9,38,48
7,39,48
6,39,48
4,35,52
9,29,52
-31,27,64
-7,33,63
5,34,57
-11,35,54
-1,40,50
3,41,48
5,41,49
9,40,48
9,40,49
6,40,51
5,39,51
4,39,51
3,39,52
3,38,51
4,38,51
6,37,50
5,36,50
4,35,52
4,34,51
3,34,52
3,35,52
4,35,52
7,37,51
8,38,50
11,38,49
0,31,56
-9,35,58
-1,36,54
11,36,54
-2,36,54
7,42,55
12,43,51
11,44,48
9,44,46
4,43,46
2,43,46
0,42,45
-2,41,42
-4,41,41
-6,40,39
-6,39,39
-6,38,41
-4,38,42
-1,38,45
5,42,44
7,43,43
7,45,44
5,44,45
3,43,46
2,43,45
1,45,43
-3,44,42
-7,43,38
-8,47,37
-16,55,32
-28,58,27
-35,59,29
-34,58,41
-29,57,46
-20,55,47
-17,52,47
-22,48,42
-24,45,42
-22,45,43
-24,43,43
-14,43,40
-13,43,39
-20,40,41
-17,37,52
-32,37,56
-20,39,52
-8,40,52
6,42,42
7,42,37
3,39,40
-7,29,44
-17,38,59
-15,41,55
-24,45,44
-28,47,40
-31,47,38
-30,48,38
-29,46,35
-26,45,39
-22,43,42
-14,41,46
-21,40,51
-32,39,50
-32,41,45
-39,44,24
-32,42,20
-33,41,20
-28,45,22
-23,49,31
-23,50,30
-34,48,34
-46,49,48
-40,50,51
-38,46,57
-38,46,51
-36,41,34
-31,36,20
-44,39,13
-47,45,9
-25,55,11
-19,60,12
-20,62,16
-4,62,22
-9,60,30
-12,54,34
-10,52,36
-22,48,41
-19,46,46
-15,44,45
-7,46,47
-5,48,45
-11,48,39
-13,47,33
-8,47,41
-2,48,41
-3,46,43
-3,47,44
-1,45,43
-2,44,44
-9,39,45
-19,35,44
-13,40,37
-1,42,30
-4,38,36
-6,44,40
-1,46,32
1,46,37
-2,45,43
-5,44,47
3,46,48
-1,45,57
-4,46,59
0,46,60
3,45,58
-1,44,55
1,43,52
1,39,49
0,39,49
0,38,51
-1,38,49
-1,39,49
0,40,50
-1,39,50
0,40,51
1,39,51
1,39,50
2,38,50
-2,39,48
-1,39,48
4,39,48
4,39,49
-1,39,50
0,40,52
1,40,51
4,40,50
3,40,50
3,39,50
-2,38,50
-2,39,48
2,39,47
0,40,49
3,40,52
5,40,51
-3,39,48
-5,39,47
0,39,51
3,40,51
5,40,52
4,40,50
-8,38,48
-4,39,48
6,40,49
3,40,49
1,40,52
2,39,51
3,39,50
-4,39,49
-1,39,49
6,40,46
4,39,48
2,40,52
2,39,52
5,40,51
5,39,52
-7,38,47
-4,39,47
9,39,48
6,38,49
2,39,52
3,40,50
2,39,51
0,39,48
1,39,50
2,40,51
5,39,51
3,40,50
4,40,50
4,38,50
-4,38,50
2,40,48
6,40,47
3,38,50
1,39,51
2,40,51
4,40,50
4,40,49
3,40,50
4,39,50
4,40,50
4,40,50
4,38,51
-4,38,49
2,39,49
4,39,47
8,39,48
1,39,50
-1,38,49
0,39,49
1,41,47
2,42,44
2,43,45
3,43,45
5,42,46
10,41,50
11,39,54
9,37,58
12,34,58
17,32,58
17,29,58
16,28,58
21,27,54
22,26,54
21,27,49
20,28,47
18,22,56
4,15,58
15,22,50
34,23,43
27,11,56
31,12,55
34,18,54
25,32,47
17,37,45
2,42,43
-9,44,41
-30,58,39
-40,63,35
-44,62,30
-44,58,28
-44,48,29
-43,45,31
-25,44,35
-5,40,32
-18,39,35
-31,46,45
-35,50,53
-18,45,44
-13,43,36
-11,42,29
-20,43,35
-15,48,36
-26,46,57
-14,47,47
-10,45,44
-14,44,50
-16,47,44
-13,46,41
-8,44,35
-4,45,35
-7,39,36
-7,35,34
-21,47,43
-21,53,40
-27,56,40
-37,52,47
-22,54,40
-18,49,39
-18,45,41
-21,44,37
-24,42,32
-36,41,31
-36,43,30
-41,55,38
-31,59,38
-20,64,37
-13,64,37
-7,60,36
-8,58,40
-6,55,40
-3,53,40
2,50,37
2,48,42
3,47,41
5,44,39
2,40,42
7,41,43
10,40,42
6,37,44
5,38,44
6,41,43
8,41,42
7,43,37
10,39,33
-7,35,48
16,38,41
5,32,44
-7,43,55
9,49,47
12,45,37
8,45,36
3,48,39
0,48,40
0,50,41
-2,51,41
-3,49,40
-3,46,40
-10,48,39
-10,49,39
-11,48,37
-17,52,35
-22,55,34
-31,57,30
-33,57,30
-33,53,33
-41,52,37
-37,50,42
-29,49,43
-29,46,45
-17,46,42
-13,45,40
-13,46,32
-12,47,30
-17,35,58
-23,36,62
-26,37,65
-20,41,56
-8,44,51
-9,45,42
9,55,22
14,50,26
-2,55,38
-1,55,44
1,56,40
8,55,38
7,53,39
5,49,35
6,47,35
3,40,41
-1,38,41
6,39,39
5,39,38
1,41,41
4,46,42
5,47,42
4,49,42
3,49,43
1,51,42
0,50,44
1,49,43
1,49,42
0,48,41
1,47,42
1,48,42
1,48,41
2,49,38
3,49,38
2,49,38
0,49,42
1,49,43
3,49,42
2,49,41
1,50,41
1,49,41
2,49,41
3,49,40
3,49,41
4,49,41
4,49,40
2,49,39
3,49,41
3,50,39
2,50,37
5,52,38
6,52,42
-7,39,52
-13,40,54
5,48,38
3,45,44
2,52,43
6,53,41
10,54,35
8,55,34
5,53,36
2,50,37
2,50,37
0,48,40
0,48,40
0,49,38
0,49,38
1,50,37
3,51,37
6,52,36
4,53,38
0,49,44
-19,38,55
-23,41,53
-11,49,36
-15,46,38
-9,54,31
-7,53,29
3,51,27
6,50,27
3,47,32
5,46,32
11,43,27
7,38,26
9,34,35
6,28,38
7,25,40
8,24,41
3,22,40
-11,18,42
-16,18,45
-11,20,52
-13,20,53
-21,14,64
-25,5,61
-5,-1,63
-5,-13,71
-14,-40,69
-14,-40,68
-21,-49,63
-41,-56,47
-45,-57,34
-59,-51,14
-65,-50,7
-70,-46,4
-72,-46,3
-62,-46,3
-55,-45,6
-47,-44,12
-43,-44,15
-35,-43,16
-30,-43,16
-29,-45,16
-28,-52,13
-29,-57,9
-26,-64,4
-25,-67,2
-24,-72,-1
-25,-74,-3
-24,-68,-6
-23,-65,-5
-20,-65,-2
-19,-65,0
-17,-66,0
-14,-66,-2
-13,-66,-3
-16,-64,-3
-17,-64,-4
-17,-63,-7
-17,-62,-8
-15,-62,-9
-13,-64,-10
-9,-65,-13
-10,-65,-15
-13,-65,-20
-16,-63,-20
-19,-61,-17
-22,-56,-16
-22,-52,-16
-29,-34,-13
-34,-27,-11
-43,-22,-10
-49,-19,-12
-49,-24,-15
-46,-29,-15
-39,-34,-18
-42,-35,-23
-41,-43,-30
-40,-50,-31
-39,-51,-31
-39,-57,-31
-36,-59,-29
-32,-57,-30
-35,-56,-32
-39,-67,-32
-38,-68,-37
-40,-68,-43
-39,-70,-39
-36,-67,-40
-32,-65,-43
-11,-73,-16
-28,-59,-46
-21,-62,-42
-19,-59,-29
-12,-66,-24
-23,-45,-56
-38,-40,-80
-11,-48,-42
-12,-60,-21
-12,-63,-19
-18,-55,-27
-27,-52,-33
-25,-57,-27
-21,-53,-33
-23,-49,-35
-17,-49,-29
-30,-53,-34
-36,-51,-40
-7,-65,-17
-20,-58,-26
-27,-59,-33
-27,-59,-25
-36,-56,-28
-32,-56,-27
-25,-52,-15
-31,-56,-20
-13,-62,-5
-19,-51,-2
-18,-62,-23
-24,-52,-13
-23,-60,-10
-21,-57,-1
-10,-62,-7
-12,-58,-5
-6,-60,-5
-13,-63,-10
-19,-62,-12
-18,-61,-7
-8,-62,-3
-2,-64,-6
-18,-67,-9
-21,-67,-10
-15,-65,0
-14,-63,-4
-9,-62,-8
-6,-62,-12
-3,-61,-10
-3,-62,-7
-1,-63,-6
-3,-63,-7
-3,-64,-6
-2,-64,0
-3,-65,-2
-2,-64,-6
-3,-65,-10
-19,-68,-15
-21,-71,-3
-54,-66,-14
-37,-71,-26
-21,-80,-24
3,-77,-11
-8,-51,29
-19,-44,14
-28,-51,-7
-25,-39,7
-20,-42,4
-30,-53,-6
-35,-55,-5
-31,-60,0
-36,-64,-1
-32,-59,8
-29,-65,20
-45,-67,6
-39,-63,10
-16,-49,25
-22,-52,24
-40,-54,16
-25,-51,20
-27,-55,5
-49,-52,-13
-41,-52,-30
-71,-79,-27
-49,-72,-17
-22,-56,-9
-33,-51,-24
-52,-39,-35
-50,-37,-39
-47,-29,-31
-38,-28,-23
-34,-21,-24
-44,-21,-30
-49,-22,-26
-49,-25,-21
-46,-29,-16
-45,-39,-20
-29,-59,-9
-29,-35,-3
-30,-54,2
-50,-41,-11
-44,-38,-16
-53,-33,-25
-63,-34,-28
-49,-33,-15
-63,-37,-11
-71,-39,-15
-49,-40,10
-50,-47,11
-45,-46,30
-30,-44,37
-27,-50,39
-6,-42,58
-20,-44,37
-7,-49,38
-8,-58,41
-4,-54,28
-4,-55,25
-6,-63,20
-1,-64,27
1,-62,23
1,-62,24
17,-73,25
17,-62,30
17,-70,28
21,-72,28
3,-87,32
0,-92,50
-2,-98,31
-9,-84,20
-2,-76,18
10,-66,20
8,-62,21
7,-65,12
-3,-69,3
-24,-75,-26
-32,-78,-41
-70,-77,-51
-71,-67,-52
-37,-54,-52
-37,-47,-45
-31,-43,-34
-19,-33,-34
-14,-32,-30
-18,-31,-29
-16,-30,-27
-14,-28,-29
-18,-26,-29
-15,-25,-26
-17,-25,-26
-23,-23,-30
-27,-24,-33
-34,-26,-36
-34,-30,-38
-37,-35,-42
-54,-45,-44
-51,-48,-35
-41,-49,-19
-41,-45,-22
-50,-41,-35
-48,-37,-31
-39,-30,-29
-41,-29,-29
-47,-25,-26
-50,-26,-19
-52,-22,-8
-62,-22,-5
-64,-19,-13
-63,-16,-21
-62,-14,-21
-58,-8,-7
-61,-10,-6
-59,-9,-5
-68,-8,-6
-73,-7,-13
-73,-6,-14
-67,-5,-13
-63,-6,-12
-57,-3,-6
-57,-3,-3
-55,-2,-2
-66,-6,-16
-72,-8,-21
-75,-9,-25
-71,-11,-26
-67,-13,-25
-66,-14,-25
-61,-16,-22
-59,-15,-22
-54,-14,-16
-52,-14,-14
-52,-13,-12
-54,-10,-12
-55,-10,-13
-55,-9,-20
-58,-9,-25
-61,-13,-40
-63,-10,-43
-64,-6,-45
-66,-4,-45
-69,-2,-44
-69,-3,-42
-64,-7,-37
-61,-9,-35
-56,-10,-32
-56,-9,-31
-57,-10,-30
-62,-9,-28
-64,-9,-26
-66,-7,-19
-66,-6,-16
-62,-3,-6
-61,-1,-2
-60,3,4
-64,5,6
-66,7,6
-66,9,6
-66,14,6
-69,19,5
-70,20,4
-65,24,7
-64,27,9
-65,31,9
-65,35,11
-62,41,15
-60,40,14
-56,38,13
-58,36,10
-63,33,7
-56,28,14
-52,23,14
-55,16,20
-58,13,22
-50,11,20
-45,10,24
-39,10,32
-38,13,29
-49,10,23
-43,14,28
-36,23,32
-40,23,30
-37,26,33
-38,30,36
-44,34,34
-46,38,35
-44,36,32
-45,33,36
-42,21,43
-40,21,46
-34,28,28
-53,22,16
-47,15,23
-34,14,20
-28,17,14
-23,21,16
-18,13,19
-15,11,18
-14,12,18
-14,7,21
-17,-5,21
-21,-10,13
-27,-38,6
-37,-62,16
-43,-82,22
-34,-89,19
-52,-117,8
-64,-116,7
-83,-117,16
-98,-117,39
-74,-116,33
7,-92,44
20,-80,50
11,-66,49
1,-63,37
-17,-61,20
-23,-62,17
-23,-65,11
-19,-66,9
-18,-67,2
-20,-68,1
-24,-63,0
-31,-61,-1
-31,-60,-1
-24,-56,1
-18,-53,3
-10,-49,8
-8,-49,10
-8,-52,12
-11,-55,13
-20,-60,12
-23,-62,11
-25,-65,13
-24,-66,13
-21,-67,15
-17,-66,16
-17,-66,16
-17,-66,15
-18,-66,14
-16,-65,13
-16,-65,12
-14,-66,9
-15,-67,8
-13,-66,6
-14,-65,5
-14,-61,4
-14,-60,4
-13,-56,4
-13,-53,5
-14,-51,6
-14,-52,8
-14,-54,8
-17,-58,10
-18,-61,10
-21,-66,11
-22,-68,12
-23,-68,14
-23,-67,16
-21,-64,17
-20,-64,17
-18,-65,18
-15,-65,18
-14,-66,18
-12,-67,16
-11,-66,16
-13,-65,15
-14,-64,14
-13,-63,14
-10,-62,15
-9,-60,14
-5,-60,16
-4,-61,15
-7,-59,15
-8,-58,15
-10,-57,14
-9,-57,14
-7,-59,16
-13,-61,15
-11,-62,16
-14,-63,16
-16,-65,17
-15,-66,16
-15,-66,16
-13,-64,16
-13,-64,16
-15,-63,15
-16,-64,14
-16,-64,13
-14,-63,14
-13,-60,14
-13,-59,14
-11,-58,14
-10,-58,14
-10,-58,14
-11,-59,14
-12,-59,13
-13,-59,13
-14,-60,13
-14,-60,14
-14,-61,14
-15,-62,15
-15,-63,15
-16,-64,16
-16,-65,15
-15,-66,15
-16,-66,14
-15,-65,12
-15,-64,11
-14,-61,10
-14,-60,10
-14,-60,8
-13,-59,9
-13,-59,8
-13,-60,8
-13,-60,8
-13,-62,10
-12,-61,12
-12,-61,13
-10,-61,15
-9,-61,16
-9,-61,17
-7,-62,21
-7,-62,21
-8,-61,20
-12,-61,19
-12,-62,18
-13,-62,17
-13,-62,16
-14,-61,15
-14,-61,15
-15,-62,14
-15,-62,14
-14,-63,14
-15,-62,14
-13,-62,15
-12,-62,16
-11,-62,16
-12,-62,16
-10,-64,17
-12,-62,17
-11,-62,17
-10,-62,16
-10,-63,16
-11,-63,14
-11,-63,14
-12,-64,11
-13,-66,10
-16,-66,7
-19,-61,4
-20,-59,4
-22,-57,3
-24,-56,3
-24,-57,5
-22,-57,5
-19,-57,7
-18,-59,8
-17,-63,8
-17,-64,8
-18,-64,8
-18,-64,9
-19,-63,10
-18,-64,12
-17,-65,13
-12,-68,15
-10,-70,16
-7,-72,19
-8,-73,20
-12,-72,19
-13,-68,19
-13,-62,18
-12,-62,18
-8,-62,16
-8,-62,14
-7,-62,10
-11,-64,6
-12,-64,4
-16,-63,6
-18,-62,8
-12,-58,12
-8,-53,14
0,-46,19
1,-44,21
1,-44,23
0,-43,23
-5,-47,22
-9,-52,22
-20,-67,22
-30,-78,20
-31,-78,21
-31,-83,22
-34,-90,23
-37,-96,22
-33,-85,22
-25,-56,18
-24,-49,15
-25,-54,9
-26,-60,6
-27,-65,2
-21,-74,-1
-19,-73,0
-14,-67,0
-13,-64,1
-16,-62,0
-16,-61,0
-17,-60,-1
-17,-60,-2
-11,-61,-1
-9,-61,0
-9,-61,5
-9,-62,7
-8,-60,13
-4,-65,20
-3,-68,25
-3,-66,31
-4,-64,31
-5,-61,29
-8,-62,26
-15,-69,18
-16,-74,15
-15,-77,9
-14,-73,7
-14,-56,4
-16,-50,2
-22,-45,1
-24,-48,3
-23,-50,4
-18,-54,9
-20,-57,12
-32,-59,19
-39,-61,20
-41,-64,21
-40,-63,20
-42,-67,17
-45,-75,16
-58,-95,9
-54,-93,6
-43,-66,1
-39,-60,-4
-37,-61,-5
-36,-62,-10
-38,-62,-15
-48,-61,-29
-49,-57,-33
-43,-52,-29
-42,-48,-29
-41,-42,-36
-41,-41,-39
-38,-36,-37
-35,-36,-36
-48,-43,-26
-47,-43,-4
-51,-42,3
-53,-31,18
-48,-26,24
-52,-21,27
-58,-21,30
-75,-25,15
-78,-20,10
-59,-16,-2
-49,-18,-3
-52,-23,-8
-47,-36,1
-50,-35,5
-59,-31,-4
-64,-27,-8
-75,-21,-20
-78,-12,-26
-65,-6,-12
-60,-3,-10
-68,-12,1
-70,-18,0
-66,-7,-4
-75,-5,3
-92,-23,14
-80,-26,24
-69,-21,26
-64,-12,8
-77,-6,-11
-78,-5,-12
-61,4,-7
-67,9,-24
-67,11,-28
-53,16,-22
-51,14,-20
-62,6,-15
-65,3,-4
-60,7,5
-52,-20,21
-38,1,51
-81,0,19
-56,5,17
-59,22,7
-59,18,11
-48,24,28
-60,23,30
-81,23,43
-82,23,39
-55,19,-1
-67,19,-13
-61,16,7
-57,-14,1
-49,-5,10
-49,-37,14
-50,-15,17
-65,-10,13
-67,-8,13
-67,9,25
-66,10,20
-65,23,21
-65,26,21
-65,28,24
-61,29,21
-58,25,15
-61,28,11
-61,25,10
-59,25,10
-59,24,12
-59,24,10
-61,22,9
-61,22,10
-60,24,10
-59,25,11
-56,26,10
-60,22,7
-61,21,3
-57,28,9
-56,30,2
-60,29,0
-61,23,2
-64,22,4
-63,20,1
-60,20,-1
-61,19,-2
-61,20,-3
-60,20,-2
-60,20,-2
-62,21,-1
-62,22,-1
-65,23,-2
-64,24,0
-63,23,1
-62,23,1
-62,23,1
-65,23,4
-64,23,5
-58,20,9
-58,19,10
-59,18,11
-61,18,12
-60,18,13
-60,18,14
-60,19,15
-60,18,16
-59,20,17
-60,17,17
-59,17,18
-60,17,18
-60,17,18
-59,15,19
-59,15,19
-61,16,17
-61,17,18
-60,17,18
-58,17,18
-59,18,18
-60,18,17
-60,18,18
-59,18,18
-60,18,16
-61,18,16
-59,18,18
-60,17,13
-64,17,8
-56,19,16
-56,19,13
-62,22,6
-64,21,3
-66,22,2
-68,29,3
-58,25,1
-58,19,0
-55,18,-3
-56,19,-10
-54,16,-11
-42,14,-11
-39,8,-11
-38,6,-15
-33,4,-26
-37,3,-32
-37,-7,-25
-32,-16,-23
-39,-41,-38
-48,-53,-55
-65,-55,-59
-69,-49,-49
-73,-52,-49
-56,-61,-55
-7,-92,-15
15,-109,16
68,-100,60
64,-87,62
13,-68,44
10,-58,39
18,-55,37
18,-51,30
11,-54,37
-26,-55,17
-23,-59,10
-39,-64,-9
-32,-63,-11
-36,-54,-2
-33,-55,-2
-27,-49,9
-28,-47,11
-34,-47,14
-46,-52,10
-50,-56,9
-47,-57,7
-44,-55,8
-39,-53,8
-40,-53,5
-44,-55,1
-41,-55,1
-37,-54,6
-41,-53,7
-40,-48,5
-41,-48,5
-38,-45,8
-36,-45,10
-38,-46,10
-45,-50,7
-41,-52,7
-34,-58,8
-46,-65,9
-38,-54,21
-32,-49,23
-29,-55,13
-39,-53,19
-41,-60,9
-23,-51,6
-46,-56,-10
-43,-56,5
-35,-55,-4
-50,-47,-4
-39,-53,-9
-38,-55,-22
-45,-55,-26
-34,-53,-34
-36,-48,-36
-52,-44,-47
-56,-41,-46
-50,-31,-41
-50,-25,-43
-57,-23,-44
-56,-16,-43
-48,-15,-38
-53,-15,-37
-54,-16,-38
-46,-13,-32
-44,-11,-30
-47,-9,-27
-49,-7,-25
-52,-4,-25
-51,-3,-23
-54,0,-24
-61,1,-25
-61,2,-25
-58,4,-24
-58,5,-23
-59,6,-25
-58,6,-24
-51,6,-22
-50,7,-23
-47,6,-27
-47,5,-31
-50,1,-36
-49,-1,-36
-48,-7,-34
-48,-13,-33
-47,-15,-36
-49,-17,-43
-49,-19,-47
-48,-23,-52
-46,-25,-52
-45,-24,-50
-44,-24,-48
-43,-25,-47
-43,-25,-47
-42,-24,-45
-41,-23,-45
-40,-24,-46
-40,-24,-46
-40,-25,-46
-39,-27,-46
-37,-27,-45
-37,-28,-45
-38,-29,-44
-38,-29,-43
-39,-29,-43
-39,-27,-41
-39,-26,-40
-39,-24,-41
-40,-23,-41
-40,-22,-41
-40,-21,-42
-40,-21,-43
-41,-20,-45
-41,-20,-46
-41,-21,-46
-40,-21,-46
-41,-21,-45
-41,-21,-44
-42,-21,-43
-42,-21,-43
-42,-21,-42
-45,-20,-41
-45,-20,-40
-46,-19,-38
-47,-19,-39
-49,-18,-38
-49,-18,-38
-51,-20,-37
-50,-22,-37
-50,-24,-36
-48,-26,-35
-45,-30,-35
-47,-30,-33
-45,-36,-33
-47,-37,-32
-46,-36,-30
-44,-36,-27
-46,-36,-26
-49,-38,-28
-47,-40,-29
-48,-38,-25
-50,-38,-24
-45,-39,-21
-46,-39,-20
-44,-44,-26
-46,-45,-31
-44,-44,-27
-59,-46,-32
-52,-45,-17
-40,-50,-13
-61,-44,-11
-39,-31,14
-41,-28,20
-42,-27,34
-40,-30,32
-55,-39,21
-55,-36,33
-54,-35,32
-53,-38,28
-49,-36,30
-47,-42,22
-47,-46,21
-42,-50,24
-42,-52,24
-23,-45,30
-24,-48,32
-20,-64,39
-29,-51,37
-30,-50,26
-44,-47,10
-45,-59,6
-42,-56,18
-35,-60,16
-29,-48,9
-37,-48,0
-35,-45,-18
-39,-45,-22
-52,-43,-28
-49,-40,-34
-42,-30,-40
-46,-28,-42
-51,-24,-49
-50,-24,-50
-49,-17,-48
-47,-17,-47
-42,-18,-48
-46,-17,-46
-44,-18,-46
-40,-20,-46
-38,-20,-45
-39,-20,-44
-39,-20,-45
-35,-20,-45
-36,-19,-45
-37,-19,-45
-35,-19,-44
-36,-19,-45
-38,-19,-45
-40,-19,-46
-43,-19,-46
-43,-18,-45
-42,-18,-38
-44,-18,-38
-47,-19,-45
-44,-19,-40
-42,-21,-39
-44,-21,-39
-48,-26,-39
-47,-27,-38
-42,-33,-39
-45,-36,-39
-45,-37,-39
-47,-39,-37
-49,-41,-36
-47,-45,-30
-43,-47,-27
-41,-49,-20
-40,-47,-16
-37,-48,-20
-38,-50,-23
-40,-47,-12
-35,-44,-8
-24,-49,-8
-21,-59,-4
-43,-55,-12
-44,-56,-21
-32,-55,-12
-33,-52,-3
-39,-53,-6
-41,-54,-6
-40,-56,-7
-46,-57,-7
-44,-58,-6
-38,-60,-2
-38,-62,2
-28,-66,10
-18,-68,14
-13,-68,14
-12,-69,11
-15,-69,9
-20,-64,3
-22,-60,1
-27,-54,-2
-30,-53,-2
-34,-54,0
-35,-56,1
-32,-60,4
-30,-62,6
-21,-65,11
-10,-63,17
-6,-62,20
-5,-60,20
-6,-62,21
-12,-61,20
-15,-60,19
-22,-58,14
-22,-58,12
-18,-58,12
-18,-60,12
-20,-60,12
-21,-60,11
-22,-59,11
-23,-59,11
-23,-59,11
-23,-61,11
-22,-62,11
-21,-65,11
-21,-66,11
-18,-66,11
-18,-64,11
-17,-58,11
-16,-57,11
-13,-55,11
-13,-54,10
-13,-55,10
-16,-57,9
-17,-57,9
-21,-58,10
-24,-59,10
-24,-62,11
-25,-63,11
-25,-65,12
-24,-66,12
-24,-67,11
-24,-67,10
-25,-65,7
-26,-63,6
-26,-61,5
-27,-59,3
-27,-59,3
-26,-60,3
-24,-61,4
-21,-61,5
-21,-60,6
-22,-60,6
-22,-61,8
-22,-63,10
-18,-63,12
-16,-62,13
-13,-62,15
-12,-62,15
-14,-62,14
-15,-61,13
-16,-60,11
-17,-59,11
-18,-60,9
-19,-61,9
-19,-61,8
-19,-60,8
-20,-59,8
-21,-59,8
-22,-59,9
-22,-60,10
-22,-60,10
-22,-61,10
-22,-61,11
-22,-62,10
-22,-62,10
-22,-61,10
-21,-61,11
-20,-61,12
-20,-62,13
-19,-62,13
-18,-62,13
-18,-62,12
-18,-61,11
-18,-61,10
-18,-60,10
-18,-60,10
-18,-60,10
-18,-61,10
-18,-61,10
-18,-61,10
-18,-60,10
-18,-60,10
-19,-60,10
-18,-61,11
-19,-62,12
-22,-63,14
-20,-62,14
-20,-61,17
-26,-60,15
-25,-59,16
-27,-60,17
-24,-61,18
-21,-59,20
-21,-64,20
-16,-63,25
-30,-45,37
-18,-43,27
-6,-36,37
-19,-62,10
-11,-56,20
-18,-58,15
-19,-58,13
-19,-60,11
-17,-60,12
-18,-59,17
-20,-60,19
-19,-61,19
-22,-62,18
-18,-63,21
-14,-61,26
-13,-60,26
-13,-61,24
-15,-61,21
-17,-61,17
-17,-61,16
-17,-60,14
-17,-60,13
-17,-59,12
-17,-58,13
-17,-57,14
-17,-58,14
-17,-59,15
-13,-58,18
-13,-58,20
-16,-60,20
-17,-60,20
-17,-62,20
-16,-62,20
-15,-62,19
-14,-62,19
-15,-61,16
-32,-62,8
-54,-68,-17
46,-61,55
35,-55,78
0,-55,44
-8,-49,35
-11,-42,11
-18,-38,-8
-128,-53,-70
-75,-55,-49
46,-45,1
81,-33,61
36,-26,76
20,-31,51
-7,-36,34
-88,-50,16
-77,-50,31
-33,-28,64
-40,-24,62
-67,-20,46
-62,-18,46
-71,-5,37
-71,-1,29
-63,1,19
-57,4,20
-45,8,18
-37,12,20
-28,17,22
-29,18,21
-32,19,21
-42,15,18
-47,18,24
-50,23,27
-52,26,26
-60,29,21
-60,29,20
-56,29,19
-56,29,19
-57,27,22
-58,26,23
-56,25,22
-56,25,20
-55,25,20
-55,27,22
-57,26,20
-57,28,17
-56,29,17
-55,29,12
-53,30,13
-53,29,18
-52,29,21
-54,27,21
-56,26,21
-56,23,24
-53,22,33
-54,21,34
-55,19,45
-56,14,56
-43,6,73
-31,6,57
-29,23,-15
-57,37,-40
-74,22,-10
-62,27,-12
-44,26,-3
-46,26,1
-53,22,-2
-57,19,1
-64,17,2
-74,14,5
-74,13,8
-70,14,12
-68,14,12
-69,12,9
-68,12,7
-66,11,4
-65,11,2
-64,10,0
-63,10,0
-61,8,0
-60,8,-1
-61,8,-1
-64,6,1
-66,6,2
-72,3,5
-73,2,5
-68,3,6
-65,3,7
-63,4,4
-63,5,2
-63,8,-4
-62,9,-6
-61,12,-7
-64,14,-9
-65,14,-10
-66,13,-8
-67,12,-6
-70,10,-4
-71,9,-3
-68,8,2
-69,9,2
-71,6,1
-71,5,1
-70,5,2
-70,6,2
-69,7,3
-68,6,6
-67,5,9
-65,4,13
-64,4,15
-61,5,18
-60,5,20
-56,2,27
-53,1,29
-52,-1,31
-51,-6,32
-53,-9,31
-53,-17,31
-51,-19,30
-47,-18,30
-45,-16,30
-43,-14,31
-43,-13,32
-45,-8,34
-49,-5,33
-60,-2,30
-64,-1,29
-68,0,28
-69,0,27
-71,0,25
-67,0,25
-64,0,26
-63,-2,23
-63,-3,22
-59,-4,21
-59,-5,19
-60,-7,17
-59,-9,17
-59,-12,18
-57,-14,19
-55,-16,22
-56,-18,23
-55,-20,25
-54,-21,25
-55,-21,24
-56,-23,22
-56,-23,21
-57,-22,17
-60,-22,14
-62,-22,9
-61,-23,9
-60,-22,4
-62,-21,1
-65,-20,-8
-66,-20,-12
-66,-16,-15
-63,-13,-18
-66,-11,-21
-68,-8,-26
-67,-7,-27
-67,-8,-28
-69,-8,-28
-69,-9,-28
-68,-11,-26
-66,-15,-20
-66,-18,-18
-64,-22,-16
-63,-23,-16
-58,-23,-13
-56,-22,-12
-55,-20,-12
-54,-19,-13
-53,-18,-13
-47,-15,-10
-43,-14,-8
-43,-17,-8
-44,-21,-9
-46,-27,-9
-51,-35,-10
-58,-53,-9
-51,-54,0
-25,-64,7
-4,-74,23
-1,-78,27
-7,-85,19
-12,-88,12
-30,-91,5
-36,-85,3
-37,-67,7
-34,-60,11
-25,-53,15
-21,-51,13
-13,-55,9
-12,-61,5
-13,-64,3
-17,-64,3
-19,-62,5
-21,-58,7
-20,-57,8
-16,-57,12
-13,-56,14
-2,-55,21
8,-54,31
6,-49,35
0,-50,31
-11,-56,28
-26,-64,15
-30,-65,14
-37,-75,8
-38,-89,12
-35,-110,11
-28,-98,13
-18,-60,16
-16,-52,13
-20,-61,8
-25,-69,6
-27,-74,-1
-26,-69,-3
-18,-68,-4
-14,-55,-1
-15,-54,-2
-23,-54,-5
-27,-55,-6
-27,-60,-7
-24,-62,-7
-18,-64,-3
-16,-64,1
-12,-68,8
-10,-68,11
-8,-68,18
-8,-67,24
-7,-62,35
2,-61,39
6,-60,39
7,-67,28
6,-70,21
1,-74,11
-4,-76,9
-17,-69,9
-21,-60,8
-23,-48,6
-24,-47,5
-23,-47,4
-22,-46,7
-21,-48,9
-24,-55,14
-25,-58,17
-23,-63,24
-23,-65,28
-23,-68,32
-20,-68,30
-16,-76,22
-18,-84,20
-17,-90,19
-17,-76,18
-20,-55,16
-25,-57,9
-27,-60,5
-29,-72,-1
-25,-79,-3
-17,-70,-1
-14,-65,0
-18,-61,1
-20,-67,1
-19,-65,0
-16,-61,-1
-14,-63,2
-12,-63,3
-8,-61,6
-7,-57,11
-6,-56,13
-2,-54,15
-2,-56,18
-9,-67,21
-12,-70,22
-14,-73,25
-18,-73,27
-23,-74,24
-22,-75,19
-17,-76,13
-13,-74,12
-11,-72,10
-18,-62,8
-23,-55,7
-33,-47,7
-35,-45,8
-32,-49,15
-31,-53,20
-21,-62,29
-13,-64,34
-7,-66,44
-10,-70,46
-22,-74,42
-25,-75,44
-32,-71,49
-46,-68,42
-58,-65,41
-67,-62,43
-62,-58,44
-54,-51,49
-57,-48,46
-45,-36,43
-40,-28,41
-36,-14,39
-33,-8,38
-28,-1,35
-25,1,30
-19,4,29
-18,3,28
-21,5,30
-19,9,35
-18,7,35
-16,10,40
-18,8,41
-18,-2,39
-45,-13,40
-26,7,42
-24,12,43
-31,17,48
-27,20,47
-14,28,55
-8,33,65
-8,34,63
-14,34,63
-19,31,66
-23,26,68
-23,25,66
-22,24,64
-25,24,62
-25,26,59
-27,27,58
-30,27,55
-28,27,54
-26,28,54
-22,30,55
-22,30,55
-21,31,54
-21,31,54
-21,31,53
-21,31,53
-21,31,51
-21,31,50
-21,31,49
-21,31,48
-20,33,47
-19,36,47
-19,36,48
-21,38,50
-21,39,51
-22,38,49
-24,38,51
-22,37,53
-22,37,52
-20,35,52
-19,35,51
-21,34,48
-20,34,48
-19,32,48
-17,31,46
-16,31,47
-16,29,47
-15,29,48
-15,29,47
-15,31,48
-17,31,48
-18,32,48
-18,34,50
-18,34,50
-18,36,52
-19,36,52
-19,36,52
-21,35,51
-21,35,50
-21,35,49
-21,34,48
-21,35,48
-20,35,49
-20,36,48
-20,35,48
-20,37,49
-20,37,49
-21,37,49
-21,37,48
-22,37,48
-22,37,48
-23,37,48
-21,37,48
-19,38,48
-17,38,48
-17,38,47
-17,39,47
-16,39,47
-17,38,47
-15,38,47
-16,38,47
-16,38,48
-15,39,59
-22,27,44
-82,20,31
-28,33,35
-26,34,34
-27,30,44
-44,31,32
-21,32,38
-13,36,41
-10,36,41
-3,38,42
0,38,47
-7,38,49
-18,35,50
-23,34,52
-24,33,51
-32,31,53
-34,31,55
-32,34,56
-31,34,56
-34,34,55
-34,33,55
-33,32,53
-33,31,52
-31,29,53
-31,28,53
-30,28,53
-29,27,51
-29,26,51
-28,28,50
-28,30,48
-30,33,46
-31,32,49
-33,27,52
-31,26,52
-21,25,54
-17,24,55
-17,23,55
-16,23,55
-15,23,56
-18,22,54
-17,22,55
-11,24,55
-8,23,57
-33,11,49
-41,6,51
-25,21,56
-21,20,49
-10,20,47
-26,21,42
-23,25,42
-13,26,39
-10,24,38
-6,23,34
-7,21,31
-13,14,34
-22,7,31
-32,-5,38
-35,-18,40
-20,-27,41
-21,-31,59
-9,-62,67
-4,-58,71
-22,-76,77
-21,-71,72
-16,-69,68
-12,-63,55
-12,-61,49
-15,-60,40
-16,-58,37
-17,-55,33
-18,-55,31
-20,-55,29
-20,-56,28
-21,-58,27
-20,-58,27
-19,-56,26
-19,-53,26
-20,-52,25
-21,-51,25
-21,-50,26
-20,-51,26
-20,-51,27
-22,-53,27
-22,-54,28
-21,-56,29
-20,-57,30
-17,-57,30
-18,-56,30
-18,-56,29
-19,-56,28
-19,-55,28
-19,-53,27
-20,-53,27
-21,-53,27
-20,-53,27
-20,-53,29
-21,-54,29
-21,-54,29
-21,-54,30
-22,-54,29
-21,-53,29
-21,-53,29
-22,-54,29
-22,-54,28
-23,-54,29
-23,-54,29
-22,-54,29
-21,-54,29
-21,-55,29
-21,-55,29
-21,-55,29
-21,-55,28
-22,-54,27
-24,-53,28
-24,-54,28
-25,-53,29
-26,-54,30
-27,-54,31
-26,-54,32
-26,-53,35
-27,-53,37
-29,-54,41
-29,-53,42
-32,-51,46
-35,-46,46
-36,-43,47
-37,-37,48
-39,-34,46
-39,-26,47
-40,-23,47
-45,-16,44
-45,-14,47
-37,-8,50
-34,-6,51
-33,1,51
-30,5,53
-24,14,56
-35,16,54
-26,28,54
-25,37,57
-28,35,50
-25,38,38
-24,40,30
-19,45,18
-17,45,10
-32,40,13
-40,35,13
-24,38,38
-21,44,46
-14,40,46
-36,45,28
-35,48,22
-26,46,26
-28,49,32
-45,45,25
-38,47,19
-20,43,16
-63,34,-1
-51,38,9
-35,41,10
-33,38,16
-29,35,16
-44,18,14
-61,-3,35
-48,-10,50
-11,-21,62
0,-25,70
0,-33,76
-7,-37,70
-14,-42,56
-18,-45,54
-22,-56,48
-15,-59,44
-4,-68,39
0,-72,36
4,-86,22
-14,-90,21
-21,-88,22
-26,-80,19
-28,-76,19
-30,-63,17
-28,-57,17
-24,-54,13
-24,-52,13
-17,-49,16
-16,-47,19
-13,-44,26
-19,-46,28
-15,-47,34
-19,-50,35
-19,-50,35
-19,-54,27
-19,-58,24
-17,-76,24
-15,-87,22
-19,-83,20
-22,-76,21
-20,-59,17
-18,-58,14
-18,-66,11
-19,-71,8
-13,-76,7
-10,-67,6
-11,-62,5
-14,-57,5
-17,-56,5
-21,-52,3
-22,-52,2
-19,-55,4
-16,-58,5
-9,-62,9
-6,-63,12
-3,-67,14
-5,-74,14
-8,-79,14
-16,-71,19
-19,-62,22
-19,-51,27
-14,-53,25
-3,-63,19
2,-70,16
6,-76,12
5,-74,10
-4,-58,6
-9,-52,4
-21,-45,4
-32,-43,4
-33,-44,5
-22,-47,9
-17,-49,13
-8,-57,22
-8,-61,24
-16,-70,24
-22,-73,23
-35,-93,23
-38,-107,23
-21,-94,21
-13,-72,23
-13,-56,19
-21,-65,11
-23,-70,8
-25,-71,3
-23,-69,2
-17,-60,3
-16,-57,3
-18,-54,3
-22,-54,1
-22,-56,-1
-20,-57,-2
-14,-61,1
-11,-61,2
-7,-63,6
-7,-61,10
-7,-60,11
-7,-63,14
-5,-69,16
-6,-72,22
-10,-69,24
-12,-62,27
-10,-62,30
-12,-70,21
-4,-77,19
2,-87,12
4,-85,9
2,-71,2
-6,-56,-4
-13,-51,-7
-26,-46,-10
-32,-47,-10
-36,-51,-7
-33,-55,-4
-24,-59,2
-22,-59,6
-26,-63,13
-29,-63,14
-28,-61,12
-21,-76,9
-17,-81,10
-9,-78,10
-10,-75,9
-16,-62,6
-20,-58,5
-25,-52,3
-25,-53,1
-18,-60,1
-13,-65,0
-7,-66,-1
-6,-67,-4
-13,-63,-7
-24,-50,-3
-31,-48,0
-42,-53,3
-42,-58,5
-27,-67,5
-12,-71,8
17,-75,20
21,-75,24
5,-75,14
-4,-72,9
-20,-67,0
-24,-65,-3
-30,-62,-3
-34,-58,1
-35,-57,3
-37,-56,8
-37,-56,9
-30,-58,12
-25,-57,14
-16,-58,19
-14,-59,20
-15,-61,20
-16,-61,19
-18,-62,18
-17,-64,18
-15,-68,19
-11,-71,19
-9,-73,19
-3,-75,19
-2,-70,18
-2,-59,16
-3,-56,15
-4,-53,14
-6,-53,12
-8,-57,8
-8,-58,6
-11,-62,3
-14,-65,3
-22,-68,4
-29,-72,3
-30,-73,2
-29,-70,2
-29,-66,3
-26,-59,4
-28,-61,4
-28,-59,4
-27,-58,3
-25,-58,3
-23,-59,3
-20,-59,3
-21,-59,2
-23,-59,3
-26,-64,5
-26,-64,6
-23,-65,8
-20,-65,10
-13,-64,13
-10,-63,15
-6,-62,18
-5,-62,19
-9,-65,20
-11,-65,19
-14,-65,15
-15,-66,13
-16,-68,12
-18,-68,9
-19,-70,8
-21,-76,6
-23,-77,5
-25,-69,6
-27,-63,7
-28,-53,10
-28,-53,11
-22,-57,12
-18,-59,13
-8,-61,14
-6,-62,13
-12,-63,8
-20,-65,6
-23,-65,5
-22,-63,6
-18,-59,8
-9,-53,12
-5,-50,14
0,-45,17
-1,-44,19
-6,-46,21
-8,-48,22
-11,-55,25
-12,-60,26
-13,-70,29
-16,-79,30
-17,-80,29
-21,-80,24
-25,-83,21
-32,-88,17
-30,-88,14
-23,-77,10
-22,-67,10
-21,-56,6
-24,-55,3
-23,-58,2
-25,-61,0
-27,-74,-4
-19,-67,-3
-18,-62,-4
-19,-61,-3
-20,-61,-3
-20,-57,-2
-20,-55,-3
-17,-56,-3
-16,-58,-1
-7,-59,3
-5,-61,6
-6,-62,12
-15,-61,19
-17,-61,23
-12,-64,27
-8,-66,29
-3,-74,30
-4,-77,29
-6,-76,26
-7,-73,24
-7,-66,22
-7,-63,20
-7,-68,16
-8,-70,12
-11,-68,5
-17,-58,2
-20,-52,2
-26,-46,3
-28,-45,3
-25,-44,3
-22,-44,4
-21,-48,11
-19,-50,15
-13,-54,22
-9,-57,24
-8,-62,28
-11,-65,28
-15,-69,26
-14,-84,26
-13,-96,26
-8,-94,21
-11,-82,19
-16,-59,14
-17,-55,10
-17,-62,1
-18,-68,1
-28,-66,-10
-31,-62,-21
-25,-49,-25
-24,-48,-21
-24,-51,-12
-25,-53,-7
-25,-54,-6
-21,-56,-5
-19,-59,-3
-16,-64,2
-14,-66,4
-10,-70,8
-9,-70,10
-9,-67,12
-11,-67,12
-13,-70,14
-12,-72,16
-17,-70,20
-16,-65,21
-13,-63,22
-5,-64,21
-3,-65,20
1,-67,15
0,-69,11
-7,-65,0
-11,-61,-3
-22,-58,-3
-28,-56,-1
-31,-50,1
-25,-46,3
-22,-45,7
-14,-45,15
-14,-46,18
-15,-48,18
-17,-49,16
-25,-54,14
-30,-59,16
-32,-71,25
-30,-74,30
-23,-77,36
-23,-74,37
-23,-82,32
-31,-81,8
-28,-79,1
-25,-66,-9
-22,-61,-10
-11,-56,-6
-9,-54,-6
-18,-52,-15
-22,-52,-18
-24,-53,-18
-24,-55,-18
-26,-61,-18
-27,-64,-19
-28,-69,-17
-28,-70,-13
-28,-72,-11
-28,-73,-7
-28,-72,-5
-26,-73,1
-19,-68,-3
-75,-58,-36
-90,-64,-41
-62,-60,-27
-48,-57,-21
-58,-54,-24
-63,-50,-25
-59,-42,-22
-56,-33,-16
-58,-28,-14
-51,-22,-12
-42,-20,-9
-39,-17,-2
-35,-16,2
-28,-15,8
-24,-18,8
-15,-31,21
-13,-31,28
-96,-105,78
-71,13,69
-77,-2,44
-70,-2,26
-65,-5,31
-49,-15,32
-52,-18,32
-55,-26,30
-54,-30,32
-43,-31,39
-41,-29,40
-41,-22,35
-39,-21,32
-38,-25,35
-42,-29,37
-44,-30,38
-47,-31,41
-48,-31,41
-45,-27,44
-42,-25,45
-41,-22,43
-41,-22,42
-42,-23,43
-43,-23,42
-46,-22,40
-47,-20,41
-47,-19,41
-46,-18,40
-48,-18,39
-52,-18,38
-52,-17,37
-53,-16,37
-51,-17,37
-45,-16,42
-43,-12,43
-49,-10,42
-52,-10,40
-51,-14,39
-48,-15,39
-47,-14,42
-48,-13,40
-48,-12,39
-49,-11,39
-49,-11,41
-48,-11,41
-48,-11,41
-50,-11,41
-50,-12,41
-49,-12,41
-48,-11,42
-47,-10,41
-47,-9,42
-48,-9,43
-49,-13,42
-48,-14,41
-47,-14,39
-46,-14,40
-44,-12,41
-44,-11,42
-45,-11,44
-47,-11,45
-49,-11,44
-49,-11,43
-47,-13,43
-46,-13,42
-47,-14,41
-48,-14,40
-49,-14,41
-49,-13,40
-48,-13,40
-47,-13,40
-47,-13,41
-47,-13,42
-48,-12,42
-48,-10,43
-47,-10,43
-47,-13,43
-48,-15,40
-52,-17,39
-50,-17,37
-49,-16,37
-48,-14,39
-47,-13,40
-48,-11,41
-48,-11,42
-48,-12,42
-48,-13,42
-49,-13,41
-48,-12,40
-47,-11,40
-47,-11,40
-47,-12,40
-48,-13,41
-49,-13,41
-49,-14,40
-49,-15,40
-50,-15,40
-50,-15,40
-50,-14,40
-50,-14,40
-49,-12,40
-49,-12,40
-48,-12,40
-49,-13,40
-49,-13,40
-49,-13,40
-49,-13,41
-48,-12,42
-47,-12,42
-46,-11,42
-46,-11,41
-45,-11,41
-46,-11,41
-47,-12,42
-48,-13,43
-51,-13,42
-49,-12,42
-48,-12,42
-47,-10,41
-46,-10,41
-46,-11,41
-47,-12,41
-48,-13,40
-48,-13,40
-48,-12,42
-47,-11,43
-47,-11,44
-47,-11,44
-48,-13,43
-48,-13,42
-49,-13,41
-48,-13,41
-47,-12,41
-46,-12,41
-46,-12,41
-47,-13,41
-48,-14,41
-48,-15,41
-48,-15,42
-48,-15,42
-49,-14,42
-48,-14,41
-45,-10,43
-43,-10,44
-43,-10,44
-45,-11,43
-49,-14,41
-50,-15,41
-49,-15,41
-48,-14,41
-46,-14,42
-46,-13,42
-47,-14,42
-47,-14,42
-47,-14,42
-47,-14,42
-48,-13,42
-48,-12,42
-47,-12,42
-47,-13,41
-46,-13,41
-46,-13,42
-46,-13,42
-47,-14,42
-47,-14,42
-48,-13,42
-47,-13,42
-48,-13,41
-48,-14,41
-48,-13,41
-47,-12,42
-47,-12,41
-47,-12,41
-47,-12,41
-47,-12,42
-47,-12,42
-47,-13,42
-48,-14,42
-49,-14,41
-48,-13,41
-47,-13,41
-47,-12,41
-47,-12,41
-47,-12,41
-48,-12,41
-48,-12,41
-49,-13,41
-50,-13,41
-50,-13,41
-50,-14,40
-49,-14,40
-48,-14,40
-48,-14,39
-48,-14,39
-49,-14,39
-49,-14,40
-49,-14,40
-48,-15,41
-48,-15,42
-48,-15,42
-50,-15,41
-50,-15,40
-50,-14,39
-50,-14,38
-48,-12,39
-47,-12,39
-47,-12,39
-48,-12,41
-47,-12,41
-48,-13,42
-48,-13,42
-48,-13,42
-48,-13,41
-48,-14,41
-49,-15,40
-51,-15,39
-50,-13,39
-49,-13,39
-48,-12,40
-47,-12,40
-47,-12,40
-48,-12,40
-47,-13,41
-48,-14,41
-50,-14,41
-50,-14,41
-49,-14,41
-49,-14,40
-49,-13,40
-49,-13,40
-49,-13,40
-49,-12,41
-49,-12,40
-49,-12,41
-47,-13,41
-45,-13,41
-44,-12,41
-43,-11,42
-44,-11,43
-47,-13,43
-49,-14,42
-52,-15,41
-52,-16,40
-48,-14,40
-46,-11,41
-46,-11,41
-47,-11,41
-47,-11,41
-49,-13,40
-49,-14,40
-49,-13,40
-48,-13,41
-47,-12,42
-47,-12,42
-47,-13,43
-47,-13,43
-48,-14,42
-49,-15,41
-49,-15,41
-48,-13,41
-47,-13,41
-46,-12,41
-46,-12,41
-48,-13,41
-48,-13,41
-49,-13,42
-49,-13,42
-47,-12,41
-46,-12,41
-46,-13,41
-47,-14,41
-47,-15,41
-49,-15,41
-49,-16,41
-49,-15,41
-49,-14,41
-47,-13,42
-47,-13,42
-47,-13,41
-47,-13,41
-47,-13,41
-46,-13,41
-46,-13,41
-46,-14,41
-47,-14,41
-49,-15,42
-50,-15,41
-49,-15,41
-48,-14,40
-48,-13,41
-48,-13,41
-48,-12,41
-47,-12,41
-48,-13,41
-48,-13,41
-48,-13,41
-48,-14,42
-49,-15,42
-49,-15,41
-48,-14,41
-43,-9,43
-42,-8,44
-43,-11,43
-47,-13,42
-53,-16,40
-53,-16,40
-49,-14,40
-45,-13,40
-45,-12,40
-47,-12,41
-48,-13,41
-49,-13,42
-49,-14,42
-48,-14,42
-47,-13,42
-46,-13,41
-46,-13,41
-47,-14,41
-48,-14,41
-49,-13,42
-49,-13,42
-49,-13,41
-49,-13,41
-48,-12,41
-47,-13,41
-47,-13,41
-46,-13,41
-46,-12,42
-46,-13,42
-47,-13,41
-49,-14,41
-49,-14,41
-49,-15,41
-48,-14,41
-47,-14,41
-47,-13,42
-47,-13,42
-48,-13,41
-48,-13,41
-47,-13,40
-47,-14,39
-49,-14,39
-49,-14,40
-49,-13,42
-49,-13,41
-49,-13,41
-48,-14,41
-48,-14,41
-48,-14,41
-48,-14,41
-49,-15,41
-49,-15,41
-48,-14,41
-48,-14,41
-47,-13,41
-47,-14,41
-47,-13,41
-47,-13,41
-48,-13,41
-47,-13,41
-47,-13,41
-46,-13,41
-46,-13,41
-46,-13,41
-46,-13,41
-46,-13,40
-46,-13,41
-47,-14,42
-48,-14,43
-49,-14,43
-49,-13,43
-49,-13,42
-47,-13,41
-47,-13,40
-48,-14,39
-48,-14,38
-48,-14,39
-48,-14,40
-50,-14,40
-50,-14,41
-49,-14,42
-49,-13,42
-47,-13,42
-47,-13,41
-47,-13,41
-47,-13,41
-47,-14,41
-46,-14,41
-46,-14,41
-47,-15,41
-48,-15,41
-48,-15,41
-47,-14,41
-47,-12,42
-46,-12,42
-47,-12,42
-47,-12,41
-47,-12,41
-47,-12,41
-47,-13,41
-48,-13,41
-48,-13,40
-49,-13,41
-48,-12,41
-47,-11,41
-47,-10,41
-48,-10,40
-50,-10,39
-51,-10,40
-51,-10,39
-50,-9,39
-50,-9,40
-51,-9,39
-52,-9,38
-53,-10,38
-54,-11,37
-54,-11,38
-54,-11,37
-53,-11,37
-50,-9,38
-49,-8,38
-50,-9,38
-50,-9,37
-50,-9,37
-49,-8,39
-51,-8,40
-55,-9,41
-54,-9,40
-50,-8,40
-49,-7,40
-48,-5,41
-48,-5,41
-48,-5,41
-47,-6,40
-46,-6,39
-45,-4,39
-44,-4,39
-51,-6,42
-56,-7,42
-64,-10,42
-64,-10,42
-57,-7,41
-51,-5,40
-38,-4,40
-35,-5,40
-41,-12,39
-51,-20,38
-55,-22,37
-55,-24,36
-51,-23,37
-42,-19,41
-38,-17,44
-40,-15,45
-44,-15,43
-49,-15,40
-50,-14,39
-49,-12,40
-50,-11,40
-51,-10,39
-53,-9,39
-54,-9,39
-52,-9,40
-50,-10,40
-47,-9,42
-47,-10,41
-48,-12,40
-48,-14,40
-49,-17,39
-50,-18,38
-50,-20,36
-49,-19,38
-48,-19,39
-47,-17,42
-44,-18,44
-48,-16,47
-49,-14,54
-50,-14,57
-45,-13,55
-44,-15,52
-46,-16,53
-46,-21,63
-44,-19,61
-56,-8,53
-86,16,38
-90,26,29
-78,37,20
-69,38,7
-47,44,6
-35,40,11
-6,39,17
-2,39,20
0,30,29
7,27,32
2,30,36
2,30,37
3,35,37
-3,37,40
-7,37,42
-17,42,42
-18,45,41
-18,49,45
-16,48,47
-15,47,45
-14,46,45
-13,45,43
-13,46,40
-18,49,37
-16,49,39
-9,48,43
-9,46,43
-11,45,43
-11,43,43
-5,44,44
-6,44,42
-12,43,41
-10,46,42
-9,47,42
-11,49,41
-12,50,40
-13,51,39
-11,50,41
-8,48,44
-8,47,42
-7,47,41
-8,49,40
-9,48,40
-10,47,40
-9,47,40
-8,49,40
-9,49,40
-8,49,39
-9,48,40
-8,48,41
-9,49,41
-12,50,40
-13,50,40
-11,49,40
-5,49,42
-5,44,43
-7,47,45
-13,47,42
-11,48,43
-9,47,44
-9,47,41
-9,47,39
-10,48,38
-7,49,34
-8,50,34
-18,52,30
-22,53,30
-10,53,38
-6,53,42
-15,52,40
-5,49,44
2,47,43
12,49,48
-4,49,41
-5,48,42
7,47,42
16,48,42
16,47,39
4,45,39
1,45,38
-4,48,33
1,49,35
1,47,36
-2,46,39
-5,45,43
-1,47,47
-8,46,43
-14,46,42
-22,49,50
-22,49,51
-19,48,49
-13,45,46
-14,45,46
-12,41,46
-8,40,48
-5,39,51
-3,36,51
-3,35,52
-3,34,51
-5,29,55
-15,32,54
-15,35,50
-10,35,52
-9,35,53
-9,35,53
-7,34,52
-2,33,52
0,33,48
-5,30,44
-5,31,42
-4,28,37
-11,27,33
-18,24,36
-33,19,25
-49,30,21
-52,20,31
-65,16,25
-84,13,14
-86,12,16
-79,6,33
-75,4,43
-65,-4,43
-67,-6,41
-65,-7,36
-58,-6,38
-54,-9,44
-48,-11,49
-36,-14,48
-40,-13,39
-40,-18,35
-26,-12,43
-25,-18,45
-62,-14,27
-57,-16,24
-63,-15,20
-66,-13,19
-69,-12,20
-69,-11,21
-60,-7,22
-57,-6,24
-59,-9,27
-63,-12,26
-62,-13,27
-56,-16,30
-54,-15,31
-53,-13,30
-52,-13,30
-51,-13,29
-54,-12,28
-58,-13,26
-60,-15,26
-62,-16,25
-63,-16,22
-61,-15,22
-57,-15,25
-56,-15,26
-56,-14,28
-57,-14,28
-58,-13,26
-59,-14,25
-58,-15,24
-58,-15,24
-58,-15,25
-58,-15,25
-58,-15,26
-59,-14,24
-59,-14,24
-58,-14,24
-58,-15,24
-58,-15,25
-58,-15,25
-58,-14,25
-57,-15,25
-57,-14,25
-57,-14,25
-57,-14,26
-58,-14,26
-58,-15,25
-58,-14,24
-59,-14,24
-59,-14,24
-59,-14,24
-59,-15,24
-58,-15,24
-56,-14,24
-56,-14,24
-58,-13,25
-58,-14,24
-60,-16,23
-61,-16,23
-60,-14,25
-58,-13,26
-58,-13,25
-59,-13,25
-59,-14,24
-59,-14,22
-59,-15,20
-58,-15,21
-58,-15,21
-60,-15,22
-61,-15,22
-61,-14,22
-60,-14,23
-59,-14,23
-60,-15,23
-60,-15,23
-60,-15,23
-59,-14,22
-58,-14,22
-58,-14,22
-58,-14,24
-59,-14,24
-60,-14,24
-60,-15,23
-60,-16,22
-59,-15,22
-58,-15,22
-57,-14,23
-57,-13,24
-57,-13,25
-59,-13,26
-60,-13,25
-60,-14,25
-59,-14,24
-59,-14,24
-59,-14,24
-60,-14,24
-60,-13,23
-58,-14,23
-58,-14,24
-58,-13,25
-58,-13,25
-56,-12,26
-55,-11,26
-55,-11,26
-55,-11,26
-57,-12,26
-58,-13,26
-59,-14,23
-59,-14,22
-58,-14,23
-58,-12,24
-58,-11,24
-60,-10,23
-60,-10,24
-60,-12,25
-60,-13,25
-60,-13,24
-60,-13,24
-61,-14,22
-61,-14,21
-60,-15,20
-59,-15,20
-58,-15,21
-59,-16,22
-60,-17,22
-61,-16,21
-61,-16,21
-61,-14,21
-60,-14,21
-59,-13,22
-59,-14,22
-59,-14,22
-59,-14,21
-60,-15,22
-60,-15,22
-60,-15,22
-59,-14,22
-59,-14,22
-59,-15,21
-59,-15,21
-59,-15,21
-59,-15,22
-59,-16,22
-60,-15,22
-59,-15,22
-59,-15,22
-59,-14,22
-59,-15,22
-59,-15,22
-59,-15,22
-59,-15,22
-58,-15,22
-58,-15,21
-58,-15,22
-58,-15,22
-59,-16,22
-59,-16,22
-59,-15,23
-60,-15,23
-60,-15,23
-59,-15,22
-59,-15,22
-59,-15,22
-59,-15,22
-59,-15,22
-59,-15,22
-59,-15,22
-59,-15,22
-59,-15,22
-59,-15,22
-59,-15,22
-59,-15,22
-59,-15,22
-59,-15,22
-59,-15,22
-59,-15,22
-59,-15,22
-59,-15,22
-59,-15,22
-59,-15,22
-59,-15,22
-59,-15,22
-59,-15,22
-59,-15,22
-59,-15,22
-59,-15,22
-59,-15,22
-59,-15,22
-59,-15,22
-60,-15,22
-59,-15,22
-59,-15,23
-59,-15,23
-60,-15,22
-60,-15,22
-59,-15,22
-58,-15,22
-59,-15,21
-59,-15,22
-59,-14,22
-58,-14,22
-59,-14,23
-59,-15,22
-60,-15,23
-60,-15,22
-59,-14,22
-58,-14,23
-59,-14,23
-59,-14,23
-60,-14,22
-59,-14,22
-59,-14,23
-58,-14,22
-58,-14,23
-59,-14,22
-60,-14,22
-60,-15,22
-59,-15,22
-59,-15,22
-60,-15,23
-59,-15,23
-59,-14,23
-59,-14,23
-59,-14,23
-59,-14,23
-58,-14,23
-58,-14,23
-59,-14,23
-59,-15,23
-59,-15,23
-58,-15,23
-59,-14,23
-59,-14,23
-59,-14,23
-58,-14,23
-59,-14,23
-59,-14,23
-59,-14,23
-59,-14,23
-59,-14,23
-59,-14,23
-59,-14,23
-59,-14,23
-59,-14,23
-60,-14,23
-59,-14,23
-59,-14,23
-58,-14,23
-59,-14,23
-59,-14,23
-60,-14,23
-59,-14,23
-59,-14,22
-59,-14,22
-59,-14,22
-59,-15,22
-59,-15,23
-59,-15,23
-59,-14,23
-58,-14,23
-59,-14,23
-60,-15,23
-59,-15,23
-58,-15,23
-58,-14,24
-58,-14,24
-59,-14,23
-59,-14,24
-59,-14,24
-59,-14,24
-58,-15,24
-58,-15,23
-58,-14,23
-59,-14,23
-59,-14,23
-58,-15,23
-59,-15,23
-59,-15,23
-59,-15,23
-59,-15,23
-59,-15,23
-59,-14,23
-59,-14,23
-59,-14,23
-59,-15,23
-59,-15,23
-59,-15,23
-59,-15,23
-59,-15,23
-59,-15,22
-59,-15,22
-59,-15,23
-59,-15,23
-59,-15,23
-58,-14,23
-59,-15,24
-58,-14,23
-58,-15,23
-58,-15,22
-59,-15,23
-59,-15,23
-59,-14,23
-58,-14,23
-59,-14,23
-59,-14,23
-59,-15,23
-59,-15,23
-59,-14,23
-59,-14,23
-59,-14,23
-59,-15,23
-59,-15,23
-59,-15,23
-59,-14,23
-59,-14,23
-59,-14,23
-59,-14,24
-58,-14,23
-59,-15,23
-59,-15,23
-59,-15,23
-59,-15,23
-59,-15,23
-58,-15,23
-58,-15,23
-58,-15,23
-58,-15,23
-59,-15,23
-59,-15,23
-58,-15,23
-58,-15,23
-59,-15,24
-58,-15,23
-58,-16,23
-58,-15,23
-58,-15,23
-58,-15,23
-58,-15,23
-58,-16,23
-58,-16,23
-58,-16,23
-58,-16,23
-58,-16,23
-58,-16,23
-58,-16,23
-58,-16,23
-59,-17,22
-59,-17,22
-59,-16,22
-59,-16,23
-59,-16,23
-59,-16,23
-59,-16,23
-59,-16,23
-59,-16,23
-58,-16,23
-58,-16,23
-58,-16,23
-58,-16,22
-58,-16,22
-58,-16,22
-58,-16,23
-59,-16,23
-59,-16,23
-59,-16,23
-59,-16,22
-58,-16,22
-58,-16,22
-57,-16,22
-57,-16,22
-58,-16,22
-58,-17,22
-59,-17,23
-59,-16,23
-59,-16,23
-59,-16,23
-59,-16,22
-58,-17,22
-58,-16,22
-58,-16,22
-59,-16,22
-58,-16,22
-59,-16,23
-59,-16,23
-59,-16,22
-58,-16,22
-58,-16,22
-58,-16,22
-58,-16,23
-59,-16,22
-59,-16,22
-59,-16,23
-58,-16,23
-58,-16,23
-58,-16,22
-59,-16,22
-59,-16,22
-59,-16,23
-59,-16,23
-59,-16,23
-59,-16,22
-59,-16,22
-58,-16,22
-58,-16,23
-58,-16,23
-59,-16,22
-59,-16,23
-59,-16,23
-58,-16,23
-58,-16,22
-59,-16,22
-58,-16,22
-59,-16,23
-59,-16,22
-59,-16,22
-59,-16,22
-59,-16,22
-59,-16,22
-58,-16,22
-58,-16,22
-58,-16,23
-58,-16,22
-59,-16,22
-59,-16,22
-59,-16,22
-58,-15,22
-58,-16,22
-58,-16,23
-59,-16,22
-60,-16,22
-59,-16,22
-58,-16,22
-58,-16,22
-58,-16,23
-59,-16,22
-59,-16,23
-59,-16,23
-59,-16,22
-59,-16,22
-59,-16,22
-58,-16,22
-58,-16,22
-58,-16,22
-59,-16,22
-59,-16,22
-58,-16,23
-58,-16,22
-58,-16,22
-58,-16,22
-58,-16,22
-59,-16,23
-59,-16,23
-59,-16,22
-58,-16,22
-58,-16,22
-59,-15,22
-60,-16,22
-60,-16,22
-59,-17,22
-58,-16,22
-58,-16,22
-58,-16,23
-58,-15,23
-59,-15,22
-59,-15,22
-59,-15,22
-58,-16,22
-58,-16,22
-59,-16,22
-60,-16,22
-59,-16,22
-58,-16,23
-58,-16,23
-58,-16,22
-59,-16,22
-59,-16,22
-59,-16,22
-59,-16,22
-59,-16,22
-59,-16,22
-59,-16,22
-59,-16,22
-59,-16,22
-58,-16,23
-59,-16,23
-59,-16,23
-59,-16,22
-59,-16,22
-59,-16,22
-58,-16,23
-59,-16,22
-59,-15,22
-59,-15,22
-58,-16,23
-58,-16,23
-58,-16,23
-58,-16,23
-58,-16,23
-58,-16,23
-59,-16,22
-58,-16,22
-59,-16,23
-59,-16,22
-59,-16,22
-59,-16,23
-60,-16,22
-60,-16,22
-59,-16,23
-58,-16,23
-58,-15,23
-59,-15,23
-59,-15,22
-59,-15,22
-58,-16,22
-58,-16,23
-58,-16,23
-58,-15,23
-59,-15,22
-59,-15,23
-59,-15,23
-59,-15,23
-59,-15,23
-59,-15,22
-59,-15,23
-59,-15,23
-59,-15,23
-59,-16,22
-60,-16,22
-59,-16,22
-58,-16,23
-59,-15,23
-59,-16,22
-60,-15,22
-58,-15,23
-58,-15,22
-58,-15,23
-58,-15,23
-58,-16,23
-59,-15,23
-59,-15,23
-59,-15,23
-59,-15,23
-59,-15,23
-59,-15,22
-58,-15,22
-58,-15,22
-58,-15,23
-58,-15,23
-59,-16,23
-59,-15,23
-59,-15,22
-59,-15,23
-58,-14,23
-59,-14,23
-59,-15,23
-60,-15,22
-59,-15,22
-59,-15,21
-59,-15,22
-59,-15,22
-59,-15,22
-59,-15,22
-59,-15,22
-59,-15,22
-59,-15,22
-59,-15,22
-59,-15,22
-59,-15,22
-59,-15,22
-59,-15,22
-59,-15,22
-59,-14,22
-58,-15,23
-59,-15,23
-59,-15,22
-59,-15,23
-59,-15,22
-59,-15,23
-59,-15,23
-58,-15,23
-59,-15,23
-59,-15,22
-59,-15,22
-59,-15,22
-59,-15,22
-59,-15,22
-59,-15,22
-59,-15,23
-59,-15,22
-59,-15,23
-59,-15,22
-59,-15,22
-59,-15,22
-59,-15,22
-58,-15,23
-59,-15,23
-59,-14,23
-59,-14,23
-59,-14,23
-59,-14,23
-59,-14,22
-59,-14,22
-59,-15,23
-59,-15,22
-60,-16,22
-59,-16,21
-59,-16,22
-59,-15,22
-59,-15,22
-59,-14,23
-59,-14,23
-58,-14,23
-59,-14,22
-60,-14,21
-60,-15,21
-59,-15,21
-60,-14,22
-60,-14,22
-60,-14,23
-59,-14,23
-59,-14,23
-60,-14,23
-60,-14,22
-59,-14,22
-59,-14,22
-59,-13,22
-59,-13,22
-59,-14,21
-59,-15,21
-59,-16,21
-59,-16,21
-59,-15,21
-59,-14,22
-59,-14,22
-59,-14,22
-60,-15,22
-59,-15,22
-59,-15,22
-59,-14,22
-59,-15,22
-59,-14,23
-59,-14,22
-60,-14,22
-60,-15,22
-60,-15,22
-59,-15,22
-59,-15,22
-59,-15,22
-58,-15,22
-59,-14,22
-60,-14,23
-60,-14,23
-60,-14,23
-59,-14,22
-59,-14,22
-58,-13,22
-59,-14,22
-59,-14,22
-59,-14,22
-59,-14,22
-59,-14,22
-60,-15,23
-61,-15,23
-61,-15,22
-60,-15,21
-57,-15,22
-56,-14,22
-56,-14,22
-58,-14,23
-59,-15,23
-60,-14,22
-61,-15,22
-59,-15,23
-59,-14,23
-59,-14,23
-59,-14,23
-60,-15,23
-59,-15,22
-59,-14,22
-58,-15,22
-58,-15,22
-59,-15,22
-59,-15,22
-60,-14,23
-60,-14,23
-60,-14,23
-59,-14,23
-59,-14,23
-58,-14,23
-59,-15,23
-59,-15,22
-60,-14,22
-60,-13,24
-60,-13,25
-58,-14,19
-56,-15,16
-53,-17,18
-55,-17,19
-60,-17,21
-62,-16,22
-63,-16,22
-63,-16,23
-60,-15,22
-59,-15,21
-58,-16,20
-59,-16,21
-59,-16,22
-59,-15,21
-59,-14,21
-58,-15,21
-59,-16,22
-60,-16,22
-60,-16,21
-59,-16,21
-58,-16,21
-59,-15,22
-59,-15,22
-61,-16,23
-61,-16,22
-60,-15,23
-57,-15,23
-57,-15,22
-57,-16,21
-57,-16,20
-59,-15,21
-59,-15,21
-59,-15,20
-60,-14,20
-60,-15,21
-60,-15,21
-60,-14,23
-60,-14,24
-60,-14,24
-59,-15,23
-59,-15,22
-58,-15,22
-58,-15,22
-58,-15,23
-58,-15,23
-59,-15,23
-59,-15,23
-59,-14,23
-59,-14,23
-59,-14,23
-59,-14,23
-58,-15,23
-59,-15,23
-58,-15,23
-58,-15,23
-58,-15,23
-58,-15,23
-59,-15,23
-59,-15,23
-59,-15,23
-59,-15,23
-58,-15,23
-58,-15,23
-58,-15,23
-58,-15,23
-58,-15,23
-58,-15,23
-59,-15,23
-59,-15,23
-59,-15,23
-59,-15,23
-59,-15,23
-59,-15,23
-59,-15,23
-59,-15,22
-59,-15,23
-59,-15,22
-59,-15,22
-59,-15,22
-59,-15,23
-59,-15,23
-58,-15,23
-59,-15,23
-59,-15,22
-59,-15,22
-59,-15,23
-59,-14,23
-59,-15,23
-59,-14,23
-59,-14,23
-59,-14,23
-59,-14,23
-59,-14,23
-59,-14,23
-58,-14,23
-59,-15,23
-59,-14,23
-59,-14,23
-59,-14,23
-58,-14,23
-58,-14,23
-58,-14,23
-59,-14,23
-59,-14,23
-59,-15,23
-59,-15,23
-59,-14,23
-58,-14,23
-58,-14,22
-58,-14,22
-57,-15,21
-55,-15,21
-56,-15,21
-59,-14,22
-61,-14,22
-59,-13,23
-58,-12,23
-56,-11,22
-55,-11,22
-56,-11,20
-57,-11,19
-57,-12,18
-58,-11,18
-58,-12,17
-58,-11,16
-58,-10,14
-61,-8,12
-65,-11,12
-76,-15,5
-79,-18,1
-81,-21,-5
-78,-22,-5
-72,-20,-2
-70,-19,-1
-65,-19,1
-65,-20,2
-60,-24,8
-56,-24,13
-57,-26,14
-62,-31,15
-55,-36,9
-56,-29,8
-51,-18,13
-44,-21,18
-50,-18,14
-62,-14,1
-63,-12,-1
-56,-10,-3
-55,-9,-5
-61,-7,-13
-69,-7,-17
-69,-7,-14
-71,-8,-10
-76,-8,-9
-85,-9,-12
-88,-8,-10
-91,-8,2
-85,-11,4
-73,-13,7
-68,-12,7
-70,-14,4
-69,-14,1
-66,-13,-2
-61,-12,-5
-58,-11,-5
-57,-7,-9
-60,-7,-12
-65,-7,-15
-65,-6,-14
-62,-6,-10
-60,-7,-9
-63,-8,-7
-66,-10,-6
-71,-13,-3
-79,-22,0
-77,-23,2
-65,-19,8
-60,-18,10
-52,-22,13
-50,-26,15
-47,-32,18
-47,-35,17
-49,-38,20
-49,-38,23
-46,-34,26
-44,-31,30
-43,-28,35
-46,-28,36
-50,-28,33
-55,-24,31
-57,-19,27
-71,-8,21
-76,-4,19
-77,8,17
-77,12,19
-73,13,23
-71,14,23
-74,22,19
-80,25,17
-89,22,11
-91,18,11
-87,21,14
-71,31,19
-71,30,18
-69,22,16
-66,21,18
-52,20,21
-43,22,24
-52,16,28
-60,11,30
-58,6,28
-51,5,33
-33,7,32
-37,6,30
-33,6,36
-30,10,33
-33,9,31
-32,24,46
-25,32,50
-22,38,48
-29,34,41
-60,6,54
-32,31,55
-19,29,42
-30,22,49
-25,38,42
-24,43,34
-27,42,34
-31,39,31
-29,38,37
-27,38,42
-27,38,42
-31,38,44
-33,38,41
-36,36,42
-35,35,42
-32,34,44
-30,33,47
-29,32,48
-26,32,49
-24,33,49
-22,33,50
-19,34,53
-14,33,60
-14,33,61
-19,27,63
-22,25,63
-30,23,54
-35,21,49
-47,18,42
-62,18,31
-65,21,22
-54,20,35
-51,19,36
-54,22,26
-59,20,26
-59,19,24
-58,18,27
-64,17,25
-65,15,26
-54,17,29
-56,16,27
-53,15,30
-43,15,37
-26,15,44
-41,11,40
-51,19,34
-42,15,47
-44,16,41
-37,16,45
-37,16,51
-48,20,56
-50,22,52
-43,25,47
-38,25,43
-27,25,36
-37,25,38
-40,27,41
-36,26,44
-40,27,42
-40,30,46
-39,28,44
-36,29,41
-38,30,42
-38,31,45
-35,33,45
-40,30,45
-36,32,46
-37,30,43
-36,32,42
-34,35,42
-37,31,41
-38,31,41
-35,31,43
-36,31,42
-35,30,44
-34,31,44
-33,32,43
-34,31,43
-36,30,43
-37,30,46
-37,29,45
-36,30,45
-36,30,44
-37,30,44
-37,29,44
-38,30,45
-40,30,44
-42,23,47
-42,21,47
-43,22,48
-45,22,52
-46,16,53
-44,13,59
-44,8,57
-39,11,47
-39,6,56
-6,2,39
9,3,24
7,-3,37
-23,2,26
-30,9,12
-19,11,5
-13,11,-8
-10,6,-6
-6,-2,-5
-13,0,0
-16,-3,24
-43,-49,43
-58,-91,41
-67,-108,48
-61,-90,72
-65,-115,96
-67,-128,105
-4,-115,78
0,-102,68
-8,-87,49
-4,-78,44
-4,-64,33
-8,-59,27
-11,-59,18
-10,-59,12
-12,-59,9
-15,-59,7
-15,-57,6
-17,-54,7
-19,-54,8
-23,-57,11
-18,-57,15
-14,-56,18
-9,-54,21
-3,-55,27
-2,-56,28
-6,-57,27
-17,-64,26
-22,-66,25
-27,-66,24
-28,-64,24
-31,-60,23
-33,-57,25
-39,-53,27
-40,-50,29
-42,-48,30
-44,-47,28
-50,-46,25
-58,-45,24
-64,-46,23
-74,-46,22
-77,-44,25
-82,-38,28
-86,-33,31
-83,-28,36
-79,-26,34
-73,-19,32
-66,-14,32
-57,-3,30
-55,-1,25
-49,5,19
-45,12,16
-38,16,16
-34,21,22
-32,24,22
-29,23,25
-28,24,28
-21,24,32
-24,24,31
-33,24,29
-33,24,30
-31,27,37
-31,27,39
-32,31,38
-31,36,39
-31,38,38
-32,40,38
-31,41,38
-28,43,38
-30,43,38
-24,46,40
-25,44,41
-22,37,39
-50,14,56
-27,31,30
-12,30,29
-32,19,18
-21,12,13
-15,23,13
-15,24,7
-12,21,2
-3,17,-3
-3,12,-3
-25,-6,11
-56,-13,19
-56,-50,1
-38,-65,-9
36,-127,18
54,-124,31
2,-128,21
-53,-128,55
-27,-128,54
14,-107,49
-12,-82,28
-7,-64,33
-12,-61,33
-15,-54,16
-16,-51,5
-15,-57,1
-18,-59,0
-19,-59,-2
-21,-57,-1
-23,-56,2
-30,-56,3
-31,-56,3
-23,-58,4
-20,-57,6
-4,-62,19
8,-69,36
-4,-70,41
-25,-61,31
-26,-58,18
-28,-58,13
-31,-59,6
-31,-61,3
-31,-58,4
-25,-59,4
-22,-61,6
-17,-62,8
-16,-63,7
-14,-65,7
-14,-67,6
-17,-64,6
-17,-63,5
-18,-60,5
-18,-59,5
-14,-60,6
-8,-59,8
-5,-59,8
-3,-62,9
-3,-63,8
-7,-67,6
-9,-70,3
-11,-69,2
-13,-69,1
-16,-68,0
-14,-67,1
-10,-65,3
-8,-63,5
-7,-62,6
-7,-61,6
-7,-61,6
-9,-63,4
-10,-63,4
-13,-63,2
-13,-63,2
-14,-62,1
-14,-62,1
-13,-60,1
-12,-60,4
-11,-60,5
-11,-60,6
-12,-60,6
-11,-61,6
-11,-61,5
-12,-62,2
-12,-61,1
-14,-61,0
-16,-61,-1
-18,-62,-1
-19,-64,0
-18,-66,5
-17,-67,6
-19,-68,7
-19,-68,6
-23,-65,5
-26,-63,2
-26,-61,1
-22,-60,2
-21,-61,1
-20,-62,2
-20,-62,3
-20,-62,3
-20,-62,3
-21,-63,2
-22,-64,2
-20,-64,4
-19,-64,7
-19,-66,7
-18,-65,8
-17,-65,8
-16,-64,7
-16,-64,7
-15,-63,8
-15,-62,8
-15,-61,8
-15,-61,8
-15,-61,9
-15,-60,9
-16,-60,10
-16,-59,10
-17,-59,10
-18,-59,10
-19,-60,10
-19,-61,10
-19,-62,10
-19,-63,11
-18,-62,11
-16,-62,11
-15,-62,11
-13,-61,10
-13,-61,10
-13,-59,10
-13,-58,10
-13,-58,10
-14,-58,11
-14,-58,11
-14,-59,13
-14,-60,14
-14,-62,15
-14,-62,15
-13,-62,16
-13,-63,16
-16,-63,15
-17,-63,14
-18,-61,13
-20,-60,12
-21,-59,12
-23,-60,11
-23,-59,11
-22,-59,12
-22,-59,12
-22,-63,12
-22,-64,12
-20,-65,12
-19,-65,12
-18,-66,11
-17,-66,11
-14,-63,10
-13,-61,9
-13,-61,9
-12,-63,8
-11,-63,9
-8,-64,13
-7,-66,19
-3,-65,27
-5,-62,27
-11,-59,22
-14,-60,21
-14,-61,21
-13,-65,26
-17,-65,27
-28,-66,28
-32,-65,28
-34,-61,26
-35,-58,22
-37,-53,19
-39,-50,18
-46,-47,15
-50,-47,13
-53,-46,13
-56,-47,14
-53,-41,12
-51,-31,13
-52,-28,13
-52,-26,9
-51,-26,9
-53,-23,14
-55,-23,14
-52,-21,17
-52,-21,21
-55,-23,29
-55,-23,30
-47,-20,34
-45,-17,35
-45,-13,34
-48,-11,32
-50,-10,30
-53,-12,26
-53,-12,25
-53,-13,25
-52,-12,25
-54,-11,26
-54,-8,27
-52,-6,27
-51,-7,26
-56,-10,29
-63,-15,28
-64,-16,26
-61,-23,25
-54,-26,30
-24,-32,41
-12,-35,45
-15,-48,48
-22,-50,47
-34,-49,43
-35,-47,41
-30,-45,40
-28,-44,40
-30,-44,38
-31,-45,38
-31,-47,37
-30,-49,37
-30,-49,36
-29,-47,34
-30,-47,34
-29,-46,34
-29,-46,34
-26,-45,35
-26,-46,36
-27,-47,37
-28,-47,37
-29,-46,37
-30,-46,35
-31,-45,36
-28,-40,39
-33,-42,33
-40,-41,32
-42,-40,33
-41,-41,35
-37,-42,37
-32,-43,36
-32,-44,40
-32,-44,40
-30,-43,40
-28,-40,38
-29,-37,37
-30,-37,37
-31,-36,36
-31,-37,36
-31,-39,37
-31,-40,38
-31,-42,37
-30,-41,37
-31,-38,36
-31,-36,35
-31,-33,33
-33,-33,34
-39,-38,38
-39,-40,38
-38,-39,39
-46,-37,37
-50,-36,35
-50,-33,34
-47,-32,33
-46,-30,34
-45,-30,37
-45,-31,37
-45,-33,37
-43,-34,39
-41,-35,38
-36,-40,30
-32,-37,35
-42,-37,30
-61,-40,22
-56,-41,22
-45,-40,28
-44,-41,29
-44,-47,29
-46,-50,36
-48,-52,39
-41,-48,40
-37,-44,41
-40,-43,37
-43,-42,35
-43,-43,31
-40,-40,36
-44,-36,27
-38,-33,29
-41,-26,25
-40,-23,28
-44,-26,30
-42,-29,32
-26,-36,40
-15,-37,47
1,-42,61
1,-48,61
-13,-55,55
-17,-52,53
-19,-50,48
-19,-46,41
-19,-43,39
-20,-40,36
-21,-39,36
-22,-37,39
-24,-37,42
-26,-36,43
-27,-34,45
-32,-31,45
-35,-30,45
-36,-27,46
-34,-28,47
-32,-28,47
-28,-30,48
-27,-32,48
-25,-34,47
-24,-34,47
-24,-33,46
-24,-31,47
-29,-31,48
-32,-31,51
-39,-30,54
-42,-30,56
-56,-29,53
-75,-27,44
-81,-25,38
-77,-14,30
-74,-9,25
-76,1,19
-76,5,15
-73,11,12
-76,15,11
-92,20,8
-87,15,8
-63,10,18
-47,15,27
-38,18,29
-25,23,34
-23,24,33
-20,23,32
-14,23,34
-5,25,40
-5,23,39
-3,27,41
1,32,44
-4,32,42
-11,32,45
-24,33,47
-27,36,46
-26,31,47
-27,29,46
-27,29,44
-24,35,40
-21,38,38
-21,37,52
-23,34,52
-35,28,52
-37,28,53
-28,29,48
-34,26,45
-34,18,54
-26,20,51
-22,33,49
-24,37,45
-29,42,38
-35,42,49
-31,38,53
-26,39,47
-24,40,48
-21,41,56
-27,42,51
-29,46,34
-29,47,32
-22,45,33
-27,45,30
-32,44,27
-41,41,31
-42,37,37
-43,26,46
-41,27,45
-52,33,35
-46,32,33
-35,31,34
-34,32,33
-33,31,37
-38,30,38
-40,32,40
-39,36,36
-40,37,36
-42,38,40
-42,37,44
-48,36,47
-47,38,48
-48,39,48
-50,35,45
-48,26,38
-46,21,36
-44,19,30
-44,23,33
-51,27,29
-47,34,30
-47,35,30
-42,38,39
-40,37,39
-37,36,37
-33,37,35
-31,37,31
-28,37,32
-21,40,33
-18,42,34
-16,46,38
-15,46,41
-22,47,47
-31,47,44
-30,47,42
-24,52,36
-21,56,36
-14,58,37
-18,55,36
-24,48,26
-22,48,27
-18,48,23
-14,49,23
-14,52,30
-21,51,35
-36,54,27
-43,55,14
-40,56,13
-29,49,19
-29,47,21
-29,47,22
-30,47,23
-32,51,26
-33,54,27
-31,57,25
-32,58,24
-34,56,28
-36,56,27
-35,56,27
-39,57,23
-40,55,22
-45,48,14
-45,43,12
-39,37,11
-38,37,10
-36,40,11
-35,42,15
-39,46,20
-43,48,22
-49,48,17
-39,43,17
-34,43,17
-34,45,17
-36,46,18
-38,49,22
-38,50,25
-38,54,23
-33,55,28
-33,51,30
-37,52,28
-36,54,25
-35,54,25
-32,60,27
-27,64,28
-30,61,23
-27,52,14
-22,52,14
-19,51,9
-19,51,9
-26,50,16
-33,49,19
-45,50,17
-44,51,14
-34,50,14
-31,50,14
-32,46,13
-33,47,15
-36,48,16
-38,51,19
-37,54,21
-39,55,23
-44,55,20
-39,49,29
-38,44,32
-40,37,13
-42,33,-1
-63,28,-14
-63,29,-11
-57,31,1
-62,36,1
-62,40,2
-43,40,19
-43,41,19
-47,50,15
-47,53,18
-46,49,25
-42,47,28
-37,46,33
-36,47,37
-30,48,43
-23,48,47
-15,51,51
-16,62,45
-21,61,38
-29,59,42
-25,52,50
-19,31,41
-18,34,32
-4,46,43
-5,50,37
-4,44,26
-2,41,28
-2,42,40
-4,46,45
-8,46,40
-6,47,33
-5,45,31
-4,49,36
0,49,40
-3,55,42
1,57,42
1,59,41
4,61,45
6,60,56
0,59,58
-32,50,44
-23,31,43
-19,29,42
-6,19,22
22,14,30
49,3,45
47,-7,45
15,-26,37
5,-31,27
-21,-31,16
-33,-32,15
-8,-35,19
-9,-42,21
-38,-78,19
-22,-77,16
-30,-89,15
-63,-119,14
-58,-120,14
-48,-128,14
-53,-128,26
-44,-128,49
-18,-128,42
13,-72,29
11,-62,24
-10,-61,23
-26,-71,24
-53,-71,8
-6,-65,11
-9,-62,9
-9,-66,7
-17,-67,5
-27,-69,0
-28,-73,-2
-18,-74,-2
-13,-74,-2
-5,-68,-1
-3,-64,-3
-5,-56,-6
-9,-53,-6
-25,-55,3
-44,-47,25
-44,-44,28
-5,-42,26
16,-43,29
36,-59,29
29,-69,25
5,-79,17
-5,-74,13
-16,-61,7
-20,-57,4
-24,-52,2
-27,-51,2
-28,-51,2
-27,-58,2
-29,-60,3
-37,-60,7
-43,-61,10
-56,-73,17
-61,-85,17
-43,-118,14
-10,-118,18
14,-82,18
10,-74,14
-2,-71,10
-12,-77,11
-26,-77,5
-16,-66,4
-20,-60,-2
-15,-57,-1
-15,-57,-1
-21,-57,-3
-23,-58,-5
-19,-63,-6
-16,-63,-5
-11,-58,-2
-9,-58,-1
-6,-57,-1
-9,-59,0
-24,-60,10
-40,-53,32
-35,-52,34
7,-51,36
25,-57,39
29,-79,28
20,-85,20
1,-83,11
-8,-76,11
-21,-56,6
-24,-50,3
-28,-43,0
-29,-42,0
-27,-40,1
-23,-45,5
-25,-49,8
-29,-55,11
-30,-59,13
-32,-63,18
-34,-67,19
-40,-88,19
-40,-104,20
-15,-111,19
-1,-92,21
3,-72,14
0,-72,11
-15,-79,12
-18,-74,9
-17,-72,6
-13,-61,0
-11,-58,0
-14,-54,1
-17,-52,0
-22,-53,-4
-22,-55,-4
-15,-60,-3
-12,-60,-2
-4,-63,0
-3,-61,-1
-10,-59,-1
-21,-66,2
-30,-65,8
-36,-57,17
-33,-54,19
-6,-64,23
9,-70,27
27,-76,25
29,-81,20
16,-81,10
8,-76,6
-9,-61,-5
-24,-48,-7
-30,-43,-6
-35,-40,-2
-35,-41,0
-28,-43,3
-26,-47,5
-27,-54,10
-32,-60,14
-47,-78,15
-51,-93,13
-28,-103,12
-9,-91,14
-5,-77,16
-12,-74,12
-17,-81,13
-22,-69,8
-22,-64,4
-21,-66,-1
-18,-62,-2
-16,-58,-2
-17,-56,-1
-16,-54,0
-16,-56,-1
-12,-61,-2
-10,-61,-1
-7,-62,2
-9,-63,1
-11,-64,1
-18,-67,4
-25,-64,11
-32,-55,24
-25,-53,25
1,-60,31
10,-66,31
16,-78,22
14,-78,16
6,-71,10
0,-65,9
-16,-53,8
-33,-47,9
-38,-46,8
-35,-49,11
-31,-52,14
-28,-54,22
-33,-54,23
-42,-51,21
-46,-49,19
-61,-54,8
-82,-60,-1
-107,-79,-9
-80,-76,-2
-54,-65,4
-69,-69,-8
-68,-71,-9
-49,-65,4
-46,-57,7
-41,-44,11
-39,-40,6
-31,-30,-1
-25,-25,0
-21,-21,-1
-19,-17,-4
-8,-28,7
-41,-38,-4
-65,-34,-4
-74,-34,24
-86,-34,35
-95,-22,21
-95,-18,12
-89,-18,11
-77,-21,9
-54,-23,10
-42,-24,15
-29,-30,23
-27,-31,27
-33,-34,25
-43,-33,18
-44,-29,17
-42,-21,26
-44,-20,30
-60,-11,37
-61,-9,40
-63,-11,42
-56,-16,44
-53,-12,42
-55,-7,39
-65,-2,27
-68,-1,23
-91,-15,5
-73,-7,3
-62,-3,4
-54,-3,5
-57,-3,2
-67,-6,-6
-73,-10,-12
-64,-9,-6
-57,-7,-3
-53,-6,1
-57,-7,-1
-62,-8,-4
-62,-10,-5
-67,-15,-6
-62,-17,-5
-62,-19,-4
-64,-20,-4
-66,-20,-3
-69,-19,-1
-73,-19,-2
-82,-22,-8
-81,-22,-13
-68,-20,-7
-61,-16,1
-57,-16,2
-58,-20,0
-57,-24,-1
-56,-24,-1
-52,-22,1
-50,-15,1
-52,-11,0
-63,-5,-3
-67,-4,-5
-67,0,-2
-66,2,-3
-68,6,-5
-67,8,-5
-66,11,-9
-66,11,-12
-66,9,-18
-69,5,-24
-68,2,-25
-59,0,-22
-58,-3,-24
-65,-12,-29
-60,-12,-26
-50,-10,-21
-49,-12,-20
-55,-15,-26
-55,-15,-26
-56,-16,-28
-63,-18,-33
-61,-18,-31
-57,-19,-26
-60,-19,-27
-59,-21,-25
-62,-19,-26
-63,-21,-24
-62,-24,-21
-61,-22,-16
-56,-19,-13
-57,-17,-10
-61,-18,-11
-68,-23,-12
-66,-20,-10
-64,-21,-8
-62,-20,-8
-64,-19,-8
-64,-18,-8
-64,-18,-8
-62,-15,-8
-63,-14,-8
-64,-12,-12
-65,-10,-14
-65,-7,-15
-65,-5,-16
-65,-1,-18
-64,5,-22
-63,7,-22
-62,14,-24
-64,17,-28
-66,20,-29
-65,22,-25
-58,23,-23
-57,24,-22
-56,25,-21
-55,23,-20
-51,22,-15
-49,24,-13
-46,28,-16
-46,32,-23
-50,33,-29
-50,32,-31
-50,31,-30
-46,29,-28
-46,25,-28
-51,20,-26
-51,15,-25
-53,10,-28
-53,6,-27
-54,-1,-27
-53,-4,-25
-57,-10,-22
-71,-14,-23
-65,-12,-22
-59,-13,-24
-65,-12,-23
-45,-14,-16
-44,-13,-15
-62,-12,-28
-74,-13,-32
-67,-20,-22
-66,-22,-14
-75,-27,0
-71,-30,2
-50,-29,15
-64,-28,11
-62,-30,6
-39,-27,11
-45,-19,4
-74,-8,3
-67,-7,1
-66,-5,20
-71,-2,21
-59,2,28
-58,0,35
-54,-5,43
-51,-9,46
-47,-9,47
-51,-16,37
-58,-17,34
-63,-12,30
-60,-15,24
-60,-14,24
-54,-11,32
-67,-15,15
-56,-15,27
-53,-11,32
-61,-12,26
-49,-10,34
-57,-9,29
-59,-8,27
-57,-5,30
-55,-5,33
-60,-4,34
-58,-5,30
-56,-4,32
-57,-4,33
-56,-3,32
-57,-4,31
-56,-4,31
-57,-4,32
-55,-4,31
-57,-4,32
-57,-4,31
-55,-4,31
-56,-4,31
-56,-4,31
-57,-4,30
-57,-4,31
-58,-5,32
-54,-7,33
-54,-10,29
-56,-13,28
-53,-18,28
-56,-22,27
-63,-22,23
-66,-22,24
-60,-30,26
-57,-31,25
-61,-26,26
-64,-29,26
-60,-34,17
-60,-31,12
-62,-30,16
-59,-28,20
-47,-22,18
-55,-18,13
-63,-15,12
-52,-14,14
-42,-13,15
-54,-9,9
-61,-7,6
-47,-2,8
-48,1,8
-58,10,8
-57,19,9
-65,32,15
-74,29,17
-77,22,23
-72,19,24
-68,13,32
-62,1,35
-67,-1,35
-55,1,45
-55,-4,45
-44,-15,43
-42,-16,44
-32,-14,49
-29,-14,51
-30,-17,51
-39,-26,57
-34,-20,64
-37,-17,50
-32,-17,47
-39,-16,55
-45,-16,53
-43,-13,47
-45,-16,45
-38,-21,47
-33,-19,50
-39,-16,52
-38,-15,51
-39,-13,49
-40,-13,49
-41,-14,48
-37,-14,50
-37,-14,50
-40,-13,48
-40,-12,49
-39,-12,49
-37,-12,50
-41,-11,49
-45,-11,46
-44,-9,46
-45,-8,46
-36,-8,52
-38,-8,51
-38,-9,51
-36,-11,52
-35,-12,52
-35,-12,52
-37,-12,51
-38,-13,50
-38,-13,50
-35,-12,51
-37,-13,51
-38,-12,50
-38,-12,51
-38,-13,49
-38,-13,49
-38,-14,50
-34,-14,53
-34,-14,52
-38,-14,50
-38,-14,49
-36,-14,51
-36,-14,51
-37,-14,50
-36,-13,51
-40,-14,48
-39,-14,49
-37,-15,50
-37,-15,50
-38,-14,50
-38,-14,50
-37,-14,51
-38,-14,50
-38,-15,49
-37,-14,50
-37,-15,51
-38,-14,49
-39,-14,49
-39,-14,49
-38,-14,50
-38,-13,50
-39,-13,49
-39,-13,49
-38,-13,50
-39,-13,49
-39,-13,49
-39,-14,49
-39,-13,49
-39,-13,49
-39,-13,49
-39,-13,49
-40,-13,50
-38,-13,50
-39,-13,49
-38,-13,50
-39,-13,49
-38,-13,50
-39,-13,50
-38,-13,50
-38,-12,50
-38,-13,50
-38,-13,50
-38,-13,50
-38,-13,50
-37,-13,51
-38,-13,50
-37,-13,50
-37,-13,51
-39,-13,50
-40,-14,49
-38,-13,50
-37,-14,51
-37,-14,50
-38,-14,50
-37,-13,50
-37,-12,51
-37,-13,51
-36,-12,51
-35,-10,52
-34,-9,54
-35,-9,53
-36,-10,52
-34,-9,53
-35,-9,53
-36,-10,52
-36,-11,52
-37,-12,51
-36,-12,52
-36,-11,52
-37,-11,52
-35,-11,53
-34,-12,53
-37,-12,51
-36,-12,52
-37,-12,52
-37,-12,52
-36,-13,52
-35,-13,52
-35,-14,51
-38,-13,51
-37,-14,49
-37,-12,51
-36,-13,51
-37,-13,50
-37,-13,51
-36,-13,51
-36,-13,51
-36,-13,51
-37,-12,51
-37,-12,51
-37,-12,52
-37,-11,51
-37,-12,51
-36,-12,51
-36,-12,51
-37,-11,51
-37,-12,51
-37,-12,51
-37,-13,51
-37,-12,51
-37,-12,51
-37,-12,51
-37,-12,51
-37,-12,51
-37,-11,51
-37,-12,51
-37,-11,51
-37,-11,51
-36,-12,51
-38,-10,51
-39,-10,51
-40,-6,51
-40,-7,52
-37,-8,53
-34,-11,51
-34,-10,51
-30,-11,54
-30,-12,55
-30,-13,54
-30,-13,54
-35,-16,52
-37,-16,51
-40,-16,49
-38,-16,49
-33,-17,52
-35,-18,51
-35,-17,51
-35,-15,52
-36,-15,51
-36,-15,51
-39,-15,49
-35,-15,51
-36,-15,51
-36,-15,51
-37,-16,50
-34,-15,52
-35,-15,51
-37,-16,50
-34,-15,52
-34,-15,51
-37,-15,51
-38,-15,50
-35,-15,51
-36,-15,51
-36,-15,51
-36,-15,51
-36,-15,51
-36,-15,51
-36,-14,51
-36,-14,51
-36,-15,51
-36,-15,51
-36,-15,51
-36,-15,51
-37,-15,51
-36,-15,51
-36,-15,51
-36,-14,51
-36,-14,51
-36,-15,51
-37,-15,51
-36,-15,51
-37,-15,51
-37,-15,51
-36,-15,51
-37,-15,51
-36,-15,51
-36,-14,51
-36,-14,51
-35,-14,51
-40,-15,49
-37,-15,50
-35,-16,51
-36,-16,51
-37,-15,50
-36,-15,50
-37,-15,51
-37,-15,50
-37,-16,50
-36,-16,50
-37,-15,50
-36,-15,50
-36,-15,50
-37,-15,50
-37,-15,50
-37,-15,51
-37,-15,50
-36,-15,51
-37,-15,50
-37,-15,51
-36,-15,51
-36,-15,51
-37,-15,51
-37,-15,51
-36,-15,50
-37,-15,51
-37,-15,50
-37,-15,51
-36,-15,51
-36,-15,51
-36,-15,51
-36,-15,51
-37,-15,50
-37,-15,50
-37,-15,50
-36,-15,51
-37,-15,50
-37,-15,50
-36,-15,51
-37,-15,50
-37,-15,50
-37,-15,51
-38,-14,50
-37,-14,50
-37,-14,50
-37,-14,51
-38,-14,50
-37,-14,50
-37,-14,51
-37,-14,51
-36,-14,51
-36,-14,51
-36,-15,51
-36,-15,50
-37,-14,51
-36,-13,51
-37,-13,51
-36,-13,52
-36,-12,52
-37,-13,51
-37,-13,51
-36,-13,51
-36,-13,51
-37,-13,51
-37,-13,51
-37,-14,51
-37,-14,51
-37,-14,50
-37,-13,51
-37,-13,51
-37,-14,51
-37,-14,51
-37,-14,51
-37,-14,51
-37,-14,51
-37,-14,50
-36,-14,50
-37,-14,50
-36,-14,52
-37,-13,51
-37,-14,50
-38,-14,50
-37,-14,50
-37,-14,50
-37,-14,50
-37,-14,51
-37,-14,50
-37,-14,50
-37,-14,50
-37,-14,50
-38,-14,50
-37,-14,50
-37,-14,50
-37,-14,50
-37,-14,51
-37,-14,51
-38,-12,51
-37,-13,51
-38,-14,50
-39,-15,49
-37,-14,51
-36,-14,51
-37,-14,50
-38,-15,50
-39,-16,48
-38,-17,49
-37,-17,50
-38,-18,49
-36,-19,49
-35,-19,49
-35,-19,50
-33,-17,53
-34,-16,52
-36,-15,51
-37,-14,51
-36,-14,51
-36,-14,51
-35,-15,52
-36,-15,51
-36,-15,51
-35,-15,52
-36,-15,51
-35,-15,51
-36,-15,51
-36,-15,51
-35,-15,51
-36,-15,51
-36,-15,51
-36,-15,51
-36,-15,51
-36,-15,51
-36,-15,51
-36,-15,51
-36,-15,51
-36,-15,51
-37,-15,50
-37,-15,51
-36,-15,51
-37,-15,50
-36,-15,51
-36,-15,51
-37,-15,51
-37,-15,51
-37,-15,51
-36,-15,51
-37,-15,51
-37,-15,51
-37,-15,51
-37,-15,50
-37,-15,50
-37,-15,51
-37,-15,51
-38,-16,50
-38,-16,49
-37,-16,50
-37,-15,50
-37,-16,50
-37,-15,50
-37,-16,50
-37,-16,50
-37,-16,50
-37,-16,50
-37,-16,50
-37,-16,50
-37,-16,50
-37,-16,50
-37,-16,50
-37,-16,50
-37,-16,50
-37,-16,50
-37,-16,50
-37,-16,50
-37,-16,50
-38,-16,49
-37,-16,50
-37,-16,50
-37,-16,50
-37,-16,50
-37,-16,50
-37,-15,50
-37,-16,50
-37,-15,50
-37,-16,50
-37,-16,50
-37,-16,50
-37,-15,50
-37,-15,50
-37,-15,50
-37,-15,50
-37,-15,50
-37,-15,50
-37,-15,50
-37,-15,50
-37,-15,50
-37,-15,50
-37,-15,50
-37,-15,50
-37,-15,50
-37,-15,50
-37,-15,50
-38,-15,50
-37,-15,50
-37,-15,50
-37,-15,50
-37,-15,50
-37,-15,50
-37,-15,50
-37,-15,50
-37,-15,50
-37,-15,50
-37,-15,50
-37,-15,50
-37,-15,50
-37,-15,50
-37,-15,50
-37,-15,50
-37,-15,50
-37,-15,50
-38,-15,50
-37,-15,50
-37,-15,50
-38,-15,50
-37,-15,50
-37,-15,50
-37,-15,50
-37,-15,50
-37,-15,50
-37,-14,50
-37,-15,50
-37,-15,50
-37,-15,50
-37,-15,50
-37,-15,51
-37,-15,50
-37,-15,50
-38,-15,50
-37,-15,50
-37,-15,50
-38,-15,50
-37,-15,50
-37,-15,50
-37,-15,50
-37,-15,50
-38,-15,50
-38,-15,50
-38,-15,50
-38,-15,50
-37,-15,50
-38,-15,50
-38,-15,49
-38,-15,50
-38,-15,49
-38,-15,50
-37,-15,50
-38,-15,50
-38,-15,50
-38,-15,50
-38,-15,50
-38,-15,50
-38,-15,50
-38,-15,49
-38,-15,49
-38,-15,50
-38,-15,49
-38,-16,49
-38,-15,50
-38,-15,49
-38,-15,50
-37,-15,50
-38,-15,50
-37,-15,50
-38,-15,49
-38,-15,49
-38,-15,50
-38,-15,50
-38,-15,50
-38,-15,50
-38,-15,49
-38,-15,50
-37,-15,50
-38,-15,50
-37,-15,50
-37,-15,50
-38,-15,50
-37,-15,50
-38,-15,50
-38,-15,50
-38,-15,50
-38,-15,50
-37,-15,50
-37,-15,50
-38,-15,50
-38,-15,50
-38,-15,50
-38,-15,50
-38,-14,50
-38,-14,50
-38,-14,50
-38,-14,50
-39,-15,49
-38,-14,49
-38,-15,49
-38,-14,49
-38,-14,49
-39,-14,49
-39,-15,49
-38,-15,49
-38,-15,50
-38,-16,50
-39,-15,49
-40,-14,49
-36,-17,52
-37,-18,52
-51,-19,47
-57,-19,57
-81,-16,47
-75,-6,46
-67,7,40
-62,13,39
-53,19,37
-52,18,37
-49,15,34
-46,13,37
-41,13,41
-35,11,43
-30,10,42
-32,8,41
-33,8,43
-27,7,38
-34,4,28
-63,-2,27
-56,-4,32
-35,-7,35
-39,-13,37
-57,-21,32
-50,-31,31
-52,-34,31
-64,-35,17
-52,-40,27
-51,-37,26
-48,-37,24
-55,-30,32
-58,-26,29
-50,-25,27
-52,-25,23
-57,-23,27
-57,-21,25
-55,-21,24
-62,-19,11
-63,-17,15
-55,-18,26
-60,-13,27
-64,-11,30
-58,-10,31
-56,-9,27
-58,-9,27
-59,-9,30
-59,-9,29
-56,-10,29
-57,-10,28
-59,-10,28
-59,-9,30
-60,-10,28
-56,-9,27
-59,-10,27
-55,-8,29
-57,-11,26
-57,-11,25
-57,-11,25
-58,-11,27
-56,-10,28
-58,-10,27
-57,-11,27
-57,-11,28
-58,-11,29
-58,-11,28
-57,-12,27
-56,-11,28
-57,-11,27
-57,-11,27
-58,-11,28
-57,-11,28
-59,-11,28
-60,-11,29
-55,-14,31
-55,-16,27
-57,-18,29
-45,-23,27
-50,-27,22
-54,-39,19
-55,-38,15
-56,-35,11
-57,-37,8
-67,-32,7
-65,-35,9
-56,-34,4
-66,-31,2
-73,-24,1
-75,-17,-5
-70,-14,-3
-60,-3,-1
-53,-1,-1
-51,-1,-1
-54,1,-1
-59,0,-6
-56,1,-8
-49,6,4
-53,17,7
-57,33,13
-67,24,17
-71,10,27
-64,11,39
-59,8,41
-61,-4,42
-59,-10,46
-55,-6,48
-49,-5,47
-41,-6,47
-39,-9,48
-42,-16,40
-42,-15,41
-35,-33,61
-46,-19,82
-27,-7,50
-49,-19,48
-44,-16,47
-38,-14,49
-37,-15,50
-38,-16,49
-37,-16,50
-35,-15,53
-33,-14,53
-44,-15,43
-51,-17,38
-49,-19,39
-45,-18,43
-42,-17,45
-44,-17,43
-44,-17,44
-42,-17,46
-42,-17,46
-41,-16,47
-41,-17,46
-40,-16,47
-40,-16,47
-41,-16,47
-41,-16,47
-40,-16,47
-40,-15,48
-40,-15,48
-42,-15,46
-43,-14,46
-43,-12,46
-44,-13,46
-38,-15,50
-37,-15,50
-39,-15,48
-39,-15,48
-39,-16,48
-38,-17,48
-39,-17,48
-38,-16,49
-38,-16,49
-36,-16,51
-35,-15,51
-36,-15,51
-38,-15,50
-38,-14,50
-36,-14,51
-38,-15,50
-36,-15,50
-35,-14,52
-37,-14,50
-38,-15,50
-35,-14,52
-35,-14,51
-38,-15,49
-37,-15,50
-35,-14,52
-36,-15,51
-39,-15,49
-38,-15,50
-37,-15,51
-37,-15,50
-38,-14,50
-37,-14,50
-37,-14,50
-37,-14,51
-38,-14,50
-37,-14,50
-37,-14,50
-38,-14,50
-37,-14,50
-37,-14,50
-37,-14,50
-37,-14,50
-37,-14,50
-37,-14,50
-37,-14,51
-38,-14,50
-37,-14,50
-37,-14,50
-38,-14,50
-37,-14,51
-38,-14,50
-38,-14,50
-37,-14,50
-38,-14,50
-38,-15,49
-38,-15,50
-38,-15,50
-38,-15,49
-39,-15,49
-38,-15,49
-38,-15,50
-40,-15,48
-39,-15,49
-38,-15,49
-38,-15,49
-39,-15,49
-39,-15,49
-38,-15,49
-39,-15,49
-39,-15,49
-39,-15,48
-39,-15,49
-39,-15,49
-38,-15,49
-37,-15,50
-38,-15,49
-40,-14,48
-39,-15,49
-39,-15,49
-37,-14,50
-39,-14,49
-39,-14,49
-38,-14,50
-38,-14,50
-39,-14,49
-39,-14,48
-39,-15,48
-38,-14,50
-39,-15,49
-39,-14,49
-39,-14,49
-39,-14,49
-39,-14,49
-39,-15,49
-39,-15,49
-39,-14,49
-39,-15,49
-39,-14,48
-39,-14,49
-39,-15,49
-39,-14,48
-39,-14,49
-39,-14,49
-39,-14,49
-39,-14,49
-39,-14,49
-39,-14,49
-39,-14,49
-39,-15,49
-39,-14,49
-39,-15,49
-39,-15,49
-39,-15,49
-39,-15,49
-39,-15,49
-39,-15,49
-39,-15,49
-39,-15,49
-39,-15,49
-39,-15,49
-39,-15,49
-39,-15,49
-39,-15,49
-39,-15,49
-39,-15,49
-39,-15,49
-39,-15,49
-39,-15,49
-39,-15,49
-39,-15,49
-39,-15,49
-39,-15,49
-39,-15,49
-39,-15,49
-39,-15,49
-39,-15,49
-39,-15,49
-39,-15,49
-39,-15,49
-38,-15,49
-39,-15,49
-39,-15,48
-39,-15,49
-39,-15,48
-39,-15,49
-39,-15,49
-39,-15,49
-39,-15,49
-39,-15,49
-39,-15,49
-39,-15,49
-39,-15,49
-38,-15,49
-40,-15,48
-41,-16,47
-40,-16,48
-39,-16,48
-40,-16,47
-40,-16,47
-40,-16,47
-40,-16,47
-40,-16,48
-40,-15,48
-39,-15,48
-41,-16,47
-39,-16,48
-39,-16,48
-39,-16,49
-38,-16,48
-38,-17,49
-38,-17,49
-38,-17,48
-38,-17,49
-38,-16,49
-38,-18,48
-38,-18,48
-37,-17,49
-37,-17,50
-37,-18,49
-37,-17,49
-35,-18,50
-35,-18,51
-35,-18,50
-35,-18,51
-33,-18,51
-33,-19,52
-33,-20,51
-33,-19,51
-34,-18,51
-36,-18,50
-37,-18,50
-35,-18,50
-35,-18,50
-35,-18,51
-36,-18,50
-34,-17,51
-35,-17,51
-35,-17,52
-35,-17,51
-35,-17,52
-35,-19,51
-35,-18,49
-34,-18,51
-34,-18,50
-35,-20,50
-35,-20,49
-35,-20,49
-35,-20,50
-36,-20,50
-35,-19,50
-37,-19,49
-38,-20,48
-38,-19,48
-36,-20,48
-37,-20,48
-39,-20,48
-39,-20,47
-37,-20,48
-37,-20,48
-39,-20,47
-39,-20,47
-39,-19,47
-39,-20,47
-38,-19,48
-39,-19,47
-39,-20,47
-39,-19,48
-39,-19,47
-39,-18,47
-39,-18,48
-39,-18,48
-40,-18,48
-40,-19,47
-39,-18,48
-39,-19,47
-39,-18,47
-39,-18,47
-39,-18,48
-40,-17,48
-39,-17,48
-39,-17,48
-39,-17,49
-38,-17,49
-38,-18,49
-38,-18,48
-37,-18,49
-37,-18,49
-38,-18,48
-38,-17,48
-40,-17,49
-41,-10,50
-36,-17,52
-34,-24,50
-39,-21,48
-41,-22,45
-40,-24,43
-38,-24,46
-37,-23,47
-38,-22,46
-38,-21,47
-37,-19,49
-37,-18,49
-37,-18,49
-38,-18,49
-38,-18,48
-41,-18,47
-41,-18,47
-40,-18,46
-40,-18,47
-40,-17,48
-41,-17,46
-41,-15,47
-41,-16,47
-42,-17,46
-42,-18,45
-43,-19,45
-43,-19,44
-43,-18,44
-43,-18,44
-43,-17,44
-43,-16,45
-43,-16,45
-43,-16,45
-43,-16,45
-43,-17,45
-43,-17,45
-43,-17,45
-43,-17,44
-43,-17,45
-43,-17,45
-43,-17,44
-43,-17,45
-43,-17,45
-43,-17,45
-43,-17,45
-43,-17,45
-43,-17,45
-43,-16,45
-42,-16,45
-44,-16,45
-43,-18,44
-43,-18,44
-43,-18,45
-43,-17,45
-43,-18,44
-43,-18,44
-43,-18,45
-43,-18,45
-43,-18,45
-43,-18,44
-43,-18,45
-43,-18,45
-43,-17,45
-43,-17,45
-43,-17,45
-43,-17,45
-43,-17,45
-43,-17,45
-43,-17,45
-43,-17,45
-43,-17,45
-43,-17,45
-43,-17,45
-43,-17,45
-43,-17,45
-43,-17,45
-43,-17,45
-43,-17,44
-43,-17,45
-43,-17,45
-43,-17,45
-43,-17,45
-43,-17,45
-43,-17,45
-43,-17,45
-43,-17,45
-43,-17,45
-41,-19,44
-44,-14,46
-44,-16,44
-43,-16,45
-43,-16,45
-44,-17,44
-43,-17,44
-43,-17,44
-44,-17,44
-44,-17,44
-44,-17,44
-44,-17,44
-43,-16,45
-44,-17,44
-44,-16,44
-44,-17,44
-44,-17,44
-44,-17,44
-44,-17,44
-44,-17,44
-44,-17,44
-44,-17,44
-44,-17,44
-44,-17,44
-44,-17,43
-44,-17,44
-44,-17,44
-44,-17,43
-44,-17,44
-44,-17,44
-45,-17,43
-45,-17,43
-44,-17,44
-44,-17,44
-46,-18,43
-42,-18,45
-42,-18,45
-45,-18,43
-39,-19,47
-32,-20,51
-29,-21,55
-31,-21,52
-29,-22,52
-27,-23,53
-28,-23,52
-31,-21,52
-29,-21,53
-30,-21,53
-30,-22,52
-30,-21,52
-30,-21,53
-29,-21,53
-28,-20,53
-31,-20,53
-30,-21,53
-30,-20,53
-30,-20,53
-30,-20,53
-32,-20,53
-31,-20,52
-30,-20,53
-30,-20,53
-30,-20,53
-32,-20,52
-30,-20,52
-31,-20,52
-32,-19,52
-32,-19,52
-32,-19,52
-31,-19,52
-32,-19,52
-31,-19,52
-32,-20,52
-31,-19,52
-31,-19,52
-32,-19,52
-32,-19,52
-32,-19,52
-32,-19,52
-31,-19,52
-32,-19,52
-32,-19,52
-32,-19,52
-31,-19,52
-32,-19,52
-32,-19,52
-32,-19,52
-32,-19,52
-32,-19,52
-32,-19,52
-32,-19,52
-32,-19,52
-32,-19,52
-32,-19,52
-32,-19,52
-32,-19,52
-32,-19,53
-32,-19,52
-32,-19,52
-32,-19,52
-32,-18,52
-32,-19,52
-32,-19,52
-32,-19,52
-32,-19,52
-32,-19,52
-32,-19,52
-32,-19,52
-33,-19,52
-32,-19,52
-32,-19,52
-31,-19,52
-32,-19,52
-32,-19,52
-32,-19,52
-32,-19,52
-32,-19,52
-32,-19,52
-33,-19,52
-33,-19,52
-32,-19,52
-33,-19,52
-33,-19,52
-33,-19,51
-32,-19,52
-32,-19,52
-33,-19,51
-33,-19,52
-33,-20,51
-31,-18,52
-34,-17,51
-37,-18,50
-36,-18,50
-34,-18,52
-36,-18,50
-38,-19,49
-37,-20,49
-36,-19,50
-39,-16,48
-38,-14,48
-43,-15,47
-39,-14,51
-34,-15,53
-35,-17,51
-35,-18,51
-36,-17,50
-36,-18,50
-34,-19,50
-35,-19,51
-34,-18,51
-37,-18,49
-35,-17,51
-36,-17,50
-37,-18,49
-36,-17,51
-35,-18,50
-37,-18,49
-37,-19,49
-36,-19,49
-37,-18,49
-39,-20,47
-39,-20,47
-36,-19,49
-36,-19,49
-40,-19,47
-39,-19,48
-38,-19,48
-39,-19,48
-38,-19,48
-38,-19,48
-37,-19,48
-36,-19,49
-36,-19,49
-40,-19,47
-40,-20,47
-40,-19,46
-41,-19,46
-42,-19,46
-39,-19,47
-39,-19,48
-38,-18,48
-38,-18,49
-39,-17,48
-38,-17,49
-38,-17,49
-36,-17,49
-32,-15,53
-32,-15,53
-35,-15,51
-35,-16,51
-34,-15,52
-33,-16,52
-34,-16,51
-34,-17,52
-34,-16,52
-37,-17,50
-37,-17,50
-35,-17,51
-34,-17,52
-34,-16,52
-35,-17,51
-35,-17,51
-35,-17,51
-35,-17,51
-35,-18,51
-35,-18,51
-35,-17,51
-35,-17,51
-34,-17,51
-33,-18,51
-33,-18,52
-35,-18,51
-34,-18,51
-35,-17,51
-34,-18,51
-34,-18,51
-34,-18,51
-34,-18,51
-34,-18,51
-33,-18,51
-34,-18,51
-34,-18,52
-34,-18,51
-34,-18,51
-34,-19,51
-33,-18,51
-33,-18,52
-34,-18,51
-34,-18,51
-34,-18,51
-33,-18,52
-34,-18,51
-34,-18,52
-34,-17,51
-33,-18,51
-34,-18,52
-34,-18,52
-34,-18,52
-34,-18,52
-33,-17,52
-34,-18,51
-34,-17,51
-34,-17,52
-34,-17,51
-34,-17,52
-33,-17,52
-34,-17,51
-34,-17,52
-34,-17,52
-34,-17,52
-35,-17,51
-34,-17,51
-34,-17,51
-34,-17,51
-35,-17,51
-34,-17,51
-35,-17,51
-36,-17,51
-36,-18,51
-35,-17,51
-35,-17,51
-35,-17,51
-35,-17,51
-35,-17,51
-35,-17,51
-35,-17,51
-35,-17,51
-35,-17,51
-35,-17,51
-35,-17,51
-35,-18,51
-34,-18,51
-33,-18,52
-33,-18,52
-34,-18,51
-36,-17,50
-37,-16,50
-40,-14,49
-41,-15,48
-39,-15,49
-38,-15,49
-38,-16,49
-39,-15,48
-39,-15,49
-38,-15,49
-39,-16,49
-39,-16,49
-39,-15,49
-38,-16,49
-38,-16,49
-38,-15,49
-40,-16,48
-39,-16,49
-38,-16,49
-39,-16,49
-39,-16,49
-39,-16,49
-39,-16,49
-38,-16,48
-39,-16,49
-39,-16,49
-38,-16,49
-39,-16,49
-39,-16,49
-38,-16,49
-39,-16,49
-39,-16,49
-38,-16,49
-39,-16,49
-39,-16,49
-39,-16,49
-38,-16,49
-38,-16,49
-39,-16,49
-39,-16,49
-38,-16,49
-38,-16,49
-39,-16,49
-38,-15,49
-38,-16,49
-38,-16,49
-38,-16,49
-38,-16,49
-38,-16,49
-38,-16,49
-38,-16,49
-38,-15,49
-38,-15,50
-37,-15,49
-38,-15,49
-38,-15,50
-37,-15,50
-38,-15,49
-37,-15,50
-38,-15,50
-39,-15,50
-40,-15,48
-36,-14,51
-37,-14,50
-40,-14,48
-40,-13,48
-40,-14,48
-37,-20,50
-35,-17,49
-37,-17,50
-41,-17,47
-40,-18,47
-35,-18,51
-31,-18,51
-31,-17,53
-34,-17,51
-37,-17,50
-37,-17,50
-33,-17,52
-36,-17,50
-33,-17,52
-33,-17,52
-36,-18,51
-34,-18,51
-34,-17,51
-35,-18,51
-34,-18,51
-34,-17,51
-34,-17,51
-34,-17,51
-35,-17,51
-36,-16,51
-37,-16,51
-36,-18,51
-38,-18,49
-37,-15,49
-38,-12,50
-38,-12,50
-36,-13,51
-37,-14,50
-36,-15,51
-36,-15,51
-37,-17,50
-37,-16,50
-37,-15,51
-36,-16,51
-36,-16,50
-35,-15,51
-36,-16,50
-37,-16,50
-37,-17,50
-35,-17,51
-36,-17,50
-37,-17,50
-36,-18,50
-37,-18,50
-37,-18,49
-35,-17,51
-36,-16,51
-36,-16,51
-37,-16,51
-36,-16,51
-37,-16,50
-37,-17,50
-37,-17,50
-37,-17,50
-36,-16,52
-35,-16,51
-33,-17,52
-32,-16,53
-33,-15,52
-35,-15,52
-35,-17,51
-36,-17,50
-35,-18,51
-35,-17,50
-35,-17,51
-34,-17,51
-35,-17,50
-36,-17,50
-36,-17,50
-34,-18,51
-37,-18,50
-37,-17,50
-36,-18,50
-37,-18,50
-35,-18,50
-34,-18,50
-34,-18,51
-37,-17,50
-37,-17,49
-36,-17,50
-35,-17,50
-37,-17,50
-37,-17,50
-37,-17,50
-37,-17,50
-36,-17,50
-37,-17,50
-36,-17,50
-35,-17,51
-37,-18,49
-38,-17,49
-35,-18,50
-35,-18,50
-39,-18,48
-38,-18,49
-36,-19,49
-36,-19,49
-38,-19,48
-38,-19,48
-36,-19,49
-38,-19,48
-38,-19,48
-37,-19,48
-37,-19,48
-38,-19,48
-38,-19,48
-38,-19,49
-37,-19,48
-38,-19,48
-38,-19,48
-38,-19,48
-38,-19,48
-38,-19,48
-38,-19,48
-38,-19,48
-38,-19,48
-38,-19,48
-38,-18,48
-38,-19,48
-38,-19,48
-38,-19,48
-38,-19,49
-37,-19,48
-38,-17,48
-40,-18,47
-39,-18,48
-38,-18,48
-38,-18,48
-38,-18,48
-39,-18,48
-38,-18,48
-38,-18,48
-38,-18,48
-38,-18,48
-38,-18,48
-38,-18,48
-38,-18,48
-38,-18,48
-38,-18,48
-38,-18,49
-38,-18,48
-38,-18,48
-38,-17,48
-38,-18,49
-38,-17,49
-38,-17,48
-38,-17,48
-38,-17,48
-38,-17,48
-38,-17,48
-38,-18,48
-38,-17,49
-39,-17,48
-39,-17,48
-38,-17,48
-38,-17,48
-39,-17,48
-37,-17,49
-35,-18,50
-38,-17,49
-40,-17,48
-38,-16,49
-38,-16,48
-40,-17,48
-39,-17,48
-38,-17,49
-38,-17,49
-38,-17,49
-39,-17,48
-40,-15,47
-41,-15,47
-41,-15,47
-38,-15,50
-38,-15,49
-39,-16,49
-39,-16,48
-39,-17,48
-38,-17,49
-38,-16,49
-38,-17,49
-38,-17,49
-37,-18,49
-37,-17,49
-37,-17,49
-37,-18,49
-36,-17,50
-35,-17,51
-38,-17,49
-37,-17,49
-37,-17,49
-36,-17,51
-35,-16,50
-36,-17,50
-36,-17,50
-35,-16,50
-37,-16,50
-36,-16,50
-36,-16,50
-36,-16,50
-35,-16,51
-36,-16,50
-37,-16,50
-37,-16,50
-37,-16,50
-37,-16,50
-37,-16,50
-36,-16,50
-37,-16,50
-37,-16,50
-37,-16,50
-37,-16,50
-37,-16,50
-37,-16,50
-37,-16,50
-37,-16,50
-37,-16,50
-37,-16,50
-37,-16,50
-37,-16,50
-37,-16,50
-37,-16,50
-37,-16,50
-37,-16,50
-37,-16,50
-37,-16,50
-37,-16,50
-37,-16,50
-37,-16,50
-37,-16,50
-37,-16,50
-37,-16,50
-37,-16,50
-37,-16,50
-37,-16,50
-37,-16,50
-37,-16,50
-37,-16,50
-37,-16,50
-37,-16,50
-37,-16,50
-37,-16,50
-37,-16,50
-37,-16,50
-37,-16,50
-38,-16,50
-37,-16,50
-37,-16,50
-38,-16,50
-37,-16,50
-37,-16,50
-37,-16,50
-37,-15,50
-37,-16,50
-37,-16,50
-37,-16,50
-38,-16,50
-38,-16,50
-37,-16,50
-37,-16,50
-36,-16,50
-37,-16,50
-34,-15,51
-37,-15,50
-40,-14,48
-39,-12,49
-36,-12,50
-44,-13,46
-41,-13,48
-37,-13,52
-35,-14,51
-33,-15,52
-38,-18,49
-38,-17,49
-37,-16,49
-40,-19,49
-35,-18,52
-30,-16,53
-37,-16,50
-37,-14,50
-39,-14,50
-36,-14,51
-35,-14,52
-33,-13,52
-35,-13,52
-42,-13,49
-38,-13,51
-37,-14,50
-39,-15,50
-36,-14,51
-33,-14,52
-38,-15,49
-36,-14,51
-35,-15,51
-39,-16,49
-38,-16,49
-36,-15,51
-36,-15,51
-38,-15,50
-35,-14,51
-37,-15,50
-38,-15,49
-37,-15,51
-37,-15,51
-37,-15,51
-39,-15,49
-36,-15,50
-37,-15,50
-38,-15,49
-38,-15,49
-36,-15,51
-36,-15,50
-38,-15,49
-37,-15,50
-37,-15,50
-37,-15,50
-37,-15,50
-37,-15,50
-37,-15,50
-38,-15,50
-37,-15,50
-37,-15,50
-37,-15,50
-37,-15,50
-37,-15,50
-37,-15,50
-37,-15,50
-37,-15,50
-37,-15,50
-37,-15,50
-37,-15,50
-37,-15,50
-37,-15,50
-37,-15,51
-37,-15,50
-37,-15,50
-37,-15,50
-37,-15,50
-38,-15,50
-37,-15,50
-37,-15,50
-37,-15,50
-37,-15,50
-37,-15,50
-37,-15,50
-37,-15,50
-37,-15,50
-37,-15,50
-37,-15,50
-37,-15,50
-37,-15,50
-37,-15,50
-37,-15,50
-37,-15,50
-37,-15,51
-37,-15,50
-37,-15,50
-37,-15,51
-37,-15,50
-37,-15,50
-37,-15,50
-37,-16,50
-37,-15,50
-37,-16,50
-37,-15,50
-37,-16,50
-37,-15,50
-37,-15,50
-37,-15,50
-37,-15,50
-37,-16,50
-37,-16,50
-37,-16,50
-37,-16,50
-37,-16,50
-37,-15,50
-37,-15,50
-37,-15,50
-37,-16,50
-37,-16,50
-37,-16,50
-37,-16,50
-37,-16,50
-37,-16,50
-37,-16,50
-37,-16,50
-37,-16,50
-37,-16,51
-37,-16,50
-37,-15,50
-37,-16,50
-37,-15,50
-37,-15,50
-37,-15,50
-37,-15,50
-37,-15,50
-37,-15,50
-37,-16,50
-37,-16,50
-36,-15,51
-38,-15,50
-38,-16,49
-40,-14,51
-37,-15,52
-38,-15,50
-33,-16,52
-29,-15,54
-33,-16,52
-33,-15,52
-35,-16,51
-36,-16,50
-34,-16,52
-29,-16,54
-30,-15,54
-36,-16,51
-35,-16,51
-33,-15,52
-34,-16,52
-34,-15,52
-34,-15,52
-35,-15,51
-35,-16,51
-34,-15,52
-35,-15,52
-34,-17,52
-34,-17,51
-34,-16,52
-33,-16,52
-33,-16,52
-35,-16,51
-35,-16,51
-34,-16,52
-34,-16,52
-34,-16,52
-34,-16,52
-35,-16,52
-34,-16,52
-35,-16,52
-34,-16,52
-35,-16,52
-34,-16,52
-35,-16,52
-34,-16,52
-35,-16,52
-35,-16,52
-34,-16,52
-34,-16,52
-34,-16,52
-35,-16,51
-35,-16,52
-35,-16,52
-34,-16,52
-36,-15,51
-37,-15,51
-34,-14,52
-34,-13,53
-35,-14,52
-35,-13,52
-34,-14,52
-35,-14,52
-35,-14,52
-35,-15,52
-35,-15,51
-35,-15,52
-35,-15,52
-35,-15,51
-35,-15,51
-35,-15,52
-35,-15,52
-35,-15,52
-35,-15,51
-35,-15,52
-35,-15,52
-35,-15,52
-35,-15,51
-35,-15,51
-35,-15,51
-35,-15,51
-35,-15,51
-35,-15,51
-36,-15,51
-35,-15,51
-36,-15,51
-35,-15,51
-35,-15,51
-35,-15,51
-35,-15,52
-35,-15,51
-35,-15,52
-36,-15,51
-35,-15,52
-36,-15,51
-35,-15,51
-36,-15,51
-36,-15,51
-36,-15,51
-37,-15,51
-36,-15,51
-37,-15,50
-37,-15,51
-36,-15,51
-38,-15,50
-35,-16,51
-35,-16,51
-36,-16,51
-37,-16,50
-36,-16,51
-35,-16,51
-35,-16,51
-38,-16,49
-37,-16,50
-35,-16,51
-35,-16,51
-34,-16,51
-37,-16,50
-38,-16,49
-38,-16,50
-35,-17,51
-37,-17,50
-36,-17,50
-34,-16,51
-37,-18,49
-36,-18,50
-37,-18,50
-38,-18,49
-37,-19,49
-37,-19,49
-36,-18,50
-36,-18,50
-35,-19,50
-36,-19,50
-36,-19,50
-35,-19,51
-34,-20,50
-33,-20,51
-34,-20,50
-33,-20,51
-33,-20,51
-33,-19,51
-34,-19,51
-34,-20,51
-34,-19,51
-34,-19,51
-34,-20,51
-35,-19,50
-34,-20,50
-34,-19,51
-34,-19,51
-35,-19,51
-34,-19,51
-34,-19,51
-35,-19,51
-34,-19,51
-35,-19,51
-34,-19,51
-35,-19,51
-35,-19,50
-35,-18,50
-35,-18,51
-35,-18,51
-35,-19,50
-35,-18,50
-35,-18,50
-35,-18,50
-36,-18,50
-35,-18,50
-35,-18,50
-35,-18,50
-35,-18,50
-35,-18,50
-35,-18,50
-35,-18,50
-36,-18,50
-35,-18,50
-35,-18,50
-36,-18,50
-36,-18,50
-36,-18,50
-36,-18,50
-35,-19,50
-35,-18,50
-36,-19,49
-35,-18,50
-36,-18,50
-36,-18,50
-36,-18,50
-36,-18,50
-35,-18,50
-36,-18,50
-36,-18,50
-36,-18,50
-36,-18,50
-36,-18,50
-36,-18,50
-36,-18,50
-36,-18,50
-36,-18,50
-36,-18,50
-35,-18,50
-36,-18,50
-35,-18,50
-36,-18,50
-36,-17,50
-36,-17,50
-36,-17,50
-36,-17,50
-36,-17,51
-36,-17,50
-36,-17,50
-36,-17,50
-36,-17,50
-36,-17,50
-36,-17,50
-37,-17,50
-36,-17,50
-36,-17,50
-35,-17,50
-36,-17,51
-36,-17,50
-36,-17,50
-36,-17,50
-36,-17,50
-37,-17,50
-36,-16,50
-36,-17,51
-37,-17,50
-37,-17,50
-37,-17,50
-35,-17,49
-35,-17,51
-37,-18,50
-36,-18,51
-41,-19,49
-44,-27,50
-61,-30,48
-94,-16,44
-79,-7,51
-58,12,44
-45,15,34
-25,17,20
-24,17,30
-24,6,42
-21,2,46
-35,-8,59
-20,-18,63
-13,-16,67
-24,-13,65
-31,-16,63
-28,-19,57
-32,-19,53
-34,-19,48
-31,-19,49
-31,-22,49
-30,-21,53
-27,-21,52
-24,-22,54
-25,-25,57
-30,-22,55
-30,-24,58
-21,-18,59
-17,-21,60
-15,-21,64
-13,-19,62
-8,-18,58
-6,-15,54
-20,-19,59
-20,-18,61
-18,-18,59
-19,-16,60
-20,-16,58
-22,-16,53
-19,-16,57
-22,-19,54
-22,-20,54
-18,-20,56
-20,-20,57
-22,-22,55
-20,-21,56
-20,-20,56
-20,-19,55
-18,-18,54
-17,-19,55
-17,-21,56
-23,-27,59
-18,-27,67
-20,-20,58
-17,-21,57
-11,-23,55
-8,-25,57
-17,-28,54
-15,-30,56
-17,-26,53
-18,-20,52
-26,-14,54
-26,-12,55
-25,-8,58
-29,-11,57
-32,-14,56
-34,-21,58
-28,-15,61
-24,-18,59
-22,-18,57
-19,-19,55
-22,-20,55
-25,-21,56
-25,-19,55
-26,-18,57
-26,-17,56
-24,-18,57
-23,-18,58
-24,-17,57
-26,-17,55
-26,-17,56
-25,-19,55
-24,-18,56
-26,-18,55
-25,-18,55
-24,-18,56
-23,-18,56
-25,-18,56
-25,-18,56
-25,-17,56
-24,-17,56
-24,-18,57
-25,-18,56
-25,-18,57
-25,-18,57
-25,-19,57
-27,-22,57
-29,-23,56
-32,-19,48
-32,-19,48
-31,-15,53
-28,-13,56
-24,-11,58
-24,-11,56
-25,-11,55
-28,-11,55
-29,-11,55
-27,-12,55
-27,-12,56
-29,-12,55
-30,-13,54
-33,-13,55
-34,-12,53
-34,-9,55
-34,-7,53
-36,-7,53
-38,-8,53
-38,-10,53
-37,-11,53
-38,-11,53
-35,-13,52
-34,-15,53
-32,-16,55
-34,-17,53
-31,-17,55
-31,-17,54
-32,-20,51
-25,-20,56
-22,-23,61
-16,-21,63
-15,-19,58
-11,-21,63
-7,-20,61
-8,-20,57
-9,-18,52
-15,-22,57
-14,-21,62
-19,-18,59
-21,-16,56
-26,-15,55
-23,-14,56
-22,-15,56
-19,-15,56
-18,-15,57
-21,-17,56
-23,-18,55
-19,-19,57
-20,-19,57
-22,-19,56
-22,-19,56
-20,-19,58
-20,-18,58
-22,-19,57
-20,-22,64
-24,-19,57
-25,-22,62
-20,-19,61
-13,-19,56
-13,-19,55
-19,-20,55
-25,-20,54
-21,-19,57
-21,-19,57
-21,-17,56
-21,-17,56
-22,-18,55
-20,-21,55
-20,-24,62
-19,-25,63
-20,-23,60
-11,-20,56
-14,-23,57
-28,-19,56
-28,-15,59
-24,-11,50
-19,-13,55
-14,-27,70
-17,-21,64
-14,-14,55
-20,-15,54
-20,-19,56
-18,-20,54
-17,-23,55
-17,-27,56
-17,-29,58
-18,-28,55
-12,-29,59
-11,-23,58
-14,-28,61
-18,-27,62
-21,-25,60
-22,-19,51
-22,-18,47
-29,-16,51
-26,-12,54
-18,-13,54
-4,-24,73
-10,-26,73
-14,-20,55
-12,-22,55
-17,-17,60
-21,-16,60
-24,-12,47
-23,-17,56
-30,-28,65
-15,-20,58
-8,-23,56
-12,-32,58
-6,-31,63
-6,-27,55
-10,-27,51
-19,-27,47
-23,-26,49
-27,-21,51
-29,-18,49
-38,-10,50
-37,-8,51
-45,-8,46
-50,1,45
-54,-1,45
-55,-5,46
-53,-4,48
-48,-7,49
-48,-10,46
-38,-12,50
-34,-15,49
-30,-18,48
-29,-19,48
-39,-35,67
-33,-14,58
-29,-10,53
-29,-18,55
-29,-18,54
-30,-16,54
-34,-16,52
-34,-17,52
-31,-15,54
-35,-15,53
-35,-15,52
-31,-15,53
-33,-16,52
-33,-16,52
-31,-15,54
-33,-15,53
-35,-16,52
-34,-15,53
-32,-15,53
-34,-15,52
-34,-15,52
-34,-16,52
-33,-14,53
-34,-15,53
-34,-15,53
-33,-15,53
-33,-15,53
-33,-15,53
-33,-15,53
-32,-15,53
-32,-15,54
-32,-15,53
-31,-15,53
-31,-15,54
-33,-15,53
-34,-16,52
-33,-15,53
-34,-14,53
-33,-15,53
-33,-15,53
-34,-16,52
-32,-16,53
-35,-18,52
-34,-17,53
-30,-18,53
-31,-18,53
-33,-18,52
-32,-18,53
-32,-17,53
-33,-17,52
-31,-17,53
-30,-16,54
-34,-16,53
-38,-15,51
-33,-15,53
-34,-16,52
-36,-16,51
-32,-16,53
-32,-16,53
-33,-17,52
-34,-17,52
-33,-16,52
-32,-16,53
-34,-16,53
-34,-16,52
-33,-16,52
-33,-16,53
-33,-16,52
-33,-17,52
-33,-17,52
-33,-16,52
-33,-17,52
-33,-17,52
-33,-16,53
-33,-16,53
-33,-17,52
-33,-17,52
-33,-17,52
-33,-17,52
-33,-17,52
-34,-17,52
-33,-17,52
-34,-17,52
-33,-17,52
-33,-17,52
-33,-17,53
-29,-16,54
-27,-17,55
-31,-17,53
-36,-16,51
-41,-15,48
-38,-13,50
-37,-13,51
-37,-14,51
-33,-13,52
-37,-14,51
-34,-13,52
-35,-13,52
-37,-15,51
-40,-15,49
-35,-15,51
-35,-15,51
-37,-15,50
-36,-15,51
-38,-14,50
-36,-15,51
-36,-15,51
-36,-15,51
-37,-16,51
-37,-16,51
-36,-15,50
-35,-16,51
-36,-16,50
-36,-16,51
-36,-16,51
-36,-16,51
-36,-16,50
-37,-16,50
-37,-16,50
-36,-16,51
-36,-16,50
-36,-16,51
-36,-16,51
-36,-16,51
-36,-16,50
-36,-16,51
-37,-16,51
-36,-16,51
-36,-16,51
-36,-16,51
-36,-16,51
-36,-16,51
-37,-16,51
-36,-16,51
-36,-16,51
-36,-16,51
-36,-16,51
-36,-16,51
-36,-16,51
-36,-16,50
-36,-16,51
-35,-16,51
-36,-16,51
-36,-16,51
-35,-16,51
-35,-16,51
-36,-16,51
-36,-16,51
-35,-16,51
-36,-16,51
-36,-16,51
-36,-16,51
-35,-16,51
-36,-16,51
-36,-16,51
-36,-16,51
-36,-16,51
-35,-16,51
-36,-16,50
-36,-16,51
-36,-16,51
-36,-16,51
-36,-16,50
-36,-16,51
-36,-16,51
-36,-16,50
-36,-16,51
-36,-16,50
-35,-16,51
-35,-16,51
-37,-16,51
-36,-16,51
-36,-16,51
-36,-16,51
-36,-16,51
-36,-16,51
-36,-16,50
-36,-16,51
-36,-16,51
-36,-17,51
-36,-17,51
-37,-16,50
-36,-16,50
-36,-16,51
-36,-16,50
-37,-16,50
-36,-16,51
-35,-16,51
-37,-16,50
-37,-16,50
-40,-15,48
-42,-16,48
-37,-16,51
-35,-16,51
-32,-16,52
-30,-16,54
-29,-14,55
-31,-14,54
-30,-14,55
-31,-14,54
-36,-16,51
-35,-15,51
-32,-15,53
-32,-15,53
-30,-15,54
-32,-15,53
-36,-15,52
-36,-14,51
-35,-14,52
-33,-15,53
-34,-15,52
-34,-15,52
-35,-15,52
-35,-15,52
-34,-16,52
-33,-16,53
-35,-14,52
-33,-14,53
-35,-15,51
-34,-15,51
-34,-15,52
-33,-15,52
-35,-15,52
-34,-15,52
-34,-15,52
-34,-15,52
-35,-15,52
-35,-15,52
-34,-15,52
-34,-15,52
-34,-15,52
-35,-15,52
-34,-15,52
-35,-15,52
-34,-15,52
-35,-15,52
-35,-15,52
-34,-15,52
-34,-15,52
-34,-15,52
-35,-15,52
-34,-15,52
-35,-15,52
-35,-15,52
-35,-15,52
-35,-15,52
-35,-15,52
-34,-15,52
-35,-14,52
-35,-14,52
-35,-14,52
-33,-14,53
-32,-12,54
-34,-13,53
-34,-12,53
-33,-13,53
-33,-13,53
-33,-13,53
-34,-13,52
-34,-13,53
-34,-13,52
-34,-14,53
-34,-14,52
-33,-13,53
-34,-13,53
-34,-14,53
-34,-13,52
-35,-13,53
-34,-14,53
-34,-14,52
-34,-13,53
-34,-14,53
-34,-14,52
-35,-13,52
-34,-13,52
-34,-13,53
-35,-13,53
-34,-14,53
-34,-14,53
-34,-14,53
-34,-13,53
-35,-13,53
-35,-13,52
-34,-13,52
-34,-13,52
-35,-13,52
-34,-13,53
-35,-13,52
-34,-13,53
-35,-13,52
-35,-13,52
-35,-13,52
-35,-13,52
-35,-13,52
-35,-13,52
-35,-13,52
-33,-12,53
-33,-12,53
-35,-12,52
-37,-13,51
-38,-15,49
-37,-16,50
-35,-15,52
-36,-16,51
-36,-15,51
-37,-16,50
-36,-16,50
-36,-16,51
-36,-16,51
-35,-17,51
-32,-17,52
-35,-18,50
-36,-19,50
-35,-18,50
-36,-19,50
-35,-19,50
-35,-18,51
-33,-17,52
-35,-17,51
-38,-17,50
-35,-16,51
-35,-17,51
-35,-17,51
-35,-17,50
-34,-17,51
-35,-16,52
-36,-16,50
-36,-17,50
-35,-17,51
-36,-16,51
-37,-16,50
-37,-16,50
-36,-16,51
-35,-16,51
-36,-16,50
-37,-16,50
-36,-16,50
-37,-16,50
-36,-17,51
-36,-16,50
-35,-16,51
-37,-16,50
-37,-17,50
-36,-17,50
-36,-16,50
-37,-16,50
-37,-16,50
-36,-15,50
-36,-16,51
-37,-16,50
-36,-16,50
-37,-16,50
-37,-16,50
-36,-15,50
-37,-15,50
-37,-15,50
-36,-15,51
-37,-15,51
-37,-15,50
-37,-15,50
-37,-15,50
-37,-15,50
-37,-15,50
-38,-15,50
-37,-15,50
-36,-15,51
-36,-14,51
-38,-15,50
-37,-15,50
-37,-15,50
-37,-15,51
-37,-15,50
-37,-15,50
-37,-14,50
-38,-14,51
-36,-14,51
-37,-13,50
-38,-14,50
-37,-14,51
-37,-14,50
-37,-14,50
-37,-14,50
-36,-14,51
-39,-15,49
-41,-16,49
-47,-20,46
-51,-24,46
-56,-21,62
-106,-20,47
-69,2,49
-50,10,44
-27,17,29
-18,15,29
-10,8,39
-21,0,48
-27,-6,56
-29,-20,54
-25,-19,61
-24,-18,64
-24,-22,61
-16,-24,66
-22,-21,64
-29,-18,51
-27,-18,53
-27,-19,56
-28,-19,53
-30,-20,52
-30,-21,53
-28,-21,53
-28,-25,54
-27,-24,55
-24,-23,57
-20,-23,55
-13,-25,64
-15,-24,63
-11,-19,58
-10,-20,59
-13,-19,55
-19,-19,56
-19,-19,60
-15,-18,62
-16,-17,61
-23,-17,58
-24,-17,57
-23,-18,56
-23,-17,56
-22,-16,57
-22,-16,56
-30,-18,54
-26,-19,57
-25,-18,54
-27,-20,52
-24,-20,54
-23,-19,52
-22,-20,53
-23,-26,61
-20,-26,59
-23,-22,57
-19,-19,56
-15,-21,55
-15,-21,55
-25,-21,54
-27,-20,55
-24,-19,55
-21,-21,57
-22,-21,57
-23,-21,56
-22,-21,57
-21,-21,56
-20,-21,56
-17,-23,57
-19,-24,58
-22,-25,57
-23,-26,57
-22,-26,57
-20,-27,57
-12,-22,57
-13,-10,55
-15,-9,55
-19,-13,55
-21,-16,57
-41,-25,50
-45,-29,51
-24,-16,59
-28,-17,54
-24,-11,55
-25,-13,55
-26,-20,53
-31,-24,53
-26,-19,61
-30,-15,54
-25,-11,56
-22,-16,56
-31,-23,53
-27,-17,56
-29,-17,54
-26,-18,56
-25,-16,56
-22,-18,60
-25,-18,56
-28,-15,54
-26,-15,55
-33,-26,57
-30,-21,54
-31,-20,52
-28,-18,54
-27,-16,55
-29,-12,59
-27,-10,59
-24,-10,55
-26,-11,53
-26,-10,59
-24,-10,60
-23,-12,54
-24,-14,56
-28,-17,54
-28,-17,52
-22,-18,55
-21,-18,54
-22,-18,55
-17,-22,56
-16,-25,64
-23,-25,64
-25,-24,62
-19,-19,56
-20,-20,54
-22,-21,57
-26,-18,55
-23,-19,56
-22,-19,55
-21,-19,56
-21,-20,55
-23,-22,55
-22,-20,56
-21,-20,54
-24,-22,59
-22,-22,57
-23,-27,60
-18,-22,55
-20,-23,55
-26,-17,57
-26,-15,59
-26,-12,52
-21,-16,53
-17,-29,68
-22,-23,62
-17,-17,56
-20,-15,55
-25,-18,57
-24,-19,56
-20,-20,56
-19,-20,56
-19,-23,55
-15,-27,53
-17,-32,61
-17,-29,59
-18,-27,57
-18,-25,54
-17,-25,56
-24,-26,62
-24,-26,61
-16,-20,52
-16,-18,48
-29,-16,52
-23,-15,55
-16,-21,62
-14,-27,70
-13,-22,65
-14,-21,52
-14,-23,51
-19,-19,52
-20,-16,60
-25,-14,49
-26,-17,57
-35,-29,64
-26,-22,62
-13,-20,54
-10,-24,55
-10,-32,57
-5,-33,60
-5,-31,58
-12,-28,53
-15,-28,52
-19,-27,48
-26,-25,47
-31,-14,46
-34,-12,47
-39,-13,47
-42,-8,47
-48,-1,43
-57,-4,42
-64,-6,44
-56,-5,52
-50,-6,50
-44,-13,47
-30,-13,56
-27,-22,64
-41,-17,63
-40,-15,55
-41,-14,47
-34,-17,53
-32,-18,54
-34,-16,53
-33,-16,53
-32,-16,54
-37,-16,51
-37,-16,50
-35,-15,52
-34,-14,53
-37,-15,51
-38,-16,49
-34,-15,53
-34,-16,51
-34,-16,51
-35,-15,52
-36,-15,51
-36,-16,51
-36,-17,50
-35,-17,51
-35,-17,51
-35,-16,51
-35,-16,51
-35,-16,51
-35,-16,51
-35,-16,51
-35,-16,51
-35,-16,51
-36,-16,51
-35,-16,51
-35,-16,51
-35,-16,51
-35,-16,51
-39,-17,48
-37,-16,50
-37,-17,50
-39,-17,49
-39,-16,49
-37,-16,50
-36,-17,52
-35,-20,52
-39,-21,50
-54,-29,49
-62,-22,39
-54,-18,40
-50,-11,31
-48,-6,35
-36,1,44
-35,2,42
-44,0,52
-36,2,57
-38,2,53
-40,0,47
-47,2,48
-47,2,45
-48,0,39
-46,-2,40
-45,-1,43
-42,-4,43
-42,-6,43
-42,-9,44
-42,-12,43
-44,-18,43
-47,-19,45
-53,-23,46
-53,-23,48
-47,-19,51
-46,-19,49
-46,-19,47
-45,-20,46
-43,-20,46
-41,-22,46
-41,-23,45
-42,-24,44
-42,-23,43
-40,-23,42
-39,-23,42
-37,-22,41
-37,-22,41
-35,-20,42
-36,-19,43
-39,-18,44
-42,-17,47
-44,-17,49
-42,-16,51
-40,-14,51
-43,-10,48
-43,-8,44
-43,-4,39
-45,-4,39
-51,-4,41
-52,-4,42
-51,-3,40
-56,-1,38
-57,0,37
-59,1,36
-60,0,36
-58,-3,38
-58,-5,40
-55,-8,42
-54,-9,42
-53,-11,42
-53,-11,42
-51,-11,41
-50,-11,41
-49,-10,42
-49,-10,43
-50,-10,44
-51,-11,47
-52,-12,47
-50,-11,47
-49,-11,46
-49,-8,42
-50,-7,40
-53,-6,37
-55,-7,37
-57,-11,38
-58,-12,38
-59,-15,34
-63,-17,31
-62,-17,30
-59,-18,29
-61,-19,29
-60,-18,28
-56,-17,28
-46,-12,29
-46,-10,28
-51,-5,21
-58,-6,16
-56,-16,15
-51,-19,18
-43,-31,18
-41,-39,26
-39,-46,30
-32,-43,37
-36,-47,38
-32,-46,52
-33,-45,51
-38,-24,54
-47,-28,59
-45,-33,54
-61,-32,53
-54,-6,58
-61,2,44
-61,10,37
-43,15,36
-45,15,31
-41,6,20
-44,0,20
-30,-27,41
-36,-27,73
-19,-18,39
-21,-24,21
-17,-2,45
-28,4,42
-40,7,43
-26,24,62
-50,20,49
-50,-6,7
-59,-23,41
-70,-9,55
-70,-11,44
-93,-30,34
-72,-16,41
-56,-20,30
-48,-25,33
-38,-25,45
-47,-22,39
-57,-22,33
-53,-22,35
-56,-22,36
-48,-26,34
-47,-26,34
-42,-28,35
-44,-27,35
-40,-33,38
-36,-33,36
-27,-36,31
-52,-35,8
-128,-12,-15
-114,9,-4
-80,20,-4
-59,7,11
-44,2,16
-32,-8,20
-31,-13,26
-31,-11,35
-32,-9,43
-39,-16,53
-52,-11,50
-62,-6,28
-61,-1,31
-51,9,39
-44,4,40
-56,-4,42
-53,0,44
-55,0,42
-51,-1,40
-59,-4,37
-42,-5,40
-46,-7,39
-42,-10,45
-35,-11,51
-32,-11,53
-36,-9,51
-45,-8,48
-47,-8,46
-45,-8,48
-41,-11,48
-42,-15,52
-44,-23,37
-47,-18,34
-46,-19,33
-38,-20,33
-31,-9,48
-45,-4,56
-48,3,49
-62,7,43
-72,11,14
-75,12,-2
-80,8,-12
-77,-1,-22
-73,-3,-19
-59,-9,-3
-60,-11,0
-67,-16,-3
-68,-16,1
-56,-17,11
-53,-17,16
-54,-19,19
-52,-19,22
-52,-18,26
-54,-18,29
-59,-15,32
-56,-19,29
-58,-22,30
-57,-22,38
-58,-21,37
-55,-25,34
-42,-27,43
-54,-29,43
-50,-30,43
-47,-28,49
-50,-24,50
-36,-22,50
-53,-24,39
-60,-23,32
-60,-17,18
-66,-16,4
-77,-14,-9
-74,-12,-13
-73,-10,-26
-73,-7,-31
-62,1,-27
-62,2,-30
-63,5,-27
-62,9,-25
-55,12,-26
-54,14,-24
-51,15,-19
-48,23,-14
-47,25,-12
-41,29,-10
-43,31,-10
-38,36,-8
-34,38,-8
-33,42,-8
-31,44,-8
-31,47,-10
-31,49,-11
-32,51,-12
-33,53,-15
-35,53,-16
-41,53,-18
-43,52,-18
-45,49,-15
-45,46,-17
-44,42,-14
-43,42,-12
-42,42,-9
-40,43,-11
-40,47,-4
-39,53,2
-37,55,2
-33,57,4
-29,57,6
-25,55,5
-28,54,5
-27,54,1
-27,52,3
-39,50,6
-38,49,3
-29,48,4
-31,49,6
-34,49,3
-41,43,-4
-46,41,-5
-50,39,-7
-53,38,-7
-52,40,-10
-55,37,-10
-59,37,-10
-57,36,-11
-58,36,-14
-57,39,-16
-60,40,-18
-60,42,-19
-58,46,-20
-62,46,-21
-62,45,-20
-61,42,-21
-59,41,-20
-52,37,-15
-46,36,-11
-41,38,-9
-42,38,-10
-47,38,-12
-48,38,-12
-48,36,-13
-50,35,-15
-55,35,-12
-56,33,-19
-55,34,-20
-55,36,-20
-56,38,-19
-54,40,-21
-53,40,-20
-53,39,-15
-53,37,-14
-53,36,-12
-50,37,-9
-50,40,-7
-50,41,-6
-54,44,-2
-54,47,3
-55,49,6
-54,54,10
-55,55,13
-51,50,18
-50,42,21
-51,25,24
-50,20,25
-43,19,25
-40,21,26
-39,25,28
-40,27,28
-42,28,25
-45,29,22
-47,30,19
-47,35,12
-48,39,9
-53,46,0
-54,48,-4
-56,49,-11
-55,49,-16
-51,48,-20
-49,48,-20
-43,47,-20
-41,48,-20
-43,50,-22
-50,56,-26
-57,54,-27
-68,41,-24
-70,33,-24
-66,23,-20
-66,20,-18
-61,15,-15
-56,16,-11
-48,17,-3
-45,20,-1
-48,23,0
-52,21,-2
-59,18,-4
-61,18,-5
-61,19,-5
-62,21,-5
-63,22,-5
-65,28,-3
-66,32,-1
-71,39,-3
-75,41,-5
-78,40,-6
-74,36,-5
-67,23,-5
-62,18,-6
-48,11,-6
-37,13,-5
-35,15,-5
-36,21,-5
-39,24,-6
-44,29,-10
-47,33,-11
-48,43,-13
-51,49,-14
-55,55,-23
-56,56,-26
-57,55,-30
-50,46,-31
-51,41,-33
-64,35,-41
-71,30,-41
-72,18,-36
-67,15,-28
-62,15,-22
-60,11,-21
-62,9,-19
-58,10,-17
-52,10,-11
-51,11,-9
-54,14,-8
-58,11,-8
-61,10,-8
-61,9,-8
-60,10,-7
-60,13,-6
-60,15,-5
-60,22,-3
-61,26,-3
-69,30,-3
-74,29,-9
-80,27,-16
-78,26,-17
-71,20,-15
-63,12,-14
-55,10,-13
-45,7,-10
-42,8,-9
-41,12,-6
-44,15,-7
-48,19,-7
-51,20,-7
-54,25,-9
-53,29,-10
-58,36,-13
-61,40,-16
-65,44,-21
-61,45,-27
-58,43,-28
-51,40,-32
-52,39,-35
-61,38,-48
-67,32,-47
-67,21,-41
-62,18,-33
-58,15,-28
-60,10,-29
-62,4,-27
-58,6,-22
-52,6,-13
-49,11,-7
-52,12,-6
-58,9,-6
-61,8,-7
-60,6,-6
-59,7,-5
-60,9,-4
-62,11,-4
-64,16,-4
-67,20,-5
-75,25,-10
-81,26,-11
-88,25,-6
-77,14,-3
-70,10,-5
-58,2,-7
-50,2,-8
-43,6,-7
-41,10,-7
-44,17,-10
-46,19,-12
-50,26,-18
-53,29,-20
-58,35,-23
-58,43,-24
-59,45,-24
-57,47,-22
-56,44,-21
-56,38,-25
-59,36,-28
-67,30,-37
-68,26,-34
-64,19,-28
-61,18,-23
-59,13,-24
-59,10,-24
-60,6,-22
-51,9,-13
-49,12,-9
-58,13,-8
-64,10,-9
-66,6,-12
-65,4,-12
-63,4,-10
-63,3,-10
-59,4,-8
-57,6,-7
-57,8,-8
-58,9,-11
-63,8,-8
-63,7,-6
-62,5,-4
-74,3,-4
-76,-3,-3
-73,-21,-1
-70,-27,-1
-58,-32,0
-48,-33,1
-43,-39,7
-46,-37,13
-53,-40,11
-55,-41,11
-49,-41,11
-52,-43,9
-54,-44,7
-54,-44,5
-53,-44,5
-48,-44,5
-47,-46,4
-44,-46,4
-45,-46,3
-44,-46,3
-46,-47,2
-47,-46,3
-47,-46,3
-51,-45,2
-54,-44,2
-54,-44,3
-53,-43,4
-52,-43,4
-52,-41,4
-52,-40,4
-55,-37,4
-56,-35,4
-57,-33,3
-58,-32,2
-60,-27,2
-59,-25,4
-58,-22,1
-60,-19,0
-61,-18,0
-62,-13,-2
-64,-11,-4
-66,-9,-7
-67,-7,-7
-71,-5,-9
-72,-3,-9
-75,0,-8
-73,2,-7
-66,8,-6
-60,14,-6
-58,17,-6
-56,21,-8
-57,21,-8
-59,22,-13
-62,23,-14
-65,23,-13
-65,23,-12
-64,25,-7
-63,26,-6
-60,29,-3
-57,31,1
-51,35,6
-49,42,6
-50,45,6
-51,45,6
-50,44,5
-46,44,6
-44,44,6
-44,43,5
-44,42,4
-39,42,3
-36,40,3
-42,39,6
-44,38,4
-41,37,0
-45,35,-1
-43,35,2
-49,39,1
-52,39,4
-53,40,10
-56,40,12
-68,40,13
-74,39,9
-73,35,5
-71,33,7
-62,26,8
-62,21,4
-74,11,-1
-61,11,3
-56,10,4
-61,6,3
-61,5,2
-67,2,1
-66,2,3
-70,2,0
-70,2,0
-74,4,-3
-72,4,-2
-67,1,5
-66,0,8
-64,-2,11
-66,-6,12
-69,-8,13
-67,-12,18
-64,-14,22
-58,-20,28
-58,-20,30
-57,-15,29
-59,-13,27
-58,-13,28
-54,-12,33
-36,-4,45
-29,0,56
-27,-2,61
-17,-4,71
-14,-5,73
-15,0,73
-16,6,70
-24,9,76
-10,6,66
-17,24,66
-26,21,58
-38,22,48
-35,27,46
-19,40,44
-21,40,40
-23,42,38
-22,47,35
-24,49,33
-25,55,32
-20,53,34
-18,51,28
-26,52,20
-35,55,9
-40,54,3
-41,54,5
-40,50,9
-37,47,27
-42,48,32
-42,46,33
-30,42,39
-30,42,37
-31,47,32
-25,49,27
-21,49,28
-26,48,26
-28,45,22
-31,43,22
-36,40,27
-37,40,30
-34,38,34
-36,39,35
-35,39,34
-38,42,33
-39,42,32
-40,42,33
-38,43,33
-36,46,32
-33,46,33
-35,46,32
-37,45,31
-38,44,32
-38,44,33
-36,41,35
-38,40,32
-42,38,31
-41,35,30
-41,36,29
-36,38,31
-32,38,29
-29,42,26
-29,42,26
-32,41,27
-35,38,27
-39,38,27
-39,40,28
-42,40,30
-42,40,29
-44,42,29
-46,45,28
-55,46,27
-49,49,24
-53,46,27
-49,43,27
-37,46,19
-51,38,12
-55,33,17
-60,30,19
-57,27,19
-45,22,28
-53,22,38
-54,18,38
-60,14,40
-65,10,40
-59,6,42
-49,5,47
-27,6,58
-17,8,63
-10,8,63
-1,8,67
13,4,71
6,6,63
4,5,61
-18,7,60
-24,6,58
-42,6,43
-46,5,42
-30,7,53
-29,11,51
-57,7,35
-51,5,36
-49,8,43
-49,9,44
-51,8,46
-37,9,54
-34,11,55
-41,11,55
-39,12,53
-40,14,50
-44,15,49
-48,16,45
-47,18,44
-44,21,41
-47,22,41
-43,25,41
-42,27,41
-35,29,42
-26,30,44
-22,31,46
-16,32,47
-17,31,44
-10,30,46
-8,32,48
-7,30,47
-6,31,47
-3,33,45
-6,33,46
-6,33,50
-10,30,50
-15,29,50
-11,31,46
-9,33,47
-16,30,49
-20,32,48
-22,34,42
-24,36,39
-25,43,35
-24,47,29
-34,54,25
-38,57,27
-31,60,28
-37,60,33
-39,52,32
-42,53,30
-55,48,32
-48,42,38
-38,41,43
-41,35,40
-51,34,39
-50,25,39
-47,21,40
-53,20,45
-52,16,45
-42,15,48
-30,15,53
-25,16,53
-30,13,43
-38,15,36
-29,27,31
-27,34,30
-53,35,12
-61,40,10
-62,50,13
-61,49,13
-73,39,15
-62,32,16
-69,27,25
-48,25,35
-39,21,39
-38,18,52
-35,23,57
-32,18,51
-31,14,51
-48,16,46
-57,20,40
-50,22,43
-52,23,41
-55,24,38
-48,25,39
-48,29,31
-59,32,22
-44,33,27
-44,40,20
-50,40,11
-54,44,3
-54,45,4
-66,46,5
-57,46,6
-48,48,5
-52,50,-1
-43,51,2
-40,50,2
-35,50,1
-24,48,7
-23,48,5
-22,51,-6
-23,55,-4
-25,53,0
-22,55,2
-21,55,0
-20,57,-5
-19,59,-6
-19,59,-6
-16,59,-5
-17,60,-11
-14,61,-6
-16,59,-5
-15,57,-5
-15,58,-11
-18,59,-15
-21,58,-17
-19,59,-15
-22,59,-22
-22,60,-24
-24,63,-27
-25,65,-24
-20,59,-21
-21,59,-24
-27,56,-23
-18,51,-18
-18,50,-20
-18,47,-26
-20,47,-27
-27,49,-23
-29,50,-21
-30,51,-21
-32,53,-23
-29,57,-17
-31,59,-16
-33,59,-13
-31,55,-16
-31,50,-22
-31,50,-14
-28,50,-15
-22,47,-20
-38,47,-17
-40,44,-19
-35,44,-18
-58,45,-9
-65,42,-10
-42,37,-4
-27,41,2
-63,37,8
-85,29,3
-65,15,22
-48,13,37
-60,11,36
-50,2,44
-50,1,43
-54,-17,49
-48,-26,49
-55,-32,43
-50,-26,44
-25,-17,54
-29,-12,51
-48,-6,37
-49,1,49
-50,4,54
-45,4,50
-44,5,46
-47,9,50
-45,11,48
-57,15,46
-52,16,47
-52,13,41
-51,16,41
-47,18,43
-41,18,46
-38,12,46
-44,9,47
-42,8,46
-35,7,50
-33,7,51
-39,5,48
-41,5,50
-40,5,51
-40,5,51
-39,6,49
-40,7,49
-43,8,45
-46,9,40
-47,9,34
-53,7,29
-60,4,27
-64,7,22
-63,9,21
-61,10,19
-65,8,16
-70,7,14
-71,8,15
-68,5,16
-66,4,20
-59,1,29
-57,-1,31
-57,-5,33
-54,-6,35
-55,-8,33
-57,-11,30
-58,-14,25
-58,-11,27
-57,-8,26
-59,-9,22
-66,-11,24
-68,-19,32
-71,-23,25
-52,-23,26
-49,-23,27
-54,-23,22
-67,-23,13
-61,-21,15
-54,-11,15
-61,-10,10
-71,-8,1
-69,-5,6
-66,-4,1
-72,-4,-4
-61,-5,2
-57,-6,4
-60,-4,4
-59,-3,2
-61,-7,7
-67,-2,3
-66,0,2
-63,4,6
-67,2,5
-67,4,3
-64,7,4
-68,11,2
-72,11,-1
-66,14,0
-62,18,0
-59,22,-4
-60,23,-8
-59,24,-8
-59,24,-7
-56,24,-4
-59,25,-4
-64,24,-4
-57,24,3
-56,24,8
-56,23,11
-58,23,10
-62,22,13
-61,22,14
-62,22,17
-58,22,19
-56,23,21
-55,22,23
-55,22,23
-56,22,24
-56,21,24
-52,19,28
-52,16,28
-56,16,30
-56,14,31
-55,14,38
-51,15,42
-52,21,48
-44,22,46
-48,25,46
-61,27,45
-57,28,45
-55,25,26
-56,35,23
-54,46,17
-31,48,14
7,60,21
-4,58,18
-29,47,8
-32,44,-2
-68,26,-10
-70,22,0
-72,24,-1
-72,24,1
-64,27,11
-53,31,16
-53,29,10
-56,26,-1
-58,27,-3
-50,31,-3
-52,32,-4
-56,34,-5
-54,37,-3
-50,40,1
-52,41,1
-48,41,0
-54,42,0
-53,41,-2
-53,39,-5
-54,39,-4
-50,38,-3
-50,38,-3
-52,38,0
-52,40,3
-50,40,3
-53,39,3
-48,39,3
-52,39,3
-51,37,10
-56,39,12
-50,40,14
-53,37,19
-53,36,20
-53,36,25
-44,36,24
-54,35,18
-51,37,15
-34,40,20
-45,41,20
-43,41,21
-45,41,22
-49,39,22
-53,39,21
-51,38,21
-55,40,15
-58,41,13
-53,41,12
-44,41,18
-44,42,15
-45,41,12
-49,41,12
-45,40,15
-42,38,19
-44,36,22
-44,37,25
-42,38,25
-43,38,25
-40,40,27
-41,39,29
-43,40,24
-43,40,20
-46,39,29
-39,38,27
-44,39,24
-52,41,20
-47,39,23
-40,41,27
-47,40,26
-35,40,29
-42,41,29
-38,41,26
-35,41,29
-44,40,30
-44,41,31
-40,42,32
-41,42,30
-40,42,31
-36,41,32
-41,40,29
-36,40,32
-36,38,34
-46,36,26
-51,37,21
-60,31,12
-59,39,14
-47,42,15
-46,41,23
-7,44,36
-7,41,47
6,40,66
3,36,54
13,30,41
-10,16,73
12,30,86
19,18,71
15,19,68
-11,16,54
-17,13,56
-5,8,55
-16,8,50
-49,-1,54
-27,4,52
-42,9,41
-48,8,32
-53,6,36
-54,3,41
-45,1,45
-33,-4,50
-40,8,41
-59,7,39
-49,-1,49
-25,4,62
-33,6,59
-24,5,62
-22,6,59
-19,6,61
-20,5,57
-13,8,63
-23,1,57
-7,7,69
-7,7,55
-8,6,54
2,9,70
-1,10,66
13,5,60
12,3,62
19,8,65
16,8,58
21,8,58
23,5,58
22,5,57
20,8,58
22,8,57
22,9,57
21,9,58
22,11,58
22,13,57
21,13,57
19,12,57
19,12,59
21,12,61
17,12,61
11,11,59
13,11,59
14,9,59
14,9,61
15,11,64
12,11,63
10,10,67
8,13,71
3,13,71
-10,10,64
-30,12,67
-29,16,68
-35,18,66
-32,20,61
-34,21,58
-36,25,54
-39,27,52
-26,31,50
-25,34,47
-23,41,47
-20,44,47
-19,48,43
-16,49,41
-20,51,36
-22,51,32
-22,51,32
-13,51,37
-15,52,38
-16,51,35
-15,51,36
-12,51,36
-12,50,35
-13,49,32
-10,49,32
-5,50,32
-4,50,30
-10,49,25
-12,47,26
-12,46,26
-13,48,26
-13,50,29
-16,51,28
-18,52,29
-18,51,22
-21,49,24
-22,52,28
-21,52,26
-21,48,24
-25,49,30
-26,50,27
-32,49,30
-20,52,40
-23,47,32
-34,47,33
-25,52,31
-25,50,32
-29,51,28
-36,50,31
-22,55,26
-23,56,22
-28,52,20
-26,54,27
-18,60,26
-22,64,19
-24,66,18
-29,63,16
-29,59,13
-18,60,9
-12,61,9
-20,60,5
-24,62,2
-24,59,4
-20,57,8
-22,52,4
-24,50,6
-23,48,10
-19,48,9
-16,50,7
-7,53,11
-9,54,12
-11,60,10
-10,62,10
-12,62,13
-9,61,12
-12,56,12
-15,58,13
-7,57,11
-9,56,14
-7,59,15
-6,50,16
-11,53,16
-2,53,15
-6,51,16
-8,48,18
-7,44,20
-21,51,12
-19,51,17
-8,47,26
-9,55,25
-15,41,19
-30,42,17
-32,52,16
-38,44,21
-50,41,18
-59,47,21
-52,46,30
-67,43,25
-73,43,25
-71,49,29
-57,48,36
-69,42,34
-71,35,30
-66,24,24
-69,23,19
-72,20,19
-64,16,18
-63,16,18
-68,13,18
-59,13,22
-62,11,30
-65,12,25
-59,16,17
-61,17,16
-66,17,16
-66,15,18
-64,12,22
-61,12,20
-62,11,19
-59,9,25
-54,7,31
-58,5,31
-61,6,30
-63,5,35
-61,7,35
-55,12,35
-65,14,26
-65,22,20
-58,23,14
-61,30,0
-84,32,-19
-71,31,-22
-53,35,-8
-51,35,-1
-58,32,8
-62,29,6
-54,30,14
-51,28,15
-49,35,7
-63,34,-6
-53,37,2
-47,33,22
-46,30,26
-44,29,25
-37,31,25
-44,32,34
-39,28,32
-44,25,40
-40,28,42
-35,31,41
-29,29,42
-39,35,41
-38,35,38
-58,32,28
-51,33,31
-52,34,30
-53,34,24
-56,35,20
-59,38,13
-51,39,13
-30,41,19
-29,41,18
-48,38,7
-40,37,8
-57,35,-4
-63,36,-8
-57,38,-14
-56,40,-19
-54,41,-17
-53,39,-16
-53,38,-17
-49,36,-12
-50,36,-12
-55,36,-15
-59,36,-17
-52,36,-11
-50,34,-8
-56,33,-10
-57,34,-9
-54,36,-8
-52,35,-4
-52,36,-4
-53,35,-4
-55,36,-3
-53,35,-2
-51,35,0
-54,37,0
-57,37,-1
-60,37,-1
-60,37,0
-59,36,2
-59,33,7
-59,33,11
-55,29,15
-53,28,18
-50,29,23
-48,29,26
-48,26,28
-48,26,27
-52,27,25
-54,28,24
-53,28,25
-53,28,26
-49,28,27
-50,29,27
-51,30,27
-52,29,27
-53,28,27
-52,28,27
-51,27,29
-49,26,29
-47,26,31
-47,24,32
-46,25,32
-46,23,31
-45,25,30
-47,27,29
-50,27,27
-50,27,27
-53,27,25
-54,26,25
-54,28,24
-53,27,24
-52,25,24
-52,23,25
-53,20,25
-52,18,26
-51,20,24
-54,23,22
-59,25,18
-64,24,16
-63,25,16
-62,26,14
-63,26,14
-67,24,11
-67,23,11
-63,21,11
-63,21,12
-62,19,15
-62,16,15
-60,16,15
-59,17,14
-58,17,15
-57,17,16
-58,18,13
-57,19,12
-51,18,13
-60,17,9
-63,18,0
-60,22,-8
-56,22,-8
-64,20,-15
-63,19,-18
-66,18,-16
-63,18,-15
-65,18,-17
-69,17,-15
-66,17,-14
-67,15,-15
-63,16,-16
-60,11,-3
-56,9,4
-71,9,-5
-69,8,-13
-57,14,-7
-65,14,-10
-64,17,6
-58,18,-25
-63,18,-29
-59,20,-22
-60,19,-26
-58,16,-22
-50,16,-27
-53,17,-35
-51,19,-30
-50,18,-31
-50,17,-32
-44,20,-32
-49,21,-37
-55,25,-33
-51,18,-37
-54,20,-39
-55,23,-41
-54,26,-30
-51,21,-35
-49,23,-40
-54,25,-38
-54,25,-37
-52,24,-26
-52,22,-27
-54,20,-34
-54,20,-32
-52,19,-26
-50,18,-24
-52,17,-24
-53,18,-20
-49,18,-20
-54,20,-26
-54,20,-29
-57,20,-26
-59,19,-23
-65,15,-21
-62,14,-20
-61,12,-18
-65,12,-13
-66,13,-8
-55,16,0
-49,17,6
-55,18,7
-60,18,5
-64,16,5
-62,17,6
-68,18,10
-68,17,9
-63,17,19
-62,17,22
-62,15,25
-61,14,26
-60,10,23
-61,12,23
-58,11,21
-58,14,17
-54,13,16
-54,18,18
-56,18,17
-61,18,17
-64,19,16
-64,18,16
-67,17,17
-64,17,18
-64,16,13
-67,14,11
-63,15,12
-60,15,14
-57,17,13
-58,19,10
-61,20,4
-60,21,2
-56,25,0
-53,26,2
-53,28,3
-54,28,3
-60,28,5
-64,26,5
-64,26,4
-71,23,-2
-71,23,-3
-67,22,-5
-64,23,-5
-56,21,-3
-55,22,-4
-56,20,-4
-54,20,-3
-56,22,-1
-56,23,-1
-58,25,-2
-62,25,-6
-62,25,-7
-63,22,-7
-62,19,-7
-56,14,-5
-56,13,-7
-53,14,-9
-52,15,-9
-55,12,-15
-57,13,-18
-57,14,-23
-59,16,-29
-62,17,-33
-66,20,-38
-68,21,-39
-70,21,-37
-71,20,-36
-68,18,-32
-68,16,-32
-66,14,-30
-64,13,-29
-60,10,-25
-59,9,-23
-59,9,-20
-60,8,-19
-62,6,-17
-63,3,-16
-62,3,-15
-63,2,-12
-64,2,-11
-69,1,-7
-73,0,-8
-73,4,-4
-70,6,2
-73,6,-6
-76,9,1
-64,14,5
-58,18,14
-57,23,23
-48,27,33
-45,29,34
-27,34,36
-16,37,45
-12,38,48
-11,38,44
-11,44,37
-10,45,33
-13,46,21
-11,46,17
-19,47,5
-28,43,-2
-38,43,-17
-51,45,-28
-56,48,-27
-55,53,-21
-50,56,-16
-49,56,-10
-51,55,-11
-54,50,-14
-54,48,-15
-49,44,-13
-48,43,-12
-47,41,-11
-46,39,-10
-45,36,-11
-44,33,-10
-46,33,-11
-51,32,-8
-52,33,-7
-49,36,-1
-49,38,1
-52,40,-1
-54,40,-2
-58,37,-7
-59,37,-10
-58,37,-12
-56,37,-11
-51,40,-7
-48,43,-1
-48,42,2
-52,41,1
-53,41,-1
-55,40,-4
-55,39,-5
-49,40,-5
-47,41,-5
-48,43,-3
-49,42,-2
-51,39,2
-52,37,6
-50,36,7
-48,37,8
-48,38,8
-54,38,7
-56,39,7
-58,40,9
-59,40,8
-56,40,7
-54,41,6
-48,42,6
-47,44,4
-46,43,1
-50,38,-3
-51,35,-3
-52,33,-2
-51,33,-1
-48,35,1
-49,36,4
-54,37,8
-56,37,10
-57,38,13
-56,38,13
-54,40,7
-51,43,4
-44,47,-1
-39,47,-4
-37,48,-6
-39,43,-9
-41,40,-11
-55,37,-15
-59,36,-16
-64,37,-12
-61,38,-8
-51,40,2
-48,41,5
-47,41,4
-51,40,1
-55,39,-6
-56,38,-10
-55,38,-10
-52,38,-7
-51,38,-6
-51,37,-3
-52,37,-2
-51,37,-1
-52,37,-1
-53,38,-1
-54,38,-2
-55,38,-3
-54,38,-4
-54,38,-4
-53,37,-4
-53,37,-4
-51,37,-3
-51,37,-3
-52,37,-2
-53,37,-3
-57,37,-4
-58,37,-4
-60,37,-4
-62,37,-4
-62,38,-3
-59,38,-2
-49,42,3
-46,44,1
-45,46,1
-36,44,8
-25,43,8
-35,39,1
-44,39,-5
-46,37,-10
-49,38,-10
-55,41,-14
-56,42,-15
-51,45,-10
-48,44,-8
-48,43,-8
-48,43,-9
-48,42,-10
-45,42,-11
-45,43,-11
-46,44,-11
-47,45,-11
-50,45,-10
-51,45,-9
-52,44,-9
-52,43,-9
-51,43,-9
-48,42,-9
-47,42,-10
-44,43,-11
-45,43,-11
-46,42,-12
-46,41,-12
-48,41,-12
-48,41,-12
-48,41,-11
-49,41,-10
-50,41,-10
-50,40,-9
-51,40,-10
-53,40,-11
-52,41,-11
-52,40,-11
-52,40,-11
-52,40,-10
-51,39,-10
-50,40,-8
-50,40,-8
-49,42,-9
-48,42,-9
-47,43,-10
-47,43,-12
-48,43,-14
-50,42,-16
-50,42,-15
-51,41,-13
-51,40,-11
-53,40,-8
-54,40,-6
-55,39,-2
-56,39,0
-55,40,7
-51,40,10
-41,41,24
-31,42,33
-28,42,44
-19,43,43
-17,44,42
-23,47,31
-22,49,25
-19,54,21
-13,57,25
-18,52,27
-13,47,21
-32,35,-18
-55,24,-45
-86,36,-10
-48,41,8
-40,44,19
-46,44,16
-50,42,10
-59,40,4
-59,40,3
-52,40,6
-49,40,7
-48,41,10
-49,41,8
-50,41,6
-50,41,5
-49,41,6
-49,41,7
-49,41,7
-49,40,7
-50,40,8
-50,39,10
-50,40,11
-51,39,9
-52,40,9
-50,39,10
-51,39,11
-46,40,13
-48,39,12
-52,38,10
-52,39,10
-51,39,11
-51,39,12
-50,39,12
-51,39,12
-50,39,12
-49,39,12
-50,40,11
-50,40,11
-50,40,10
-49,40,11
-50,40,10
-49,40,10
-49,41,10
-50,41,10
-50,41,10
-50,41,10
-50,41,10
-50,41,10
-50,40,10
-51,40,10
-52,39,10
-52,39,10
-52,39,11
-52,39,12
-51,38,12
-49,37,12
-49,36,11
-50,35,10
-50,34,9
-52,33,9
-54,33,9
-59,31,11
-61,30,12
-62,28,14
-62,27,15
-64,27,17
-67,26,19
-68,25,19
-60,28,22
-57,29,22
-57,31,18
-58,33,14
-52,36,7
-50,38,6
-42,43,4
-40,45,1
-37,49,-2
-36,51,-1
-31,56,-2
-26,60,-3
-24,61,-3
-21,62,0
-24,62,0
-29,60,4
-31,60,6
-32,61,10
-33,61,10
-35,62,11
-35,61,11
-34,57,11
-32,55,11
-27,51,11
-21,51,9
-18,52,9
-13,54,8
-11,55,8
-11,58,7
-5,59,9
0,55,20
-3,55,25
-31,49,13
-41,43,2
-59,38,-31
-73,41,-37
-66,47,-33
-55,49,-22
-50,49,-14
-43,48,-3
-40,46,0
-44,45,0
-44,44,-3
-46,43,-4
-45,43,-4
-45,44,-6
-46,44,-6
-45,45,-5
-46,45,-4
-47,46,-4
-45,47,-6
-46,47,-8
-48,43,-9
-49,41,-9
-47,39,-9
-47,38,-8
-47,39,-8
-47,40,-7
-47,42,-6
-48,43,-4
-51,44,-2
-54,44,-5
-58,43,-8
-57,43,-8
-53,43,-6
-50,42,-7
-49,41,-8
-48,39,-9
-48,38,-9
-48,37,-8
-47,37,-7
-48,38,-5
-48,39,-4
-50,40,-1
-52,41,-1
-52,41,-1
-50,43,-3
-49,45,-4
-46,48,-7
-46,49,-8
-48,49,-10
-49,48,-11
-52,46,-10
-51,42,-7
-52,38,-6
-52,36,-5
-52,36,-2
-54,36,2
-56,36,3
-59,33,6
-58,33,8
-55,33,11
-53,33,11
-52,33,9
-52,33,7
-50,35,4
-50,37,3
-49,39,0
-50,41,-1
-52,43,-2
-55,44,-3
-56,44,-3
-54,44,-1
-53,42,0
-49,40,3
-48,38,4
-51,37,5
-54,36,4
-54,36,7
-52,36,9
-49,37,12
-48,37,12
-50,38,8
-50,39,6
-50,39,5
-50,40,4
-50,40,4
-49,41,5
-50,41,5
-52,41,6
-53,40,7
-54,39,7
-54,38,7
-53,37,8
-53,37,8
-51,37,9
-49,38,10
-49,38,11
-54,39,11
-56,39,10
-58,38,9
-57,38,8
-52,37,6
-49,37,5
-45,38,2
-45,38,2
-45,39,2
-45,41,2
-48,42,0
-51,42,1
-52,43,1
-56,42,-5
-54,42,-5
-54,41,0
-53,42,3
-47,42,4
-48,39,4
-47,37,7
-51,37,9
-51,38,9
-53,36,7
-54,35,10
-50,35,11
-51,36,9
-55,35,8
-54,36,9
-53,36,6
-54,36,5
-53,36,7
-53,36,9
-58,37,10
-58,36,10
-53,36,9
-51,37,6
-51,37,5
-52,40,6
-52,40,6
-55,40,5
-55,40,6
-56,40,6
-55,40,6
-54,39,7
-54,39,7
-51,38,6
-50,37,5
-48,38,5
-47,38,5
-48,39,5
-50,39,5
-52,38,7
-56,38,8
-55,37,9
-55,36,11
-55,36,10
-53,37,9
-52,37,10
-51,41,10
-51,41,9
-54,41,8
-55,41,9
-57,40,7
-57,39,6
-55,39,7
-47,40,11
-44,42,12
-37,45,15
-32,45,17
-12,46,37
-30,39,21
-48,30,0
-69,28,-14
-78,33,-7
-55,39,8
-46,39,15
-47,37,17
-53,35,13
-57,33,9
-55,33,9
-53,33,10
-52,33,11
-50,35,14
-49,36,17
-45,36,22
-50,36,26
-30,42,42
-37,22,14
-52,14,19
-59,22,44
-49,26,47
-43,32,43
-51,32,36
-55,33,27
-54,34,25
-51,35,24
-51,35,24
-51,35,24
-55,33,25
-57,33,27
-54,31,28
-53,28,30
-49,26,33
-46,26,35
-43,27,36
-43,29,35
-44,29,30
-43,31,28
-43,34,28
-44,35,26
-42,36,25
-41,39,25
-40,40,23
-42,43,21
-45,46,21
-53,44,19
-54,41,19
-51,37,28
-50,34,31
-47,30,32
-46,29,32
-45,29,32
-45,29,32
-43,31,31
-43,33,32
-43,33,33
-46,31,34
-46,31,35
-46,29,32
-50,30,31
-42,31,35
-37,32,38
-30,32,44
-28,33,47
-25,32,49
-31,32,49
-35,31,46
-34,31,43
-33,33,43
-28,35,44
-30,35,42
-36,37,39
-40,38,39
-39,39,36
-40,38,37
-42,38,40
-39,36,41
-36,34,41
-39,34,42
-45,31,43
-42,28,45
-39,26,46
-32,25,46
-29,23,47
-20,22,52
-29,21,51
-33,16,47
-32,16,50
-39,16,53
-39,16,52
-31,19,55
-29,19,56
-33,18,55
-31,19,52
-30,17,50
-17,16,51
-13,15,55
-30,9,62
-29,9,62
-27,15,62
-25,17,62
-23,18,54
-23,16,54
-26,16,56
-25,17,56
-23,18,56
-23,18,56
-22,17,57
-23,16,58
-25,15,59
-24,15,58
-24,15,56
-27,15,56
-26,16,56
-25,16,56
-25,17,56
-24,18,57
-25,17,57
-24,17,57
-24,16,57
-23,15,56
-25,15,57
-26,16,57
-23,15,56
-23,13,56
-23,13,58
-24,14,59
-20,13,59
-20,11,57
-23,12,58
-20,12,58
-18,12,57
-22,15,59
-20,16,59
-19,15,59
-20,17,60
-16,16,59
-19,17,58
-20,19,58
-19,17,58
-20,18,58
-19,17,57
-20,20,58
-21,20,57
-22,20,56
-20,20,56
-20,20,55
-23,21,57
-21,22,57
-21,21,56
-21,20,56
-22,23,55
-22,23,54
-21,22,56
-21,22,57
-20,24,57
-21,23,56
-21,22,57
-20,21,57
-21,21,56
-22,20,56
-23,21,56
-22,20,56
-21,20,56
-21,21,56
-21,21,56
-19,22,56
-19,22,57
-19,23,57
-18,23,57
-19,23,57
-19,24,57
-19,23,56
-20,23,56
-21,22,56
-21,22,56
-20,21,56
-21,21,56
-20,21,55
-21,23,55
-21,24,56
-20,25,56
-21,25,55
-21,26,55
-21,26,55
-21,25,55
-22,24,55
-21,24,54
-23,24,54
-23,24,55
-22,25,55
-23,25,55
-22,24,54
-22,25,54
-22,26,54
-22,26,55
-22,26,55
-21,26,54
-22,25,54
-22,25,55
-22,25,55
-22,25,55
-21,24,54
-22,25,54
-21,25,55
-21,25,55
-21,25,55
-20,24,55
-21,25,55
-20,25,55
-21,24,55
-21,25,55
-21,25,55
-21,25,55
-20,25,56
-20,25,56
-17,26,55
-19,26,56
-18,26,56
-18,25,56
-17,24,57
-17,23,56
-17,23,57
-18,24,57
-17,23,57
-17,23,57
-16,22,56
-14,22,55
-15,22,56
-14,23,60
-13,23,59
-14,21,58
-13,21,58
-12,21,58
-13,21,59
-14,23,59
-12,21,58
-13,21,57
-13,21,58
-13,22,58
-14,23,59
-12,22,58
-12,21,58
-12,22,59
-12,23,59
-12,22,58
-12,22,58
-13,23,58
-14,24,59
-12,24,57
-12,23,55
-14,24,59
-13,25,60
-12,23,56
-13,23,57
-12,24,59
-12,23,58
-13,23,59
-12,23,59
-13,24,58
-13,23,57
-13,22,57
-13,22,58
-12,22,57
-13,22,58
-12,21,58
-12,21,58
-12,21,59
-12,22,59
-12,22,58
-13,21,58
-13,23,60
-12,23,59
-12,21,58
-12,20,59
-13,22,60
-12,21,59
-13,19,58
-12,18,58
-13,18,58
-12,19,59
-11,18,58
-13,20,59
-10,22,58
-13,24,56
-13,25,56
-14,28,56
-12,29,57
-15,32,56
-17,30,56
-16,28,57
-15,28,57
-16,26,55
-17,26,55
-17,23,56
-17,22,56
-16,23,56
-16,23,55
-15,25,57
-15,25,57
-16,28,57
-17,27,55
-14,24,57
-16,24,58
-14,26,55
-16,27,55
-18,26,55
-15,26,57
-15,25,57
-17,26,55
-18,27,54
-18,28,55
-18,27,55
-18,28,55
-18,27,56
-19,27,55
-19,26,53
-19,27,53
-17,28,56
-18,28,55
-21,27,54
-21,28,54
-20,27,56
-22,27,54
-26,27,50
-25,26,52
-23,25,53
-24,25,54
-22,25,54
-23,27,52
-25,24,53
-24,26,51
-27,26,52
-26,27,53
-23,24,56
-22,25,55
-24,24,54
-24,23,54
-23,24,53
-23,24,53
-23,25,53
-24,25,53
-23,26,54
-23,27,54
-21,28,55
-24,27,54
-24,27,54
-22,27,54
-22,26,54
-23,26,54
-24,25,53
-23,26,53
-23,25,53
-24,26,53
-23,26,53
-23,27,53
-22,27,53
-23,27,54
-23,26,54
-23,26,54
-23,26,54
-24,26,54
-24,26,54
-24,26,53
-24,25,54
-24,25,54
-23,25,53
-24,25,54
-24,24,55
-24,24,54
-23,24,54
-24,24,54
-25,24,54
-25,24,53
-24,24,53
-24,24,54
-24,23,54
-25,24,54
-24,24,54
-24,24,54
-24,24,54
-24,24,54
-25,24,54
-24,24,54
-24,24,53
-25,24,53
-24,24,54
-24,24,54
-24,24,54
-24,25,54
-24,25,54
-24,25,54
-24,25,54
-25,25,54
-24,24,54
-24,24,53
-25,24,54
-24,24,54
-25,24,53
-24,25,54
-24,24,54
-24,25,54
-24,25,54
-24,24,54
-24,24,54
-24,24,54
-24,24,54
-24,24,54
-24,24,54
-24,24,53
-24,24,54
-24,24,54
-24,24,54
-26,24,52
-23,24,55
-23,24,55
-24,24,54
-23,24,54
-24,24,54
-23,25,54
-24,25,54
-23,25,54
-23,25,54
-23,25,54
-23,25,54
-24,25,54
-23,26,54
-23,25,54
-23,25,54
-24,25,54
-23,26,54
-23,26,53
-24,26,53
-23,26,54
-23,26,54
-23,26,54
-23,26,54
-23,25,53
-23,25,54
-24,26,54
-23,26,53
-24,26,54
-23,26,53
-23,26,53
-23,26,53
-23,27,54
-23,26,54
-23,27,54
-23,27,53
-23,27,53
-23,27,53
-23,28,53
-23,28,53
-23,28,53
-22,28,53
-22,28,53
-22,28,53
-23,28,53
-22,28,53
-23,28,53
-22,28,53
-23,28,52
-23,28,52
-23,28,53
-23,28,52
-23,28,53
-22,28,53
-23,28,53
-22,28,53
-22,28,53
-23,28,53
-22,29,53
-23,29,53
-23,29,53
-23,28,53
-22,28,53
-22,28,53
-22,28,53
-22,28,53
-23,28,53
-23,28,53
-22,28,53
-23,28,53
-22,28,53
-23,28,53
-23,28,52
-22,28,53
-22,28,53
-22,28,53
-23,28,53
-22,28,53
-23,28,53
-23,28,53
-23,28,53
-23,28,53
-23,27,53
-23,27,53
-22,28,53
-23,28,53
-23,27,53
-23,27,53
-23,27,53
-23,27,53
-23,27,53
-23,27,53
-23,27,53
-23,27,53
-23,28,53
-23,28,53
-22,28,53
-23,28,53
-22,28,53
-22,28,53
-23,28,53
-22,28,53
-23,27,53
-22,27,53
-23,28,53
-23,28,53
-23,28,53
-23,28,53
-23,28,53
-22,28,53
-23,28,53
-22,28,53
-22,28,53
-23,28,53
-22,27,53
-22,27,53
-23,27,53
-23,27,53
-23,27,53
-22,27,53
-23,27,53
-23,28,53
-22,28,54
-22,28,53
-22,28,53
-22,27,53
-22,27,53
-22,27,53
-23,27,53
-23,27,53
-23,27,53
-22,27,53
-23,27,53
-22,28,53
-22,28,54
-22,27,53
-22,28,53
-23,27,53
-22,27,53
-23,27,53
-23,27,53
-23,27,53
-23,27,53
-23,27,53
-23,27,53
-22,27,53
-23,27,54
-22,27,54
-22,27,53
-23,27,53
-23,26,54
-23,26,53
-23,26,53
-23,27,54
-23,27,53
-23,27,54
-23,27,53
-22,27,54
-23,27,53
-22,27,53
-23,27,53
-22,27,53
-22,27,53
-23,27,53
-23,27,53
-23,27,53
-22,27,53
-23,27,53
-23,27,53
-23,27,53
-23,28,53
-23,28,53
-23,28,53
-23,28,53
-23,28,53
-23,28,53
-23,28,53
-23,28,53
-22,28,53
-23,28,52
-23,28,53
-23,28,53
-22,28,53
-23,28,53
-23,28,53
-23,28,53
-23,28,53
-22,28,53
-23,28,53
-22,28,53
-23,28,53
-23,28,53
-22,28,53
-23,28,53
-22,28,53
-22,28,53
-23,28,53
-23,27,53
-22,27,52
-23,27,52
-23,27,52
-23,28,53
-23,28,53
-23,28,53
-23,28,53
-22,28,53
-23,28,53
-23,28,53
-23,28,53
-23,28,53
-23,28,53
-24,28,52
-23,28,52
-23,28,53
-23,28,53
-22,28,53
-23,28,53
-22,28,53
-23,28,53
-22,28,53
-23,28,53
-23,28,53
-23,28,53
-23,28,52
-23,28,53
-23,28,53
-23,28,53
-22,28,53
-23,28,53
-23,28,53
-23,28,53
-23,28,53
-23,28,53
-23,28,53
-23,28,53
-23,28,53
-23,28,52
-23,27,52
-23,28,52
-23,28,52
-23,28,52
-23,28,53
-23,28,53
-23,28,54
-22,28,53
-22,28,53
-23,29,53
-22,29,53
-21,29,54
-20,28,53
-19,30,55
-24,30,52
-25,30,49
-28,29,48
-26,28,49
-24,27,52
-24,27,52
-25,29,51
-25,28,51
-26,27,52
-26,29,52
-24,29,50
-24,28,51
-23,30,52
-24,31,51
-24,31,51
-23,31,51
-24,31,52
-22,29,53
-22,28,54
-25,29,53
-26,30,53
-32,28,50
-35,27,45
-41,25,39
-46,22,33
-42,28,32
-36,32,28
-25,35,29
-51,37,9
-52,36,9
-58,35,7
-63,32,4
-61,29,-13
-67,29,-19
-63,30,-7
-53,30,-10
-60,30,-16
-61,31,-14
-56,34,-7
-57,34,-6
-59,33,-8
-63,32,-10
-64,31,-9
-61,28,-8
-59,28,-5
-58,27,-3
-59,26,-2
-59,25,-1
-59,25,-1
-57,26,0
-55,29,0
-56,29,0
-58,29,-2
-59,30,-3
-57,30,-3
-57,30,-2
-57,28,-2
-57,28,-4
-55,27,-3
-55,26,-2
-59,24,1
-59,24,2
-61,23,6
-62,22,7
-63,22,9
-62,22,7
-61,23,6
-60,25,3
-60,26,2
-59,26,-3
-57,27,-4
-55,30,-5
-56,31,-8
-56,32,-10
-57,32,-12
-59,32,-13
-60,28,-15
-58,27,-15
-51,29,-13
-49,30,-13
-46,30,-15
-48,29,-17
-68,26,-23
-70,25,-24
-65,26,-19
-66,26,-16
-69,23,-13
-65,21,-10
-65,17,-10
-79,11,-15
-77,11,-11
-70,9,-2
-63,6,0
-67,-3,1
-71,-6,1
-68,-6,-1
-63,0,0
-57,6,-2
-57,5,0
-59,6,-7
-67,6,-8
-60,7,-1
-64,5,-8
-62,3,-2
-61,-1,3
-62,-2,1
-70,0,-2
-77,1,-5
-82,4,-4
-71,10,-7
-72,13,-3
-69,13,0
-56,10,4
-57,9,1
-64,6,3
-68,9,0
-67,9,0
-65,11,2
-62,12,4
-57,8,0
-61,9,3
-64,7,5
-65,5,6
-60,6,5
-65,6,3
-72,7,1
-60,7,8
-62,6,9
-60,3,13
-62,3,12
-69,5,9
-69,4,12
-62,3,20
-59,3,23
-60,5,22
-57,7,18
-63,5,21
-64,5,22
-64,2,23
-58,4,24
-60,5,22
-62,7,19
-62,7,20
-58,8,19
-58,8,19
-64,10,11
-66,12,10
-64,12,10
-64,12,10
-64,11,9
-65,12,8
-64,13,7
-64,13,4
-63,14,4
-63,15,3
-62,16,3
-63,16,2
-63,15,3
-63,16,4
-63,16,5
-63,16,5
-63,16,5
-64,17,6
-63,17,7
-60,17,7
-63,17,7
-63,18,7
-64,17,8
-63,17,9
-62,17,10
-65,17,9
-62,18,9
-63,18,9
-63,18,9
-63,18,9
-59,20,11
-57,21,12
-59,22,12
-59,23,13
-59,23,13
-61,22,15
-61,22,16
-61,22,16
-63,23,16
-62,23,20
-61,23,21
-59,22,22
-57,22,23
-55,22,25
-42,24,33
-40,24,34
-47,26,31
-47,26,33
-33,27,42
-35,29,41
-40,28,37
-37,28,40
-32,28,45
-36,28,44
-34,28,48
-33,30,49
-36,29,47
-35,27,49
-35,27,48
-37,28,45
-36,28,44
-33,27,48
-31,27,50
-33,28,45
-37,28,41
-44,27,40
-43,27,41
-41,27,39
-41,27,37
-46,27,37
-42,26,40
-39,24,35
-48,23,26
-47,25,26
-54,27,16
-53,27,9
-56,25,8
-57,27,6
-57,28,-1
-51,29,-7
-56,31,-11
-63,27,-17
-65,25,-23
-57,29,-23
-47,26,-18
-60,19,-23
-87,31,-9
-68,13,-7
-64,19,-4
-67,20,-16
-62,15,-24
-56,16,-19
-60,11,-17
-70,7,-16
-67,6,-8
-68,4,-6
-70,2,-1
-64,0,0
-70,6,-3
-67,5,-3
-69,9,-12
-63,12,-10
-58,16,-5
-64,17,-11
-63,21,-15
-76,21,-23
-65,17,-18
-60,13,-9
-62,14,-6
-59,14,-9
-61,15,-10
-59,14,-8
-60,16,-10
-57,17,-8
-58,16,-6
-62,15,-7
-65,16,-9
-65,18,-9
-60,18,-8
-56,21,-12
-58,23,-17
-61,24,-20
-56,27,-27
-48,28,-22
-56,28,-22
-59,27,-24
-66,27,-30
-60,28,-26
-53,28,-18
-60,25,-21
-54,20,-16
-51,16,-7
-60,10,-4
-64,8,-5
-55,9,-2
-60,12,-1
-63,13,-3
-64,16,-6
-64,17,-6
-67,18,-5
-68,18,-7
-70,18,-6
-70,16,-6
-68,15,-4
-71,13,-4
-70,11,0
-67,9,1
-66,8,2
-66,7,1
-64,8,1
-60,8,4
-57,8,6
-53,13,-2
-55,20,0
-51,21,5
-54,21,6
-62,23,5
-64,24,5
-71,24,5
-67,22,9
-64,22,10
-60,24,12
-59,23,16
-42,19,33
-42,20,33
-59,20,29
-48,17,37
-36,19,41
-33,19,44
-24,18,53
-22,17,51
-13,19,54
-10,21,63
-10,20,67
-1,22,73
-1,23,71
-22,17,46
-31,18,45
-28,18,37
-48,18,18
-48,21,3
-71,23,-27
-76,21,-19
-85,19,-11
-72,20,-6
-53,23,4
-50,23,7
-60,20,14
-62,18,24
-51,17,28
-61,18,25
-43,14,39
-43,15,38
-56,11,36
-50,8,42
-50,9,39
-40,9,42
-36,9,43
-39,8,44
-42,6,37
-69,10,20
-67,11,23
-58,11,28
-66,11,24
-57,9,25
-53,9,22
-67,21,8
-65,22,11
-58,23,8
-61,21,4
-65,20,5
-56,16,4
-54,16,7
-71,19,8
-73,20,2
-71,26,-6
-71,25,-1
-72,22,-11
-68,20,-7
-44,18,18
-57,19,10
-65,17,6
-56,14,8
-58,6,8
-51,14,9
-54,15,5
-61,19,-6
-59,15,4
-50,23,18
-58,25,11
-64,23,4
-58,22,9
-54,18,11
-49,15,6
-48,10,1
-53,9,1
-45,5,0
-51,9,-3
-56,8,-3
-64,2,-5
-60,0,-4
-61,-3,-2
-65,-7,-5
-78,-16,-4
-71,-17,-1
-61,-27,2
-71,-33,-2
-71,-36,-4
-63,-37,0
-56,-38,0
-65,-42,-5
-65,-41,-5
-58,-34,3
-55,-33,3
-53,-34,-1
-51,-35,2
-48,-43,-4
-49,-48,0
-45,-65,7
-40,-77,3
-51,-77,0
-45,-68,-2
-43,-64,-3
-40,-60,-2
-40,-59,-4
-43,-56,-1
-43,-56,-1
-41,-52,-1
-40,-50,-2
-44,-45,-4
-46,-44,-6
-52,-41,-15
-58,-37,-22
-60,-36,-23
-59,-34,-25
-59,-33,-25
-61,-29,-26
-61,-27,-26
-61,-17,-24
-61,-13,-23
-60,-6,-22
-59,-2,-22
-62,0,-24
-65,-1,-24
-62,-3,-22
-60,-2,-16
-60,-1,-13
-60,-1,-13
-58,-1,-11
-54,4,-2
-48,5,-1
-56,-1,-10
-68,-3,-16
-64,-2,-19
-67,1,-20
-62,6,-22
-59,10,-21
-61,14,-18
-58,17,-17
-59,17,-17
-47,18,-12
-47,17,-11
-63,15,-18
-66,14,-17
-61,14,-13
-63,14,-12
-71,11,-12
-71,11,-10
-63,14,-5
-67,15,-7
-66,18,-12
-63,22,-12
-69,21,-13
-60,22,-19
-56,21,-20
-52,21,-14
-53,21,-18
-56,19,-24
-52,19,-24
-51,22,-22
-53,22,-24
-52,25,-29
-53,24,-27
-46,28,-32
-47,26,-37
-47,26,-37
-45,24,-37
-44,23,-38
-45,22,-35
-47,23,-32
-45,24,-29
-46,25,-26
-52,26,-26
-53,26,-27
-49,25,-31
-55,25,-34
-56,25,-33
-57,24,-31
-57,24,-29
-52,24,-26
-46,29,-18
-51,26,-23
-56,27,-23
-58,27,-20
-56,28,-15
-55,28,-10
-55,27,-10
-59,25,-15
-60,24,-16
-59,25,-16
-58,25,-17
-58,25,-17
-60,26,-17
-59,26,-16
-59,26,-15
-58,26,-15
-56,27,-16
-57,27,-17
-57,26,-16
-57,26,-16
-57,25,-14
-57,25,-13
-58,26,-10
-55,27,-8
-56,29,-7
-58,29,-5
-60,29,-6
-64,26,-10
-63,25,-11
-59,25,-5
-57,25,-4
-57,26,-7
-58,26,-8
-61,26,-8
-59,27,-3
-61,25,-4
-64,25,-2
-64,24,0
-53,22,9
-48,25,19
-52,22,12
-58,21,10
-59,26,16
-57,26,15
-61,28,13
-62,30,16
-63,32,12
-52,33,17
-56,30,15
-57,28,20
-54,28,20
-56,22,24
-57,23,30
-54,25,26
-53,25,24
-56,24,24
-51,23,26
-55,23,27
-54,23,25
-50,26,29
-48,26,32
-51,26,31
-52,27,31
-51,28,31
-54,28,26
-57,29,24
-57,31,16
-58,32,16
-54,33,6
-55,35,2
-57,37,-3
-55,38,-6
-54,38,-13
-54,36,-8
-53,35,-8
-65,33,-13
-66,32,-10
-48,29,5
-49,27,5
-57,29,-1
-57,30,-2
-52,30,-1
-59,31,-7
-57,33,-11
-48,34,-9
-43,35,-7
-44,36,-8
-49,35,-8
-57,35,-8
-57,37,-13
-55,37,-13
-58,37,-8
-57,36,-12
-47,38,-13
-50,38,-17
-58,37,-17
-63,36,-14
-41,38,-2
-44,39,-4
-51,38,-4
-54,36,-4
-59,35,-6
-60,36,-6
-51,37,-3
-51,36,-2
-50,35,1
-49,35,-1
-51,36,-6
-55,36,-8
-52,36,-6
-55,35,-4
-55,35,-2
-53,35,-2
-53,37,-3
-54,37,-5
-56,37,-6
-56,37,-7
-57,36,-6
-57,35,-9
-57,35,-10
-59,34,-11
-58,33,-11
-52,31,-9
-54,29,-6
-55,29,-8
-54,31,-11
-57,30,-15
-58,29,-15
-58,29,-15
-58,28,-13
-58,28,-12
-56,29,-11
-57,29,-12
-58,29,-12
-57,28,-12
-58,28,-11
-58,30,-11
-58,29,-11
-57,29,-10
-56,28,-9
-58,28,-8
-58,28,-8
-54,27,-6
-52,29,-4
-64,29,-9
-61,29,-9
-58,27,-8
-59,28,-4
-58,28,-2
-59,29,-3
-58,29,-4
-55,30,-5
-55,29,-5
-57,29,-4
-57,29,-4
-58,29,-4
-58,29,-4
-58,29,-3
-58,29,-4
-58,29,-4
-57,30,-4
-56,30,-4
-56,30,-5
-56,30,-5
-57,30,-5
-57,30,-5
-56,30,-6
-57,30,-6
-60,29,-3
-59,29,-3
-60,29,-4
-59,29,-4
-59,30,-4
-58,29,-5
-58,29,-4
-58,28,-2
-57,29,-1
-58,28,-2
-57,28,-3
-59,28,-4
-59,28,-4
-58,29,-3
-57,29,-3
-59,28,-4
-59,28,-3
-59,29,-2
-56,28,-1
-56,29,0
-62,30,-1
-59,30,-3
-58,30,-4
-59,30,-4
-58,30,-1
-57,30,0
-57,30,-1
-57,29,-2
-56,29,-3
-56,29,-3
-55,30,-2
-57,30,-2
-58,30,-2
-58,30,-2
-57,30,-2
-58,30,-3
-59,31,-3
-57,31,-2
-57,30,-3
-59,29,0
-60,28,0
-60,28,1
-58,29,0
-57,28,0
-57,28,1
-57,28,1
-57,29,0
-58,29,0
-59,29,-1
-59,29,0
-60,29,0
-60,29,0
-56,28,2
-54,28,2
-61,29,-1
-58,29,-1
-57,29,-1
-57,29,1
-58,29,1
-58,30,1
-59,30,0
-58,30,-2
-58,30,-3
-57,30,-4
-56,31,-4
-56,30,-3
-57,30,-2
-58,30,-2
-58,30,-3
-57,30,-3
-57,30,-3
-58,30,-4
-57,31,-6
-57,31,-5
-56,30,-4
-56,30,-4
-58,29,-3
-58,29,-3
-57,30,-4
-58,30,-4
-58,30,-4
-58,29,-4
-58,29,-4
-57,29,-3
-56,29,-2
-57,29,-3
-58,30,-3
-58,30,-4
-59,30,-5
-59,30,-5
-58,30,-5
-58,29,-4
-57,29,-4
-58,29,-4
-57,28,-4
-58,28,-4
-58,29,-5
-58,28,-5
-57,28,-3
-58,29,-2
-60,29,-5
-59,29,-5
-62,29,-4
-60,30,-3
-59,29,-3
-60,29,-5
-58,29,-4
-56,30,-2
-56,30,-2
-60,28,-2
-61,28,-1
-58,29,2
-54,31,5
-57,32,5
-57,32,6
-54,33,5
-54,33,5
-56,30,6
-56,32,5
-55,32,7
-55,33,4
-57,34,3
-57,33,4
-58,33,2
-58,34,7
-46,33,11
-51,35,10
-51,36,9
-51,35,12
-51,35,11
-51,34,10
-52,33,11
-53,33,10
-56,33,6
-56,33,6
-54,34,4
-51,34,4
-55,33,5
-58,33,4
-57,33,3
-57,32,3
-56,31,0
-59,33,-2
-57,32,-1
-57,30,1
-60,29,0
-61,28,0
-63,28,0
-71,23,3
-72,22,6
-62,22,12
-57,23,17
-59,22,15
-54,27,10
-54,33,1
-45,33,-2
-41,37,-4
-36,38,-11
-32,36,-19
-43,36,-34
-45,35,-43
-62,30,-66
-59,34,-65
-46,42,-49
-45,43,-35
-42,39,-24
-41,38,-18
-40,32,-27
-58,29,-14
-60,35,-9
-45,36,-12
-43,36,-14
-46,38,-12
-46,36,-10
-35,38,-12
-45,34,-6
-60,29,4
-52,26,6
-44,23,18
-63,18,21
-66,15,12
-62,13,28
-63,10,27
-49,9,38
-62,11,28
-73,10,16
-71,14,18
-54,19,24
-55,19,17
-76,17,-8
-80,22,-6
-65,21,3
-61,17,5
-61,15,11
-62,16,9
-66,15,6
-65,14,10
-63,15,12
-57,15,13
-57,15,14
-57,15,12
-59,13,13
-59,14,16
-54,14,18
-63,10,5
-65,12,3
-62,11,6
-59,13,2
-59,16,0
-61,17,-1
-63,19,-1
-72,16,-3
-73,14,-1
-71,15,0
-66,15,-2
-64,15,-7
-58,20,-7
-56,15,-2
-58,18,-2
-62,15,-5
-69,17,-6
-69,15,-6
-61,15,-7
-59,16,-4
-60,17,-8
-61,16,-7
-66,16,-7
-67,16,-8
-66,-4,0
-63,-2,-3
-56,9,-10
-55,10,-14
-57,10,-10
-60,7,-12
-61,7,-11
-52,5,-5
-51,3,-5
-56,-3,-13
-57,-4,-15
-62,-5,-19
-62,-7,-21
-57,-8,-20
-57,-8,-22
-54,-14,-28
-57,-16,-32
-60,-19,-38
-59,-24,-44
-63,-25,-45
-58,-28,-44
-53,-29,-43
-51,-30,-39
-51,-31,-37
-48,-33,-35
-47,-34,-35
-48,-34,-34
-48,-33,-33
-46,-32,-29
-47,-32,-28
-46,-32,-27
-43,-31,-23
-43,-31,-23
-44,-32,-24
-44,-32,-24
-45,-33,-25
-46,-33,-26
-46,-34,-28
-47,-34,-28
-46,-32,-30
-49,-32,-31
-51,-33,-28
-49,-31,-26
-50,-29,-24
-50,-31,-25
-52,-31,-16
-46,-39,-24
-47,-46,-29
-54,-55,-31
-55,-55,-30
-43,-52,-28
-45,-49,-28
-42,-46,-28
-41,-46,-30
-47,-44,-31
-55,-41,-37
-53,-40,-40
-50,-34,-33
-54,-30,-29
-55,-30,-31
-58,-30,-28
-59,-26,-24
-61,-26,-21
-60,-24,-21
-60,-25,-22
-58,-20,-16
-60,-20,-19
-57,-15,-16
-62,-13,-18
-56,-9,-18
-66,-6,-13
-65,-6,-12
-57,-2,-6
-57,-1,-4
-65,-2,4
-65,0,5
-59,6,7
-62,6,9
-62,10,13
-62,12,10
-55,15,13
-58,18,13
-57,19,11
-57,23,11
-60,23,10
-58,24,11
-51,25,16
-53,19,22
-51,19,25
-56,17,26
-57,17,33
-51,22,26
-51,21,27
-52,19,33
-52,20,33
-48,19,33
-49,19,39
-51,23,35
-44,21,34
-45,19,34
-49,21,36
-48,21,35
-48,21,35
-51,20,37
-52,20,37
-51,19,37
-53,17,39
-54,20,40
-54,20,40
-46,21,48
-41,20,50
-20,18,55
-18,22,54
-22,19,55
-21,18,57
-16,16,59
-12,18,59
-9,19,57
-15,15,55
-12,16,59
-16,13,60
-17,14,61
-14,14,61
-6,11,61
-3,12,60
-30,11,53
-19,11,61
-10,9,60
-24,10,50
-42,6,50
-15,9,62
-5,8,64
-34,6,53
-45,6,47
-43,6,47
-45,4,48
-52,5,43
-63,4,28
-61,3,23
-50,5,24
-53,6,20
-68,3,9
-66,4,10
-65,5,10
-66,5,9
-71,4,6
-78,3,7
-77,3,9
-71,5,13
-68,7,17
-54,7,27
-48,12,26
-47,19,23
-46,21,22
-56,16,23
-55,10,25
-56,12,26
-59,15,27
-59,16,29
-58,13,31
-58,14,31
-56,20,23
-54,21,21
-56,23,21
-56,21,24
-53,21,22
-56,22,21
-60,23,13
-64,23,9
-64,25,9
-59,24,8
-63,24,6
-57,20,11
-56,18,13
-62,10,11
-66,9,9
-66,7,15
-58,9,22
-52,10,29
-62,9,26
-62,7,26
-57,8,25
-55,13,23
-60,13,16
-63,14,15
-56,11,20
-54,11,22
-62,10,19
-67,5,13
-66,6,18
-60,10,21
-69,16,14
-74,13,8
-64,20,5
-61,21,3
-82,20,1
-72,18,-12
-73,19,-4
-68,16,-1
-56,20,-2
-63,7,7
-65,6,3
-52,3,4
-52,-3,6
-58,-2,1
-52,-1,-2
-53,5,-11
-54,8,-8
-57,12,-25
-75,16,-27
-73,16,-27
-58,15,-24
-55,10,-14
-72,6,-16
-69,5,-17
-63,7,-14
-60,5,-8
-68,6,-13
-64,7,-15
-66,12,-16
-70,5,-17
-71,1,-12
-64,-5,-6
-66,-10,-3
-62,-13,4
-61,-13,8
-61,-15,13
-62,-14,15
-57,-14,23
-51,-18,28
-56,-18,21
-68,-10,15
-82,8,0
-67,22,6
-58,34,2
-69,38,-19
-56,33,-8
-60,15,39
-33,-11,28
-30,-19,90
-42,-3,82
-72,16,13
-78,25,-3
-75,39,5
-68,39,-1
-56,16,-6
-40,-7,16
-58,-21,21
-31,-13,63
-42,-8,54
-59,-4,21
-59,1,16
-56,11,9
-56,13,7
-57,14,5
-61,14,3
-67,12,7
-67,13,9
-66,14,8
-68,18,7
-66,18,3
-69,20,1
-68,19,0
-66,19,-1
-66,18,-1
-63,17,0
-61,17,2
-58,18,2
-64,19,1
-66,18,2
-66,19,2
-68,20,4
-65,15,9
-62,13,11
-58,8,12
-57,8,11
-60,8,9
-58,8,10
-59,10,13
-61,10,13
-65,11,13
-66,13,12
-66,15,11
-65,16,11
-64,17,12
-65,18,12
-66,18,12
-67,15,11
-67,14,10
-64,11,9
-63,10,9
-61,7,9
-60,6,10
-58,4,11
-58,4,11
-59,4,11
-60,6,11
-61,7,11
-64,8,8
-65,8,8
-64,9,6
-64,10,6
-67,9,3
-68,8,3
-67,7,2
-68,7,2
-66,6,2
-64,7,3
-62,8,4
-63,8,5
-63,9,5
-64,10,5
-66,8,4
-68,10,4
-68,11,6
-70,9,3
-66,9,7
-60,9,11
-60,10,11
-64,10,7
-64,12,8
-67,14,9
-72,12,9
-72,11,8
-68,11,14
-64,10,17
-59,5,22
-58,3,20
-64,1,13
-66,2,12
-63,5,17
-64,7,18
-62,5,16
-65,4,17
-72,7,10
-65,8,11
-61,5,17
-58,6,29
-60,9,20
-64,12,19
-56,11,24
-50,15,33
-45,16,31
-53,20,16
-60,24,7
-60,27,6
-57,27,11
-48,29,14
-47,32,10
-49,32,7
-58,32,5
-56,29,5
-63,27,7
-65,26,7
-63,23,7
-64,23,10
-65,21,13
-66,20,10
-65,18,11
-65,15,11
-65,14,11
-60,10,13
-57,5,14
-52,2,14
-55,0,8
-61,-1,1
-70,-6,-4
-68,-11,-7
-69,-14,-7
-60,-9,-2
-58,-7,1
-60,-6,1
-73,-7,-9
-76,-9,-14
-80,-9,-18
-78,-6,-15
-72,-2,-6
-70,-2,-1
-70,-4,4
-72,-6,5
-71,-4,6
-72,0,5
-72,4,1
-69,7,0
-61,10,-1
-67,14,-9
-78,16,-18
-99,7,-31
-96,4,-26
-64,4,-10
-63,7,-11
-67,5,-12
-67,6,-10
-60,8,-11
-58,6,-8
-50,2,1
-46,2,7
-49,0,9
-45,0,17
-42,0,22
-49,-5,24
-58,-3,24
-60,4,24
-61,5,25
-62,7,23
-67,9,19
-70,9,19
-92,-4,3
-87,-3,2
-75,-1,6
-61,0,10
-54,0,14
-52,0,16
-54,1,14
-56,1,12
-66,4,5
-66,7,4
-58,16,8
-54,19,13
-60,23,15
-59,24,20
-59,22,24
-62,24,24
-64,27,20
-68,28,9
-67,30,9
-72,30,9
-76,24,3
-68,14,2
-62,11,2
-62,13,-16
-65,13,-24
-61,10,-21
-54,7,-13
-47,4,3
-47,6,5
-51,13,4
-63,15,4
-66,17,5
-68,15,4
-71,10,5
-67,6,7
-63,4,9
-61,6,9
-62,6,7
-61,7,4
-67,4,1
-83,-1,-5
-86,-4,-7
-63,-3,-1
-57,-7,4
-59,-9,3
-59,-13,1
-55,-15,0
-54,-13,0
-55,-12,-3
-60,-4,-6
-63,0,-6
-71,8,-7
-74,11,-8
-75,15,-10
-74,17,-10
-69,21,-11
-67,17,-11
-65,14,-12
-72,8,-19
-74,7,-17
-71,2,-11
-68,-2,-5
-64,-3,1
-72,-2,0
-69,-4,-1
-61,-4,7
-54,-7,13
-58,-14,11
-61,-22,16
-51,-34,26
-50,-33,27
-48,-33,30
-43,-37,36
-22,-40,42
-44,-52,31
-16,-42,69
-25,-34,46
-26,-22,40
-27,-30,55
-31,-19,50
-35,-26,48
-30,-23,47
-35,-22,49
-36,-23,49
-36,-27,48
-36,-29,23
-28,-16,48
-20,-17,59
-16,-13,53
-19,-21,55
-37,-19,52
-41,-20,49
-46,-25,47
-43,-24,48
-37,-22,49
-28,-24,49
-30,-27,46
-36,-29,45
-32,-28,45
-37,-32,44
-38,-32,45
-29,-28,49
-27,-28,48
-24,-24,52
-22,-20,54
-28,-20,55
-36,-25,50
-33,-25,52
-26,-19,55
-27,-20,54
-26,-21,53
-32,-24,51
-62,-38,37
-26,-21,52
-31,-29,48
-29,-30,47
-27,-28,46
-31,-26,48
-36,-27,44
-46,-27,54
-33,-18,50
-30,-22,52
-29,-20,55
-51,-22,53
-52,-30,54
-58,-28,63
-60,-18,59
-66,-14,42
-58,1,51
-58,8,42
-58,11,35
-39,23,36
-24,30,29
-22,30,21
-24,29,21
-17,30,28
-5,26,36
-10,23,40
-26,15,57
-16,15,64
-15,11,63
-11,10,61
-10,8,57
-8,6,60
-9,2,64
4,-2,78
5,0,75
-9,5,63
-10,7,62
-17,3,55
-26,5,59
-16,15,62
-15,13,58
-14,14,63
-12,17,62
-17,16,53
-32,10,49
-46,8,44
-75,16,34
-81,17,25
-82,19,21
-74,19,22
-63,15,25
-63,13,23
-61,13,30
-55,16,36
-52,9,37
-54,4,38
-51,0,36
-24,-3,29
-18,0,31
-50,-3,30
-65,-10,22
-71,-8,25
-69,-4,24
-74,-1,23
-57,-1,35
-56,1,28
-57,1,26
-51,2,31
-59,2,31
-72,8,18
-57,6,33
-56,2,37
-49,2,36
-42,3,40
-48,1,35
-51,0,36
-55,1,40
-56,4,40
-62,12,28
-62,12,27
-49,10,34
-48,10,34
-68,10,25
-60,8,30
-48,10,32
-90,8,2
-61,10,9
-57,14,14
-55,14,14
-55,13,12
-60,12,11
-66,11,6
-66,12,5
-67,13,8
-66,11,2
-64,15,4
-71,14,2
-64,17,5
-70,14,10
-65,13,15
-58,15,10
-55,15,9
-64,14,10
-66,12,13
-59,11,9
-62,12,11
-61,10,11
-64,11,13
-65,13,8
-60,13,14
-62,13,15
-61,14,13
-62,15,12
-65,13,13
-62,12,11
-61,12,14
-59,13,16
-60,11,11
-67,9,12
-70,1,32
-50,-5,39
-40,-4,25
-57,0,-11
-71,5,-31
-62,28,-53
-61,35,-57
-35,30,-53
-14,29,-45
-27,33,-46
-20,32,-45
-16,35,-45
-14,33,-42
-11,34,-34
-21,38,-43
-25,40,-44
-19,40,-46
-23,41,-51
-25,42,-51
-24,42,-49
-28,40,-48
-28,39,-47
-26,40,-47
-23,40,-48
-23,38,-47
-19,37,-46
-20,37,-47
-20,38,-47
-20,37,-46
-27,38,-48
-26,39,-48
-24,39,-50
-17,36,-42
-19,35,-41
-21,35,-44
-18,37,-44
-16,37,-43
-24,40,-55
-25,42,-60
-41,46,-75
-43,44,-68
-29,40,-50
-41,23,6
-55,19,16
-53,8,26
-42,7,37
-33,0,55
-25,-1,61
-31,3,60
-31,5,60
-36,5,48
-40,9,47
-39,10,49
-41,13,50
-46,14,45
-64,23,33
-63,32,41
-77,34,25
-86,46,28
-62,56,18
-45,58,19
-28,57,28
-27,53,37
-39,44,41
-46,37,36
-56,30,29
-75,31,32
-67,30,44
-41,38,50
-39,38,45
-36,36,35
-33,38,38
-27,41,42
-15,43,41
-8,45,44
-7,43,46
-14,42,34
-12,31,36
-15,35,26
-61,19,-14
-69,21,-12
-50,25,5
-40,27,9
-39,34,11
-41,37,11
-42,40,12
-44,41,12
-48,41,11
-48,40,11
-48,39,12
-46,40,11
-47,40,12
-55,38,11
-50,37,15
-40,37,20
-41,37,23
-42,33,29
-42,30,32
-27,32,40
-27,34,44
-33,25,50
-30,23,51
-22,22,53
-21,29,51
-24,30,52
-29,24,52
-32,23,51
-31,24,54
-29,21,55
-30,18,53
-36,19,49
-46,24,45
-50,28,49
-38,28,54
-49,29,50
-52,32,51
-42,29,42
-45,29,46
-54,26,40
-55,24,33
-44,18,26
-48,17,34
-51,18,31
-55,18,24
-72,12,11
-72,12,12
-65,16,23
-65,14,22
-66,12,21
-65,12,18
-66,13,18
-63,13,19
-61,13,18
-55,14,20
-54,15,19
-54,17,22
-54,14,23
-53,14,22
-53,15,19
-60,18,15
-63,21,12
-64,21,11
-63,20,11
-62,17,10
-69,14,7
-70,14,6
-69,14,2
-67,15,1
-64,14,1
-60,15,3
-58,17,1
-58,17,3
-63,16,3
-64,15,0
-65,14,-3
-65,14,-2
-65,16,-3
-65,13,-5
-63,13,-3
-58,15,-3
-59,15,-3
-57,15,-6
-57,17,-3
-60,17,-3
-62,17,-8
-68,21,-15
-66,22,-20
-65,24,-20
-66,22,-22
-60,25,-21
-62,20,-12
-65,15,-16
-62,17,-17
-61,17,-17
-55,22,-18
-58,19,-15
-54,17,-13
-52,19,-14
-53,20,-10
-60,17,-13
-61,18,-15
-57,17,-13
-59,16,-8
-64,16,-17
-63,18,-19
-64,17,-16
-64,17,-16
-65,17,-16
-67,19,-17
-62,21,-13
-61,20,-13
-59,21,-12
-62,19,-10
-60,18,-10
-59,19,-9
-63,23,-14
-65,20,-12
-66,19,-9
-62,19,-6
-61,19,-5
-59,19,-5
-60,18,-4
-62,19,-5
-62,19,-5
-62,18,-3
-61,17,-2
-62,17,-2
-63,17,-3
-62,16,-3
-61,16,0
-60,15,0
-60,14,2
-60,13,2
-61,13,1
-62,13,1
-63,12,0
-62,12,1
-60,13,0
-58,13,-1
-59,13,-2
-61,15,-4
-63,15,-5
-66,18,-5
-67,18,-5
-68,19,-7
-69,20,-7
-66,19,-7
-64,19,-6
-61,20,-6
-61,19,-6
-63,18,-6
-66,17,-6
-66,16,-7
-66,16,-7
-67,15,-7
-69,14,-7
-68,14,-7
-62,13,-7
-58,13,-4
-57,14,-7
-58,13,-8
-56,14,-8
-56,17,-10
-55,18,-12
-57,20,-14
-57,22,-15
-58,25,-16
-61,25,-18
-69,25,-23
-68,24,-24
-68,24,-23
-66,23,-22
-61,21,-20
-60,21,-19
-56,21,-18
-56,22,-18
-56,21,-19
-59,21,-19
-62,20,-20
-61,18,-16
-59,16,-11
-60,16,-7
-58,17,-6
-63,20,-10
-64,19,-10
-61,19,-9
-59,20,-9
-60,21,-11
-64,20,-17
-64,21,-17
-62,21,-17
-61,20,-14
-65,17,-10
-65,13,-10
-65,11,-10
-67,10,-11
-69,10,-15
-69,9,-14
-68,6,-13
-66,3,-10
-62,-2,-7
-54,-3,-2
-54,-4,-1
-59,-5,-1
-66,-2,-3
-66,1,-4
-66,4,-5
-62,7,-2
-60,7,-1
-61,11,-1
-64,14,-6
-63,17,-6
-65,17,-7
-58,14,-9
-60,11,-8
-59,11,-9
-63,16,-13
-65,18,-15
-64,21,-17
-60,24,-13
-57,32,-12
-60,36,-13
-61,44,-18
-70,47,-29
-89,30,-51
-79,24,-44
-52,14,-25
-51,11,-26
-55,13,-29
-51,13,-28
-47,11,-25
-45,6,-17
-46,6,-14
-55,11,-16
-57,13,-18
-61,15,-20
-62,15,-18
-65,13,-15
-64,12,-12
-62,13,-9
-63,14,-6
-66,16,-6
-69,16,-6
-71,20,-8
-81,17,-27
-81,11,-29
-77,12,-18
-64,8,-13
-53,5,0
-49,5,2
-49,4,2
-50,0,-5
-48,2,-6
-52,7,-8
-55,11,-6
-56,15,3
-59,16,6
-66,21,1
-69,24,-4
-72,28,-8
-71,30,-7
-69,28,-11
-65,27,-12
-65,28,-23
-77,21,-44
-80,18,-45
-65,13,-36
-55,14,-28
-47,12,-30
-51,16,-32
-52,16,-36
-53,15,-38
-47,14,-33
-46,13,-31
-51,15,-29
-54,15,-28
-55,15,-27
-54,13,-26
-54,12,-23
-56,11,-21
-58,11,-19
-60,11,-20
-64,13,-22
-74,16,-28
-80,15,-28
-78,12,-21
-74,10,-20
-63,7,-21
-57,5,-21
-48,2,-23
-46,1,-21
-43,3,-18
-44,11,-17
-46,14,-19
-49,19,-25
-50,21,-25
-56,25,-29
-58,27,-31
-59,33,-34
-58,35,-34
-52,37,-35
-49,35,-35
-45,35,-37
-42,35,-45
-43,35,-54
-57,31,-68
-58,20,-76
-56,11,-68
-56,14,-62
-48,9,-55
-43,9,-49
-29,10,-39
-29,12,-36
-39,17,-38
-44,20,-40
-44,23,-41
-42,26,-40
-35,28,-40
-41,25,-42
-47,22,-44
-47,17,-45
-48,17,-43
-51,12,-34
-53,13,-33
-55,15,-26
-55,15,-24
-58,13,-27
-55,21,-24
-51,20,-23
-54,19,-27
-62,25,-23
-49,18,-22
-48,8,-25
-64,1,-15
-65,-1,-18
-58,6,-16
-59,15,-16
-60,11,-29
-59,16,-20
-63,19,-14
-63,17,-15
-65,17,-10
-64,17,-14
-67,18,-21
-59,16,-22
-65,16,-15
-64,11,-13
-60,14,-6
-57,11,-5
-67,16,-26
-52,21,1
-60,18,-10
-59,19,-9
-63,18,-9
-61,20,-8
-62,17,-13
-66,18,-11
-66,17,-9
-62,17,-5
-63,17,-4
-63,17,-1
-65,18,-2
-65,20,-1
-64,22,-1
-61,20,-3
-53,22,-4
-53,23,1
-52,21,-9
-67,18,-9
-60,22,0
-62,20,-14
-66,19,-22
-63,20,-7
-63,20,-3
-56,22,-2
-64,20,-8
-60,20,3
-65,20,0
-64,21,1
-65,20,-3
-65,19,-5
-65,17,-7
-63,17,-8
-62,17,-7
-61,17,-6
-60,15,-4
-60,14,-3
-63,12,-4
-68,11,-6
-70,16,-2
-79,21,-4
-83,29,4
-82,39,15
-77,39,17
-62,37,14
-54,35,14
-43,31,15
-45,30,20
-23,24,21
-28,21,18
-31,21,11
-40,17,1
-54,17,-5
-59,16,-6
-60,21,0
-59,27,4
-62,31,11
-71,34,14
-65,33,8
-61,34,6
-62,33,3
-61,34,-1
-61,34,1
-58,37,9
-61,36,8
-75,33,1
-77,43,9
-67,41,15
-48,60,31
-31,58,37
2,46,37
12,45,34
-8,31,16
-29,18,22
7,-5,57
-2,-19,67
-6,-27,58
-6,-30,54
-6,-26,62
-22,-24,59
-19,-17,69
-31,1,57
-14,5,54
7,2,56
10,-13,78
-25,-22,66
-22,-24,66
-18,-13,59
-14,-9,54
-7,-9,49
4,-13,55
4,-16,73
-30,-9,65
-23,-2,67
-28,-1,59
-29,-1,63
-23,0,64
-28,-1,64
-30,1,65
-31,1,63
-29,3,54
-33,6,47
-24,8,49
-27,10,50
-30,14,44
-38,15,48
-42,15,51
-48,19,47
-47,19,44
-51,21,51
-53,23,39
-44,24,34
-36,22,37
-34,22,36
-37,24,38
-55,28,29
-55,28,26
-57,27,22
-56,30,23
-53,26,16
-55,25,6
-52,26,4
-48,29,-5
-47,32,-12
-44,36,-16
-47,34,-17
-55,35,-12
-56,36,-7
-65,35,21
-75,31,15
-67,28,1
-52,29,-3
-53,30,-4
-66,26,-1
-62,25,16
-61,24,12
-61,23,9
-63,23,7
-63,18,12
-58,18,12
-67,17,9
-63,17,8
-60,17,9
-60,18,8
-59,20,5
-62,19,4
-61,21,4
-62,22,3
-60,22,2
-62,21,2
-62,21,0
-64,21,-1
-63,21,0
-61,21,2
-63,19,-4
-64,15,-1
-68,11,-1
-67,12,-5
-65,13,-7
-61,18,-7
-61,19,-14
-60,28,-26
-64,30,-33
-44,39,-22
-44,42,-26
-53,57,-38
-56,62,-41
-42,61,-23
-12,61,4
-4,58,11
13,57,34
-3,57,36
9,57,27
25,56,33
25,50,28
25,47,29
25,41,30
26,40,28
20,37,38
23,36,40
29,41,36
23,48,34
20,48,38
30,44,40
28,41,37
14,42,31
15,45,31
19,43,41
18,47,43
16,49,38
16,45,39
16,42,43
15,41,42
15,41,42
11,42,44
10,42,47
8,41,49
7,41,49
2,41,51
3,41,52
7,36,48
-4,37,50
1,36,51
7,34,44
-6,32,43
-17,31,39
-31,34,40
-41,36,36
-46,33,32
-62,27,23
-62,28,23
-67,23,11
-69,21,10
-60,19,0
-65,18,-6
-75,13,-4
-69,14,-1
-63,10,-3
-69,11,-4
-69,12,3
-60,16,1
-61,16,-2
-62,17,0
-63,19,0
-64,18,-4
-64,17,-3
-62,16,1
-63,18,-2
-64,21,-8
-68,21,-10
-61,24,-7
-62,24,-9
-63,26,-11
-59,26,-12
-59,26,-13
-62,24,-13
-61,25,-13
-58,27,-13
-59,27,-13
-58,28,-12
-60,29,-13
-58,31,-13
-56,31,-14
-56,30,-17
-53,31,-17
-53,31,-19
-52,30,-22
-51,31,-21
-49,30,-23
-48,31,-22
-49,31,-22
-48,32,-22
-49,33,-22
-49,33,-22
-50,34,-22
-50,34,-23
-51,35,-22
-51,36,-21
-49,37,-20
-45,39,-18
-47,39,-21
-41,39,-24
-41,39,-26
-37,40,-21
-36,39,-19
-43,35,-14
-41,37,-20
-48,34,-23
-45,32,-18
-57,22,-27
-72,22,-16
-69,24,-12
-56,24,-12
-61,25,-11
-68,19,-13
-64,17,-10
-65,16,-1
-70,12,2
-75,9,-4
-70,9,3
-62,11,0
-65,11,-5
-66,13,-5
-61,16,-1
-60,16,-2
-62,16,-3
-63,16,-3
-62,16,-4
-61,16,-5
-62,15,-1
-63,15,-1
-63,14,0
-63,14,-1
-66,16,-2
-65,16,-2
-64,16,-2
-63,16,-3
-63,16,-3
-63,16,-2
-62,16,-2
-64,16,0
-64,16,-1
-63,16,-1
-65,17,-1
-65,15,-1
-66,14,1
-66,13,2
-66,14,2
-66,16,3
-64,17,5
-64,17,6
-64,18,6
-62,19,8
-58,19,10
-59,20,11
-57,22,17
-55,23,17
-49,23,21
-51,23,23
-52,24,26
-50,25,27
-50,25,28
-47,26,31
-46,28,34
-47,31,36
-45,31,36
-44,25,36
-46,27,39
-43,26,38
-44,26,39
-46,28,40
-44,29,39
-43,27,38
-47,28,38
-47,30,39
-44,30,36
-41,29,37
-43,29,39
-42,29,41
-36,29,44
-37,28,42
-41,29,40
-38,30,41
-36,31,45
-35,31,45
-31,29,47
-28,31,48
-25,32,50
-20,29,50
-20,28,50
-34,29,46
-33,29,48
-27,30,49
-26,29,48
-40,31,44
-38,29,48
-41,24,29
-55,25,23
-54,25,20
-49,22,5
-53,23,-1
-59,21,-19
-53,20,-26
-67,18,-38
-59,19,-34
-52,21,-31
-52,20,-33
-56,20,-34
-50,21,-32
-54,21,-35
-68,16,-43
-67,14,-44
-44,17,-27
-50,17,-24
-58,16,-13
-51,17,0
-62,17,9
-64,18,5
-58,21,8
-52,22,13
-60,28,17
-61,29,16
-60,32,17
-59,27,8
-58,26,4
-59,26,0
-60,25,0
-58,22,-9
-61,23,-11
-62,24,-17
-60,23,-16
-59,25,-9
-61,26,-2
-59,25,1
-62,24,-1
-64,23,-10
-60,24,-12
-58,24,-8
-54,26,1
-62,24,-3
-59,28,4
-58,28,7
-67,22,3
-68,24,5
-65,29,14
-62,30,27
-61,27,39
-55,34,46
-37,45,45
-19,43,41
-15,46,39
-6,46,31
6,47,26
18,45,32
10,46,39
2,47,54
1,44,54
8,36,52
10,34,52
-6,31,50
-9,32,47
-8,38,42
-7,42,44
-5,44,45
0,54,36
1,57,36
5,56,38
5,55,39
8,55,33
7,52,32
13,54,33
11,54,31
17,52,28
20,55,29
21,53,26
21,55,28
22,56,26
22,57,27
19,56,28
21,56,30
22,55,28
23,53,24
20,53,23
20,52,26
23,52,27
25,51,25
23,51,24
24,52,24
30,52,25
29,52,22
22,52,16
22,53,16
25,53,15
24,52,13
28,54,17
29,54,20
29,54,21
26,54,20
26,54,20
27,54,20
25,54,20
25,55,20
25,55,21
25,55,21
25,55,21
22,56,20
22,56,21
23,56,23
23,56,23
21,57,23
20,57,22
22,55,24
21,55,25
20,56,24
19,56,23
20,56,23
20,56,23
21,56,23
21,56,22
19,57,21
21,56,22
23,56,23
21,55,23
20,55,22
21,54,23
22,54,23
22,55,24
21,56,23
21,56,24
22,56,24
20,55,23
20,55,23
21,55,22
20,55,22
20,55,23
21,55,23
21,55,22
20,55,22
20,55,23
21,56,23
20,56,22
20,56,22
21,55,25
21,55,26
21,56,26
21,56,26
21,57,25
21,57,24
20,55,23
21,55,23
21,54,23
21,53,24
21,53,24
21,54,24
21,54,24
20,55,23
20,55,23
19,55,23
19,55,24
20,55,24
20,55,25
20,56,25
19,56,26
18,56,26
17,56,27
18,56,27
17,56,26
18,55,25
18,55,24
17,55,24
19,54,25
18,54,25
18,55,25
17,56,25
18,55,27
18,56,28
18,57,27
17,57,26
17,57,26
16,56,26
16,55,26
15,55,25
15,55,25
14,55,25
14,55,25
14,53,28
14,53,30
13,55,31
11,55,30
11,54,31
11,54,34
11,54,34
8,54,34
6,53,35
7,54,35
8,53,35
6,54,34
5,54,34
5,53,34
3,53,34
4,52,37
6,52,37
5,52,36
4,52,34
4,52,35
4,53,37
4,53,37
3,53,37
4,53,37
3,52,37
3,52,37
3,52,37
4,52,37
3,52,35
3,53,37
3,52,39
6,54,40
6,55,37
7,56,35
6,56,38
9,54,37
12,54,34
11,54,31
10,53,31
11,52,32
13,52,32
15,51,30
15,51,29
16,51,29
18,52,29
18,53,28
19,52,27
20,52,27
19,52,27
19,53,28
19,53,30
21,54,31
22,53,31
21,53,31
21,54,31
20,53,27
19,52,26
21,52,24
21,52,23
21,51,22
22,50,24
24,51,27
24,52,29
24,53,28
24,53,27
23,54,24
21,55,25
22,55,26
23,53,26
23,53,28
21,53,30
21,54,29
20,53,27
19,53,27
20,52,26
21,52,26
21,53,28
20,53,29
19,54,29
18,55,28
18,54,28
20,53,26
20,54,25
19,54,27
19,54,28
20,56,26
19,56,26
18,55,27
18,55,26
18,55,27
18,54,27
18,53,27
18,54,27
18,55,27
19,55,26
19,55,25
19,55,26
18,56,26
18,56,25
18,56,25
18,56,25
18,56,25
17,56,26
17,56,26
18,55,26
17,56,26
17,57,27
17,56,26
18,56,25
17,56,23
17,56,22
16,55,24
16,55,25
16,55,26
16,55,26
16,56,26
16,56,26
15,57,26
16,57,27
16,57,27
16,57,27
16,57,27
15,56,26
15,56,26
16,56,26
16,56,25
16,56,25
16,56,25
16,56,26
16,57,25
15,57,26
15,55,26
15,55,26
16,55,25
16,56,25
15,56,26
16,56,25
16,56,25
16,56,25
16,57,26
16,57,26
15,58,26
15,58,25
15,57,25
15,56,25
15,56,25
15,55,25
14,55,25
15,56,25
15,56,25
15,57,26
15,57,25
16,57,25
16,56,26
15,56,25
15,57,25
15,57,25
16,56,25
17,56,25
16,56,25
15,56,25
15,57,26
15,57,26
16,57,26
16,56,26
16,56,26
16,56,26
17,57,26
18,58,27
17,58,28
15,57,26
16,56,24
16,54,21
17,53,21
18,52,25
17,53,25
17,54,27
17,54,26
16,55,27
16,55,27
16,56,28
16,57,28
17,57,28
17,57,27
16,57,27
16,57,27
17,56,27
16,57,29
15,58,30
16,57,31
16,57,30
16,55,26
17,55,26
19,55,24
21,54,24
22,55,25
21,54,27
21,54,28
21,52,28
20,51,27
18,50,26
18,50,25
19,51,25
20,52,24
22,53,22
22,53,22
22,54,26
23,55,25
22,55,24
22,54,22
22,52,23
22,51,24
20,52,24
18,51,30
18,52,32
19,54,31
18,56,31
18,56,30
18,56,28
17,56,27
16,56,26
16,55,26
14,50,28
13,50,29
11,54,29
12,56,28
13,59,25
14,60,24
15,61,24
16,60,24
15,60,25
14,59,25
14,59,25
14,57,24
14,57,25
13,54,27
13,52,28
14,51,31
14,51,31
12,53,31
11,53,30
12,54,29
12,55,29
12,55,29
11,55,30
10,55,30
9,56,31
8,56,31
8,55,30
8,55,29
6,56,28
6,56,29
4,57,30
8,57,32
5,58,36
6,58,35
8,58,31
10,57,27
10,58,26
8,57,28
8,57,30
9,57,30
9,57,30
9,56,30
9,55,31
11,55,29
11,55,29
11,55,29
11,54,29
12,54,28
11,54,29
12,54,29
12,55,27
12,55,27
13,56,26
14,56,27
13,57,27
12,57,27
12,57,29
12,57,28
12,57,28
12,57,28
12,56,28
12,56,28
12,55,28
12,56,28
12,56,28
12,56,28
12,56,29
12,56,29
12,56,29
12,56,29
12,56,29
12,56,29
12,56,29
12,55,28
12,55,28
12,55,28
12,55,29
12,55,29
12,55,28
12,55,29
12,56,29
11,56,29
11,56,29
11,56,29
11,56,29
11,56,29
11,56,28
11,56,29
11,56,29
11,56,29
11,56,29
11,56,28
11,56,28
12,56,28
12,56,28
12,56,28
12,56,28
12,56,27
12,56,28
12,56,28
12,56,28
12,56,28
12,56,27
12,56,27
12,56,28
12,56,28
12,56,28
12,56,28
12,56,27
12,56,27
12,56,28
12,56,28
12,56,27
12,56,28
12,56,28
12,56,28
12,56,28
12,56,28
11,56,29
12,56,29
12,56,29
12,56,29
12,56,28
12,56,29
12,56,28
12,56,28
12,56,29
12,56,29
12,55,29
12,56,29
12,56,29
13,56,29
13,56,29
13,55,28
13,55,29
13,55,29
13,55,29
12,55,29
12,55,29
12,55,29
12,55,29
13,56,29
12,56,29
12,56,29
13,56,28
12,56,28
13,56,29
12,56,29
12,55,29
13,56,29
12,56,28
13,56,29
13,56,29
13,56,29
13,56,28
13,56,28
13,56,29
13,56,29
13,56,28
13,56,28
12,56,28
13,56,28
13,56,28
13,56,29
13,56,28
12,56,28
12,56,29
12,56,29
12,56,29
12,56,29
12,56,28
12,55,28
12,56,29
12,56,29
12,56,29
12,56,28
12,56,28
12,56,29
12,56,29
12,56,28
12,56,27
12,56,27
13,56,28
12,57,28
12,56,28
13,56,28
12,56,27
12,56,27
12,56,27
13,56,27
12,56,27
13,57,27
13,56,27
12,57,28
13,56,27
13,56,27
12,56,27
13,56,27
13,56,27
12,56,27
13,56,28
13,56,28
13,56,27
13,56,27
13,56,27
13,56,27
13,56,27
13,56,27
13,56,27
13,56,27
13,56,27
13,56,27
13,56,27
13,56,27
13,56,27
13,56,27
13,56,27
13,56,27
13,56,27
13,56,27
13,56,27
12,56,27
13,56,27
13,56,28
13,57,27
13,57,27
13,57,27
13,57,28
13,56,28
13,56,27
13,56,27
13,56,27
13,56,27
13,56,28
13,56,27
13,56,28
13,56,28
13,56,27
12,56,28
12,56,28
13,56,28
12,56,27
13,56,28
12,56,27
12,56,28
12,56,28
12,56,28
12,56,28
12,56,28
12,56,28
12,56,28
12,56,28
13,56,28
12,56,28
12,56,27
12,56,27
12,56,28
12,56,28
12,56,28
13,56,28
12,56,27
12,56,28
12,56,28
12,56,28
12,56,28
12,56,28
12,56,28
12,56,28
12,56,28
11,56,28
12,56,29
12,56,29
12,56,28
12,56,28
12,56,28
12,56,28
12,56,28
12,56,28
12,56,28
12,56,28
12,56,28
12,56,28
12,56,28
12,56,28
12,56,28
12,56,28
12,56,28
12,56,28
12,56,28
12,56,28
12,56,28
12,56,27
12,56,27
12,56,28
12,56,27
12,56,28
12,56,27
12,56,28
12,56,28
12,56,28
12,56,28
12,56,27
12,56,27
12,56,27
13,56,28
13,56,28
13,56,28
13,56,28
13,56,27
13,56,27
13,56,28
13,56,28
13,56,29
13,56,28
13,56,28
13,56,28
13,55,28
13,55,28
13,55,28
13,55,28
13,55,28
13,55,28
13,55,28
13,55,28
13,55,28
13,55,28
13,56,28
13,56,28
13,56,28
13,56,29
13,56,29
13,56,28
12,56,28
12,56,28
13,56,29
13,56,28
13,55,28
13,55,28
13,56,27
14,55,27
13,56,27
13,55,28
13,55,28
13,56,29
13,56,29
13,56,28
13,56,28
13,56,27
14,56,27
13,56,28
13,55,28
13,56,28
13,56,28
13,56,28
13,56,28
13,56,27
13,56,27
12,56,28
13,56,28
13,56,28
12,56,28
12,57,28
12,56,27
13,56,27
13,56,27
12,56,27
12,56,27
13,56,28
13,56,28
12,57,27
13,56,28
13,56,28
13,56,28
13,56,27
13,56,28
14,55,28
14,55,28
14,55,28
14,54,27
14,53,26
13,54,27
12,54,27
13,54,28
13,55,29
13,56,29
13,57,29
13,57,28
13,57,28
13,57,28
13,57,27
13,57,27
13,56,27
13,56,27
12,56,27
12,56,28
12,56,28
12,56,28
11,56,29
11,56,28
12,56,28
11,56,28
12,56,28
12,56,28
11,56,28
12,56,28
11,56,28
11,56,28
11,56,28
10,56,28
10,56,29
10,56,29
10,56,29
10,56,29
10,56,29
10,57,29
10,56,29
11,56,29
11,56,29
11,56,29
11,55,29
11,55,29
11,55,29
11,55,29
11,55,29
11,55,29
11,56,29
11,56,30
11,56,29
12,56,29
12,56,29
12,55,29
12,56,29
12,55,29
12,55,29
11,55,29
12,56,29
12,55,29
12,56,29
12,56,29
12,56,29
12,56,29
12,56,29
12,55,29
11,55,29
11,55,29
11,55,29
12,55,29
12,55,29
12,56,29
11,56,29
12,56,29
12,56,29
12,56,29
12,56,29
11,56,29
11,56,29
11,55,29
11,55,29
12,55,29
11,56,29
11,56,29
11,56,29
11,55,29
11,56,29
12,55,29
12,56,29
11,56,29
12,55,29
11,56,29
12,56,29
12,55,29
11,56,29
11,56,29
12,56,29
11,56,29
11,56,29
11,56,29
11,56,29
11,56,29
11,56,29
11,56,29
11,56,29
11,56,29
11,56,29
12,56,29
12,56,28
12,55,28
12,56,27
11,56,27
11,56,28
11,56,32
11,56,31
11,56,29
11,56,27
11,56,28
12,56,28
12,56,29
11,56,29
11,56,29
11,56,29
11,56,29
11,56,29
11,56,29
11,56,28
12,56,28
12,56,28
12,56,29
12,56,29
12,56,29
12,57,29
13,57,28
12,57,27
12,56,27
12,56,27
12,55,28
12,54,28
12,54,29
12,55,29
12,55,29
13,56,28
13,56,29
13,56,29
13,56,29
13,56,28
13,56,28
12,56,28
13,56,28
13,56,28
13,56,28
13,56,28
13,55,28
13,55,27
13,56,27
13,56,27
13,56,27
13,56,28
13,56,28
13,56,28
13,56,27
13,56,27
14,56,27
13,56,27
13,57,26
13,57,27
13,57,27
13,56,28
13,56,28
13,56,28
12,55,27
12,55,29
12,55,29
12,56,28
11,56,27
10,56,26
11,56,27
10,57,27
9,58,25
8,59,25
5,60,24
4,59,27
2,60,29
3,60,28
1,60,25
-1,60,25
-1,59,25
-1,60,25
2,61,27
1,59,26
1,59,28
1,59,28
3,59,27
4,59,27
2,59,27
1,58,29
1,57,30
1,56,28
1,55,28
0,55,30
-1,54,31
-1,54,31
-1,53,32
0,52,32
0,50,34
0,50,33
1,50,33
2,50,33
2,50,33
2,50,34
0,53,36
0,55,37
1,56,38
1,57,39
0,56,40
1,57,41
2,55,38
2,52,35
-1,51,32
2,48,28
7,50,30
7,48,31
11,46,29
8,42,34
-2,41,33
-16,42,28
-20,38,25
-33,33,27
-43,30,25
-42,24,3
-65,34,-23
-64,34,-16
-66,33,-24
-59,33,-32
-65,34,-46
-63,33,-42
-56,31,-36
-63,30,-39
-67,28,-39
-60,27,-32
-63,23,-34
-64,21,-34
-53,18,-25
-55,17,-22
-60,16,-22
-54,15,-17
-57,15,-19
-52,15,-12
-55,14,-12
-65,11,-16
-67,12,-15
-57,10,-5
-52,6,-3
-57,2,-7
-54,-1,-9
-55,-1,-17
-54,2,-29
-56,-1,-32
-50,2,-36
-49,0,-40
-45,-1,-37
-38,-10,-27
-67,-19,-32
-80,-26,-44
-78,-19,-44
-53,-22,-34
-47,-38,-35
-70,-49,-43
-63,-50,-31
-43,-46,-23
-40,-47,-20
-47,-45,-16
-52,-40,-24
-42,-37,-25
-61,-43,-15
-62,-47,14
-56,-44,20
-67,-35,17
-64,-37,29
-50,-53,45
-40,-33,53
-45,-27,50
-65,-4,27
-70,5,20
-46,15,8
-45,16,10
-69,14,21
-74,16,34
-56,18,53
-45,21,62
-49,31,69
-45,37,67
-47,48,55
-30,56,46
-17,60,46
-23,54,39
-19,50,36
-6,44,39
-13,40,37
-5,37,40
-3,30,42
-10,25,33
-11,25,36
-20,17,29
-30,16,22
-34,21,27
-23,27,23
-20,33,11
-41,41,8
-36,45,21
-29,47,9
-39,52,11
-34,55,18
-40,53,8
-50,56,4
-37,53,8
-39,56,-4
-37,58,-2
-29,60,1
-41,54,-2
-36,56,1
-36,58,5
-33,57,5
-33,58,1
-30,58,5
-30,58,6
-33,59,3
-29,58,2
-30,56,2
-32,55,-1
-32,55,2
-26,55,0
-26,55,-3
-25,52,-5
-21,50,-1
-23,49,0
-18,51,2
-19,49,5
-23,53,4
-26,54,4
-32,56,-7
-26,57,-2
-34,54,6
-32,55,1
-39,53,6
-40,54,12
-38,50,14
-47,48,18
-49,52,19
-46,52,20
-36,46,15
-30,36,9
-38,48,13
-32,44,25
-35,34,12
-42,37,19
-41,33,18
-47,32,16
-53,34,22
-50,34,23
-59,34,19
-66,36,22
-55,31,29
-61,29,28
-67,24,26
-67,23,31
-61,24,24
-58,20,29
-73,20,28
-10,14,52
-11,14,59
-56,14,40
-42,8,40
-42,11,44
-52,10,46
-48,7,39
-47,6,37
-43,3,37
-46,4,36
-49,3,33
-43,1,36
-47,1,34
-52,-1,39
-51,-3,38
-44,-13,56
-71,-9,31
-62,-10,34
-59,-9,33
-57,-7,32
-56,-10,32
-61,-11,26
-60,-12,25
-59,-19,25
-57,-23,32
-51,-21,42
-60,-29,25
-49,-33,32
-68,-25,40
-69,-28,26
-17,-26,36
-11,-21,50
-50,-25,44
-50,-27,44
-44,-26,48
-31,-27,54
-38,-36,46
-50,-19,44
-48,-35,50
-44,-30,49
-54,-31,43
-45,-30,41
-51,-25,40
-35,-23,43
-21,-22,43
-38,-5,40
-46,-5,34
-45,-4,33
-10,-22,-62
-32,-29,28
-31,-12,28
-52,8,33
-73,9,23
-55,-12,27
-56,-1,33
-62,-4,28
-70,-4,21
-57,-19,29
-61,-18,37
-56,-26,46
-63,-19,54
-66,-14,34
-58,-12,31
-56,-10,41
-53,-11,45
-47,-7,45
-48,-10,50
-48,-14,43
-49,-13,48
-54,1,33
-57,3,36
-54,8,20
-49,7,15
-52,7,28
-64,9,25
-68,5,23
-32,-5,37
-44,2,30
-59,0,29
-57,-5,41
-50,-1,49
-48,-2,55
32,3,80
22,19,78
-10,-7,72
-17,-13,72
-6,0,59
-13,24,61
-18,14,62
-6,16,65
-15,-5,47
-52,6,12
-75,18,2
-74,23,2
-65,27,3
-84,27,1
-96,22,0
-69,33,6
-47,38,19
-58,36,11
-62,38,2
-60,40,0
-61,41,-5
-54,61,32
-75,42,-5
-25,46,7
-38,47,3
-36,49,7
-31,48,6
-32,48,3
-32,50,4
-32,50,4
-24,51,1
-23,52,7
-23,54,5
-26,57,0
-24,58,1
-27,52,0
-24,52,0
-17,48,11
-27,47,3
-30,51,-3
-33,50,-3
-18,48,-5
-24,50,-5
-26,58,-9
-22,58,-7
-32,58,-9
-39,57,-9
-26,60,2
-33,58,-3
-38,57,-8
-45,54,-3
-19,56,10
-25,55,8
-33,56,2
-17,56,7
-14,54,18
-21,55,18
-15,54,26
-20,49,23
-19,58,27
-17,54,30
-11,48,29
-9,46,25
-12,51,24
-13,46,31
-26,44,39
-27,43,35
-40,44,38
-41,46,43
-36,50,30
-28,49,45
-34,46,43
-34,44,40
-36,37,41
-52,35,28
-47,35,37
-42,30,41
-50,29,32
-49,26,36
-48,24,34
-43,24,32
-49,28,35
-47,27,32
-51,29,28
-51,33,34
-44,32,39
-45,30,32
-49,26,23
-45,29,28
-31,31,30
-32,33,29
-35,29,21
-27,31,20
-31,33,10
-41,38,23
-43,29,30
-50,29,14
-67,32,16
-63,31,22
-65,28,22
-83,27,5
-88,29,-4
-80,35,11
-73,34,14
-64,29,14
-52,36,17
-62,43,0
-64,36,3
-60,33,7
-61,27,16
-61,28,15
-53,28,12
-54,28,6
-53,29,12
-51,29,9
-53,30,12
-55,30,14
-55,31,10
-50,32,12
-57,35,7
-57,35,3
-59,34,4
-47,35,11
-48,35,10
-52,35,11
-59,35,12
-57,38,6
-43,37,16
-42,38,19
-42,36,21
-48,37,23
-43,40,23
-42,44,30
-46,47,29
-45,46,26
-37,46,32
-43,47,28
-44,46,28
-44,45,23
-39,45,26
-38,44,26
-32,41,26
-35,40,30
-45,41,25
-42,42,22
-32,45,30
-37,46,25
-37,45,18
-40,48,37
-45,45,22
-47,43,21
-42,42,21
-44,42,21
-48,39,22
-66,28,2
-60,27,8
-27,30,20
-4,28,13
-20,24,7
-20,33,23
-26,34,31
-31,36,39
-42,38,29
-72,33,12
-76,34,11
-103,32,-6
-101,29,-1
-74,28,14
-59,17,14
-79,6,10
-65,14,2
-70,17,-23
-63,18,-11
-64,18,-4
-67,17,-3
-68,18,-4
-60,21,0
-60,20,2
-63,18,-9
-73,21,-6
-69,29,-5
-66,28,-7
-69,27,-1
-63,28,-3
-58,29,1
-54,30,5
-55,30,0
-60,31,-6
-55,32,-3
-55,33,-8
-52,35,-7
-45,35,-6
-44,35,-7
-53,37,-10
-49,38,-10
-19,32,-15
-31,35,-35
-27,33,-42
-38,25,-40
-40,32,-38
-49,34,-41
-51,37,-33
-49,38,-17
-53,36,-12
-49,40,-6
-58,39,-3
-31,38,-2
-55,36,-18
-71,36,-20
-67,36,-6
-55,35,-1
-59,28,-7
-53,26,-8
-48,33,-14
-55,34,-19
-65,34,-21
-57,31,-19
-50,33,-12
-53,34,-5
-38,24,6
-27,24,27
-63,18,33
-49,12,24
-62,6,31
-103,-7,12
-88,1,4
-80,11,-16
-87,8,-15
-81,4,-18
-78,9,-12
-64,10,-9
-70,8,-10
-63,8,-11
-55,11,-8
-65,15,-6
-65,14,-16
-61,15,-11
-53,16,-5
-55,16,-4
-60,13,-9
-63,11,-6
-61,8,-9
-64,7,-10
-65,4,-9
-71,2,-14
-74,3,-14
-71,6,-12
-69,5,-11
-62,3,3
-63,0,9
-60,-7,12
-63,-7,18
-62,-5,20
-57,-5,24
-60,-2,25
-64,0,22
-63,4,21
-64,6,19
-64,8,16
-60,6,21
-57,6,24
-60,7,23
-61,7,24
-62,9,26
-62,8,25
-60,9,20
-66,11,19
-62,11,24
-62,12,21
-73,7,14
-67,4,19
-46,0,30
-49,-1,32
-50,-1,30
-55,3,28
-54,4,29
-56,7,26
-57,7,26
-60,6,26
-60,6,26
-63,6,25
-63,7,26
-62,7,24
-60,9,24
-59,7,24
-58,7,24
-58,7,24
-59,7,24
-59,7,24
-59,6,24
-60,7,24
-60,8,24
-60,8,23
-59,9,24
-60,9,24
-60,10,24
-60,10,24
-61,9,22
-59,9,23
-59,8,24
-60,9,23
-60,9,23
-58,10,23
-58,9,24
-59,10,23
-59,11,23
-60,12,22
-60,12,22
-62,12,22
-62,11,22
-61,12,21
-60,12,21
-59,12,21
-59,11,21
-60,11,22
-61,11,21
-61,11,22
-60,12,22
-60,12,22
-60,12,22
-60,12,22
-60,12,22
-59,12,22
-59,12,22
-59,11,22
-59,11,22
-59,11,22
-59,11,22
-59,11,22
-60,11,23
-60,11,23
-61,11,23
-60,11,23
-60,11,23
-59,11,23
-59,11,23
-59,11,22
-59,11,23
-58,11,22
-59,11,22
-60,11,22
-60,11,22
-60,11,22
-60,11,22
-61,11,22
-61,11,22
-61,11,22
-60,10,22
-60,11,22
-60,11,22
-60,11,22
-60,11,22
-60,11,22
-61,11,22
-60,11,22
-60,11,22
-61,10,22
-60,11,22
-60,11,21
-60,11,22
-60,11,22
-60,10,22
-60,11,22
-60,11,22
-60,10,22
-60,11,22
-60,10,22
-60,11,22
-60,11,22
-60,10,22
-60,10,22
-59,10,22
-60,10,22
-60,10,22
-60,10,22
-60,10,22
-60,10,22
-60,10,22
-60,10,22
-60,10,22
-60,10,22
-61,10,22
-60,9,22
-60,9,22
-60,9,22
-60,10,22
-60,10,22
-60,10,22
-60,10,22
-61,10,22
-60,10,22
-60,10,21
-60,11,22
-60,11,22
-60,10,22
-60,10,22
-60,11,22
-60,11,22
-60,10,22
-60,11,22
-60,11,22
-60,11,22
-60,10,22
-60,11,22
-60,11,22
-60,10,22
-60,11,22
-60,10,22
-60,10,22
-60,10,22
-60,10,22
-60,10,22
-60,10,22
-60,10,22
-60,10,22
-60,10,22
-60,11,22
-60,10,21
-60,10,22
-60,11,22
-60,10,22
-60,11,22
-60,10,22
-60,11,22
-60,11,22
-60,11,22
-61,11,21
-61,10,21
-60,10,21
-60,10,22
-60,10,22
-60,10,22
-60,10,22
-59,10,22
-60,11,22
-60,11,22
-60,11,21
-61,11,21
-61,10,21
-61,10,21
-62,10,21
-61,9,21
-60,9,21
-60,9,21
-60,9,21
-60,9,21
-60,10,21
-61,10,21
-61,10,21
-60,11,21
-61,11,21
-61,11,21
-61,11,21
-60,11,20
-62,10,21
-62,10,20
-61,10,20
-60,10,20
-60,9,21
-61,10,21
-61,10,21
-61,10,21
-60,10,21
-60,10,21
-61,10,21
-61,10,21
-60,10,22
-60,10,21
-60,10,21
-60,10,21
-59,10,21
-60,11,21
-60,10,21
-60,10,21
-60,10,21
-60,11,21
-61,10,20
-61,11,20
-61,10,20
-62,11,20
-61,11,20
-61,10,20
-61,10,20
-61,10,20
-61,10,20
-61,11,20
-61,11,20
-61,11,20
-61,11,20
-61,11,20
-61,11,19
-61,11,20
-61,11,20
-60,11,20
-61,11,20
-60,11,20
-60,11,20
-61,11,21
-61,11,21
-61,11,21
-60,12,20
-60,12,20
-60,12,21
-60,12,21
-60,11,21
-60,11,21
-60,11,21
-60,11,20
-60,11,20
-60,11,20
-61,11,20
-61,11,20
-61,11,20
-61,11,20
-60,11,20
-60,11,20
-60,11,20
-61,11,20
-61,11,20
-61,11,20
-61,11,20
-61,10,20
-61,10,20
-61,10,20
-60,11,20
-61,11,20
-60,10,20
-60,11,20
-61,10,19
-61,11,20
-61,11,19
-62,11,20
-61,11,19
-61,11,20
-61,11,19
-60,11,20
-60,11,20
-61,11,20
-61,10,20
-61,11,20
-61,11,20
-61,11,19
-60,11,20
-61,11,20
-61,11,19
-61,11,19
-61,11,19
-61,11,20
-61,11,20
-62,11,19
-62,11,20
-61,11,19
-60,11,19
-60,11,19
-60,11,19
-60,11,19
-61,11,19
-61,11,19
-61,11,20
-61,11,20
-61,11,20
-61,11,19
-61,10,20
-61,10,20
-61,9,19
-61,10,19
-61,11,19
-62,10,19
-62,10,19
-61,10,19
-61,10,19
-61,9,19
-61,9,19
-60,9,19
-60,10,19
-61,11,19
-62,10,20
-63,10,19
-61,10,19
-60,10,19
-60,9,20
-61,10,20
-61,10,19
-60,11,20
-61,11,20
-61,11,20
-62,11,19
-61,11,19
-61,10,19
-60,10,20
-61,10,20
-61,11,19
-61,11,19
-61,11,19
-61,11,19
-62,10,19
-61,10,19
-61,10,19
-61,10,19
-61,11,19
-61,10,19
-61,11,19
-62,10,19
-61,10,19
-61,10,19
-61,10,19
-61,10,19
-61,10,19
-61,10,19
-61,10,19
-62,11,19
-62,11,19
-61,10,19
-61,10,19
-61,10,19
-61,10,19
-61,10,19
-61,10,19
-61,10,18
-61,10,19
-61,10,19
-61,10,19
-61,10,19
-61,10,18
-61,10,19
-62,10,19
-62,10,19
-61,10,19
-61,10,19
-62,10,19
-62,10,19
-61,10,19
-61,10,19
-61,10,18
-61,11,19
-62,10,19
-62,10,19
-62,10,19
-61,10,19
-60,10,19
-61,10,19
-61,11,19
-61,10,19
-61,11,19
-61,10,19
-61,10,19
-61,10,19
-62,10,19
-61,10,19
-61,9,19
-61,9,19
-61,9,19
-61,9,19
-61,9,19
-61,10,19
-61,10,19
-62,10,19
-62,10,18
-61,10,19
-61,10,19
-61,10,19
-61,10,19
-61,10,19
-61,11,19
-62,10,19
-62,9,19
-61,9,19
-60,9,19
-61,9,19
-62,9,19
-62,9,19
-61,10,19
-61,9,19
-62,9,19
-62,9,19
-62,9,19
-62,9,19
-61,9,19
-61,10,19
-61,10,19
-60,10,19
-60,10,19
-62,10,19
-62,10,19
-62,10,19
-61,10,19
-61,10,19
-61,10,19
-61,10,19
-61,10,19
-61,10,19
-61,10,19
-61,10,19
-61,10,19
-61,10,19
-61,10,19
-61,10,19
-61,10,19
-62,10,19
-61,10,19
-61,10,19
-61,10,19
-61,10,19
-61,10,19
-61,10,19
-62,10,19
-61,10,19
-62,10,19
-61,10,19
-61,10,19
-61,10,19
-61,10,19
-61,10,18
-61,11,18
-61,10,19
-62,10,19
-62,10,19
-60,10,19
-60,10,19
-61,11,19
-61,10,19
-61,10,19
-61,10,19
-61,10,19
-61,10,19
-61,9,19
-61,9,19
-61,10,19
-61,10,19
-61,10,19
-60,10,19
-60,10,19
-61,11,19
-63,11,19
-65,9,18
-63,9,18
-61,8,18
-60,8,18
-61,8,18
-61,8,19
-64,8,21
-70,10,24
-73,10,26
-73,9,35
-70,7,36
-54,13,44
-55,19,47
-62,26,50
-64,29,47
-75,34,36
-77,36,33
-74,42,24
-69,43,19
-57,48,18
-39,54,25
-35,57,25
-35,51,22
-32,47,18
-24,41,15
-18,38,12
-22,31,9
-23,30,8
-25,22,15
-29,20,12
-29,22,21
-33,30,18
-33,29,15
-40,33,20
-41,34,18
-44,32,3
-48,42,8
-48,45,15
-51,45,13
-52,49,13
-49,48,9
-59,43,-8
-62,45,-14
-52,49,1
-52,42,-1
-48,42,-1
-49,42,3
-52,42,7
-43,42,10
-54,43,4
-42,46,8
-28,44,20
-27,50,27
-24,53,30
-27,51,29
-31,49,29
-26,49,24
-24,48,49
-24,49,45
-31,46,26
-33,47,25
-35,47,35
-34,47,34
-28,47,29
-30,47,31
-29,46,34
-29,46,34
-25,46,35
-25,45,36
-28,45,34
-32,46,34
-32,47,35
-31,47,34
-31,47,34
-30,46,33
-29,46,32
-30,46,31
-31,46,31
-30,47,32
-30,48,32
-31,48,32
-30,48,32
-30,47,32
-30,47,33
-30,47,33
-30,47,32
-30,47,31
-30,47,32
-30,47,33
-30,47,33
-30,47,33
-30,47,32
-31,47,33
-30,46,34
-30,46,34
-30,45,35
-30,44,36
-29,44,37
-31,43,37
-30,43,37
-30,45,37
-36,42,34
-32,44,37
-32,43,36
-38,40,30
-32,40,32
-33,40,35
-33,39,32
-33,38,33
-34,38,31
-34,38,30
-34,36,30
-32,37,29
-31,31,33
-30,28,35
-35,30,33
-35,28,35
-32,18,42
-33,24,40
-36,26,42
-26,26,45
-30,27,41
-34,30,38
-35,28,36
-27,38,29
-26,43,31
-25,39,32
-24,40,28
-25,48,23
-29,50,27
-31,51,19
-37,56,18
-56,49,24
-78,35,9
-83,33,6
-80,38,9
-79,35,8
-72,30,8
-63,30,8
-65,29,5
-65,28,3
-65,27,3
-65,26,5
-64,26,6
-65,24,6
-66,21,4
-66,18,5
-64,17,5
-63,15,6
-63,15,6
-61,15,7
-61,16,6
-61,16,6
-61,16,5
-61,18,4
-62,18,3
-64,17,1
-65,17,1
-63,16,3
-64,16,3
-63,16,3
-63,15,3
-64,15,2
-64,15,2
-64,15,1
-63,15,2
-63,15,2
-63,16,3
-64,15,2
-64,15,2
-64,15,2
-63,15,2
-63,16,2
-63,16,2
-63,16,2
-63,16,2
-63,16,2
-63,16,2
-64,17,2
-63,17,2
-64,17,2
-63,17,1
-63,17,1
-63,16,0
-63,16,0
-63,15,1
-62,15,2
-61,15,2
-61,15,3
-63,16,2
-65,15,0
-64,14,1
-63,15,1
-63,16,1
-63,16,1
-63,15,0
-64,15,0
-63,15,0
-63,15,1
-63,14,1
-62,14,1
-63,14,2
-62,14,1
-63,15,1
-64,15,0
-64,15,0
-64,16,0
-63,16,0
-63,16,0
-63,16,0
-63,15,0
-63,16,0
-64,16,0
-63,16,0
-63,16,0
-63,16,0
-63,16,0
-63,16,0
-63,16,0
-63,16,0
-63,16,0
-63,16,0
-63,16,0
-63,16,0
-63,16,0
-63,15,0
-63,16,0
-63,15,0
-64,16,-1
-64,16,-1
-63,15,0
-63,16,0
-62,16,0
-62,16,0
-63,16,0
-63,16,0
-63,16,0
-64,16,-1
-64,16,-1
-63,16,0
-62,16,1
-63,16,0
-63,16,1
-63,16,0
-63,16,0
-63,16,0
-63,16,0
-63,16,0
-63,16,0
-64,16,0
-64,16,0
-64,16,0
-63,16,0
-63,16,0
-63,16,0
-63,15,0
-63,16,0
-63,16,0
-64,15,0
-64,16,0
-63,16,0
-63,16,0
-63,16,0
-63,16,0
-63,16,0
-63,16,0
-63,16,0
-63,15,0
-63,15,0
-63,15,0
-63,16,0
-63,16,1
-63,15,1
-63,16,1
-63,16,0
-63,16,0
-63,16,0
-63,16,0
-63,16,0
-63,16,0
-64,16,0
-64,16,1
-63,15,1
-63,15,1
-63,15,1
-63,15,1
-63,15,0
-63,15,0
-63,15,0
-63,15,1
-63,15,1
-63,15,1
-63,15,0
-63,15,0
-63,15,0
-63,15,0
-63,15,0
-63,15,0
-63,16,0
-63,16,0
-63,16,0
-63,16,0
-63,16,0
-63,16,0
-63,16,0
-63,15,0
-63,15,0
-63,15,0
-63,15,0
-63,15,1
-63,15,0
-63,15,0
-63,16,0
-63,16,0
-62,16,0
-63,16,0
-63,16,0
-63,16,0
-63,16,0
-62,16,0
-63,16,0
-63,16,0
-63,16,1
-63,16,0
-64,15,0
-64,16,0
-63,16,0
-63,15,0
-63,16,0
-63,15,0
-63,15,0
-63,15,0
-63,16,0
-63,15,0
-63,15,0
-63,15,1
-63,15,0
-64,16,0
-63,15,-1
-63,16,0
-63,16,0
-63,16,0
-63,15,0
-63,15,0
-63,16,0
-63,16,0
-64,16,0
-64,16,0
-64,15,0
-63,15,0
-63,15,0
-63,15,0
-63,15,0
-63,15,0
-63,15,0
-63,15,0
-63,15,0
-63,15,0
-63,15,-1
-64,16,-1
-63,16,-1
-63,16,0
-63,16,0
-63,16,0
-63,16,0
-64,15,0
-64,15,0
-63,15,0
-63,15,0
-63,15,0
-63,15,0
-63,15,1
-63,15,0
-63,15,0
-63,15,0
-63,15,0
-64,15,0
-64,15,0
-63,15,1
-63,15,1
-63,16,0
-63,16,0
-63,15,0
-63,15,0
-63,15,0
-63,15,0
-63,15,0
-63,15,0
-63,15,0
-63,16,0
-63,16,0
-63,16,0
-63,16,0
-63,16,0
-63,15,0
-63,15,0
-63,16,0
-63,15,0
-63,15,0
-63,15,0
-63,16,0
-63,15,0
-64,16,0
-64,16,0
-63,16,-1
-63,16,0
-62,16,-1
-62,17,0
-63,17,-1
-63,18,0
-64,17,0
-63,19,0
-63,23,-1
-59,29,0
-58,31,1
-51,32,9
-57,29,5
-61,23,-3
-59,22,-1
-63,15,2
-63,9,-2
-58,8,0
-68,2,-5
-80,-4,-18
-63,-3,-9
-63,-1,-10
-64,-1,-4
-59,-1,-4
-64,0,0
-62,1,3
-67,4,1
-66,7,6
-64,4,3
-66,3,0
-67,1,-1
-71,-2,-2
-66,0,-2
-66,3,-1
-64,4,2
-65,2,5
-65,1,3
-61,1,8
-61,1,11
-66,1,9
-68,1,7
-73,0,3
-70,-1,6
-66,0,6
-66,0,5
-70,-3,3
-68,-4,6
-66,-3,8
-67,-4,9
-67,-4,9
-62,-3,9
-59,-2,9
-55,-3,7
-53,-3,5
-49,-2,2
-49,-1,-1
-48,0,-9
-50,2,-16
-65,3,-31
-72,3,-41
-71,6,-39
-70,7,-38
-68,8,-37
-68,8,-32
-68,7,-29
-70,5,-26
-72,3,-25
-75,-1,-24
-75,-3,-23
-75,-8,-21
-72,-12,-20
-70,-13,-18
-62,-14,-14
-57,-15,-12
-62,-17,-14
-65,-18,-15
-64,-19,-13
-64,-19,-12
-62,-19,-8
-61,-19,-7
-60,-19,-6
-59,-19,-6
-54,-17,-5
-54,-15,-8
-55,-15,-10
-57,-15,-13
-59,-15,-13
-65,-18,-14
-68,-20,-13
-65,-27,-5
-61,-29,0
-57,-30,4
-57,-30,6
-56,-33,6
-55,-35,6
-56,-40,5
-49,-34,10
-48,-30,14
-54,-27,13
-56,-26,14
-55,-23,17
-56,-21,16
-62,-15,15
-63,-13,14
-70,-13,8
-73,-13,5
-75,-16,-2
-74,-19,-5
-73,-26,-9
-71,-31,-12
-69,-31,-14
-60,-30,-14
-58,-27,-15
-54,-26,-14
-54,-27,-14
-52,-27,-15
-53,-27,-16
-51,-25,-15
-51,-25,-15
-54,-24,-14
-56,-25,-11
-56,-25,-9
-57,-26,-7
-59,-28,-5
-63,-35,-4
-64,-39,-1
-60,-42,6
-58,-38,11
-57,-28,15
-61,-28,16
-60,-36,17
-55,-40,14
-50,-39,13
-49,-31,9
-50,-26,7
-51,-20,5
-54,-19,4
-54,-16,3
-52,-17,4
-56,-18,3
-57,-19,2
-63,-24,-5
-62,-26,-7
-60,-34,-13
-59,-38,-17
-57,-44,-17
-52,-44,-14
-53,-44,-15
-44,-46,-16
-47,-45,-18
-46,-45,-20
-44,-47,-17
-40,-47,-5
-35,-51,-5
-39,-66,-21
-42,-73,-25
-22,-76,-11
-26,-69,-18
-21,-63,-17
-28,-59,-21
-26,-58,-22
-19,-63,-22
-20,-65,-21
-22,-65,-20
-24,-65,-19
-28,-68,-11
-30,-68,-8
-36,-69,-6
-39,-73,-5
-38,-82,1
-39,-84,5
-21,-71,20
-51,-69,6
-49,-65,8
-47,-59,6
-70,-57,-4
-85,-41,-9
-78,-40,-10
-78,-35,-15
-89,-29,-11
-82,-27,-14
-95,-26,-17
-80,-25,-2
-60,-16,3
-56,-10,6
-40,-5,20
-24,2,24
-7,6,28
-12,11,29
-17,15,30
-15,16,31
-18,20,30
-19,27,31
-18,29,34
-26,34,33
-34,42,37
-35,53,32
-37,57,31
-38,57,37
-34,54,41
-35,68,28
-38,71,19
-30,50,23
-28,45,25
-34,45,13
-32,46,14
-18,49,20
-25,49,18
-31,42,28
-25,42,40
-39,41,32
-44,44,21
-31,35,31
-43,29,30
-53,32,28
-49,37,30
-35,38,39
-50,35,39
-55,36,34
-55,40,34
-47,43,38
-35,46,44
-58,44,35
-60,39,29
-62,31,21
-54,30,19
-40,31,18
-42,33,16
-38,37,15
-38,41,16
-32,45,23
-34,47,26
-33,40,30
-33,38,31
-31,39,27
-26,42,32
-28,41,33
-27,46,37
-25,46,39
-30,47,46
-33,51,44
-28,53,37
-25,53,35
-30,52,33
-28,57,30
-32,57,19
-47,55,5
-42,56,5
-23,51,11
-26,52,9
-34,53,1
-38,51,8
-48,51,8
-51,51,6
-30,54,18
-29,53,15
-29,50,16
-20,46,25
-14,37,34
-22,39,14
-26,42,6
-8,47,8
-12,40,6
-59,30,-17
-75,27,-16
-78,17,-7
-82,14,-13
-72,-4,28
-68,-4,43
-76,5,38
-76,-4,36
-81,-10,30
-83,1,19
-79,1,15
-72,-11,37
-63,-10,43
-42,-3,46
-36,-5,45
-66,-13,28
-79,-12,17
-69,3,20
-72,6,19
-77,8,18
-72,6,20
-57,7,28
-48,7,42
-48,6,41
-38,6,47
-34,7,49
-33,9,49
-30,10,48
-27,11,51
-25,11,51
-24,13,52
-26,16,52
-23,17,52
-22,21,58
-34,20,42
-47,20,35
-49,19,38
-55,15,37
-49,17,40
-44,21,39
-42,23,38
-39,22,38
-42,21,40
-39,19,42
-40,19,41
-45,20,40
-44,20,40
-42,19,45
-42,20,42
-44,19,44
-52,19,46
-59,15,42
-48,8,51
-39,7,60
-50,-3,64
-46,-12,67
-38,8,56
-46,15,46
-36,29,32
-40,33,26
-50,14,41
-27,0,65
-15,-1,78
8,1,87
2,5,83
13,0,82
3,-5,75
-46,4,43
-37,12,47
-49,15,39
-64,20,29
-50,29,26
-45,35,28
-50,33,24
-44,34,28
-47,32,28
-58,23,24
-58,20,25
-56,21,32
-53,23,37
-45,23,42
-44,25,44
-39,24,37
-41,23,37
-40,25,35
-34,22,41
-25,22,43
-37,22,44
-42,18,44
-36,11,51
-39,12,53
-49,11,51
-47,11,48
-37,10,48
-38,8,48
-33,6,47
-28,10,51
-19,13,46
-15,9,54
-14,10,58
-3,16,63
-1,18,66
-12,9,66
-15,6,67
-32,2,64
-38,0,60
-39,-6,58
-40,-9,57
-46,-3,45
-47,-2,44
-43,-2,38
-48,1,35
-57,6,25
-62,26,17
-62,26,20
-54,29,22
-49,27,20
-39,40,4
-30,49,-7
-28,61,-24
-22,71,-47
-25,95,-57
-38,100,-53
-28,82,-46
-13,68,-16
-14,61,-9
-35,52,-7
-35,51,-10
-37,49,1
-59,47,3
-74,44,5
-63,45,9
-57,46,12
-41,42,13
-22,36,18
3,36,33
10,34,46
-6,26,68
-2,19,63
-11,32,45
-13,34,37
-6,40,27
-6,42,7
-62,28,-22
-67,31,-18
-78,26,-12
-83,31,-16
-71,41,-20
-60,49,-50
-64,49,-51
-44,49,-53
-43,47,-57
-45,51,-42
-29,52,-36
-50,51,-43
-50,52,-24
-26,55,-12
-21,52,-9
-13,49,-16
-14,51,-13
-13,39,-23
-9,36,-20
-10,36,-9
-8,41,18
-8,44,29
0,52,39
6,54,47
23,64,51
10,69,35
12,67,5
-10,68,5
6,66,16
16,64,20
13,60,15
16,54,14
12,53,14
21,56,12
26,55,12
19,56,17
19,65,23
26,77,29
24,85,25
12,73,34
16,64,42
-35,64,36
-43,58,27
-43,56,0
-22,49,4
-30,40,2
-39,30,-16
-35,31,-7
-47,30,-27
-38,25,-46
-28,26,-14
-26,24,-36
-38,43,-60
-48,56,-50
-11,60,-21
-86,35,-49
-104,37,-48
-43,43,-33
-48,38,-17
-42,33,-3
-30,33,10
-15,43,35
-8,51,53
-1,59,79
-14,53,77
-57,37,60
-71,30,49
-60,29,33
-46,18,54
-51,14,56
-89,12,17
-80,10,23
-31,2,51
-36,-3,55
-26,-2,50
-12,-5,51
-13,-4,65
-8,-4,70
1,-4,58
11,1,63
20,6,69
32,16,64
22,10,60
6,11,58
10,14,66
17,4,83
14,-9,72
-26,10,34
-43,20,16
-66,25,-2
-59,33,-10
-64,45,-35
-54,43,-34
-30,43,-33
-27,45,-43
-24,45,-37
-14,49,-31
-17,49,-27
-16,47,-21
-13,48,-19
-23,46,-22
-25,46,-25
-31,45,-31
-24,43,-31
-23,43,-30
-23,48,-25
-19,51,-25
-13,49,-25
-15,47,-41
-14,45,-49
0,42,-42
-9,44,-53
-13,42,-66
8,43,-45
-10,44,-49
-14,55,-50
-2,51,-33
-6,51,-36
-12,53,-46
-2,55,-37
-10,53,-38
-21,56,-41
-18,51,-38
-18,49,-38
-21,50,-35
-17,50,-24
-11,49,-11
-22,56,-15
-32,44,-5
-35,44,18
-29,65,11
-38,55,13
-40,60,18
-45,55,32
-51,50,32
-42,52,27
-42,46,23
-43,41,27
-42,41,27
-41,37,23
-39,39,23
-39,46,21
-42,48,17
-42,50,15
-54,45,14
-48,41,13
-54,43,12
-49,39,7
-53,42,6
-56,42,-6
-37,48,-13
-54,34,-29
-7,7,-50
-31,63,-47
-16,39,-70
-13,47,-73
-21,51,-60
-26,45,-44
-23,40,-38
-21,37,-35
-23,35,-28
-12,33,-20
-15,36,-17
-17,37,3
-12,42,10
-9,39,21
-6,33,28
-29,31,63
-40,30,74
-11,34,94
-43,29,86
-45,29,83
-38,13,71
-35,4,90
-44,19,42
-40,21,37
-29,22,54
-46,21,42
-13,35,45
5,36,47
-21,24,45
-20,31,47
-28,31,46
-8,31,64
-12,31,64
-28,34,56
-34,28,51
-24,38,51
-17,39,49
-26,36,39
-35,39,33
-33,44,31
-28,42,32
-34,33,28
-23,29,54
-14,16,53
-34,8,71
-34,19,71
-38,8,32
-43,11,31
-38,12,41
-37,14,45
-49,17,32
-50,16,45
-48,14,45
-60,14,46
-59,18,45
-46,13,52
-41,13,43
-45,14,58
-39,16,57
-33,19,57
-39,21,61
-45,13,65
-49,2,56
-61,3,43
-64,7,38
-16,17,79
-28,27,65
-32,34,52
-21,42,36
-13,40,28
6,33,14
-8,25,12
-5,4,51
9,-1,65
64,-20,100
28,-21,98
10,-1,63
24,3,61
34,1,74
9,-3,61
10,-6,64
10,-6,57
14,6,56
-12,-4,45
12,-11,52
-5,-25,78
-40,-16,58
-18,-3,44
6,2,46
55,0,80
54,-6,87
32,-19,68
27,-13,80
-12,-4,67
-16,0,62
-19,9,67
-23,14,48
-21,21,37
-13,27,26
-21,27,13
-45,26,2
-58,26,2
-49,22,12
-47,12,12
-52,3,28
-45,1,36
-42,-1,42
-78,-17,32
-89,-28,34
-98,-46,1
20,-73,46
24,-11,90
-24,-18,61
-13,7,53
17,15,74
10,10,69
10,12,66
11,5,76
31,-3,74
30,-2,55
25,-15,48
9,-20,46
-44,-16,24
-44,-20,29
-16,-27,26
1,-32,41
60,-43,127
26,-8,103
-52,-12,30
-5,-25,64
52,-24,72
-3,-9,47
-1,-7,61
-11,-2,53
-24,-4,53
-13,16,57
-4,13,70
16,10,85
20,11,80
14,30,71
11,36,63
-6,36,52
-7,29,37
-70,37,6
-46,24,-28
-53,16,-26
-84,-5,-23
-75,-15,-8
-69,-32,10
-78,-46,-12
-86,-40,25
-86,-35,36
-56,-9,14
-42,-2,17
-65,-2,13
-57,-5,20
-73,-7,32
-51,-16,36
-39,-17,45
-34,-21,41
-46,-21,40
-40,-23,35
-40,-26,36
-38,-24,40
-35,-25,41
-36,-26,43
-37,-29,44
-42,-33,48
-43,-38,43
-35,-35,35
-33,-36,50
-31,-31,50
-48,-25,39
-51,-22,40
-51,-26,43
-55,-22,42
-58,-14,35
-57,-12,33
-51,-8,36
-50,-6,38
-53,2,36
-53,2,39
-53,1,41
-48,0,49
-47,0,50
-45,-5,48
-45,-7,51
-37,-10,54
-31,-13,55
-25,-19,54
-29,-19,53
-31,-22,53
-28,-22,54
-28,-21,56
-22,-20,59
-10,-19,63
-8,-25,65
-5,-25,67
1,-24,62
4,-20,59
9,-16,52
9,-16,49
6,-22,49
6,-26,48
10,-34,50
15,-37,52
22,-46,55
33,-50,57
36,-50,58
34,-44,61
33,-42,59
35,-41,65
36,-38,68
37,-27,67
36,-21,66
33,-9,62
34,-4,60
40,6,56
41,11,55
33,18,48
33,25,47
31,29,45
27,29,41
28,28,38
27,29,33
26,29,30
23,30,26
24,31,23
19,37,20
20,41,18
14,41,21
13,46,22
23,48,21
26,52,21
24,51,19
20,52,15
24,56,16
28,58,23
24,55,23
28,57,32
23,48,29
21,51,17
19,49,10
10,49,1
6,51,-9
1,59,-15
6,56,-12
5,53,-13
10,51,-10
15,51,-8
24,36,-5
39,42,-1
46,38,1
48,33,1
40,36,14
38,34,16
59,17,22
52,8,24
43,2,31
4,-2,57
-3,-4,62
19,-12,81
27,-10,86
-16,-15,83
-31,-13,76
-31,-5,76
-30,-2,74
-36,0,67
-39,-1,64
-38,0,59
-28,-2,57
-23,-3,58
-23,-10,55
-26,-15,53
-24,-25,54
-26,-26,55
-35,-30,54
-38,-31,54
-38,-33,55
-38,-33,56
-34,-31,55
-34,-29,54
-33,-28,51
-35,-32,49
-33,-35,50
-27,-37,51
-31,-40,51
-38,-42,50
-39,-42,49
-36,-40,48
-35,-37,46
-34,-33,42
-35,-29,40
-35,-25,38
-36,-20,37
-44,-13,34
-54,-12,28
-56,-11,28
-56,-6,30
-56,-3,31
-56,3,35
-56,4,37
-52,10,37
-58,16,38
-70,23,36
-76,26,34
-81,27,30
-64,32,33
-60,32,33
-58,31,29
-52,31,26
-47,30,21
-41,30,19
-34,25,16
-35,20,14
-44,6,3
-51,1,-1
-61,-4,-10
-65,-7,-18
-70,-8,-31
-74,-2,-25
-71,-2,-22
-66,3,-17
-61,8,-14
-49,18,-13
-49,22,-10
-52,26,-2
-55,28,0
-48,26,0
-47,27,7
-63,24,23
-64,17,20
-44,8,22
-56,-2,4
-80,-1,-13
-89,5,-25
-84,6,-26
-65,4,-16
-62,6,-13
-64,9,-19
-64,12,-20
-74,15,-23
-81,15,-25
-84,12,-21
-98,9,-21
-88,7,-1
-74,-2,22
-50,-4,39
-10,13,51
-13,11,41
-29,11,27
-39,10,22
-36,17,27
-27,22,35
-18,22,46
-23,19,48
-45,16,48
-55,16,51
-50,17,58
-41,8,59
-32,2,59
-31,-2,55
-32,-2,52
-32,-2,51
-28,0,51
-27,3,54
-30,4,55
-30,10,57
-28,15,57
-26,24,53
-29,26,43
-24,28,39
-26,24,33
-36,18,23
-104,2,-16
-128,-9,-34
-118,-6,-25
-78,-3,-9
-55,-6,3
-54,-7,3
-44,-9,4
-36,-10,6
-19,-9,13
-12,-10,21
-18,-13,22
-44,-25,23
-52,-33,23
-35,-43,24
-15,-54,27
14,-76,31
15,-84,27
-2,-103,12
-13,-110,8
-41,-115,11
-51,-99,14
-44,-66,14
-21,-61,16
-10,-62,14
0,-64,8
-1,-62,5
-10,-52,3
-16,-44,2
-24,-34,1
-27,-32,3
-31,-36,6
-31,-39,7
-29,-48,13
-28,-53,17
-25,-61,24
-24,-72,27
-24,-79,27
-25,-101,29
-24,-111,31
-6,-94,28
-2,-79,23
-10,-70,14
-15,-69,10
-24,-69,5
-26,-66,2
-24,-57,-1
-21,-54,0
-18,-49,2
-19,-52,1
-19,-54,1
-17,-60,1
-15,-62,1
-10,-66,4
-8,-68,6
-9,-68,10
-10,-68,13
-10,-68,20
-12,-60,34
-10,-57,35
-4,-57,34
9,-63,32
6,-80,22
3,-83,16
-2,-77,7
-6,-70,4
-14,-58,-3
-19,-53,-5
-26,-46,-5
-29,-43,-5
-31,-44,-5
-32,-47,-3
-33,-51,3
-37,-55,6
-54,-67,10
-84,-89,6
-74,-103,0
-7,-91,15
10,-75,26
5,-76,21
0,-79,18
-9,-84,15
-13,-81,12
-14,-65,7
-13,-59,5
-12,-53,2
-12,-52,1
-12,-48,-1
-13,-52,-2
-12,-55,-2
-11,-61,2
-11,-64,4
-11,-67,7
-9,-68,8
-10,-70,13
-17,-68,21
-20,-57,30
-11,-58,29
8,-67,27
12,-70,21
9,-72,11
-7,-65,8
-14,-58,9
-23,-49,13
-23,-46,13
-20,-44,11
-17,-43,13
-15,-47,18
-13,-50,19
-14,-58,21
-16,-62,21
-25,-77,24
-31,-107,27
-27,-114,24
-5,-93,15
1,-77,12
2,-76,8
-1,-78,5
-8,-71,2
-13,-65,-1
-18,-54,-5
-18,-52,-5
-17,-49,-4
-19,-49,-4
-25,-54,-5
-24,-65,-4
-21,-70,-3
-14,-69,6
-9,-70,11
5,-70,19
8,-70,24
-4,-64,40
-7,-56,42
-1,-47,33
2,-54,28
6,-58,18
6,-59,15
0,-59,11
-15,-50,8
-20,-45,8
-26,-43,11
-29,-44,12
-31,-51,12
-30,-54,14
-25,-64,19
-22,-67,22
-25,-77,28
-31,-90,29
-36,-114,26
-25,-115,23
-5,-84,23
-7,-64,16
-10,-66,13
-14,-72,11
-14,-76,9
-13,-72,1
-11,-68,-2
-11,-57,-3
-13,-53,-2
-22,-49,-3
-26,-49,-4
-28,-52,-7
-26,-56,-7
-20,-61,-5
-14,-65,-2
-13,-71,0
-25,-64,12
-39,-53,26
-41,-50,31
-24,-55,28
10,-71,27
20,-79,32
27,-72,43
19,-63,38
-6,-49,22
-28,-45,18
-39,-43,18
-50,-37,16
-54,-37,19
-65,-34,29
-70,-32,31
-77,-25,31
-77,-22,31
-77,-21,22
-82,-27,13
-92,-42,3
-95,-49,9
-93,-48,9
-76,-40,8
-70,-37,10
-64,-35,17
-62,-33,18
-48,-27,25
-41,-23,30
-31,-22,34
-26,-22,37
-15,-19,38
-15,-15,47
-20,-22,42
-28,-23,47
-32,-15,56
-31,-1,46
-30,6,47
-30,16,69
-29,19,67
-20,39,56
-16,47,57
-75,-26,92
8,17,9
-12,49,44
-19,44,51
-18,47,42
-19,52,44
-25,51,47
-24,54,45
-20,47,42
-19,44,43
-24,51,43
-26,40,48
-23,38,43
-24,38,43
-29,33,45
-31,34,39
-38,35,37
-45,33,31
-44,37,29
-55,38,27
-55,34,24
-54,34,30
-49,25,46
-57,26,44
-52,25,54
-56,17,57
-28,9,55
-17,3,45
-26,-4,26
-29,-3,21
-46,19,-2
-28,-18,38
-24,-14,49
-33,-9,64
-36,-5,66
-36,-8,62
-36,-10,63
-35,-16,70
-33,-16,65
-25,-24,49
-27,-29,46
-41,-34,40
-49,-37,31
-47,-35,25
-26,-37,38
-32,-40,41
-63,-55,38
-57,-53,37
-35,-43,34
-30,-39,32
-20,-39,19
-14,-40,12
-19,-48,14
-22,-47,13
-29,-48,4
-28,-50,3
-36,-58,4
-51,-69,10
-58,-74,12
-61,-76,15
-51,-76,18
-17,-78,27
-8,-75,31
-7,-64,20
-26,-75,22
-53,-86,18
-56,-94,15
-32,-93,11
-22,-76,13
-18,-66,7
-21,-77,1
-22,-83,-1
-16,-78,-3
-12,-71,-4
-9,-70,-1
-9,-64,-1
-11,-57,-3
-13,-54,-3
-17,-50,-3
-17,-51,-4
-15,-55,-4
-14,-56,-3
-14,-59,0
-12,-71,3
-14,-71,9
-31,-64,31
-33,-62,38
2,-58,40
19,-58,42
24,-75,30
20,-79,23
7,-82,13
-3,-79,11
-20,-60,5
-24,-51,3
-30,-44,4
-34,-44,3
-33,-46,3
-31,-51,7
-31,-52,8
-37,-55,12
-44,-59,12
-60,-72,11
-69,-83,10
-57,-104,6
-32,-97,9
-6,-68,15
-13,-68,9
-17,-73,9
-31,-79,5
-43,-76,-3
-43,-70,-14
-34,-66,-15
-27,-63,-8
-32,-62,-6
-42,-59,-12
-43,-57,-13
-41,-57,-11
-40,-57,-10
-41,-57,-9
-37,-53,-6
-35,-52,-6
-41,-48,1
-49,-42,12
-57,-38,26
-54,-40,29
-50,-44,45
-45,-45,52
-41,-47,57
-37,-47,52
-32,-35,41
-40,-26,33
-58,-10,17
-62,1,13
-63,2,10
-69,7,18
-68,9,21
-69,14,31
-65,19,34
-74,22,33
-72,21,31
-74,20,22
-74,23,21
-59,31,22
-51,34,22
-42,39,22
-33,39,26
-23,36,24
-5,31,33
0,30,32
0,28,40
2,24,43
1,32,46
-2,36,46
2,44,44
3,46,47
6,49,45
12,49,42
15,47,44
19,35,40
-11,20,53
9,27,46
34,23,38
11,20,36
12,22,40
12,36,46
16,45,49
15,53,44
9,52,44
-1,52,48
-17,57,49
-21,58,50
-25,59,44
-25,60,41
-24,62,32
-22,61,29
-23,58,26
-24,57,25
-26,56,21
-25,56,19
-26,53,15
-25,53,15
-29,51,17
-27,52,19
-27,52,21
-25,53,24
-25,53,25
-29,53,26
-30,53,26
-33,55,25
-33,55,25
-33,56,22
-33,56,22
-32,56,20
-32,56,20
-33,55,21
-32,55,23
-30,54,23
-29,52,24
-30,51,23
-32,52,22
-32,53,22
-33,54,21
-34,54,20
-36,53,19
-32,53,20
-25,51,26
-21,50,29
-12,49,33
-8,48,37
-6,48,38
-3,46,38
-2,46,36
-3,47,36
-4,47,38
-6,43,42
-28,36,42
-33,38,35
-23,39,26
-33,45,19
-31,50,12
-27,51,11
-17,52,9
-15,50,8
-14,43,21
-11,38,25
-10,29,25
-13,24,32
-29,9,44
-25,2,47
-22,-9,49
-10,-17,56
21,-22,64
14,-37,47
-1,-47,47
-24,-78,41
-17,-78,41
-4,-90,36
-2,-98,34
-6,-105,32
-14,-104,33
-29,-91,33
-31,-84,32
-23,-71,29
-18,-67,29
-13,-65,32
-13,-62,32
-14,-59,31
-16,-55,27
-16,-56,26
-16,-54,22
-17,-53,20
-18,-53,17
-18,-54,15
-21,-64,13
-24,-74,13
-29,-83,13
-29,-75,14
-24,-60,11
-20,-67,5
-19,-71,4
-18,-67,0
-18,-67,-1
-19,-64,-1
-19,-67,0
-20,-63,0
-21,-61,0
-20,-59,0
-18,-58,0
-15,-60,1
-14,-62,2
-12,-62,5
-14,-61,10
-15,-64,13
-10,-73,14
-7,-76,15
-7,-72,27
-10,-66,34
-9,-57,40
-6,-55,37
-1,-64,27
2,-69,21
4,-78,14
0,-78,12
-11,-64,10
-18,-51,10
-21,-48,10
-24,-44,10
-23,-44,11
-16,-45,15
-12,-47,18
-9,-52,22
-10,-56,24
-15,-62,26
-18,-63,26
-25,-72,22
-29,-83,21
-37,-102,20
-22,-77,20
-19,-60,20
-20,-57,15
-23,-62,12
-23,-75,9
-20,-76,7
-14,-65,3
-14,-59,3
-19,-56,5
-23,-56,4
-26,-56,0
-23,-55,0
-16,-58,2
-11,-60,6
-10,-61,7
-9,-66,9
-9,-70,9
-10,-71,12
-12,-66,17
-17,-56,30
-14,-55,34
-6,-58,36
0,-61,35
11,-67,30
11,-70,25
-2,-74,18
-16,-68,15
-19,-64,14
-18,-57,12
-17,-54,11
-14,-51,11
-14,-50,11
-18,-49,14
-20,-51,18
-20,-54,21
-20,-56,23
-16,-61,27
-13,-67,29
-13,-69,29
-12,-69,27
-12,-68,25
-13,-68,23
-14,-68,22
-13,-65,22
-12,-64,24
-12,-60,25
-13,-60,25
-15,-58,23
-16,-57,23
-21,-56,24
-23,-55,23
-23,-54,24
-25,-52,23
-25,-51,24
-26,-49,25
-27,-49,25
-28,-51,27
-30,-52,27
-29,-53,29
-29,-52,29
-29,-51,30
-30,-51,31
-31,-50,33
-32,-49,36
-33,-49,38
-34,-47,43
-37,-45,45
-41,-42,48
-43,-41,49
-43,-37,48
-44,-35,46
-43,-32,43
-42,-31,41
-41,-27,38
-42,-25,37
-42,-22,36
-40,-17,36
-40,-15,37
-41,-11,39
-42,-8,40
-43,-6,41
-43,-4,42
-44,1,41
-47,2,40
-43,5,42
-42,8,42
-40,13,41
-42,15,40
-41,17,39
-35,20,40
-32,21,40
-28,22,42
-27,23,43
-30,22,40
-33,23,39
-38,22,39
-40,21,39
-41,21,37
-44,20,35
-50,19,39
-51,18,40
-50,18,42
-48,16,45
-48,15,45
-50,14,45
-52,12,45
-50,11,44
-50,11,44
-50,10,44
-49,10,44
-49,9,45
-49,9,45
-49,8,44
-50,7,44
-48,7,43
-47,6,42
-47,5,43
-47,4,45
-47,3,44
-47,-1,42
-49,-1,39
-54,-2,33
-57,-1,32
-56,0,34
-54,0,36
-54,-1,36
-56,-2,36
-56,-3,35
-54,-4,33
-53,-4,30
-53,-5,26
-56,-6,24
-56,-13,26
-52,-16,30
-43,-24,42
-39,-28,46
-40,-29,36
-45,-25,30
-57,-26,24
-57,-31,29
-52,-33,32
-45,-36,36
-44,-39,40
-41,-39,41
-40,-38,40
-45,-38,37
-48,-38,37
-49,-37,35
-48,-35,33
-50,-32,30
-50,-32,29
-49,-32,27
-49,-31,27
-49,-30,27
-49,-31,29
-49,-30,30
-51,-30,34
-52,-30,35
-54,-28,36
-55,-27,37
-57,-28,39
-57,-30,40
-56,-31,40
-53,-31,41
-51,-30,40
-54,-28,37
-52,-27,36
-47,-24,36
-45,-21,35
-43,-17,35
-43,-15,36
-41,-14,40
-38,-13,42
-32,-11,47
-31,-10,50
-31,-11,54
-32,-14,57
-31,-14,58
-27,-15,61
-24,-14,61
-19,-13,63
-19,-12,63
-15,-9,65
-17,-8,65
-22,-6,64
-22,-6,64
-17,-2,60
-13,0,59
-7,6,57
-6,11,53
-7,12,48
-11,13,50
-15,14,52
-17,7,48
-17,8,52
-16,7,65
-12,7,66
-8,7,60
-7,9,60
-7,6,66
-6,7,63
-2,6,61
0,5,57
-4,4,52
-3,4,50
0,-2,56
14,-11,64
19,-12,67
13,-11,67
10,-12,68
10,-10,65
14,-7,65
19,-8,63
17,-8,62
15,-9,64
19,-8,64
20,-8,63
24,-6,60
27,-6,58
30,-8,56
28,-10,55
28,-11,55
31,-10,54
30,-13,53
31,-13,52
32,-12,51
32,-12,50
34,-12,49
34,-14,47
34,-14,48
33,-15,48
33,-14,49
30,-14,55
32,-14,58
34,-14,55
32,-12,53
30,-12,51
30,-13,51
33,-10,51
42,-4,49
40,-6,50
31,-17,56
31,-18,57
34,-11,54
31,-12,52
27,-9,52
25,-7,53
30,-11,57
32,-12,58
36,-7,55
27,-3,52
-7,-82,24
37,-10,61
-12,-45,51
17,-14,79
45,-5,82
11,-4,81
19,7,66
30,5,56
13,4,56
30,17,61
42,13,59
35,7,54
34,10,52
41,-1,39
26,0,48
31,13,63
36,16,65
27,9,58
12,13,61
5,10,59
-1,9,56
-1,13,58
-1,13,55
-2,12,56
-4,10,61
-5,11,63
-4,10,63
-8,8,66
-10,7,65
-13,4,62
-13,5,62
-16,4,60
-21,3,59
-26,2,59
-27,1,58
-23,2,61
-25,1,60
-31,-1,59
-28,1,59
-27,1,59
-30,0,59
-32,0,59
-33,-1,58
-32,-1,59
-34,-2,58
-34,-3,58
-33,-4,57
-31,-5,56
-31,-6,55
-32,-7,54
-31,-6,55
-31,-6,54
-32,-6,55
-31,-5,56
-31,-4,56
-30,-3,56
-31,-3,56
-31,-2,56
-31,-2,55
-32,-2,55
-32,-2,54
-32,-2,55
-32,-3,55
-30,-4,56
-30,-6,57
-30,-7,57
-28,-6,58
-28,-7,58
-28,-6,59
-29,-5,58
-29,-6,54
-27,-5,53
-28,-4,57
-28,-3,59
-34,-7,56
-29,-8,62
-20,-4,68
-12,7,77
-9,11,77
-12,13,70
-11,13,67
-14,16,64
-15,20,63
-21,19,58
-30,18,54
-50,14,46
-48,14,47
-47,9,52
-52,7,49
-31,6,47
-37,-2,47
-43,-10,40
-34,-18,47
-26,-19,51
-29,-20,51
-28,-17,48
-17,-14,50
-22,-14,49
-21,-16,52
-21,-16,53
-28,-21,56
-32,-21,58
-35,-19,55
-33,-16,58
-25,-11,60
-27,-18,57
-29,-20,58
-29,-20,55
-21,-19,50
6,-28,70
-14,-28,87
-17,-24,66
-16,-29,65
-28,-32,57
-20,-33,58
35,-128,69
35,92,4
-32,-50,21
-7,15,38
-2,9,60
1,29,41
5,22,64
-3,26,75
-37,11,67
-50,52,63
-8,46,75
-11,29,29
16,22,51
37,25,63
12,29,76
-13,22,81
-1,22,75
-6,19,71
-36,-4,66
-26,-11,64
-32,-28,66
-33,-35,65
-35,-33,64
-31,-22,57
-9,-18,46
1,-14,61
-23,-19,71
-30,-16,72
-24,-13,67
-5,-24,83
-1,-39,85
32,-28,74
21,-36,42
7,-51,-5
6,-56,1
-1,-51,24
7,-50,38
9,-40,22
13,-35,28
22,-27,38
9,-28,36
5,-30,40
-10,-48,58
-14,-52,61
-39,-77,75
-36,-79,80
-49,-71,74
-55,-65,65
-67,-55,49
-61,-47,44
-57,-36,36
-53,-30,31
-53,-28,29
-50,-24,27
-51,-23,27
-48,-21,27
-48,-19,28
-50,-16,31
-48,-17,34
-47,-21,40
-43,-22,45
-39,-26,51
-37,-27,52
-35,-28,55
-37,-28,56
-39,-29,55
-38,-31,54
-37,-32,51
-34,-30,51
-35,-30,49
-37,-28,47
-37,-28,46
-38,-29,47
-38,-29,48
-44,-33,53
-53,-41,55
-54,-42,54
-46,-34,50
-39,-30,48
-32,-29,43
-32,-31,42
-37,-33,37
-46,-34,34
-69,-37,21
-77,-36,16
-81,-25,10
-80,-21,9
-75,-14,6
-71,-9,3
-68,-6,3
-57,2,4
-52,7,5
-53,13,5
-55,18,4
-66,14,0
-67,9,1
-53,8,12
-51,9,14
-48,3,25
-41,0,32
-15,2,53
15,12,50
-13,13,45
-8,15,46
0,19,45
-43,0,7
-60,-6,5
-77,-13,-3
-101,-27,-36
-94,-16,-42
-88,-20,-26
-70,-31,-12
-57,-35,-16
-73,-42,-21
-72,-44,-15
-79,-34,-17
-71,-37,-25
-54,-28,5
-58,-22,16
-45,-5,26
-61,-30,-6
-43,-28,0
-53,-34,2
-64,-37,0
-64,-19,11
-56,-21,8
-56,-35,8
-56,-26,6
-66,-31,4
-62,-26,11
-65,-19,11
-64,-22,13
-65,-20,10
-58,-17,17
-65,-17,15
-64,-9,12
-62,-7,15
-63,-9,22
-61,-10,20
-68,-12,24
-48,-12,12
-59,-8,4
-66,-17,13
-49,-18,10
-29,-11,-19
-32,-16,-30
-18,-35,-30
-28,-31,-27
-85,-40,-38
-103,-38,-81
-37,-3,-77
-32,-27,-66
39,-110,-23
56,-113,49
39,-115,41
23,-107,46
6,-108,47
-48,-128,24
-18,-128,22
38,-114,17
35,-102,14
10,-84,11
-7,-78,3
-13,-65,0
-16,-60,-1
-17,-53,2
-39,-54,4
-33,-44,5
-25,-22,5
-34,-21,6
-43,-28,8
-43,-26,10
-42,-34,14
-34,-37,20
-13,-45,34
-6,-48,40
0,-57,44
-32,-70,42
-46,-77,43
-26,-68,47
-8,-60,49
3,-58,43
1,-57,38
-18,-51,25
-28,-48,21
-27,-43,24
-22,-37,27
-18,-37,35
-16,-38,37
-18,-36,35
-18,-31,39
-18,-32,41
-25,-29,43
-43,-38,42
-60,-60,47
-54,-80,52
-29,-92,54
-20,-76,44
-18,-56,27
-25,-53,23
-39,-44,21
-36,-43,23
-29,-38,23
-23,-32,19
-22,-32,18
-22,-35,18
-26,-38,19
-22,-48,23
-17,-53,24
-10,-59,25
-9,-61,26
-9,-62,26
-10,-62,24
-9,-66,17
-12,-71,15
-23,-77,17
-26,-70,18
-23,-70,18
-13,-79,16
-7,-80,11
-2,-76,6
-4,-70,4
-12,-55,6
-18,-49,7
-26,-43,7
-27,-42,6
-20,-43,8
-15,-44,10
-10,-50,12
-17,-57,13
-24,-62,15
-52,-77,20
-65,-89,22
-52,-113,19
-21,-103,22
10,-74,22
8,-69,16
-1,-73,11
-7,-77,12
-18,-74,9
-20,-68,4
-19,-60,-2
-18,-57,-2
-18,-55,-2
-18,-51,-2
-19,-51,-2
-16,-54,-1
-14,-57,-1
-11,-58,4
-9,-60,7
-5,-64,10
-3,-66,10
-7,-71,14
-15,-69,20
-26,-61,35
-7,-63,37
5,-69,35
16,-80,20
16,-80,14
6,-73,7
-5,-66,6
-25,-50,4
-30,-45,4
-33,-39,3
-33,-41,2
-27,-48,5
-23,-57,10
-24,-60,13
-32,-63,19
-44,-69,23
-77,-95,21
-68,-109,14
3,-92,22
11,-78,21
-1,-73,9
-13,-84,10
-17,-85,9
-19,-83,9
-16,-68,3
-14,-61,0
-14,-60,-1
-16,-58,-2
-16,-54,-2
-14,-54,0
-13,-58,0
-7,-58,2
-5,-57,5
-5,-59,10
-5,-60,11
-5,-60,16
-9,-62,21
-14,-61,31
-3,-65,35
2,-70,36
8,-78,26
9,-80,19
5,-77,10
-1,-72,8
-15,-59,6
-21,-53,3
-30,-45,-1
-33,-43,-1
-38,-46,1
-37,-50,4
-32,-55,12
-29,-60,18
-31,-65,20
-47,-83,22
-53,-100,22
-15,-107,21
2,-89,23
0,-75,15
-4,-80,12
-8,-86,10
-10,-80,7
-14,-65,1
-15,-59,-2
-17,-59,-4
-23,-54,-9
-25,-51,-9
-26,-49,-6
-25,-53,-5
-18,-60,-5
-14,-59,0
-9,-63,12
-6,-66,13
-2,-62,13
-10,-57,16
-32,-45,30
-34,-47,36
-25,-50,34
-7,-63,24
0,-70,20
6,-71,21
3,-66,21
-10,-57,15
-17,-54,10
-33,-54,8
-38,-54,10
-30,-51,18
-31,-48,14
-31,-57,19
-43,-62,25
-51,-65,26
-59,-74,30
-63,-82,32
-55,-98,32
-31,-91,30
-17,-76,17
-23,-77,12
-34,-83,5
-33,-83,-1
-31,-74,-11
-31,-69,-14
-35,-62,-14
-38,-57,-12
-37,-54,-11
-38,-53,-12
-41,-55,-13
-41,-59,-12
-38,-57,-10
-36,-50,-6
-37,-47,-2
-35,-39,10
-35,-36,17
-46,-33,32
-52,-36,36
-54,-50,45
-35,-53,53
-27,-48,53
-29,-42,45
-36,-38,37
-54,-28,21
-60,-21,16
-61,-7,13
-62,-3,14
-64,3,18
-64,6,20
-68,12,19
-70,16,23
-68,17,23
-64,16,15
-68,14,12
-75,13,-2
-83,11,-9
-79,-2,-9
-74,-5,-9
-60,2,-8
-57,3,-9
-63,2,-7
-64,1,-7
-54,-9,7
-61,-6,11
-56,-8,16
-61,-12,16
-57,-8,18
-51,-3,19
-51,-5,21
-57,-2,20
-59,-3,14
-63,1,11
-64,1,8
-74,-3,-9
-89,-4,-22
-84,-4,-20
-71,2,-16
-70,3,-16
-66,6,-18
-64,6,-15
-71,4,-10
-70,7,-10
-65,15,-1
-65,18,1
-63,19,3
-63,17,3
-58,12,2
-51,12,-4
-65,9,-29
-80,9,-34
-78,10,-36
-67,10,-32
-62,10,-30
-57,10,-24
-57,12,-21
-59,16,-22
-57,14,-21
-59,13,-19
-60,12,-17
-59,7,-10
-58,2,-2
-58,-4,8
-73,-16,12
-73,-22,14
-74,-41,8
-41,-37,13
2,-6,53
-12,2,55
-21,16,46
-32,22,44
-60,8,28
-70,7,21
-98,7,-2
-83,9,14
-72,7,21
-64,1,15
-61,-2,10
-67,-12,12
-52,-10,22
-52,-12,22
-67,-15,19
-69,-16,16
-62,-12,17
-62,-14,22
-62,-11,21
-48,-9,25
-66,-13,21
-62,-11,24
-58,-11,29
-57,-9,24
-65,-9,18
-64,-10,18
-57,-8,23
-61,-10,21
-62,-7,18
-60,-8,18
-65,-8,18
-62,-8,19
-67,-9,20
-66,-10,17
-62,-7,19
-65,-6,18
-66,-5,17
-64,-6,20
-62,-4,21
-62,-4,19
-63,-2,19
-63,-2,19
-59,-1,22
-59,0,20
-62,-1,17
-61,0,17
-60,4,19
-59,4,18
-62,5,16
-62,6,16
-57,8,16
-58,9,16
-62,10,16
-63,10,15
-66,14,14
-66,15,13
-68,16,13
-69,17,13
-68,15,10
-67,16,7
-64,17,8
-60,17,9
-58,18,8
-54,18,10
-53,17,9
-55,17,7
-56,16,8
-56,15,9
-58,16,8
-60,18,8
-59,18,10
-59,19,10
-62,18,9
-62,17,9
-63,16,10
-63,16,11
-65,15,13
-65,14,14
-71,12,13
-71,11,14
-75,9,12
-76,9,12
-75,6,13
-71,2,13
-64,2,12
-60,7,9
-58,9,9
-56,12,13
-59,11,13
-59,8,12
-55,8,12
-53,11,9
-53,12,10
-58,17,11
-59,18,12
-64,19,13
-65,22,12
-65,25,12
-68,25,9
-72,22,6
-79,18,1
-77,18,2
-61,17,7
-61,15,2
-62,9,-4
-60,9,-2
-52,13,5
-50,14,6
-54,11,3
-56,10,6
-58,10,6
-65,6,3
-67,5,2
-68,2,5
-68,1,7
-69,2,10
-72,4,10
-74,7,14
-77,6,14
-74,2,16
-67,5,16
-62,8,10
-61,7,10
-60,7,12
-61,6,9
-61,8,8
-56,11,8
-55,13,7
-55,16,9
-57,19,9
-63,19,10
-65,19,10
-64,24,12
-63,26,12
-70,20,2
-75,18,-2
-74,16,0
-65,10,2
-61,10,-1
-61,6,-6
-61,4,-4
-61,6,1
-58,7,5
-58,5,2
-60,6,1
-63,6,1
-65,5,3
-66,4,3
-63,4,4
-64,4,4
-66,3,4
-67,3,6
-72,6,11
-74,7,13
-77,6,12
-80,4,11
-69,-2,11
-64,-2,8
-59,1,5
-58,3,10
-59,2,11
-57,5,10
-57,7,8
-58,9,5
-58,11,6
-58,16,9
-58,18,10
-65,18,10
-69,18,10
-68,25,11
-67,27,9
-74,20,-2
-77,15,-3
-75,11,-2
-60,9,0
-56,10,-3
-56,7,-6
-59,6,-5
-55,9,4
-56,10,3
-61,8,1
-61,9,3
-62,8,3
-64,7,0
-65,3,0
-64,2,0
-64,2,2
-64,3,6
-65,2,9
-72,6,14
-75,6,13
-81,3,11
-80,0,10
-67,-7,10
-63,-5,4
-59,-2,0
-58,1,3
-61,3,7
-63,1,10
-61,2,10
-59,8,7
-58,10,7
-58,13,9
-60,14,9
-65,15,9
-66,16,9
-65,19,8
-65,21,8
-70,20,3
-70,18,-1
-70,18,-3
-69,16,0
-65,11,2
-57,9,-1
-58,8,-2
-66,10,-6
-65,9,-3
-59,7,1
-57,7,1
-57,9,0
-58,8,2
-58,5,6
-60,4,4
-61,3,2
-65,0,3
-64,0,5
-67,0,8
-68,1,9
-76,6,11
-81,7,10
-84,0,9
-80,-6,10
-63,-4,5
-60,-2,4
-60,0,6
-63,-1,11
-61,0,12
-57,1,8
-55,2,6
-58,7,6
-58,9,8
-59,16,11
-62,16,12
-65,15,11
-67,16,11
-65,19,10
-66,18,8
-70,16,2
-75,15,1
-76,11,2
-66,4,5
-59,6,3
-61,6,-5
-63,6,-5
-65,4,-1
-61,4,0
-58,5,1
-56,7,2
-59,7,2
-61,5,4
-62,1,4
-61,0,3
-61,-1,3
-64,-1,3
-65,-3,5
-68,-1,7
-67,1,9
-70,1,8
-74,-2,8
-81,-10,8
-76,-9,11
-67,-3,6
-65,-4,1
-62,-7,1
-64,-9,5
-67,-9,5
-63,0,7
-61,4,8
-59,7,6
-61,7,6
-59,11,6
-61,11,6
-61,12,7
-62,14,5
-59,19,6
-61,19,1
-65,14,2
-73,8,-2
-76,8,-2
-64,9,1
-57,8,4
-63,5,1
-62,5,4
-59,1,3
-64,-3,0
-68,-9,0
-66,-10,4
-68,-10,2
-70,-17,5
-62,-17,8
-62,-16,7
-63,-16,6
-61,-19,10
-65,-21,12
-71,-21,13
-76,-19,8
-57,-8,18
-56,-4,18
-60,-7,17
-61,-9,17
-64,-12,19
-64,-12,16
-64,-12,17
-61,-12,15
-63,-15,14
-61,-11,13
-58,-13,17
-58,-13,18
-65,-16,15
-72,-13,11
-59,-14,19
-68,-17,16
-63,-17,16
-61,-17,18
-58,-16,20
-63,-18,20
-57,-14,17
-57,-13,19
-56,-14,23
-52,-15,25
-53,-16,25
-57,-17,24
-61,-21,25
-62,-23,25
-67,-24,24
-67,-23,24
-62,-22,22
-68,-21,20
-70,-19,20
-63,-13,22
-62,-10,21
-62,-4,19
-61,-3,15
-62,1,12
-66,4,10
-61,11,6
-58,13,6
-56,19,3
-57,23,1
-58,31,8
-55,36,14
-54,35,12
-48,33,9
-52,30,10
-50,24,10
-51,22,8
-50,19,9
-53,16,14
-59,11,23
-48,7,21
-58,-2,25
-70,-4,19
-69,-4,11
-59,-4,9
-62,-8,2
-75,-10,-10
-76,-12,-12
-69,-16,-15
-69,-19,-13
-69,-27,-10
-65,-29,-4
-63,-33,-2
-70,-33,-7
-58,-34,-4
-59,-35,-1
-64,-32,-3
-59,-26,7
-48,-26,14
-57,-26,9
-60,-31,3
-52,-29,15
-47,-28,15
-56,-29,9
-55,-30,8
-51,-30,1
-56,-30,-5
-75,-33,-6
-72,-31,-2
-69,-31,-3
-71,-32,-2
-70,-31,-6
-72,-26,-3
-73,-26,-3
-67,-24,-5
-65,-21,-7
-61,-12,-11
-64,-10,-13
-54,-1,-11
-52,3,-10
-52,9,-14
-55,22,-15
-61,27,-18
-62,35,-15
-46,40,-1
-59,36,-13
-65,28,-22
-63,21,-6
-64,20,0
-55,-3,5
-64,-13,4
-70,-20,15
-59,-22,23
-55,-26,30
-43,-26,36
-41,-23,36
-42,-26,44
-38,-23,51
-32,-18,54
-32,-15,54
-37,-15,53
-37,-14,56
-38,-16,52
-38,-16,53
-31,-18,59
-29,-21,61
-19,-21,63
-13,-11,57
-13,-8,51
-10,-6,58
-7,-11,60
-5,-9,61
-6,-8,58
-8,-4,58
-5,-3,60
-10,-9,60
-11,-11,61
-12,-15,65
-13,-12,66
-11,-11,66
-5,-11,63
-5,-8,63
-9,2,60
-5,6,58
-17,-1,48
-12,-4,54
-5,-14,67
-5,-18,70
-8,-16,71
-7,-12,66
-9,-11,63
-8,-9,60
-7,-8,60
-10,-8,60
-11,-10,62
-9,-11,68
-10,-11,68
-11,-9,68
-15,-10,68
-15,-8,66
-16,-6,64
-22,-4,60
-22,-1,57
-24,3,53
-28,4,51
-31,10,46
-37,13,37
-41,15,37
-40,14,41
-39,15,39
-42,16,36
-45,15,34
-56,16,29
-58,16,26
-59,15,22
-62,13,21
-65,11,21
-66,10,18
-64,8,13
-62,2,11
-59,3,12
-55,5,15
-55,5,13
-68,2,0
-71,0,-2
-63,1,4
-64,0,6
-78,-8,1
-77,-5,2
-69,-5,6
-75,-9,-4
-77,-10,-5
-77,-13,-9
-72,-14,-9
-64,-12,-5
-62,-10,-3
-57,-8,-2
-55,-8,-1
-57,-8,-1
-56,-10,-1
-61,-12,0
-61,-13,-2
-61,-18,0
-62,-23,0
-62,-23,2
-58,-23,6
-57,-21,8
-60,-21,8
-61,-23,8
-64,-22,10
-65,-21,9
-66,-19,10
-64,-21,9
-63,-23,9
-65,-22,10
-64,-20,10
-60,-24,11
-59,-22,14
-62,-21,14
-61,-21,13
-59,-21,14
-60,-20,16
-61,-19,14
-61,-19,14
-62,-19,15
-61,-20,15
-61,-21,11
-61,-22,12
-61,-21,11
-61,-18,10
-61,-20,8
-62,-18,7
-61,-16,8
-63,-18,10
-62,-17,9
-64,-14,11
-64,-16,11
-61,-16,10
-61,-16,8
-62,-13,9
-65,-13,8
-64,-14,7
-63,-11,8
-65,-9,10
-65,-5,9
-66,-5,10
-67,-7,12
-66,-6,14
-65,-5,15
-63,-6,15
-61,-6,14
-60,-5,14
-58,-3,13
-59,-2,11
-61,-5,11
-66,-8,11
-66,-7,11
-61,-7,12
-61,-8,12
-70,-11,10
-68,-11,11
-59,-13,14
-61,-14,14
-61,-14,16
-63,-14,17
-60,-14,17
-61,-12,17
-60,-12,15
-61,-10,19
-60,-11,18
-63,-10,16
-63,-10,16
-62,-11,17
-62,-11,18
-60,-12,20
-60,-10,20
-59,-7,21
-64,-5,20
-63,-4,18
-64,-3,15
-64,0,16
-65,-1,17
-64,-2,19
-61,-5,23
-60,-6,24
-59,-10,27
-58,-11,28
-54,-13,30
-55,-14,28
-58,-13,25
-59,-13,24
-57,-13,25
-55,-14,27
-57,-16,24
-65,-15,22
-62,-14,21
-61,-12,21
-59,-12,19
-61,-12,18
-60,-11,20
-59,-13,19
-61,-14,18
-63,-17,17
-63,-17,17
-61,-20,15
-59,-20,18
-57,-20,19
-57,-23,15
-58,-24,15
-57,-23,19
-57,-25,17
-59,-26,14
-60,-27,12
-58,-27,13
-58,-27,12
-56,-29,11
-55,-30,12
-53,-32,12
-54,-34,12
-53,-36,13
-52,-37,14
-52,-37,15
-51,-38,15
-52,-38,15
-51,-38,15
-51,-37,15
-50,-37,14
-51,-36,14
-52,-35,13
-53,-35,13
-53,-34,13
-54,-34,13
-54,-33,13
-54,-34,14
-55,-34,14
-54,-34,14
-54,-34,14
-54,-33,14
-54,-33,14
-55,-33,14
-54,-33,14
-54,-33,14
-54,-33,14
-53,-33,14
-53,-33,14
-54,-34,14
-53,-34,14
-53,-34,14
-53,-34,14
-52,-34,15
-52,-35,15
-51,-35,15
-51,-35,15
-51,-35,16
-51,-36,15
-51,-36,16
-51,-36,16
-50,-37,15
-51,-37,15
-52,-37,16
-52,-36,15
-54,-36,15
-53,-36,15
-54,-36,15
-53,-35,15
-54,-36,13
-54,-35,13
-53,-35,13
-54,-35,13
-53,-35,12
-54,-35,12
-55,-34,12
-56,-33,11
-56,-32,11
-58,-31,10
-59,-30,10
-61,-29,11
-62,-28,11
-61,-27,12
-61,-27,11
-62,-26,13
-62,-26,12
-62,-26,12
-60,-25,12
-59,-23,11
-58,-21,11
-57,-21,11
-57,-21,10
-55,-20,10
-55,-17,11
-56,-16,11
-59,-15,10
-60,-14,10
-65,-12,7
-69,-11,4
-70,-11,4
-65,-9,3
-64,-7,2
-67,-5,0
-70,-4,0
-72,-3,0
-71,-3,1
-70,-2,3
-70,-1,3
-70,-1,4
-69,-1,3
-68,-2,3
-66,-4,3
-69,-5,5
-67,-8,6
-67,-9,6
-57,-13,9
-55,-16,10
-53,-19,17
-49,-22,18
-46,-29,19
-46,-29,26
-47,-29,25
-51,-30,26
-52,-29,28
-61,-28,29
-58,-28,30
-52,-27,33
-49,-25,34
-54,-21,37
-55,-20,35
-53,-20,39
-52,-20,42
-54,-17,44
-51,-18,42
-53,-22,44
-56,-29,42
-60,-29,40
-57,-21,41
-57,-20,41
-53,-21,40
-49,-18,38
-41,-12,41
-39,-14,39
-49,-12,39
-49,-13,43
-57,-9,32
-62,-3,28
-59,3,30
-53,9,32
-55,11,34
-58,13,29
-59,13,28
-56,11,27
-49,12,29
-48,15,28
-50,15,26
-53,17,25
-53,18,27
-43,20,34
-39,23,34
-51,23,31
-56,14,34
-50,15,36
-48,16,35
-53,13,33
-52,4,36
-54,1,37
-60,0,34
-59,-1,34
-52,1,35
-53,2,36
-57,4,35
-56,4,36
-51,3,38
-52,-1,38
-58,-5,37
-53,-9,38
-50,-10,41
-47,-12,45
-46,-12,43
-45,-11,42
-48,-10,41
-54,-11,39
-51,-11,40
-45,-8,45
-49,-7,42
-49,-7,42
-48,-9,45
-46,-9,46
-47,-7,45
-44,-9,44
-44,-12,47
-44,-13,48
-51,-14,43
-39,-12,46
-38,-15,54
-51,-18,49
-37,-15,54
-27,-14,51
-25,-13,51
-25,-18,55
-27,-20,57
-28,-19,55
-29,-19,55
-32,-20,56
-31,-19,56
-29,-18,59
-33,-20,58
-39,-25,60
-39,-27,59
-39,-27,55
-60,-29,35
-64,-22,27
-55,-6,30
-58,6,21
-66,30,6
-59,37,3
-42,44,12
-38,42,13
-29,43,17
-33,41,24
-39,25,42
-33,22,44
-38,17,47
-31,12,55
-26,11,55
-34,20,57
-37,18,59
-22,17,61
-25,19,58
-29,23,58
-29,23,55
-28,26,52
-29,25,53
-35,27,50
-28,29,54
-27,27,51
-35,26,46
-35,23,47
-27,14,47
-36,11,48
-46,5,47
-49,7,47
-50,13,48
-45,18,50
-48,26,46
-56,30,40
-75,38,24
-58,37,18
-59,35,18
-63,25,17
-57,21,18
-48,14,21
-45,8,24
-44,-5,38
-42,-16,47
-46,-19,37
-64,-17,26
-65,-2,34
-56,8,37
-56,11,36
-58,5,36
-58,5,35
-55,7,39
-52,8,40
-52,11,39
-49,9,37
-50,14,36
-51,15,37
-44,20,41
-46,20,41
-42,22,45
-42,22,45
-40,23,44
-44,20,45
-43,19,44
-40,18,45
-39,17,45
-39,17,42
-38,16,42
-44,15,42
-45,15,42
-44,16,41
-44,17,40
-48,18,40
-48,17,41
-48,15,43
-44,14,46
-44,14,45
-47,13,43
-46,12,43
-44,12,41
-44,13,41
-45,13,40
-45,13,40
-45,12,38
-46,13,37
-50,11,41
-49,11,41
-49,12,40
-53,15,34
-54,16,31
-57,20,25
-61,19,23
-70,13,20
-67,10,20
-69,7,26
-70,2,31
-71,-7,28
-70,-11,34
-60,-16,40
-46,-13,42
-41,-15,39
-46,-2,45
-50,1,34
-40,4,38
-38,7,42
-41,10,42
-42,11,41
-56,9,45
-54,7,44
-57,7,41
-56,7,42
-53,6,40
-54,7,39
-46,10,41
-46,11,40
-44,10,40
-40,7,44
-39,6,43
-48,5,41
-51,4,45
-46,5,45
-43,5,45
-50,3,43
-53,3,41
-53,4,46
-51,2,46
-53,1,44
-55,3,43
-54,3,41
-46,3,37
-44,3,36
-43,4,38
-42,5,38
-38,6,40
-41,6,36
-61,7,38
-56,9,37
-62,8,35
-55,10,38
-55,11,35
-59,4,34
-58,9,40
-46,9,60
-48,4,60
-52,4,49
-47,16,42
-52,20,33
-46,26,27
-39,36,17
-31,36,19
-46,18,19
-70,19,26
-67,19,30
-58,13,33
-54,9,34
-50,3,38
-47,3,43
-38,2,48
-33,3,47
-45,2,48
-45,2,49
-45,2,49
-41,2,48
-42,6,46
-58,9,34
-57,8,35
-53,7,39
-57,5,37
-68,4,28
-68,4,29
-59,7,34
-52,16,25
-51,29,15
-48,28,20
-46,24,29
-33,13,32
-35,10,41
-36,8,52
-43,2,47
-64,-4,39
-72,1,38
-67,-1,27
-66,1,21
-62,1,21
-56,-1,23
-71,2,19
-68,3,18
-67,3,18
-63,0,21
-65,-1,21
-62,-5,22
-63,-9,24
-62,-5,18
-56,1,18
-57,10,17
-57,13,15
-54,23,12
-53,24,11
-75,23,6
-75,25,3
-68,23,-4
-67,22,20
-61,21,29
-42,15,36
-33,13,35
-43,10,34
-48,12,37
-55,3,40
-48,0,43
-44,-1,52
-46,1,53
-44,1,48
-48,3,46
-48,7,45
-47,13,42
-47,14,42
-48,13,41
-51,13,41
-48,13,43
-46,14,44
-51,16,37
-46,17,38
-38,8,44
-43,6,45
-42,-2,53
-34,-5,57
-39,-9,54
-43,-9,54
-30,-5,59
-25,-1,57
-30,1,56
-25,2,55
-23,4,55
-27,0,58
-35,-2,59
-31,2,59
-28,5,58
-28,12,56
-31,12,51
-48,1,44
-49,-3,54
-48,-6,57
-49,2,62
-57,16,52
-72,39,11
-63,39,13
-40,29,23
-33,20,22
-39,6,43
-35,2,58
-39,-2,58
-42,0,60
-50,12,50
-51,11,36
-48,9,47
-41,10,56
-38,18,53
-38,31,32
-53,32,21
-55,36,18
-62,31,8
-77,22,3
-67,15,9
-63,5,20
-67,7,22
-48,0,39
-44,-11,49
-44,-19,47
-49,-24,56
-43,-17,61
-26,-9,57
-22,-1,51
-33,7,43
-43,3,34
-53,-2,20
-59,-1,14
-77,13,11
-75,16,13
-69,16,22
-66,18,25
-66,15,22
-57,20,41
-49,19,42
-58,15,39
-59,16,40
-60,14,34
-55,11,31
-54,10,33
-55,9,31
-54,9,28
-53,5,24
-56,4,22
-54,4,25
-54,4,28
-50,5,30
-52,4,29
-55,4,30
-58,3,30
-62,4,30
-61,5,30
-62,4,30
-60,3,32
-58,3,34
-58,3,34
-58,3,36
-57,2,39
-55,3,39
-51,8,43
-51,10,45
-55,9,49
-57,6,49
-58,-2,47
-56,-5,45
-43,-8,40
-39,-9,37
-38,-9,33
-40,-5,33
-41,-1,35
-47,3,40
-49,3,41
-55,1,45
-55,0,46
-51,-1,45
-52,-2,45
-50,-5,45
-48,-6,45
-43,-7,45
-43,-7,45
-46,-6,45
-46,-1,46
-50,-1,46
-58,-1,44
-56,2,44
-53,7,38
-54,8,34
-52,10,30
-51,11,28
-52,17,27
-56,19,27
-61,21,23
-59,22,23
-55,19,23
-52,15,27
-50,14,30
-49,13,33
-53,12,36
-58,10,38
-57,11,40
-52,9,43
-53,8,43
-54,8,45
-54,8,46
-54,8,46
-54,6,46
-55,6,45
-57,6,45
-60,6,46
-66,2,46
-61,0,44
-44,-2,40
-37,-5,39
-34,-11,39
-33,-15,39
-32,-16,43
-38,-16,45
-48,-12,43
-42,-3,45
-42,-2,45
-41,-1,48
-40,1,49
-41,5,49
-41,8,48
-42,13,48
-44,15,48
-44,16,50
-44,15,51
-41,16,49
-42,24,48
-46,29,48
-72,30,51
-83,27,48
-75,26,40
-68,27,33
-73,28,18
-80,29,8
-83,34,-9
-81,35,-9
-58,36,-4
-50,39,-1
-47,39,2
-39,39,5
-31,34,17
-21,27,30
-19,24,34
-15,17,39
-11,15,44
-4,18,48
-6,21,45
-18,33,45
-21,32,49
-27,26,62
-31,30,58
-29,36,51
-24,30,55
-30,26,51
-36,26,40
-27,25,43
-21,18,51
-21,19,54
-27,18,50
-25,18,50
-28,25,44
-33,29,37
-26,30,36
-20,32,30
-21,42,24
-32,49,28
-37,52,30
-42,55,28
-40,55,29
-46,50,28
-44,58,27
-43,58,17
-38,55,12
-20,51,7
-21,52,3
-28,56,-1
-28,56,1
-29,53,2
-32,53,-1
-32,53,-1
-30,54,-7
-37,55,-13
-43,55,-18
-43,51,-17
-37,47,-19
-38,46,-22
-45,46,-21
-45,44,-23
-39,41,-26
-42,41,-28
-48,41,-32
-49,40,-36
-50,38,-35
-46,34,-34
-45,31,-34
-50,29,-32
-54,28,-32
-56,29,-33
-54,28,-30
-58,24,-30
-57,22,-30
-51,19,-25
-51,19,-25
-53,21,-28
-50,22,-27
-51,22,-26
-53,25,-26
-53,26,-24
-58,29,-24
-60,30,-27
-57,30,-26
-55,31,-27
-54,30,-28
-53,30,-29
-52,31,-30
-51,33,-32
-51,32,-35
-49,32,-37
-48,33,-37
-46,31,-34
-44,31,-32
-38,32,-36
-36,34,-38
-37,37,-37
-37,37,-35
-37,37,-33
-38,38,-32
-41,40,-34
-44,38,-37
-44,36,-37
-44,33,-36
-44,33,-36
-44,32,-37
-45,30,-36
-46,29,-35
-47,27,-35
-51,25,-33
-53,24,-30
-58,24,-26
-61,24,-26
-63,28,-30
-66,27,-35
-65,25,-35
-64,20,-34
-59,19,-32
-46,19,-27
-43,20,-26
-44,23,-25
-49,22,-25
-52,20,-24
-53,20,-21
-53,26,-17
-51,31,-20
-52,37,-26
-52,35,-30
-52,34,-30
-55,35,-29
-54,36,-28
-52,36,-24
-51,36,-23
-49,33,-23
-51,30,-25
-48,23,-29
-48,21,-31
-51,24,-32
-50,21,-30
-54,17,-30
-56,12,-26
-56,12,-22
-55,11,-19
-54,11,-17
-55,8,-19
-58,9,-18
-56,3,-18
-58,-1,-19
-66,-7,-21
-67,-13,-22
-66,-24,-22
-67,-20,-36
-76,-18,-46
-73,-4,-33
-70,8,-30
-55,27,-23
-47,36,-11
-49,44,9
-46,48,10
-54,49,15
-58,48,22
-50,43,36
-47,39,35
-50,27,35
-42,19,39
-25,19,37
-23,13,46
-21,10,49
-11,-3,55
-4,-10,57
10,-16,67
-3,-26,72
-21,-27,67
-19,-16,64
-9,-4,69
-14,-2,64
-4,0,67
-9,-7,67
1,-1,64
4,-7,67
0,-11,63
-2,-13,65
-2,-15,68
6,-11,67
5,-10,68
-13,-10,61
-33,-6,49
-49,9,43
-49,9,45
-56,8,42
-50,17,43
-41,17,47
-52,14,38
-61,14,28
-68,12,21
-63,7,21
-64,7,12
-65,13,13
-49,15,21
-30,17,32
-43,12,31
-61,5,16
-63,2,22
-39,-4,47
-42,-5,48
-66,2,47
-55,0,48
-57,5,30
-71,11,20
-73,16,7
-73,21,-1
-76,28,-2
-71,28,1
-67,25,3
-67,23,-1
-68,21,1
-70,16,6
-55,15,12
-46,10,21
-43,9,26
-35,12,31
-30,11,31
-33,9,26
-37,3,34
-55,2,27
-60,1,20
-67,-1,24
-67,-6,18
-71,-5,15
-72,-4,20
-67,-4,25
-68,-4,19
-68,-3,13
-44,-5,27
-24,-4,43
-2,-1,66
4,-1,67
-8,-3,66
-14,-3,64
-20,-4,58
-19,-5,54
-10,-5,58
11,-10,67
16,-10,71
13,-11,71
19,-11,71
7,-11,62
10,-13,64
24,-11,72
7,-11,62
-17,-11,51
10,-11,69
-25,-14,50
-33,-12,52
-23,-11,56
-31,-15,66
-30,-13,60
-36,-9,48
-42,-8,42
-31,-11,48
-28,-7,45
-44,-10,45
-31,-5,59
-31,-9,57
-55,-10,44
-57,-9,48
-57,-6,42
-65,-5,39
-57,0,42
-52,0,37
-64,2,18
-63,3,21
-61,5,23
-65,5,21
-64,8,21
-63,7,24
-65,8,23
-68,8,22
-54,10,24
-48,11,20
-50,12,26
-51,7,39
-48,6,45
-48,7,45
-48,8,40
-50,9,38
-51,9,41
-50,8,43
-50,9,40
-54,10,33
-53,12,38
-47,11,43
-47,9,48
-50,10,49
-45,10,44
-43,11,41
-39,19,33
-36,20,29
-37,19,34
-40,18,45
-39,18,61
-38,18,58
-39,19,50
-43,21,48
-46,21,52
-41,20,51
-41,21,52
-36,21,48
-36,20,44
-33,23,42
-31,22,43
-28,21,50
-27,23,50
-20,26,48
-18,27,51
-16,27,56
-12,30,57
-15,28,57
-15,27,52
-18,28,48
-16,27,50
-16,26,51
-10,20,56
-8,20,58
0,20,58
-2,20,56
-2,22,58
-2,21,63
-3,26,64
-3,26,55
-5,26,52
-6,23,58
-1,20,65
0,20,61
3,20,56
2,24,55
3,22,61
-1,20,62
-1,19,62
7,18,67
8,16,65
1,10,61
-5,13,60
0,14,64
8,16,70
4,18,63
-5,25,58
-7,23,58
-2,27,69
13,28,63
-7,22,60
-4,19,61
0,19,53
-8,20,45
-6,19,56
-28,11,47
-29,11,47
-30,7,62
-19,5,64
-21,14,60
-20,17,64
-32,15,53
-25,21,56
-16,18,70
-14,14,69
1,16,68
10,17,65
5,17,60
-1,16,61
-2,14,61
-4,12,54
-9,12,53
-13,8,58
-10,9,58
-5,11,62
2,13,67
-4,16,60
-8,15,52
3,16,55
-11,9,68
2,8,56
25,2,46
39,-11,56
59,2,41
71,5,36
57,14,2
47,19,-9
29,21,-4
19,29,4
4,44,17
7,47,18
-5,71,35
-25,73,33
-29,84,44
-36,76,71
-21,64,73
-11,62,77
-10,58,64
-17,50,44
-14,44,45
3,43,45
-1,48,42
-12,49,29
-10,49,30
-1,53,40
-7,50,45
-4,48,49
-2,48,49
-1,47,45
3,44,42
1,44,41
-6,44,43
-8,48,39
-5,57,30
-1,57,28
-4,49,39
-7,48,43
-8,50,40
-4,51,38
-5,50,40
-8,45,42
-6,48,41
-4,48,38
-5,49,37
-5,50,42
-4,51,46
6,52,55
6,52,45
-12,57,30
-22,56,33
-23,59,27
-33,65,16
-35,63,24
-27,55,24
-28,52,22
-39,44,29
-37,43,28
-30,39,29
-39,37,27
-41,38,27
-32,37,31
-34,39,29
-38,41,27
-34,42,29
-42,45,21
-43,46,21
-42,44,23
-46,44,23
-44,45,13
-44,47,11
-38,46,18
-38,43,20
-42,43,17
-46,43,15
-44,45,16
-43,45,16
-46,44,16
-51,46,14
-49,47,12
-44,46,15
-43,45,17
-48,47,13
-48,48,13
-43,47,15
-46,45,15
-46,47,13
-43,47,13
-39,45,14
-46,44,13
-46,46,12
-43,48,13
-43,49,14
-45,49,14
-46,49,13
-40,51,12
-36,51,13
-34,49,15
-35,49,15
-32,48,18
-27,48,18
-29,48,17
-34,48,16
-33,50,18
-35,50,17
-35,51,17
-35,50,18
-34,50,15
-39,51,16
-41,51,14
-40,52,13
-38,52,14
-39,52,16
-44,52,16
-41,51,11
-46,41,9
-48,35,22
-32,33,24
-23,37,24
-18,52,21
-21,54,19
-27,59,9
-27,62,6
-38,65,3
-41,68,3
-44,69,6
-34,69,13
-25,67,20
-24,60,26
-24,56,27
-19,46,31
-20,40,32
-26,27,31
-25,20,31
-39,7,24
-53,1,17
-64,-9,15
-60,-12,23
-63,-18,30
-68,-23,35
-61,-24,38
-60,-22,37
-65,-21,33
-72,-23,23
-72,-22,20
-63,-20,22
-63,-22,25
-68,-15,29
-63,-15,26
-76,-19,19
-82,-18,19
-77,-6,20
-61,-1,25
-58,1,30
-54,7,35
-51,6,31
-43,10,40
-43,11,42
-44,13,40
-44,11,39
-38,14,44
-37,14,45
-34,15,46
-38,20,43
-37,21,41
-41,23,45
-41,23,48
-39,26,45
-41,28,45
-43,28,51
-43,28,49
-40,29,45
-36,30,45
-33,38,43
-34,37,40
-42,37,38
-41,35,41
-33,34,41
-25,37,42
-29,36,40
-32,34,42
-29,35,43
-33,36,36
-34,39,36
-47,39,33
-55,39,34
-30,35,48
-16,41,51
-1,44,46
8,47,50
5,44,46
2,42,36
-8,41,39
-32,37,38
-30,30,48
-41,31,50
-46,32,39
-8,32,53
-25,25,51
-10,29,59
11,33,62
1,32,51
8,33,55
0,30,53
-2,34,58
4,34,58
4,31,54
6,31,57
7,31,54
6,36,52
1,30,49
-5,30,55
2,31,53
8,29,54
11,28,59
4,27,49
4,25,49
9,27,56
8,25,52
5,24,56
-5,28,57
-4,31,51
-8,36,50
-16,40,48
-17,42,45
-24,42,46
-22,42,48
-17,39,46
-5,33,44
-3,28,47
21,34,78
8,26,54
0,30,47
1,30,45
15,32,47
22,33,47
35,28,52
39,30,54
42,26,53
41,26,48
38,25,44
29,22,45
31,18,44
58,19,55
58,17,58
31,16,54
25,14,52
30,18,49
36,20,53
22,25,44
19,31,45
15,34,48
8,38,51
4,40,51
1,42,54
0,41,53
2,32,54
1,28,52
4,31,53
7,29,56
2,27,57
-2,27,53
-9,31,49
-4,32,54
2,33,59
11,29,46
4,27,48
18,27,57
26,21,58
21,26,49
22,23,45
23,28,43
37,29,46
44,27,39
44,26,38
46,26,36
45,25,33
54,28,33
52,27,27
46,23,24
45,23,23
53,26,30
62,24,22
55,25,16
55,24,25
62,26,35
46,26,29
40,25,27
41,28,32
48,28,34
57,26,28
41,28,29
43,27,32
42,26,29
48,27,28
50,27,32
51,27,31
52,26,26
45,27,27
53,26,29
59,24,27
54,22,30
55,22,34
61,22,33
47,18,26
32,18,24
50,22,35
54,18,37
52,23,31
42,21,16
21,20,39
26,14,41
40,29,41
42,29,32
50,27,34
55,27,33
52,29,28
50,29,23
52,27,19
68,22,26
63,22,28
57,26,20
64,28,19
44,9,33
41,10,38
45,24,33
42,24,31
45,18,42
44,21,48
50,23,49
35,21,44
44,20,49
59,18,68
73,23,76
-3,30,-3
-40,21,-22
-52,-10,63
-40,1,68
-21,22,50
6,25,56
20,21,64
36,21,62
28,23,51
34,21,46
52,24,61
29,20,46
29,22,45
41,23,53
44,22,53
21,32,39
48,31,34
62,31,31
48,26,23
31,22,40
37,22,41
26,15,34
26,16,47
27,16,49
30,16,45
36,17,46
42,16,51
37,14,53
29,11,50
27,10,48
25,9,53
29,9,51
41,14,45
38,22,44
32,25,46
29,36,45
21,41,45
6,47,49
-3,50,52
8,52,56
9,42,46
-23,53,49
-26,54,48
-33,43,39
-36,46,38
-34,45,36
-23,46,40
-22,45,42
-23,41,40
-18,43,43
-21,43,42
-26,44,39
-28,45,41
-18,40,41
-31,43,44
-29,44,42
-21,39,41
-22,41,46
-22,43,46
-20,42,40
-19,44,42
-19,40,43
-10,42,48
-17,42,45
-23,39,43
-20,40,43
-16,41,47
-29,39,42
-28,40,41
-31,41,38
-28,41,40
-28,41,41
-21,35,50
-21,32,52
-28,34,48
-28,35,46
-25,37,43
-23,36,41
-23,36,41
-22,35,40
-26,34,41
-28,34,42
-30,34,44
-35,34,41
-36,35,40
-40,36,37
-43,38,36
-49,37,31
-49,39,30
-50,40,27
-50,41,26
-49,46,25
-49,46,25
-51,47,25
-50,48,25
-44,49,26
-44,52,27
-45,52,25
-42,53,24
-39,51,23
-34,49,26
-34,47,26
-33,41,27
-32,38,27
-21,34,29
-18,34,30
-26,34,35
-35,31,34
-35,33,34
-35,36,39
-36,35,42
-40,35,45
-40,33,46
-43,32,48
-44,30,48
-46,28,47
-46,28,46
-43,27,43
-40,28,42
-39,28,42
-40,29,41
-40,31,40
-43,34,38
-45,36,37
-42,38,36
-40,40,36
-38,41,35
-39,42,34
-41,39,29
-43,38,32
-35,35,37
-32,37,38
-35,30,47
-42,14,45
-37,16,50
-23,13,57
-20,4,63
-17,1,61
-9,-1,66
-4,5,69
-19,14,58
-18,19,57
-13,24,59
-6,26,56
-11,26,50
-31,20,53
-15,18,63
-17,14,64
-17,15,65
-21,16,60
-24,20,54
-24,24,55
-24,31,44
-27,33,39
-37,38,36
-42,40,36
-50,41,29
-51,42,27
-53,41,26
-54,38,23
-53,37,23
-49,40,25
-45,41,26
-50,41,27
-46,41,29
-38,40,35
-37,41,36
-35,41,36
-34,39,36
-31,39,37
-33,41,35
-35,42,34
-38,47,27
-39,47,22
-34,51,29
-34,53,27
-34,51,26
-28,54,32
-18,52,31
-19,54,31
-13,53,31
-12,54,31
-8,52,34
-6,51,35
-6,51,35
-2,50,36
0,47,36
0,47,37
1,48,37
6,48,36
4,48,36
-1,49,38
-1,50,38
1,53,37
-2,49,30
7,49,52
1,44,39
-1,44,35
0,44,39
4,40,43
6,37,43
7,34,43
10,33,34
10,35,28
0,39,24
-8,40,24
-24,41,22
-29,48,22
-44,57,28
-56,56,21
-57,55,18
-57,58,15
-51,62,18
-55,58,20
-56,55,18
-56,52,18
-54,51,20
-48,49,25
-45,48,25
-44,46,27
-42,44,30
-34,46,35
-30,46,35
-28,44,37
-18,39,37
-17,37,36
-28,31,39
-29,24,40
-28,10,57
-31,2,61
-63,-3,53
-52,-1,55
-40,-5,56
-45,2,47
-46,4,40
-48,10,38
-46,14,39
-47,15,39
-46,16,39
-38,22,17
-45,20,13
-55,11,16
-63,10,13
-66,8,6
-63,10,2
-66,12,-4
-64,15,-7
-63,15,-10
-63,16,-16
-65,17,-16
-67,16,-13
-68,15,-12
-60,7,-7
-59,8,-7
-70,11,-9
-70,13,-12
-63,14,-9
-62,14,-12
-65,17,-22
-63,20,-32
-62,21,-33
-58,21,-18
-53,23,-20
-50,25,-22
-49,25,-20
-50,21,-16
-52,21,-17
-50,18,-16
-54,17,-19
-59,17,-22
-56,18,-24
-59,18,-29
-55,18,-30
-52,18,-33
-51,19,-40
-51,18,-43
-46,18,-45
-44,19,-45
-54,19,-46
-60,24,-48
-52,27,-39
-49,27,-29
-69,29,-22
-82,28,-20
-61,19,2
-66,20,-1
-65,22,-5
-65,23,-16
-59,21,-13
-51,21,1
-45,22,7
-50,22,12
-49,22,15
-48,24,13
-53,23,11
-62,23,10
-61,25,9
-55,23,-3
-62,26,-15
-59,28,-18
-47,31,-14
-49,31,-14
-55,30,-22
-54,32,-28
-60,34,-27
-56,33,-25
-51,36,-34
-51,35,-36
-45,36,-35
-46,34,-40
-42,32,-35
-40,32,-35
-37,33,-35
-40,33,-39
-39,32,-40
-39,32,-39
-37,32,-36
-36,34,-35
-35,35,-35
-38,36,-39
-37,37,-39
-34,37,-38
-34,38,-37
-32,36,-40
-31,37,-40
-34,37,-44
-34,37,-48
-34,36,-50
-36,34,-40
-37,34,-40
-43,33,-45
-46,33,-48
-42,32,-41
-42,31,-42
-42,29,-41
-41,26,-38
-42,24,-37
-45,21,-40
-46,21,-38
-49,23,-32
-52,23,-30
-57,22,-27
-58,22,-28
-56,24,-22
-54,23,-21
-58,22,-23
-57,22,-20
-56,23,-17
-52,24,-13
-52,27,-14
-50,30,-32
-51,30,-37
-52,28,-40
-52,28,-40
-49,24,-39
-50,21,-35
-58,15,-37
-55,16,-33
-49,14,-29
-53,13,-32
-61,11,-38
-43,9,-25
-46,10,-30
-50,12,-37
-47,14,-36
-54,16,-41
-54,16,-38
-54,18,-37
-50,19,-37
-54,19,-37
-52,19,-36
-45,17,-30
-46,18,-30
-51,19,-35
-52,19,-35
-52,20,-36
-49,22,-37
-50,21,-39
-56,21,-42
-56,21,-41
-57,17,-41
-53,16,-42
-47,17,-38
-53,14,-43
-41,17,-39
-38,21,-37
-49,20,-51
-45,21,-40
-40,21,-36
-48,19,-37
-53,18,-39
-54,18,-30
-50,17,-25
-59,21,-28
-55,21,-26
-55,22,-24
-59,23,-24
-56,23,-26
-58,23,-28
-69,19,-22
-69,22,-18
-65,20,-8
-61,20,8
-66,17,10
-75,14,11
-62,14,8
-34,4,34
-29,-2,44
-25,-11,55
-28,-13,59
-32,-18,60
-31,-19,58
-21,-19,56
-21,-26,64
-26,-28,65
-10,-24,65
-7,-23,69
-21,-15,65
-20,-11,65
-10,-10,66
-8,-9,68
-6,-3,69
-6,-1,67
-6,5,64
3,9,68
5,10,65
6,14,59
10,18,58
16,19,58
15,18,51
18,19,46
23,17,48
34,15,44
34,17,37
45,23,35
47,26,27
48,29,21
43,30,16
45,32,14
43,36,9
49,39,16
51,33,24
52,31,35
51,26,43
49,23,44
44,23,39
48,24,34
52,29,30
47,30,26
45,31,23
44,33,23
48,33,22
52,38,21
57,37,22
50,36,20
36,39,21
45,40,25
51,41,45
32,48,28
44,49,29
26,39,19
14,33,18
21,32,31
28,37,46
28,40,41
28,41,46
15,42,47
35,47,50
24,42,45
23,44,57
18,40,56
7,36,34
7,33,31
6,19,35
12,13,37
22,5,43
33,3,46
39,2,39
43,5,16
60,20,21
70,28,18
70,30,10
48,40,23
45,42,24
42,50,20
38,53,28
35,48,33
40,51,29
38,57,40
33,48,46
36,48,45
34,50,40
32,50,39
29,50,43
27,52,46
31,48,48
32,48,50
24,48,39
26,43,31
22,39,28
17,41,26
22,43,31
21,49,35
21,48,33
27,50,38
25,49,38
25,47,35
24,43,30
15,42,34
21,43,32
30,34,25
36,31,22
45,39,17
46,34,15
40,35,16
14,47,33
-7,53,44
-19,49,60
-27,47,65
-24,48,73
-27,43,68
-42,29,42
-63,25,36
-47,21,50
-38,19,50
-41,5,33
-20,-7,49
-17,-13,53
-16,-24,52
-13,-29,55
-1,-38,55
4,-41,59
-1,-41,75
8,-31,79
8,-17,72
0,-14,76
-23,-7,58
-25,-2,47
-57,11,18
-84,16,7
-72,22,7
-67,34,11
-64,32,14
-58,23,20
-55,23,25
-50,23,20
-59,23,15
-57,20,18
-56,16,22
-56,18,23
-54,17,23
-56,14,26
-46,11,44
-32,12,49
-55,25,31
-52,26,26
-45,30,25
-41,28,30
-56,25,6
-69,26,8
-34,26,43
-47,24,40
-53,41,39
-54,46,46
-36,29,30
-54,20,14
-58,15,22
-54,17,32
-56,8,40
-78,18,26
-75,19,22
-51,19,10
-57,20,10
-57,22,16
-60,18,13
-66,18,16
-69,21,26
-61,19,19
-39,17,36
-45,17,40
-45,16,43
-54,16,36
-70,14,28
-70,14,28
-61,11,24
-59,8,24
-51,8,28
-51,8,37
-47,17,41
-38,11,52
-43,13,55
-47,18,43
-22,21,53
-21,21,38
-14,20,50
4,22,68
16,18,63
-7,20,45
-9,20,55
15,21,69
17,20,64
-15,23,40
-35,20,21
-27,26,55
-27,28,64
-54,24,49
-64,21,39
-53,23,42
-45,23,38
-42,21,33
-50,16,39
-45,16,40
-52,18,30
-49,20,33
-51,18,45
-54,20,34
-42,21,38
-49,19,41
-57,16,40
-67,24,33
-38,15,52
-51,20,44
-45,16,47
-24,11,50
-28,8,48
-34,11,46
-32,14,46
-17,15,50
-23,19,44
-40,15,42
-40,11,50
-48,10,53
-71,19,45
-66,20,49
-65,16,46
-53,20,30
-32,21,47
-37,15,47
-54,12,37
-43,13,38
-25,14,51
-40,9,39
-50,11,44
-24,11,48
-34,15,46
-33,11,54
-10,1,61
-46,15,44
-40,11,53
-50,9,54
-46,11,53
-22,9,60
-23,1,57
-44,-2,58
-33,-4,63
-25,-5,64
-28,2,51
-27,1,47
5,-10,53
2,-10,58
-22,1,45
-35,15,54
-19,9,58
-14,11,57
-37,13,48
-77,11,46
-47,14,53
-82,3,25
-63,-1,39
-62,-4,38
-65,-6,44
-83,-11,39
-68,-10,47
-51,-20,52
-15,-13,72
-40,18,44
-45,31,20
-5,47,19
-49,27,11
-63,15,15
-70,1,33
-62,0,36
-59,-4,53
-49,-8,57
-31,-21,72
-21,-20,71
-41,-10,54
-35,-9,50
-24,-3,52
-20,-1,50
-24,-1,42
-24,-6,49
-34,-17,67
-47,-4,60
-34,4,47
-29,-1,65
-31,3,61
-26,0,57
-29,-1,58
-34,5,55
-33,8,50
-34,9,57
-40,6,56
-37,11,47
-38,10,52
-39,11,54
-35,14,47
-37,14,45
-53,9,40
-50,12,39
-52,11,33
-54,12,31
-60,9,22
-66,8,17
-59,10,11
-59,12,5
-74,14,-9
-67,14,-14
-66,17,-18
-67,20,-30
-61,21,-34
-58,26,-37
-55,26,-36
-46,25,-31
-44,24,-27
-44,25,-28
-48,25,-27
-49,25,-26
-45,24,-23
-52,22,-17
-54,23,-22
-55,23,-24
-64,23,-23
-63,22,-21
-53,26,-16
-53,26,-24
-52,29,-29
-50,32,-25
-49,32,-15
-49,29,-12
-62,28,-7
-61,27,-9
-60,28,-12
-61,26,-22
-61,27,-22
-51,28,-22
-50,27,-24
-56,26,-25
-56,26,-24
-54,24,-22
-53,24,-20
-59,25,-18
-60,24,-18
-59,26,-16
-57,26,-15
-55,27,-9
-54,26,-6
-53,25,-1
-59,25,1
-59,23,2
-63,25,3
-65,26,0
-63,25,-2
-62,21,-2
-63,25,1
-56,24,-2
-59,25,-11
-60,25,-15
-58,27,-11
-56,27,-8
-56,26,-5
-65,24,-1
-67,21,0
-69,26,-3
-63,25,-4
-55,25,-2
-54,26,-1
-57,26,0
-58,26,1
-57,26,5
-59,23,6
-59,23,7
-62,23,7
-60,25,7
-56,26,8
-57,26,9
-57,28,10
-58,27,9
-59,27,9
-60,26,9
-56,27,11
-58,27,11
-61,25,10
-62,26,11
-63,26,12
-60,25,13
-59,25,13
-62,25,13
-59,27,13
-56,28,15
-56,28,18
-55,24,26
-55,24,29
-50,23,31
-52,22,27
-54,25,25
-43,28,22
-44,30,20
-41,31,23
-43,30,25
-43,33,30
-45,33,31
-53,30,30
-61,30,31
-70,25,35
-62,21,40
-53,13,38
-49,12,40
-47,14,48
-52,24,52
-53,27,46
-46,33,47
-40,33,45
-22,24,48
-17,19,49
-4,14,51
-2,12,53
-13,7,55
-23,10,52
-19,16,56
-16,23,52
-19,21,55
-19,25,56
-22,23,54
-30,19,58
-28,20,59
-18,23,57
-19,20,57
-12,20,58
-1,18,60
3,16,63
16,10,69
-7,9,54
16,-6,76
15,-5,72
18,-1,58
13,0,54
-12,-5,63
-32,-9,61
-12,-8,72
-10,0,64
-31,15,48
-46,16,45
-68,19,36
-40,10,59
-36,13,56
-34,2,53
-28,5,50
-28,-16,62
0,-19,68
19,-2,41
29,15,53
13,-5,41
32,-9,53
31,-6,65
23,-13,57
31,-12,67
26,-11,65
-32,-28,66
-18,-3,59
-4,-5,72
-58,6,33
-54,7,34
-2,-1,78
-4,-5,82
-36,-1,50
-31,5,53
-14,4,67
-24,6,41
-40,7,40
-44,8,46
-61,19,37
-30,22,53
-13,18,58
-77,22,32
-69,24,29
-95,24,1
-78,32,-8
-36,45,-1
-36,47,-6
-42,42,-6
-40,41,0
-49,37,2
-47,35,5
-62,35,-4
-66,34,4
-57,34,3
-46,38,-5
-50,39,-5
-55,37,-1
-55,36,-3
-51,34,-7
-53,35,-9
-51,42,-3
-54,41,-5
-45,40,-5
-46,38,4
-69,39,3
-43,36,16
-46,35,15
-56,39,-1
-58,38,-2
-49,33,17
-52,31,23
-56,30,-5
-64,33,0
-52,35,22
-48,36,21
-48,34,7
-62,33,6
-44,32,22
-51,36,7
-61,36,3
-50,39,0
-45,39,-10
-62,57,-26
-46,48,-17
-36,57,2
-36,55,5
-23,52,12
-26,51,12
-31,52,4
-28,50,-1
-25,56,8
-20,56,10
-23,58,8
-39,64,-10
-32,62,1
-27,58,9
-29,58,8
-35,61,-8
-25,57,2
-21,54,14
-23,57,8
-32,57,0
-26,61,3
-21,60,6
-28,60,4
-10,57,19
-10,56,28
-18,59,19
-23,58,18
-44,53,3
-24,54,4
-32,57,6
-56,53,9
-48,55,11
-40,51,21
-40,49,22
-36,50,24
-31,48,16
-36,48,25
-42,38,29
-51,36,12
-51,41,-7
-96,60,39
7,36,42
33,25,60
-48,12,37
-64,14,34
-26,1,66
-35,-1,80
-45,-3,67
-36,11,70
-27,13,62
-16,11,55
-14,12,56
-23,8,69
-18,12,65
-8,9,48
-8,9,28
3,6,107
-16,7,55
-13,9,49
-29,7,67
-28,12,61
-25,12,56
-19,9,62
-9,9,64
-5,11,64
-18,10,58
-24,10,57
-32,14,50
-33,16,45
-51,11,39
-56,13,37
-49,15,31
-57,18,28
-55,21,26
-63,19,17
-76,18,11
-81,20,-1
-73,23,-1
-70,29,3
-71,30,-2
-65,34,-9
-55,33,-8
-40,31,-1
-41,30,1
-43,29,0
-52,27,-3
-56,25,-3
-51,26,7
-55,27,6
-67,26,-4
-61,28,3
-54,30,9
-59,30,2
-55,33,-7
-50,34,-11
-53,35,-21
-50,34,-19
-50,35,-19
-50,32,-17
-52,30,-16
-62,27,-14
-69,26,-15
-73,23,-15
-79,20,-19
-48,25,-5
-30,31,16
-38,30,33
-31,36,45
-46,38,27
-59,39,7
-46,37,8
-45,36,12
-48,35,16
-48,28,37
-54,27,42
-61,22,42
-51,20,42
-48,19,40
-57,17,33
-61,19,13
-60,21,26
-55,25,15
-69,25,11
-67,27,9
-57,32,5
-58,33,0
-52,31,-5
-52,29,4
-51,29,13
-54,28,17
-59,25,15
-64,26,20
-62,25,9
-64,25,4
-62,24,0
-64,26,11
-61,27,14
-54,24,10
-62,24,14
-57,25,16
-55,25,16
-55,25,18
-57,25,21
-56,25,21
-54,25,23
-52,26,24
-55,27,23
-61,29,23
-52,29,20
-44,27,21
-32,30,29
-23,30,34
-26,22,56
-12,22,66
2,29,55
-18,32,51
0,36,54
0,42,59
-13,46,54
-17,40,47
-28,36,51
-50,33,40
-45,33,38
-31,34,46
-26,32,49
-23,35,49
-21,34,49
-33,34,36
-33,35,39
-30,35,45
-31,38,45
-30,38,45
-29,40,48
-35,40,40
-37,37,28
-33,35,26
-28,35,26
-36,31,28
-53,29,30
-52,31,37
-43,33,39
-43,32,41
-52,30,58
-51,28,55
-41,26,46
-31,20,33
-21,25,47
-45,27,52
-40,27,49
-24,26,53
-24,26,52
-32,25,45
-31,21,48
-37,21,50
-36,23,51
-35,25,46
-21,21,44
-32,23,52
-34,24,49
-28,24,50
-20,19,50
-31,20,49
-38,19,57
-37,18,60
-34,21,52
-31,19,51
-29,19,55
-28,19,57
-30,15,50
-28,16,54
-23,17,58
-33,15,54
-38,18,51
-33,19,45
-29,18,50
-37,17,48
-55,10,53
-25,28,56
-30,21,57
-26,23,53
-31,23,47
-35,23,46
-36,22,48
-42,20,46
0,20,52
-39,17,37
-34,19,55
-30,22,53
-36,21,50
-39,22,52
-31,23,52
-26,25,53
-36,24,54
-52,22,49
-32,26,42
-30,21,49
-20,23,45
-40,22,39
-38,23,38
-40,24,31
-46,25,24
-59,13,32
-51,6,52
-53,24,46
-43,23,39
-39,18,41
-47,21,44
-56,18,35
-46,19,36
-45,19,39
-52,16,34
-53,16,34
-51,16,38
-53,15,37
-53,14,36
-54,16,33
-57,16,31
-57,15,33
-52,13,41
-46,16,40
-49,15,35
-54,12,35
-55,13,36
-51,15,37
-51,15,36
-50,11,36
-53,11,37
-52,14,34
-52,14,35
-52,13,37
-52,14,35
-53,10,37
-53,11,35
-52,16,31
-51,12,34
-51,12,37
-49,14,32
-54,12,30
-62,9,38
-60,11,39
-50,14,37
-54,12,34
-53,12,39
-53,14,41
-48,10,43
-46,9,39
-42,12,41
-38,16,48
-44,17,45
-42,13,46
-30,14,54
-40,20,43
-43,15,38
-36,18,50
-38,21,50
-50,18,47
-33,19,53
-31,17,49
-34,16,54
-31,18,55
-34,18,55
-41,19,51
-24,14,57
-19,15,55
-29,13,56
-30,16,50
-20,13,54
-24,13,56
-33,18,51
-24,20,49
-30,13,62
-25,17,55
-17,17,61
1,8,65
1,11,61
-39,18,49
-37,14,57
-19,21,65
-33,22,51
-65,25,22
-72,23,22
-16,38,50
-17,33,46
-64,13,35
-34,22,43
-42,22,32
-45,23,28
-37,21,33
-41,17,34
-50,18,33
-73,17,29
-48,21,32
-51,8,41
-65,9,41
-38,25,50
-35,26,54
-39,24,46
-26,14,55
-28,10,57
-33,18,51
-29,20,57
-24,18,53
-28,15,51
-29,15,57
-18,13,62
-27,18,55
-33,17,52
-27,13,58
-29,19,58
-36,21,54
-22,13,56
-14,8,60
-37,6,56
-28,10,65
-15,19,65
-34,20,43
-19,13,52
-11,9,63
-27,10,55
-18,11,52
-10,14,61
-35,15,51
-24,17,57
-22,22,55
-55,13,44
-9,5,68
-19,11,64
-29,14,55
-15,13,58
-15,13,60
-29,12,54
-14,11,62
-13,10,61
-27,15,54
-17,12,58
-17,12,58
-22,11,61
-18,11,63
-20,11,61
-20,13,60
-20,14,57
-20,13,60
-21,14,57
-23,12,55
-18,9,63
-20,12,61
-18,12,56
-18,14,60
-27,14,56
-17,12,59
-19,13,58
-23,12,59
-20,11,57
-19,11,55
-17,9,59
-19,7,58
-23,7,52
-28,13,60
-33,11,69
-22,7,69
-7,7,56
1,0,60
-7,-6,68
-2,1,75
16,12,86
-3,15,74
-24,33,60
-33,38,51
-43,38,24
-44,31,27
-45,26,38
-51,28,41
-51,11,48
-26,8,52
-19,2,50
1,-15,76
2,-21,84
0,3,63
-4,8,55
6,9,57
-2,4,55
6,5,51
11,5,61
1,8,68
-13,3,62
-12,5,64
-4,8,66
-3,9,67
-8,11,72
-15,13,69
-9,16,72
-19,16,63
-30,19,56
-36,18,52
-27,16,56
-36,18,53
-54,22,38
-45,26,27
-49,27,19
-58,31,3
-57,31,-2
-56,31,-8
-55,31,-7
-48,30,-8
-47,30,-8
-44,30,-6
-48,28,-7
-59,27,-11
-57,26,-7
-53,26,-7
-51,28,-13
-55,30,-17
-65,32,-20
-60,32,-16
-55,34,-12
-60,34,-18
-61,31,-21
-61,31,-16
-58,31,-14
-53,32,-17
-42,35,-15
-42,34,-13
-54,30,-10
-58,27,-13
-51,27,-7
-50,26,-4
-55,26,-4
-55,28,-12
-47,28,-9
-66,23,-6
-74,20,-13
-65,19,18
-61,20,37
-56,34,42
-46,33,41
-41,30,46
-28,30,51
-23,27,47
-48,11,46
-55,5,46
-51,10,53
-46,12,53
-41,11,50
-42,9,46
-54,3,42
-61,1,39
-52,7,44
-44,8,45
-47,4,38
-60,3,29
-60,4,33
-50,7,41
-50,5,41
-64,1,26
-62,1,29
-55,4,38
-56,4,34
-57,5,35
-50,3,40
-51,7,32
-65,7,14
-74,8,6
-64,12,12
-63,13,13
-64,15,19
-66,14,19
-66,13,20
-67,10,18
-67,6,11
-71,8,7
-60,10,8
-59,12,11
-59,12,10
-55,14,14
-58,14,11
-60,12,4
-58,14,7
-59,17,9
-60,16,10
-65,14,12
-67,13,12
-72,12,14
-64,12,22
-60,12,24
-64,11,25
-61,11,25
-62,10,27
-59,12,27
-34,16,44
-26,16,55
-21,14,59
-16,11,61
-7,7,73
1,8,70
5,8,57
6,11,56
9,13,60
2,18,59
4,17,60
6,12,57
6,6,58
20,10,64
25,9,57
28,7,56
29,6,54
23,2,56
23,0,58
25,-3,54
30,-3,53
30,-3,54
12,-9,59
30,-5,51
34,-10,48
26,-11,53
24,-6,56
30,-5,54
25,-6,48
24,-3,44
16,-15,70
26,-18,74
2,-13,60
-1,-11,52
10,-17,70
2,-13,62
-33,-1,55
-20,-6,79
-18,-3,74
-3,-2,70
-16,-3,70
-15,2,68
-14,9,61
-5,7,74
-3,3,70
0,13,57
6,8,70
-24,6,48
-43,6,36
-31,20,33
-28,27,35
-47,27,36
-35,45,5
-42,40,9
-64,30,31
-66,41,13
-58,43,-8
-54,45,-9
-52,45,-3
-46,37,-7
-32,41,15
-31,43,21
-31,40,6
-79,43,-10
69,34,16
-113,44,20
-52,40,9
-80,34,3
-77,38,9
-55,51,41
-42,48,42
-37,27,41
-38,27,29
-47,23,19
-59,18,14
-52,20,1
-65,18,-2
-57,19,4
-78,17,-23
-87,20,-20
-72,21,6
-63,24,7
-60,13,34
-45,18,32
-61,17,32
-39,26,66
-49,15,28
-53,14,45
-48,18,51
-68,8,12
-56,13,25
-50,19,37
-64,16,27
-60,17,32
-74,12,14
-67,24,16
-65,29,12
-60,31,11
-59,35,9
-54,34,6
-41,38,-8
-34,34,-17
-49,41,11
-44,43,-23
-56,46,-35
-45,40,3
-25,41,9
-34,44,-7
-50,46,-15
-44,46,-5
-34,47,3
-38,49,9
-9,32,12
-70,44,-18
-58,59,-45
-31,23,46
-65,29,33
-49,35,11
-56,21,8
-70,36,-1
-71,37,-5
-71,29,-6
-58,24,16
-58,33,-8
-58,37,-12
-54,31,12
-64,30,10
-61,32,14
-41,36,6
-43,34,2
-63,31,-2
-58,33,-2
-59,33,10
-60,31,14
-54,31,11
-46,34,21
-50,36,9
-56,23,6
-55,22,12
-58,30,26
-62,28,20
-68,19,29
-61,19,35
-49,24,16
-47,29,26
-62,33,29
-58,32,20
-52,24,30
-55,24,28
-58,29,19
-59,20,6
-51,22,2
-54,20,12
-61,21,11
-53,29,8
-57,30,20
-69,26,6
-69,26,-2
-47,37,11
-66,34,9
-64,34,13
-54,32,1
-70,31,-11
-50,40,10
-48,38,-1
-54,41,8
-68,42,-1
-47,56,15
-41,49,11
-42,52,16
-46,49,9
-35,51,-1
-24,48,16
-33,51,5
-30,54,1
3,48,29
-36,40,22
-46,50,5
33,44,18
67,44,61
-32,30,29
-61,31,33
-61,42,41
-45,39,13
-42,32,44
-55,37,28
-55,38,31
-51,37,28
-57,29,28
-52,33,25
-53,32,19
-63,27,24
-56,29,30
-27,43,43
-31,44,27
-49,30,12
-55,30,13
-46,35,4
-43,31,8
-78,29,20
-68,33,26
-59,30,20
-59,30,23
-55,29,14
-37,32,16
-48,29,24
-55,35,18
-50,32,17
-56,29,23
-50,32,28
-61,34,17
-76,27,-2
-54,36,31
-42,33,29
-50,31,16
-46,35,32
-45,34,33
-59,30,21
-56,32,17
-47,35,31
-51,31,30
-59,30,19
-53,30,24
-48,35,36
-48,31,28
-53,25,23
-51,30,15
-59,29,7
-59,29,16
-55,31,14
-60,28,13
-58,29,18
-57,27,11
-56,25,7
-58,28,13
-56,30,18
-54,29,1
-59,24,-4
-57,27,21
-53,31,13
-43,31,5
-57,31,13
-58,33,13
-56,30,12
-55,29,11
-44,28,18
-48,25,15
-51,19,5
-68,20,6
-55,25,8
-54,22,8
-65,22,0
-60,23,5
-66,17,1
-55,22,13
-63,25,12
-55,23,4
-59,22,9
-63,19,8
-65,20,-2
-57,24,8
-61,22,1
-52,18,2
-57,15,25
-55,17,57
-54,21,19
-65,19,6
-62,23,11
-61,22,20
-59,16,23
-57,17,21
-61,20,17
-59,21,17
-53,26,36
-61,23,27
-58,21,26
-53,24,32
-60,18,23
-56,19,14
-65,22,22
-56,17,29
-48,16,24
-63,20,6
-60,21,9
-58,15,10
-65,16,4
-64,21,17
-67,18,25
-77,10,7
-60,18,14
-53,21,15
-53,19,3
-62,16,0
-62,19,6
-56,20,4
-65,18,4
-65,18,4
-61,19,3
-63,19,5
-59,22,17
-45,25,24
-54,20,6
-57,20,7
-73,19,-1
-61,24,10
-64,27,10
-64,25,8
-68,23,9
-55,33,44
-66,16,13
-61,20,42
-59,17,-19
-58,23,-2
-59,25,-11
-60,27,-18
-56,28,1
-59,29,3
-57,28,20
-54,29,21
-60,25,18
-60,23,15
-59,25,8
-61,24,5
-59,24,6
-58,23,8
-63,20,10
-66,19,9
-64,16,11
-70,17,11
-65,17,10
-64,19,5
-60,21,8
-59,18,10
-64,17,8
-60,17,8
-56,16,14
-64,15,5
-59,14,4
-58,14,4
-61,13,-4
-63,15,2
-62,16,-1
-61,13,-4
-66,5,-2
-66,3,-2
-69,9,-21
-60,12,-20
-63,15,-29
-67,16,-29
-55,17,-23
-56,18,-33
-67,16,-32
-54,14,-16
-52,17,-20
-51,19,-33
-59,19,-36
-61,20,-23
-55,18,-15
-62,25,-20
-60,22,-25
-47,21,-25
-47,21,-22
-53,19,-20
-55,20,-26
-57,24,-32
-51,24,-25
-50,26,-24
-49,25,-22
-53,24,-25
-51,25,-25
-52,25,-24
-59,26,-28
-58,25,-28
-55,26,-25
-54,26,-24
-56,24,-22
-56,23,-22
-63,24,-14
-50,30,-26
-41,33,-25
-52,27,-21
-66,24,-23
-71,24,-21
-60,25,-18
-49,27,-17
-51,27,-19
-57,28,-18
-56,30,-17
-46,25,-8
-53,24,-20
-60,30,-27
-57,23,-21
-58,19,-23
-63,24,-16
-59,26,-21
-56,24,-27
-57,25,-24
-61,25,-21
-61,27,-18
-55,27,-20
-56,25,-27
-66,26,-24
-64,29,-25
-43,33,-18
-46,29,-20
-49,30,-28
-71,43,-26
-41,41,-28
-31,45,-11
-38,44,-10
-47,46,-15
-37,51,-22
-43,53,-18
-41,51,-10
-33,52,-24
-35,53,-14
-35,48,0
-41,41,-17
-22,39,1
-29,41,-8
-47,45,-17
-42,28,-4
-42,32,6
-63,40,-25
-74,42,-29
-28,49,-12
-43,41,-2
-46,36,-12
-59,34,-9
-56,33,-9
-56,34,-12
-44,33,-15
-60,27,-2
-62,25,4
-59,26,-2
-56,26,-2
-64,25,3
-64,23,-1
-67,19,-2
-62,20,-4
-56,20,-7
-64,18,-9
-65,21,-10
-46,16,-5
-50,19,-10
-59,23,-22
-53,21,-19
-57,19,-29
-61,16,-25
-72,14,-15
-71,15,-22
-59,15,-31
-58,15,-26
-53,18,-23
-56,15,-24
-57,16,-27
-55,16,-26
-56,14,-28
-59,13,-30
-59,14,-31
-54,13,-30
-58,15,-35
-55,14,-34
-51,15,-29
-54,13,-33
-56,13,-35
-54,13,-35
-50,15,-37
-50,14,-38
-51,13,-37
-52,11,-34
-50,11,-36
-60,10,-35
-46,11,-40
-39,11,-42
-57,7,-39
-60,7,-46
-51,8,-44
-48,9,-41
-49,9,-36
-52,10,-42
-51,10,-42
-47,12,-41
-47,9,-38
-51,6,-40
-50,6,-38
-46,6,-36
-42,3,-40
-47,9,-54
-42,13,-44
-42,13,-42
-42,13,-43
-46,12,-48
-45,11,-47
-46,10,-45
-48,7,-42
-48,6,-44
-49,7,-41
-51,8,-40
-48,9,-25
-51,6,-35
-52,9,-41
-52,10,-40
-49,11,-39
-53,10,-39
-54,10,-36
-52,10,-35
-52,10,-36
-51,9,-39
-52,9,-39
-51,10,-38
-49,9,-36
-54,10,-35
-56,10,-35
-58,11,-36
-57,11,-37
-54,13,-31
-52,11,-23
-53,9,-26
-58,11,-32
-59,11,-30
-56,11,-30
-58,11,-28
-60,11,-29
-57,12,-26
-50,2,-28
-58,11,-27
-59,11,-21
-60,11,-21
-61,12,-24
-57,13,-22
-59,12,-22
-57,12,-25
-53,12,-23
-52,7,-6
-69,17,-19
-61,9,-29
-65,8,-30
-57,11,-18
-59,12,-18
-65,9,-19
-65,9,-21
-60,11,-21
-60,11,-23
-60,10,-26
-62,7,-23
-64,9,-20
-64,13,-24
-60,12,-25
-64,10,-4
-60,10,-2
-63,16,-20
-63,17,-30
-58,17,-3
-63,22,8
-58,14,8
-76,7,-6
-74,15,-5
-55,13,-7
-64,9,-4
-54,11,-3
-60,12,-10
-63,10,-3
-62,10,-1
-59,15,-10
-60,15,-19
-64,9,-29
-66,12,-28
-65,16,-18
-60,13,-14
-59,10,-18
-66,9,-17
-65,9,-16
-63,8,-24
-60,8,-25
-54,14,-22
-54,16,-15
-59,14,-9
-65,12,-24
-60,10,-27
-67,13,-24
-69,12,-14
-63,11,-16
-64,11,-19
-67,12,-5
-67,13,0
-63,6,-1
-63,2,-5
-62,2,-1
-59,2,-1
-62,2,-10
-64,1,-6
-53,3,7
-55,7,-9
-72,-3,-23
-61,9,-24
-60,7,-22
-69,1,-27
-76,6,-32
-49,11,-30
-54,9,-36
-56,22,-33
-49,22,-38
-48,19,-37
-43,25,-40
-48,29,-42
-45,28,-45
-28,29,-39
-43,31,-31
-47,32,-32
-26,26,-55
-46,28,-42
-16,26,-45
-21,26,-41
-41,31,-39
-42,33,-42
-34,41,-56
-16,28,-47
-21,27,-47
-28,29,-50
-35,31,-56
-33,30,-58
-33,30,-59
-34,33,-59
-29,32,-55
-25,31,-56
-29,31,-53
-27,30,-49
-27,33,-46
-29,33,-45
-32,32,-46
-35,35,-48
-33,32,-39
-32,31,-35
-32,29,-34
-32,31,-32
-30,32,-33
-31,31,-40
-32,33,-48
30,62,-32
-62,43,-64
-50,34,-52
-29,30,-38
-18,28,-32
-11,30,-26
-22,33,-26
-25,34,-25
-30,34,-29
-37,33,-35
-41,28,-39
-37,27,-36
-44,20,-44
-43,18,-44
-40,16,-40
-45,15,-39
-54,14,-39
-53,14,-36
-57,11,-35
-64,15,-32
-65,17,-28
-66,18,-28
-66,19,-28
-72,21,-28
-73,23,-27
-73,19,-27
-76,19,-27
-79,13,-27
-73,12,-22
-63,9,-9
-60,7,-4
-58,0,-1
-55,-1,10
-55,0,14
-57,-6,17
-55,-10,21
-54,-4,34
-55,-2,34
-50,-1,38
-48,5,41
-49,14,40
-55,10,35
-58,2,40
-55,-3,45
-47,-12,48
-42,-13,46
-36,-12,49
-42,-13,46
-36,-12,45
-34,-13,44
-38,-14,46
-74,-29,74
-34,-29,51
-38,-11,45
-44,-15,46
-34,-33,52
-38,-9,48
-37,-7,54
-39,-17,48
-43,-20,45
-39,-15,50
-40,-14,50
-44,-16,45
-42,-16,46
-49,-16,41
-47,-18,42
-42,-18,45
-43,-17,42
-47,-15,41
-36,-14,52
-38,-15,50
-50,-14,43
-41,-11,48
-35,-8,53
-34,-9,52
-40,-12,49
-40,-12,49
-37,-14,50
-33,-14,52
-31,-10,55
-34,-9,54
-34,-7,54
-34,-9,54
-32,-9,54
-28,-11,55
-26,-11,56
-32,-11,54
-39,-12,52
-45,-8,49
-50,-6,49
-40,4,53
-38,5,58
-38,0,55
-37,-2,52
-33,-6,45
-22,-12,40
-19,-16,37
-50,-33,89
-61,-44,70
-37,-11,55
-42,-7,46
-39,-12,50
-38,-13,51
-39,-14,49
-39,-15,49
-40,-16,47
-41,-15,48
-40,-16,48
-35,-22,47
-37,-20,48
-40,-12,49
-41,-9,48
-43,-3,50
-41,-6,50
-38,-14,50
-39,-14,49
-37,-15,50
-37,-15,50
-40,-15,48
-39,-14,50
-38,-13,50
-41,-12,48
-42,-12,48
-41,-13,48
-42,-13,47
-41,-12,48
-43,-12,47
-43,-12,46
-44,-12,46
-42,-12,47
-41,-11,47
-42,-10,48
-47,-8,44
-46,-8,45
-44,-10,45
-47,-9,44
-47,-12,43
-46,-16,43
-45,-15,44
-46,-14,43
-46,-14,43
-45,-14,44
-46,-13,43
-46,-13,43
-44,-15,44
-43,-15,45
-45,-14,44
-44,-15,45
-45,-14,44
-46,-13,44
-45,-14,44
-42,-15,46
-43,-15,45
-40,-15,48
-41,-14,48
-41,-16,49
-40,-17,48
-42,-18,50
-45,-15,49
-38,-16,49
-34,-18,49
-34,-20,47
-26,-23,45
-26,-22,43
-12,-27,71
-21,-22,59
-35,-16,55
-38,-11,53
-40,-14,49
-34,-16,51
-36,-16,50
-34,-15,53
-32,-15,54
-35,-16,51
-35,-16,52
-35,-16,51
-35,-15,52
-34,-14,52
-35,-15,52
-32,-15,53
-33,-15,53
-33,-12,54
-33,-12,54
-34,-14,52
-35,-14,52
-33,-13,53
-33,-14,53
-32,-14,53
-34,-14,53
-33,-13,53
-34,-14,52
-35,-13,52
-33,-13,54
-32,-13,54
-36,-12,52
-37,-11,51
-38,-12,51
-37,-13,51
-35,-13,52
-35,-13,52
-36,-13,51
-38,-13,51
-36,-13,51
-36,-14,51
-35,-14,51
-38,-14,50
-38,-14,50
-38,-14,49
-37,-14,51
-37,-14,51
-38,-14,49
-38,-14,50
-37,-14,50
-37,-14,51
-37,-14,51
-37,-14,51
-38,-14,50
-38,-14,50
-36,-14,51
-37,-14,51
-37,-14,50
-37,-14,50
-37,-14,51
-37,-14,51
-37,-14,50
-37,-14,50
-37,-15,50
-37,-15,50
-36,-15,50
-37,-15,50
-37,-15,50
-37,-14,50
-37,-14,50
-37,-15,50
-37,-15,50
-37,-14,50
-38,-15,50
-37,-14,51
-37,-15,50
-37,-14,50
-37,-14,50
-37,-15,50
-38,-15,50
-38,-15,50
-37,-15,50
-37,-15,50
-37,-15,50
-37,-15,50
-37,-15,50
-38,-15,50
-37,-15,50
-38,-15,50
-38,-15,50
-37,-14,50
-38,-15,50
-38,-15,50
-38,-15,50
-38,-14,50
-37,-14,50
-38,-14,50
-38,-14,50
-38,-15,49
-38,-15,49
-38,-14,49
-38,-14,50
-38,-15,50
-39,-14,49
-39,-14,49
-35,-14,52
-36,-15,51
-38,-17,50
-36,-19,47
-51,-15,44
-61,-16,39
-78,-16,31
-76,-2,29
-67,1,32
-45,6,28
-36,10,32
-34,5,41
-27,3,52
-23,-1,58
-24,-5,58
-20,-4,71
-31,-9,67
-35,-13,66
-27,-14,65
-25,-15,62
-27,-13,55
-27,-13,53
-30,-13,51
-28,-12,52
-25,-14,52
-26,-14,54
-29,-11,55
-28,-11,56
-31,-15,60
-33,-13,63
-27,-12,54
-24,-17,46
-25,-17,54
-23,-17,52
-24,-17,53
-26,-14,57
-25,-12,59
-25,-10,61
-28,-7,66
-27,-3,58
-26,-1,56
-27,-1,58
-36,-5,58
-31,-6,57
-25,-12,62
-24,-13,65
-13,-15,63
-17,-15,58
-14,-11,63
-12,-9,65
-10,-5,66
-8,-5,67
-21,-7,66
-25,-7,64
-31,-1,52
-39,3,40
-40,2,37
-48,1,36
-49,2,36
-49,-3,36
-50,-6,37
-46,-8,41
-45,-9,40
-48,-16,45
-46,-4,45
-39,1,52
-39,-4,56
-31,-6,53
-43,-4,48
-46,-7,47
-36,-8,52
-34,-8,53
-28,-12,56
-35,-12,52
-38,-11,51
-37,-11,52
-33,-12,53
-33,-12,53
-33,-13,53
-34,-12,53
-41,-12,49
-32,-14,53
-31,-14,54
-38,-14,50
-38,-14,50
-33,-14,53
-35,-14,52
-35,-13,52
-36,-13,52
-34,-13,53
-34,-15,52
-33,-16,52
-34,-17,52
-33,-15,53
-34,-15,52
-35,-15,52
-33,-16,52
-33,-15,52
-33,-15,53
-32,-15,54
-32,-16,53
-33,-16,53
-32,-16,53
-32,-15,53
-32,-15,53
-32,-16,52
-31,-16,53
-31,-16,54
-30,-16,54
-34,-15,53
-32,-15,53
-32,-14,54
-32,-13,54
-34,-13,53
-34,-14,53
-33,-14,53
-32,-14,54
-34,-13,53
-35,-12,52
-34,-13,53
-33,-13,53
-33,-12,53
-35,-13,52
-35,-12,53
-34,-13,53
-34,-13,53
-35,-13,52
-32,-13,53
-35,-13,52
-35,-12,52
-38,-12,51
-37,-12,52
-36,-12,52
-40,-13,49
-38,-15,51
-39,-19,50
-45,-19,50
-48,-22,42
-83,-21,26
-77,-9,27
-66,-4,25
-45,6,31
-38,10,37
-31,8,45
-25,4,59
-26,3,61
-29,-3,61
-23,-4,68
-24,-6,73
-25,-9,70
-31,-1,59
-34,-1,53
-40,-6,48
-43,-11,47
-38,-16,49
-36,-16,54
-30,-5,55
-36,-1,54
-39,-3,52
-42,-2,50
-39,-1,51
-37,0,53
-34,0,55
-36,-1,53
-37,-1,52
-39,-2,51
-38,-2,53
-36,-1,53
-37,-1,53
-37,0,52
-37,0,52
-38,0,53
-35,0,54
-37,0,53
-35,-3,53
-35,-5,53
-38,-6,52
-37,-4,52
-30,-8,56
-29,-8,56
-31,-3,55
-32,-4,54
-35,-6,53
-38,-8,52
-39,-7,52
-37,-7,52
-36,-8,53
-35,-8,54
-35,-7,53
-33,-9,54
-33,-9,55
-31,-10,55
-30,-11,55
-30,-11,55
-30,-8,56
-26,-6,56
-17,-27,65
-32,-16,53
-22,-16,58
-19,-18,59
-25,-16,55
-31,-13,54
-33,-5,56
-34,-3,55
-35,-4,53
-38,-6,52
-38,-7,53
-32,-9,56
-31,-13,56
-26,-13,55
-25,-9,56
-20,-4,62
-23,-2,60
-26,1,58
-28,0,57
-36,-2,54
-33,-3,55
-30,-7,56
-27,-7,57
-27,-8,57
-32,-7,55
-33,-7,55
-32,-7,55
-31,-8,56
-32,-7,55
-31,-6,55
-28,-7,56
-28,-8,57
-35,-8,54
-32,-6,55
-27,-4,57
-25,-3,58
-24,-4,59
-33,-6,54
-42,-6,50
-53,-5,38
-54,-4,37
-56,-4,35
-54,-4,36
-50,-3,41
-47,-4,44
-46,-2,46
-47,-1,43
-48,-4,43
-49,-2,44
-47,2,45
-43,1,43
-42,-2,49
-34,-3,55
-31,-2,54
-29,-4,56
-30,-5,57
-31,-2,56
-32,-1,56
-28,-4,58
-25,-7,60
-26,-5,58
-26,-4,57
-24,-6,59
-23,-9,59
-23,-8,59
-22,-6,59
-22,-6,59
-22,-7,59
-23,-8,59
-24,-7,58
-23,-7,59
-23,-6,59
-22,-6,59
-23,-5,59
-22,-6,59
-23,-7,59
-24,-7,58
-24,-6,59
-23,-5,59
-23,-6,59
-23,-5,59
-24,-6,59
-24,-6,59
-24,-5,59
-23,-6,59
-23,-6,59
-24,-6,59
-24,-6,59
-23,-6,59
-23,-6,59
-23,-6,59
-24,-6,59
-24,-6,59
-23,-6,59
-23,-6,59
-23,-6,59
-23,-6,59
-24,-6,59
-23,-6,59
-23,-6,59
-24,-6,59
-24,-6,59
-23,-7,59
-24,-6,59
-25,-6,59
-24,-7,59
-22,-6,59
-24,-6,59
-23,-4,58
-24,-10,61
-25,-9,56
-24,-10,58
-17,-10,62
-31,-5,55
-30,-2,56
-21,-1,61
-19,-1,61
-17,-6,62
-18,-7,61
-21,-7,60
-22,-7,59
-22,-7,59
-21,-7,59
-21,-7,59
-21,-8,59
-22,-7,59
-23,-8,59
-23,-7,59
-23,-7,59
-23,-7,59
-23,-8,59
-23,-8,59
-23,-8,59
-23,-7,59
-23,-7,59
-23,-7,59
-25,-5,59
-23,-8,57
-22,-14,61
-23,-10,58
-20,-11,60
-25,-10,58
-31,-8,56
-27,-6,58
-25,-7,58
-30,-9,61
-27,-9,63
-26,-7,64
-24,-5,65
-23,-3,66
-20,-6,57
-22,-7,57
-24,-5,55
-20,-4,53
-20,-5,50
-20,-4,55
-18,-4,63
-22,-4,61
-21,-2,63
-22,-1,62
-22,-4,59
-22,-3,61
-21,-3,59
-20,-2,59
-20,-2,61
-23,-1,59
-20,0,57
-15,-4,64
-16,-1,66
-15,-2,55
-14,-1,60
-20,-3,68
-23,-2,64
-18,-2,60
-20,-1,59
-21,-1,57
-21,0,57
-22,1,59
-21,2,59
-22,2,60
-22,2,61
-23,3,63
-19,2,59
-19,0,60
-22,1,61
-23,1,58
-23,0,58
-21,1,59
-20,1,61
-18,1,59
-18,1,58
-22,1,64
-24,1,64
-23,1,63
-22,-1,59
-21,-3,61
-23,-2,59
-28,-2,55
-25,-3,55
-18,-5,59
-20,-5,58
-31,-2,51
-28,-2,54
-25,0,62
-29,-2,64
-29,-3,64
-42,-1,56
-44,0,55
-55,1,41
-51,2,40
-43,2,41
-45,1,38
-60,-1,34
-45,-7,42
-46,-2,44
-54,-2,33
-45,-4,37
-47,-5,39
-56,-3,38
-50,1,41
-49,0,37
-53,-1,36
-52,-1,41
-53,-1,38
-52,1,39
-53,0,38
-52,-1,36
-49,-1,35
-60,2,30
-60,1,32
-52,2,36
-60,1,30
-64,3,24
-59,2,26
-56,1,32
-59,0,28
-58,2,24
-59,1,24
-60,1,28
-55,3,26
-57,5,20
-69,3,17
-64,3,22
-58,5,14
-64,5,11
-73,8,11
-68,6,10
-59,6,9
-59,5,9
-64,8,8
-66,8,4
-64,6,4
-59,4,6
-62,6,-4
-66,9,0
-64,6,0
-65,3,14
-58,7,18
-62,9,15
-50,5,26
-60,0,23
-62,0,21
-56,-2,33
-53,-2,34
-54,-4,36
-50,-3,43
-45,-1,46
-42,2,50
-41,4,50
-42,4,53
-47,8,55
-53,5,48
-50,6,42
-46,7,41
-46,6,43
-48,0,49
-47,-1,48
-44,-1,46
-41,-9,50
-40,-10,53
-35,-2,51
-33,-1,54
-29,-4,57
-30,-5,56
-26,-3,57
-23,-5,58
-26,-9,59
-27,-9,57
-24,-8,57
-23,-14,56
-22,-24,62
-22,-15,50
-22,-19,48
-30,-15,57
-27,-12,55
-31,-3,58
-33,-2,55
-37,-1,53
-35,0,54
-30,0,57
-26,0,60
-27,-7,55
-23,-19,64
-23,-8,54
-23,-10,59
-25,-10,59
-26,-9,57
-28,-9,56
-29,-6,58
-34,-6,56
-32,-5,57
-32,-2,54
-31,-2,53
-39,0,55
-45,0,50
-34,1,54
-30,1,56
-26,-6,59
-29,-10,57
-28,-6,57
-27,-9,60
-28,-11,55
-18,-14,59
-12,-18,65
-27,-18,62
-14,-8,74
-14,-5,70
-12,-2,64
-27,-2,55
-32,-2,49
-41,1,41
-43,1,38
-51,4,32
-52,4,32
-52,-3,36
-50,-2,39
-37,7,77
-86,-21,51
-50,-8,42
-40,-1,44
-33,-7,59
-33,-5,53
-43,-6,49
-35,-10,52
-32,-9,54
-36,-9,53
-40,-12,49
-40,-11,49
-38,-11,50
-41,-13,48
-46,-14,43
-38,-13,50
-37,-13,50
-39,-10,50
-41,-9,49
-40,-9,50
-36,-8,52
-37,-8,52
-37,-9,52
-39,-10,50
-37,-11,51
-37,-11,51
-34,-10,54
-36,-11,52
-38,-11,50
-36,-11,52
-36,-10,52
-39,-11,50
-38,-11,51
-36,-10,52
-37,-11,51
-38,-11,51
-37,-10,52
-37,-11,52
-38,-11,51
-38,-11,51
-36,-11,52
-35,-11,52
-36,-11,52
-39,-11,50
-36,-10,52
-38,-10,51
-38,-10,51
-37,-10,51
-41,-7,50
-41,-8,49
-37,-9,52
-37,-9,52
-37,-8,52
-39,-8,51
-39,-8,50
-37,-8,51
-38,-9,50
-39,-9,51
-38,-8,51
-38,-8,51
-38,-9,51
-39,-8,50
-39,-8,51
-39,-7,51
-39,-8,51
-39,-7,51
-39,-8,51
-37,-8,51
-38,-8,52
-36,-8,52
-40,-9,49
-43,-8,48
-35,-3,54
-42,-3,50
-50,-3,45
-44,-3,48
-33,-5,53
-34,-8,53
-38,-13,52
-37,-11,52
-34,-16,52
-41,-12,49
-40,-13,48
-26,-14,56
-30,-12,54
-40,-10,50
-44,-9,47
-36,-8,52
-33,-8,55
-35,-8,53
-38,-8,52
-39,-8,51
-39,-10,50
-36,-8,53
-35,-8,53
-39,-9,51
-39,-9,50
-38,-10,51
-36,-10,52
-36,-10,52
-37,-11,51
-36,-11,51
-37,-12,51
-37,-11,51
-38,-11,51
-37,-12,51
-37,-11,51
-37,-11,51
-37,-11,51
-37,-12,51
-36,-12,51
-37,-12,51
-36,-12,51
-37,-12,51
-36,-12,51
-36,-12,51
-35,-12,52
-38,-11,51
-38,-12,51
-37,-12,51
-38,-10,52
-38,-10,52
-37,-11,51
-34,-11,53
-36,-12,52
-37,-11,52
-33,-12,54
-30,-13,55
-34,-15,52
-34,-15,53
-34,-15,53
-31,-11,55
-27,-8,57
-31,-8,58
-34,-9,55
-35,-12,45
-29,-12,42
-23,-21,57
-25,-18,60
-38,-7,54
-41,-6,54
-38,-7,52
-40,-10,50
-33,-10,53
-35,-11,52
-36,-11,52
-36,-11,52
-35,-11,52
-33,-11,54
-33,-11,54
-33,-9,54
-35,-8,53
-35,-7,54
-33,-7,54
-35,-9,53
-34,-9,53
-33,-8,55
-32,-6,54
-33,-6,55
-33,-7,55
-33,-7,54
-31,-9,55
-32,-9,54
-32,-9,54
-32,-9,55
-31,-8,55
-32,-6,55
-34,-5,54
-34,-6,54
-32,-7,54
-34,-8,54
-34,-8,54
-34,-7,54
-34,-7,54
-34,-6,54
-34,-7,54
-35,-6,54
-34,-6,54
-34,-6,54
-34,-6,54
-34,-6,54
-35,-7,53
-36,-7,53
-36,-7,53
-35,-7,53
-35,-7,53
-35,-7,53
-36,-7,53
-35,-7,53
-35,-7,53
-35,-7,53
-35,-7,53
-35,-7,53
-35,-7,53
-36,-7,53
-35,-7,53
-38,-7,52
-38,-8,52
-35,-7,53
-36,-7,52
-36,-8,52
-37,-8,52
-37,-7,52
-37,-7,52
-36,-7,52
-37,-6,52
-38,-6,52
-36,-7,52
-37,-6,52
-37,-6,52
-37,-6,52
-36,-6,53
-37,-6,53
-40,-7,50
-38,-7,51
-36,-7,52
-38,-8,52
-39,-8,51
-36,-9,52
-37,-9,52
-38,-8,52
-37,-8,52
-37,-8,52
-36,-8,52
-37,-9,52
-37,-9,52
-37,-9,52
-36,-9,52
-37,-9,52
-37,-9,52
-36,-9,52
-36,-9,52
-37,-9,52
-36,-9,52
-36,-9,52
-36,-9,52
-36,-9,52
-36,-9,52
-36,-9,52
-36,-9,52
-36,-9,52
-37,-9,52
-37,-9,52
-36,-9,52
-37,-9,52
-37,-8,52
-36,-9,52
-36,-9,52
-36,-9,52
-36,-9,52
-36,-9,52
-36,-9,52
-37,-8,52
-37,-8,52
-38,-7,52
-37,-8,52
-37,-8,52
-37,-7,52
-37,-7,52
-37,-7,52
-37,-7,52
-37,-7,52
-37,-7,52
-37,-7,52
-37,-7,52
-36,-7,52
-37,-8,52
-37,-7,52
-37,-8,52
-37,-7,52
-36,-8,52
-36,-8,52
-37,-8,52
-37,-8,52
-36,-8,52
-36,-7,52
-35,-8,53
-38,-8,51
-37,-8,52
-37,-7,52
-38,-7,51
-39,-6,51
-38,-7,52
-38,-7,51
-39,-7,51
-39,-7,51
-38,-7,51
-37,-7,52
-38,-7,52
-41,-7,50
-36,-6,53
-35,-7,53
-37,-8,51
-38,-7,51
-37,-7,52
-36,-7,52
-38,-7,52
-37,-7,52
-36,-7,53
-36,-7,52
-37,-6,52
-37,-7,53
-37,-7,52
-36,-6,53
-37,-7,52
-37,-7,52
-36,-6,53
-37,-6,52
-36,-6,53
-37,-6,53
-36,-6,53
-37,-7,52
-36,-7,52
-35,-6,53
-37,-6,52
-36,-6,52
-38,-6,52
-37,-6,52
-37,-6,52
-38,-6,51
-39,-5,51
-39,-5,51
-40,-5,50
-41,-5,50
-42,-6,49
-40,-5,50
-39,-6,50
-41,-5,49
-40,-6,50
-41,-6,49
-41,-6,49
-40,-6,49
-40,-6,50
-40,-6,50
-40,-6,50
-40,-6,50
-39,-6,51
-44,-6,47
-42,-5,48
-39,-5,51
-41,-6,49
-40,-4,50
-41,-3,50
-40,-5,50
-41,-7,49
-39,-6,50
-38,-6,52
-39,-6,51
-41,-6,50
-39,-5,50
-38,-6,51
-39,-6,51
-40,-6,50
-40,-5,50
-39,-5,51
-40,-6,51
-40,-5,51
-40,-5,51
-39,-5,51
-40,-6,50
-40,-5,50
-37,-5,52
-38,-6,51
-40,-7,49
-41,-8,49
-40,-8,50
-39,-8,50
-40,-9,49
-41,-9,49
-41,-9,49
-40,-9,49
-39,-10,50
-40,-10,49
-41,-10,48
-40,-11,49
-40,-11,49
-38,-12,50
-40,-11,49
-44,-11,47
-42,-10,48
-40,-10,49
-41,-10,49
-41,-10,48
-41,-10,49
-41,-10,49
-41,-11,48
-42,-10,47
-41,-10,49
-41,-11,48
-40,-10,49
-40,-10,49
-40,-11,49
-40,-11,49
-40,-10,49
-40,-10,49
-40,-10,49
-41,-10,48
-41,-10,49
-41,-10,48
-40,-10,49
-41,-10,49
-40,-10,49
-41,-10,48
-41,-10,48
-41,-10,49
-40,-10,49
-41,-10,48
-41,-10,48
-40,-10,49
-41,-10,49
-41,-10,48
-41,-9,49
-40,-9,49
-40,-10,49
-41,-9,48
-41,-10,49
-41,-9,49
-41,-9,49
-41,-9,49
-41,-9,48
-41,-9,49
-41,-9,49
-41,-9,49
-41,-9,49
-41,-9,49
-40,-9,49
-41,-9,48
-41,-9,49
-41,-9,49
-41,-9,48
-41,-9,49
-41,-8,48
-41,-9,49
-41,-9,49
-41,-8,48
-41,-9,49
-41,-8,49
-41,-8,49
-41,-8,48
-41,-8,49
-41,-8,49
-41,-8,49
-41,-8,49
-41,-8,48
-41,-8,48
-41,-8,49
-41,-8,48
-41,-8,49
-41,-8,49
-41,-8,48
-42,-8,48
-41,-7,48
-41,-8,49
-41,-8,49
-42,-8,48
-45,-8,45
-40,-7,50
-40,-7,50
-45,-7,46
-44,-6,47
-37,-7,52
-41,-8,48
-44,-8,46
-39,-7,51
-39,-8,50
-41,-8,49
-41,-8,49
-39,-7,50
-40,-8,49
-39,-8,50
-39,-7,50
-39,-8,50
-39,-7,51
-40,-7,51
-38,-7,51
-39,-7,51
-40,-7,50
-39,-8,50
-39,-7,51
-39,-7,51
-38,-7,52
-40,-7,50
-39,-7,50
-39,-7,51
-39,-7,50
-40,-7,50
-39,-7,51
-39,-8,50
-39,-7,50
-39,-8,50
-39,-7,50
-39,-7,51
-39,-7,50
-40,-7,50
-40,-7,50
-39,-7,51
-39,-7,50
-39,-8,51
-38,-7,51
-39,-7,51
-39,-8,50
-39,-8,50
-39,-7,50
-39,-7,50
-39,-7,50
-39,-7,50
-40,-7,50
-39,-7,51
-39,-7,51
-39,-8,51
-39,-7,51
-38,-8,51
-39,-7,51
-37,-7,52
-38,-8,52
-39,-7,51
-39,-7,51
-39,-7,51
-39,-7,50
-39,-7,51
-39,-7,51
-39,-7,52
-38,-7,52
-39,-7,51
-37,-7,52
-37,-7,52
-36,-8,52
-36,-8,52
-37,-8,52
-37,-7,52
-39,-7,51
-39,-6,51
-37,-6,52
-38,-5,52
-37,-5,52
-37,-6,52
-37,-6,52
-35,-6,53
-36,-6,52
-37,-6,52
-36,-5,53
-37,-5,52
-37,-5,52
-37,-5,52
-37,-5,52
-37,-5,52
-36,-5,52
-36,-6,53
-43,-6,50
-41,-4,50
-41,-1,50
-47,-2,46
-34,-2,54
-36,-3,52
-41,-6,50
-42,-8,49
-37,-6,51
-36,-7,52
-40,-8,50
-40,-7,50
-38,-7,51
-39,-8,51
-39,-8,50
-38,-7,51
-38,-7,51
-38,-8,51
-38,-8,51
-39,-8,51
-39,-8,51
-38,-8,51
-38,-8,51
-39,-8,51
-38,-8,51
-38,-8,51
-38,-8,51
-39,-7,51
-38,-8,51
-38,-8,51
-39,-8,51
-38,-8,51
-38,-8,51
-38,-8,51
-39,-7,51
-39,-7,50
-39,-7,51
-38,-7,51
-39,-7,51
-39,-7,51
-39,-7,51
-39,-7,51
-38,-7,51
-39,-7,50
-39,-7,51
-43,-6,49
-43,-4,48
-41,-3,49
-46,-4,46
-38,-2,51
-39,-3,51
-42,-6,49
-42,-5,48
-42,-5,48
-39,-6,50
-39,-6,50
-41,-6,49
-41,-6,49
-39,-6,51
-39,-6,50
-40,-6,50
-40,-6,50
-39,-6,51
-39,-6,51
-40,-6,50
-39,-6,50
-40,-6,50
-39,-6,51
-39,-6,50
-39,-6,51
-39,-6,50
-39,-6,51
-39,-6,51
-40,-6,50
-39,-6,51
-38,-8,51
-38,-7,51
-38,-6,52
-39,-7,51
-40,-7,50
-36,-6,53
-36,-6,52
-39,-6,51
-38,-6,51
-38,-6,52
-39,-6,51
-37,-6,52
-37,-6,52
-39,-7,51
-42,-8,49
-38,-7,51
-38,-7,51
-39,-7,51
-39,-7,51
-38,-7,51
-38,-8,51
-37,-8,51
-38,-7,51
-38,-8,51
-38,-8,51
-38,-8,51
-38,-8,51
-38,-8,51
-38,-8,51
-38,-8,51
-38,-8,51
-38,-8,51
-38,-8,51
-38,-8,51
-38,-8,51
-39,-8,51
-38,-8,51
-38,-8,51
-39,-8,51
-38,-8,51
-38,-8,51
-38,-8,51
-38,-8,51
-38,-8,51
-38,-8,51
-38,-8,51
-39,-8,51
-39,-8,51
-38,-8,51
-38,-8,51
-38,-8,51
-38,-8,51
-38,-8,51
-38,-8,51
-38,-8,51
-38,-8,51
-38,-8,51
-39,-8,51
-38,-8,51
-38,-8,51
-38,-8,51
-38,-7,51
-38,-8,51
-38,-8,51
-39,-8,51
-38,-8,51
-38,-8,51
-38,-8,51
-38,-8,51
-38,-8,51
-38,-8,51
-39,-7,51
-39,-8,51
-38,-7,51
-39,-8,51
-38,-8,51
-37,-8,52
-39,-7,50
-39,-7,50
-37,-8,52
-40,-8,50
-40,-7,50
-39,-6,51
-37,-7,51
-39,-7,51
-41,-7,49
-41,-7,49
-39,-7,50
-40,-7,50
-40,-7,50
-40,-7,50
-40,-7,50
-40,-7,50
-40,-7,50
-40,-7,50
-40,-7,49
-39,-7,50
-40,-7,50
-40,-7,50
-40,-7,50
-40,-7,50
-39,-7,50
-40,-7,50
-40,-7,50
-39,-7,50
-39,-7,50
-40,-7,50
-40,-7,50
-39,-7,51
-39,-7,50
-40,-7,50
-40,-7,50
-39,-7,50
-40,-7,50
-40,-7,50
-39,-7,50
-39,-7,50
-39,-8,50
-39,-7,50
-40,-7,50
-41,-7,50
-42,-6,49
-43,-5,50
-44,-8,48
-32,-12,52
-24,-13,56
-29,-15,54
-40,-13,50
-39,-12,51
-25,-7,57
-27,-4,56
-40,-1,53
-47,0,47
-49,-3,44
-45,-7,48
-36,-7,53
-37,-4,52
-39,-10,52
-37,-7,51
-41,-8,48
-40,-9,51
-36,-9,52
-33,-13,50
-32,-16,52
-32,-16,52
-35,-16,51
-33,-11,54
-34,-10,54
-36,-9,54
-36,-10,53
-36,-10,53
-36,-11,52
-37,-12,52
-34,-14,52
-32,-15,52
-33,-13,53
-34,-12,53
-34,-12,53
-34,-13,53
-33,-13,53
-33,-13,53
-33,-13,53
-33,-13,52
-31,-13,55
-31,-14,53
-37,-13,52
-34,-11,53
-34,-11,53
-34,-10,54
-35,-9,53
-37,-9,52
-35,-10,53
-35,-10,52
-36,-11,52
-37,-10,52
-36,-10,52
-35,-10,52
-36,-10,52
-38,-9,51
-36,-9,53
-37,-9,52
-37,-9,52
-38,-10,51
-37,-9,52
-37,-10,52
-37,-10,52
-37,-10,51
-37,-10,52
-34,-9,53
-37,-8,52
-38,-7,52
-37,-8,52
-38,-9,51
-40,-8,51
-37,-8,52
-36,-8,53
-39,-8,51
-38,-8,51
-39,-9,51
-39,-9,50
-37,-10,51
-36,-9,52
-38,-9,51
-37,-9,51
-37,-9,52
-37,-10,51
-37,-9,51
-36,-9,52
-37,-9,51
-36,-10,52
-37,-9,52
-38,-9,51
-35,-9,53
-36,-9,52
-38,-9,51
-36,-9,52
-36,-9,52
-38,-9,52
-38,-8,52
-37,-9,52
-37,-9,52
-38,-9,51
-37,-9,52
-37,-8,51
-37,-9,52
-37,-9,51
-37,-9,52
-38,-9,52
-38,-9,51
-37,-9,52
-38,-9,51
-38,-9,51
-37,-9,51
-38,-9,51
-38,-9,51
-38,-9,51
-38,-9,51
-38,-9,51
-38,-9,51
-38,-9,51
-38,-9,51
-38,-9,51
-39,-9,50
-40,-8,50
-39,-8,50
-39,-8,51
-38,-8,51
-39,-8,51
-39,-8,51
-39,-8,51
-39,-8,51
-39,-8,50
-39,-8,50
-39,-8,51
-38,-8,51
-39,-8,51
-38,-8,51
-39,-8,50
-38,-8,51
-39,-8,51
-39,-8,51
-39,-8,51
-38,-8,51
-38,-8,51
-39,-8,51
-39,-8,50
-39,-8,51
-39,-8,51
-39,-8,51
-38,-8,51
-38,-9,50
-39,-9,50
-38,-8,51
-37,-8,52
-39,-8,50
-38,-9,51
-43,-9,48
-40,-10,50
-42,-13,49
-48,-12,48
-66,-11,40
-86,-13,40
-77,-3,38
-52,3,22
-40,5,19
-25,9,36
-20,7,42
-19,2,60
-19,-2,68
-22,-10,76
-30,-11,74
-37,-14,67
-33,-11,57
-37,-11,52
-38,-12,49
-34,-14,51
-36,-14,50
-32,-13,51
-29,-13,52
-31,-13,54
-31,-10,55
-30,-12,51
-33,-13,56
-33,-11,57
-36,-10,56
-36,-14,64
-34,-12,63
-28,-7,50
-31,-7,51
-33,-3,54
-32,-5,52
-30,-9,54
-28,-11,54
-24,-13,57
-22,-14,57
-21,-15,55
-20,-14,57
-24,-26,52
-31,-23,60
-24,-21,51
-29,-17,50
-28,-16,50
-30,-14,51
-30,-13,51
-35,-11,52
-37,-7,53
-35,-1,58
-34,1,58
-31,1,67
-26,0,56
-27,0,52
-29,-7,62
-27,-10,60
-27,-5,55
-28,-4,57
-25,-9,59
-27,-9,58
-28,-7,56
-26,-10,58
-25,-10,58
-25,-13,57
-21,-15,60
-19,-11,58
-20,-14,61
-25,-13,57
-25,-13,58
-24,-9,59
-23,-10,57
-27,-11,57
-32,-9,56
-32,-7,55
-34,-6,55
-31,-4,54
-33,-3,55
-38,-1,53
-40,-2,54
-35,-5,55
-23,-12,59
-18,-14,60
-12,-17,61
-21,-20,61
-16,-10,72
-16,-6,70
-12,-1,65
-15,0,63
-28,1,58
-32,4,52
-43,2,42
-48,3,34
-51,2,32
-50,-8,39
-44,-14,43
-41,-11,52
-37,-8,49
-53,-15,65
-31,-12,55
-35,-3,51
-35,-4,53
-40,-11,52
-34,-5,54
-35,-9,54
-38,-10,51
-37,-10,52
-35,-10,53
-37,-10,52
-38,-10,51
-40,-10,51
-34,-10,53
-33,-11,54
-38,-10,50
-39,-10,51
-34,-11,53
-35,-11,52
-35,-10,53
-36,-10,52
-35,-10,52
-34,-11,53
-35,-11,53
-35,-11,53
-34,-11,53
-35,-12,52
-33,-12,53
-34,-11,53
-33,-11,54
-34,-12,53
-34,-11,53
-33,-11,54
-33,-12,53
-33,-12,53
-34,-12,53
-34,-11,53
-37,-11,52
-35,-11,52
-32,-11,54
-32,-10,54
-39,-10,51
-38,-10,51
-35,-10,52
-34,-9,53
-37,-9,52
-37,-9,52
-37,-10,52
-34,-10,53
-32,-8,54
-41,-8,49
-42,-8,48
-36,-7,52
-36,-7,53
-41,-7,50
-43,-8,48
-40,-9,49
-38,-10,51
-35,-10,53
-48,-16,47
-58,-15,46
-61,-18,41
-77,-13,41
-58,-1,39
-50,1,28
-32,9,38
-28,12,42
-30,5,50
-28,4,63
-27,2,65
-30,1,61
-29,1,59
-27,1,66
-25,-1,65
-26,-5,62
-30,-3,59
-35,-3,53
-38,-5,53
-36,-5,51
-32,-8,54
-31,-9,58
-33,-6,56
-30,-3,55
-30,-11,56
-30,-12,55
-28,-10,56
-28,-10,56
-35,-17,55
-36,-16,53
-27,-12,55
-24,-14,57
-34,-12,53
-34,-11,52
-33,-6,54
-27,-5,56
-24,-5,60
-37,-7,51
-40,-7,50
-45,-6,47
-48,-4,45
-52,-2,41
-51,-2,42
-45,-4,47
-41,-5,49
-39,-5,51
-40,-6,50
-40,-7,49
-41,-8,49
-38,-7,51
-40,-7,50
-40,-8,50
-38,-7,51
-38,-7,51
-37,-6,53
-36,-6,53
-35,-5,53
-36,-6,53
-34,-4,54
-34,-3,54
-33,-3,55
-34,-4,54
-34,-4,54
-30,-7,55
-32,-8,56
-41,-6,51
-44,-4,48
-50,-5,44
-46,-4,45
-34,-10,54
-36,-8,52
-34,-9,53
-36,-9,52
-47,-12,46
-33,-8,53
-29,-11,56
-34,-11,51
-38,-11,49
-40,-6,50
-41,-5,50
-40,-11,50
-41,-11,49
-38,-11,49
-39,-11,49
-43,-12,49
-38,-10,50
-43,-7,48
-39,-5,51
-37,-4,52
-31,-4,54
-36,-5,52
-30,-4,55
-40,-4,52
-56,-5,39
-57,-2,36
-53,1,39
-46,-2,45
-41,-5,49
-43,-4,47
-49,-4,43
-48,-6,45
-46,-6,45
-38,-9,52
-34,-10,52
-29,-11,55
-30,-10,54
-28,-8,54
-34,-25,57
-24,-12,53
-23,-15,58
-30,-15,55
-30,-12,54
-39,-9,51
-34,-8,53
-31,-8,55
-31,-7,57
-34,-8,54
-43,-4,48
-49,-2,45
-50,-2,43
-45,-2,46
-39,-2,51
-39,-2,51
-39,-2,52
-40,-2,51
-39,-1,51
-29,-2,56
-29,-4,56
-29,-2,57
-29,0,56
-29,-9,58
-29,-12,56
-22,-8,59
-10,-10,63
-9,-8,61
-10,-7,63
-15,-4,62
-18,-1,60
-14,-4,64
-17,-6,63
-17,-10,59
-14,-23,60
-21,-23,57
-29,-16,54
-25,-17,57
-16,-15,59
-17,-16,58
-20,-14,62
-22,-14,57
-34,-11,54
-40,-6,54
-37,1,52
-25,-12,60
-24,-14,58
-27,-10,57
-25,-10,58
-28,-10,56
-30,-10,55
-31,-8,57
-30,-8,58
-24,-14,57
-26,-16,58
-25,-16,66
-22,-15,71
-22,-12,71
-27,-5,67
-29,-2,61
-35,3,50
-39,3,41
-43,6,28
-45,8,25
-52,-1,24
-54,-6,24
-60,-15,34
-59,-15,39
-45,-9,39
-59,-12,69
-27,-9,63
-30,0,54
-29,-4,57
-37,-6,53
-39,-4,51
-36,-8,53
-35,-6,53
-35,-7,54
-36,-6,53
-35,-7,53
-34,-8,54
-32,-7,55
-34,-7,54
-35,-7,53
-34,-7,54
-34,-6,54
-34,-7,54
-35,-7,54
-35,-7,53
-34,-7,54
-34,-6,54
-34,-7,53
-33,-7,54
-32,-7,55
-34,-6,54
-33,-6,54
-34,-6,54
-34,-6,54
-33,-7,54
-32,-7,54
-31,-7,55
-31,-8,55
-37,-8,52
-37,-7,53
-33,-5,55
-35,-5,54
-35,-5,54
-35,-6,54
-33,-5,54
-34,-5,54
-34,-6,54
-34,-6,54
-34,-5,54
-35,-6,54
-35,-6,54
-34,-5,54
-35,-5,54
-34,-5,54
-33,-3,54
-35,-4,54
-35,-5,54
-34,-4,54
-33,-5,54
-32,-5,55
-34,-5,54
-34,-6,54
-35,-7,53
-37,-5,52
-38,-4,52
-39,-4,52
-36,-4,52
-38,-3,52
-38,-4,51
-39,-4,51
-38,-4,51
-38,-3,52
-40,-2,51
-41,-2,50
-42,-2,48
-41,-2,49
-42,-3,49
-40,-4,50
-38,-4,51
-39,-4,51
-43,-5,48
-38,-4,51
-39,-4,51
-40,-5,50
-41,-4,49
-42,-4,49
-40,-4,50
-39,-5,51
-39,-5,50
-41,-4,49
-41,-4,49
-40,-3,50
-40,-4,50
-41,-4,49
-41,-3,49
-41,-4,49
-40,-4,49
-40,-4,49
-40,-3,51
-39,-4,51
-42,-2,49
-41,-2,49
-40,-3,49
-48,-4,46
-36,-4,53
-31,-5,55
-33,-5,54
-39,-3,51
-38,-3,52
-34,-4,53
-38,-5,51
-39,-5,51
-36,-5,53
-37,-6,52
-41,-6,49
-37,-5,52
-35,-6,53
-40,-6,50
-40,-7,50
-36,-6,53
-36,-6,52
-39,-6,51
-36,-6,52
-39,-7,50
-38,-6,52
-38,-7,51
-38,-7,51
-39,-7,50
-38,-7,51
-37,-7,52
-37,-7,52
-39,-7,51
-37,-8,52
-36,-8,52
-37,-8,52
-37,-8,52
-37,-8,52
-37,-8,52
-37,-8,52
-37,-7,52
-37,-8,52
-36,-8,53
-36,-7,52
-37,-8,52
-37,-8,52
-37,-8,52
-36,-7,52
-36,-8,52
-37,-7,52
-37,-8,52
-36,-8,52
-36,-8,53
-37,-7,52
-37,-7,52
-36,-8,52
-36,-7,52
-37,-7,52
-36,-8,52
-37,-8,52
-36,-7,53
-37,-7,52
-37,-7,52
-37,-8,52
-36,-7,52
-37,-7,52
-36,-7,53
-37,-7,53
-36,-7,53
-35,-7,53
-35,-7,54
-35,-7,53
-37,-8,52
-35,-7,54
-35,-6,53
-36,-7,53
-34,-7,54
-35,-7,53
-35,-7,53
-35,-7,53
-36,-8,53
-35,-7,53
-35,-7,53
-35,-7,53
-35,-6,53
-35,-6,53
-35,-6,54
-35,-6,53
-35,-7,53
-34,-7,53
-35,-7,54
-34,-7,53
-35,-7,53
-36,-7,53
-36,-6,53
-36,-5,53
-34,-5,54
-34,-5,54
-34,-6,54
-34,-6,54
-34,-6,54
-33,-7,54
-33,-7,54
-34,-6,54
-34,-6,54
-36,-6,54
-35,-6,54
-33,-6,54
-34,-6,54
-35,-7,53
-35,-7,53
-33,-8,54
-34,-7,53
-35,-7,54
-34,-7,54
-34,-7,54
-34,-7,54
-34,-7,53
-34,-7,54
-33,-7,54
-34,-7,54
-34,-7,54
-35,-8,53
-35,-8,53
-34,-8,53
-36,-6,54
-37,-5,53
-34,-7,54
-35,-7,53
-35,-7,53
-36,-7,53
-35,-7,53
-35,-7,53
-35,-6,53
-36,-6,53
-35,-7,53
-35,-6,53
-36,-6,53
-35,-6,53
-35,-7,53
-36,-6,53
-35,-6,53
-35,-6,53
-35,-6,53
-35,-6,53
-36,-6,53
-36,-6,53
-35,-6,53
-35,-6,53
-35,-6,53
-35,-6,53
-35,-6,53
-35,-6,53
-35,-6,54
-35,-6,53
-35,-6,53
-35,-6,53
-36,-6,53
-35,-6,53
-34,-6,53
-36,-7,53
-36,-7,53
-35,-7,53
-34,-7,53
-35,-7,53
-35,-7,53
-35,-7,53
-34,-7,53
-35,-7,53
-35,-7,53
-35,-7,53
-35,-7,53
-35,-7,53
-35,-6,54
-35,-6,53
-35,-8,53
-33,-8,53
-35,-7,54
-35,-8,54
-36,-8,53
-34,-8,53
-34,-7,54
-35,-6,53
-37,-6,53
-33,-5,54
-35,-5,53
-34,-4,54
-34,-4,54
-32,-5,55
-32,-5,54
-35,-5,53
-38,-5,52
-41,-1,50
-42,1,49
-35,-2,54
-33,-4,55
-28,-3,56
-37,-7,53
-34,-8,53
-37,-8,52
-34,-6,54
-32,-7,55
-34,-7,54
-36,-6,53
-37,-6,53
-31,-5,55
-31,-5,56
-38,-6,53
-36,-6,53
-31,-6,55
-37,-5,53
-38,-6,52
-35,-6,53
-34,-6,54
-36,-6,53
-36,-6,53
-36,-6,53
-36,-6,53
-35,-5,53
-35,-5,53
-36,-5,53
-37,-5,53
-35,-5,53
-34,-5,53
-35,-5,54
-36,-5,53
-37,-4,53
-35,-5,53
-37,-5,53
-35,-5,53
-36,-5,53
-36,-5,53
-36,-5,53
-36,-5,53
-37,-5,53
-35,-4,53
-36,-5,53
-37,-5,53
-36,-5,53
-36,-5,53
-36,-4,53
-36,-4,53
-36,-5,53
-37,-4,53
-36,-4,53
-36,-4,53
-36,-4,53
-36,-4,53
-36,-5,53
-37,-4,53
-36,-4,53
-35,-5,53
-36,-4,53
-36,-4,53
-37,-4,53
-36,-4,53
-36,-4,53
-36,-4,53
-36,-4,53
-36,-4,53
-36,-4,53
-36,-4,53
-37,-4,53
-37,-4,53
-36,-4,53
-36,-4,53
-36,-4,53
-36,-4,53
-37,-4,53
-36,-4,53
-36,-4,53
-36,-4,53
-36,-4,53
-36,-4,53
-36,-4,53
-36,-4,53
-36,-4,53
-36,-4,53
-36,-4,53
-36,-4,53
-36,-4,53
-36,-4,53
-35,-4,53
-33,-3,54
-38,-3,52
-40,-4,51
-36,-5,53
-37,-6,52
-40,-8,51
-43,-8,48
-38,-8,51
-37,-9,52
-39,-8,50
-40,-7,50
-40,-10,50
-40,-10,50
-39,-9,50
-39,-11,50
-39,-11,50
-40,-11,51
-40,-11,51
-46,-10,48
-42,-10,52
-47,-28,44
-59,-30,47
-50,-19,54
-45,-14,52
-31,-8,49
-29,-3,45
-36,8,47
-38,14,51
-44,14,54
-44,12,56
-41,12,53
-40,12,47
-39,10,46
-39,11,46
-41,11,42
-44,8,41
-49,9,42
-51,11,44
-52,10,42
-54,11,40
-58,10,36
-61,8,34
-64,5,30
-68,3,23
-78,4,4
-71,4,-2
-66,6,-16
-59,7,-19
-53,11,-29
-52,13,-33
-41,19,-33
-41,21,-33
-44,25,-33
-44,26,-35
-46,25,-37
-38,24,-31
-32,23,-35
-35,24,-41
-34,25,-41
-41,26,-43
-40,25,-44
-47,22,-45
-50,21,-46
-39,21,-48
-34,21,-47
-34,24,-53
-23,26,-56
-20,25,-48
-22,17,-43
-24,18,-48
-27,20,-57
-35,22,-62
-39,17,-64
-34,15,-63
-25,15,-62
-23,14,-61
-28,12,-62
-29,12,-62
-31,13,-62
-27,11,-55
-27,11,-54
-27,11,-57
-25,10,-55
-22,11,-52
-23,12,-52
-26,12,-52
-27,13,-53
-27,12,-55
-28,11,-57
-29,10,-61
-26,9,-55
-26,9,-57
-31,9,-62
-28,11,-59
-23,11,-56
-24,11,-56
-28,11,-59
-28,11,-58
-24,13,-54
-24,13,-55
-30,13,-61
-30,13,-59
-26,14,-56
-28,14,-58
-28,15,-59
-27,14,-55
-31,14,-56
-26,15,-52
-29,16,-54
-28,16,-53
-28,16,-53
-31,17,-52
-32,17,-54
-29,16,-51
-31,16,-52
-30,16,-56
-30,17,-50
-26,17,-49
-31,18,-50
-37,18,-54
-36,18,-49
-35,16,-43
-36,20,-47
-38,22,-50
-40,23,-50
-40,24,-53
-44,24,-56
-43,24,-52
-46,26,-40
-53,24,-42
-52,23,-40
-45,24,-35
-47,24,-35
-48,21,-42
-49,20,-42
-55,20,-42
-54,18,-44
-49,15,-40
-50,14,-37
-58,11,-34
-50,5,-32
-53,4,-32
-65,1,-34
-57,-2,-29
-57,-2,-18
-63,-3,-21
-52,-9,-16
-53,-11,-6
-59,-15,-14
-57,-16,-15
-55,-20,-8
-56,-20,-10
-56,-18,-15
-61,-18,-28
-62,-21,-20
-51,-24,-13
-53,-23,-20
-85,-21,-26
-47,40,12
-58,-14,-36
-76,-40,-31
-58,-24,-21
-50,-21,-24
-51,-18,-38
-54,-18,-38
-55,-14,-38
-51,-15,-39
-56,-15,-40
-54,-14,-34
-54,-13,-35
-50,-14,-39
-51,-15,-42
-45,-14,-39
-45,-14,-39
-49,-13,-40
-49,-13,-43
-49,-12,-41
-48,-12,-38
-51,-11,-39
-50,-11,-42
-47,-10,-43
-51,-10,-44
-54,-10,-42
-50,-9,-39
-48,-10,-38
-52,-10,-39
-54,-10,-41
-52,-10,-38
-51,-9,-38
-52,-10,-39
-52,-11,-40
-52,-10,-40
-52,-9,-40
-51,-9,-40
-50,-9,-40
-50,-9,-40
-49,-9,-39
-48,-9,-38
-50,-8,-39
-48,-8,-39
-49,-6,-38
-51,-6,-38
-51,-7,-38
-53,-8,-38
-53,-8,-38
-53,-9,-38
-52,-9,-38
-52,-8,-38
-52,-8,-38
-52,-7,-38
-51,-7,-39
-50,-6,-40
-49,-5,-40
-50,-3,-41
-51,-3,-40
-50,-2,-39
-50,0,-38
-51,1,-39
-53,1,-41
-51,1,-40
-49,1,-43
-49,1,-43
-47,2,-40
-45,2,-38
-46,3,-42
-48,5,-40
-48,6,-39
-48,6,-40
-47,6,-43
-46,5,-42
-46,5,-40
-47,4,-45
-48,5,-44
-46,6,-38
-47,6,-39
-48,5,-43
-51,6,-43
-52,7,-38
-53,7,-37
-51,5,-39
-49,6,-39
-53,8,-41
-54,9,-43
-52,8,-43
-54,6,-44
-56,6,-43
-55,7,-40
-54,8,-40
-51,7,-39
-50,8,-38
-49,8,-38
-48,7,-38
-48,7,-38
-48,7,-38
-49,7,-38
-50,6,-38
-50,6,-38
-51,6,-38
-51,6,-38
-52,7,-37
-52,7,-38
-52,8,-37
-52,9,-37
-51,9,-38
-52,10,-38
-52,9,-39
-52,9,-38
-52,8,-38
-50,8,-39
-50,8,-39
-48,9,-38
-47,10,-38
-48,11,-39
-48,11,-39
-51,11,-41
-51,12,-41
-50,12,-41
-49,12,-41
-48,13,-45
-49,12,-44
-48,11,-40
-44,11,-38
-44,10,-38
-44,11,-39
-47,11,-39
-49,12,-40
-50,12,-40
-51,12,-40
-51,12,-40
-51,12,-41
-51,12,-40
-50,13,-39
-51,13,-40
-52,12,-40
-52,12,-41
-52,12,-42
-52,10,-44
-52,9,-43
-52,8,-41
-52,7,-42
-51,5,-43
-49,6,-40
-45,6,-41
-46,6,-42
-49,8,-38
-51,7,-38
-52,7,-37
-48,10,-36
-47,11,-38
-47,13,-38
-47,14,-36
-48,15,-34
-49,16,-35
-51,17,-37
-52,17,-37
-53,17,-40
-54,17,-41
-53,15,-43
-52,12,-49
-52,10,-52
-53,9,-46
-50,9,-40
-42,11,-38
-37,11,-40
-41,8,-53
-41,8,-53
-43,7,-42
-40,6,-38
-41,6,-42
-42,6,-42
-43,9,-42
-45,10,-45
-43,9,-45
-47,6,-48
-45,7,-48
-46,7,-44
-48,8,-42
-50,12,-45
-51,15,-49
-51,16,-51
-52,13,-48
-51,6,-48
-49,5,-50
-44,4,-44
-39,3,-41
-38,4,-44
-43,6,-45
-45,6,-41
-46,8,-37
-47,9,-40
-45,12,-43
-43,13,-41
-44,14,-39
-45,14,-42
-45,15,-42
-47,17,-41
-48,17,-43
-47,18,-46
-48,18,-47
-48,17,-46
-49,15,-47
-47,13,-51
-48,13,-52
-47,13,-48
-46,13,-50
-45,13,-45
-40,14,-41
-36,13,-44
-34,13,-49
-34,13,-46
-35,13,-41
-37,13,-42
-42,13,-46
-42,14,-47
-44,15,-47
-42,14,-47
-43,12,-48
-43,11,-49
-44,11,-47
-44,11,-46
-47,11,-47
-49,13,-45
-49,14,-45
-50,13,-48
-51,13,-46
-49,10,-47
-47,9,-47
-44,9,-44
-44,9,-42
-40,9,-40
-39,9,-40
-40,10,-40
-42,10,-42
-48,11,-44
-49,13,-44
-48,13,-45
-46,14,-45
-45,14,-43
-46,16,-41
-47,16,-41
-46,16,-41
-46,16,-41
-45,14,-42
-46,13,-43
-47,14,-44
-46,15,-44
-46,15,-45
-46,14,-46
-45,14,-45
-44,13,-46
-44,13,-47
-43,12,-47
-42,13,-47
-41,12,-47
-41,12,-46
-42,12,-45
-41,12,-44
-41,13,-44
-39,13,-45
-40,13,-46
-41,14,-47
-40,14,-47
-41,13,-47
-41,13,-46
-43,14,-46
-44,15,-46
-45,14,-46
-45,13,-45
-45,12,-47
-45,11,-44
-47,12,-43
-45,12,-45
-43,12,-44
-43,11,-45
-45,10,-47
-47,11,-46
-48,11,-45
-47,12,-46
-45,12,-46
-45,12,-45
-44,11,-42
-43,11,-42
-43,11,-44
-45,11,-43
-46,12,-45
-47,13,-46
-49,12,-44
-49,13,-44
-45,14,-43
-43,13,-42
-44,13,-43
-45,13,-43
-47,13,-42
-47,13,-42
-47,13,-41
-46,13,-41
-47,13,-41
-46,14,-40
-45,14,-41
-47,14,-41
-46,14,-41
-48,12,-44
-49,12,-44
-49,12,-42
-48,13,-42
-48,13,-40
-47,13,-40
-47,13,-40
-46,13,-40
-46,13,-40
-47,12,-40
-47,11,-41
-50,12,-41
-51,12,-41
-50,12,-41
-50,11,-41
-51,11,-42
-52,11,-41
-52,11,-41
-53,11,-40
-52,11,-40
-52,11,-39
-53,11,-38
-52,11,-41
-52,12,-42
-54,12,-37
-56,12,-36
-53,11,-38
-54,11,-39
-53,12,-37
-52,12,-36
-47,11,-35
-46,11,-35
-47,10,-34
-48,10,-33
-48,10,-33
-47,10,-34
-48,11,-34
-51,11,-34
-53,11,-35
-54,12,-37
-54,13,-37
-54,14,-35
-54,15,-34
-52,15,-35
-51,15,-37
-53,15,-37
-51,16,-38
-50,15,-37
-52,14,-33
-54,14,-33
-46,15,-21
-46,15,-17
-63,14,-21
-72,12,-27
-64,9,-23
-68,12,-11
-65,6,-4
-63,1,4
-67,-7,21
-67,-8,27
-60,-12,25
-39,-14,50
-32,-13,58
-27,-20,51
-25,-23,55
-12,-24,60
-6,-23,50
-8,-33,57
-3,-30,58
5,-29,54
1,-25,59
5,-19,72
7,-19,74
11,-18,66
11,-22,54
9,-23,53
18,-20,55
16,-22,55
7,-24,57
7,-22,58
10,-20,62
11,-22,60
10,-23,56
9,-22,57
8,-21,58
8,-21,58
9,-20,57
6,-20,61
6,-19,62
6,-20,58
6,-20,56
3,-18,61
3,-18,64
7,-17,59
5,-16,56
3,-17,58
5,-17,62
6,-16,61
5,-14,60
3,-14,61
2,-13,63
3,-13,63
5,-12,60
2,-12,60
1,-10,63
2,-10,63
1,-10,64
1,-9,63
1,-8,61
-2,-8,64
-4,-7,67
-4,-7,63
-2,-7,62
-4,-6,64
-5,-6,65
-4,-5,64
-3,-5,63
-6,-4,63
-6,-3,64
-7,-3,63
-6,-3,63
-8,-3,63
-8,-3,63
-9,-3,64
-11,-1,65
-12,-2,62
-12,-2,61
-15,-1,64
-18,0,64
-16,-1,61
-15,-1,59
-16,0,61
-16,0,62
-15,0,61
-16,0,59
-19,2,62
-19,2,64
-16,0,62
-16,0,59
-18,0,58
-18,1,58
-23,1,60
-22,0,60
-24,1,59
-27,0,60
-28,-2,59
-26,-3,60
-30,-1,62
-31,2,58
-33,3,55
-40,5,49
-40,7,48
-50,8,38
-62,9,32
-55,11,31
-57,8,24
-67,7,20
-68,7,17
-62,3,14
-63,1,17
-65,1,16
-63,-3,11
-62,-3,12
-63,-4,11
-61,-8,11
-60,-6,16
-63,-9,14
-66,-9,16
-62,-7,20
-67,-7,22
-69,-7,22
-62,-6,25
-61,-7,26
-66,-8,27
-59,-7,37
-55,-4,43
-67,-5,47
-68,-7,49
-54,-8,64
-31,-8,65
-7,-31,52
-12,-23,49
3,-3,45
25,2,51
-12,7,39
-16,8,37
11,11,46
-48,-7,37
-56,-12,43
14,2,67
6,8,76
-19,-3,75
1,2,72
8,9,59
-31,1,64
-4,-8,65
11,-13,57
-5,-15,56
-1,-23,70
-2,-27,61
16,-11,77
6,-7,69
-25,-36,49
10,-16,90
-1,-19,66
4,-22,55
-6,-34,44
2,-38,52
4,-33,55
-1,-25,54
-2,-16,67
-5,-22,59
0,-24,58
1,-29,54
1,-28,53
-1,-28,58
1,-26,59
2,-26,58
2,-27,57
0,-26,52
2,-26,53
10,-30,62
13,-26,62
5,-23,51
14,-23,60
11,-23,62
12,-22,63
13,-21,60
6,-21,56
11,-17,59
14,-17,61
13,-18,60
9,-18,56
13,-17,58
21,-21,63
18,-25,59
20,-26,55
17,-27,58
22,-23,62
16,-24,57
14,-24,51
17,-28,51
16,-30,55
17,-27,53
17,-28,48
15,-30,45
17,-32,48
24,-36,51
25,-35,50
21,-34,49
23,-35,51
24,-36,51
21,-37,46
22,-36,45
19,-41,47
22,-38,45
20,-38,42
20,-41,47
22,-38,46
21,-38,46
20,-40,46
19,-38,45
19,-38,45
21,-42,44
22,-42,44
22,-43,42
20,-46,43
21,-44,43
18,-44,42
21,-42,38
17,-45,39
18,-46,37
20,-47,36
22,-47,37
20,-48,35
21,-48,33
21,-51,31
21,-51,30
22,-52,29
20,-53,27
19,-54,24
19,-55,23
18,-55,20
20,-57,20
20,-58,18
20,-60,19
22,-57,15
20,-60,15
19,-60,14
21,-59,15
22,-59,14
24,-60,12
23,-61,11
21,-61,10
19,-59,4
9,-67,27
26,-56,18
27,-52,8
20,-60,11
16,-62,4
16,-61,6
16,-59,3
20,-57,5
23,-57,7
24,-61,9
25,-59,4
22,-60,4
17,-62,4
-2,-66,1
7,-63,4
9,-65,12
8,-62,11
4,-64,9
11,-67,18
10,-67,16
12,-64,14
3,-67,10
-14,-69,10
-9,-68,21
-5,-65,16
-6,-67,15
-10,-69,27
-19,-69,18
-34,-66,32
-30,-56,30
-23,-55,29
-32,-50,32
-34,-49,29
-41,-45,29
-40,-46,28
-42,-42,31
-42,-37,32
-44,-33,27
-43,-30,27
-42,-23,27
-41,-21,25
-42,-15,25
-46,-13,28
-47,-12,30
-42,-14,36
-41,-15,38
-43,-17,36
-53,-18,39
-57,-21,48
-51,-24,51
-40,-34,52
-37,-36,51
-36,-36,48
-38,-36,47
-37,-34,46
-35,-28,45
-37,-26,45
-41,-22,43
-41,-21,44
-39,-19,48
-36,-20,49
-38,-16,52
-37,-16,52
-38,-17,50
-38,-17,50
-39,-18,47
-38,-18,45
-38,-17,44
-41,-15,44
-41,-14,45
-42,-15,48
-42,-16,50
-41,-20,53
-42,-23,54
-44,-29,59
-47,-33,57
-47,-35,52
-32,-29,45
-28,-26,43
-31,-24,40
-44,-27,39
-47,-32,38
-43,-33,41
-37,-28,44
-37,-25,42
-40,-17,36
-44,-15,35
-44,-10,37
-53,-6,36
-55,6,42
-57,8,34
-65,11,30
-65,12,25
-60,14,24
-53,13,20
-56,9,23
-63,10,26
-60,11,29
-51,7,26
-53,4,27
-48,7,36
-45,5,40
-36,-9,35
-63,-8,32
-61,0,39
-46,2,31
-52,2,27
-59,2,41
-53,7,46
-53,3,43
-53,7,37
-48,9,37
-58,8,37
-55,11,37
-53,14,34
-49,19,39
-45,22,38
-50,24,32
-44,29,33
-46,30,32
-54,31,27
-47,29,33
-56,24,29
-52,21,33
-47,14,36
-53,11,37
-59,10,30
-46,14,40
-48,12,37
-48,10,37
-46,7,33
-59,7,32
-62,6,33
-57,7,32
-57,7,28
-52,7,39
-56,4,37
-58,0,40
-65,3,39
-61,-6,29
-64,-11,34
-49,-7,41
-42,-6,39
-41,-9,41
-60,-20,45
-45,-7,50
-53,0,36
-49,6,39
-49,11,41
-47,10,45
-52,11,44
-54,11,44
-48,10,42
-44,10,39
-46,11,39
-57,10,42
-53,10,44
-52,9,38
-53,9,38
-53,5,35
-49,6,36
-52,3,35
-51,1,37
-53,-1,30
-57,-1,30
-53,-2,32
-51,-2,33
-61,-3,30
-52,-2,39
-53,-3,41
-49,-7,39
-51,-9,40
-52,-8,42
-50,-7,42
-55,-10,41
-57,-11,41
-58,-16,47
-58,-23,44
-55,-25,31
-57,-21,27
-51,-16,29
-50,-8,24
-53,0,30
-45,7,47
-41,9,54
-22,22,63
-8,28,67
-6,27,62
-15,31,62
-36,33,58
-37,33,52
-47,33,39
-61,29,37
-60,27,38
-59,24,34
-59,22,30
-60,11,33
-62,4,32
-41,-3,55
-31,-9,62
-41,-19,49
-34,-19,62
-34,-16,41
-38,-18,32
-31,-26,45
-34,-26,36
-35,-28,40
-24,-32,44
-27,-35,46
-35,-34,42
-28,-33,47
-27,-37,50
-18,-43,60
-29,-36,53
-32,-34,47
-42,-38,39
-43,-39,40
-41,-42,38
-37,-38,35
-37,-38,34
-42,-34,36
-44,-30,34
-52,-22,34
-56,-20,36
-54,-6,34
-60,-3,34
-50,-2,44
-41,-2,51
-40,-3,50
-39,-6,53
-34,-7,55
-40,-9,53
-36,-14,52
-33,-16,55
-40,-16,49
-38,-19,43
-37,-22,49
-46,-25,43
-43,-26,41
-40,-30,39
-45,-32,45
-46,-32,38
-47,-29,38
-41,-27,43
-46,-27,35
-51,-26,39
-47,-18,47
-40,-17,48
-49,-20,43
-51,-18,42
-48,-14,44
-48,-14,40
-58,-17,38
-55,-17,38
-60,-17,28
-63,-18,25
-63,-19,21
-67,-21,14
-66,-20,13
-59,-18,13
-64,-18,8
-53,-14,11
-54,-9,15
-50,-3,14
-54,-3,4
-59,1,10
-56,9,21
-58,9,5
-72,5,1
-67,14,19
-76,15,16
-74,15,10
-78,16,4
-77,17,3
-72,13,2
-70,12,4
-72,9,-2
-67,8,-4
-56,10,5
-51,12,8
-52,7,4
-55,4,2
-57,7,5
-58,8,-6
-62,7,-15
-69,5,-25
-68,7,-25
-58,8,-19
-55,8,-20
-59,3,-31
-63,2,-35
-55,5,-37
-48,7,-35
-47,7,-37
-49,8,-40
-47,10,-40
-47,10,-39
-47,9,-37
-47,7,-40
-46,6,-38
-49,3,-44
-52,4,-44
-43,5,-44
-45,6,-47
-49,7,-49
-50,7,-46
-45,7,-44
-41,6,-46
-47,5,-42
-40,5,-39
-41,6,-42
-44,6,-41
-44,6,-41
-46,6,-43
-43,6,-43
-42,4,-47
-41,4,-47
-42,3,-48
-42,3,-50
-40,2,-51
-40,0,-51
-41,0,-53
-41,-1,-52
-41,0,-51
-40,1,-51
-42,1,-49
-45,1,-49
-43,1,-50
-43,1,-49
-43,1,-51
-41,-1,-53
-40,-2,-52
-39,-3,-51
-39,-4,-52
-40,-4,-50
-40,-4,-51
-40,-5,-51
-41,-4,-49
-42,-4,-49
-46,-5,-49
-47,-5,-50
-42,-5,-46
-43,-4,-47
-44,-4,-55
-40,-6,-51
-38,-7,-49
-36,-10,-45
-28,-12,-39
-51,-11,-58
-46,-9,-53
-44,-6,-50
-47,-6,-51
-51,-7,-49
-45,-7,-49
-43,-10,-49
-42,-11,-46
-39,-10,-46
-40,-10,-46
-45,-9,-50
-47,-9,-48
-44,-11,-45
-46,-10,-49
-38,-11,-33
-46,-9,-49
-39,-13,-45
-40,-10,-45
-46,-10,-48
-43,-10,-48
-42,-10,-46
-44,-11,-47
-44,-11,-47
-45,-13,-47
-44,-14,-46
-43,-13,-44
-43,-15,-42
-44,-15,-44
-43,-16,-44
-43,-17,-42
-45,-16,-43
-43,-16,-42
-43,-17,-43
-43,-17,-44
-45,-17,-43
-46,-17,-44
-46,-17,-44
-44,-17,-42
-44,-17,-43
-44,-19,-44
-45,-19,-44
-42,-20,-43
-43,-20,-43
-44,-20,-42
-42,-19,-42
-44,-19,-43
-44,-19,-42
-46,-19,-44
-46,-18,-44
-47,-19,-44
-48,-20,-44
-47,-20,-41
-46,-19,-39
-48,-20,-40
-42,-19,-35
-41,-19,-36
-50,-19,-37
-51,-19,-37
-49,-19,-36
-48,-19,-34
-51,-18,-35
-55,-18,-32
-55,-17,-32
-53,-18,-30
-54,-20,-31
-58,-22,-32
-56,-21,-32
-50,-21,-24
-55,-21,-25
-59,-22,-24
-61,-22,-24
-56,-21,-21
-55,-21,-19
-60,-21,-15
-64,-21,-15
-59,-21,-13
-57,-21,-9
-60,-24,-8
-67,-25,-5
-61,-23,-3
-58,-24,3
-58,-25,3
-60,-26,4
-60,-26,6
-55,-25,11
-55,-26,12
-60,-25,9
-58,-24,9
-57,-25,10
-55,-27,11
-59,-26,11
-58,-25,10
-56,-26,12
-51,-27,12
-50,-26,10
-54,-23,-2
-58,-22,-9
-71,-18,-11
-60,-11,-2
-69,-13,-8
-60,-10,-2
-63,-13,-1
-67,-16,-6
-68,-20,-12
-74,-24,-13
-74,-20,-5
-62,-25,10
-57,-24,15
-55,-23,18
-59,-25,13
-59,-26,6
-58,-26,-2
-59,-28,-3
-61,-29,1
-58,-28,4
-56,-28,3
-56,-29,4
-60,-29,5
-59,-29,4
-57,-29,5
-57,-29,6
-60,-28,7
-59,-28,7
-56,-31,5
-57,-30,7
-57,-29,8
-58,-29,10
-57,-28,9
-61,-29,6
-57,-29,5
-61,-30,8
-58,-28,11
-57,-26,9
-57,-28,8
-59,-27,11
-60,-28,12
-57,-27,9
-57,-28,10
-58,-30,12
-60,-30,11
-57,-27,10
-56,-27,10
-58,-29,13
-55,-27,11
-55,-31,12
-60,-28,10
-57,-27,11
-57,-28,11
-57,-28,12
-59,-29,11
-58,-27,11
-56,-29,11
-57,-30,9
-58,-31,12
-58,-31,12
-58,-30,10
-53,-31,10
-53,-32,10
-57,-30,11
-58,-31,14
-57,-33,14
-54,-31,12
-53,-32,15
-58,-31,13
-61,-31,13
-55,-31,15
-53,-29,13
-53,-31,16
-56,-30,12
-51,-29,18
-52,-32,17
-54,-31,15
-56,-30,15
-58,-28,15
-60,-32,17
-57,-29,17
-54,-27,17
-55,-29,16
-56,-30,17
-57,-33,21
-56,-31,17
-55,-28,15
-49,-31,17
-54,-32,16
-57,-32,18
-54,-32,19
-49,-29,14
-53,-30,20
-54,-32,21
-56,-30,20
-52,-29,19
-52,-28,20
-55,-27,21
-52,-32,23
-53,-32,20
-56,-29,18
-56,-28,20
-46,-31,22
-50,-26,22
-59,-28,20
-47,-29,25
-44,-26,22
-62,-24,22
-66,-26,27
-48,-24,24
-55,-26,23
-60,-28,25
-55,-27,19
-44,-27,22
-55,-28,24
-58,-27,24
-52,-29,25
-50,-28,23
-57,-30,25
-53,-26,22
-49,-25,23
-57,-35,24
-56,-31,22
-52,-33,25
-50,-32,23
-48,-33,23
-51,-32,25
-52,-29,25
-48,-32,25
-49,-31,26
-47,-31,22
-52,-35,23
-51,-35,24
-51,-35,17
-51,-34,22
-49,-33,22
-52,-31,20
-52,-33,26
-52,-31,21
-47,-33,24
-50,-34,24
-52,-34,22
-53,-34,20
-46,-34,21
-48,-34,25
-50,-33,27
-51,-32,20
-47,-32,16
-51,-31,25
-56,-33,26
-52,-34,20
-52,-31,17
-57,-35,22
-53,-28,21
-54,-30,22
-53,-28,23
-55,-28,24
-57,-29,20
-56,-30,19
-55,-30,20
-50,-26,21
-56,-29,21
-56,-27,19
-56,-31,23
-54,-26,20
-51,-32,22
-51,-27,20
-53,-32,23
-58,-31,23
-50,-30,25
-50,-27,25
-52,-28,21
-51,-32,22
-53,-33,24
-48,-32,26
-46,-30,23
-52,-34,25
-50,-31,23
-49,-32,24
-49,-29,21
-54,-33,24
-53,-31,27
-54,-30,28
-53,-32,23
-50,-30,22
-52,-34,27
-47,-26,21
-54,-29,22
-54,-27,21
-53,-26,21
-57,-25,18
-56,-28,21
-56,-29,22
-55,-27,19
-56,-29,20
-55,-28,20
-55,-27,19
-55,-30,21
-56,-25,18
-55,-28,20
-58,-27,23
-56,-29,22
-55,-25,19
-56,-26,16
-57,-29,15
-55,-27,15
-58,-24,15
-59,-24,15
-59,-24,18
-59,-24,19
-58,-23,18
-59,-24,18
-59,-24,18
-61,-24,19
-59,-23,18
-57,-22,18
-58,-21,19
-60,-20,21
-57,-22,21
-56,-23,21
-57,-24,19
-58,-24,20
-58,-25,20
-57,-24,21
-55,-25,26
-58,-27,27
-51,-33,24
-44,-38,22
-47,-41,12
-33,-45,18
-46,-45,11
-61,-43,-2
-60,-40,-1
-53,-31,4
-56,-31,-1
-66,-26,-4
-65,-22,1
-64,-19,1
-68,-18,1
-70,-17,5
-67,-18,10
-67,-20,16
-68,-24,15
-66,-26,15
-60,-27,17
-59,-28,19
-56,-31,21
-57,-32,21
-51,-30,25
-46,-28,28
-44,-27,28
-47,-26,28
-47,-22,30
-49,-21,30
-51,-20,34
-53,-20,32
-49,-21,33
-48,-21,35
-48,-20,36
-45,-19,37
-44,-18,37
-44,-17,38
-44,-17,38
-48,-15,40
-51,-14,41
-53,-14,40
-55,-13,41
-57,-14,40
-56,-16,40
-60,-17,45
-54,-17,45
-52,-19,44
-48,-21,48
-46,-20,50
-38,-18,51
-35,-15,52
-34,-15,50
-33,-16,47
-29,-13,48
-31,-14,42
-38,-13,43
-41,-12,45
-37,-11,46
-36,-19,39
-41,-20,37
-55,-22,29
-61,-18,32
-47,-17,38
-45,-17,42
-47,-16,46
-46,-17,45
-47,-19,44
-46,-19,43
-47,-18,41
-44,-19,40
-46,-20,40
-47,-20,38
-47,-19,38
-46,-16,38
-46,-15,39
-56,-21,37
-64,-23,36
-80,-25,30
-82,-26,28
-60,-14,41
-53,-7,43
-37,1,44
-33,4,42
-32,3,41
-21,3,46
-22,1,47
-31,-3,51
-26,-8,55
-21,-18,51
-7,-21,57
-13,-30,64
-20,-29,66
-38,-20,61
-39,-16,58
-35,-12,56
-33,-11,55
-31,-11,55
-29,-12,55
-28,-13,55
-29,-14,54
-28,-15,55
-20,-15,59
-19,-16,59
-19,-17,59
-20,-18,58
-18,-18,58
-18,-17,58
-20,-15,58
-23,-15,57
-23,-16,59
-25,-17,59
-27,-17,59
-26,-17,59
-25,-17,58
-24,-16,58
-24,-17,58
-23,-17,57
-22,-17,58
-23,-18,57
-23,-18,56
-22,-17,55
-22,-16,55
-23,-16,55
-23,-15,55
-23,-16,56
-26,-16,57
-26,-16,57
-26,-16,58
-25,-16,58
-25,-16,58
-25,-16,57
-23,-15,57
-23,-15,56
-20,-16,54
-35,-13,46
-36,-10,52
-41,-2,65
-44,2,68
-51,1,50
-51,0,44
-41,5,50
-32,5,47
-14,8,47
-12,7,44
-5,-3,44
-4,-9,57
2,-20,61
-8,-47,49
-22,-72,36
-30,-79,46
-40,-65,48
-36,-43,46
-27,-37,46
-21,-31,51
-22,-30,51
-24,-28,49
-26,-28,49
-31,-31,48
-33,-36,48
-33,-38,49
-31,-40,48
-29,-40,47
-27,-37,45
-25,-36,45
-24,-34,44
-25,-34,45
-26,-36,46
-25,-36,47
-26,-36,47
-27,-37,47
-26,-37,49
-27,-38,49
-27,-37,49
-26,-38,50
-26,-38,52
-28,-40,54
-29,-39,54
-36,-40,51
-39,-39,50
-45,-38,48
-48,-36,44
-53,-26,43
-50,-21,41
-43,-8,44
-37,4,38
-36,6,37
-31,10,32
-27,15,32
-24,21,29
-22,23,32
-15,14,30
-31,4,30
-53,-19,45
-48,-27,53
-73,-47,8
-88,-49,1
-57,-26,49
-55,-14,38
-53,-16,34
-47,-16,43
-47,-15,45
-48,-14,43
-50,-15,41
-46,-15,44
-45,-15,45
-47,-17,42
-49,-20,38
-47,-19,39
-46,-18,40
-46,-16,39
-46,-15,38
-46,-15,39
-48,-16,39
-49,-16,38
-50,-16,39
-49,-16,40
-49,-15,40
-50,-16,39
-51,-17,38
-50,-17,40
-49,-16,41
-49,-15,39
-49,-16,38
-49,-18,40
-49,-17,40
-49,-17,38
-50,-17,38
-49,-17,38
-48,-16,39
-48,-15,38
-48,-16,38
-49,-15,38
-49,-15,39
-49,-15,38
-50,-15,37
-50,-16,38
-52,-16,37
-52,-16,37
-52,-16,38
-51,-16,38
-50,-15,38
-50,-15,37
-50,-15,36
-49,-15,37
-47,-14,37
-47,-15,36
-51,-19,35
-56,-25,37
-62,-29,37
-77,-37,35
-74,-38,34
-73,-35,29
-66,-20,22
-38,7,24
-23,16,32
-8,28,41
1,29,42
-11,20,49
-21,6,53
-43,-17,55
-67,-35,47
-67,-35,44
-61,-22,38
-57,-16,35
-45,-9,38
-43,-7,40
-47,-8,40
-49,-9,40
-55,-12,39
-56,-13,40
-54,-14,39
-53,-14,39
-50,-14,39
-49,-14,40
-48,-14,40
-48,-15,40
-48,-15,41
-48,-16,42
-48,-16,41
-49,-16,39
-49,-16,40
-51,-17,41
-54,-19,42
-62,-22,42
-63,-22,42
-69,-16,35
-77,-13,18
-70,-8,21
-46,8,34
-38,14,37
-30,17,32
-23,17,31
-11,19,35
-16,18,41
-20,11,57
-22,3,65
-16,-19,56
-26,-29,49
-55,-25,54
-34,-8,60
-36,-4,55
-42,-1,50
-39,-2,55
-41,-4,57
-44,-6,56
-46,-8,52
-44,-8,51
-42,-8,49
-41,-8,48
-39,-9,45
-39,-8,45
-37,-8,45
-38,-8,45
-37,-9,47
-35,-9,50
-37,-9,51
-40,-11,53
-40,-11,53
-43,-11,51
-42,-10,51
-40,-8,49
-39,-8,48
-40,-9,46
-41,-11,47
-42,-12,48
-41,-11,48
-41,-12,48
-42,-12,49
-42,-12,50
-42,-11,50
-42,-11,49
-43,-12,48
-42,-12,49
-42,-12,48
-43,-12,47
-42,-12,48
-42,-11,47
-41,-11,47
-41,-11,47
-41,-11,47
-41,-12,48
-41,-12,47
-40,-11,46
-40,-12,46
-41,-12,46
-41,-13,47
-41,-13,47
-41,-12,48
-41,-13,48
-41,-12,49
-41,-13,49
-41,-13,51
-41,-14,50
-42,-14,48
-41,-14,48
-41,-15,48
-40,-15,47
-40,-15,48
-40,-15,48
-39,-14,49
-39,-14,49
-40,-14,49
-40,-14,49
-41,-15,49
-43,-16,50
-44,-18,51
-43,-17,52
-44,-16,52
-41,-13,51
-40,-11,51
-40,-10,50
-39,-10,50
-40,-10,50
-38,-9,50
-38,-9,49
-39,-9,48
-38,-8,49
-39,-8,50
-39,-9,49
-42,-8,48
-41,-8,48
-40,-9,48
-39,-9,48
-40,-9,48
-40,-9,48
-38,-10,50
-37,-11,51
-36,-12,51
-35,-12,52
-36,-12,51
-35,-11,50
-35,-11,50
-35,-10,50
-35,-10,49
-37,-10,50
-37,-9,51
-37,-10,53
-37,-10,53
-36,-11,53
-36,-12,53
-35,-12,53
-34,-13,53
-34,-12,52
-34,-12,51
-33,-12,52
-34,-13,55
-34,-14,57
-38,-15,58
-41,-15,59
-40,-15,60
-37,-15,59
-41,-15,54
-41,-10,56
-38,-5,56
-27,2,56
-25,3,54
-26,8,50
-23,11,49
-18,17,47
-23,17,46
-28,16,47
-27,19,48
-31,17,38
-40,14,35
-44,7,34
-48,3,40
-55,2,39
-60,-1,34
-62,-1,35
-66,0,40
-63,0,41
-58,-2,46
-57,-4,47
-51,-7,48
-50,-8,47
-47,-8,44
-44,-7,41
-44,-7,41
-43,-7,40
-44,-7,39
-45,-5,38
-46,-4,38
-48,-2,38
-50,-1,38
-53,-1,38
-55,-2,38
-56,-4,40
-56,-4,41
-55,-5,40
-52,-5,40
-50,-5,40
-47,-5,41
-47,-5,41
-48,-4,41
-48,-4,41
-49,-4,40
-50,-3,39
-51,-3,38
-52,-3,37
-52,-3,37
-52,-3,38
-51,-3,39
-50,-4,38
-51,-3,38
-51,-3,36
-52,-3,36
-54,-3,36
-55,-3,36
-58,-5,39
-58,-6,39
-56,-6,41
-54,-6,41
-51,-7,39
-50,-6,37
-48,-6,35
-50,-6,32
-50,-7,31
-46,-8,29
-47,-6,30
-57,-4,31
-61,-3,29
-80,-4,10
-97,-5,3
-83,2,14
-79,7,17
-86,9,10
-82,8,12
-70,9,18
-61,13,21
-55,14,26
-43,14,28
-40,14,33
-31,15,40
-24,15,41
-22,16,44
-21,15,48
-20,16,60
-32,13,78
-29,7,72
-26,-26,25
-58,-4,42
-17,28,68
-14,27,69
-9,17,51
-9,11,36
-36,22,32
-31,29,35
-11,34,47
-12,33,49
-26,29,42
-31,29,46
-33,28,52
-40,26,56
-44,26,58
-46,22,55
-48,23,55
-45,25,53
-43,24,52
-41,20,52
-41,19,53
-37,16,53
-36,16,52
-36,15,48
-37,14,47
-36,14,48
-36,15,48
-36,16,48
-37,17,48
-36,17,49
-37,18,49
-38,18,49
-38,19,50
-38,19,50
-38,19,50
-38,19,50
-40,18,50
-40,18,49
-39,19,49
-44,25,41
-54,30,35
-59,32,19
-66,32,11
-72,33,3
-73,34,4
-66,34,2
-65,37,-2
-67,35,-7
-61,35,0
-47,39,3
-47,38,-5
-49,37,-1
-39,34,9
-39,34,7
-36,28,13
-31,27,20
-37,26,18
-44,25,15
-54,26,18
-66,29,19
-73,37,6
-62,43,3
-38,56,1
-30,65,-12
-15,73,-28
-2,73,-24
4,69,-18
17,60,-1
10,55,1
-14,49,-6
-33,49,-9
-50,48,-12
-49,45,-14
-62,44,-12
-61,45,-5
-60,38,11
-64,33,14
-64,30,23
-61,34,21
-59,35,15
-48,38,7
-43,44,3
-38,53,-15
-39,54,-21
-25,52,-14
-20,52,-5
-18,49,-14
-31,51,-26
-52,53,-34
-56,51,-31
-33,46,-16
-1,31,30
6,24,56
-13,17,70
-35,16,54
-61,21,33
-59,21,31
-50,23,36
-48,22,39
-49,22,40
-50,23,39
-54,26,34
-57,27,32
-56,29,33
-57,28,30
-58,27,30
-54,25,34
-53,24,34
-54,21,32
-54,20,32
-52,18,33
-50,17,34
-53,15,34
-52,15,35
-49,15,36
-51,16,37
-50,17,36
-52,17,35
-52,18,35
-52,19,33
-51,20,33
-52,19,32
-52,19,33
-51,19,34
-53,18,33
-53,17,34
-52,17,35
-51,17,35
-52,16,34
-52,16,35
-53,16,35
-53,15,35
-52,16,36
-53,16,36
-53,15,37
-54,14,37
-52,12,38
-51,10,37
-51,7,43
-47,7,45
-39,6,48
-21,8,57
-7,9,60
-13,9,63
-27,7,62
-24,10,60
-28,11,64
-34,7,80
-23,4,77
14,-12,62
-1,-22,61
-23,-6,66
-18,-4,58
-27,-14,50
-31,-4,48
-38,0,43
-39,-5,28
-41,-7,23
-60,-12,22
-65,-17,22
-64,-28,30
-50,-21,40
-53,-14,49
-47,-10,52
-46,-3,62
-39,-9,45
-43,-15,33
-30,-37,22
-44,-43,23
-44,-24,46
-41,-25,55
-36,-7,76
-46,-2,66
-32,-10,53
-33,-18,51
-40,-21,33
-29,-34,22
-54,-41,15
-44,-26,49
-25,-10,82
-37,7,65
-29,-6,44
-42,-23,26
-38,-30,25
-40,-42,30
-48,-40,21
-54,-27,35
-24,-20,57
-25,-6,90
-41,-10,66
-40,-20,31
-39,-37,26
-34,-42,26
-57,-28,20
-58,-24,40
-6,-9,100
-4,-9,75
-20,-25,26
-32,-42,17
-63,-33,34
-59,-21,41
-11,-21,63
-8,-26,65
-24,-28,48
-33,-25,47
-36,-25,47
-34,-26,48
-32,-27,49
-27,-28,52
-23,-28,54
-19,-27,58
-18,-27,58
-20,-28,56
-22,-29,55
-21,-28,55
-20,-27,55
-20,-26,55
-21,-27,54
-20,-27,55
-19,-27,55
-19,-26,54
-20,-27,54
-20,-26,54
-20,-26,55
-20,-27,56
-19,-27,56
-19,-27,55
-19,-27,55
-19,-26,54
-19,-26,55
-19,-26,54
-19,-26,54
-18,-26,54
-19,-26,54
-19,-26,54
-19,-26,54
-19,-26,54
-21,-27,55
-24,-30,55
-26,-30,55
-30,-36,53
-33,-40,49
-34,-40,44
-36,-39,41
-32,-40,43
-29,-29,39
-42,-24,37
-48,-22,38
-42,-18,43
-39,-15,55
-36,-15,57
-31,-12,63
-30,-12,65
-28,-15,65
-30,-15,61
-32,-15,57
-34,-16,52
-35,-17,50
-37,-17,47
-41,-17,45
-41,-15,41
-42,-15,41
-42,-12,40
-41,-11,40
-42,-12,40
-43,-12,41
-45,-15,43
-45,-17,46
-44,-17,46
-43,-19,48
-42,-19,48
-41,-20,48
-41,-21,48
-42,-22,47
-42,-22,46
-43,-22,44
-43,-21,43
-43,-20,43
-43,-20,44
-43,-20,44
-42,-19,45
-42,-19,45
-42,-19,45
-41,-18,45
-42,-18,45
-43,-18,45
-43,-18,44
-43,-18,44
-42,-17,43
-42,-17,43
-42,-17,43
-44,-18,42
-44,-18,42
-44,-17,40
-44,-16,39
-47,-15,34
-49,-14,32
-51,-14,30
-51,-14,29
-58,-12,41
-55,-11,46
-50,-12,53
-47,-15,57
-42,-17,62
-34,-16,62
-32,-15,61
-35,-12,56
-36,-13,50
-43,-11,44
-45,-10,43
-46,-8,41
-46,-7,40
-45,-6,41
-45,-7,41
-43,-7,44
-42,-7,45
-41,-8,47
-40,-9,48
-40,-10,49
-42,-10,49
-43,-9,48
-42,-9,49
-40,-9,50
-39,-10,51
-39,-10,51
-39,-11,49
-38,-11,48
-39,-11,46
-40,-11,45
-41,-11,47
-40,-11,50
-40,-12,50
-41,-12,52
-42,-13,52
-42,-13,55
-42,-12,61
-32,-13,70
-25,-19,64
-33,-33,47
-36,-30,49
-30,-22,51
-33,-20,50
-22,-8,62
-19,2,49
-22,4,46
-17,14,50
-30,16,49
-46,14,40
-46,10,24
-66,-6,-9
-83,1,1
-68,7,23
-53,6,30
-33,5,50
-38,3,50
-55,-2,38
-59,-2,34
-56,-2,37
-49,-3,42
-47,-6,43
-46,-9,46
-45,-11,47
-44,-11,45
-47,-12,43
-48,-10,43
-47,-9,44
-44,-8,42
-45,-7,43
-43,-9,44
-41,-10,47
-38,-10,48
-41,-12,45
-41,-11,46
-41,-11,48
-42,-12,47
-42,-14,45
-40,-15,44
-41,-15,44
-40,-15,43
-71,-29,39
-50,-15,61
-39,-13,62
-34,-16,53
-36,-17,52
-40,-14,49
-42,-14,47
-44,-12,45
-43,-11,46
-44,-12,46
-44,-13,45
-45,-11,44
-45,-11,44
-44,-10,45
-45,-9,46
-45,-9,45
-44,-8,46
-44,-8,47
-44,-8,47
-43,-8,47
-43,-8,47
-43,-8,47
-43,-8,47
-43,-9,47
-44,-8,46
-43,-9,47
-43,-9,47
-44,-9,47
-43,-9,47
-44,-8,46
-44,-9,46
-44,-10,46
-44,-10,46
-44,-10,46
-45,-10,45
-44,-10,45
-45,-10,45
-45,-10,45
-45,-10,46
-44,-11,46
-44,-12,47
-43,-12,48
-43,-13,51
-43,-14,51
-45,-15,48
-49,-15,46
-56,-12,36
-60,-11,30
-61,-9,29
-58,-6,32
-53,-2,33
-51,-3,33
-52,-3,34
-53,-8,32
-57,-11,30
-56,-13,39
-53,-13,40
-46,-13,39
-46,-13,41
-47,-12,50
-45,-11,52
-49,-9,56
-56,-7,52
-61,1,43
-62,8,35
-57,13,38
-72,17,29
-68,19,31
-58,18,24
-52,16,18
-47,16,17
-47,15,19
-36,15,23
-35,12,27
-35,3,30
-39,-5,35
-47,-14,37
-46,-21,43
-40,-23,50
-37,-25,53
-40,-24,52
-49,-21,45
-42,-13,49
-40,-7,46
-41,-3,48
-42,-2,51
-43,-4,54
-43,-1,53
-48,1,48
-53,3,37
-59,6,29
-62,6,30
-54,3,33
-53,4,38
-49,7,36
-48,6,34
-56,5,34
-59,5,32
-64,4,28
-59,4,26
-60,4,23
-62,4,19
-63,3,9
-68,2,4
-69,2,3
-68,2,-1
-67,3,-2
-68,3,-3
-68,3,-3
-64,5,2
-62,6,1
-64,7,2
-63,7,3
-62,10,9
-61,13,9
-56,15,6
-57,20,11
-61,20,12
-67,21,11
-68,22,11
-63,23,16
-61,23,20
-53,16,29
-51,13,33
-47,5,46
-38,3,50
-21,0,54
-14,-12,55
-3,-11,64
-4,-13,65
-5,-17,64
-10,-7,72
-9,-5,66
-8,-6,63
-11,-5,64
-4,-7,68
1,-8,69
-11,-8,63
-18,-11,65
-14,-16,66
-13,-22,63
-19,-26,63
-27,-32,59
-29,-30,55
-33,-20,46
-33,-16,44
-38,-12,34
-44,-10,32
-48,-4,38
-47,-3,39
-57,-1,28
-65,0,22
-68,9,24
-70,13,18
-72,14,15
-65,15,20
-60,15,22
-64,12,16
-68,10,14
-68,10,13
-64,11,11
-57,10,11
-56,11,14
-55,10,18
-56,11,19
-62,22,18
-63,21,9
-59,21,19
-55,20,24
-57,18,20
-47,14,22
-57,14,19
-68,14,18
-69,15,21
-65,13,24
-61,16,26
-58,9,29
-67,2,23
-74,2,25
-54,-1,30
-56,-2,32
-60,4,32
-62,6,34
-67,7,27
-69,6,26
-68,0,25
-70,-3,19
-65,-1,21
-58,0,22
-49,0,24
-41,-10,36
-41,-13,40
-49,-16,42
-48,-15,47
-49,-2,33
-46,3,39
-48,3,46
-48,4,47
-39,10,47
-32,6,45
-34,5,52
-33,2,53
-31,-1,54
-32,2,58
-27,1,58
-39,4,62
-43,10,61
-35,15,58
-37,11,53
-58,8,48
-65,9,39
-58,8,31
-46,13,31
-43,16,27
-47,17,27
-63,18,30
-59,12,37
-57,10,39
-56,14,35
-58,12,33
-52,10,33
-49,10,37
-51,9,30
-52,6,30
-16,-14,48
-74,21,24
-48,2,39
-53,9,34
-54,10,36
-55,11,38
-52,10,35
-55,10,34
-55,10,31
-52,8,30
-52,11,29
-56,8,34
-55,6,34
-57,0,38
-53,-10,37
-46,-1,28
-58,14,30
-60,11,29
-49,15,29
-50,15,27
-61,13,27
-61,9,25
-60,11,25
-60,5,27
-61,11,25
-66,17,14
-72,20,-2
-67,18,1
-62,14,11
-57,14,16
-65,14,-5
-66,14,-14
-62,13,-14
-59,13,-9
-55,17,-13
-63,11,-13
-64,12,-6
-67,19,-17
-78,32,-40
-69,7,18
-58,17,22
-55,10,-3
-66,7,-11
-60,9,-11
-55,8,-9
-58,9,-10
-67,10,-17
-66,14,-14
-58,19,-11
-58,17,-19
-68,20,-26
-62,23,-22
-58,20,-21
-59,19,-24
-60,17,-17
-57,11,-18
-64,3,-32
-72,7,-19
-66,7,-18
-75,13,-28
-61,15,-19
-45,14,-3
-55,17,7
-56,21,24
-57,20,23
-50,22,40
-51,24,43
-56,17,52
-35,3,19
-37,-5,28
-24,5,52
-27,-2,37
-52,7,31
-59,12,25
-75,16,19
-68,20,26
-54,17,29
-56,19,24
-51,20,24
-60,18,19
-60,15,23
-68,11,19
-71,13,16
-66,19,13
-68,19,8
-60,13,13
-57,12,17
-58,13,18
-52,10,20
-50,5,19
-62,6,16
-60,9,14
-49,14,11
-47,16,-4
-65,12,-10
-48,8,2
-60,3,14
-66,-2,13
-55,-10,25
-54,-20,29
-65,-39,27
-59,-53,19
-50,-83,22
-55,-87,19
-60,-77,3
-82,-81,-4
-75,-70,20
-96,-48,8
-86,-36,0
-60,-13,-3
-53,-9,-10
-45,-9,2
-40,-3,7
-59,3,2
-66,1,3
-36,1,10
-47,2,0
-68,-2,-30
-50,3,-17
-47,5,-31
-56,8,-34
-41,6,-25
-58,5,-22
-63,3,-22
-64,2,-14
-74,5,-12
-77,6,-18
-69,5,-19
-66,2,-18
-65,-3,-14
-74,-5,-22
-73,-2,-8
-73,-1,-4
-64,2,0
-53,1,8
-41,-5,20
-47,-1,18
-55,2,21
-54,6,21
-51,6,27
-53,6,30
-68,5,33
-72,6,27
-73,10,17
-69,16,15
-64,19,8
-79,26,-14
-91,24,-21
-80,20,-18
-69,18,-13
-59,21,-13
-58,20,-19
-56,21,-20
-55,20,-16
-48,19,-8
-46,16,-6
-47,15,-2
-48,18,0
-51,20,1
-61,20,4
-63,19,8
-68,15,11
-74,11,10
-68,10,16
-63,9,18
-63,7,12
-77,5,4
-89,1,-8
-76,8,-2
-60,12,1
-61,8,-5
-60,4,-4
-54,3,4
-49,4,7
-46,8,9
-48,10,10
-56,8,10
-59,8,12
-63,8,18
-67,9,20
-73,13,24
-72,15,24
-65,19,24
-63,24,22
-61,26,20
-59,29,13
-58,31,9
-66,32,-5
-82,26,-19
-101,13,-32
-100,7,-29
-75,5,-14
-61,4,-10
-51,0,-14
-54,-3,-16
-56,-2,-14
-53,0,-8
-49,1,-5
-46,4,-2
-48,8,-2
-53,19,-2
-58,25,0
-69,30,1
-74,29,1
-80,26,3
-79,27,4
-70,24,5
-61,22,4
-60,21,3
-60,19,0
-59,17,0
-57,17,2
-56,18,3
-57,22,7
-57,26,11
-66,23,11
-76,16,7
-71,10,14
-65,8,18
-59,-1,16
-52,-7,17
-50,-7,16
-52,-9,12
-54,-6,10
-56,0,6
-57,2,3
-55,6,1
-55,9,2
-62,16,1
-67,19,1
-75,26,6
-81,27,9
-92,24,13
-95,12,21
-87,7,25
-89,1,20
-100,-4,13
-99,-10,12
-88,-6,13
-85,0,-7
-83,2,-22
-66,9,-31
-50,13,-37
-20,27,-35
-11,38,-35
-6,45,-29
1,46,-9
-1,43,2
-25,43,6
-36,48,1
-31,51,4
-43,50,8
-55,48,11
-46,50,17
-45,56,18
-38,57,23
-28,71,26
-30,65,29
-32,65,25
-38,64,17
-42,59,20
-38,52,21
-31,54,23
-28,53,26
-20,47,32
-13,42,45
-13,44,42
-2,42,28
12,30,76
-23,44,20
2,33,31
7,32,51
22,8,64
36,3,64
21,-1,50
13,-5,49
20,-12,65
38,-12,69
39,-14,59
38,-6,52
22,0,26
18,4,8
14,22,-42
-22,28,-77
-35,36,-91
-68,45,-95
-107,52,-92
-90,72,-64
-75,70,-43
-105,51,-26
-111,46,-29
-96,47,-29
-80,51,-26
-62,59,-39
-64,58,-46
-51,56,-52
-45,53,-44
-45,45,-39
-40,36,-24
-37,29,-11
-29,14,10
-30,7,14
-50,-7,32
-48,-11,32
-37,-16,37
-40,-18,34
-47,-22,35
-39,-23,36
-36,-19,39
-60,-4,19
-59,-6,11
-72,-7,3
-68,-5,5
-57,0,10
-61,2,10
-67,1,10
-71,1,2
-66,2,15
-63,5,20
-72,1,2
-95,-6,-14
-101,-12,-13
-61,-5,17
-65,-4,10
-64,-2,17
-53,-2,28
-60,-1,29
-64,3,35
-71,1,32
-68,-2,28
-66,2,31
-65,4,27
-61,9,16
-61,9,4
-66,11,-2
-62,15,0
-62,14,1
-69,10,1
-64,6,1
-59,5,7
-58,3,6
-53,-6,20
-60,1,19
-49,7,17
-28,12,30
-62,10,40
-51,15,40
-49,12,32
-40,15,13
-43,22,21
-61,28,37
-63,31,29
-69,32,38
-86,32,38
-60,20,31
-48,14,33
-45,3,35
-48,0,30
-43,11,30
-49,9,29
-44,15,26
-42,17,15
-45,14,20
-46,13,19
-47,13,15
-49,15,17
-51,14,15
-53,21,8
-50,23,5
-56,21,-6
-65,23,-12
-69,23,-18
-67,20,-19
-70,17,-29
-71,17,-42
-71,21,-38
-73,23,-32
-76,26,-30
-80,27,-26
-82,22,-23
-82,8,-25
-79,1,-24
-66,-1,-15
-61,-1,-11
-59,-4,-9
-58,-6,-9
-59,-5,-9
-57,-4,-4
-62,-4,-4
-70,-5,-7
-70,-4,-3
-70,-2,0
-69,-3,-1
-63,-3,-2
-63,-1,-2
-66,3,-4
-68,3,-5
-74,0,-12
-70,0,-13
-65,2,-12
-60,2,-12
-59,2,-13
-57,3,-13
-57,5,-13
-59,9,-15
-63,11,-17
-75,12,-21
-76,13,-19
-73,13,-16
-72,11,-11
-69,10,-1
-60,5,6
-54,6,12
-48,1,15
-47,-4,14
-54,-15,23
-40,-27,54
-71,-17,17
-65,-16,33
-59,-12,30
-52,-6,24
-39,0,18
-54,1,31
-55,0,30
-80,4,17
-77,3,19
-67,-2,15
-66,-2,14
-71,-3,8
-73,-5,10
-62,-8,7
-59,-8,8
-52,-11,5
-50,-12,7
-59,-18,11
-68,-29,8
-64,-30,7
-65,-28,4
-67,-26,5
-65,-23,4
-63,-22,3
-57,-22,0
-56,-22,2
-60,-24,6
-62,-26,9
-65,-23,11
-67,-21,11
-66,-19,12
-60,-14,10
-55,-12,9
-55,-18,12
-54,-18,12
-65,-20,2
-62,-21,5
-66,-16,-3
-60,-13,1
-59,-10,3
-57,-11,5
-57,-8,5
-60,-8,5
-70,-10,-1
-75,-5,2
-79,-1,4
-85,2,-1
-80,4,0
-69,4,-3
-64,5,-2
-63,3,-5
-63,2,-6
-64,0,-6
-66,-2,-6
-67,-6,-3
-65,-8,0
-60,-10,8
-63,-9,10
-65,-8,9
-66,-8,4
-67,-9,3
-61,-13,4
-60,-15,7
-57,-18,13
-55,-20,14
-55,-21,18
-56,-20,16
-56,-20,16
-58,-17,16
-58,-15,15
-61,-12,10
-62,-11,12
-63,-8,11
-63,-8,10
-65,-6,9
-65,-5,9
-63,-4,9
-65,-4,8
-64,-5,9
-66,-4,6
-67,-5,6
-66,-4,7
-65,-4,8
-67,-3,8
-68,-4,6
-70,-3,5
-69,-3,5
-68,-2,4
-68,-2,3
-66,-1,4
-65,-1,4
-63,-2,5
-63,-1,5
-64,-2,4
-65,-2,5
-65,-3,5
-65,-4,5
-64,-4,6
-63,-4,5
-63,-4,5
-63,-3,5
-64,-3,5
-65,-3,5
-65,-2,5
-67,-3,5
-67,-3,5
-66,-3,5
-65,-4,5
-64,-4,6
-63,-4,6
-63,-4,6
-63,-5,6
-63,-5,7
-64,-4,7
-64,-3,7
-65,-1,6
-65,-1,5
-65,0,5
-66,-1,5
-65,-3,6
-65,-5,5
-65,-5,5
-66,-6,5
-65,-6,5
-64,-5,5
-65,-4,4
-65,-3,4
-65,-3,3
-65,-3,4
-66,-3,4
-66,-4,5
-65,-3,5
-64,-2,5
-65,-2,5
-66,-3,5
-64,-3,5
-63,-3,4
-63,-3,4
-63,-4,5
-64,-4,6
-64,-4,7
-66,-3,6
-67,-3,5
-66,-3,4
-65,-3,4
-64,-3,4
-64,-3,5
-64,-4,5
-65,-4,6
-64,-4,6
-64,-4,5
-64,-4,5
-64,-4,5
-65,-4,5
-64,-4,5
-63,-3,4
-63,-4,4
-64,-3,4
-65,-3,4
-65,-4,4
-65,-4,4
-64,-4,3
-63,-3,3
-63,-2,2
-63,-2,2
-65,-2,0
-65,-2,1
-66,-2,1
-66,-2,1
-65,-2,0
-64,-3,-1
-64,-3,-2
-63,-3,-2
-64,-3,-2
-66,-3,-2
-67,-2,-2
-66,-2,-1
-66,-3,-2
-65,-3,-2
-65,-4,-2
-65,-5,-2
-65,-5,-2
-65,-5,-2
-65,-4,-2
-65,-4,-2
-64,-3,-2
-64,-3,-2
-63,-4,-3
-62,-4,-3
-61,-5,-3
-61,-6,-3
-63,-6,-4
-64,-6,-4
-64,-3,-5
-66,-1,-7
-66,0,-8
-67,0,-9
-68,0,-11
-68,0,-11
-69,0,-11
-67,-2,-10
-67,-4,-9
-67,-6,-9
-67,-6,-9
-67,-7,-9
-66,-7,-8
-66,-6,-7
-67,-5,-7
-67,-5,-8
-66,-5,-8
-65,-6,-8
-60,-6,-8
-59,-6,-7
-60,-7,-4
-61,-7,-2
-63,-8,4
-63,-8,7
-64,-7,9
-64,-6,8
-65,-5,6
-63,-2,7
-61,0,7
-60,4,5
-62,5,3
-66,5,-1
-67,5,-2
-70,4,-6
-74,2,-8
-79,-4,-13
-79,-7,-14
-75,-11,-17
-71,-11,-17
-62,-10,-18
-57,-7,-19
-57,-6,-21
-59,-5,-22
-57,-4,-22
-57,-2,-22
-58,-1,-22
-58,1,-22
-60,2,-23
-63,3,-23
-63,2,-22
-61,1,-19
-62,0,-18
-61,0,-16
-60,0,-13
-61,1,-13
-64,1,-12
-65,1,-12
-67,0,-13
-67,0,-13
-67,1,-13
-67,2,-13
-66,2,-13
-66,2,-13
-65,2,-13
-63,3,-14
-66,3,-16
-67,2,-18
-66,2,-16
-63,3,-13
-63,4,-12
-63,5,-9
-64,5,-9
-71,3,-12
-77,1,-14
-77,-2,-14
-75,-2,-13
-68,-6,-11
-64,-8,-9
-54,-11,-4
-52,-14,-2
-52,-15,-1
-51,-16,0
-53,-15,0
-58,-10,2
-61,-7,2
-65,-4,3
-64,-3,4
-64,0,6
-65,2,6
-70,4,6
-72,6,4
-73,7,2
-68,9,-1
-69,8,-4
-70,9,-11
-69,10,-13
-67,6,-20
-73,-1,-27
-77,-7,-26
-69,-7,-20
-58,-1,-15
-60,1,-16
-60,5,-12
-56,6,-3
-61,1,-4
-65,1,2
-65,2,3
-63,-1,4
-66,-3,4
-70,-9,3
-71,-10,3
-66,-12,4
-61,-11,6
-54,-10,9
-54,-12,10
-59,-16,12
-68,-15,8
-79,-17,2
-77,-12,2
-70,-10,3
-65,-6,0
-67,-5,-2
-72,-10,-4
-69,-9,-3
-63,-3,-3
-61,1,-3
-60,10,-2
-60,10,-3
-60,11,-5
-61,12,-8
-62,13,-9
-62,13,-8
-62,12,-9
-62,10,-11
-63,8,-10
-64,3,-7
-65,0,-4
-66,-7,0
-65,-8,3
-63,-11,9
-63,-11,10
-62,-11,12
-59,-12,13
-59,-12,13
-58,-12,13
-59,-12,13
-60,-11,11
-61,-11,10
-67,-17,3
-72,-23,-6
-71,-29,-14
-66,-26,-13
-61,-23,-12
-63,-23,-19
-63,-22,-20
-57,-20,-18
-58,-18,-18
-62,-17,-21
-64,-17,-22
-63,-15,-23
-62,-13,-22
-62,-12,-24
-62,-11,-24
-58,-10,-24
-58,-9,-24
-59,-8,-24
-61,-8,-23
-61,-8,-22
-61,-10,-19
-60,-11,-19
-61,-12,-19
-61,-13,-18
-61,-13,-16
-61,-13,-17
-62,-14,-17
-62,-14,-18
-61,-14,-19
-61,-13,-19
-61,-12,-20
-61,-11,-20
-62,-11,-20
-63,-13,-20
-64,-14,-21
-64,-11,-19
-63,-9,-17
-66,-8,-16
-69,-10,-16
-66,-16,-15
-64,-19,-14
-58,-20,-11
-56,-21,-9
-55,-21,-9
-58,-22,-11
-57,-21,-11
-56,-19,-10
-56,-18,-10
-56,-16,-9
-58,-16,-9
-62,-17,-10
-65,-17,-11
-69,-17,-12
-70,-17,-12
-66,-18,-10
-63,-19,-9
-60,-18,-8
-63,-18,-9
-64,-19,-10
-65,-18,-11
-65,-16,-10
-63,-14,-10
-61,-13,-10
-59,-13,-11
-59,-13,-12
-59,-13,-14
-60,-13,-15
-61,-14,-16
-62,-15,-17
-62,-15,-16
-61,-15,-15
-60,-16,-14
-59,-16,-13
-60,-16,-13
-62,-18,-14
-62,-18,-14
-62,-19,-14
-62,-19,-14
-63,-19,-14
-62,-19,-14
-60,-20,-14
-60,-20,-15
-61,-20,-15
-60,-21,-15
-60,-21,-15
-60,-22,-15
-59,-23,-14
-57,-23,-13
-57,-23,-13
-56,-23,-13
-56,-23,-13
-57,-24,-14
-57,-24,-14
-58,-24,-15
-59,-24,-16
-60,-24,-16
-61,-24,-16
-61,-24,-16
-61,-24,-16
-61,-24,-16
-60,-24,-16
-60,-24,-16
-59,-23,-16
-59,-23,-16
-59,-23,-16
-59,-23,-17
-59,-22,-17
-58,-22,-17
-58,-21,-17
-58,-21,-17
-58,-21,-17
-59,-22,-17
-60,-22,-17
-61,-22,-17
-61,-22,-18
-61,-22,-17
-61,-22,-16
-59,-21,-15
-58,-21,-15
-58,-21,-15
-58,-20,-15
-59,-20,-16
-59,-19,-17
-60,-19,-17
-60,-17,-17
-60,-17,-17
-61,-17,-18
-61,-17,-17
-61,-17,-17
-61,-17,-16
-61,-17,-16
-61,-18,-15
-62,-18,-16
-62,-18,-15
-62,-18,-15
-61,-19,-15
-61,-19,-14
-60,-18,-14
-61,-17,-14
-61,-17,-15
-61,-16,-15
-61,-16,-14
-61,-15,-13
-60,-15,-13
-61,-16,-12
-62,-16,-12
-63,-17,-12
-64,-18,-12
-64,-19,-12
-64,-19,-12
-62,-19,-11
-61,-19,-10
-61,-19,-9
-61,-18,-9
-62,-19,-8
-62,-19,-8
-62,-20,-8
-63,-21,-8
-63,-22,-8
-61,-23,-6
-61,-24,-6
-59,-25,-4
-59,-25,-4
-58,-26,-3
-58,-26,-3
-57,-26,-2
-57,-26,-3
-57,-25,-3
-58,-25,-3
-58,-24,-4
-59,-23,-4
-59,-23,-4
-59,-23,-4
-60,-23,-4
-60,-24,-4
-61,-24,-4
-61,-24,-3
-61,-24,-3
-61,-24,-3
-61,-24,-3
-61,-24,-4
-62,-23,-4
-62,-24,-5
-60,-23,-5
-60,-23,-5
-61,-22,-6
-60,-21,-5
-59,-20,-6
-60,-20,-6
-60,-20,-6
-60,-20,-7
-60,-21,-7
-60,-22,-6
-59,-24,-5
-59,-25,-3
-60,-26,-3
-60,-26,0
-60,-26,1
-58,-24,2
-58,-22,1
-61,-19,-2
-62,-18,-3
-63,-16,-5
-63,-15,-6
-63,-13,-7
-63,-12,-8
-64,-12,-8
-66,-13,-9
-67,-13,-9
-68,-16,-8
-68,-18,-8
-67,-20,-6
-66,-20,-5
-65,-22,-3
-65,-23,-4
-63,-23,-5
-63,-23,-6
-62,-20,-8
-60,-19,-8
-59,-17,-11
-58,-16,-13
-58,-16,-15
-62,-16,-19
-63,-16,-21
-62,-14,-23
-61,-13,-23
-58,-12,-23
-58,-12,-24
-57,-13,-24
-57,-13,-24
-58,-14,-25
-58,-13,-25
-58,-13,-24
-58,-13,-23
-58,-14,-22
-58,-15,-21
-59,-16,-20
-60,-18,-19
-61,-19,-19
-63,-18,-18
-64,-17,-18
-65,-16,-18
-66,-16,-17
-65,-16,-15
-64,-16,-14
-62,-16,-14
-63,-16,-16
-64,-16,-17
-65,-16,-21
-65,-16,-22
-64,-12,-22
-64,-12,-21
-59,-14,-18
-59,-16,-18
-54,-17,-15
-52,-18,-13
-50,-17,-12
-51,-17,-13
-57,-19,-14
-61,-21,-13
-62,-21,-13
-62,-19,-10
-61,-18,-9
-60,-15,-8
-60,-14,-8
-64,-12,-9
-66,-13,-11
-72,-15,-16
-73,-16,-19
-70,-15,-18
-66,-16,-17
-61,-18,-17
-57,-20,-15
-56,-21,-15
-56,-21,-17
-58,-21,-19
-56,-19,-19
-55,-17,-19
-55,-15,-20
-54,-15,-20
-56,-14,-21
-57,-14,-21
-59,-15,-22
-61,-15,-22
-64,-17,-22
-63,-19,-19
-63,-20,-18
-62,-22,-15
-61,-22,-13
-59,-23,-11
-59,-23,-10
-59,-23,-9
-59,-22,-9
-62,-21,-12
-63,-21,-13
-63,-20,-15
-63,-20,-16
-62,-20,-16
-61,-20,-16
-61,-20,-16
-60,-20,-16
-60,-20,-16
-61,-20,-16
-62,-20,-16
-62,-19,-16
-62,-19,-15
-61,-19,-14
-61,-19,-14
-61,-20,-13
-61,-20,-13
-61,-20,-12
-61,-20,-11
-61,-21,-10
-60,-21,-10
-60,-21,-9
-60,-21,-8
-60,-22,-8
-60,-22,-7
-61,-22,-7
-60,-22,-7
-60,-22,-6
-60,-23,-5
-59,-23,-4
-59,-24,-4
-59,-25,-3
-58,-25,-3
-57,-26,-2
-57,-26,-1
-57,-27,-1
-57,-27,-1
-56,-28,0
-57,-28,0
-57,-28,0
-57,-29,-1
-57,-30,0
-56,-30,1
-55,-30,2
-50,-31,6
-46,-32,8
-38,-35,13
-34,-38,15
-27,-45,20
-29,-50,22
-32,-64,21
-31,-68,21
-30,-73,20
-31,-75,19
-32,-75,16
-34,-71,12
-34,-69,10
-33,-63,8
-32,-61,8
-32,-56,9
-33,-54,11
-32,-51,14
-33,-50,15
-34,-50,19
-33,-51,22
-32,-53,29
-22,-56,35
-17,-58,38
-12,-62,41
-8,-62,42
-8,-61,40
-9,-61,38
-9,-63,35
-9,-63,33
-9,-61,28
-10,-60,26
-11,-56,22
-11,-55,22
-12,-54,20
-12,-55,20
-13,-57,19
-16,-62,18
-17,-64,18
-20,-67,17
-22,-68,17
-26,-65,15
-28,-62,15
-31,-60,15
-31,-59,15
-29,-58,15
-28,-57,15
-27,-56,14
-27,-56,12
-27,-56,12
-29,-58,13
-29,-59,14
-29,-61,19
-30,-62,22
-26,-64,28
-22,-64,30
-12,-63,35
-10,-63,36
-9,-66,37
-12,-69,36
-14,-68,33
-17,-58,30
-18,-53,28
-18,-48,24
-16,-50,22
-12,-55,20
-12,-60,17
-14,-59,14
-16,-55,13
-24,-43,16
-28,-42,17
-23,-43,19
-20,-45,21
-13,-45,30
-11,-45,39
-11,-45,42
-17,-50,43
-19,-54,42
-20,-61,40
-21,-62,40
-26,-66,37
-30,-70,36
-35,-74,31
-34,-71,27
-32,-63,23
-29,-59,18
-28,-58,15
-25,-56,12
-25,-59,11
-30,-66,6
-30,-66,2
-30,-61,-1
-29,-61,-1
-27,-59,0
-27,-58,0
-27,-58,0
-27,-58,1
-29,-61,2
-28,-64,4
-26,-64,7
-26,-64,16
-25,-67,21
-30,-72,26
-38,-71,30
-46,-59,34
-41,-51,33
-31,-44,30
-27,-45,29
-26,-46,27
-29,-48,25
-31,-46,18
-38,-39,18
-44,-35,19
-51,-31,17
-51,-30,16
-55,-25,17
-57,-22,17
-65,-18,15
-67,-16,13
-66,-16,11
-64,-17,12
-63,-17,9
-62,-15,8
-58,-10,8
-60,-5,5
-65,-3,1
-85,-4,-7
-91,-8,-8
-89,-20,-9
-80,-21,-7
-66,-12,-5
-66,-11,-9
-66,-12,-15
-66,-12,-16
-63,-12,-13
-61,-13,-13
-53,-16,-6
-49,-20,7
-47,-21,13
-35,-39,34
-35,-14,32
-63,-10,8
-72,-6,16
-62,-10,28
-63,-11,34
-83,-15,25
-91,-19,14
-90,-21,1
-75,-21,8
-66,-20,11
-48,-16,17
-37,-17,21
-25,-21,24
-24,-33,30
-50,-31,22
-62,-34,11
-47,-27,22
-46,-23,23
-54,-19,14
-64,-17,8
-74,-10,-1
-75,-1,-9
-75,3,-14
-79,11,-24
-81,12,-29
-81,9,-38
-80,7,-41
-80,-1,-44
-78,-5,-44
-63,-5,-37
-55,-4,-32
-47,-7,-29
-47,-9,-27
-53,-14,-30
-59,-17,-33
-57,-16,-30
-54,-15,-28
-54,-14,-27
-58,-15,-20
-59,-15,-16
-58,-15,-7
-57,-15,-2
-53,-16,9
-51,-18,13
-64,-23,15
-66,-25,16
-39,-20,28
7,-26,45
13,-35,54
-30,-65,50
-41,-72,39
-30,-71,28
-24,-70,30
-21,-75,20
-21,-83,12
-37,-80,10
-41,-70,8
-39,-53,3
-41,-48,4
-45,-40,2
-41,-40,8
-39,-43,12
-44,-49,22
-47,-49,29
-50,-50,41
-47,-49,48
-43,-45,60
-45,-46,63
-46,-61,60
-47,-80,50
-34,-78,45
-25,-62,27
-28,-62,21
-35,-72,17
-37,-76,16
-37,-77,7
-35,-74,4
-30,-67,1
-29,-63,3
-34,-57,5
-37,-54,4
-43,-50,6
-42,-50,9
-40,-47,14
-42,-40,20
-41,-35,24
-40,-21,33
-43,-15,35
-56,-11,39
-56,-9,41
-57,-11,46
-58,-14,37
-54,-20,31
-44,-22,35
-32,-24,35
-31,-25,34
-58,-19,32
-37,-6,50
-55,-3,51
-28,7,54
-51,-5,39
-60,6,39
-64,4,35
-22,-4,49
-23,-14,44
-50,-8,42
-57,-13,39
-46,-16,29
-47,-8,41
-50,-4,35
-54,-7,30
-54,-8,32
-54,-11,31
-62,-9,29
-57,-13,32
-60,-11,31
-59,-14,28
-57,-15,27
-57,-15,27
-55,-15,27
-54,-15,27
-52,-15,27
-56,-16,27
-56,-16,27
-54,-16,28
-56,-15,29
-56,-15,31
-55,-14,33
-53,-13,35
-53,-10,37
-52,-11,36
-51,-12,36
-54,-12,37
-54,-12,38
-51,-12,36
-51,-11,36
-51,-10,39
-51,-10,40
-45,-9,40
-46,-8,40
-46,-7,43
-46,-8,45
-45,-8,46
-46,-9,47
-40,-9,51
-39,-9,50
-32,-8,47
-35,-11,45
-42,-17,45
-44,-20,47
-46,-19,46
-47,-19,39
-57,-22,34
-62,-18,31
-58,-17,34
-52,-20,42
-54,-21,44
-56,-21,46
-53,-19,48
-47,-15,55
-52,-15,52
-59,-15,52
-52,-1,61
-52,3,57
-49,11,54
-48,18,51
-35,22,40
-28,22,33
-25,23,30
-22,25,31
-16,28,30
-15,30,32
-13,27,36
-18,32,44
-19,31,46
-35,20,56
-33,21,63
-19,22,61
-15,22,58
-29,18,54
-30,26,64
-24,26,60
-18,26,56
-17,26,57
-17,25,58
-16,25,56
-16,24,57
-17,24,56
-16,25,56
-15,24,57
-17,24,60
-17,23,61
-18,21,60
-17,21,59
-18,20,58
-18,19,57
-20,17,56
-21,16,56
-22,15,55
-23,13,57
-23,13,56
-21,13,57
-21,13,59
-21,12,59
-20,13,59
-22,13,60
-22,11,60
-21,12,60
-20,11,60
-21,10,59
-22,9,59
-22,7,59
-23,6,58
-22,6,58
-21,6,58
-22,6,58
-21,7,58
-21,7,57
-22,7,59
-21,8,61
-22,8,60
-22,8,60
-22,8,59
-22,8,59
-23,8,59
-23,8,59
-23,8,59
-23,9,59
-23,9,58
-23,9,58
-23,10,59
-23,11,59
-23,11,59
-24,11,59
-24,10,59
-25,9,59
-24,9,58
-24,10,58
-23,10,58
-23,10,58
-24,10,58
-24,9,58
-24,9,58
-25,9,58
-24,10,58
-24,10,58
-24,10,58
-24,9,58
-24,9,58
-24,9,58
-24,9,58
-24,9,58
-24,9,58
-24,9,58
-25,10,58
-25,10,58
-24,10,58
-25,10,58
-25,10,58
-24,10,58
-24,10,58
-24,10,58
-24,10,58
-24,10,58
-24,10,58
-24,10,58
-24,10,58
-24,10,58
-24,10,58
-24,10,58
-25,10,58
-25,10,58
-25,10,58
-25,10,58
-25,10,57
-24,10,58
-25,10,58
-25,10,58
-24,10,58
-24,10,58
-25,10,58
-24,10,58
-24,10,57
-25,10,58
-24,10,58
-25,10,58
-24,10,58
-25,11,58
-25,10,58
-25,11,58
-25,11,58
-25,11,58
-25,10,58
-25,10,58
-25,10,58
-25,11,58
-25,11,58
-25,10,58
-24,10,58
-24,11,58
-24,11,58
-25,11,58
-24,11,58
-24,11,58
-24,11,58
-24,11,58
-24,11,58
-24,11,58
-24,11,58
-24,11,58
-24,11,58
-24,11,58
-24,11,58
-25,11,58
-25,11,57
-25,11,57
-25,11,58
-25,11,58
-25,11,58
-25,11,58
-25,11,58
-25,11,58
-25,11,58
-25,11,57
-25,11,57
-25,11,57
-25,11,57
-25,11,58
-25,11,57
-25,12,58
-25,11,58
-25,11,57
-25,11,58
-25,12,58
-25,12,57
-25,12,58
-24,12,58
-25,12,57
-25,12,58
-24,12,57
-24,12,58
-25,11,58
-24,12,57
-25,12,57
-24,12,57
-24,12,58
-24,12,57
-24,12,58
-24,12,58
-24,12,57
-24,12,58
-25,12,58
-24,12,58
-24,12,58
-24,12,57
-25,12,57
-24,12,57
-24,12,57
-24,12,58
-24,12,58
-24,12,57
-25,12,57
-25,12,58
-24,12,57
-24,12,57
-24,12,57
-24,13,57
-24,13,57
-25,13,58
-25,12,58
-25,13,58
-25,12,57
-24,13,57
-24,13,57
-24,14,57
-24,14,57
-24,14,57
-24,14,57
-25,14,57
-24,15,57
-24,15,57
-24,15,57
-24,16,57
-24,16,57
-24,16,56
-24,17,56
-24,17,56
-24,18,56
-24,18,56
-24,18,56
-24,19,56
-24,20,55
-25,20,55
-25,20,55
-24,21,55
-24,21,55
-24,22,55
-24,23,54
-25,23,55
-25,23,54
-25,24,54
-25,24,54
-25,24,54
-25,25,54
-25,25,54
-25,25,53
-25,25,53
-25,25,53
-25,25,53
-25,25,53
-25,25,53
-26,26,53
-25,26,53
-25,26,53
-25,26,53
-26,26,53
-26,26,52
-26,26,52
-26,26,52
-26,26,52
-26,26,52
-26,26,52
-26,26,52
-25,27,52
-25,27,52
-25,27,52
-25,27,52
-25,27,52
-25,28,52
-25,28,52
-25,28,52
-25,28,52
-25,28,52
-25,28,52
-25,28,52
-25,28,52
-25,28,52
-25,28,52
-25,28,52
-25,28,52
-25,28,52
-25,28,52
-25,28,52
-25,28,52
-25,28,52
-25,28,51
-24,28,52
-24,28,52
-24,29,52
-24,28,52
-24,28,52
-23,29,51
-23,29,51
-23,29,52
-23,29,52
-23,29,53
-23,29,53
-22,29,53
-22,29,54
-22,29,54
-22,29,54
-23,28,55
-24,26,55
-28,26,55
-27,24,54
-25,25,51
-23,26,42
-24,29,41
-28,29,43
-29,31,45
-27,35,48
-20,34,52
-17,31,54
-24,31,54
-34,30,52
-38,26,48
-34,26,52
-28,25,50
-31,21,45
-29,24,53
-31,26,53
-33,24,47
-33,24,47
-32,27,49
-34,27,50
-39,23,49
-39,21,49
-33,18,51
-28,15,50
-31,13,49
-37,13,50
-37,13,51
-34,12,50
-33,11,48
-36,13,49
-37,14,49
-39,15,49
-39,15,51
-37,16,53
-37,16,54
-40,16,55
-42,16,55
-41,15,54
-40,14,52
-41,14,53
-41,12,53
-41,11,54
-38,9,53
-37,8,52
-35,9,52
-35,9,52
-35,9,52
-34,9,52
-35,9,52
-36,10,52
-35,11,51
-33,11,51
-32,11,53
-33,9,54
-36,8,55
-38,4,55
-36,3,55
-32,1,54
-31,0,53
-31,-1,51
-31,-1,50
-33,-3,51
-34,-4,54
-35,-5,55
-34,-6,56
-33,-7,56
-32,-6,55
-33,-5,54
-33,-3,52
-34,-3,51
-35,-2,50
-35,-1,49
-36,1,48
-36,1,50
-35,-1,52
-37,-2,54
-38,-3,55
-35,-3,55
-35,-4,56
-34,-3,57
-34,-2,56
-35,-1,57
-36,-1,57
-37,-1,57
-37,-1,57
-38,-1,56
-40,-3,56
-40,-3,53
-37,-3,48
-36,-2,47
-36,-1,45
-37,-1,44
-40,-1,45
-42,-2,46
-42,-4,47
-41,-4,47
-42,-3,45
-45,-3,45
-46,-3,46
-45,-3,47
-45,-3,47
-46,-5,48
-43,-5,48
-42,-6,49
-42,-6,49
-41,-7,50
-41,-7,50
-42,-7,49
-43,-6,48
-45,-5,48
-47,-4,48
-47,-5,48
-44,-4,49
-44,-4,49
-43,-6,52
-40,-7,52
-36,-9,51
-35,-10,51
-35,-8,50
-35,-6,49
-37,-6,49
-37,-6,49
-39,-5,50
-40,-6,50
-39,-5,52
-41,-6,52
-44,-7,54
-46,-7,56
-47,-7,57
-47,-9,58
-48,-10,57
-41,-12,56
-37,-12,55
-30,-15,50
-28,-16,47
-30,-17,42
-32,-18,39
-35,-18,38
-39,-18,40
-37,-17,41
-31,-12,44
-29,-11,44
-31,-12,48
-33,-12,48
-34,-10,51
-33,-7,52
-37,-1,53
-39,2,55
-42,4,61
-43,3,64
-42,0,64
-44,-3,66
-47,-7,67
-52,-22,67
-53,-29,66
-44,-31,58
-35,-28,52
-31,-22,42
-36,-20,40
-47,-23,37
-46,-24,38
-39,-27,43
-35,-25,44
-39,-23,40
-44,-18,33
-43,-16,32
-39,-15,32
-36,-15,31
-34,-16,34
-34,-18,36
-35,-22,43
-32,-23,46
-23,-22,48
-24,-25,50
-29,-33,52
-32,-45,55
-32,-53,55
-27,-62,56
-23,-64,56
-15,-59,51
-13,-57,45
-9,-56,35
-9,-54,29
-11,-52,18
-13,-51,16
-19,-51,17
-23,-51,19
-34,-51,21
-31,-53,24
-25,-56,27
-10,-61,30
-4,-62,32
-1,-64,32
-5,-64,31
-17,-62,28
-22,-62,26
-27,-62,21
-25,-61,20
-20,-58,21
-18,-57,21
-16,-57,20
-14,-59,20
-13,-59,21
-12,-61,21
-12,-62,21
-11,-64,21
-10,-64,21
-8,-62,21
-8,-61,20
-7,-57,20
-8,-56,20
-9,-55,21
-9,-56,21
-9,-58,22
-10,-59,23
-9,-59,23
-9,-58,23
-10,-57,22
-11,-57,21
-12,-58,21
-13,-60,20
-14,-60,19
-14,-59,19
-15,-59,19
-15,-58,20
-14,-59,22
-12,-60,23
-10,-60,25
-11,-61,26
-11,-62,27
-12,-62,27
-11,-65,28
-9,-66,28
-13,-65,25
-15,-60,22
-21,-54,18
-23,-55,17
-28,-60,17
-30,-62,16
-29,-61,16
-30,-58,18
-34,-54,18
-46,-44,17
-49,-40,16
-52,-37,17
-50,-37,19
-43,-38,21
-40,-41,20
-33,-48,19
-31,-52,22
-33,-56,27
-38,-56,26
-42,-56,27
-47,-52,29
-48,-52,32
-44,-53,39
-40,-56,42
-36,-56,42
-26,-61,43
-32,-62,42
-38,-63,41
-47,-62,39
-47,-62,46
-42,-63,48
-39,-66,41
-32,-62,34
-13,-52,30
-3,-37,20
-12,1,-19
-24,9,-26
-78,1,-38
-73,-1,-30
-31,18,-14
-20,19,-10
-11,3,10
-34,-9,25
-48,-11,51
-55,-2,30
-62,3,22
-82,-1,22
-84,-5,19
-71,-9,18
-66,-10,17
-57,-14,13
-59,-12,10
-64,-15,0
-61,-15,0
-55,-13,-2
-66,-16,-14
-73,-20,-20
-68,-22,-17
-66,-22,-14
-64,-26,-17
-65,-30,-19
-64,-31,-12
-60,-31,-7
-56,-30,-5
-53,-35,1
-51,-35,7
-60,-36,-1
-61,-31,-2
-56,-26,-4
-57,-23,-7
-56,-34,-9
-57,-40,-6
-52,-39,3
-50,-38,1
-48,-32,0
-54,-30,-4
-52,-32,-5
-59,-45,-14
-59,-36,-12
-54,-35,-11
-54,-32,-8
-58,-35,-6
-59,-34,-6
-52,-33,-9
-53,-33,-11
-58,-33,-8
-57,-32,-10
-56,-32,-8
-55,-32,-9
-56,-32,-8
-56,-33,-9
-58,-35,-9
-56,-33,-10
-51,-32,-7
-54,-32,-5
-59,-33,-7
-56,-32,-6
-57,-33,-5
-54,-30,-4
-56,-32,-4
-58,-33,-7
-56,-32,-6
-56,-32,-3
-56,-29,-5
-56,-32,-2
-58,-32,-4
-59,-32,-5
-58,-31,-6
-58,-32,-6
-55,-33,-2
-54,-31,-7
-49,-31,-2
-53,-34,-3
-58,-31,-5
-66,-32,-9
-56,-30,-7
-54,-32,-5
-53,-32,-7
-56,-31,-6
-61,-30,-5
-57,-29,-5
-55,-30,-4
-57,-30,-2
-59,-29,-3
-59,-28,-4
-58,-29,-4
-57,-29,-1
-58,-28,0
-59,-28,-2
-60,-28,-3
-58,-28,-1
-58,-26,6
-60,-25,3
-57,-24,1
-55,-20,5
-67,-21,3
-66,-22,3
-60,-20,4
-61,-18,6
-64,-20,4
-66,-20,2
-61,-16,5
-59,-16,6
-67,-15,6
-65,-15,6
-63,-16,2
-66,-13,6
-65,-13,7
-65,-13,5
-64,-13,6
-66,-13,5
-66,-14,5
-61,-16,4
-60,-16,5
-62,-15,7
-64,-16,6
-63,-21,6
-63,-23,6
-62,-50,-5
-50,-51,-15
-46,-41,-20
-49,-19,-22
-55,-14,-22
-54,-11,-18
-55,-13,-15
-65,-22,-9
-70,-28,-8
-82,-35,6
-73,-33,11
-73,-28,21
-72,-27,19
-69,-27,16
-71,-27,20
-68,-28,19
-51,-27,13
-46,-25,10
-46,-16,4
-45,-11,2
-47,-3,-2
-50,-2,-7
-50,-2,-12
-52,1,-13
-59,-4,-15
-83,-22,-31
-99,-40,-40
-84,-40,-13
-71,-32,2
-63,-33,2
-65,-36,-2
-63,-31,-4
-57,-31,1
-40,-26,8
-40,-22,8
-52,-18,3
-57,-17,-2
-61,-13,-7
-59,-12,-4
-58,-13,-3
-63,-15,-4
-65,-15,-4
-66,-16,-1
-65,-17,1
-69,-20,1
-77,-23,0
-80,-28,3
-75,-30,7
-50,-28,18
-45,-26,19
-45,-33,17
-45,-38,12
-44,-38,11
-50,-36,14
-52,-34,15
-53,-27,15
-54,-25,13
-57,-22,10
-57,-18,9
-60,-11,8
-61,-7,7
-63,-4,2
-65,-3,0
-68,-2,-4
-94,-26,-20
-95,-36,-22
-82,-31,-14
-72,-25,-8
-59,-26,-6
-56,-28,-6
-49,-28,-8
-43,-23,-8
-43,-15,-3
-45,-12,-2
-53,-14,-2
-67,-24,-4
-69,-25,-2
-60,-30,4
-53,-30,10
-39,-31,24
-34,-32,29
-32,-36,31
-32,-37,30
-27,-40,27
-22,-42,26
-15,-55,23
-17,-68,20
-30,-94,15
-32,-89,12
-32,-87,13
-31,-84,13
-30,-86,9
-27,-81,3
-22,-73,1
-16,-52,0
-16,-44,-1
-23,-36,-3
-28,-35,-4
-34,-33,-3
-33,-33,0
-30,-38,8
-32,-45,18
-34,-53,22
-44,-73,29
-54,-85,32
-51,-111,27
-26,-111,25
3,-76,31
-2,-70,27
-16,-67,20
-21,-69,19
-25,-65,13
-25,-60,9
-22,-54,4
-21,-54,5
-22,-55,5
-23,-51,2
-22,-49,0
-23,-52,1
-22,-54,1
-18,-56,2
-18,-56,4
-18,-55,4
-19,-56,5
-21,-62,5
-25,-65,8
-44,-63,11
-55,-56,15
-47,-51,17
-33,-44,22
-35,-44,18
-39,-45,13
-39,-47,11
-35,-53,5
-36,-52,-2
-35,-46,-1
-35,-45,-4
-35,-43,-8
-38,-46,-16
-39,-47,-20
-40,-46,-23
-40,-46,-24
-40,-48,-23
-40,-52,-28
-39,-53,-35
-38,-51,-32
-33,-48,-35
-29,-54,-40
-41,-54,-43
-35,-60,-40
-37,-55,-46
-47,-48,-48
-44,-41,-51
-24,-32,-29
-23,-31,-24
-41,-33,-39
-31,-28,-39
-49,-20,-47
-33,-27,-52
-39,-26,-43
-39,-33,-45
-43,-35,-35
-41,-36,-35
-41,-34,-40
-47,-31,-33
-40,-33,-36
-42,-30,-41
-40,-30,-43
-39,-34,-38
-41,-33,-33
-39,-32,-43
-39,-33,-47
-40,-33,-36
-41,-31,-35
-40,-32,-42
-39,-33,-44
-37,-31,-41
-41,-31,-36
-40,-31,-42
-42,-32,-38
-45,-33,-38
-52,-31,-30
-52,-31,-28
-35,-33,-39
-35,-28,-40
-43,-27,-42
-50,-26,-40
-20,-21,-53
-27,-19,-56
-21,-16,-52
-39,-29,-58
-42,-29,-62
-19,-24,-45
-24,-23,-55
-20,-22,-62
-25,-25,-59
-26,-30,-50
-27,-28,-58
-34,-24,-44
-35,-23,-43
-37,-24,-43
-38,-22,-43
-38,-21,-46
-39,-19,-46
-38,-20,-47
-36,-21,-50
-37,-20,-49
-36,-18,-50
-34,-17,-48
-37,-15,-46
-39,-17,-48
-41,-21,-49
-34,-23,-50
-32,-20,-61
-36,-31,-42
-36,-29,-47
-30,-19,-82
-30,-22,-89
-45,-23,-79
-57,-25,-67
-47,-14,-19
-55,-1,-25
-58,24,-14
-48,32,-10
-6,25,-14
-42,13,-56
-61,3,-38
-48,-7,-3
-27,0,5
-61,-14,-59
-59,0,-59
-31,-9,-41
-44,-12,-45
-49,-19,-48
-34,-12,-37
-32,-8,-48
-39,-3,-61
-13,-2,-64
-46,-17,-68
-28,4,-35
-65,-4,-51
-29,-4,-57
-40,-27,-74
-37,-29,-58
-39,-26,-44
56,57,-59
-43,-29,-52
15,32,-34
-42,-17,-49
-8,1,-54
-17,-7,-52
-31,-9,-54
-25,-8,-58
-19,-7,-56
-31,-9,-61
-30,-7,-47
-35,-5,-53
-32,-5,-56
-32,-6,-55
-30,-6,-63
-28,-4,-60
-29,-8,-55
-36,-8,-59
-31,-11,-52
-28,-13,-64
-29,-11,-61
-34,-10,-72
-35,-14,-57
-29,-12,-58
-38,-5,-34
-29,-12,-60
-23,-7,-67
-30,-10,-44
-30,-12,-50
-20,-8,-67
-24,-8,-55
-30,-7,-55
-28,-5,-59
-22,-5,-65
-23,-5,-63
-26,-4,-55
-24,-7,-51
-19,-9,-55
-36,-2,-76
-26,-4,-63
-27,-7,-53
-21,-15,-73
-21,-8,-57
-22,-11,-57
-24,-8,-50
-24,-7,-63
-33,-8,-68
-23,-12,-57
-29,-11,-52
-27,-12,-54
-30,-10,-56
-30,-6,-55
-33,-10,-52
-38,-13,-54
-40,-17,-56
-34,-31,-50
-37,-37,-50
-45,-51,-47
23,54,-1
-26,-6,-128
-5,-5,-69
-28,-13,-42
-31,-3,-63
-35,-27,-48
-15,64,-85
47,41,-128
-43,-32,-45
-26,-20,-41
-27,-7,-38
-35,-11,-62
-27,-3,-54
-30,-13,-58
-36,-18,-64
-26,-7,-43
-35,-3,-58
-29,-7,-58
-27,-8,-52
-27,-8,-56
-27,-6,-58
-25,-2,-59
-26,-4,-60
-26,-5,-55
-25,-3,-56
-25,-3,-61
-27,-4,-60
-27,-4,-57
-29,-1,-58
-27,1,-58
-28,-2,-62
-27,-3,-60
-28,0,-57
-26,-1,-60
-30,-2,-67
-27,-2,-66
-24,-6,-50
-29,-3,-56
-30,-4,-57
-32,-4,-58
-32,-3,-50
-39,-7,-50
-41,-9,-53
-44,-14,-49
-39,-18,-41
8,4,-77
-30,-8,-45
-24,-6,-62
-30,-9,-53
-31,-6,-53
-33,-2,-51
-31,-3,-54
-31,-4,-57
-31,-5,-55
-35,-4,-54
-36,-4,-55
-33,-5,-58
-34,-6,-58
-32,-8,-57
-33,-6,-56
-30,-5,-58
-32,-5,-57
-31,-8,-55
-30,-8,-55
-28,-7,-54
-30,-9,-52
-28,-9,-55
-29,-8,-57
-30,-8,-57
-30,-8,-54
-30,-7,-55
-30,-7,-56
-30,-7,-57
-36,-7,-55
-32,-5,-54
-32,-4,-53
-33,-5,-54
-33,-5,-57
-31,-5,-54
-32,-5,-53
-30,-4,-54
-32,-3,-56
-30,-2,-55
-29,-2,-56
-30,0,-58
-30,0,-57
-29,0,-56
-29,0,-58
-30,0,-60
-28,1,-57
-28,1,-57
-30,0,-58
-28,0,-57
-30,-1,-59
-28,-2,-59
-26,0,-54
-29,-1,-57
-26,-1,-57
-28,-2,-56
-28,-2,-58
-29,-2,-58
-28,-1,-57
-28,-1,-55
-28,-1,-56
-29,-1,-58
-28,-1,-57
-28,-1,-57
-28,-1,-58
-28,0,-58
-29,0,-59
-28,-1,-59
-29,-1,-58
-28,-1,-57
-28,-2,-57
-28,-2,-58
-27,-3,-58
-27,-3,-58
-28,-4,-58
-27,-4,-58
-28,-4,-59
-28,-5,-59
-27,-5,-58
-28,-5,-58
-28,-6,-58
-28,-4,-58
-25,-3,-61
-23,-1,-63
-25,0,-61
-23,-2,-60
-25,-5,-61
-33,-8,-59
-33,-8,-52
-35,-16,-55
-34,-21,-51
-44,-28,-52
-50,-28,-43
-25,-41,-24
-50,-21,-6
-79,-33,-31
-63,-29,-14
-72,-17,-3
-46,-11,7
-47,-8,4
-66,-2,11
-62,-1,20
-63,6,20
-55,6,23
-67,-1,4
-61,-4,-4
-64,-14,-58
-128,-42,-72
-38,-18,13
-55,-47,25
-56,-48,10
-57,-35,-11
-63,-28,-17
-59,-26,4
-61,-27,1
-53,-24,-20
-45,-23,-19
-58,-29,-19
-47,-26,-25
-54,-25,-11
-51,-46,-31
-48,-35,0
-51,-38,-18
-55,-33,-28
-54,-33,-27
-55,-38,-25
-56,-36,-13
-48,-41,-15
-54,-43,-19
-47,-41,-25
-44,-41,-44
-40,-42,-36
-30,-53,-30
-28,-57,-16
-39,-53,2
-36,-50,5
-38,-50,6
-36,-58,3
-39,-60,0
-40,-64,-5
-37,-66,-7
-26,-68,-12
-28,-68,-10
-30,-62,1
-29,-60,4
-28,-54,13
-33,-56,16
-32,-55,18
-28,-59,23
-29,-60,28
-20,-60,33
-16,-61,32
-16,-61,26
-15,-59,24
-15,-58,19
-14,-59,17
-13,-61,15
-13,-61,14
-18,-60,11
-18,-58,13
-15,-59,15
-13,-60,16
-16,-62,14
-17,-62,12
-21,-63,11
-23,-59,11
-23,-58,11
-26,-56,12
-28,-56,13
-29,-54,13
-29,-53,14
-29,-54,15
-32,-55,14
-34,-55,14
-39,-53,13
-40,-52,13
-41,-48,14
-42,-46,14
-45,-44,15
-46,-43,16
-49,-47,19
-49,-48,20
-44,-50,23
-40,-49,24
-39,-49,26
-39,-46,24
-39,-45,23
-40,-46,25
-39,-46,26
-38,-50,29
-36,-51,30
-34,-52,32
-33,-52,33
-31,-52,33
-30,-53,34
-30,-52,34
-30,-51,34
-33,-49,32
-36,-50,32
-35,-51,31
-36,-54,32
-38,-55,32
-36,-55,33
-32,-56,33
-25,-57,30
-22,-59,29
-17,-61,28
-15,-59,27
-12,-54,24
-12,-51,22
-17,-48,23
-21,-44,26
-19,-43,30
-17,-41,37
-15,-41,41
-12,-41,46
-13,-42,47
-23,-43,45
-28,-46,45
-28,-47,44
-26,-47,42
-25,-42,44
-29,-36,41
-32,-34,40
-33,-30,40
-33,-28,42
-33,-25,45
-35,-24,45
-44,-28,50
-52,-36,52
-49,-67,55
-46,-77,58
-37,-72,52
-32,-62,44
-30,-49,32
-34,-42,23
-42,-40,21
-47,-44,19
-48,-45,17
-46,-42,18
-45,-38,18
-45,-33,17
-47,-30,15
-49,-26,14
-49,-26,15
-48,-31,21
-47,-33,25
-37,-38,33
-21,-42,43
-23,-45,48
-44,-50,54
-38,-49,56
-14,-39,56
-13,-40,52
-19,-41,48
-24,-39,44
-35,-35,37
-35,-31,36
-35,-20,35
-38,-16,33
-46,-13,30
-47,-15,32
-46,-16,35
-44,-25,43
-42,-29,46
-38,-34,49
-38,-36,51
-37,-37,51
-36,-36,49
-32,-30,45
-31,-26,43
-36,-18,41
-48,-17,43
-86,-37,40
-62,-34,44
-45,-27,45
-45,-20,35
-55,-18,29
-69,-23,23
-65,-24,24
-46,-26,30
-41,-23,32
-49,-16,25
-55,-13,21
-61,-11,17
-60,-11,17
-54,-14,21
-52,-18,26
-52,-21,29
-50,-23,37
-47,-24,41
-41,-26,52
-41,-27,56
-56,-35,62
-57,-39,61
-33,-34,58
-25,-32,55
-27,-30,45
-35,-28,35
-37,-29,32
-39,-26,31
-37,-22,30
-39,-14,31
-41,-11,31
-44,-10,33
-41,-11,38
-37,-13,47
-38,-14,51
-46,-15,57
-48,-14,60
-48,-17,63
-46,-17,61
-47,-16,58
-56,-18,53
-59,-23,51
-59,-31,48
-55,-32,45
-41,-23,35
-39,-19,32
-52,-17,26
-60,-17,24
-61,-19,23
-56,-20,24
-47,-17,26
-53,-14,23
-57,-15,23
-58,-20,27
-55,-23,30
-48,-29,38
-46,-33,41
-40,-39,45
-39,-38,46
-42,-35,47
-43,-33,48
-38,-29,48
-38,-30,49
-34,-34,51
-33,-34,48
-34,-33,47
-41,-29,42
-42,-28,40
-41,-25,37
-41,-24,37
-42,-23,36
-40,-23,37
-39,-22,38
-39,-23,40
-39,-24,43
-38,-25,46
-39,-29,48
-40,-34,48
-37,-35,47
-33,-32,44
-34,-31,41
-37,-29,38
-38,-28,37
-37,-27,38
-38,-27,40
-43,-28,41
-44,-28,43
-44,-30,45
-42,-30,46
-41,-30,46
-40,-30,45
-39,-31,44
-38,-31,43
-39,-30,42
-39,-28,41
-39,-27,41
-40,-25,41
-40,-24,41
-42,-24,41
-42,-24,41
-44,-23,42
-46,-23,43
-48,-23,44
-48,-24,46
-46,-23,46
-46,-21,45
-47,-20,44
-49,-17,41
-51,-15,39
-54,-10,35
-56,-7,31
-61,-1,21
-60,2,18
-59,6,12
-59,10,5
-63,11,1
-62,12,-4
-58,13,-4
-62,14,-9
-67,13,-14
-69,12,-20
-70,10,-20
-65,8,-15
-62,8,-13
-61,3,-16
-64,1,-19
-68,0,-16
-59,3,-6
-57,2,3
-55,0,4
-65,2,1
-70,6,-7
-68,8,-9
-65,8,-10
-65,7,-9
-63,7,-13
-63,8,-16
-61,8,-18
-59,8,-19
-58,9,-29
-61,11,-31
-59,11,-30
-55,12,-30
-55,12,-29
-56,10,-29
-57,9,-28
-55,8,-27
-55,8,-27
-56,7,-27
-54,6,-27
-53,6,-26
-53,7,-28
-56,7,-32
-52,7,-30
-52,8,-33
-53,9,-42
-56,9,-44
-59,8,-44
-57,8,-43
-57,7,-43
-60,7,-44
-60,7,-39
-57,7,-37
-57,8,-30
-61,10,-24
-65,11,-18
-59,13,-5
-49,13,4
-66,19,2
-66,19,6
-53,22,23
-50,22,26
-51,26,28
-44,23,35
-32,25,35
-34,26,36
-41,24,38
-40,26,42
-38,29,44
-33,27,45
-32,26,45
-32,22,46
-28,22,52
-32,21,51
-35,23,51
-54,25,40
-66,27,30
-79,27,9
-86,29,-1
-74,26,-15
-64,31,-11
-55,33,-8
-53,37,-4
-47,39,0
-42,40,3
-42,42,5
-38,42,6
-45,40,2
-42,42,4
-42,40,-2
-48,40,-4
-41,41,2
-43,43,-2
-36,43,-2
-38,44,-4
-48,45,-8
-43,46,-4
-54,45,-14
-54,47,-12
-49,47,-11
-50,47,-11
-51,45,-9
-48,42,-9
-39,42,-2
-44,41,-3
-43,41,-6
-48,44,-4
-49,44,-8
-49,44,-9
-49,44,-7
-47,45,-4
-46,46,-4
-47,45,-7
-47,44,-7
-47,45,-4
-47,45,-4
-48,44,-4
-48,45,-4
-45,45,-4
-44,45,-3
-45,45,-3
-45,46,-3
-45,46,-3
-46,46,-4
-48,46,-5
-44,46,-2
-44,46,-2
-47,46,-3
-46,46,-3
-43,46,-2
-45,46,-3
-45,46,-3
-45,46,-2
-45,47,-2
-46,47,-3
-46,46,-4
-45,46,-2
-45,46,-2
-45,47,-2
-44,47,-2
-45,46,-2
-46,46,-3
-46,46,-2
-46,46,-2
-46,46,-2
-46,46,-3
-43,46,-3
-45,46,-1
-46,46,-2
-45,46,-2
-45,46,-2
-47,46,-1
-46,46,-1
-45,46,-2
-45,46,-2
-45,46,-1
-46,47,-1
-46,46,-2
-45,46,-1
-45,45,-2
-45,46,0
-46,46,-1
-45,46,-2
-45,47,-1
-46,47,-1
-46,47,-1
-45,46,-2
-45,46,-1
-45,46,-1
-46,46,-1
-46,46,0
-46,45,3
-48,44,5
-52,40,5
-50,38,6
-52,32,2
-47,32,3
-40,30,-2
-36,31,-3
-43,32,-8
-49,33,-12
-36,34,-8
-30,38,7
-35,35,3
-48,19,-23
-80,18,-45
-88,26,-47
-79,32,-38
-69,33,-23
-60,29,-13
-54,23,-3
-63,12,-18
-78,5,-28
-80,2,-30
-70,3,-16
-58,1,-8
-55,-3,-5
-57,-4,2
-58,-5,1
-67,-8,-1
-68,-8,-2
-70,-10,-5
-71,-9,1
-70,-9,2
-69,-10,1
-69,-10,1
-67,-9,2
-65,-11,-5
-60,-8,-2
-62,-8,-4
-64,-6,-5
-66,-5,-6
-67,-6,-11
-66,-4,-5
-66,-3,-3
-67,-4,-3
-64,-6,1
-67,-6,3
-65,-3,9
-57,-5,11
-52,-7,13
-55,-11,14
-56,-14,13
-50,-16,18
-46,-18,22
-61,-28,18
-60,-32,16
-49,-33,22
-44,-35,26
-57,-38,12
-67,-43,7
-58,-40,15
-45,-38,15
-52,-37,10
-57,-37,7
-53,-38,8
-53,-41,12
-56,-42,9
-58,-43,11
-57,-42,14
-52,-37,6
-50,-36,1
-60,-36,-3
-66,-36,-9
-52,-35,-1
-53,-36,-5
-54,-37,-1
-56,-44,7
-53,-45,10
-51,-42,3
-47,-40,-2
-46,-36,4
-50,-36,6
-64,-33,2
-59,-29,9
-55,-22,19
-62,-20,14
-61,-19,11
-53,-20,8
-57,-19,6
-66,-20,-6
-61,-22,-1
-54,-23,5
-51,-25,6
-43,-34,-4
-56,-32,-2
-60,-39,-19
-59,-43,-27
-56,-40,-19
-45,-38,-14
-50,-35,-14
-55,-37,-32
-56,-36,-37
-47,-29,-29
-46,-29,-34
-48,-30,-38
-45,-31,-39
-42,-30,-40
-40,-30,-38
-41,-31,-41
-41,-31,-41
-37,-31,-41
-35,-30,-44
-35,-30,-43
-39,-31,-42
-41,-31,-41
-42,-31,-41
-38,-28,-39
-45,-29,-44
-49,-30,-45
-36,-32,-38
-41,-31,-37
-46,-32,-38
-42,-32,-34
-37,-32,-25
-44,-34,-32
-46,-33,-34
-38,-32,-38
-42,-33,-43
-36,-32,-42
-33,-31,-42
-33,-34,-50
-31,-34,-47
-33,-34,-47
-32,-32,-45
-26,-40,-48
-24,-37,-39
-22,-35,-44
-22,-36,-56
-24,-35,-56
-26,-33,-51
-23,-35,-48
-32,-33,-47
-33,-33,-47
-23,-34,-49
-33,-33,-52
-22,-36,-42
-26,-36,-43
-39,-34,-49
-33,-33,-36
-36,-32,-35
-39,-34,-30
-39,-33,-26
-48,-34,-33
-49,-33,-29
-49,-33,-26
-51,-33,-28
-48,-34,-22
-47,-33,-22
-53,-34,-23
-73,-36,-27
-52,-32,-13
-51,-32,-16
-49,-35,-16
-60,-34,-17
-49,-32,-9
-59,-33,-14
-63,-32,-12
-53,-30,-5
-53,-31,-6
-57,-33,-8
-58,-32,-7
-52,-33,-5
-51,-31,-4
-64,-37,-12
-53,-33,-3
-51,-35,-3
-56,-33,-8
-57,-31,-8
-51,-27,-8
-53,-29,-15
-52,-30,-21
-57,-33,-31
-55,-28,-24
-51,-29,-25
-57,-32,-27
-57,-33,-25
-49,-32,-19
-53,-33,-21
-52,-33,-20
-48,-33,-19
-50,-33,-19
-51,-34,-19
-50,-34,-16
-52,-32,-21
-54,-34,-25
-52,-34,-26
-54,-33,-27
-48,-33,-23
-50,-38,-28
-50,-33,-22
-49,-33,-24
-51,-35,-28
-51,-32,-24
-50,-34,-24
-52,-35,-25
-49,-35,-24
-50,-34,-26
-55,-34,-27
-52,-33,-21
-51,-32,-21
-52,-33,-18
-53,-33,-16
-57,-32,-15
-59,-34,-11
-56,-36,-9
-50,-37,-6
-39,-34,6
-55,-36,-3
-56,-35,-3
-67,-36,-11
-70,-34,-9
-60,-31,-6
-60,-31,-5
-53,-28,3
-60,-26,5
-52,-27,6
-53,-23,13
-52,-24,14
-53,-24,12
-54,-24,10
-50,-27,11
-48,-30,17
-60,-28,20
-59,-28,16
-54,-28,16
-55,-27,16
-58,-29,11
-58,-30,14
-59,-28,16
-56,-28,13
-56,-28,14
-59,-30,13
-58,-29,15
-55,-29,14
-54,-30,14
-55,-31,14
-59,-30,14
-57,-30,11
-54,-31,10
-55,-30,12
-57,-30,12
-58,-30,10
-57,-29,9
-55,-30,10
-54,-31,9
-57,-31,8
-58,-31,7
-55,-30,8
-58,-31,5
-56,-32,6
-41,-31,5
-48,-34,-9
-49,-31,-15
-39,-32,-18
-45,-35,-25
-38,-35,-35
-40,-36,-46
-39,-30,-60
-39,-31,-61
-33,-31,-53
-31,-28,-51
-21,-31,-58
-27,-29,-62
-48,-31,-64
-47,-30,-59
-28,-34,-45
-37,-31,-23
-30,-30,-13
-42,-31,-18
-43,-30,-20
-39,-31,-22
-30,-32,-20
-43,-36,-31
-44,-36,-42
-52,-35,-61
-50,-34,-59
-60,-40,-55
-46,-40,-45
-48,-38,-43
-30,-36,-25
-39,-36,-24
-36,-32,-20
-37,-27,-24
-58,-17,-32
-53,-18,-33
-49,-16,-15
-68,-14,-15
-75,-15,-14
-62,-17,-13
-51,-19,-13
-61,-19,-14
-62,-21,-22
-50,-24,-11
-59,-25,-11
-65,-25,-5
-60,-26,-2
-60,-24,-3
-63,-23,-5
-59,-22,-7
-59,-22,-8
-62,-21,-6
-62,-22,-5
-60,-22,-5
-61,-22,-5
-62,-22,-5
-60,-22,-6
-61,-22,-6
-62,-22,-6
-60,-22,-6
-61,-22,-6
-61,-21,-6
-61,-21,-6
-61,-22,-6
-61,-22,-6
-61,-22,-6
-61,-22,-6
-61,-22,-6
-61,-22,-6
-62,-22,-5
-60,-22,-5
-61,-22,-6
-62,-21,-6
-60,-21,-6
-60,-22,-6
-61,-22,-5
-62,-21,-5
-61,-21,-6
-61,-21,-6
-61,-22,-6
-62,-22,-6
-61,-22,-6
-62,-22,-6
-61,-22,-6
-61,-22,-6
-62,-22,-6
-61,-21,-5
-61,-21,-5
-62,-21,-5
-62,-21,-6
-61,-22,-6
-61,-22,-5
-60,-22,-5
-61,-22,-5
-62,-22,-6
-61,-22,-5
-61,-22,-5
-61,-22,-6
-61,-21,-6
-61,-21,-5
-61,-21,-6
-61,-21,-5
-61,-22,-5
-61,-22,-5
-61,-22,-5
-61,-22,-5
-61,-21,-5
-61,-22,-5
-61,-22,-5
-62,-22,-6
-61,-21,-5
-61,-21,-5
-61,-22,-5
-61,-22,-5
-61,-22,-5
-61,-22,-5
-61,-21,-5
-62,-21,-5
-61,-21,-5
-61,-22,-4
-61,-22,-5
-62,-21,-5
-62,-22,-4
-62,-21,-5
-62,-21,-5
-61,-21,-5
-61,-21,-5
-62,-21,-5
-61,-21,-5
-62,-21,-5
-61,-21,-5
-62,-21,-5
-62,-21,-5
-62,-21,-5
-62,-21,-5
-62,-21,-5
-61,-21,-5
-63,-21,-5
-60,-21,-4
-60,-21,-3
-62,-21,-6
-62,-20,-6
-62,-20,-5
-63,-20,-2
-57,-22,-1
-56,-24,-7
-59,-24,-7
-60,-22,-11
-61,-21,-16
-60,-20,-19
-60,-19,-18
-58,-20,-22
-61,-24,-27
-53,-23,-30
-47,-23,-31
-43,-27,-36
-40,-28,-37
-44,-32,-40
-31,-35,-40
-31,-36,-44
-44,-36,-46
-43,-34,-43
-35,-37,-47
-40,-36,-46
-40,-34,-42
-34,-34,-39
-40,-34,-36
-41,-35,-35
-42,-34,-31
-59,-36,-40
-39,-34,-22
-47,-33,-20
-55,-34,-22
-53,-35,-23
-51,-32,-20
-49,-32,-14
-51,-33,-14
-58,-33,-15
-57,-31,-10
-51,-31,-3
-53,-32,-4
-59,-32,-3
-56,-32,0
-55,-33,3
-55,-33,6
-54,-34,9
-58,-35,9
-57,-35,12
-48,-33,21
-42,-35,20
-38,-34,26
-35,-33,21
-38,-30,19
-46,-34,16
-72,-32,-7
-49,-24,-1
-50,-26,-15
-53,-33,-31
-47,-31,-24
-53,-35,-26
-47,-37,-26
-51,-46,-29
-49,-45,-25
-43,-46,-21
-42,-44,-20
-49,-47,-28
-40,-43,-20
-33,-42,-20
-42,-45,-34
-41,-44,-36
-33,-42,-36
-38,-40,-40
-39,-38,-39
-34,-39,-39
-32,-39,-43
-29,-37,-39
-31,-40,-42
-33,-40,-43
-35,-38,-39
-32,-38,-39
-33,-38,-43
-34,-40,-41
-29,-38,-36
-37,-37,-40
-39,-37,-38
-32,-36,-37
-40,-36,-44
-39,-35,-39
-39,-34,-36
-41,-32,-35
-40,-33,-37
-39,-35,-36
-41,-34,-35
-41,-35,-36
-37,-33,-35
-40,-35,-39
-41,-35,-42
-39,-35,-42
-35,-34,-40
-35,-33,-40
-40,-33,-41
-41,-34,-43
-42,-33,-42
-42,-32,-43
-34,-34,-42
-36,-34,-41
-43,-33,-39
-43,-32,-40
-41,-31,-39
-47,-32,-39
-48,-32,-36
-48,-31,-34
-42,-32,-32
-48,-30,-30
-52,-30,-31
-42,-30,-22
-43,-30,-19
-61,-27,-18
-55,-30,-18
-52,-30,-18
-49,-30,-18
-50,-31,-17
-55,-34,-19
-57,-35,-20
-53,-35,-15
-53,-34,-13
-53,-35,-14
-51,-36,-15
-54,-35,-16
-52,-34,-13
-52,-34,-16
-55,-34,-16
-54,-33,-15
-54,-34,-16
-51,-35,-16
-53,-35,-14
-54,-34,-15
-51,-35,-16
-49,-35,-15
-54,-35,-16
-54,-35,-17
-55,-34,-15
-53,-34,-14
-53,-36,-18
-51,-35,-17
-53,-33,-16
-55,-32,-15
-53,-33,-14
-51,-35,-13
-51,-35,-13
-54,-36,-16
-53,-36,-15
-53,-34,-13
-53,-36,-15
-51,-34,-13
-52,-34,-13
-55,-36,-14
-53,-35,-15
-52,-34,-17
-49,-33,-16
-48,-34,-15
-45,-31,-13
-36,-30,-12
-34,-39,-34
-46,-40,-43
-37,-40,-45
-34,-43,-46
-33,-42,-55
-34,-41,-54
-33,-38,-45
-32,-36,-45
-32,-35,-44
-32,-33,-44
-28,-32,-42
-30,-33,-33
-33,-32,-35
-33,-35,-39
-35,-34,-40
-35,-35,-39
-37,-37,-40
-33,-38,-43
-29,-37,-47
-30,-36,-48
-29,-35,-50
-28,-35,-47
-30,-36,-52
-36,-37,-57
-35,-37,-51
-32,-40,-53
-33,-39,-49
-31,-34,-34
-39,-30,-19
-42,-33,-24
-45,-35,-16
-47,-33,-15
-51,-33,-19
-45,-29,-15
-48,-31,-19
-48,-36,-24
-43,-36,-22
-47,-38,-32
-40,-37,-27
-36,-38,-33
-46,-41,-46
-43,-38,-42
-42,-37,-38
-51,-39,-34
-50,-41,-33
-46,-43,-33
-40,-42,-12
-41,-37,-6
-40,-33,-2
-46,-32,-4
-66,-26,-7
-67,-23,-9
-67,-21,-6
-59,-18,1
-66,-18,2
-62,-18,11
-59,-22,13
-52,-27,19
-45,-28,26
-44,-33,24
-49,-35,29
-39,-39,34
-35,-40,37
-32,-42,36
-35,-44,34
-35,-46,35
-39,-44,34
-38,-42,33
-37,-41,31
-37,-40,33
-46,-40,30
-46,-41,28
-44,-39,27
-36,-41,29
-45,-41,32
-40,-40,31
-39,-39,38
-40,-34,43
-45,-26,35
-43,-22,45
-43,-21,40
-34,-38,29
-36,-44,28
-54,-44,28
-37,-42,31
-39,-36,40
-36,-29,45
-34,-34,44
-27,-40,40
-42,-51,37
-51,-56,27
-34,-48,35
-34,-42,39
-30,-33,39
-30,-33,39
-31,-33,39
-41,-31,37
-43,-31,36
-44,-35,43
-45,-36,43
-49,-32,45
-49,-31,43
-51,-29,40
-53,-29,39
-50,-29,33
-50,-29,29
-41,-26,26
-43,-24,27
-43,-23,28
-46,-20,32
-51,-14,30
-55,-9,27
-59,-10,20
-63,-11,18
-62,-8,21
-59,-3,22
-58,-4,15
-66,-2,11
-72,0,11
-65,-1,-6
-64,1,-11
-61,3,-15
-64,5,-18
-63,7,-21
-66,9,-22
-66,8,-23
-61,4,-16
-59,2,-13
-68,-1,-10
-66,-4,-7
-64,-5,5
-68,-13,15
-67,-10,17
-73,-4,-1
-68,-1,-1
-63,1,1
-58,1,4
-58,2,7
-58,1,9
-55,1,7
-58,2,7
-58,2,5
-58,3,5
-55,4,9
-55,10,21
-48,12,22
-62,14,20
-78,16,21
-83,14,13
-78,10,14
-74,11,16
-64,9,13
-60,10,16
-60,9,14
-60,8,14
-60,7,12
-64,6,13
-69,-1,17
-65,-5,20
-69,-5,26
-66,-3,25
-62,5,21
-60,6,17
-60,10,12
-61,8,10
-65,2,8
-69,0,8
-72,-5,16
-71,-7,22
-71,-12,33
-70,-21,38
-66,-28,36
-49,-21,53
-46,-22,58
-51,-20,55
-44,-18,56
-24,3,70
-20,7,68
-16,12,48
-16,20,43
-21,31,29
-38,29,11
-36,33,-6
-28,20,3
-46,6,14
-27,-15,49
-15,-18,66
-28,-9,75
-37,-7,73
-18,0,77
-11,2,76
-5,4,69
-1,3,62
-6,-7,63
-11,-19,66
-8,-21,66
-14,-14,60
-5,-11,63
-1,-7,57
0,-10,58
-3,-31,66
-10,-34,70
-10,-23,68
-15,-33,68
-12,-42,78
-14,-39,79
-24,-28,70
-28,-21,70
-33,-9,64
-39,0,55
-41,3,50
-30,13,48
-26,18,45
-29,30,27
-33,30,21
-32,29,21
-31,31,23
-24,34,27
-24,32,25
-27,30,21
-30,30,5
-39,28,1
-37,12,-29
-43,7,-43
-55,3,-50
-51,-2,-52
-48,-15,-55
-63,-20,-59
-64,-28,-55
-61,-29,-49
-82,-31,-42
-85,-32,-40
-57,-26,-19
-73,-31,-22
-70,-29,-25
-59,-25,-29
-60,-22,-30
-68,-24,-31
-66,-23,-29
-55,-19,-20
-55,-16,-16
-56,-15,-17
-59,-18,-22
-65,-22,-23
-64,-23,-20
-65,-28,-15
-64,-36,-11
-68,-38,-15
-58,-36,-10
-50,-33,-2
-33,-29,25
-31,-26,36
-36,-22,38
-39,-26,27
-55,-28,9
-63,-29,0
-66,-18,4
-67,-14,6
-66,-11,7
-67,-10,2
-73,-10,-1
-77,-6,1
-77,-5,2
-80,-8,4
-80,-9,7
-74,-11,13
-70,-12,18
-54,-19,29
-43,-22,36
-32,-29,43
-32,-30,44
-37,-28,42
-42,-25,37
-43,-24,36
-41,-21,36
-41,-19,36
-43,-16,35
-45,-15,36
-53,-13,39
-61,-17,40
-57,-22,41
-50,-20,43
-50,-20,45
-52,-19,43
-56,-19,41
-52,-19,40
-48,-17,40
-48,-12,34
-49,-9,32
-51,-4,30
-52,-4,30
-51,-7,31
-50,-8,34
-51,-11,36
-52,-13,36
-50,-16,39
-49,-18,39
-48,-20,41
-48,-23,41
-49,-25,43
-46,-27,44
-45,-30,45
-54,-34,43
-56,-34,42
-46,-32,40
-41,-31,41
-35,-34,39
-34,-36,38
-34,-37,34
-38,-35,35
-41,-35,35
-39,-32,36
-37,-33,37
-36,-30,37
-36,-27,37
-36,-21,40
-36,-19,42
-42,-19,45
-43,-22,45
-44,-26,45
-45,-29,46
-48,-35,44
-45,-38,43
-42,-38,42
-40,-37,38
-41,-37,36
-44,-34,33
-42,-32,32
-38,-25,31
-40,-24,31
-44,-27,33
-43,-30,35
-41,-36,37
-39,-35,39
-40,-32,40
-38,-31,40
-37,-34,41
-32,-37,43
-31,-39,44
-34,-43,43
-34,-43,42
-34,-41,41
-36,-40,39
-36,-38,36
-35,-38,36
-35,-39,33
-36,-39,33
-33,-36,32
-38,-36,31
-41,-46,33
-39,-40,36
-39,-42,33
-46,-40,30
-47,-38,35
-47,-29,37
-46,-29,38
-49,-31,38
-49,-32,39
-42,-37,40
-39,-38,40
-38,-39,35
-40,-37,31
-42,-37,30
-41,-35,29
-40,-34,29
-40,-32,31
-41,-32,33
-43,-31,34
-45,-30,36
-45,-33,39
-44,-34,40
-39,-35,41
-40,-35,40
-40,-35,40
-39,-35,39
-39,-35,39
-40,-34,38
-40,-33,37
-40,-30,36
-41,-29,36
-40,-28,36
-41,-27,35
-44,-28,36
-45,-29,36
-44,-32,37
-44,-36,38
-43,-37,38
-40,-40,39
-37,-41,39
-35,-40,38
-34,-38,37
-37,-36,37
-38,-35,37
-39,-33,39
-40,-33,38
-42,-32,37
-43,-31,37
-42,-29,36
-42,-28,36
-42,-29,36
-40,-32,36
-39,-32,37
-38,-33,36
-39,-33,37
-40,-34,38
-40,-35,38
-41,-34,39
-42,-32,39
-44,-28,38
-44,-26,36
-46,-21,36
-49,-17,34
-51,-15,31
-50,-6,40
-51,-4,45
-53,-19,41
-47,-23,45
-37,-38,53
-35,-44,50
-38,-46,45
-33,-43,46
-27,-38,47
-27,-37,46
-31,-35,44
-33,-34,42
-36,-33,43
-38,-28,40
-36,-29,40
-39,-29,44
-38,-28,46
-37,-27,47
-35,-25,49
-35,-22,52
-34,-20,54
-33,-17,54
-33,-15,56
-33,-14,57
-33,-14,55
-34,-15,54
-38,-22,56
-38,-26,55
-36,-27,53
-36,-26,50
-37,-23,44
-39,-21,43
-41,-16,39
-42,-14,38
-46,-9,36
-50,-4,34
-51,-3,33
-54,-3,32
-54,-4,33
-49,-8,36
-48,-10,38
-47,-13,43
-49,-15,45
-51,-19,46
-49,-20,47
-45,-21,46
-44,-22,45
-41,-25,45
-40,-25,45
-40,-25,44
-43,-26,46
-46,-28,48
-56,-35,52
-59,-37,52
-46,-29,46
-38,-24,41
-30,-21,31
-32,-20,28
-40,-22,25
-41,-21,26
-41,-16,28
-45,-12,33
-49,-13,34
-48,-13,40
-45,-13,44
-42,-15,51
-42,-15,53
-46,-14,56
-50,-15,54
-54,-16,52
-55,-18,53
-58,-24,54
-58,-27,54
-53,-32,49
-44,-29,41
-42,-25,37
-52,-21,33
-58,-22,32
-62,-27,29
-57,-27,31
-44,-21,32
-45,-19,28
-50,-15,22
-55,-14,20
-56,-16,18
-54,-17,23
-48,-21,28
-45,-25,34
-45,-25,38
-48,-24,46
-48,-24,49
-42,-26,57
-36,-28,60
-29,-31,60
-27,-31,59
-26,-31,55
-28,-31,52
-37,-31,48
-40,-30,46
-41,-30,45
-43,-28,43
-43,-26,43
-40,-23,42
-38,-23,42
-37,-20,42
-38,-20,43
-40,-18,46
-41,-19,46
-44,-21,48
-43,-23,48
-42,-25,47
-40,-28,45
-38,-28,44
-37,-30,42
-37,-30,41
-37,-31,41
-36,-31,41
-35,-29,42
-35,-27,43
-38,-25,44
-38,-23,44
-41,-20,44
-42,-19,44
-44,-18,45
-46,-17,45
-46,-17,45
-46,-17,44
-46,-17,44
-45,-18,44
-45,-17,44
-46,-16,44
-47,-14,43
-50,-11,42
-53,-10,40
-53,-10,40
-52,-10,39
-50,-11,39
-49,-11,38
-49,-11,38
-49,-11,38
-49,-11,38
-48,-9,38
-48,-8,39
-48,-7,39
-48,-7,40
-49,-8,41
-50,-8,41
-51,-9,41
-50,-8,40
-49,-8,39
-50,-7,38
-50,-6,38
-51,-5,39
-53,-5,39
-54,-5,40
-54,-5,41
-54,-4,41
-56,-3,41
-57,4,37
-58,9,34
-65,16,17
-68,18,-5
-70,21,-16
-78,20,-31
-65,19,-26
-46,15,-15
-44,13,-10
-48,3,-6
-48,-4,-11
-64,-12,-17
-66,-14,-27
-68,-9,-23
-54,-10,-21
-57,13,-40
-49,19,-34
-48,19,-32
-65,23,-33
-63,20,-31
-64,19,-24
-66,17,-28
-62,16,-25
-62,16,-20
-69,11,-2
-66,5,12
-54,-6,31
-36,-4,31
-8,18,-62
-63,25,-128
-19,45,-128
-89,-4,23
-87,-30,127
-40,-22,104
8,-5,6
-40,27,-128
-19,45,-128
-82,-2,33
-63,-38,127
-30,-30,82
-37,-5,-74
-32,45,-128
-57,21,-19
-65,-17,91
-20,-43,100
-28,-18,-32
-37,42,-128
-17,57,-128
-60,-5,75
-40,-34,127
-52,-12,-42
-68,4,-128
-33,51,-122
-46,27,-50
-37,-4,31
-59,3,-26
-50,7,-50
-61,18,-50
-68,21,-47
-47,18,-36
-46,18,-38
-51,12,-37
-54,12,-38
-58,14,-39
-52,16,-37
-53,19,-36
-61,14,-37
-54,15,-27
-65,18,-25
-65,18,-26
-57,18,-9
-59,17,-11
-62,14,-11
-60,15,-7
-57,13,-4
-57,13,-6
-66,15,-4
-63,14,0
-64,14,3
-68,13,2
-65,13,6
-62,11,8
-63,11,7
-65,9,8
-63,8,9
-61,6,11
-60,6,12
-60,5,12
-63,3,10
-65,2,12
-66,3,12
-65,3,13
-66,3,13
-63,3,13
-62,2,12
-60,1,13
-65,3,11
-63,2,14
-63,3,14
-63,3,14
-62,3,14
-63,3,15
-65,4,14
-61,4,14
-60,4,13
-65,5,15
-69,7,13
-65,7,16
-62,7,17
-58,7,21
-61,10,17
-62,10,13
-60,12,18
-60,13,18
-61,13,16
-64,16,16
-64,17,16
-56,15,19
-64,17,16
-64,16,17
-58,15,25
-56,16,23
-57,17,23
-58,17,22
-57,17,22
-59,17,20
-57,17,22
-57,17,22
-60,19,18
-60,18,19
-57,19,22
-57,17,20
-59,18,20
-61,18,21
-61,17,21
-59,18,20
-61,18,17
-60,17,21
-59,17,20
-60,17,19
-65,17,20
-60,19,17
-59,18,17
-59,18,16
-55,16,17
-56,15,16
-64,17,14
-60,18,15
-52,14,20
-58,13,18
-67,15,14
-65,13,15
-61,14,18
-59,14,17
-64,13,14
-66,14,14
-60,15,16
-57,13,15
-62,14,13
-64,15,13
-57,16,16
-61,15,13
-65,15,11
-60,15,15
-62,15,14
-65,16,9
-65,17,9
-57,16,16
-62,15,12
-63,15,12
-64,15,16
-66,17,12
-64,20,12
-62,21,13
-62,21,9
-61,19,13
-53,17,21
-60,18,15
-56,16,18
-55,14,23
-63,15,24
-58,17,20
-57,16,20
-59,15,18
-64,15,15
-65,15,15
-64,15,13
-59,13,18
-59,13,22
-62,14,18
-59,15,18
-61,14,20
-62,14,17
-57,15,20
-59,14,17
-62,13,16
-60,14,14
-59,14,15
-63,12,14
-68,14,14
-64,15,16
-62,16,14
-65,15,13
-62,15,13
-60,14,12
-64,16,16
-55,14,21
-63,14,16
-62,14,15
-61,14,17
-61,15,14
-57,14,15
-61,14,16
-65,14,14
-65,17,14
-62,14,15
-61,17,16
-60,16,16
-59,15,19
-60,16,18
-60,16,15
-57,15,18
-59,19,18
-60,18,18
-62,16,16
-61,16,17
-62,19,19
-60,19,18
-59,17,18
-63,18,20
-61,20,18
-57,19,16
-57,19,13
-65,21,12
-65,19,12
-57,19,15
-59,20,15
-61,22,11
-58,22,11
-56,24,10
-58,23,11
-56,23,14
-58,23,15
-61,22,14
-57,22,16
-57,22,17
-60,21,15
-60,21,15
-57,22,16
-57,22,18
-55,20,21
-57,20,20
-58,21,17
-60,21,15
-58,20,16
-58,20,16
-60,20,14
-63,20,14
-60,21,15
-60,21,14
-59,21,13
-59,23,11
-60,24,11
-56,25,11
-57,25,12
-55,27,18
-56,25,18
-59,25,21
-51,24,27
-56,26,25
-58,27,23
-54,26,26
-53,26,27
-55,25,26
-52,26,30
-52,26,30
-49,26,32
-48,25,32
-51,25,34
-48,25,34
-48,27,33
-48,28,35
-48,27,35
-47,25,35
-49,26,35
-45,25,38
-43,25,41
-45,22,41
-46,21,41
-42,19,46
-41,20,46
-49,20,44
-46,19,46
-45,18,43
-48,20,36
-48,20,34
-48,22,32
-54,22,26
-56,20,23
-52,19,26
-47,17,33
-51,19,36
-49,17,35
-44,16,38
-56,21,36
-56,24,34
-52,20,30
-55,23,23
-58,22,20
-57,22,22
-58,22,21
-61,22,18
-59,22,16
-59,23,14
-62,22,12
-63,21,11
-62,22,12
-60,21,14
-59,21,14
-61,20,13
-64,20,13
-61,20,13
-58,20,18
-59,20,18
-54,19,26
-52,20,27
-57,20,23
-58,21,25
-53,19,28
-52,18,28
-58,20,26
-57,21,29
-52,20,30
-54,21,30
-53,20,31
-52,20,31
-53,20,32
-52,20,31
-50,19,31
-50,19,29
-52,19,25
-55,21,24
-55,20,27
-51,19,27
-55,20,27
-59,21,30
-54,20,29
-54,21,28
-54,22,30
-54,22,28
-53,22,27
-52,22,27
-53,23,29
-54,22,28
-52,23,29
-52,22,29
-54,22,28
-57,21,25
-56,19,27
-60,20,24
-60,20,23
-58,21,22
-59,22,22
-60,22,19
-59,23,18
-57,24,18
-56,25,18
-57,27,16
-58,28,13
-56,29,11
-55,29,8
-54,28,8
-57,26,6
-60,24,6
-59,21,7
-62,20,6
-62,18,7
-60,17,8
-67,16,6
-68,15,5
-64,14,9
-65,14,9
-66,16,8
-62,15,9
-63,16,10
-63,17,12
-60,18,12
-61,17,12
-62,16,13
-62,16,15
-62,16,15
-62,16,14
-62,15,14
-62,16,14
-62,16,14
-60,16,14
-60,17,14
-60,16,14
-61,15,15
-61,16,15
-60,17,17
-59,16,16
-59,16,16
-59,16,17
-60,15,16
-59,15,15
-61,16,15
-61,16,16
-60,16,15
-60,15,13
-61,15,13
-61,16,14
-63,16,14
-61,15,15
-60,15,17
-61,15,15
-61,14,15
-59,15,17
-60,14,17
-62,13,15
-63,13,13
-64,13,12
-64,14,11
-62,14,11
-64,13,7
-65,13,7
-65,12,8
-63,13,9
-64,12,8
-64,12,9
-62,12,9
-63,12,10
-62,12,9
-64,12,9
-62,12,9
-64,12,8
-63,12,10
-66,12,11
-64,11,11
-63,11,8
-63,11,8
-66,10,8
-65,11,9
-62,12,9
-63,11,8
-63,11,8
-63,10,8
-63,11,8
-64,11,9
-64,11,9
-63,11,8
-62,11,8
-63,11,7
-64,11,7
-64,11,6
-63,11,5
-64,11,4
-65,11,3
-64,11,4
-65,11,2
-65,11,1
-64,11,2
-65,12,2
-64,12,2
-64,12,2
-65,11,0
-65,12,-1
-63,12,-1
-63,11,-2
-64,11,-1
-64,11,-1
-64,11,-2
-63,12,-1
-65,11,-2
-64,11,-2
-64,12,-2
-63,11,-1
-64,12,-2
-64,11,-3
-63,11,-3
-65,11,-4
-65,11,-3
-64,10,-2
-63,10,-4
-65,10,-4
-63,10,-3
-63,9,-4
-64,9,-3
-63,9,-3
-64,9,-4
-64,9,-3
-63,9,-3
-63,9,-3
-63,8,-4
-64,8,-4
-63,8,-4
-63,8,-4
-64,8,-5
-65,7,-5
-65,7,-5
-65,8,-5
-64,8,-5
-64,7,-6
-65,7,-5
-65,7,-5
-66,8,-5
-65,8,-6
-64,7,-5
-65,6,-5
-64,6,-6
-63,6,-6
-66,4,-7
-65,3,-7
-61,4,-6
-63,3,-6
-67,2,-8
-64,2,-8
-63,2,-6
-63,1,-7
-66,0,-8
-64,-1,-8
-63,0,-10
-63,-1,-10
-65,-2,-11
-65,-3,-11
-65,-3,-11
-62,-3,-13
-64,-5,-14
-65,-7,-13
-65,-8,-15
-62,-5,-15
-63,-5,-17
-64,-8,-18
-66,-7,-20
-63,-6,-20
-61,-6,-23
-62,-7,-27
-63,-5,-25
-64,-4,-25
-63,-3,-26
-63,-3,-26
-62,-4,-28
-60,-4,-29
-59,-4,-29
-60,-3,-28
-62,-3,-29
-60,-3,-29
-56,-2,-28
-57,-2,-27
-57,-2,-26
-59,-1,-25
-58,-1,-23
-58,0,-22
-58,0,-21
-61,0,-18
-61,0,-18
-60,-1,-18
-61,-1,-19
-62,-1,-17
-60,-1,-16
-61,-1,-16
-63,-1,-16
-64,-1,-17
-64,-1,-16
-64,0,-15
-61,-1,-14
-61,-1,-15
-63,-1,-15
-64,-1,-15
-65,-3,-15
-63,-3,-15
-63,-3,-15
-63,-4,-15
-63,-4,-15
-62,-4,-15
-61,-4,-14
-60,-4,-15
-60,-4,-16
-60,-5,-16
-61,-4,-15
-64,-4,-15
-65,-4,-15
-65,-3,-14
-66,-2,-13
-66,-3,-12
-66,-4,-10
-67,-4,-8
-69,-6,-7
-69,-7,-6
-70,-8,-4
-68,-9,-3
-66,-10,-1
-65,-10,0
-62,-9,1
-62,-10,1
-62,-10,0
-62,-10,0
-62,-10,1
-63,-11,1
-64,-11,2
-65,-11,4
-64,-11,5
-63,-11,6
-63,-10,7
-62,-9,8
-62,-8,8
-62,-7,8
-62,-6,8
-64,-4,7
-65,-3,6
-68,-1,5
-68,-1,5
-68,0,5
-69,2,5
-69,2,5
-69,4,4
-69,4,4
-70,4,3
-69,4,4
-65,4,7
-66,3,5
-72,2,5
-66,1,7
-60,1,14
-53,1,24
-53,0,25
-53,0,28
-49,0,33
-45,-1,30
-52,4,33
-62,8,29
-58,10,29
-50,14,36
-51,13,33
-58,12,32
-54,12,32
-56,12,31
-55,13,32
-62,10,24
-57,11,26
-55,12,27
-63,11,19
-65,11,18
-62,13,23
-63,13,22
-60,13,21
-60,13,19
-60,14,19
-62,15,14
-62,16,12
-64,15,6
-65,16,4
-59,15,6
-59,14,7
-64,13,2
-64,12,1
-67,15,-1
-66,14,-2
-63,14,0
-62,13,0
-60,14,5
-65,13,2
-63,11,3
-66,11,5
-66,10,5
-63,9,4
-64,9,3
-59,10,7
-60,8,4
-64,10,0
-66,10,0
-64,11,2
-61,11,1
-66,11,-3
-70,16,-3
-64,16,0
-64,17,-1
-66,17,-1
-66,18,-1
-64,18,-1
-66,18,-3
-64,17,-1
-65,18,-2
-61,18,-4
-61,18,-1
-61,18,0
-58,19,-2
-57,21,-3
-61,19,-1
-59,20,1
-57,21,0
-61,21,1
-64,22,0
-56,21,1
-58,22,-2
-60,21,1
-62,21,1
-62,21,0
-63,22,1
-61,21,3
-60,22,1
-59,21,-1
-57,18,2
-67,23,-2
-59,20,1
-49,18,-1
-61,19,1
-63,19,0
-60,18,-1
-58,18,-1
-62,21,-2
-69,20,-2
-66,20,-2
-63,20,-6
-66,21,-7
-66,23,-8
-63,23,-10
-57,24,-11
-58,25,-12
-62,26,-17
-64,26,-17
-61,27,-17
-58,27,-15
-52,25,-9
-57,25,-11
-58,24,-11
-60,25,-7
-58,25,-5
-59,23,-6
-61,23,-8
-61,24,-7
-58,22,-5
-62,21,-3
-63,22,-4
-61,24,-5
-58,23,-3
-59,23,-3
-62,23,-1
-60,24,-1
-60,24,2
-61,23,3
-62,24,3
-62,25,2
-61,24,0
-60,23,1
-60,22,2
-61,22,0
-63,20,0
-63,21,2
-59,23,3
-60,25,2
-60,26,2
-59,28,1
-58,28,0
-56,27,1
-59,25,1
-62,24,0
-60,24,-2
-57,23,0
-59,20,2
-62,19,2
-63,17,1
-63,16,2
-61,17,5
-61,17,4
-61,17,1
-62,16,1
-63,17,1
-61,17,1
-60,15,1
-62,14,1
-64,14,0
-65,12,-1
-67,12,-1
-65,12,0
-65,11,0
-67,10,0
-66,10,1
-65,10,1
-66,9,0
-66,10,-2
-67,10,-2
-66,11,-1
-65,11,-1
-63,11,-2
-63,11,-3
-64,11,-2
-63,11,-1
-62,12,-2
-63,13,-3
-63,12,-3
-65,11,-3
-65,12,-3
-65,12,-2
-65,11,-2
-65,11,-1
-64,11,-1
-64,11,-2
-65,10,-3
-65,10,-1
-64,9,-2
-64,9,-3
-62,8,-3
-62,8,-3
-62,7,-4
-62,6,-5
-65,7,-4
-65,8,-4
-64,9,-3
-63,9,-4
-63,8,-7
-65,8,-8
-65,7,-7
-67,7,-7
-66,8,-8
-64,8,-8
-63,8,-8
-65,8,-8
-65,8,-8
-63,7,-8
-66,6,-9
-65,7,-7
-65,7,-7
-65,6,-6
-66,6,-6
-67,6,-6
-65,8,-2
-65,8,-1
-64,8,1
-62,8,2
-65,9,2
-65,9,1
-64,9,0
-65,9,1
-63,9,0
-64,9,1
-64,10,2
-63,9,1
-66,9,2
-66,8,1
-65,8,1
-65,8,3
-65,8,2
-63,8,3
-64,7,3
-64,7,5
-63,7,6
-63,8,6
-64,8,6
-64,8,7
-64,8,8
-63,8,9
-62,8,11
-63,8,11
-64,8,10
-64,8,11
-63,8,11
-63,8,12
-64,8,11
-64,8,11
-63,8,11
-64,8,11
-63,7,11
-63,8,12
-63,8,12
-63,7,11
-63,7,11
-64,7,11
-64,7,12
-65,7,12
-65,8,12
-63,8,11
-64,8,12
-64,8,12
-64,8,12
-64,8,12
-63,8,11
-64,8,11
-63,8,11
-63,8,12
-63,8,12
-63,8,12
-63,8,11
-63,8,11
-63,8,12
-64,8,11
-63,8,12
-63,8,12
-63,8,12
-63,8,11
-63,8,11
-63,8,11
-63,8,12
-63,8,11
-63,8,11
-64,8,11
-64,8,12
-63,8,12
-64,8,11
-64,8,12
-64,8,11
-64,8,11
-63,8,12
-63,8,12
-63,8,11
-64,8,11
-63,8,11
-63,8,11
-63,8,11
-63,8,11
-63,8,11
-63,8,12
-64,8,11
-64,8,12
-64,8,12
-63,8,12
-64,8,12
-64,8,12
-64,8,12
-64,8,13
-63,8,13
-63,8,13
-63,8,13
-63,8,12
-63,8,12
-64,8,12
-63,8,12
-64,8,12
-63,8,12
-63,8,13
-63,8,13
-63,7,13
-63,8,13
-63,8,14
-63,8,14
-64,8,14
-63,8,14
-63,8,14
-63,8,13
-63,8,13
-63,8,14
-63,8,13
-63,8,13
-63,8,13
-63,8,12
-63,8,14
-63,8,13
-63,8,13
-63,8,13
-63,8,13
-63,8,14
-63,8,14
-63,8,13
-63,8,14
-63,8,13
-63,8,14
-63,8,13
-63,8,13
-63,8,13
-63,8,13
-63,8,13
-63,8,13
-63,8,14
-63,8,14
-63,8,13
-63,8,13
-63,8,13
-62,7,13
-63,7,13
-63,8,14
-63,8,14
-63,8,13
-63,8,13
-63,8,13
-63,8,13
-63,8,13
-63,8,13
-63,8,13
-63,8,13
-63,8,13
-63,8,13
-63,8,13
-63,8,13
-63,8,13
-63,8,13
-63,8,13
-63,8,13
-63,8,13
-63,8,12
-63,8,13
-64,8,12
-63,8,12
-63,8,12
-63,8,13
-64,9,13
-64,9,13
-64,9,13
-64,9,12
-63,9,13
-63,9,13
-63,9,12
-64,10,12
-63,10,11
-63,10,12
-62,10,12
-62,10,12
-63,10,11
-63,9,11
-63,8,12
-63,8,12
-62,8,12
-62,8,12
-63,9,11
-63,9,12
-62,10,11
-64,11,11
-64,10,10
-62,10,11
-62,10,10
-63,9,10
-63,8,9
-62,7,9
-63,7,9
-64,6,7
-64,6,7
-64,5,5
-64,5,5
-66,4,4
-64,4,4
-66,3,5
-66,2,6
-65,3,7
-65,4,6
-65,5,5
-67,5,3
-66,5,4
-67,5,2
-67,5,1
-65,5,2
-65,5,4
-63,4,5
-63,3,4
-64,4,5
-65,4,5
-65,4,5
-63,4,3
-63,4,3
-65,4,3
-65,4,3
-65,4,1
-65,4,1
-66,4,0
-65,4,0
-66,4,0
-67,4,0
-66,4,-1
-64,5,1
-66,4,-5
-67,2,-6
-68,4,-4
-65,3,-5
-63,3,-5
-63,2,-3
-65,2,-4
-65,3,-3
-65,3,-4
-65,4,-4
-64,4,-5
-64,4,-5
-64,4,-5
-65,4,-5
-65,3,-6
-67,4,-6
-63,3,-5
-63,3,-4
-64,2,-5
-65,2,-6
-64,2,-5
-63,2,-5
-63,2,-4
-65,2,-5
-65,2,-6
-64,1,-6
-64,2,-6
-64,2,-6
-65,1,-5
-65,1,-4
-65,2,-4
-65,2,-5
-64,1,-6
-65,1,-6
-64,1,-6
-65,0,-6
-65,1,-6
-65,1,-7
-65,1,-7
-65,1,-6
-65,1,-6
-65,2,-6
-64,1,-6
-64,1,-6
-65,1,-7
-65,1,-7
-65,2,-6
-65,1,-6
-65,1,-5
-64,1,-4
-64,1,-5
-65,1,-5
-64,1,-4
-63,0,-4
-64,1,-4
-65,0,-3
-65,0,-2
-64,0,-2
-64,0,-2
-64,-1,-3
-65,-1,-1
-65,-1,-1
-64,-1,-2
-65,-1,-2
-65,-2,-2
-64,-3,-2
-63,-2,-1
-63,-2,-1
-65,-2,-2
-65,-1,-3
-65,0,-4
-66,0,-2
-67,0,-3
-68,0,-4
-66,-1,-3
-65,-1,-3
-65,-1,-4
-65,-1,-3
-64,-1,-3
-63,-2,-2
-64,-1,-3
-64,-1,-4
-64,-1,-3
-66,-1,-4
-65,-1,-5
-65,-1,-4
-66,-1,-6
-66,0,-5
-65,-1,-4
-65,-1,-5
-64,-1,-6
-64,-1,-5
-65,-2,-5
-64,-2,-5
-64,-2,-5
-65,-2,-5
-65,-2,-4
-66,-2,-4
-65,-1,-4
-65,0,-4
-65,0,-3
-65,0,-3
-65,0,-2
-66,1,-2
-66,0,-2
-65,0,-1
-65,-2,-2
-66,-1,-1
-65,-2,0
-65,-2,2
-65,-1,1
-65,-1,2
-65,-2,4
-64,-2,3
-64,-1,3
-65,-1,2
-64,-1,3
-65,-2,4
-63,-2,4
-63,-2,4
-63,-2,5
-64,-2,4
-66,-2,3
-65,-2,4
-65,-1,4
-67,-1,2
-67,0,3
-65,-2,2
-65,-1,2
-66,-1,1
-67,-1,1
-66,-1,3
-65,-1,3
-68,1,1
-68,1,1
-67,0,0
-61,-1,0
-61,0,1
-60,-1,3
-62,0,4
-65,0,2
-67,-1,1
-66,1,0
-67,-1,-6
-67,-2,-1
-65,-2,0
-63,-1,1
-61,-3,1
-62,-3,0
-71,-2,-5
-68,0,-2
-62,-1,3
-64,-2,1
-65,-2,3
-63,-2,3
-64,-3,3
-68,-3,1
-67,-3,-1
-67,-3,0
-65,-3,0
-65,-3,0
-64,-3,0
-64,-4,1
-65,-4,1
-65,-4,1
-65,-3,1
-65,-3,1
-65,-4,1
-65,-4,1
-65,-3,1
-66,-3,1
-66,-3,1
-66,-4,0
-65,-3,2
-65,-3,2
-65,-3,1
-64,-4,2
-64,-3,2
-65,-3,2
-65,-3,1
-65,-4,1
-66,-2,3
-66,-1,3
-69,-2,3
-68,-1,3
-68,-3,2
-65,-4,6
-65,-5,7
-66,-6,6
-67,-7,8
-67,-9,8
-67,-9,9
-68,-7,10
-64,-7,10
-65,-11,13
-68,-11,15
-64,-7,12
-66,-9,7
-69,-11,11
-67,-5,13
-58,-2,16
-55,-2,17
-57,2,18
-66,5,13
-56,10,17
-53,12,14
-55,16,12
-60,18,5
-57,20,6
-58,23,-1
-57,23,-8
-57,25,-6
-56,26,-10
-57,26,-12
-56,28,-8
-54,29,-6
-58,28,-7
-56,29,-7
-55,29,-7
-54,26,-11
-60,24,-10
-59,24,-8
-59,21,-4
-57,18,-8
-57,17,-7
-61,16,1
-60,14,0
-61,11,-1
-60,9,0
-72,10,7
-73,9,6
-67,9,5
-67,11,8
-65,9,10
-67,8,8
-75,12,10
-73,12,12
-70,10,12
-67,9,12
-67,9,13
-67,6,11
-65,5,12
-61,4,15
-59,3,18
-58,2,21
-58,1,28
-59,0,30
-59,0,28
-55,0,27
-53,-1,28
-56,-1,26
-55,1,26
-57,0,26
-60,-3,21
-62,-3,24
-59,-2,30
-57,-1,35
-58,0,28
-61,1,24
-61,1,24
-61,1,24
-57,1,25
-58,1,22
-61,1,20
-62,-1,19
-62,0,19
-61,1,18
-58,2,18
-58,1,18
-59,1,16
-58,1,17
-57,1,18
-63,2,20
-64,3,23
-66,3,24
-69,2,28
-70,1,29
-67,-2,34
-63,-3,41
-61,-1,38
-58,1,36
-50,4,36
-50,4,37
-58,6,36
-62,6,33
-56,6,33
-53,6,29
-55,6,28
-52,7,28
-56,8,27
-59,7,29
-59,6,28
-63,2,28
-60,0,29
-51,-3,31
-52,-4,30
-53,-6,32
-57,-6,32
-61,-7,31
-66,-16,27
-65,-20,29
-57,-22,28
-53,-20,28
-48,-17,30
-51,-14,30
-54,-11,31
-52,-10,31
-51,-12,34
-49,-11,37
-54,-11,41
-52,-10,41
-49,-7,39
-52,-1,32
-58,0,31
-61,3,29
-59,2,27
-55,-2,32
-60,-5,33
-68,-11,28
-69,-13,24
-64,-12,16
-65,-10,19
-53,-6,14
-49,-5,12
-48,-4,12
-58,-5,11
-60,-7,10
-71,-14,5
-74,-14,1
-71,-9,-2
-68,-8,-2
-66,-6,-5
-66,-6,-6
-68,-4,-8
-70,-5,-7
-69,-9,-6
-70,-11,-6
-72,-15,-7
-70,-17,-5
-68,-18,-5
-66,-20,-6
-65,-21,-6
-61,-19,-5
-61,-17,-4
-60,-16,-1
-61,-17,0
-59,-20,5
-58,-22,6
-58,-27,6
-58,-29,5
-58,-31,6
-59,-33,6
-58,-33,5
-58,-32,7
-58,-31,7
-60,-30,6
-61,-29,5
-63,-27,4
-63,-27,3
-61,-26,2
-60,-26,2
-58,-26,1
-57,-27,1
-56,-26,1
-56,-27,2
-56,-27,2
-57,-26,3
-58,-26,4
-61,-25,5
-62,-24,5
-64,-24,5
-64,-22,4
-63,-19,4
-64,-17,2
-65,-16,-2
-66,-13,-6
-65,-11,-7
-65,-7,-10
-65,-7,-10
-65,-7,-10
-63,-6,-10
-64,-4,-10
-65,-3,-11
-66,0,-10
-67,0,-11
-68,1,-11
-67,2,-10
-65,2,-7
-64,1,-5
-64,1,-4
-64,-1,-2
-63,-2,-2
-65,-3,-1
-65,-4,-1
-67,-4,-1
-67,-3,-1
-67,-3,1
-67,-2,1
-67,-1,1
-67,0,1
-66,2,-1
-65,4,-3
-66,5,-4
-66,4,-5
-66,3,-5
-69,0,-6
-71,-1,-7
-77,-7,-9
-80,-9,-11
-77,-13,-8
-71,-13,-6
-63,-17,-1
-61,-19,2
-55,-23,6
-51,-23,9
-50,-22,11
-57,-20,9
-61,-18,6
-65,-13,5
-65,-11,4
-62,-8,4
-60,-6,5
-59,-2,3
-59,1,3
-64,5,1
-68,5,-1
-73,5,-2
-86,-3,-5
-86,-8,-6
-79,-14,-6
-74,-13,-5
-65,-13,-5
-60,-14,-4
-50,-13,-3
-49,-12,-4
-54,-9,-8
-56,-8,-12
-65,-8,-18
-67,-7,-20
-65,-5,-20
-63,-4,-19
-64,-5,-18
-66,-7,-15
-69,-9,-13
-72,-12,-7
-71,-14,-5
-67,-13,1
-65,-11,2
-65,-9,4
-66,-8,6
-65,-8,8
-64,-8,9
-62,-9,8
-66,-8,6
-65,-7,6
-63,-7,7
-62,-7,8
-61,-7,9
-61,-8,9
-63,-9,11
-63,-9,12
-63,-9,12
-63,-9,13
-62,-9,14
-62,-9,14
-63,-10,13
-63,-9,15
-64,-8,15
-65,-6,14
-64,-4,14
-67,1,16
-71,1,16
-64,4,26
-65,5,30
-63,5,33
-57,3,33
-47,-3,34
-43,-7,35
-43,-8,36
-38,-10,41
-34,-11,45
-32,-15,42
-28,-16,45
-22,-21,60
-23,-23,63
-29,-25,54
-45,-29,58
-35,-27,64
-28,-25,66
-19,-16,68
-16,-20,56
-16,-22,54
-20,-15,58
-19,-13,53
-37,-10,52
-33,-5,58
-33,0,60
-37,4,59
-51,4,45
-61,5,36
-62,8,30
-69,9,24
-60,15,10
-59,12,3
-65,10,2
-67,8,9
-66,8,14
-67,1,18
-71,0,18
-61,2,24
-58,1,25
-63,-1,22
-61,2,21
-57,4,29
-60,6,30
-57,8,24
-62,8,21
-66,11,25
-65,10,21
-62,10,22
-63,10,26
-59,9,23
-60,8,9
-60,9,8
-59,9,12
-56,8,10
-59,11,6
-71,5,4
-71,3,6
-73,2,6
-72,2,7
-66,2,6
-66,2,5
-72,1,4
-72,0,4
-68,1,8
-68,2,12
-64,1,12
-64,-1,10
-56,4,16
-57,5,17
-59,3,15
-64,-1,8
-63,-1,9
-61,1,8
-59,3,8
-55,6,7
-58,7,8
-67,4,6
-74,1,6
-84,-3,5
-80,-4,4
-71,-2,10
-61,-2,17
-57,-2,19
-58,-7,20
-61,-8,20
-66,-12,21
-66,-13,20
-67,-20,23
-64,-22,26
-56,-26,29
-51,-29,28
-47,-28,29
-44,-26,29
-39,-24,26
-50,-23,23
-58,-25,24
-55,-24,23
-55,-23,21
-68,-19,12
-68,-19,7
-75,-23,12
-71,-20,27
-58,-20,42
-56,-22,44
-50,-16,42
-42,-14,34
-54,-23,14
-67,-45,-6
-46,-59,2
-80,-65,-14
-72,-58,-12
-45,-41,0
-43,-37,3
-34,-35,12
-34,-37,16
-34,-38,23
-35,-38,29
-39,-36,40
-40,-33,42
-47,-30,42
-61,-36,42
-65,-38,38
-71,-42,29
-74,-42,25
-73,-42,23
-69,-41,22
-65,-39,21
-65,-38,19
-58,-34,16
-57,-32,15
-57,-30,12
-53,-26,10
-53,-25,9
-55,-23,8
-55,-21,8
-57,-19,7
-57,-18,7
-58,-18,8
-57,-18,9
-56,-14,13
-55,-12,17
-56,-10,25
-58,-13,31
-57,-15,34
-55,-20,38
-57,-25,40
-60,-32,40
-57,-37,40
-44,-50,41
-43,-57,36
-54,-60,35
-52,-59,32
-44,-49,31
-43,-38,33
-42,-19,21
-50,-4,14
-62,16,3
-68,16,2
-60,9,1
-68,-5,14
-79,-13,17
-78,-40,2
-78,-43,5
-70,-45,8
-65,-43,8
-63,-36,9
-65,-34,9
-64,-27,7
-66,-24,9
-66,-21,8
-69,-26,7
-67,-26,9
-60,-28,12
-56,-28,12
-54,-27,12
-54,-27,10
-53,-24,10
-53,-23,11
-50,-21,11
-50,-19,11
-55,-16,9
-57,-16,9
-61,-17,8
-62,-18,11
-60,-19,12
-60,-18,15
-60,-19,17
-62,-20,19
-61,-22,20
-54,-23,27
-53,-26,29
-48,-28,31
-48,-30,32
-42,-34,39
-37,-40,36
-38,-38,48
-43,-37,55
-39,-30,60
-39,-25,59
-39,-23,59
-43,-22,66
-42,-24,66
-43,-24,70
-42,-27,69
-44,-22,70
-44,-17,68
-36,-12,63
-34,7,54
-34,12,50
-29,21,39
-29,23,32
-34,24,17
-31,26,10
-29,25,-17
-31,26,-30
-26,24,-51
-19,21,-60
-18,16,-70
-15,20,-69
-8,18,-65
-4,18,-60
-3,19,-54
3,21,-44
3,26,-38
-4,22,-27
-9,26,-23
-10,30,-13
-13,26,-7
-24,24,7
-31,24,12
-26,16,33
-25,13,40
-31,15,56
-38,10,60
-41,9,61
-79,9,44
-94,12,28
-108,21,21
-98,23,17
-80,27,11
-76,28,6
-70,33,0
-73,33,0
-83,22,-1
-84,16,-4
-77,9,-5
-61,8,-2
-59,7,-2
-55,4,-5
-56,5,-4
-54,9,-2
-58,11,-1
-62,7,1
-63,7,1
-72,7,5
-75,5,7
-66,0,12
-65,-2,21
-63,-3,23
-61,-1,20
-63,-1,17
-67,-4,12
-70,-3,11
-64,-1,12
-64,-1,11
-64,-2,17
-62,-4,19
-61,-6,21
-59,-7,23
-53,-7,29
-49,-8,35
-47,-10,38
-45,-12,38
-54,-14,38
-54,-15,40
-51,-12,40
-49,-11,36
-49,-13,34
-57,-16,35
-53,-12,39
-50,-10,39
-53,-12,37
-54,-15,32
-58,-15,29
-61,-13,27
-62,-11,23
-59,-14,20
-63,-12,18
-65,-13,15
-64,-13,12
-63,-12,12
-66,-15,6
-68,-13,7
-69,-12,4
-65,-11,4
-68,-8,-2
-79,-3,-8
-71,-1,-7
-58,7,-2
-60,14,1
-63,20,4
-59,22,3
-60,26,9
-61,27,10
-54,24,10
-52,23,14
-59,20,14
-58,16,12
-60,8,21
-56,-2,37
-62,-1,37
-65,4,46
-64,11,39
-60,16,32
-49,18,39
-44,35,42
-49,34,32
-52,38,32
-49,39,33
-45,38,33
-39,31,32
-33,25,34
-33,21,38
-35,20,40
-22,22,43
-23,17,39
-39,16,48
-39,23,48
-30,28,47
-31,29,43
-31,35,45
-30,35,45
-35,35,48
-37,38,45
-34,40,50
-27,33,53
-26,32,51
-27,30,52
-20,27,53
-25,22,39
-35,18,29
-36,18,15
-41,19,7
-63,22,-22
-61,24,-21
-61,32,-8
-74,27,-24
-75,25,-13
-80,18,-7
-78,15,-7
-70,18,5
-54,10,-10
-69,13,-11
-68,16,-8
-55,14,-10
-64,17,-12
-61,21,-12
-52,26,-10
-53,27,-9
-56,32,15
-48,30,22
-71,31,15
-74,30,9
-58,30,16
-53,31,21
-49,25,26
-53,26,36
-54,21,26
-56,19,24
-56,20,25
-53,21,26
-53,19,23
-50,23,26
-46,25,30
-45,28,31
-44,26,28
-54,31,26
-54,33,29
-49,30,31
-56,30,29
-50,33,30
-47,34,31
-40,28,30
-50,28,32
-51,30,34
-43,27,34
-46,30,40
-43,33,41
-39,29,38
-46,29,38
-47,28,37
-36,28,41
-37,28,40
-37,25,41
-37,26,44
-22,24,48
-10,18,52
-13,17,57
-21,18,60
-23,16,59
-15,14,66
-10,11,70
-16,6,67
-23,8,62
-21,16,55
-12,14,57
-19,3,56
-14,2,73
-15,12,65
-24,14,57
-23,13,58
-28,13,56
-37,12,51
-47,19,48
-50,22,44
-50,27,45
-60,30,40
-54,20,21
-42,15,26
-42,8,41
-53,7,31
-24,7,56
-31,8,44
-20,4,50
-26,9,62
-26,9,55
-21,9,62
-11,9,66
-58,15,37
-50,13,42
-37,11,56
-39,10,55
-41,9,44
-40,6,50
-39,6,51
-45,7,45
-47,5,42
-42,4,47
-41,5,46
-45,8,44
-44,7,46
-44,8,50
-40,10,53
-34,8,54
-34,7,52
-39,8,51
-42,0,41
-56,12,27
-15,3,59
-21,1,71
-21,1,71
-34,2,55
-34,5,59
-29,3,61
-28,0,50
-26,3,59
-35,4,56
-37,6,51
-30,10,55
-22,8,68
-33,10,61
-36,9,53
-25,8,53
-34,8,52
-36,9,53
-29,7,58
-39,8,52
-39,9,48
-27,9,61
-27,11,63
-30,11,57
-31,10,42
-45,11,46
-41,10,52
-36,12,53
-40,11,49
-55,14,32
-59,17,23
-59,23,8
-61,22,-7
-81,23,-14
-70,26,-7
-64,23,-9
-64,20,-6
-49,15,14
-58,9,8
-74,6,4
-74,5,9
-56,-1,17
-77,4,-1
-67,6,7
-60,7,16
-55,10,22
-62,9,17
-10,23,62
-4,28,75
-25,42,55
-38,43,42
-41,28,28
-30,26,40
-22,18,48
-16,10,44
-40,8,56
-46,12,51
-38,14,41
-43,15,40
-27,15,58
-22,18,67
-31,12,51
-19,16,61
-19,16,62
-23,11,56
-35,7,52
-55,6,37
-62,10,41
-52,15,35
-53,10,23
-52,10,28
-51,14,37
-67,29,27
-52,20,27
-57,18,28
-53,21,38
-52,25,37
-60,22,28
-59,21,28
-63,14,22
-58,13,23
-53,13,32
-51,16,31
-54,15,30
-53,15,31
-69,14,13
-61,17,20
-65,15,20
-62,15,25
-62,17,26
-63,17,25
-57,16,28
-54,18,30
-53,15,29
-60,12,31
-68,13,32
-55,17,24
-53,15,24
-64,11,35
-58,14,35
-49,15,28
-66,12,16
-63,11,22
-44,13,27
-47,16,23
-47,18,12
-44,19,5
-41,22,-3
-44,22,-12
-37,20,-27
-40,19,-30
-50,15,-39
-53,13,-46
-56,13,-51
-66,13,-65
-74,10,-61
-79,11,-58
-77,9,-60
-51,6,-45
-38,6,-28
-55,8,-22
-58,8,-24
-60,8,-24
-62,9,-23
-51,8,-9
-48,3,1
-50,0,6
-62,-6,10
-59,-7,13
-59,1,10
-57,5,7
-59,16,7
-63,16,-5
-70,20,-14
-73,18,-13
-78,14,-36
-72,8,-38
-55,8,-24
-79,2,-11
-87,11,2
-46,5,0
-65,-4,0
-75,-10,3
-60,-7,16
-42,-5,33
-44,-12,39
-51,-18,40
-53,-16,42
-44,-20,49
-40,-21,48
-57,-15,41
-45,-16,46
-51,-16,41
-53,-11,43
-50,-8,46
-52,-8,42
-52,-10,39
-69,-11,33
-67,-6,34
-60,2,27
-61,5,23
-52,11,-6
-56,11,-24
-61,18,-31
-55,18,-19
-38,19,-11
-48,16,-9
-52,17,-2
-50,17,2
-60,13,-2
-77,19,-3
-79,16,-21
-63,15,-38
-57,18,-31
-55,16,-23
-59,16,-19
-66,14,-20
-66,7,-25
-72,5,-23
-75,11,-16
-73,13,-11
-72,17,-7
-67,17,0
-53,11,10
-59,10,12
-50,8,34
-42,11,48
-45,9,42
-46,5,32
-55,10,32
-45,11,24
-52,16,26
-60,17,4
-63,18,-4
-76,17,-7
-78,16,0
-68,17,-1
-69,17,-9
-68,24,-6
-61,25,0
-51,24,12
-54,25,17
-57,32,22
-60,30,21
-49,28,25
-44,25,33
-48,27,35
-39,24,39
-43,23,37
-50,23,36
-52,24,40
-43,24,44
-40,22,42
-50,17,36
-52,20,42
-45,20,46
-45,21,45
-47,23,38
-42,23,47
-45,22,45
-49,18,31
-42,24,35
-36,27,41
-37,29,44
-33,25,39
-46,27,49
-24,24,54
-14,24,51
-21,21,50
-45,22,38
-36,17,50
-30,20,56
-34,12,57
-20,18,44
-18,1,48
-50,9,45
-42,9,47
-26,6,54
-27,-1,48
-43,-3,41
-63,0,23
-52,7,30
-71,15,12
-70,14,5
-66,14,2
-64,16,8
-48,3,5
-71,-1,1
-57,-2,13
-54,-7,21
-62,-18,19
-53,-22,25
-51,-34,33
-60,-46,29
-59,-46,36
-52,-41,46
-50,-39,51
-49,-25,53
-54,-21,53
-64,-15,51
-64,-15,39
-52,-14,31
-56,-14,29
-64,-12,21
-65,-8,16
-66,-5,6
-64,-2,3
-67,-2,7
-69,-4,14
-66,-3,9
-60,2,5
-68,2,7
-72,5,7
-73,7,1
-73,11,2
-70,11,6
-69,14,16
-63,15,18
-56,15,12
-51,19,8
-52,19,9
-45,16,6
-57,13,12
-62,14,18
-61,11,19
-56,11,30
-56,12,29
-52,16,28
-48,18,26
-40,22,13
-48,16,2
-61,8,0
-74,7,13
-70,7,19
-76,2,16
-90,-4,8
-78,-6,34
-61,6,48
-34,14,42
-49,10,23
-38,14,37
-23,12,41
-33,-1,45
-6,2,66
5,5,72
0,-13,100
-9,-17,94
-61,-3,27
20,-7,52
-49,-21,35
-45,-15,51
-33,-12,58
-24,-10,63
-30,-12,66
-29,-12,66
-25,-21,68
-5,-16,77
-9,-17,69
-32,-13,49
-29,-6,56
-42,1,46
-48,1,36
-46,0,49
-39,-1,56
-33,0,59
-34,2,53
-37,2,43
-38,2,46
-31,2,56
-32,3,50
-33,3,50
-38,3,55
-40,3,56
-38,3,57
-34,3,61
-26,1,57
-33,1,50
-53,-6,42
-46,-4,46
-40,-1,49
-40,-1,48
-40,0,49
-41,1,49
-41,0,46
-43,-1,47
-42,-1,49
-43,-1,51
-43,0,51
-41,0,51
-41,0,49
-41,0,47
-42,0,46
-43,1,46
-45,0,47
-45,0,48
-44,0,48
-43,0,48
-42,-2,48
-41,-4,48
-45,-2,45
-46,-2,43
-44,0,47
-44,0,52
-35,3,54
-41,4,49
-37,5,46
-46,4,49
-47,4,50
-47,5,49
-49,3,49
-46,4,51
-41,4,50
-26,5,54
-25,2,54
-40,-4,47
-44,-3,44
-42,-2,45
-41,-2,47
-37,2,48
-38,-1,51
-40,-1,51
-58,0,38
-61,0,37
-37,1,61
-30,3,61
-46,3,44
-57,2,36
-61,2,34
-58,2,35
-53,2,37
-51,2,38
-49,2,39
-50,1,41
-49,1,41
-50,0,39
-51,-1,38
-52,-2,40
-52,-1,40
-51,-1,39
-53,-1,39
-56,-2,34
-58,-1,31
-58,1,32
-54,3,32
-49,6,32
-48,8,34
-47,8,33
-49,4,37
-54,0,36
-55,-2,36
-52,-3,35
-54,-4,32
-55,-6,35
-47,-9,48
-47,-10,48
-42,-7,47
-42,-6,46
-44,-4,44
-42,-5,49
-40,-5,54
-39,-7,57
-37,-6,59
-36,-5,58
-36,-6,57
-47,-6,48
-53,-6,42
-59,-4,35
-54,-3,33
-50,1,33
-51,4,27
-60,2,20
-60,8,27
-49,13,33
-43,16,29
-46,18,20
-69,19,-4
-71,16,-11
-76,10,-12
-77,5,-6
-68,2,4
-60,0,6
-64,1,9
-67,2,7
-66,4,7
-69,-1,-7
-75,-2,-8
-65,1,-9
-63,3,-9
-62,7,-9
-62,7,-13
-64,8,-19
-57,12,-12
-62,8,-13
-61,7,-8
-68,7,-11
-63,7,-14
-49,8,-5
-67,6,-24
-68,7,-22
-59,11,-12
-59,12,-11
-60,13,-8
-60,13,-10
-69,14,-13
-68,16,-11
-59,18,-8
-62,16,-11
-66,15,1
-61,17,11
-65,15,9
-55,19,17
-55,17,21
-58,16,22
-58,17,21
-53,20,21
-50,19,20
-66,16,18
-69,16,20
-56,19,27
-51,18,26
-48,16,28
-51,15,22
-62,12,9
-70,13,5
-71,14,0
-57,13,4
-59,13,1
-70,12,-4
-66,12,-7
-63,11,-5
-62,11,-5
-66,9,-7
-66,8,-10
-64,9,-14
-54,5,-23
-58,5,-22
-66,5,-22
-62,7,-20
-54,5,-24
-54,6,-22
-60,4,-31
-57,4,-29
-56,3,-33
-59,6,-29
-58,6,-23
-49,1,-14
-66,9,-24
-56,7,-47
-44,7,-46
-34,6,-46
-39,6,-45
-35,6,-41
-49,4,-49
-52,2,-53
-47,2,-42
-50,0,-37
-49,-4,-38
-52,-10,-30
-58,-16,-27
-61,-16,-29
-67,-14,-30
-65,-14,-28
-69,-12,-32
-69,-10,-30
-66,-7,-20
-56,-6,-8
-71,-6,-4
-62,3,14
-57,4,17
-58,2,18
-58,-3,31
-44,0,43
-52,-2,42
-52,-2,45
-50,-2,48
-51,0,45
-47,0,48
-46,-1,45
-53,-2,34
-66,-9,7
-64,-16,9
-54,-16,20
-51,-12,27
-48,-1,40
-53,4,44
-52,8,45
-44,14,54
-40,19,64
-41,24,71
-53,20,59
-63,12,40
-54,8,43
-46,-1,45
-49,-3,35
-50,-9,13
-57,-17,2
-63,-23,14
-52,-16,23
-52,-11,26
-50,-1,35
-48,4,43
-49,10,52
-50,15,65
-55,21,64
-64,21,48
-63,23,36
-56,19,38
-58,10,30
-57,6,26
-59,-4,14
-63,-18,0
-59,-20,7
-50,-26,16
-46,-23,20
-55,-12,32
-49,-5,42
-46,3,46
-54,7,49
-52,22,66
-55,28,68
-72,29,43
-72,24,38
-63,16,34
-57,9,23
-56,2,15
-59,-14,7
-62,-22,8
-55,-24,10
-53,-23,8
-47,-15,31
-49,-12,44
-45,-3,55
-48,-3,50
-50,-3,41
-56,-3,44
-64,-3,48
-66,0,41
-73,0,33
-61,4,20
-58,7,12
-73,4,-4
-79,5,-4
-71,6,-4
-70,7,-5
-70,10,-7
-64,11,-7
-61,16,-5
-56,18,-5
-52,19,-3
-52,23,3
-41,22,8
-44,13,19
-71,16,17
-63,27,19
-52,24,24
-52,16,31
-53,18,39
-39,15,54
-40,12,50
-40,13,55
-53,12,51
-57,12,43
-39,17,32
-44,8,43
-20,5,53
-24,1,48
-50,8,47
-36,9,45
-35,24,62
-33,26,49
-48,14,39
-57,18,42
-53,8,33
-54,4,39
-57,3,42
-50,5,42
-44,6,44
-33,3,51
-33,0,54
-41,-4,54
-36,0,56
-32,-4,53
-45,-2,51
-41,0,49
-36,0,51
-40,0,52
-45,-1,49
-42,0,49
-38,-3,52
-42,-1,49
-43,1,48
-40,1,46
-40,-1,50
-38,-3,53
-34,-6,57
-40,-7,47
-44,-4,41
-39,-3,40
-36,-1,49
-38,2,38
-44,11,23
-45,13,0
-61,11,-6
-76,9,23
-72,1,10
-84,13,13
-74,8,13
-66,13,5
-71,14,5
-70,16,6
-62,15,10
-65,18,8
-62,16,8
-63,15,8
-58,-44,74
-50,-38,99
-89,2,-4
-82,41,-74
-40,60,-80
-44,49,-58
-45,20,5
-33,5,35
-38,7,55
-42,9,51
-41,8,56
-29,6,64
-30,1,58
-35,-6,62
-27,-3,63
-22,-1,57
-26,-3,60
-25,3,62
-24,4,62
-29,0,61
-26,-2,63
-27,-1,64
-28,2,57
-27,2,56
-27,1,57
-24,1,59
-27,0,59
-27,0,58
-29,0,58
-27,2,59
-25,2,57
-26,1,57
-25,1,60
-24,0,61
-25,0,58
-26,0,60
-24,0,61
-25,0,59
-24,0,59
-20,-1,60
-19,0,61
-20,-1,59
-17,-2,58
-16,-4,61
-18,-3,61
-19,-3,61
-19,-5,62
-15,-4,64
-13,-3,62
-15,-4,62
-16,-7,58
-17,-7,61
-14,-6,63
-19,-10,56
-19,-10,62
-20,-6,61
-17,-7,58
-15,-10,57
-20,-9,59
-19,-9,58
-18,-11,61
-19,-10,62
-18,-9,61
-18,-11,59
-17,-10,60
-15,-11,62
-15,-10,60
-17,-11,61
-17,-13,62
-17,-10,59
-18,-7,62
-17,-11,63
-17,-11,63
-17,-11,59
-13,-7,61
-12,-7,61
-12,-7,62
-13,-6,63
-12,-5,63
-13,-5,63
-14,-5,64
-15,-7,62
-14,-9,63
-13,-9,63
-14,-11,63
-15,-6,60
-8,-6,58
-12,-7,60
-14,-5,62
-16,-4,63
-17,-4,63
-17,-6,62
-17,-8,62
-10,-13,62
-15,-17,62
-16,-16,60
-12,-16,59
-16,-17,62
-21,-14,59
-21,-13,58
-15,-11,63
-23,-8,60
-31,-5,50
-31,-5,52
-33,-10,52
-37,-9,51
-49,-11,42
-46,-12,41
-40,-16,53
-55,-23,42
-56,-24,41
-50,-26,37
-57,-24,37
-68,-23,24
-72,-24,17
-68,-18,25
-66,-17,23
-64,-17,17
-61,-14,20
-57,-11,18
-57,-9,13
-63,-8,2
-65,-9,-6
-62,-4,-11
-70,-1,-21
-67,2,-24
-66,6,-24
-72,4,-24
-46,8,-3
-51,5,-6
-63,4,-4
-68,4,-1
-61,-1,-8
-60,1,-2
-59,2,-1
-61,1,-3
-69,-1,-1
-64,2,3
-63,2,1
-65,1,-10
-69,8,-9
-65,9,-21
-62,11,-24
-61,13,-42
-59,12,-47
-56,6,-51
-56,6,-45
-56,4,-36
-59,1,-29
-61,0,-22
-56,1,-6
-51,-2,2
-59,-6,10
-60,-8,17
-58,-14,30
-64,-18,39
-61,-17,49
-58,-15,51
-53,-13,45
-45,-13,42
-44,-23,46
-56,-23,45
-60,-17,49
-58,-18,47
-69,-16,44
-65,-3,44
-68,7,45
-66,7,24
-78,11,9
-79,16,-10
-70,19,-15
-51,21,-14
-53,21,-13
-43,22,5
-37,24,18
-37,22,20
-43,18,22
-54,15,12
-69,14,-1
-55,14,6
-53,11,14
-55,9,12
-64,11,11
-59,12,9
-56,6,12
-66,4,14
-72,5,14
-49,-2,13
-44,-5,18
-60,-18,32
-74,-21,36
-90,-22,42
-87,-20,40
-80,-20,40
-67,-22,36
-57,-14,38
-56,-13,34
-54,-9,30
-53,-9,23
-56,0,25
-54,3,23
-57,3,20
-66,5,18
-60,4,23
-59,0,30
-57,0,29
-51,0,32
-49,-5,34
-49,-7,40
-41,-7,46
-36,-5,48
-49,-5,45
-42,-4,47
-37,-3,46
-43,-3,42
-52,-1,37
-46,0,43
-48,-1,44
-51,-1,37
-50,6,34
-49,8,33
-51,11,29
-54,13,27
-56,11,22
-57,12,19
-55,14,18
-56,13,15
-59,12,15
-64,9,15
-67,8,15
-69,4,15
-73,4,16
-71,2,17
-72,2,18
-67,0,18
-63,-1,15
-63,1,15
-63,0,12
-66,-1,11
-67,-3,10
-68,-5,10
-75,-9,11
-78,-11,12
-72,-16,14
-70,-14,13
-61,-9,12
-59,-9,12
-54,-16,18
-52,-18,19
-47,-20,22
-48,-19,24
-56,-18,22
-61,-15,19
-60,-13,19
-55,-8,24
-56,-5,25
-66,-4,24
-72,-4,23
-77,-1,21
-73,0,20
-59,0,22
-56,-1,22
-54,-1,21
-63,-1,17
-69,-3,14
-72,-5,11
-70,-5,9
-61,-7,7
-59,-8,6
-64,-9,1
-70,-10,-2
-80,-14,-4
-82,-15,-5
-80,-13,-3
-78,-12,-2
-76,-11,-1
-71,-11,1
-69,-11,2
-65,-11,5
-64,-12,5
-64,-13,7
-63,-12,9
-59,-10,10
-57,-8,11
-56,-2,14
-58,0,15
-62,1,20
-70,-2,25
-70,2,27
-65,1,32
-62,-2,34
-53,-8,31
-47,-8,32
-45,-4,34
-49,-3,32
-48,2,35
-47,3,36
-48,4,34
-47,6,35
-48,8,31
-52,9,34
-53,8,33
-55,8,31
-56,9,29
-72,2,25
-76,0,26
-79,0,26
-75,1,26
-68,0,26
-67,2,26
-61,0,24
-58,-5,26
-58,-10,27
-56,-10,25
-55,-8,24
-49,-4,25
-50,-3,27
-52,-3,27
-55,-6,27
-58,-12,30
-57,-13,31
-57,-17,31
-59,-19,29
-71,-23,21
-76,-26,16
-72,-21,14
-65,-16,12
-64,-19,14
-62,-26,18
-57,-25,22
-50,-19,22
-49,-13,26
-46,-10,28
-47,-11,25
-47,-10,25
-48,-9,24
-53,-9,25
-56,-10,26
-61,-9,29
-61,-7,29
-59,-7,30
-58,-5,30
-60,-4,28
-61,-5,25
-63,-6,23
-64,-6,21
-66,-7,19
-78,-19,14
-83,-26,12
-91,-35,5
-88,-28,6
-74,-24,3
-56,-17,12
-57,-19,11
-58,-22,14
-54,-21,13
-45,-14,15
-44,-11,15
-44,-2,19
-45,0,18
-52,1,20
-59,3,25
-57,1,26
-67,-1,29
-68,0,30
-70,-1,27
-69,-1,29
-66,0,31
-66,0,29
-80,2,35
-85,-1,34
-75,8,34
-63,12,37
-63,8,34
-61,8,38
-61,8,44
-54,20,47
-52,26,46
-51,36,43
-52,40,42
-51,47,37
-50,48,35
-50,50,31
-44,51,31
-30,37,30
-37,30,29
-45,31,29
-40,26,26
-35,18,27
-21,15,28
-12,17,27
-20,3,26
-34,-11,33
-26,-36,54
-30,-34,42
-40,-30,44
-60,-24,40
-42,6,17
-30,22,0
-25,30,-10
-24,26,-13
-32,5,2
-90,-46,27
-123,-85,47
-128,-101,99
-89,-106,121
-22,-97,127
-18,-85,115
-13,-64,87
-16,-57,77
-21,-49,63
-20,-45,57
-20,-32,52
-22,-28,47
-33,-17,40
-39,-9,37
-41,-8,36
-42,-9,35
-42,-10,38
-49,-21,45
-48,-27,48
-37,-32,50
-29,-33,51
-17,-35,55
-12,-37,55
-7,-38,53
-8,-31,58
-7,-27,58
-16,-22,56
-22,-20,54
-31,-17,57
-33,-15,57
-36,-8,53
-41,-7,49
-60,-9,49
-68,-14,47
-68,-21,37
-67,-20,34
-65,-25,31
-59,-31,27
-56,-30,25
-48,-24,24
-47,-20,23
-52,-14,27
-54,-13,30
-55,-9,36
-54,-7,37
-53,-5,33
-53,-3,29
-57,4,17
-63,5,12
-74,4,7
-68,5,7
-72,3,-2
-62,4,3
-57,4,6
-61,-2,0
-58,-3,7
-47,0,22
-50,-4,27
-56,-15,43
-33,-34,49
-32,-31,50
-37,-24,51
-24,-29,58
-20,-31,52
-25,-46,17
-37,-51,33
-30,-47,33
-27,-32,36
-27,-30,41
-36,-32,54
-38,-31,53
-39,-36,42
-36,-39,40
-35,-52,37
-34,-47,38
-34,-38,29
-35,-34,33
-43,-36,37
-37,-41,43
-37,-43,45
-42,-42,45
-46,-38,44
-48,-33,51
-51,-25,51
-36,-20,45
-49,-19,39
-47,-13,42
-39,-10,33
-34,-16,24
-28,-24,43
-21,-34,41
-17,-58,28
-30,-63,49
-38,-48,53
-30,-37,51
-39,-27,42
-39,-26,44
-28,-24,50
-26,-27,50
-26,-29,51
-22,-27,56
-24,-27,53
-14,-29,63
-14,-32,68
-19,-40,62
-17,-37,56
-18,-30,37
-17,-33,46
-12,-35,43
-14,-34,47
-15,-36,53
-13,-39,54
-13,-40,54
-9,-35,48
-8,-38,48
-7,-40,48
-8,-39,49
-8,-40,50
-6,-41,50
-5,-41,50
-5,-41,49
-5,-42,48
-4,-42,47
-6,-43,48
-5,-43,46
-6,-44,46
-4,-43,44
-5,-43,44
-8,-44,46
-6,-46,48
-3,-48,50
0,-47,47
-1,-45,43
-3,-46,41
-2,-48,40
-3,-49,40
-4,-49,41
-2,-48,37
-3,-49,39
1,-50,39
1,-50,38
1,-51,36
0,-52,39
1,-50,37
0,-50,39
1,-50,45
0,-49,44
7,-51,44
10,-53,45
17,-57,36
13,-59,36
12,-56,34
21,-65,30
22,-59,38
16,-46,47
16,-44,44
-28,-29,48
-40,-24,53
-59,-15,40
-71,-11,30
-81,-4,20
-67,0,20
-48,3,24
-35,7,30
-30,8,34
-36,6,34
-33,4,34
-52,4,31
-63,7,38
-31,-25,39
-61,-22,60
-21,-56,60
-61,-33,48
-9,-23,43
3,-25,34
15,-46,33
9,-70,39
-11,-84,24
-44,-103,44
-59,-91,47
-33,-59,32
-45,-48,28
-63,-56,26
-59,-72,15
-72,-63,24
-87,-50,11
-99,-34,2
-88,-19,4
-69,-11,19
-46,-8,24
-40,-5,19
-40,1,23
-44,1,23
-21,5,27
-17,9,29
-11,13,32
7,7,33
12,7,82
2,-1,70
-15,-15,5
-22,-22,-12
-70,1,-77
-26,1,-47
3,6,-53
-92,18,-75
-56,27,-29
-50,-14,-119
-63,-17,-118
-36,-21,-63
-33,-21,-53
-50,-32,-81
-46,-37,-87
-43,-23,-48
-40,-25,-53
-29,-29,-59
-16,-20,-63
-13,-19,-75
5,-16,-62
3,-10,-67
-9,-10,-76
-3,-7,-74
0,-3,-67
-5,2,-66
-7,5,-71
-2,5,-74
-4,2,-73
-5,1,-77
-11,5,-80
-17,1,-70
-21,1,-69
-8,-11,-62
-23,-16,-60
-29,-15,-49
-29,-6,-41
-31,-17,-21
-41,-10,-19
-46,3,-28
-45,-4,-31
-56,-2,-25
-57,2,-29
-44,-10,-18
-69,-11,-8
-71,-19,-3
-49,-33,9
-48,-30,14
-48,-41,12
-53,-46,14
-61,-32,16
-65,-30,7
-75,-29,10
-67,-9,9
-69,9,15
-59,16,24
-73,23,25
-75,24,19
-57,25,25
-70,21,24
-66,19,27
-58,6,13
-64,1,1
-61,-9,-18
-65,-14,-25
-76,-28,-42
-76,-26,-42
-60,-21,-27
-72,-17,-11
-67,-14,-10
-68,-8,-9
-62,-8,-2
-64,-13,10
-46,-32,17
-58,-32,45
-48,-33,44
-62,-8,-20
-50,-26,-7
-55,-36,20
-28,-45,34
-57,-35,19
-43,-41,23
-35,-47,32
-52,-40,20
-44,-38,18
-36,-51,37
-39,-51,33
-29,-46,38
-35,-42,44
-38,-42,44
-32,-44,47
-35,-39,41
-33,-36,48
-56,-37,40
-60,-29,43
-56,-26,28
-18,-21,43
-23,-25,48
-41,-31,42
-32,-31,42
-15,-31,40
-12,-33,47
-22,-44,49
-30,-44,40
-17,-32,47
-37,-41,49
-29,-37,36
-28,-39,44
-29,-32,44
-47,-45,46
-26,-33,33
-42,-22,35
-37,-17,47
-35,-20,67
-24,-31,69
-52,-24,42
-51,-12,40
-41,-15,54
-24,-23,64
-14,-29,67
-29,-24,58
-5,-23,56
-32,-26,16
-69,-24,12
-71,-13,27
-77,-4,25
-74,5,23
-52,-1,35
-43,-8,32
-62,-22,31
4,-27,55
-37,-32,26
-45,-37,31
-57,-34,39
-62,-34,31
-30,-40,30
-26,-42,55
-37,-36,41
-22,-40,39
-5,-43,44
-17,-52,45
-28,-65,48
-23,-61,46
-13,-52,40
-35,-48,24
-22,-52,33
-33,-47,25
-34,-44,18
-31,-38,25
-36,-41,30
-42,-47,25
-39,-44,20
-38,-39,23
-32,-42,25
-41,-41,25
-38,-43,28
-43,-44,33
-48,-42,26
-46,-43,24
-32,-45,26
-31,-47,28
-43,-46,24
-41,-48,21
-41,-44,20
-51,-42,27
-38,-41,21
-37,-40,24
-56,-39,25
-55,-37,29
-48,-36,24
-49,-37,19
-49,-40,23
-50,-35,23
-60,-24,16
-46,-32,18
-46,-33,21
-49,-28,26
-46,-29,27
-2,-65,49
-13,-67,44
-128,-7,13
-72,-4,5
-51,-12,5
-32,-26,18
-16,-28,23
10,-32,18
-21,-35,-6
-52,-72,-4
-22,-67,12
-54,-58,-14
14,-49,-4
-7,-68,22
-57,-78,25
-19,-75,53
-54,-40,-21
-56,-30,-40
-72,-46,-41
-23,-43,-17
3,-49,11
-80,-68,-23
-64,-85,-10
-42,-91,28
-19,-84,64
-39,-69,26
-58,-41,-4
-69,-25,12
-66,-23,13
-2,-13,15
3,-3,28
-34,9,25
-41,6,27
-37,3,38
-54,-13,32
-31,-38,51
-32,-44,56
-29,-45,49
-13,-45,55
-74,-55,23
-48,-42,34
-53,-20,11
-56,-22,26
-41,-26,32
-55,-15,38
-63,-9,33
-60,-13,35
-68,-1,24
-50,-1,29
-60,-8,35
-58,-3,38
-61,-3,37
-61,-18,22
-62,4,24
-36,4,20
-66,-1,30
-56,-10,27
-63,13,40
-56,7,39
-29,6,51
-25,-10,64
-64,-2,-8
-128,15,-103
38,-36,42
47,-40,97
-54,-37,76
-81,-3,37
-84,3,29
-80,-14,27
-55,-30,35
-50,-39,38
-51,-25,41
-50,-11,27
-51,-4,27
-25,24,43
-35,1,13
-39,-22,24
-28,-34,32
-49,-51,54
-46,-23,45
-29,-21,38
-37,-15,49
-42,-15,59
-36,-14,63
-36,-15,63
-35,-15,53
-37,-15,52
-35,-15,54
-34,-15,54
-32,-14,48
-35,-14,48
-38,-16,49
-32,-17,44
-34,-18,44
-36,-19,58
-35,-16,55
-33,-16,58
-31,-15,54
-30,-10,52
-2,-3,73
-41,-9,43
-35,-15,52
-47,-21,48
-48,-22,43
-44,-20,45
-44,-14,45
-37,-14,47
-39,-11,53
-41,-9,56
-34,-10,54
-40,-5,49
-44,-1,50
-43,-4,51
-45,-8,45
-49,-10,40
-46,-13,44
-38,-14,50
-32,-17,47
-43,-18,46
-46,-17,41
-34,-16,43
-23,-18,49
-23,-16,52
-30,-17,53
-46,-7,55
-45,-5,54
-37,-10,50
-35,-8,49
-42,-4,55
-43,-3,57
-44,-5,47
-41,-5,47
-39,-6,47
-43,-8,44
-39,-12,45
-45,-14,46
-35,-12,49
-3,-7,70
-43,-19,47
-68,-13,44
-57,-9,40
-43,-10,26
-47,-19,21
-58,-27,14
-72,-31,2
-73,-34,4
-64,-28,21
-57,-21,24
-53,-18,21
-54,-20,20
-63,-20,20
-71,-18,18
-68,-8,15
-61,-5,20
-58,-4,35
-65,-8,26
-68,-7,20
-67,-8,18
-61,-6,23
-55,-8,28
-59,-9,32
-61,-10,37
-63,-12,39
-67,-7,39
-60,-10,22
-68,-15,20
-61,-17,26
-57,-7,32
-60,-9,29
-58,-9,42
-58,-2,60
-54,-1,42
-59,-3,33
-68,-8,37
-61,-4,43
-52,4,38
-58,11,37
-60,13,31
-56,20,20
-51,24,17
-47,29,3
-45,37,-7
-42,39,-7
-27,40,-7
-25,42,-7
-16,42,-3
-13,42,7
-19,44,9
-32,44,6
-51,43,13
-49,41,13
-37,41,22
-48,40,21
-54,42,25
-44,39,27
-45,39,24
-50,38,14
-44,36,10
-47,28,-3
-45,24,-4
-64,31,0
-63,32,-8
-44,35,1
-35,28,8
-56,25,11
-51,15,10
-70,-2,9
-92,-11,-3
-77,-13,7
-60,-21,22
-68,-33,19
-70,-59,33
-48,-69,48
-22,-74,60
-10,-69,57
-12,-52,48
-23,-42,42
-53,-33,35
-55,-28,35
-49,-20,32
-57,-12,28
-62,-7,24
-72,1,14
-73,4,11
-73,5,12
-73,4,12
-67,4,11
-67,4,12
-64,2,11
-62,3,12
-62,4,11
-65,3,10
-64,4,11
-64,4,14
-65,3,15
-67,4,18
-66,4,20
-66,4,22
-64,4,21
-63,2,19
-61,2,19
-62,0,16
-62,-2,15
-60,-1,14
-61,-3,12
-62,-4,13
-65,-7,14
-71,-12,14
-76,-18,20
-71,-22,26
-47,-19,33
-43,-15,30
-48,-16,21
-50,-15,17
-50,-15,14
-47,-14,13
-51,-6,14
-62,0,13
-67,0,12
-71,3,12
-74,4,12
-83,4,13
-82,3,14
-74,3,13
-74,2,10
-74,1,3
-71,0,4
-66,-5,9
-66,-8,11
-60,-13,9
-75,-19,-1
-80,-20,-7
-76,-19,-7
-76,-18,-9
-70,-15,-11
-61,-11,-9
-48,-6,-3
-46,-6,-3
-44,-2,-1
-44,0,0
-50,4,-1
-53,3,-1
-59,0,0
-68,-8,-3
-72,-13,-5
-83,-19,-6
-85,-18,-1
-75,-13,8
-66,-8,10
-65,-10,6
-68,-13,3
-69,-19,-1
-65,-16,-1
-64,-11,-1
-63,-6,-4
-64,-7,-5
-63,-6,-4
-63,-4,-1
-64,-3,3
-67,-5,3
-70,-4,16
-62,-3,11
-68,4,16
-65,9,6
-61,6,-5
-65,6,-8
-69,8,-10
-46,6,-6
-47,6,-5
-56,1,-9
-47,-4,-6
-35,-10,7
-48,-18,-1
-54,-36,9
-53,-43,12
-62,-50,10
-53,-55,20
-48,-68,33
-50,-66,23
-50,-54,19
-55,-54,35
-57,-43,35
-39,-20,50
-42,-17,36
-69,-10,31
-65,-8,34
-64,-16,30
-68,-23,20
-69,-12,18
-77,-8,16
-83,-5,-6
-80,-3,-6
-70,8,-9
-61,11,-9
-47,11,-20
-71,7,-24
-55,11,-16
-60,13,-24
-49,12,-12
-38,0,-18
-35,-5,-19
-36,-10,-22
-36,-13,-29
-33,-14,-29
-36,-18,-29
-54,-22,-38
-70,-38,-56
-77,-34,-39
-64,-35,-51
-78,-32,-48
-88,-21,-34
-84,-14,-21
-68,6,-14
-58,13,-9
-46,12,-8
-49,8,1
-39,-11,9
-36,-21,28
-31,-40,41
-4,-37,64
12,-35,72
-5,-50,83
-41,-39,57
-30,-16,71
-19,-12,66
-18,-18,73
-17,-10,87
-20,5,72
-39,12,59
-46,20,47
-29,15,44
-29,9,37
-42,-7,57
-52,0,95
-31,-3,43
-34,-4,28
-47,-14,21
-46,-13,26
-38,-12,29
-36,-15,30
-39,-17,35
-28,-14,43
-25,-24,69
-39,-44,83
-10,-54,81
-21,-37,61
-40,-28,47
-30,1,46
-4,18,48
40,31,61
47,35,59
1,11,49
-9,5,72
-47,-20,37
-128,-15,19
-40,17,48
-30,0,47
-32,1,43
-52,-1,7
-61,-6,0
-89,-14,-1
-78,-13,6
-74,-6,2
-68,-8,-3
-65,-11,15
-56,-14,21
-68,-30,-2
-63,-29,-2
-57,-20,7
-54,-10,2
-56,-13,11
-67,-15,-3
-56,-18,5
-61,-18,-2
-57,-22,1
-63,-17,13
-62,-18,11
-61,-9,-21
-71,-14,-31
-61,-19,-2
-62,-21,-21
-65,-23,-26
-70,-27,-29
-62,-27,-34
-49,-30,-8
-45,-29,5
-49,-31,8
-54,-32,0
-63,-22,-8
-60,-21,-4
-53,-27,1
-52,-28,-6
-52,-28,-22
-65,-29,-18
-68,-25,-13
-61,-19,-4
-58,-17,-8
-66,-12,5
-71,-8,2
-56,-18,6
-77,-17,-5
-69,-4,-18
-59,0,-21
-76,-7,-12
-75,-11,-21
-79,-6,-34
-105,1,-39
-106,16,-41
-128,41,-68
-41,52,-41
58,12,-10
-19,0,8
-79,8,-8
-89,14,-16
-58,14,3
-42,3,15
-34,-18,39
-54,-17,21
-18,-15,15
-45,-16,20
-79,-6,0
-55,10,14
-51,3,19
-84,2,0
-79,3,3
-82,5,18
-65,5,34
-64,8,33
-69,7,30
-68,-2,26
-67,-2,23
-58,0,20
-62,-6,11
-64,-6,7
-62,-7,6
-71,-6,3
-69,-10,4
-69,-13,7
-65,-13,5
-62,-15,3
-57,-16,11
-51,-16,16
-47,-21,17
-56,-19,10
-51,-19,15
-51,-19,1
-59,-16,-4
-72,-18,27
-80,-14,27
-77,-2,24
-70,-2,23
-71,-4,25
-72,-3,25
-65,-3,29
-74,-3,18
-44,-3,31
-48,-4,28
-45,-3,29
-44,-1,33
-48,-2,33
-38,-8,27
-92,8,11
-66,5,27
-26,3,39
-63,2,22
-81,4,13
-73,8,17
-58,10,20
-79,12,19
-57,10,26
-53,8,26
-38,4,31
-33,1,37
-49,4,29
-42,5,27
-56,-6,24
-91,-2,19
-85,15,18
-93,15,21
-55,13,34
-34,8,43
-45,14,42
-23,9,41
-17,7,40
-59,9,45
-57,10,44
-24,7,53
-36,10,49
-51,14,26
-30,19,21
-46,-11,48
-96,-10,38
-93,18,2
-40,4,24
5,-12,43
-80,-5,2
-84,2,-41
-61,25,-78
-121,18,-89
-72,8,-58
-26,7,-33
-40,4,-23
-52,10,-26
-49,-4,-22
-38,-3,-21
-61,-6,-37
-79,-15,-45
-59,-19,-32
-81,-17,-24
-80,-15,-29
-49,-11,-20
-43,-3,-5
-39,0,3
-45,1,6
-48,8,8
-56,13,7
-53,4,0
-76,0,-15
-119,-7,-20
-91,6,11
-87,5,2
-44,-15,14
-21,-14,41
-55,-17,22
-49,-13,24
-61,-14,14
-64,-13,4
-71,-11,4
-68,-14,7
-55,-12,28
-50,-11,34
-63,-16,16
-61,-12,19
-62,-15,19
-57,-17,20
-56,-15,21
-61,-14,13
-58,-11,13
-65,-12,19
-67,-16,20
-65,-11,18
-65,-9,18
-51,-16,21
-53,-16,21
-51,-14,-6
-59,-19,-17
-64,-24,-26
-66,-26,-34
-57,-28,-27
-55,-26,-22
-50,-27,-26
-49,-27,-29
-53,-27,-31
-61,-19,-26
-69,-16,-28
-71,-10,-30
-68,-7,-28
-64,-2,-14
-63,0,0
-79,3,-20
-59,-3,-2
-48,-1,8
-68,-1,-5
-72,5,-16
-15,28,0
-124,23,-48
5,8,19
-24,-2,15
-49,6,0
-47,2,-6
-54,-12,-4
-71,-31,-2
-65,-24,1
-65,-14,-12
-64,-11,-17
-73,-17,-6
-27,12,9
-43,1,10
-68,4,7
-60,8,20
-61,2,16
-72,1,7
-83,1,7
-85,-4,11
-67,-3,40
-73,1,40
-69,1,31
-64,-1,29
-60,-7,23
-50,-9,30
-49,-12,26
-60,-14,25
-44,-14,21
-67,-19,13
-61,-9,24
-59,-14,17
-70,-12,25
-59,-14,10
-63,-16,2
-59,-17,7
-56,-16,11
-58,-19,22
-60,-25,23
-50,-28,20
-70,-30,0
-70,-30,-7
-62,-31,-9
-61,-30,-5
-52,-22,7
-55,-21,8
-58,-20,8
-59,-22,9
-59,-28,10
-60,-32,9
-58,-31,7
-59,-30,8
-52,-27,8
-52,-26,2
-58,-27,-5
-64,-25,-14
-60,-22,-17
-58,-26,-4
-69,-25,-5
-61,-22,-6
-61,-22,-2
-69,-33,-1
-71,-26,-14
-96,-7,-37
-76,-5,-34
-23,-7,-16
-42,34,-39
21,30,-5
-109,9,-64
-20,8,-32
-73,7,-15
-75,1,-11
-75,-13,-6
-67,-23,-17
-45,-20,-4
-41,-5,-3
-65,1,1
-54,1,-2
-51,3,28
-64,5,26
-50,3,24
-40,-2,31
-27,-16,58
-45,-33,62
-39,-28,64
-35,-14,55
-32,-15,54
-42,-16,37
-48,-18,35
-40,-14,60
-31,-9,61
-38,-8,60
-38,-4,61
-22,-6,55
-12,-7,56
-26,-13,47
-35,-25,35
-38,-28,31
-52,-13,36
-52,-16,33
-73,-12,33
-69,-10,32
-57,-7,30
-57,-9,27
-76,-12,3
-81,-12,-3
-88,-9,-3
-74,-10,1
-54,-14,13
-38,-18,28
-44,-23,27
-49,-19,20
-46,-23,20
-61,-19,29
-55,-17,27
-84,-17,1
-78,-16,3
-57,-16,29
-52,-17,29
-61,-17,13
-63,-19,5
-64,-20,6
-60,-21,0
-61,-20,-1
-62,-19,-11
-65,-19,-14
-62,-19,-12
-60,-19,-8
-63,-20,-7
-61,-21,-10
-66,-22,-13
-61,-22,-9
-58,-23,-2
-58,-19,-1
-66,-18,-5
-68,-16,-1
-63,-17,-1
-57,-12,-7
-60,-12,-8
-68,-15,-14
-71,-16,-22
-71,-17,-18
-62,-18,-12
-58,-15,-7
-60,-16,-7
-56,-21,-13
-60,-20,7
-60,-21,3
-64,-15,4
-46,-6,16
-57,-11,10
-64,-10,18
-70,-15,18
-66,-8,27
-64,0,17
-65,-2,15
-70,-11,16
-80,-17,7
-74,-18,17
-65,-5,20
-58,-6,14
-61,-13,4
-62,-13,7
-45,-4,31
-41,0,38
-42,-7,40
-56,-8,34
-42,2,37
-52,7,26
-63,4,20
-71,3,18
-73,1,22
-71,0,27
-69,-3,26
-70,-8,19
-70,-8,16
-69,-10,12
-66,-12,10
-60,-12,9
-59,-12,8
-60,-12,7
-65,-11,6
-66,-12,4
-62,-14,2
-58,-17,0
-62,-22,-1
-65,-20,-1
-70,-17,8
-77,7,58
-59,-19,1
-56,-16,18
-58,-10,7
-54,-15,-7
-56,-11,8
-52,-10,12
-45,-16,0
-68,-24,0
-69,-24,8
-53,-29,-3
-69,-28,-5
-78,-30,11
-74,-30,13
-66,-22,12
-61,-20,11
-59,-21,7
-59,-20,7
-56,-17,5
-54,-20,-1
-60,-22,4
-68,-21,2
-77,-19,-2
-78,-11,3
-74,-7,6
-69,3,13
-65,7,16
-62,10,20
-62,11,23
-60,11,27
-59,11,29
-57,14,34
-57,12,31
-55,1,15
-52,-4,0
-44,-6,5
-45,-12,17
-51,-21,12
-47,-34,21
-41,-42,29
-32,-51,30
-30,-57,28
-33,-66,27
-28,-70,32
-24,-58,36
-35,-51,32
-54,-40,19
-65,-35,19
-64,-33,22
-48,-36,23
-43,-37,24
-48,-35,18
-55,-33,11
-62,-28,7
-58,-33,14
-48,-37,21
-51,-36,19
-47,-36,24
-48,-36,21
-44,-36,23
-52,-35,24
-59,-33,18
-50,-34,22
-48,-35,23
-49,-33,22
-49,-33,20
-59,-31,20
-54,-32,22
-45,-34,25
-49,-33,20
-48,-33,29
-37,-33,43
-32,-31,36
-49,-28,35
-41,-31,40
-44,-31,28
-49,-32,27
-61,-30,25
-56,-28,23
-50,-32,24
-50,-34,24
-68,-36,23
-9,-25,29
-67,-31,21
-54,-31,21
-46,-32,25
-52,-32,25
-51,-34,24
-55,-41,29
-51,-47,35
-27,-66,46
-22,-72,41
-15,-65,18
-20,-56,12
-32,-38,16
-38,-38,8
-53,-28,-4
-60,-6,4
-75,1,19
-70,2,4
-73,8,14
-64,10,18
-63,11,15
-58,-4,1
-66,-11,10
-72,-7,27
-75,-10,13
-65,-22,14
-49,-24,55
-34,-23,69
-41,-27,45
-49,-29,52
-52,-24,50
-56,-17,42
-51,-18,32
-44,-23,38
-36,-26,53
-46,-21,47
-43,-23,35
-42,-22,28
-31,-30,27
-32,-43,27
-26,-48,32
-36,-41,42
-40,-35,44
-50,-19,32
-48,-16,26
-48,-21,31
-54,-20,35
-55,-23,35
-64,-21,35
-70,-18,29
-65,-17,27
-52,-25,26
-50,-28,22
-49,-28,19
-44,-25,13
-48,-25,0
-59,-27,-25
-61,-34,-38
-65,-31,-9
-60,-33,-32
-50,-42,-29
-47,-47,-31
-53,-44,-25
-51,-44,-18
-36,-44,-9
-51,-50,-34
-52,-53,-47
-48,-36,-31
-76,-32,-24
-55,-23,-18
-45,-23,0
-23,-39,37
-45,-36,35
-49,-27,5
-60,-27,-1
-50,-40,29
-48,-37,43
-53,-36,16
-57,-31,31
-43,-33,46
-61,-28,13
-46,-27,16
-38,-31,39
-38,-37,46
-39,-37,29
-35,-43,29
-37,-41,25
-41,-43,24
-77,-51,10
-30,-38,48
-40,-35,54
-36,-33,54
-34,-36,45
-38,-41,29
-40,-39,27
-42,-40,27
-43,-41,29
-40,-40,29
-46,-38,25
-47,-38,23
-45,-36,23
-50,-37,18
-53,-37,18
-45,-38,24
-45,-37,25
-48,-35,26
-57,-32,22
-56,-31,20
-51,-36,20
-45,-35,25
-39,-33,28
-36,-32,22
-24,-49,26
-38,-45,30
-46,-45,22
-57,-46,13
-63,-45,13
-64,-45,7
-57,-42,10
-41,-42,11
-42,-44,9
-42,-47,13
-43,-49,14
-41,-52,21
-49,-56,16
-62,-52,15
-53,-49,16
-39,-54,17
-40,-52,17
-47,-46,22
-53,-40,27
-45,-38,27
-27,-34,29
-31,-37,30
-38,-33,31
-36,-33,29
-47,-38,36
-50,-38,38
-54,-36,36
-60,-31,39
-60,-24,48
-47,-18,46
-45,-13,43
-47,-16,35
-51,-18,29
-43,-10,30
-40,-10,29
-37,-8,35
-31,-11,40
-27,-8,36
-30,-7,41
-41,-9,44
-46,-15,42
-42,-16,51
-63,-27,37
-68,-29,38
-62,-22,28
-61,-19,24
-68,-17,28
-62,-14,35
-53,-23,41
-33,-29,58
-28,-16,59
-47,-11,43
-65,-9,16
-62,-4,13
-48,-5,17
-39,-17,33
-51,-21,37
-65,-13,26
-62,-8,23
-65,-3,10
-67,-2,5
-52,-3,15
-68,-8,13
-82,-12,13
-69,-19,25
-52,-29,40
-61,-26,34
-48,-22,45
-37,-17,27
-42,-10,22
-46,-4,19
-50,-6,11
-83,-6,-8
-103,-10,-21
-87,-9,-28
-82,-9,-15
-84,-8,-6
-84,-8,-5
-73,-10,11
-67,-19,7
-65,-24,7
-64,-27,16
-55,-23,16
-48,-30,13
-47,-26,19
-44,-29,16
-51,-35,18
-53,-31,25
-53,-37,20
-46,-38,26
-33,-39,32
-42,-38,29
-53,-34,35
-62,-34,20
-93,-39,-7
-79,-37,17
-56,-29,18
-70,-29,18
-46,-12,28
-54,-6,38
-74,0,31
-58,-3,39
-66,6,38
-60,9,34
-46,10,29
-83,7,24
-74,0,32
-17,-5,53
1,-6,64
-35,-4,49
-60,5,36
-42,1,21
-22,0,25
-98,17,-18
-86,11,-28
-9,3,25
-11,4,22
-80,-7,4
-68,-3,7
-72,-1,4
-94,-12,4
-86,-21,6
-88,-28,12
-78,-27,8
-66,8,-25
-67,12,-43
-56,4,-45
-34,-4,-41
-13,-5,-23
-5,-10,-24
-41,-16,-42
-123,-19,-37
-87,-52,-55
-48,-4,-67
-24,-5,-48
-45,-4,-58
-70,-6,-76
-73,-4,-58
-85,-18,-58
-67,-10,-38
-36,-9,-23
-35,-17,17
-2,-13,53
-23,-13,55
-52,-4,41
-52,6,32
-87,7,8
-104,5,-1
-51,29,13
-19,31,34
-59,19,52
-82,9,27
-54,11,35
-58,-1,31
-29,-22,40
-60,-30,32
-62,-31,31
-25,-34,41
-31,-39,38
-42,-46,36
-39,-45,38
-56,-41,41
-55,-38,53
-40,-33,43
-35,-31,38
-48,-28,39
-43,-29,49
-22,-28,69
-28,-23,68
-43,-24,52
-38,-23,47
-27,-22,48
-61,-26,31
-57,-26,34
-31,-32,35
-39,-34,25
-52,-34,13
-64,-34,8
-46,-34,26
-38,-36,36
-43,-32,33
-40,-33,30
-38,-33,36
-40,-29,61
-35,-27,72
-38,-17,76
-33,-13,75
-49,-17,51
-51,-19,41
-34,-20,44
-46,-23,35
-52,-25,27
-35,-27,32
-48,-31,17
-53,-33,12
-54,-36,19
-40,-40,34
-38,-42,41
-39,-35,40
-42,-35,42
-41,-35,53
-38,-34,54
-44,-26,50
-49,-20,50
-55,-17,55
-47,-17,46
-53,-17,37
-65,-23,14
-60,-20,15
-71,-13,21
-68,-16,17
-53,-10,18
-49,-7,29
-56,4,39
-53,5,34
-67,6,20
-71,10,24
-57,8,23
-61,2,14
-77,2,19
-48,12,41
-44,13,41
-22,6,45
-18,2,48
7,-11,50
2,-18,56
-33,-30,50
-19,-36,60
-10,-26,60
-16,-29,55
-19,-36,46
-22,-36,39
-44,-32,21
-50,-34,27
-31,-35,33
1,-42,29
8,-46,48
22,-46,75
22,-51,89
9,-40,65
24,-28,53
28,-34,83
18,-37,64
8,-47,54
-12,-47,63
-4,-47,71
-27,-39,67
-33,-37,55
-47,-33,46
-49,-28,39
-38,-17,39
-34,-13,37
-47,-9,32
-54,-8,37
-40,5,37
-37,9,25
-53,12,29
-49,22,29
-51,24,33
-50,19,41
-47,22,38
-56,29,23
-69,24,8
-59,21,16
-49,20,22
-50,15,15
-54,15,7
-57,10,0
-48,-1,12
-41,2,10
-4,5,36
19,14,57
-14,19,47
-35,14,46
-73,0,45
-74,-14,42
-76,-20,37
-74,-15,38
-57,-11,46
-59,-19,43
-41,-32,58
-31,-39,62
-32,-41,63
-27,-39,69
-23,-36,69
-8,-33,72
-9,-34,59
-10,-38,72
-29,-35,69
-59,-28,34
-70,-25,28
-51,-11,39
-46,-11,33
-38,-9,34
-55,-3,7
-45,-3,7
-47,1,3
-53,2,6
-43,12,0
-51,1,3
-27,-10,31
-25,-27,36
-26,-62,52
-43,-58,60
-109,-26,14
-97,-24,18
-79,-9,30
-95,-6,11
-85,-14,19
-59,-9,16
-54,-2,9
-52,17,16
-50,14,20
-34,14,31
-32,14,28
-35,-3,47
-22,-6,48
-52,-17,34
-43,-14,59
-39,-19,43
-20,-26,56
-44,-27,55
-51,-31,53
-27,-34,62
-26,-32,50
-28,-29,45
-32,-28,42
-28,-26,44
-35,-33,50
-31,-38,53
-27,-34,49
-30,-31,46
-29,-32,48
-27,-30,48
-29,-30,48
-28,-29,49
-28,-28,50
-29,-28,53
-30,-29,52
-25,-27,49
-31,-28,49
-30,-29,50
-29,-31,52
-26,-30,46
-29,-30,47
-30,-31,48
-27,-32,48
-27,-31,48
-29,-32,48
-28,-32,47
-28,-32,48
-27,-32,48
-30,-33,50
-28,-34,51
-25,-36,51
-27,-36,49
-28,-38,47
-25,-38,43
-27,-38,41
-26,-42,40
-28,-43,39
-27,-49,40
-28,-51,36
-26,-50,33
-26,-50,32
-26,-53,28
-24,-53,27
-22,-55,27
-21,-56,26
-17,-59,24
-14,-61,23
-16,-63,22
-9,-67,23
-7,-66,24
-11,-68,21
-12,-69,24
-6,-62,26
-6,-58,27
-3,-53,36
-7,-50,42
-36,-39,35
-44,-32,24
-56,-22,15
-58,-20,18
-54,-23,20
-53,-24,22
-52,-23,23
-58,-29,25
-58,-28,28
-51,-20,34
-54,-20,33
-60,-21,52
-62,-21,61
-61,-28,63
-56,-22,54
-46,-16,54
-46,-9,40
-49,-8,32
-54,-6,25
-58,-5,22
-62,-2,15
-61,-2,14
-61,-1,17
-58,0,18
-55,2,19
-58,5,19
-62,9,20
-76,8,19
-90,4,16
-97,-2,7
-91,-1,6
-70,5,7
-64,5,7
-71,7,7
-76,6,4
-81,5,-2
-80,4,-6
-68,5,-4
-66,7,3
-51,11,0
-55,14,2
-52,14,4
-29,13,11
-21,13,21
-23,12,28
-27,9,28
-37,7,17
-62,7,7
-70,15,5
-58,18,4
-76,20,-10
-73,21,-3
-69,18,-3
-68,14,-6
-65,14,-9
-64,11,-21
-63,12,-23
-73,9,-26
-68,7,-27
-58,5,-24
-50,5,-26
-48,2,-28
-54,0,-30
-65,-6,-32
-71,-7,-32
-70,-1,-31
-77,0,-38
-74,0,-30
-50,4,1
-66,11,-2
-67,21,-1
-63,21,-1
-61,21,-2
-60,21,3
-58,22,14
-66,19,8
-69,23,14
-69,18,10
-77,17,9
-77,18,2
-66,15,-6
-54,14,-9
-46,14,-6
-60,14,-15
-61,12,-14
-69,9,-12
-66,11,-17
-63,8,-15
-50,9,-6
-56,9,-3
-70,8,-16
-63,9,-9
-53,10,-1
-55,10,-3
-57,8,-3
-54,7,0
-49,6,-3
-47,4,-8
-55,-3,-28
-59,-3,-32
-67,-4,-36
-65,-8,-42
-63,-13,-36
-61,-12,-39
-60,-15,-47
-76,-17,-51
-66,-13,-35
-74,-4,-29
-76,-8,-53
-75,-14,-59
-84,-8,-38
-56,16,10
-47,22,20
-21,29,33
-15,31,41
-14,28,50
-19,6,49
-18,-1,59
-36,-4,64
-28,-3,67
-18,-5,52
-17,-4,52
-25,-1,57
-26,2,60
-30,2,54
-35,3,55
-34,6,57
-32,7,59
-23,3,60
-12,-3,69
-15,-3,70
-42,3,51
-39,7,51
-22,27,66
-32,39,59
-35,44,41
-31,42,37
-23,37,20
-21,33,13
-45,23,3
-41,30,-8
-36,27,-23
-69,17,-83
-82,10,-96
-67,16,-80
-56,7,-53
-61,0,-24
-64,-13,-19
-61,-17,-6
-62,-16,0
-66,-9,-5
-66,-9,-13
-62,-3,-6
-64,5,-2
-61,5,1
-50,10,8
-61,12,6
-78,12,-1
-86,15,-12
-82,18,-5
-75,16,2
-60,14,2
-41,5,21
-54,7,13
-63,7,6
-77,6,3
-60,8,16
-48,6,24
-45,3,36
-49,2,43
-64,2,43
-60,3,43
-54,6,39
-52,4,34
-38,12,32
-43,16,24
-57,24,2
-66,30,-6
-69,41,-11
-61,42,-17
-63,43,-12
-52,40,-9
-68,41,2
-60,38,4
-60,33,8
-66,28,9
-58,26,19
-47,18,29
-44,12,25
-50,11,20
-49,15,8
-55,21,-4
-50,23,2
-46,24,-1
-59,26,-3
-53,24,10
-62,23,8
-86,24,1
-82,26,21
-65,19,10
-65,19,1
-61,15,1
-62,7,-5
-68,9,3
-72,13,-1
-69,25,6
-73,26,8
-69,29,6
-67,30,5
-58,28,11
-56,26,12
-54,22,11
-57,24,11
-63,21,4
-66,22,0
-60,25,-2
-54,23,-1
-56,30,-4
-52,29,-19
-50,30,-18
-46,34,-21
-41,34,-25
-43,35,-39
-52,33,-39
-38,35,-26
-36,34,-27
-35,33,-31
-37,32,-33
-46,31,-33
-51,31,-28
-56,31,-28
-46,31,-32
-43,31,-36
-43,30,-38
-47,29,-38
-47,28,-37
-44,28,-36
-45,29,-30
-44,30,-32
-45,32,-34
-45,34,-36
-46,34,-36
-37,29,-35
-37,27,-36
-44,24,-35
-44,22,-32
-49,21,-33
-56,22,-38
-61,23,-41
-57,25,-39
-41,27,-46
-41,28,-50
-38,28,-49
-30,27,-49
-30,23,-58
-31,26,-67
-31,27,-63
-32,28,-58
-28,28,-59
-21,32,-55
-18,33,-53
-22,32,-51
-21,31,-50
-24,32,-45
-26,34,-42
-27,37,-39
-27,36,-39
-31,34,-37
-34,33,-39
-35,33,-39
-35,28,-32
-38,26,-30
-50,23,-36
-53,20,-29
-47,22,-15
-52,22,-14
-80,21,-45
-85,21,-37
-63,21,2
-64,22,-12
-37,34,4
-36,27,7
-47,24,1
-69,21,2
-80,22,-2
-69,25,1
-65,26,-5
-58,27,-8
-60,26,-7
-68,19,-5
-67,20,-2
-54,20,3
-59,20,-5
-61,22,-1
-53,26,14
-52,28,14
-59,31,9
-61,32,6
-61,34,9
-62,33,11
-58,27,15
-58,23,11
-55,11,-2
-55,6,-7
-62,-1,-31
-48,2,-42
-45,7,-48
-64,21,-59
-55,31,-68
-42,47,-50
-48,46,-44
-58,39,-30
-36,29,-4
-43,25,13
-52,24,23
-52,16,22
-57,10,23
-78,1,15
-72,1,-6
-71,3,-20
-70,2,-17
-51,5,-6
-54,0,-12
-56,0,-14
-79,0,-36
-90,-2,-39
-89,-1,-39
-75,2,-29
-49,1,-21
-51,-2,-12
-54,4,-10
-62,9,-11
-65,11,-9
-68,11,-17
-69,12,-10
-64,15,-2
-60,15,-3
-56,20,5
-55,21,8
-54,22,9
-53,21,13
-63,23,2
-64,27,-3
-61,28,-3
-52,30,-1
-55,32,-2
-55,31,-10
-48,33,-7
-48,33,-4
-46,30,-12
-44,25,-27
-42,26,-29
-51,22,-29
-53,16,-29
-53,9,-23
-57,3,-35
-62,2,-40
-47,-5,-37
-53,-19,-43
-66,-35,-19
-86,-33,-15
-75,-37,-3
-63,-35,18
-38,-31,28
-39,-37,43
-56,-38,35
-56,-22,41
-50,-11,43
-40,-5,51
-47,-8,48
-52,-10,52
-53,-10,53
-42,-7,59
-38,-4,62
-40,-8,51
-37,-5,53
-29,-6,52
-32,-6,50
-36,-11,51
-35,-13,50
-40,-14,49
-45,-17,47
-41,-12,47
-52,-2,48
-50,4,48
-41,9,44
-33,13,50
-33,20,51
-32,21,49
-25,23,55
-27,23,58
-22,23,61
-21,19,57
-23,18,55
-23,20,56
-24,18,55
-17,20,55
-15,21,54
-20,24,53
-21,26,51
-24,26,50
-24,26,50
-25,24,48
-24,25,49
-23,26,48
-24,25,46
-24,25,48
-23,25,55
-22,24,57
-17,21,59
-15,20,60
-16,19,60
-15,20,59
-12,23,55
-12,24,53
-14,27,49
-17,29,49
-26,31,51
-42,25,56
-44,18,60
-35,14,60
-32,16,56
-32,19,57
-34,20,55
-40,22,51
-44,23,48
-50,26,48
-53,26,45
-49,23,38
-48,23,35
-48,23,35
-50,19,34
-46,19,35
-44,21,45
-44,20,46
-39,27,48
-36,31,49
-37,40,57
-38,43,57
-45,44,50
-51,41,46
-48,34,40
-43,25,39
-38,24,37
-25,20,36
-21,19,40
-15,11,48
-19,10,47
-37,8,41
-45,7,46
-36,7,56
-30,3,53
-41,6,62
-41,6,59
-36,3,49
-36,2,50
-28,3,53
-23,6,51
-39,7,46
-32,16,53
-32,16,58
-45,20,50
-46,24,48
-43,29,49
-50,27,37
-64,29,45
-56,29,44
-56,24,38
-41,21,41
-44,18,34
-47,10,21
-55,12,23
-64,22,27
-66,28,24
-66,24,6
-67,24,2
-59,18,13
-33,10,27
-14,-5,49
-39,-1,45
-64,5,41
-83,6,40
-85,11,33
-54,10,12
-50,3,9
-50,4,37
-48,1,50
-54,7,34
-49,4,33
-41,-6,36
-41,-9,31
-39,-8,30
-46,-10,30
-60,-5,33
-23,9,47
-26,22,55
-25,43,39
-24,55,25
-36,74,10
-40,61,-2
-69,23,-63
-99,17,-84
-101,11,-54
-98,-2,-35
-89,-19,-17
-74,-15,-25
-67,-25,-15
-41,-21,29
-45,-14,21
-71,3,-8
-66,1,1
-28,-13,33
-46,-17,40
-59,-18,37
-51,-18,33
-51,-21,30
-66,-23,29
-51,-18,41
-49,-27,38
-63,-32,33
-77,-34,20
-68,-33,15
-45,-35,11
-60,-35,3
-60,-31,-4
-37,-25,11
2,-20,46
19,-23,61
-3,-6,59
-27,-3,47
-60,2,32
-75,32,33
-77,22,31
-54,23,39
-43,21,41
-30,25,28
-37,29,17
-61,37,1
-85,36,-10
-100,28,-12
-86,24,0
-77,29,10
-79,29,6
-86,22,-3
-82,11,4
-71,8,9
-50,9,15
-49,10,15
-55,8,14
-53,9,13
-56,7,11
-59,1,11
-52,4,18
-50,6,20
-50,8,25
-54,9,26
-71,13,30
-89,7,35
-87,4,37
-58,-7,47
-40,-9,49
-32,-10,43
-39,-9,37
-45,-6,29
-46,-7,29
-39,-7,30
-37,-6,32
-39,0,36
-41,3,39
-46,2,43
-46,3,48
-47,4,51
-53,9,51
-54,13,49
-54,19,42
-55,21,37
-47,25,27
-43,29,21
-98,5,-5
-118,-5,-12
-83,-11,1
-66,-13,10
-73,-7,5
-72,-10,3
-62,-9,9
-52,-7,19
-56,-7,18
-58,-7,21
-57,-7,22
-61,-7,22
-66,-8,20
-71,-10,14
-69,-11,15
-61,-10,15
-55,-10,16
-45,-8,22
-44,-7,28
-47,-10,29
-63,-17,29
-78,-21,29
-78,-27,26
-66,-24,25
-56,-15,21
-57,-12,18
-61,-15,11
-61,-18,10
-49,-17,13
-47,-15,14
-47,-11,11
-51,-6,13
-54,-5,14
-60,-8,16
-64,-11,17
-71,-14,21
-71,-13,24
-67,-11,23
-64,-10,22
-62,-5,19
-63,-3,17
-67,0,11
-72,3,5
-71,4,3
-66,3,2
-64,1,1
-67,-15,-13
-75,-21,-23
-82,-36,-32
-79,-40,-31
-68,-37,-22
-57,-33,-18
-40,-30,-15
-40,-30,-14
-46,-30,-17
-51,-29,-18
-53,-28,-16
-58,-24,-17
-61,-22,-17
-66,-19,-20
-67,-19,-21
-70,-21,-19
-68,-22,-17
-61,-21,-14
-59,-21,-12
-57,-23,-9
-57,-24,-8
-55,-25,-6
-56,-25,-4
-55,-24,-3
-56,-25,0
-56,-26,1
-63,-30,-1
-67,-32,-2
-67,-30,-3
-62,-26,-2
-52,-23,2
-49,-22,2
-52,-25,-1
-52,-29,-2
-49,-29,-3
-45,-22,-5
-45,-20,-7
-45,-17,-12
-44,-17,-15
-43,-17,-19
-42,-17,-20
-39,-16,-20
-38,-17,-21
-39,-23,-26
-41,-25,-27
-41,-34,-29
-40,-41,-29
-34,-45,-27
-44,-57,-39
-46,-63,-40
-30,-64,-30
-25,-61,-27
-32,-55,-28
-26,-61,-30
-17,-54,-29
-22,-51,-32
-27,-51,-36
-27,-50,-33
-24,-52,-37
-32,-57,-42
-34,-57,-36
-34,-57,-38
-34,-61,-30
-31,-65,-16
-31,-59,-25
-32,-68,-10
-16,-61,-13
-42,-59,-62
-27,-69,-51
-31,-90,-32
-62,-86,-61
-69,-59,-28
-6,56,29
-70,17,7
-56,-47,-59
-39,-55,-37
-34,-81,-35
-36,-88,-39
-41,-125,-51
-47,-96,-46
127,-18,73
127,-44,74
21,-115,13
-64,-128,-48
-63,-98,-87
-63,-64,-77
-50,-55,-70
-31,-39,-37
-22,-38,-29
-21,-42,-32
-28,-41,-36
-63,-44,-53
-55,-46,-60
-28,-46,-46
-27,-51,-45
-24,-51,-48
-16,-50,-50
-13,-47,-51
-10,-43,-56
-10,-39,-53
-16,-30,-55
-20,-26,-57
-25,-18,-62
-29,-14,-61
-29,-10,-54
-32,-4,-53
-35,3,-48
-33,6,-46
-29,11,-39
-39,17,-34
-41,18,-31
-44,22,-27
-40,18,-19
-61,23,-32
-63,22,-31
-49,25,-21
-71,25,-23
-72,22,-16
-80,23,-18
-68,23,-12
-63,24,-11
-69,27,-13
-36,26,-8
-24,29,-8
-47,34,-12
-47,32,-12
-64,36,-6
-57,37,-6
-32,34,-10
18,29,-41
-65,41,-38
-59,39,-18
-40,28,-27
-41,29,-38
-33,38,-34
-10,34,-25
-16,36,-31
-22,33,-35
-19,23,-41
-16,13,-57
-15,10,-64
-38,24,-58
-41,20,-48
-34,10,-36
-40,9,-35
-44,11,-27
-45,3,-26
-49,1,-15
-49,1,2
-39,2,10
-66,9,20
-71,6,24
-45,-3,43
-44,-2,42
-99,-42,27
-102,-56,41
-69,-59,37
-102,-58,12
-120,-68,47
-39,-19,43
-22,-19,15
-66,-40,8
-57,-21,-15
-93,-35,-26
-77,-28,-8
-77,-20,5
-80,-13,6
-65,-18,14
-68,-17,21
-79,-5,5
-55,6,-1
-62,-11,15
-71,5,0
-64,10,-8
-41,17,-9
-57,20,-11
-53,17,-7
-59,22,-2
-58,27,-18
-55,28,-18
-57,35,-8
-64,39,-17
-42,43,-24
-43,44,-25
-47,42,-21
-48,41,-8
-40,42,-5
-31,41,-11
-29,39,-18
-15,34,-20
-25,31,-13
-41,23,-14
-45,21,-20
-52,18,-25
-45,14,-20
-53,10,-23
-58,12,-24
-60,14,-24
-65,16,-27
-64,17,-27
-64,19,-22
-65,21,-18
-66,24,-20
-66,25,-22
-61,22,-32
-61,20,-39
-64,19,-41
-65,20,-35
-66,16,-30
-68,12,-30
-70,8,-28
-62,6,-27
-62,4,-28
-50,0,-35
-50,2,-31
-61,1,-29
-56,0,-38
-60,6,-25
-66,7,-22
-69,8,-14
-70,8,-20
-63,9,-23
-69,17,-7
-68,19,-7
-59,22,-15
-58,25,-14
-60,28,-6
-59,29,-5
-53,31,-10
-53,32,-13
-51,33,-19
-50,34,-21
-50,34,-27
-50,34,-29
-47,34,-29
-47,33,-31
-46,33,-33
-45,37,-38
-44,36,-41
-41,38,-36
-39,39,-33
-39,40,-16
-36,40,-9
-41,40,-3
-43,42,1
-44,43,3
-42,43,2
-41,46,2
-38,46,-1
-39,45,-3
-42,46,0
-50,45,-6
-57,43,-3
-57,42,0
-62,41,5
-65,43,13
-53,45,20
-47,48,21
-29,48,18
-23,48,14
-29,50,7
-37,50,4
-44,46,0
-43,40,-14
-41,38,-31
-80,37,-4
-65,39,0
-76,38,-4
-77,40,6
-74,32,9
-73,33,17
-62,41,30
-53,42,32
-50,40,31
-54,39,20
-48,38,17
-45,37,4
-46,40,1
-30,40,-5
-22,42,-8
-18,39,-15
-20,41,-12
-17,44,-6
-19,47,-4
-24,51,-4
-28,56,1
-32,57,-1
-37,56,-8
-39,55,-9
-39,58,-3
-39,59,-2
-36,55,-6
-36,56,-4
-35,54,-4
-35,53,-4
-36,53,1
-34,52,3
-30,49,3
-30,47,6
-28,44,9
-27,44,14
-22,36,10
-26,29,13
-31,28,10
-34,20,5
-39,17,8
-55,21,12
-51,17,9
-62,11,8
-69,12,5
-65,9,0
-73,8,-5
-70,6,-11
-63,7,-29
-71,7,-24
-77,8,-35
-75,6,-36
-66,9,-37
-66,9,-44
-72,7,-52
-66,14,-43
-46,22,-51
-42,28,-59
-44,23,-52
-41,14,-47
-37,12,-41
-25,9,-47
-13,8,-56
-22,12,-56
-27,15,-59
-40,18,-78
-40,21,-75
-41,23,-61
-43,22,-60
-46,19,-64
-49,20,-63
-35,20,-61
-28,14,-58
-38,16,-40
-39,10,-35
-45,10,-25
-43,15,-20
-57,15,-19
-70,12,-27
-62,16,-22
-53,21,-19
-53,19,-31
-54,21,-39
-49,25,-38
-59,27,-38
-60,29,-40
-60,28,-38
-54,29,-32
-54,30,-29
-57,30,-30
-57,31,-27
-56,31,-26
-49,32,-29
-51,34,-28
-47,35,-28
-42,34,-31
-41,34,-34
-42,34,-27
-37,33,-23
-36,33,-25
-39,34,-19
-39,35,-20
-44,37,-18
-47,37,-19
-52,37,-21
-51,37,-21
-51,37,-21
-50,39,-19
-50,39,-21
-46,38,-18
-45,38,-16
-46,38,-17
-47,38,-15
-49,41,-8
-50,40,-6
-49,40,-4
-51,41,-4
-47,40,-3
-46,41,-3
-44,43,-4
-41,42,-5
-36,42,-8
-33,43,-9
-33,42,-11
-32,45,-8
-35,44,-10
-37,43,-9
-40,44,-9
-44,42,-11
-46,41,-13
-47,38,-19
-49,37,-20
-53,36,-22
-57,37,-23
-59,36,-24
-56,37,-19
-56,36,-17
-56,36,-18
-53,34,-19
-56,31,-18
-57,28,-15
-57,15,-20
-54,12,-24
-64,10,-16
-64,9,-15
-64,9,-21
-62,6,-19
-57,11,-15
-54,19,-25
-58,23,-31
-55,27,-30
-57,30,-28
-51,35,-24
-48,38,-21
-53,41,-25
-54,40,-27
-51,40,-29
-51,40,-31
-53,44,-31
-57,40,-30
-54,36,-30
-48,34,-26
-48,33,-19
-50,30,-22
-51,29,-23
-49,28,-23
-48,28,-26
-50,28,-30
-49,28,-30
-47,28,-30
-48,27,-33
-51,27,-36
-51,26,-35
-52,27,-35
-53,28,-35
-53,28,-32
-51,30,-28
-50,31,-27
-49,32,-21
-55,32,-22
-54,30,-18
-51,30,-17
-45,30,-18
-45,29,-20
-57,25,-26
-56,18,-28
-55,17,-30
-57,13,-35
-54,12,-32
-64,6,-36
-61,7,-35
-53,10,-30
-48,12,-25
-40,12,-26
-38,14,-28
-45,13,-32
-45,10,-34
-44,6,-49
-59,5,-52
-62,-1,-47
-43,-7,-44
-41,-8,-49
-49,-11,-39
-55,-7,-35
-41,-1,-18
-43,0,-15
-75,-9,-38
-63,-7,-27
-33,-10,-13
-12,-12,1
-37,-37,14
-59,-45,13
-57,-42,22
-53,-39,23
-54,-39,18
-64,-39,5
-78,-42,1
-70,-34,9
-66,-36,11
-70,-40,19
-65,-39,25
-64,-49,18
-71,-55,14
-97,-52,-3
-68,-33,-4
-64,-35,-19
-61,-32,-1
-66,-34,-10
-49,-24,-14
-46,-19,-15
-46,-23,-24
-48,-18,-21
-52,-14,-24
-45,-11,-22
-44,-5,-24
-57,-1,-28
-64,-1,-26
-69,0,-22
-70,0,-18
-89,-18,-19
-51,-33,72
-62,-15,15
-59,-11,7
-68,-20,28
-62,-16,26
-62,-16,30
-85,-13,14
-76,-14,20
-49,-10,26
-83,-22,-3
-51,-22,28
-16,-23,47
-37,-44,40
-14,-37,38
-56,-28,-5
-47,-24,-16
-47,-18,-24
-124,10,21
-67,-9,-3
-82,7,-9
-63,-10,-6
-48,-14,-26
-58,-1,-9
-64,-5,-24
-61,-5,-23
-57,-16,-20
-58,-19,-17
-58,-24,-19
-60,-24,-18
-56,-27,-17
-47,-31,-16
-29,-32,-7
-18,-37,-7
-39,-42,-52
-54,-42,-85
-58,-26,-93
-53,-20,-63
-48,-26,-48
-48,-29,-20
-59,-31,-20
-53,-42,-5
-42,-45,2
-42,-47,-5
-47,-47,-13
-38,-49,-6
-34,-49,0
-47,-35,-12
-60,-32,-15
-69,-29,-7
-61,-35,-14
-62,-32,-8
-29,-36,7
-22,-31,38
-43,-33,22
-43,-33,28
-48,-30,26
-40,-27,33
-38,-30,37
-44,-29,38
-41,-27,46
-36,-26,52
-39,-27,47
-44,-26,44
-35,-28,42
-17,-30,53
-18,-35,48
-28,-41,39
-30,-38,44
-33,-46,41
-26,-53,39
-30,-52,46
-30,-44,47
-33,-41,47
-32,-39,42
-36,-37,37
-54,-38,24
-61,-37,24
-64,-30,20
-71,-28,13
-61,-19,14
-56,-15,14
-55,-23,4
-62,-23,4
-46,-13,26
-53,-15,13
-60,-21,9
-67,-21,9
-66,-20,10
-57,-20,10
-59,-19,9
-66,-21,-3
-63,-29,5
-52,-20,19
-55,-21,10
-29,-29,-4
-40,-33,-3
-53,-25,-12
-57,-19,-3
-64,-27,-16
-94,-40,-37
-89,-31,-28
-67,-34,-6
-45,-36,-10
-62,-43,-38
-45,-33,-15
-71,-28,-30
-52,-30,-30
-52,-32,3
-66,-34,-4
-70,-40,-15
-54,-28,4
-70,-25,1
-74,-14,12
-73,-17,-18
-51,-4,11
-50,-7,9
-66,-6,1
-71,-6,-5
-59,-9,-6
-53,-9,-3
-56,-12,-19
-52,-15,-26
-55,-15,-21
-55,-15,-7
-63,-18,-19
-65,-10,-25
-39,-12,-14
-59,-14,-26
-71,-13,-26
-66,-3,-11
-68,3,-2
-46,5,8
-58,5,9
-66,5,-6
-62,4,-14
-67,-1,-24
-61,-6,-23
-68,-9,-25
-65,-10,-15
-71,-10,-19
-71,-5,-12
-57,-6,-6
-56,-7,5
-57,-2,14
-50,-2,25
-44,-6,30
-56,-13,33
-63,-13,35
-51,-16,45
-41,-19,50
-29,-21,51
-31,-21,53
-33,-22,53
-33,-28,52
-48,-27,46
-34,-12,47
-38,-11,40
-42,-10,25
-47,-12,17
-68,-19,3
-77,-25,-10
-74,-25,-6
-62,-23,-7
-59,-28,-11
-96,-36,-17
-90,-35,-8
-60,-31,5
-70,-34,6
-50,-19,56
-44,-16,64
-19,-19,61
-18,-23,62
-17,-27,56
-30,-38,28
-38,-37,17
-39,-30,17
-38,-32,15
-53,-44,4
-62,-48,-4
-90,-32,-36
-97,-27,-45
-64,-26,-31
-61,-23,-26
-72,-26,-39
-65,-30,-38
-34,-29,-17
-28,-46,4
-31,-53,20
-35,-51,-19
-54,-47,-33
-66,-45,-34
-56,-45,-9
-70,-46,-28
-70,-53,-21
-54,-56,-21
-40,-41,-13
-44,-55,-35
-20,-40,-20
-41,-34,-32
-61,-27,-68
-50,-30,-49
-45,-31,-49
-38,-32,-46
-43,-28,-52
-38,-29,-59
-57,-34,-61
-65,-21,-59
-50,-12,-83
-50,-22,-82
-34,-21,-51
-44,-4,-62
29,-16,-47
5,0,-24
-23,-3,-4
-40,-22,-21
-61,-17,-30
-62,-4,-32
-50,-4,-41
-51,-6,-35
-48,-7,-41
-46,-16,-55
-51,-17,-52
-47,-18,-36
-43,-13,-31
-41,-13,-38
-34,-10,-45
-32,-9,-50
-26,-4,-53
-29,-3,-57
-41,-8,-59
-39,-5,-62
-32,-5,-59
-35,-8,-64
-35,-4,-45
-38,-5,-41
-43,-2,-55
-39,15,-55
-71,14,-51
-21,-27,-73
-13,-16,-85
-15,2,-50
-37,-3,-44
-50,-4,-34
-47,-3,-32
-26,-1,-40
-57,-12,-54
-38,0,-36
-47,2,-42
-41,1,-44
-35,1,-31
-29,2,-31
-38,2,-29
-60,-3,-37
-46,2,-21
-56,-7,-22
-34,2,-31
-66,-1,-36
-60,2,-51
-44,1,-50
-32,-8,-53
-50,-8,-54
-43,-5,-54
-50,-2,-42
-60,0,-51
-62,6,-57
-67,4,-52
-40,2,-36
-45,-2,-39
-41,-13,-45
-41,-15,-37
-33,-14,-18
-36,-17,-18
-35,-21,-17
-34,-22,-22
-49,-23,-23
-48,-29,-22
-45,-28,-19
-59,-30,-18
-61,-32,-17
-65,-33,-17
-69,-34,-16
-47,-36,-7
-64,-40,-11
-53,-39,-11
-53,-43,-19
-49,-43,-17
-49,-46,-27
-52,-40,-24
-35,-45,-24
-44,-46,-27
-46,-49,-38
-42,-49,-37
-38,-52,-40
-28,-61,-40
-40,-63,-24
-72,-53,-31
-49,-54,-40
-32,-57,-27
-63,-49,-27
-69,-51,-3
-40,-45,24
-35,-40,40
-40,-38,24
-45,-46,-8
-23,-46,-6
-53,-44,-5
-66,-32,-7
-63,-30,-17
-59,-31,-17
-66,-31,-14
-51,-32,-11
-50,-27,-17
-43,-25,-21
-61,-24,-34
-56,-25,-33
-57,-33,-39
-36,-36,-8
-49,-32,3
-70,-28,-6
-60,-33,-16
-50,-33,-15
-55,-34,-20
-55,-34,-12
-58,-37,-30
-53,-40,-44
-41,-25,-11
-41,-31,-21
-58,-41,-25
-52,-39,-13
-44,-30,11
-45,-38,-5
-46,-53,-7
-47,-61,-12
-38,-56,-2
-28,-51,3
-45,-58,-30
-52,-51,-29
-45,-49,-27
-43,-46,-13
-49,-45,-12
-57,-46,1
-59,-47,2
-63,-44,0
-60,-39,6
-73,-38,16
-82,-40,23
-71,-47,41
-53,-46,61
-45,-39,55
-55,-29,21
-44,-4,11
-58,28,-25
-88,30,-30
-52,24,-18
-24,26,-13
-12,22,8
-18,17,12
-25,-21,22
-11,-26,36
8,-42,31
11,-46,34
13,-61,27
35,-72,51
38,-73,55
40,-72,52
38,-71,54
27,-65,62
10,-64,61
22,-70,62
9,-75,56
-4,-58,65
5,-45,64
16,-45,64
-14,-46,54
-9,-25,65
-16,-29,63
-14,-23,62
-24,-3,42
-44,-1,29
-30,3,33
-28,4,36
-21,13,43
-18,21,36
-32,19,27
-9,18,38
-9,16,31
-14,17,23
-36,4,30
-52,4,42
-31,1,47
-31,-15,35
-53,-26,47
-62,-62,72
-38,-77,88
-6,-50,78
-16,-32,58
-49,-4,38
-50,-1,35
-38,1,40
-33,-1,44
-35,-3,47
-56,-13,32
-58,-13,30
-53,-6,41
-54,-6,44
-53,-4,42
-53,-3,39
-63,-2,37
-63,0,36
-58,1,38
-52,3,38
-49,13,29
-49,20,20
-50,34,11
-43,35,7
-41,31,11
-48,4,18
-85,2,14
-107,-3,-25
-128,-11,-65
-128,-24,-39
-104,-26,-17
-87,-21,-7
-60,-6,1
-24,1,19
30,32,54
12,36,50
-37,30,-1
-43,38,-5
-50,28,-28
-50,23,-36
-81,0,-39
-73,-3,-3
-47,-22,-14
-94,-36,-39
-59,-23,-7
-62,-22,-4
-77,-23,-15
-55,-22,-2
-41,-24,-10
-71,-30,-33
-64,-23,-30
-87,-17,-19
-113,-8,-6
-71,-28,-38
-56,-19,-27
-56,-12,-52
-53,-17,-61
-53,-24,-68
-47,-22,-51
-38,-19,-30
-32,-32,-32
-15,-7,-33
-58,-21,-42
-74,-24,-43
-102,-29,-27
-110,-26,-30
-33,-13,-12
-39,-18,-4
-45,-25,20
-34,-26,35
8,-27,40
-5,-39,52
-8,-5,63
5,-13,48
29,-5,67
18,-11,67
19,-11,68
8,13,52
29,-4,70
38,6,57
28,10,60
9,5,77
-1,8,73
23,4,49
21,1,50
32,0,52
27,1,63
27,11,60
36,-2,46
39,2,52
9,6,51
17,3,61
35,-7,79
41,-15,76
-15,2,36
39,-12,47
10,-11,21
30,-19,62
36,-22,64
43,-21,59
36,-21,56
-8,-29,48
43,-24,51
32,-35,53
7,-31,50
26,-30,45
43,-32,36
35,-36,30
23,-36,36
45,-42,29
33,-23,26
55,-21,37
51,-22,42
49,-20,38
48,-8,31
60,-9,41
45,3,43
44,4,54
37,11,52
36,18,50
-45,19,30
16,29,72
1,19,55
0,43,80
-16,45,79
-11,31,36
-13,24,50
-17,10,66
-7,4,80
2,-3,78
21,3,62
-6,7,26
-14,9,11
-26,11,31
-17,4,20
-20,1,17
-42,3,4
-43,-7,13
-37,-5,16
-51,0,9
-67,-11,9
-58,-11,2
-57,1,-17
-82,0,-20
-86,-24,-10
-128,-18,-30
-126,7,-32
-109,10,-18
-106,6,-8
-87,2,2
-69,4,21
-84,-2,17
-49,-3,17
-57,3,-5
-65,8,0
-69,15,8
-64,14,28
-59,8,10
-38,2,32
-57,3,22
-97,-11,27
-90,-14,19
-95,-9,10
-78,1,4
-34,-8,32
-32,-7,41
-22,-9,44
-5,-14,52
5,6,56
8,2,49
17,12,72
4,13,58
-2,9,61
16,-9,68
33,-9,79
51,13,78
-8,-7,41
32,-6,64
42,-8,64
31,-2,50
27,2,54
13,-9,73
20,-3,63
59,-10,58
50,-6,55
15,4,33
-22,24,12
-16,34,7
48,4,34
42,0,38
53,5,49
43,7,45
15,18,40
12,12,41
10,9,50
4,11,55
2,11,59
1,12,69
-3,15,64
-15,19,53
-8,23,48
-25,21,49
-32,18,50
-12,1,19
-69,9,32
-51,32,44
-2,29,48
-29,35,42
9,14,67
-71,25,2
-69,28,24
-77,34,12
-69,25,7
-94,27,-14
-75,19,-11
-74,16,-15
-75,4,-3
-41,-10,28
-15,-4,50
-52,-11,-38
-128,26,-73
-73,15,-68
-30,15,-16
-56,6,-11
-69,2,-21
-71,6,-21
-71,1,-11
-67,-3,-14
-77,2,-15
-61,10,-32
-55,10,-25
-57,11,-18
-54,12,-18
-58,15,-22
-73,13,-33
-72,16,-39
-76,12,-28
-87,12,-29
-78,7,-11
-72,7,-9
-51,21,0
-58,19,-5
-70,14,-2
-72,9,-2
-64,6,-3
-68,6,-2
-59,14,-24
-38,17,-19
-91,15,-28
-50,8,1
-61,12,-10
-10,16,-44
-50,49,-37
-38,23,-59
-43,28,-75
-31,24,-80
-30,24,-61
-32,27,-38
-32,25,-38
-36,16,-19
-35,26,-30
-25,18,-48
-31,17,-49
-33,16,-39
-23,17,-32
-18,15,-38
-27,12,-48
-28,10,-44
-34,6,-55
-35,3,-61
-40,0,-60
-41,5,-52
-41,8,-47
-36,8,-56
-36,8,-57
-45,3,-50
-57,4,-58
-73,17,-60
-39,8,-46
-45,-3,-48
-51,-2,-54
-52,6,-51
-55,5,-44
-44,0,-45
-40,-2,-41
-45,-2,-34
-55,-5,-35
-55,-4,-34
-52,-2,-49
-44,1,-29
-53,-6,-45
-53,-7,-48
-45,-7,-50
-49,-8,-50
-49,-1,-45
-52,3,-33
-57,3,-27
-64,-3,-28
-48,-6,-30
-50,-5,-26
-53,-5,-13
-49,-5,-4
-43,-2,-8
-52,-3,-36
-66,3,-34
-62,12,-35
-59,14,-41
-55,21,-51
-51,25,-48
-58,31,-30
-58,34,-23
-63,30,-13
-60,24,-4
-55,24,6
-53,21,20
-45,21,28
-46,14,17
-45,14,24
-29,11,34
-32,9,37
-46,8,47
-48,8,52
-44,5,56
-51,10,61
-58,9,49
-46,3,52
-45,0,63
-32,11,68
-30,8,65
-28,12,54
-43,15,45
-33,4,42
-13,-2,50
-6,-6,55
-32,-12,48
-43,-32,39
-14,-33,67
-8,-20,73
-45,-26,41
-46,-25,33
-28,-20,32
-13,-21,34
3,-25,34
0,-30,33
-6,-43,32
0,-44,31
1,-55,31
-7,-60,31
-11,-76,33
23,-91,51
17,-90,56
-24,-72,48
-40,-68,38
-32,-52,33
-26,-50,30
-37,-54,27
-39,-53,21
-19,-61,4
-7,-73,9
3,-75,20
-7,-71,19
-16,-74,28
-3,-75,40
-5,-66,46
-8,-62,44
-24,-60,45
-26,-49,46
-23,-49,43
-32,-45,42
-27,-42,50
-28,-44,48
-29,-45,46
-31,-37,44
-33,-33,37
-32,-27,33
-32,-17,32
-32,-15,32
-38,-10,36
-38,-10,36
-41,-9,39
-39,-8,42
-37,-8,42
-39,-6,41
-41,-5,40
-43,-5,40
-44,-6,43
-43,-13,47
-42,-16,48
-33,-18,54
-32,-19,56
-37,-23,53
-41,-25,51
-37,-25,59
-37,-25,59
-46,-27,59
-51,-29,59
-47,-29,56
-36,-26,51
-25,-23,42
-30,-25,34
-32,-25,33
-31,-22,35
-34,-20,37
-36,-15,40
-37,-12,42
-40,-9,47
-39,-8,50
-33,-6,56
-33,-5,60
-34,-4,64
-37,-3,65
-39,-1,65
-44,1,62
-49,2,61
-67,-2,60
-66,-7,58
-47,-7,50
-40,-2,44
-48,6,32
-55,9,28
-65,11,26
-63,9,24
-53,7,21
-51,7,18
-52,7,17
-55,4,20
-56,2,22
-60,-2,30
-59,-5,32
-51,-8,38
-47,-8,40
-46,-8,45
-46,-8,47
-53,-6,49
-62,-7,48
-68,-8,42
-47,-3,40
-41,2,37
-47,4,31
-54,4,29
-57,6,29
-60,4,31
-60,-5,30
-50,-6,31
-38,-4,31
-40,-4,31
-51,0,32
-61,0,31
-70,3,37
-73,8,36
-69,10,33
-64,15,30
-61,15,27
-64,18,14
-61,19,9
-55,15,-3
-65,7,-6
-71,3,-5
-69,2,-8
-67,2,-10
-64,2,-8
-54,4,-4
-62,-4,-4
-65,-2,-4
-59,-1,4
-54,2,0
-67,7,-2
-62,8,5
-63,4,9
-67,3,7
-76,0,-2
-72,1,5
-61,-2,8
-64,-4,12
-73,-9,15
-78,-10,2
-76,-7,1
-66,-9,2
-62,-10,1
-39,-11,14
-37,-11,11
-50,-16,0
-55,-18,0
-52,-20,-1
-52,-18,-5
-57,-12,-15
-57,-8,-19
-58,-3,-26
-62,-5,-40
-64,-6,-45
-59,-11,-49
-58,-17,-52
-58,-30,-54
-56,-33,-51
-47,-31,-39
-47,-32,-37
-47,-37,-30
-46,-39,-25
-43,-46,-22
-45,-48,-16
-44,-56,-22
-39,-72,-36
-35,-68,-32
-25,-62,-27
-23,-60,-20
-30,-54,-20
-27,-53,-16
-26,-55,-10
-28,-56,-9
-32,-61,-12
-34,-73,-16
-33,-76,-11
-33,-76,2
-33,-76,6
-33,-78,8
-34,-78,10
-32,-73,13
-31,-71,14
-27,-66,16
-27,-63,17
-22,-58,20
-19,-55,22
-13,-49,22
-16,-48,22
-24,-44,24
-30,-45,24
-33,-47,25
-35,-52,24
-33,-55,25
-29,-59,27
-29,-61,27
-29,-59,26
-30,-57,24
-29,-53,23
-27,-51,24
-24,-49,25
-24,-48,26
-20,-46,31
-21,-45,33
-22,-44,34
-21,-42,38
-23,-41,39
-30,-42,37
-33,-42,36
-40,-43,32
-43,-45,29
-53,-54,21
-58,-58,15
-58,-55,4
-55,-50,1
-51,-41,-4
-46,-39,-9
-44,-41,-12
-45,-41,-19
-47,-44,-21
-46,-47,-26
-41,-46,-27
-33,-41,-19
-39,-41,-20
-44,-37,-23
-47,-36,-22
-46,-36,-18
-44,-38,-19
-44,-38,-23
-43,-37,-29
-42,-36,-35
-41,-33,-46
-37,-32,-46
-39,-31,-43
-46,-34,-46
-43,-33,-43
-33,-34,-42
-29,-37,-45
-30,-38,-43
-33,-40,-39
-30,-41,-38
-32,-41,-37
-39,-40,-41
-39,-39,-43
-34,-37,-43
-35,-35,-39
-37,-36,-40
-32,-39,-46
-29,-39,-44
-34,-39,-42
-35,-38,-40
-35,-37,-41
-29,-38,-43
-29,-37,-39
-30,-37,-41
-29,-40,-44
-30,-40,-45
-28,-39,-45
-26,-39,-42
-26,-37,-38
-26,-38,-38
-26,-42,-45
-28,-42,-46
-26,-39,-46
-24,-38,-46
-25,-37,-48
-19,-37,-46
-16,-38,-43
-13,-39,-44
-12,-40,-45
-24,-40,-48
-23,-40,-50
-16,-39,-49
-14,-39,-47
-14,-40,-47
-16,-40,-49
-14,-39,-48
-14,-39,-47
-15,-39,-48
-18,-41,-49
-16,-42,-47
-15,-42,-45
-15,-41,-45
-13,-38,-47
-13,-37,-49
-13,-37,-50
-14,-38,-50
-14,-39,-49
-14,-39,-47
-15,-38,-49
-14,-37,-49
-13,-38,-50
-15,-37,-49
-14,-38,-49
-15,-38,-50
-15,-37,-50
-15,-37,-50
-15,-37,-50
-15,-37,-51
-14,-36,-51
-15,-37,-50
-15,-37,-50
-14,-37,-51
-15,-37,-51
-14,-36,-51
-14,-36,-51
-15,-36,-52
-14,-36,-50
-15,-36,-50
-15,-37,-51
-15,-36,-51
-14,-36,-51
-14,-36,-50
-15,-36,-51
-15,-36,-52
-15,-36,-51
-15,-36,-51
-15,-36,-51
-14,-37,-51
-14,-37,-50
-15,-36,-51
-15,-36,-51
-14,-36,-50
-15,-36,-50
-15,-37,-50
-15,-37,-50
-15,-36,-51
-15,-36,-50
-14,-37,-50
-15,-37,-50
-15,-36,-50
-15,-37,-50
-15,-37,-50
-15,-37,-50
-15,-36,-51
-15,-36,-50
-15,-37,-49
-14,-37,-50
-15,-37,-50
-15,-36,-51
-15,-36,-51
-15,-37,-50
-15,-36,-50
-15,-36,-50
-15,-37,-51
-15,-37,-50
-14,-36,-50
-14,-36,-50
-14,-37,-50
-15,-37,-50
-15,-37,-50
-15,-37,-51
-15,-37,-50
-15,-37,-50
-15,-37,-50
-15,-37,-50
-15,-37,-50
-14,-37,-49
-15,-37,-49
-14,-37,-50
-15,-37,-50
-15,-37,-50
-15,-37,-50
-15,-37,-50
-15,-37,-50
-15,-37,-49
-15,-38,-50
-15,-38,-50
-15,-37,-50
-15,-38,-49
-15,-38,-49
-15,-38,-50
-15,-37,-50
-15,-37,-51
-15,-38,-49
-15,-38,-49
-14,-38,-49
-14,-38,-49
-15,-38,-49
-14,-38,-50
-14,-38,-49
-14,-38,-49
-15,-38,-49
-14,-38,-49
-14,-38,-49
-14,-38,-49
-14,-38,-50
-14,-38,-49
-14,-38,-50
-14,-38,-49
-14,-38,-49
-14,-38,-50
-14,-37,-50
-14,-38,-50
-14,-38,-50
-14,-38,-50
-14,-38,-49
-14,-38,-49
-14,-37,-50
-14,-37,-50
-14,-37,-50
-14,-38,-50
-14,-37,-50
-14,-38,-50
-14,-37,-50
-14,-37,-50
-14,-37,-50
-14,-37,-50
-14,-37,-50
-14,-37,-51
-14,-37,-50
-14,-37,-50
-14,-37,-50
-14,-37,-50
-14,-37,-50
-14,-37,-50
-14,-37,-50
-14,-37,-50
-14,-37,-51
-14,-37,-50
-14,-37,-50
-14,-37,-50
-14,-37,-50
-14,-37,-50
-14,-37,-49
-14,-37,-50
-14,-37,-50
-14,-37,-50
-14,-37,-50
-14,-37,-50
-14,-37,-50
-14,-37,-50
-14,-37,-50
-14,-38,-50
-15,-37,-50
-15,-37,-50
-14,-37,-50
-14,-37,-50
-14,-37,-51
-14,-37,-50
-14,-38,-50
-14,-37,-50
-15,-37,-50
-14,-37,-49
-14,-37,-50
-14,-37,-50
-14,-37,-50
-14,-37,-50
-14,-37,-51
-15,-37,-51
-15,-37,-50
-14,-37,-49
-14,-37,-50
-14,-37,-51
-14,-37,-50
-14,-37,-50
-14,-37,-49
-14,-38,-50
-14,-37,-50
-14,-37,-50
-14,-37,-51
-14,-36,-50
-14,-36,-50
-14,-36,-51
-13,-37,-50
-14,-37,-51
-14,-37,-51
-14,-37,-50
-14,-37,-49
-14,-37,-50
-14,-37,-50
-14,-37,-50
-14,-36,-51
-14,-36,-51
-14,-37,-51
-14,-37,-51
-14,-37,-50
-15,-37,-50
-14,-37,-51
-14,-37,-50
-14,-37,-50
-14,-37,-50
-13,-37,-50
-14,-37,-50
-14,-37,-51
-14,-37,-51
-14,-37,-50
-14,-37,-50
-14,-37,-51
-16,-36,-55
-17,-36,-54
-21,-36,-57
-17,-36,-56
-11,-37,-49
-18,-37,-46
-19,-39,-47
-20,-40,-47
-19,-40,-48
-20,-40,-52
-19,-38,-52
-27,-38,-55
-33,-37,-56
-34,-35,-50
-31,-34,-44
-31,-32,-40
-34,-30,-23
-38,-29,-19
-41,-29,-16
-43,-31,-18
-41,-32,-13
-40,-32,-10
-40,-34,-9
-41,-37,-10
-40,-38,-12
-38,-38,-12
-36,-40,-16
-36,-39,-20
-40,-36,-27
-42,-41,-31
-37,-43,-31
-37,-45,-33
-38,-46,-34
-38,-50,-36
-36,-52,-35
-32,-55,-33
-33,-55,-32
-32,-55,-31
-28,-56,-29
-26,-56,-28
-22,-57,-25
-22,-59,-25
-21,-59,-23
-16,-59,-24
-23,-57,-33
-24,-58,-30
-17,-57,-41
-23,-55,-41
-31,-60,-17
-20,-53,-19
-17,-46,-33
-7,-65,-49
-8,-53,-37
-9,-53,-39
-12,-54,-33
-13,-54,-35
-9,-56,-36
-10,-58,-38
-7,-56,-39
-7,-53,-27
-9,-53,-31
-4,-52,-35
-1,-52,-34
-4,-53,-36
-2,-55,-35
-3,-54,-33
-6,-54,-31
-7,-56,-28
-7,-56,-32
20,-85,-75
-9,-51,-10
-4,-59,-45
-10,-59,-30
-13,-57,-27
-6,-63,-30
-8,-58,-23
-11,-59,-23
-8,-62,-29
7,-57,-9
-18,-59,-23
-23,-69,-35
-15,-45,4
-20,-55,-8
-24,-76,-40
-29,-66,-46
10,-61,-14
4,-70,-18
-4,-54,-16
-25,-76,-24
-11,-71,-14
-9,-64,-12
2,-58,-4
-2,-57,-7
-13,-56,-11
-30,-56,-16
-33,-57,-17
-47,-63,-34
-68,-60,-33
-70,-48,1
-59,-41,4
-71,-37,-2
-80,-34,-3
-54,-29,14
-54,-31,13
-62,-28,13
-44,-16,25
-42,-15,25
-44,-18,18
-49,-17,16
-51,-15,18
-56,-15,18
-48,-17,18
-46,-20,19
-59,-16,18
-57,-12,20
-49,-14,18
-47,-14,24
-54,-10,21
-59,-10,22
-61,-11,23
-63,-15,21
-65,-15,21
-63,-11,29
-61,-12,28
-59,-17,24
-56,-17,33
-65,-17,24
-74,-19,15
-64,-15,19
-65,-14,17
-65,-14,14
-63,-15,13
-65,-12,12
-56,-8,21
-55,-7,21
-50,-5,20
-47,-4,21
-60,-5,16
-66,-5,10
-66,-5,10
-63,-7,9
-68,-10,11
-54,-15,18
-56,-11,23
-58,-12,20
-57,-10,24
-57,-13,23
-62,-14,23
-61,-13,30
-65,-16,28
-63,-18,29
-65,-18,23
-65,-15,26
-62,-16,21
-64,-19,25
-62,-17,24
-59,-14,28
-55,-3,34
-50,1,36
-48,2,35
-50,3,35
-52,4,35
-48,3,30
-59,-3,22
-62,-2,34
-57,-2,32
-60,-8,20
-64,-7,29
-62,-11,25
-61,-14,27
-69,-27,17
-61,-32,15
-55,-35,19
-56,-37,8
-54,-41,0
-56,-42,0
-49,-40,0
-51,-44,3
-66,-50,21
-88,-35,6
-71,-22,3
-56,-24,1
-48,-26,-2
-81,-32,2
-58,-29,7
-50,-30,5
-56,-28,5
-61,-27,-2
-61,-27,0
-61,-25,2
-59,-29,5
-52,-26,10
-50,-29,11
-54,-31,9
-52,-31,9
-55,-32,10
-60,-29,10
-55,-30,9
-60,-27,10
-48,-28,13
-47,-38,13
-54,-37,8
-63,-36,5
-58,-31,4
-48,-31,5
-57,-33,-1
-63,-32,-4
-58,-28,-4
-61,-30,-1
-58,-27,-4
-59,-28,-3
-65,-30,-9
-64,-26,-6
-59,-24,-2
-58,-24,-4
-56,-23,-5
-61,-25,-6
-59,-24,-8
-61,-23,-9
-58,-22,-7
-59,-24,-6
-59,-22,-7
-64,-21,-10
-63,-21,-10
-61,-20,-9
-61,-20,-8
-60,-18,-8
-62,-19,-6
-63,-18,-10
-62,-18,-9
-64,-16,-8
-65,-20,-11
-62,-20,-11
-59,-21,-9
-57,-20,-8
-54,-21,-11
-59,-22,-14
-60,-22,-16
-58,-23,-16
-52,-22,-18
-50,-18,-18
-55,-25,-21
-51,-19,-17
-52,-17,-24
-57,-21,-34
-53,-19,-31
-52,-24,-35
-61,-26,-45
-66,-28,-39
-58,-27,-26
-53,-25,-28
-46,-25,-28
-50,-32,-53
-50,-33,-49
-41,-33,-32
-46,-31,-37
-46,-35,-38
-42,-31,-35
-41,-27,-37
-44,-27,-34
-48,-27,-34
-48,-26,-38
-46,-28,-34
-49,-28,-33
-50,-28,-33
-47,-29,-31
-45,-30,-34
-42,-31,-38
-43,-30,-41
-54,-32,-32
-42,-31,-41
-36,-32,-44
-40,-33,-46
-44,-28,-44
-36,-33,-39
-26,-34,-44
-49,-34,-33
-43,-30,-33
-43,-25,-43
-46,-23,-40
-45,-22,-37
-44,-22,-36
-40,-25,-41
-46,-30,-41
-43,-28,-46
-47,-27,-46
-52,-27,-49
-53,-24,-42
-55,-23,-47
-46,-22,-42
-46,-27,-44
-47,-26,-45
-41,-25,-45
-48,-20,-40
-42,-13,-37
-43,-11,-41
-38,-8,-38
-40,-8,-39
-35,-12,-38
-38,-11,-38
-39,-8,-40
-38,-10,-41
-47,-12,-34
-53,-11,-39
-54,-8,-44
-52,-5,-46
-46,-3,-45
-46,-8,-40
-46,-11,-40
-48,-14,-44
-50,-15,-46
-49,-13,-43
-49,-11,-41
-44,-11,-40
-47,-11,-42
-51,-9,-43
-49,-8,-46
-47,-7,-44
-47,-7,-41
-48,-10,-42
-49,-8,-45
-45,-8,-42
-46,-10,-40
-48,-10,-41
-49,-10,-41
-49,-9,-41
-49,-10,-42
-46,-8,-40
-51,-8,-41
-49,-7,-41
-47,-7,-46
-47,-7,-41
-49,-10,-41
-54,-10,-42
-51,-8,-39
-50,-7,-40
-51,-7,-40
-50,-4,-42
-46,-1,-45
-48,0,-45
-49,0,-43
-44,3,-57
-49,1,-52
-49,-4,-40
-48,-2,-34
-42,-8,-47
-45,-10,-48
-49,-9,-46
-46,-5,-45
-46,-3,-45
-48,-5,-46
-48,-5,-36
-48,-7,-35
-51,-7,-42
-55,-6,-42
-54,-6,-39
-53,-6,-37
-52,-5,-37
-54,-5,-40
-52,-4,-36
-51,-4,-38
-52,-3,-40
-54,-3,-39
-53,-3,-35
-55,-5,-33
-47,-5,-43
-51,-8,-43
-55,-9,-38
-54,-10,-34
-48,-12,-38
-47,-13,-38
-50,-15,-38
-55,-14,-35
-53,-14,-36
-50,-15,-39
-52,-15,-36
-52,-20,-38
-49,-19,-41
-47,-16,-37
-50,-16,-36
-48,-17,-36
-52,-19,-37
-48,-17,-38
-51,-16,-35
-52,-16,-34
-51,-17,-36
-53,-16,-34
-52,-17,-33
-53,-19,-37
-50,-18,-37
-51,-16,-31
-54,-17,-34
-49,-16,-36
-51,-17,-33
-52,-14,-32
-53,-14,-36
-53,-14,-33
-55,-15,-32
-55,-12,-30
-55,-15,-34
-52,-14,-36
-56,-17,-34
-57,-14,-31
-55,-16,-32
-49,-17,-36
-54,-16,-34
-50,-16,-33
-52,-17,-36
-51,-19,-37
-51,-17,-34
-52,-18,-38
-46,-16,-32
-49,-19,-32
-51,-21,-29
-52,-22,-26
-51,-22,-30
-56,-20,-31
-59,-18,-31
-50,-17,-33
-52,-15,-41
-50,-17,-39
-54,-13,-37
-55,-12,-33
-55,-12,-35
-53,-12,-34
-51,-14,-33
-55,-15,-31
-54,-15,-32
-50,-17,-29
-55,-19,-27
-52,-19,-28
-51,-20,-30
-56,-20,-36
-53,-17,-30
-59,-16,-33
-53,-12,-39
-52,-12,-36
-53,-10,-36
-55,-10,-35
-53,-11,-33
-56,-11,-34
-56,-12,-31
-53,-14,-30
-53,-14,-29
-54,-15,-30
-54,-16,-31
-54,-14,-30
-56,-15,-27
-59,-12,-31
-52,-12,-33
-58,-13,-31
-57,-12,-32
-52,-14,-33
-55,-16,-31
-56,-14,-27
-56,-14,-27
-57,-15,-31
-56,-13,-31
-57,-12,-28
-57,-13,-31
-55,-12,-32
-46,-13,-24
-57,-20,-23
-59,-19,-33
-56,-14,-34
-52,-12,-28
-53,-12,-29
-61,-13,-32
-63,-12,-31
-54,-11,-26
-54,-14,-25
-53,-18,-30
-57,-16,-33
-61,-14,-29
-58,-13,-28
-53,-13,-30
-53,-13,-33
-53,-13,-32
-58,-11,-28
-56,-12,-28
-54,-13,-31
-54,-15,-31
-54,-14,-30
-54,-15,-29
-56,-15,-30
-57,-5,-39
-54,-4,-39
-57,-6,-30
-51,-5,-31
-58,-9,-32
-61,-11,-29
-56,-12,-24
-57,-12,-27
-56,-12,-28
-55,-11,-29
-57,-13,-27
-60,-12,-26
-57,-13,-29
-57,-13,-28
-56,-15,-27
-58,-14,-25
-57,-14,-25
-58,-14,-24
-56,-14,-26
-59,-13,-28
-58,-11,-26
-58,-13,-26
-58,-13,-26
-58,-11,-24
-60,-11,-27
-58,-13,-29
-56,-16,-27
-60,-16,-23
-60,-15,-23
-58,-15,-23
-42,-20,-30
-60,-17,-30
-64,-16,-20
-54,-17,-28
-55,-15,-26
-56,-15,-25
-56,-11,-25
-55,-16,-27
-50,-12,-26
-64,-15,-30
-56,-13,-28
-54,-13,-27
-58,-15,-26
-57,-13,-28
-61,-15,-29
-54,-11,-31
-53,-11,-33
-55,-6,-34
-57,-6,-30
-51,8,-38
-68,0,-41
-53,1,-34
-65,-13,-23
-55,-8,-25
-59,-9,-28
-59,-10,-27
-57,-13,-26
-62,-13,-34
-56,-11,-29
-59,-14,-24
-55,-15,-28
-57,-15,-25
-56,-17,-25
-54,-16,-27
-52,-17,-30
-55,-11,-27
-61,-6,-24
-56,-4,-31
-57,-4,-32
-58,-5,-29
-52,-4,-30
-64,-8,-39
-54,-4,-31
-58,-11,-27
-55,-9,-28
-54,-10,-28
-58,-13,-30
-60,-13,-27
-57,-10,-30
-55,-8,-30
-57,-9,-29
-57,-7,-28
-57,-8,-29
-57,-9,-33
-59,-9,-28
-59,-7,-27
-58,-6,-30
-58,-8,-28
-59,-8,-26
-58,-8,-27
-59,-9,-29
-62,-8,-24
-58,-10,-24
-59,-10,-25
-59,-9,-25
-60,-8,-25
-59,-8,-22
-60,-8,-26
-56,-7,-30
-60,-8,-28
-60,-10,-19
-59,-11,-27
-59,-14,-29
-58,-13,-24
-55,-15,-23
-59,-16,-28
-55,-12,-28
-58,-13,-26
-59,-12,-26
-58,-14,-26
-56,-11,-28
-60,-12,-26
-58,-12,-28
-55,-13,-27
-58,-13,-26
-59,-14,-26
-59,-14,-24
-57,-15,-26
-56,-14,-24
-57,-12,-25
-60,-14,-28
-60,-14,-29
-56,-15,-27
-59,-15,-25
-57,-14,-26
-56,-14,-28
-59,-15,-28
-57,-15,-28
-53,-17,-28
-53,-17,-30
-62,-16,-27
-56,-16,-27
-54,-18,-32
-54,-18,-30
-54,-19,-30
-57,-19,-29
-59,-18,-28
-63,-20,-29
-84,-24,-31
-64,-15,-11
-53,-13,1
-50,-16,4
-57,-18,3
-61,-17,7
-53,-13,17
-69,-15,0
-85,-18,-12
-73,-5,-3
-74,-6,-3
-72,-8,-10
-73,-2,-13
-71,-2,-17
-67,-2,-25
-62,-1,-22
-54,1,-15
-54,2,-12
-48,8,-7
-47,15,-1
-42,24,4
-41,27,6
-50,34,9
-55,38,8
-58,40,9
-66,38,8
-64,38,5
-65,35,3
-65,34,1
-64,32,0
-64,32,2
-60,34,6
-58,34,8
-54,34,8
-51,33,7
-47,31,8
-49,32,8
-56,32,5
-55,29,8
-58,29,9
-62,25,13
-56,21,16
-51,14,19
-54,12,27
-50,0,38
-50,-8,34
-50,-12,50
-48,-16,54
-34,-20,47
-28,-22,53
-26,-18,60
-22,-16,51
-21,-15,55
-20,-16,58
-21,-16,57
-18,-18,57
-20,-20,62
-17,-17,60
-16,-14,56
-14,-14,59
-15,-13,63
-18,-17,59
-17,-17,59
-11,-17,61
-9,-19,58
-11,-20,59
-6,-18,61
-6,-17,60
-9,-17,59
-9,-18,58
-7,-18,61
-12,-20,66
-13,-22,62
-15,-22,63
-12,-20,63
-12,-24,69
-17,-24,70
-15,-19,71
-17,-19,71
-23,-15,70
-17,-11,71
-19,-6,70
-19,-4,68
-13,3,62
-10,4,59
-3,10,60
-2,11,60
-17,13,51
-11,14,50
-13,15,49
-31,15,42
-38,15,45
-11,9,59
12,9,66
-22,8,49
-37,8,46
-16,10,63
-5,11,66
-20,10,53
-31,12,46
3,12,68
-10,11,56
-27,11,46
-13,13,63
-2,10,69
-14,9,58
-18,11,55
-22,15,55
-19,14,56
-19,14,55
-20,13,55
-17,9,62
-16,8,64
-15,7,63
-15,7,62
-16,7,62
-15,9,62
-17,8,61
-19,9,62
-19,8,62
-16,8,63
-16,8,63
-17,8,63
-17,7,63
-16,6,64
-16,5,62
-17,5,63
-15,3,61
-13,3,62
-13,4,60
-16,4,59
-20,5,58
-18,6,58
-20,5,59
-22,4,58
-20,2,59
-17,2,60
-17,1,61
-20,-1,58
-20,-3,58
-14,-4,60
-16,-6,59
-15,-7,58
-14,-9,58
-7,-11,64
-8,-11,64
-9,-13,60
-9,-15,61
-4,-18,62
-7,-20,63
-10,-19,61
-13,-20,59
-10,-20,61
-10,-22,63
-13,-21,63
-9,-20,63
-8,-20,63
-4,-22,62
-5,-23,61
-5,-22,61
-6,-22,59
-5,-21,57
-6,-22,57
-6,-23,58
-4,-24,61
-5,-24,62
-8,-24,61
-9,-25,61
-7,-23,59
-8,-23,58
-9,-25,61
-7,-27,64
-1,-30,67
-1,-30,67
-2,-34,68
2,-37,70
4,-35,68
-4,-31,63
-7,-29,62
-13,-26,61
-14,-24,61
-18,-19,55
-21,-15,53
-25,-10,48
-30,-6,47
-33,-4,49
-32,-4,48
-35,-6,45
-35,0,42
-37,2,40
-41,5,35
-41,8,32
-40,15,30
-38,20,29
-42,24,22
-44,28,20
-46,35,17
-52,36,14
-59,40,15
-59,41,19
-63,39,25
-66,39,33
-64,37,35
-62,34,40
-62,30,43
-61,18,43
-55,13,42
-48,4,40
-53,2,38
-54,-2,33
-48,-2,33
-43,-1,31
-46,1,29
-49,5,26
-54,10,23
-56,12,23
-59,16,25
-61,16,26
-61,17,28
-60,17,31
-55,16,34
-54,16,35
-56,17,35
-57,16,35
-62,14,36
-61,13,36
-57,10,37
-55,10,37
-58,10,36
-60,9,32
-56,9,31
-46,10,30
-46,10,29
-49,13,23
-48,16,21
-50,21,22
-54,24,21
-60,27,20
-62,27,21
-64,24,25
-61,21,31
-57,19,33
-53,17,35
-53,18,35
-55,19,31
-56,20,30
-57,22,27
-56,22,27
-56,22,29
-55,22,29
-54,21,29
-55,20,31
-57,18,33
-57,15,34
-53,14,34
-52,12,34
-50,13,39
-48,16,41
-51,18,40
-56,21,40
-57,21,38
-59,21,41
-59,19,39
-51,12,38
-48,10,38
-43,9,31
-40,12,33
-43,15,35
-51,16,31
-55,16,31
-60,20,31
-61,23,33
-61,29,32
-62,30,27
-63,35,20
-64,36,18
-71,32,3
-62,28,3
-56,25,4
-49,18,-2
-56,15,-8
-60,3,-9
-55,2,-13
-59,-1,-12
-59,0,-12
-70,-16,-45
-97,-38,-44
-16,-26,-10
-8,14,-33
-74,-6,-29
-76,-19,-18
-40,45,0
-32,39,2
-45,48,-11
-90,53,-56
-78,55,-58
-42,39,-64
-53,21,-79
-44,34,-30
14,-49,10
-28,17,-12
-62,12,-23
-42,11,-26
-67,36,-44
-71,47,-46
-58,57,-57
-62,54,-70
-67,51,-62
-57,12,-49
30,-23,25
26,8,27
-52,24,-33
-42,23,-47
-37,43,-65
-37,41,-60
-30,50,-32
-37,47,-19
-42,47,-14
-54,38,-17
-59,36,-13
-68,33,-9
-71,32,-7
-63,33,-2
-57,35,0
-54,36,7
-54,36,6
-57,36,6
-56,36,4
-53,37,2
-51,38,-2
-50,37,-3
-51,36,-6
-52,36,-7
-52,35,-6
-52,35,-6
-55,34,-4
-57,34,-2
-57,35,4
-57,35,7
-57,34,12
-58,32,17
-59,31,17
-55,29,19
-51,30,20
-47,30,19
-47,31,18
-48,33,18
-49,35,19
-52,39,20
-57,41,20
-61,49,22
-62,53,24
-65,54,18
-63,54,16
-57,53,16
-46,53,14
-42,54,11
-39,51,12
-34,51,13
-29,46,21
-24,44,27
-14,40,36
-13,40,38
-8,37,39
-4,36,38
3,37,39
-3,37,34
-5,38,34
-5,40,37
-7,43,40
-10,46,41
-4,47,44
0,48,47
-2,47,44
-3,48,39
1,53,40
-2,54,39
-4,54,38
-1,55,38
8,54,37
6,55,38
5,50,36
2,49,32
4,52,36
7,52,36
4,52,32
3,52,29
9,56,31
8,56,31
0,57,33
-3,56,35
-1,56,35
1,53,34
1,53,33
1,53,31
1,54,30
-4,57,30
-4,59,29
0,61,29
-3,61,28
-4,61,32
-5,60,32
-5,60,30
2,56,33
4,55,33
3,57,31
1,56,29
0,56,28
-1,55,28
2,56,30
4,56,30
6,53,32
5,54,32
4,56,35
2,56,35
-4,57,33
-7,58,33
-6,59,35
-4,58,35
-5,57,31
-2,56,37
-5,54,36
-12,53,37
-8,52,37
-9,50,37
-13,50,37
-11,47,37
-10,46,37
-13,47,35
-15,45,37
-16,45,37
-17,46,39
-17,45,38
-16,44,42
-17,45,44
-19,45,42
-21,44,42
-18,44,45
-19,45,45
-18,45,45
-18,45,44
-20,45,42
-19,43,45
-17,42,47
-18,40,47
-18,39,47
-17,38,43
-16,38,42
-17,37,45
-19,38,47
-18,38,45
-18,39,44
-23,39,42
-27,38,42
-25,38,43
-17,39,45
-15,38,44
-15,34,45
-16,33,45
-13,32,43
-11,31,42
-6,30,38
-6,31,34
-12,36,27
-13,38,24
-15,47,17
-19,51,2
-26,54,-8
-37,64,-14
-41,67,-15
-50,73,-25
-57,75,-28
-56,77,-24
-52,74,-18
-47,64,-10
-46,61,-4
-44,50,4
-46,44,3
-60,34,3
-57,29,12
-52,28,17
-45,26,21
-46,25,21
-51,26,19
-53,27,18
-54,30,19
-56,32,20
-58,34,22
-59,33,22
-59,33,23
-57,32,22
-56,30,22
-54,29,22
-52,29,22
-51,28,22
-50,28,22
-51,28,20
-53,29,20
-51,31,21
-51,32,22
-53,31,22
-54,31,22
-55,31,23
-53,32,23
-53,32,21
-52,32,21
-52,31,22
-52,32,22
-52,31,21
-53,31,20
-53,31,19
-54,32,20
-54,32,21
-54,32,20
-54,32,21
-54,32,22
-54,31,21
-55,31,21
-55,30,20
-55,30,20
-53,30,20
-53,30,20
-52,30,20
-53,30,20
-54,31,20
-54,30,20
-54,31,20
-54,31,20
-53,31,19
-54,31,20
-54,30,20
-54,30,21
-53,30,21
-53,30,20
-54,30,20
-53,30,20
-53,30,20
-53,30,20
-53,30,20
-53,31,20
-54,31,20
-54,31,20
-54,31,21
-53,31,20
-53,31,20
-53,31,20
-53,31,20
-53,31,20
-53,31,21
-53,31,20
-54,32,20
-54,32,19
-54,33,19
-54,34,19
-53,38,16
-56,40,13
-59,43,13
-60,47,16
-59,47,17
-61,46,20
-63,45,19
-60,40,13
-57,36,14
-49,28,18
-47,23,19
-42,19,23
-39,17,25
-37,16,30
-34,22,33
-34,27,33
-38,32,34
-39,36,35
-46,43,34
-47,45,34
-43,50,35
-45,51,36
-45,49,32
-42,46,28
-53,39,26
-53,38,30
-37,31,38
-38,25,34
-46,19,31
-38,10,35
-31,4,41
-42,-2,45
-41,-7,45
-31,-18,50
-38,-18,49
-41,-22,47
-35,-23,47
-31,-23,53
-31,-18,50
-32,-19,47
-33,-21,54
-35,-21,54
-36,-22,49
-35,-23,51
-37,-21,57
-40,-19,50
-36,-20,50
-35,-20,54
-31,-18,57
-31,-17,53
-34,-18,51
-32,-20,54
-30,-19,54
-30,-19,52
-30,-20,52
-30,-21,52
-30,-21,52
-30,-22,52
-31,-21,53
-29,-21,53
-28,-21,53
-26,-19,54
-25,-20,54
-22,-20,56
-24,-20,57
-24,-20,56
-21,-19,57
-20,-19,58
-25,-18,55
-21,-19,55
-18,-20,60
-19,-21,62
-22,-18,57
-20,-19,56
-18,-19,57
-19,-19,57
-18,-19,56
-19,-18,57
-21,-17,58
-22,-17,56
-24,-16,55
-20,-14,58
-17,-13,60
-13,-11,62
-12,-12,62
-14,-14,60
-16,-16,59
-19,-19,63
-18,-24,69
-27,-33,68
-29,-42,62
-19,-36,60
-26,-22,45
-29,-16,35
-27,2,32
-23,13,32
-18,28,25
-21,34,22
-40,49,16
-47,50,14
-52,52,17
-51,51,25
-45,41,33
-71,34,32
-71,35,31
-63,35,31
-54,35,32
-40,35,37
-38,32,38
-38,31,38
-41,30,37
-45,27,32
-47,26,29
-61,27,16
-72,23,3
-74,23,0
-69,28,2
-66,29,3
-63,37,11
-58,39,14
-50,39,30
-50,35,32
-51,20,37
-46,16,46
-50,3,42
-45,-5,44
-55,-1,40
-47,4,36
-43,6,34
-44,4,39
-45,4,41
-45,7,48
-51,8,46
-48,9,47
-48,11,45
-45,8,45
-44,9,46
-42,7,47
-40,6,48
-38,6,50
-38,5,49
-38,4,48
-37,3,52
-38,5,56
-45,4,51
-37,4,53
-25,2,54
-26,2,51
-32,-1,56
-31,-1,56
-26,0,57
-25,1,56
-26,1,58
-26,1,58
-27,3,56
-28,3,57
-22,0,62
-23,0,59
-24,1,58
-22,-1,60
-21,-1,60
-24,1,58
-21,-1,62
-19,0,61
-19,-1,61
-21,0,60
-19,0,59
-20,1,59
-19,2,59
-19,1,61
-18,0,61
-19,1,60
-21,0,62
-21,1,62
-17,0,61
-17,2,59
-18,0,63
-19,1,63
-18,1,61
-14,1,63
-17,4,61
-18,0,62
-14,-1,66
-12,-1,63
-15,0,60
-17,1,61
-14,-2,63
-12,-1,65
-19,0,62
-20,-1,68
-13,3,64
-11,1,66
-28,4,67
-29,6,66
-24,11,60
-21,15,57
-29,19,55
-35,20,53
-44,22,46
-41,23,41
-36,25,42
-38,24,42
-42,21,41
-43,16,42
-41,16,45
-39,15,46
-40,13,44
-35,12,45
-32,12,46
-31,12,47
-31,12,45
-33,13,43
-37,12,44
-34,12,42
-33,15,42
-36,16,41
-37,18,44
-36,20,44
-39,23,42
-41,24,43
-39,25,48
-38,20,50
-41,16,56
-40,15,59
-33,14,60
-32,11,62
-33,12,65
-38,14,63
-30,13,58
-30,10,57
-24,8,58
-28,9,57
-32,9,52
-28,6,61
-19,5,66
-23,7,61
-21,8,60
-14,6,66
-9,6,69
-11,7,67
-8,8,62
-24,9,54
-45,21,42
-52,24,40
-79,23,28
-68,19,33
-43,11,37
-43,8,39
-54,-4,37
-37,0,59
-31,1,56
-32,2,51
-35,3,44
-40,0,45
-38,-6,50
-39,-7,53
-36,-3,52
-38,-3,51
-36,-5,53
-39,-5,49
-39,-5,49
-28,-2,53
-32,2,53
-24,6,54
-21,7,54
-29,8,49
-31,10,48
-34,12,42
-45,14,40
-52,12,37
-53,6,46
-42,8,51
-54,7,43
-57,8,38
-51,13,36
-50,13,32
-53,12,28
-51,13,35
-54,11,37
-63,10,22
-62,11,17
-58,12,16
-62,10,15
-65,11,7
-60,11,10
-68,10,7
-74,9,3
-83,7,-6
-77,9,-6
-61,9,-5
-58,8,-3
-61,7,-1
-64,6,4
-67,8,5
-59,12,6
-63,11,4
-65,12,2
-65,11,-1
-65,10,-4
-67,10,-7
-63,13,-2
-62,10,-3
-65,9,-7
-67,11,-8
-62,12,-6
-66,12,-8
-65,12,-8
-62,14,-7
-63,14,-8
-62,13,-9
-64,14,-9
-61,14,-11
-61,14,-12
-66,17,-10
-62,19,-7
-62,15,-2
-62,15,-2
-70,15,-8
-61,14,-4
-58,14,-3
-60,16,-12
-55,19,-4
-57,19,-3
-63,17,-8
-65,19,-8
-55,19,-11
-59,16,-19
-61,13,-18
-59,11,-13
-60,11,-19
-58,11,-20
-65,10,-24
-62,11,-23
-58,14,-19
-58,16,-19
-63,12,-25
-63,11,-27
-67,10,-27
-61,13,-25
-59,12,-23
-61,13,-23
-66,15,-26
-62,16,-27
-60,19,-30
-66,28,-34
-65,32,-30
-61,35,-25
-59,36,-24
-46,35,-25
-51,36,-24
-40,29,-38
-59,23,-38
-52,26,-39
-46,19,-41
-58,23,-30
-58,20,-20
-59,17,-14
-56,20,-1
-56,17,-7
-62,13,-14
-56,15,-12
-53,10,3
-54,8,7
-54,3,15
-50,0,17
-53,-4,24
-52,-7,29
-54,-13,29
-53,-11,27
-53,-12,27
-57,-12,28
-55,-13,31
-53,-16,31
-48,-23,39
-59,-26,39
-63,-18,26
-57,-15,29
-52,-15,30
-41,-18,33
-46,-17,36
-43,-16,36
-38,-12,28
-48,-15,28
-62,-19,34
-67,-23,40
-44,-19,46
-24,-26,54
-48,-29,39
-58,-21,19
-47,-20,42
-50,-32,47
-47,-28,38
-37,-30,53
-34,-29,52
-38,-28,48
-38,-25,44
-46,-21,38
-47,-22,40
-47,-17,40
-44,-16,39
-53,-14,31
-51,-15,36
-53,-12,31
-53,-13,24
-50,-18,36
-28,-17,48
-7,-22,55
-37,-25,64
-26,-26,59
-29,-29,55
-34,-28,50
-20,-26,57
-23,-23,56
-18,-19,57
-19,-18,51
-22,-16,55
-22,-22,54
-24,-18,51
-26,-25,59
-30,-27,60
-30,-23,55
-28,-21,50
-32,-26,48
-38,-29,47
-32,-33,57
-34,-33,58
-27,-24,54
-19,-21,53
-19,-23,58
-25,-19,56
-30,-17,56
-34,-9,43
-31,-8,41
-32,-1,38
-33,0,37
-34,-2,53
-27,-1,59
-34,-7,65
-42,-13,56
-44,-17,47
-40,-20,48
-39,-26,44
-46,-30,42
-52,-25,48
-54,-17,38
-49,-19,32
-52,-21,35
-48,-17,36
-50,-18,33
-50,-20,37
-50,-19,40
-48,-18,40
-56,-21,37
-49,-22,40
-57,-17,33
-60,-14,31
-66,-10,21
-73,-2,8
-73,2,4
-66,6,-2
-70,6,-3
-71,3,-6
-67,2,-2
-55,-1,11
-51,-6,18
-52,-14,27
-45,-17,35
-45,-20,35
-43,-25,35
-48,-28,33
-42,-30,37
-44,-31,34
-45,-39,42
-41,-33,33
-50,-33,35
-46,-31,29
-39,-47,39
-46,-47,56
-48,-37,34
-45,-33,31
-44,-26,28
-14,-29,37
-30,-31,40
-53,-37,38
-50,-38,37
-61,-39,37
-55,-41,42
-28,-38,58
-24,-42,62
-32,-35,57
-39,-27,53
-33,-15,47
-26,-9,47
-16,1,42
-19,0,37
-24,3,42
-25,7,54
-28,6,56
-25,11,59
-26,10,53
-25,9,53
-17,10,62
-7,7,66
-18,4,59
-17,0,63
-13,-2,66
1,-4,71
-23,-14,73
-21,-8,67
-20,-3,60
-15,0,62
-6,4,70
-10,1,66
-16,-1,61
-17,0,65
-16,1,62
-24,-4,61
-8,-1,57
-20,-11,63
-29,-3,60
-21,-4,60
-24,-5,59
-22,-1,58
-20,-3,62
-24,-9,66
-18,-8,68
-27,-4,65
-23,-2,64
-25,0,63
-22,1,60
-14,3,57
-28,9,49
-30,11,43
-41,17,34
-42,23,31
-46,29,26
-46,33,21
-62,30,11
-66,31,10
-63,32,10
-59,32,8
-60,31,7
-58,31,8
-53,30,10
-56,30,6
-58,31,5
-58,32,3
-57,33,3
-57,32,5
-57,31,6
-58,29,6
-56,28,8
-56,29,12
-55,28,11
-62,27,11
-62,28,9
-61,29,12
-59,30,10
-59,30,9
-57,31,11
-57,29,11
-60,29,11
-59,30,12
-59,28,12
-56,27,13
-53,29,13
-53,29,15
-56,29,14
-58,29,14
-57,30,15
-55,29,16
-57,28,15
-59,30,16
-58,30,16
-54,30,15
-57,30,14
-53,30,13
-55,30,12
-56,30,11
-56,29,7
-59,30,5
-59,30,8
-55,29,7
-53,33,3
-60,32,3
-54,30,6
-53,31,5
-59,30,-4
-57,31,1
-55,30,4
-57,29,3
-57,28,2
-57,28,2
-47,24,5
-64,27,0
-65,27,0
-60,29,0
-58,29,-1
-57,29,-2
-58,29,-2
-58,30,-5
-58,30,-3
-57,31,-3
-54,29,-4
-59,29,-4
-61,28,-4
-59,28,-2
-56,28,-4
-57,28,-4
-57,27,-3
-57,27,-4
-61,28,-5
-63,27,-5
-61,27,-4
-60,27,-4
-62,30,-4
-52,24,-4
-57,25,-3
-58,25,-2
-58,25,-4
-61,26,-4
-62,26,-4
-61,27,-4
-61,26,-4
-59,26,-4
-59,26,-4
-60,26,-4
-60,26,-4
-60,26,-4
-60,26,-4
-59,25,-4
-59,25,-4
-60,25,-4
-59,25,-3
-59,25,-4
-60,25,-4
-60,25,-4
-61,25,-4
-61,25,-3
-60,25,-4
-60,24,-3
-59,24,-3
-60,24,-4
-61,25,-3
-60,25,-2
-60,25,-2
-60,25,-3
-60,24,-3
-59,24,-3
-58,24,-3
-58,24,-3
-61,25,-3
-60,25,-4
-60,25,-3
-60,25,-3
-60,26,-5
-59,25,-6
-60,25,-7
-60,24,0
-60,24,-2
-63,24,-6
-60,25,-5
-60,25,-4
-59,25,-4
-61,25,-2
-61,26,-4
-59,25,-2
-61,24,-1
-62,24,-1
-59,25,-2
-59,25,-2
-59,25,-2
-63,26,1
-60,26,-1
-59,26,-1
-61,26,-1
-62,25,2
-61,25,1
-62,25,2
-61,25,3
-61,26,3
-54,31,3
-54,24,9
-52,26,10
-51,26,5
-55,29,2
-60,28,4
-58,27,6
-57,27,7
-67,29,6
-65,29,5
-55,26,6
-55,27,6
-52,27,9
-58,28,8
-59,27,8
-54,28,12
-57,27,12
-49,24,10
-58,29,12
-62,27,11
-56,25,11
-58,25,14
-59,24,12
-58,25,12
-57,25,15
-59,25,15
-60,26,17
-57,26,11
-60,28,11
-56,27,12
-63,28,8
-59,26,12
-54,24,13
-54,26,12
-56,27,6
-55,27,7
-56,27,9
-56,27,10
-63,26,6
-64,28,9
-58,26,11
-59,28,7
-63,29,6
-53,28,15
-57,27,11
-57,26,13
-55,25,11
-57,26,9
-62,25,6
-58,25,12
-59,24,11
-58,27,11
-57,27,7
-63,27,10
-56,25,12
-58,26,15
-66,28,11
-61,30,18
-69,28,15
-52,22,14
-66,26,14
-59,27,19
-55,26,20
-58,26,21
-49,22,22
-59,24,14
-69,19,0
-54,23,22
-56,23,18
-63,22,-5
-69,25,-5
-52,29,11
-56,29,-1
-69,29,-17
-74,31,-9
-48,28,4
-41,22,-7
-70,20,-11
-64,21,-17
-62,17,-14
-63,16,-12
-62,19,-13
-65,20,-12
-61,17,-11
-60,17,-9
-61,17,-10
-50,12,1
-60,15,-6
-70,19,-9
-67,19,-8
-58,19,0
-64,17,-2
-71,17,-6
-65,16,0
-60,17,0
-61,15,0
-68,16,-3
-56,13,5
-48,13,8
-62,15,2
-73,16,-2
-69,15,1
-65,16,3
-63,15,5
-68,13,4
-70,20,2
-57,19,9
-61,18,7
-83,22,11
-77,25,7
-40,18,20
-46,22,20
-61,18,14
-65,18,16
-58,20,22
-54,20,23
-53,22,20
-57,27,22
-51,29,23
-48,31,23
-49,33,27
-51,33,29
-53,31,31
-56,30,31
-46,27,33
-48,28,33
-48,25,32
-43,28,35
-35,24,38
-41,24,40
-51,28,41
-43,27,44
-31,23,47
-28,18,48
-41,24,41
-40,26,42
-32,26,44
-31,27,43
-32,27,42
-34,27,43
-37,28,46
-32,28,45
-30,29,42
-46,31,40
-44,29,43
-45,30,43
-45,29,39
-45,33,38
-42,28,41
-40,27,38
-39,28,35
-55,31,32
-54,29,34
-49,30,36
-37,28,36
-37,29,33
-39,31,23
-50,31,21
-59,25,15
-58,26,13
-59,30,3
-59,30,-2
-60,30,-6
-61,30,-7
-56,29,-13
-52,29,-15
-58,31,-24
-57,31,-39
-52,31,-44
-39,29,-42
-37,30,-43
-40,27,-41
-38,26,-42
-38,27,-45
-40,28,-44
-47,26,-46
-48,26,-48
-39,24,-41
-40,25,-43
-42,25,-51
-41,27,-45
-38,26,-44
-36,28,-46
-39,27,-45
-35,26,-44
-34,26,-44
-34,28,-46
-37,28,-49
-32,25,-40
-34,24,-43
-43,23,-50
-41,24,-45
-34,25,-45
-38,29,-44
-35,25,-45
-41,28,-48
-42,26,-47
-37,26,-42
-35,24,-43
-39,23,-48
-42,23,-46
-45,25,-48
-44,25,-47
-42,27,-41
-8,2,15
-65,7,-15
-66,7,-108
-13,25,-128
-39,42,-36
-46,30,-17
-31,27,-22
-38,28,-30
-49,27,-49
-41,24,-44
-48,21,-39
-48,21,-39
-52,24,-38
-46,26,-34
-40,27,-30
-55,26,-29
-58,26,-30
-53,26,-27
-48,26,-22
-56,24,-19
-58,24,-19
-54,25,-17
-52,24,-14
-57,24,-16
-62,25,-20
-57,25,-17
-54,24,-11
-58,24,-13
-58,24,-13
-57,24,-11
-58,23,-11
-60,23,-13
-59,23,-12
-59,23,-12
-57,23,-12
-56,24,-11
-58,23,-15
-61,23,-16
-61,23,-15
-58,22,-14
-58,22,-14
-61,22,-15
-61,22,-15
-61,23,-15
-60,23,-14
-62,23,-12
-61,23,-11
-61,24,-10
-59,23,-9
-57,22,-5
-58,23,-6
-59,23,-7
-60,23,-7
-61,24,-6
-61,24,-7
-60,24,-6
-61,24,-7
-60,25,-5
-60,23,-5
-62,24,-5
-63,23,-3
-66,22,-4
-59,24,-1
-56,23,0
-59,23,4
-67,25,0
-62,25,1
-62,26,3
-63,24,5
-50,19,12
-62,24,11
-41,20,11
-57,28,19
-36,18,21
-67,21,16
-71,23,18
-65,22,25
-47,25,29
-51,25,23
-50,25,29
-98,42,1
35,19,-29
-62,9,81
-81,12,25
-69,18,46
-55,22,53
-41,23,47
-25,18,35
-28,12,27
-18,12,26
-40,15,35
-64,17,45
-61,20,40
-56,23,35
-55,25,35
-54,24,28
-54,23,27
-54,22,24
-56,22,23
-59,22,16
-60,21,14
-64,23,14
-67,22,8
-67,21,6
-71,20,3
-71,18,0
-58,13,9
-48,10,16
-65,4,20
-81,3,15
-67,6,0
-64,12,-2
-31,17,-29
-13,22,-50
34,2,-102
67,-35,-128
65,-32,-128
-34,23,-41
-128,34,38
-128,34,88
-69,24,73
37,-16,-68
95,-71,-128
92,-43,-128
72,-12,-119
-128,42,76
-128,46,119
0,30,72
85,-71,-128
117,-83,-128
77,-12,-128
-46,13,-25
-128,51,125
-106,36,103
30,5,-8
82,-57,-128
127,-62,-128
102,-16,-128
-128,34,58
-128,52,115
-20,42,91
45,-24,-113
117,-74,-128
113,-16,-128
36,4,-83
-128,50,88
-128,48,117
3,38,55
21,2,-44
127,-74,-128
112,-35,-128
-19,20,-33
-128,54,109
-105,41,105
11,19,1
55,-36,-128
99,-48,-128
106,-12,-128
-94,33,30
-128,54,95
-31,32,87
-2,35,36
82,-52,-128
116,-66,-128
71,5,-119
-126,39,39
-128,49,94
-39,30,78
-7,23,30
44,-47,-128
96,-83,-128
89,-22,-128
48,5,-95
-128,50,60
-128,60,98
-21,31,67
5,29,18
79,-59,-128
101,-41,-128
85,-11,-128
-116,33,38
-128,52,97
-45,26,83
1,28,30
57,-56,-128
89,-77,-128
67,-13,-128
13,10,-66
-128,46,94
-128,33,113
-13,31,41
31,-50,-128
83,-81,-128
71,-14,-128
22,11,-73
-128,43,77
-128,43,88
-6,29,51
9,14,-15
75,-54,-128
65,-53,-128
50,2,-103
-9,13,-47
-128,45,57
-71,22,51
-19,29,34
3,0,-61
39,-33,-127
59,-35,-128
61,-5,-128
-9,20,-45
-69,34,-2
-125,43,48
-86,32,37
-19,25,-1
-1,9,-46
53,-37,-128
50,-5,-128
35,12,-103
-71,34,10
-108,40,49
-58,20,33
-17,34,17
19,-9,-102
32,-26,-128
35,6,-128
25,20,-94
-54,35,-10
-61,37,-4
-50,30,19
-50,37,-17
-60,33,-35
-46,33,-52
-42,31,-48
-36,31,-22
-40,33,-7
-42,35,-5
-65,30,-9
-63,30,-3
-69,29,-7
-58,30,-11
-53,27,-4
-55,26,-4
-51,27,0
-52,28,-1
-65,25,-7
-62,30,-8
-55,26,0
-60,26,-4
-60,25,-6
-59,23,-6
-59,20,-6
-57,17,-6
-63,19,-9
-59,20,-4
-63,20,-6
-52,25,-3
-54,22,-1
-69,24,-10
-62,24,-4
-62,24,0
-69,22,0
-63,25,-1
-57,24,0
-58,22,1
-64,22,-1
-62,22,3
-58,22,3
-63,21,-2
-50,-14,40
-25,45,19
-74,25,-2
-63,23,8
-67,25,21
-67,24,19
-44,29,13
-49,28,17
-50,28,26
-49,28,21
-44,30,28
-47,31,32
-55,27,23
-52,27,38
-47,29,39
-46,31,27
-56,30,16
-45,33,26
-54,32,18
-71,32,6
-63,35,14
-47,31,16
-55,26,13
-63,29,8
-56,32,9
-50,29,18
-58,28,15
-65,33,13
-51,29,13
-48,26,19
-55,25,17
-67,29,9
-48,29,22
-67,28,15
-58,29,18
-49,26,20
-55,26,18
-67,31,10
-46,30,14
-53,30,13
-59,31,11
-55,31,10
-51,30,12
-57,29,13
-56,28,14
-66,31,9
-56,31,10
-56,28,12
-60,32,12
-59,30,12
-56,26,14
-56,26,16
-54,27,17
-49,27,23
-58,30,15
-61,29,19
-53,30,14
-58,33,10
-59,33,10
-62,33,12
-52,30,20
-60,30,11
-57,30,14
-49,30,23
-62,29,12
-38,26,29
-40,27,31
-54,26,27
-44,26,31
-49,29,29
-54,28,23
-50,27,21
-54,29,20
-58,28,16
-54,31,19
-57,32,16
-62,30,6
-59,31,8
-56,30,9
-61,29,5
-60,25,1
-62,26,1
-56,21,4
-58,19,2
-62,22,2
-60,19,3
-61,15,7
-66,14,4
-67,14,3
-83,14,12
-65,18,2
-60,18,6
-60,19,5
-64,17,5
-63,16,6
-59,15,7
-59,16,8
-62,17,9
-59,17,8
-63,17,9
-66,16,8
-67,15,6
-67,15,4
-66,16,6
-63,16,6
-63,16,7
-60,15,4
-63,16,5
-65,16,5
-66,18,5
-72,22,-1
-77,32,1
-71,36,1
-67,39,-1
-62,41,-2
-58,43,-8
-54,42,-11
-47,41,-11
-38,42,-8
-20,43,-1
-14,43,5
-16,42,1
-19,40,2
-22,34,22
-68,29,24
-86,23,30
-67,9,61
-49,0,63
-57,-12,64
-60,-12,64
-60,-16,50
-57,-10,50
-48,3,43
-43,9,36
-37,14,40
-44,13,40
-45,12,50
-42,2,72
-29,2,82
-27,1,72
-30,3,60
-40,10,40
-40,15,33
-56,16,25
-54,11,22
-56,5,34
-55,3,40
-50,-7,42
-50,-12,46
-45,-13,55
-32,-20,80
-45,-13,61
-34,-8,51
-29,-8,51
-28,-13,52
-28,-18,53
-30,-24,61
-26,-23,64
-22,-20,50
-27,-22,53
-28,-27,56
-26,-27,56
-32,-27,57
-15,-21,67
-18,-21,66
-17,-18,62
-17,-17,60
-15,-12,56
-11,-8,55
-11,-5,49
-19,-9,46
-27,-13,52
-22,-9,58
-18,-3,58
-20,2,56
-21,3,56
-24,3,55
-24,2,53
-25,2,52
-22,3,53
-10,5,56
-7,-1,50
-17,-15,58
-17,-21,61
-10,-27,63
-11,-29,65
-13,-37,66
-10,-43,66
-8,-44,67
-6,-43,65
-8,-43,58
-2,-39,54
-2,-36,55
-3,-32,53
-4,-31,51
-6,-31,50
-8,-32,49
-9,-34,48
-9,-35,48
-12,-37,47
-12,-39,46
-12,-40,45
-11,-39,46
-10,-39,46
-12,-40,48
-13,-40,49
-13,-40,51
-15,-41,51
-17,-40,52
-18,-39,52
-22,-38,51
-22,-36,52
-22,-32,52
-24,-31,51
-25,-31,51
-25,-29,51
-25,-27,50
-28,-25,49
-28,-24,50
-28,-22,52
-28,-22,54
-27,-23,56
-27,-23,58
-24,-24,60
-25,-23,54
-28,-22,54
-29,-20,54
-29,-20,52
-29,-20,54
-29,-20,55
-29,-19,54
-31,-19,54
-31,-18,55
-32,-17,55
-32,-15,51
-33,-13,48
-34,-12,47
-36,-10,46
-39,-11,45
-44,-12,46
-47,-12,47
-47,-10,48
-48,-10,48
-46,-9,49
-44,-8,48
-42,-7,47
-41,-8,46
-41,-9,45
-41,-9,45
-39,-8,44
-43,-9,41
-45,-9,42
-49,-10,41
-50,-11,42
-49,-11,44
-48,-10,45
-48,-9,48
-48,-10,50
-45,-11,53
-43,-12,54
-42,-13,53
-41,-13,52
-39,-14,50
-38,-16,48
-38,-17,48
-36,-18,47
-34,-17,48
-31,-17,48
-31,-17,50
-32,-18,53
-32,-17,55
-31,-17,58
-30,-17,59
-29,-15,59
-28,-13,59
-28,-10,57
-33,-8,55
-35,-10,56
-38,-13,57
-37,-15,57
-35,-15,53
-32,-13,52
-31,-10,49
-31,-9,49
-33,-5,50
-36,-3,50
-42,0,54
-44,1,56
-44,2,56
-44,6,53
-46,8,51
-49,11,46
-48,14,44
-48,18,39
-49,19,36
-50,22,31
-51,26,28
-59,32,14
-66,35,8
-68,37,7
-61,32,8
-57,29,13
-56,26,22
-57,24,25
-22,22,36
-11,17,39
-14,2,42
-11,-8,54
-1,-14,69
-15,-17,68
-7,-17,66
1,-13,69
-11,-10,60
-10,-11,63
-15,-8,64
-18,-8,76
-14,-1,65
-6,1,64
-8,-2,65
-10,-4,62
-5,-5,66
-3,-3,62
-1,-2,63
-2,-4,63
-5,-7,62
-4,-4,65
-12,-4,65
-12,-3,63
-7,-5,67
-8,-3,68
-4,1,65
-5,1,63
-11,5,61
-8,7,63
-10,5,57
-14,4,58
-19,8,62
-12,13,56
-13,15,56
-24,20,56
-22,24,56
-9,23,53
-16,23,50
-36,27,50
-37,27,51
-29,21,51
-43,24,48
-47,24,44
-44,25,46
-47,29,46
-42,32,40
-46,36,35
-37,40,38
-35,41,37
-28,43,35
-31,44,32
-27,46,36
-26,45,38
-24,42,37
-24,43,37
-19,42,41
-16,41,41
-9,38,40
-6,39,44
-13,42,42
-24,45,41
-22,47,45
-30,46,42
-25,42,44
-30,39,39
-44,41,28
-41,42,28
-41,37,37
-42,40,30
-37,40,30
-29,40,40
-45,39,30
-39,40,32
-21,41,42
-27,41,39
-34,39,36
-34,42,38
-34,38,40
-36,37,41
-38,40,42
-40,42,38
-35,41,38
-32,40,39
-32,38,37
-37,40,36
-37,40,35
-36,39,36
-37,40,37
-36,39,39
-38,39,41
-38,38,39
-35,39,37
-27,36,34
-26,37,34
-47,37,32
-40,38,36
-39,39,36
-41,40,34
-53,41,28
-30,38,39
-33,36,34
-41,34,30
-47,36,30
-41,39,35
-44,40,32
-42,39,32
-41,37,31
-43,38,31
-40,41,26
-43,40,28
-41,37,34
-37,37,27
-44,38,28
-45,39,33
-40,42,33
-37,41,27
-47,38,23
-45,38,31
-41,41,29
-44,41,23
-44,39,18
-50,39,25
-52,40,26
-42,41,19
-42,39,21
-51,39,20
-48,39,23
-50,39,24
-48,38,25
-44,37,24
-42,38,21
-51,37,20
-58,35,24
-51,37,22
-46,35,24
-55,34,19
-41,36,19
-47,36,18
-70,37,23
-66,35,30
-34,39,33
-31,39,22
-53,38,25
-56,34,25
-51,34,16
-46,33,16
-37,39,11
-51,39,7
-54,39,7
-43,43,12
-43,43,14
-51,41,19
-52,39,23
-51,38,24
-51,38,24
-43,40,27
-42,42,24
-46,40,23
-49,42,22
-49,47,20
-38,42,18
-29,40,24
-58,38,12
-57,35,18
-37,22,34
-33,21,39
-53,21,35
-52,16,36
-29,14,49
-32,18,52
-40,7,51
-38,5,50
-40,4,54
-39,-1,54
-32,-2,58
-33,-2,54
-39,-1,52
-29,0,65
-40,-8,63
-35,2,53
-33,-2,50
-44,-13,50
-41,-13,52
-35,-8,64
-41,-11,63
-43,-9,66
-25,2,77
-19,8,77
-7,27,76
-13,35,65
-6,47,55
4,52,50
8,58,39
7,58,35
-13,37,24
-11,24,30
-30,-5,36
-41,-24,40
-46,-26,36
-70,-27,27
-73,-24,26
-42,-16,40
-28,-15,48
-1,-30,70
-11,-42,80
-41,-25,49
-22,-28,60
-31,-20,46
-32,-26,55
-35,-22,52
-39,-17,42
-50,-18,39
-42,-23,49
-32,-19,52
-26,-22,61
-23,-22,59
-27,-26,58
-22,-23,59
-27,-18,55
-30,-21,55
-29,-18,58
-32,-17,56
-43,-18,53
-38,-17,55
-37,-15,53
-42,-12,49
-35,-12,49
-24,-7,40
-25,-4,32
-35,4,-5
-59,6,-34
-102,-1,-50
-101,1,-45
-108,3,-47
-95,-1,-52
31,2,35
21,6,52
-25,12,-10
-105,26,-81
-123,29,-81
-81,23,-20
-25,31,-23
19,36,13
-37,24,-3
-79,40,-49
-54,55,-41
-55,54,8
-46,47,32
-24,41,14
-46,19,-23
-88,13,-56
-57,40,-58
-52,43,-25
-32,37,27
-34,40,19
-43,21,-36
-80,15,-59
-54,39,-62
-53,37,-46
-54,33,4
-44,35,4
-45,34,-3
-75,25,-35
-65,25,-27
-55,26,-24
-57,26,-22
-59,25,-21
-52,26,-20
-48,27,-23
-55,27,-23
-58,27,-27
-57,28,-30
-55,28,-22
-54,27,-19
-51,27,-16
-55,27,-18
-56,27,-18
-56,27,-24
-53,27,-18
-50,26,-18
-53,22,-14
-64,18,-16
-62,21,-21
-62,21,-22
-60,21,-23
-54,21,-17
-59,23,-26
-61,24,-25
-59,23,-16
-54,24,-14
-55,24,-15
-57,24,-17
-58,25,-20
-57,26,-21
-55,25,-21
-57,25,-14
-57,21,-8
-61,21,-10
-64,21,-14
-64,21,-14
-61,22,-11
-58,25,-14
-62,26,-15
-61,23,-9
-61,21,-2
-56,23,-2
-54,23,-1
-54,23,-11
-63,22,-12
-67,26,-7
-74,27,-4
-52,26,3
-73,29,6
-74,32,10
-48,34,18
-43,35,18
-53,33,14
-59,30,19
-43,28,27
-50,29,30
-36,29,31
-37,29,32
-32,27,42
-39,30,43
-41,29,42
-32,28,47
-35,29,44
-35,29,45
-26,28,45
-33,27,44
-42,28,40
-36,29,42
-33,30,44
-48,29,34
-51,28,33
-45,28,37
-59,32,32
-59,30,25
-43,30,34
-45,29,36
-61,29,24
-57,28,29
-47,33,32
-50,30,28
-43,28,32
-38,29,33
-51,28,24
-54,28,20
-42,33,30
-45,30,29
-55,28,19
-52,31,26
-50,30,26
-50,29,24
-51,27,25
-49,26,19
-37,29,22
-27,33,16
-29,35,16
-61,34,-17
-70,29,-29
-62,31,-7
-73,20,-27
-68,19,-23
-74,17,-28
-69,17,-22
-50,25,-26
-43,25,-21
-63,22,-25
-64,24,-30
-52,23,-13
-60,24,-20
-53,25,-20
-52,24,-16
-57,24,-19
-62,23,-23
-61,24,-22
-58,26,-18
-57,26,-19
-58,24,-17
-56,24,-15
-58,24,-19
-56,23,-18
-56,23,-18
-58,23,-19
-55,24,-18
-59,24,-19
-61,24,-19
-60,25,-18
-58,25,-18
-58,23,-17
-58,22,-18
-57,22,-19
-57,23,-19
-57,22,-20
-59,22,-20
-58,22,-19
-56,22,-19
-58,23,-20
-59,23,-20
-58,24,-20
-58,23,-18
-57,23,-18
-58,22,-18
-57,22,-18
-58,22,-19
-58,21,-18
-59,21,-17
-60,20,-19
-60,22,-20
-55,24,-20
-52,23,-19
-58,24,-21
-61,23,-21
-59,23,-19
-57,23,-17
-57,22,-18
-58,22,-18
-58,22,-19
-58,22,-19
-59,22,-19
-58,22,-19
-58,22,-19
-57,22,-19
-57,22,-19
-56,23,-19
-58,22,-19
-61,22,-20
-60,21,-19
-56,21,-18
-57,20,-19
-59,20,-21
-58,21,-19
-59,22,-22
-61,22,-23
-57,20,-16
-56,20,-17
-57,20,-19
-61,20,-20
-60,20,-19
-58,21,-20
-59,21,-19
-60,20,-18
-60,18,-16
-58,18,-18
-56,20,-17
-61,18,-19
-63,20,-21
-62,20,-21
-60,20,-19
-58,20,-18
-58,21,-19
-55,21,-18
-56,20,-17
-58,20,-17
-61,21,-18
-60,21,-18
-54,22,-17
-58,21,-18
-62,19,-18
-61,20,-18
-58,22,-18
-60,20,-19
-60,20,-19
-58,20,-18
-56,21,-16
-57,19,-16
-59,19,-17
-59,19,-19
-58,20,-19
-57,20,-19
-60,20,-21
-57,20,-18
-52,20,-17
-59,20,-26
-63,20,-27
-63,20,-24
-58,20,-21
-59,20,-23
-58,21,-22
-58,20,-22
-55,19,-19
-56,19,-19
-59,18,-20
-60,19,-21
-63,21,-23
-57,23,-21
-56,22,-22
-59,21,-22
-60,21,-22
-55,21,-20
-56,21,-20
-59,21,-22
-58,21,-21
-54,22,-20
-56,22,-20
-59,22,-21
-60,23,-23
-57,23,-20
-59,22,-20
-60,22,-21
-58,22,-19
-57,22,-20
-59,21,-18
-59,21,-16
-61,20,-12
-62,19,-10
-54,22,-14
-57,23,-15
-64,21,-14
-62,22,-17
-63,25,-21
-62,27,-26
-61,28,-28
-56,26,-23
-52,25,-18
-53,26,-17
-53,24,-17
-50,22,-10
-52,20,-8
-57,22,-11
-59,23,-9
-50,23,-5
-56,26,-3
-68,27,-4
-60,29,-3
-57,30,1
-54,32,7
-56,34,1
-58,34,-1
-57,36,-2
-55,37,-3
-57,36,-9
-61,37,-9
-56,36,-7
-48,35,6
-50,33,4
-59,32,2
-58,32,7
-59,33,9
-62,32,4
-62,31,2
-58,30,8
-57,29,8
-56,29,7
-58,28,6
-56,27,7
-53,28,9
-54,29,10
-56,29,9
-59,31,9
-56,31,11
-57,32,12
-60,32,11
-61,33,11
-60,36,10
-59,36,10
-58,35,10
-58,34,9
-59,34,11
-56,34,11
-53,35,13
-52,35,13
-57,34,11
-60,36,8
-58,37,8
-55,39,11
-55,37,10
-57,34,11
-55,33,13
-52,28,15
-51,26,14
-50,21,17
-49,18,19
-48,14,21
-51,11,22
-55,6,23
-46,3,28
-46,0,29
-57,-5,29
-60,-6,27
-54,-9,28
-53,-10,29
-60,-11,29
-61,-12,26
-53,-14,28
-54,-16,28
-61,-19,26
-57,-20,29
-54,-21,30
-55,-21,29
-55,-21,27
-57,-21,24
-56,-22,25
-55,-22,27
-56,-23,27
-53,-25,29
-52,-25,31
-54,-26,33
-52,-26,34
-51,-28,31
-47,-27,34
-48,-26,36
-43,-29,33
-46,-30,31
-49,-29,33
-46,-30,33
-43,-30,37
-43,-30,36
-49,-32,37
-40,-30,42
-42,-33,41
-47,-34,42
-35,-30,44
-35,-32,41
-37,-32,42
-41,-33,41
-39,-33,44
-28,-31,49
-34,-32,45
-37,-32,47
-34,-31,47
-30,-33,44
-38,-32,41
-35,-30,44
-33,-28,45
-31,-29,45
-34,-33,44
-34,-33,44
-32,-33,43
-33,-33,42
-39,-39,42
-42,-43,46
-43,-54,57
-40,-59,62
-42,-63,58
-35,-62,55
-34,-54,59
-36,-49,53
-35,-37,40
-27,-20,34
-28,-9,35
-26,4,29
-23,10,27
-25,19,24
-25,22,22
-27,27,20
-25,29,19
-29,34,18
-31,33,19
-37,32,17
-42,30,18
-53,28,21
-62,25,26
-58,23,27
-62,16,42
-61,15,49
-58,7,57
-56,6,58
-55,3,60
-52,2,60
-43,-6,64
-43,-6,62
-45,-8,49
-44,-17,49
-38,-18,54
-33,-18,52
-37,-18,47
-44,-20,46
-36,-24,55
-39,-22,51
-29,-22,54
-18,-19,56
-18,-18,53
-17,-18,57
-22,-18,55
-29,-7,45
-26,-19,61
-30,-18,56
-32,-19,56
-31,-22,59
-23,-23,62
-20,-25,69
-26,-25,66
-33,-23,59
-29,-17,52
-26,-7,50
-54,-5,53
-57,-5,59
-8,7,63
-26,0,33
-58,3,12
-86,21,17
-61,24,39
34,-4,98
27,8,70
-47,6,18
-105,9,8
-53,32,43
1,15,79
16,8,61
-79,9,7
-113,19,9
-26,25,63
20,5,91
-11,13,38
-66,10,8
-75,36,35
-35,26,60
8,5,59
-12,17,38
-87,25,2
-64,37,34
-16,5,69
-20,4,44
-23,23,39
-61,28,23
-48,20,36
-9,17,54
-9,23,51
-29,22,41
-43,23,32
-68,21,29
-69,21,32
-54,22,28
-57,25,23
-73,31,20
-68,32,21
-59,33,25
-64,37,21
-71,36,17
-65,37,22
-56,37,27
-46,38,18
-49,35,16
-50,33,22
-47,34,24
-50,34,23
-47,32,22
-36,32,22
-45,36,26
-51,36,24
-46,39,22
-45,40,23
-47,41,19
-46,39,16
-46,37,27
-47,36,27
-56,35,10
-59,36,5
-48,34,12
-46,32,1
-64,31,-7
-50,37,-8
-59,33,-5
-59,31,-1
-51,35,2
-49,35,-12
-58,34,-23
-55,35,-14
-51,35,-13
-49,35,-16
-47,36,-20
-51,34,-18
-55,33,-19
-50,32,-18
-52,34,-19
-54,34,-21
-59,34,-21
-55,33,-17
-56,34,-15
-63,33,-16
-48,34,-13
-49,33,-13
-56,36,-18
-58,33,-12
-53,34,-8
-56,34,-12
-59,34,-13
-55,31,-4
-54,31,-2
-54,32,-7
-54,33,-7
-55,31,-4
-54,32,-2
-55,33,-4
-56,33,-5
-58,32,-6
-58,32,-4
-56,32,-4
-58,31,-6
-57,31,-5
-57,31,-4
-54,32,-4
-56,31,-5
-56,32,-4
-58,31,-4
-57,32,-6
-56,31,-4
-57,31,-4
-58,30,-4
-57,30,-5
-57,31,-5
-58,29,-3
-57,29,-3
-56,30,-4
-57,31,-5
-58,31,-5
-58,31,-5
-59,30,-4
-59,29,-4
-59,29,-5
-57,30,-4
-55,30,-5
-57,30,-4
-58,31,-5
-57,31,-5
-56,30,-5
-58,31,-6
-58,30,-6
-58,30,-6
-56,31,-6
-56,31,-8
-57,32,-10
-55,31,-6
-55,31,-7
-57,30,-8
-58,31,-9
-57,31,-9
-56,31,-9
-54,32,-9
-55,32,-9
-55,31,-8
-56,31,-8
-58,32,-11
-56,32,-9
-55,33,-8
-56,33,-9
-56,34,-11
-53,33,-9
-55,33,-9
-57,32,-10
-56,32,-7
-55,33,-7
-57,34,-9
-57,34,-9
-56,32,-3
-54,32,-2
-56,34,-7
-56,34,-7
-56,33,-1
-55,33,-1
-52,33,0
-56,31,-3
-57,30,-2
-59,32,-3
-57,33,-3
-51,35,-3
-52,35,-5
-58,34,-3
-56,33,-2
-56,32,2
-60,33,-2
-61,31,-5
-56,32,-1
-54,32,-1
-54,30,1
-55,30,2
-58,31,-4
-56,32,-2
-59,32,-2
-58,32,-2
-57,32,0
-56,31,-3
-58,31,-3
-57,31,-1
-59,32,-1
-57,31,-1
-60,31,-1
-55,31,0
-58,31,0
-58,30,-2
-59,31,-4
-56,31,1
-54,30,1
-57,31,-2
-58,31,0
-55,31,-2
-56,31,-2
-57,31,-1
-56,32,-2
-56,32,-3
-57,32,-4
-58,32,-2
-57,32,-2
-57,32,-3
-57,32,-3
-58,31,-3
-59,32,-4
-52,33,-4
-59,33,-3
-62,33,-2
-55,34,-5
-55,33,-4
-56,31,-3
-54,31,-1
-58,32,-4
-54,31,-1
-49,32,-4
-57,31,-3
-59,31,-1
-55,31,0
-55,33,-2
-59,31,-6
-59,31,-5
-54,32,-2
-56,32,-1
-58,33,-2
-59,32,-4
-55,32,-3
-51,32,1
-56,32,-2
-59,33,-4
-54,32,0
-56,32,-3
-55,32,-3
-57,33,-3
-60,33,-6
-52,33,1
-58,33,-4
-60,33,-5
-55,32,-2
-56,33,-2
-56,33,-3
-57,33,-3
-54,33,0
-56,33,-1
-54,33,-3
-56,36,-2
-54,34,1
-56,34,-1
-58,33,-2
-54,34,0
-54,34,-2
-56,34,-3
-55,35,-1
-55,35,-1
-55,34,2
-56,36,-1
-54,35,0
-56,34,2
-55,35,1
-54,34,0
-54,33,2
-54,34,0
-54,34,-1
-52,34,-2
-58,34,-2
-58,34,0
-55,34,0
-57,34,0
-58,34,0
-53,33,-3
-55,35,-2
-56,34,-3
-57,33,-2
-56,35,4
-57,35,3
-59,32,4
-62,33,4
-57,31,7
-53,30,9
-58,32,8
-58,33,7
-54,31,12
-56,32,10
-57,31,11
-56,31,14
-54,32,14
-58,32,16
-57,31,20
-57,30,15
-57,33,7
-61,35,10
-57,34,15
-49,39,17
-54,40,16
-58,43,10
-50,43,9
-52,41,14
-56,41,15
-54,37,8
-51,34,12
-54,32,10
-56,30,9
-52,30,15
-46,26,21
-48,25,20
-51,27,19
-49,27,20
-43,26,25
-45,25,21
-49,24,21
-49,25,22
-53,22,22
-54,24,23
-57,22,23
-58,24,26
-58,25,27
-57,24,27
-54,25,27
-55,26,28
-55,28,30
-50,27,30
-50,26,30
-50,27,29
-49,28,31
-52,27,29
-48,26,30
-51,25,30
-52,27,30
-47,27,32
-50,26,33
-54,27,31
-53,27,30
-49,27,28
-49,28,29
-52,29,30
-56,27,26
-51,28,26
-48,27,29
-53,26,32
-51,25,29
-50,26,29
-50,27,31
-49,25,31
-52,24,31
-49,24,35
-47,23,36
-49,22,34
-52,22,34
-50,23,35
-48,21,34
-50,21,34
-54,21,33
-53,20,34
-50,20,35
-50,20,35
-51,20,34
-52,19,34
-49,19,35
-52,18,34
-53,18,32
-50,18,33
-50,17,33
-50,17,33
-51,17,33
-50,17,34
-48,17,35
-49,17,37
-46,18,41
-45,17,44
-45,16,45
-44,16,45
-43,15,48
-38,15,50
-42,14,47
-39,14,49
-36,13,53
-36,11,51
-37,12,53
-35,12,55
-34,12,54
-35,11,52
-35,11,54
-34,11,55
-32,10,54
-35,8,60
-29,11,58
-31,10,56
-27,11,55
-29,8,53
-32,7,55
-28,9,56
-26,10,56
-27,9,56
-28,8,56
-30,6,59
-29,5,60
-25,6,61
-26,5,63
-28,3,64
-30,2,63
-29,4,61
-34,8,52
-33,5,50
-26,13,51
-34,15,44
-36,20,40
-28,23,43
-31,23,40
-34,27,39
-40,29,33
-44,32,38
-41,36,43
-42,36,41
-35,32,39
-50,29,41
-50,30,42
-49,29,41
-51,27,40
-55,18,29
-56,18,31
-56,19,30
-55,19,28
-58,15,22
-63,15,19
-61,10,25
-57,9,29
-58,10,22
-57,15,17
-55,17,18
-70,12,15
-76,10,17
-62,12,15
-63,12,11
-58,11,9
-62,11,10
-68,12,10
-65,15,15
-63,15,8
-62,17,4
-63,16,7
-61,13,12
-63,15,12
-60,17,17
-58,15,16
-61,17,11
-64,16,13
-63,15,16
-62,15,19
-60,13,17
-60,16,15
-61,16,19
-59,10,15
-61,11,18
-64,16,14
-61,16,16
-60,14,15
-63,13,9
-63,13,12
-60,14,14
-63,14,14
-61,14,15
-63,15,14
-63,15,15
-65,17,14
-70,19,13
-66,20,14
-66,27,16
-66,31,19
-57,33,15
-57,33,9
-56,38,18
-50,36,10
-50,33,2
-51,33,8
-51,30,3
-52,27,3
-53,24,8
-61,6,16
-57,20,24
-65,21,-2
-69,20,-4
-58,19,8
-56,18,11
-57,22,8
-59,20,6
-64,20,4
-60,20,10
-61,7,8
-59,16,3
-67,23,-3
-63,19,-9
-61,14,-4
-58,3,3
-66,10,-8
-63,2,-12
-63,-1,-10
-75,-1,-11
-75,-2,-14
-71,2,-14
-64,4,-12
-62,-2,-12
-69,-3,-7
-69,-5,-4
-65,-5,-1
-68,-4,0
-65,0,5
-61,1,6
-61,5,5
-60,7,2
-62,11,-5
-62,14,-7
-60,17,-8
-60,19,-9
-61,23,-10
-62,24,-12
-62,24,-11
-61,24,-11
-62,24,-12
-64,22,-12
-65,22,-11
-64,19,-9
-63,18,-9
-62,16,-5
-62,16,-4
-64,14,-4
-64,14,-2
-62,13,-1
-63,12,1
-63,12,1
-64,12,0
-63,13,1
-63,14,0
-64,15,-1
-66,16,-2
-65,16,-2
-65,16,0
-65,16,0
-65,15,2
-63,15,3
-61,13,4
-61,11,3
-61,10,3
-61,9,3
-62,8,2
-64,9,-1
-65,9,-3
-63,8,-1
-59,7,3
-64,6,-3
-67,5,-9
-66,5,-7
-62,6,-3
-56,4,-6
-59,3,-7
-62,2,-12
-66,1,-26
-67,0,-23
-63,-2,-24
-65,-4,-27
-72,-7,-33
-70,-7,-31
-63,-5,-21
-60,-4,-17
-57,-6,-16
-63,-8,-20
-64,-9,-21
-62,-9,-19
-61,-9,-18
-62,-9,-20
-61,-9,-19
-62,-7,-19
-61,-6,-18
-61,-5,-17
-62,-5,-18
-62,-5,-18
-63,-4,-18
-63,-5,-20
-63,-5,-20
-62,-5,-20
-61,-5,-19
-61,-5,-19
-62,-4,-18
-62,-3,-18
-63,0,-18
-63,0,-18
-62,1,-16
-61,0,-17
-61,-2,-19
-64,-2,-18
-63,-3,-16
-62,-7,-16
-64,-7,-14
-63,-6,-14
-64,-5,-14
-62,-3,-12
-65,-3,-12
-66,-3,-13
-66,-4,-15
-62,-4,-12
-61,-4,-11
-61,-6,-13
-63,-6,-15
-62,-4,-11
-64,-2,-9
-65,-2,-10
-64,-2,-12
-63,-5,-11
-65,-5,-11
-64,-4,-10
-65,-4,-10
-64,-4,-9
-62,-4,-8
-64,-4,-10
-67,-3,-13
-68,-3,-11
-66,-4,-9
-61,-4,-15
-60,-5,-15
-63,-7,-15
-62,-7,-15
-61,-8,-16
-61,-8,-19
-64,-8,-15
-59,-7,-14
-62,-8,-15
-65,-7,-19
-65,-5,-16
-65,-6,-12
-65,-6,-13
-60,-8,-18
-60,-8,-17
-60,-8,-13
-61,-8,-13
-60,-8,-16
-61,-8,-17
-63,-8,-16
-64,-7,-15
-63,-6,-14
-63,-6,-15
-64,-6,-17
-65,-5,-14
-65,-5,-14
-64,-5,-15
-63,-5,-18
-63,-5,-14
-64,-5,-10
-61,-6,-10
-61,-7,-11
-59,-6,-13
-55,-6,-16
-58,-7,-25
-67,-6,-25
-66,-2,-17
-73,-1,-9
-72,1,-3
-66,3,4
-66,5,9
-71,3,11
-69,2,13
-67,2,15
-66,2,15
-67,0,10
-65,1,9
-62,2,6
-60,3,6
-62,6,6
-60,5,7
-60,4,8
-64,5,11
-67,5,11
-73,5,12
-72,6,13
-67,8,13
-65,8,13
-63,8,13
-61,9,14
-59,9,14
-58,11,13
-58,12,13
-61,15,12
-63,16,12
-67,14,11
-65,14,13
-57,16,16
-55,17,18
-57,17,21
-58,16,22
-60,15,24
-62,14,24
-66,11,26
-61,13,27
-57,13,28
-52,15,26
-52,17,26
-55,18,23
-59,19,22
-62,20,20
-62,20,20
-60,19,21
-59,18,22
-57,16,24
-56,15,23
-55,14,22
-55,14,22
-56,14,21
-55,14,20
-54,14,20
-54,16,19
-54,17,19
-56,18,19
-59,18,20
-66,18,23
-70,18,24
-76,14,27
-73,12,29
-59,9,29
-51,8,25
-52,8,22
-53,9,16
-55,10,13
-59,11,8
-60,12,6
-61,14,4
-60,16,3
-63,17,3
-65,17,3
-69,16,5
-68,16,7
-68,15,10
-67,15,10
-69,16,9
-72,15,6
-72,15,5
-68,14,3
-67,13,3
-66,12,3
-66,11,3
-66,9,4
-66,8,5
-65,6,8
-62,5,12
-61,5,14
-57,6,18
-57,7,19
-57,9,20
-58,9,20
-61,11,20
-60,12,20
-58,14,21
-58,14,21
-58,15,23
-57,14,23
-58,14,22
-60,13,19
-60,12,19
-63,10,19
-64,9,19
-65,7,22
-63,7,24
-59,7,27
-57,8,28
-54,9,27
-53,10,27
-56,12,25
-57,13,23
-59,15,21
-62,15,20
-63,15,19
-62,13,20
-61,12,21
-58,11,22
-57,11,22
-56,12,24
-58,14,24
-69,14,23
-73,13,23
-70,11,23
-64,10,23
-56,10,21
-54,9,18
-54,9,17
-60,9,15
-63,8,14
-65,8,13
-62,9,13
-58,10,13
-59,11,14
-61,10,18
-61,11,20
-60,10,22
-59,11,23
-62,12,21
-63,13,18
-65,13,18
-66,13,16
-66,12,15
-64,11,15
-63,10,16
-61,9,17
-61,8,18
-62,8,20
-62,8,21
-64,7,23
-64,7,24
-61,9,24
-60,11,20
-59,12,19
-60,14,16
-61,14,16
-62,14,16
-61,14,17
-63,13,18
-62,12,19
-60,11,21
-59,11,23
-57,10,24
-56,9,25
-56,9,24
-58,9,23
-59,9,24
-59,10,24
-59,11,24
-60,12,24
-60,13,23
-60,13,23
-59,13,23
-60,14,23
-61,14,22
-61,13,21
-61,13,21
-60,13,22
-58,12,24
-58,12,24
-59,11,25
-60,10,25
-61,9,26
-61,8,26
-59,8,27
-58,8,26
-58,8,25
-57,8,25
-57,8,24
-56,9,24
-57,9,23
-59,10,22
-59,11,22
-60,11,22
-60,11,23
-61,11,25
-61,10,26
-60,10,28
-59,10,28
-59,9,28
-60,9,27
-58,9,25
-56,11,24
-56,12,23
-57,13,23
-58,14,23
-60,14,23
-60,14,24
-61,13,25
-60,12,25
-59,12,25
-58,11,24
-58,11,24
-58,10,24
-59,9,24
-59,8,25
-58,8,25
-58,8,25
-59,8,24
-60,9,23
-60,9,23
-61,10,23
-61,10,23
-62,10,22
-62,9,23
-60,9,23
-60,8,23
-59,8,22
-60,7,21
-60,7,21
-61,7,21
-60,7,21
-60,8,22
-60,8,22
-61,9,22
-61,9,22
-62,10,22
-62,10,22
-62,10,21
-62,10,21
-61,9,21
-60,8,21
-60,8,22
-61,8,22
-61,7,22
-63,6,22
-63,6,23
-61,6,23
-61,7,23
-60,6,22
-61,7,22
-61,7,22
-59,7,22
-58,7,22
-57,8,22
-57,8,22
-60,9,21
-62,9,22
-62,9,23
-61,9,23
-60,9,24
-60,9,24
-59,9,23
-58,10,22
-60,12,21
-60,12,23
-61,11,24
-60,8,25
-59,8,26
-59,8,25
-60,8,25
-58,7,24
-57,7,23
-57,7,23
-58,8,23
-59,9,24
-60,9,24
-60,10,25
-62,10,25
-62,9,25
-60,8,24
-59,8,24
-58,7,23
-59,6,23
-59,5,24
-58,5,24
-58,5,24
-58,5,24
-59,7,23
-60,8,22
-60,9,22
-62,9,22
-63,10,22
-63,8,23
-62,8,23
-61,7,23
-62,7,22
-63,6,22
-63,6,22
-62,5,22
-61,6,23
-60,5,23
-60,5,23
-60,5,22
-61,6,22
-61,6,22
-60,5,22
-60,5,22
-59,5,22
-60,5,22
-60,5,23
-61,5,23
-60,5,24
-60,5,24
-60,6,24
-61,6,24
-61,6,24
-60,6,24
-60,6,24
-60,5,24
-60,5,24
-60,5,24
-59,5,24
-59,4,24
-59,5,24
-59,5,24
-59,5,24
-60,6,23
-61,7,24
-60,6,24
-61,6,24
-60,5,24
-60,5,24
-60,5,23
-61,5,24
-61,4,24
-62,4,24
-61,4,24
-61,4,24
-60,4,25
-60,4,24
-60,4,24
-60,4,24
-59,4,24
-59,4,24
-59,5,24
-59,5,24
-60,6,24
-59,6,24
-60,7,24
-60,8,25
-60,8,25
-60,9,25
-61,9,26
-60,8,26
-60,8,26
-60,8,25
-59,8,24
-59,8,23
-60,8,23
-61,7,22
-61,7,22
-61,6,23
-60,5,23
-60,4,24
-59,3,24
-58,3,25
-58,2,24
-57,2,24
-57,2,24
-58,2,24
-61,3,24
-63,2,25
-64,1,26
-63,0,27
-61,-1,28
-58,-3,29
-57,-3,29
-57,-3,28
-57,-3,28
-58,-4,27
-59,-4,27
-59,-5,28
-58,-5,28
-57,-5,29
-56,-5,30
-56,-6,30
-57,-6,30
-57,-6,31
-57,-6,32
-56,-6,33
-55,-6,35
-55,-5,35
-55,-4,35
-56,-4,35
-56,-3,35
-55,-2,34
-54,-2,33
-55,-1,33
-54,-1,31
-55,-1,31
-55,0,31
-55,0,31
-56,1,32
-58,1,33
-58,0,34
-53,0,35
-52,0,35
-53,0,33
-54,1,33
-53,2,33
-52,3,33
-54,4,32
-55,5,32
-56,7,31
-56,8,31
-57,9,31
-60,9,32
-60,9,33
-56,8,34
-54,9,34
-55,10,33
-56,10,33
-56,9,35
-57,8,35
-58,7,35
-57,6,35
-54,6,33
-54,7,31
-54,8,31
-55,9,30
-56,10,31
-56,9,33
-57,9,33
-55,8,34
-54,8,33
-55,8,31
-54,8,30
-54,7,30
-54,6,30
-54,5,30
-54,6,32
-53,6,33
-53,7,36
-54,7,37
-56,8,41
-58,9,42
-59,10,44
-57,11,44
-54,11,42
-56,11,41
-56,9,37
-55,9,35
-52,7,30
-51,7,26
-50,7,24
-48,6,22
-48,7,23
-50,9,25
-52,10,27
-59,11,32
-61,11,35
-60,11,40
-57,11,42
-52,11,43
-53,12,41
-54,14,37
-57,14,32
-57,14,30
-56,13,28
-55,13,27
-54,12,25
-54,11,24
-54,11,25
-55,10,27
-58,9,31
-60,8,34
-56,7,39
-51,7,41
-51,7,41
-54,8,39
-55,9,38
-56,9,37
-56,9,36
-55,9,35
-55,8,34
-54,8,34
-54,8,34
-53,5,34
-51,5,35
-50,4,34
-49,3,35
-48,3,35
-48,3,36
-49,3,37
-52,5,38
-54,5,38
-54,6,39
-55,6,39
-55,8,38
-56,8,38
-55,8,37
-54,7,37
-54,6,36
-53,4,36
-53,4,36
-53,3,36
-54,2,37
-53,0,39
-51,0,40
-49,-1,41
-50,-1,41
-51,0,41
-51,1,41
-52,2,42
-51,2,42
-50,3,41
-51,5,40
-52,6,40
-50,8,41
-50,8,41
-49,7,42
-48,7,42
-47,6,43
-46,5,44
-45,4,45
-45,4,46
-47,4,47
-48,4,48
-46,5,48
-44,6,48
-44,6,47
-44,8,46
-44,9,46
-45,10,45
-46,10,44
-46,11,42
-46,12,41
-45,16,40
-46,19,40
-50,24,38
-52,27,38
-58,32,35
-65,38,33
-68,40,32
-71,41,23
-70,42,22
-70,42,19
-68,41,16
-61,40,15
-56,38,17
-44,34,19
-40,35,18
-30,34,23
-22,31,26
-26,33,26
-34,27,33
-45,20,35
-49,4,39
-44,3,37
-39,-4,36
-46,-12,35
-33,-15,48
-29,-17,54
-48,8,58
-44,6,46
-34,16,48
-50,25,48
-50,22,45
-47,8,35
-50,6,43
-61,3,35
-60,-5,27
-65,-17,37
-72,-9,30
-60,8,24
-50,7,31
-45,16,50
-49,14,51
-58,8,42
-47,4,50
-36,-1,49
-28,-12,51
-26,-11,38
16,-24,59
6,-33,61
-20,-41,49
-32,-40,44
-37,-32,33
-11,-28,49
-10,-36,54
-12,-34,51
-20,-40,59
-38,-42,49
-32,-42,56
-32,-42,70
-32,-38,68
-49,-32,65
-80,-41,52
-71,-20,58
-65,-16,57
-69,-8,38
-91,-10,23
-80,-5,18
-69,-3,23
-42,-2,16
-77,5,-47
-100,2,-44
-65,1,-15
-60,6,-3
-47,8,16
-38,5,26
-24,3,43
-53,4,39
-59,7,33
-57,9,24
-64,18,10
-83,16,1
-76,23,4
-67,22,7
-63,17,12
-61,18,19
-63,20,15
-59,23,6
-58,23,7
-57,22,2
-53,24,3
-66,28,-6
-75,26,-16
-71,27,-13
-67,33,-6
-59,28,3
-55,24,2
-66,27,-2
-72,28,-6
-57,24,-2
-58,20,18
-52,22,31
-62,13,23
-58,13,33
-57,10,47
-51,12,49
-33,15,57
-30,21,64
-38,23,65
-15,22,60
-5,23,53
-14,27,26
-9,36,34
-23,31,31
-44,24,15
-20,16,5
-15,0,19
-50,0,40
-53,5,38
-62,22,42
-56,27,6
-62,27,10
-58,30,37
-48,33,44
-56,31,42
-60,33,46
-56,25,47
-62,17,38
-78,9,31
-60,5,26
-55,0,28
-66,-5,27
-55,-23,37
-41,-17,60
-46,-15,65
-55,-10,57
-63,-8,46
-70,-7,33
-77,-6,28
-65,-4,25
-66,-4,23
-56,0,27
-50,2,23
-58,7,9
-55,8,6
-52,9,-10
-43,11,9
-46,6,15
-53,-10,27
-57,-13,34
-49,-19,43
-31,-25,55
3,-20,83
1,-20,79
-9,-15,67
-9,-8,67
5,2,62
-3,4,61
-7,12,63
-12,8,60
-11,12,62
-12,15,66
-19,16,60
-32,18,51
-32,20,52
-25,20,59
-34,20,57
-48,18,47
-56,15,43
-54,13,42
-58,10,35
-56,8,34
-47,3,40
-44,2,41
-49,0,37
-43,-1,38
-47,0,33
-56,3,28
-61,11,25
-55,16,30
-57,16,32
-56,15,42
-54,10,49
-59,4,39
-58,2,34
-60,2,25
-56,6,27
-55,3,18
-52,4,17
-53,11,26
-55,13,30
-56,14,37
-59,11,36
-58,7,36
-51,5,40
-44,7,47
-47,7,32
-53,7,29
-48,13,32
-56,15,25
-61,18,26
-59,19,29
-62,13,26
-62,14,33
-59,17,31
-54,13,26
-43,7,39
-46,6,42
-49,-11,44
-21,-23,73
-28,-19,80
-43,-14,60
-44,-10,62
-37,-3,42
-34,8,47
-40,23,37
-44,25,17
-39,30,11
-26,40,15
-50,23,-13
-48,13,-9
-78,13,38
-48,16,31
-63,22,17
-62,26,23
-67,24,28
-71,15,3
-69,26,10
-56,21,7
-54,22,11
-44,8,-3
-18,8,5
-45,11,35
-87,5,69
-77,10,83
-78,6,46
-96,6,18
-47,10,11
-9,19,36
-22,17,49
-48,1,46
-19,3,77
-26,1,65
-29,3,50
-24,3,49
-42,-6,63
-35,-12,66
-10,0,72
5,-1,67
12,4,71
-10,27,78
-39,40,53
-48,76,39
-30,73,5
-23,52,7
-20,43,9
-14,15,40
-34,3,44
15,-10,90
-23,8,80
-24,10,65
-35,17,45
-38,19,40
-47,32,44
-48,28,37
-48,20,25
-62,13,17
-76,6,7
-78,5,0
-70,-6,29
-54,-1,49
-51,1,46
-36,11,32
-14,8,51
-48,11,58
-56,13,42
-45,14,40
-34,9,51
-41,-4,41
-44,-6,46
-30,-4,55
-29,-12,44
-67,-6,32
-68,2,34
-63,11,27
-60,16,4
-60,30,7
-57,34,2
-59,32,-6
-64,39,-12
-67,40,-9
-68,45,-7
-67,47,-10
-65,52,-27
-64,54,-29
-60,52,-29
-55,48,-28
-56,46,-24
-56,39,-16
-59,31,-19
-64,22,-14
-63,19,-12
-62,19,-8
-60,19,-6
-56,21,1
-52,21,5
-51,26,11
-51,29,9
-54,35,2
-60,40,-3
-58,41,-1
-53,39,-1
-65,39,-5
-72,39,-2
-64,38,4
-56,34,11
-66,31,10
-66,27,16
-58,26,23
-45,17,37
-46,9,29
-47,5,28
-41,0,34
-28,-3,42
-36,-14,40
-44,-17,37
-36,-19,51
-27,-20,59
-35,-22,56
-39,-21,41
-36,-12,48
-39,-12,56
-42,-7,50
-33,0,51
-45,2,43
-40,-2,56
-40,-2,58
-46,-1,50
-47,-2,48
-52,0,53
-53,1,52
-49,3,44
-48,4,46
-48,6,44
-47,6,43
-48,7,42
-48,6,45
-50,9,42
-52,9,39
-53,8,37
-50,8,36
-53,8,36
-58,9,35
-57,10,36
-55,10,38
-54,11,36
-57,14,32
-57,14,32
-53,14,34
-48,18,33
-51,18,30
-59,17,27
-54,20,28
-51,21,26
-50,21,25
-45,23,28
-39,24,30
-31,27,35
-30,31,34
-35,34,32
-33,34,33
-29,36,35
-31,38,39
-29,38,40
-31,39,39
-35,40,38
-37,44,40
-33,43,38
-34,39,41
-38,39,39
-39,37,41
-36,36,42
-36,37,42
-41,36,39
-41,36,37
-34,37,42
-36,37,39
-38,36,38
-37,35,39
-36,35,39
-36,33,40
-38,33,41
-38,34,41
-37,35,41
-37,35,41
-38,34,42
-40,34,41
-38,34,43
-36,33,42
-37,33,42
-36,34,43
-37,34,43
-38,33,40
-39,33,39
-38,32,43
-38,32,44
-40,33,41
-41,33,40
-37,33,42
-36,33,42
-37,32,42
-37,32,41
-37,32,41
-35,32,42
-36,32,42
-38,33,41
-37,33,41
-37,33,42
-37,32,42
-37,32,42
-37,32,42
-37,32,42
-36,32,42
-37,32,41
-37,33,41
-36,33,42
-37,32,43
-37,33,42
-38,33,41
-37,33,41
-37,33,42
-38,32,41
-38,32,41
-35,33,42
-36,32,41
-38,32,41
-38,32,41
-36,33,42
-38,33,41
-38,32,41
-38,33,41
-37,32,41
-38,32,40
-37,32,41
-37,33,40
-39,32,40
-39,32,40
-38,33,41
-39,32,41
-39,32,40
-38,32,40
-38,33,41
-37,33,41
-39,33,40
-39,33,40
-38,33,40
-38,33,39
-39,33,40
-40,33,40
-39,33,40
-39,33,40
-39,33,39
-39,33,39
-39,33,39
-39,33,39
-39,33,39
-40,33,39
-39,34,38
-39,34,39
-39,33,39
-39,34,39
-41,34,38
-41,34,37
-39,34,38
-40,34,38
-40,34,38
-39,34,38
-38,34,39
-40,34,38
-40,34,38
-40,34,38
-39,34,38
-38,33,39
-39,33,38
-40,33,39
-41,33,39
-39,33,39
-39,34,40
-39,34,39
-41,34,39
-42,33,38
-41,34,37
-42,34,38
-43,34,37
-43,35,36
-42,34,37
-43,34,37
-44,35,34
-45,36,32
-39,35,36
-41,36,35
-42,36,34
-46,36,31
-45,36,31
-42,37,35
-41,36,35
-44,36,32
-45,36,32
-44,35,33
-42,36,35
-43,36,33
-44,36,32
-44,35,32
-42,35,34
-42,35,35
-44,35,31
-44,36,30
-43,37,31
-43,36,31
-42,36,31
-43,36,31
-44,35,32
-44,34,33
-42,35,35
-41,35,36
-42,36,35
-46,37,34
-46,38,33
-43,40,35
-42,40,35
-41,42,34
-41,41,33
-40,41,31
-39,41,30
-40,39,28
-40,40,27
-37,38,26
-33,37,29
-33,36,30
-33,34,29
-32,34,29
-36,29,29
-40,28,29
-44,26,33
-42,24,33
-43,19,32
-46,19,34
-49,19,34
-48,19,32
-57,15,33
-56,17,37
-53,16,36
-56,14,37
-56,13,38
-55,14,40
-53,13,40
-71,15,34
-68,18,32
-49,18,41
-43,17,43
-45,18,44
-47,18,42
-49,19,36
-48,16,37
-48,16,39
-45,17,41
-42,16,41
-44,16,39
-45,15,40
-50,14,38
-51,13,38
-48,12,39
-45,11,37
-48,9,39
-47,8,41
-49,2,42
-50,0,45
-50,-1,45
-52,-3,45
-53,-3,44
-54,-3,43
-54,-5,42
-53,-4,42
-54,-2,42
-52,4,37
-54,7,34
-59,11,30
-58,13,25
-61,20,18
-55,22,16
-54,19,15
-48,23,16
-50,23,13
-48,24,10
-48,26,12
-49,29,11
-51,28,9
-55,30,8
-57,32,10
-57,36,13
-57,37,13
-59,40,15
-62,37,13
-64,36,13
-64,33,15
-64,32,15
-61,28,15
-60,26,15
-57,24,17
-54,23,18
-54,22,18
-55,22,20
-53,21,22
-52,22,26
-54,20,27
-56,16,25
-56,15,26
-60,12,30
-61,11,30
-59,10,30
-59,10,32
-60,11,32
-60,10,30
-61,11,30
-60,11,30
-58,10,30
-59,8,30
-58,6,30
-57,3,30
-57,2,30
-55,1,30
-56,1,29
-57,1,28
-57,1,28
-57,2,27
-58,3,27
-58,6,26
-58,8,26
-61,11,22
-62,17,18
-62,19,18
-59,18,19
-57,18,20
-53,16,22
-53,17,23
-57,18,23
-59,19,23
-62,20,22
-63,21,21
-61,22,21
-60,21,21
-58,19,19
-59,17,17
-60,15,16
-60,14,16
-60,13,16
-61,13,17
-61,14,18
-62,16,18
-63,17,19
-63,18,21
-64,19,21
-64,18,23
-65,18,23
-64,17,24
-64,15,24
-62,16,23
-59,16,22
-59,17,21
-59,16,18
-58,15,18
-58,12,20
-59,10,22
-63,7,24
-65,6,25
-65,4,29
-62,3,29
-63,5,35
-60,7,36
-58,10,39
-63,14,39
-65,16,39
-70,19,35
-71,22,33
-68,29,25
-71,32,19
-71,36,6
-69,39,1
-66,35,-4
-55,26,0
-45,21,7
-43,19,8
-52,14,14
-48,3,27
-43,-1,29
-49,-12,33
-54,-12,35
-35,-11,46
-28,-10,54
-59,1,37
-50,9,38
-47,19,42
-52,22,20
-56,28,29
-54,31,40
-52,32,39
-31,27,48
-36,21,46
-35,13,45
-40,12,41
-35,10,43
-40,10,42
-47,10,39
-52,11,35
-53,11,26
-28,25,47
-22,21,52
-23,4,55
-22,-4,57
-40,-12,47
-63,-10,38
-37,-7,47
-32,-2,51
-33,-6,57
-40,-6,54
-53,-10,50
-71,-13,47
-73,-14,30
-109,4,-12
-110,7,-7
-102,33,-16
-101,48,-14
-48,57,-1
-33,55,-1
-8,42,11
6,36,25
39,21,32
47,13,26
29,-9,59
16,-7,68
2,4,84
-42,22,76
-45,27,66
-10,29,57
0,29,61
-13,22,66
-14,21,62
12,13,61
15,9,54
23,1,62
20,-3,68
25,-3,66
30,-9,66
-23,0,60
-22,13,69
-8,15,65
-12,12,68
-20,12,63
-7,2,57
-11,2,65
-43,12,69
-28,4,56
-5,0,61
-9,6,51
1,18,43
-15,25,49
-16,27,45
-8,15,70
-22,15,66
-32,24,57
-39,24,50
-28,16,57
-22,23,58
-38,25,55
-34,25,50
-31,27,54
-35,28,53
-44,32,33
-13,26,62
-26,30,59
-13,25,45
-10,20,56
-10,17,54
-19,21,50
-24,26,66
-29,22,61
-29,28,61
-26,32,57
-12,25,57
-12,28,60
-20,13,63
-22,32,59
-32,47,42
-38,35,34
-29,29,54
-8,25,69
-20,31,58
-27,22,45
-14,-8,70
-45,30,62
-29,57,9
-23,47,6
-42,43,19
-37,35,54
-32,30,46
-38,33,38
-41,36,30
-42,34,31
-46,35,30
-51,34,31
-51,34,32
-48,25,44
-83,-4,120
-59,29,51
-11,58,-14
-5,73,-14
-9,54,-18
-41,45,8
-54,40,13
-51,28,0
-60,18,-1
-84,22,-12
-85,20,-10
-67,4,7
-70,-1,12
-60,-16,14
-66,-20,22
-73,-18,23
-41,-18,32
-45,-23,32
-66,-22,31
-68,-20,31
-25,-25,46
-40,-26,45
-47,-23,48
-41,-19,49
-11,-21,53
2,-27,54
15,-23,64
13,-33,68
4,-38,63
17,-45,63
17,-49,63
15,-56,61
4,107,50
30,43,71
36,-77,28
37,-43,48
18,-46,40
9,-31,43
2,-21,42
-28,-3,30
-46,10,7
-58,28,-9
-52,34,-3
-54,34,3
-50,36,8
-57,40,8
-66,32,2
-70,30,1
-68,33,7
-72,25,5
-65,11,0
-70,21,0
-55,27,-18
-46,22,-26
-68,19,-40
-53,21,-42
-45,27,-37
-39,27,-26
-42,24,-28
-49,27,-33
-53,26,-33
-48,21,-34
-42,23,-53
-56,20,-30
-49,20,-36
-50,22,-30
-50,21,-36
-54,22,-36
-51,22,-36
-53,23,-38
-62,20,-45
-53,21,-33
-42,23,-26
-45,24,-34
-53,24,-23
-57,24,-23
-52,22,-26
-47,21,-28
-57,23,-34
-55,22,-26
-53,23,-28
-50,24,-29
-50,24,-28
-50,22,-32
-53,20,-38
-50,18,-39
-49,22,-37
-53,25,-32
-56,24,-25
-54,22,-30
-54,22,-39
-51,23,-27
-48,15,-33
-42,20,-36
-44,16,-35
-53,3,-47
-47,12,-38
-39,5,-40
-42,1,-47
-50,0,-48
-49,5,-52
-40,-6,-40
-53,1,-50
-52,-5,-43
-48,2,-38
-46,2,-36
-52,-1,-58
-59,1,-45
-57,1,-46
-42,3,-34
-43,1,-37
-52,-5,-54
-56,-5,-53
-61,-7,-54
-54,-2,-49
-32,-12,-23
-55,-7,-32
-53,-5,-34
-36,-2,-58
-36,-1,-62
-51,4,-57
-53,6,-51
-52,8,-47
-47,8,-40
-33,4,-51
-32,2,-54
-62,7,-20
-67,6,-40
-49,3,-34
-50,4,-38
-53,6,-42
-55,8,-31
-52,7,-35
-42,9,-32
-46,7,-37
-51,5,-42
-51,8,-38
-51,8,-43
-49,6,-32
-57,2,-36
-53,4,-45
-59,4,-36
-55,4,-41
-45,3,-50
-61,7,-36
-55,0,-37
-51,-7,-30
-41,-6,-34
-44,-9,-44
-48,-9,-39
-52,-5,-38
-45,-2,-36
-57,-14,-46
-55,-9,-39
-52,-8,-39
-46,-10,-45
-45,-14,-44
-54,-14,-49
-55,-16,-52
-37,-13,-35
-42,-10,-42
-48,-16,-49
-50,-9,-42
-49,-8,-44
-51,-12,-48
-54,-14,-45
-52,-23,-49
-43,-20,-38
-41,-8,-30
-41,-10,-44
-44,-7,-62
-45,-2,-55
-49,-1,-37
-52,1,-31
-50,3,-26
-52,2,-24
-50,1,-41
-55,-1,-50
-58,-2,-48
-53,1,-39
-54,0,-23
-62,1,-41
-56,-1,-35
-50,2,-34
-48,1,-28
-54,2,-32
-55,2,-36
-49,3,-33
-49,4,-32
-56,2,-37
-55,2,-37
-53,3,-41
-60,-6,-48
-50,-2,-41
-54,2,-35
-55,3,-26
-57,-8,-31
-56,-11,-29
-41,-4,-44
-52,-2,-34
-66,-5,-34
-63,-7,-36
-49,-7,-51
-56,-5,-51
-93,114,14
-49,-9,-32
-45,-10,-38
-51,-8,-33
-58,-10,-35
-56,-7,-43
-50,-4,-38
-55,-6,-42
-58,-6,-41
-56,-11,-43
-58,-14,-41
-49,-13,-34
-51,-9,-34
-50,-3,-37
-52,-2,-39
-53,-6,-39
-49,-9,-41
-51,-11,-49
-50,0,-43
-48,0,-40
-40,-3,-40
-42,-5,-46
-43,-3,-46
-41,-4,-46
-39,-3,-49
-45,-3,-50
-42,-3,-52
-39,-2,-50
-39,4,-48
-42,1,-55
-39,3,-49
-36,1,-50
-37,2,-57
-33,3,-52
-37,1,-51
-30,15,-31
-39,-15,-70
-36,2,-44
-34,14,-30
-29,29,-68
-12,-2,-75
-28,-101,-128
-57,18,94
-99,7,-22
-69,2,32
-56,-6,11
-34,-5,-54
-25,9,-53
-41,20,-18
-24,10,-7
11,16,5
-10,7,-16
-49,1,-63
-65,-5,-69
-57,0,-64
-34,-2,-90
-37,-4,-94
-38,-6,-88
-51,-15,-61
-33,-25,-69
-29,-26,-77
-30,-16,-67
-11,-15,-70
-2,-2,-72
-6,5,-75
9,2,-68
-7,2,-65
-14,4,-70
-12,-5,-74
-20,-6,-80
-28,-5,-59
-31,-3,-44
-40,-10,-64
-34,-10,-53
-20,0,-29
-16,-1,-24
-34,-6,-6
-38,-7,-3
-42,-4,14
-41,-1,32
-48,5,54
-46,0,62
-36,-2,62
-36,3,68
-42,3,62
-35,-3,43
-24,-10,36
-6,-14,35
-12,-25,31
-12,-47,11
-21,-62,11
-33,-99,1
18,-114,6
1,-91,7
22,-75,1
24,-72,-9
14,-64,-23
7,-69,-28
24,-54,-30
20,-76,-35
-8,-128,-2
-31,-87,13
5,-68,-7
-11,-86,-13
-16,-92,-13
-23,-75,-14
-19,-69,-6
-15,-83,-11
-58,-71,-8
-18,-52,17
-19,-48,22
-30,-54,14
-34,-57,6
-42,-68,-14
-35,-63,-11
-28,-50,-12
-2,-49,-15
4,-56,-10
-1,-67,1
1,-60,4
-9,-49,4
-15,-47,3
-28,-50,2
-29,-52,2
-24,-69,0
-28,-83,4
-18,-84,16
-12,-84,21
-15,-83,24
-17,-82,29
-12,-76,34
9,-59,43
11,-52,43
-6,-44,36
-10,-40,33
-33,-29,41
-43,-21,43
-63,-20,30
-68,-17,34
-57,-5,37
-73,-3,20
-66,1,25
-53,-10,21
-46,-15,28
-29,-11,37
-35,-11,31
-60,-21,20
-63,-23,19
-48,-19,30
-52,-16,32
-61,-6,32
-64,-7,29
-53,7,38
-47,10,43
-49,6,47
-40,7,51
-34,9,51
-32,5,53
-32,4,56
-30,7,63
-28,14,63
-26,15,56
-25,19,55
-24,20,53
-24,21,53
-29,19,52
-26,26,56
-20,29,54
-7,21,54
-21,17,58
-28,23,63
-18,23,59
-13,24,47
-25,14,39
-49,11,60
-69,25,69
-39,36,56
-18,34,46
34,34,31
21,40,45
-8,45,51
-22,44,47
-18,36,45
-100,23,48
-30,17,47
-9,24,46
-31,29,41
-34,35,56
-33,38,60
-23,32,52
-23,30,49
-27,32,54
-15,25,52
-14,27,53
-13,35,48
-19,34,50
-11,27,61
-12,27,56
-13,28,53
-12,27,56
0,26,53
-4,31,52
-11,24,66
-24,24,62
-14,26,54
-14,25,56
-19,25,57
-13,24,55
-12,24,54
-15,24,56
-17,24,57
-16,24,58
-14,24,57
-15,25,57
-17,25,59
-16,25,58
-15,25,56
-16,25,55
-15,26,56
-18,25,55
-19,26,51
-17,25,56
-17,25,56
-18,25,57
-21,25,57
-24,24,54
-27,24,53
-27,16,52
-14,10,55
-22,11,43
-22,13,45
3,23,55
9,17,55
-10,5,63
-10,-8,79
-16,-4,84
-36,-7,73
-41,-20,66
-21,-11,79
-46,-8,46
-34,-8,51
-37,-10,48
-39,-7,44
-30,-2,47
-41,-11,48
-39,-11,49
-37,-10,47
-41,-8,46
-40,-12,49
-39,-13,47
-42,-11,48
-42,-8,52
-41,-8,48
-37,-8,48
-42,-9,49
-42,-8,48
-40,-8,50
-42,-5,48
-41,-4,49
-42,-6,50
-41,-5,48
-39,-5,52
-39,-5,52
-42,-5,49
-34,-5,50
-37,-5,50
-39,-3,51
-44,-3,51
-33,-4,53
-33,-4,51
-44,-3,49
-41,-3,50
-40,-3,52
-39,-3,52
-36,-1,51
-39,-2,51
-40,-5,54
-37,-3,55
-30,-3,52
-35,-4,41
-40,-3,42
-36,-4,50
-34,-4,54
-48,-8,46
-43,-8,48
-37,-4,55
-33,-4,56
-38,-6,48
-40,-1,49
-43,2,46
-41,2,49
-46,-1,48
-50,-1,46
-50,1,47
-40,0,51
-37,0,53
-36,-3,52
-38,-4,52
-37,-5,54
-33,-8,54
-31,-9,54
-34,-11,55
-37,-12,57
-34,-11,55
-32,-10,54
-40,-13,54
-42,-13,54
-40,-15,54
-39,-19,53
-40,-22,48
-41,-20,44
-41,-15,35
-41,-11,31
-46,-6,27
-51,-5,25
-62,-7,26
-65,-7,28
-69,-9,28
-63,-10,30
-61,-11,30
-58,-12,30
-57,-12,31
-56,-14,33
-54,-16,34
-53,-19,38
-56,-20,38
-58,-21,35
-58,-20,32
-59,-18,31
-58,-19,30
-54,-16,28
-52,-15,27
-53,-15,26
-52,-17,27
-52,-16,27
-54,-19,27
-53,-20,28
-54,-22,32
-56,-23,34
-55,-23,37
-54,-22,39
-50,-23,42
-45,-24,44
-46,-24,45
-57,-34,45
-56,-37,41
-44,-33,37
-41,-29,35
-41,-24,30
-43,-22,27
-43,-22,24
-42,-21,24
-43,-20,26
-47,-20,26
-54,-21,27
-54,-18,31
-52,-17,33
-51,-16,35
-51,-16,37
-52,-18,39
-53,-19,40
-55,-20,39
-55,-19,38
-54,-17,35
-54,-15,33
-56,-15,31
-57,-15,30
-57,-17,31
-59,-20,32
-57,-21,32
-52,-21,33
-50,-20,34
-48,-19,34
-48,-20,34
-48,-21,35
-49,-22,35
-49,-23,34
-50,-23,34
-50,-23,32
-50,-23,32
-49,-23,31
-50,-22,30
-51,-23,30
-51,-23,31
-51,-24,31
-51,-24,33
-51,-25,34
-52,-24,34
-53,-24,33
-53,-24,34
-53,-24,33
-53,-24,33
-52,-25,32
-51,-25,32
-51,-26,31
-50,-26,31
-49,-26,31
-48,-26,31
-48,-26,31
-48,-26,31
-49,-25,31
-50,-25,31
-49,-25,32
-49,-25,33
-50,-26,34
-49,-26,34
-48,-26,35
-49,-26,35
-49,-27,35
-48,-27,35
-47,-27,34
-47,-27,33
-47,-26,33
-47,-27,33
-47,-27,33
-48,-27,34
-48,-27,34
-48,-28,34
-48,-28,34
-47,-27,34
-48,-28,34
-48,-28,34
-47,-28,34
-46,-28,34
-46,-27,34
-47,-26,34
-46,-26,34
-47,-27,35
-49,-28,35
-49,-30,35
-47,-30,35
-46,-30,35
-46,-30,33
-46,-28,33
-46,-29,33
-46,-29,34
-45,-29,35
-46,-29,37
-46,-30,38
-45,-29,38
-47,-30,37
-48,-30,36
-47,-30,35
-46,-28,35
-45,-26,36
-44,-26,35
-44,-26,37
-44,-31,39
-48,-26,35
-52,-29,34
-48,-26,41
-44,-26,40
-47,-26,39
-49,-25,40
-45,-22,42
-44,-23,41
-45,-21,41
-50,-22,44
-54,-25,46
-48,-27,44
-44,-26,43
-42,-19,40
-40,-17,40
-40,-21,37
-39,-25,34
-40,-31,32
-40,-32,38
-40,-31,42
-39,-30,41
-40,-29,37
-36,-26,41
-35,-26,41
-34,-25,42
-35,-25,43
-36,-26,47
-37,-27,48
-38,-29,49
-35,-29,53
-33,-26,51
-33,-25,48
-32,-23,46
-33,-24,46
-32,-23,47
-31,-23,49
-32,-24,48
-31,-22,47
-31,-18,46
-35,-16,43
-37,-15,42
-52,-17,45
-57,-21,47
-58,-20,48
-55,-19,49
-47,-20,46
-43,-20,46
-43,-24,46
-43,-28,45
-42,-27,43
-43,-25,38
-43,-23,37
-41,-21,35
-41,-20,35
-41,-20,36
-40,-21,37
-40,-21,39
-41,-21,41
-48,-25,42
-49,-26,42
-46,-26,42
-44,-23,41
-45,-24,41
-48,-26,43
-49,-29,46
-50,-35,49
-45,-36,50
-32,-32,47
-29,-31,44
-32,-32,39
-34,-34,38
-32,-38,40
-31,-40,40
-31,-38,40
-32,-33,37
-31,-30,36
-33,-27,36
-33,-26,37
-33,-24,42
-35,-23,44
-40,-23,50
-42,-24,51
-40,-23,50
-37,-23,50
-36,-21,49
-38,-23,50
-39,-22,51
-51,-25,55
-54,-34,56
-49,-40,57
-47,-39,55
-40,-30,45
-38,-27,43
-46,-28,39
-49,-32,37
-43,-29,39
-42,-29,40
-43,-25,38
-45,-24,33
-44,-22,31
-39,-18,29
-38,-17,30
-37,-19,32
-35,-20,35
-33,-23,40
-32,-24,42
-32,-29,48
-29,-29,49
-20,-27,48
-25,-27,51
-34,-41,52
-21,-42,49
-14,-41,45
-5,-44,37
-4,-46,33
-3,-51,23
-5,-56,19
-14,-72,11
-20,-75,9
-29,-71,10
-31,-67,12
-33,-61,13
-33,-60,11
-28,-60,11
-26,-61,17
-25,-64,22
-23,-64,27
-21,-63,27
-30,-67,32
-31,-65,32
-33,-71,29
-34,-82,30
-25,-111,28
-11,-104,24
-5,-74,18
-8,-70,14
-15,-73,7
-18,-73,-1
-19,-68,-4
-24,-68,-3
-22,-66,-3
-16,-55,-4
-15,-52,-4
-22,-51,-5
-23,-49,-6
-22,-52,-6
-20,-53,-5
-17,-56,0
-17,-57,5
-19,-58,10
-22,-68,15
-24,-73,21
-21,-75,43
-10,-71,50
23,-54,50
23,-59,47
2,-75,41
-8,-81,38
-13,-79,27
-14,-69,23
-19,-50,18
-26,-44,13
-35,-44,15
-45,-38,12
-45,-39,11
-41,-39,15
-41,-41,14
-47,-53,16
-49,-61,19
-45,-63,21
-40,-59,20
-37,-52,17
-39,-52,15
-38,-55,14
-33,-58,12
-31,-59,10
-31,-57,7
-31,-57,6
-30,-54,5
-30,-53,4
-28,-51,2
-28,-51,2
-26,-52,1
-26,-52,1
-27,-53,3
-28,-54,3
-30,-57,3
-31,-60,5
-30,-62,6
-28,-67,7
-26,-71,8
-23,-72,8
-23,-71,8
-24,-68,8
-24,-67,9
-24,-64,11
-23,-64,13
-18,-64,17
-15,-63,17
-13,-62,18
-16,-62,14
-17,-62,12
-23,-62,10
-25,-61,8
-28,-61,7
-29,-60,8
-29,-59,9
-30,-57,10
-30,-53,13
-30,-52,14
-29,-52,16
-28,-53,16
-29,-53,16
-29,-52,16
-29,-51,16
-30,-51,17
-30,-52,18
-29,-53,21
-28,-54,22
-26,-59,23
-26,-61,23
-25,-62,24
-25,-62,24
-24,-62,25
-22,-60,24
-21,-59,23
-20,-57,22
-19,-56,21
-20,-55,20
-20,-55,19
-21,-55,18
-21,-55,18
-22,-54,20
-21,-54,21
-21,-55,22
-21,-55,22
-22,-55,21
-23,-55,21
-22,-56,21
-22,-56,21
-23,-56,21
-23,-57,21
-23,-58,21
-22,-59,20
-22,-60,20
-22,-60,20
-22,-60,20
-20,-59,21
-20,-60,21
-18,-59,22
-18,-58,22
-18,-58,22
-17,-58,22
-17,-58,22
-18,-58,22
-18,-58,21
-19,-58,21
-19,-58,21
-19,-58,21
-19,-58,22
-19,-58,22
-19,-57,22
-20,-57,22
-20,-57,22
-20,-57,22
-21,-56,22
-20,-56,22
-21,-56,22
-21,-56,21
-21,-57,22
-21,-58,22
-21,-58,23
-20,-58,23
-20,-57,23
-19,-57,24
-19,-57,24
-18,-56,24
-18,-56,23
-20,-56,22
-20,-56,21
-20,-56,20
-21,-56,20
-22,-57,21
-21,-57,21
-22,-57,22
-22,-57,22
-22,-58,22
-22,-58,22
-22,-58,23
-22,-58,22
-22,-58,22
-22,-58,21
-22,-58,21
-21,-59,21
-21,-58,21
-20,-59,21
-19,-58,21
-19,-58,21
-18,-58,21
-18,-58,21
-18,-57,21
-18,-58,21
-18,-58,20
-19,-58,20
-19,-58,21
-19,-58,21
-19,-58,22
-18,-58,22
-18,-58,22
-18,-58,21
-18,-58,21
-18,-58,21
-18,-58,21
-18,-58,22
-18,-59,22
-20,-60,23
-23,-61,23
-29,-60,23
-33,-62,24
-41,-68,27
-42,-69,22
-36,-67,16
-38,-68,26
-34,-59,34
-33,-51,37
-26,-38,38
-14,-27,47
-9,-21,48
-4,-19,46
-6,-22,44
-11,-29,43
-20,-28,47
-22,-25,50
-21,-25,50
-23,-24,51
-26,-22,52
-29,-19,52
-30,-19,51
-32,-19,53
-37,-21,58
-41,-24,60
-52,-31,66
-55,-31,67
-51,-23,65
-48,-20,64
-32,-10,56
-20,-3,53
0,7,46
0,7,43
-6,6,45
-13,4,47
-24,4,51
-32,6,54
-32,7,53
-30,10,52
-31,12,52
-34,14,51
-35,14,52
-38,15,54
-37,17,54
-36,17,53
-38,17,53
-46,14,55
-42,15,53
-39,16,51
-32,18,44
-31,18,43
-35,15,42
-40,14,44
-40,13,45
-39,14,47
-35,14,48
-34,13,49
-35,15,50
-37,16,51
-38,19,54
-40,20,56
-41,20,56
-40,19,56
-39,18,55
-34,14,53
-32,11,53
-23,7,51
-16,6,48
-6,0,38
-3,-6,33
-1,-21,27
-18,-31,30
-27,-62,21
-2,-78,8
0,-92,6
-2,-107,11
-5,-108,14
-18,-107,9
-28,-112,6
-38,-109,-1
-35,-94,-4
-29,-64,0
-28,-55,4
-30,-47,6
-32,-45,5
-32,-43,5
-31,-42,12
-30,-42,16
-33,-46,23
-34,-49,27
-37,-62,33
-36,-65,35
-37,-79,33
-36,-95,30
-27,-102,26
-16,-99,24
-9,-75,19
-11,-73,14
-18,-74,9
-28,-67,5
-30,-66,3
-25,-63,1
-20,-60,0
-17,-52,2
-19,-50,4
-24,-50,5
-24,-51,4
-20,-56,6
-12,-56,11
-9,-56,12
-10,-56,13
-13,-55,15
-21,-58,22
-25,-57,28
-26,-57,42
-22,-57,44
-10,-62,46
-8,-66,45
-7,-72,37
-6,-71,31
-9,-64,18
-13,-58,14
-25,-49,10
-38,-44,9
-42,-42,9
-53,-44,5
-56,-43,0
-74,-29,-11
-84,-24,-18
-90,-13,-19
-88,-8,-18
-79,-5,-21
-78,-6,-27
-88,-14,-47
-94,-21,-54
-93,-37,-64
-69,-27,-57
-63,-26,-58
-63,-31,-69
-61,-31,-71
-47,-31,-63
-39,-29,-56
-33,-29,-45
-33,-30,-38
-35,-32,-22
-38,-32,-14
-44,-34,4
-52,-37,9
-68,-28,6
-65,-16,24
-63,-11,29
-53,-6,26
-74,1,16
-93,14,-28
-99,14,-29
-87,5,-16
-75,0,-5
-45,-8,19
-36,-2,22
-45,-13,15
-57,-3,20
-48,5,21
-60,12,-19
-61,17,-19
-66,23,-17
-62,23,-7
-68,15,12
-66,14,14
-70,22,-8
-65,30,-16
-71,40,-26
-74,36,-30
-71,21,10
-66,23,23
-61,25,21
-53,26,19
-43,25,25
-34,18,39
-42,12,33
-32,14,19
-33,14,21
-43,-2,21
-44,-6,27
-34,3,21
-39,17,5
-58,17,44
-53,6,62
-59,2,51
-62,7,20
-61,4,2
-82,-24,-14
-53,-53,-7
-55,-25,-33
-67,-21,-49
-66,-14,-52
-55,-12,-58
-37,-12,-61
-30,-11,-56
-23,-14,-42
-13,-16,-48
-13,-11,-53
-30,4,-66
-36,15,-72
-41,30,-76
-42,33,-75
-40,34,-72
-38,33,-71
-35,27,-63
-34,22,-60
-34,11,-58
-35,2,-65
-32,-18,-90
-35,-37,-95
-42,-33,-81
-37,-23,-59
-32,-25,-60
-24,-24,-55
-21,-23,-49
-16,-20,-36
-15,-18,-31
-18,-17,-29
-21,-17,-31
-26,-15,-36
-34,-15,-39
-36,-15,-41
-40,-22,-45
-43,-26,-46
-48,-32,-47
-49,-35,-47
-50,-37,-49
-48,-39,-50
-58,-41,-55
-58,-38,-55
-56,-28,-47
-54,-30,-44
-45,-35,-38
-36,-40,-32
-31,-41,-28
-29,-35,-23
-30,-30,-20
-38,-24,-20
-40,-22,-21
-45,-21,-25
-45,-21,-26
-44,-20,-27
-44,-19,-29
-46,-22,-40
-46,-20,-45
-42,-23,-54
-46,-37,-67
-50,-47,-73
-47,-44,-74
-47,-33,-63
-49,-29,-47
-49,-32,-45
-43,-41,-43
-37,-46,-41
-28,-45,-34
-29,-45,-29
-36,-45,-24
-40,-46,-26
-39,-45,-29
-36,-42,-25
-34,-41,-23
-33,-44,-22
-32,-43,-21
-33,-39,-22
-36,-38,-23
-40,-38,-28
-43,-40,-31
-49,-45,-45
-52,-44,-52
-63,-27,-43
-66,-20,-34
-59,-27,-31
-49,-36,-34
-44,-39,-34
-35,-39,-30
-35,-33,-25
-41,-24,-17
-42,-23,-17
-39,-24,-22
-37,-23,-23
-39,-23,-25
-43,-28,-30
-52,-43,-42
-51,-39,-50
-54,-37,-48
-65,-38,-38
-64,-43,-35
-51,-48,-33
-43,-50,-32
-28,-46,-28
-22,-43,-23
-21,-42,-18
-27,-42,-22
-37,-39,-27
-42,-40,-30
-47,-45,-36
-44,-45,-35
-43,-45,-32
-44,-47,-28
-45,-49,-28
-48,-46,-26
-49,-43,-23
-51,-39,-18
-50,-38,-16
-46,-37,-14
-44,-37,-15
-43,-37,-15
-44,-38,-15
-47,-39,-17
-46,-41,-18
-47,-42,-18
-46,-44,-17
-46,-45,-16
-46,-45,-15
-46,-45,-14
-47,-43,-12
-47,-43,-11
-47,-41,-10
-47,-39,-10
-49,-39,-11
-50,-40,-11
-49,-42,-15
-47,-42,-19
-46,-40,-20
-48,-37,-22
-50,-35,-22
-51,-34,-22
-49,-35,-23
-44,-36,-21
-43,-36,-20
-45,-38,-19
-46,-38,-20
-50,-38,-19
-51,-38,-18
-52,-39,-17
-51,-41,-17
-51,-40,-16
-51,-41,-16
-51,-42,-17
-49,-41,-17
-48,-42,-17
-47,-43,-17
-47,-44,-17
-45,-45,-16
-45,-45,-16
-44,-45,-15
-43,-45,-15
-43,-45,-14
-43,-45,-14
-44,-45,-14
-44,-45,-14
-45,-45,-14
-45,-45,-14
-46,-45,-14
-46,-45,-14
-46,-45,-14
-46,-45,-14
-46,-45,-15
-46,-45,-14
-45,-45,-14
-44,-45,-14
-44,-45,-15
-44,-45,-15
-44,-45,-14
-44,-45,-15
-44,-45,-14
-44,-45,-14
-45,-45,-14
-45,-46,-14
-45,-45,-14
-45,-45,-14
-45,-45,-14
-45,-45,-13
-46,-46,-13
-45,-46,-13
-45,-46,-13
-44,-46,-13
-44,-46,-13
-44,-45,-13
-44,-45,-13
-44,-45,-13
-43,-45,-13
-44,-45,-13
-44,-45,-13
-45,-46,-13
-45,-46,-14
-45,-46,-14
-44,-46,-13
-44,-46,-12
-44,-46,-12
-44,-46,-12
-44,-46,-12
-43,-46,-12
-43,-46,-12
-44,-46,-13
-44,-46,-13
-44,-46,-13
-44,-45,-13
-44,-46,-13
-44,-46,-13
-44,-45,-14
-44,-45,-13
-44,-46,-13
-44,-46,-13
-44,-46,-13
-44,-46,-13
-44,-46,-13
-44,-46,-13
-44,-46,-13
-44,-46,-12
-44,-46,-12
-44,-46,-13
-44,-46,-13
-44,-46,-13
-44,-46,-13
-44,-46,-13
-44,-46,-13
-44,-46,-13
-44,-46,-13
-44,-46,-13
-44,-46,-13
-44,-46,-13
-44,-46,-13
-44,-46,-13
-44,-46,-14
-44,-46,-13
-44,-46,-13
-44,-46,-13
-44,-46,-13
-44,-46,-13
-44,-46,-13
-44,-46,-13
-44,-46,-13
-44,-46,-13
-44,-46,-13
-44,-46,-13
-44,-46,-13
-44,-46,-13
-44,-46,-13
-44,-46,-13
-44,-46,-13
-44,-46,-13
-44,-46,-13
-43,-46,-13
-43,-46,-13
-44,-46,-13
-43,-46,-13
-44,-46,-13
-44,-46,-13
-44,-46,-13
-44,-46,-13
-43,-46,-13
-44,-46,-13
-44,-46,-13
-44,-47,-13
-44,-46,-13
-44,-46,-13
-44,-46,-13
-45,-46,-13
-44,-46,-13
-44,-47,-13
-44,-47,-12
-44,-46,-12
-43,-46,-12
-43,-46,-12
-43,-46,-13
-44,-45,-13
-44,-46,-13
-44,-46,-13
-44,-46,-13
-44,-46,-13
-44,-46,-13
-44,-46,-12
-44,-46,-12
-44,-46,-12
-44,-47,-12
-44,-46,-12
-44,-47,-12
-43,-46,-12
-44,-46,-12
-43,-46,-12
-43,-46,-13
-43,-46,-12
-43,-46,-13
-43,-46,-12
-43,-46,-12
-43,-46,-12
-43,-46,-12
-43,-47,-12
-43,-47,-12
-44,-47,-12
-43,-47,-12
-43,-47,-12
-43,-47,-12
-43,-47,-12
-43,-47,-12
-43,-47,-13
-43,-47,-13
-43,-47,-12
-43,-47,-12
-43,-47,-12
-43,-47,-12
-44,-47,-13
-44,-47,-13
-43,-47,-12
-43,-47,-12
-43,-47,-12
-43,-47,-12
-43,-47,-12
-43,-47,-12
-43,-47,-12
-43,-47,-12
-43,-47,-13
-43,-47,-12
-43,-47,-13
-43,-47,-12
-43,-47,-12
-43,-47,-12
-43,-47,-12
-43,-47,-12
-43,-47,-12
-44,-47,-12
-44,-47,-13
-45,-47,-13
-47,-47,-15
-49,-47,-15
-49,-47,-16
-50,-47,-16
-51,-45,-15
-52,-45,-15
-54,-43,-13
-53,-43,-11
-49,-41,-6
-48,-40,-4
-48,-39,-3
-48,-39,-2
-47,-38,-1
-47,-38,-1
-47,-38,-1
-46,-37,0
-46,-37,0
-47,-38,0
-48,-38,-1
-50,-40,-2
-51,-40,-3
-52,-39,-4
-52,-40,-5
-52,-39,-5
-52,-39,-5
-52,-39,-6
-51,-40,-5
-51,-40,-5
-51,-41,-5
-51,-42,-5
-50,-42,-6
-50,-42,-5
-50,-42,-6
-49,-42,-6
-50,-42,-6
-50,-42,-6
-49,-42,-6
-49,-42,-6
-49,-43,-7
-49,-43,-7
-48,-43,-7
-48,-43,-7
-49,-43,-7
-49,-43,-7
-50,-43,-7
-52,-43,-8
-53,-42,-8
-55,-41,-8
-55,-41,-8
-54,-42,-7
-54,-41,-6
-54,-40,-5
-54,-39,-4
-53,-39,-4
-52,-37,-3
-52,-36,-2
-51,-35,-2
-51,-34,-3
-53,-34,-4
-54,-34,-5
-57,-33,-7
-64,-27,-9
-69,-26,-10
-78,-25,-9
-78,-24,-8
-77,-21,1
-73,-20,6
-63,-15,11
-62,-13,12
-60,-9,12
-59,-6,12
-56,-1,8
-58,0,6
-62,1,1
-64,3,-1
-58,4,-1
-58,8,1
-61,7,-2
-59,4,0
-56,4,4
-58,4,5
-63,3,2
-64,0,1
-61,0,4
-55,2,9
-53,0,9
-50,-6,7
-53,-7,8
-55,-16,4
-68,-25,-20
-74,-29,-20
-55,-34,-5
-53,-37,-14
-61,-32,-4
-54,-36,-1
-61,-32,-15
-64,-34,-35
-60,-38,-78
-57,-30,-61
-47,-22,-90
-53,-28,-21
-77,-3,24
-66,-6,26
-70,-10,-8
-54,-13,16
-42,-22,-14
-49,-31,-91
-43,-30,-127
-20,-23,-65
-29,-27,-78
-63,-10,-32
-80,-8,22
-69,-10,38
-65,-6,2
-50,-24,6
-50,-46,-93
-50,-38,-128
-20,-16,-69
-23,-20,-89
-63,-14,-29
-82,1,48
-66,-14,34
-65,-8,-1
-49,-25,6
-36,-25,-40
-43,-41,-128
-36,-33,-83
-28,-34,-65
-65,-13,-29
-77,-1,46
-54,-7,32
-60,-13,2
-37,-33,-1
-51,-41,-52
-57,-41,-128
-51,-27,-93
-36,-20,-65
-56,-5,-33
-67,4,45
-59,-13,22
-63,-2,-7
-51,-39,-37
-64,-53,-85
-54,-36,-123
-45,-17,-51
-48,-9,-34
-55,7,-17
-35,10,58
-45,-11,25
-47,-34,-6
-58,-37,-48
-63,-41,-117
-52,-21,-47
-31,-17,-55
-64,0,-23
-50,0,15
-46,-10,20
-60,-13,-16
-42,-32,-26
-51,-45,-57
-53,-37,-115
-54,-24,-57
-42,-17,-51
-64,-2,-39
-68,8,28
-59,-12,-1
-60,-5,-18
-58,-39,-52
-64,-52,-95
-52,-27,-83
-26,-20,-33
-48,-6,-47
-51,3,-17
-43,11,48
-51,-8,10
-43,-5,-11
-45,-36,-34
-64,-49,-127
-37,-18,-28
-35,-24,-63
-49,2,-38
-84,6,11
-43,-2,42
-53,-12,-6
-38,-28,-17
-56,-45,-85
-58,-35,-122
-49,-17,-36
-40,-12,-60
-70,-1,-6
-58,11,26
-51,-12,10
-52,-4,-21
-58,-39,-60
-67,-49,-99
-52,-24,-68
-40,-21,-40
-33,-9,-61
-67,-5,-26
-38,15,51
-54,-2,30
-60,6,-14
-35,-4,-6
-63,-58,-99
-62,-30,-111
-47,-10,-46
-39,-1,-53
-43,4,-27
-39,15,24
-41,11,39
-61,-8,-8
-53,-5,-17
-65,-44,-101
-60,-44,-128
-39,-11,-40
-41,-14,-63
-43,-2,-32
-36,9,34
-47,6,40
-52,-4,-24
-49,2,-21
-53,-33,-79
-66,-40,-110
-48,-4,-26
-42,-11,-32
-45,-7,-53
-51,-1,-35
-50,0,-14
-61,-6,-36
-57,-4,-42
-51,-6,-45
-46,-6,-38
-45,-7,-40
-49,-7,-40
-54,-5,-38
-53,-5,-35
-54,-4,-32
-54,-5,-35
-55,-2,-38
-54,-1,-40
-51,0,-40
-52,-1,-38
-52,-2,-37
-53,-2,-38
-54,-2,-39
-52,-2,-37
-52,-1,-36
-53,-1,-37
-53,-1,-38
-54,-2,-37
-56,-3,-38
-57,-4,-41
-59,-4,-41
-58,-4,-36
-62,-1,-31
-55,1,-23
-60,2,-15
-64,3,-14
-65,7,-11
-65,10,-7
-72,16,2
-72,19,1
-76,27,-4
-75,30,-6
-70,34,-15
-67,34,-21
-63,29,-32
-49,26,-47
-47,23,-56
-36,19,-46
-30,16,-43
-27,4,-46
-30,1,-44
-26,1,-40
-21,-3,-40
-25,-5,-39
-35,2,-39
-37,11,-36
-35,12,-42
-39,13,-54
-38,15,-54
-37,16,-54
-35,19,-55
-38,18,-53
-39,17,-49
-38,16,-48
-37,16,-46
-39,15,-43
-32,7,-45
-26,7,-46
-24,10,-41
-22,2,-41
-32,19,-52
-30,24,-52
-31,29,-52
-41,34,-60
-42,34,-61
-47,28,-65
-46,26,-66
-41,19,-66
-42,17,-66
-41,10,-62
-40,11,-60
-40,12,-47
-36,12,-41
-37,12,-43
-40,11,-45
-39,12,-46
-28,15,-37
-30,8,-33
-38,11,-34
-40,12,-38
-42,14,-48
-44,13,-48
-43,14,-48
-44,15,-46
-43,16,-43
-46,15,-43
-45,12,-43
-40,6,-40
-45,3,-43
-37,-1,-41
-23,-8,-39
-27,-18,-56
-25,-17,-66
-15,5,-63
-26,15,-60
-41,28,-52
-46,35,-50
-51,52,-21
-59,51,3
-52,49,28
-74,37,65
-76,19,76
-11,-11,102
12,-14,104
0,2,59
-9,-1,49
-64,-20,27
-109,-9,3
-105,12,13
-82,20,33
-21,4,86
48,-8,118
54,0,103
16,-11,73
-13,1,30
-61,-16,-2
-108,-19,-13
-123,-1,12
-105,18,17
-39,9,65
10,5,107
69,-7,116
42,-5,96
-10,-5,41
-36,-25,16
-97,-29,-16
-128,-10,1
-109,12,20
-55,14,51
0,1,100
56,-19,119
53,-8,110
9,-17,56
-37,2,10
-69,-29,-5
-128,-13,-5
-121,-3,14
-75,17,57
-47,14,64
4,0,92
44,-1,103
25,-18,78
-3,0,36
-41,-17,27
-73,-30,1
-112,-10,-6
-113,0,8
-73,15,55
-20,2,101
-6,3,97
50,3,107
19,-17,86
-39,9,9
-19,-26,39
-102,-26,-23
-118,-14,2
-73,13,37
-74,11,47
-15,4,99
-4,1,90
42,-3,107
-16,-5,37
-41,2,17
-83,-25,-13
-113,-27,-22
-96,5,21
-79,15,43
-29,5,87
-10,11,100
49,-1,116
29,-2,94
-4,-11,36
-35,-2,15
-85,-23,-18
-118,-14,9
-106,-1,25
-70,10,53
-44,6,57
-10,2,92
18,-2,101
20,-10,86
-5,-10,45
-35,-9,30
-36,-21,21
-81,-25,-8
-98,-9,26
-79,5,32
-45,11,46
-31,2,65
-27,7,69
-21,10,76
-11,-2,77
-20,-15,68
11,-10,59
16,-10,47
-32,-40,22
-10,-37,26
-45,-22,16
-128,-29,17
-128,-23,10
-96,6,49
-83,-5,52
54,2,107
110,-24,119
-8,-34,33
-52,-31,11
-128,-51,-51
-128,-31,-53
-80,-3,33
-70,0,25
66,-18,97
83,-30,104
9,-33,49
-76,-37,1
-128,-44,-27
-128,-9,-10
-82,5,36
-57,4,45
9,-13,68
94,-18,104
50,-41,69
-41,-35,10
-77,-50,5
-128,-34,-34
-81,6,40
-61,12,51
16,-10,88
78,-3,110
37,-38,59
-20,-31,32
-42,-55,9
-128,-62,-38
-128,4,3
-85,2,41
-80,23,49
-53,4,68
30,-15,87
44,-36,65
7,-37,46
-27,-44,15
-74,-46,0
-128,-16,-21
-123,-3,14
-72,11,43
-76,10,59
52,-8,94
100,-7,121
31,-40,51
-13,-39,31
-39,-49,14
-128,-28,-43
-128,-4,-3
-73,9,44
-69,12,42
22,-23,94
102,-5,112
50,-40,70
4,-33,43
-35,-51,12
-95,-48,-4
-128,-7,-6
-71,7,57
-68,16,19
-3,-12,58
54,-1,77
68,-16,97
29,-14,65
-45,3,24
-81,14,22
-127,2,-11
-87,4,8
-56,4,21
-57,-2,11
-72,11,23
-68,7,12
-65,14,1
-47,16,-38
-36,23,-53
-42,30,-84
-37,25,-66
-49,15,-31
-41,12,-25
-37,12,-39
-41,17,-46
-50,22,-58
-40,18,-53
-45,21,-39
-49,20,-43
-53,18,-41
-55,18,-30
-58,19,-36
-69,16,-35
-42,16,-25
-51,11,21
-58,-1,30
-68,8,47
-59,13,49
-53,6,54
-54,6,47
-52,11,17
-70,10,-1
-66,11,6
-58,8,7
-51,9,-1
-56,6,-2
-63,8,-2
-59,13,-27
-53,2,-32
-64,11,-16
-60,6,-22
-64,9,-29
-60,11,-32
-64,11,-41
-79,10,-29
-71,7,-25
-73,5,-15
-82,8,-27
-34,4,0
-49,4,-4
-67,10,-14
-75,4,9
-65,4,35
-57,4,37
-42,-2,41
-44,-2,37
-20,-16,57
-49,-10,47
-54,-6,45
-42,-9,47
-37,-12,49
-44,-14,46
-45,-13,47
-35,-16,54
-32,-15,55
-36,-12,51
-34,-10,49
-36,-10,49
-32,-9,48
-33,-8,47
-31,-6,48
-32,-5,48
-39,-13,52
-39,-14,55
-38,-13,55
-38,-11,52
-36,-10,49
-39,-9,49
-48,-8,42
-54,-7,38
-58,-4,35
-56,-3,39
-58,-3,36
-54,-2,32
-54,-4,32
-55,-3,32
-59,-3,32
-54,2,38
-47,-5,35
-58,-27,25
-62,-23,29
-58,-16,30
-52,-17,32
-41,-19,47
-39,-20,47
-41,-19,46
-43,-21,49
-39,-20,49
-36,-20,48
-41,-17,45
-39,-13,46
-33,-15,46
-38,-9,40
-35,-9,43
-34,-9,51
-29,-7,48
-32,4,40
-41,-1,42
-40,-5,52
-32,-8,72
-28,-5,67
-52,-2,34
-49,0,41
-37,-5,45
-35,-5,37
-68,-12,26
-74,-10,33
-55,-11,35
-53,-9,24
-76,-17,15
-53,-28,31
-51,-33,33
-52,-34,32
-52,-39,33
-43,-38,33
-43,-38,32
-37,-36,33
-37,-37,35
-36,-34,35
-41,-31,32
-48,-31,33
-48,-31,34
-46,-27,34
-51,-25,31
-50,-27,31
-48,-26,38
-47,-29,34
-48,-26,34
-49,-29,32
-49,-31,31
-46,-30,31
-45,-28,31
-47,-30,31
-50,-30,24
-48,-32,23
-52,-29,16
-55,-29,9
-56,-29,4
-54,-24,-8
-60,-22,-17
-53,-19,-23
-55,-17,-27
-58,-16,-39
-62,-14,-44
-56,-11,-42
-49,-15,-47
-48,-13,-50
-44,-12,-50
-47,-10,-49
-44,-9,-46
-44,-7,-48
-40,-9,-48
-41,-10,-49
-40,-11,-51
-37,-11,-50
-40,-12,-48
-40,-13,-48
-35,-12,-48
-37,-14,-48
-39,-15,-48
-37,-15,-52
-36,-12,-50
-38,-11,-54
-39,-12,-53
-40,-7,-50
-41,-6,-51
-42,-9,-52
-43,-7,-50
-46,-6,-52
-44,-7,-52
-39,-7,-50
-40,-6,-51
-40,-7,-52
-40,-7,-50
-38,-7,-49
-42,-6,-47
-43,-5,-48
-44,-2,-47
-44,-1,-45
-59,5,-49
-58,3,-47
-59,-2,-33
-57,-4,-29
-59,-4,-15
-63,-8,-13
-43,-16,9
-60,-18,10
-61,-18,14
-46,-18,38
-48,-21,35
-47,-20,40
-37,-21,49
-33,-21,55
-39,-23,52
-40,-29,56
-35,-32,58
-28,-24,57
-32,-21,53
-37,-26,50
-32,-24,52
-29,-20,49
-39,-19,46
-35,-17,46
-35,-16,48
-32,-16,47
-34,-11,44
-35,-8,43
-38,-5,45
-39,-4,46
-38,-4,48
-39,-5,49
-44,-10,50
-45,-13,50
-45,-13,50
-44,-13,48
-43,-14,48
-40,-15,49
-39,-15,49
-40,-16,48
-40,-16,48
-41,-16,47
-41,-15,47
-41,-16,47
-41,-15,47
-42,-15,46
-42,-16,47
-41,-15,47
-41,-17,48
-41,-18,48
-39,-19,49
-39,-20,49
-38,-19,50
-39,-20,49
-38,-20,49
-37,-21,49
-39,-20,48
-39,-20,47
-39,-21,47
-38,-22,48
-37,-22,48
-37,-22,49
-36,-21,49
-33,-20,50
-32,-19,51
-32,-17,51
-31,-16,50
-33,-12,49
-35,-11,49
-39,-9,49
-39,-9,49
-39,-9,49
-38,-8,48
-38,-7,48
-39,-7,49
-39,-7,50
-39,-5,52
-38,-5,53
-42,-5,54
-44,-6,54
-44,-6,52
-42,-4,50
-41,-1,47
-47,-2,44
-48,-4,44
-44,-4,44
-43,-2,43
-45,-3,44
-47,-6,45
-44,-9,47
-42,-9,47
-42,-8,48
-41,-9,48
-38,-7,49
-38,-6,49
-42,1,49
-51,9,49
-54,9,50
-55,9,55
-57,9,54
-41,10,45
-30,7,47
2,-6,52
14,-18,52
-48,-52,38
-54,-13,3
-51,-4,25
-24,-26,64
-12,-12,61
-35,-17,31
-37,-15,36
-49,-64,45
-51,-80,35
-45,-70,53
-62,-48,48
-56,-24,50
-48,-17,52
-34,-6,54
-30,-6,53
-30,-14,48
-47,-19,35
-50,-18,35
-51,-17,40
-50,-16,40
-50,-15,32
-54,-15,29
-55,-12,27
-57,-11,26
-58,-8,29
-60,-6,26
-53,-12,48
-42,-10,57
-36,-13,44
-32,-18,48
-10,-31,42
1,-28,53
-13,-18,33
-53,-13,38
-78,-13,31
-57,-2,28
-18,-19,58
-24,-10,66
-64,-22,45
-72,-15,32
-52,-22,32
-33,-39,31
-33,-31,28
-52,-24,29
-49,-28,51
-42,-26,49
-32,-20,30
-49,-17,21
-66,-20,32
-55,-20,40
-37,-27,50
-33,-29,52
-39,-27,46
-46,-29,41
-54,-28,35
-47,-27,37
-43,-28,38
-41,-27,37
-42,-26,35
-41,-25,34
-42,-25,35
-44,-26,36
-44,-24,36
-46,-24,36
-47,-24,36
-47,-23,36
-50,-23,36
-49,-23,37
-50,-24,38
-50,-25,38
-48,-26,37
-47,-26,36
-49,-25,33
-50,-25,33
-51,-24,34
-51,-24,34
-51,-24,35
-50,-24,36
-50,-23,35
-56,-18,33
-63,-15,31
-83,-6,14
-86,-6,13
-67,-15,43
-57,-7,51
-32,11,55
-14,10,52
13,7,38
18,5,41
7,-4,45
-9,-16,48
-70,-1,84
-4,15,72
6,12,63
-18,7,66
-19,21,61
-49,10,39
-37,23,57
-57,22,34
-57,24,35
-18,28,63
-46,20,36
-63,8,-77
-18,19,-96
-5,27,-101
-43,-6,-128
-65,-12,-112
-128,-106,-103
-13,-128,105
-104,-25,57
-4,-35,87
-2,-28,73
35,-18,91
22,-41,101
20,2,78
-40,1,34
-96,8,27
-128,16,-42
-50,-2,40
-32,-17,17
28,-25,46
66,-27,89
45,-14,111
17,6,101
-50,44,82
-56,38,73
-36,26,63
-63,23,47
-65,12,14
-62,12,20
-18,44,51
-31,5,-22
-34,4,-77
-59,27,0
-62,38,20
-66,16,-28
-56,16,-44
-32,29,-3
-48,27,31
-25,28,63
-46,33,31
-37,32,23
-43,32,27
-46,20,24
-37,22,56
-30,20,63
29,6,78
18,7,69
-46,9,42
-61,8,33
-73,4,33
-84,7,33
-61,9,41
-52,7,43
-52,0,45
-54,-1,44
-65,-9,36
-63,-11,35
-64,-12,29
-59,-6,22
-60,-16,16
-57,-11,31
-56,-6,28
-57,-18,24
-57,-13,21
-57,-14,23
-54,-14,22
-59,-19,13
-66,-22,10
-63,-18,12
-69,-18,12
-72,-16,13
-75,-12,5
-61,-16,6
-47,-22,14
-54,-25,17
-59,-20,18
-59,-20,15
-60,-20,15
-59,-17,21
-63,-14,21
-63,-16,16
-60,-17,21
-60,-17,20
-61,-17,23
-59,-30,13
-56,-26,23
-51,-21,21
-52,-23,21
-55,-24,26
-55,-22,25
-60,-17,24
-60,-17,23
-63,-13,19
-59,-13,21
-58,-13,23
-61,-11,23
-61,-11,22
-63,-12,21
-60,-12,21
-61,-13,22
-60,-13,22
-61,-13,21
-63,-12,19
-67,-13,17
-65,-15,17
-61,-16,18
-55,-14,22
-53,-12,23
-54,-8,22
-57,-6,21
-57,-1,22
-57,2,23
-61,6,19
-64,7,15
-72,10,9
-73,11,6
-80,16,-1
-81,18,1
-74,14,12
-81,13,11
-80,14,14
-58,15,19
-57,17,21
-48,31,32
-42,38,29
-33,38,19
-29,37,25
-33,30,26
-39,27,38
-23,-3,81
18,-27,124
-31,19,57
-6,15,33
-12,25,34
-47,36,45
-42,34,38
-61,42,27
-43,54,30
-40,51,19
-33,49,23
-20,57,53
-29,50,10
-38,37,-40
-25,33,-62
-13,34,-47
-30,40,-70
-31,40,-85
-31,30,-78
-31,17,-79
-128,-128,34
127,-58,127
-128,14,-39
-66,-20,-10
127,-35,127
127,-20,99
106,-76,124
-128,-10,-128
-128,-16,-116
-111,-8,24
-24,7,43
-22,-101,82
127,-70,126
102,-33,127
30,2,104
-84,-4,9
-128,9,-26
-128,5,-64
-68,-16,5
9,4,19
70,8,127
3,9,127
-72,29,62
-70,43,56
-80,28,27
-62,19,11
-20,26,-9
-24,27,-63
-10,19,-29
-26,31,28
-66,43,32
-56,51,69
-43,50,15
-30,34,-30
-31,37,-26
-60,48,6
-43,40,22
-42,41,31
-35,43,23
-42,46,29
-53,43,20
-47,44,37
-32,40,56
-66,33,20
-62,29,13
-52,22,16
-58,13,19
-54,14,16
-57,16,6
-59,25,14
-59,30,14
-62,30,15
-61,21,36
-58,22,17
-53,15,16
-60,15,24
-38,5,30
-25,7,53
-43,20,23
-91,59,33
-70,26,76
-78,3,84
-79,14,69
6,-6,42
-68,-13,67
-55,19,51
-49,21,42
-25,14,55
-10,-23,54
-22,-1,48
-11,59,61
-19,-7,63
-27,27,74
-24,24,55
-20,26,55
-22,24,51
-18,26,53
-22,32,53
-56,34,18
-62,32,24
-43,25,30
-42,42,20
-43,40,28
-70,37,7
-63,23,17
-59,32,15
-82,44,3
-45,37,1
-29,28,4
-56,24,-9
-57,35,-29
-37,24,-11
-16,25,10
-65,24,-39
-71,37,-53
-38,35,-32
-55,25,-29
-48,22,-34
-42,23,-43
-42,22,-40
-52,28,-48
-55,28,-73
-19,41,11
-37,14,33
-93,21,-29
-60,42,-68
-1,46,-39
-37,33,0
-52,24,63
-36,21,41
-39,15,37
-37,21,35
-54,15,58
-14,19,49
-2,12,55
-8,11,48
-25,11,54
-26,15,61
-11,16,62
12,15,58
1,15,61
-7,11,58
-26,18,55
-23,19,55
-1,16,65
-20,14,59
-12,21,68
-13,20,71
-14,15,77
-32,8,56
-26,16,64
-26,16,67
-16,8,54
-27,3,54
-31,7,64
-13,4,56
2,2,57
127,-43,91
84,-54,65
-53,-91,55
-65,-71,63
-57,-48,50
-56,-45,39
-61,-42,37
-70,-42,37
-95,-44,24
-88,-37,11
-74,-29,8
-54,-36,67
-58,-43,69
-13,-38,62
-14,-62,51
-14,-77,16
-1,-75,-5
5,-82,-33
11,-86,-29
21,-83,0
29,-74,14
-5,-58,10
-21,-63,9
-19,-67,17
-7,-72,30
-3,-76,32
5,-75,36
-7,-74,32
-35,-67,19
-40,-65,19
-48,-59,29
-46,-59,35
-31,-59,35
-32,-53,34
-30,-43,40
-28,-38,46
-27,-32,47
-16,-22,51
-14,-21,50
-13,-27,44
-9,-24,42
-11,-12,44
-13,-11,42
-15,-2,34
-18,4,35
-28,3,38
-29,1,42
-23,4,52
-11,9,57
1,17,56
-7,24,50
-26,16,47
-70,-2,48
-79,-14,46
-51,-31,49
-47,-45,54
-43,-91,45
-47,-88,37
-52,-68,20
-51,-62,14
-47,-65,11
-33,-68,21
-25,-60,21
-16,-48,15
-13,-48,14
-12,-50,16
-14,-49,16
-18,-52,13
-19,-57,11
-15,-65,10
-12,-68,11
-10,-74,13
-9,-79,10
-11,-86,9
-21,-80,13
-26,-73,15
-22,-57,16
-17,-55,15
-11,-59,12
-11,-62,10
-10,-64,8
-9,-61,9
-10,-49,9
-11,-44,9
-22,-42,11
-29,-43,11
-29,-46,13
-25,-55,19
-21,-58,24
-11,-63,30
-11,-66,31
-29,-80,27
-44,-91,25
-56,-111,14
-38,-106,9
-1,-72,16
-7,-68,9
-13,-72,7
-21,-72,6
-22,-66,1
-20,-60,-3
-19,-54,-4
-18,-51,-5
-19,-51,-5
-22,-53,-5
-21,-55,-5
-18,-63,-3
-14,-63,-2
-9,-67,2
-7,-68,5
-8,-70,8
-23,-68,20
-30,-64,28
-24,-54,30
-11,-56,29
15,-63,29
21,-68,27
15,-74,23
9,-72,22
-2,-60,15
-6,-56,12
-15,-48,5
-20,-46,3
-29,-48,2
-35,-61,3
-36,-63,5
-36,-66,9
-42,-71,12
-67,-88,15
-69,-95,11
-30,-106,9
-9,-88,13
-2,-62,14
-6,-62,13
-16,-70,12
-19,-71,11
-21,-68,6
-18,-59,1
-17,-57,0
-16,-60,-1
-17,-59,-2
-18,-59,-4
-16,-61,-4
-14,-63,-4
-13,-63,-4
-16,-63,0
-17,-64,3
-15,-66,7
-20,-67,21
-23,-64,26
-13,-60,28
-4,-63,31
7,-77,37
3,-77,36
-12,-71,30
-17,-65,25
-27,-53,11
-33,-47,6
-40,-41,-1
-43,-34,-5
-65,-26,-18
-79,-21,-19
-71,-17,-12
-55,-4,2
-55,0,1
-83,-8,-9
-105,-20,-12
-96,-41,-19
-81,-37,-11
-62,-26,-8
-60,-26,-8
-56,-28,-8
-51,-27,-8
-41,-25,-6
-30,-21,-2
-26,-18,0
-28,-19,4
-36,-24,4
-38,-34,4
-34,-39,5
-13,-54,11
2,-65,19
16,-73,27
13,-76,21
-1,-82,5
-15,-93,4
-59,-103,9
-53,-71,10
-40,-60,14
-17,-61,20
-11,-68,21
-7,-76,14
-8,-75,8
-9,-61,2
-10,-53,0
-17,-40,-2
-22,-36,-2
-33,-36,1
-38,-39,3
-35,-49,10
-20,-53,14
-12,-57,19
-20,-72,28
-39,-85,31
-61,-109,23
-43,-104,17
7,-72,19
10,-71,17
-2,-74,12
-9,-75,12
-18,-72,8
-20,-58,1
-20,-54,-2
-21,-51,-4
-22,-51,-4
-25,-50,-5
-24,-51,-6
-21,-58,-3
-19,-60,-1
-13,-63,4
-11,-65,7
-5,-68,13
-2,-72,14
-5,-74,18
-17,-62,27
-19,-57,29
-11,-59,27
-7,-63,25
-2,-75,17
-1,-77,14
-1,-69,11
-3,-62,10
-11,-51,5
-16,-47,2
-26,-44,-1
-30,-43,-2
-32,-46,1
-29,-50,8
-26,-53,10
-29,-64,16
-38,-76,20
-65,-105,22
-55,-117,16
4,-83,21
13,-70,21
4,-68,13
-2,-68,11
-19,-73,11
-23,-70,11
-23,-59,4
-17,-52,0
-16,-52,0
-20,-53,-2
-23,-56,-4
-22,-56,-5
-20,-59,-4
-15,-65,-1
-12,-65,2
-6,-67,6
-5,-66,8
-8,-67,10
-7,-71,11
-19,-65,24
-18,-51,36
-8,-49,39
-3,-61,39
-7,-68,36
-10,-76,27
-8,-74,22
-11,-62,14
-14,-57,10
-22,-48,4
-26,-44,2
-32,-43,1
-39,-47,3
-39,-49,5
-37,-53,10
-39,-59,13
-63,-86,16
-73,-101,16
-28,-89,26
-4,-73,35
-5,-61,31
-15,-62,25
-30,-67,15
-31,-68,12
-23,-67,6
-17,-60,6
-16,-59,5
-19,-58,3
-21,-57,3
-24,-57,3
-24,-58,1
-18,-60,4
-14,-60,6
-10,-58,13
-9,-57,16
-13,-56,18
-16,-57,18
-26,-58,26
-33,-54,41
-31,-53,44
-22,-47,51
-22,-48,54
-28,-56,48
-30,-60,46
-29,-60,38
-29,-55,35
-33,-41,33
-30,-34,35
-25,-34,28
-25,-34,34
-20,-28,42
-26,-28,38
-28,-31,35
-37,-37,36
-41,-45,31
-49,-68,24
-33,-55,41
-30,-50,45
0,-44,46
-34,-45,20
-43,-44,17
-49,-43,23
-48,-39,27
-44,-38,28
-38,-40,26
-34,-39,27
-35,-42,29
-34,-43,32
-39,-48,34
-41,-47,34
-40,-45,33
-43,-43,35
-39,-41,39
-33,-36,38
-38,-35,35
-36,-35,35
-36,-34,37
-34,-35,39
-32,-37,39
-32,-38,37
-34,-38,37
-32,-37,41
-29,-38,41
-28,-41,41
-31,-41,42
-32,-40,43
-30,-41,41
-32,-41,37
-32,-41,36
-35,-39,33
-35,-38,30
-35,-37,30
-36,-37,29
-38,-37,30
-39,-38,32
-39,-40,33
-40,-46,35
-39,-47,35
-36,-51,38
-34,-53,38
-30,-54,34
-29,-54,31
-29,-52,28
-30,-51,26
-32,-50,23
-35,-51,22
-37,-52,21
-38,-51,20
-37,-49,20
-35,-48,20
-35,-49,19
-33,-48,17
-32,-49,17
-32,-53,17
-31,-55,17
-29,-58,16
-28,-57,14
-28,-57,14
-29,-57,13
-29,-56,12
-31,-55,13
-30,-55,14
-30,-56,14
-30,-57,15
-28,-59,15
-27,-60,16
-27,-61,16
-26,-61,15
-25,-60,15
-24,-59,15
-24,-57,14
-23,-54,15
-24,-53,16
-24,-53,15
-24,-53,15
-27,-54,16
-27,-56,16
-26,-60,16
-26,-61,16
-24,-63,16
-21,-63,15
-21,-62,15
-20,-59,13
-19,-57,12
-19,-54,12
-21,-53,11
-23,-53,11
-25,-54,12
-26,-56,12
-26,-56,12
-24,-56,14
-25,-56,16
-28,-58,19
-25,-62,25
-26,-64,27
-26,-66,31
-27,-64,32
-34,-59,32
-38,-57,31
-44,-49,29
-47,-44,27
-49,-39,27
-48,-37,27
-48,-31,26
-50,-27,25
-56,-19,27
-59,-16,29
-61,-15,28
-63,-10,26
-65,-7,24
-62,-3,18
-65,-1,16
-76,-1,10
-77,-5,7
-62,-5,10
-58,-1,11
-52,4,9
-50,6,9
-51,4,7
-45,0,15
-46,-2,18
-54,-6,20
-61,-7,18
-62,1,17
-61,3,15
-68,0,15
-67,0,19
-60,-4,23
-59,-3,19
-64,-8,25
-60,-8,31
-62,-10,30
-70,-9,34
-76,-11,32
-84,-15,20
-77,-15,16
-61,-9,12
-52,-9,12
-42,-8,13
-46,-9,17
-41,-8,31
-43,-9,33
-45,-2,35
-50,5,36
-56,10,33
-59,17,35
-60,18,34
-57,18,35
-55,16,37
-59,15,39
-62,16,40
-64,20,43
-75,19,34
-80,9,23
-73,6,19
-56,10,17
-59,10,16
-60,10,16
-53,8,18
-44,5,23
-30,-1,46
-30,3,45
-37,8,41
-37,6,41
-46,3,33
-44,0,28
-48,-6,30
-46,-10,33
-40,-20,33
-36,-28,21
-33,-33,22
-19,-47,30
-17,-58,30
-13,-75,21
-14,-83,17
-18,-94,14
-21,-97,10
-27,-103,4
-31,-102,3
-25,-78,2
-21,-64,1
-24,-49,-2
-37,-47,-3
-43,-48,-4
-45,-51,-2
-42,-51,1
-39,-52,9
-42,-55,14
-56,-73,26
-60,-87,28
-32,-114,20
-10,-117,17
8,-88,10
8,-78,8
0,-77,9
-16,-80,13
-20,-73,10
-18,-69,-3
-15,-68,-6
-13,-56,-8
-14,-53,-9
-22,-50,-10
-25,-52,-11
-25,-54,-11
-21,-55,-10
-15,-57,-5
-9,-59,0
-8,-59,2
-14,-61,8
-22,-61,15
-39,-56,30
-34,-53,32
-2,-59,35
13,-68,37
21,-85,29
17,-88,25
5,-76,17
-1,-68,14
-14,-54,11
-22,-46,8
-25,-44,7
-26,-43,6
-26,-47,6
-26,-53,10
-28,-55,12
-34,-62,17
-43,-70,18
-75,-95,17
-72,-105,10
-7,-97,13
10,-77,16
2,-68,10
-14,-73,12
-20,-74,11
-22,-64,5
-21,-58,1
-19,-52,-2
-18,-52,-3
-23,-54,-5
-25,-56,-6
-25,-62,-6
-22,-65,-6
-14,-66,-1
-12,-67,4
-6,-67,11
-2,-68,14
-6,-66,20
-18,-58,32
-19,-52,32
-7,-48,29
2,-54,29
7,-69,24
4,-77,20
-3,-78,15
-7,-65,10
-10,-59,8
-14,-56,6
-23,-51,4
-31,-52,2
-33,-54,3
-31,-57,6
-28,-57,8
-31,-61,13
-39,-65,16
-67,-80,18
-75,-91,16
-25,-103,10
3,-88,14
7,-74,9
-6,-79,9
-13,-83,11
-20,-74,9
-20,-71,4
-18,-60,-1
-16,-56,-2
-17,-53,-3
-19,-53,-3
-19,-58,-4
-17,-60,-4
-11,-61,-2
-9,-61,0
-5,-65,3
-5,-65,3
-9,-66,4
-27,-63,17
-34,-58,24
-22,-54,26
-5,-56,27
18,-70,27
20,-77,23
10,-83,14
1,-80,10
-13,-64,3
-18,-57,-1
-28,-49,-5
-39,-47,-4
-41,-48,-2
-35,-52,3
-32,-53,6
-27,-59,13
-29,-61,16
-43,-73,20
-56,-83,21
-46,-103,17
-20,-95,17
2,-72,14
-2,-75,11
-14,-81,9
-17,-74,10
-16,-70,7
-13,-62,3
-12,-58,1
-14,-53,-2
-16,-51,-2
-21,-52,-3
-21,-54,-4
-18,-60,-3
-15,-61,-1
-8,-62,5
-6,-65,7
-5,-65,8
-12,-70,10
-18,-70,16
-24,-62,28
-22,-57,29
-4,-55,28
3,-60,27
4,-74,17
2,-78,14
-3,-71,10
-6,-63,8
-15,-51,5
-24,-45,3
-27,-44,3
-30,-45,3
-28,-47,5
-25,-52,10
-25,-55,13
-32,-69,17
-44,-81,20
-72,-103,18
-61,-107,12
-3,-85,17
7,-71,16
2,-63,9
-14,-73,12
-21,-77,13
-23,-66,7
-20,-61,1
-18,-60,-3
-16,-64,-4
-19,-62,-6
-20,-59,-6
-19,-57,-5
-18,-59,-5
-16,-62,-3
-15,-63,-1
-12,-66,3
-9,-66,8
-8,-69,10
-18,-65,27
-22,-59,34
-8,-50,35
6,-52,36
19,-66,28
17,-73,21
7,-78,10
1,-77,7
-11,-64,2
-16,-58,-1
-25,-48,-4
-38,-48,-3
-43,-49,-3
-39,-54,0
-35,-56,4
-31,-60,14
-31,-65,17
-53,-83,20
-67,-93,19
-39,-108,14
-12,-93,16
0,-67,13
-11,-75,11
-16,-83,11
-15,-80,9
-14,-74,6
-13,-63,4
-13,-63,2
-14,-58,-1
-15,-56,-2
-20,-55,-3
-19,-58,-3
-14,-61,-4
-13,-59,-3
-10,-58,1
-8,-61,2
-8,-63,3
-24,-64,12
-36,-59,22
-33,-55,27
-14,-57,28
15,-69,30
19,-76,28
14,-77,22
8,-73,18
-7,-62,12
-14,-57,9
-23,-48,5
-29,-44,4
-36,-40,6
-37,-44,8
-36,-45,11
-35,-50,16
-38,-53,17
-44,-58,16
-51,-65,15
-77,-92,19
-78,-101,14
-44,-75,7
-37,-65,8
-56,-63,-6
-71,-68,-15
-58,-72,-19
-36,-68,-16
-37,-64,-13
-44,-60,-10
-52,-58,-12
-80,-59,-12
-85,-64,-18
-20,-65,6
5,-54,28
5,-37,31
2,-32,25
0,-13,26
-20,-8,21
-45,-18,20
-31,-26,41
-31,-40,45
-25,-50,44
-20,-50,46
-37,-33,37
-56,-30,26
-54,-31,23
-64,-26,11
-68,-15,7
-45,-7,19
-37,-17,42
-79,-13,35
-75,-14,34
-71,-14,33
-59,-13,36
-51,-7,37
-55,-6,32
-71,-11,30
-80,-17,27
-75,-30,21
-63,-30,26
-44,-18,26
-44,-16,28
-55,-20,28
-64,-21,23
-65,-21,19
-59,-17,15
-55,-14,13
-53,-12,11
-54,-9,5
-54,-5,-17
-41,-5,-26
-31,12,-74
-74,13,-94
-59,1,-73
-34,2,-55
-55,4,-63
-60,14,-73
-48,19,-59
-27,11,-11
-6,9,37
-11,8,50
-44,7,15
-57,6,-10
-65,3,-15
-73,1,-15
-68,3,-11
-54,8,-7
-50,11,-6
-54,16,-7
-61,19,-11
-62,19,-13
-63,22,-14
-63,24,-18
-61,28,-24
-60,28,-28
-60,21,-44
-71,20,-53
-68,15,-52
-60,14,-47
-67,14,-49
-66,13,-45
-56,9,-32
-52,1,-28
-48,-1,-17
-61,-3,-16
-60,-5,-18
-68,-11,-10
-73,-11,-5
-60,-9,-2
-49,-10,9
-89,-15,10
-72,-19,10
-62,-28,33
-39,-24,41
-28,-15,46
-19,-5,50
-27,-2,46
-19,2,58
-14,1,65
-3,2,65
-1,3,60
10,1,58
12,-4,61
7,-9,61
4,-12,58
7,-14,65
12,-17,58
1,-19,60
12,-19,68
20,-19,66
-3,-30,63
1,-29,64
5,-27,65
-2,-27,63
2,-24,67
1,-25,66
-9,-26,55
-13,-24,53
-26,-19,57
-31,-19,57
-30,-17,60
-34,-10,57
-42,-8,54
-49,1,52
-51,4,51
-54,11,46
-54,15,46
-52,22,47
-50,24,47
-48,28,47
-52,30,46
-53,34,42
-53,41,35
-56,46,32
-57,54,23
-55,58,18
-44,61,18
-38,62,20
-19,59,16
-11,57,17
0,56,21
4,52,20
9,48,21
10,45,23
18,38,23
17,34,22
17,34,23
20,37,30
14,39,34
15,41,41
16,44,45
15,50,46
16,51,39
8,49,40
9,50,43
14,53,47
12,55,51
9,56,57
-5,49,47
-8,45,44
-11,35,44
-10,33,43
-9,34,44
-9,35,45
-9,43,48
-9,43,51
-9,40,49
-6,39,51
-5,38,52
1,37,51
3,36,51
-4,35,50
-3,37,51
1,39,58
-3,40,55
-6,43,47
-1,44,49
-3,45,48
-3,44,48
5,41,48
5,42,49
6,45,53
-5,47,49
-7,45,48
-5,43,41
-1,43,41
-1,40,40
-2,40,39
-2,44,42
-1,47,46
-3,49,48
-7,48,47
-20,45,44
-22,44,39
-18,45,42
-17,45,40
-16,44,43
-18,44,45
-20,45,45
-23,46,42
-28,48,44
-25,49,51
-26,47,48
-31,48,48
-31,48,47
-34,46,39
-36,46,39
-32,43,38
-39,37,36
-39,38,38
-32,40,39
-32,41,38
-31,43,35
-31,43,30
-28,43,27
-25,42,27
-19,43,27
-13,41,27
1,37,30
19,18,37
26,11,42
36,-4,66
38,-17,73
46,-33,89
41,-38,84
31,-47,66
20,-44,63
14,-36,58
9,-28,53
10,-9,50
10,-5,47
-3,6,38
9,9,34
30,13,35
43,10,42
49,7,44
85,10,64
71,10,58
43,18,46
42,16,42
34,15,31
36,12,28
31,8,30
30,7,28
39,11,21
65,8,22
84,6,34
81,10,43
60,14,42
55,10,28
61,10,23
51,-1,31
59,-2,28
68,-1,25
68,-2,27
70,-5,20
68,-5,19
57,1,13
54,6,6
49,11,4
33,21,-5
25,24,-10
0,34,-19
-15,37,-18
-41,44,-16
-52,46,-13
-61,51,-8
-63,56,-6
-84,60,4
-87,47,-2
-94,45,8
-92,31,19
-87,21,17
-101,20,19
-84,21,23
-53,20,32
-51,19,28
-59,15,11
-59,9,6
-63,10,8
-62,14,10
-56,19,16
-62,20,15
-68,23,15
-57,29,19
-59,29,15
-57,27,-1
-61,24,2
-67,19,7
-63,16,7
-63,12,11
-67,15,8
-54,12,13
-56,9,15
-64,11,26
-61,12,24
-61,20,27
-52,29,39
-46,28,44
-18,23,50
-21,19,54
-40,11,54
-45,7,53
-36,5,58
-28,7,63
-32,8,63
-33,8,62
-39,10,56
-39,17,55
-33,22,55
-29,27,54
-27,29,54
-29,36,46
-28,39,41
-34,43,33
-41,47,29
-48,55,22
-47,61,20
-45,60,20
-39,60,22
-29,57,24
-14,51,21
-3,46,25
4,41,28
5,37,29
10,36,33
13,34,34
15,38,39
5,42,37
-2,52,39
2,53,42
4,55,39
-9,49,35
-10,48,35
6,51,46
5,51,42
7,49,40
11,49,44
5,45,41
-1,45,38
6,46,41
8,46,42
2,46,38
2,48,40
4,46,38
8,49,41
7,50,39
-9,49,35
-11,48,36
-6,47,42
-17,46,42
-21,44,42
-19,43,44
-25,43,42
-32,43,40
-25,41,44
-18,41,47
-26,42,45
-23,42,43
-19,43,45
-17,43,46
-18,41,45
-18,42,46
-17,41,45
-17,40,45
-16,39,44
-12,38,42
-9,36,42
-3,36,43
2,36,44
4,30,47
4,27,52
5,27,54
8,22,56
4,20,59
5,17,65
8,14,64
13,10,65
15,9,65
19,5,65
22,2,66
23,1,67
23,2,66
20,0,61
16,-1,63
13,-1,64
10,-1,65
12,-3,67
3,-10,81
9,-15,80
26,-15,74
18,-12,68
12,3,52
10,7,46
9,15,38
4,19,37
-6,34,40
-10,41,44
-14,38,46
-24,37,50
-25,38,56
-29,38,54
-30,39,54
-29,38,56
-27,37,56
-24,35,58
-24,34,57
-28,30,55
-29,27,54
-26,21,49
-20,19,46
-19,18,46
-21,18,50
-24,18,55
-33,15,64
-32,12,66
-23,14,65
-22,14,62
-23,16,58
-24,18,58
-26,21,56
-30,23,53
-33,25,53
-39,26,53
-41,23,52
-39,24,53
-40,23,50
-40,20,46
-39,23,45
-37,23,43
-37,24,42
-37,25,42
-39,25,43
-42,23,47
-41,23,49
-38,23,49
-34,23,48
-33,23,48
-29,24,52
-28,25,53
-29,27,57
-27,26,60
-29,23,64
-29,22,64
-25,22,64
-26,14,66
-23,7,67
-11,0,66
-10,-1,64
-15,-3,58
-15,-2,56
-6,3,57
-2,5,59
4,9,64
5,11,65
6,15,69
7,16,70
10,18,70
10,19,69
10,23,60
7,30,41
1,33,36
-13,33,31
-19,31,33
-25,26,50
-29,16,63
-28,-18,63
1,-35,71
20,-25,84
-2,-27,74
-10,-35,64
1,-33,59
17,-20,47
4,-15,42
-1,-11,44
-1,-12,50
-1,-15,52
-4,-20,60
-1,-22,62
1,-22,63
-5,-25,60
-11,-27,55
-13,-28,53
-12,-31,57
-11,-32,57
-3,-32,58
-15,-32,49
-23,-34,39
-25,-43,33
-15,-36,33
3,-31,28
-5,-38,25
-17,-38,19
-18,-37,17
-24,-53,18
-20,-56,19
-30,-72,15
-35,-82,15
-24,-77,24
-38,-87,27
-39,-85,25
-42,-86,25
-35,-83,34
-39,-72,35
-40,-66,37
-46,-71,32
-49,-78,34
-44,-85,36
-39,-75,37
-39,-59,26
-41,-60,21
-39,-68,12
-30,-68,7
-29,-68,6
-28,-69,2
-25,-67,2
-24,-69,2
-23,-66,3
-22,-63,4
-22,-61,4
-20,-60,2
-19,-58,2
-17,-56,4
-15,-56,6
-14,-57,8
-11,-61,17
-11,-65,22
-15,-71,35
-11,-71,42
6,-69,50
8,-68,48
2,-72,33
-1,-74,24
-7,-76,7
-10,-72,0
-16,-61,-12
-27,-48,-15
-34,-44,-16
-45,-40,-15
-49,-41,-13
-50,-47,-9
-49,-49,-4
-42,-55,9
-45,-66,15
-67,-89,25
-67,-106,27
-25,-95,38
-10,-80,41
-17,-69,29
-22,-69,17
-23,-72,14
-18,-76,9
-13,-78,7
-11,-78,3
-12,-78,0
-17,-75,-7
-20,-70,-10
-28,-62,-16
-32,-59,-19
-31,-57,-22
-29,-58,-22
-24,-49,-19
-24,-38,-13
-26,-43,-11
-27,-49,-1
-29,-49,6
-25,-55,13
-11,-61,20
9,-74,40
6,-79,48
-7,-80,47
-11,-76,44
-11,-71,35
-7,-69,31
-7,-67,29
-10,-60,27
-13,-57,25
-20,-54,22
-22,-54,20
-22,-57,18
-23,-60,17
-24,-66,15
-25,-66,14
-28,-63,11
-29,-61,9
-31,-57,6
-29,-56,5
-26,-57,6
-20,-61,6
-19,-61,7
-19,-62,7
-21,-62,7
-26,-61,7
-27,-61,8
-25,-61,9
-24,-61,10
-19,-62,11
-16,-61,12
-12,-62,13
-13,-60,13
-15,-59,12
-18,-57,13
-20,-57,13
-23,-57,13
-23,-58,13
-22,-61,14
-23,-63,14
-24,-66,15
-24,-66,15
-25,-63,15
-27,-61,15
-30,-58,14
-30,-58,14
-30,-57,14
-29,-57,13
-28,-57,13
-27,-56,13
-27,-56,13
-26,-57,13
-25,-58,12
-24,-60,12
-23,-61,13
-22,-64,14
-21,-64,14
-21,-64,16
-20,-63,18
-18,-62,19
-14,-58,20
-13,-57,19
-14,-56,19
-15,-56,18
-16,-56,16
-16,-56,16
-17,-56,15
-18,-56,15
-20,-56,13
-21,-56,13
-21,-56,13
-22,-57,13
-22,-58,14
-22,-57,17
-23,-56,19
-23,-54,23
-23,-55,25
-24,-64,27
-25,-73,28
-25,-82,27
-23,-80,24
-22,-66,17
-20,-62,11
-18,-62,12
-15,-59,8
-15,-58,6
-20,-56,4
-21,-57,2
-22,-58,2
-21,-59,2
-18,-59,2
-19,-59,2
-19,-57,2
-19,-56,2
-21,-55,4
-21,-57,5
-21,-57,6
-21,-61,9
-20,-63,11
-12,-67,15
-8,-67,17
-5,-68,20
-8,-68,19
-12,-70,16
-13,-69,15
-14,-72,14
-15,-73,14
-17,-69,16
-18,-61,16
-18,-59,16
-17,-57,17
-17,-59,17
-11,-62,14
-9,-63,12
-12,-63,9
-15,-60,7
-22,-59,8
-23,-58,8
-18,-55,11
-14,-54,12
-6,-51,16
-3,-49,19
-4,-47,21
-7,-48,24
-9,-49,25
-10,-57,26
-11,-61,26
-12,-67,25
-15,-67,24
-28,-71,22
-32,-74,20
-35,-82,17
-32,-84,17
-27,-75,17
-28,-64,15
-28,-61,13
-28,-58,8
-28,-58,7
-26,-64,6
-24,-68,5
-21,-73,4
-19,-72,2
-16,-68,0
-14,-68,-1
-14,-64,-1
-13,-58,-1
-14,-55,-1
-15,-52,0
-17,-53,3
-15,-57,6
-13,-58,8
-8,-60,11
-5,-61,14
0,-63,18
-1,-66,19
-8,-75,17
-12,-78,18
-19,-76,19
-18,-71,18
-15,-69,18
-11,-66,17
-11,-68,14
-12,-68,7
-13,-66,4
-17,-65,-1
-21,-62,-2
-30,-54,1
-33,-51,4
-29,-52,10
-24,-53,13
-9,-51,19
2,-49,28
4,-49,32
1,-50,30
-3,-52,27
-12,-59,23
-16,-63,22
-28,-77,20
-32,-83,19
-29,-78,15
-23,-71,15
-21,-65,13
-22,-65,11
-26,-64,8
-27,-58,7
-27,-57,7
-27,-59,7
-26,-62,6
-21,-68,4
-19,-68,3
-16,-66,3
-15,-65,4
-15,-62,4
-16,-60,4
-17,-58,3
-16,-59,3
-14,-61,5
-12,-62,6
-11,-63,7
-9,-63,10
-11,-61,10
-15,-60,11
-14,-60,11
-13,-61,13
-12,-62,13
-12,-64,14
-12,-65,13
-15,-66,12
-18,-67,10
-20,-67,10
-22,-66,9
-22,-66,8
-23,-65,8
-23,-64,8
-21,-63,8
-19,-62,9
-17,-60,9
-16,-60,9
-15,-61,9
-14,-61,10
-14,-61,12
-12,-61,14
-10,-60,15
-8,-60,17
-8,-59,18
-8,-60,18
-9,-61,18
-11,-62,17
-12,-62,17
-13,-63,16
-16,-64,16
-17,-64,15
-17,-65,15
-19,-64,14
-20,-63,13
-20,-63,13
-20,-62,13
-20,-61,12
-19,-60,12
-18,-59,13
-17,-59,13
-15,-59,14
-14,-60,14
-13,-60,15
-12,-61,15
-11,-61,15
-10,-61,15
-9,-63,14
-9,-64,14
-8,-66,14
-9,-67,13
-11,-65,9
-14,-66,8
-10,-63,8
-4,-61,9
-3,-58,7
-6,-61,5
-8,-64,5
-9,-64,5
-9,-64,4
-13,-70,2
-16,-74,2
-13,-74,4
-9,-72,3
-5,-63,1
-12,-61,-1
-32,-66,-11
-34,-65,-14
-21,-62,-10
-16,-62,-4
-25,-62,-11
-32,-61,-17
-29,-60,-12
-23,-58,-13
-23,-56,-19
-29,-51,-18
-27,-50,-22
-22,-47,-22
-28,-46,-25
-27,-46,-19
-25,-47,-24
-30,-49,-28
-33,-49,-29
-32,-51,-31
-31,-54,-31
-33,-56,-32
-23,-55,-27
-19,-51,-28
-39,-49,-27
-45,-53,-30
-29,-53,-5
-31,-52,-5
-42,-49,-11
-38,-53,-11
-28,-54,-11
-28,-54,-11
-21,-56,-7
-22,-60,-8
-19,-60,-2
-30,-67,-8
-26,-71,-10
-29,-78,-39
-43,-70,-45
-30,-61,-41
-27,-56,-41
-34,-49,-38
-38,-45,-33
-40,-39,-29
-26,-35,-23
-23,-39,-20
-20,-33,-18
-21,-29,-17
-21,-35,-13
-28,-38,-22
-31,-46,-26
-28,-49,-26
-32,-54,-22
-40,-55,-22
-37,-59,-23
-36,-59,-21
-35,-55,-28
-42,-55,-24
-23,-52,-15
-18,-52,-14
-21,-55,-16
-21,-54,-19
-20,-53,-24
-28,-56,-36
-21,-56,-33
-24,-52,-38
-18,-53,-34
-18,-52,-37
-14,-52,-36
-2,-54,-34
3,-53,-34
-2,-57,-36
-10,-58,-37
-16,-56,-37
-26,-50,-45
-22,-50,-45
-6,-53,-35
-10,-57,-30
-13,-58,-32
-7,-58,-29
-6,-55,-29
-9,-54,-31
-11,-52,-31
-8,-53,-28
4,-57,-17
-19,-65,-19
-34,-62,-27
-25,-56,-23
-16,-54,-18
15,-42,-16
66,-31,-2
17,-47,-2
-27,-71,-10
-69,-74,-4
-39,-71,-17
-15,-80,-18
3,-89,-19
0,-84,-28
-3,-66,-29
29,-63,-19
20,-61,-14
10,-61,-18
-6,-59,-26
-9,-59,-31
-24,-55,-41
-32,-50,-48
-24,-49,-45
-30,-47,-49
-27,-45,-49
-22,-49,-42
-2,-57,-25
15,-62,-11
5,-63,-15
-16,-59,-29
-27,-53,-34
-17,-53,-29
-16,-55,-30
-21,-53,-31
-13,-51,-31
-12,-55,-29
-21,-54,-35
-13,-59,-35
-20,-63,-36
-26,-62,-40
-11,-69,-30
-2,-67,-21
-17,-62,-14
-12,-62,-12
-16,-64,-11
-13,-64,-10
-10,-58,-15
-7,-59,-15
-5,-60,-19
-10,-62,-21
-28,-54,-33
-30,-43,-40
-27,-40,-39
-28,-43,-31
-35,-45,-25
-33,-49,-6
-36,-47,-11
-43,-45,-23
-44,-48,-28
-34,-52,-33
-49,-52,-43
-29,-58,-42
-13,-59,-44
-22,-53,-58
-34,-43,-49
-45,-40,-47
11,-42,-16
2,-42,-19
-24,-45,-41
-39,-40,-53
-34,-44,-39
-27,-46,-34
-23,-52,-21
-18,-52,-10
-41,-53,-15
-54,-49,-15
-58,-46,-25
-45,-45,-25
-41,-43,-20
-41,-41,-23
-39,-39,-17
-31,-42,-26
-16,-45,-22
-28,-53,-37
-34,-60,-39
-37,-73,-25
-43,-77,-22
-55,-62,-21
-53,-50,-21
-26,-42,-23
-4,-53,-15
5,-54,-19
-11,-53,-33
-13,-58,-33
-20,-47,-41
-26,-39,-47
-37,-27,-50
-41,-20,-51
-47,-18,-46
-42,-20,-43
-35,-25,-39
-32,-27,-40
-33,-31,-47
-25,-29,-56
-26,-33,-51
-43,-31,-58
-39,-37,-74
-20,-40,-87
-19,-45,-80
-25,-42,-36
-23,-36,-30
-11,-30,-35
-6,-29,-43
0,-25,-56
6,-29,-59
0,-31,-62
-6,-37,-53
-7,-39,-50
-18,-36,-50
-18,-38,-48
-17,-33,-50
-16,-31,-49
-14,-30,-53
-11,-29,-52
-12,-33,-51
-11,-37,-52
-15,-41,-57
-13,-43,-65
-16,-44,-70
-21,-43,-65
-21,-40,-56
-21,-39,-40
-17,-45,-31
-9,-52,-22
-5,-51,-20
-5,-53,-28
-9,-52,-34
-25,-42,-48
-36,-33,-48
-28,-30,-42
-34,-29,-38
-34,-29,-37
-32,-27,-42
-33,-29,-43
-47,-32,-44
-51,-32,-45
-48,-31,-46
-41,-26,-47
-45,-26,-58
-67,-25,-79
-37,-47,-78
-18,-48,-53
-54,-60,-29
-16,-48,11
-15,-40,21
-29,-42,5
-39,-47,-11
-28,-59,-22
-20,-60,-21
-25,-58,-11
-23,-66,-18
-6,-72,-33
-18,-64,-47
-20,-49,-57
-37,-37,-66
-33,-27,-63
-38,-29,-64
-40,-25,-68
-31,-18,-66
-33,-32,-65
-21,-54,-20
-41,-47,0
-71,-57,7
-63,-51,15
-26,-55,17
-23,-48,12
-5,-44,18
0,-51,24
-16,-67,2
-17,-70,3
-14,-64,11
-24,-79,2
-39,-71,7
-17,-56,35
-37,-66,36
-38,-76,34
-15,-68,29
-22,-51,14
-34,-51,1
-37,-48,-9
-24,-45,-1
-18,-59,5
-10,-49,18
-15,-55,13
-20,-65,2
-23,-71,3
-19,-72,-5
-27,-71,-14
-15,-57,-29
-17,-56,-27
-15,-52,-34
-17,-51,-32
-29,-51,-34
-34,-44,-45
-30,-43,-43
-34,-46,-34
-40,-47,-35
-30,-50,-27
-37,-50,-31
-27,-52,-34
-23,-52,-35
-17,-52,-35
-22,-52,-36
-19,-51,-39
-5,-50,-32
-8,-52,-28
-17,-51,-34
-17,-52,-33
-12,-50,-31
-12,-51,-31
-13,-52,-33
-14,-53,-31
-14,-55,-30
-11,-56,-26
-14,-59,-25
-15,-58,-27
-13,-56,-26
-13,-58,-24
-12,-57,-27
-18,-56,-32
-16,-55,-32
-8,-55,-29
-7,-55,-31
-20,-51,-38
-17,-50,-35
0,-55,-22
-3,-55,-24
-12,-56,-27
0,-52,-24
8,-54,-27
10,-50,-31
0,-55,-18
0,-50,-18
0,-54,-22
-42,-70,-3
-47,-85,-13
-47,-64,-28
-29,-93,-27
54,-60,-1
43,-68,-8
35,-78,-13
26,-77,-18
-5,-68,-31
-17,-68,-34
3,-60,-22
-14,-55,-35
-18,-50,-39
-16,-47,-35
-20,-46,-35
-21,-49,-33
-15,-53,-28
-12,-57,-22
1,-59,-15
-19,-62,-23
-18,-63,-24
-12,-63,-19
-22,-53,-28
-29,-51,-28
-30,-54,-25
-21,-56,-17
-10,-53,-19
-44,-44,-41
-38,-46,-32
-30,-47,-25
-52,-57,-19
-48,-63,-16
0,-64,7
-4,-64,17
-1,-47,16
-36,-57,-10
-61,-60,-20
-61,-51,-16
-52,-55,-5
-35,-51,21
-34,-53,19
-25,-62,0
-28,-61,-3
-28,-60,-7
-23,-59,-2
-21,-61,1
-14,-64,11
-28,-60,2
-28,-60,-7
-13,-65,4
-34,-62,0
-23,-61,5
-25,-59,3
-25,-58,4
-24,-58,4
-23,-59,5
-19,-58,7
-18,-60,8
-17,-61,9
-17,-61,10
-17,-63,11
-16,-63,11
-16,-63,11
-16,-62,11
-17,-61,11
-18,-61,11
-18,-61,10
-18,-62,9
-18,-62,9
-19,-63,8
-19,-62,7
-19,-62,7
-20,-61,7
-20,-61,6
-20,-60,6
-20,-60,6
-20,-61,7
-20,-62,7
-19,-62,8
-19,-62,8
-19,-62,9
-19,-62,9
-18,-61,9
-18,-61,9
-18,-61,9
-18,-61,9
-18,-61,9
-18,-61,9
-18,-62,9
-18,-62,9
-18,-62,9
-18,-62,8
-18,-61,8
-19,-61,7
-18,-61,7
-19,-60,7
-19,-60,7
-19,-61,7
-19,-60,8
-19,-60,7
-20,-60,8
-20,-61,8
-19,-62,8
-19,-62,8
-19,-63,9
-19,-63,9
-19,-63,9
-18,-63,10
-18,-63,9
-17,-63,9
-17,-62,9
-17,-62,8
-17,-62,8
-17,-61,7
-17,-61,7
-17,-60,7
-16,-60,7
-17,-61,7
-17,-61,7
-18,-61,7
-18,-61,7
-18,-61,7
-18,-61,8
-19,-61,8
-18,-61,9
-18,-61,9
-18,-62,9
-18,-62,9
-18,-62,9
-19,-62,9
-18,-62,9
-19,-62,9
-18,-62,9
-18,-62,9
-18,-62,9
-18,-62,9
-18,-62,8
-18,-61,8
-18,-61,8
-18,-61,8
-18,-61,8
-18,-61,8
-18,-61,8
-19,-61,8
-19,-61,8
-19,-61,9
-19,-61,9
-19,-62,9
-19,-62,9
-18,-62,9
-18,-61,9
-18,-62,9
-18,-62,8
-17,-61,8
-18,-62,8
-17,-61,8
-17,-61,8
-18,-61,8
-18,-61,8
-18,-61,8
-18,-60,8
-18,-61,8
-18,-61,8
-18,-61,8
-18,-61,8
-18,-62,8
-18,-62,8
-18,-62,8
-18,-62,8
-18,-63,9
-18,-63,9
-17,-62,9
-17,-62,9
-17,-62,8
-17,-62,8
-17,-61,8
-17,-61,7
-17,-61,7
-17,-60,7
-17,-61,7
-18,-61,7
-18,-61,7
-19,-61,8
-19,-61,8
-20,-61,8
-20,-61,8
-20,-61,8
-20,-62,9
-21,-62,9
-20,-63,10
-19,-63,10
-18,-63,9
-18,-63,9
-17,-62,8
-17,-62,7
-17,-62,7
-17,-61,7
-17,-61,7
-17,-61,8
-17,-62,8
-17,-62,7
-18,-61,7
-18,-61,6
-19,-61,6
-19,-61,7
-19,-61,7
-20,-62,8
-19,-62,9
-19,-63,9
-20,-63,9
-20,-62,9
-20,-62,9
-18,-62,9
-18,-61,9
-18,-61,8
-18,-61,7
-19,-61,7
-19,-61,7
-18,-62,7
-18,-61,6
-17,-61,6
-17,-60,5
-17,-60,5
-17,-60,6
-16,-60,7
-16,-60,9
-17,-62,10
-16,-63,11
-16,-67,15
-17,-67,15
-16,-65,15
-16,-63,14
-14,-61,13
-13,-60,13
-10,-57,13
-10,-56,12
-13,-55,11
-14,-55,11
-16,-58,12
-17,-61,14
-17,-61,15
-17,-61,17
-16,-60,17
-17,-59,17
-19,-60,16
-20,-60,16
-21,-63,16
-25,-74,15
-27,-81,16
-25,-78,15
-23,-71,12
-20,-64,9
-16,-62,4
-13,-60,2
-15,-57,-3
-16,-57,-5
-17,-60,-10
-17,-60,-12
-17,-58,-13
-18,-58,-14
-20,-60,-13
-20,-60,-11
-20,-57,-7
-20,-58,-3
-20,-60,-1
-18,-63,2
-16,-66,3
-11,-70,6
-9,-72,8
-10,-72,7
-14,-73,5
-17,-74,4
-17,-75,4
-19,-75,6
-19,-69,7
-17,-56,10
-17,-50,11
-15,-49,12
-12,-55,9
-10,-60,7
-9,-70,2
-12,-70,0
-17,-60,0
-21,-56,2
-24,-53,4
-21,-53,8
-10,-52,13
-6,-50,18
-1,-46,22
-8,-48,22
-7,-53,23
-28,-63,13
-23,-65,16
-36,-71,8
-40,-78,3
-43,-94,6
-42,-94,4
-18,-66,3
-8,-57,5
-10,-64,8
-17,-66,10
-26,-69,4
-20,-63,0
-16,-61,0
-16,-60,1
-17,-59,1
-21,-55,-1
-23,-53,-3
-21,-57,-4
-19,-59,-3
-15,-66,-1
-11,-66,1
-5,-67,4
-5,-67,3
-13,-70,0
-26,-75,7
-28,-71,12
-24,-64,24
-11,-62,27
2,-59,23
-2,-61,19
1,-66,17
-3,-69,13
-11,-65,6
-14,-59,3
-19,-51,1
-21,-49,2
-25,-50,2
-26,-54,2
-24,-54,4
-21,-58,7
-20,-61,9
-23,-65,12
-25,-66,13
-29,-72,15
-33,-82,16
-37,-105,19
-28,-100,19
-11,-66,19
-12,-58,18
-15,-63,12
-24,-65,4
-14,-64,3
-10,-64,12
-21,-64,3
-17,-62,1
-16,-63,1
-17,-64,0
-18,-63,-2
-16,-62,-4
-16,-63,-3
-11,-64,-1
-9,-66,-1
-8,-65,-2
-10,-64,1
-11,-65,3
-13,-66,10
-19,-63,18
-20,-54,27
-12,-51,29
5,-58,31
8,-67,29
-1,-84,15
-6,-90,9
-11,-81,-1
-14,-61,-7
-17,-54,-9
-27,-49,-11
-31,-46,-11
-34,-45,-9
-32,-44,-7
-26,-48,0
-24,-52,2
-34,-64,7
-74,-91,14
-85,-109,9
-61,-114,4
12,-77,28
14,-64,23
6,-64,16
-14,-70,14
-24,-74,14
-21,-71,14
-24,-63,7
-16,-59,0
-15,-61,-1
-16,-65,-1
-17,-63,-3
-18,-59,-5
-17,-59,-6
-15,-60,-5
-14,-59,-4
-13,-60,-3
-13,-61,-2
-15,-65,0
-21,-73,8
-26,-68,16
-30,-57,34
-16,-54,37
17,-57,39
22,-65,33
14,-80,19
7,-82,14
-5,-77,9
-14,-59,4
-17,-50,2
-25,-44,-1
-33,-44,-1
-34,-46,-1
-27,-45,1
-15,-48,9
-13,-51,12
-17,-55,16
-23,-55,15
-43,-60,16
-62,-69,17
-86,-100,6
-19,-114,10
3,-95,21
2,-69,19
-9,-69,15
-46,-82,1
-54,-86,-4
-48,-84,-3
-36,-82,-5
-28,-80,8
-45,-83,11
-65,-76,9
-57,-70,18
-57,-70,16
-44,-61,21
-27,-53,25
-6,-39,29
2,-33,29
9,-26,33
6,-27,34
-3,-24,35
-9,-24,32
-38,-21,41
-47,-17,39
-54,-10,57
-30,8,47
-17,-19,41
-38,8,68
-39,28,51
-35,43,50
-40,38,46
-28,45,47
-28,25,51
-24,28,52
-31,45,38
-27,37,44
-30,32,49
-29,33,45
-28,31,50
-28,35,46
-31,31,47
-26,31,50
-30,33,46
-32,30,47
-31,31,46
-32,31,45
-35,30,48
-34,30,49
-40,29,49
-42,26,52
-38,22,58
-41,9,58
-40,8,60
-35,4,57
-34,0,47
-32,0,32
-36,-1,30
-57,17,55
-20,17,35
-42,6,19
-46,-1,17
-29,4,16
-31,-6,30
-42,-14,53
-37,-16,56
-38,-20,44
-38,-39,39
-33,-44,39
-31,-51,31
-35,-57,20
-44,-66,2
-46,-72,-4
-47,-85,-16
-56,-85,-23
-72,-73,-27
-74,-62,-21
-64,-45,-16
-61,-43,-14
-52,-42,-12
-21,-47,5
-10,-58,12
14,-66,23
35,-62,25
15,-52,-41
-47,-46,-64
-125,-45,-53
-78,-38,-20
-31,-30,-5
14,-47,34
35,-57,59
-6,-67,26
-47,-75,3
-78,-74,-2
-46,-85,15
12,-99,38
13,-77,37
-1,-67,18
-9,-66,10
-23,-76,2
-32,-79,-3
-25,-71,-9
-18,-59,-5
-16,-55,-3
-18,-52,-3
-21,-51,-5
-26,-51,-9
-27,-52,-10
-22,-56,-10
-19,-58,-8
-14,-59,-3
-14,-60,1
-17,-61,10
-20,-65,13
-22,-71,22
-20,-72,40
-7,-68,46
23,-62,49
24,-66,41
13,-73,22
5,-75,14
-9,-77,10
-15,-71,10
-22,-52,8
-23,-45,6
-23,-41,4
-23,-41,4
-22,-41,3
-24,-46,10
-26,-49,14
-24,-56,20
-24,-60,24
-24,-67,34
-23,-71,34
-32,-86,25
-46,-97,21
-42,-106,19
-24,-87,20
-16,-58,18
-19,-55,14
-24,-59,6
-46,-64,-3
-58,-68,-12
-43,-66,-14
-34,-64,-10
-35,-66,-11
-44,-70,-14
-46,-76,-16
-47,-76,-16
-46,-81,-15
-46,-85,-12
-41,-86,-3
-30,-83,10
-25,-78,17
-29,-52,38
-36,-42,52
-34,-30,56
-17,-30,57
-8,-26,69
-11,-27,71
-23,-35,69
-25,-40,62
-41,-46,57
-41,-40,49
-41,-24,40
-32,-12,32
-29,-8,31
-23,1,36
-21,6,32
-16,15,30
-17,18,34
-27,22,39
-26,24,39
-22,19,44
-38,18,56
-30,25,47
-24,33,45
-7,36,53
1,42,65
5,40,64
16,37,74
20,42,68
8,40,50
4,42,43
-12,45,31
-21,46,23
-48,42,5
-55,45,0
-62,55,-12
-63,56,-16
-65,51,-6
-57,49,9
-56,46,3
-36,45,38
-38,47,35
-33,49,21
-35,48,18
-33,46,33
-29,46,31
-31,49,24
-23,48,25
-21,46,26
-22,46,28
-28,49,30
-26,50,30
-28,51,32
-28,50,32
-26,49,30
-29,49,32
-30,49,36
-33,49,39
-30,44,41
-28,45,33
-29,42,37
-31,39,37
-31,39,38
-32,39,39
-33,40,38
-33,39,39
-33,36,42
-37,35,40
-33,39,37
-34,37,38
-35,37,37
-36,36,38
-36,33,41
-36,33,41
-35,32,42
-37,31,43
-36,31,41
-37,32,41
-37,34,41
-38,32,42
-40,32,40
-40,28,40
-37,29,42
-43,24,47
-51,15,46
-44,18,40
-41,20,41
-35,11,39
-43,43,28
-35,55,21
-30,64,16
-22,67,21
-10,70,26
-13,67,30
-22,59,39
-23,56,39
-19,51,40
-18,50,38
-18,49,36
-18,49,36
-20,48,35
-21,47,35
-21,46,36
-19,47,37
-18,47,36
-17,49,37
-17,50,36
-20,50,36
-21,50,36
-20,51,35
-19,51,35
-22,51,37
-19,50,32
-20,48,32
-26,53,43
-11,57,40
-3,50,36
-8,51,38
-7,54,41
-5,51,39
-8,50,39
-10,49,40
-8,47,40
-8,47,41
-7,47,41
-6,47,41
-10,48,39
-11,49,41
-14,51,44
-3,45,32
5,46,36
-1,43,46
-1,43,49
5,42,47
1,41,46
-2,42,51
1,43,49
0,43,44
1,44,46
2,43,45
-26,30,56
-18,40,55
-6,42,45
4,44,44
-5,45,47
-2,47,46
2,47,44
2,46,45
1,47,44
0,46,44
-1,46,45
-1,46,45
-2,45,45
-4,45,45
-4,44,45
-2,44,46
-1,43,46
0,42,46
1,42,46
1,41,46
1,41,48
0,41,47
0,41,47
-1,41,47
-1,41,48
-2,41,48
0,41,48
0,42,48
-1,42,47
-2,42,48
-2,42,48
-1,42,48
-1,42,48
-2,41,49
-2,42,48
-2,42,48
-2,42,47
-1,43,48
-1,43,47
-2,42,47
-1,42,48
-2,42,49
-1,41,48
-1,41,49
-1,41,49
-1,42,48
-1,41,47
-1,42,47
-1,42,47
-1,42,47
-1,42,47
-1,42,47
-1,42,47
-1,42,47
-2,41,48
-2,42,49
-1,42,48
-1,42,48
-1,41,48
-1,42,48
-1,42,48
-1,41,48
-1,42,48
-2,41,47
-2,42,48
-2,42,48
-2,42,47
-2,42,48
-2,41,48
-2,42,47
-2,42,47
-2,42,46
-1,42,47
-2,42,47
-2,42,47
-2,42,47
-2,43,47
-1,43,48
-2,43,48
-2,42,47
-2,42,48
-3,42,48
-2,42,48
-2,42,48
-2,42,48
-2,42,48
-2,41,47
-2,42,47
-2,42,47
-1,41,47
-2,41,47
-2,42,48
-2,42,48
-2,42,48
-1,42,48
-2,43,48
-1,43,47
0,44,45
2,43,45
-18,36,54
-18,37,52
-12,38,40
-21,35,40
-20,37,34
-15,36,28
-14,37,27
-9,38,25
-7,34,24
-4,32,26
-2,28,27
0,22,26
-1,19,28
-5,4,33
-4,-11,38
0,-23,38
6,-51,27
0,-68,18
-16,-121,20
-27,-128,31
-12,-119,38
-6,-98,31
-8,-104,44
-6,-96,51
-10,-92,57
-9,-102,67
10,-87,61
13,-70,38
8,-65,31
-8,-66,23
-13,-68,21
-16,-64,15
-16,-61,11
-16,-62,6
-18,-66,4
-22,-72,0
-26,-71,0
-32,-57,3
-33,-50,4
-31,-48,2
-24,-66,0
-22,-71,-1
-15,-71,0
-12,-70,3
-10,-64,6
-12,-64,5
-17,-63,5
-17,-62,5
-15,-58,5
-13,-58,5
-10,-61,8
-9,-65,9
-8,-69,10
-6,-80,5
-5,-85,3
-11,-79,5
-19,-66,10
-28,-46,16
-27,-44,18
-16,-53,17
-8,-58,16
13,-61,17
20,-64,17
13,-67,14
2,-66,11
-19,-59,12
-33,-57,13
-35,-57,11
-21,-57,12
-13,-56,14
1,-54,21
2,-55,22
-7,-58,19
-12,-58,17
-23,-61,13
-28,-69,11
-40,-99,11
-37,-100,9
-27,-73,12
-18,-67,10
-16,-75,6
-8,-90,0
-5,-87,-2
-9,-73,-3
-11,-68,-3
-13,-64,-1
-14,-62,-1
-15,-62,-6
-13,-63,-8
-6,-65,-8
-5,-63,-5
-2,-64,1
-1,-61,6
-2,-61,8
-5,-62,9
-7,-66,9
-8,-75,9
-9,-80,8
-13,-95,6
-15,-101,5
-19,-105,2
-20,-99,2
-27,-81,3
-35,-66,3
-36,-60,1
-32,-52,1
-28,-50,3
-23,-47,5
-22,-47,8
-22,-51,12
-22,-54,14
-22,-60,21
-21,-64,24
-11,-72,33
-1,-74,35
17,-68,34
16,-62,28
10,-61,25
-2,-68,20
-7,-73,19
-14,-71,17
-13,-63,15
-10,-52,14
-8,-53,13
-11,-62,10
-17,-70,8
-27,-78,-1
-29,-77,-3
-29,-75,-2
-29,-71,-2
-30,-67,-4
-35,-57,-5
-36,-53,-5
-35,-49,-3
-33,-50,-1
-27,-53,3
-25,-56,5
-21,-61,7
-19,-62,8
-17,-66,10
-17,-68,11
-18,-70,13
-17,-70,15
-15,-69,16
-9,-67,19
-7,-66,20
-5,-63,21
-7,-62,21
-12,-59,17
-13,-60,14
-15,-65,12
-16,-69,10
-18,-74,8
-20,-74,6
-24,-67,5
-28,-60,6
-30,-58,5
-29,-57,5
-25,-56,6
-19,-56,8
-17,-57,9
-16,-59,9
-17,-61,9
-18,-62,9
-18,-64,9
-16,-66,10
-15,-65,11
-12,-62,14
-9,-56,15
-7,-55,16
-7,-57,16
-7,-59,15
-10,-61,15
-11,-62,16
-11,-64,17
-10,-63,17
-10,-61,17
-11,-60,16
-14,-57,15
-20,-57,14
-23,-58,13
-28,-57,14
-34,-58,15
-40,-62,17
-41,-62,16
-43,-65,14
-47,-69,15
-49,-85,21
-44,-90,20
-43,-86,16
-38,-84,18
-35,-80,23
-42,-77,22
-43,-75,20
-41,-73,22
-39,-71,23
-41,-70,24
-36,-69,27
-24,-66,27
-18,-64,28
-6,-56,29
-4,-52,26
-3,-44,25
0,-40,27
10,-31,31
5,-45,27
10,-35,30
6,-39,39
6,-36,36
20,-23,63
33,-11,80
31,-31,36
33,-44,28
32,-46,46
12,-52,43
17,-40,50
14,-31,64
-6,-16,65
2,-9,73
2,-4,71
-1,3,69
4,5,70
12,9,68
17,10,67
27,12,61
30,14,59
39,16,51
38,13,49
45,2,53
40,-14,53
-26,11,51
35,-18,59
39,-27,55
11,-20,60
-4,-23,60
-13,-16,67
-5,-18,65
-5,-22,64
-9,-23,64
-18,-19,63
-17,-17,61
-19,-11,64
-19,-9,64
-21,-8,64
-19,-7,62
-14,-6,63
-18,-5,61
-18,-4,59
-18,0,60
-23,-2,62
-19,-9,60
-13,-10,60
-26,-18,60
-34,-23,52
-29,-21,48
-48,-25,43
-51,-32,41
-41,-44,44
-38,-42,48
-32,-42,49
-27,-46,55
-28,-43,53
-26,-40,53
-9,-35,56
-9,-35,56
-14,-33,54
-8,-32,51
-3,-30,54
-5,-33,54
-6,-34,53
-13,-31,59
-11,-30,57
-2,-28,53
-5,-31,52
-24,-34,54
-48,-34,45
-41,-20,58
-28,-26,58
-19,-16,48
-28,-25,51
-28,-27,52
-27,-26,50
-46,-13,47
-16,-27,50
-23,-32,60
-18,-30,57
-19,-32,54
-23,-28,56
-14,-23,61
-10,-17,60
-9,-18,54
-20,-18,56
-21,-15,62
-20,-16,66
-21,-20,57
-27,-22,55
-23,-21,54
-23,-19,49
-11,-18,57
-15,-14,59
-15,-11,59
-13,-12,61
-15,-14,65
-13,-16,66
-18,-18,62
-22,-19,61
-16,-20,58
-10,-21,61
-12,-27,60
-22,-27,55
-20,-23,57
-19,-20,55
-24,-23,55
-26,-24,53
-29,-22,50
-23,-23,51
-25,-25,48
-25,-28,55
-26,-29,54
-23,-28,52
-20,-23,54
-22,-17,59
-29,-13,54
-29,-15,52
-24,-22,58
-22,-22,62
-30,-24,55
-28,-28,55
-14,-30,50
-11,-32,53
-14,-32,51
-16,-30,47
-23,-30,51
-29,-24,48
-39,-19,48
-40,-16,43
-38,-15,43
-41,-19,43
-42,-17,49
-34,-11,47
-37,-10,50
-35,-12,47
-41,-10,51
-36,-6,53
-44,6,54
-37,8,54
-34,14,58
-31,16,61
-19,-2,57
-15,-12,64
-28,-11,67
-29,-9,63
-25,-20,54
-35,-25,54
-34,-12,55
-23,-17,51
-13,-26,55
-26,-18,55
-28,-22,57
-40,-18,52
-38,-16,56
-40,-20,45
-43,-23,50
-27,-24,50
-23,-35,50
-15,-43,63
-28,-44,54
-49,-42,27
-48,-35,25
-50,-38,20
-44,-44,40
-48,-44,37
-66,-32,39
-62,-22,45
-72,-8,35
-80,1,40
-79,15,55
-80,12,54
-65,5,54
-45,6,55
-31,15,59
-24,14,57
11,20,49
8,20,39
3,22,36
4,24,29
6,27,26
7,22,33
8,24,37
14,34,43
10,33,47
8,17,52
8,22,56
4,30,68
-1,26,68
-6,21,59
-25,27,72
-13,29,73
1,33,58
-19,32,62
-13,30,66
0,31,59
-36,30,63
-52,15,66
1,24,64
4,26,57
-9,25,53
-3,22,56
-7,13,49
-26,0,61
-14,-3,57
-4,0,63
-18,-5,52
-47,-16,53
-120,-44,29
18,18,94
-24,-17,68
-52,-13,28
-32,-26,59
-41,-41,71
-26,-19,79
-13,3,78
0,31,64
4,40,56
-5,48,36
-18,53,23
-39,48,-2
-49,42,-24
-87,32,-32
-81,32,-32
-51,30,-11
-74,23,-9
-63,26,-8
-46,25,10
-49,28,18
-70,31,16
-53,29,11
-58,27,13
-66,26,7
-60,13,-32
-66,-17,-21
-91,6,-40
-55,21,-30
-43,33,-22
-40,34,-18
-16,38,-6
-14,49,12
-16,52,20
-20,44,23
-29,42,36
-30,28,30
-24,18,30
-48,-2,42
-41,-14,41
0,-31,60
6,-34,66
24,-43,63
30,-46,58
9,-56,42
-12,-69,32
-17,-79,29
-42,-92,30
-44,-92,29
-42,-79,36
-30,-70,44
-11,-62,53
-7,-64,52
-12,-63,58
-16,-61,55
-25,-58,43
-27,-56,41
-35,-68,35
-40,-95,42
-33,-101,41
-21,-82,26
-26,-78,20
-33,-87,8
-30,-93,3
-18,-88,0
-16,-79,-1
-18,-72,-4
-20,-66,-4
-19,-61,-7
-18,-59,-8
-18,-52,-4
-17,-54,-6
-16,-57,-6
-14,-57,1
-11,-59,3
-5,-67,11
-5,-70,20
-8,-63,30
-11,-61,31
-12,-62,50
3,-64,55
22,-66,61
19,-68,55
12,-72,42
-4,-68,26
-13,-65,16
-31,-55,14
-30,-50,16
-29,-46,18
-33,-47,20
-46,-41,22
-45,-38,18
-62,-34,12
-67,-35,7
-70,-37,9
-69,-42,2
-82,-58,9
-71,-74,3
-78,-84,4
-67,-68,15
-57,-58,15
-53,-53,15
-43,-54,15
-36,-56,7
-40,-56,-1
-38,-49,-1
-40,-50,-9
-36,-43,-1
-28,-41,2
-44,-39,-4
-36,-28,6
-37,-27,3
-60,-31,-9
-53,-49,0
-44,-17,12
-61,-4,5
-86,-19,-1
-80,-24,-2
-70,-5,-8
-81,-2,-25
-30,-2,-1
-63,-17,-15
-59,-17,-15
-51,-22,-3
-56,-22,-8
-62,-10,-4
-68,-9,-11
-64,-18,-8
-63,-16,-4
-61,-14,-12
-67,-19,-10
-62,-13,-5
-60,-13,-7
-69,-13,-1
-63,-8,-4
-69,-14,-1
-64,-7,0
-66,-6,-2
-64,-9,5
-67,-5,4
-64,-4,1
-71,-4,10
-64,3,5
-63,0,7
-64,5,-5
-72,11,-6
-63,7,1
-56,10,4
-57,5,-7
-73,15,-26
-55,16,-20
-34,3,-12
-32,-7,-16
-74,-21,-19
-47,-23,-8
-32,-32,-19
-35,-45,-16
-56,-55,-27
-63,-58,-31
-67,-51,-38
-87,-45,-37
-73,-45,-35
1,-65,6
12,-80,23
4,-107,36
0,-113,37
7,-109,39
6,-98,33
-6,-80,15
-9,-72,9
-12,-63,2
-15,-67,5
-32,-70,8
-39,-68,-15
-28,-63,-18
-23,-50,-5
-23,-49,-5
-25,-43,-10
-23,-43,-7
-23,-38,-6
-26,-42,-8
-26,-49,-4
-32,-52,-2
-37,-58,1
-36,-59,6
-23,-69,19
-21,-83,21
-22,-84,22
-21,-72,22
-18,-64,19
-12,-58,14
-14,-62,9
-15,-67,1
-15,-68,-2
-15,-63,-5
-15,-57,-5
-21,-47,-5
-31,-46,-4
-49,-49,5
-41,-47,7
-35,-50,9
-23,-60,21
-17,-66,26
-11,-72,30
-13,-71,28
-26,-85,24
-30,-102,23
-18,-100,17
-12,-79,16
-14,-64,9
-17,-71,7
-16,-76,3
-15,-67,-4
-16,-62,-6
-15,-62,-5
-13,-58,-3
-13,-51,-2
-15,-48,-2
-18,-50,-3
-17,-54,-4
-14,-56,-3
-13,-57,-1
-10,-64,3
-6,-68,7
-10,-71,8
-26,-72,16
-32,-68,22
-20,-64,24
-4,-67,29
9,-79,35
10,-81,31
8,-74,16
5,-69,13
-9,-57,2
-15,-53,-2
-25,-44,-3
-28,-38,-4
-29,-37,-3
-28,-43,2
-26,-46,5
-24,-57,8
-25,-66,11
-39,-86,17
-52,-98,19
-38,-102,14
-16,-89,20
-11,-66,25
-18,-62,20
-30,-67,8
-28,-70,4
-24,-67,2
-15,-58,2
-13,-55,3
-13,-57,2
-14,-59,1
-13,-57,1
-11,-57,0
-12,-63,1
-11,-66,2
-10,-69,3
-9,-68,4
-11,-66,4
-12,-74,5
-12,-74,7
-17,-63,15
-18,-57,17
-15,-55,18
-11,-59,18
-8,-67,17
-10,-71,13
-9,-70,7
-8,-64,6
-12,-52,1
-25,-46,-1
-32,-45,0
-33,-47,3
-28,-48,5
-20,-56,13
-19,-58,16
-20,-64,19
-27,-67,20
-49,-79,23
-65,-94,22
-39,-111,19
-8,-96,29
-2,-68,27
-22,-65,11
-29,-69,6
-26,-68,0
-23,-64,-3
-18,-72,-5
-15,-68,-4
-10,-63,-4
-10,-60,-2
-14,-57,-3
-15,-58,-4
-14,-62,-4
-14,-61,-3
-13,-63,-1
-9,-66,1
-7,-68,2
-10,-65,9
-19,-59,18
-21,-52,26
-10,-53,25
11,-66,35
12,-75,37
9,-84,29
9,-83,22
2,-73,11
-5,-67,6
-18,-56,-2
-29,-51,-6
-34,-51,-6
-38,-53,-4
-36,-54,-2
-30,-56,4
-31,-57,7
-39,-59,12
-47,-63,13
-65,-86,14
-56,-101,15
-1,-95,29
5,-87,27
-10,-82,15
-22,-77,6
-24,-82,0
-22,-75,-5
-18,-71,-7
-10,-63,-5
-8,-59,-4
-10,-54,-3
-12,-54,-3
-11,-57,-3
-11,-60,-3
-6,-62,-3
-4,-62,-2
-2,-61,-1
-9,-60,-2
-13,-61,-1
-27,-66,10
-33,-65,18
-23,-62,20
-5,-63,21
29,-77,41
24,-85,35
4,-88,13
-3,-84,4
-13,-69,-7
-20,-54,-11
-24,-48,-10
-33,-44,-10
-36,-44,-10
-35,-46,-6
-32,-49,-3
-27,-54,3
-27,-56,7
-33,-66,12
-37,-74,13
-44,-105,14
-27,-111,17
6,-85,32
-8,-75,22
-13,-77,16
-17,-72,5
-19,-71,1
-18,-69,-1
-14,-66,-4
-8,-67,-3
-5,-65,0
-6,-60,0
-11,-60,-2
-16,-61,-6
-15,-62,-7
-11,-62,-7
-12,-63,-7
-12,-62,-5
-13,-65,-1
-15,-67,3
-26,-59,19
-29,-51,26
-1,-50,25
16,-55,34
16,-78,41
7,-84,34
1,-83,19
1,-78,15
-3,-63,8
-15,-52,-1
-21,-48,-3
-31,-43,-3
-33,-44,-2
-30,-50,3
-27,-53,6
-23,-60,9
-23,-63,12
-36,-73,15
-51,-85,15
-59,-103,13
-30,-105,20
1,-70,36
-17,-61,22
-24,-64,15
-28,-69,8
-27,-68,4
-21,-65,1
-17,-61,2
-15,-58,2
-17,-60,1
-19,-61,1
-19,-60,0
-15,-64,0
-17,-66,-1
-12,-67,3
-7,-64,2
-6,-62,3
-7,-64,5
-10,-67,8
-13,-59,21
-14,-54,25
-5,-54,33
4,-58,37
10,-65,36
6,-70,30
1,-75,20
1,-74,16
-7,-65,5
-17,-54,-3
-23,-50,-4
-35,-46,2
-37,-47,4
-29,-53,7
-27,-55,10
-21,-61,17
-23,-66,21
-43,-80,24
-57,-90,23
-48,-101,21
-7,-74,35
-6,-64,31
-23,-63,17
-29,-66,12
-27,-73,8
-22,-72,3
-18,-64,2
-16,-60,3
-17,-57,2
-21,-59,0
-20,-57,-2
-18,-55,-1
-16,-57,-1
-10,-61,-2
-9,-61,0
-10,-63,0
-13,-62,2
-16,-64,4
-19,-68,9
-27,-65,20
-26,-59,24
-3,-59,30
6,-65,36
7,-76,37
5,-78,31
2,-76,20
-3,-66,10
-7,-59,5
-18,-49,0
-24,-46,-1
-31,-44,2
-32,-46,4
-26,-48,9
-25,-49,12
-19,-56,17
-21,-61,17
-34,-70,20
-38,-78,24
-52,-102,28
-17,-88,31
-7,-70,35
-20,-57,23
-28,-59,18
-29,-65,12
-23,-63,9
-17,-62,5
-13,-62,5
-17,-57,2
-19,-56,3
-23,-55,-3
-25,-58,-5
-24,-60,-5
-17,-61,-3
-15,-62,-3
-15,-62,-5
-16,-61,-3
-20,-59,0
-23,-63,2
-31,-66,8
-34,-64,13
-35,-62,21
-32,-61,26
-28,-64,32
-23,-64,34
-13,-60,42
-30,-57,23
-35,-52,16
-46,-42,9
-56,-37,4
-59,-31,3
-54,-30,7
-56,-29,7
-60,-29,7
-52,-26,15
-52,-26,16
-56,-26,14
-58,-26,13
-54,-28,13
-45,-29,16
-44,-31,14
-56,-32,4
-51,-33,3
-38,-35,3
-37,-34,9
-35,-41,5
-33,-43,2
-50,-49,-7
-58,-55,-6
-59,-46,23
-53,-58,4
-57,-60,1
-50,-48,-4
-45,-50,0
-41,-49,-16
-53,-57,-15
-41,-48,-13
-44,-52,-21
-40,-53,-8
-38,-51,-2
-40,-50,-8
-45,-48,-19
-43,-52,-11
-42,-53,-9
-43,-57,-17
-43,-52,-2
-43,-51,-9
-51,-41,-14
-40,-44,-6
-58,-37,-24
-58,-34,-27
-78,-42,-27
-24,-113,-28
-79,-54,-21
-67,-50,-15
-61,-49,-14
-51,-49,-13
-42,-53,-8
-44,-38,-10
-42,-28,-6
-37,-21,3
-22,-18,7
-51,-10,0
-68,-16,-2
-86,-13,-32
-73,-9,-19
-50,-16,-19
-69,-19,-43
-68,-12,-23
-65,-10,-21
-64,-8,-20
-56,-11,-16
-65,-13,-18
-61,-16,-17
-61,-15,-19
-64,-15,-15
-62,-15,-16
-65,-15,-15
-62,-18,-14
-63,-13,-15
-61,-11,-14
-68,-11,-11
-69,-2,-12
-66,4,-10
-57,7,-8
-51,8,-7
-58,17,-6
-53,19,-7
-56,21,-8
-57,23,-4
-48,19,14
-59,21,6
-66,27,-2
-71,28,-4
-58,24,-5
-69,24,-3
-65,19,-1
-60,20,-5
-60,20,-6
-48,17,-6
-43,18,-5
-51,14,-3
-56,13,-3
-50,12,-2
-58,11,3
-61,7,2
-60,6,1
-69,4,6
-77,3,7
-78,5,5
-83,7,5
-83,6,5
-84,5,2
-83,1,-2
-75,-10,-6
-69,-13,-4
-61,-16,4
-56,-15,1
-52,-14,-1
-49,-14,-2
-51,-16,0
-58,-15,2
-60,-13,1
-64,-7,4
-67,-4,3
-68,2,5
-68,5,6
-67,5,8
-70,4,7
-69,1,9
-69,0,8
-67,0,5
-67,1,2
-75,5,-2
-76,-7,-9
-75,-11,-8
-64,-10,-6
-57,-7,-5
-62,-5,-9
-63,-6,-11
-62,-8,-11
-62,-8,-8
-60,-7,-1
-62,-6,1
-66,-5,7
-64,-5,4
-62,-5,3
-64,-9,-3
-64,-12,-8
-63,-14,-13
-66,-13,-12
-67,-15,-7
-65,-16,-5
-67,-13,3
-67,-11,6
-62,-12,6
-60,-11,6
-60,-13,2
-63,-15,1
-68,-15,0
-62,-12,0
-66,-10,2
-69,-7,6
-63,-5,6
-55,1,5
-62,2,9
-68,2,13
-65,2,13
-66,-3,12
-67,-6,13
-66,-4,8
-72,3,4
-75,3,3
-78,-2,-1
-80,-5,-1
-75,-8,1
-67,-6,1
-58,0,-3
-59,3,-4
-66,3,-2
-67,0,-2
-67,5,2
-67,8,4
-68,11,2
-70,11,3
-69,12,3
-69,12,4
-70,11,3
-69,11,6
-68,10,8
-62,13,14
-59,16,17
-54,22,26
-52,23,29
-51,18,27
-49,18,27
-42,18,24
-45,12,27
-50,9,25
-60,9,21
-62,8,20
-55,6,16
-53,6,23
-43,13,35
-38,14,38
-43,12,43
-46,11,45
-53,12,51
-72,21,73
-69,-2,42
-21,50,79
-49,-1,43
-28,6,40
-24,1,40
-23,-6,41
-32,-12,59
-34,-7,59
-26,-3,50
-32,-4,58
-38,-7,60
-40,-8,57
-36,-6,52
-27,2,51
-28,1,58
-31,3,63
-33,1,62
-32,2,58
-22,4,60
-22,9,57
-32,12,44
-29,11,51
-29,15,56
-34,11,53
-19,14,53
-16,12,51
0,6,59
0,9,70
-9,8,68
-7,9,64
-1,9,63
8,11,66
3,10,65
-9,9,66
-7,11,65
5,13,63
-7,11,62
-16,11,64
-13,11,62
-16,6,61
-19,10,65
-14,8,67
-7,7,68
-9,9,69
-20,10,67
-27,11,62
-32,18,54
-35,17,54
-38,13,51
-41,14,52
-40,12,47
-43,9,42
-43,5,41
-45,2,37
-44,-1,39
-45,-5,39
-45,-6,38
-50,-4,38
-49,-4,39
-48,-3,37
-47,-3,37
-44,-1,41
-50,0,40
-56,2,38
-59,2,37
-60,1,36
-56,2,36
-54,2,36
-53,1,36
-52,1,36
-52,1,36
-50,1,36
-51,-1,36
-52,-1,33
-55,-3,30
-57,-5,31
-58,0,33
-56,2,33
-55,3,33
-48,3,34
-48,2,34
-61,-2,27
-69,-6,27
-70,-2,27
-65,-1,27
-57,-2,29
-53,-2,29
-54,-3,29
-55,-4,29
-59,-7,29
-54,-4,29
-53,-4,28
-49,-4,30
-52,-1,32
-64,-2,31
-63,2,35
-48,12,42
-42,17,43
-36,16,42
-44,12,44
-38,13,50
-51,16,42
-37,16,46
-33,17,50
-29,17,50
-21,21,56
-22,21,55
-24,24,56
-24,24,61
-23,27,61
-9,24,64
2,22,73
-6,25,69
-17,33,56
-22,38,51
-44,37,40
-59,38,33
-53,34,38
-36,22,45
-24,16,49
-47,5,48
-42,6,56
-42,-5,41
-43,-7,30
-32,-20,44
-25,-24,54
-23,-28,51
-22,-24,44
-31,-29,41
-6,-24,59
7,-31,58
-1,-38,68
-5,-48,62
3,-25,59
-4,-27,50
-14,-27,53
-41,-19,52
-43,-25,41
-34,-25,51
-44,-23,50
-40,-22,56
-41,-19,54
-46,-16,51
-46,-14,54
-35,-10,53
-37,-9,48
-41,0,53
-39,1,47
-35,3,44
-37,7,44
-39,12,38
-38,15,33
-42,18,33
-46,22,21
-52,23,15
-52,30,14
-48,30,12
-50,30,6
-55,31,3
-58,32,-1
-58,31,-2
-59,32,-1
-57,32,-1
-59,34,-4
-59,35,-3
-60,32,-5
-64,32,-7
-64,32,-6
-59,28,-3
-62,26,-3
-63,23,-6
-65,20,-9
-66,16,-6
-50,17,4
-72,17,-5
-101,11,-2
-73,5,4
-36,6,-5
-79,0,0
-44,-3,38
-31,-16,57
-101,20,-21
-52,24,9
-60,8,20
-56,7,27
-59,-16,32
-69,4,17
-57,-4,33
-54,-6,34
-59,-1,32
-64,-1,31
-54,-1,35
-60,8,28
-51,7,32
-42,7,46
-41,12,49
-39,11,46
-41,9,47
-38,10,53
-38,10,54
-37,9,52
-36,10,53
-36,10,52
-33,11,52
-33,13,53
-33,12,55
-33,12,57
-33,14,59
-34,17,58
-35,22,52
-36,25,48
-39,26,42
-38,27,42
-30,30,42
-28,31,41
-27,33,39
-29,31,40
-27,31,42
-26,30,47
-27,27,48
-27,23,50
-25,22,52
-24,17,57
-23,14,57
-29,6,53
-28,4,52
-24,-4,54
-28,-9,53
-37,-19,57
-30,-20,59
-26,-19,63
-19,-16,66
-23,-13,62
-21,-13,60
-14,-4,57
-20,-5,55
-15,-2,57
-9,-3,66
-11,-7,66
-22,-11,58
-14,-9,66
-14,-7,67
-4,-6,69
4,-3,67
22,-6,65
19,-8,65
5,-15,55
-12,-18,52
9,-30,90
-10,-16,58
2,-9,59
0,-10,57
-13,-27,56
-27,-23,51
-17,-26,47
-7,-26,50
0,-24,59
-12,-16,79
-6,-27,85
-11,-14,62
-19,-19,62
-23,-29,63
-27,-33,60
-18,-28,73
-15,-28,79
-11,-30,71
-12,-23,64
-9,-11,55
-30,-3,31
-35,3,23
-31,18,28
-25,26,33
-30,31,22
-35,33,11
-70,35,-11
-84,36,-15
-64,39,-3
-63,37,2
-64,28,4
-73,23,5
-76,9,8
-66,3,21
-55,-1,29
-52,-13,40
-73,-20,44
-73,-13,37
-69,-16,28
-73,-13,17
-68,-11,22
-40,-1,41
-22,0,49
-14,3,47
-10,0,42
-14,-35,83
-47,-13,64
-49,-9,51
-38,-11,67
-23,-2,74
12,9,71
13,15,64
-5,33,55
-7,30,47
6,32,44
-13,16,44
-16,10,48
-29,-11,42
-30,-15,42
-53,-27,40
-65,-37,36
-52,-61,65
-35,-29,48
-46,-17,41
-27,-13,50
-50,-8,41
-50,-9,38
-53,4,41
-51,1,40
-41,1,44
-32,5,45
-25,5,46
-37,5,56
-37,8,57
-51,9,44
-48,14,42
-27,13,54
-30,12,56
-41,15,48
-46,16,41
-42,17,45
-39,14,51
-36,11,53
-47,14,46
-47,15,46
-47,13,46
-39,13,51
-40,13,49
-42,14,47
-39,17,47
-37,17,49
-34,15,51
-36,15,50
-42,15,47
-39,15,48
-36,13,52
-40,12,47
-44,14,43
-47,11,47
-43,9,46
-35,10,57
-57,11,26
-59,14,38
-47,23,34
-32,24,36
-25,22,45
-14,17,56
-15,11,68
-18,12,62
-33,13,50
-42,13,44
-32,20,47
-25,18,52
-20,17,56
-30,20,48
-36,17,47
-47,21,37
-39,26,43
-39,25,44
-38,23,56
-49,26,36
-41,28,34
-57,32,29
-63,30,34
-51,29,37
-49,33,36
-51,28,32
-48,28,38
-50,28,30
-41,27,42
-64,32,18
-63,29,9
-35,19,46
-61,31,22
-47,31,27
-44,19,29
-42,21,32
-49,19,30
-49,20,30
-42,16,30
-49,13,29
-54,12,35
-56,13,35
-59,21,21
-69,28,12
-67,35,9
-61,31,9
-54,31,17
-49,25,15
-78,23,16
-34,11,40
-54,8,28
-61,9,4
-76,8,0
-63,4,18
-57,4,27
-76,5,19
-66,10,19
-64,12,20
-66,11,22
-63,11,21
-58,10,22
-55,9,24
-51,10,27
-49,10,27
-53,11,27
-55,12,25
-58,14,22
-59,15,22
-60,18,22
-57,19,24
-50,18,24
-49,17,26
-54,20,24
-55,24,24
-61,23,18
-74,22,8
-64,21,10
-64,22,8
-60,25,10
-61,26,7
-58,27,8
-56,28,10
-53,26,10
-51,26,11
-55,25,10
-56,24,11
-57,21,13
-59,21,13
-63,18,14
-64,17,15
-66,14,15
-65,14,16
-66,13,15
-69,13,12
-67,8,12
-69,5,10
-78,2,3
-80,-4,-3
-72,-5,1
-71,-15,3
-68,-12,2
-61,-6,0
-61,-4,-4
-57,-4,-5
-55,-6,-5
-58,-4,-5
-56,-2,-3
-58,4,-2
-58,7,-1
-59,11,6
-65,11,12
-71,14,8
-77,19,2
-72,21,3
-68,22,3
-72,24,-2
-87,21,-11
-85,15,-12
-76,7,-7
-70,5,-7
-64,7,-2
-64,9,-2
-63,14,-5
-62,11,0
-58,11,7
-61,13,6
-56,11,4
-56,12,-2
-60,10,-5
-62,6,-3
-65,3,-1
-62,-1,-1
-62,-4,-2
-60,-4,2
-57,-9,1
-60,-8,0
-74,-3,13
-77,-8,7
-68,-14,-4
-66,-15,-2
-69,-16,-1
-75,-28,-2
-79,7,6
-50,-1,0
-61,-13,6
-56,-11,9
-52,-13,10
-55,-20,2
-60,-21,1
-56,-20,12
-64,-21,-7
-47,-30,-1
-51,-27,11
-49,-30,10
-50,-28,11
-47,-17,23
-42,-13,25
-40,-17,23
-45,-20,23
-57,-26,18
-70,-32,8
-81,-37,-1
-91,-33,-8
-86,-29,-5
-77,-27,-6
-76,-27,-9
-70,-26,-7
-65,-24,-6
-61,-22,-4
-64,-22,-6
-65,-23,-6
-66,-24,-6
-65,-23,-5
-62,-23,-3
-61,-24,-2
-59,-26,-1
-59,-27,-2
-56,-26,-3
-55,-26,-4
-59,-23,-7
-59,-21,-10
-60,-19,-14
-60,-19,-15
-62,-21,-17
-61,-21,-16
-61,-24,-15
-60,-27,-14
-61,-29,-13
-62,-32,-11
-60,-34,-9
-57,-35,-5
-52,-35,-3
-52,-33,-4
-59,-32,-7
-55,-34,-9
-56,-36,-11
-61,-43,-14
-60,-48,-15
-58,-49,-13
-50,-43,-6
-48,-39,-3
-48,-36,1
-47,-38,3
-40,-49,7
-32,-53,7
-14,-54,10
-9,-52,12
-15,-48,10
-21,-47,9
-31,-51,9
-33,-54,11
-34,-57,12
-31,-57,16
-30,-56,19
-34,-58,21
-39,-61,23
-48,-72,24
-54,-78,28
-56,-94,30
-48,-88,28
-35,-61,26
-34,-55,21
-44,-60,14
-55,-69,1
-57,-73,-2
-46,-69,-1
-48,-66,-4
-64,-61,-10
-64,-55,0
-64,-52,8
-66,-53,13
-64,-53,32
-61,-53,39
-53,-51,44
-38,-44,50
-18,-25,58
-23,-5,46
-23,8,42
-36,24,30
-39,27,27
-42,20,14
-45,15,12
-37,-4,18
-40,-16,15
-33,-34,34
-17,-36,47
-6,-40,49
-10,-32,42
-48,-27,37
-47,-44,75
-39,-17,68
-40,-9,47
-22,-6,58
-54,-8,26
-74,-17,16
-72,-20,21
-66,-23,24
-75,-31,39
-57,-26,48
-60,-21,43
-62,-22,37
-56,-9,26
-57,6,20
-56,4,18
-57,4,14
-59,8,14
-51,14,15
-50,15,15
-53,19,16
-50,19,15
-54,22,15
-52,25,17
-59,26,21
-61,26,25
-59,24,19
-57,24,20
-54,27,23
-62,21,33
-55,22,37
-42,26,36
-53,24,32
-57,26,32
-63,27,33
-62,25,40
-54,26,42
-38,24,45
-38,23,37
-30,23,36
-32,18,39
-30,17,39
-39,24,29
-44,17,24
-60,18,19
-57,20,24
-62,22,20
-64,20,22
-66,20,19
-61,21,18
-59,22,21
-65,19,22
-62,18,20
-66,13,17
-66,9,20
-62,1,21
-60,-1,16
-63,-4,10
-64,-3,7
-60,1,-2
-65,3,-5
-63,8,-5
-62,10,-1
-57,2,3
-62,-2,5
-62,0,6
-64,7,5
-66,10,4
-67,13,7
-69,13,7
-77,17,5
-76,21,6
-71,30,4
-73,29,-1
-72,28,-9
-75,29,-10
-81,18,-11
-68,16,-8
-61,18,-5
-56,19,-2
-54,21,-1
-60,19,-2
-54,17,3
-45,15,10
-46,15,12
-47,13,13
-55,11,9
-64,11,13
-60,12,18
-60,8,19
-65,6,23
-67,9,26
-62,9,26
-55,10,32
-67,8,30
-82,4,20
-80,-2,12
-67,-3,14
-54,-3,17
-51,-3,16
-50,-5,12
-49,-6,15
-51,-7,17
-58,-5,12
-67,-2,6
-63,4,10
-63,7,11
-70,6,10
-70,8,10
-69,12,15
-70,13,17
-77,11,15
-75,15,13
-64,18,15
-65,16,7
-66,15,5
-83,6,-4
-80,5,-7
-60,4,-4
-48,6,1
-62,11,-12
-65,16,-15
-71,19,-28
-67,16,-27
-45,8,-12
-44,5,-8
-59,7,-14
-68,5,-19
-73,4,-18
-65,5,-8
-61,2,-4
-65,1,-5
-66,2,-7
-69,0,2
-71,-2,1
-81,-5,-8
-86,-7,-18
-72,-4,-2
-61,-6,4
-64,-5,4
-50,-8,12
-58,-6,16
-58,-10,11
-52,-7,15
-55,1,24
-51,1,31
-49,1,33
-52,4,32
-51,7,33
-60,6,34
-54,7,37
-53,6,38
-62,7,31
-66,9,30
-68,12,30
-78,9,4
-71,12,-2
-60,10,-5
-51,13,-4
-62,11,-5
-68,11,-2
-69,7,-1
-62,11,-3
-52,18,-8
-47,16,-10
-50,18,-8
-65,3,-23
-64,4,-27
-73,-7,-23
-75,-13,-16
-66,-19,10
-70,-27,19
-80,-7,-13
-74,-11,-4
-79,-13,-5
-84,-16,-17
-77,-15,-3
-64,-12,9
-63,-11,8
-58,-14,14
-56,-15,16
-49,-19,23
-48,-18,26
-53,-16,22
-54,-9,25
-52,-4,34
-53,-4,29
-41,3,42
-35,6,45
-45,4,51
-36,4,57
-25,5,65
-27,3,59
-26,4,58
-19,4,60
-18,4,66
-22,6,65
-32,3,67
-44,-17,77
-41,-17,73
-18,4,44
5,1,52
-19,-2,70
-35,-19,68
-15,-14,72
-9,-10,54
-4,-7,53
1,-2,49
0,-2,47
0,-6,50
12,-15,43
18,-17,45
21,-24,49
4,-33,57
1,-31,60
5,-29,70
-1,-24,78
-4,-22,77
-14,-17,72
-10,-13,73
-4,-1,68
-3,-1,65
-9,2,63
-8,2,60
-8,-1,61
-6,0,59
-2,6,54
-1,8,53
-2,13,55
-2,16,56
-2,20,58
0,26,56
0,29,57
-1,35,61
0,35,62
-4,32,61
-7,32,61
-11,33,65
-16,30,68
-22,23,66
-21,22,60
-16,28,49
-18,29,49
-19,28,53
-24,25,58
-19,25,55
-14,26,47
-13,27,46
-15,27,50
-16,27,52
-18,26,56
-17,27,57
-13,28,59
-12,28,62
-7,25,66
2,26,65
5,28,64
5,30,63
-1,31,65
-10,26,73
-11,23,72
-6,19,63
-7,17,59
-9,17,60
-9,19,58
-6,15,54
-6,12,53
3,17,51
9,20,46
11,21,45
14,25,46
22,26,49
27,30,44
27,30,43
29,33,46
31,36,48
17,42,54
11,42,55
3,42,59
-2,40,61
-10,41,62
-15,39,55
-16,40,52
-14,37,45
-13,39,45
-14,38,39
-10,38,39
-7,38,47
-11,39,50
-20,38,50
-27,35,46
-30,30,42
-28,30,43
-18,35,46
-17,34,45
-19,33,45
-28,30,43
-33,29,42
-51,28,28
-58,34,24
-67,45,20
-64,45,21
-56,43,25
-56,37,26
-56,30,33
-45,32,43
-45,35,43
-45,38,42
-43,40,43
-36,42,50
-44,40,49
-61,36,40
-53,34,39
-38,35,44
-40,28,47
-38,28,46
-39,24,46
-43,22,43
-41,15,41
-34,13,41
-29,16,46
-25,13,38
-23,12,54
16,26,56
-16,24,46
-14,37,54
-7,44,58
0,48,54
10,57,50
2,54,45
-18,62,31
-45,62,18
-53,58,17
-57,62,8
-69,57,4
-59,50,13
-43,39,28
-60,38,15
-54,34,14
-38,31,31
-32,35,30
-30,35,30
-31,39,34
-13,32,47
-26,38,26
-22,38,23
-18,47,40
-31,38,44
-28,41,37
-18,40,37
-23,45,42
-29,45,42
-29,48,39
-28,47,42
-28,46,39
-23,46,41
-25,45,37
-29,45,36
-29,44,38
-22,46,37
-21,46,37
-23,49,36
-25,48,39
-26,43,41
-22,45,37
-25,47,40
-26,43,41
-22,49,38
-19,46,40
-26,43,41
-25,44,43
-23,42,45
-22,44,39
-29,37,45
-30,37,44
-29,35,45
-27,30,42
-30,29,43
-36,26,55
-37,33,47
-16,17,33
-29,21,36
-33,41,28
-17,48,18
-12,54,14
-2,58,15
-1,60,21
-7,63,19
-10,61,23
-12,57,44
-22,54,47
-19,49,48
-28,47,49
-37,47,50
-44,45,41
-45,46,39
-44,48,40
-44,48,40
-39,47,42
-39,46,43
-40,41,44
-39,39,43
-35,38,40
-34,38,39
-31,38,36
-30,38,34
-28,37,33
-24,39,35
-24,39,34
-23,42,35
-24,42,35
-24,44,36
-26,45,37
-28,47,38
-28,46,38
-29,46,37
-31,46,37
-32,45,35
-32,45,35
-32,47,34
-33,45,35
-31,44,36
-31,43,38
-31,42,38
-31,41,37
-31,41,37
-30,43,35
-29,43,34
-32,43,35
-32,43,36
-32,43,37
-32,43,36
-31,43,36
-31,43,35
-32,43,35
-32,44,34
-32,44,34
-33,43,35
-32,43,35
-32,43,35
-32,44,36
-32,44,35
-33,44,36
-32,44,35
-32,44,35
-34,44,35
-36,43,34
-35,43,35
-30,43,36
-29,44,37
-29,44,36
-29,44,36
-30,43,35
-30,43,36
-31,44,36
-31,44,35
-31,44,35
-31,44,35
-31,44,36
-31,44,36
-31,44,36
-31,44,35
-31,44,35
-31,44,35
-31,44,35
-31,44,35
-31,44,35
-31,44,35
-31,44,35
-31,44,35
-31,45,34
-31,45,34
-32,45,34
-32,45,34
-32,45,35
-31,45,34
-32,45,34
-32,45,34
-32,45,35
-32,45,35
-32,45,34
-32,45,34
-31,45,34
-31,45,35
-31,45,35
-31,45,34
-31,45,34
-31,45,35
-31,45,35
-30,45,34
-30,45,34
-30,45,35
-30,45,35
-30,45,35
-30,45,35
-30,45,34
-30,45,35
-30,45,34
-30,45,34
-30,45,35
-30,45,35
-30,45,35
-30,45,34
-30,45,34
-30,45,35
-31,45,35
-31,45,35
-31,45,35
-30,45,35
-30,44,35
-30,44,35
-31,45,35
-30,44,35
-30,44,36
-30,45,36
-30,45,35
-31,45,35
-31,45,34
-30,45,34
-30,45,35
-30,45,35
-31,45,35
-31,45,35
-30,45,35
-30,45,35
-30,45,35
-31,45,35
-31,45,34
-31,45,34
-30,45,34
-31,45,35
-31,45,35
-31,45,34
-31,45,34
-31,45,34
-31,45,35
-31,45,35
-32,45,34
-31,45,34
-30,45,34
-31,45,34
-31,45,35
-31,45,35
-31,45,34
-31,45,33
-31,45,34
-31,45,34
-31,45,35
-31,45,34
-31,45,34
-31,45,35
-31,45,35
-31,45,35
-31,45,35
-31,45,34
-31,45,34
-31,45,34
-31,45,35
-31,44,34
-31,45,34
-31,45,34
-31,45,34
-30,45,34
-31,45,35
-31,45,35
-31,45,35
-31,45,35
-31,45,34
-31,45,34
-31,45,35
-31,45,35
-30,45,35
-31,44,34
-31,44,34
-30,45,35
-30,45,35
-30,45,35
-31,45,34
-31,45,34
-31,45,34
-30,45,35
-30,45,35
-31,45,34
-31,45,34
-31,45,35
-31,45,35
-31,45,35
-31,45,35
-32,45,34
-31,45,35
-30,45,35
-30,44,35
-31,44,34
-31,44,35
-30,44,35
-30,45,35
-30,45,35
-30,45,35
-30,45,34
-31,45,34
-30,45,35
-30,44,35
-31,44,35
-31,44,36
-31,44,36
-30,44,36
-30,44,35
-31,44,35
-31,44,36
-30,45,36
-31,45,36
-30,45,35
-30,44,35
-31,44,35
-30,44,36
-30,44,36
-31,45,36
-31,45,35
-31,45,34
-31,45,35
-30,45,35
-30,45,35
-30,45,35
-30,45,34
-31,45,35
-31,45,35
-30,46,34
-31,47,34
-30,49,34
-31,51,32
-38,54,22
-46,55,14
-52,57,14
-48,59,17
-57,55,14
-49,49,33
-37,47,35
-23,46,41
-22,42,41
-10,39,47
2,35,48
19,30,52
19,28,50
9,29,45
6,27,43
5,29,46
5,29,49
8,29,52
3,31,54
9,33,56
-11,36,48
-4,40,49
-12,47,46
-15,44,45
-6,41,55
-1,40,55
-9,39,50
-10,40,48
-8,40,47
-5,38,47
-7,36,49
-12,31,51
-5,35,55
4,37,50
-5,38,46
0,34,60
4,33,62
-4,37,46
-1,37,46
0,33,61
-3,34,57
-3,36,48
1,36,50
-3,34,55
-2,34,54
-2,33,54
-1,34,54
-3,33,55
-8,30,57
-5,29,56
-7,37,47
-3,38,46
2,32,52
-2,32,54
-8,37,47
-5,36,47
1,40,46
-5,46,39
-4,45,36
-6,48,29
-1,52,30
-7,50,30
-9,50,32
-17,54,32
-21,54,30
-25,49,27
-25,49,28
-30,50,32
-38,49,33
-41,47,30
-41,46,26
-39,49,29
-42,47,27
-44,47,24
-47,47,19
-46,48,20
-43,48,18
-44,46,14
-48,44,10
-50,45,10
-52,43,10
-53,42,8
-52,41,9
-52,41,11
-52,40,10
-50,40,11
-49,40,11
-50,40,10
-51,41,9
-51,40,10
-50,40,8
-55,39,7
-53,40,12
-49,39,5
-52,40,10
-52,42,12
-49,40,9
-51,39,10
-50,40,13
-50,40,15
-50,39,13
-50,39,12
-51,39,14
-51,38,13
-51,38,13
-51,39,14
-49,38,14
-51,38,12
-51,37,12
-51,37,15
-51,37,15
-50,37,15
-50,37,15
-51,38,14
-50,38,14
-51,38,13
-51,38,13
-50,38,13
-51,38,14
-50,38,13
-52,37,14
-52,37,15
-52,37,15
-52,37,14
-52,37,13
-51,37,13
-50,37,14
-50,38,13
-50,37,13
-50,37,13
-51,38,13
-51,38,13
-51,38,13
-52,38,13
-51,38,13
-51,38,12
-51,38,13
-51,38,13
-51,38,13
-51,38,13
-51,38,12
-51,38,13
-51,38,13
-52,38,12
-51,38,13
-51,38,13
-50,38,13
-51,38,12
-51,38,13
-51,38,13
-51,38,13
-51,38,13
-50,38,14
-51,38,13
-51,38,13
-51,38,13
-50,38,13
-51,38,13
-51,38,13
-51,38,13
-51,39,13
-51,38,13
-50,38,13
-51,38,13
-51,38,13
-51,38,13
-51,38,13
-50,38,13
-50,38,13
-50,38,13
-51,38,13
-51,38,13
-50,39,13
-50,39,13
-50,39,13
-51,39,13
-51,39,13
-50,39,13
-50,38,13
-50,38,13
-50,38,14
-50,38,13
-50,38,13
-51,39,13
-50,39,13
-51,39,14
-51,39,13
-50,38,14
-51,38,13
-50,38,13
-50,38,13
-50,38,13
-50,38,13
-51,38,13
-51,38,13
-51,38,13
-51,38,14
-51,38,14
-51,38,14
-51,38,14
-51,38,14
-50,38,14
-50,38,14
-51,38,14
-51,38,14
-51,38,14
-51,38,13
-50,38,14
-50,38,14
-50,38,14
-50,38,14
-50,38,13
-50,38,14
-50,38,14
-50,38,14
-51,38,13
-51,38,13
-50,38,14
-50,38,13
-50,38,13
-51,38,13
-51,38,13
-50,38,14
-51,38,13
-51,38,13
-51,38,13
-51,38,14
-50,38,14
-50,38,13
-51,38,13
-51,38,13
-51,38,14
-51,38,14
-51,38,13
-51,38,13
-51,38,13
-51,38,13
-51,38,13
-50,38,13
-51,38,13
-51,38,13
-51,38,13
-51,38,13
-50,38,14
-51,38,13
-51,38,13
-51,38,13
-51,38,13
-50,38,13
-51,38,13
-51,38,13
-51,38,13
-51,38,13
-51,38,13
-51,38,13
-51,38,13
-51,38,13
-51,38,13
-50,38,13
-50,38,13
-51,38,13
-51,38,13
-51,38,13
-51,38,13
-51,38,13
-51,38,13
-51,38,13
-51,38,13
-52,38,13
-51,38,13
-51,38,13
-50,38,13
-51,38,13
-51,38,13
-50,38,13
-51,38,13
-51,38,13
-51,38,14
-51,38,13
-51,38,13
-51,38,13
-51,39,13
-50,38,14
-51,39,13
-54,39,14
-53,39,15
-53,39,15
-52,38,15
-52,38,14
-50,37,15
-49,38,15
-47,39,16
-47,39,16
-47,40,16
-48,40,17
-49,40,19
-49,40,19
-49,40,21
-48,40,23
-48,40,24
-48,40,27
-46,40,28
-43,41,30
-42,41,30
-41,42,32
-36,43,33
-28,43,36
-28,43,36
-30,43,33
-32,44,31
-31,47,31
-28,47,31
-26,48,31
-22,50,32
-22,50,33
-24,48,34
-22,49,35
-19,52,36
-25,51,36
-27,49,33
-23,50,33
-28,49,35
-27,48,36
-25,48,36
-21,47,38
-18,47,37
-13,49,37
-15,49,34
-14,49,31
-14,48,32
-20,42,35
-20,46,39
-19,50,34
-19,51,35
-16,50,45
-13,48,45
-11,49,42
-19,45,34
-18,47,28
-14,46,23
-17,42,27
-13,49,37
-7,52,37
-5,58,36
-9,59,35
-6,64,32
-6,65,33
-13,62,43
-15,60,45
-10,59,44
-6,58,46
-3,57,46
-1,50,42
3,47,40
6,44,44
4,41,45
2,34,42
2,34,41
3,39,41
3,41,39
6,41,37
9,43,38
7,40,36
-6,43,48
-5,44,42
7,43,38
-6,45,40
-5,47,46
2,48,42
9,51,41
8,53,42
8,54,41
8,54,39
5,54,38
2,54,38
2,53,38
2,53,36
2,54,36
-1,52,35
-1,52,36
0,52,36
0,52,36
0,52,36
0,51,36
1,52,36
1,53,36
1,54,35
1,55,36
1,55,36
2,56,36
2,56,36
3,55,35
5,54,35
6,51,34
3,49,35
-18,34,41
-12,41,50
-2,42,31
-3,48,37
-3,51,37
5,51,34
8,53,34
8,54,37
7,54,38
7,53,40
7,53,40
6,53,41
6,52,42
5,49,43
3,49,42
3,48,41
4,47,41
3,47,41
4,46,42
3,45,41
2,44,41
3,42,41
4,43,41
5,43,42
5,41,42
3,42,41
0,41,40
-2,42,39
-5,44,39
-7,49,37
-11,54,35
-22,64,29
-25,67,31
-22,65,42
-20,64,45
-14,60,49
-14,56,47
-16,47,51
-11,45,52
-10,38,55
-8,37,54
-5,35,55
-2,30,55
-3,29,54
-3,27,54
-1,29,52
4,31,50
0,28,51
-28,9,57
-14,16,64
5,19,53
12,20,57
-11,20,53
-3,24,58
7,30,56
6,39,49
-1,42,49
-12,51,47
-16,55,44
-28,63,37
-32,66,32
-37,62,28
-38,60,26
-31,59,23
-26,57,24
-17,54,25
-15,53,26
-11,54,29
-26,41,32
-28,49,35
-9,52,32
-6,55,34
-18,49,27
-16,50,27
-13,52,41
-12,44,46
-18,62,34
-25,46,41
-1,56,47
9,45,46
-29,49,37
-6,50,36
-4,47,34
-8,43,29
-11,38,25
-11,40,31
-14,38,38
-24,49,42
-20,52,46
-10,59,42
-19,57,40
-18,51,47
-19,54,49
-26,51,45
-18,48,31
-14,46,31
-22,48,29
-22,50,31
-22,48,36
-16,49,34
-16,49,28
-17,51,31
3,47,44
-40,43,31
-33,50,18
-56,56,-3
-65,51,0
-35,48,23
-33,47,22
-44,46,5
-35,48,-3
-43,47,-19
-59,44,-23
-53,52,-2
-42,55,4
-28,65,14
-27,68,14
-40,64,26
-32,61,25
-20,58,30
-8,56,44
-11,55,47
-5,49,40
-3,47,39
-4,42,42
-4,41,41
-2,37,40
-3,34,45
1,36,45
0,36,43
3,39,43
3,39,43
-2,41,40
4,46,43
4,47,44
-3,46,41
-6,45,40
-5,47,46
-4,48,44
1,49,40
0,48,40
-1,45,42
-3,46,43
0,47,44
4,51,45
2,51,45
-2,52,44
2,52,43
3,50,42
2,49,40
3,47,41
7,47,43
-18,34,47
-6,39,37
3,39,36
0,39,43
-3,40,43
3,44,41
6,45,40
5,45,40
3,46,41
1,53,35
1,58,32
-5,65,29
-10,63,31
-7,56,40
-6,54,43
-2,49,45
-5,47,41
-5,46,40
-2,47,39
-2,48,38
0,51,36
-1,54,36
-5,63,37
-6,65,33
-10,63,36
-13,58,35
-13,55,38
-11,55,39
-9,54,31
-11,48,39
-10,48,48
-18,49,45
-9,56,38
-4,46,46
-1,47,50
1,46,47
1,49,38
-7,55,25
-10,61,33
0,59,49
11,60,43
19,56,31
15,43,36
3,36,34
8,41,38
15,41,41
7,32,38
-18,19,46
3,47,51
3,46,42
-4,52,41
-1,56,43
2,56,36
3,56,36
-2,52,33
-7,48,39
-4,49,42
-1,50,43
0,52,43
5,37,52
-33,18,68
-1,30,54
1,25,46
-19,24,43
-17,27,41
-6,21,44
-3,19,44
11,17,46
13,13,44
18,18,47
17,15,49
16,12,48
11,8,43
5,9,45
-14,-1,56
-21,-8,52
-28,-7,51
-35,-9,57
-31,-17,62
-38,-15,64
-44,-17,63
-42,-22,57
-47,-30,55
-51,-54,56
-46,-59,54
-39,-58,56
-41,-60,56
-40,-56,54
-42,-56,50
-45,-52,39
-43,-47,35
-47,-38,22
-45,-29,22
-44,-25,19
-47,-30,2
-47,-33,4
-48,-38,4
-44,-41,3
-43,-46,4
-39,-46,5
-34,-50,8
-30,-56,8
-31,-61,9
-32,-62,8
-22,-66,12
-19,-74,13
-17,-78,14
-13,-89,14
-16,-93,12
-22,-76,12
-22,-65,13
-15,-53,14
-12,-56,13
-8,-59,9
-7,-61,6
-7,-59,3
-7,-55,3
-13,-45,5
-20,-40,7
-22,-39,7
-18,-43,12
-18,-45,16
-10,-52,19
-14,-58,19
-22,-74,26
-27,-77,28
-33,-84,31
-36,-89,35
-41,-116,39
-11,-93,31
-11,-70,25
-27,-62,8
-33,-64,2
-34,-72,-6
-30,-82,-8
-17,-69,-5
-12,-63,-6
-16,-62,-6
-18,-64,-6
-21,-61,-7
-21,-58,-8
-20,-59,-6
-18,-61,-4
-14,-62,0
-11,-61,7
-12,-60,13
-6,-59,21
-3,-61,25
2,-67,39
1,-67,47
4,-67,54
11,-64,55
11,-66,50
2,-70,41
-8,-77,23
-11,-80,13
-14,-78,13
-36,-60,0
-39,-52,-3
-48,-35,-4
-50,-28,-3
-57,-24,-9
-62,-22,-10
-70,-10,-6
-72,-3,-5
-84,-6,-8
-86,-13,-13
-95,-28,-18
-107,-49,-11
-108,-53,-9
-87,-35,7
-77,-33,12
-66,-43,19
-56,-46,24
-45,-42,29
-41,-38,29
-26,-29,35
-36,-27,29
-40,-25,20
-34,-23,23
-40,-22,22
-26,-10,39
-15,-5,50
-35,12,50
-26,6,37
-125,-40,-3
-33,12,46
-82,-14,36
-86,-8,31
-50,4,26
-63,-5,11
-79,-1,-9
-43,-8,9
-62,-1,15
-55,-23,16
-38,-27,16
-33,-61,12
-49,-39,15
-64,-32,17
-71,-21,21
-66,-11,29
-66,-8,28
-63,2,28
-61,7,30
-59,3,27
-62,6,25
-66,1,20
-76,5,17
-76,9,10
-30,-6,31
-49,5,22
-54,11,11
-48,8,20
-59,11,30
-64,14,31
-61,4,45
-69,10,46
-67,11,39
-61,12,36
-52,4,33
-56,-1,25
-60,-1,23
-56,-2,22
-51,-2,18
-40,-2,21
-37,-4,21
-53,-10,20
-58,-15,22
-48,-10,50
-62,-8,28
-75,-7,2
-73,-9,0
-77,-9,8
-67,-9,4
-69,-12,-4
-69,-17,-8
-69,-16,6
-76,-14,-7
-75,-19,-19
-60,-21,-14
-51,-23,-8
-51,-28,-17
-56,-30,-21
-55,-27,-15
-54,-25,-14
-57,-25,-15
-59,-25,-13
-57,-25,-12
-58,-24,-13
-59,-25,-13
-60,-25,-13
-59,-25,-12
-57,-27,-25
-46,-34,-28
-44,-23,-3
-53,-31,-9
-47,-28,-9
-52,-30,-17
-47,-33,-14
-40,-44,-5
-46,-48,-12
-28,-62,-22
-23,-74,-15
-3,-77,15
7,-75,27
15,-73,42
14,-66,45
-7,-75,33
-21,-77,29
-21,-69,26
-22,-65,25
-24,-65,23
-28,-63,22
-30,-59,19
-48,-51,8
-56,-46,2
-67,-41,-3
-59,-42,-7
-82,-45,-1
-87,-34,13
-66,-19,23
-65,-19,21
-64,-14,23
-52,-1,29
-53,0,24
-46,5,24
-47,8,22
-49,10,18
-47,13,19
-45,16,24
-45,16,20
-61,16,10
-50,19,18
-38,23,23
-43,26,24
-42,30,26
-46,32,21
-48,32,16
-58,30,16
-53,29,13
-63,29,11
-63,28,14
-59,28,9
-55,28,6
-62,28,8
-58,28,11
-56,29,11
-56,29,13
-51,31,14
-55,30,15
-57,30,18
-53,29,15
-52,30,14
-61,30,8
-62,31,6
-54,32,6
-54,31,5
-55,31,1
-57,32,-1
-60,30,-6
-69,30,-6
-64,29,-4
-51,29,4
-55,30,4
-59,33,12
-53,32,14
-54,34,16
-55,35,19
-52,34,15
-54,32,13
-58,30,10
-56,30,13
-52,30,17
-52,30,16
-55,30,16
-59,29,14
-57,29,13
-55,28,9
-58,28,7
-59,29,6
-57,29,4
-55,30,7
-54,30,6
-57,29,3
-57,29,3
-59,29,4
-57,30,3
-57,31,3
-55,31,6
-54,30,5
-62,31,-4
-62,31,-3
-57,31,2
-58,31,1
-59,31,-3
-58,30,-5
-60,30,-9
-59,30,-8
-56,31,-4
-56,31,-6
-56,32,-7
-55,32,-4
-54,31,-4
-56,31,-4
-56,32,-5
-55,32,-1
-55,31,-1
-56,32,-6
-57,31,-4
-57,31,-6
-54,31,-6
-59,30,-5
-52,31,-3
-52,31,0
-59,30,-3
-58,30,-6
-59,31,-8
-54,31,-4
-56,32,-7
-58,31,-8
-51,33,-4
-48,33,-4
-57,32,-6
-57,32,-7
-56,32,-9
-61,32,-13
-56,31,-12
-55,33,-9
-54,32,-12
-53,31,-16
-51,32,-18
-54,33,-24
-49,33,-23
-45,34,-27
-47,34,-28
-46,34,-26
-51,34,-32
-54,33,-31
-57,32,-31
-53,30,-33
-53,30,-32
-51,30,-29
-46,31,-25
-47,31,-27
-50,31,-33
-51,30,-30
-47,33,-22
-45,33,-21
-56,31,-22
-58,31,-20
-49,30,-17
-56,31,-15
-60,31,-12
-53,30,-14
-57,30,-16
-59,28,-14
-54,28,-13
-50,28,-16
-54,28,-15
-55,28,-13
-55,29,-16
-60,29,-20
-59,28,-17
-55,29,-10
-57,28,-17
-59,28,-18
-56,27,-15
-57,27,-14
-57,26,-13
-57,26,-16
-58,26,-17
-56,26,-17
-55,26,-17
-56,26,-19
-58,26,-21
-58,25,-18
-57,25,-18
-57,24,-19
-57,25,-19
-57,24,-19
-57,24,-19
-58,23,-18
-58,24,-18
-57,25,-18
-57,25,-18
-57,25,-19
-57,25,-18
-57,26,-17
-57,26,-17
-57,26,-16
-56,26,-16
-56,26,-16
-55,26,-16
-55,26,-16
-54,25,-16
-55,25,-16
-56,24,-18
-56,24,-18
-57,24,-18
-58,24,-18
-58,24,-18
-59,25,-19
-59,25,-19
-59,26,-21
-59,26,-22
-59,25,-22
-57,25,-20
-57,25,-23
-57,24,-25
-58,25,-26
-58,24,-26
-57,23,-23
-56,23,-21
-57,22,-21
-54,23,-20
-53,23,-20
-57,23,-22
-56,23,-23
-54,24,-22
-55,24,-21
-57,23,-23
-58,23,-23
-57,23,-24
-58,23,-24
-57,22,-24
-58,22,-24
-59,22,-24
-62,22,-23
-61,22,-22
-65,23,-19
-67,24,-20
-62,25,-14
-52,26,-4
-46,26,9
-52,26,8
-62,28,10
-54,27,16
-53,28,24
-55,27,23
-46,27,29
-43,29,33
-47,29,35
-43,31,35
-43,32,36
-41,34,38
-40,34,38
-37,34,37
-40,33,37
-43,33,37
-43,33,38
-41,32,38
-43,31,39
-44,31,32
-43,37,23
-51,38,19
-59,42,17
-52,39,15
-65,38,4
-64,34,5
-66,26,2
-64,23,5
-64,14,19
-66,15,23
-68,19,15
-57,19,13
-56,18,18
-53,18,18
-53,20,17
-51,20,18
-52,20,18
-58,23,17
-58,23,17
-60,21,21
-63,22,22
-54,23,27
-47,25,29
-55,26,23
-54,23,28
-50,27,27
-43,21,38
-59,20,33
-41,21,43
-30,21,44
-58,18,29
-53,-3,68
-3,15,79
-69,13,31
-60,36,24
-56,35,25
-14,30,48
-29,23,54
-37,22,53
-36,23,52
-28,24,53
-29,25,54
-38,25,48
-30,29,45
-24,30,48
-27,27,54
-28,26,53
-27,25,52
-26,26,51
-28,25,49
-32,25,48
-31,25,51
-23,21,58
-24,20,57
-29,21,53
-30,22,51
-26,21,53
-28,21,53
-32,22,51
-32,22,49
-34,23,51
-34,23,51
-36,24,50
-34,23,49
-35,24,49
-33,24,48
-33,24,48
-34,23,47
-35,23,48
-34,21,49
-32,20,48
-32,21,48
-30,19,49
-46,20,47
-38,21,42
-34,19,46
-48,19,39
-50,20,37
-50,21,36
-52,22,35
-57,21,30
-59,20,29
-55,19,33
-51,19,35
-53,19,36
-52,17,36
-50,16,39
-48,17,37
-52,17,35
-49,18,35
-49,19,35
-51,19,34
-52,19,34
-54,20,32
-59,20,30
-68,23,25
-69,24,24
-64,28,21
-59,28,19
-58,29,19
-56,29,18
-53,29,15
-49,29,14
-48,29,17
-46,26,19
-43,23,22
-43,17,30
-42,15,33
-40,17,32
-49,19,27
-58,20,24
-57,24,18
-60,33,19
-60,36,18
-64,36,17
-68,35,19
-50,36,26
-41,33,35
-38,30,37
-33,33,45
-41,31,42
-41,28,41
-46,27,43
-48,32,36
-42,31,36
-38,27,40
-43,31,37
-43,31,34
-53,30,29
-52,31,31
-48,32,38
-48,31,36
-44,34,30
-37,35,33
-37,36,32
-37,33,39
-24,25,45
-20,24,47
-32,12,62
-35,12,56
-24,11,56
-25,10,58
-34,14,56
-32,17,50
-28,17,49
-27,16,53
-31,15,54
-30,16,54
-31,17,54
-32,17,55
-33,16,55
-39,15,55
-33,17,53
-32,16,53
-31,13,55
-31,12,55
-26,11,54
-25,12,51
-33,19,51
-33,17,52
-31,9,56
-25,10,58
-27,14,51
-30,16,48
-30,16,46
-28,16,48
-32,18,49
-32,18,49
-17,-4,75
-30,17,51
-39,13,39
-46,20,20
-37,20,24
-47,19,16
-55,16,5
-65,14,-8
-64,12,-3
-51,2,9
-60,-11,-5
-75,-23,-14
-57,-25,-4
-54,-28,-9
-73,-37,-27
-63,-37,-34
-61,-35,-55
-58,-31,-57
-47,-26,-57
-35,-24,-55
-37,-21,-50
-28,-20,-49
-27,-16,-48
-25,-14,-51
-17,-16,-60
-14,-17,-54
-17,-17,-51
-17,-27,-53
-18,-31,-50
-13,-41,-51
-16,-44,-55
-27,-45,-55
-25,-41,-62
-22,-39,-60
-38,-34,-52
-42,-33,-53
-42,-38,-49
-42,-40,-46
-37,-45,-43
-33,-47,-39
-31,-53,-31
-29,-52,-32
-17,-57,-28
-14,-57,-24
-15,-56,-20
-11,-55,-17
-21,-57,-20
-16,-60,-15
-20,-61,-16
-28,-62,-23
-17,-62,-22
-9,-64,-20
-20,-65,-21
-22,-65,-20
-17,-68,-18
-20,-72,-16
-28,-74,-15
-29,-75,-10
-23,-76,-4
-20,-72,3
-32,-70,11
-29,-70,11
-37,-69,6
-45,-65,9
-48,-60,6
-53,-57,2
-67,-50,-11
-72,-45,-18
-73,-39,-15
-72,-38,-15
-67,-40,-15
-58,-38,-12
-45,-28,-7
-40,-20,-5
-34,-16,-4
-35,-15,-8
-38,-14,-4
-45,-15,-5
-28,-25,11
-62,-7,15
-55,-5,15
-68,-1,4
-84,-7,-3
-84,-8,-8
-66,-8,-1
-68,-14,-8
-50,-16,-3
-53,-15,-3
-60,-18,-6
-61,-16,-3
-62,-14,0
-60,-12,1
-67,-10,-1
-63,-8,2
-69,-9,3
-67,-7,5
-67,-4,10
-69,-4,11
-74,-4,14
-79,-2,15
-75,-1,14
-73,0,14
-72,-3,19
-65,-1,33
-63,-2,38
-67,8,37
-68,14,34
-54,25,42
-48,28,42
-42,31,33
-35,29,34
-26,31,39
-9,32,45
-4,29,43
8,20,50
13,18,52
9,12,54
8,8,55
15,6,57
21,4,54
20,3,55
24,0,53
32,-4,42
31,-7,48
32,-8,46
35,-13,51
27,-18,50
51,-13,47
44,-15,46
37,-17,47
42,-17,47
55,-12,37
54,-12,36
46,-19,37
46,-22,36
51,-18,36
46,-24,42
42,-19,40
50,-14,41
47,-16,40
9,-11,48
11,0,61
51,2,64
54,-13,54
37,-48,64
21,-33,39
38,-5,44
37,0,50
35,7,67
37,-1,57
34,-3,50
34,-9,43
34,-11,44
42,-18,36
39,-21,33
44,-34,48
40,-37,47
5,-30,39
6,-26,38
14,-18,32
15,-14,31
18,-13,25
18,-18,21
19,-22,22
3,-37,34
-1,-54,29
-27,-91,31
-34,-97,44
-35,-111,30
-40,-113,22
-50,-106,16
-53,-105,14
-56,-98,14
-56,-92,13
-51,-78,8
-54,-62,-3
-53,-54,0
-47,-43,0
-43,-47,-2
-47,-49,-4
-48,-52,-2
-51,-58,-1
-51,-61,1
-44,-66,7
-34,-70,12
-30,-73,14
-25,-77,15
-16,-80,18
-8,-73,15
-10,-74,19
19,-57,29
8,-54,24
-9,-52,16
-10,-51,18
-15,-51,15
-17,-53,14
-17,-61,14
-17,-67,15
-16,-73,15
-12,-78,16
-10,-79,14
-12,-82,7
-17,-82,5
-24,-78,3
-26,-69,3
-29,-48,4
-28,-42,5
-24,-47,9
-21,-51,10
-15,-57,10
-11,-58,11
-4,-52,15
-10,-47,18
-14,-47,19
-18,-47,22
-19,-48,24
-15,-50,29
-11,-52,33
-7,-60,37
-9,-67,37
-18,-78,32
-27,-82,31
-51,-98,27
-54,-102,22
-33,-76,18
-23,-50,15
-25,-49,10
-32,-58,3
-33,-58,1
-30,-58,-2
-26,-59,-4
-19,-60,-3
-17,-58,-3
-21,-58,-1
-23,-58,-1
-23,-58,0
-22,-58,0
-19,-62,2
-15,-64,5
-13,-65,6
-11,-66,11
-11,-67,14
-11,-77,18
-10,-77,24
-14,-69,37
-11,-63,39
5,-57,41
9,-59,42
2,-70,32
0,-75,25
-4,-75,14
-9,-63,9
-15,-55,10
-23,-47,10
-30,-44,8
-36,-43,14
-35,-42,14
-51,-39,7
-67,-36,4
-84,-27,0
-85,-26,0
-82,-32,-4
-90,-40,-9
-115,-59,-10
-99,-55,8
-96,-49,15
-89,-50,23
-80,-56,24
-61,-55,36
-58,-49,38
-34,-31,44
-30,-22,43
-24,-9,36
-24,-5,29
-16,0,28
-14,-1,28
-7,1,28
-9,-1,33
-16,-4,34
-9,6,42
-3,10,46
0,4,45
-54,-9,43
-25,17,60
-17,17,65
-36,17,57
-40,24,61
-4,47,73
-22,46,53
-34,44,39
-57,50,23
-58,50,21
-48,47,23
-45,47,29
-39,43,28
-38,42,30
-25,40,41
-22,40,40
-31,39,25
-23,41,28
1,28,26
-50,-11,22
-3,12,24
-39,26,17
-35,28,22
-23,41,24
-27,42,22
-35,35,25
-42,43,32
-41,54,43
-50,52,45
-72,42,35
-67,46,29
-66,40,27
-75,36,13
-66,39,12
-60,37,22
-52,34,35
-60,38,8
-61,31,-5
-60,31,9
-51,31,14
-56,30,18
-56,30,22
-58,26,27
-58,20,21
-45,18,-2
-61,-7,-6
-52,-4,3
-40,9,-5
-39,8,-12
-30,-1,-19
-35,0,-17
-36,-4,-17
-38,-7,-15
-50,-28,-11
-66,-40,-6
-94,-45,-4
-94,-51,-11
-103,-45,-19
-101,-15,-20
-101,-24,-25
-84,-70,-15
-78,-88,-9
-24,-120,2
5,-118,20
18,-89,41
21,-74,42
8,-58,33
-5,-54,29
-7,-49,26
-11,-46,25
-7,-37,28
-2,-30,32
0,-28,37
3,-32,43
4,-40,40
2,-49,44
-2,-54,45
-25,-66,45
-33,-71,41
-40,-84,31
-44,-88,29
-55,-93,32
-59,-84,20
-43,-59,12
-31,-66,3
-29,-72,2
-24,-78,-2
-23,-77,-1
-17,-69,4
-15,-68,5
-17,-68,-6
-17,-64,-7
-15,-59,-5
-12,-58,-4
-8,-62,-3
-6,-62,-1
-3,-62,0
-6,-65,0
-9,-68,1
-17,-74,14
-17,-77,18
-13,-72,26
-11,-67,29
-6,-64,34
-2,-66,33
-7,-69,28
-3,-71,27
-4,-74,18
-4,-69,9
-6,-65,5
-12,-54,-2
-18,-50,-3
-30,-46,-5
-35,-45,-4
-40,-49,-1
-38,-51,1
-34,-57,8
-32,-61,11
-28,-62,15
-33,-66,17
-61,-92,22
-40,-106,20
-18,-88,28
-9,-62,27
-17,-65,21
-30,-70,10
-30,-74,7
-21,-73,2
-16,-71,0
-11,-69,3
-10,-68,2
-12,-63,1
-13,-60,0
-16,-58,-3
-15,-59,-3
-14,-57,-3
-12,-57,-2
-10,-58,-1
-10,-63,0
-13,-67,2
-28,-62,14
-36,-57,23
-20,-59,21
-2,-64,26
18,-72,36
17,-77,36
9,-77,26
6,-66,16
2,-62,10
-11,-54,1
-19,-51,0
-31,-47,1
-34,-48,2
-31,-54,5
-28,-56,8
-27,-63,14
-28,-67,17
-37,-79,19
-53,-96,20
-47,-99,20
-12,-73,27
-9,-61,26
-23,-59,14
-30,-61,10
-32,-69,4
-29,-72,0
-19,-65,-1
-17,-61,0
-18,-59,1
-18,-59,1
-18,-60,0
-13,-59,0
-12,-58,0
-10,-57,1
-10,-58,1
-9,-61,2
-9,-61,2
-14,-65,3
-21,-69,7
-29,-82,17
-24,-83,20
11,-80,44
18,-81,56
-8,-68,29
-3,-65,19
0,-68,17
-5,-73,6
-6,-74,2
-9,-73,-7
-12,-70,-10
-19,-60,-13
-24,-56,-12
-33,-54,-10
-35,-55,-9
-29,-56,-5
-24,-57,-1
-16,-59,5
-14,-62,10
-15,-62,11
-17,-63,13
-18,-63,13
-18,-62,13
-18,-62,14
-19,-60,15
-20,-60,16
-27,-60,16
-28,-60,16
-25,-60,19
-24,-60,21
-25,-60,23
-22,-60,16
-36,-52,-3
-107,-39,-37
-114,-36,-33
-84,-28,-16
-81,-30,-21
-83,-32,-28
-84,-27,-26
-74,-22,-20
-65,-19,-19
-55,-9,-10
-51,-5,-8
-49,4,-4
-35,8,10
-29,11,10
-33,12,16
-38,11,16
-47,13,15
-49,13,17
-59,14,17
-57,16,17
-57,17,19
-59,17,27
-58,17,25
-51,17,30
-63,21,25
-62,23,22
-64,23,24
-70,14,17
-73,14,7
-78,12,-9
-66,10,-7
-55,8,-1
-56,5,-1
-51,6,1
-47,7,6
-51,9,11
-58,12,8
-61,20,0
-67,26,2
-68,25,6
-60,27,6
-61,27,4
-66,30,3
-65,32,4
-59,33,4
-63,33,3
-69,33,-26
-72,37,-38
-56,33,-26
-48,28,-21
-46,27,-21
-55,19,-16
-55,14,-15
-46,16,-13
-46,19,-13
-54,19,-20
-55,18,-20
-55,17,-19
-57,16,-19
-62,12,-22
-64,13,-21
-61,15,-23
-61,14,-23
-64,12,-23
-67,5,-29
-65,2,-36
-58,10,-55
-63,13,-56
-58,3,-44
-52,0,-42
-39,0,-36
-38,2,-35
-43,-5,-36
-44,-8,-36
-41,-8,-35
-38,1,-34
-41,5,-36
-50,15,-33
-58,15,-34
-65,19,-49
-65,20,-53
-61,22,-47
-53,22,-46
-38,22,-51
-41,21,-60
-50,18,-73
-50,16,-72
-41,17,-57
-34,20,-51
-36,19,-52
-45,18,-53
-48,16,-50
-48,11,-36
-51,9,-29
-65,6,-21
-67,5,-18
-69,3,-9
-69,2,-7
-72,1,-2
-71,0,-1
-66,0,5
-59,2,12
-57,6,13
-58,16,16
-63,16,21
-84,0,21
-82,2,21
-68,7,25
-57,6,29
-45,8,30
-44,9,33
-37,3,36
-29,3,41
-25,5,45
-20,7,52
-17,8,53
-9,7,58
-8,10,61
-1,8,62
3,9,62
9,14,65
7,15,66
7,12,71
4,12,72
-10,11,64
-5,15,57
-1,19,55
1,19,48
3,17,49
12,13,52
13,10,54
4,5,60
0,5,62
-3,3,59
-2,3,58
-6,3,53
-4,1,52
-11,-7,54
-11,-11,58
-10,-12,58
-23,-14,57
-47,-22,57
-79,-37,61
-73,-35,65
-45,-18,69
-41,-10,65
-55,-8,55
-55,-12,54
-41,-12,57
-36,-9,60
-32,-3,55
-41,3,56
-42,8,54
-37,25,54
-40,31,49
-52,38,36
-49,38,33
-56,32,22
-59,27,17
-44,9,27
-42,0,31
-70,-12,21
-70,-18,23
-46,-19,32
-37,-23,32
-31,-28,40
-41,-30,40
-40,-25,37
-27,-23,47
-28,-30,50
-31,-32,55
-27,-24,56
-42,-23,52
-41,-25,54
-47,-26,56
-38,-19,53
-38,-13,53
-45,-17,53
-43,-15,55
-42,-12,54
-40,-10,53
-32,-8,51
-32,-8,50
-40,-10,45
-43,-12,43
-47,-14,43
-52,-11,40
-56,-6,34
-52,-6,33
-56,-5,29
-57,-8,28
-50,-5,25
-52,-3,24
-59,-4,26
-30,-11,43
-24,-15,52
-36,-24,57
-34,-22,60
-12,-24,67
-23,-23,66
-34,-14,57
-29,-20,60
-32,-20,61
-58,-21,37
-58,-20,30
-58,-24,17
-62,-21,12
-61,-21,-6
-59,-21,-17
-49,-16,-23
-49,-12,-25
-60,-8,-29
-60,-8,-26
-56,-1,-10
-58,5,-4
-60,6,-5
-71,14,-10
-70,20,-13
-75,30,-23
-85,33,-26
-69,36,-27
-60,35,-32
-64,33,-51
-66,30,-50
-55,28,-43
-50,26,-38
-54,25,-38
-48,26,-36
-45,27,-31
-41,26,-27
-39,26,-24
-37,29,-21
-36,30,-18
-36,31,-18
-39,29,-18
-48,23,-18
-51,18,-20
-49,19,-20
-52,21,-20
-51,24,-22
-59,25,-24
-63,24,-27
-64,21,-33
-67,19,-31
-72,8,-29
-73,3,-31
-70,-4,-23
-48,-8,-7
-23,-16,4
-31,-20,-12
-44,-39,-15
-27,-50,-4
-31,-71,12
-41,-81,-1
-42,-81,-5
-38,-100,-8
-43,-106,-8
-37,-95,-4
-36,-90,-3
-42,-84,-1
-48,-82,-4
-48,-71,-7
-45,-67,-8
-51,-65,-6
-56,-62,-6
-70,-62,-3
-83,-63,10
-85,-69,17
-58,-101,20
-30,-105,19
-2,-90,28
-5,-87,24
-18,-90,10
-20,-86,5
-20,-77,-3
-24,-78,-2
-17,-78,-6
-10,-68,-6
-9,-63,-4
-14,-59,-4
-15,-58,-5
-15,-58,-7
-14,-57,-7
-13,-57,-4
-12,-58,-3
-12,-58,0
-15,-57,5
-35,-53,21
-33,-50,22
5,-53,25
29,-73,52
27,-80,53
10,-86,35
3,-85,26
-6,-68,15
-11,-60,10
-24,-49,3
-30,-46,2
-44,-47,5
-46,-49,6
-38,-53,12
-34,-55,17
-31,-64,27
-36,-81,33
-43,-91,33
-33,-110,23
-18,-106,20
-5,-82,16
-9,-75,11
-23,-83,3
-24,-85,-2
-17,-77,-10
-15,-71,-11
-15,-65,-7
-14,-66,-9
-14,-59,-9
-17,-54,-7
-18,-54,-6
-17,-57,-4
-17,-57,-2
-18,-58,5
-15,-63,7
-2,-66,15
0,-66,23
-5,-59,36
-8,-58,39
2,-63,38
6,-70,39
7,-79,36
9,-77,28
9,-73,22
2,-63,10
-3,-60,4
-17,-53,-4
-27,-51,-5
-41,-52,-4
-44,-56,-3
-49,-60,-2
-52,-62,0
-58,-63,2
-62,-63,2
-80,-73,0
-77,-93,-5
-47,-93,-1
-10,-73,16
-11,-73,15
-22,-81,5
-23,-80,1
-15,-69,-1
-12,-71,-2
-11,-67,-2
-12,-63,-1
-15,-61,-1
-16,-60,0
-14,-62,1
-13,-64,3
-13,-63,4
-9,-63,8
-7,-63,11
-3,-66,15
-5,-64,21
-10,-57,27
-10,-52,26
-2,-53,25
1,-57,26
-1,-66,22
-5,-75,18
-5,-75,15
-5,-71,9
-6,-67,6
-17,-61,1
-26,-58,-1
-42,-57,-2
-48,-58,-1
-50,-61,4
-49,-62,6
-46,-68,14
-50,-74,16
-64,-94,18
-23,-108,19
-2,-88,21
-3,-79,15
-11,-81,11
-21,-80,7
-21,-76,4
-17,-79,-5
-15,-72,-5
-12,-62,-5
-12,-58,-4
-12,-52,-3
-15,-53,-2
-16,-58,-3
-13,-59,-1
-12,-59,1
-8,-60,7
-6,-59,9
-6,-65,14
-9,-67,20
-20,-66,35
-13,-63,33
9,-63,32
13,-68,32
3,-80,24
-2,-81,16
-6,-74,3
-9,-61,-7
-13,-57,-10
-23,-49,-15
-31,-45,-16
-44,-47,-14
-49,-51,-12
-57,-56,-4
-63,-59,1
-55,-63,7
-48,-73,13
-51,-98,25
-47,-117,26
-9,-101,27
-3,-75,22
-10,-75,16
-22,-79,5
-24,-76,2
-20,-75,-6
-15,-78,-7
-10,-69,-5
-9,-65,-5
-11,-60,-4
-13,-55,-5
-15,-52,-6
-17,-52,-6
-17,-55,-5
-16,-54,0
-15,-55,3
-11,-58,10
-8,-63,13
-8,-68,28
-10,-67,36
-1,-61,37
4,-62,36
3,-74,37
2,-78,33
2,-79,21
0,-71,9
-2,-67,2
-11,-58,-10
-17,-53,-14
-31,-44,-15
-38,-43,-13
-47,-49,-11
-48,-52,-8
-49,-56,0
-51,-59,3
-51,-74,12
-49,-83,15
-44,-112,23
-5,-101,36
4,-85,34
-10,-72,22
-20,-72,15
-26,-76,5
-26,-76,1
-20,-72,-5
-16,-69,-4
-12,-61,-3
-13,-58,-3
-15,-52,-3
-16,-51,-4
-16,-53,-5
-13,-54,-3
-12,-55,-2
-9,-58,2
-8,-59,4
-11,-65,7
-19,-66,14
-33,-59,26
-30,-57,27
-7,-67,35
5,-75,36
16,-84,31
15,-83,29
11,-71,18
1,-61,2
-6,-57,-4
-19,-45,-8
-27,-41,-7
-39,-44,-4
-42,-48,-2
-41,-56,1
-41,-60,5
-45,-71,13
-48,-79,15
-52,-106,28
-38,-109,39
-6,-85,45
-20,-58,27
-31,-57,19
-39,-64,11
-38,-69,7
-29,-74,2
-23,-73,0
-19,-67,-1
-20,-64,-1
-21,-59,-2
-23,-57,-3
-22,-54,-4
-22,-54,-4
-18,-55,3
-19,-56,5
-20,-56,9
-22,-60,18
-22,-65,23
-19,-69,37
-15,-64,41
1,-57,48
3,-60,48
-4,-68,42
-4,-68,39
-5,-65,29
-3,-60,18
-4,-58,13
-10,-53,2
-14,-50,-3
-22,-47,-7
-29,-47,-8
-45,-56,-6
-56,-59,-5
-70,-58,1
-77,-60,5
-85,-79,10
-76,-91,13
-16,-91,31
-2,-69,33
-10,-68,25
-24,-67,16
-27,-68,12
-27,-71,3
-25,-69,-1
-21,-62,-3
-20,-59,-3
-21,-57,-2
-22,-57,-3
-19,-59,-3
-17,-60,-3
-11,-59,0
-7,-58,3
-6,-59,5
-7,-60,5
-11,-64,5
-23,-72,11
-31,-69,19
-35,-60,24
-25,-62,26
5,-72,34
13,-76,34
13,-74,26
7,-63,11
3,-58,4
-8,-50,-8
-14,-45,-12
-26,-38,-14
-32,-40,-12
-43,-51,-8
-48,-54,-4
-51,-57,5
-54,-63,9
-56,-87,16
-50,-101,18
8,-109,31
16,-86,31
-1,-65,17
-23,-65,6
-28,-68,2
-30,-71,-4
-25,-67,-4
-19,-58,-5
-18,-55,-5
-21,-55,-6
-23,-56,-6
-24,-55,-8
-21,-55,-8
-18,-58,-7
-16,-59,-5
-14,-62,-1
-11,-64,3
-11,-68,5
-20,-77,14
-28,-73,23
-27,-59,28
-10,-58,30
13,-70,44
15,-74,42
2,-76,29
-7,-75,25
-25,-66,12
-30,-59,7
-44,-47,1
-65,-34,-5
-78,-29,-5
-67,-17,2
-66,-9,5
-72,3,8
-71,10,12
-72,13,12
-77,11,7
-96,6,-5
-112,4,-8
-120,-9,-6
-107,-5,-1
-88,5,-6
-89,7,-8
-78,12,-9
-60,14,-1
-51,14,4
-38,13,11
-38,8,14
-14,8,22
-9,7,28
-9,-5,30
-9,-12,37
-16,-24,45
0,-28,50
12,-41,50
2,-35,57
5,-36,68
-5,-26,62
-11,-17,59
0,-12,88
-1,-8,88
-14,-19,70
-19,-17,67
-18,-13,66
-20,-13,54
11,-3,52
28,1,52
27,3,51
19,4,54
27,4,61
30,3,54
26,3,53
26,1,58
28,1,60
25,5,58
30,13,57
22,20,63
18,24,63
6,27,64
-1,26,59
4,31,58
12,31,50
6,25,48
9,21,55
10,24,54
14,27,50
9,20,52
12,12,58
17,10,58
22,4,61
15,-5,63
17,-4,67
9,-10,65
6,-12,69
6,-6,65
9,-7,62
15,-9,56
15,-8,53
9,-18,52
12,-23,54
17,-25,56
19,-25,53
23,-33,44
25,-33,40
17,-47,65
-36,-23,34
-44,-21,36
-51,-18,43
-49,-12,41
-51,2,25
-54,4,21
-77,1,8
-78,-1,0
-77,-7,-8
-80,-16,-9
-78,-26,-14
-54,-28,-8
-57,-28,-6
-59,-28,-9
-53,-24,-7
-59,-21,-16
-69,-18,-25
-70,-13,-21
-68,-12,-15
-72,-16,-14
-78,-19,-14
-68,-18,0
-58,-19,5
-47,-20,16
-51,-24,9
-69,-41,6
-71,-40,-1
-69,-37,5
-53,-35,17
-47,-33,22
-45,-29,38
-39,-26,45
-21,-20,57
-28,-22,52
-27,-18,54
-22,-10,61
-26,3,60
-28,6,54
-30,10,24
-22,12,0
-49,7,-14
-65,-5,-16
-68,-18,-13
-58,-21,-1
-58,-30,4
-80,-39,-5
-80,-38,-7
-62,-24,12
-72,-19,9
-64,-16,8
-62,-15,11
-63,-18,6
-61,-15,11
-60,-17,8
-63,-13,13
-64,-14,11
-63,-18,11
-62,-19,11
-63,-18,13
-61,-20,12
-62,-27,6
-71,-27,3
-72,-27,3
-64,-26,8
-60,-25,11
-58,-22,14
-59,-21,11
-58,-20,10
-60,-19,11
-59,-15,11
-59,-14,8
-61,-14,2
-62,-12,5
-58,-13,6
-57,-15,4
-68,-18,-6
-66,-17,-2
-65,-19,-1
-63,-20,-3
-63,-18,-4
-63,-18,-1
-59,-15,3
-65,-14,-1
-74,-17,-5
-64,-15,8
-64,-17,10
-65,-20,11
-61,-17,17
-63,-18,14
-64,-15,7
-67,-14,2
-60,-7,2
-58,-4,1
-58,-2,-3
-59,-3,-9
-60,2,-14
-63,3,-18
-64,8,-16
-65,10,-14
-68,9,-14
-70,9,-14
-68,6,-10
-70,4,-10
-70,3,-8
-70,0,-7
-70,-1,-7
-68,-3,-6
-67,-4,-5
-63,-7,-4
-62,-8,-2
-59,-10,0
-59,-11,1
-56,-14,4
-50,-15,5
-39,-18,11
-32,-31,18
-22,-42,22
0,-67,30
4,-79,30
-1,-84,19
-7,-81,13
-20,-84,3
-26,-88,0
-33,-84,-7
-31,-77,-8
-29,-58,-2
-30,-51,3
-34,-47,8
-32,-47,4
-29,-46,5
-27,-48,11
-27,-49,15
-28,-55,21
-28,-59,23
-25,-67,26
-24,-69,27
-24,-74,28
-23,-80,28
-19,-100,26
-6,-90,18
-5,-81,14
-10,-71,7
-12,-72,4
-16,-74,-9
-20,-72,-15
-26,-63,-18
-27,-55,-19
-23,-47,-17
-23,-47,-15
-24,-52,-13
-23,-51,-12
-22,-51,-11
-20,-56,-8
-17,-58,-6
-15,-61,-3
-15,-61,-1
-21,-60,2
-28,-62,5
-42,-69,13
-42,-75,13
-23,-91,15
-5,-90,21
20,-73,34
20,-64,35
6,-59,24
-6,-60,16
-9,-63,13
-13,-65,8
-14,-62,6
-14,-51,5
-16,-47,6
-23,-45,5
-27,-45,3
-30,-47,1
-28,-50,3
-27,-55,9
-28,-56,12
-29,-65,15
-24,-74,18
-19,-77,18
-6,-82,21
-3,-83,22
-4,-79,21
-6,-75,19
-11,-67,14
-14,-64,12
-17,-60,6
-18,-59,4
-19,-59,0
-20,-57,-1
-21,-55,-1
-25,-53,-1
-27,-53,0
-30,-55,-2
-28,-56,-1
-22,-59,0
-19,-60,0
-19,-61,4
-20,-62,5
-24,-63,5
-26,-63,5
-26,-65,5
-25,-64,6
-24,-65,8
-23,-67,9
-21,-68,10
-21,-67,11
-23,-68,11
-29,-66,13
-31,-65,12
-33,-65,11
-33,-64,12
-36,-62,14
-39,-61,14
-43,-60,13
-42,-57,13
-43,-53,18
-41,-44,20
-43,-39,20
-46,-32,20
-49,-31,20
-53,-27,23
-52,-23,24
-51,-16,24
-52,-16,25
-51,-16,27
-50,-15,27
-52,-13,25
-52,-12,25
-52,-9,25
-51,-8,26
-51,-8,27
-52,-7,26
-53,-7,27
-53,-7,28
-54,-8,29
-59,-12,28
-60,-13,29
-59,-14,28
-58,-13,28
-56,-13,29
-54,-13,28
-51,-12,29
-52,-11,29
-53,-10,29
-57,-7,29
-57,-6,29
-58,-5,29
-58,-5,29
-58,-6,29
-61,-7,30
-64,-9,28
-62,-9,28
-58,-10,28
-56,-11,28
-53,-11,28
-49,-8,26
-50,-6,24
-56,-4,22
-59,-3,21
-62,-2,22
-64,-1,21
-66,1,23
-61,2,31
-58,3,34
-58,3,35
-56,3,38
-54,0,39
-54,0,39
-58,-1,32
-60,-5,33
-51,-3,41
-53,-4,41
-59,-10,37
-53,-10,34
-54,-16,31
-54,-14,33
-56,-11,31
-54,-9,30
-53,-9,32
-52,-8,31
-54,-9,33
-51,-8,33
-48,-8,30
-50,-9,37
-59,-11,41
-49,-5,43
-50,-3,36
-52,-5,36
-54,-3,41
-47,-8,54
-44,-11,52
-45,-10,48
-43,-9,45
-44,-9,43
-46,-9,45
-45,-13,47
-49,-17,40
-48,-14,36
-53,-18,29
-51,-18,32
-53,-23,30
-54,-25,28
-64,-33,20
-86,-41,11
-66,-42,19
-77,-20,8
-77,-17,1
-73,-13,-3
-81,-24,16
-45,-12,38
-43,-8,33
-28,-19,61
-20,-16,68
-9,-24,69
-11,-24,75
-39,-10,73
-37,1,59
-47,6,45
-40,19,38
-40,22,40
-43,22,23
-47,20,10
-56,25,13
-60,28,7
-40,26,-3
-47,22,-9
-53,18,-13
-53,17,-22
-52,16,-24
-53,17,-26
-59,14,-31
-58,13,-33
-56,13,-34
-52,13,-32
-53,13,-32
-56,15,-33
-57,15,-33
-60,17,-34
-59,17,-36
-56,15,-35
-57,16,-33
-60,16,-33
-58,17,-33
-55,17,-34
-55,18,-32
-57,18,-32
-56,19,-31
-54,19,-31
-55,18,-27
-58,16,-25
-59,14,-20
-60,13,-18
-62,14,-13
-63,15,-12
-70,16,-9
-77,15,-3
-69,14,-1
-36,13,8
-27,11,16
-61,9,32
-67,11,34
-67,4,25
-57,13,34
-58,23,39
-45,25,43
-22,25,54
-15,19,50
-13,7,41
-52,16,33
-56,23,38
-62,20,21
-68,19,18
-73,5,-1
-84,3,2
-75,12,12
-69,11,9
-70,3,2
-64,4,8
-66,-1,13
-57,0,21
-63,2,25
-61,8,25
-52,7,29
-41,8,43
-51,4,30
-68,1,17
-69,3,13
-75,10,2
-73,14,-2
-70,13,-11
-75,10,-15
-62,11,-7
-59,10,-7
-57,13,-7
-57,14,-17
-56,15,-19
-56,20,-27
-57,21,-32
-60,20,-38
-58,21,-37
-55,20,-32
-58,18,-29
-57,16,-18
-61,15,-12
-66,11,-12
-66,12,-3
-55,10,8
-28,13,34
-22,14,44
-40,19,51
-41,17,43
-41,18,47
-38,18,46
-25,18,41
-21,18,43
-8,19,49
-4,15,49
-25,-1,46
-48,-15,61
-52,-16,63
-56,-17,51
-48,-14,50
-41,-7,53
-36,-7,53
-40,-15,56
-40,-15,56
-28,-9,55
-22,-8,58
-26,-14,62
-27,-16,62
-36,-19,59
-21,-17,55
-19,-19,53
-16,-28,62
-21,-28,64
-21,-27,68
-35,-26,58
-35,-28,60
-36,-30,62
-44,-29,62
-55,-30,54
-45,-26,62
-46,-28,62
-50,-22,60
-32,-17,67
-34,-17,64
-24,-13,60
-27,-7,52
-6,0,52
-5,3,39
-5,19,12
-1,25,-2
4,47,-1
-2,46,-10
7,40,-6
8,39,0
12,34,36
-5,0,58
19,-17,76
-39,-91,98
-64,-117,127
-89,-36,93
-75,-14,73
-44,7,53
-34,3,52
-25,1,47
-22,1,47
-23,1,52
-29,-3,60
-35,-15,65
-37,-19,51
-46,-13,46
-54,-17,52
-39,-19,37
-15,44,13
-16,55,-7
-54,66,-61
-81,57,-63
-52,26,-17
-35,8,0
-55,-30,15
-70,-84,35
-96,-76,49
-60,-54,64
-68,-40,57
-86,-28,13
-72,-24,17
-77,1,-18
-86,16,-33
-73,29,-31
-64,29,-22
-53,31,-2
-54,34,0
-60,29,-6
-49,21,8
-32,19,14
5,16,35
8,13,45
-25,10,40
-30,12,35
-1,7,52
13,10,54
-10,8,47
-24,-3,59
-15,-1,62
-15,2,52
-32,-13,77
-20,-15,60
-25,-10,56
-8,1,50
-3,5,52
-15,8,55
-15,10,54
-54,-4,73
-59,-18,74
-35,-28,73
-37,-40,87
-39,-84,96
-21,-84,94
-10,-103,81
-21,-93,69
-22,-87,64
-37,-96,48
-45,-90,33
-28,-58,10
-19,-36,4
-4,-9,-16
-13,-13,-27
41,8,-13
63,10,-28
99,-3,-45
89,-7,-47
84,-26,-24
16,-96,15
-55,-128,12
-27,-128,127
-117,-128,127
-103,-63,112
-92,-35,96
-58,-21,69
-53,-25,62
-52,-35,46
-60,-33,44
-53,-27,49
-50,-27,51
-59,-29,47
-74,-36,32
-53,-40,34
-34,-31,39
-38,-16,42
-19,-3,38
-24,8,38
-21,20,34
-11,21,33
-15,30,33
-17,33,33
-10,32,34
-13,35,36
-25,41,33
-39,44,28
-42,43,26
-40,43,28
-38,44,33
-26,43,36
-19,45,37
-39,43,30
-43,39,31
-29,34,45
-22,33,49
-26,32,45
-37,29,44
-33,28,61
-35,29,55
-25,28,59
-40,30,59
-36,27,52
-34,23,69
-38,18,58
-53,34,46
-32,36,53
-18,25,67
-17,29,66
-1,35,67
3,41,57
16,63,33
3,70,12
-2,59,-1
-1,49,22
-27,23,47
-44,10,36
-36,-13,54
-51,-21,73
-25,-24,79
-20,-30,86
-49,14,98
-33,17,61
-40,42,66
-25,49,61
-41,57,42
-43,55,34
-26,49,29
-21,40,19
-31,25,19
-23,21,27
-18,1,37
-11,-5,48
5,11,127
-35,2,84
-30,3,27
-20,-4,36
-9,9,56
-6,-1,79
-19,0,73
-36,43,56
-49,38,54
-86,13,31
-95,13,14
-94,41,13
-74,17,20
-66,36,33
-31,45,65
-63,13,-1
-59,11,-7
-53,11,-30
-80,5,-30
-64,3,-9
-33,-18,64
-57,-6,51
-52,-4,45
-62,5,22
-65,4,26
-45,-1,60
-100,-9,44
-63,-9,45
-48,-6,39
-39,-8,39
-49,-12,47
-27,-10,62
-28,-15,61
-33,-12,46
-24,-9,45
-36,-25,55
-48,-27,53
-53,-21,54
-47,-21,49
1,3,40
41,13,71
-4,17,75
-49,62,39
-35,56,2
-32,49,-5
-54,32,11
1,23,47
56,-12,119
-29,27,69
-40,18,52
-33,27,63
-46,27,52
-36,32,53
-48,34,46
-51,41,30
-53,33,0
-57,32,-1
-44,27,-4
-37,20,-1
-45,-28,25
-21,-26,76
-35,-1,66
-60,-8,30
-6,-6,78
3,-5,87
-63,14,36
-43,15,51
-36,12,63
-50,20,65
-56,18,49
-62,13,29
-16,17,34
59,10,84
46,22,94
2,34,74
0,26,58
-10,13,50
-17,22,56
13,17,60
19,17,56
8,22,53
20,26,67
5,35,71
10,39,63
17,29,50
-14,25,52
-15,24,47
-29,8,11
-48,6,11
-43,-7,44
-30,-10,82
-8,7,79
-30,15,44
-28,16,43
-18,17,61
-12,21,73
-22,17,60
-28,16,48
-49,3,33
-41,4,38
4,9,68
20,18,72
21,10,78
8,4,86
11,6,73
-18,0,70
-44,6,66
-53,17,64
-21,19,69
20,26,64
21,24,65
-41,8,46
-52,9,46
10,18,69
16,14,74
5,10,66
1,10,62
-30,10,43
-26,22,46
-13,24,55
-3,29,52
-7,30,46
-26,29,27
-39,38,15
-83,55,10
-38,56,20
1,66,25
-2,57,31
38,48,76
76,40,75
90,17,60
39,11,60
30,7,63
35,15,74
18,-13,69
-9,-34,91
-5,-6,88
-32,36,36
-55,53,15
-44,63,39
-53,68,12
-44,63,16
-29,50,25
-40,44,54
-18,23,78
7,26,80
30,28,87
8,15,85
-9,4,70
-12,13,56
-29,27,33
-44,32,26
-41,17,19
-31,34,16
-36,34,-4
-64,10,-9
-80,6,-29
-96,15,-26
-106,14,-27
-50,14,6
-16,17,27
-24,23,55
-33,14,55
-44,19,39
-25,18,59
-1,9,84
20,-6,77
-22,7,26
-53,20,-4
-60,33,-55
-66,39,-82
-48,37,-80
-26,35,-73
-14,35,-66
-4,31,-55
-8,32,-49
-13,36,-40
-9,39,-31
-11,43,-26
-10,43,-26
-10,43,-21
-7,42,-23
-10,48,-26
-15,50,-33
-16,51,-36
-16,52,-37
-16,49,-46
-8,52,-33
-7,54,-32
-6,45,-44
-9,49,-44
0,44,-20
5,44,-23
-2,51,-37
3,49,-48
9,48,-47
3,49,-64
23,58,-64
16,55,-58
4,58,-55
-10,52,-57
-5,50,-42
1,47,-37
-8,47,-31
-9,47,-20
-11,45,-15
-33,44,-18
-35,42,-6
-44,44,-1
-41,48,5
-42,49,10
-46,47,22
-52,52,30
-47,47,30
-43,47,23
-48,54,13
-45,52,10
-41,54,10
-39,49,9
-36,53,2
-39,50,-4
-47,53,-6
-37,48,-1
-34,51,-6
-44,1,-37
-44,65,-34
-29,57,-26
-22,53,-25
-13,62,-18
-35,-50,-85
-5,62,-50
-20,20,-58
4,40,-69
-15,47,-55
-22,49,-43
-23,50,-32
-24,50,-29
-25,49,-31
-24,49,-29
-26,51,-36
-26,50,-36
-25,51,-34
-27,49,-30
-28,50,-28
-27,50,-26
-24,50,-18
-26,52,-14
-27,53,-16
-26,49,-15
-27,49,-7
-38,49,-2
-41,49,1
-39,44,13
-38,41,18
-36,33,16
-34,29,14
-15,17,23
44,20,23
58,37,29
19,-11,39
28,-12,40
45,-24,48
53,-33,50
59,-31,66
59,-30,66
59,-28,67
53,-27,67
43,-23,63
33,-24,67
34,-21,69
35,-20,69
39,-16,79
48,-14,79
51,-16,81
52,-11,77
49,-7,76
43,0,72
41,6,68
29,19,67
24,21,65
25,25,60
26,25,58
24,24,51
28,21,42
27,20,35
27,23,24
27,23,19
32,26,13
34,29,12
32,39,9
36,42,9
28,47,11
22,48,16
27,43,11
33,46,6
19,53,4
16,55,0
11,54,-7
15,53,-8
12,57,-9
7,55,-14
6,54,-13
1,44,-4
5,42,-3
10,37,-1
13,34,4
23,23,20
26,24,28
21,12,30
8,0,41
3,6,66
-12,16,80
-16,17,87
-33,35,99
-40,35,98
-52,41,75
-64,57,60
-47,54,61
-36,44,63
-31,29,67
-35,13,68
-43,20,54
-59,15,43
-55,6,47
-53,-2,53
-52,5,44
-44,6,46
-38,0,55
-34,3,53
-20,10,50
-11,15,53
-3,6,73
-18,14,63
-22,20,55
-31,9,55
-41,5,55
-41,0,56
-30,4,56
-32,9,54
-41,8,50
-32,2,57
-17,-3,69
-34,12,59
-13,29,59
-3,33,58
15,48,42
21,34,57
29,13,76
8,16,80
-6,-5,71
-8,4,51
-17,3,34
3,-23,35
10,-30,37
22,-54,56
14,-58,54
11,-47,49
13,-40,45
20,-31,37
30,-38,56
11,-38,59
-4,-32,48
6,-25,48
14,-20,56
6,-25,53
17,-32,68
23,-36,73
18,-24,57
5,-18,39
8,-20,50
10,-20,64
7,-24,68
4,-18,71
3,-24,59
-34,-56,28
-27,-55,59
-3,-58,60
2,-56,46
11,-44,34
13,-36,32
19,-18,21
23,0,17
32,11,12
16,19,7
-6,37,-9
-18,39,-40
-35,50,-55
-73,78,-84
-76,94,-76
-78,98,-48
-74,88,-35
-93,58,-17
-93,51,-10
-77,38,9
-56,37,13
-66,24,18
-48,15,26
-44,9,29
-37,3,32
-26,-1,43
-25,-15,54
-29,-17,53
-19,-11,51
-13,-13,58
-26,-8,57
-22,-8,55
-4,-4,62
-10,-2,61
-15,0,70
-32,8,61
-31,10,54
-33,13,51
-34,14,52
-36,19,53
-37,19,51
-41,20,51
-42,19,53
-44,18,53
-42,18,53
-41,17,51
-44,15,48
-40,14,47
-37,14,48
-37,17,47
-37,15,49
-36,15,52
-22,18,54
-20,20,56
-34,18,54
-29,19,58
-20,21,57
-20,20,56
-22,13,54
-25,16,56
-16,23,53
-21,29,52
-16,37,48
-24,41,44
-24,43,46
-27,40,47
-29,39,44
-38,36,41
-36,34,37
-42,34,33
-53,26,27
-62,25,23
-62,27,21
-59,31,14
-62,34,14
-54,34,15
-42,37,17
-51,35,7
-50,33,-8
-48,36,-14
-53,36,-35
-47,35,-39
-45,40,-38
-42,39,-37
-31,39,-32
-30,38,-33
-32,38,-37
-30,37,-32
-30,35,-26
-40,31,-24
-40,31,-24
-45,29,-28
-52,29,-27
-50,29,-30
-50,28,-33
-55,26,-36
-50,26,-38
-48,27,-44
-47,29,-43
-56,30,-43
-65,29,-46
-62,28,-50
-56,28,-46
-59,29,-38
-61,30,-25
-58,30,-22
-50,31,2
-46,30,12
-32,22,10
-33,16,15
-79,2,32
-55,4,49
-52,13,22
-62,24,18
-52,20,12
-51,17,8
-58,22,6
-58,22,-2
-56,22,-3
-67,23,-16
-70,22,-23
-59,22,-29
-56,20,-29
-62,23,-25
-61,21,-28
-60,21,-22
-59,20,-12
-59,22,-17
-61,21,-26
-53,22,-24
-54,24,-23
-58,24,-22
-57,23,-18
-58,21,-19
-60,21,-19
-60,21,-17
-55,19,-16
-55,20,-16
-59,21,-22
-59,21,-24
-60,22,-25
-57,23,-20
-57,24,-19
-58,23,-18
-59,22,-19
-58,22,-15
-58,22,-13
-59,21,-13
-60,20,-13
-61,20,-9
-64,19,-6
-62,19,-4
-61,18,-1
-65,18,-2
-64,21,4
-64,23,7
-66,23,14
-62,23,13
-50,27,30
-52,28,33
-52,21,27
-56,19,28
-59,22,26
-55,22,25
-38,21,38
-30,22,49
-23,24,55
-16,16,49
-18,14,54
-31,17,57
-32,20,57
-29,23,57
-26,23,58
-23,22,61
-23,20,59
-21,15,60
-17,16,66
-15,15,63
-12,13,61
-9,12,62
-9,10,57
-14,9,57
-13,8,56
-3,3,56
4,1,51
8,-3,56
11,-16,64
-3,-16,57
-24,-15,61
-4,-6,60
2,-8,66
3,-5,67
3,-6,66
-23,-10,65
-19,-9,65
-9,-15,71
-36,-19,58
-16,-17,70
-29,-8,59
-54,2,41
-70,2,37
-35,9,39
-22,3,37
-24,-19,51
-2,-32,74
3,-31,71
13,-4,64
13,-15,52
36,-18,58
32,-19,62
27,-23,61
34,-15,65
18,-8,49
-19,-24,47
-27,-41,58
0,-17,57
-43,-12,34
-10,-6,63
-9,-9,66
-28,-8,50
-22,-17,67
-8,-16,82
-29,-11,40
-81,5,-26
-83,6,-9
-71,4,26
-62,-3,35
-52,-2,32
-62,-2,19
-70,-1,18
-81,1,15
-61,10,26
-55,7,30
-51,4,40
-51,6,17
-52,4,35
-86,14,-20
-80,16,-30
-52,28,-33
-50,33,-35
-53,30,-25
-57,19,-8
-59,15,8
-73,17,4
-70,24,-4
-56,32,-17
-52,32,-22
-53,31,-15
-56,28,1
-50,29,2
-46,28,1
-52,31,3
-51,31,-11
-49,35,-5
-56,32,-13
-52,34,-12
-59,41,-15
-65,33,-11
-80,26,2
-74,28,15
-49,32,-5
-55,30,-12
-45,30,-1
-52,34,7
-54,26,11
-54,24,3
-67,29,2
-55,30,2
-44,35,2
-56,36,8
-45,43,10
-50,41,-7
-52,43,-10
-51,46,-3
-45,48,-14
-28,42,-16
-22,50,-7
-34,48,-27
-37,50,-28
-26,49,-33
-26,53,-10
-24,53,-8
-23,51,1
-22,56,-3
-37,53,-7
-37,52,-7
-47,31,-33
-34,58,-22
-47,50,-12
-30,55,3
-38,51,12
-47,51,14
-37,53,6
-40,52,14
-41,47,9
-39,40,-5
-55,34,-7
-51,43,-8
-52,44,-11
-41,46,-5
-46,38,-6
-55,41,-4
-50,42,-6
-55,38,-5
-58,43,9
-53,39,7
-63,31,8
-56,32,-5
-43,35,-36
-49,31,-40
-60,33,-6
-61,32,12
-62,32,2
-54,33,-6
-65,29,-14
-72,24,-17
-73,19,10
-61,22,21
-49,23,21
-49,24,31
-46,19,30
-46,16,35
-47,18,40
-34,26,41
-31,23,44
-53,15,27
-62,14,8
-84,25,-10
-55,26,20
-65,70,21
-54,40,-14
-34,33,-40
-51,37,-25
-62,42,-19
-58,40,-8
-58,42,-18
-39,43,-19
-30,37,-23
-43,45,-21
-51,47,-19
-46,46,-15
-36,46,-16
-39,51,-16
-40,49,-11
-39,48,-8
-35,51,0
-33,46,9
-40,48,10
-47,45,11
-38,47,10
-27,47,15
-47,40,20
-25,42,21
-42,47,-3
-36,36,8
-48,39,31
-53,48,24
-49,51,22
-40,48,30
-35,46,32
-55,30,15
-60,32,23
-63,38,19
-59,36,21
-44,41,21
-121,43,26
-51,13,32
-13,20,63
-29,29,66
-37,26,42
-31,41,35
-26,43,34
-25,43,31
-30,37,25
-45,32,20
-60,18,27
-56,10,34
-62,3,39
-43,4,45
-18,-2,59
-31,-27,84
-42,-9,66
-36,12,51
-44,4,58
-18,14,54
-17,8,45
-34,-13,71
-25,-2,71
-33,-1,52
-31,-1,52
-21,5,59
-23,8,60
-35,11,55
-27,8,58
-21,7,60
-23,6,56
-26,6,55
-30,4,54
-32,9,54
-38,11,52
-35,12,49
-60,16,41
-45,19,43
-48,16,44
-44,19,45
-42,21,26
-63,24,13
-63,25,19
-52,25,8
-62,26,-1
-71,32,-8
-55,32,-11
-54,33,-30
-52,36,-31
-38,41,-35
-31,38,-33
-31,33,-39
-36,33,-44
-20,35,-40
-24,35,-51
-23,35,-48
-21,36,-45
-23,37,-45
-27,35,-43
-28,34,-40
-30,32,-44
-34,30,-48
-38,29,-46
-38,29,-43
-44,25,-50
-44,25,-51
-40,24,-49
-30,25,-51
-37,26,-51
-27,27,-48
-26,29,-49
-24,30,-52
-24,30,-52
-29,29,-52
-31,29,-53
-32,27,-51
-34,26,-51
-35,25,-49
-34,25,-48
-32,23,-49
-32,24,-46
-32,24,-47
-35,26,-44
-34,25,-41
-40,24,-36
-33,22,-35
-47,20,-43
-50,21,-45
-57,25,-48
-64,24,-60
-60,28,-51
-59,33,-45
-57,38,-32
-52,42,-17
-59,40,-16
-51,33,9
-37,31,16
-42,21,17
-45,13,19
-51,8,29
-46,6,26
-77,8,19
-71,8,12
-49,17,8
-50,16,17
-71,16,10
-62,19,14
-62,19,11
-80,18,-1
-73,23,5
-64,27,14
-61,28,18
-24,15,30
-4,12,42
-1,4,51
9,2,57
5,3,64
9,2,62
18,5,65
24,6,59
30,-2,51
-1,-4,61
7,-6,67
14,-12,62
21,-12,54
38,-15,50
27,-20,51
24,-24,56
34,-26,63
14,-26,52
11,-25,49
81,-4,24
28,-21,56
-11,-25,57
-60,-21,45
-40,-23,46
-13,-20,69
-8,-21,76
-21,-30,62
-37,-22,44
-42,-11,57
-34,-15,80
-26,-21,61
-38,4,36
-32,0,47
-56,-2,30
-65,6,21
-64,12,34
-37,15,32
-69,20,-7
-72,22,-4
-64,23,15
-64,22,6
-75,25,-2
-64,23,-4
-53,28,4
-58,23,1
-64,28,7
-30,25,41
-97,23,-29
-46,39,-14
-43,42,-22
-54,41,-19
-53,39,-12
-58,30,-3
-61,23,9
-55,32,-1
-52,35,-10
-50,36,-14
-64,33,3
-64,34,-3
-45,38,-4
-41,40,-5
-59,36,2
-60,35,2
-49,37,-2
-54,36,-9
-48,33,-1
-50,32,6
-45,25,7
-44,28,-3
-50,42,-18
-58,43,-14
-61,30,2
-58,39,-2
-47,37,-11
-63,36,-19
-64,39,-24
-62,39,-19
-59,37,-20
-46,34,-48
-45,38,-38
-36,37,-42
-37,40,-45
-39,48,-36
-33,48,-45
-27,47,-30
-30,50,-17
-16,46,-10
-29,49,-15
-21,46,-7
-26,49,-13
-30,52,-17
-28,54,-10
-29,58,-26
-27,54,-22
-27,54,-19
-29,60,-20
-27,56,-11
-30,56,2
-37,60,-36
-33,55,-26
-28,60,-13
-18,59,-23
-17,55,-12
-9,50,-5
-16,57,-17
-25,57,-12
-26,52,-11
-20,54,-23
-31,51,-17
-35,51,-9
3,44,1
-33,55,-21
-43,57,-36
-35,47,-15
-42,48,-17
-33,38,-19
-22,45,-3
-19,41,-46
-30,49,-13
-34,26,-22
-47,44,-39
-36,46,-36
-19,45,-26
-23,45,-32
-35,45,-35
-35,43,-33
-35,39,-35
-39,39,-41
-41,37,-45
-47,37,-50
-47,33,-48
-32,35,-39
-32,34,-39
-35,31,-49
-30,29,-44
-28,37,-42
-28,32,-54
-34,29,-43
-33,28,-48
-24,32,-40
-22,30,-44
-32,27,-41
-36,24,-48
-37,24,-56
-38,25,-56
-40,26,-56
-29,32,-54
-30,32,-49
-29,29,-41
-36,33,-43
-35,34,-38
-36,36,-38
-34,36,-50
-31,36,-50
-29,35,-47
-26,36,-45
-29,38,-51
-33,37,-49
-34,34,-47
-33,34,-44
-34,30,-38
-48,29,-32
-48,30,-41
-42,28,-34
-40,33,-25
-31,33,-44
-27,32,-44
-38,33,-29
-41,31,-40
-43,30,-39
-41,29,-38
-38,28,-37
-45,28,-36
-45,28,-35
-42,27,-37
-42,28,-38
-48,33,-42
-46,30,-37
-42,31,-36
-38,32,-37
-47,29,-41
-51,29,-30
-45,28,-35
-42,22,-40
-47,26,-30
-57,25,-42
-57,29,-35
-45,26,-38
-42,24,-43
-47,29,-43
-60,33,-45
-48,30,-55
-44,36,-48
-41,38,-43
-33,32,-41
-48,37,-38
-45,38,-23
-23,33,-20
-22,31,-22
-37,41,-30
-31,39,-31
-37,43,-35
-36,30,-45
-65,36,-4
-41,43,-20
-28,25,-38
-49,45,-14
-57,28,-17
-45,32,-16
-53,21,-32
-63,31,-28
-67,24,-15
-53,29,6
-50,30,-5
-36,18,-38
-76,15,-17
-61,19,-19
-65,34,-36
-53,20,-40
-68,26,-25
-55,31,-8
-44,28,-11
-46,25,-31
-51,24,-27
-52,17,-1
-75,17,-17
-75,9,-22
-72,13,-8
-61,14,7
-56,13,-4
-56,11,-13
-64,12,-15
-69,13,-8
-66,11,-9
-69,8,2
-67,3,-3
-69,1,-1
-59,-1,-1
-64,9,21
-63,0,-13
-62,-1,-21
-62,-5,-25
-70,-4,-11
-67,2,-12
-68,0,-16
-56,0,-21
-62,5,-17
-59,1,-20
-62,-2,-21
-60,0,-22
-48,5,-46
-51,4,-34
-52,3,-31
-49,-5,-38
-67,4,-36
-57,2,-39
-50,2,-45
-46,2,-51
-45,5,-44
-50,9,-50
-52,14,-37
-34,11,-28
-45,7,-42
-34,11,-52
-35,9,-56
-46,12,-43
-57,11,-31
-54,11,-38
-43,14,-40
-36,12,-48
-32,16,-49
-31,13,-34
-50,15,-53
-54,16,-36
-53,16,-36
-45,15,-44
-41,16,-54
-36,12,-38
-43,16,-52
-52,16,-42
-57,16,-41
-52,16,-39
-42,13,-41
-42,14,-39
-51,16,-32
-52,16,-35
-50,15,-38
-48,11,-22
-49,9,-28
-52,11,-33
-50,14,-39
-49,12,-51
-53,16,-46
-51,18,-42
-53,19,-38
-45,14,-52
-47,18,-47
-42,18,-45
-39,18,-52
-37,18,-57
-37,23,-48
-35,23,-54
-34,18,-51
-34,24,-41
-41,30,-61
-32,31,-55
-37,30,-51
-45,34,-56
-31,29,-51
-8,27,-33
-39,34,-23
-30,28,-38
-40,33,-39
-39,39,-39
-35,42,-37
-41,42,-45
-27,45,-25
-19,37,-39
-12,36,-48
-35,43,-23
-38,40,-30
-22,34,-60
-30,34,-40
-48,50,-52
-18,30,-53
-14,36,-10
-39,32,-30
-34,24,-46
-62,30,-24
-49,31,-26
-33,24,-21
-48,31,-27
-58,30,-42
-42,22,-42
-47,27,-29
-43,16,-24
-37,21,-53
-53,19,-48
-45,16,-44
-39,21,-39
-50,24,-35
-48,12,-59
-33,12,-63
-44,21,-40
-54,23,-44
-30,18,-52
-33,15,-60
-55,14,-39
-44,18,-32
-24,18,-48
-63,22,-47
-43,29,-59
-43,20,-41
-39,22,-30
-29,19,-52
-42,19,-60
-49,25,-46
-34,22,-41
-33,21,-42
-46,21,-46
-38,22,-43
-37,23,-46
-35,22,-55
-52,26,-44
-35,28,-49
-38,19,-37
-41,20,-39
-39,20,-52
-37,23,-48
-40,27,-50
-38,13,-60
-48,22,-46
-47,20,-40
-51,19,-36
-43,11,-25
-39,21,-41
-42,23,-39
-32,28,-19
-49,24,-25
-50,21,-27
-48,25,-33
-48,25,-32
-40,30,-39
-46,29,-44
-52,26,-42
-50,25,-40
-62,22,-41
-66,23,-43
-61,22,-28
-63,20,-12
-65,19,-7
-58,22,-4
-53,24,-4
-59,22,-11
-60,23,-11
-59,25,-8
-56,25,-7
-57,21,-11
-58,20,-10
-67,19,-6
-64,19,-10
-57,16,-12
-70,13,0
-64,11,-10
-62,10,-14
-66,8,-18
-64,10,-14
-63,10,-11
-63,12,-5
-62,14,-6
-67,16,-5
-67,16,-7
-63,19,-4
-59,21,5
-57,21,9
-56,20,15
-55,21,19
-48,17,29
-48,16,34
-46,19,38
-48,19,38
-58,17,29
-56,19,33
-51,22,37
-51,21,35
-51,18,42
-41,21,51
-38,20,52
-42,14,51
-46,14,47
-44,13,38
-53,13,38
-56,16,38
-50,15,35
-44,10,30
-64,12,24
-55,8,28
-53,9,36
-51,10,39
-71,12,32
-56,18,29
-30,23,34
-25,19,40
-22,12,50
-18,14,55
-1,21,61
-14,13,65
-31,13,67
-30,15,59
-27,18,50
-30,16,52
-25,15,56
-39,14,50
-46,17,49
-35,18,48
-40,20,42
-54,22,32
-63,22,24
-55,20,19
-55,15,14
-67,17,3
-79,18,-9
-59,13,6
-58,23,-2
-70,17,-1
-63,19,4
-69,18,3
-59,14,8
-65,17,4
-70,13,1
-75,5,14
-66,14,8
-69,15,7
-66,14,14
-58,17,12
-49,17,22
-51,14,22
-51,17,25
-37,7,28
-41,10,26
-76,12,20
-76,11,25
-73,5,32
-70,12,24
-58,24,22
-64,24,23
-74,13,18
-61,19,15
-55,12,23
-49,14,16
-45,12,20
-51,10,30
-55,12,30
-45,18,24
-26,10,28
-38,12,28
-68,4,11
-64,15,26
-75,14,26
-70,15,27
-60,14,23
-58,5,26
-50,-6,36
-53,-4,35
-69,3,26
-64,3,28
-56,-5,34
-55,-8,34
-57,-6,33
-58,-5,30
-54,-8,29
-56,-10,29
-51,-13,33
-44,-13,34
-49,-13,31
-56,-13,30
-52,-11,33
-52,-8,27
-55,-10,26
-55,-13,31
-54,-11,29
-64,-16,20
-63,-15,17
-58,-7,24
-53,-7,22
-77,-5,4
-70,-8,7
-64,-12,9
-72,-10,3
-67,-11,5
-62,-11,7
-60,-12,6
-59,-10,2
-63,-10,0
-67,-11,0
-65,-11,1
-65,-12,1
-66,-11,1
-65,-9,0
-66,-8,1
-70,-11,5
-68,-11,0
-66,-10,-1
-64,-10,-1
-64,-10,1
-65,-14,4
-67,-14,7
-84,-21,1
-60,-16,5
-65,-16,12
-70,-13,9
-66,-3,11
-63,-2,15
-68,-1,18
-67,1,16
-63,3,13
-63,8,11
-57,11,3
-61,20,4
-57,31,0
-53,34,-12
-44,35,-21
-39,34,-33
-38,34,-36
-35,34,-36
-37,35,-31
-43,35,-26
-46,39,-20
-45,38,-18
-50,37,-15
-51,37,-14
-54,36,-16
-54,35,-16
-55,34,-16
-53,34,-16
-53,35,-15
-52,35,-15
-52,35,-14
-50,35,-15
-50,34,-15
-51,33,-15
-52,33,-15
-57,33,-14
-58,34,-12
-64,35,-9
-68,35,-6
-73,32,-1
-71,28,2
-59,22,10
-46,15,18
-38,6,36
-29,-2,52
-32,-1,57
-48,5,54
-56,11,50
-64,18,41
-59,22,39
-43,33,46
-36,38,48
-36,48,38
-40,51,27
-43,56,18
-45,51,8
-42,35,5
-36,14,26
-46,6,34
-34,-10,53
-20,-13,57
-18,-19,69
-24,-22,77
-26,-24,63
-23,-6,46
-11,-1,43
-7,-2,57
-29,0,82
-44,7,70
-42,7,51
-21,4,59
-20,5,56
-29,5,58
-25,7,61
-26,8,59
-32,11,56
-29,9,54
-30,9,57
-28,13,54
-31,13,56
-28,10,55
-29,9,55
-33,14,53
-30,14,52
-30,14,54
-35,17,51
-39,17,44
-46,23,45
-42,28,44
-58,28,29
-65,27,19
-68,27,-7
-68,30,-12
-54,33,-19
-49,32,-24
-38,33,-27
-35,35,-33
-36,35,-37
-34,33,-43
-27,34,-41
-21,36,-40
-23,36,-39
-23,37,-34
-26,35,-34
-34,34,-32
-37,32,-33
-52,27,-32
-61,26,-33
-65,20,-26
-60,15,-26
-65,13,-29
-69,10,-38
-65,13,-41
-45,16,-43
-40,17,-45
-34,19,-44
-37,20,-46
-35,19,-45
-46,18,-46
-50,17,-47
-52,17,-50
-51,16,-49
-45,16,-49
-44,17,-48
-42,17,-46
-42,17,-46
-43,16,-44
-44,15,-43
-45,14,-42
-44,14,-43
-43,12,-44
-45,11,-45
-47,8,-46
-47,5,-44
-47,5,-43
-43,3,-44
-45,3,-47
-52,0,-54
-51,0,-48
-49,1,-46
-50,0,-49
-50,1,-52
-49,2,-49
-46,5,-46
-44,7,-45
-39,10,-41
-33,13,-40
-32,15,-41
-32,19,-43
-33,21,-45
-39,25,-50
-41,26,-53
-43,26,-53
-44,24,-52
-47,24,-47
-51,23,-49
-64,22,-51
-66,21,-51
-57,16,-38
-48,18,-3
-56,16,8
-50,17,31
-39,17,41
-26,27,49
-29,28,46
-45,28,38
-53,32,34
-62,31,32
-53,28,44
-25,20,53
-18,20,46
-2,24,51
-32,22,33
-42,21,31
-35,20,42
-24,18,44
-20,14,40
-25,13,38
-35,10,36
-39,6,32
-51,2,37
-47,3,43
-37,1,54
-37,0,59
-48,-4,60
-51,-6,59
-51,-6,59
-52,-8,58
-56,-10,59
-64,-25,59
-66,-34,57
-51,-38,53
-44,-34,49
-46,-26,38
-53,-25,36
-58,-29,32
-51,-30,32
-41,-30,34
-44,-26,30
-48,-24,28
-50,-24,26
-47,-25,26
-42,-26,28
-40,-29,29
-34,-27,30
-32,-27,33
-34,-29,40
-38,-29,42
-45,-29,47
-42,-29,52
-41,-28,53
-40,-29,53
-40,-30,51
-45,-29,46
-47,-30,44
-46,-33,43
-44,-36,43
-39,-40,42
-37,-40,40
-35,-37,37
-35,-34,36
-38,-30,37
-37,-29,40
-37,-29,42
-41,-31,42
-44,-31,43
-44,-32,44
-42,-32,44
-41,-31,41
-41,-30,38
-39,-27,36
-39,-27,35
-38,-26,35
-38,-27,36
-39,-28,37
-39,-27,40
-39,-27,41
-41,-28,42
-41,-28,43
-44,-27,43
-45,-27,43
-45,-25,42
-45,-25,42
-44,-26,41
-44,-26,41
-44,-26,41
-43,-28,41
-43,-29,41
-42,-30,41
-42,-30,40
-41,-30,40
-40,-30,40
-40,-30,41
-40,-30,40
-40,-29,41
-40,-28,41
-41,-27,40
-41,-27,40
-42,-27,40
-43,-26,40
-43,-25,40
-43,-25,41
-43,-26,41
-43,-26,41
-43,-27,42
-42,-27,42
-42,-27,42
-42,-26,42
-42,-26,41
-43,-26,41
-44,-26,41
-44,-26,41
-43,-26,41
-43,-26,40
-42,-26,40
-42,-26,40
-42,-26,40
-43,-26,40
-43,-26,40
-43,-26,40
-44,-26,40
-43,-26,40
-43,-26,40
-43,-26,40
-43,-27,41
-43,-26,40
-43,-27,40
-43,-27,40
-43,-27,40
-42,-27,40
-42,-27,40
-43,-27,40
-43,-28,40
-44,-29,41
-44,-29,41
-45,-30,41
-46,-31,41
-44,-32,40
-43,-31,40
-44,-31,37
-48,-30,35
-48,-30,34
-46,-29,31
-45,-29,30
-43,-30,28
-43,-31,27
-45,-32,26
-46,-31,26
-47,-29,29
-50,-27,30
-53,-27,36
-53,-27,38
-55,-29,39
-54,-28,37
-52,-26,35
-50,-23,31
-52,-22,30
-54,-20,31
-54,-19,32
-53,-17,32
-51,-17,33
-50,-16,34
-51,-15,34
-57,-15,32
-57,-15,30
-61,-11,26
-63,-5,20
-61,-2,19
-56,2,12
-57,5,8
-61,12,-1
-64,15,-4
-68,19,-5
-67,20,-3
-66,20,1
-67,18,2
-69,13,6
-67,8,9
-69,6,9
-70,4,15
-69,4,16
-66,0,15
-72,-2,15
-67,-3,9
-67,-4,8
-60,-10,9
-62,-16,8
-67,-24,5
-68,-23,2
-61,-16,4
-55,-19,4
-56,-20,1
-63,-19,5
-67,-18,2
-66,-17,-7
-62,-13,-6
-60,-5,0
-63,-3,1
-65,0,8
-62,1,13
-64,0,20
-64,5,16
-68,6,10
-71,6,7
-67,6,9
-61,4,12
-63,3,10
-81,4,-1
-84,7,-7
-78,12,-8
-70,18,1
-69,29,4
-72,30,11
-70,40,4
-63,31,5
-54,21,0
-56,18,16
-55,16,13
-42,3,4
-57,0,8
-60,2,15
-61,3,12
-60,8,19
-68,4,20
-63,17,29
-64,14,21
-66,17,23
-62,17,25
-58,13,29
-58,14,21
-52,14,20
-45,12,26
-46,11,29
-58,9,28
-59,11,26
-59,20,21
-60,22,18
-59,21,20
-56,20,20
-60,14,21
-63,11,18
-63,12,12
-59,16,-1
-62,17,-7
-58,17,-17
-58,15,-19
-66,12,-12
-69,11,-5
-60,12,5
-60,13,5
-63,15,-2
-60,15,-5
-67,24,-7
-58,20,-22
-59,17,-15
-62,13,8
-65,13,7
-68,13,-2
-64,13,-5
-76,11,-17
-76,10,-18
-65,11,-18
-66,11,-17
-66,11,-17
-63,8,-15
-59,7,3
-62,11,0
-63,13,-3
-59,16,-6
-59,17,-4
-61,17,6
-59,15,8
-63,16,8
-60,17,9
-55,18,8
-55,18,13
-63,15,13
-64,13,13
-59,14,22
-58,13,20
-65,13,20
-60,13,20
-59,13,21
-56,12,23
-50,11,21
-61,11,14
-61,10,14
-60,12,28
-65,10,29
-68,11,22
-60,12,21
-57,7,17
-63,2,24
-65,5,25
-61,6,9
-59,5,9
-57,4,18
-67,4,13
-69,6,6
-69,6,6
-58,8,15
-51,8,-3
-66,2,11
-68,8,6
-71,9,-2
-63,7,8
-71,8,5
-71,8,1
-70,6,4
-61,0,15
-61,6,13
-67,5,7
-65,4,9
-64,2,13
-65,-1,11
-65,15,3
-59,4,8
-56,-3,13
-57,-12,17
-74,-2,6
-74,-4,3
-77,-8,14
-100,-34,29
-128,-42,25
-78,-34,43
-56,-16,59
-53,17,52
-77,31,23
-40,54,-6
-26,60,-8
-21,63,-14
-33,49,-3
-32,38,2
-52,12,16
-54,4,25
-40,-14,33
-58,-36,35
-3,-29,90
-20,-26,62
-17,-22,28
19,-21,45
17,-26,56
20,-23,47
40,-25,53
29,-26,41
26,-31,46
41,-34,49
61,-38,67
47,-41,57
38,-35,52
16,-22,33
32,-23,39
34,-29,51
13,-31,51
28,-25,56
28,-27,56
25,-22,52
21,-19,48
27,-17,51
28,-25,60
23,-23,57
16,-21,49
24,-21,54
18,-26,62
18,-24,65
18,-20,57
18,-22,58
10,-23,56
8,-18,57
8,-19,59
6,-22,60
6,-22,61
6,-26,66
3,-25,69
11,-24,71
4,-29,68
-4,-24,63
1,-19,65
8,-17,62
10,-15,61
0,-11,54
-7,-8,57
-5,-5,58
-3,-6,59
-9,-5,60
-12,-2,63
-9,1,61
-7,6,53
-11,9,56
-15,10,55
-19,11,56
-12,7,68
-7,8,72
-13,12,68
-11,17,59
-15,21,59
-12,22,57
-13,25,54
-13,30,51
-18,28,56
-3,16,60
-10,17,67
-1,32,50
-12,40,38
-12,40,48
-6,21,59
-15,24,86
-17,49,33
-27,55,19
-9,39,44
-16,22,61
-14,33,72
-11,43,51
-22,50,39
-9,46,41
-29,39,55
-24,41,38
-42,49,20
-37,52,22
-22,50,38
-17,57,31
-31,56,18
-30,56,9
-31,59,16
-24,58,15
-23,58,14
-23,52,9
-22,50,10
-17,47,12
-17,47,16
-11,47,24
-4,47,30
-8,48,35
-4,48,43
4,47,45
10,46,50
7,45,49
8,43,47
12,42,47
13,41,47
12,40,46
10,39,46
13,41,47
15,41,51
15,39,54
14,38,54
14,38,51
15,38,50
14,39,47
14,39,45
9,41,46
10,41,46
11,41,47
12,39,47
9,39,50
11,38,51
8,36,55
9,33,58
11,32,61
14,29,63
17,28,63
19,30,59
19,31,58
21,33,59
17,33,57
15,31,55
13,30,56
13,27,53
11,26,52
12,24,53
12,21,54
13,20,57
17,17,62
20,16,62
20,15,60
17,11,61
22,10,62
22,12,61
8,17,55
10,16,56
17,15,59
15,15,57
14,12,58
14,9,66
18,12,66
15,14,58
12,14,56
11,17,62
13,20,61
13,21,56
15,21,56
13,19,59
11,17,60
11,18,59
11,19,58
14,20,59
11,19,61
13,22,59
11,25,55
11,25,54
12,23,56
13,23,57
15,22,58
16,21,57
18,19,56
17,20,56
9,18,55
14,19,63
10,18,59
13,17,57
10,11,63
2,-4,69
9,-4,66
10,-2,54
-10,-2,48
-36,7,47
-32,7,47
29,26,48
29,41,36
38,56,24
36,69,4
20,78,-10
-36,71,8
-45,60,15
-37,56,35
-53,50,42
-59,45,28
-59,42,28
-72,31,37
-58,28,39
-68,25,55
-68,23,55
-48,28,51
-48,33,32
-38,34,33
-38,25,30
-49,26,35
-42,26,39
-30,24,44
-31,22,59
-35,24,52
-35,24,46
-48,22,39
-57,21,26
-48,24,30
-53,20,42
-48,21,44
-46,19,40
-55,20,39
-50,19,47
-56,15,39
-51,15,41
-43,10,41
-42,6,39
-52,7,41
-49,7,42
-44,9,38
-35,14,37
-52,16,21
-69,19,17
-57,20,26
-59,23,27
-65,21,23
-55,17,34
-52,16,34
-51,11,40
-55,12,36
-57,13,39
-56,14,40
-53,12,46
-54,13,41
-65,6,36
-65,8,24
-63,9,24
-42,14,28
-41,17,26
-48,14,20
-53,10,23
-57,16,24
-58,15,20
-66,12,28
-66,12,34
-46,22,44
-38,26,41
-54,15,23
-73,16,28
-56,5,42
-46,14,33
-45,11,34
-54,12,36
-50,12,38
-53,12,38
-50,10,42
-44,14,28
-32,11,34
-49,4,44
-69,2,31
-71,3,32
-65,1,36
-71,4,24
-51,2,34
-46,-4,35
-56,5,21
-52,4,30
-46,-2,32
-47,1,31
-62,2,44
-52,2,48
-27,0,37
-36,-1,42
-90,8,42
-21,4,43
-32,-1,41
-52,0,43
-50,2,51
-45,5,44
-49,6,43
-50,11,51
-51,12,56
-48,9,56
-46,9,52
-49,9,45
-52,14,47
-46,13,41
-28,10,39
-33,14,34
-41,11,37
-40,10,38
-34,10,31
-42,15,28
-51,11,44
-50,10,46
-52,11,48
-50,8,52
-46,7,52
-48,6,48
-47,5,48
-45,2,46
-42,4,46
-39,6,43
-35,6,47
-25,3,49
-29,5,46
-30,14,41
-25,9,39
-52,3,51
-58,7,42
-72,3,26
-73,10,22
-85,11,11
-70,8,6
-64,6,14
-57,6,7
-64,5,2
-55,2,6
-60,-6,10
-59,2,3
-48,3,13
-59,7,7
-67,10,-2
-57,8,4
-68,7,-3
-64,6,0
-68,7,3
-71,6,3
-62,8,-4
-56,4,-6
-80,6,-11
-71,12,2
-69,4,13
-69,4,10
-65,8,15
-57,9,28
-62,4,22
-70,8,15
-74,14,10
-62,14,15
-57,11,20
-54,12,18
-62,14,18
-55,12,19
-60,12,19
-61,7,23
-51,6,28
-67,8,26
-50,3,35
-46,8,35
-61,12,29
-48,7,33
-50,4,39
-64,7,34
-50,6,42
-48,6,43
-57,4,41
-54,3,43
-43,6,44
-48,8,43
-49,4,47
-50,3,45
-44,1,47
-52,2,42
-59,4,44
-42,0,45
-40,-4,42
-44,-4,41
-42,-7,44
-32,-8,44
-46,-4,39
-45,-8,38
-30,-17,46
-60,-7,41
-53,-4,41
-41,-7,51
-50,-9,49
-43,-5,48
-34,-12,54
-54,-9,51
-43,-4,48
-42,-5,49
-52,-6,45
-46,-10,47
-41,-7,46
-46,-6,48
-39,-8,52
-43,-6,49
-42,-5,47
-44,0,44
-49,1,48
-58,3,48
-42,7,46
-39,7,43
-35,7,44
-38,7,40
-42,7,37
-43,4,42
-41,5,42
-45,14,36
-51,13,30
-84,9,13
-56,21,24
-58,19,15
-81,15,0
-57,18,19
-63,20,20
-75,22,4
-66,14,17
-66,10,18
-59,14,6
-46,12,10
-72,18,5
-63,9,21
-60,8,21
-78,9,3
-71,1,6
-52,1,5
-58,0,6
-65,-10,7
-61,-11,15
-66,-9,20
-60,-2,11
-66,-17,8
10,-3,2
-10,-36,48
-54,-13,28
-68,-10,28
-70,-8,41
-99,2,42
-96,12,25
-79,13,28
-74,0,32
-70,-5,34
-68,-12,28
-69,-14,30
-50,-12,34
-46,-13,35
-56,-20,48
-39,-9,44
-41,-14,46
-41,-13,48
-40,-11,50
-48,-9,43
-55,-10,39
-36,-7,53
-31,-8,55
-48,-11,44
-46,-11,44
-38,-12,48
-37,-12,50
-44,-11,46
-43,-10,48
-43,-9,46
-45,-9,46
-45,-9,46
-45,-10,45
-44,-10,45
-43,-12,47
-42,-12,46
-44,-13,45
-42,-12,47
-41,-13,47
-41,-13,48
-41,-12,48
-40,-12,49
-40,-12,49
-40,-12,48
-40,-12,49
-38,-12,50
-39,-12,50
-39,-12,49
-39,-13,49
-39,-14,49
-40,-13,48
-40,-14,48
-40,-14,48
-41,-13,48
-40,-13,48
-41,-13,48
-41,-14,47
-42,-14,47
-42,-13,47
-42,-13,47
-42,-13,47
-41,-13,47
-40,-13,48
-40,-14,48
-40,-14,48
-41,-14,48
-40,-14,48
-39,-14,48
-40,-14,48
-41,-15,48
-40,-14,48
-40,-14,48
-40,-14,48
-40,-14,48
-40,-14,48
-41,-15,47
-41,-14,48
-40,-14,48
-44,-15,45
-45,-15,44
-42,-15,46
-45,-16,45
-45,-17,44
-44,-17,46
-50,-17,45
-48,-18,47
-47,-26,36
-66,-27,28
-63,-15,36
-55,-11,41
-38,2,48
-33,7,35
-43,6,36
-40,11,55
-40,8,54
-40,-8,52
-42,-12,55
-41,-11,54
-42,-11,52
-43,-10,46
-43,-10,46
-47,-8,44
-49,-7,41
-50,-5,41
-51,-4,41
-50,-4,41
-49,-5,41
-50,-6,41
-48,-5,43
-47,-5,43
-45,-4,43
-44,-4,44
-47,-4,44
-48,-4,43
-49,-5,41
-49,-6,40
-54,-5,38
-59,-2,36
-59,-2,35
-58,-1,36
-60,0,35
-54,-5,35
-52,-7,38
-53,-10,41
-49,-10,40
-44,-12,41
-43,-13,40
-40,-11,42
-36,-9,44
-29,-7,46
-57,-40,55
-67,-30,74
-41,-13,48
-42,-12,32
-42,-15,35
-41,-16,37
-46,-7,48
-42,-3,48
-37,-3,44
-40,-4,45
-45,-3,44
-43,-3,45
-42,-2,48
-43,-2,49
-44,-2,50
-40,-2,49
-39,-2,50
-35,-3,53
-40,-5,53
-43,-10,51
-43,-10,49
-40,-9,45
-40,-10,43
-42,-11,41
-42,-14,39
-43,-14,38
-47,-11,54
-38,-11,50
-46,-3,43
-49,-5,44
-47,-6,44
-46,-4,44
-45,-5,47
-43,-6,48
-41,-6,48
-40,-7,49
-41,-7,49
-42,-7,49
-40,-7,50
-37,-10,51
-38,-10,51
-38,-9,51
-36,-9,52
-33,-9,54
-33,-8,54
-36,-15,50
-32,-23,56
-29,-17,50
-29,-17,55
-34,-17,52
-34,-14,52
-35,-11,52
-37,-8,52
-39,-8,51
-42,-9,48
-43,-8,48
-40,-6,50
-39,-7,50
-39,-9,50
-41,-7,49
-41,-6,48
-43,-7,48
-43,-7,47
-42,-6,48
-42,-5,48
-43,-6,48
-44,-6,47
-42,-6,49
-39,-6,49
-41,-5,50
-41,-5,49
-42,-8,49
-40,-10,51
-40,-10,48
-41,-12,48
-36,-12,50
-36,-11,54
-40,-8,54
-36,-8,52
-31,-9,54
-24,-12,57
-21,-14,59
-21,-18,57
-25,-19,55
-31,-19,55
-29,-17,56
-22,-17,55
-25,-21,58
-20,-20,55
-16,-20,56
-18,-18,58
-26,-15,56
-24,-13,60
-25,-11,60
-28,-10,57
-31,-12,60
-29,-14,61
-28,-20,57
-29,-21,54
-25,-20,58
-32,-21,49
-29,-21,50
-31,-22,46
-34,-26,48
-28,-26,53
-28,-25,46
-30,-34,36
-31,-36,43
-28,-26,49
-30,-23,52
-34,-15,53
-33,-10,56
-34,-6,56
-32,-1,55
-31,1,55
-37,-2,49
-49,-9,50
-52,-17,59
-39,-17,63
-24,-20,54
-26,-20,50
-27,-12,60
-21,-9,62
-15,-7,56
-18,-5,52
-38,-4,46
-43,-2,43
-49,-1,44
-58,-3,41
-57,-1,40
-51,2,39
-48,1,38
-51,-7,36
-47,-6,39
-24,-9,53
-100,0,63
-50,-3,38
-43,0,43
-33,-3,58
-34,-5,52
-42,-5,48
-51,-2,42
-46,0,45
-43,-1,47
-43,-2,47
-49,-4,42
-51,-5,41
-49,-6,42
-49,-7,42
-47,-6,44
-46,-6,44
-50,-6,41
-49,-6,42
-47,-6,42
-47,-6,43
-48,-6,43
-54,-6,39
-43,-2,48
-40,-3,50
-48,-5,45
-41,-3,49
-39,-3,49
-44,-9,46
-44,-10,48
-39,-6,49
-42,-8,47
-45,-8,46
-43,-7,47
-43,-7,47
-44,-10,47
-45,-10,45
-45,-8,45
-42,-10,47
-44,-10,46
-44,-10,46
-44,-8,46
-44,-8,46
-44,-8,46
-44,-8,46
-44,-8,46
-44,-8,47
-44,-8,47
-43,-9,46
-43,-8,46
-44,-9,46
-44,-9,46
-44,-9,46
-44,-8,46
-44,-9,46
-44,-9,46
-43,-8,46
-44,-8,46
-44,-9,46
-43,-8,47
-44,-8,46
-43,-8,47
-43,-8,47
-44,-8,46
-44,-8,46
-43,-8,46
-44,-8,46
-43,-8,46
-44,-8,46
-44,-8,46
-44,-8,46
-44,-8,47
-43,-8,47
-44,-8,46
-44,-8,46
-44,-8,46
-44,-8,46
-44,-8,47
-44,-8,47
-44,-8,46
-44,-8,46
-44,-8,46
-44,-8,46
-44,-8,46
-44,-8,46
-44,-8,46
-44,-8,46
-44,-8,46
-44,-9,46
-44,-9,46
-44,-9,46
-44,-9,46
-45,-9,46
-44,-9,46
-44,-9,46
-44,-9,46
-44,-9,46
-44,-9,46
-44,-9,46
-44,-9,46
-44,-9,46
-44,-9,46
-44,-9,46
-44,-9,46
-44,-9,46
-44,-9,46
-44,-9,46
-44,-9,46
-44,-9,46
-44,-9,46
-44,-9,46
-44,-9,46
-45,-10,46
-41,-9,47
-46,-9,44
-46,-7,45
-45,-6,46
-42,-8,47
-43,-8,47
-48,-7,45
-38,-8,51
-38,-9,51
-40,-9,49
-40,-9,50
-43,-11,47
-43,-13,47
-34,-15,51
-35,-16,50
-33,-17,52
-31,-16,53
-35,-15,51
-39,-14,50
-39,-13,50
-34,-13,52
-35,-14,52
-33,-13,53
-33,-11,54
-34,-9,53
-39,-10,51
-35,-12,52
-34,-12,53
-38,-13,50
-38,-12,51
-35,-12,52
-36,-13,52
-35,-13,52
-34,-13,52
-37,-13,51
-37,-13,51
-35,-13,52
-36,-13,52
-37,-13,51
-36,-13,51
-36,-13,51
-36,-14,51
-36,-13,51
-35,-12,52
-36,-11,52
-35,-11,52
-35,-12,52
-36,-12,52
-35,-12,52
-35,-12,52
-36,-12,52
-35,-12,52
-36,-12,52
-36,-12,52
-36,-12,52
-36,-12,52
-36,-12,52
-36,-12,52
-36,-12,52
-35,-12,52
-36,-12,52
-36,-12,52
-36,-12,52
-36,-12,52
-36,-12,52
-35,-12,51
-36,-12,51
-35,-12,52
-36,-12,52
-38,-12,51
-36,-12,51
-36,-12,52
-36,-12,52
-37,-12,51
-36,-12,52
-36,-11,52
-36,-12,52
-35,-12,52
-37,-12,51
-36,-12,52
-36,-12,51
-36,-12,52
-36,-12,52
-36,-11,52
-36,-12,52
-36,-12,51
-36,-12,51
-37,-11,52
-36,-12,51
-37,-12,51
-36,-11,52
-36,-11,51
-37,-12,52
-36,-11,51
-37,-11,51
-36,-12,52
-37,-12,51
-34,-12,52
-36,-12,51
-37,-11,52
-36,-9,53
-35,-9,53
-38,-8,50
-41,-7,48
-46,-6,45
-47,-5,45
-45,-7,46
-47,-8,44
-46,-9,44
-44,-11,45
-44,-12,45
-45,-13,44
-46,-12,43
-46,-14,42
-46,-12,44
-47,-14,42
-46,-13,43
-44,-14,44
-44,-14,45
-45,-15,44
-44,-15,45
-42,-16,45
-41,-15,46
-42,-15,47
-42,-15,47
-43,-16,45
-43,-14,46
-43,-14,47
-42,-15,46
-42,-15,46
-42,-15,47
-42,-15,46
-42,-16,46
-41,-17,46
-41,-17,46
-43,-16,46
-41,-15,47
-39,-15,48
-39,-15,48
-41,-16,47
-42,-16,47
-41,-16,46
-41,-16,47
-42,-15,47
-43,-14,46
-43,-12,47
-42,-11,49
-42,-12,48
-39,-13,49
-40,-13,48
-38,-13,49
-39,-13,48
-37,-12,50
-38,-12,50
-38,-11,50
-39,-12,49
-41,-14,48
-42,-14,47
-42,-13,48
-39,-13,49
-38,-13,50
-37,-14,50
-39,-13,49
-40,-13,48
-38,-12,49
-34,-11,53
-33,-10,53
-35,-10,53
-35,-10,52
-34,-8,54
-34,-8,54
-36,-8,53
-37,-10,52
-35,-10,53
-35,-10,52
-35,-10,52
-36,-10,52
-37,-10,51
-35,-9,52
-36,-10,52
-38,-10,51
-39,-10,51
-37,-10,51
-37,-10,52
-36,-10,52
-36,-10,52
-39,-10,50
-38,-10,51
-35,-10,53
-36,-10,52
-33,-9,53
-39,-11,51
-38,-10,51
-39,-10,50
-39,-10,50
-37,-10,51
-40,-10,50
-39,-10,50
-37,-10,52
-38,-10,51
-38,-10,51
-38,-10,51
-38,-10,51
-38,-9,51
-37,-10,51
-38,-10,51
-38,-10,50
-38,-10,51
-37,-10,51
-38,-10,50
-39,-10,50
-38,-10,51
-39,-10,51
-38,-10,51
-39,-10,50
-38,-10,51
-39,-10,51
-38,-10,51
-38,-10,51
-38,-10,51
-38,-10,51
-38,-10,51
-38,-10,51
-38,-11,50
-39,-10,50
-38,-10,51
-38,-10,50
-38,-10,50
-38,-10,50
-38,-10,51
-38,-11,51
-38,-10,50
-38,-11,50
-38,-11,51
-39,-10,50
-38,-10,51
-38,-10,51
-38,-10,51
-38,-10,50
-38,-10,51
-38,-10,51
-38,-10,50
-38,-10,51
-38,-10,51
-38,-10,51
-38,-10,51
-38,-10,51
-38,-10,51
-39,-10,51
-38,-10,51
-39,-10,50
-38,-10,51
-39,-10,50
-38,-9,51
-38,-10,51
-40,-10,50
-38,-10,51
-38,-11,51
-36,-13,52
-35,-13,52
-37,-12,51
-37,-12,51
-36,-12,52
-36,-11,52
-37,-11,52
-37,-11,52
-37,-11,52
-36,-12,52
-36,-12,51
-35,-13,52
-36,-13,52
-35,-13,51
-35,-12,52
-35,-12,53
-34,-12,52
-35,-12,52
-35,-13,52
-33,-12,53
-33,-11,54
-35,-8,54
-39,-10,51
-39,-10,51
-40,-10,49
-40,-13,48
-37,-19,47
-32,-19,49
-34,-19,50
-35,-15,51
-36,-16,49
-47,-10,47
-38,-11,51
-37,-13,51
-39,-13,50
-39,-14,49
-37,-14,50
-39,-13,49
-39,-14,49
-38,-13,50
-37,-13,51
-38,-14,50
-37,-14,50
-38,-14,50
-39,-14,49
-38,-13,51
-35,-12,52
-38,-14,50
-36,-14,50
-36,-14,51
-37,-14,50
-37,-14,51
-36,-14,51
-35,-13,52
-41,-12,49
-39,-13,50
-39,-13,50
-35,-17,52
-38,-18,52
-51,-17,48
-44,-18,46
-66,-11,42
-60,-6,41
-51,1,40
-45,6,39
-40,11,41
-39,7,38
-40,5,43
-40,1,51
-39,-5,48
-42,-11,55
-41,-12,55
-39,-13,53
-37,-12,53
-33,-12,49
-36,-11,46
-41,-8,44
-43,-7,43
-57,-2,73
-36,-5,48
-35,-3,44
-45,-9,49
-48,-11,48
-42,-8,45
-43,-8,46
-45,-9,46
-44,-9,45
-44,-8,46
-45,-8,46
-46,-8,45
-46,-8,45
-45,-8,45
-45,-8,45
-45,-7,45
-46,-7,45
-46,-7,45
-45,-8,45
-45,-8,45
-45,-7,46
-45,-7,45
-46,-7,44
-46,-7,45
-45,-6,45
-45,-7,45
-46,-6,45
-46,-6,45
-46,-6,45
-46,-7,45
-46,-7,45
-46,-7,45
-46,-7,45
-46,-7,45
-45,-7,45
-46,-7,45
-46,-7,45
-46,-7,45
-46,-7,45
-46,-7,45
-46,-7,45
-46,-7,45
-46,-7,45
-46,-7,45
-46,-7,44
-46,-7,45
-46,-7,45
-46,-7,44
-46,-8,45
-46,-8,44
-46,-7,44
-47,-8,44
-45,-7,45
-46,-7,44
-47,-7,43
-48,-5,42
-49,-4,42
-51,-5,40
-51,-5,40
-51,-5,40
-51,-6,39
-50,-7,40
-49,-7,41
-49,-6,41
-50,-6,41
-50,-6,41
-50,-5,41
-50,-4,42
-50,-7,41
-49,-8,41
-46,-7,43
-46,-6,46
-46,-8,43
-47,-9,44
-47,-7,45
-46,-5,45
-46,-5,44
-47,-5,47
-45,-4,49
-45,-3,50
-45,-4,47
-44,-7,47
-43,-8,48
-36,-13,46
-37,-14,47
-36,-15,49
-33,-15,49
-34,-15,48
-43,-17,49
-40,-19,57
-33,-17,49
-29,-19,43
-38,-22,46
-34,-24,48
-31,-22,53
-30,-21,52
-34,-20,51
-42,-19,50
-42,-16,49
-40,-15,47
-43,-8,47
-43,-3,48
-48,2,47
-64,5,38
-56,7,39
-43,6,41
-43,4,42
-48,1,46
-55,1,42
-51,1,42
-46,1,46
-39,-4,51
-33,-7,55
-39,-4,53
-32,-3,52
-30,0,54
-38,-3,56
-39,-6,52
-39,-8,50
-38,-10,50
-38,-15,49
-39,-18,48
-42,-18,47
-39,-17,47
-40,-12,49
-42,-9,49
-42,-8,49
-43,-9,49
-40,-14,44
-39,-15,47
-38,-16,45
-44,-20,48
-42,-19,47
-41,-15,47
-37,-12,48
-37,-4,52
-40,-1,54
-39,2,52
-43,3,54
-35,2,44
-37,1,49
-37,-1,57
-34,-1,51
-37,-4,53
-34,-6,53
-36,-6,52
-39,-3,52
-39,-1,54
-31,-10,52
-35,-9,59
-28,-10,50
-28,-9,54
-32,-8,57
-35,-4,54
-39,-1,52
-42,1,49
-44,0,48
-43,-1,50
-41,-1,49
-38,-2,51
-38,-3,52
-40,-4,50
-42,-4,49
-40,-3,50
-41,-3,51
-41,-3,49
-39,-13,54
-37,-7,52
-36,-4,52
-37,-2,47
-40,1,55
-41,0,52
-38,-5,51
-36,-7,50
-28,-12,50
-29,-17,54
-27,-22,59
-25,-19,59
-29,-14,52
-41,-13,50
-42,-10,53
-36,-7,51
-34,-8,52
-35,-11,53
-35,-12,53
-35,-11,52
-35,-11,53
-36,-11,53
-35,-11,52
-35,-11,53
-36,-11,52
-35,-11,53
-36,-11,52
-35,-11,53
-33,-12,53
-34,-12,53
-37,-13,51
-36,-13,52
-35,-12,54
-33,-9,52
-36,-12,53
-36,-12,51
-35,-11,53
-34,-10,54
-33,-10,52
-34,-16,49
-28,-18,44
-32,-19,58
-29,-15,50
-40,-4,52
-44,-1,51
-45,-2,46
-47,-3,45
-48,-4,44
-46,-3,45
-43,-2,48
-43,-3,48
-44,-2,48
-43,-1,47
-44,-2,47
-42,-4,49
-41,-3,48
-42,-1,49
-43,-1,49
-40,-12,49
-33,-16,57
-37,-10,48
-46,-6,52
-37,-4,54
-37,-5,52
-32,-13,50
-39,-22,56
-23,-18,44
-37,-30,51
-41,-19,50
-45,10,49
-47,11,49
-32,-16,54
-22,-17,56
-42,-14,50
-33,-10,48
-43,-5,52
-41,-3,49
-47,-2,51
-44,2,46
-45,2,46
-47,3,46
-48,4,44
-47,5,44
-48,4,44
-44,0,47
-42,-3,47
-39,-6,50
-38,-8,51
-38,-4,51
-42,-3,49
-42,-4,48
-43,-4,48
-42,-4,49
-39,-4,51
-39,-4,50
-39,-4,51
-39,-4,51
-41,-4,49
-41,-4,49
-41,-4,50
-40,-4,50
-39,-2,51
-42,3,50
-45,5,48
-49,4,44
-49,1,44
-51,-2,47
-51,-2,47
-50,-6,47
-47,-7,48
-43,-12,48
-41,-14,47
-38,-17,48
-36,-19,48
-38,-19,47
-34,-16,46
-29,-16,46
-32,-43,38
-47,-41,67
-25,-29,33
-22,-38,45
-31,-26,52
-31,-15,54
-35,-11,48
-44,-8,46
-54,1,47
-55,4,47
-58,7,41
-56,11,41
-53,11,42
-47,7,46
-45,5,48
-42,2,48
-39,1,49
-35,0,49
-31,-5,44
-56,-25,69
-42,-14,62
-25,-16,45
-32,-21,44
-40,-11,48
-35,-1,52
-39,1,47
-39,5,43
-43,6,44
-54,-26,44
-64,-10,65
-22,-6,45
-29,-10,37
-52,-5,61
-45,-2,57
-39,2,49
-42,5,51
-35,0,54
-40,-11,59
-36,-5,51
-22,-10,42
-24,-11,41
-58,-4,68
-41,-3,57
-32,4,50
-37,3,55
-34,-4,54
-37,-6,53
-35,-1,51
-35,1,52
-42,1,52
-44,4,54
-43,7,52
-49,9,47
-49,6,43
-49,3,40
-50,2,40
-47,-6,27
-58,-25,44
-74,-21,45
-53,-17,38
-37,-18,40
-40,-9,56
-39,-4,54
-44,-6,47
-45,-9,47
-41,-13,48
-41,-12,47
-40,-13,48
-39,-13,48
-39,-11,51
-39,-9,51
-41,-10,49
-42,-12,48
-40,-12,48
-42,-12,48
-43,-12,47
-35,-9,51
-37,-8,52
-42,-8,49
-38,-6,51
-39,-4,52
-43,-5,49
-41,-7,49
-39,-9,50
-41,-10,49
-40,-10,49
-39,-9,51
-42,-10,47
-39,-9,50
-46,-12,45
-42,-12,47
-40,-11,48
-42,-11,48
-41,-11,47
-41,-10,49
-41,-11,48
-41,-11,48
-40,-9,50
-40,-10,49
-40,-12,47
-40,-11,49
-40,-11,49
-42,-11,48
-42,-10,48
-39,-10,50
-40,-9,49
-41,-9,49
-42,-8,48
-42,-7,48
-41,-7,49
-40,-7,49
-40,-7,49
-42,-7,49
-41,-6,49
-40,-6,49
-40,-5,50
-40,-5,50
-42,-6,49
-41,-7,48
-39,-4,51
-39,-4,50
-44,-5,48
-43,-4,48
-40,-5,50
-41,-6,49
-42,-6,48
-41,-5,49
-41,-5,49
-42,-5,48
-42,-5,48
-43,-5,48
-41,-5,49
-39,-5,50
-47,-8,45
-45,-4,47
-36,-4,53
-38,-7,50
-44,-8,47
-41,-7,49
-39,-7,51
-40,-9,49
-39,-8,50
-38,-8,51
-41,-9,48
-44,-10,46
-38,-10,50
-39,-10,50
-42,-11,48
-41,-10,48
-40,-10,49
-40,-10,50
-41,-10,49
-39,-11,48
-38,-11,49
-40,-11,50
-41,-10,48
-41,-10,49
-40,-10,49
-40,-9,49
-41,-10,49
-39,-10,50
-38,-9,51
-40,-8,51
-41,-8,49
-39,-8,50
-39,-8,50
-39,-8,51
-40,-7,50
-39,-7,51
-40,-7,51
-39,-7,51
-39,-9,50
-40,-8,49
-38,-7,51
-38,-7,52
-40,-8,49
-38,-9,49
-39,-8,50
-39,-8,51
-39,-8,51
-39,-8,51
-39,-8,51
-39,-7,50
-40,-7,50
-42,-8,48
-40,-8,49
-40,-8,49
-41,-7,49
-41,-8,48
-41,-8,48
-41,-8,49
-41,-8,48
-40,-9,49
-40,-8,49
-42,-7,49
-42,-7,48
-41,-7,49
-41,-7,49
-41,-7,49
-42,-8,48
-44,-8,47
-40,-8,49
-41,-8,48
-42,-7,48
-42,-7,48
-41,-7,49
-41,-8,49
-41,-7,48
-42,-8,48
-42,-7,48
-42,-7,48
-43,-7,47
-40,-8,49
-40,-8,49
-41,-8,48
-42,-7,48
-42,-8,48
-42,-10,48
-43,-12,47
-42,-10,47
-41,-9,48
-42,-8,50
-44,-8,50
-46,-11,44
-44,-13,42
-50,-16,38
-50,-11,41
-49,-7,43
-43,-1,46
-44,1,43
-47,2,53
-45,2,55
-42,0,53
-43,-1,51
-44,-1,48
-44,-1,47
-43,-1,43
-42,-1,41
-44,0,36
-48,1,36
-51,2,36
-55,3,39
-55,3,40
-55,3,42
-54,2,42
-52,0,44
-51,-1,45
-48,-2,42
-47,-2,41
-45,-2,37
-45,-2,35
-46,-1,33
-48,-1,33
-50,0,34
-58,0,36
-61,-1,37
-61,0,41
-61,0,43
-56,-1,46
-54,-1,45
-55,-2,42
-56,-2,40
-58,-1,38
-60,1,38
-58,4,39
-62,12,40
-62,12,35
-61,10,22
-75,14,11
-73,17,0
-69,19,-4
-69,19,-8
-58,18,-5
-48,16,-2
-44,14,-9
-52,2,-1
-44,-7,16
-40,-13,11
-62,-22,-6
-79,-25,-8
-82,14,-23
-79,16,-21
-66,21,-22
-66,23,-10
-60,10,2
-62,5,4
-61,-5,11
-48,-1,10
-63,2,10
-74,-1,16
-86,8,3
-90,17,-5
-85,22,-5
-81,30,-19
-73,33,-22
-45,36,-26
-45,35,-25
-54,28,-25
-48,20,-24
-44,7,-30
-50,1,-29
-55,-13,-26
-53,-18,-27
-63,-28,-24
-52,-25,-10
-47,-29,-8
-63,-34,-6
-61,-33,5
-56,-30,12
-58,-29,12
-61,-27,12
-59,-27,11
-59,-28,10
-63,-25,4
-63,-23,2
-59,-19,3
-58,-19,5
-61,-19,4
-60,-21,0
-54,-20,-1
-48,-20,2
-53,-26,-3
-61,-25,-10
-54,-17,-11
-46,-15,-10
-54,-10,-19
-56,-6,-21
-51,-3,-17
-49,4,-18
-51,7,-20
-55,12,-26
-56,15,-30
-48,22,-34
-51,26,-35
-63,30,-41
-60,28,-40
-60,27,-39
-65,23,-45
-72,16,-49
-64,15,-47
-54,13,-42
-54,12,-44
-51,12,-43
-47,12,-39
-46,12,-39
-45,12,-40
-44,12,-38
-44,13,-39
-45,14,-41
-47,15,-41
-45,15,-42
-45,15,-42
-44,15,-42
-47,16,-43
-51,15,-42
-52,15,-41
-52,16,-39
-53,15,-38
-57,15,-37
-58,15,-38
-58,18,-37
-62,20,-36
-62,19,-32
-66,21,-31
-67,23,-26
-66,24,-23
-67,25,-19
-54,26,-4
-55,26,1
-51,29,13
-46,29,17
-44,31,26
-45,31,29
-44,31,30
-43,33,26
-45,28,37
-44,31,38
-47,30,35
-47,29,34
-45,28,39
-49,21,37
-53,18,36
-45,13,45
-38,8,47
-36,0,35
-34,-5,41
-33,-14,51
-36,-18,44
-33,-26,48
-28,-29,53
-22,-32,51
-20,-33,45
-15,-38,47
-11,-44,48
-10,-46,48
-7,-46,53
-7,-45,52
-5,-43,50
-4,-41,54
-11,-38,53
-14,-36,50
-11,-35,53
-10,-35,53
-13,-35,51
-15,-35,52
-18,-34,53
-22,-34,52
-23,-33,48
-24,-35,49
-26,-35,44
-17,-37,57
-19,-37,53
-27,-32,47
-28,-30,48
-27,-27,46
-28,-24,45
-32,-19,43
-33,-16,42
-38,-10,37
-45,-4,29
-50,-2,26
-61,5,22
-62,5,21
-60,9,15
-59,11,11
-65,17,4
-67,18,3
-69,20,-4
-70,21,-6
-64,23,-5
-60,29,-8
-65,29,-9
-72,22,-12
-69,21,-13
-59,23,-14
-61,23,-16
-69,21,-22
-70,21,-23
-65,20,-22
-61,20,-22
-56,18,-20
-58,17,-20
-57,16,-21
-63,14,-20
-63,10,-23
-58,3,-17
-56,0,-20
-67,-8,-21
-74,-15,-18
-66,-20,11
-62,-14,17
-76,-13,0
-56,-5,4
-64,-7,10
-60,-8,9
-63,-2,2
-50,3,24
-39,7,26
-55,8,27
-68,12,24
-71,11,19
-67,11,24
-71,5,18
-75,3,16
-58,-1,31
-57,-4,30
-48,-16,35
-50,-19,39
-56,-21,36
-32,-21,53
-72,-24,52
-49,-17,41
-44,-11,41
-44,-17,48
-42,-16,48
-44,-6,48
-46,-9,47
-41,-10,48
-41,-7,49
-44,-6,46
-46,-6,44
-43,-4,48
-44,-9,45
-44,-8,45
-44,-4,47
-45,-5,46
-46,-7,44
-46,-5,45
-44,-3,47
-46,-4,45
-46,-5,45
-45,-5,45
-45,-5,46
-45,-5,45
-46,-4,45
-46,-3,45
-46,-3,46
-46,-4,45
-46,-4,45
-45,-5,45
-45,-5,45
-44,-5,46
-45,-4,46
-46,-4,45
-46,-4,45
-45,-5,45
-45,-5,46
-47,-5,44
-48,-5,42
-49,-5,42
-48,-5,43
-48,-5,42
-49,-5,41
-49,-5,42
-48,-5,43
-48,-5,42
-48,-7,43
-49,-9,42
-50,-8,40
-49,-6,42
-48,-7,43
-48,-8,42
-48,-7,42
-48,-7,43
-47,-8,43
-47,-8,42
-48,-8,42
-47,-8,42
-48,-7,42
-47,-8,43
-47,-7,43
-47,-8,43
-47,-8,43
-48,-8,43
-47,-8,43
-47,-8,43
-48,-8,43
-48,-8,42
-48,-8,42
-47,-8,43
-48,-8,43
-47,-8,44
-47,-8,43
-47,-8,43
-47,-8,43
-47,-8,43
-47,-8,43
-47,-8,43
-47,-8,43
-47,-8,43
-47,-8,43
-47,-8,43
-47,-8,43
-47,-8,43
-47,-8,43
-47,-8,43
-47,-8,43
-47,-8,43
-47,-8,43
-47,-8,43
-47,-8,43
-47,-8,43
-47,-8,43
-47,-8,43
-46,-9,43
-46,-8,43
-46,-8,45
-46,-8,44
-48,-7,42
-51,-9,38
-48,-7,42
-46,-7,45
-47,-8,44
-50,-7,41
-48,-6,43
-46,-7,45
-46,-7,44
-49,-7,42
-48,-6,42
-46,-7,44
-46,-7,44
-48,-7,42
-48,-6,43
-46,-6,45
-48,-6,43
-47,-6,43
-46,-6,44
-46,-6,44
-47,-6,44
-47,-6,44
-46,-6,44
-47,-6,44
-47,-6,43
-47,-6,44
-46,-6,44
-46,-6,44
-47,-5,44
-46,-5,45
-46,-6,45
-48,-6,44
-48,-7,42
-45,-8,44
-45,-8,44
-47,-4,45
-46,-5,45
-46,-6,45
-45,-7,45
-45,-3,47
-43,-2,47
-43,-2,48
-46,-4,46
-45,-5,46
-42,-3,47
-44,-3,47
-45,-3,46
-44,-4,47
-45,-5,46
-46,-4,45
-45,-5,46
-44,-5,46
-45,-5,45
-45,-5,46
-46,-5,46
-44,-6,46
-45,-6,46
-45,-5,45
-45,-6,46
-45,-6,46
-44,-6,46
-44,-7,46
-43,-6,46
-45,-6,46
-46,-5,45
-46,-6,45
-47,-5,44
-47,-5,44
-46,-6,44
-46,-6,45
-47,-6,45
-46,-6,45
-47,-8,44
-46,-8,45
-43,-8,46
-42,-8,46
-45,-4,46
-45,-3,46
-45,-1,46
-45,-2,46
-46,-4,45
-45,-6,45
-45,-6,46
-44,-7,46
-44,-7,46
-44,-8,46
-45,-8,46
-45,-7,45
-45,-7,45
-45,-6,46
-45,-5,46
-45,-4,46
-45,-4,45
-46,-5,45
-45,-6,45
-45,-6,45
-45,-7,45
-45,-7,45
-45,-6,45
-45,-6,45
-46,-7,44
-46,-6,45
-46,-6,45
-46,-6,45
-46,-6,44
-46,-6,45
-46,-6,45
-46,-6,45
-46,-6,45
-46,-6,44
-46,-6,45
-46,-6,45
-46,-6,44
-46,-6,44
-46,-6,45
-46,-6,45
-46,-6,44
-46,-6,44
-46,-6,45
-46,-6,44
-46,-5,44
-46,-5,45
-46,-5,45
-46,-5,44
-46,-5,44
-46,-5,45
-46,-5,45
-46,-5,45
-46,-5,45
-46,-5,45
-46,-5,45
-46,-5,45
-46,-5,45
-45,-6,45
-45,-6,45
-45,-6,45
-46,-6,45
-46,-6,45
-46,-6,45
-46,-5,45
-46,-6,45
-46,-6,45
-46,-7,45
-46,-6,45
-45,-6,45
-45,-6,45
-45,-6,46
-46,-6,45
-46,-6,45
-46,-7,45
-46,-7,45
-45,-7,45
-45,-6,45
-46,-6,45
-47,-6,44
-46,-6,45
-46,-6,45
-46,-6,45
-47,-6,44
-47,-6,44
-46,-6,45
-46,-5,45
-46,-5,45
-46,-5,45
-46,-5,45
-46,-5,45
-45,-5,46
-46,-5,45
-46,-5,45
-45,-5,45
-46,-5,45
-46,-5,45
-46,-5,45
-46,-5,45
-46,-4,45
-46,-4,45
-46,-6,44
-45,-6,45
-47,-6,44
-50,-5,43
-44,-6,46
-44,-9,46
-45,-10,45
-46,-9,45
-46,-10,44
-45,-9,46
-46,-9,44
-43,-11,46
-42,-12,47
-42,-14,46
-41,-13,47
-42,-13,46
-42,-13,47
-43,-13,46
-41,-14,47
-38,-14,49
-41,-14,47
-43,-13,46
-43,-13,46
-42,-14,46
-37,-12,51
-38,-13,50
-38,-12,50
-38,-12,50
-38,-12,50
-40,-12,49
-40,-12,49
-40,-12,49
-40,-12,49
-41,-13,48
-41,-12,48
-39,-12,50
-40,-13,48
-41,-11,48
-40,-10,49
-41,-12,48
-41,-12,48
-40,-12,48
-41,-12,48
-41,-12,48
-40,-12,48
-39,-11,50
-39,-10,50
-41,-11,48
-41,-11,49
-41,-11,48
-40,-12,48
-40,-12,48
-41,-12,48
-38,-12,49
-38,-11,50
-46,-11,46
-44,-10,46
-40,-10,49
-39,-10,49
-44,-9,47
-44,-9,47
-42,-9,47
-41,-9,48
-44,-9,47
-43,-9,47
-43,-9,47
-42,-9,48
-42,-9,48
-45,-10,45
-45,-10,45
-42,-11,47
-43,-11,46
-44,-10,46
-44,-10,46
-44,-11,46
-43,-11,46
-44,-11,46
-44,-11,46
-43,-11,45
-43,-11,46
-43,-11,46
-44,-11,46
-44,-11,46
-44,-10,46
-44,-10,46
-44,-10,46
-44,-10,46
-43,-10,47
-44,-10,46
-44,-10,46
-43,-10,46
-43,-10,46
-44,-10,46
-43,-10,47
-43,-10,47
-43,-10,46
-43,-9,46
-43,-9,47
-43,-9,46
-43,-9,46
-43,-9,47
-43,-9,47
-43,-8,47
-43,-8,47
-43,-8,47
-43,-8,46
-43,-9,47
-43,-9,47
-43,-8,47
-43,-9,47
-43,-9,47
-43,-9,47
-43,-8,47
-43,-9,47
-43,-8,47
-43,-8,47
-44,-8,47
-43,-8,47
-43,-8,47
-43,-8,47
-43,-8,47
-43,-8,47
-43,-8,47
-43,-7,47
-43,-7,47
-43,-8,47
-43,-8,47
-43,-7,47
-43,-8,47
-43,-8,47
-43,-7,47
-43,-7,47
-43,-7,47
-43,-8,47
-43,-7,47
-43,-7,47
-43,-7,47
-43,-7,47
-43,-8,47
-43,-7,47
-43,-7,47
-42,-7,47
-43,-7,47
-43,-7,47
-43,-8,47
-43,-8,48
-43,-7,47
-43,-7,47
-42,-7,47
-43,-7,47
-43,-7,47
-43,-7,47
-43,-7,47
-43,-7,47
-43,-7,47
-43,-7,47
-43,-8,47
-43,-7,47
-43,-7,47
-43,-7,47
-43,-7,47
-43,-7,47
-43,-7,47
-43,-7,47
-43,-7,47
-43,-7,47
-43,-7,47
-43,-7,47
-43,-8,47
-43,-7,47
-43,-7,47
-43,-7,47
-44,-7,47
-43,-7,47
-43,-7,47
-43,-7,47
-44,-7,47
-43,-7,47
-43,-8,47
-43,-8,47
-43,-7,47
-43,-8,47
-43,-8,47
-43,-7,47
-43,-7,47
-43,-7,47
-43,-7,47
-43,-7,47
-43,-7,47
-43,-7,47
-43,-7,47
-43,-7,47
-43,-7,47
-43,-8,47
-43,-8,47
-43,-7,47
-44,-7,47
-43,-8,47
-43,-9,47
-44,-7,46
-43,-5,47
-43,-4,47
-42,-3,48
-42,-1,48
-43,-4,48
-47,-5,45
-44,-4,47
-42,-5,48
-43,-8,47
-44,-9,45
-43,-8,46
-43,-7,47
-44,-7,46
-44,-7,47
-44,-7,47
-43,-8,46
-43,-8,46
-42,-8,48
-44,-7,47
-46,-7,45
-44,-7,46
-43,-7,47
-43,-5,47
-46,-4,45
-48,-5,43
-46,-5,45
-47,-6,43
-49,-5,43
-44,-3,45
-55,-2,38
-47,0,46
-39,-1,50
-39,-7,50
-44,-9,46
-48,-6,43
-43,-5,47
-41,-7,48
-44,-6,47
-45,-4,46
-45,-5,46
-44,-6,47
-44,-6,46
-44,-6,46
-43,-8,47
-45,-8,46
-44,-6,47
-44,-6,46
-46,-5,45
-45,-5,46
-44,-5,47
-45,-6,46
-45,-6,46
-44,-5,47
-43,-5,47
-45,-5,45
-45,-5,46
-44,-6,46
-44,-6,46
-45,-6,46
-45,-6,46
-44,-6,46
-45,-6,46
-44,-6,46
-46,-6,46
-44,-6,46
-44,-6,47
-45,-6,46
-45,-6,45
-44,-6,46
-44,-6,46
-45,-6,46
-45,-6,46
-45,-6,46
-45,-6,46
-47,-6,45
-45,-6,46
-44,-6,46
-45,-6,46
-45,-6,46
-45,-6,46
-45,-6,46
-45,-6,46
-45,-6,45
-45,-6,46
-45,-6,46
-44,-6,46
-45,-6,45
-44,-5,47
-46,-5,45
-45,-6,45
-45,-6,46
-45,-6,46
-45,-6,45
-46,-5,45
-46,-5,45
-46,-5,45
-46,-6,44
-46,-6,45
-46,-5,45
-46,-6,45
-46,-5,45
-47,-6,44
-46,-5,45
-46,-5,45
-46,-5,45
-47,-5,44
-46,-6,45
-45,-6,46
-46,-5,45
-46,-6,44
-46,-6,44
-44,-6,46
-45,-6,45
-46,-5,45
-46,-5,45
-45,-5,46
-45,-5,46
-45,-5,45
-46,-5,45
-45,-4,46
-45,-5,46
-46,-5,45
-46,-5,44
-44,-5,46
-45,-5,46
-46,-5,45
-45,-5,45
-46,-5,45
-45,-5,45
-45,-5,45
-46,-5,45
-45,-5,46
-46,-5,45
-45,-5,45
-46,-5,45
-45,-5,45
-46,-5,45
-46,-5,45
-45,-5,45
-46,-5,45
-46,-5,45
-46,-5,45
-46,-5,45
-46,-5,45
-46,-5,45
-47,-5,45
-46,-5,45
-46,-5,45
-46,-5,45
-46,-5,45
-46,-5,45
-46,-5,44
-46,-5,45
-46,-5,45
-46,-5,45
-46,-5,45
-46,-5,44
-46,-5,44
-46,-6,45
-46,-6,45
-46,-6,44
-46,-6,45
-47,-5,44
-47,-6,43
-47,-6,44
-47,-6,44
-47,-5,44
-47,-6,44
-47,-6,44
-47,-5,44
-47,-5,44
-47,-5,44
-47,-5,44
-47,-5,44
-47,-5,44
-47,-5,44
-47,-5,44
-47,-5,44
-47,-5,44
-47,-5,44
-47,-5,44
-47,-5,44
-47,-5,44
-47,-5,44
-47,-5,44
-47,-5,44
-46,-5,44
-47,-5,44
-47,-5,44
-47,-5,44
-46,-5,44
-47,-5,44
-47,-5,44
-47,-5,44
-47,-5,44
-47,-5,44
-47,-5,45
-47,-4,44
-47,-5,44
-47,-4,44
-46,-4,45
-46,-4,45
-46,-4,45
-47,-4,44
-46,-4,45
-46,-4,45
-46,-4,45
-46,-5,45
-46,-5,45
-45,-5,45
-45,-6,45
-45,-6,46
-45,-6,46
-44,-6,46
-45,-6,46
-45,-6,45
-45,-7,46
-45,-7,46
-44,-7,46
-45,-7,46
-45,-6,46
-45,-6,46
-45,-5,46
-45,-6,46
-45,-6,46
-45,-6,45
-45,-6,45
-45,-6,45
-45,-6,45
-45,-7,45
-45,-7,45
-45,-6,46
-45,-7,46
-45,-6,46
-45,-6,46
-45,-7,46
-45,-6,46
-44,-7,46
-44,-8,46
-44,-7,46
-44,-7,46
-44,-7,47
-43,-7,47
-43,-7,47
-43,-7,47
-42,-7,48
-42,-7,48
-43,-6,48
-42,-4,49
-47,-6,46
-43,-9,49
-47,-11,46
-73,-14,33
-74,-11,38
-67,-4,42
-61,1,43
-56,11,45
-59,15,45
-61,22,48
-64,24,44
-62,21,33
-59,21,31
-46,21,27
-40,20,24
-35,19,20
-32,20,19
-31,21,21
-31,23,26
-32,24,27
-35,28,29
-38,30,31
-44,31,34
-46,30,33
-55,31,30
-57,31,28
-60,30,24
-59,30,25
-56,28,24
-55,26,23
-57,25,23
-59,23,22
-59,22,23
-59,19,22
-58,18,24
-55,16,27
-54,15,27
-57,14,27
-58,14,26
-61,13,25
-60,13,24
-60,14,23
-59,14,22
-60,14,21
-59,14,21
-59,14,20
-58,15,20
-58,15,19
-58,16,19
-58,17,19
-59,17,19
-60,17,19
-61,17,18
-60,17,18
-60,17,18
-58,17,18
-58,17,18
-59,18,17
-60,18,17
-61,19,18
-62,19,17
-63,18,16
-63,17,16
-62,16,15
-61,15,15
-61,14,16
-62,14,17
-62,14,18
-61,15,19
-61,16,19
-61,17,18
-61,18,17
-60,19,15
-61,19,13
-61,19,12
-60,19,12
-61,19,11
-62,19,12
-61,18,13
-60,17,15
-59,16,16
-59,15,17
-59,15,18
-60,15,17
-60,16,16
-62,17,15
-61,17,15
-62,17,14
-63,17,14
-65,16,14
-65,16,14
-64,16,16
-63,16,16
-63,16,17
-63,17,16
-63,17,16
-61,19,15
-60,19,14
-61,18,13
-62,18,13
-63,16,13
-62,14,13
-62,11,13
-61,10,14
-59,7,16
-57,5,19
-56,4,20
-57,5,23
-58,5,23
-61,8,22
-62,10,21
-63,13,21
-63,14,20
-65,15,20
-64,15,20
-62,16,19
-62,16,19
-62,15,17
-63,14,16
-62,13,16
-59,12,17
-58,11,17
-56,11,19
-56,10,18
-58,11,19
-58,11,19
-61,13,19
-61,14,20
-61,16,20
-62,16,19
-64,14,15
-67,14,15
-68,12,15
-67,8,15
-67,5,15
-59,2,18
-53,2,22
-50,2,22
-49,3,17
-57,6,17
-66,5,19
-73,0,23
-60,-2,32
-62,-3,32
-54,-9,40
-36,-14,44
-27,-23,44
-25,-22,48
-22,-30,54
-21,-33,50
-51,-40,51
-41,-25,58
-30,-23,56
-25,-21,59
-15,-21,53
-16,-22,54
-31,-28,51
-35,-22,61
-30,-25,62
-42,-18,62
-44,-16,59
-26,-10,67
-23,-7,69
-29,3,61
-30,8,57
-41,16,54
-40,18,49
-36,15,38
-45,12,34
-48,9,33
-44,2,44
-35,-2,46
-37,-7,49
-37,-8,52
-31,-8,54
-26,-9,55
-31,-10,57
-33,-10,63
-28,-7,62
-31,-11,59
-33,-9,64
-30,-9,59
-30,-9,58
-35,-10,58
-30,-9,59
-28,-6,56
-29,-4,52
-30,-1,50
-31,0,51
-25,4,51
-26,3,47
-30,0,50
-31,1,53
-34,3,53
-35,4,53
-35,2,54
-38,-3,55
-35,-5,57
-32,-5,68
-28,-2,70
-29,5,68
-35,6,62
-30,9,56
-36,7,53
-42,3,44
-41,1,38
-32,0,42
-30,-9,45
-28,-12,43
-33,-26,57
-28,-29,66
-28,-24,66
-29,-23,62
-27,-22,55
-27,-12,54
-23,2,57
-18,6,57
-17,8,56
-24,2,56
-30,-7,57
-26,-10,59
-30,-12,56
-34,-13,52
-32,-15,56
-26,-17,58
-25,-17,57
-26,-17,60
-24,-14,60
-25,-11,60
-26,-12,58
-22,-11,62
-24,-12,62
-28,-11,58
-25,-12,59
-25,-16,60
-24,-13,59
-23,-11,60
-26,-9,58
-25,-9,60
-20,-6,58
-22,-5,58
-26,-4,57
-26,-3,57
-29,-3,54
-26,-4,57
-24,-4,58
-28,-9,50
-24,-9,52
-12,-18,61
-23,-22,60
-31,-23,55
-16,-21,60
-16,-22,53
-17,-23,51
-21,-29,56
-20,-30,56
-20,-23,60
-29,-20,48
-35,-22,46
-24,-21,60
-26,-22,62
-28,-22,58
-30,-24,59
-29,-29,63
-23,-27,61
-23,-20,54
-29,-19,49
-30,-19,49
-20,-18,51
-16,-20,50
-1,-14,59
-1,-13,57
8,-12,59
10,-12,61
14,-15,62
16,-14,61
11,-22,65
7,-30,67
12,-30,69
9,-28,68
-2,-31,70
-8,-34,73
-4,-35,70
-12,-17,52
-17,-10,47
-14,-2,42
-6,6,42
-16,15,40
-16,13,39
-22,16,43
-25,13,43
-22,8,52
-25,8,56
-24,9,61
-26,9,62
-39,2,68
-34,-2,72
-31,-3,76
-31,-7,75
-30,-8,73
-32,-8,68
-31,-7,66
-30,-6,61
-30,-6,59
-29,-5,56
-29,-6,55
-28,-7,52
-26,-7,51
-25,-6,52
-26,-5,51
-26,-5,51
-26,-3,52
-25,-2,54
-27,0,56
-27,1,57
-28,6,56
-30,8,56
-33,9,53
-34,9,51
-38,8,43
-57,5,35
-59,3,30
-64,1,27
-64,1,24
-68,0,12
-67,-1,7
-58,-4,0
-55,-7,0
-65,-16,-8
-66,-16,-11
-67,-14,-11
-63,-13,-18
-63,-13,-25
-59,-17,-22
-59,-16,-20
-76,-19,-27
-69,-16,-23
-49,-4,-19
-67,-10,-29
-56,-3,-19
-55,-2,-23
-52,-9,-34
-67,-12,-40
-56,-4,-32
-52,-5,-35
-62,-8,-49
-47,-5,-33
-50,-8,-36
-50,-7,-40
-48,-8,-40
-49,-8,-44
-45,-9,-45
-47,-10,-48
-43,-9,-48
-46,-10,-42
-43,-7,-38
-49,-8,-36
-53,-9,-38
-49,-6,-37
-55,-5,-40
-52,-4,-39
-50,-6,-44
-55,-8,-46
-51,-5,-42
-50,-7,-37
-47,-7,-39
-47,-7,-39
-40,-5,-40
-46,-4,-44
-48,-4,-48
-49,-2,-49
-54,-1,-49
-46,2,-47
-45,1,-46
-48,2,-43
-49,4,-47
-49,1,-53
-49,1,-53
-45,2,-50
-44,2,-50
-44,3,-50
-42,5,-49
-44,4,-50
-44,4,-50
-39,6,-47
-38,9,-47
-38,10,-45
-40,10,-47
-38,11,-45
-35,10,-41
-38,10,-44
-38,11,-48
-37,10,-45
-40,10,-45
-42,10,-48
-42,10,-49
-42,10,-46
-43,9,-47
-43,7,-49
-44,6,-48
-44,4,-46
-42,4,-46
-41,1,-46
-42,0,-49
-45,0,-45
-44,0,-46
-44,-2,-50
-46,-2,-49
-48,-2,-47
-48,-1,-44
-46,1,-44
-46,1,-47
-46,1,-48
-45,1,-49
-47,2,-48
-50,2,-49
-50,2,-49
-51,4,-46
-49,4,-46
-47,5,-47
-46,6,-45
-44,7,-44
-45,7,-45
-45,8,-45
-45,9,-46
-46,10,-45
-46,11,-44
-46,11,-45
-44,11,-44
-44,11,-45
-44,11,-44
-43,11,-44
-43,11,-44
-42,11,-43
-40,11,-42
-40,11,-44
-42,11,-45
-44,12,-44
-45,13,-44
-46,14,-44
-46,14,-46
-47,14,-46
-46,14,-45
-45,13,-46
-45,13,-46
-45,11,-49
-45,10,-50
-44,7,-52
-44,6,-51
-43,6,-50
-42,5,-47
-41,5,-47
-40,5,-48
-39,6,-49
-39,6,-51
-39,6,-50
-36,5,-50
-36,5,-49
-36,5,-46
-37,6,-46
-38,8,-44
-39,8,-47
-39,7,-48
-40,7,-49
-41,7,-49
-43,6,-49
-44,6,-49
-46,5,-48
-46,5,-50
-47,4,-51
-48,4,-51
-48,2,-51
-46,2,-48
-38,1,-43
-40,0,-45
-44,1,-46
-52,2,-50
-54,2,-51
-52,4,-46
-49,4,-43
-45,5,-45
-46,6,-46
-46,9,-46
-46,10,-44
-45,12,-44
-44,12,-44
-43,12,-45
-45,12,-46
-45,12,-46
-41,13,-49
-40,13,-51
-46,10,-55
-49,7,-56
-42,7,-45
-36,8,-41
-33,8,-44
-39,8,-52
-41,6,-57
-41,5,-55
-38,5,-42
-36,7,-42
-38,8,-44
-40,10,-46
-39,10,-46
-39,9,-47
-39,8,-48
-42,7,-48
-44,6,-48
-47,6,-49
-47,7,-49
-48,10,-48
-48,10,-50
-50,7,-57
-51,2,-55
-47,2,-47
-39,3,-40
-39,4,-42
-46,6,-46
-48,6,-47
-48,6,-47
-47,7,-46
-46,8,-43
-45,9,-43
-46,12,-44
-47,14,-43
-48,16,-39
-45,16,-39
-45,17,-39
-45,17,-40
-45,17,-41
-45,17,-43
-46,16,-45
-47,15,-47
-46,15,-48
-47,16,-50
-50,18,-49
-50,21,-43
-35,15,-44
-36,12,-48
-42,15,-51
-43,17,-49
-42,15,-41
-39,15,-41
-36,14,-42
-36,14,-42
-39,16,-44
-41,16,-46
-41,15,-46
-42,15,-44
-42,13,-45
-44,13,-48
-45,15,-48
-48,23,-46
-50,24,-45
-47,19,-43
-42,16,-46
-43,17,-48
-43,20,-45
-44,20,-43
-46,21,-43
-42,19,-42
-40,19,-41
-34,20,-38
-37,21,-42
-38,21,-41
-36,19,-42
-35,20,-40
-34,20,-42
-34,19,-44
-36,20,-50
-38,20,-50
-39,16,-50
-39,14,-50
-41,14,-48
-40,14,-46
-40,13,-50
-40,10,-52
-37,10,-49
-35,6,-47
-35,5,-48
-36,4,-49
-38,5,-49
-40,5,-52
-42,4,-55
-44,4,-56
-43,5,-54
-41,5,-50
-41,5,-50
-48,5,-58
-43,8,-49
-45,9,-50
-44,11,-49
-45,12,-46
-44,13,-43
-45,11,-46
-42,12,-46
-48,10,-48
-47,12,-41
-46,9,-44
-42,8,-43
-43,7,-47
-48,9,-47
-48,13,-39
-52,13,-38
-47,15,-39
-50,16,-41
-51,17,-38
-51,19,-31
-61,17,-34
-49,12,-31
-44,5,-22
-49,4,-24
-51,-1,-23
-45,-1,-15
-43,3,-18
-46,8,-29
-41,11,-29
-42,11,-38
-46,8,-44
-51,12,-49
-53,13,-51
-53,12,-55
-56,12,-55
-56,11,-49
-58,9,-44
-58,8,-39
-58,6,-34
-57,0,-31
-52,-3,-34
-51,-4,-37
-50,-5,-44
-53,-5,-50
-52,-5,-57
-49,-3,-57
-47,1,-60
-45,3,-61
-46,7,-63
-46,10,-64
-49,14,-66
-52,21,-65
-54,25,-63
-49,33,-55
-52,37,-60
-62,34,-54
-66,28,-40
-74,20,-12
-69,19,-4
-56,13,7
-47,15,25
-50,17,24
-41,15,16
-18,8,29
-32,-1,28
-24,2,41
19,10,49
-10,12,23
-59,34,43
-39,38,57
-24,50,47
-31,49,38
-37,42,34
-28,41,36
-25,41,36
-26,39,36
-26,36,35
-32,37,35
-40,35,35
-43,31,40
-42,30,44
-27,28,46
-29,25,46
-41,25,50
-39,25,52
-37,18,47
-46,16,41
-62,18,31
-62,19,28
-55,20,27
-57,20,24
-57,21,21
-59,23,16
-56,24,16
-52,23,18
-57,24,15
-66,26,5
-59,27,9
-60,24,10
-69,21,6
-74,18,3
-69,18,4
-61,16,10
-67,10,11
-67,8,11
-63,4,13
-62,-1,13
-75,-6,17
-74,-5,20
-60,2,27
-56,5,32
-54,7,38
-51,13,41
-36,21,47
-36,21,45
-33,26,46
-31,27,47
-30,26,47
-31,28,46
-26,31,46
-23,33,41
-32,28,38
-33,39,45
-29,37,40
-25,43,45
-25,40,41
-31,42,41
-33,44,42
-34,45,42
-36,43,40
-31,40,36
-34,40,40
-35,44,39
-24,39,35
-24,41,37
-30,41,33
-30,42,35
-33,47,43
-36,50,44
-33,45,45
-33,45,44
-29,34,40
-35,36,44
-32,37,44
-29,37,38
-28,37,37
-36,33,39
-36,30,41
-27,27,45
-25,26,47
-35,18,46
-29,16,46
-21,10,57
-22,2,61
-30,-8,56
-9,-14,71
-10,-13,77
1,-11,71
0,-8,70
-3,1,67
-3,5,67
-6,9,66
-9,9,67
-6,12,68
-11,14,66
-7,13,68
-7,13,69
-9,16,69
-6,19,67
-10,21,64
-13,21,57
-18,25,57
-21,28,56
-23,28,52
-29,31,50
-32,36,50
-29,36,43
-30,38,41
-30,38,39
-34,40,37
-32,38,36
-32,39,36
-30,39,37
-32,40,35
-31,41,36
-25,42,39
-28,44,39
-37,44,36
-40,46,35
-39,50,32
-41,52,30
-35,50,25
-36,51,28
-32,50,30
-22,51,31
-19,49,30
-14,46,31
-6,45,34
6,46,39
5,44,37
4,45,36
4,42,31
11,43,39
12,43,40
14,45,38
19,44,39
22,44,40
18,45,38
17,46,38
16,43,41
19,43,42
18,45,42
20,44,41
26,41,42
24,42,46
17,43,42
17,42,39
16,39,39
18,40,44
19,36,40
20,35,41
16,33,47
20,29,48
28,26,41
38,30,29
41,30,22
32,33,22
23,38,21
2,52,24
-11,52,15
-40,58,5
-84,65,8
-69,64,20
-39,45,40
-46,32,32
-49,12,42
-39,3,55
-17,-15,67
-27,-17,77
-30,-5,86
-36,2,77
-36,14,74
-33,18,75
-34,31,53
-50,29,26
-49,32,21
-42,29,9
-53,23,-9
-53,18,-18
-56,17,-20
-53,15,-24
-52,17,-20
-58,16,-23
-55,19,-20
-53,22,-17
-50,23,-19
-45,23,-24
-50,18,-44
-56,15,-58
-52,14,-65
-52,18,-60
-51,25,-38
-50,28,-27
-51,27,-6
-53,27,6
-58,23,7
-68,20,2
-71,16,4
-71,13,-3
-68,16,-5
-70,19,3
-64,20,9
-53,19,13
-52,18,16
-52,17,19
-51,15,23
-59,13,30
-62,12,31
-58,16,37
-55,17,34
-55,19,33
-53,19,30
-54,19,27
-56,24,27
-52,25,25
-58,29,18
-63,29,10
-53,35,11
-44,34,16
-40,34,26
-34,34,28
-35,30,30
-36,28,32
-37,24,34
-50,14,37
-57,12,38
-54,9,37
-65,4,36
-73,1,37
-74,6,35
-71,10,20
-71,14,12
-74,26,0
-77,31,-9
-51,32,-6
-38,33,9
-47,41,26
-20,36,38
-12,29,45
-31,12,30
-45,5,32
-7,-8,73
-6,-11,69
-15,-12,64
-16,-11,67
-23,-10,69
-28,-12,67
-29,-12,61
-26,-11,64
-27,-10,64
-39,-12,58
-38,-11,58
-24,-14,54
-22,-18,59
-23,-19,62
-15,-20,64
-22,-16,66
-18,-14,66
1,-14,69
1,-10,72
-7,-4,65
-12,-3,62
-3,8,63
-13,21,52
-3,21,55
8,26,57
12,22,56
-17,30,36
4,32,43
18,30,54
2,31,45
-35,30,28
-1,33,44
-10,36,34
-23,31,31
10,23,62
5,27,71
15,29,73
22,32,30
-80,26,-12
-19,16,84
44,6,106
12,12,76
27,14,77
39,14,82
23,6,67
0,2,66
7,-1,70
-11,-3,74
-31,12,63
-37,19,54
-30,30,60
-41,30,60
-24,31,60
-15,34,59
-27,34,50
-28,31,45
-5,31,51
0,32,55
7,31,50
16,33,38
18,36,33
28,42,28
31,44,24
39,46,23
37,44,22
21,42,23
24,41,23
35,41,23
33,42,20
29,42,21
33,43,19
51,45,30
38,51,14
33,51,15
64,52,31
35,46,23
27,49,34
36,48,30
10,42,18
8,37,21
8,28,19
12,25,14
51,23,7
55,25,4
68,28,-4
63,37,-3
57,40,-12
27,58,-13
19,63,-3
25,71,6
33,72,10
34,67,23
28,67,25
18,63,31
22,56,35
29,52,35
30,48,34
30,36,35
25,39,42
24,38,41
31,30,44
25,34,51
24,36,52
26,35,54
21,33,57
20,35,57
18,35,52
17,33,51
13,32,54
14,32,53
13,35,52
12,33,50
12,34,50
14,36,47
13,38,46
13,38,46
14,39,47
14,40,49
16,40,52
18,41,52
19,42,51
16,41,49
16,40,49
17,41,43
17,44,40
17,46,40
20,46,40
22,44,39
24,45,42
23,46,41
21,44,39
20,42,41
24,40,42
27,37,40
21,35,42
18,39,45
23,39,40
21,39,37
18,40,39
17,40,39
16,39,39
14,39,40
6,40,41
5,48,43
12,49,43
12,48,46
3,49,48
-8,47,42
-10,50,42
-3,48,46
-16,45,47
-20,45,47
-24,42,53
-25,41,55
-19,36,54
-18,34,54
-15,33,53
-13,32,54
-16,32,53
-16,30,54
-15,28,53
-18,29,54
-17,31,56
-17,34,57
-21,30,55
-33,28,51
-35,28,50
-40,26,47
-40,23,45
-42,24,37
-41,25,37
-35,23,36
-33,23,35
-37,20,36
-50,25,35
-53,28,34
-51,30,34
-49,29,29
-54,32,22
-55,33,18
-59,32,11
-58,32,10
-67,34,-1
-74,31,-8
-63,34,-13
-60,35,-15
-58,33,-20
-49,29,-21
-43,27,-20
-51,19,-35
-62,13,-42
-55,12,-36
-54,11,-34
-54,7,-26
-53,5,-27
-51,2,-28
-45,5,-28
-47,9,-35
-46,8,-34
-98,1,-61
-37,22,-39
-46,18,-46
-46,14,-47
-50,9,-47
-46,10,-44
-45,13,-47
-36,19,-49
-42,17,-48
-45,16,-43
-44,16,-45
-40,17,-48
-39,16,-49
-38,18,-49
-39,19,-51
-38,18,-50
-38,19,-48
-37,18,-50
-37,16,-50
-36,17,-49
-33,17,-49
-37,18,-52
-35,19,-49
-38,18,-47
-37,19,-48
-35,18,-50
-36,19,-51
-42,18,-48
-41,17,-45
-38,19,-47
-39,20,-50
-37,19,-44
-37,19,-45
-38,19,-48
-37,20,-48
-37,18,-47
-41,19,-50
-39,20,-50
-38,20,-47
-39,21,-48
-40,20,-49
-39,20,-49
-39,21,-47
-40,21,-47
-38,23,-45
-38,24,-45
-38,25,-45
-37,25,-43
-37,24,-41
-38,24,-41
-38,23,-43
-40,21,-43
-41,21,-43
-42,20,-44
-42,20,-45
-41,20,-44
-42,19,-43
-43,19,-43
-42,20,-45
-43,21,-45
-43,21,-44
-42,21,-44
-42,21,-46
-43,20,-46
-42,18,-44
-41,17,-44
-40,16,-45
-42,15,-47
-43,14,-44
-42,14,-43
-43,14,-45
-43,14,-46
-41,14,-43
-41,14,-43
-40,14,-46
-40,14,-46
-40,14,-46
-41,14,-47
-42,13,-49
-44,13,-49
-45,13,-49
-45,14,-52
-46,14,-54
-45,12,-57
-45,11,-56
-39,10,-56
-37,10,-54
-32,11,-51
-32,11,-47
-30,11,-44
-32,10,-53
-34,10,-57
-34,10,-53
-31,10,-52
-31,10,-57
-31,8,-56
-31,9,-51
-31,11,-53
-31,14,-55
-31,13,-52
-31,12,-50
-31,12,-54
-35,10,-58
-36,9,-53
-37,9,-52
-38,7,-56
-39,8,-59
-41,8,-58
-42,8,-58
-40,8,-54
-39,7,-51
-36,6,-46
-36,5,-47
-35,6,-49
-37,6,-50
-38,6,-48
-40,7,-45
-39,8,-44
-40,9,-45
-39,11,-47
-39,13,-45
-38,13,-45
-38,13,-47
-37,16,-49
-41,20,-50
-41,20,-51
-44,15,-54
-42,13,-54
-39,12,-56
-35,11,-57
-35,10,-58
-36,9,-53
-34,9,-53
-33,10,-55
-31,11,-57
-28,9,-54
-27,9,-51
-29,8,-48
-29,8,-51
-32,8,-49
-33,10,-44
-34,11,-49
-35,10,-51
-35,10,-50
-39,8,-53
-39,9,-54
-37,11,-53
-37,12,-53
-37,13,-54
-37,13,-53
-38,14,-53
-38,14,-55
-37,11,-57
-40,8,-56
-40,8,-54
-39,8,-52
-38,8,-51
-36,9,-48
-35,9,-47
-34,8,-50
-35,7,-50
-37,6,-48
-37,8,-49
-37,10,-49
-38,10,-50
-38,10,-51
-39,11,-49
-39,11,-49
-40,11,-49
-38,10,-48
-39,8,-50
-38,8,-51
-37,8,-50
-38,7,-50
-37,7,-53
-36,8,-52
-39,7,-52
-37,8,-50
-37,8,-51
-35,10,-52
-38,9,-51
-34,9,-50
-34,8,-52
-37,6,-53
-35,5,-52
-38,6,-51
-39,6,-54
-38,6,-55
-37,7,-52
-38,7,-53
-38,7,-54
-37,7,-52
-35,7,-51
-34,7,-53
-37,6,-51
-34,6,-47
-38,7,-56
-38,7,-53
-37,7,-52
-38,7,-53
-39,6,-52
-37,6,-51
-36,6,-51
-38,6,-52
-37,6,-53
-38,6,-51
-38,6,-51
-38,5,-53
-38,4,-53
-36,5,-53
-36,6,-54
-37,6,-53
-39,5,-53
-35,7,-55
-35,8,-53
-36,9,-54
-36,8,-51
-36,8,-52
-32,10,-45
-32,9,-44
-35,9,-51
-37,9,-54
-38,10,-52
-38,10,-51
-38,9,-54
-36,8,-54
-35,6,-54
-35,5,-54
-36,6,-55
-39,9,-54
-39,9,-54
-36,9,-53
-35,9,-54
-31,5,-53
-30,4,-52
-31,2,-50
-32,2,-52
-34,3,-53
-33,3,-52
-34,3,-52
-34,3,-53
-35,1,-52
-35,1,-51
-35,0,-50
-37,-1,-49
-38,-2,-49
-39,-3,-49
-41,-4,-49
-46,-4,-50
-49,-3,-50
-56,-4,-48
-59,-5,-48
-62,-10,-46
-59,-10,-43
-52,-1,-18
-62,8,13
-76,9,6
-71,9,3
-72,9,8
-57,3,14
-59,1,18
-75,-6,2
-59,-6,16
-55,-7,35
-51,-5,36
-56,-8,21
-52,-9,26
-49,-23,37
-46,-15,46
-45,-9,50
-45,-8,43
-49,-7,49
-50,-8,42
-51,-8,36
-45,-9,35
-38,-13,40
-40,-17,36
-54,-17,25
-55,-14,30
-59,-13,23
-53,-11,29
-66,-14,14
-64,-13,17
-64,-14,8
-67,-15,9
-64,-13,11
-63,-13,11
-63,-12,9
-63,-12,10
-64,-13,9
-64,-12,10
-64,-12,9
-63,-13,10
-63,-12,9
-63,-13,9
-63,-12,9
-64,-12,9
-65,-12,9
-64,-12,9
-63,-12,9
-64,-12,8
-63,-12,8
-63,-13,9
-64,-13,9
-62,-14,8
-64,-13,8
-66,-14,8
-67,-15,10
-61,-13,13
-53,-12,21
-58,-13,19
-59,-13,23
-61,-12,24
-60,-12,26
-59,-13,26
-57,-15,25
-56,-14,25
-57,-15,28
-56,-14,30
-57,-14,32
-55,-14,31
-52,-14,33
-51,-14,35
-54,-14,34
-53,-14,38
-50,-14,38
-48,-14,35
-49,-16,36
-46,-15,39
-48,-15,42
-51,-19,37
-40,-23,43
-42,-23,48
-33,-22,48
-38,-23,43
-42,-28,18
-41,-28,16
-39,-26,31
-39,-23,34
-40,-22,26
-48,-25,21
-44,-24,34
-44,-28,36
-44,-30,39
-48,-35,33
-49,-38,29
-50,-46,26
-47,-46,24
-52,-45,17
-58,-46,14
-60,-44,10
-56,-43,9
-52,-41,7
-52,-39,6
-56,-42,6
-56,-43,6
-54,-47,7
-54,-54,9
-51,-55,11
-40,-58,16
-34,-58,20
-25,-58,24
-25,-58,24
-29,-55,20
-30,-54,18
-33,-53,15
-33,-53,15
-31,-54,15
-30,-55,14
-30,-55,13
-31,-55,11
-31,-55,10
-31,-56,10
-31,-55,9
-32,-55,8
-33,-54,7
-35,-53,7
-36,-53,5
-38,-52,4
-37,-52,3
-41,-51,5
-41,-51,8
-40,-50,8
-39,-51,7
-39,-51,7
-40,-53,7
-40,-54,6
-41,-55,5
-41,-55,5
-39,-54,5
-39,-54,4
-38,-53,4
-38,-53,4
-37,-52,4
-35,-52,5
-33,-54,6
-30,-58,9
-26,-58,9
-23,-55,11
-24,-55,10
-28,-57,10
-28,-58,11
-27,-58,13
-28,-57,14
-32,-58,13
-34,-58,13
-33,-58,12
-30,-55,13
-30,-54,13
-32,-57,7
-31,-60,6
-30,-62,5
-27,-62,5
-22,-66,5
-22,-68,4
-18,-67,1
-15,-66,0
-13,-65,-1
-10,-65,-2
-5,-61,-7
-6,-60,-15
-8,-60,-17
-7,-59,-19
-4,-58,-18
-3,-56,-18
-5,-55,-19
-4,-61,-18
-5,-63,-19
-7,-65,-25
-6,-68,-24
-6,-74,-22
-8,-76,-23
-3,-68,-18
6,-64,-10
8,-64,-10
9,-62,-13
7,-63,-12
11,-64,-11
14,-66,-11
16,-63,-14
16,-62,-15
19,-60,-12
21,-60,-10
21,-62,-11
17,-64,-9
16,-72,-1
28,-54,-1
27,-54,-11
21,-61,2
16,-65,11
32,-55,-3
32,-54,-8
23,-46,-23
9,-50,-25
14,-55,-6
24,-56,-3
27,-60,-6
16,-68,-10
18,-69,-2
20,-60,-2
10,-58,-5
18,-56,-2
20,-58,-1
16,-62,-4
20,-62,-7
24,-63,-9
21,-64,-8
19,-61,-7
21,-61,-7
15,-61,-4
20,-61,-6
15,-62,-8
22,-61,-6
22,-61,-6
18,-61,-7
18,-60,-9
21,-60,-9
21,-62,-7
16,-64,-9
17,-64,-7
14,-60,2
13,-60,4
16,-60,4
19,-62,2
20,-63,1
20,-64,0
17,-63,0
19,-60,4
17,-61,5
21,-60,4
16,-62,7
12,-58,9
10,-60,11
13,-58,12
15,-57,16
0,-58,11
-9,-75,-16
0,-83,-12
38,-75,5
37,-65,3
29,-58,-21
27,-59,-23
27,-66,-9
25,-65,-6
26,-59,-4
24,-60,0
15,-66,6
14,-66,6
22,-60,7
17,-56,5
12,-57,6
21,-61,22
28,-63,24
15,-59,20
12,-62,23
16,-63,26
12,-61,24
13,-65,35
-1,-51,26
-6,-43,28
-1,-37,35
9,-25,36
12,-20,43
11,-19,49
17,-16,47
-1,-20,38
-4,-29,64
9,-30,69
3,-36,61
5,-33,63
7,-35,63
10,-36,61
10,-37,55
15,-36,53
17,-35,50
11,-34,51
11,-35,52
13,-33,56
13,-35,57
17,-38,56
10,-40,52
8,-37,50
9,-37,51
9,-37,48
7,-38,47
9,-37,52
10,-36,49
14,-34,49
15,-38,50
11,-37,50
7,-38,52
7,-37,51
10,-43,50
11,-46,48
17,-40,47
13,-37,46
9,-39,44
6,-41,45
-2,-45,50
-1,-41,53
-8,-38,51
-22,-42,46
-22,-43,39
-12,-39,30
-18,-35,35
-45,-36,41
-48,-31,35
-60,-25,17
-77,-26,17
-78,-25,8
-75,-24,5
-76,-13,14
-69,-5,-9
-70,-4,-17
-64,-8,-32
-52,-9,-31
-57,-12,-34
-48,-13,-41
-33,-10,-47
-34,-6,-51
-26,-6,-52
-26,-7,-48
-27,-10,-57
-34,-9,-60
-37,-5,-53
-36,-3,-53
-44,-4,-50
-41,-1,-49
-42,1,-53
-43,5,-55
-40,2,-49
-40,4,-47
-40,4,-48
-40,5,-50
-42,5,-48
-41,6,-45
-38,6,-43
-39,6,-46
-42,6,-47
-43,7,-49
-43,8,-48
-44,10,-48
-44,11,-50
-45,11,-52
-45,12,-51
-44,13,-51
-43,15,-49
-42,14,-49
-41,13,-51
-41,12,-51
-42,10,-50
-42,7,-51
-42,6,-50
-42,4,-49
-42,3,-50
-42,4,-49
-40,3,-47
-40,-1,-46
-40,-2,-45
-40,-1,-48
-43,-1,-48
-41,2,-46
-42,4,-47
-42,7,-48
-43,6,-47
-41,6,-47
-40,7,-47
-40,8,-46
-39,11,-45
-39,12,-45
-41,15,-44
-41,15,-47
-44,13,-53
-46,13,-53
-47,13,-53
-46,11,-54
-43,8,-55
-41,7,-52
-39,7,-51
-37,8,-49
-38,8,-49
-39,9,-47
-37,8,-48
-34,5,-52
-33,5,-53
-33,6,-48
-33,6,-47
-34,6,-48
-38,8,-49
-39,9,-49
-39,11,-49
-37,12,-51
-38,11,-55
-40,9,-55
-40,9,-52
-39,9,-53
-40,9,-53
-41,9,-52
-40,9,-50
-39,8,-50
-39,6,-50
-39,3,-48
-39,2,-48
-40,3,-48
-41,5,-49
-43,8,-50
-41,9,-49
-39,11,-50
-40,10,-50
-40,10,-47
-40,11,-47
-40,15,-47
-40,16,-48
-40,16,-48
-40,14,-49
-39,13,-49
-38,12,-49
-38,11,-49
-41,13,-48
-43,14,-49
-43,15,-52
-43,14,-54
-42,10,-55
-42,8,-56
-38,5,-55
-37,4,-54
-34,4,-53
-31,5,-50
-31,6,-50
-33,5,-52
-33,5,-52
-32,7,-52
-30,8,-53
-30,8,-52
-31,8,-52
-34,9,-52
-35,9,-51
-38,9,-52
-39,9,-53
-38,8,-53
-39,6,-53
-39,5,-54
-39,5,-53
-39,6,-53
-41,8,-52
-43,9,-51
-44,9,-53
-42,10,-53
-37,8,-49
-36,6,-48
-38,5,-48
-39,4,-47
-41,5,-47
-41,8,-47
-40,9,-47
-39,11,-49
-39,11,-48
-41,11,-46
-41,12,-47
-41,13,-49
-40,14,-49
-39,12,-50
-39,10,-52
-38,8,-54
-39,8,-54
-39,9,-55
-42,10,-54
-42,11,-53
-40,12,-53
-38,12,-54
-35,11,-55
-35,10,-54
-34,11,-52
-33,11,-53
-33,9,-53
-32,9,-52
-33,11,-53
-35,9,-56
-36,9,-53
-36,7,-54
-35,6,-55
-34,6,-52
-35,6,-51
-38,6,-52
-38,6,-51
-39,7,-52
-39,7,-50
-37,7,-50
-38,7,-50
-37,5,-47
-35,6,-46
-35,6,-46
-35,7,-47
-35,7,-49
-38,6,-47
-37,5,-46
-35,7,-50
-36,6,-49
-38,7,-44
-38,11,-46
-39,11,-50
-39,9,-50
-40,8,-50
-42,10,-51
-42,9,-51
-43,8,-51
-45,8,-53
-46,10,-52
-46,10,-51
-46,11,-50
-46,11,-49
-44,10,-46
-44,10,-46
-43,11,-45
-41,11,-46
-40,11,-47
-40,11,-46
-40,11,-47
-41,10,-49
-41,10,-51
-41,9,-53
-40,8,-52
-38,8,-51
-37,8,-53
-38,8,-54
-36,8,-52
-36,7,-52
-36,7,-52
-35,8,-52
-36,8,-53
-35,8,-53
-34,8,-52
-33,9,-50
-34,9,-49
-35,10,-50
-36,11,-49
-38,11,-50
-37,11,-50
-38,11,-51
-38,11,-51
-37,11,-51
-39,12,-51
-39,12,-51
-39,11,-52
-39,9,-51
-38,8,-51
-36,8,-51
-36,7,-51
-38,5,-48
-38,5,-46
-40,3,-46
-39,3,-47
-41,3,-49
-41,-1,-49
-42,-1,-50
-47,-2,-50
-47,-2,-49
-49,-1,-46
-48,-2,-46
-47,-2,-45
-45,-2,-44
-45,-1,-45
-44,-1,-45
-43,1,-43
-44,3,-43
-42,3,-47
-43,2,-48
-44,0,-49
-42,-3,-49
-42,-5,-50
-41,-8,-52
-41,-9,-53
-41,-10,-51
-42,-11,-51
-42,-10,-51
-43,-10,-50
-42,-11,-49
-42,-11,-50
-39,-11,-50
-39,-9,-48
-40,-9,-48
-40,-8,-49
-40,-9,-50
-36,-11,-49
-38,-12,-49
-41,-12,-48
-41,-11,-48
-42,-11,-47
-42,-10,-46
-42,-10,-46
-41,-10,-46
-42,-11,-47
-43,-12,-47
-43,-12,-48
-44,-12,-46
-43,-12,-48
-43,-12,-47
-43,-12,-47
-44,-12,-49
-43,-11,-48
-41,-11,-47
-41,-11,-48
-42,-11,-48
-42,-11,-47
-42,-11,-47
-44,-11,-48
-43,-11,-47
-43,-12,-47
-42,-11,-48
-41,-13,-47
-41,-13,-47
-42,-13,-49
-41,-13,-48
-41,-13,-46
-42,-13,-47
-40,-15,-48
-39,-15,-48
-40,-16,-49
-38,-16,-48
-37,-16,-49
-40,-15,-50
-39,-13,-49
-42,-12,-49
-42,-12,-50
-42,-11,-51
-41,-12,-49
-35,-13,-48
-35,-13,-48
-37,-14,-49
-36,-15,-48
-37,-15,-50
-36,-17,-50
-37,-16,-49
-39,-16,-49
-37,-15,-49
-37,-14,-53
-37,-14,-52
-39,-14,-53
-38,-14,-51
-38,-14,-51
-37,-13,-49
-36,-13,-51
-36,-13,-50
-36,-14,-51
-35,-14,-53
-34,-15,-53
-35,-15,-53
-36,-15,-53
-36,-14,-52
-36,-14,-51
-37,-13,-51
-37,-13,-51
-36,-14,-51
-35,-14,-51
-34,-15,-50
-36,-15,-49
-37,-14,-50
-35,-15,-51
-35,-16,-52
-36,-16,-53
-36,-16,-53
-35,-16,-52
-36,-17,-52
-35,-17,-50
-35,-16,-51
-35,-16,-53
-37,-17,-52
-34,-17,-50
-33,-19,-49
-33,-18,-50
-35,-17,-51
-36,-18,-51
-36,-18,-50
-36,-19,-49
-35,-17,-50
-36,-17,-51
-37,-17,-51
-36,-18,-50
-34,-17,-50
-33,-18,-50
-33,-18,-51
-34,-18,-50
-35,-18,-51
-34,-17,-51
-34,-18,-50
-35,-18,-51
-35,-17,-51
-34,-18,-50
-34,-18,-51
-33,-19,-50
-33,-18,-51
-35,-18,-52
-35,-18,-51
-35,-17,-52
-36,-18,-51
-35,-18,-51
-35,-18,-51
-36,-19,-50
-34,-18,-49
-34,-19,-49
-34,-19,-50
-34,-19,-51
-35,-18,-51
-33,-18,-51
-34,-18,-52
-34,-18,-52
-34,-18,-52
-33,-17,-52
-32,-17,-51
-34,-18,-52
-33,-17,-53
-33,-18,-52
-34,-20,-49
-17,-24,-36
-40,-17,-50
-37,-14,-58
-34,-20,-52
-32,-17,-51
-30,-18,-52
-33,-18,-54
-33,-17,-54
-32,-15,-53
-32,-16,-53
-33,-17,-52
-29,-18,-53
-29,-19,-52
-30,-18,-54
-31,-17,-54
-31,-18,-53
-31,-18,-53
-31,-18,-55
-32,-17,-55
-31,-18,-52
-29,-18,-54
-30,-18,-54
-31,-18,-54
-30,-19,-54
-30,-19,-52
-30,-19,-52
-29,-19,-53
-30,-20,-53
-27,-20,-54
-26,-20,-55
-27,-20,-53
-27,-20,-53
-29,-19,-54
-29,-19,-54
-28,-20,-55
-29,-19,-55
-29,-20,-55
-28,-19,-53
-31,-19,-53
-28,-19,-54
-30,-20,-55
-30,-19,-55
-28,-19,-54
-30,-19,-51
-30,-19,-52
-28,-19,-54
-29,-19,-54
-30,-20,-53
-30,-19,-53
-30,-19,-54
-30,-19,-55
-28,-19,-54
-27,-19,-55
-28,-19,-54
-27,-18,-55
-26,-18,-54
-26,-19,-52
-32,-17,-55
-31,-18,-54
-28,-18,-53
-24,-21,-52
-27,-21,-54
-27,-21,-52
-29,-22,-53
-30,-21,-55
-26,-21,-52
-28,-21,-52
-28,-22,-53
-29,-21,-56
-30,-20,-54
-31,-22,-52
-31,-23,-50
-30,-21,-53
-29,-21,-55
-28,-22,-51
-30,-22,-51
-27,-20,-54
-27,-19,-54
-30,-22,-52
-31,-22,-51
-30,-22,-50
-30,-22,-49
-32,-23,-54
-34,-24,-52
-31,-22,-49
-31,-23,-52
-31,-24,-51
-32,-25,-50
-33,-25,-49
-31,-25,-50
-32,-25,-52
-31,-28,-47
-34,-28,-49
-32,-27,-47
-32,-27,-46
-34,-28,-47
-34,-26,-48
-33,-26,-48
-34,-26,-47
-33,-26,-46
-34,-27,-47
-35,-27,-48
-35,-26,-47
-36,-27,-47
-35,-27,-45
-36,-28,-46
-36,-28,-48
-36,-27,-48
-35,-28,-46
-35,-28,-46
-36,-27,-47
-37,-26,-47
-36,-26,-47
-36,-25,-45
-36,-26,-45
-37,-27,-45
-39,-26,-45
-39,-26,-46
-38,-27,-46
-37,-28,-44
-38,-28,-44
-37,-29,-44
-36,-30,-45
-37,-28,-44
-38,-27,-42
-38,-27,-43
-37,-27,-44
-38,-29,-45
-39,-28,-44
-38,-27,-43
-39,-28,-43
-38,-29,-45
-38,-29,-43
-38,-29,-42
-39,-29,-43
-40,-29,-43
-39,-31,-41
-38,-30,-41
-38,-31,-40
-40,-32,-41
-41,-31,-41
-42,-32,-40
-41,-34,-41
-47,-33,-44
-49,-34,-45
-51,-32,-40
-45,-33,-33
-47,-32,-27
-58,-29,-24
-64,-29,-27
-64,-23,-11
-66,-20,-1
-61,-11,12
-56,-10,16
-51,-9,24
-50,-9,27
-45,-12,33
-41,-17,33
-32,-22,41
-33,-29,42
-38,-30,44
-39,-26,46
-34,-27,46
-28,-30,44
-33,-31,49
-32,-31,47
-27,-32,49
-32,-31,50
-36,-30,48
-34,-30,48
-33,-29,49
-32,-28,48
-34,-26,46
-36,-25,46
-35,-26,46
-34,-26,47
-33,-27,47
-33,-28,49
-36,-28,49
-35,-28,49
-34,-28,51
-33,-27,50
-37,-25,52
-40,-26,51
-39,-26,55
-39,-22,55
-46,-20,50
-53,-11,48
-50,-6,51
-48,-2,49
-50,-1,44
-50,1,42
-46,1,42
-36,-1,36
-38,-4,32
-41,-10,32
-47,-14,29
-48,-22,26
-45,-26,34
-43,-27,37
-52,-30,31
-44,-28,38
-39,-31,41
-43,-31,39
-41,-32,43
-41,-32,44
-41,-27,42
-40,-26,41
-41,-27,44
-37,-28,47
-42,-24,44
-43,-25,44
-42,-26,45
-41,-23,43
-40,-23,42
-40,-26,42
-42,-27,41
-43,-28,42
-43,-29,41
-48,-34,41
-50,-36,40
-44,-37,40
-57,-38,31
-62,-39,23
-37,-31,30
-36,-22,28
-38,-3,27
-39,4,33
-33,5,37
-33,4,39
-45,1,42
-47,-1,49
-39,-2,60
-42,-3,62
-35,-10,65
-33,-13,60
-34,-14,60
-33,-24,61
-30,-25,58
-30,-25,59
-28,-25,54
-25,-24,54
-27,-23,54
-28,-24,52
-28,-25,50
-31,-25,49
-38,-25,46
-31,-24,50
-33,-24,46
-38,-25,44
-38,-26,47
-35,-25,48
-37,-26,44
-39,-27,43
-35,-28,45
-34,-29,46
-44,-32,43
-40,-30,43
-37,-30,43
-36,-29,44
-38,-27,43
-42,-27,44
-41,-27,44
-40,-26,44
-41,-26,44
-41,-27,42
-40,-26,43
-39,-24,43
-42,-24,39
-46,-27,35
-48,-26,35
-46,-25,32
-47,-24,33
-55,-25,22
-60,-30,11
-57,-27,12
-63,-26,11
-60,-26,11
-57,-25,17
-57,-26,17
-62,-27,10
-60,-27,7
-60,-25,4
-60,-25,2
-61,-24,2
-61,-24,4
-58,-26,7
-63,-26,11
-63,-26,10
-58,-26,11
-57,-26,11
-60,-27,11
-61,-27,10
-58,-28,7
-59,-27,11
-57,-27,12
-58,-26,12
-58,-26,12
-59,-27,12
-59,-27,12
-59,-26,10
-58,-26,12
-58,-26,11
-59,-27,12
-59,-26,13
-58,-26,12
-57,-26,10
-57,-26,11
-58,-26,13
-59,-27,11
-59,-26,10
-62,-25,6
-60,-25,7
-61,-26,8
-64,-26,8
-61,-26,9
-60,-27,6
-65,-26,5
-64,-24,6
-63,-19,5
-66,-18,1
-64,-11,-3
-65,-7,-6
-68,-3,-13
-64,1,-14
-64,-1,-18
-57,-2,-17
-56,-2,-16
-55,-8,-14
-53,-11,-12
-56,-22,-15
-60,-24,-18
-58,-25,-21
-62,-25,-19
-63,-22,-15
-58,-21,-14
-60,-23,-16
-62,-21,-13
-57,-20,-11
-57,-22,-14
-67,-22,-14
-65,-19,-16
-63,-20,-15
-60,-20,-11
-58,-20,-10
-60,-21,-14
-62,-21,-14
-62,-19,-8
-60,-19,-7
-63,-19,-7
-58,-18,-2
-59,-18,-2
-60,-19,-4
-62,-20,-5
-59,-19,-5
-61,-19,-7
-64,-20,-15
-64,-19,-16
-62,-20,-16
-62,-20,-15
-59,-19,-14
-57,-19,-14
-63,-21,-15
-61,-20,-15
-59,-20,-15
-64,-21,-20
-66,-20,-21
-60,-20,-20
-60,-20,-19
-61,-21,-18
-61,-23,-21
-61,-25,-26
-62,-23,-26
-62,-20,-29
-63,-19,-30
-60,-13,-25
-55,-5,-24
-54,-5,-27
-46,3,-24
-47,5,-24
-45,6,-12
-49,6,-11
-58,3,-9
-63,1,-8
-62,-1,-2
-61,-4,-1
-75,-12,-12
-80,-15,-15
-76,-15,-11
-68,-17,-10
-65,-18,-9
-62,-19,-10
-62,-19,-11
-63,-20,-13
-63,-20,-15
-65,-21,-16
-63,-21,-15
-61,-22,-12
-61,-23,-10
-58,-24,-8
-54,-26,-4
-50,-27,1
-36,-26,6
-37,-29,6
-56,-31,7
-45,-26,11
-31,-36,17
-34,-44,24
-39,-52,35
-41,-55,34
-29,-52,41
-14,-49,50
-32,-45,39
-39,-54,41
-31,-54,47
-20,-46,48
-13,-43,45
-20,-46,37
-24,-47,43
-17,-54,50
-14,-59,51
-17,-59,42
-21,-56,41
-22,-57,32
-29,-55,31
-36,-50,37
-34,-47,40
-35,-46,38
-32,-46,32
-35,-49,28
-36,-48,33
-31,-48,37
-19,-46,43
-19,-44,40
-25,-44,35
-24,-44,36
-12,-42,32
-12,-42,28
-28,-47,30
-13,-54,30
-7,-58,28
-22,-62,24
-36,-61,23
-19,-56,22
-14,-55,21
-17,-59,21
-25,-63,19
-21,-59,21
-18,-55,23
-20,-53,25
-21,-53,25
-19,-53,23
-26,-55,27
-23,-55,30
-13,-58,34
-12,-60,33
-14,-63,33
-16,-64,33
-22,-71,31
-22,-78,30
-19,-86,16
-18,-82,8
-21,-67,3
-21,-61,0
-24,-60,-10
-23,-62,-14
-24,-64,-15
-28,-63,-17
-27,-61,-18
-30,-60,-18
-34,-60,-18
-37,-60,-17
-36,-60,-17
-31,-60,-13
-29,-61,-10
-27,-61,-8
-29,-59,-6
-30,-58,-6
-33,-58,-2
-36,-60,0
-38,-64,6
-37,-65,9
-35,-64,16
-28,-62,17
-22,-58,21
-24,-56,16
-16,-55,14
-19,-57,11
-23,-57,8
-29,-53,10
-32,-50,11
-31,-46,13
-33,-45,14
-42,-42,20
-44,-41,19
-49,-38,14
-55,-36,13
-64,-29,12
-68,-26,5
-80,-20,-5
-77,-19,-6
-67,-17,-3
-62,-18,-6
-59,-19,-8
-64,-24,-9
-68,-29,-12
-83,-48,-26
-83,-50,-28
-64,-34,-18
-54,-27,-14
-45,-28,-16
-46,-29,-18
-48,-29,-22
-48,-30,-24
-48,-28,-26
-46,-24,-25
-46,-22,-23
-46,-19,-20
-47,-19,-18
-50,-21,-14
-53,-24,-10
-55,-29,1
-54,-30,4
-50,-30,12
-46,-32,17
-33,-38,28
-27,-45,33
-27,-62,40
-24,-73,36
-20,-74,32
-18,-79,23
-17,-80,17
-16,-87,6
-17,-85,1
-17,-69,-4
-18,-58,-5
-26,-43,-6
-42,-42,-8
-47,-42,-9
-46,-44,-6
-41,-47,-2
-38,-54,13
-37,-58,21
-34,-69,32
-31,-71,34
-28,-78,29
-28,-86,27
-20,-105,24
-13,-97,22
-10,-70,18
-14,-62,15
-19,-62,8
-23,-70,0
-24,-70,-4
-25,-68,-10
-25,-67,-12
-19,-61,-10
-18,-58,-9
-21,-54,-9
-23,-53,-9
-25,-52,-10
-24,-54,-10
-20,-55,-7
-20,-56,-5
-17,-57,2
-20,-62,10
-22,-66,13
-32,-69,29
-35,-66,39
-12,-63,52
7,-60,56
11,-67,45
4,-71,36
-6,-76,24
-10,-76,20
-19,-62,16
-20,-55,13
-22,-45,7
-27,-42,3
-29,-42,4
-27,-44,6
-25,-45,8
-27,-49,15
-29,-51,19
-32,-59,27
-32,-61,29
-31,-66,30
-33,-71,28
-38,-90,24
-31,-96,21
-14,-82,21
-17,-66,18
-19,-62,15
-21,-62,8
-23,-65,4
-29,-72,-2
-30,-74,-5
-25,-67,-8
-22,-62,-8
-22,-56,-6
-24,-55,-5
-27,-51,-6
-28,-49,-6
-27,-49,-6
-27,-51,-2
-29,-52,0
-30,-53,6
-29,-52,9
-31,-53,16
-34,-56,19
-41,-63,27
-45,-64,32
-43,-61,37
-38,-60,38
-31,-58,37
-29,-58,35
-28,-59,31
-34,-60,24
-39,-58,22
-43,-49,16
-45,-43,15
-47,-36,17
-47,-33,18
-46,-28,18
-46,-25,20
-53,-22,22
-57,-22,22
-65,-20,23
-68,-22,22
-65,-22,22
-62,-21,19
-59,-20,18
-57,-17,16
-56,-15,15
-54,-12,14
-55,-11,14
-58,-9,12
-60,-8,11
-61,-7,12
-62,-5,12
-65,-4,11
-64,-2,11
-65,-2,11
-65,-1,9
-65,-2,9
-68,-2,8
-67,-2,9
-68,0,11
-69,1,10
-64,7,11
-67,10,11
-66,18,10
-67,21,11
-69,25,11
-71,28,11
-72,29,11
-76,31,14
-75,33,15
-69,37,19
-66,39,21
-61,42,28
-54,44,31
-42,49,34
-36,49,35
-27,52,34
-24,52,34
-22,47,31
-18,42,30
-16,41,31
-11,38,30
-18,34,30
-19,29,29
-18,26,29
-17,21,35
-17,23,38
-8,30,44
-5,30,43
-7,32,51
-5,32,52
-14,36,47
-10,37,57
-10,38,54
-20,40,37
-16,37,40
-7,40,49
-8,40,44
-3,39,39
-2,39,43
15,39,38
15,44,37
12,47,35
22,48,33
30,46,44
35,41,48
39,38,51
35,39,53
33,41,47
25,41,42
23,41,38
16,43,29
22,46,27
24,46,26
21,42,27
22,36,40
21,41,42
35,44,54
22,38,54
24,39,51
23,43,36
22,45,36
22,43,37
22,41,40
24,44,41
22,45,42
19,42,46
22,44,43
22,43,42
22,42,41
25,43,41
22,43,40
21,43,41
22,43,41
23,44,41
22,43,40
21,43,41
22,43,40
22,43,40
23,41,42
22,41,43
19,40,47
21,44,37
19,42,37
23,44,35
26,47,33
28,45,41
25,44,45
18,43,42
19,43,42
21,43,41
21,42,42
20,43,42
21,43,42
22,43,41
23,43,42
22,43,42
20,42,41
20,42,40
23,43,41
21,43,41
20,43,42
22,43,41
22,42,41
21,43,42
21,42,41
22,43,41
21,43,41
22,43,42
21,43,41
20,43,41
20,42,42
22,43,41
22,43,41
20,43,41
20,43,42
21,43,42
21,43,41
21,43,42
21,43,41
20,43,41
22,43,42
22,43,42
20,42,40
21,43,41
21,43,42
20,42,42
21,43,41
20,44,41
20,43,42
22,43,43
20,43,41
20,43,42
21,43,41
20,42,41
20,42,42
21,43,42
21,43,42
18,43,42
20,42,43
21,43,42
20,43,41
19,42,42
20,43,42
20,42,42
20,43,43
21,43,43
20,43,42
19,42,41
20,42,42
20,43,42
19,42,42
19,43,42
19,42,42
20,42,42
20,43,42
20,42,43
20,42,42
19,43,43
18,42,43
19,43,43
19,43,43
18,42,43
19,42,43
20,41,44
20,40,44
15,38,41
15,38,47
15,30,53
13,27,55
10,26,48
11,20,40
16,22,37
22,21,37
22,20,33
39,28,39
36,28,38
40,26,37
42,27,37
50,32,45
48,29,45
43,32,44
39,33,47
44,28,52
36,31,48
39,32,52
36,34,53
32,32,55
28,30,57
29,29,60
24,26,61
16,24,57
8,22,58
6,22,57
-3,25,54
-9,24,54
-15,23,52
-22,26,54
-26,25,55
-35,24,56
-36,24,57
-38,25,60
-39,24,61
-44,15,58
-41,13,60
-23,22,62
-15,24,60
-7,25,52
-3,26,51
2,27,49
5,27,49
7,28,51
8,29,55
6,29,56
2,27,59
-2,26,60
-7,24,62
-12,24,62
-17,23,63
-17,23,63
-15,24,63
-15,24,62
-15,25,58
-11,25,55
-10,25,54
-8,25,53
-7,25,52
-7,27,52
-8,27,52
-8,28,55
-9,27,56
-12,25,58
-13,24,59
-14,23,60
-13,23,61
-13,23,61
-13,24,60
-13,24,59
-13,25,59
-13,25,58
-14,25,57
-14,25,57
-14,24,56
-15,24,56
-15,23,57
-14,24,58
-13,23,59
-13,23,59
-12,23,60
-12,23,58
-12,23,58
-12,23,57
-12,23,58
-12,23,58
-12,23,58
-12,23,57
-13,23,57
-12,24,57
-12,24,58
-12,24,59
-11,24,59
-12,23,59
-11,24,58
-10,24,58
-10,24,56
-11,24,55
-11,24,55
-11,24,55
-12,23,55
-13,23,56
-13,23,56
-14,22,56
-15,21,57
-14,19,55
-17,19,54
-20,20,52
-19,19,49
-19,20,46
-17,21,47
-13,23,47
-13,23,47
-14,24,48
-14,25,49
-22,27,49
-31,28,52
-41,29,55
-42,30,59
-43,30,63
-42,27,65
-43,25,62
-41,25,61
-39,25,60
-38,24,52
-37,24,48
-38,24,44
-37,25,43
-36,25,43
-36,25,43
-35,23,44
-33,22,47
-33,23,48
-32,22,49
-32,22,49
-33,23,51
-34,24,50
-35,24,49
-35,25,49
-35,25,48
-35,26,48
-35,25,47
-35,25,47
-34,26,48
-36,26,48
-36,26,48
-38,26,49
-39,26,51
-38,25,50
-37,24,49
-35,25,45
-36,26,43
-37,28,40
-37,28,40
-38,29,43
-39,30,46
-41,30,50
-41,32,50
-41,32,48
-40,33,42
-37,34,39
-37,36,32
-37,37,30
-38,38,26
-38,38,26
-37,37,27
-37,37,27
-40,36,33
-41,34,36
-37,33,41
-36,33,48
-37,31,47
-28,28,41
-32,28,41
-42,26,41
-38,24,46
-31,26,53
-30,29,55
-36,38,49
-34,41,45
-32,45,35
-28,46,28
-29,46,27
-33,49,29
-26,49,29
-24,43,31
-27,40,33
-34,41,40
-26,38,35
-31,28,24
-47,26,27
-55,24,38
-53,22,41
-48,19,44
-56,15,43
-56,11,46
-51,7,47
-50,6,49
-48,5,51
-48,5,50
-47,5,49
-47,6,48
-47,7,46
-47,8,46
-48,10,43
-48,11,42
-49,13,39
-48,14,37
-48,14,36
-49,15,34
-51,15,33
-55,14,32
-55,13,33
-57,11,36
-57,10,37
-55,8,39
-52,7,39
-47,6,39
-44,5,40
-44,4,43
-46,3,45
-48,2,47
-49,1,49
-48,2,49
-48,4,47
-49,3,46
-48,0,42
-46,-2,42
-44,-4,44
-43,-4,44
-43,-7,42
-44,-8,42
-44,-10,43
-42,-11,46
-41,-11,47
-41,-10,46
-41,-10,45
-41,-7,45
-43,-7,45
-45,-5,45
-47,-4,46
-53,-4,47
-56,-6,46
-61,-12,43
-60,-16,41
-50,-17,38
-47,-17,32
-48,-16,30
-48,-14,26
-49,-13,26
-57,-16,27
-59,-17,28
-59,-17,31
-59,-17,33
-60,-16,34
-60,-15,34
-58,-13,33
-57,-13,32
-56,-13,31
-61,-17,29
-60,-19,28
-54,-22,26
-53,-23,25
-49,-27,23
-47,-26,23
-44,-27,30
-39,-26,35
-35,-29,42
-36,-32,43
-37,-33,45
-35,-32,47
-34,-34,51
-32,-34,61
-34,-30,66
-44,-11,60
-48,-8,51
-66,-8,36
-67,-5,28
-61,2,25
-59,2,23
-52,-5,29
-40,-16,33
-45,-29,46
-47,-30,48
-25,-29,53
-23,-24,52
-23,-22,48
-21,-20,54
-19,-21,56
-16,-25,57
-27,-26,57
-25,-21,63
-20,-19,61
-26,-20,53
-26,-21,56
-24,-22,59
-31,-21,56
-29,-21,56
-26,-20,59
-26,-19,58
-34,-20,53
-35,-20,54
-29,-24,50
-32,-30,48
-55,-49,43
-82,-58,37
-47,-37,27
-56,-27,22
-77,20,34
-38,20,51
-5,1,53
-39,-11,56
-50,-7,42
-49,-9,17
-53,-8,19
-69,-16,7
-69,-17,3
-82,-8,-9
-80,-9,-12
-51,-8,-1
-55,-2,1
-73,3,-5
-59,-1,-7
-63,-1,4
-69,-4,5
-72,-6,2
-69,-6,9
-70,-9,6
-69,-14,2
-66,-13,5
-57,-11,5
-60,-11,2
-59,-10,1
-57,-9,4
-59,-6,10
-68,-6,2
-68,-8,5
-62,2,10
-66,3,6
-66,-2,3
-68,-4,6
-60,-2,16
-61,-2,13
-64,-3,5
-65,-4,8
-64,-3,9
-64,-4,12
-67,-6,13
-67,-7,7
-68,-5,8
-63,-3,5
-60,-5,-1
-57,-5,-10
-62,-6,-13
-68,-9,-12
-68,-6,-14
-68,-4,-17
-66,-3,-21
-67,-4,-22
-65,-1,-18
-62,-1,-16
-61,-6,-10
-57,-5,-3
-68,-7,-1
-70,-8,-2
-60,-6,0
-62,-4,-1
-66,-1,-1
-65,0,2
-62,3,0
-64,3,-3
-67,1,-1
-69,1,-7
-71,4,-7
-69,7,-6
-63,5,-4
-66,6,-4
-63,6,-3
-66,6,-4
-63,4,-2
-67,0,-1
-66,1,0
-63,4,0
-68,5,-4
-71,6,-9
-61,6,-8
-60,6,-9
-66,8,-9
-62,7,-6
-62,5,-1
-66,7,-4
-60,8,-1
-61,4,2
-69,3,0
-74,4,0
-62,7,7
-69,5,5
-59,4,9
-59,4,14
-62,2,22
-67,0,25
-58,2,29
-40,3,29
-50,4,28
-55,-1,41
-56,-1,42
-50,5,41
-45,5,43
-40,3,46
-41,3,46
-45,2,43
-48,6,43
-45,3,43
-55,1,35
-51,1,35
-52,3,32
-61,4,26
-67,6,22
-63,7,23
-63,8,22
-68,7,19
-63,5,19
-59,4,18
-62,4,17
-62,2,24
-63,5,22
-61,6,19
-61,7,20
-67,7,20
-60,6,20
-57,5,24
-64,4,22
-59,5,28
-58,5,27
-58,3,26
-54,4,29
-62,6,25
-55,6,28
-56,5,28
-63,6,27
-60,5,27
-58,6,30
-60,6,30
-42,3,44
-49,5,38
-46,6,40
-47,7,39
-46,6,38
-49,5,34
-57,5,28
-62,6,24
-67,6,20
-63,8,20
-57,8,21
-63,8,11
-68,8,9
-69,10,5
-65,11,4
-70,11,5
-65,11,8
-61,6,6
-65,9,1
-70,11,-2
-58,11,9
-58,10,12
-66,10,8
-71,10,12
-63,11,15
-64,11,13
-65,10,9
-64,12,10
-61,11,11
-60,11,10
-57,5,24
-60,9,17
-62,10,16
-68,12,17
-61,11,21
-56,7,27
-58,6,29
-66,4,26
-60,5,30
-56,3,38
-67,2,34
-53,4,42
-43,4,46
-48,-5,42
-33,-3,56
-27,-4,56
-15,-6,56
-19,-5,60
3,-9,66
-2,-8,64
-17,-8,60
-15,-8,63
-11,-8,63
-5,-7,64
-2,-10,58
-9,-10,54
-11,-11,54
-5,-17,65
-20,-12,67
-29,-6,61
-28,-2,60
-29,3,54
-23,5,56
-14,-1,61
0,-11,69
0,-8,73
-12,1,62
-27,-6,45
17,-17,88
18,-14,78
-19,-1,53
-30,7,41
-6,-12,49
25,-30,91
1,-16,72
-22,-6,57
-25,7,32
1,-5,42
26,-19,97
0,-16,73
-30,-2,53
-17,3,49
-7,-4,50
13,-16,88
-3,-15,70
-26,1,58
-28,5,48
-7,2,42
23,-22,70
8,-22,77
-4,-18,78
-27,12,35
-30,13,16
43,-45,84
9,-23,82
-4,-21,80
-26,16,29
-25,15,13
51,-48,89
27,-28,113
-12,-14,65
-25,-2,47
-14,5,44
-1,-3,46
18,-14,78
7,-15,66
-14,-11,60
-3,-11,67
-6,-12,67
-24,-7,60
-24,-5,60
-12,-6,65
-21,-6,65
-34,-5,69
-29,-3,68
-32,5,54
-31,11,42
-21,21,17
-16,12,8
31,-29,127
20,-25,71
10,-28,69
3,-23,65
10,-20,62
4,-16,58
2,-15,60
-2,-13,62
1,-13,65
-6,-7,62
-11,-7,58
-12,2,52
-16,8,41
-20,23,14
25,-69,127
53,-12,119
5,-27,67
6,-24,72
11,-20,67
12,-18,61
7,-15,55
11,-15,58
17,-18,64
4,-15,62
1,-12,58
-4,-1,40
-13,9,24
-13,7,10
-1,-54,33
38,-21,88
-1,-25,64
-4,-17,70
6,-14,69
16,-16,57
15,-16,56
6,-12,55
4,-12,55
7,-13,59
-10,-13,55
-4,-13,58
0,-11,61
-6,-9,56
-19,-8,51
-30,-8,51
-36,-3,49
-39,-1,44
-62,0,34
-60,-1,36
-61,1,32
-70,2,30
-63,1,26
-65,1,24
-68,1,22
-62,1,19
-57,0,20
-67,1,13
-70,2,10
-64,2,9
-65,2,9
-68,1,6
-66,2,7
-63,2,6
-61,2,5
-66,3,4
-66,3,0
-61,4,0
-67,5,-2
-67,6,-4
-64,7,-3
-62,7,-3
-64,7,-4
-66,7,-4
-64,7,-3
-62,7,-2
-69,6,-1
-64,6,1
-60,7,-1
-67,7,-6
-66,8,-6
-62,7,0
-65,8,-2
-66,8,-3
-66,8,-1
-65,7,-1
-65,8,-2
-62,8,0
-64,7,-1
-69,9,0
-66,11,0
-67,13,-5
-65,10,1
-64,9,0
-61,10,-1
-63,11,-2
-64,11,-4
-63,12,-5
-62,12,-5
-63,12,-5
-64,13,-5
-64,12,-6
-63,12,-3
-64,12,-3
-65,12,-3
-70,12,-5
-68,12,-6
-64,12,-1
-71,13,-1
-75,12,-2
-67,11,3
-61,8,12
-65,6,17
-57,0,15
-40,-3,32
-55,4,41
-53,2,39
-44,2,46
-46,1,50
-46,0,46
-21,-7,52
-14,-8,57
-12,-8,61
-17,-9,55
-16,-5,56
-16,-7,59
-30,-9,52
-30,-6,50
-41,-7,54
-20,-3,67
-27,-3,59
-30,-1,52
-29,-3,58
-19,-9,67
-34,-7,54
-35,4,44
-28,-1,51
-2,-14,86
-13,-7,69
-43,6,39
-32,4,41
-5,-16,81
-19,-11,59
-43,-5,39
-31,-3,48
-24,-9,63
-23,-10,54
-30,-9,48
-30,-9,54
-34,-7,55
-33,-5,52
-32,-5,52
-32,-3,59
-37,-3,62
-46,-3,51
-39,-1,48
-38,-3,54
-49,-7,41
-48,-7,40
-43,-5,48
-39,-5,45
-43,-5,36
-49,-7,34
-57,-7,32
-57,-8,29
-64,-7,27
-63,-6,27
-59,-5,31
-59,-7,30
-60,-6,30
-63,-6,27
-62,-6,29
-59,-7,27
-60,-5,24
-57,-6,28
-55,-7,32
-60,-6,22
-63,-4,23
-58,-6,26
-57,-6,25
-61,-6,24
-56,-6,30
-57,-7,27
-60,-6,25
-56,-6,25
-55,-9,23
-59,-9,20
-64,-8,17
-63,-9,18
-54,-10,23
-56,-10,17
-66,-9,11
-64,-8,7
-62,-7,7
-60,-6,6
-64,-5,4
-64,-6,-1
-68,-5,-7
-70,-3,-13
-66,-3,-12
-64,-2,-14
-65,-1,-19
-62,-1,-26
-61,0,-26
-59,0,-30
-63,-1,-33
-57,-1,-33
-56,1,-37
-54,2,-39
-53,4,-39
-51,4,-38
-54,7,-41
-55,7,-39
-51,8,-34
-53,8,-35
-58,7,-35
-53,7,-32
-59,7,-33
-60,7,-31
-56,7,-29
-59,6,-30
-63,6,-30
-55,6,-24
-52,5,-19
-61,6,-22
-60,7,-27
-59,10,-24
-56,9,-22
-62,8,-20
-60,10,-20
-57,10,-19
-59,10,-18
-64,9,-16
-64,7,-10
-62,8,-11
-65,9,-14
-65,10,-15
-61,13,-10
-65,12,-16
-64,13,-12
-59,13,-5
-72,10,-12
-67,10,-6
-53,10,8
-69,8,7
-69,8,7
-59,12,15
-62,14,13
-60,12,23
-52,12,27
-62,13,28
-58,14,32
-49,17,34
-56,16,37
-51,16,42
-48,15,42
-41,18,45
-42,18,42
-37,17,45
-36,15,45
-43,25,48
-36,20,51
-28,18,54
-23,18,54
-18,17,59
-40,15,50
-44,19,52
-27,23,51
-43,21,43
-37,18,53
-37,18,40
-47,19,28
-61,15,11
-58,15,12
-51,11,-1
-61,13,-16
-47,16,-16
-55,19,-30
-65,21,-37
-57,20,-36
-55,21,-39
-52,18,-35
-54,17,-35
-70,15,-38
-63,14,-37
-47,12,-28
-53,13,-32
-34,9,-27
-42,7,-23
-54,4,-25
-53,4,-27
-57,6,-33
-60,6,-34
-52,4,-30
-47,4,-29
-67,7,-36
-42,5,-27
-46,5,-27
-67,4,-35
-54,1,-27
-67,-2,-33
-66,-2,-34
-58,-5,-27
-62,-6,-27
-61,-8,-24
-61,-11,-23
-62,-16,-21
-70,-15,-23
-66,-17,-25
-63,-21,-11
-62,-20,-5
-67,-23,-5
-71,-21,-3
-66,-18,-1
-58,-18,4
-59,-22,3
-60,-22,6
-57,-25,9
-59,-26,12
-66,-24,9
-64,-25,8
-60,-25,8
-52,-27,8
-57,-29,7
-59,-27,3
-56,-27,3
-56,-27,7
-60,-26,9
-67,-23,5
-67,-22,7
-58,-21,13
-62,-19,13
-80,-24,14
-49,-18,25
-58,-22,23
-52,-22,28
-51,-23,28
-44,-27,29
-46,-29,24
-46,-28,29
-52,-29,25
-57,-26,24
-57,-30,22
-56,-28,24
-57,-28,23
-58,-29,22
-57,-28,20
-58,-29,20
-56,-34,16
-54,-36,16
-53,-37,14
-55,-38,11
-50,-39,6
-52,-38,1
-47,-40,-6
-47,-35,-7
-46,-39,-33
-57,-33,-39
-58,-27,-42
-71,-21,-48
-75,-14,-49
-72,-13,-43
-72,-12,-36
-67,-19,-23
-72,-23,-17
-70,-24,-5
-60,-23,2
-52,-17,3
-54,-15,3
-56,-8,5
-55,-6,6
-51,-1,13
-63,-2,12
-71,-2,14
-68,-3,29
-57,-5,34
-48,-11,42
-53,-9,46
-41,-6,49
-30,-8,48
-26,-5,54
-28,-2,53
-22,2,51
-20,0,52
-26,-5,56
-21,-6,63
-13,-11,69
-20,-4,65
-18,-1,62
-20,-5,68
-31,-7,72
-38,-10,68
-38,-11,61
-30,-7,49
-26,-4,46
-25,0,42
-26,0,43
-32,1,51
-44,-5,58
-41,-4,60
-30,1,59
-33,2,52
-44,2,47
-46,2,44
-44,2,52
-46,1,51
-46,-2,46
-48,-5,43
-47,-9,37
-43,-8,41
-43,-8,44
-48,-6,48
-49,-5,45
-50,-4,45
-52,-8,46
-62,-20,43
-64,-23,41
-51,-21,38
-42,-19,39
-35,-20,37
-39,-22,32
-52,-26,19
-53,-29,21
-55,-28,26
-61,-22,33
-60,-20,31
-57,-17,33
-53,-18,33
-48,-18,41
-49,-18,39
-63,-14,30
-64,-12,32
-57,-9,28
-49,-6,26
-55,-1,18
-55,5,12
-60,9,11
-61,16,12
-70,14,9
-88,6,-4
-88,9,-8
-72,12,-7
-67,9,-6
-65,3,-6
-65,3,-4
-64,-2,-3
-59,-2,-1
-51,3,0
-51,2,0
-52,2,1
-52,0,6
-53,-2,9
-61,-5,10
-67,-5,9
-73,-5,9
-71,-5,8
-68,-4,6
-67,-2,7
-72,0,3
-74,0,-1
-80,-3,-8
-78,-3,-10
-73,-3,-10
-63,-4,-3
-58,-7,0
-54,-14,2
-51,-15,5
-54,-15,5
-60,-15,2
-64,-12,1
-64,-10,2
-60,-7,6
-60,-6,6
-63,-2,5
-64,3,4
-64,4,2
-65,6,-1
-66,7,-2
-68,8,-6
-70,8,-7
-83,1,-13
-86,-2,-16
-73,-1,-15
-66,0,-12
-63,-3,-12
-65,-4,-12
-63,-3,-12
-62,-2,-10
-59,-2,-9
-55,-3,-7
-55,-4,-5
-55,-4,-4
-58,-4,-5
-61,-4,-4
-62,-4,-5
-65,-1,-7
-68,0,-8
-74,2,-11
-74,4,-11
-74,5,-12
-73,6,-11
-73,7,-9
-74,3,-6
-73,-2,-1
-66,-12,6
-59,-14,10
-55,-15,13
-56,-16,12
-57,-16,12
-56,-15,12
-54,-11,12
-55,-7,11
-57,-5,12
-61,0,11
-62,2,11
-69,6,9
-72,6,8
-73,3,6
-71,2,6
-65,3,6
-64,4,5
-68,4,1
-72,2,-2
-77,-1,-5
-74,-1,-4
-72,-1,-3
-65,-3,-1
-61,-3,1
-58,-2,1
-58,-2,0
-64,-2,-5
-65,-2,-7
-66,-1,-8
-65,1,-8
-64,3,-7
-63,4,-5
-62,6,-3
-64,6,-1
-64,5,-1
-69,4,0
-70,3,1
-71,4,3
-71,4,4
-68,5,7
-65,6,9
-66,9,10
-67,11,11
-67,11,14
-67,10,16
-64,4,20
-55,2,22
-53,3,22
-54,7,25
-57,7,23
-57,9,26
-54,11,28
-51,12,31
-50,11,31
-48,11,31
-46,11,32
-52,9,32
-55,6,29
-56,1,31
-44,-3,37
-43,-8,40
-54,-14,38
-49,-16,39
-35,-22,46
-40,-24,49
-40,-29,47
-31,-29,52
-29,-26,56
-31,-26,53
-32,-28,53
-26,-26,59
-28,-25,57
-30,-24,52
-26,-23,54
-22,-25,55
-26,-26,54
-28,-25,52
-25,-24,53
-28,-26,54
-29,-26,53
-29,-25,52
-28,-24,52
-28,-25,53
-28,-24,53
-28,-24,52
-26,-24,53
-27,-24,53
-28,-25,53
-26,-25,54
-24,-25,53
-23,-24,53
-24,-24,53
-24,-24,54
-25,-24,54
-25,-23,53
-27,-23,53
-28,-23,53
-28,-23,53
-28,-23,53
-28,-23,53
-26,-23,53
-27,-23,53
-29,-25,53
-28,-25,54
-27,-25,54
-27,-25,54
-26,-25,54
-27,-25,55
-27,-25,53
-26,-24,53
-28,-24,54
-29,-25,55
-29,-25,55
-28,-23,54
-29,-23,53
-32,-22,54
-34,-21,54
-37,-22,53
-36,-22,54
-33,-19,54
-34,-17,53
-36,-17,49
-37,-16,52
-37,-15,52
-40,-14,49
-42,-12,49
-44,-11,47
-43,-10,46
-45,-7,45
-46,-7,42
-48,-4,42
-43,-2,45
-43,-1,45
-43,1,44
-44,3,45
-44,4,45
-43,5,45
-42,6,46
-42,7,45
-43,7,42
-46,7,41
-48,7,42
-46,6,42
-50,7,42
-48,6,43
-47,4,42
-49,4,43
-47,7,45
-44,7,44
-43,6,43
-47,7,44
-47,8,43
-45,7,44
-46,7,44
-47,6,45
-47,6,46
-46,7,45
-46,6,45
-46,7,46
-45,7,45
-46,7,46
-45,8,46
-45,8,45
-45,8,46
-44,8,45
-44,8,44
-44,8,43
-43,7,43
-43,6,43
-43,6,43
-43,6,43
-44,6,45
-44,6,45
-45,5,46
-43,6,47
-44,6,47
-45,6,48
-44,7,49
-45,7,48
-46,8,47
-46,10,46
-47,9,45
-47,9,45
-46,9,45
-46,8,44
-46,8,44
-46,6,43
-45,5,43
-43,5,42
-44,5,42
-44,5,41
-46,6,43
-47,6,44
-47,7,46
-47,7,46
-46,9,47
-46,9,46
-47,10,45
-48,10,45
-49,10,45
-48,9,44
-48,9,43
-46,9,42
-46,9,41
-46,8,41
-46,8,42
-48,8,43
-49,7,44
-49,6,46
-48,7,46
-47,8,47
-48,8,45
-49,9,44
-49,9,39
-49,9,36
-49,9,31
-49,8,30
-50,6,28
-51,5,29
-50,3,33
-50,3,35
-53,2,39
-54,2,41
-56,2,42
-56,3,41
-57,3,39
-57,4,35
-57,3,33
-58,5,33
-57,6,32
-56,3,28
-56,3,28
-55,2,30
-56,2,30
-55,0,30
-56,-1,31
-57,0,31
-58,-3,30
-59,-3,29
-58,-3,31
-56,-3,32
-51,-2,29
-46,-1,28
-40,-4,27
-40,-9,27
-45,-12,15
-53,-14,3
-77,-17,-11
-73,-16,-12
-64,-12,-15
-68,-16,-22
-66,-18,-22
-62,-23,-26
-64,-25,-31
-64,-25,-29
-57,-26,-28
-52,-27,-23
-52,-30,-28
-51,-31,-25
-49,-31,-21
-55,-31,-28
-56,-34,-34
-54,-31,-30
-49,-30,-28
-47,-31,-30
-50,-33,-34
-50,-32,-33
-46,-31,-30
-47,-33,-31
-50,-32,-30
-48,-32,-28
-47,-32,-30
-47,-32,-29
-47,-31,-29
-47,-32,-30
-47,-31,-28
-46,-32,-29
-48,-31,-32
-47,-33,-30
-46,-31,-29
-47,-36,-33
-47,-36,-34
-46,-34,-30
-45,-33,-30
-46,-33,-33
-46,-33,-34
-45,-33,-32
-45,-33,-32
-44,-33,-32
-45,-33,-32
-45,-34,-33
-45,-33,-33
-45,-33,-32
-44,-33,-31
-44,-33,-32
-45,-34,-33
-45,-34,-32
-43,-35,-32
-43,-35,-33
-43,-35,-34
-43,-34,-34
-44,-33,-33
-44,-34,-33
-44,-34,-34
-43,-34,-35
-43,-34,-34
-44,-33,-34
-43,-33,-34
-44,-34,-35
-43,-34,-34
-45,-33,-34
-44,-33,-34
-44,-33,-34
-42,-33,-35
-43,-33,-36
-44,-33,-36
-43,-33,-36
-43,-33,-36
-43,-34,-37
-43,-33,-36
-43,-33,-35
-42,-33,-35
-42,-34,-36
-42,-33,-36
-42,-33,-36
-42,-33,-35
-42,-34,-34
-42,-34,-35
-43,-33,-36
-43,-33,-36
-41,-34,-36
-41,-34,-35
-42,-33,-36
-42,-34,-36
-42,-33,-36
-42,-34,-36
-42,-33,-36
-42,-33,-35
-41,-33,-36
-41,-34,-37
-41,-33,-37
-42,-33,-37
-43,-33,-36
-42,-33,-37
-43,-33,-38
-43,-32,-37
-43,-33,-36
-42,-33,-37
-41,-33,-38
-41,-33,-38
-41,-33,-38
-41,-33,-37
-41,-33,-39
-41,-33,-39
-42,-33,-38
-42,-33,-37
-41,-33,-36
-40,-33,-38
-41,-33,-39
-41,-33,-39
-43,-33,-38
-42,-33,-37
-39,-33,-36
-40,-33,-37
-42,-34,-37
-40,-33,-38
-40,-33,-37
-40,-33,-37
-41,-34,-38
-40,-34,-39
-41,-33,-39
-35,-30,-43
-36,-30,-45
-38,-34,-39
-40,-35,-39
-42,-35,-26
-41,-36,-28
-44,-36,-39
-41,-32,-41
-40,-32,-40
-38,-34,-41
-37,-33,-40
-38,-34,-38
-39,-34,-38
-40,-34,-38
-39,-34,-38
-40,-34,-37
-41,-34,-37
-42,-34,-37
-42,-34,-36
-40,-34,-36
-39,-34,-37
-40,-34,-37
-39,-34,-38
-39,-34,-38
-39,-34,-40
-38,-34,-40
-39,-33,-40
-38,-33,-40
-37,-34,-41
-38,-33,-40
-39,-33,-40
-39,-34,-38
-39,-35,-39
-39,-35,-39
-38,-35,-38
-39,-35,-38
-38,-36,-38
-37,-37,-39
-37,-37,-38
-37,-37,-38
-38,-36,-36
-39,-36,-39
-40,-36,-40
-38,-36,-38
-38,-36,-38
-38,-36,-37
-40,-37,-37
-39,-37,-37
-37,-36,-36
-38,-37,-38
-39,-36,-39
-38,-36,-37
-39,-36,-33
-40,-36,-34
-40,-36,-38
-40,-36,-37
-40,-36,-34
-38,-36,-35
-39,-36,-35
-42,-36,-35
-42,-36,-35
-40,-36,-34
-40,-36,-35
-42,-35,-35
-43,-35,-35
-42,-35,-35
-41,-35,-35
-41,-35,-34
-42,-36,-35
-41,-35,-35
-42,-36,-37
-41,-35,-36
-40,-36,-35
-41,-35,-35
-42,-36,-36
-42,-35,-35
-41,-35,-34
-41,-35,-34
-42,-35,-34
-42,-36,-34
-41,-35,-35
-42,-35,-35
-41,-35,-36
-41,-35,-35
-42,-35,-36
-41,-35,-35
-41,-35,-34
-41,-35,-34
-42,-35,-35
-42,-35,-36
-42,-34,-36
-41,-35,-35
-41,-35,-35
-42,-34,-36
-41,-34,-36
-41,-35,-35
-42,-35,-35
-42,-35,-36
-42,-34,-36
-41,-34,-36
-42,-34,-34
-42,-34,-34
-40,-34,-38
-39,-35,-39
-39,-33,-35
-40,-34,-36
-41,-34,-37
-41,-33,-36
-41,-33,-36
-40,-32,-37
-40,-32,-38
-39,-31,-39
-40,-31,-40
-40,-32,-41
-40,-31,-40
-38,-30,-43
-38,-29,-45
-38,-30,-44
-37,-30,-44
-37,-31,-43
-35,-30,-44
-37,-29,-46
-37,-29,-48
-37,-29,-48
-37,-28,-47
-37,-28,-46
-37,-28,-45
-38,-27,-46
-40,-28,-47
-38,-28,-46
-36,-30,-45
-36,-31,-45
-38,-31,-44
-36,-31,-42
-37,-31,-41
-38,-29,-42
-40,-27,-41
-44,-28,-39
-46,-29,-39
-45,-31,-37
-44,-32,-35
-48,-33,-35
-49,-33,-31
-48,-32,-30
-47,-31,-28
-47,-30,-29
-48,-31,-28
-50,-32,-27
-48,-32,-24
-46,-32,-23
-47,-34,-25
-48,-34,-26
-49,-35,-25
-48,-35,-25
-48,-35,-26
-47,-35,-26
-48,-35,-26
-48,-35,-25
-50,-35,-24
-50,-35,-24
-50,-35,-24
-49,-34,-23
-49,-34,-23
-48,-33,-25
-49,-33,-24
-49,-33,-25
-49,-34,-25
-50,-34,-24
-51,-34,-24
-49,-35,-23
-48,-34,-22
-50,-34,-24
-49,-34,-25
-49,-34,-24
-50,-33,-25
-50,-33,-24
-51,-33,-25
-52,-33,-24
-51,-33,-24
-50,-33,-23
-49,-34,-23
-49,-34,-23
-49,-34,-24
-49,-34,-25
-49,-34,-25
-49,-34,-25
-49,-33,-25
-49,-33,-25
-50,-34,-25
-50,-34,-25
-50,-34,-25
-49,-34,-24
-49,-34,-24
-49,-34,-24
-50,-34,-25
-50,-34,-25
-51,-34,-26
-50,-33,-25
-49,-33,-24
-50,-33,-25
-53,-33,-25
-50,-33,-24
-49,-33,-23
-50,-33,-24
-51,-33,-23
-51,-34,-24
-52,-32,-23
-50,-33,-23
-52,-33,-23
-52,-34,-21
-51,-34,-20
-52,-34,-19
-52,-34,-17
-52,-34,-19
-53,-35,-19
-55,-35,-16
-50,-34,-13
-53,-35,-17
-53,-35,-18
-54,-35,-19
-52,-34,-16
-51,-36,-16
-52,-36,-16
-52,-36,-15
-51,-34,-15
-51,-35,-14
-51,-36,-13
-51,-36,-13
-53,-36,-14
-54,-35,-14
-54,-35,-14
-54,-36,-15
-52,-35,-14
-51,-34,-15
-51,-33,-15
-53,-34,-15
-53,-35,-17
-51,-35,-16
-51,-33,-15
-52,-33,-16
-53,-33,-17
-54,-34,-19
-54,-34,-19
-53,-34,-17
-51,-33,-16
-51,-33,-19
-52,-33,-19
-54,-33,-19
-50,-33,-22
-50,-33,-21
-50,-33,-23
-49,-33,-24
-49,-32,-24
-50,-32,-25
-50,-33,-24
-52,-33,-24
-54,-32,-24
-54,-32,-23
-50,-32,-25
-50,-32,-25
-49,-33,-26
-47,-32,-28
-48,-31,-29
-48,-30,-28
-49,-30,-28
-46,-30,-31
-49,-29,-34
-46,-28,-35
-46,-28,-35
-48,-28,-40
-47,-26,-37
-44,-25,-36
-44,-26,-39
-44,-27,-41
-44,-26,-37
-43,-27,-38
-40,-28,-40
-41,-29,-41
-45,-28,-37
-48,-29,-36
-50,-27,-33
-47,-31,-36
-43,-30,-41
-43,-31,-43
-43,-29,-37
-44,-28,-39
-43,-28,-40
-42,-28,-40
-41,-28,-38
-42,-29,-37
-42,-29,-37
-43,-29,-37
-43,-29,-38
-43,-29,-38
-43,-29,-38
-43,-30,-37
-39,-30,-39
-44,-28,-38
-43,-29,-38
-42,-29,-38
-43,-29,-38
-43,-29,-38
-42,-28,-39
-43,-29,-40
-43,-28,-39
-42,-28,-38
-43,-28,-40
-44,-28,-40
-43,-28,-38
-42,-28,-38
-43,-29,-39
-43,-28,-39
-43,-28,-38
-44,-28,-38
-44,-28,-39
-43,-28,-40
-43,-28,-40
-43,-27,-38
-43,-28,-39
-43,-27,-40
-42,-27,-39
-43,-27,-38
-44,-27,-39
-43,-28,-38
-43,-27,-39
-44,-27,-39
-44,-28,-39
-43,-28,-38
-44,-27,-38
-43,-27,-39
-43,-27,-39
-44,-27,-39
-44,-27,-39
-43,-27,-38
-43,-27,-40
-44,-28,-41
-45,-26,-37
-46,-25,-36
-42,-26,-38
-44,-26,-40
-45,-26,-39
-45,-26,-38
-45,-26,-38
-45,-26,-39
-44,-26,-39
-45,-26,-39
-45,-26,-39
-44,-26,-38
-45,-26,-39
-44,-26,-39
-44,-26,-39
-44,-26,-39
-44,-26,-39
-44,-26,-39
-44,-26,-39
-44,-26,-39
-44,-26,-39
-44,-26,-39
-45,-26,-39
-45,-26,-39
-44,-26,-39
-44,-26,-39
-44,-26,-39
-44,-26,-39
-44,-26,-39
-44,-26,-39
-44,-26,-39
-44,-26,-39
-44,-26,-39
-44,-26,-39
-44,-26,-39
-44,-26,-40
-44,-26,-39
-44,-26,-39
-44,-26,-39
-44,-26,-39
-44,-26,-39
-44,-26,-39
-44,-26,-39
-44,-26,-39
-44,-26,-39
-44,-26,-39
-45,-26,-39
-44,-26,-39
-45,-26,-39
-44,-26,-39
-44,-26,-39
-44,-26,-38
-44,-26,-38
-44,-26,-39
-44,-26,-39
-44,-26,-39
-44,-26,-39
-44,-26,-39
-44,-26,-39
-44,-26,-39
-44,-26,-39
-44,-26,-38
-45,-26,-39
-45,-26,-39
-45,-26,-39
-44,-26,-38
-44,-26,-38
-45,-27,-38
-45,-27,-38
-45,-27,-38
-44,-27,-38
-45,-27,-38
-45,-27,-37
-45,-28,-38
-45,-27,-38
-45,-27,-37
-45,-27,-37
-45,-27,-37
-46,-27,-35
-46,-27,-37
-45,-27,-38
-44,-26,-39
-45,-27,-38
-45,-27,-36
-46,-27,-36
-47,-29,-35
-46,-29,-35
-45,-29,-35
-45,-29,-35
-46,-30,-35
-47,-30,-34
-46,-30,-33
-46,-30,-34
-46,-30,-34
-47,-29,-36
-47,-29,-35
-47,-28,-35
-47,-28,-36
-46,-27,-36
-46,-27,-36
-48,-27,-36
-48,-27,-35
-48,-28,-36
-47,-27,-33
-47,-26,-31
-48,-27,-35
-47,-28,-34
-47,-29,-33
-47,-29,-33
-47,-30,-35
-47,-29,-33
-48,-28,-31
-48,-29,-31
-48,-30,-32
-47,-29,-32
-47,-29,-32
-47,-29,-33
-48,-30,-33
-47,-29,-32
-47,-29,-32
-47,-29,-32
-47,-30,-33
-48,-31,-32
-48,-31,-31
-48,-31,-31
-48,-32,-31
-48,-32,-30
-48,-31,-30
-47,-31,-29
-48,-31,-30
-49,-31,-30
-49,-31,-30
-49,-31,-30
-48,-32,-28
-48,-32,-28
-48,-33,-28
-48,-33,-27
-49,-33,-27
-49,-33,-26
-49,-33,-27
-49,-33,-26
-49,-33,-27
-48,-34,-27
-49,-34,-27
-49,-34,-25
-49,-34,-25
-50,-34,-24
-49,-34,-25
-50,-35,-25
-49,-35,-24
-51,-35,-23
-52,-35,-24
-49,-34,-24
-48,-34,-25
-48,-35,-23
-50,-34,-22
-49,-34,-24
-48,-35,-24
-48,-35,-21
-50,-35,-21
-50,-34,-22
-51,-34,-23
-50,-34,-24
-50,-34,-23
-50,-34,-23
-50,-34,-23
-50,-34,-23
-50,-34,-23
-51,-34,-23
-51,-34,-23
-51,-32,-23
-51,-33,-24
-50,-32,-24
-50,-32,-23
-49,-32,-24
-51,-33,-24
-50,-33,-24
-49,-33,-24
-50,-33,-22
-51,-34,-21
-51,-34,-20
-51,-34,-21
-52,-35,-23
-51,-34,-23
-51,-33,-23
-52,-33,-23
-51,-32,-23
-50,-33,-23
-50,-33,-24
-49,-33,-23
-49,-34,-22
-51,-37,-23
-48,-36,-19
-49,-35,-19
-50,-35,-22
-50,-34,-22
-50,-34,-22
-49,-34,-20
-48,-37,-19
-47,-39,-21
-43,-38,-21
-43,-37,-22
-42,-37,-25
-41,-37,-25
-39,-38,-26
-41,-39,-29
-39,-39,-29
-34,-43,-30
-36,-43,-33
-44,-44,-40
-45,-44,-40
-42,-45,-37
-42,-46,-35
-40,-46,-31
-39,-47,-29
-39,-49,-26
-39,-49,-25
-38,-50,-25
-34,-50,-24
-32,-51,-22
-31,-51,-23
-30,-52,-23
-30,-52,-21
-31,-52,-22
-34,-53,-21
-35,-53,-21
-36,-53,-19
-36,-53,-18
-35,-53,-18
-34,-53,-17
-32,-53,-17
-30,-53,-17
-31,-53,-17
-31,-53,-18
-32,-53,-18
-33,-53,-19
-34,-52,-19
-34,-52,-20
-34,-52,-20
-34,-51,-21
-34,-51,-21
-34,-50,-21
-34,-51,-21
-34,-51,-20
-33,-52,-19
-33,-52,-19
-33,-53,-20
-33,-53,-20
-33,-53,-19
-33,-53,-19
-33,-52,-20
-33,-52,-20
-32,-52,-19
-32,-52,-19
-32,-53,-19
-32,-53,-19
-32,-53,-19
-33,-53,-19
-33,-53,-20
-32,-52,-20
-32,-52,-20
-33,-53,-20
-33,-52,-20
-32,-52,-19
-32,-52,-19
-33,-52,-19
-33,-52,-19
-33,-52,-19
-33,-52,-20
-33,-52,-20
-33,-52,-20
-33,-52,-20
-33,-52,-19
-33,-52,-20
-34,-52,-19
-34,-52,-20
-33,-51,-20
-33,-51,-21
-33,-51,-20
-33,-51,-20
-33,-51,-20
-34,-51,-21
-34,-51,-21
-33,-51,-20
-33,-51,-20
-33,-52,-21
-33,-52,-21
-33,-52,-21
-33,-52,-20
-33,-52,-21
-33,-52,-21
-33,-52,-21
-33,-51,-21
-34,-51,-21
-33,-52,-21
-32,-52,-21
-32,-52,-21
-32,-52,-21
-33,-53,-21
-33,-53,-21
-33,-53,-21
-33,-53,-21
-33,-52,-21
-33,-52,-21
-33,-52,-20
-32,-53,-20
-31,-53,-19
-31,-53,-19
-32,-53,-19
-31,-53,-18
-31,-52,-17
-30,-53,-16
-30,-54,-15
-33,-55,-13
-31,-55,-9
-31,-56,-7
-33,-57,-6
-31,-58,-3
-30,-59,-1
-32,-59,-3
-32,-58,0
-31,-58,1
-31,-56,1
-32,-59,4
-29,-58,0
-23,-58,3
-20,-59,6
-19,-59,8
-19,-60,9
-20,-60,10
-22,-61,9
-21,-62,9
-21,-62,9
-21,-62,11
-19,-61,12
-17,-62,12
-17,-62,12
-16,-62,12
-15,-62,11
-16,-61,11
-17,-62,10
-18,-61,10
-18,-61,9
-19,-61,9
-20,-61,9
-20,-61,10
-20,-61,9
-20,-61,10
-20,-61,9
-19,-61,10
-19,-61,10
-19,-61,10
-19,-61,10
-19,-61,10
-19,-61,10
-19,-61,10
-19,-61,10
-19,-61,9
-19,-61,10
-19,-61,10
-19,-61,9
-20,-61,10
-20,-61,9
-20,-61,9
-19,-61,9
-19,-61,9
-19,-60,10
-19,-61,9
-20,-61,10
-20,-61,9
-20,-61,9
-20,-61,9
-20,-61,9
-20,-61,9
-19,-61,9
-19,-61,9
-19,-61,10
-19,-61,9
-20,-61,9
-20,-61,9
-20,-61,9
-20,-61,9
-20,-61,9
-20,-61,9
-20,-61,9
-20,-61,9
-19,-61,9
-20,-61,9
-20,-61,9
-19,-61,10
-19,-61,10
-19,-61,9
-20,-61,9
-20,-60,9
-21,-60,9
-20,-60,9
-21,-60,9
-21,-60,9
-20,-61,9
-19,-61,9
-19,-61,9
-18,-61,9
-19,-61,9
-19,-61,10
-20,-61,10
-21,-61,10
-20,-61,9
-19,-62,9
-19,-61,9
-18,-61,9
-18,-60,9
-19,-61,9
-20,-61,10
-20,-61,10
-20,-61,9
-21,-61,9
-21,-61,9
-20,-61,9
-19,-61,9
-19,-61,9
-20,-61,9
-20,-61,9
-20,-61,10
-21,-61,10
-20,-61,10
-19,-61,9
-19,-60,9
-19,-60,9
-19,-60,9
-19,-60,9
-20,-60,9
-20,-61,9
-20,-62,9
-20,-62,9
-20,-62,10
-20,-62,10
-20,-61,10
-19,-61,9
-19,-61,9
-20,-60,8
-20,-60,8
-20,-61,9
-21,-61,9
-22,-61,9
-21,-61,9
-21,-61,9
-20,-62,9
-19,-62,9
-19,-62,9
-19,-62,9
-19,-61,9
-19,-61,9
-19,-61,9
-19,-61,9
-19,-60,9
-20,-60,9
-20,-60,9
-21,-60,9
-21,-60,9
-21,-60,8
-22,-60,8
-22,-60,9
-22,-60,9
-22,-60,9
-22,-60,9
-23,-59,9
-23,-60,9
-23,-61,9
-22,-61,9
-23,-60,9
-23,-60,9
-23,-60,9
-22,-60,9
-22,-60,9
-22,-60,8
-22,-61,8
-22,-61,8
-22,-61,9
-22,-60,9
-22,-60,8
-22,-61,9
-21,-61,9
-21,-61,8
-21,-61,8
-21,-61,9
-20,-61,9
-20,-61,9
-20,-60,8
-20,-60,8
-21,-60,8
-21,-60,8
-22,-60,8
-22,-60,8
-22,-60,8
-22,-61,8
-22,-60,8
-22,-60,7
-22,-60,7
-22,-60,7
-22,-60,7
-23,-61,8
-23,-61,8
-23,-61,9
-23,-61,9
-23,-60,9
-23,-60,9
-23,-60,9
-23,-60,9
-23,-59,9
-23,-59,9
-23,-59,9
-24,-60,9
-24,-60,9
-25,-60,9
-25,-60,9
-25,-60,10
-25,-60,10
-24,-60,10
-24,-60,10
-24,-60,10
-24,-59,10
-24,-59,10
-24,-59,11
-24,-59,10
-24,-59,11
-24,-59,11
-25,-59,12
-25,-59,12
-26,-59,12
-26,-59,12
-26,-58,13
-26,-58,12
-26,-58,11
-26,-58,10
-26,-57,9
-26,-57,9
-26,-57,8
-26,-57,8
-26,-57,8
-27,-57,8
-28,-57,9
-30,-57,10
-30,-57,10
-30,-58,11
-30,-57,12
-30,-58,11
-30,-58,11
-35,-59,10
-37,-60,9
-38,-60,9
-40,-60,6
-39,-59,6
-39,-57,4
-39,-55,3
-38,-53,3
-38,-52,3
-39,-50,2
-40,-48,1
-42,-46,-1
-42,-45,-2
-45,-42,-2
-46,-41,-4
-47,-41,-5
-47,-38,-5
-48,-37,-5
-52,-35,-8
-52,-33,-11
-56,-31,-13
-58,-31,-14
-57,-32,-16
-56,-32,-16
-57,-30,-15
-57,-30,-16
-56,-28,-18
-51,-26,-17
-50,-26,-17
-50,-26,-22
-50,-26,-24
-48,-28,-25
-50,-29,-28
-51,-31,-35
-50,-31,-34
-48,-29,-34
-48,-29,-35
-47,-29,-38
-47,-29,-39
-45,-27,-36
-44,-28,-38
-45,-27,-39
-42,-27,-37
-41,-27,-38
-43,-26,-40
-43,-26,-41
-42,-26,-41
-43,-26,-41
-41,-26,-40
-41,-26,-39
-42,-26,-40
-42,-27,-40
-41,-27,-41
-41,-28,-41
-41,-29,-41
-41,-29,-41
-40,-29,-41
-40,-28,-40
-39,-28,-40
-38,-28,-42
-39,-28,-43
-40,-28,-48
-41,-29,-48
-42,-29,-45
-43,-28,-46
-45,-29,-42
-45,-29,-41
-46,-29,-40
-43,-30,-36
-43,-31,-36
-45,-30,-37
-42,-30,-36
-38,-29,-35
-39,-30,-35
-40,-30,-37
-41,-30,-38
-44,-31,-37
-45,-30,-36
-46,-31,-33
-52,-31,-32
-54,-32,-32
-48,-34,-31
-46,-34,-31
-42,-34,-31
-42,-35,-31
-41,-35,-31
-42,-36,-30
-42,-38,-25
-43,-38,-26
-43,-40,-27
-41,-38,-28
-40,-38,-32
-40,-39,-33
-41,-39,-32
-43,-40,-31
-44,-40,-30
-43,-40,-32
-43,-42,-33
-45,-42,-32
-45,-42,-31
-44,-39,-34
-41,-38,-36
-40,-37,-33
-40,-39,-36
-42,-41,-35
-37,-41,-27
-40,-39,-23
-39,-41,-25
-40,-41,-29
-40,-40,-33
-41,-40,-30
-41,-40,-27
-42,-39,-29
-43,-39,-29
-44,-40,-27
-43,-41,-30
-45,-37,-29
-47,-36,-23
-41,-40,-26
-41,-41,-27
-42,-39,-28
-43,-40,-27
-43,-40,-28
-43,-41,-27
-44,-40,-27
-43,-39,-28
-45,-39,-25
-47,-39,-25
-43,-39,-27
-44,-39,-28
-45,-39,-27
-41,-39,-28
-41,-40,-27
-43,-42,-26
-42,-41,-26
-41,-41,-28
-43,-40,-26
-44,-41,-25
-44,-41,-25
-44,-40,-26
-44,-41,-27
-43,-40,-27
-43,-40,-28
-42,-41,-27
-42,-41,-28
-42,-40,-27
-43,-41,-26
-43,-42,-25
-43,-41,-26
-41,-42,-27
-43,-43,-27
-41,-42,-27
-42,-39,-27
-41,-42,-28
-42,-43,-27
-43,-39,-26
-43,-42,-28
-42,-41,-28
-41,-40,-28
-44,-44,-27
-46,-44,-25
-42,-41,-24
-42,-41,-26
-44,-43,-22
-44,-43,-20
-44,-42,-21
-45,-42,-23
-44,-44,-21
-43,-44,-21
-45,-43,-19
-46,-44,-21
-48,-43,-21
-44,-43,-19
-44,-44,-18
-44,-44,-16
-44,-44,-16
-45,-43,-18
-45,-43,-15
-44,-43,-13
-45,-43,-12
-47,-42,-13
-48,-42,-12
-48,-42,-11
-47,-42,-10
-47,-43,-11
-48,-43,-11
-48,-43,-11
-47,-43,-11
-48,-43,-12
-47,-43,-11
-46,-43,-10
-46,-43,-11
-47,-43,-11
-47,-44,-12
-47,-44,-13
-46,-44,-13
-47,-44,-13
-47,-44,-14
-46,-44,-13
-46,-44,-13
-46,-44,-13
-46,-44,-14
-46,-44,-13
-45,-44,-13
-45,-44,-15
-44,-45,-16
-44,-45,-14
-43,-45,-15
-42,-45,-15
-43,-46,-16
-43,-46,-16
-44,-44,-13
-45,-44,-14
-46,-44,-18
-47,-44,-17
-47,-43,-14
-45,-43,-15
-46,-43,-17
-47,-44,-16
-45,-44,-17
-43,-43,-18
-45,-44,-18
-47,-45,-17
-46,-45,-16
-43,-43,-15
-42,-45,-16
-51,-44,-14
-48,-40,-14
-47,-42,-17
-46,-41,-15
-48,-41,-16
-45,-38,-18
-50,-43,-19
-45,-42,-17
-46,-41,-17
-47,-43,-18
-46,-44,-19
-44,-42,-16
-46,-43,-15
-46,-44,-15
-43,-44,-14
-45,-46,-15
-44,-44,-14
-48,-44,-12
-47,-43,-13
-45,-44,-11
-47,-43,-15
-46,-43,-14
-42,-42,-15
-42,-42,-16
-43,-45,-14
-47,-46,-16
-46,-44,-12
-42,-43,-16
-46,-43,-14
-46,-44,-15
-46,-41,-11
-50,-43,-15
-50,-44,-15
-44,-42,-14
-47,-43,-13
-51,-42,-15
-51,-42,-13
-49,-40,-13
-48,-43,-12
-47,-42,-12
-49,-43,-11
-51,-43,-12
-48,-41,-11
-48,-41,-11
-49,-41,-10
-50,-41,-10
-50,-40,-9
-53,-41,-9
-52,-40,-9
-50,-41,-8
-48,-39,-7
-49,-41,-6
-52,-41,-6
-51,-39,-5
-50,-40,-6
-51,-42,-7
-50,-40,-8
-50,-40,-7
-51,-41,-7
-49,-40,-6
-49,-41,-6
-52,-42,-4
-49,-40,-4
-51,-41,-4
-51,-41,-5
-51,-41,-5
-50,-42,-4
-49,-41,-4
-49,-41,-6
-50,-40,-5
-50,-40,-3
-50,-40,-2
-51,-39,0
-49,-40,0
-47,-39,-2
-50,-38,-3
-59,-38,1
-56,-39,3
-52,-39,-1
-51,-39,-2
-53,-37,2
-53,-36,0
-56,-37,2
-54,-36,2
-54,-37,4
-54,-39,4
-54,-39,3
-53,-36,1
-54,-37,2
-53,-39,3
-51,-39,4
-52,-39,2
-51,-38,2
-52,-40,1
-52,-41,2
-52,-41,3
-50,-41,4
-49,-40,3
-50,-40,-1
-50,-40,0
-49,-41,2
-50,-42,2
-51,-41,0
-51,-40,1
-52,-40,3
-51,-41,3
-49,-41,0
-51,-41,0
-51,-41,1
-50,-42,1
-48,-42,0
-49,-41,-2
-51,-41,0
-51,-41,3
-51,-41,2
-50,-41,1
-51,-41,2
-50,-42,3
-50,-42,3
-48,-42,1
-49,-42,1
-49,-43,2
-49,-43,1
-48,-43,1
-49,-42,1
-48,-43,0
-49,-43,0
-48,-43,1
-48,-42,0
-49,-42,0
-50,-42,-1
-48,-42,4
-48,-42,4
-48,-42,2
-50,-42,2
-50,-42,1
-50,-41,1
-49,-40,4
-50,-39,3
-52,-39,5
-53,-39,5
-52,-38,5
-52,-38,5
-54,-39,5
-53,-39,5
-53,-39,5
-52,-39,3
-52,-39,3
-50,-40,3
-50,-40,4
-52,-39,4
-52,-40,4
-50,-38,3
-53,-38,4
-53,-38,4
-53,-39,4
-51,-38,5
-53,-38,5
-51,-38,4
-52,-38,4
-52,-39,4
-50,-39,5
-51,-40,4
-54,-39,5
-54,-39,6
-51,-39,3
-51,-40,3
-51,-39,4
-52,-38,5
-52,-38,4
-52,-39,4
-51,-38,5
-52,-39,4
-53,-39,4
-52,-38,5
-52,-38,5
-52,-37,6
-54,-38,6
-53,-38,6
-52,-38,7
-53,-38,7
-53,-38,7
-52,-38,7
-53,-38,7
-53,-38,8
-53,-38,10
-53,-38,11
-53,-37,10
-54,-37,10
-57,-37,12
-59,-37,15
-64,-39,20
-67,-40,22
-68,-45,18
-64,-45,17
-62,-50,28
-44,-48,39
-32,-44,42
-33,-23,48
-32,-11,44
-35,1,32
-41,3,32
-26,12,44
-25,11,42
-18,8,38
-20,11,44
-31,6,48
-31,1,54
-50,-14,52
-39,-29,33
-40,-34,37
-44,-23,55
-37,-18,55
-38,-13,48
-40,-11,45
-43,-11,44
-44,-11,45
-44,-11,44
-46,-12,45
-47,-12,45
-44,-14,43
-44,-14,42
-42,-15,40
-45,-14,38
-52,-10,41
-45,-6,44
-40,-6,42
-43,-8,39
-47,-6,41
-45,-6,41
-52,-8,39
-55,-6,39
-55,-8,37
-52,-6,42
-51,-6,42
-50,-9,43
-51,-9,45
-54,-10,45
-54,-10,45
-51,-11,40
-51,-12,39
-51,-11,36
-53,-11,34
-51,-10,33
-51,-11,33
-52,-10,34
-54,-11,34
-53,-11,34
-54,-11,34
-54,-11,34
-55,-11,35
-54,-11,35
-54,-11,35
-54,-11,35
-55,-11,34
-55,-12,33
-56,-12,32
-57,-13,32
-58,-13,32
-57,-13,32
-57,-13,32
-56,-13,33
-56,-12,34
-56,-12,34
-56,-12,34
-56,-12,34
-55,-12,34
-56,-12,35
-55,-12,35
-53,-12,34
-52,-12,34
-51,-11,34
-51,-11,34
-51,-11,34
-52,-10,36
-52,-11,36
-53,-11,36
-52,-10,38
-52,-10,38
-53,-10,39
-51,-10,39
-50,-9,39
-51,-9,40
-51,-9,40
-51,-8,39
-51,-7,39
-51,-6,39
-51,-5,39
-51,-5,39
-51,-4,38
-52,-4,38
-52,-5,38
-51,-4,39
-52,-4,40
-51,-4,39
-51,-5,39
-50,-6,40
-49,-9,41
-48,-17,45
-48,-19,45
-45,-20,45
-46,-20,45
-53,-21,45
-55,-22,43
-58,-20,39
-61,-19,37
-65,-15,42
-68,-14,44
-65,-12,49
-66,-12,51
-64,-14,49
-57,-14,41
-54,-12,36
-56,-7,30
-56,-7,30
-58,-2,37
-60,1,40
-51,7,48
-43,11,51
-30,21,56
-25,25,57
-16,33,57
-17,40,54
-17,43,50
-10,47,45
-10,50,41
-13,52,30
-13,53,27
-9,47,16
-9,48,12
-12,46,0
-10,40,-6
-9,34,-16
-10,32,-23
-6,30,-33
4,34,-39
7,34,-41
14,29,-49
12,30,-55
22,32,-61
13,35,-64
15,38,-54
21,32,-46
26,34,-43
27,31,-49
18,37,-54
14,40,-57
21,41,-53
30,40,-48
31,38,-45
29,40,-37
26,40,-30
27,41,-17
27,41,-13
27,43,-5
22,47,8
21,47,20
18,50,30
-4,48,46
-12,40,51
-13,25,47
-29,20,62
-35,12,73
-34,8,82
-27,11,76
3,31,61
6,33,60
-7,24,63
-9,18,68
-9,18,70
-10,21,63
-9,19,61
-11,10,71
-26,17,53
-4,20,54
-1,13,63
-1,9,67
-6,13,62
-8,17,58
-9,18,54
-17,15,64
-20,15,59
-4,17,57
-3,13,65
1,11,63
5,8,70
6,3,74
6,4,57
-3,1,52
13,-8,67
14,-9,65
-21,-4,38
-36,11,23
-23,20,4
-25,33,-1
-15,55,4
-10,49,16
-30,47,27
-47,53,11
-58,58,11
-61,67,8
-58,70,7
-46,72,1
-47,72,0
-46,72,-1
-50,72,1
-52,60,-4
-60,54,-3
-56,47,-2
-47,44,1
-45,42,2
-42,40,2
-43,40,4
-44,41,3
-45,43,3
-43,46,3
-43,47,2
-46,48,0
-47,48,0
-46,48,-2
-46,47,-4
-51,46,-2
-50,46,-2
-48,45,1
-49,44,3
-47,44,4
-43,43,5
-41,42,2
-47,41,-3
-57,41,-1
-59,39,4
-61,35,5
-66,33,4
-63,33,6
-45,30,17
-41,28,20
-47,17,22
-48,12,30
-48,9,39
-49,8,52
-48,9,53
-54,12,44
-54,14,39
-54,17,36
-52,17,37
-50,18,33
-49,17,33
-48,18,32
-50,19,32
-52,19,35
-52,20,36
-53,21,36
-54,21,36
-54,21,36
-53,21,35
-52,21,34
-53,20,35
-53,20,35
-52,18,31
-52,15,33
-51,14,37
-48,14,38
-46,14,36
-48,13,36
-49,13,37
-47,13,38
-47,13,39
-49,13,40
-51,13,40
-55,13,40
-54,13,40
-52,11,40
-50,10,40
-49,11,39
-48,12,34
-47,14,32
-56,17,30
-59,17,32
-53,15,37
-47,16,38
-47,14,36
-52,13,36
-54,13,38
-51,13,39
-51,14,38
-52,14,37
-51,15,36
-52,16,35
-53,16,34
-52,15,34
-51,15,35
-52,14,36
-52,14,36
-51,12,37
-51,12,38
-52,11,39
-52,12,38
-50,13,33
-50,13,33
-48,14,33
-53,16,35
-54,18,36
-54,19,32
-58,19,32
-62,24,32
-62,29,31
-58,34,25
-54,34,21
-54,34,16
-54,33,17
-49,32,18
-46,29,19
-46,26,24
-41,23,29
-40,22,32
-36,22,40
-38,20,46
-38,12,52
-43,11,58
-34,11,63
-30,14,64
-34,20,58
-33,22,55
-35,24,50
-37,25,47
-40,25,41
-41,25,41
-39,25,39
-33,25,37
-28,25,36
-33,29,47
-48,28,58
-43,17,60
-25,14,25
-49,-32,14
-66,-17,53
-48,-9,62
-44,-4,52
-52,-2,46
-49,-2,45
-45,-3,46
-47,-4,43
-49,-3,42
-48,-3,41
-47,-3,42
-46,-4,44
-46,-5,43
-46,-4,44
-46,-4,44
-47,-4,45
-47,-4,45
-47,-4,45
-48,-3,45
-47,-3,44
-48,-3,43
-47,-3,43
-46,-2,43
-46,-2,43
-46,-2,42
-47,-2,42
-49,-3,40
-50,-2,41
-54,5,43
-51,11,46
-46,13,47
-26,19,46
-21,19,44
-43,3,45
-53,-6,49
-42,-19,46
-31,-25,42
-39,-30,48
-45,-26,54
-44,-16,52
-41,-13,49
-46,-10,48
-45,-10,49
-44,-10,49
-45,-12,47
-46,-11,47
-43,-12,47
-41,-13,47
-42,-13,47
-42,-12,48
-41,-12,46
-41,-12,46
-43,-12,48
-44,-13,48
-43,-13,46
-43,-13,47
-42,-12,47
-41,-12,47
-42,-12,45
-44,-12,46
-43,-12,46
-44,-11,46
-44,-12,46
-44,-12,47
-43,-12,47
-43,-12,47
-42,-12,46
-43,-13,46
-43,-13,46
-42,-13,47
-42,-12,46
-43,-12,46
-43,-13,46
-43,-13,47
-43,-13,47
-43,-13,47
-43,-14,47
-43,-14,47
-44,-15,47
-44,-15,48
-42,-17,47
-40,-18,46
-41,-19,44
-40,-19,38
-39,-16,39
-36,-7,45
-37,-6,49
-41,3,58
-44,4,60
-49,2,54
-46,0,47
-40,-9,27
-72,-3,39
-61,-3,46
-49,-4,49
-46,-1,53
-47,-2,53
-45,-5,48
-23,-16,27
-49,-14,36
-57,-2,57
-43,1,60
-41,-3,45
-24,-8,28
-68,-10,36
-51,-1,52
-38,0,55
-36,-5,41
-45,-6,43
-54,-9,37
-50,-11,35
-39,-9,47
-38,-10,48
-35,-10,42
-36,-7,42
-40,-6,42
-41,-8,40
-49,-12,36
-51,-13,32
-51,-13,35
-62,-11,32
-66,-12,27
-62,-12,19
-60,-13,17
-64,-21,17
-64,-26,18
-57,-27,16
-55,-26,16
-56,-31,12
-59,-31,10
-61,-31,1
-63,-30,-4
-59,-34,-8
-59,-30,-8
-55,-29,-10
-54,-23,-14
-53,-23,-18
-52,-28,-28
-57,-32,-32
-60,-32,-30
-55,-32,-30
-48,-31,-27
-51,-31,-27
-53,-35,-34
-47,-34,-29
-45,-33,-26
-47,-33,-29
-50,-33,-31
-52,-32,-35
-50,-32,-35
-47,-32,-30
-46,-31,-29
-45,-32,-31
-47,-32,-33
-50,-32,-31
-47,-32,-29
-43,-33,-29
-47,-33,-28
-49,-33,-29
-50,-33,-27
-48,-31,-26
-48,-33,-30
-48,-33,-30
-48,-34,-29
-51,-32,-26
-49,-33,-27
-50,-33,-26
-49,-34,-28
-52,-33,-26
-51,-33,-25
-47,-33,-23
-47,-33,-24
-51,-33,-23
-52,-34,-23
-50,-34,-23
-47,-34,-23
-51,-36,-22
-50,-36,-23
-51,-37,-22
-49,-37,-23
-47,-35,-21
-52,-36,-21
-51,-36,-22
-45,-35,-20
-48,-33,-16
-54,-35,-21
-53,-37,-22
-49,-36,-15
-50,-36,-16
-51,-35,-19
-52,-37,-20
-51,-36,-18
-50,-37,-17
-49,-37,-17
-49,-38,-18
-51,-39,-18
-48,-37,-17
-47,-38,-16
-53,-37,-18
-56,-36,-19
-50,-38,-20
-49,-37,-19
-49,-36,-15
-50,-37,-16
-48,-39,-16
-47,-39,-16
-47,-39,-16
-50,-39,-17
-51,-39,-18
-51,-40,-17
-51,-41,-16
-49,-41,-15
-49,-41,-14
-51,-41,-11
-50,-42,-10
-47,-41,-9
-45,-40,-8
-46,-41,-8
-47,-41,-9
-50,-41,-12
-52,-41,-15
-52,-40,-15
-52,-39,-14
-50,-39,-14
-49,-39,-12
-50,-39,-11
-50,-40,-10
-49,-40,-8
-51,-40,-7
-52,-40,-7
-52,-41,-5
-52,-41,-5
-52,-41,-3
-52,-43,-2
-51,-43,-2
-51,-42,1
-51,-41,2
-49,-42,0
-50,-42,0
-49,-41,-1
-49,-40,-1
-48,-41,-2
-48,-41,-2
-48,-42,-5
-48,-43,-3
-49,-42,-2
-49,-43,-1
-51,-43,0
-52,-43,0
-52,-43,2
-50,-44,3
-50,-44,3
-51,-45,4
-51,-45,4
-49,-44,6
-47,-44,4
-47,-45,4
-46,-45,4
-44,-44,4
-45,-42,7
-44,-42,8
-42,-44,14
-41,-46,17
-42,-49,21
-43,-51,25
-31,-52,32
-25,-53,34
-24,-50,37
-25,-48,36
-25,-43,33
-20,-41,35
-17,-41,36
-21,-43,34
-20,-45,35
-13,-47,40
-14,-48,40
-15,-49,38
-14,-49,38
-13,-49,40
-16,-49,40
-11,-51,46
-8,-50,44
-10,-50,41
-7,-46,42
-10,-46,39
-10,-43,38
-11,-43,40
-14,-45,40
-15,-46,40
-14,-47,39
-14,-48,39
-12,-51,40
-16,-52,39
-29,-60,26
-30,-60,27
-26,-60,36
-29,-71,32
-33,-71,28
-29,-59,27
-33,-55,26
-32,-45,33
-28,-42,34
-24,-39,33
-26,-37,34
-36,-37,34
-27,-38,41
-28,-40,44
-29,-39,43
-22,-36,45
-22,-34,42
-18,-32,44
-18,-32,43
-16,-34,41
-10,-40,46
-17,-46,47
-20,-54,43
-14,-55,41
-22,-48,37
-26,-42,38
-21,-44,45
-18,-49,46
-12,-62,45
-11,-63,38
-12,-59,35
-18,-54,34
-26,-54,32
-31,-50,37
-26,-47,42
-23,-47,43
-24,-42,50
-16,-38,54
-14,-38,51
-17,-35,51
-19,-34,53
-18,-32,51
-24,-33,45
-24,-34,48
-29,-29,50
-30,-27,50
-29,-23,47
-30,-21,46
-37,-14,44
-35,-11,46
-32,-6,51
-33,-5,52
-36,-5,52
-33,-7,46
-40,-7,57
-34,-5,55
-30,-8,55
-27,-12,56
-24,-15,51
-10,-24,54
-11,-31,58
-11,-31,56
-16,-37,52
-22,-38,52
-25,-36,56
-30,-25,55
-30,-24,51
-24,-20,50
-26,-21,48
-27,-21,48
-28,-20,53
-28,-22,56
-29,-29,58
-27,-31,57
-25,-32,57
-22,-32,56
-24,-34,54
-25,-37,53
-25,-38,48
-24,-36,45
-22,-35,46
-17,-36,48
-19,-38,48
-21,-39,52
-17,-38,52
-16,-39,49
-19,-41,51
-17,-41,50
-17,-39,48
-14,-36,50
-14,-36,51
-13,-36,49
-10,-32,49
-10,-32,49
-11,-33,49
-9,-34,49
-8,-33,52
-9,-34,52
-7,-34,51
-7,-34,51
-8,-33,51
-8,-33,51
-5,-32,51
-5,-32,48
-3,-31,45
-2,-33,37
-4,-32,39
-5,-32,46
-7,-33,46
-6,-46,46
-7,-48,50
-10,-49,51
-2,-49,48
-6,-55,45
-9,-55,44
-7,-58,40
-7,-61,37
-4,-65,39
-3,-62,39
2,-60,35
-3,-64,27
3,-61,35
12,-63,28
4,-64,19
-10,-62,19
-5,-62,18
-10,-63,14
-10,-67,12
-18,-67,7
-19,-66,5
-24,-62,11
-22,-57,11
-21,-54,11
-20,-56,8
-26,-59,4
-28,-57,7
-21,-59,6
-26,-61,4
-25,-60,5
-21,-60,3
-18,-61,5
-19,-69,-5
-15,-71,-7
-10,-76,-6
-15,-74,6
-22,-72,12
-16,-70,23
-11,-70,25
-16,-69,18
-11,-69,18
16,-69,24
21,-68,26
12,-65,20
12,-61,19
15,-56,17
14,-55,17
16,-52,23
1,-53,26
2,-51,26
-12,-53,21
-21,-55,19
-23,-56,24
-25,-60,25
-25,-62,24
-25,-60,21
-23,-53,25
-24,-54,23
-33,-63,7
-20,-73,21
-14,-74,31
-16,-69,29
-28,-67,16
-27,-67,15
0,-68,35
10,-66,45
-1,-74,28
-34,-80,-9
-22,-77,8
-1,-65,31
1,-59,31
-1,-56,20
-37,-60,-3
-41,-56,5
-16,-48,32
-20,-46,33
-23,-44,30
-25,-44,30
-33,-39,26
-38,-37,22
-48,-33,17
-52,-31,17
-50,-31,18
-47,-30,19
-47,-29,23
-48,-30,23
-49,-32,24
-50,-36,26
-51,-39,27
-52,-46,24
-49,-49,23
-46,-50,26
-41,-50,28
-29,-54,30
-24,-56,29
-18,-56,26
-19,-57,24
-20,-58,20
-22,-59,19
-22,-57,19
-19,-53,20
-17,-51,20
-16,-51,20
-17,-50,18
-27,-51,17
-34,-51,16
-42,-51,19
-44,-51,22
-51,-47,28
-53,-43,29
-56,-36,30
-59,-32,31
-61,-33,31
-68,-43,29
-69,-46,26
-70,-52,21
-73,-53,18
-84,-60,10
-90,-63,6
-82,-59,8
-79,-52,7
-82,-36,1
-86,-33,-3
-85,-33,-12
-82,-24,-15
-75,-19,-14
-51,-18,-4
-42,-16,0
-34,-13,6
-32,-8,9
-30,-2,17
-27,0,21
-18,3,29
-16,3,32
-17,4,43
-25,8,54
-30,9,55
-39,5,55
-45,6,54
-54,8,45
-56,8,39
-56,8,29
-58,10,26
-62,10,20
-59,11,19
-54,13,22
-54,15,23
-55,21,26
-60,22,32
-68,18,31
-86,9,30
-77,6,37
-74,1,34
-76,0,29
-77,5,30
-73,10,31
-69,16,31
-69,19,30
-66,24,26
-62,25,28
-53,24,29
-66,19,17
-63,15,15
-58,5,14
-65,-1,9
-56,-12,16
-55,-20,16
-69,-30,18
-50,-21,32
-28,-17,46
-37,-20,47
-24,-18,53
-27,-25,44
4,-9,72
-21,-6,42
-17,-6,51
-21,-13,81
-22,-3,81
-28,17,59
-83,-5,36
-7,30,39
-45,-6,43
-33,3,43
-36,-3,45
-55,-13,61
-38,5,49
-49,-4,36
-55,-7,31
-43,-1,35
-52,-5,30
-61,-2,28
-73,0,30
-56,3,27
-48,3,36
-55,2,37
-52,3,46
-66,0,36
-53,0,49
-48,3,55
-47,3,62
-47,9,58
-49,9,54
-45,9,46
-41,9,42
-45,5,35
-41,9,42
-35,16,40
-34,17,37
-45,15,32
-40,29,34
-34,32,41
-32,37,39
-23,38,37
-19,49,28
-17,52,26
-5,55,21
-1,58,22
4,62,27
0,59,25
-14,58,25
-19,60,25
-34,57,17
-39,53,18
-53,42,15
-57,39,17
-60,38,19
-58,36,14
-58,34,13
-64,36,14
-61,33,13
-52,36,9
-47,34,11
-51,31,22
-50,31,25
-54,30,33
-49,33,35
-56,33,20
-59,34,20
-55,37,24
-47,33,27
-45,33,27
-43,32,29
-44,28,29
-43,19,27
-44,15,28
-42,13,34
-38,13,34
-42,13,30
-42,13,29
-48,13,31
-51,12,28
-59,15,27
-61,21,26
-56,23,28
-48,16,32
-41,10,35
-37,-4,38
-50,-16,37
-54,-25,39
-52,-28,40
-46,-35,45
-41,-36,48
-38,-33,53
-44,-31,53
-45,-31,55
-42,-30,58
-40,-30,59
-35,-28,57
-33,-28,55
-37,-28,50
-38,-27,48
-41,-29,45
-47,-33,46
-55,-45,47
-58,-51,47
-54,-55,42
-42,-40,35
-43,-38,32
-48,-38,23
-49,-38,20
-45,-38,18
-43,-36,18
-40,-36,18
-40,-36,19
-38,-37,24
-37,-38,28
-29,-42,33
-19,-48,41
-15,-51,44
-14,-53,46
-14,-55,44
-14,-56,41
-16,-57,41
-23,-63,37
-22,-62,34
-16,-56,32
-16,-57,29
-22,-63,22
-24,-63,18
-21,-53,14
-21,-49,12
-24,-48,11
-33,-50,10
-42,-52,10
-55,-56,17
-56,-56,25
-48,-58,41
-46,-57,46
-56,-52,48
-62,-46,42
-81,-33,26
-94,-28,16
-91,-26,9
-89,-31,4
-100,-37,-5
-107,-53,-8
-102,-56,-8
-88,-50,-8
-76,-43,-6
-60,-35,-8
-54,-32,-11
-43,-24,-2
-33,-18,-4
-35,-15,-4
-36,-16,-5
-38,-8,-10
-39,4,-7
-50,7,-3
-53,6,10
-64,10,8
-78,23,-11
-48,27,0
-85,19,15
-83,18,13
-73,17,-6
-71,13,-10
-64,17,-13
-61,19,-4
-60,20,-3
-56,13,-4
-58,9,-3
-61,10,-7
-60,13,-9
-56,21,-3
-56,23,-1
-57,28,2
-61,29,2
-64,27,-1
-66,26,-3
-68,25,-6
-68,24,-8
-68,23,-8
-66,21,-11
-63,21,-9
-59,22,-9
-57,23,-11
-57,23,-13
-55,23,-12
-56,22,-10
-56,23,-10
-54,26,-6
-54,28,-5
-58,28,-5
-65,28,-8
-67,27,-9
-68,28,-8
-67,28,-7
-64,27,-7
-63,27,-5
-61,25,-5
-61,24,-5
-62,22,-6
-63,21,-6
-62,19,-5
-62,20,-3
-62,22,-2
-62,26,-1
-64,27,-2
-68,24,-5
-69,21,-6
-64,17,-2
-60,17,-2
-53,18,-2
-52,18,-1
-55,19,0
-60,19,0
-60,18,1
-62,20,2
-63,24,1
-64,25,1
-63,25,1
-64,22,0
-62,16,-1
-54,21,2
-48,22,-4
-54,25,-5
-56,23,-6
-59,23,-8
-60,22,-2
-68,16,17
-68,19,11
-63,20,5
-76,17,4
-59,17,14
-60,21,15
-59,22,13
-56,22,6
-55,21,10
-70,26,-11
-71,30,-17
-72,40,-13
-73,41,-9
-59,42,-3
-57,41,-2
-50,39,8
-36,36,14
-28,37,16
-44,34,18
-46,32,22
-34,34,27
-41,34,25
-42,25,28
-68,24,31
-53,26,34
-54,25,28
-56,28,38
-52,20,43
-53,19,43
-53,15,39
-52,18,46
-50,22,35
-51,25,32
-45,32,29
-35,34,27
-41,36,17
-43,37,15
-37,38,11
-39,40,11
-42,46,10
-50,43,6
-52,42,7
-49,46,9
-47,48,10
-44,50,9
-41,51,11
-39,53,20
-40,52,23
-36,52,26
-37,51,25
-36,54,25
-31,56,26
-32,50,24
-42,48,26
-42,47,23
-33,46,19
-32,47,18
-35,46,20
-34,46,19
-32,45,19
-32,47,18
-40,48,16
-39,48,18
-40,47,22
-40,48,23
-41,50,20
-41,50,16
-42,50,15
-41,49,18
-41,48,19
-43,47,20
-42,48,24
-43,49,24
-44,48,22
-43,47,22
-42,46,22
-41,43,22
-39,42,22
-39,42,24
-43,43,25
-39,44,26
-38,46,26
-35,46,28
-25,42,33
-29,42,34
-34,40,35
-31,39,36
-33,36,40
-39,37,42
-36,36,43
-34,34,46
-44,38,49
-30,36,37
-30,35,39
-44,46,24
-40,25,48
-32,33,45
-35,36,44
-58,18,70
-19,32,50
-33,30,41
-33,31,46
-35,30,45
-30,30,43
-30,29,56
-38,28,54
-37,31,48
-37,36,59
-35,35,67
-40,34,57
-37,33,60
-38,34,51
-34,35,48
-23,37,45
-22,38,43
-25,40,43
-23,37,42
-25,35,40
-30,35,36
-31,36,37
-25,33,40
-27,32,40
-29,30,38
-28,30,34
-31,30,31
-33,31,28
-28,33,23
-29,35,19
-39,39,10
-35,42,10
-32,43,10
-34,45,7
-41,46,4
-43,47,-4
-38,43,-2
-53,42,-12
-56,40,-17
-54,36,-14
-54,34,-13
-68,27,-15
-66,25,-14
-53,16,-2
-73,12,-14
-71,13,-11
-62,6,0
-69,7,4
-67,6,-4
-68,4,-1
-64,6,6
-67,4,2
-70,4,3
-65,4,6
-67,4,10
-69,2,9
-69,4,11
-70,0,9
-70,0,11
-68,2,10
-70,1,7
-67,1,8
-62,2,12
-67,0,10
-71,0,7
-66,1,9
-66,0,10
-68,-1,8
-65,0,11
-65,1,10
-68,1,6
-66,0,5
-63,0,6
-65,0,5
-67,0,4
-66,0,4
-61,1,7
-62,0,7
-63,-2,10
-61,0,11
-60,0,15
-61,-1,13
-62,-1,12
-61,0,12
-63,0,12
-66,1,8
-66,-1,8
-64,1,11
-64,2,10
-69,1,5
-70,0,3
-65,0,6
-65,0,7
-65,0,7
-65,0,8
-65,0,8
-63,0,8
-63,-1,7
-64,-1,8
-64,-1,8
-65,0,6
-66,-1,6
-63,-1,7
-64,-1,7
-65,-1,6
-66,-1,5
-64,-2,6
-65,-1,7
-66,-1,6
-68,-2,5
-66,-1,6
-66,-2,7
-64,-2,7
-66,-1,5
-65,-1,5
-65,-2,5
-64,-1,6
-65,-1,6
-64,-1,6
-66,-1,5
-63,-1,6
-64,-1,6
-65,-1,6
-65,-1,5
-64,0,5
-64,-1,5
-65,-1,4
-66,-1,4
-65,0,4
-65,2,4
-66,0,2
-66,0,3
-67,0,4
-66,0,4
-65,0,5
-64,-1,6
-64,-1,7
-62,-1,7
-63,-1,8
-63,-1,8
-64,-1,6
-64,0,7
-64,0,7
-64,-1,6
-64,-2,6
-66,-1,6
-65,-1,6
-65,-1,6
-66,-1,5
-66,-1,5
-66,0,6
-66,0,6
-65,0,6
-65,0,6
-66,0,5
-65,0,4
-64,2,4
-62,2,4
-66,-1,2
-63,2,4
-62,2,5
-64,0,4
-65,0,6
-66,2,4
-66,3,3
-64,1,3
-64,0,4
-64,1,4
-65,2,4
-65,0,4
-67,0,4
-65,1,3
-65,1,5
-65,0,4
-65,1,4
-64,1,4
-65,1,5
-69,2,3
-66,2,3
-64,4,4
-64,2,3
-64,1,3
-65,1,3
-66,2,3
-65,2,3
-64,1,4
-65,2,4
-65,1,4
-65,1,4
-65,2,4
-65,3,3
-65,2,4
-65,1,5
-65,2,4
-65,2,4
-65,1,3
-67,1,6
-65,2,7
-65,1,8
-66,1,9
-67,2,10
-66,2,11
-67,2,11
-66,2,12
-61,2,16
-63,1,15
-64,3,15
-62,3,17
-59,2,19
-59,2,18
-59,2,19
-61,3,20
-61,2,19
-61,3,19
-61,3,20
-62,2,19
-63,3,20
-63,3,20
-63,3,20
-63,2,20
-62,3,20
-61,3,20
-62,2,20
-62,2,20
-60,2,21
-60,3,22
-61,2,21
-61,2,21
-61,3,22
-61,3,22
-60,2,21
-60,2,21
-62,2,20
-61,2,20
-62,2,21
-62,3,21
-62,2,20
-62,2,20
-62,3,20
-62,2,20
-61,2,20
-62,2,21
-61,2,20
-62,2,20
-62,2,20
-62,2,20
-62,2,20
-62,2,20
-62,2,20
-62,2,20
-62,2,20
-62,2,20
-62,2,20
-61,2,20
-61,2,20
-62,2,20
-62,2,20
-62,2,19
-62,2,20
-62,2,20
-62,3,19
-62,2,19
-62,2,20
-61,2,21
-62,2,20
-61,2,19
-62,2,19
-62,2,20
-62,2,20
-62,2,20
-62,2,19
-62,2,19
-62,2,20
-62,2,19
-62,2,19
-62,2,19
-62,2,19
-62,2,19
-62,2,19
-62,2,19
-62,2,19
-62,2,19
-62,2,19
-62,2,19
-62,2,20
-62,2,20
-62,2,19
-62,2,20
-62,2,20
-62,2,19
-62,2,19
-62,2,19
-62,2,19
-62,2,19
-62,2,18
-62,2,19
-62,2,19
-62,2,19
-62,2,19
-63,2,19
-63,2,19
-62,2,19
-62,2,19
-62,2,19
-62,2,18
-62,2,18
-62,2,19
-62,2,18
-62,2,19
-62,2,19
-63,2,18
-62,2,18
-61,2,18
-61,1,18
-62,1,18
-63,2,17
-65,2,16
-65,2,17
-64,2,18
-63,3,17
-63,2,17
-62,2,17
-61,2,17
-60,2,18
-61,2,18
-62,2,17
-63,2,17
-63,2,17
-63,2,18
-62,2,18
-63,2,17
-63,2,18
-63,2,18
-63,2,18
-62,2,18
-62,2,18
-61,2,18
-62,2,18
-61,2,19
-61,2,19
-62,2,19
-62,2,18
-62,2,19
-63,2,19
-62,2,19
-62,2,19
-62,3,19
-63,2,19
-62,2,19
-62,2,19
-62,2,19
-62,2,19
-62,2,18
-62,2,19
-62,2,18
-62,2,19
-62,2,19
-62,2,18
-62,2,19
-63,2,19
-62,3,19
-62,2,18
-62,2,18
-62,2,19
-62,2,19
-62,2,18
-62,2,18
-62,2,19
-62,2,18
-63,2,18
-63,2,18
-62,2,19
-62,2,18
-62,2,19
-62,2,18
-62,2,18
-62,2,18
-62,2,18
-62,2,19
-63,2,18
-63,2,18
-62,2,18
-62,2,19
-62,2,19
-61,2,18
-61,2,18
-62,2,18
-62,2,18
-62,2,18
-63,2,18
-63,2,18
-63,2,18
-63,2,18
-62,2,18
-62,2,18
-63,2,18
-63,2,18
-63,2,17
-62,2,17
-63,2,18
-63,3,18
-62,3,18
-61,2,18
-61,2,18
-61,1,18
-62,2,18
-62,2,17
-62,2,17
-63,2,18
-63,2,18
-63,2,18
-63,2,18
-63,2,18
-62,2,18
-62,2,18
-63,2,18
-62,2,17
-63,2,18
-63,2,17
-63,2,18
-63,2,17
-63,2,17
-62,2,18
-63,2,18
-63,2,17
-62,2,18
-62,2,18
-62,2,18
-62,2,18
-63,2,18
-63,2,17
-63,2,17
-63,2,18
-63,2,18
-63,2,17
-63,2,17
-63,2,17
-62,2,18
-62,2,18
-62,2,17
-63,2,17
-62,2,18
-62,2,18
-62,2,17
-62,2,17
-63,2,17
-62,2,18
-63,2,18
-63,2,17
-63,2,17
-62,2,17
-62,2,17
-63,2,17
-63,2,17
-63,2,17
-62,2,17
-62,2,17
-62,2,17
-63,2,17
-63,2,17
-62,2,17
-62,2,18
-62,2,17
-62,1,17
-63,2,18
-63,2,18
-65,2,17
-63,1,16
-62,2,17
-62,2,18
-63,2,17
-64,2,16
-64,2,16
-63,2,17
-62,2,17
-63,1,17
-63,2,16
-63,2,17
-62,2,18
-63,2,18
-63,2,17
-63,2,17
-62,2,17
-62,2,17
-62,2,17
-63,2,17
-63,2,17
-63,2,17
-62,2,17
-62,1,18
-63,1,17
-63,0,18
-63,1,18
-63,0,18
-63,0,18
-64,0,17
-64,0,17
-64,1,17
-64,1,17
-64,1,15
-63,1,14
-65,0,14
-67,1,12
-67,0,11
-66,-2,10
-67,0,11
-65,-2,11
-65,-3,10
-63,-2,8
-63,-1,10
-60,-5,11
-62,-1,10
-63,-5,9
-61,-1,9
-64,-1,8
-68,-4,3
-68,-2,2
-74,0,-4
-72,4,-6
-70,5,-17
-73,6,-25
-70,10,-32
-67,9,-36
-64,12,-40
-58,15,-40
-47,19,-40
-42,21,-41
-41,22,-42
-34,27,-37
-31,29,-37
-27,33,-35
-28,35,-33
-29,38,-29
-31,39,-28
-32,39,-23
-31,39,-22
-33,41,-17
-34,42,-17
-35,41,-18
-39,42,-18
-41,42,-20
-44,43,-21
-45,42,-24
-45,41,-29
-44,41,-31
-47,40,-37
-48,41,-37
-46,41,-35
-43,41,-34
-41,41,-32
-37,40,-33
-38,39,-33
-39,37,-33
-41,36,-33
-40,35,-34
-40,34,-34
-39,33,-32
-37,33,-33
-38,34,-36
-36,34,-37
-28,34,-39
-28,34,-41
-31,34,-45
-34,36,-44
-35,36,-46
-38,38,-49
-39,37,-49
-36,34,-48
-36,31,-48
-33,27,-45
-31,25,-45
-27,23,-45
-28,23,-49
-26,23,-51
-27,22,-53
-32,23,-49
-35,24,-51
-38,25,-51
-43,27,-53
-45,28,-56
-48,29,-56
-47,28,-54
-41,25,-53
-39,24,-53
-32,23,-48
-29,24,-45
-30,24,-44
-29,25,-45
-30,26,-43
-31,26,-45
-32,26,-49
-32,26,-47
-32,26,-48
-34,25,-48
-36,25,-49
-39,23,-46
-41,21,-47
-43,19,-48
-44,17,-46
-42,16,-43
-42,15,-43
-43,13,-41
-44,12,-41
-44,10,-43
-48,9,-40
-48,10,-40
-50,10,-39
-52,11,-40
-52,12,-41
-50,12,-41
-48,14,-44
-47,15,-44
-46,16,-44
-47,16,-44
-47,15,-45
-46,13,-45
-47,12,-44
-46,10,-41
-47,10,-41
-49,10,-41
-49,10,-40
-48,12,-42
-47,13,-43
-46,15,-43
-46,16,-44
-45,15,-44
-45,14,-44
-44,12,-44
-45,10,-43
-47,9,-44
-48,8,-42
-48,9,-41
-49,10,-42
-50,11,-43
-49,13,-44
-48,14,-45
-45,14,-44
-44,14,-44
-44,15,-43
-43,14,-43
-44,14,-42
-45,14,-42
-46,13,-42
-46,13,-42
-46,13,-42
-46,13,-42
-46,12,-42
-47,13,-43
-47,13,-43
-46,14,-43
-47,14,-44
-46,14,-43
-46,14,-43
-47,13,-43
-47,13,-44
-47,13,-43
-47,12,-43
-47,11,-43
-47,11,-42
-48,11,-42
-49,11,-42
-49,12,-42
-46,12,-40
-48,12,-41
-53,13,-41
-52,13,-39
-52,13,-35
-54,14,-34
-55,15,-33
-52,17,-33
-51,18,-34
-49,21,-34
-47,23,-33
-46,26,-32
-45,27,-34
-46,31,-35
-46,32,-35
-42,34,-34
-42,36,-31
-41,35,-30
-41,35,-31
-41,35,-30
-42,34,-28
-42,33,-28
-44,34,-27
-44,35,-27
-42,36,-25
-41,37,-26
-42,39,-32
-44,39,-37
-50,38,-42
-52,33,-42
-51,31,-41
-52,27,-39
-50,26,-38
-48,28,-37
-51,28,-37
-51,29,-36
-49,27,-35
-50,27,-34
-49,28,-32
-47,30,-29
-46,30,-28
-43,29,-27
-42,28,-33
-42,27,-37
-44,25,-38
-44,24,-37
-51,21,-32
-52,21,-32
-49,22,-30
-49,22,-29
-52,22,-29
-52,23,-30
-58,24,-29
-58,24,-29
-51,21,-9
-56,20,-34
-56,19,-33
-81,15,-18
-64,7,-30
-60,5,-28
-55,6,-30
-51,17,-45
-52,20,-52
-52,26,-53
-54,29,-53
-36,36,-47
-35,37,-47
-38,33,-34
-35,29,-21
-39,28,-18
-44,25,-18
-44,24,-11
-42,22,-1
-47,22,0
-52,29,-8
-52,33,-10
-55,38,-11
-54,38,-12
-61,38,-14
-57,38,-9
-56,38,-11
-58,39,-14
-57,39,-13
-88,36,-15
-62,38,-26
-66,39,-26
-58,39,-20
-41,34,-8
-41,36,-9
-39,38,-12
-31,31,-8
-37,17,-6
-44,-5,30
-48,1,76
-59,15,58
-60,23,18
-63,23,-6
-62,23,-6
-64,17,11
-71,15,10
-65,12,6
-60,11,10
-54,10,17
-67,9,2
-69,15,-8
-81,13,-18
-70,12,-16
-64,6,-23
-56,5,-28
-63,3,-23
-60,4,-20
-58,1,-15
-60,1,-8
-68,-3,-6
-72,-4,-9
-68,-4,-11
-67,-3,-12
-64,0,-15
-64,2,-18
-65,4,-18
-65,6,-16
-64,7,-15
-59,10,-17
-58,11,-17
-57,12,-17
-58,10,-19
-61,6,-20
-62,6,-18
-64,5,-14
-65,4,-13
-65,1,-13
-65,-2,-9
-65,-4,-9
-64,-6,-8
-63,-6,-8
-62,-7,-7
-63,-7,-7
-65,-6,-8
-66,-6,-9
-69,-6,-9
-69,-7,-9
-69,-9,-9
-68,-10,-8
-67,-13,-6
-67,-15,-5
-66,-15,-4
-64,-15,-4
-62,-16,-5
-61,-18,-8
-61,-18,-9
-61,-17,-11
-63,-16,-12
-66,-16,-13
-67,-16,-13
-66,-16,-11
-65,-15,-7
-65,-15,-6
-64,-13,-5
-64,-13,-5
-64,-13,-3
-63,-13,-3
-62,-13,-2
-62,-14,-2
-61,-16,-1
-60,-17,-1
-60,-19,0
-60,-19,0
-59,-19,1
-59,-17,1
-59,-15,1
-61,-13,1
-61,-11,2
-64,-9,1
-65,-8,1
-68,-8,0
-70,-10,-1
-71,-14,-2
-71,-15,-2
-72,-15,2
-72,-15,2
-69,-13,0
-68,-11,-1
-67,-10,-1
-66,-8,-2
-64,-6,-3
-63,-5,-4
-61,-3,-6
-59,-1,-8
-58,1,-10
-58,5,-14
-59,7,-15
-59,9,-17
-60,8,-19
-60,8,-20
-62,5,-21
-60,4,-20
-59,3,-19
-59,2,-18
-64,0,-16
-66,0,-13
-66,2,-8
-68,3,-6
-72,8,-2
-75,8,-2
-81,6,0
-78,4,-2
-64,-2,-6
-50,-2,-5
-47,-2,-5
-48,2,-4
-49,5,-3
-58,10,-2
-61,12,-3
-69,14,-2
-72,14,0
-70,13,4
-67,13,6
-63,15,4
-63,17,1
-70,15,-10
-69,15,-16
-70,14,-20
-69,13,-22
-67,14,-20
-62,14,-19
-59,14,-19
-52,16,-19
-52,16,-21
-52,16,-25
-52,16,-25
-52,15,-27
-55,12,-32
-56,11,-34
-55,9,-35
-54,9,-36
-55,8,-34
-56,8,-34
-58,9,-34
-60,9,-32
-62,10,-34
-64,9,-36
-64,6,-41
-64,4,-44
-60,0,-41
-53,1,-35
-47,1,-34
-42,0,-34
-41,0,-37
-44,-4,-41
-44,-5,-42
-45,0,-39
-46,1,-42
-42,3,-50
-43,4,-50
-42,6,-50
-40,6,-51
-38,7,-54
-35,7,-57
-35,6,-56
-32,4,-54
-30,2,-51
-30,-1,-50
-31,-3,-53
-31,-11,-58
-31,-13,-56
-30,-12,-51
-30,-13,-51
-31,-15,-52
-31,-18,-56
-35,-19,-56
-36,-18,-54
-36,-18,-53
-39,-15,-51
-37,-14,-50
-35,-16,-52
-36,-15,-50
-32,-14,-43
-42,-13,-55
-41,-11,-52
-41,-11,-52
-39,-11,-49
-39,-12,-50
-40,-17,-50
-36,-8,-44
-39,-10,-47
-46,-21,-48
-47,-16,-46
-46,-17,-46
-43,-16,-35
-48,-19,-32
-49,-21,-35
-51,-14,-33
-54,-15,-30
-61,-18,-28
-62,-14,-32
-64,-11,-26
-58,-6,-17
-65,-8,-17
-51,-12,-26
-58,-10,-32
-60,-8,-38
-55,-10,-34
-56,-12,-35
-55,-11,-31
-56,-12,-31
-55,-10,-32
-50,-4,-32
-45,-4,-37
-48,-4,-43
-50,-7,-44
-49,-6,-47
-48,-4,-49
-48,-4,-51
-50,-2,-51
-52,-1,-50
-53,4,-45
-53,6,-39
-54,9,-28
-63,12,-25
-63,20,-21
-63,25,-15
-54,35,-13
-62,37,-28
-68,31,-28
-61,25,13
-54,27,19
-49,23,32
-52,23,34
-52,10,30
-58,10,29
-67,-5,8
-53,-11,14
-69,-14,1
-75,-16,-17
-78,-20,-26
-72,-3,-5
-63,-9,-10
-88,3,-8
-56,15,14
-60,17,16
-53,19,21
-55,20,12
-44,20,22
-28,19,37
-28,14,31
-60,-4,22
2,-9,97
1,-13,83
-33,-21,77
-34,-20,60
-47,9,32
-43,19,38
-47,30,47
-33,37,46
-44,34,23
-45,34,21
-56,24,8
-74,16,2
-75,3,-3
-125,-3,11
-74,10,31
-79,16,22
-29,24,56
-15,28,59
-12,24,48
-23,24,22
-63,19,5
-50,11,-3
-57,9,-5
-75,-11,1
-61,-22,20
-12,-24,101
-41,-21,77
-54,-20,53
-54,-10,35
-54,-10,32
-34,-7,45
-17,-6,53
-53,3,47
-47,-11,49
-44,-7,48
-39,4,48
-35,23,42
-46,25,37
-65,16,17
-47,11,11
-52,9,-4
-78,14,-40
-85,15,-42
-73,19,-17
-77,18,-18
-80,11,-11
-75,14,-1
-65,12,11
-69,14,-2
-76,16,-10
-82,18,-16
-80,15,-22
-68,19,-19
-68,17,-15
-56,10,-7
-42,7,2
-41,6,9
-38,4,10
-31,-7,19
-47,-25,22
0,-32,107
5,-23,103
-44,-14,44
-50,-8,38
-38,-23,54
-26,-22,61
-13,-14,45
-48,-15,-7
-98,3,-32
-64,30,-8
-38,28,5
-55,23,-13
-58,23,-16
-54,16,-32
-51,16,-42
-73,14,-57
-72,9,-53
-87,2,-14
-104,-9,-77
-102,3,-47
-82,11,-30
-69,13,-35
-63,17,-33
-60,13,-13
-52,3,2
-43,-1,18
-54,2,19
-39,-2,24
-2,0,45
-2,-3,59
-3,-1,63
-15,1,59
-12,3,58
-9,3,59
-9,4,62
-5,8,66
2,10,68
13,11,70
11,9,70
-6,9,62
-6,8,60
1,4,67
-14,7,61
-18,3,61
-21,1,53
-25,5,47
-35,6,39
-37,10,39
-51,9,34
-48,11,33
-50,17,36
-50,17,33
-65,12,25
-65,10,27
-67,3,44
-87,8,38
-72,12,40
-60,14,36
-34,15,43
-14,16,49
-63,21,43
-66,10,46
-72,20,41
-57,34,56
-61,40,44
-58,41,30
-46,42,31
-29,37,21
-1,29,15
1,25,35
17,17,44
22,8,46
-28,-20,45
-81,-33,16
-124,-37,35
-98,-32,61
-63,7,39
-53,10,20
-40,9,37
-51,3,47
-47,2,52
-43,1,51
-44,0,52
-48,-6,47
-46,-8,47
-41,-10,47
-38,-8,48
-43,-8,44
-42,-9,43
-45,-6,42
-45,-7,43
-46,-5,44
-47,-5,46
-47,-4,44
-49,-5,47
-53,-8,47
-53,-10,43
-51,-9,43
-53,-14,40
-53,-15,42
-47,-17,44
-44,-16,43
-54,-26,34
-53,-23,34
-54,-21,36
-54,-19,33
-56,-19,30
-61,-24,34
-58,-25,37
-33,-22,30
-14,-12,37
-36,5,43
-44,13,46
-45,21,54
-37,16,60
-30,13,70
-27,12,71
-23,10,72
-14,7,68
-15,6,63
-17,8,56
-23,7,53
-22,13,52
-23,14,48
-29,18,38
-32,20,34
-33,23,35
-34,23,33
-46,18,28
-47,16,34
-46,11,32
-73,2,30
-76,0,28
-74,1,22
-75,0,23
-67,-3,22
-66,-4,24
-70,-11,30
-65,-12,31
-61,-13,31
-53,-13,37
-45,-7,42
-44,-5,41
-46,-6,36
-52,-11,34
-52,-14,35
-47,-16,37
-39,-18,37
-29,-22,39
-38,-29,40
-54,-46,38
-40,-49,36
-24,-49,43
-26,-46,46
-28,-45,40
-28,-42,36
-35,-38,35
-42,-35,37
-40,-35,38
-37,-34,42
-34,-33,45
-32,-31,48
-35,-31,48
-37,-31,48
-38,-31,47
-44,-30,46
-50,-33,46
-57,-47,48
-58,-61,49
-50,-74,45
-37,-55,39
-41,-48,36
-49,-44,28
-50,-44,22
-44,-38,19
-45,-37,18
-44,-31,14
-46,-28,10
-52,-29,8
-54,-31,8
-52,-34,9
-51,-36,12
-45,-37,15
-43,-34,21
-41,-33,25
-40,-33,36
-41,-33,44
-51,-41,54
-48,-44,52
-38,-36,53
-35,-33,53
-34,-33,43
-35,-34,40
-42,-34,35
-43,-27,28
-45,-21,29
-45,-15,30
-45,-12,34
-49,-8,40
-54,-7,42
-63,-4,44
-65,-1,47
-65,3,49
-67,3,48
-66,4,48
-62,6,47
-58,7,43
-58,2,39
-55,0,36
-60,-5,32
-60,-8,32
-52,-13,37
-49,-16,32
-40,-25,31
-37,-30,31
-32,-40,24
-23,-46,25
-26,-52,28
-24,-56,30
-7,-55,40
5,-47,50
8,-44,53
13,-43,57
13,-45,63
6,-44,69
5,-38,69
0,-25,59
-4,-23,60
-17,-22,53
-14,-19,49
5,-19,57
9,-23,60
16,-23,64
7,-22,64
1,-22,67
-5,-20,65
-5,-19,62
-8,-19,54
-2,-20,57
2,-27,67
2,-29,67
-3,-21,65
-11,-16,60
-21,-11,57
-40,-7,52
-42,-6,49
-50,-3,49
-51,-2,47
-60,-3,41
-59,-4,41
-60,-5,40
-65,-4,33
-65,-7,23
-65,-14,17
-76,-21,10
-69,-21,-1
-86,-22,-27
-85,-13,-36
-75,-2,-24
-81,14,-28
-65,15,-24
-49,11,-19
-37,12,-6
-31,19,6
-26,22,10
-23,31,19
-22,36,24
-20,42,32
-20,44,39
-20,43,46
-15,42,53
-14,42,55
-22,38,50
-26,38,49
-24,39,44
-21,38,42
-26,35,34
-31,36,35
-37,35,34
-39,32,35
-41,29,41
-41,27,39
-44,25,34
-47,25,31
-46,26,29
-49,30,27
-52,31,26
-59,31,22
-54,31,17
-44,32,7
-48,31,5
-63,25,-4
-61,24,-7
-61,21,-15
-72,16,-23
-85,11,-28
-71,9,-20
-67,11,-13
-77,9,-17
-80,6,-19
-77,4,-12
-77,3,-6
-67,1,3
-63,2,6
-66,4,7
-67,5,5
-63,7,5
-59,8,6
-53,8,9
-55,8,8
-57,9,6
-64,10,6
-63,10,8
-62,15,10
-61,21,9
-72,21,-1
-76,18,-6
-79,11,-12
-77,10,-10
-62,9,-5
-53,9,-3
-51,8,-5
-53,6,-8
-53,6,-8
-55,11,-5
-57,14,-6
-61,18,-11
-63,19,-12
-62,23,-12
-61,25,-13
-57,27,-13
-58,29,-14
-60,30,-17
-59,29,-19
-58,27,-16
-62,28,-15
-60,30,-17
-52,37,-23
-51,38,-29
-62,35,-34
-63,31,-36
-59,24,-34
-54,23,-31
-45,21,-33
-44,19,-36
-47,17,-41
-48,13,-40
-50,12,-38
-50,13,-32
-52,15,-30
-54,19,-28
-53,20,-27
-56,21,-27
-58,20,-28
-58,19,-25
-60,19,-24
-62,19,-27
-58,23,-22
-57,24,-21
-60,23,-21
-61,23,-17
-59,21,-7
-59,18,-3
-59,11,2
-57,8,7
-57,4,16
-55,1,20
-49,-1,21
-48,-1,26
-68,-4,31
-62,-3,34
-66,1,33
-72,4,28
-61,7,34
-53,1,37
-55,-2,37
-54,-1,41
-53,-2,39
-40,-6,42
-33,-11,47
-40,-6,37
-47,-5,26
-62,14,13
-68,24,34
-66,23,12
-61,18,10
-62,13,1
-66,2,11
-59,1,17
-57,-8,1
-55,-11,4
-58,-11,26
-55,-9,18
-70,-10,12
-69,-9,16
-59,-10,24
-63,-11,25
-65,-7,22
-67,-7,17
-67,-6,14
-70,-6,8
-73,-8,2
-76,-12,3
-76,-12,0
-72,-12,-2
-71,-13,-5
-64,-19,-1
-63,-20,2
-65,-21,-1
-63,-23,-2
-61,-24,1
-59,-25,3
-59,-25,3
-60,-25,3
-59,-25,5
-58,-24,6
-58,-25,7
-58,-25,7
-58,-25,7
-59,-26,7
-60,-27,7
-62,-28,8
-64,-31,9
-64,-31,9
-61,-31,11
-58,-31,12
-51,-31,13
-50,-31,13
-49,-31,10
-50,-31,9
-52,-30,8
-53,-31,7
-53,-29,6
-52,-27,6
-54,-29,7
-61,-30,5
-61,-30,7
-62,-30,10
-61,-30,10
-59,-27,12
-61,-27,12
-64,-27,11
-65,-29,10
-64,-31,6
-62,-32,4
-60,-32,1
-59,-32,1
-56,-34,0
-50,-33,1
-47,-31,3
-49,-26,2
-52,-25,1
-56,-22,1
-58,-22,1
-60,-20,2
-60,-20,3
-63,-20,5
-64,-20,6
-64,-21,9
-65,-22,10
-65,-22,11
-64,-22,9
-64,-22,7
-64,-21,5
-64,-21,4
-63,-20,3
-63,-20,3
-61,-19,4
-60,-19,4
-60,-21,5
-61,-22,5
-61,-24,6
-60,-25,7
-58,-25,8
-58,-25,9
-58,-24,10
-60,-24,9
-61,-23,9
-61,-21,9
-62,-20,9
-63,-19,7
-64,-19,6
-65,-19,6
-64,-19,6
-62,-20,6
-61,-21,7
-61,-21,8
-62,-22,9
-62,-22,9
-62,-23,9
-62,-23,9
-61,-23,9
-61,-23,9
-59,-22,9
-59,-22,8
-59,-21,8
-60,-21,8
-61,-21,8
-61,-21,8
-61,-21,8
-61,-22,9
-61,-22,9
-61,-21,9
-61,-22,9
-60,-22,9
-60,-23,9
-59,-23,10
-60,-23,9
-60,-23,10
-59,-23,10
-59,-23,10
-59,-23,10
-59,-23,10
-60,-23,10
-60,-23,10
-60,-23,10
-60,-23,10
-60,-23,11
-60,-23,11
-60,-23,11
-60,-23,11
-59,-23,10
-59,-23,10
-59,-23,10
-59,-23,10
-59,-23,9
-59,-23,9
-60,-23,10
-60,-23,10
-60,-22,10
-61,-23,10
-61,-23,10
-61,-23,10
-61,-23,10
-60,-23,10
-60,-24,10
-59,-23,10
-59,-23,10
-60,-23,10
-60,-23,10
-60,-23,9
-60,-23,9
-61,-22,9
-61,-22,9
-60,-22,9
-61,-21,9
-61,-21,9
-61,-21,9
-61,-21,9
-61,-21,9
-61,-21,9
-61,-21,9
-60,-21,9
-60,-21,9
-61,-21,10
-61,-21,10
-61,-21,10
-62,-21,10
-61,-20,9
-61,-20,9
-61,-20,9
-61,-20,9
-61,-21,9
-61,-21,9
-60,-21,9
-61,-21,9
-60,-21,9
-61,-21,10
-61,-21,10
-61,-20,9
-62,-20,10
-62,-20,9
-62,-20,9
-61,-20,10
-61,-21,10
-60,-21,9
-61,-21,9
-61,-21,9
-61,-21,10
-61,-21,10
-62,-21,10
-61,-21,10
-61,-21,9
-60,-20,9
-61,-21,9
-61,-21,9
-61,-21,9
-60,-21,9
-60,-21,10
-62,-22,9
-62,-22,10
-62,-22,10
-61,-21,9
-60,-21,10
-60,-21,10
-60,-21,10
-61,-21,9
-61,-21,9
-61,-20,9
-61,-20,9
-60,-21,10
-60,-21,10
-61,-22,10
-61,-22,10
-60,-22,10
-60,-22,10
-60,-22,10
-60,-22,10
-60,-22,10
-60,-21,10
-60,-22,9
-61,-22,9
-61,-22,9
-60,-22,9
-60,-22,10
-60,-22,10
-61,-22,10
-61,-22,10
-61,-22,10
-60,-21,9
-60,-21,9
-61,-21,9
-61,-21,9
-61,-21,8
-61,-21,9
-60,-22,9
-61,-22,9
-61,-22,9
-61,-22,9
-61,-22,9
-61,-22,10
-61,-22,9
-61,-21,9
-61,-21,9
-60,-21,9
-60,-21,9
-61,-21,9
-61,-21,8
-61,-21,9
-61,-21,8
-61,-21,9
-61,-21,9
-61,-21,9
-61,-21,9
-61,-21,9
-61,-21,9
-61,-21,9
-61,-21,9
-61,-21,9
-61,-21,8
-60,-21,9
-61,-21,8
-62,-21,8
-61,-21,9
-60,-22,9
-60,-22,8
-61,-21,8
-61,-21,8
-61,-21,8
-62,-21,8
-61,-21,9
-60,-21,9
-61,-20,8
-62,-21,8
-62,-21,9
-61,-21,9
-61,-21,9
-60,-21,9
-60,-21,9
-61,-21,8
-61,-21,8
-61,-21,9
-61,-21,9
-62,-21,9
-61,-21,9
-61,-21,9
-60,-21,9
-60,-21,9
-61,-21,9
-61,-21,8
-61,-21,9
-61,-21,9
-61,-21,9
-61,-21,9
-61,-21,9
-61,-21,9
-61,-21,9
-61,-21,9
-61,-21,9
-60,-21,9
-61,-21,9
-61,-21,9
-61,-21,9
-60,-21,9
-60,-21,9
-60,-22,9
-61,-22,9
-60,-22,9
-61,-22,9
-61,-22,9
-60,-22,9
-60,-22,9
-61,-22,9
-61,-22,9
-61,-22,9
-61,-22,8
-61,-22,8
-60,-21,9
-61,-22,8
-61,-22,8
-60,-22,9
-60,-22,9
-61,-22,8
-61,-22,8
-61,-22,8
-61,-22,9
-60,-22,9
-61,-22,9
-61,-22,8
-61,-22,8
-61,-22,8
-60,-22,8
-60,-22,8
-60,-23,8
-61,-23,8
-61,-23,8
-61,-22,9
-60,-22,9
-61,-22,8
-61,-22,9
-61,-22,8
-61,-22,8
-61,-22,8
-60,-22,8
-60,-22,8
-61,-22,8
-60,-22,8
-60,-22,8
-60,-22,8
-61,-21,9
-62,-22,8
-61,-22,9
-60,-22,9
-60,-22,9
-60,-22,9
-60,-22,8
-60,-22,8
-60,-22,8
-60,-22,8
-61,-22,9
-61,-22,9
-60,-22,9
-61,-22,9
-60,-22,9
-60,-21,8
-61,-21,8
-62,-21,8
-62,-21,8
-62,-22,9
-61,-22,9
-60,-22,9
-60,-22,9
-60,-23,9
-60,-22,9
-61,-22,8
-61,-21,8
-61,-21,8
-61,-21,8
-61,-21,8
-61,-22,8
-61,-22,8
-60,-22,9
-60,-22,8
-61,-23,8
-61,-22,8
-60,-23,8
-60,-22,9
-60,-22,8
-60,-22,8
-61,-22,8
-61,-22,8
-61,-22,8
-60,-22,8
-61,-22,8
-61,-22,8
-61,-21,8
-61,-22,8
-61,-22,8
-60,-22,8
-60,-22,8
-61,-22,8
-61,-22,8
-61,-21,7
-61,-21,7
-62,-21,8
-62,-21,8
-62,-21,8
-61,-22,8
-60,-22,8
-61,-22,8
-61,-22,8
-62,-21,8
-61,-21,8
-61,-20,8
-60,-21,8
-60,-21,8
-60,-21,8
-61,-21,8
-61,-22,8
-61,-22,8
-61,-22,9
-61,-22,9
-62,-21,9
-61,-21,9
-61,-21,9
-60,-21,8
-60,-21,8
-60,-21,8
-60,-21,8
-60,-22,8
-60,-22,8
-61,-22,8
-61,-22,9
-61,-22,9
-61,-22,9
-61,-22,9
-61,-21,9
-61,-21,8
-61,-22,8
-60,-22,8
-60,-22,8
-60,-22,8
-61,-22,8
-60,-23,8
-60,-22,8
-60,-23,8
-60,-22,9
-60,-22,8
-60,-22,9
-61,-22,9
-60,-21,9
-61,-20,9
-61,-21,8
-62,-21,8
-63,-21,8
-62,-21,8
-62,-21,7
-60,-22,8
-59,-21,8
-59,-21,7
-59,-21,7
-60,-21,7
-62,-21,7
-62,-21,7
-62,-21,7
-62,-21,8
-62,-21,8
-62,-21,8
-61,-21,8
-61,-21,8
-62,-21,7
-62,-21,7
-61,-21,6
-62,-21,6
-61,-21,7
-61,-20,7
-61,-21,8
-61,-21,8
-61,-21,7
-61,-22,8
-61,-21,8
-61,-21,7
-61,-21,7
-61,-21,7
-62,-21,7
-62,-21,7
-61,-21,8
-61,-22,8
-61,-22,8
-60,-22,8
-60,-21,8
-61,-21,8
-61,-21,7
-61,-21,7
-61,-21,7
-61,-21,8
-61,-21,8
-61,-21,8
-62,-22,8
-61,-22,8
-61,-22,8
-60,-21,8
-60,-21,8
-61,-21,8
-62,-21,7
-62,-21,7
-61,-21,7
-61,-21,8
-61,-21,8
-61,-21,8
-61,-21,8
-61,-21,8
-61,-21,8
-61,-21,8
-61,-21,7
-61,-21,8
-62,-21,8
-62,-22,8
-61,-21,8
-61,-21,8
-61,-21,8
-61,-21,8
-61,-21,8
-61,-21,8
-61,-21,8
-61,-21,8
-60,-22,8
-61,-21,8
-61,-21,8
-61,-21,8
-61,-21,8
-61,-21,8
-61,-21,8
-61,-21,9
-61,-21,8
-61,-21,8
-61,-21,8
-60,-21,8
-61,-21,8
-61,-21,8
-61,-21,8
-61,-21,8
-61,-22,8
-61,-22,8
-61,-22,8
-60,-22,9
-60,-22,8
-60,-22,8
-60,-21,8
-61,-21,8
-61,-21,7
-61,-21,7
-61,-21,8
-61,-21,9
-61,-22,9
-61,-22,9
-61,-22,9
-61,-22,8
-61,-22,8
-61,-22,8
-61,-22,8
-61,-21,8
-61,-21,8
-62,-21,8
-61,-21,8
-61,-21,8
-60,-22,9
-60,-22,8
-60,-22,8
-61,-22,8
-61,-22,8
-60,-21,8
-61,-21,8
-61,-21,8
-61,-21,8
-61,-21,8
-61,-21,8
-61,-21,8
-61,-22,8
-61,-22,9
-60,-22,8
-60,-22,8
-61,-22,8
-61,-22,9
-61,-22,9
-61,-22,9
-60,-22,9
-60,-22,9
-61,-22,8
-61,-22,8
-61,-22,9
-61,-22,9
-60,-22,9
-60,-22,9
-61,-21,8
-61,-22,8
-60,-22,8
-60,-22,8
-60,-22,9
-61,-22,9
-61,-22,9
-61,-22,9
-61,-22,9
-61,-22,9
-61,-22,9
-60,-22,9
-60,-22,9
-60,-22,8
-60,-22,9
-61,-22,9
-62,-22,9
-61,-22,9
-61,-22,9
-61,-22,9
-60,-22,9
-61,-22,9
-60,-22,9
-61,-22,9
-60,-22,9
-59,-22,9
-60,-22,9
-60,-22,9
-62,-22,9
-62,-22,9
-61,-22,9
-61,-22,9
-60,-22,9
-60,-22,9
-61,-22,8
-61,-22,9
-60,-22,8
-60,-22,8
-60,-22,8
-60,-22,8
-60,-22,8
-60,-22,8
-60,-22,8
-60,-23,8
-61,-23,9
-61,-22,8
-61,-22,8
-61,-22,8
-61,-22,8
-61,-22,8
-61,-22,8
-61,-22,8
-61,-22,8
-60,-22,8
-61,-22,8
-61,-22,8
-61,-22,8
-61,-22,8
-61,-22,8
-61,-22,8
-61,-22,8
-61,-22,8
-60,-22,8
-61,-22,8
-60,-22,8
-61,-22,8
-60,-22,8
-61,-22,8
-61,-22,8
-61,-22,8
-61,-22,8
-60,-22,8
-60,-22,8
-61,-22,8
-61,-22,8
-61,-22,8
-61,-22,8
-61,-22,8
-61,-22,8
-61,-22,8
-61,-22,8
-61,-22,8
-60,-22,8
-60,-22,8
-61,-22,8
-61,-22,8
-61,-22,8
-61,-22,8
-61,-22,8
-61,-22,8
-61,-22,8
-61,-22,9
-61,-22,9
-61,-22,8
-61,-22,8
-61,-21,8
-61,-22,8
-60,-22,8
-61,-22,8
-60,-22,9
-61,-22,8
-61,-22,8
-61,-22,8
-61,-22,9
-61,-22,9
-61,-22,8
-61,-22,8
-61,-22,8
-61,-22,8
-61,-22,8
-60,-22,8
-60,-22,8
-61,-22,8
-61,-22,8
-61,-22,8
-60,-22,8
-60,-22,8
-60,-22,8
-61,-22,8
-60,-22,9
-60,-22,8
-60,-22,8
-61,-22,8
-61,-22,8
-60,-22,9
-60,-22,9
-60,-22,8
-61,-22,9
-61,-22,9
-61,-22,9
-60,-22,9
-60,-22,9
-60,-22,9
-60,-22,8
-61,-22,8
-61,-22,8
-61,-22,8
-61,-22,9
-60,-22,8
-61,-22,8
-61,-22,8
-61,-22,8
-61,-22,8
-61,-22,8
-61,-22,8
-61,-22,8
-61,-22,8
-62,-22,8
-61,-22,8
-60,-22,8
-61,-22,8
-61,-22,8
-61,-22,8
-61,-22,8
-60,-21,8
-62,-21,7
-61,-21,8
-61,-21,8
-61,-21,8
-61,-22,8
-61,-22,8
-60,-22,8
-61,-22,8
-61,-22,8
-61,-21,8
-61,-21,8
-61,-21,8
-61,-21,8
-61,-21,8
-61,-22,8
-60,-21,8
-60,-22,9
-60,-22,9
-61,-22,8
-61,-22,8
-61,-21,8
-61,-21,9
-61,-21,9
-61,-21,9
-61,-21,9
-60,-21,8
-60,-21,9
-61,-21,8
-61,-22,8
-61,-22,9
-61,-21,9
-61,-21,9
-61,-21,9
-61,-21,9
-61,-22,9
-60,-22,8
-60,-22,8
-61,-22,8
-60,-22,8
-61,-22,8
-60,-22,9
-60,-22,9
-61,-22,9
-61,-22,9
-60,-21,8
-61,-22,8
-61,-22,8
-60,-22,9
-60,-22,9
-60,-22,9
-60,-22,9
-61,-22,9
-61,-22,9
-60,-22,8
-60,-22,8
-61,-22,8
-61,-22,8
-61,-22,8
-61,-22,8
-61,-22,9
-61,-22,9
-61,-22,9
-61,-22,9
-61,-22,9
-60,-22,8
-60,-22,8
-61,-22,8
-61,-22,8
-61,-22,8
-61,-22,8
-61,-22,8
-61,-22,8
-61,-22,8
-61,-22,8
-61,-22,8
-61,-22,8
-61,-22,8
-61,-22,8
-61,-22,8
-61,-21,8
-61,-22,8
-61,-22,8
-61,-22,8
-61,-22,8
-61,-22,8
-61,-22,8
-61,-22,8
-61,-22,8
-61,-22,8
-61,-22,8
-61,-21,8
-61,-21,8
-61,-21,8
-61,-21,8
-60,-22,8
-61,-22,8
-61,-22,8
-60,-22,8
-60,-22,8
-60,-22,8
-60,-22,8
-61,-21,8
-61,-21,8
-61,-21,8
-61,-21,8
-61,-21,8
-61,-21,8
-61,-22,9
-61,-21,9
-61,-22,9
-61,-22,9
-61,-22,8
-60,-21,9
-60,-21,8
-60,-21,9
-61,-21,8
-61,-21,9
-61,-21,8
-61,-21,9
-61,-21,9
-61,-21,9
-61,-21,8
-61,-21,9
-61,-22,9
-61,-21,8
-61,-21,9
-61,-21,9
-60,-21,9
-60,-21,9
-61,-21,9
-61,-21,9
-61,-21,9
-61,-21,9
-60,-22,9
-61,-22,9
-60,-22,9
-60,-21,8
-61,-22,8
-60,-21,8
-61,-21,8
-61,-21,9
-61,-21,9
-61,-21,8
-61,-22,9
-61,-21,9
-61,-22,9
-61,-22,9
-61,-22,8
-61,-21,9
-61,-21,8
-61,-21,8
-61,-21,8
-61,-21,8
-60,-22,8
-60,-22,9
-61,-22,8
-61,-22,8
-61,-22,9
-61,-22,9
-60,-22,9
-61,-22,8
-61,-22,8
-61,-22,8
-61,-21,8
-61,-22,8
-61,-22,8
-61,-22,9
-61,-22,9
-61,-22,9
-61,-22,9
-61,-22,9
-61,-21,8
-61,-21,8
-60,-21,9
-60,-21,9
-61,-22,9
-60,-22,9
-61,-22,9
-61,-22,8
-61,-21,9
-61,-22,9
-61,-21,9
-61,-21,8
-61,-22,8
-61,-22,9
-61,-21,9
-60,-21,9
-60,-21,9
-61,-22,8
-61,-22,8
-62,-22,8
-62,-22,8
-61,-21,9
-61,-22,9
-61,-22,9
-61,-21,8
-61,-22,8
-62,-22,8
-61,-22,9
-60,-22,9
-60,-22,9
-60,-22,10
-60,-23,10
-61,-23,9
-61,-22,9
-60,-22,9
-61,-22,9
-60,-22,9
-60,-22,9
-60,-22,9
-60,-22,9
-60,-22,9
-60,-21,9
-60,-21,9
-60,-21,9
-60,-21,8
-61,-21,9
-61,-21,9
-61,-22,9
-61,-22,9
-60,-22,9
-60,-22,9
-61,-22,9
-61,-22,8
-61,-22,8
-61,-22,8
-61,-21,8
-61,-22,8
-61,-21,8
-61,-21,8
-61,-21,8
-60,-22,8
-61,-22,8
-60,-23,9
-60,-23,8
-60,-23,8
-60,-23,8
-60,-23,8
-60,-23,8
-61,-23,8
-61,-23,8
-61,-23,8
-61,-22,8
-61,-22,8
-61,-22,8
-61,-22,8
-60,-23,8
-60,-23,8
-61,-23,8
-57,-23,9
-59,-23,9
-59,-24,8
-60,-24,8
-60,-24,9
-59,-24,9
-60,-24,9
-60,-24,9
-61,-24,9
-61,-23,8
-61,-23,8
-60,-23,8
-60,-23,8
-60,-23,8
-60,-23,8
-61,-23,9
-60,-23,9
-60,-24,9
-60,-24,9
-60,-24,8
-60,-24,9
-60,-23,8
-60,-23,9
-62,-23,11
-62,-24,11
-60,-23,12
-62,-22,11
-62,-22,10
-62,-22,11
-62,-21,11
-62,-21,11
-63,-21,11
-64,-19,11
-64,-19,11
-63,-17,10
-63,-16,10
-64,-15,10
-65,-14,11
-64,-13,10
-65,-12,9
-65,-11,8
-67,-9,8
-68,-8,8
-68,-6,7
-67,-4,7
-67,-2,3
-67,-1,0
-65,0,-4
-65,1,-6
-64,3,-11
-62,4,-18
-62,4,-19
-60,6,-20
-57,7,-21
-54,6,-27
-54,7,-27
-45,5,-27
-41,3,-29
-47,0,-39
-47,0,-40
-43,-1,-36
-40,-1,-33
-41,-6,-32
-41,-11,-37
-43,-13,-42
-44,-15,-43
-48,-21,-49
-46,-25,-53
-46,-28,-54
-55,-31,-47
-62,-30,-43
-57,-32,-36
-56,-25,-40
-63,-20,-43
-64,-18,-40
-65,-26,-14
-48,-20,20
-66,-20,-2
-45,-13,4
-50,-9,4
-80,-10,-14
-82,-11,-10
-67,-7,13
-72,-8,11
-63,-15,23
-60,-17,26
-56,-12,14
-58,-14,-4
-52,-14,7
-50,-14,-13
-74,-10,-28
-50,-11,-11
-44,-14,-15
-54,-18,-22
-58,-19,-37
-50,-19,-51
-49,-19,-56
-48,-25,-53
-53,-30,-54
-52,-29,-53
-36,-22,-33
-25,-14,6
-26,-20,6
-47,-23,-6
-65,-8,-17
-78,-11,-43
-75,-11,-40
-73,-9,-22
-76,-12,-19
-70,-11,-10
-45,-15,-8
-51,-14,-5
-74,-15,-31
-72,-16,-28
-70,-18,-13
-49,-15,-3
-46,-18,-7
-44,-22,-23
-48,-23,-34
-52,-27,-47
-49,-29,-53
-48,-28,-46
-39,-28,-21
-49,-37,-39
-52,-34,-44
-51,-27,-53
-26,-16,-33
-49,-17,-36
-50,-12,-16
-47,-6,-6
-70,-12,-8
-71,-12,9
-72,-7,12
-73,-6,3
-66,-7,0
-68,-9,-1
-64,-9,21
-57,-11,23
-62,-12,-13
-51,-14,-12
-50,-17,-14
-50,-26,-42
-58,-26,-49
-53,-20,-38
-43,-22,-37
-38,-25,-49
-49,-26,-45
-43,-25,-46
-37,-25,-50
-29,-22,-53
-29,-27,-61
-40,-24,-62
-38,-22,-48
-56,-21,-52
-46,-9,-31
-36,-3,-10
-47,-2,13
-61,-1,11
-51,-2,17
-55,-8,26
-70,-15,-2
-96,-28,-13
-70,-12,5
-59,-9,6
-50,-10,4
-49,-17,-13
-54,-20,-26
-56,-21,-38
-58,-21,-42
-41,-23,-38
-39,-25,-40
-46,-26,-39
-45,-25,-42
-42,-23,-63
-42,-22,-61
-25,-19,-40
-27,-22,-50
-39,-14,-64
-34,-14,-55
-32,-14,-53
-38,-11,-55
-43,-7,-47
-32,-6,-35
-37,-8,-27
-51,-14,-22
-68,-16,-36
-64,-16,-28
-49,-17,-24
-63,-20,-28
-57,-18,-28
-52,-16,-24
-48,-18,-34
-52,-23,-48
-58,-25,-43
-54,-24,-38
-44,-14,-30
-49,-13,-27
-50,-18,-23
-48,-18,-27
-56,-15,-26
-56,-14,-40
-57,-15,-40
-62,-21,-40
-58,-19,-26
-52,-22,-15
-55,-25,-19
-62,-23,-24
-63,-19,-28
-65,-15,-35
-66,-14,-34
-70,-13,-30
-69,-12,-27
-70,-8,-16
-65,-10,-10
-58,-10,-5
-64,-8,-3
-58,-7,-1
-57,-5,-5
-68,-7,-13
-64,-2,-11
-59,2,-10
-43,19,-14
-49,17,-14
-57,3,-3
-52,-2,7
-49,-6,16
-50,-12,18
-45,-15,23
-72,-11,-6
-65,-8,-3
-62,-15,4
-69,-16,-2
-76,-11,-5
-74,-8,-4
-63,-10,1
-60,-11,14
-68,-16,-7
-71,-16,-13
-48,-17,-2
-52,-18,-7
-56,-18,-20
-58,-19,-29
-53,-19,-27
-51,-16,-36
-51,-18,-44
-50,-15,-53
-43,-13,-54
-43,-11,-61
-43,-9,-63
-41,-6,-58
-35,-4,-54
-29,-3,-58
-25,-3,-61
-22,-3,-57
-18,0,-64
-18,1,-67
-26,5,-67
-29,4,-70
-12,0,-60
-15,-7,-45
-25,-10,-36
-28,-11,-45
-45,-13,-59
-37,-12,-54
-38,-7,-59
-40,-8,-59
-41,-6,-65
-39,-4,-62
-37,-5,-58
-42,-8,-56
-42,-10,-55
-32,-14,-39
-33,-18,-30
-48,-16,-39
-49,-19,-36
-43,-11,-51
-50,-17,-48
-56,-20,-26
-51,-14,-23
-57,-17,-32
-55,-16,-24
-34,-23,2
-67,-31,-3
-72,-27,0
-61,-27,16
-58,-25,13
-43,-31,18
-48,-32,24
-47,-34,36
-49,-32,37
-46,-29,41
-30,-27,50
-33,-29,46
-33,-26,51
-30,-25,49
-28,-25,51
-25,-23,48
-21,-24,54
-18,-24,56
-9,-25,58
-15,-29,58
-8,-32,65
-17,-34,60
-6,-27,59
-21,-14,62
-30,-13,52
-15,-13,50
-11,-12,59
-34,-11,52
-52,-11,40
-38,-10,45
-34,-10,50
-39,-9,37
-50,-10,24
-62,-15,24
-59,-10,34
-55,-16,25
-61,-17,26
-60,-18,28
-59,-20,27
-56,-23,29
-52,-23,29
-52,-25,30
-46,-25,34
-47,-27,33
-50,-30,33
-47,-30,34
-48,-32,34
-49,-32,35
-49,-34,37
-46,-39,39
-55,-39,37
-53,-41,30
-41,-36,29
-46,-33,3
-54,-35,-5
-57,-28,-10
-54,-22,-9
-63,-21,-12
-62,-19,-12
-63,-17,-10
-68,-20,-13
-63,-19,-6
-61,-23,3
-58,-21,5
-59,-21,11
-60,-24,9
-58,-22,19
-55,-21,24
-55,-15,21
-58,-13,21
-63,-11,22
-66,-13,22
-70,-16,21
-48,-19,-4
-66,-21,-14
-59,-6,18
-51,2,32
-64,-14,33
-36,-28,-1
-103,-28,-3
-57,-14,33
-32,-9,38
-61,-13,15
-72,-28,-14
-55,-23,22
-65,-24,30
-54,-16,21
-63,-14,11
-68,-14,5
-60,-13,5
-67,-18,6
-61,-20,14
-58,-14,17
-71,-11,19
-59,-9,28
-54,-7,26
-66,-12,20
-58,-12,16
-65,-10,9
-62,-4,9
-62,-1,5
-64,0,-1
-60,2,1
-60,2,11
-59,4,12
-63,4,7
-68,9,10
-63,11,12
-58,10,11
-62,12,8
-57,14,10
-56,16,14
-62,22,14
-61,20,6
-67,19,2
-67,22,4
-69,23,1
-64,22,0
-66,23,5
-65,26,9
-53,23,13
-56,21,8
-65,21,6
-62,23,11
-58,23,9
-57,19,6
-60,20,10
-58,23,14
-61,25,12
-59,29,11
-59,27,8
-62,28,9
-63,27,9
-61,24,11
-59,21,10
-60,19,17
-56,20,25
-60,18,22
-65,12,23
-64,11,24
-61,3,23
-59,1,19
-57,-1,20
-57,-3,23
-65,0,28
-68,2,28
-60,4,32
-59,5,32
-58,3,25
-59,7,27
-57,8,28
-56,4,26
-57,7,31
-54,9,33
-56,8,31
-60,4,32
-64,3,31
-67,5,32
-65,2,28
-58,5,27
-58,6,23
-59,7,12
-61,9,5
-59,11,7
-58,12,4
-60,12,2
-63,13,1
-60,13,0
-65,11,0
-66,8,-2
-65,10,1
-70,3,-12
-65,8,-3
-57,7,-5
-60,3,-5
-62,-3,-10
-59,-4,-11
-70,0,-5
-71,2,-11
-64,5,-14
-59,7,-11
-71,7,-13
-69,7,-19
-70,11,-28
-70,13,-32
-73,13,-36
-66,14,-35
-63,12,-34
-56,6,-29
-57,4,-25
-63,4,-20
-59,4,-15
-65,4,-12
-69,3,-12
-69,-2,-9
-65,-5,-8
-61,-6,-4
-60,-5,-4
-62,-2,-3
-58,2,8
-57,2,10
-63,3,10
-68,5,10
-65,7,9
-62,7,12
-61,2,11
-65,0,14
-62,-1,18
-58,-1,20
-58,-3,23
-59,-4,24
-64,-1,21
-58,3,24
-56,4,26
-59,7,31
-58,8,31
-68,9,27
-69,8,27
-63,8,25
-59,8,25
-61,7,29
-63,6,27
-56,4,32
-50,4,34
-46,4,34
-51,11,31
-48,10,29
-52,12,31
-49,10,33
-53,12,35
-54,12,32
-64,8,27
-66,5,25
-61,5,28
-59,7,29
-61,12,23
-62,13,21
-60,12,20
-62,15,23
-58,15,21
-57,18,16
-59,19,14
-55,17,21
-53,16,26
-54,12,19
-54,13,15
-57,10,8
-56,10,4
-66,4,0
-62,3,-2
-51,10,-1
-65,9,-16
-65,6,-24
-68,9,-30
-68,11,-28
-64,9,-40
-66,7,-46
-65,13,-32
-57,13,-34
-57,12,-36
-56,14,-31
-49,17,-29
-50,16,-31
-61,14,-33
-55,18,-23
-51,18,-24
-54,16,-24
-56,14,-22
-61,10,-18
-66,7,-13
-68,9,3
-69,11,3
-68,12,-8
-68,16,-10
-80,11,-14
-65,17,-10
-61,21,-11
-48,23,1
-45,26,12
-33,22,22
-44,32,47
-26,40,44
-24,31,45
-33,28,44
-37,22,42
-31,17,45
-47,11,37
-64,9,35
-52,5,34
-53,4,32
-43,2,42
-53,5,36
-55,7,32
-53,5,35
-51,1,30
-63,2,26
-65,1,28
-65,1,25
-65,5,18
-67,7,13
-63,9,10
-63,13,1
-61,15,-2
-59,20,-11
-60,22,-17
-57,25,-19
-52,27,-19
-46,29,-21
-47,29,-23
-46,31,-25
-45,31,-23
-44,30,-21
-41,30,-19
-47,29,-22
-43,27,-20
-45,25,-21
-53,23,-25
-51,21,-25
-51,18,-27
-54,17,-27
-53,12,-30
-55,10,-32
-56,8,-37
-58,7,-38
-54,7,-39
-53,6,-39
-54,5,-41
-54,5,-43
-53,5,-44
-53,6,-41
-53,5,-40
-52,1,-47
-51,1,-44
-49,0,-41
-50,0,-42
-51,-1,-44
-49,-1,-45
-49,-1,-45
-49,-1,-45
-47,-2,-44
-49,-4,-41
-49,-3,-43
-49,-3,-45
-50,-5,-46
-50,-5,-47
-50,-5,-46
-47,-6,-45
-48,-6,-46
-47,-7,-45
-46,-7,-45
-47,-9,-44
-47,-8,-44
-46,-9,-43
-47,-9,-43
-47,-9,-44
-46,-10,-44
-45,-9,-44
-47,-12,-45
-48,-11,-46
-50,-10,-46
-48,-11,-45
-45,-13,-41
-49,-13,-40
-52,-14,-39
-49,-15,-39
-49,-15,-37
-54,-15,-36
-54,-15,-35
-53,-17,-39
-52,-18,-40
-54,-17,-41
-54,-18,-43
-52,-19,-43
-49,-20,-41
-46,-15,-36
-45,-14,-36
-45,-10,-37
-44,-6,-39
-45,-2,-38
-45,4,-40
-48,6,-41
-50,11,-43
-51,15,-45
-50,17,-48
-50,19,-48
-48,18,-51
-49,17,-52
-52,15,-49
-52,14,-47
-52,10,-44
-48,9,-40
-46,9,-38
-49,8,-31
-50,8,-30
-52,10,-27
-52,11,-26
-50,12,-26
-49,14,-25
-49,16,-25
-51,17,-27
-51,17,-29
-50,17,-30
-48,18,-31
-44,20,-34
-45,22,-36
-46,25,-38
-47,26,-38
-48,27,-38
-51,24,-39
-53,19,-41
-54,17,-41
-52,16,-39
-50,15,-37
-46,14,-34
-46,14,-33
-45,14,-32
-48,13,-33
-50,12,-33
-52,9,-35
-53,8,-35
-55,4,-37
-56,2,-37
-56,-3,-35
-56,-5,-35
-58,-8,-34
-58,-9,-35
-57,-11,-35
-52,-13,-35
-49,-18,-35
-50,-25,-38
-54,-29,-38
-55,-34,-38
-50,-35,-38
-51,-33,-37
-49,-28,-38
-48,-19,-45
-47,-13,-49
-44,-5,-49
-45,-3,-51
-53,-6,-50
-55,-10,-49
-56,-12,-43
-50,-12,-37
-51,-10,-33
-60,2,-27
-63,1,-30
-67,4,-28
-70,3,-31
-65,6,-36
-56,5,-32
-51,2,-32
-48,3,-33
-42,7,-33
-42,8,-33
-43,9,-35
-46,10,-33
-46,11,-32
-53,10,-33
-57,10,-34
-59,9,-36
-60,9,-36
-58,9,-35
-57,8,-35
-56,8,-35
-56,8,-35
-56,7,-36
-56,6,-36
-54,5,-36
-55,4,-36
-54,3,-36
-54,2,-36
-54,2,-35
-54,2,-34
-54,1,-34
-55,1,-34
-55,1,-33
-55,1,-33
-56,2,-34
-55,2,-34
-56,2,-35
-56,2,-35
-55,3,-35
-55,2,-35
-55,2,-35
-54,2,-34
-55,1,-35
-55,2,-34
-55,1,-34
-55,1,-34
-55,1,-34
-55,2,-34
-56,1,-35
-55,1,-35
-55,1,-34
-55,1,-34
-55,1,-34
-55,1,-34
-55,1,-34
-56,0,-34
-56,0,-34
-55,0,-33
-54,0,-33
-55,0,-33
-55,0,-32
-55,0,-33
-56,0,-34
-56,1,-34
-56,1,-34
-56,1,-33
-56,1,-33
-56,0,-32
-56,0,-33
-56,0,-33
-56,0,-33
-56,0,-32
-56,0,-33
-56,0,-32
-56,0,-32
-56,0,-33
-56,0,-32
-56,0,-33
-56,0,-32
-56,0,-32
-56,0,-32
-56,0,-32
-56,0,-32
-56,0,-32
-56,0,-32
-56,0,-32
-56,0,-32
-56,0,-33
-56,0,-33
-56,0,-32
-56,0,-32
-56,0,-32
-56,0,-32
-56,0,-32
-56,0,-32
-56,0,-32
-56,0,-32
-56,0,-32
-56,0,-33
-56,0,-33
-56,0,-33
-55,0,-32
-56,0,-32
-56,0,-32
-56,0,-32
-56,0,-33
-56,0,-32
-56,0,-32
-56,0,-32
-56,0,-33
-56,0,-33
-57,0,-33
-56,0,-33
-56,0,-32
-56,0,-32
-56,0,-32
-56,0,-33
-56,0,-33
-56,0,-33
-56,0,-33
-56,0,-32
-56,0,-33
-56,0,-33
-56,0,-33
-57,1,-33
-56,0,-33
-56,1,-32
-56,0,-33
-56,0,-32
-56,1,-33
-55,1,-33
-55,1,-33
-56,1,-33
-56,1,-32
-56,0,-32
-56,1,-32
-56,1,-32
-56,0,-32
-56,0,-32
-56,1,-32
-56,1,-32
-56,1,-33
-56,1,-33
-56,1,-33
-56,1,-32
-56,1,-32
-56,1,-32
-56,1,-32
-56,1,-32
-56,1,-32
-56,1,-32
-56,1,-32
-56,1,-32
-56,1,-32
-56,1,-32
-57,1,-32
-56,1,-32
-56,1,-32
-56,2,-32
-56,2,-32
-56,1,-32
-55,1,-32
-55,1,-32
-54,1,-32
-55,2,-32
-55,2,-33
-56,3,-34
-57,3,-34
-58,3,-35
-58,2,-34
-58,1,-34
-57,0,-33
-57,-1,-32
-56,-1,-31
-55,-1,-31
-54,-1,-30
-54,0,-30
-54,2,-31
-53,2,-31
-54,3,-33
-54,3,-33
-55,4,-34
-56,4,-35
-58,3,-35
-58,2,-35
-58,1,-33
-58,0,-33
-57,0,-32
-57,0,-32
-56,-1,-32
-55,-1,-32
-55,-1,-32
-54,0,-33
-54,1,-33
-54,1,-33
-55,1,-34
-56,2,-34
-56,2,-35
-57,1,-34
-57,1,-34
-56,0,-32
-56,0,-32
-56,-1,-32
-55,-1,-32
-56,-1,-32
-56,-1,-33
-56,-1,-33
-56,0,-33
-56,0,-33
-56,0,-33
-56,0,-32
-56,1,-33
-56,0,-33
-56,0,-33
-56,0,-32
-56,0,-32
-56,0,-32
-56,0,-32
-56,0,-32
-56,1,-32
-56,1,-32
-56,1,-32
-56,1,-32
-56,1,-32
-56,1,-33
-56,1,-32
-56,1,-32
-56,0,-32
-56,0,-31
-56,0,-31
-56,0,-32
-56,0,-32
-56,0,-32
-57,1,-32
-56,1,-32
-56,1,-32
-56,1,-32
-56,1,-32
-56,1,-32
-56,1,-32
-56,1,-32
-56,1,-32
-56,1,-32
-56,1,-32
-56,0,-32
-56,0,-32
-56,0,-32
-56,0,-32
-56,0,-32
-57,0,-31
-57,0,-32
-56,0,-32
-56,0,-32
-56,1,-32
-56,0,-32
-56,1,-32
-56,1,-32
-56,0,-32
-56,0,-32
-57,0,-32
-56,0,-32
-56,0,-31
-57,0,-32
-56,0,-32
-56,0,-32
-56,0,-32
-56,0,-32
-56,0,-32
-56,0,-32
-56,0,-32
-56,1,-32
-56,0,-32
-56,0,-32
-56,0,-32
-57,0,-32
-56,0,-32
-56,0,-32
-56,0,-32
-56,0,-32
-56,0,-32
-57,0,-32
-56,0,-31
-57,0,-32
-57,1,-32
-57,1,-32
-57,1,-32
-56,1,-32
-56,1,-32
-56,1,-32
-56,1,-32
-56,1,-32
-56,1,-32
-56,1,-32
-57,1,-32
-57,1,-32
-56,1,-32
-56,0,-32
-56,1,-32
-56,1,-32
-56,0,-32
-56,1,-33
-56,1,-32
-56,1,-32
-56,1,-32
-56,1,-32
-57,0,-32
-57,1,-32
-57,1,-32
-57,1,-32
-56,1,-32
-56,1,-32
-56,1,-32
-56,1,-32
-56,1,-32
-56,1,-32
-56,1,-32
-56,1,-32
-57,1,-32
-56,1,-32
-56,1,-31
-56,1,-32
-56,1,-32
-56,1,-32
-56,1,-32
-56,1,-32
-56,1,-32
-56,1,-31
-56,1,-32
-56,1,-31
-57,0,-32
-56,1,-31
-56,0,-31
-56,1,-31
-57,1,-32
-57,0,-32
-56,0,-31
-56,0,-31
-54,0,-30
-55,1,-31
-57,3,-34
-61,2,-36
-62,2,-36
-59,1,-32
-58,0,-31
-56,-2,-28
-54,-3,-28
-53,-3,-28
-52,-3,-28
-52,-1,-28
-53,0,-30
-57,2,-32
-59,3,-33
-60,4,-34
-60,3,-33
-60,2,-32
-60,1,-32
-59,0,-31
-57,-2,-30
-56,-2,-29
-54,-3,-28
-53,-2,-27
-53,-1,-28
-55,0,-29
-58,1,-32
-60,1,-33
-60,2,-33
-59,2,-31
-59,1,-30
-58,1,-30
-59,1,-30
-61,2,-31
-63,2,-31
-69,4,-30
-73,4,-29
-77,5,-27
-76,7,-23
-73,11,-17
-71,14,-14
-76,18,-13
-79,19,-15
-78,22,-12
-71,23,-9
-70,24,-5
-62,22,-2
-58,22,3
-52,22,11
-46,21,15
-39,18,20
-39,18,23
-33,18,28
-32,18,31
-33,16,33
-33,15,34
-35,13,37
-35,13,40
-36,13,42
-34,13,45
-36,11,45
-35,10,47
-35,8,50
-33,4,52
-37,2,52
-36,-1,53
-35,-3,55
-32,-6,56
-33,-6,57
-34,-8,59
-29,-8,59
-26,-9,59
-28,-10,59
-28,-11,60
-25,-12,60
-23,-13,59
-23,-13,57
-23,-13,57
-19,-14,57
-16,-14,58
-14,-21,58
-16,-27,57
-22,-30,60
-20,-33,61
-21,-32,61
-23,-29,63
-22,-29,63
-13,-26,66
-12,-23,67
-12,-18,66
-11,-16,66
-16,-10,66
-16,-6,64
-18,8,58
-32,21,51
-38,30,47
-49,32,31
-52,35,24
-57,33,20
-53,27,19
-40,20,30
-33,17,36
-31,1,53
-29,-6,56
-19,-7,63
-20,-6,66
-20,-13,64
-24,-14,59
-35,-11,61
-32,-5,59
-29,-2,61
-34,2,59
-38,6,55
-44,8,48
-53,8,50
-49,10,54
-48,11,50
-53,9,45
-45,11,50
-46,16,50
-61,18,43
-60,20,40
-68,22,26
-67,23,21
-54,22,18
-47,18,16
-60,16,20
-58,12,20
-53,9,26
-58,6,24
-52,4,35
-44,-3,49
-42,-3,56
-48,8,54
-44,5,57
-39,-3,45
-52,0,47
-35,8,58
-35,16,48
-55,29,35
-64,35,27
-53,38,16
-53,30,12
-76,23,12
-77,20,17
-28,3,61
-54,-1,60
-49,7,51
-40,10,40
-38,8,37
-50,17,44
-51,18,44
-50,14,40
-53,14,42
-105,29,13
-90,27,17
-38,6,46
-13,-1,67
31,-5,76
-6,-1,66
-17,1,61
-37,11,46
-54,18,40
-60,20,30
-63,21,25
-71,23,21
-64,12,36
-41,14,51
-40,12,37
-30,8,56
-21,3,55
-42,6,48
-52,18,50
-82,12,32
-34,4,51
-35,3,39
-35,13,55
-27,13,53
-46,12,47
-52,16,42
-44,15,45
-36,14,49
-44,13,47
-47,11,42
-40,11,49
-36,15,57
-38,18,57
-40,12,61
-34,6,59
-32,-3,48
-35,-3,48
-29,-5,43
-31,-1,39
-43,4,36
-39,5,35
-38,23,29
-39,35,19
-36,30,6
-51,29,-4
-68,34,1
-77,32,18
-82,25,16
-106,12,11
-105,4,6
-83,-4,9
-82,-5,9
-58,-4,20
-47,-5,21
-47,-11,20
-63,-12,8
-57,-12,7
-51,-5,16
-61,-1,3
-82,-22,18
-79,-20,32
-53,-9,12
-57,-9,10
-69,-8,16
-71,-8,19
-67,-8,25
-68,-10,28
-53,-13,36
-45,-12,46
-35,-11,49
-24,-10,53
-36,-7,43
-46,-14,32
-49,-15,31
-49,3,26
-47,0,22
-55,6,18
-56,16,16
-54,5,10
-56,3,9
-61,23,1
-67,13,-10
-69,14,-10
-62,18,-6
-62,17,-6
-61,18,-14
-61,21,-17
-59,23,-22
-57,25,-25
-58,28,-36
-57,30,-37
-50,34,-35
-50,35,-35
-57,36,-37
-59,34,-37
-61,32,-35
-69,26,-32
-72,22,-31
-67,17,-27
-65,15,-26
-60,11,-20
-58,9,-19
-53,8,-18
-51,9,-18
-52,10,-20
-56,11,-23
-58,12,-24
-62,13,-25
-63,14,-26
-65,14,-26
-65,14,-25
-64,12,-23
-62,11,-22
-60,11,-22
-59,11,-21
-56,12,-20
-56,12,-20
-55,13,-21
-54,14,-21
-57,15,-23
-60,15,-25
-62,14,-26
-64,12,-24
-64,11,-24
-63,8,-23
-62,7,-21
-61,6,-19
-61,6,-19
-61,5,-19
-61,5,-19
-60,5,-18
-58,6,-18
-58,7,-19
-61,7,-21
-62,8,-22
-63,7,-22
-63,6,-22
-61,5,-19
-60,5,-19
-60,4,-18
-60,4,-18
-61,4,-19
-62,4,-20
-63,4,-20
-64,4,-19
-64,3,-18
-65,2,-17
-65,1,-17
-66,0,-17
-66,0,-16
-64,-1,-16
-63,-1,-15
-60,0,-14
-60,0,-15
-61,2,-15
-62,2,-16
-66,4,-17
-67,4,-15
-68,4,-14
-67,2,-12
-66,2,-11
-65,1,-10
-63,1,-10
-62,1,-12
-62,1,-11
-62,1,-13
-62,1,-13
-62,1,-13
-62,2,-13
-62,3,-13
-61,4,-13
-61,5,-13
-59,7,-12
-58,8,-12
-58,10,-13
-59,11,-14
-61,14,-16
-62,15,-18
-65,15,-21
-65,15,-21
-62,13,-21
-61,13,-20
-61,11,-21
-61,10,-20
-61,9,-20
-62,8,-19
-62,8,-19
-64,8,-19
-64,8,-19
-64,9,-18
-63,9,-18
-62,10,-19
-62,10,-19
-61,9,-19
-61,8,-20
-60,7,-20
-60,7,-19
-60,7,-19
-60,7,-18
-60,8,-18
-61,9,-17
-62,9,-17
-63,10,-17
-63,11,-18
-65,12,-19
-66,11,-20
-66,11,-21
-65,10,-20
-64,10,-19
-63,10,-18
-63,9,-16
-63,8,-16
-63,8,-16
-62,8,-15
-60,8,-15
-59,9,-14
-59,9,-14
-60,8,-13
-60,8,-14
-63,7,-14
-64,6,-13
-64,6,-13
-64,5,-12
-65,5,-11
-64,4,-12
-64,4,-12
-64,3,-12
-64,3,-12
-63,2,-12
-62,2,-11
-62,2,-10
-62,2,-10
-63,1,-9
-66,0,-9
-69,0,-7
-69,0,-5
-68,0,-1
-65,0,4
-63,0,8
-60,-1,15
-60,-2,18
-61,-4,21
-62,-5,23
-58,-4,28
-53,-5,31
-37,-6,35
-33,-7,39
-34,-10,39
-29,-11,39
-33,-14,39
-39,-24,39
-33,-27,40
-38,-42,44
-45,-49,45
-27,-50,46
-22,-51,45
-40,-53,44
-43,-50,43
-40,-45,41
-27,-42,48
-24,-42,48
-23,-44,47
-21,-43,46
-20,-42,41
-14,-41,40
-14,-45,37
-16,-47,36
-12,-49,38
-12,-50,38
-12,-54,40
-15,-56,42
-12,-62,41
-12,-67,23
-22,-69,22
-34,-72,15
-35,-68,12
-30,-57,14
-17,-54,19
-29,-56,31
-39,-50,28
-35,-40,25
-27,-40,27
-23,-41,25
-33,-42,24
-19,-41,41
-29,-41,42
-28,-42,40
-29,-45,38
-30,-44,39
-31,-38,42
-30,-36,44
-28,-35,46
-22,-35,45
-29,-36,42
-26,-34,48
-15,-36,45
-16,-39,41
-19,-42,45
-16,-45,46
-14,-45,40
-15,-45,33
-22,-49,34
-17,-49,37
-15,-48,37
-16,-50,40
-19,-56,41
-14,-58,33
-14,-58,30
-20,-56,33
-12,-53,36
-3,-53,34
-4,-55,28
-4,-57,29
0,-62,30
0,-64,28
-3,-63,26
-5,-62,25
-6,-64,24
-5,-63,24
-3,-60,29
-3,-57,29
-1,-57,27
3,-57,31
4,-56,35
6,-55,35
4,-55,33
1,-55,37
-1,-53,42
1,-51,38
2,-50,35
-4,-51,38
-5,-49,39
-1,-49,37
-1,-49,36
-3,-49,39
-3,-47,36
-3,-47,36
-4,-46,35
-10,-46,33
-11,-49,35
-10,-49,35
-11,-50,36
-12,-51,37
-9,-53,37
-9,-56,34
-16,-60,28
-26,-62,25
-20,-68,5
20,-78,33
15,-69,27
19,-56,16
26,-56,20
19,-58,23
20,-63,25
10,-69,16
2,-69,16
-2,-62,12
3,-60,11
2,-57,11
3,-56,15
3,-57,17
7,-58,17
8,-59,18
5,-59,24
4,-59,27
7,-58,28
7,-57,28
7,-57,30
8,-57,31
12,-56,33
11,-57,33
10,-60,33
3,-61,28
0,-61,27
-1,-58,27
0,-57,27
0,-56,25
3,-58,23
12,-59,24
18,-60,23
17,-61,20
15,-59,17
14,-54,13
15,-56,14
18,-59,17
15,-62,17
12,-63,17
20,-59,26
26,-57,31
23,-58,22
16,-62,13
-25,-59,-8
-62,-60,-21
-26,-68,22
-3,-57,46
12,-56,42
3,-59,30
-10,-63,21
-29,-63,18
-33,-66,16
-31,-75,16
-25,-78,17
-12,-75,22
-10,-72,25
-11,-63,22
-11,-60,18
-14,-58,10
-15,-58,8
-21,-59,3
-24,-64,1
-22,-58,2
-19,-56,4
-18,-54,4
-20,-50,2
-21,-49,2
-22,-51,3
-21,-52,4
-19,-58,8
-19,-60,9
-19,-63,11
-20,-65,13
-22,-66,16
-23,-68,17
-23,-75,20
-20,-77,24
-18,-75,27
-12,-65,29
-9,-63,27
-4,-59,16
-8,-58,13
3,-61,32
4,-59,35
-25,-54,7
-41,-52,-12
-104,-67,-71
-53,-52,-37
43,-36,47
24,-30,59
-13,-36,25
-72,-36,-14
-77,-42,1
-33,-45,47
-27,-55,47
-41,-59,34
-74,-58,9
-80,-50,7
-66,-44,17
-61,-41,12
-70,-41,-1
-63,-38,3
-61,-34,4
-72,-34,-1
-81,-34,-4
-73,-30,0
-70,-25,1
-70,-21,2
-57,-16,8
-51,-10,13
-42,-5,13
-40,-2,13
-34,-2,23
-52,-7,17
-54,1,24
-48,8,28
-53,12,29
-51,22,34
-47,25,36
-49,28,34
-45,29,34
-40,24,40
-44,23,41
-48,25,39
-50,26,35
-45,28,40
-45,29,44
-46,29,46
-45,28,54
-44,26,55
-51,19,50
-51,18,47
-43,14,40
-37,15,40
-46,10,27
-41,9,33
-40,6,44
-40,7,47
-64,9,29
-42,14,36
-34,13,43
-52,10,29
-61,12,23
-61,17,23
-50,19,31
-67,16,10
-77,16,-1
-55,18,11
-61,18,11
-66,19,-2
-60,23,0
-64,24,-6
-65,25,-21
-68,26,-32
-64,25,-25
-67,20,-17
-45,28,-30
-52,30,-26
-56,23,-36
-56,25,-48
-8,28,-8
-64,8,7
-79,11,-25
-52,4,-5
-72,-2,4
-63,-5,1
-59,1,7
-65,-6,7
-70,3,0
-64,11,-13
-68,4,-9
-60,10,2
-66,16,-2
-70,-22,27
-77,7,-21
-84,24,-18
-65,5,12
-66,6,-38
-66,45,-69
-43,48,-58
-58,11,14
-60,1,40
-62,5,12
-40,-6,22
-83,13,-6
-62,22,-50
-35,39,-51
-37,35,-51
-55,23,-15
-59,26,-8
-61,28,-17
-60,27,-29
-53,27,-16
-57,21,-28
-70,18,-38
-62,12,-28
-60,12,-21
-73,8,-19
-67,11,-20
-33,14,10
-25,12,26
-49,13,-7
-50,16,-23
-52,19,-27
-56,15,-50
-53,14,-52
-54,13,-49
-56,13,-49
-49,13,-47
-50,12,-49
-44,12,-45
-42,12,-44
-49,10,-44
-45,12,-46
-39,15,-49
-41,12,-53
-41,12,-50
-39,13,-48
-38,12,-49
-35,10,-54
-33,12,-54
-29,13,-49
-34,13,-46
-44,11,-50
-42,11,-51
-36,13,-53
-34,13,-52
-34,12,-50
-37,11,-48
-40,10,-48
-41,10,-47
-41,10,-48
-43,11,-51
-46,11,-50
-47,11,-44
-46,11,-43
-42,11,-52
-41,11,-49
-38,12,-46
-37,12,-45
-45,7,-42
-44,13,-43
-41,12,-40
-56,0,-34
-59,3,-35
-55,1,-38
-55,0,-28
-55,9,-23
-50,5,-39
-45,-1,-27
-41,2,-33
-47,6,-49
-34,-19,-17
-60,7,-28
-77,-30,-45
7,35,-56
-27,30,-16
-29,-4,-41
-37,21,-64
-19,29,-75
-42,41,-89
-50,32,-89
-55,-14,-8
-55,1,-9
-68,-14,-17
-24,-16,-8
-40,-15,-32
-32,-19,-99
-25,-11,-115
-27,5,-92
-34,6,-71
-41,2,-47
-39,-3,-43
-51,-12,-31
-58,-17,-47
-19,-26,-17
-30,-17,-11
-48,-8,-28
-54,-18,-32
-73,-20,-38
-67,-8,-17
-60,-9,-10
-47,-28,-3
-30,-23,30
-48,-25,0
-45,-27,-8
-59,-30,-16
-57,-24,-10
-52,-23,-10
-24,-37,4
-55,-83,-34
-58,-85,-21
-61,-78,-16
-46,-66,-12
-41,-62,-4
-34,-59,11
-35,-58,12
-37,-56,3
-43,-55,-15
-73,-54,-20
-66,-48,-9
-56,-43,-2
-63,-39,-12
-67,-35,-24
-63,-34,-26
-64,-32,-26
-64,-29,-28
-62,-28,-30
-57,-20,-29
-60,-15,-30
-63,-9,-27
-55,-4,-22
-48,4,-15
-51,7,-15
-63,9,-17
-59,9,-16
-60,10,-23
-66,6,-30
-59,3,-27
-56,1,-22
-52,4,-16
-40,12,-9
-44,16,-7
-50,20,-9
-51,24,-16
-52,23,-29
-58,23,-33
-49,26,-28
-46,27,-28
-49,23,-28
-44,24,-30
-44,23,-29
-57,21,-26
-62,22,-26
-56,25,-30
-54,26,-30
-52,27,-33
-50,29,-30
-50,33,-34
-52,34,-35
-47,36,-33
-47,37,-32
-50,39,-22
-44,41,-17
-55,41,-24
-40,36,-39
-44,36,-44
-44,36,-52
-41,27,-45
-40,27,-28
-35,24,-27
-26,-11,-43
-49,30,-48
-49,34,-43
-56,40,-34
-52,40,-32
-26,39,-36
-32,42,-22
-50,39,-18
-50,37,-27
-41,43,-38
-42,43,-37
-43,45,-31
-45,42,-20
-39,40,-28
-38,41,-33
-32,40,-34
-35,42,-37
-42,40,-33
-39,34,-29
-34,31,-24
-29,29,-21
-31,29,-19
-40,29,-14
-82,7,-46
-77,33,-70
-11,15,-14
-66,19,-38
-63,19,-45
-58,25,-42
-65,22,-49
-65,22,-42
-56,20,-34
-63,18,-34
-57,13,-43
-55,16,-30
-53,15,-18
-55,7,-29
-55,8,-34
-56,7,-31
-38,0,-39
-45,0,-41
-40,8,-39
-43,7,-38
-64,39,-6
-44,10,-41
-34,8,-35
-43,10,-61
-44,10,-69
-43,7,-70
-39,6,-66
-36,6,-58
-37,7,-55
-35,8,-55
-36,8,-56
-35,7,-59
-33,3,-59
-32,1,-58
-33,-2,-54
-35,-3,-51
-37,1,-48
-38,3,-46
-39,6,-46
-40,7,-47
-40,7,-48
-39,7,-49
-37,6,-47
-36,5,-46
-39,4,-45
-54,27,-23
-31,-10,-34
-55,-5,-40
-51,-6,-36
-49,-7,-34
-48,-6,-34
-48,-4,-37
-50,-3,-38
-52,0,-38
-54,1,-40
-59,3,-39
-58,3,-37
-55,2,-34
-65,1,-37
-68,-1,-38
-63,0,-32
-61,-2,-28
-64,-4,-28
-64,-7,-28
-61,-10,-26
-59,-10,-23
-59,-12,-19
-58,-12,-19
-57,-13,-15
-59,-13,-14
-62,-14,-15
-62,-14,-12
-62,-14,-11
-64,-14,-11
-65,-14,-11
-71,-13,-12
-73,-12,-11
-71,-12,-4
-60,-12,5
-40,-17,28
-20,-22,38
27,-31,67
-13,-25,-7
-22,-26,-20
-63,-37,-48
-113,-34,-75
-119,-32,-84
-83,-6,-54
58,-37,-15
78,-62,63
-7,-66,74
-44,-51,44
-61,-36,18
-72,-38,13
-65,-36,23
-50,-34,34
-45,-38,35
-49,-40,37
-51,-37,37
-54,-31,33
-54,-28,29
-54,-24,23
-53,-21,21
-59,-13,16
-58,-9,17
-56,-7,22
-54,-7,21
-52,-6,22
-49,-7,25
-47,-5,28
-45,-7,27
-48,-7,26
-51,-6,30
-53,-5,35
-59,-3,32
-62,-3,30
-65,-3,29
-62,-4,28
-57,-6,31
-52,-7,35
-50,-7,35
-48,-13,42
-51,-10,40
-54,-10,37
-54,-10,41
-55,-6,41
-56,-2,36
-62,1,24
-58,2,27
-47,0,39
-42,-1,44
-45,-6,44
-52,-8,42
-51,-4,46
-47,-1,48
-51,-2,43
-45,4,43
-46,4,45
-51,0,45
-49,-1,46
-46,-3,47
-47,-5,47
-47,-6,47
-43,-6,45
-44,-10,46
-44,-11,47
-37,-12,48
-46,-14,37
-46,-12,37
-40,-12,45
-43,-14,44
-75,-22,27
-64,-21,33
-50,-24,35
-54,-27,33
-54,-26,33
-53,-28,34
-45,-31,32
-35,-32,36
-46,-40,24
-45,-36,23
-43,-39,18
-38,-43,14
-47,-43,11
-57,-41,11
-41,-38,11
-42,-40,13
-43,-40,14
-37,-43,22
-39,-42,22
-53,-42,19
-48,-37,19
-36,-39,30
-46,-36,29
-51,-34,31
-37,-27,37
-42,-29,34
-51,-31,35
-41,-28,39
-35,-27,45
-49,-32,46
-51,-30,44
-38,-24,43
-31,-27,43
-36,-34,44
-38,-31,41
-31,-29,44
-33,-29,48
-35,-31,46
-31,-31,42
-32,-31,44
-35,-32,43
-28,-30,38
-34,-32,31
-44,-30,13
-50,-31,12
-66,-30,6
-78,-32,30
-71,-37,48
-64,-44,55
-40,-45,69
-30,-58,24
-29,-57,19
-27,-52,4
-13,-46,-12
-14,-68,-51
-51,-61,-40
-90,-54,-24
-103,-51,-8
-83,-79,-27
24,-60,23
41,-51,44
14,-53,33
-2,-52,18
17,-53,8
13,-61,11
4,-69,26
-31,-71,17
-9,-56,64
-3,-50,45
6,-53,25
-1,-60,21
-4,-59,30
0,-55,36
0,-52,38
-4,-50,37
-4,-51,38
2,-53,38
0,-54,37
-6,-53,35
-5,-52,37
-1,-52,39
0,-51,36
-6,-55,35
-4,-55,35
-1,-54,34
0,-55,33
0,-55,29
-1,-56,29
-1,-56,29
-10,-53,23
-15,-53,28
-15,-50,41
-32,-48,38
-14,-40,44
-1,-44,46
12,-45,53
-13,-49,56
-16,-45,52
-15,-38,40
-23,-38,38
-41,-51,41
-34,-46,39
-31,-43,32
-42,-43,30
-35,-40,32
-32,-37,38
-33,-34,48
-36,-30,51
-30,-29,55
-42,-26,51
-40,-22,52
-43,-22,49
-42,-20,48
-44,-16,45
-46,-16,44
-55,-19,42
-56,-26,39
-63,-37,44
-59,-39,46
-47,-38,39
-41,-35,36
-34,-27,27
-41,-23,23
-47,-24,21
-69,-29,22
-72,-33,24
-53,-35,34
-50,-33,40
-55,-29,34
-57,-27,29
-58,-22,20
-60,-21,18
-56,-25,17
-55,-26,17
-55,-30,19
-50,-33,23
-48,-34,26
-47,-32,32
-46,-31,35
-45,-29,41
-52,-31,44
-56,-36,47
-49,-34,49
-35,-26,49
-33,-21,47
-40,-20,40
-42,-23,36
-45,-25,36
-44,-26,37
-42,-24,37
-42,-19,35
-43,-18,34
-44,-19,35
-42,-19,37
-42,-18,43
-43,-17,46
-45,-16,49
-48,-16,51
-54,-17,52
-55,-17,51
-52,-14,46
-59,-13,45
-68,-18,44
-73,-34,43
-69,-36,43
-52,-29,35
-41,-22,30
-38,-17,25
-44,-16,21
-54,-17,14
-55,-17,13
-59,-13,11
-64,-12,7
-69,-9,2
-72,-13,5
-70,-15,8
-63,-17,15
-60,-17,18
-57,-19,23
-55,-19,24
-54,-17,30
-51,-15,34
-46,-14,41
-52,-13,45
-77,-25,41
-74,-26,39
-60,-21,41
-41,-13,36
-37,-12,32
-42,-14,23
-46,-16,17
-52,-16,9
-51,-14,10
-45,-7,20
-44,-5,24
-46,-4,29
-48,-5,32
-63,-5,37
-66,0,33
-67,2,31
-67,4,23
-73,6,18
-97,8,-13
-109,9,-24
-90,2,-11
-77,-9,2
-63,-27,24
-52,-22,28
-50,-9,22
-61,-9,13
-83,-20,-15
-63,-20,-2
-50,-20,9
-37,-20,21
-36,-17,22
-48,-15,14
-56,-16,11
-54,-17,15
-52,-18,20
-52,-24,27
-52,-26,30
-52,-27,34
-54,-26,35
-57,-25,36
-77,-28,33
-85,-32,33
-77,-34,33
-61,-32,34
-36,-24,37
-36,-24,34
-44,-25,24
-47,-27,20
-46,-27,17
-44,-24,17
-43,-17,18
-44,-14,19
-47,-13,24
-47,-13,34
-48,-13,38
-55,-9,42
-62,-8,43
-74,-8,37
-76,-7,33
-80,-5,26
-85,-8,23
-87,-19,19
-84,-24,18
-66,-22,13
-55,-17,12
-54,-16,11
-64,-21,4
-69,-23,-1
-63,-29,2
-54,-26,6
-47,-20,9
-49,-19,8
-53,-22,9
-55,-23,10
-56,-22,12
-57,-23,15
-58,-24,20
-58,-24,24
-57,-24,25
-60,-21,29
-64,-20,29
-74,-21,31
-76,-21,34
-67,-16,34
-62,-13,31
-59,-9,30
-60,-9,27
-59,-7,24
-59,-9,22
-52,-7,22
-48,-7,23
-42,-6,27
-39,-10,39
-47,-19,38
-24,-29,42
-36,-32,43
-43,-23,52
-36,-23,56
-23,-23,52
-26,-23,48
-34,-25,50
-32,-25,53
-27,-21,56
-23,-21,53
-19,-20,57
-28,-22,59
-28,-20,63
-26,-22,60
-31,-20,55
-30,-20,55
-26,-20,56
-45,-29,41
-43,-25,49
-26,-24,55
-32,-19,45
-36,-9,56
-44,-6,35
-47,-4,32
-32,-4,46
-26,-13,50
-59,-22,53
-58,-14,54
-43,-9,56
-43,-7,51
-41,-3,44
-36,-1,45
-37,-10,49
-36,-17,50
-35,-23,53
-36,-26,51
-40,-24,45
-35,-24,46
-40,-25,50
-38,-24,51
-40,-29,47
-40,-36,48
-38,-34,49
-38,-27,45
-42,-28,44
-41,-24,41
-51,-19,34
-55,-17,30
-58,-14,22
-58,-13,20
-58,-12,22
-57,-10,18
-60,-10,10
-62,-8,9
-62,-6,9
-60,-8,9
-62,-9,9
-63,-9,7
-68,-9,7
-66,-11,9
-65,-12,12
-63,-13,17
-64,-13,18
-66,-13,18
-65,-12,19
-65,-13,18
-64,-13,16
-62,-12,15
-61,-12,14
-58,-11,15
-57,-11,17
-58,-12,19
-60,-13,22
-61,-15,23
-61,-18,26
-62,-19,27
-59,-20,27
-58,-20,26
-57,-20,24
-58,-20,23
-59,-16,21
-59,-15,19
-60,-10,19
-62,-8,19
-66,-9,19
-65,-7,15
-65,-4,14
-66,0,10
-65,1,8
-64,4,5
-64,7,5
-66,10,2
-67,11,0
-66,14,-3
-66,16,-3
-64,17,-1
-61,16,1
-58,15,5
-62,12,7
-65,10,7
-68,8,8
-69,6,9
-69,4,14
-66,3,16
-65,0,19
-63,-1,20
-62,-1,22
-63,-1,22
-66,-2,22
-67,-3,21
-70,-2,20
-83,-5,13
-83,-5,11
-72,-5,9
-61,-2,11
-47,0,15
-46,-1,16
-48,-2,16
-49,-5,16
-53,-6,14
-55,-2,14
-55,5,13
-58,6,13
-56,8,15
-54,13,21
-57,14,22
-67,18,19
-73,18,15
-74,19,11
-72,19,6
-80,19,-1
-87,15,-1
-102,-9,-10
-96,-12,-13
-68,-6,-6
-57,-6,-5
-58,-8,-8
-66,-6,-12
-69,-6,-12
-64,-4,-11
-61,-3,-11
-58,-4,-8
-58,-5,-8
-58,-7,-7
-58,-8,-6
-57,-9,-1
-58,-10,2
-62,-12,9
-64,-13,18
-65,-12,24
-80,-12,34
-88,-16,34
-79,-15,36
-65,-12,39
-46,-12,37
-43,-15,33
-46,-18,21
-48,-18,16
-50,-13,8
-49,-7,6
-50,1,5
-55,5,5
-58,6,7
-64,8,11
-70,8,12
-76,11,15
-76,12,16
-75,12,17
-73,11,17
-72,9,12
-78,7,8
-87,-1,6
-96,-14,1
-95,-28,-3
-67,-20,0
-58,-18,1
-54,-21,-1
-56,-20,-3
-60,-18,-9
-57,-15,-9
-56,-9,-12
-58,-9,-14
-58,-10,-14
-61,-12,-13
-63,-17,-9
-65,-20,-1
-66,-22,3
-61,-21,9
-58,-19,13
-59,-19,19
-69,-23,17
-78,-28,16
-77,-24,16
-69,-14,19
-64,-13,18
-57,-15,16
-56,-16,14
-58,-18,6
-62,-17,-1
-61,-14,-2
-60,-11,-1
-60,-12,0
-61,-13,5
-61,-13,7
-61,-12,9
-63,-11,9
-65,-8,6
-66,-7,5
-66,-7,3
-66,-7,2
-71,-8,0
-72,-8,0
-73,-9,0
-73,-11,3
-72,-12,4
-68,-16,6
-65,-17,7
-61,-18,7
-59,-18,7
-58,-17,6
-58,-18,6
-57,-18,6
-57,-19,7
-58,-20,9
-59,-19,11
-60,-19,13
-60,-18,16
-59,-17,17
-60,-17,18
-61,-16,17
-63,-15,16
-64,-14,15
-63,-13,13
-62,-13,14
-62,-13,16
-62,-13,16
-62,-14,17
-61,-14,19
-61,-14,20
-60,-15,20
-60,-15,19
-60,-16,19
-60,-16,19
-59,-17,20
-58,-17,20
-57,-18,20
-57,-18,21
-57,-18,21
-57,-17,22
-59,-17,21
-59,-16,22
-59,-15,22
-61,-14,22
-61,-13,23
-65,-13,19
-66,-12,18
-65,-10,18
-65,-9,17
-65,-9,16
-65,-10,16
-61,-10,17
-60,-10,17
-61,-11,17
-64,-11,19
-64,-12,20
-68,-11,18
-67,-9,18
-63,-7,19
-60,-5,20
-57,-3,22
-58,-2,21
-61,-3,22
-60,-2,22
-58,-1,25
-58,-2,24
-56,-4,23
-62,-4,19
-52,-14,22
-51,-27,28
-56,-18,26
-84,-10,5
-102,2,-16
-41,-4,38
-57,-6,35
-57,-9,21
-40,-9,14
-55,-15,-7
-67,-17,-12
-67,-11,-6
-76,-14,-8
-71,-14,-9
-54,-14,-18
-61,-14,-23
-66,-11,-16
-65,-15,-18
-54,-15,-20
-56,-12,-21
-67,-15,-19
-61,-14,-16
-60,-15,-16
-57,-17,-22
-63,-20,-24
-55,-17,-21
-55,-17,-22
-66,-13,-22
-57,-14,-22
-59,-18,-24
-59,-19,-21
-61,-18,-22
-61,-17,-21
-58,-18,-19
-58,-20,-19
-62,-18,-18
-58,-17,-18
-53,-20,-16
-54,-17,-14
-61,-19,-23
-64,-17,-17
-63,-15,-13
-58,-19,-12
-58,-18,-15
-72,-11,-9
-68,-13,-10
-63,-11,-16
-69,-10,-15
-60,-14,-7
-61,-14,-14
-60,-13,-17
-58,-21,-26
-60,-31,-33
-39,-38,-14
-47,-39,-4
-65,-18,-12
-58,-5,-3
-70,13,-10
-73,24,-8
-86,33,9
-88,29,27
-70,10,49
7,-16,66
24,-12,84
17,-14,79
0,-16,70
-7,-17,51
13,-18,39
13,-36,45
-1,-37,58
-41,-48,40
-14,-37,62
-6,-16,57
4,-12,57
1,-15,60
-4,-21,67
-2,-24,65
0,-24,57
0,-24,57
-2,-26,61
-5,-26,62
-8,-22,58
-6,-23,59
-3,-23,60
0,-22,57
1,-24,57
2,-26,60
3,-26,59
0,-25,56
0,-24,55
0,-25,56
-1,-25,57
-1,-25,55
1,-27,55
2,-33,52
2,-35,49
8,-36,47
5,-37,46
2,-41,45
1,-42,45
2,-45,41
10,-47,38
15,-48,38
16,-52,38
16,-53,38
18,-54,34
18,-55,32
13,-59,29
15,-58,27
13,-57,19
11,-58,17
9,-60,18
12,-59,13
11,-60,14
13,-58,13
15,-58,11
15,-62,7
18,-64,7
15,-64,-3
17,-64,-6
16,-65,3
9,-63,-2
10,-57,-1
21,-59,7
31,-61,0
-1,-72,-8
1,-78,4
18,-82,18
22,-74,17
14,-78,10
7,-94,18
19,-84,5
2,-98,-16
-66,-68,31
-48,-52,42
-54,-58,3
-56,-59,-5
-66,-63,-19
-36,-39,-7
-30,-31,-5
-22,-30,-6
-29,-25,-2
-44,-12,12
-53,-13,11
-74,-13,11
-75,-12,8
-74,-8,8
-71,-6,8
-64,-5,4
-67,-10,1
-73,-13,-3
-78,-13,-6
-79,-12,-6
-65,-10,-7
-58,-11,-5
-63,-9,-2
-69,-10,-5
-67,-8,-5
-65,-8,1
-64,-15,2
-68,-17,3
-62,-18,10
-58,-14,16
-62,-7,11
-70,-4,3
-75,-3,0
-75,0,2
-71,1,5
-66,1,8
-65,-1,8
-62,-7,10
-62,-11,9
-60,-16,14
-60,-17,12
-54,-12,12
-58,-7,9
-62,-7,6
-61,-3,4
-60,-1,3
-64,0,-7
-74,2,-16
-72,4,-16
-69,3,-16
-64,7,-15
-67,6,-18
-73,8,-18
-75,8,-24
-63,6,-17
-62,6,-7
-62,6,-5
-57,7,-3
-64,7,-9
-69,7,-11
-70,4,-8
-66,3,-4
-59,3,-1
-58,5,-2
-60,5,-4
-72,4,-11
-70,3,-8
-63,2,-5
-62,1,-2
-61,0,0
-64,3,1
-64,3,2
-62,5,3
-63,6,5
-62,8,9
-62,11,10
-66,16,8
-68,18,7
-65,19,7
-63,20,7
-60,21,4
-61,18,-1
-65,16,-1
-68,13,-7
-61,11,-4
-55,8,-7
-62,6,-10
-70,5,-18
-58,5,-15
-65,4,-18
-71,5,-21
-61,9,-25
-61,9,-23
-63,5,-20
-66,8,-23
-69,9,-27
-69,10,-23
-67,5,-15
-57,6,-4
-58,9,-5
-78,9,-4
-77,8,0
-43,4,27
-41,1,37
-49,7,37
-48,4,37
-36,2,47
-37,4,50
-33,1,48
-44,0,48
-58,0,44
-28,1,54
-16,-2,65
-10,-4,54
-4,0,57
-2,3,61
0,-3,60
-8,-4,60
-5,0,61
0,-1,62
-5,-2,65
-10,-4,66
-4,3,71
2,1,64
5,3,67
4,3,68
2,0,67
-2,1,67
-4,1,61
0,3,63
2,3,60
-4,4,64
-4,2,64
2,0,66
2,0,63
-8,0,60
-9,0,62
-7,2,71
-14,2,66
-11,3,65
-6,3,65
-16,-2,64
-16,-2,57
-13,-2,59
-20,1,57
-18,-1,48
-34,-2,57
-34,0,62
-35,-4,50
-41,5,57
-19,0,56
-13,-1,57
-18,0,63
-21,1,63
-17,2,63
26,-20,80
0,-9,69
-22,8,61
-29,14,54
-42,19,45
-33,18,46
-19,15,58
-19,15,61
-30,7,52
-32,4,52
-35,3,46
-39,1,34
-70,0,21
-70,1,15
-62,4,14
-73,4,11
-63,4,10
-72,7,-1
-66,7,-7
-54,9,-19
-62,10,-23
-63,10,-31
-61,11,-33
-61,10,-32
-55,11,-34
-50,13,-38
-50,13,-38
-48,14,-44
-41,14,-46
-38,15,-51
-40,15,-46
-36,15,-47
-41,17,-49
-39,18,-51
-37,20,-49
-34,19,-43
-44,21,-54
-42,23,-50
-33,24,-45
-41,23,-44
-40,23,-44
-34,23,-44
-36,23,-46
-36,22,-46
-36,22,-47
-34,21,-48
-34,22,-46
-37,21,-49
-35,21,-50
-38,21,-51
-39,20,-50
-36,18,-47
-36,18,-50
-37,17,-49
-36,17,-49
-34,17,-49
-37,18,-52
-36,17,-51
-33,17,-51
-35,16,-53
-35,15,-52
-35,15,-53
-35,14,-51
-34,13,-51
-33,13,-50
-34,13,-52
-36,13,-53
-37,12,-52
-37,12,-53
-35,12,-52
-34,11,-52
-37,10,-51
-36,10,-51
-37,10,-51
-38,11,-52
-37,11,-52
-37,11,-50
-37,11,-49
-38,10,-52
-37,11,-52
-37,10,-50
-37,10,-50
-38,10,-52
-38,11,-51
-39,10,-50
-38,10,-50
-37,11,-50
-38,11,-50
-38,11,-50
-38,11,-51
-39,11,-51
-39,11,-51
-38,11,-51
-38,10,-50
-36,10,-50
-37,10,-48
-37,10,-49
-39,10,-50
-39,10,-51
-40,10,-52
-39,11,-51
-38,11,-50
-38,10,-49
-39,10,-50
-38,10,-50
-38,10,-49
-38,10,-50
-39,10,-51
-40,10,-50
-39,10,-50
-38,10,-49
-38,10,-50
-39,10,-51
-40,10,-50
-38,9,-50
-39,9,-49
-39,9,-50
-40,9,-49
-39,9,-49
-40,9,-50
-39,9,-50
-40,9,-49
-40,9,-49
-41,9,-50
-40,9,-50
-40,9,-48
-40,9,-47
-41,9,-48
-42,9,-50
-41,9,-49
-41,9,-48
-41,9,-48
-41,9,-48
-42,9,-48
-42,9,-48
-42,9,-48
-42,9,-48
-42,9,-48
-41,9,-47
-41,9,-47
-42,9,-48
-42,9,-48
-43,9,-48
-42,9,-48
-42,9,-48
-42,8,-47
-42,8,-47
-43,8,-48
-43,9,-47
-43,8,-47
-44,8,-47
-44,9,-49
-44,9,-48
-44,9,-44
-42,9,-44
-43,10,-45
-44,10,-45
-45,10,-45
-46,10,-44
-44,10,-45
-47,9,-44
-49,10,-42
-49,10,-44
-46,9,-42
-52,8,-44
-50,8,-43
-48,8,-41
-50,7,-41
-50,8,-41
-46,10,-42
-46,11,-40
-50,11,-41
-52,11,-41
-51,12,-38
-51,11,-37
-52,12,-36
-52,13,-34
-51,13,-32
-51,13,-32
-50,14,-29
-54,14,-29
-55,14,-29
-58,13,-28
-60,13,-29
-61,13,-28
-60,14,-28
-59,14,-27
-61,14,-27
-64,13,-25
-64,13,-22
-61,13,-13
-66,15,-6
-64,14,-1
-52,17,11
-45,20,19
-45,26,27
-46,24,32
-43,16,40
-49,12,47
-48,8,52
-43,4,51
-34,-11,58
-31,-12,58
-28,-13,60
-27,-8,59
-28,-9,59
-27,-5,59
-19,-4,61
-31,8,62
-40,10,62
-44,20,62
-37,17,56
-31,10,50
-34,5,44
-29,3,45
-27,-2,51
-31,-8,51
-35,-13,52
-32,-12,58
-25,-9,57
-30,-8,52
-32,-5,53
-30,-5,57
-33,-6,58
-34,-4,57
-34,-3,53
-32,-3,54
-31,-4,56
-33,-4,55
-33,-7,56
-32,-6,56
-32,-5,56
-34,-7,57
-35,-8,59
-35,-8,60
-37,-8,63
-43,-5,61
-45,-5,59
-44,-4,61
-45,-2,60
-47,1,56
-50,2,55
-46,4,54
-48,7,49
-44,8,51
-44,9,46
-45,9,44
-36,11,46
-33,11,48
-37,8,45
-39,7,43
-32,9,45
-34,7,43
-37,5,39
-33,5,40
-28,1,44
-36,-1,42
-32,-2,44
-31,-6,48
-34,-7,48
-32,-7,49
-32,-8,48
-30,-9,50
-34,-12,51
-32,-14,55
-31,-13,55
-30,-14,57
-30,-16,58
-33,-14,55
-33,-13,55
-27,-13,58
-25,-16,60
-25,-16,59
-24,-15,57
-22,-16,57
-17,-18,60
-19,-17,60
-23,-17,58
-19,-16,59
-13,-16,63
-12,-16,62
-26,-18,60
-26,-15,56
-23,-14,58
-23,-14,58
-22,-12,58
-23,-15,56
-24,-15,56
-25,-15,54
-26,-14,54
-28,-15,55
-27,-14,55
-28,-15,54
-26,-16,54
-25,-14,56
-27,-16,55
-28,-17,56
-24,-16,57
-22,-15,57
-25,-17,57
-28,-17,57
-29,-16,56
-28,-16,56
-25,-17,58
-24,-19,59
-27,-19,58
-26,-18,58
-24,-17,59
-25,-17,56
-27,-17,55
-25,-17,58
-23,-16,58
-23,-17,59
-24,-17,60
-23,-18,61
-24,-19,60
-26,-17,57
-27,-17,58
-26,-16,59
-29,-15,59
-30,-14,59
-35,-14,59
-33,-13,60
-33,-11,59
-33,-11,58
-35,-7,54
-36,-6,53
-39,-5,53
-40,-4,51
-39,-1,49
-39,0,49
-39,1,46
-39,6,45
-40,8,44
-36,9,41
-37,10,41
-32,14,40
-30,16,39
-29,14,34
-32,16,32
-26,20,39
-20,22,41
-23,19,40
-26,19,41
-24,24,48
-25,22,49
-30,22,48
-35,24,47
-35,26,43
-43,31,40
-45,36,38
-39,43,22
-47,45,20
-90,39,15
-87,35,15
-71,30,21
-69,27,22
-73,20,19
-69,14,17
-63,15,16
-57,19,13
-57,19,10
-57,20,5
-57,19,3
-55,20,2
-54,19,3
-55,18,4
-58,19,3
-60,20,2
-63,20,2
-72,22,-5
-74,22,-9
-71,23,-9
-65,22,-9
-63,22,-9
-61,22,-8
-61,22,-8
-63,20,-9
-64,19,-9
-65,18,-8
-65,18,-6
-66,19,-7
-66,20,-7
-64,22,-8
-60,22,-8
-58,22,-7
-55,23,-6
-55,23,-6
-54,24,-5
-54,24,-5
-58,27,-5
-60,26,-6
-62,24,-3
-61,22,1
-61,21,4
-64,20,4
-64,19,3
-64,19,2
-65,18,2
-63,16,4
-61,15,6
-59,15,7
-60,14,7
-65,15,6
-67,15,5
-69,14,6
-67,13,7
-62,12,10
-63,11,10
-64,11,10
-65,11,12
-64,11,15
-64,9,17
-64,7,18
-62,5,21
-62,3,21
-56,2,22
-53,2,24
-53,2,25
-53,3,24
-51,5,25
-53,7,26
-57,7,25
-61,8,26
-63,7,27
-64,4,31
-63,2,33
-62,-3,33
-61,-6,32
-57,-9,33
-54,-10,35
-47,-11,39
-49,-11,38
-52,-12,38
-49,-13,38
-47,-11,38
-47,-10,42
-46,-12,42
-43,-13,42
-46,-15,43
-46,-12,49
-44,-11,51
-43,-13,51
-38,-13,50
-42,-9,48
-45,-10,48
-44,-8,46
-45,-7,44
-44,-7,44
-43,-5,44
-44,-4,45
-47,-3,47
-45,-4,48
-41,-8,47
-40,-9,47
-49,-5,51
-48,-7,49
-43,-4,44
-46,-3,44
-48,-2,45
-48,-3,44
-49,-3,44
-46,-2,46
-45,-5,45
-42,-11,49
-41,-14,52
-41,-13,48
-41,-14,49
-39,-15,48
-40,-14,51
-36,-13,50
-29,-15,48
-35,-20,57
-40,-22,47
-33,-14,42
-32,-24,50
-31,-24,49
-32,-21,46
-33,-22,49
-32,-24,51
-32,-24,49
-33,-22,49
-34,-22,50
-34,-20,50
-34,-20,49
-38,-20,50
-37,-17,50
-36,-16,49
-38,-15,50
-40,-12,53
-41,-12,51
-40,-13,51
-39,-15,50
-36,-16,48
-35,-15,50
-36,-14,52
-37,-12,52
-37,-10,50
-33,-14,56
-33,-21,68
-35,-14,56
-30,-17,52
-34,-14,52
-37,-24,56
-32,-21,52
-17,-24,49
-18,-27,49
-21,-30,53
-17,-30,52
-5,-32,48
0,-37,46
-5,-38,45
-11,-36,46
-10,-30,52
2,-29,58
-1,-31,60
-23,-39,52
-24,-42,49
-17,-36,60
-41,-33,53
-72,-18,43
-80,4,31
-95,29,13
-92,39,2
-81,42,5
-52,32,9
-38,25,14
-25,11,26
-21,5,32
-18,4,47
-19,4,51
-34,8,56
-35,13,63
-37,10,58
-45,6,49
-69,14,37
-61,15,25
-53,12,18
-53,9,4
-57,11,-3
-59,13,-15
-55,13,-19
-62,14,-27
-61,15,-28
-57,9,-29
-52,5,-34
-51,6,-46
-56,6,-50
-55,3,-51
-46,-1,-45
-43,-3,-46
-40,-3,-47
-42,-4,-46
-47,-4,-49
-48,-3,-47
-42,-2,-46
-41,-2,-46
-37,-5,-46
-36,-6,-46
-37,-1,-49
-41,13,-50
-42,16,-50
-42,17,-48
-40,19,-47
-43,23,-47
-43,22,-48
-40,19,-48
-38,17,-49
-37,18,-50
-38,19,-51
-34,21,-50
-26,19,-49
-26,10,-45
-27,-2,-47
-30,-4,-48
-37,-12,-56
-36,-13,-58
-41,-14,-68
-40,-11,-69
-37,-9,-70
-37,-11,-66
-28,-11,-55
-23,-10,-54
-21,-7,-66
-20,-6,-67
-18,4,-54
-15,-1,-66
-16,1,-69
-10,4,-63
-12,5,-58
-19,4,-60
-18,4,-60
-18,2,-60
-17,1,-61
-20,1,-62
-23,0,-62
-21,-2,-59
-22,-7,-63
-24,-10,-63
-24,-16,-61
-22,-19,-61
-18,-24,-59
-23,-25,-60
-22,-24,-55
-22,-22,-51
-23,-19,-51
-21,-19,-50
-23,-12,-40
-29,-9,-41
-31,-8,-44
-35,-9,-46
-36,-11,-57
-45,-14,-67
-50,-16,-72
-50,-20,-71
-49,-21,-69
-45,-21,-60
-43,-22,-56
-36,-24,-48
-33,-25,-46
-31,-27,-45
-31,-27,-44
-25,-26,-40
-23,-25,-40
-29,-23,-40
-32,-26,-47
-31,-27,-49
-33,-27,-55
-33,-26,-54
-31,-27,-55
-27,-26,-57
-22,-22,-60
-20,-20,-62
-19,-15,-65
-17,-12,-65
-15,-8,-66
-11,-5,-64
-11,-5,-62
-15,-7,-64
-15,-9,-64
-23,-12,-66
-27,-14,-65
-31,-15,-61
-34,-16,-60
-39,-16,-58
-36,-16,-56
-39,-18,-60
-42,-19,-60
-34,-18,-49
-34,-21,-49
-35,-22,-50
-37,-27,-58
-34,-28,-56
-41,-25,-47
-44,-25,-40
-41,-25,-20
-42,-25,-16
-51,-27,-20
-51,-29,-20
-50,-37,-25
-56,-38,-27
-59,-32,-19
-56,-25,-18
-59,-23,-17
-66,-17,-15
-63,-14,-13
-61,-8,-14
-64,-6,-16
-65,-6,-23
-62,-6,-26
-61,-11,-24
-61,-16,-26
-54,-21,-25
-57,-21,-27
-56,-23,-20
-42,-34,-15
-40,-37,-12
-55,-45,-23
-53,-45,-25
-40,-48,-17
-40,-47,-15
-52,-48,-19
-56,-50,-21
-52,-43,-16
-57,-41,-15
-61,-36,-17
-55,-46,-5
-31,-35,5
-42,-34,-9
-42,-32,-15
-36,-31,-28
-38,-24,-36
-66,-34,-48
-71,-37,-46
-73,-30,-38
-75,-33,-31
-83,-27,-40
-80,-19,-48
-81,-2,-53
-79,7,-49
-79,23,-44
-63,15,-33
-49,11,-26
-37,10,-28
-42,1,-12
-47,-11,0
-26,-14,8
-9,-44,49
-24,-42,46
-31,-39,35
-30,-33,34
-10,-27,10
-25,-17,3
-22,-20,10
-59,-32,-22
-83,0,-50
-67,4,-54
-62,-10,-41
-98,-21,-52
-82,-27,-47
-75,-26,-27
-76,-29,-23
-55,-35,-36
-53,-30,-45
-60,-37,-38
-55,-36,-27
-52,-37,-30
-70,-29,-27
-62,-16,-14
-51,-11,-18
-54,-13,-22
-60,-17,-27
-57,-15,-23
-53,-19,-28
-57,-19,-29
-55,-11,-23
-55,-7,-18
-58,-5,-16
-64,-3,-12
-61,-1,-6
-72,0,-8
-72,1,-7
-70,3,-8
-72,5,-9
-67,11,-1
-64,13,1
-60,14,2
-62,13,2
-55,18,11
-53,20,10
-55,18,9
-51,18,16
-48,19,21
-49,19,22
-50,17,21
-50,13,26
-60,10,25
-60,7,28
-65,1,23
-86,-11,18
-82,-11,22
-66,-12,21
-64,-14,17
-62,-20,19
-45,-27,23
-48,-31,20
-41,-40,26
-43,-46,28
-43,-44,39
-22,-40,45
-23,-47,42
-29,-46,42
-23,-49,42
-28,-49,63
-3,-32,56
-9,-18,43
-38,-31,35
-46,-28,50
-50,-29,43
-31,-32,56
-22,-36,62
-49,-45,60
-52,-43,56
-70,-38,43
-54,-26,46
-30,-8,47
-33,-7,40
-54,-6,9
-57,-4,1
-56,7,-15
-49,7,-36
-64,3,-42
-73,-2,-51
-57,1,-46
-54,4,-36
-51,4,-31
-42,0,-26
-43,2,-22
-43,8,-21
-45,9,-19
-47,8,-13
-34,11,-14
-48,14,-12
-45,18,-24
-40,16,-24
-78,18,-53
-87,22,-58
-38,19,-38
-61,15,-54
-59,10,-57
-52,7,-54
-59,0,-50
-63,-4,-51
-58,-7,-42
-56,-8,-39
-61,-9,-45
-63,-10,-44
-61,-12,-43
-72,-15,-47
-68,-13,-43
-52,-9,-18
-49,-7,-6
-53,-6,-2
-54,-4,2
-52,-3,4
-53,-2,5
-58,-4,-6
-68,-1,-10
-68,4,-16
-66,3,-19
-62,5,-19
-58,6,-21
-59,9,-24
-61,17,-31
-64,20,-35
-59,28,-33
-60,29,-36
-56,28,-28
-54,26,-22
-64,16,-21
-67,12,-17
-58,11,-15
-50,15,-13
-57,17,-18
-53,20,-13
-54,19,-11
-67,14,-8
-82,7,-11
-69,2,2
-60,0,13
-56,-5,13
-59,-5,6
-54,-6,-1
-63,-6,-18
-67,-5,-24
-57,3,-22
-53,5,-23
-59,2,-34
-52,-3,-36
-45,-14,-44
-48,-19,-47
-51,-27,-49
-45,-27,-46
-46,-34,-51
-43,-37,-51
-41,-38,-46
-36,-42,-49
-34,-43,-46
-36,-41,-42
-35,-39,-42
-32,-29,-39
-39,-26,-44
-39,-25,-38
-32,-20,-38
-23,-23,-46
-31,-29,-62
-31,-20,-60
-42,-28,-53
-52,-22,-52
-75,-20,-62
-70,-10,-57
-67,2,-56
-62,8,-54
-49,14,-44
-45,14,-44
-54,16,-42
-52,11,-39
-35,16,-26
-31,16,-22
-35,10,-24
-41,7,-29
-43,9,-31
-51,11,-33
-52,9,-29
-48,13,-25
-44,13,-21
-44,21,-22
-48,24,-26
-51,29,-31
-54,30,-34
-57,32,-35
-56,33,-33
-52,29,-30
-51,23,-27
-50,23,-28
-48,19,-30
-48,19,-30
-45,17,-30
-43,17,-29
-41,15,-31
-40,18,-32
-45,16,-32
-44,15,-31
-40,19,-37
-49,19,-40
-52,20,-40
-48,16,-37
-47,11,-39
-68,8,-48
-67,6,-47
-56,-1,-41
-48,-4,-43
-55,-1,-40
-65,-2,-43
-51,-12,-48
-38,-12,-45
-43,-20,-51
-44,-21,-59
-48,-20,-66
-42,-13,-59
-44,-11,-57
-41,-9,-50
-42,-9,-51
-50,-9,-48
-51,-7,-44
-49,-5,-39
-52,-5,-41
-54,-4,-37
-55,-4,-35
-53,-3,-33
-52,-4,-32
-52,-3,-30
-55,-7,-29
-52,-5,-27
-53,-4,-24
-54,-3,-22
-53,-3,-19
-54,-3,-18
-49,-1,-16
-43,0,-16
-40,-1,-21
-47,-6,-28
-69,-31,-51
-75,-26,-41
-73,-23,-33
-65,-28,-33
-60,-31,-33
-49,-33,-33
-45,-32,-29
-47,-27,-23
-53,-24,-24
-58,-23,-24
-57,-23,-24
-54,-22,-22
-52,-21,-22
-52,-23,-21
-56,-27,-23
-56,-28,-23
-55,-28,-20
-54,-28,-20
-58,-29,-23
-62,-31,-29
-69,-33,-31
-69,-29,-25
-63,-27,-15
-58,-27,-11
-49,-31,-9
-43,-31,-8
-37,-34,-11
-40,-29,-18
-43,-25,-21
-56,-21,-26
-60,-20,-28
-63,-16,-28
-58,-13,-25
-56,-7,-22
-58,-6,-23
-61,-8,-27
-60,-7,-25
-53,-16,-31
-53,-22,-37
-58,-39,-55
-56,-46,-71
-56,-40,-66
-50,-27,-51
-44,-29,-49
-34,-33,-50
-29,-33,-49
-23,-32,-43
-24,-31,-42
-28,-26,-40
-29,-25,-39
-28,-26,-40
-27,-27,-42
-27,-29,-43
-31,-34,-44
-32,-35,-44
-38,-36,-41
-40,-36,-40
-45,-35,-41
-47,-38,-47
-60,-39,-52
-62,-32,-43
-61,-27,-30
-59,-30,-29
-47,-37,-25
-40,-38,-24
-31,-36,-23
-34,-31,-25
-38,-28,-27
-43,-20,-28
-45,-17,-28
-51,-10,-32
-53,-7,-35
-53,-3,-38
-52,-1,-39
-50,1,-45
-50,-1,-55
-53,-18,-77
-54,-25,-81
-43,-31,-79
-35,-19,-58
-33,-17,-52
-27,-22,-52
-25,-24,-53
-20,-21,-50
-21,-21,-48
-23,-23,-50
-25,-25,-52
-26,-25,-53
-26,-25,-52
-28,-26,-50
-30,-27,-48
-36,-31,-47
-42,-34,-42
-45,-34,-37
-49,-33,-30
-52,-33,-31
-60,-32,-34
-66,-31,-37
-63,-21,-31
-60,-18,-28
-54,-21,-33
-51,-23,-33
-45,-26,-34
-38,-22,-30
-38,-17,-28
-45,-9,-32
-48,-6,-34
-53,1,-35
-56,4,-37
-58,5,-41
-61,4,-46
-61,7,-45
-56,7,-45
-47,-2,-67
-60,-6,-84
-74,-9,-81
-58,-13,-70
-56,-14,-64
-45,-13,-54
-43,-11,-50
-37,-6,-43
-33,-5,-41
-26,-3,-36
-23,-2,-35
-21,1,-34
-21,5,-35
-23,9,-35
-28,13,-33
-43,14,-29
-56,13,-24
-61,13,-22
-65,9,-19
-67,5,-19
-67,-1,-25
-63,-2,-26
-49,-4,-36
-49,-9,-47
-47,-14,-55
-48,-11,-52
-54,-7,-53
-57,-8,-58
-50,-10,-55
-42,-11,-45
-42,-11,-43
-43,-9,-41
-45,-7,-40
-52,-8,-38
-56,-9,-38
-60,-9,-37
-61,-8,-36
-62,-6,-36
-61,-5,-35
-57,-2,-35
-55,-1,-37
-50,-2,-39
-45,-7,-43
-43,-8,-45
-43,-16,-55
-45,-20,-58
-45,-25,-60
-44,-24,-57
-42,-18,-44
-40,-17,-39
-39,-19,-42
-37,-19,-43
-35,-16,-45
-36,-13,-44
-38,-11,-45
-42,-9,-47
-43,-9,-47
-42,-8,-48
-42,-9,-49
-46,-9,-49
-48,-10,-50
-49,-11,-49
-48,-11,-48
-50,-11,-46
-50,-11,-45
-54,-13,-47
-58,-19,-54
-57,-20,-54
-54,-14,-44
-54,-11,-39
-52,-12,-34
-49,-13,-33
-42,-18,-29
-40,-20,-28
-35,-20,-29
-36,-16,-28
-42,-10,-27
-44,-9,-28
-48,-8,-30
-52,-5,-30
-54,-3,-29
-59,-1,-33
-62,0,-35
-65,1,-40
-65,0,-44
-62,-4,-53
-60,-5,-56
-53,-13,-64
-48,-16,-65
-41,-17,-63
-39,-17,-61
-32,-17,-55
-28,-20,-56
-27,-21,-56
-29,-23,-56
-29,-22,-55
-28,-20,-50
-27,-19,-47
-26,-18,-45
-27,-18,-44
-30,-19,-44
-32,-20,-44
-39,-24,-46
-42,-25,-46
-44,-26,-46
-49,-26,-45
-51,-26,-44
-57,-24,-42
-59,-24,-40
-59,-25,-37
-58,-26,-35
-53,-26,-31
-52,-26,-30
-48,-27,-31
-46,-27,-31
-43,-27,-32
-44,-27,-35
-45,-26,-36
-44,-24,-35
-44,-22,-35
-46,-21,-35
-47,-20,-35
-50,-22,-37
-51,-24,-38
-52,-26,-37
-54,-26,-38
-53,-27,-36
-52,-27,-36
-49,-29,-36
-47,-29,-34
-45,-29,-33
-43,-26,-31
-42,-24,-32
-45,-22,-35
-45,-21,-36
-47,-21,-38
-48,-22,-39
-49,-22,-39
-50,-23,-38
-49,-24,-34
-51,-26,-31
-51,-26,-31
-52,-27,-31
-51,-27,-32
-51,-26,-34
-50,-26,-34
-49,-26,-35
-48,-25,-35
-47,-25,-34
-47,-25,-34
-47,-25,-32
-47,-25,-32
-49,-24,-32
-50,-24,-32
-51,-24,-34
-51,-23,-34
-51,-23,-34
-51,-23,-35
-50,-23,-35
-50,-23,-34
-50,-23,-34
-50,-24,-35
-49,-24,-34
-49,-24,-34
-48,-24,-33
-48,-25,-33
-49,-25,-33
-49,-25,-33
-49,-25,-33
-49,-25,-33
-50,-26,-33
-50,-26,-33
-50,-26,-33
-49,-26,-33
-49,-26,-33
-48,-26,-33
-48,-26,-33
-48,-26,-33
-48,-27,-33
-48,-26,-33
-48,-26,-33
-48,-26,-33
-49,-26,-34
-49,-26,-34
-50,-26,-35
-49,-26,-34
-48,-27,-34
-47,-27,-33
-47,-27,-33
-46,-27,-32
-45,-27,-32
-45,-27,-32
-47,-28,-31
-50,-29,-32
-54,-31,-31
-56,-30,-30
-56,-31,-27
-56,-31,-25
-52,-32,-21
-51,-31,-19
-50,-30,-16
-49,-29,-15
-51,-27,-15
-53,-25,-15
-56,-21,-18
-59,-17,-21
-60,-15,-22
-61,-10,-24
-62,-8,-23
-65,-6,-24
-66,-6,-24
-66,-6,-25
-66,-8,-26
-70,-13,-28
-71,-16,-27
-67,-17,-21
-65,-17,-17
-61,-16,-13
-60,-15,-10
-59,-13,-9
-60,-11,-10
-61,-9,-10
-68,-7,-14
-71,-5,-15
-70,0,-14
-69,2,-14
-65,6,-10
-66,7,-9
-71,10,-9
-72,11,-9
-69,13,-4
-66,14,3
-65,14,5
-58,13,11
-57,11,13
-61,8,17
-58,5,19
-54,3,29
-54,1,32
-56,-5,30
-55,-6,33
-52,-5,38
-49,-6,37
-46,-9,39
-47,-13,38
-42,-13,44
-31,-15,52
-28,-16,52
-21,-12,52
-19,-12,51
-78,-14,42
-62,-14,52
-31,-9,59
-32,-6,57
-40,1,52
-31,-1,56
-31,-2,56
-38,1,57
-30,-2,58
-32,-2,58
-29,2,55
-27,-1,54
-37,3,53
-30,1,55
-34,1,57
-34,2,55
-29,0,60
-33,1,60
-34,-1,57
-28,-5,58
-32,-7,54
-32,-10,49
-43,-16,40
-55,-22,43
-23,-25,37
-27,-27,28
-53,-29,26
-37,-28,30
-42,-24,35
-37,-27,28
-51,-30,23
-57,-29,25
-69,-26,12
-71,-27,-5
-73,-26,-6
-73,-27,-19
-76,-24,-23
-72,-20,-26
-72,-20,-34
-67,-16,-40
-62,-16,-41
-62,-16,-45
-61,-16,-47
-61,-17,-43
-57,-18,-41
-61,-18,-37
-57,-17,-33
-57,-17,-31
-52,-17,-29
-51,-16,-28
-48,-14,-29
-50,-14,-30
-50,-17,-33
-49,-18,-34
-49,-16,-36
-50,-14,-35
-58,-12,-37
-59,-8,-33
-59,-6,-31
-60,-1,-26
-59,1,-23
-62,3,-25
-62,3,-27
-59,5,-28
-57,5,-28
-58,2,-28
-59,-2,-28
-63,-7,-33
-66,-11,-35
-67,-13,-33
-61,-13,-27
-59,-13,-26
-55,-16,-27
-53,-18,-27
-49,-22,-27
-46,-23,-27
-45,-21,-25
-45,-18,-24
-48,-12,-23
-48,-10,-20
-52,-8,-18
-55,-8,-17
-61,-8,-18
-67,-9,-20
-69,-8,-19
-74,-7,-19
-73,-6,-21
-69,-6,-25
-66,-5,-26
-60,-5,-29
-57,-4,-30
-54,0,-31
-53,2,-34
-56,2,-38
-57,3,-38
-57,0,-43
-64,-6,-52
-66,-8,-54
-69,-13,-55
-67,-17,-55
-60,-16,-46
-53,-13,-37
-38,-8,-28
-33,-9,-30
-36,-8,-39
-35,-7,-42
-35,-6,-44
-34,-5,-41
-30,-1,-38
-33,2,-40
-38,3,-40
-49,8,-41
-54,8,-41
-64,3,-42
-69,0,-42
-73,-4,-38
-75,-5,-35
-74,-7,-30
-72,-9,-32
-65,-14,-36
-60,-17,-39
-56,-16,-38
-46,-12,-31
-42,-12,-29
-37,-14,-30
-37,-14,-31
-37,-14,-30
-38,-14,-31
-47,-11,-33
-53,-8,-32
-62,-6,-32
-65,-7,-32
-68,-5,-29
-70,-5,-29
-71,-6,-30
-66,-6,-31
-64,-8,-33
-58,-12,-38
-57,-13,-39
-55,-14,-42
-55,-15,-44
-52,-17,-42
-49,-18,-40
-46,-19,-38
-45,-20,-38
-46,-21,-39
-47,-18,-39
-46,-16,-39
-45,-14,-37
-43,-12,-37
-43,-11,-36
-46,-16,-36
-49,-17,-38
-52,-18,-37
-52,-20,-35
-52,-20,-34
-52,-19,-35
-52,-18,-36
-51,-17,-36
-51,-19,-41
-51,-18,-43
-52,-10,-39
-53,-6,-37
-54,0,-33
-56,0,-31
-59,-1,-32
-59,-2,-33
-61,-4,-32
-60,-4,-30
-57,-5,-27
-56,-7,-25
-57,-10,-24
-56,-13,-26
-56,-13,-27
-60,-10,-28
-60,-9,-28
-58,-6,-30
-58,-6,-31
-56,-4,-34
-55,-3,-35
-55,-2,-37
-55,-2,-38
-56,-2,-39
-56,-2,-38
-56,-4,-38
-54,-5,-37
-54,-6,-36
-54,-7,-37
-54,-7,-37
-53,-8,-37
-53,-8,-37
-52,-8,-37
-52,-8,-37
-52,-9,-37
-52,-10,-37
-52,-11,-36
-52,-11,-35
-52,-11,-34
-52,-10,-32
-52,-10,-32
-52,-10,-33
-53,-9,-34
-54,-9,-35
-54,-9,-36
-55,-9,-36
-55,-9,-36
-54,-9,-35
-54,-10,-34
-53,-10,-33
-53,-11,-33
-53,-11,-33
-53,-11,-33
-53,-12,-34
-54,-11,-34
-54,-11,-34
-53,-11,-34
-54,-11,-34
-54,-10,-33
-54,-9,-33
-54,-9,-34
-55,-9,-34
-55,-9,-35
-54,-8,-35
-54,-8,-35
-54,-8,-35
-54,-8,-36
-54,-9,-36
-54,-9,-36
-54,-9,-35
-54,-10,-35
-54,-10,-35
-54,-10,-35
-54,-10,-35
-55,-10,-35
-53,-10,-34
-53,-10,-34
-53,-10,-34
-52,-10,-35
-52,-11,-35
-52,-10,-35
-52,-10,-35
-53,-10,-35
-54,-11,-35
-54,-11,-35
-54,-11,-34
-54,-10,-35
-54,-10,-35
-54,-10,-35
-54,-10,-36
-54,-10,-35
-54,-9,-35
-54,-9,-35
-54,-9,-35
-54,-8,-36
-54,-8,-36
-55,-8,-36
-54,-8,-35
-53,-8,-35
-54,-9,-35
-54,-9,-35
-54,-10,-35
-53,-10,-33
-53,-10,-32
-54,-10,-33
-55,-10,-34
-54,-10,-34
-55,-9,-34
-55,-9,-34
-55,-9,-34
-54,-9,-35
-55,-9,-34
-54,-10,-34
-55,-10,-34
-54,-10,-34
-54,-10,-33
-54,-9,-33
-54,-10,-32
-53,-10,-32
-52,-10,-32
-52,-10,-32
-54,-9,-34
-54,-9,-34
-55,-9,-34
-55,-9,-35
-56,-8,-35
-56,-8,-35
-55,-8,-36
-54,-9,-35
-54,-9,-35
-53,-10,-35
-52,-11,-34
-52,-12,-34
-53,-11,-34
-54,-11,-34
-54,-11,-35
-55,-10,-34
-54,-10,-34
-54,-9,-35
-54,-9,-35
-53,-9,-35
-53,-9,-36
-53,-10,-36
-52,-9,-35
-52,-9,-35
-54,-9,-36
-54,-9,-36
-55,-9,-36
-55,-9,-36
-54,-9,-35
-54,-9,-35
-53,-9,-35
-52,-10,-34
-52,-10,-34
-53,-10,-35
-53,-10,-35
-54,-10,-35
-55,-9,-36
-55,-9,-36
-55,-9,-35
-54,-9,-34
-53,-9,-34
-52,-9,-34
-51,-9,-34
-51,-9,-35
-53,-9,-35
-54,-10,-35
-55,-9,-35
-56,-9,-35
-56,-10,-35
-56,-10,-34
-55,-10,-35
-54,-10,-35
-54,-9,-35
-53,-9,-35
-53,-9,-35
-54,-8,-35
-54,-8,-35
-54,-8,-35
-54,-8,-35
-54,-8,-35
-54,-7,-35
-53,-8,-34
-54,-9,-35
-54,-10,-34
-53,-11,-34
-53,-11,-33
-54,-11,-33
-54,-11,-33
-54,-10,-34
-55,-9,-34
-56,-9,-35
-55,-9,-35
-53,-9,-34
-53,-9,-34
-52,-9,-33
-52,-9,-34
-52,-10,-34
-53,-10,-34
-54,-10,-33
-54,-11,-33
-54,-11,-32
-55,-10,-32
-56,-10,-33
-56,-9,-34
-55,-9,-35
-54,-8,-35
-54,-8,-35
-52,-8,-35
-52,-8,-36
-52,-9,-36
-53,-9,-36
-53,-9,-36
-54,-9,-35
-55,-10,-35
-55,-10,-35
-55,-10,-35
-55,-10,-34
-54,-10,-34
-54,-9,-35
-54,-9,-35
-54,-9,-36
-54,-9,-36
-54,-9,-35
-53,-9,-35
-53,-9,-35
-53,-10,-34
-53,-10,-35
-53,-11,-33
-53,-10,-33
-54,-10,-32
-54,-10,-32
-54,-10,-32
-54,-10,-32
-54,-10,-33
-54,-9,-33
-54,-9,-35
-55,-8,-36
-55,-8,-36
-55,-8,-36
-56,-8,-37
-55,-8,-36
-53,-9,-35
-52,-10,-34
-51,-10,-34
-51,-11,-34
-51,-11,-34
-52,-10,-35
-52,-10,-35
-53,-9,-34
-54,-9,-35
-56,-8,-37
-56,-8,-38
-55,-9,-39
-53,-9,-38
-53,-9,-38
-52,-10,-37
-51,-10,-37
-52,-10,-36
-52,-10,-37
-52,-10,-36
-51,-9,-36
-51,-9,-36
-51,-9,-36
-52,-10,-38
-52,-10,-38
-51,-10,-36
-52,-10,-36
-52,-10,-36
-53,-9,-37
-53,-9,-37
-53,-9,-37
-52,-8,-37
-52,-8,-37
-51,-8,-37
-52,-9,-38
-52,-9,-38
-53,-10,-38
-53,-10,-38
-54,-10,-37
-54,-9,-36
-53,-10,-36
-51,-11,-34
-50,-11,-34
-50,-10,-35
-50,-9,-36
-52,-9,-36
-52,-9,-37
-54,-9,-37
-55,-10,-37
-55,-10,-36
-54,-11,-35
-54,-11,-34
-52,-11,-34
-52,-11,-34
-51,-10,-34
-52,-9,-36
-54,-8,-37
-54,-8,-37
-54,-8,-37
-54,-8,-37
-53,-9,-36
-52,-9,-35
-53,-9,-36
-54,-9,-37
-55,-9,-37
-55,-9,-37
-54,-9,-36
-53,-9,-35
-52,-9,-35
-52,-8,-36
-52,-9,-36
-52,-9,-36
-51,-9,-35
-51,-10,-34
-52,-10,-34
-53,-10,-35
-54,-10,-35
-54,-10,-35
-54,-10,-35
-54,-11,-35
-54,-11,-35
-53,-11,-35
-52,-11,-35
-52,-11,-35
-52,-10,-35
-52,-10,-35
-53,-10,-36
-53,-9,-36
-54,-9,-36
-54,-9,-36
-54,-9,-36
-53,-9,-36
-53,-9,-36
-52,-9,-36
-52,-9,-36
-52,-10,-35
-52,-11,-35
-53,-11,-36
-52,-11,-35
-53,-10,-35
-53,-10,-36
-53,-9,-36
-54,-8,-37
-54,-9,-38
-53,-8,-38
-52,-9,-37
-53,-9,-37
-52,-9,-37
-53,-10,-37
-52,-11,-36
-52,-11,-35
-52,-11,-34
-51,-11,-34
-52,-11,-34
-52,-11,-35
-52,-10,-36
-52,-10,-36
-53,-9,-36
-53,-9,-36
-54,-9,-36
-54,-9,-36
-53,-9,-35
-53,-9,-35
-53,-9,-36
-54,-8,-36
-53,-8,-36
-53,-8,-37
-53,-8,-37
-53,-7,-37
-52,-8,-37
-53,-8,-37
-53,-8,-37
-53,-8,-37
-53,-8,-37
-53,-9,-36
-53,-9,-36
-53,-9,-36
-53,-9,-36
-52,-9,-36
-53,-8,-36
-53,-8,-36
-53,-8,-36
-54,-8,-36
-53,-9,-36
-52,-9,-36
-52,-9,-35
-52,-9,-35
-53,-10,-35
-53,-10,-35
-53,-10,-34
-53,-10,-34
-54,-10,-34
-54,-9,-35
-55,-9,-35
-55,-9,-35
-55,-9,-35
-54,-9,-34
-54,-9,-35
-54,-9,-36
-54,-9,-36
-54,-9,-36
-54,-9,-35
-53,-9,-35
-53,-9,-34
-53,-9,-35
-53,-9,-35
-53,-8,-35
-53,-8,-35
-53,-8,-35
-54,-9,-35
-53,-9,-35
-52,-9,-34
-52,-9,-34
-53,-9,-35
-54,-10,-35
-53,-10,-35
-53,-10,-35
-54,-9,-35
-53,-9,-36
-53,-8,-36
-54,-8,-37
-53,-9,-37
-52,-9,-36
-52,-9,-36
-52,-9,-35
-53,-10,-35
-53,-10,-35
-54,-10,-35
-54,-10,-35
-54,-9,-35
-55,-9,-36
-55,-9,-36
-54,-9,-36
-53,-8,-36
-53,-8,-36
-53,-8,-37
-53,-8,-37
-53,-8,-36
-53,-9,-36
-54,-9,-36
-54,-9,-35
-54,-9,-35
-54,-10,-34
-54,-9,-34
-54,-9,-34
-53,-9,-34
-53,-9,-34
-54,-9,-35
-54,-8,-35
-54,-8,-35
-54,-8,-35
-54,-8,-35
-54,-9,-35
-54,-9,-35
-53,-8,-33
-53,-8,-34
-54,-8,-34
-54,-8,-34
-54,-8,-34
-54,-7,-34
-54,-8,-35
-54,-8,-35
-54,-8,-35
-55,-8,-36
-56,-8,-37
-56,-8,-36
-56,-8,-35
-55,-8,-35
-53,-9,-34
-52,-10,-34
-51,-10,-34
-51,-10,-35
-52,-10,-35
-52,-10,-35
-54,-10,-34
-54,-10,-34
-55,-10,-34
-56,-9,-35
-57,-10,-35
-57,-10,-35
-54,-11,-33
-53,-11,-32
-53,-11,-32
-53,-9,-32
-54,-8,-33
-55,-8,-35
-56,-8,-35
-55,-7,-35
-55,-8,-35
-54,-8,-34
-53,-9,-34
-52,-10,-33
-52,-11,-32
-52,-11,-31
-52,-10,-30
-52,-10,-31
-55,-9,-32
-55,-8,-33
-57,-8,-36
-58,-8,-38
-59,-7,-39
-58,-7,-38
-55,-8,-36
-54,-9,-35
-51,-10,-35
-51,-10,-35
-51,-11,-35
-50,-11,-34
-51,-12,-34
-52,-11,-33
-52,-10,-33
-54,-10,-34
-55,-10,-35
-56,-10,-35
-56,-10,-35
-55,-10,-34
-55,-10,-33
-55,-9,-33
-56,-9,-34
-56,-8,-35
-56,-7,-35
-56,-7,-35
-55,-7,-35
-55,-7,-35
-54,-8,-35
-54,-9,-34
-52,-11,-32
-51,-11,-32
-52,-11,-31
-52,-10,-31
-53,-9,-30
-56,-9,-32
-57,-8,-33
-57,-7,-34
-58,-7,-35
-58,-7,-36
-58,-7,-36
-57,-7,-37
-56,-7,-36
-53,-8,-35
-52,-9,-35
-51,-10,-34
-50,-11,-34
-50,-11,-33
-52,-11,-34
-52,-12,-34
-54,-11,-34
-55,-10,-34
-57,-10,-34
-57,-9,-34
-57,-9,-34
-57,-9,-35
-56,-9,-35
-55,-9,-35
-53,-10,-33
-52,-10,-33
-53,-10,-33
-53,-10,-34
-54,-10,-33
-54,-9,-34
-55,-9,-34
-54,-9,-33
-54,-8,-32
-53,-9,-32
-53,-9,-33
-53,-8,-33
-54,-8,-33
-55,-8,-33
-55,-8,-33
-56,-9,-34
-57,-9,-35
-58,-10,-34
-56,-11,-34
-56,-11,-34
-55,-11,-33
-55,-11,-34
-54,-11,-33
-53,-11,-32
-54,-10,-32
-53,-10,-32
-53,-9,-33
-53,-8,-34
-54,-8,-35
-53,-10,-34
-52,-10,-34
-53,-10,-34
-54,-10,-35
-55,-9,-35
-54,-9,-34
-54,-8,-34
-53,-8,-34
-55,-7,-36
-55,-7,-37
-54,-7,-37
-55,-8,-37
-54,-8,-37
-54,-9,-36
-54,-10,-35
-56,-10,-37
-57,-9,-36
-59,-6,-32
-57,-5,-28
-53,-4,-22
-54,-4,-22
-59,-4,-24
-59,-5,-26
-60,-6,-29
-61,-6,-31
-60,-6,-31
-58,-7,-30
-56,-8,-29
-55,-9,-28
-55,-10,-28
-55,-11,-28
-55,-10,-28
-56,-9,-28
-57,-9,-28
-58,-8,-29
-58,-8,-29
-58,-7,-31
-57,-7,-32
-58,-6,-33
-57,-7,-35
-56,-7,-34
-53,-7,-33
-54,-7,-34
-56,-8,-34
-56,-9,-32
-52,-10,-28
-52,-10,-27
-57,-11,-28
-58,-11,-29
-60,-12,-30
-61,-11,-30
-60,-11,-30
-58,-9,-29
-57,-8,-29
-54,-7,-30
-54,-6,-30
-54,-6,-33
-54,-6,-33
-55,-7,-35
-55,-7,-35
-55,-9,-34
-56,-9,-34
-56,-10,-34
-57,-12,-34
-58,-12,-34
-59,-11,-35
-59,-11,-35
-59,-11,-35
-58,-12,-34
-55,-12,-32
-54,-12,-31
-52,-12,-31
-52,-12,-32
-50,-12,-31
-49,-12,-31
-48,-11,-31
-50,-11,-33
-51,-11,-34
-52,-12,-35
-52,-12,-36
-53,-12,-35
-54,-12,-34
-55,-11,-33
-56,-11,-32
-57,-11,-32
-58,-11,-32
-57,-10,-33
-56,-7,-33
-56,-6,-33
-55,-6,-35
-54,-5,-36
-54,-5,-37
-54,-5,-37
-54,-6,-37
-52,-7,-36
-52,-6,-34
-52,-6,-34
-54,-5,-31
-55,-5,-30
-58,-6,-31
-61,-8,-33
-62,-10,-34
-60,-11,-32
-58,-11,-30
-54,-12,-28
-53,-12,-28
-52,-11,-28
-52,-11,-29
-53,-9,-31
-54,-7,-32
-56,-5,-35
-57,-5,-35
-59,-4,-37
-58,-6,-36
-58,-6,-35
-57,-8,-33
-56,-9,-33
-55,-11,-31
-54,-12,-30
-54,-13,-29
-54,-13,-29
-54,-13,-29
-54,-13,-29
-54,-12,-30
-55,-12,-30
-56,-11,-31
-57,-11,-31
-57,-10,-31
-56,-10,-30
-56,-10,-31
-56,-9,-31
-56,-9,-32
-56,-8,-33
-56,-8,-33
-56,-8,-33
-56,-9,-33
-55,-9,-32
-55,-9,-32
-55,-8,-33
-55,-9,-33
-56,-9,-33
-56,-9,-32
-56,-9,-32
-56,-9,-32
-56,-9,-32
-55,-9,-31
-55,-9,-31
-55,-9,-31
-55,-9,-31
-55,-9,-32
-55,-9,-32
-55,-9,-32
-56,-9,-32
-56,-9,-32
-56,-9,-32
-56,-9,-32
-56,-9,-32
-56,-9,-31
-56,-9,-31
-56,-9,-31
-56,-9,-31
-56,-9,-32
-56,-9,-32
-56,-9,-32
-56,-9,-32
-56,-9,-32
-56,-9,-31
-56,-9,-31
-56,-9,-31
-56,-9,-32
-56,-9,-32
-56,-9,-32
-56,-9,-31
-56,-9,-31
-56,-9,-32
-56,-9,-32
-56,-9,-32
-55,-9,-32
-55,-9,-32
-56,-8,-32
-56,-9,-33
-56,-9,-33
-56,-8,-32
-56,-8,-32
-56,-9,-32
-56,-9,-31
-56,-10,-31
-56,-10,-31
-56,-9,-31
-56,-10,-31
-56,-10,-31
-56,-9,-31
-56,-9,-31
-55,-9,-30
-55,-10,-30
-55,-10,-31
-54,-10,-31
-55,-10,-30
-55,-10,-31
-56,-10,-30
-56,-10,-31
-57,-10,-31
-57,-9,-31
-56,-9,-31
-56,-9,-32
-56,-9,-32
-56,-9,-32
-56,-9,-32
-55,-9,-32
-55,-9,-32
-55,-9,-32
-55,-9,-32
-55,-9,-32
-56,-10,-32
-56,-10,-32
-56,-10,-32
-56,-10,-31
-56,-10,-31
-56,-10,-31
-55,-9,-31
-55,-9,-32
-55,-9,-32
-55,-10,-32
-55,-10,-32
-56,-10,-31
-56,-10,-31
-56,-10,-31
-55,-11,-30
-56,-10,-31
-56,-10,-31
-56,-9,-32
-56,-9,-32
-56,-9,-33
-57,-9,-33
-56,-9,-33
-57,-9,-33
-57,-9,-33
-57,-9,-32
-56,-10,-32
-56,-10,-31
-56,-10,-31
-56,-10,-31
-56,-10,-31
-56,-11,-30
-56,-11,-30
-56,-11,-30
-56,-12,-29
-55,-12,-29
-55,-12,-29
-55,-11,-29
-56,-11,-30
-57,-10,-30
-57,-10,-30
-57,-10,-31
-57,-10,-30
-57,-10,-31
-57,-10,-31
-56,-9,-30
-56,-10,-30
-56,-10,-30
-56,-11,-29
-56,-10,-30
-56,-10,-30
-57,-10,-30
-57,-10,-30
-57,-10,-30
-58,-10,-30
-57,-10,-30
-56,-10,-29
-56,-10,-30
-56,-11,-30
-56,-10,-30
-56,-11,-29
-56,-11,-29
-57,-11,-30
-57,-11,-30
-56,-12,-29
-55,-12,-28
-55,-12,-28
-55,-12,-29
-56,-11,-30
-57,-10,-30
-56,-10,-30
-56,-10,-30
-56,-9,-32
-57,-8,-33
-58,-8,-34
-58,-8,-34
-58,-8,-33
-58,-8,-33
-56,-10,-33
-55,-11,-32
-54,-11,-31
-54,-11,-31
-54,-11,-31
-56,-11,-30
-57,-11,-30
-57,-12,-29
-56,-11,-29
-54,-11,-29
-55,-11,-30
-56,-11,-32
-56,-11,-32
-57,-11,-32
-57,-12,-30
-57,-12,-30
-55,-12,-29
-56,-12,-29
-56,-11,-29
-56,-11,-30
-56,-11,-30
-57,-10,-30
-56,-10,-30
-56,-11,-30
-56,-11,-30
-56,-11,-30
-56,-11,-30
-57,-10,-30
-57,-10,-30
-58,-11,-30
-57,-11,-30
-57,-12,-29
-57,-12,-29
-57,-13,-29
-57,-13,-29
-55,-13,-28
-55,-13,-28
-55,-12,-28
-55,-11,-29
-55,-11,-29
-56,-11,-30
-56,-11,-32
-63,-10,-33
-65,-10,-33
-63,-8,-27
-66,-7,-24
-69,-6,-20
-71,-4,-18
-75,-2,-14
-72,0,-8
-63,2,-1
-64,1,0
-66,3,-3
-62,5,-10
-59,8,-10
-58,12,-12
-58,13,-11
-54,20,-12
-53,23,-15
-53,27,-17
-54,27,-16
-43,19,-4
-56,19,-8
-71,20,-16
-58,21,-10
-55,20,-12
-55,15,-12
-52,16,-10
-57,14,-16
-67,9,-18
-64,6,-10
-61,3,-9
-67,-3,-11
-69,0,-2
-66,-1,-5
-67,-2,-7
-66,-1,-6
-66,2,-5
-65,2,-2
-64,1,-7
-67,1,-2
-70,2,2
-67,2,-1
-66,2,-3
-63,2,-3
-63,2,-7
-63,2,-7
-58,8,-5
-59,9,-6
-64,8,-8
-66,11,-7
-67,13,-6
-81,2,-7
-72,3,4
-51,-4,16
-49,-4,20
-31,-21,30
-17,-23,38
-29,-29,41
-35,-39,44
-16,-47,53
-18,-49,57
-23,-49,65
-22,-51,62
-18,-51,65
-29,-48,69
-25,-54,85
-25,-52,78
-14,-53,87
-15,-43,83
-22,-36,71
-27,-28,50
-32,-21,41
-57,-8,23
-57,11,25
-55,23,26
-42,34,21
-44,43,11
-41,43,0
-26,44,2
4,50,4
7,53,9
-8,53,-10
-7,53,-12
-3,49,-3
12,46,-3
31,39,-5
-5,38,-7
1,53,6
-12,70,15
-28,68,7
-56,71,-2
-73,74,-7
-38,77,4
-32,74,-6
-44,67,-22
-34,63,-27
-51,62,-19
-6,56,-18
-37,49,-41
-14,48,4
-32,47,-9
-37,46,-32
-50,50,-27
-32,53,-22
-36,46,-20
-43,37,-26
-40,44,-26
-35,49,-23
-16,48,-20
-21,42,-6
-31,43,-12
-14,47,2
-28,48,-17
-48,57,-13
-20,62,12
-18,62,9
-16,64,1
-10,62,12
-50,54,4
-33,57,9
-25,58,-2
-24,60,5
-25,56,4
-22,57,6
-26,59,4
-26,61,5
-23,59,5
-27,56,4
-20,60,8
-23,63,7
-15,64,6
-21,57,11
-17,58,10
-16,62,9
-12,64,4
-11,60,18
-13,51,19
-13,56,14
-13,59,-2
-21,60,-11
-41,66,-9
-26,68,-3
-27,58,-1
-26,59,2
-10,61,-5
-20,59,-22
-36,55,-21
-15,59,-16
-12,65,-35
-17,58,-27
-22,55,-20
-7,57,-17
-14,59,-25
-14,59,-20
-5,59,-22
-23,59,-24
-29,58,-24
-12,60,-21
-5,60,-26
-22,59,-24
-3,58,-14
-2,60,-19
-29,60,-25
-15,58,-6
-21,60,-22
-20,60,-14
-16,60,-9
-23,59,-7
-14,59,-6
-15,59,-6
-22,60,-1
-16,61,-1
-19,60,-3
-21,61,-4
-19,60,-2
-19,60,-7
-19,57,-12
-15,61,-5
-4,62,-6
-14,57,-13
-9,56,-9
-20,58,-17
-22,57,-23
-23,58,-29
-28,59,-26
4,69,-5
-10,66,-36
-28,61,-30
-20,59,-23
-15,58,-23
4,54,-20
-5,58,-26
-12,58,-20
-20,57,-27
1,64,-23
18,64,-19
-17,57,-37
-30,53,-44
2,56,-20
18,62,-8
-8,66,-19
-29,62,-21
-19,60,-17
-11,60,-14
-17,58,-18
-20,59,-18
-19,60,-17
-23,60,-19
-17,60,-16
-11,61,-10
-14,60,-10
-22,59,-13
-20,60,-11
-19,60,-13
-18,59,-14
-20,59,-14
-22,59,-16
-21,60,-15
-19,61,-14
-16,61,-13
-15,60,-16
-20,58,-21
-24,61,-22
-19,61,-16
-21,58,-15
-18,60,-15
-9,60,-12
-23,58,-18
-21,60,-18
-14,59,-9
-17,58,-9
-21,59,-15
-28,59,-13
-18,61,-16
-21,60,-19
-24,59,-11
-18,60,-7
-23,60,-13
-28,58,-13
-24,59,-11
-19,60,-11
-18,61,-14
-19,63,-15
-23,60,-9
-20,61,-11
-20,61,-11
-24,61,-13
-22,62,-12
-20,59,-9
-14,53,-7
-18,58,-14
-18,63,-17
-20,61,-13
-17,59,-8
-15,59,-8
-29,60,-24
-28,59,-19
-12,62,-7
-12,60,-12
-25,60,-19
-18,61,-13
-14,60,-15
-15,60,-13
-14,60,-14
-24,60,-18
-22,60,-14
-8,61,-14
-16,61,-18
-15,60,-16
-17,59,-13
-14,62,-15
-11,61,-17
-10,60,-19
-17,59,-19
-17,59,-20
-30,59,-28
-15,61,-18
-21,60,-20
-22,61,-22
-14,61,-10
-6,61,-12
-29,60,-23
-32,57,-16
-5,62,-1
-9,61,-4
-29,60,-10
-9,61,-4
-17,60,-5
-25,62,3
-12,63,7
-14,61,0
-16,62,-2
-26,62,1
-22,60,3
-13,63,5
-12,62,-3
-26,60,-11
-19,62,-3
-19,59,-1
-28,61,-9
-12,60,-2
-24,59,-4
-24,60,-11
-14,61,-6
-17,60,-2
-12,64,-19
-16,61,-18
-14,61,-5
-14,60,-4
-8,63,-24
-10,62,-19
-5,60,-12
-16,59,-18
-10,59,-29
-16,57,-13
-23,56,-11
-35,57,-32
-34,58,-46
-12,56,-64
4,61,-55
11,56,-11
-3,56,-3
5,64,15
-2,69,15
-24,74,14
-9,75,6
-54,55,7
-20,69,7
-10,65,6
-11,62,4
-16,60,3
-24,59,11
-26,60,9
15,46,21
-24,48,6
-26,57,6
-20,60,6
-28,58,-15
-43,59,-11
-18,62,0
-14,61,-3
-21,63,-2
-16,64,1
-20,60,-9
-6,67,-14
-7,67,-14
-25,65,-12
3,59,-3
-42,50,-12
-28,55,-12
-4,62,-15
-7,70,-20
-18,59,-15
-22,56,-22
-17,59,-27
-15,59,-35
-26,60,-44
-31,53,-46
-19,44,-30
15,58,-28
4,64,-12
-21,72,-3
3,75,-8
-11,64,11
-23,66,26
-33,66,20
-25,61,-28
1,60,1
-21,51,12
-21,57,4
-28,62,6
-36,66,13
6,49,-2
-24,55,-1
-30,58,5
-32,55,3
-21,57,4
-26,60,-6
-25,60,-8
-25,53,1
-10,56,1
-27,62,-19
-23,60,-12
-15,57,-4
-21,59,-16
-24,60,-15
-16,57,-11
-23,59,-21
-18,62,-18
-20,58,-12
-18,60,-17
-20,59,-18
-14,61,-16
-18,60,-14
-14,59,-20
-10,62,-23
-15,61,-13
-10,62,-15
-13,58,-18
-22,57,-17
-14,59,-8
-18,60,-11
-26,56,-15
-23,63,-17
-29,64,-21
-28,64,-23
7,63,11
-32,61,-8
-65,64,-29
-23,56,1
-29,57,2
-15,59,9
-14,58,3
-39,57,0
-34,56,1
-28,58,2
-23,61,6
-28,58,6
-26,57,8
-19,57,6
-25,58,12
-21,59,12
-18,61,11
-19,62,9
-17,55,17
-13,55,24
-8,54,13
-15,56,-7
-26,61,-12
-29,67,-11
-27,62,-5
-38,67,-5
-13,70,-12
-29,60,-26
-21,55,-28
-9,57,-24
-6,65,-26
-21,57,-21
-14,60,-26
-24,58,-33
-27,57,-27
-5,59,-22
-40,57,-43
-25,55,-37
9,61,-7
-5,57,-17
-15,59,-17
-14,61,-3
-24,59,-5
-10,59,0
-19,60,1
-18,61,1
-26,60,0
-29,60,-3
-20,60,0
-20,58,0
-24,57,1
-9,58,0
-9,57,-5
-27,58,-21
-28,58,-26
-24,63,-26
-27,65,-30
-12,68,-14
11,68,-18
-30,52,-35
-12,53,-13
-13,55,-27
-10,58,-34
-38,55,-29
27,65,-12
11,60,-37
-38,58,-43
-15,56,-25
5,57,-11
-7,59,-14
-19,61,-6
-23,58,-7
-23,60,-17
-24,58,-12
-15,58,-2
-19,58,-10
-21,59,-15
-25,62,-14
-28,59,-16
-15,61,-8
-15,60,-10
-22,57,-11
-18,57,-8
-27,56,-12
-20,61,-13
-24,61,-11
-24,61,-14
-24,55,-19
-19,61,-5
-17,63,-6
-23,62,-17
-19,59,-16
-13,57,-11
-19,56,-17
-17,58,-18
-13,59,-13
-19,57,-21
-19,58,-19
-15,59,-18
-17,61,-25
-18,62,-25
-16,61,-24
-15,61,-23
-11,61,-19
-11,61,-19
-13,60,-19
-14,57,-18
-12,60,-13
-15,59,-19
-16,59,-19
-16,59,-21
-16,59,-20
-14,59,-18
-13,60,-18
-12,60,-17
-13,60,-17
-15,58,-20
-14,59,-22
-10,60,-20
-11,60,-20
-16,59,-24
-16,60,-24
-12,59,-21
-14,59,-22
-14,59,-20
-17,57,-22
-17,57,-25
-14,61,-23
-13,61,-20
-15,64,-22
-16,60,-23
-9,61,-10
-13,58,-17
-14,61,-15
-19,58,-25
-12,59,-12
-13,60,-16
-19,57,-21
-15,61,-18
-16,62,-21
-17,57,-25
-17,58,-19
-14,57,-19
-15,57,-20
-16,59,-20
-17,58,-21
-25,60,-26
-7,61,-7
-10,60,-11
-18,61,-21
-19,60,-23
-14,57,-20
-14,58,-18
-18,56,-20
-17,58,-19
-17,60,-19
-16,60,-20
-21,59,-20
-20,59,-20
-13,58,-19
-18,59,-19
-23,58,-18
-12,59,-19
-11,59,-19
-21,59,-17
-17,59,-17
-14,61,-20
-18,60,-19
-24,58,-19
-12,60,-17
-11,60,-13
-13,60,-15
-20,60,-18
-24,59,-16
-18,58,-17
-17,61,-17
-18,62,-15
-18,61,-18
-20,60,-18
-16,59,-17
-15,58,-15
-17,55,-13
-19,56,-15
-16,60,-15
-17,60,-17
-19,60,-18
-15,59,-15
-14,58,-15
-16,59,-18
-19,59,-20
-15,60,-16
-12,60,-15
-9,59,-20
-15,60,-23
-8,60,-18
-11,59,-22
-8,59,-20
-18,59,-27
-11,59,-23
-6,58,-24
-11,59,-30
-4,60,-23
-5,59,-20
-6,60,-24
-11,58,-28
-10,59,-27
-8,58,-26
0,58,-27
-2,57,-30
-5,57,-26
4,56,-26
6,57,-16
-20,59,-23
-19,61,-26
2,65,-17
-3,66,-16
-22,63,-22
-21,58,-35
-6,60,-16
-9,58,-11
-15,56,-18
-19,58,-25
-16,61,-21
-17,59,-18
-15,59,-17
-16,60,-18
-16,59,-16
-17,59,-17
-22,60,-17
-17,61,-14
-17,60,-17
-17,61,-15
-16,61,-15
-17,61,-17
-23,59,-16
-16,57,-13
-15,60,-18
-17,61,-20
-16,62,-16
-10,63,-16
-6,73,1
-27,66,-26
-14,47,-18
-17,49,-14
-6,58,-24
-7,60,-28
-11,57,-22
-14,58,-20
-11,61,-19
-6,59,-21
-20,61,-23
-14,61,-20
-10,62,-27
-10,60,-21
-14,59,-17
-8,59,-19
-9,59,-22
-17,60,-26
-13,60,-24
-9,63,-19
-14,63,-14
-13,58,-24
-8,60,-17
-14,60,-16
-17,59,-19
-15,59,-19
-10,59,-21
-15,61,-21
-12,59,-18
-13,58,-15
-17,57,-19
-23,58,-21
-15,57,-22
-13,60,-23
-15,58,-20
-16,57,-20
-19,58,-22
-15,59,-22
-15,59,-22
-19,57,-23
-15,57,-23
-14,59,-20
-14,60,-19
-16,57,-21
-16,57,-21
-14,57,-23
-18,58,-21
-23,55,-21
-23,55,-24
-25,55,-24
-22,58,-22
-17,57,-19
-23,56,-17
-24,59,-14
-26,62,-7
-28,60,-8
-25,58,-10
-26,58,-9
-28,52,-9
-29,54,-10
-30,55,-11
-26,59,-16
-26,58,-18
-30,59,-16
-31,58,-15
-30,54,-14
-26,55,-15
-28,55,-15
-28,56,-15
-28,58,-14
-29,57,-13
-27,57,-12
-27,57,-13
-28,57,-13
-26,56,-15
-26,58,-16
-30,58,-14
-30,56,-12
-24,57,-12
-27,58,-12
-31,58,-8
-30,58,-9
-25,58,-14
-23,57,-13
-27,56,-8
-28,59,-12
-28,57,-13
-24,57,-14
-28,60,-12
-27,58,-2
-30,57,-5
-27,57,-12
-27,54,-11
-29,56,-9
-23,59,-7
-28,59,-13
-26,58,-13
-24,58,-8
-20,62,-11
-22,61,-12
-21,60,-10
-24,57,-7
-28,58,-8
-24,60,-11
-24,61,-9
-24,60,-8
-20,59,-10
-22,60,-16
-20,61,-16
-15,59,-16
-22,61,-16
-23,59,-9
-14,59,-14
-18,59,-17
-12,62,-17
-16,58,-27
-10,61,-20
-18,57,-21
-26,56,-26
-2,58,-8
-5,59,-16
-12,58,-29
-4,58,-28
-13,57,-27
-25,56,-27
-18,57,-24
0,61,-16
-17,55,-23
-28,57,-29
-2,53,-22
-29,64,-8
-30,62,-13
-18,70,-11
-4,65,-11
-46,64,-12
-37,67,-23
-22,49,-26
-29,51,-10
-27,50,-6
-17,60,-10
-7,63,-14
-26,58,-37
-21,56,-33
-11,61,-15
-12,55,-23
-14,55,-24
-18,53,-21
-31,52,-33
-11,55,-40
-15,50,-47
-18,56,-27
-7,56,-26
-21,59,-27
-13,60,-18
-21,59,5
-41,63,8
-2,64,-2
-4,63,-2
-36,65,0
-28,68,3
-21,52,-26
-30,48,0
-26,56,-1
-26,61,-5
-26,62,-5
-9,57,-2
-6,61,0
-28,56,-13
-23,61,-15
-21,60,-22
-24,60,-25
-17,59,-17
-15,57,-10
-12,55,-13
-13,63,-43
-28,60,-45
-10,53,-20
-14,56,-27
-9,52,-34
-12,56,-40
-30,60,-35
-23,57,-24
-9,47,-16
-19,60,-20
-15,62,-13
-18,64,0
-20,66,-1
-18,64,9
-48,64,-11
-9,61,-5
1,49,0
-30,57,9
-28,60,3
-18,61,6
-23,61,8
-19,62,0
-21,61,3
-25,59,-2
-25,60,2
-27,54,4
-15,59,8
-31,59,-5
-10,66,-19
-18,67,-6
-10,60,2
-18,53,-11
-17,64,-10
-15,61,-14
-20,61,-21
-18,60,-14
-6,59,-14
-18,59,-24
-12,63,-10
-3,59,-30
-21,55,-26
-12,55,-16
-1,57,-23
-16,73,-31
-10,65,-23
-23,56,-29
-17,56,-23
-7,59,-17
8,56,-17
-26,69,2
-28,64,-5
-10,69,20
-42,64,-13
-20,60,-11
-11,53,9
-11,56,17
-26,62,0
-21,67,-1
-15,63,21
-21,68,17
-23,65,-5
-13,61,7
-14,57,8
-14,61,11
-17,60,14
-18,62,10
-14,62,9
-23,56,6
-22,53,3
-26,57,9
-21,64,13
-9,71,3
-12,72,-7
-27,57,6
-21,51,16
-15,61,-9
-21,68,-4
-13,64,-3
-23,61,-22
-28,57,-14
-6,66,-13
-12,62,-22
-14,65,1
-7,60,-10
-17,64,-16
-16,59,-11
-16,60,-22
-16,58,-20
-7,61,-15
-11,57,-15
-17,57,-19
-15,60,-27
-3,59,-24
-9,54,-15
-20,56,-8
-9,56,-11
-9,63,0
-39,65,-13
-30,66,-9
-27,65,-9
-40,62,-14
-32,63,-13
-19,64,-1
-14,64,0
-4,62,7
-1,60,14
-14,64,6
-8,65,4
-33,50,-10
-34,56,1
-12,64,15
-15,62,5
-27,55,12
-18,56,7
-7,52,14
-17,67,33
-36,79,20
-2,61,-4
1,53,7
-23,54,20
-20,55,12
-18,63,13
-19,58,17
-11,62,7
-14,64,5
-13,63,7
-8,63,9
-8,65,7
-17,61,6
-13,60,6
-6,65,4
-12,65,4
-8,62,3
-11,60,4
-8,61,5
-10,64,3
-13,58,3
-15,58,10
-10,64,5
-15,61,3
-24,56,7
-6,59,3
-8,60,-2
-28,48,-13
-33,55,-6
-23,67,13
-17,75,11
-17,82,11
-13,88,10
-14,78,4
-10,72,4
-12,56,-5
-10,59,-17
-9,56,-14
-22,45,-9
-23,43,-17
-29,58,-25
-28,57,-12
-31,62,-11
-25,60,-17
-19,58,-17
-18,57,-10
-19,53,1
-18,54,2
-25,52,7
-27,59,15
-30,62,14
-34,58,12
-39,57,11
-35,57,5
-32,56,-3
-33,54,-16
-32,52,-16
-39,55,-12
-38,50,-21
-39,57,-8
-38,59,-2
-32,56,-13
-25,54,-9
-23,56,-8
-27,53,-17
-31,54,-14
-27,57,-13
-26,58,-14
-31,58,-14
-34,59,-13
-27,60,-18
-24,58,-17
-27,56,-13
-27,57,-12
-24,56,-11
-24,57,-13
-23,57,-12
-27,58,-9
-29,59,-9
-25,57,-12
-25,57,-13
-25,57,-12
-25,56,-10
-26,57,-11
-26,57,-12
-27,59,-10
-25,59,-13
-26,59,-13
-29,59,-13
-26,59,-13
-25,57,-13
-24,57,-12
-24,58,-12
-25,58,-13
-28,59,-14
-27,58,-13
-25,57,-13
-24,56,-13
-24,57,-14
-27,58,-15
-27,58,-14
-26,58,-13
-25,58,-14
-26,57,-15
-26,57,-15
-25,57,-13
-24,57,-12
-26,59,-14
-26,59,-14
-26,58,-14
-25,57,-14
-25,57,-14
-25,57,-14
-25,57,-15
-27,58,-14
-25,57,-14
-24,57,-15
-25,58,-16
-27,58,-15
-26,58,-15
-23,57,-15
-23,57,-16
-26,57,-16
-24,58,-15
-25,58,-15
-24,57,-15
-23,57,-16
-24,57,-16
-25,58,-16
-24,58,-17
-24,57,-17
-24,58,-16
-24,58,-17
-23,57,-18
-24,56,-16
-24,57,-16
-24,58,-17
-25,57,-17
-25,57,-16
-24,57,-17
-24,57,-16
-24,57,-17
-26,57,-17
-25,56,-16
-24,57,-17
-25,57,-17
-25,57,-16
-24,57,-16
-25,57,-16
-24,57,-15
-24,58,-15
-25,56,-16
-25,56,-16
-27,57,-18
-28,57,-18
-26,57,-18
-25,55,-15
-26,55,-14
-26,55,-14
-26,55,-17
-25,55,-17
-25,55,-16
-25,54,-15
-27,57,-18
-31,56,-19
-33,55,-19
-34,53,-17
-34,55,-17
-32,56,-18
-31,55,-18
-27,54,-16
-26,53,-13
-26,54,-15
-29,54,-16
-31,54,-18
-32,52,-16
-30,53,-18
-29,55,-22
-30,55,-22
-31,54,-21
-33,54,-20
-32,55,-21
-33,54,-22
-31,52,-21
-31,52,-20
-31,52,-19
-32,52,-20
-32,53,-19
-33,52,-19
-33,51,-19
-33,52,-20
-32,52,-20
-32,52,-19
-32,52,-19
-33,52,-19
-33,52,-19
-33,52,-18
-32,52,-19
-30,53,-19
-34,54,-21
-31,53,-21
-30,53,-17
-30,57,-18
-37,58,-21
-31,56,-15
-34,58,-15
-30,55,-16
-28,56,-21
-30,55,-21
-28,55,-24
-27,55,-25
-22,57,-19
-25,57,-20
-21,58,-20
-20,57,-17
-19,56,-16
-20,56,-18
-21,55,-20
-23,55,-26
-22,55,-23
-20,56,-17
-13,57,-13
-10,51,-12
-17,54,-17
-14,58,-19
-13,58,-20
-16,58,-21
-17,58,-22
-15,58,-22
-11,60,-25
-11,61,-26
-13,61,-25
-15,59,-23
-15,57,-22
-16,57,-22
-15,57,-23
-17,55,-22
-21,53,-22
-23,52,-22
-24,50,-26
-25,48,-27
-26,46,-29
-25,47,-29
-23,47,-27
-26,48,-22
-27,48,-17
-30,51,-12
-38,48,-17
-37,57,-13
-37,57,-8
-46,56,-12
-43,55,-8
-44,56,-3
-44,52,1
-41,53,4
-41,53,3
-39,54,2
-37,52,4
-39,52,3
-42,51,4
-43,51,6
-34,52,10
-35,53,13
-43,53,15
-30,58,22
-24,58,23
-20,56,24
-17,54,25
-16,54,28
-14,54,29
-12,52,29
-14,52,30
-13,53,30
-11,54,30
-10,54,31
-12,51,32
-17,49,39
-12,45,41
-7,43,46
-10,44,55
-13,43,54
-16,41,47
-24,37,41
-45,30,29
-38,30,39
-31,25,44
-26,22,42
-36,23,33
-50,25,32
-52,10,42
-30,21,41
-41,20,40
-59,12,36
-51,14,28
-59,15,-11
-72,11,-21
-61,11,-33
-66,11,-44
-75,12,-48
-76,14,-41
-45,16,-18
-54,12,-29
-51,13,-33
-41,16,-41
-44,17,-48
-43,20,-47
-50,24,-49
-60,25,-53
-58,22,-45
-66,22,-29
-68,23,-20
-64,22,-7
-60,22,14
-65,26,20
-49,30,31
-41,39,33
-34,46,34
-24,49,32
-1,53,27
-10,53,22
-17,44,-2
-25,38,7
-68,26,-9
-61,22,-5
-53,13,27
-56,12,37
-50,15,68
6,26,76
18,35,79
1,40,57
2,41,47
10,46,27
21,45,28
22,54,10
8,47,-3
-9,35,-16
-27,38,-20
-50,52,-36
-54,53,-28
-38,42,-25
-64,38,-19
-74,41,-25
-58,29,-50
-51,28,-53
-43,24,-48
-41,21,-42
-55,17,-32
-60,17,-28
-80,13,-57
-82,17,-44
-60,25,-24
-61,29,-33
-34,34,-42
-28,36,-59
-38,41,-48
-25,42,-33
-27,42,-27
-34,40,-27
-44,44,-24
-42,45,-28
-42,42,-35
-27,42,-27
-35,44,-29
-36,44,-25
-34,40,-24
-44,38,-31
-48,46,-26
-44,46,-20
-27,33,-31
-36,39,-22
-19,42,-28
-20,41,-31
-16,41,-37
-12,39,-39
-28,44,-35
-33,44,-33
-28,47,-17
-23,49,-28
-39,55,-24
-37,51,-30
-31,50,-33
-29,51,-30
-38,51,-31
-35,48,-37
-35,49,-25
-43,49,-15
-44,50,-11
-30,46,-7
-36,48,-10
-38,50,-14
-35,48,-13
-33,49,-12
-43,47,-13
-47,46,-10
-44,57,-2
-21,55,-2
-32,55,5
-37,54,-2
-45,54,-17
-44,57,-13
-39,59,-10
-37,57,-8
-30,57,1
-27,55,4
-26,53,4
-24,52,5
-32,54,0
-40,50,-14
-42,50,-17
-34,52,-11
-27,52,-8
-31,55,-5
-33,55,-8
-34,54,-13
-31,52,-9
-27,55,-5
-38,54,-18
-40,56,-14
-33,59,-12
-30,58,-13
-24,57,-16
-21,57,-14
-31,52,-16
-29,53,-15
-25,57,-16
-26,57,-16
-25,57,-19
-20,56,-16
-27,59,-20
-22,57,-21
-20,56,-20
-24,54,-26
-27,56,-26
-20,55,-20
-21,56,-23
-18,55,-22
-16,56,-21
-23,57,-22
-21,57,-22
-19,57,-23
-21,56,-22
-21,56,-22
-19,56,-23
-20,56,-22
-18,54,-20
-19,53,-20
-28,51,-25
-24,49,-22
-25,53,-22
-23,55,-19
-27,55,-15
-28,53,-17
-34,57,-12
-24,57,-11
-27,58,-6
-29,60,-7
-28,59,-11
-30,63,-8
-25,62,-8
-33,61,-6
-27,60,-11
-25,59,-9
-24,59,-8
-24,62,-7
-30,59,-11
-39,57,-22
-32,57,-17
-29,56,-17
-25,50,-17
-26,51,-17
-33,54,-16
-33,55,-17
-30,54,-15
-30,53,-11
-31,56,-16
-31,55,-17
-30,57,-14
-31,57,-16
-33,56,-17
-30,53,-15
-29,52,-15
-23,55,-14
-20,53,-13
-31,56,-11
-36,61,-13
-33,60,-23
-32,60,-19
-28,58,-11
-28,58,-10
-22,52,-16
-30,53,-16
-32,50,-18
-32,62,-12
-45,56,-25
-27,59,-17
-29,58,-19
-25,51,-13
-27,55,-17
-28,61,-16
-33,59,-17
-29,53,-16
-16,54,0
-27,53,-17
-23,57,-15
-23,57,-10
-22,61,-15
-21,60,-16
-28,54,-23
-26,54,-18
-32,56,-11
-30,55,-11
-28,60,-22
-25,61,-19
-25,52,-12
-21,53,-17
-21,60,-18
-23,59,-14
-27,59,-18
-21,58,-13
-23,55,-15
-27,56,-21
-23,58,-12
-28,57,-14
-28,55,-24
-19,58,-19
-22,57,-10
-20,58,-14
-20,58,-17
-20,59,-21
-20,57,-20
-21,56,-21
-27,58,-22
-31,54,-26
-21,58,-21
-22,58,-20
-24,54,-22
-25,55,-25
-26,58,-16
-24,55,-13
-30,54,-19
-28,52,-21
-23,49,-19
-30,49,-16
-38,56,-8
-32,52,-24
-30,52,-20
-36,54,-7
-38,56,-8
-27,59,2
-33,57,2
-35,56,-2
-33,55,3
-38,56,1
-38,55,-1
-36,51,-3
-39,52,-4
-36,52,-10
-37,50,-1
-35,51,1
-34,50,4
-35,49,12
-33,50,8
-35,48,9
-32,49,7
-36,51,1
-37,51,-3
-33,51,-6
-39,55,-9
-37,59,-4
-39,64,-5
-46,67,0
-42,69,2
-33,71,14
-36,68,14
-34,66,10
-28,63,11
-22,57,8
-17,54,4
-26,48,1
-26,48,0
-36,49,6
-35,54,12
-31,59,-3
-46,56,-19
-39,56,-16
-32,55,-15
-39,54,-12
-39,53,-16
-33,52,-19
-19,54,-14
-25,53,-5
-28,53,-10
-23,49,-16
-30,54,-30
-26,55,-25
-25,54,-22
-23,55,-15
-24,54,-13
-21,57,-13
-17,57,-16
-19,60,-19
-22,62,-19
-27,64,-17
-30,93,22
-22,58,-20
-20,57,-22
-18,55,-21
-18,57,-18
-15,56,-11
-20,59,-13
-20,58,-16
-18,57,-18
-17,56,-20
-20,56,-14
-22,58,-13
-21,60,-13
-22,60,-14
-19,60,-16
-19,60,-15
-21,59,-14
-19,59,-14
-19,59,-13
-19,57,-13
-20,58,-13
-20,60,-15
-21,61,-15
-21,63,-14
-21,63,-14
-21,60,-14
-20,59,-14
-20,57,-13
-22,57,-12
-21,58,-13
-20,60,-16
-21,60,-15
-21,60,-14
-20,59,-15
-20,59,-15
-21,58,-15
-23,58,-15
-21,57,-15
-20,59,-16
-20,60,-16
-22,59,-16
-21,59,-18
-19,59,-16
-22,58,-15
-22,58,-16
-20,58,-16
-21,58,-17
-20,59,-17
-20,59,-17
-21,58,-17
-21,58,-16
-21,57,-17
-21,58,-17
-20,59,-18
-20,59,-18
-20,59,-17
-21,59,-17
-22,59,-18
-21,58,-16
-19,57,-17
-20,59,-19
-21,59,-18
-21,59,-17
-21,58,-18
-21,58,-18
-21,58,-18
-21,58,-17
-21,58,-18
-21,58,-18
-21,58,-18
-21,58,-18
-21,58,-18
-21,58,-18
-20,58,-18
-20,57,-18
-22,58,-18
-22,58,-18
-20,59,-19
-22,58,-18
-22,58,-18
-22,58,-19
-21,58,-19
-21,58,-18
-21,58,-18
-21,58,-18
-21,58,-19
-25,61,-19
-12,62,4
-15,49,-26
-24,59,-21
-19,56,-17
-20,56,-18
-20,57,-19
-21,58,-22
-21,58,-22
-19,57,-21
-20,57,-20
-21,57,-19
-21,57,-19
-20,57,-21
-20,58,-21
-20,58,-21
-19,57,-22
-21,57,-20
-20,57,-20
-20,57,-21
-22,57,-22
-20,57,-22
-20,57,-21
-21,57,-19
-21,56,-20
-20,54,-22
-16,53,-23
-20,55,-20
-20,50,-17
-23,49,-14
-34,51,-12
-27,48,-14
-28,49,-14
-32,52,-10
-33,56,-12
-36,56,-14
-41,62,-8
-28,55,-8
-35,56,-14
-37,53,-18
-32,53,-19
-32,51,-25
-35,54,-35
-36,51,-22
-39,53,-2
-32,52,-3
-27,57,-12
-37,54,-11
-34,57,2
-29,59,1
-24,67,-5
-15,71,-1
-32,72,-4
-35,66,-12
-39,69,-5
-39,69,-9
-30,57,-15
-48,48,-13
-43,46,-8
-28,41,-8
-25,38,-12
-32,37,-19
-37,38,-20
-42,43,-9
-41,43,-8
-55,44,-18
-49,45,-16
-43,46,-19
-47,44,-22
-45,40,-25
-44,39,-21
-41,41,-23
-34,36,-14
-38,36,-16
-36,37,-12
-30,42,-15
-40,39,-19
-33,40,-21
-42,37,-33
-35,42,-31
-29,47,-33
-23,48,-31
-2,54,-24
-3,61,-6
-7,62,4
-14,78,18
-4,71,20
6,44,37
-14,31,47
-39,15,62
-26,19,82
-15,24,79
-29,26,78
-43,25,69
-54,25,60
-54,27,52
-49,20,44
-49,16,37
-67,13,18
-67,12,16
-31,6,35
-35,6,38
-62,4,15
-62,9,8
-54,11,18
-66,16,15
-75,23,-3
-66,21,-3
-69,17,3
-52,17,3
-52,17,-2
-65,15,-7
-59,19,-5
-59,14,-13
-62,14,-15
-62,14,-11
-61,14,-15
-65,15,-23
-63,15,-26
-62,17,-25
-59,19,-29
-58,18,-31
-59,15,-29
-51,14,-26
-50,18,-31
-54,20,-33
-52,22,-35
-44,23,-32
-49,24,-35
-52,22,-35
-54,21,-35
-55,20,-35
-54,18,-32
-54,17,-31
-54,17,-32
-52,20,-36
-54,20,-36
-48,20,-35
-47,21,-35
-46,21,-33
-49,22,-34
-50,22,-34
-52,22,-36
-52,22,-35
-53,22,-32
-59,21,-37
-61,21,-36
-58,20,-30
-62,19,-26
-64,19,-17
-58,16,-10
-66,17,-4
-50,22,18
-56,22,18
-60,23,24
-52,25,30
-52,26,32
-47,25,27
-34,23,41
-22,21,46
-25,20,46
-18,13,53
-24,10,53
-31,6,53
-30,8,56
-46,15,51
-48,18,45
-37,17,46
-42,19,48
-34,20,48
-44,23,45
-40,21,45
-50,17,42
-57,17,36
-55,18,32
-58,21,30
-51,19,32
-51,17,36
-50,18,37
-45,20,42
-44,18,37
-54,17,28
-57,23,26
-40,22,39
-40,18,37
-46,17,41
-41,18,45
-32,15,49
-40,15,49
-41,21,51
-36,21,54
-33,19,55
-32,19,56
-30,20,52
-26,19,52
-29,19,54
-31,19,54
-32,20,53
-31,22,51
-29,22,54
-27,20,57
-31,20,54
-31,21,54
-28,20,55
-27,18,54
-29,19,54
-34,18,51
-34,17,50
-31,19,51
-34,18,51
-37,17,51
-35,22,48
-33,24,49
-35,23,48
-34,24,48
-34,25,51
-35,24,52
-31,22,53
-29,23,55
-27,22,59
-28,22,57
-25,18,56
-25,19,55
-24,19,54
-22,18,54
-23,19,55
-22,19,56
-20,20,55
-22,20,54
-23,22,56
-22,22,56
-22,22,55
-21,22,57
-21,21,58
-21,20,58
-19,20,60
-19,19,60
-18,20,60
-18,19,59
-18,20,58
-17,20,58
-17,19,58
-18,20,58
-18,19,57
-17,19,58
-16,20,59
-15,20,59
-16,21,59
-14,22,60
-14,22,59
-14,23,58
-14,23,58
-14,23,57
-15,22,56
-15,22,57
-16,23,56
-16,23,55
-16,22,54
-17,23,55
-16,24,55
-16,24,55
-16,24,55
-16,24,56
-16,24,56
-17,24,55
-18,24,55
-18,24,55
-18,25,57
-19,25,56
-20,25,56
-20,25,56
-21,25,56
-20,26,55
-20,26,56
-19,26,55
-20,27,55
-21,27,54
-21,27,54
-21,27,53
-21,27,53
-21,27,54
-20,27,54
-21,27,54
-21,27,54
-21,28,53
-21,28,53
-21,28,53
-22,29,53
-22,29,53
-22,28,53
-22,28,53
-22,28,54
-21,28,54
-22,28,53
-21,29,54
-21,29,53
-22,29,53
-22,29,52
-21,29,52
-22,29,52
-21,29,53
-22,29,52
-22,30,53
-22,30,52
-22,30,52
-22,30,53
-22,30,53
-22,30,53
-23,30,52
-22,30,52
-24,30,51
-23,30,51
-23,30,52
-23,30,51
-24,30,51
-25,30,51
-24,30,52
-23,30,53
-24,29,52
-25,30,51
-25,30,51
-24,30,51
-25,30,51
-25,30,51
-25,30,51
-25,30,51
-25,30,51
-25,30,51
-24,30,51
-25,30,51
-24,30,51
-26,30,50
-24,30,51
-24,30,50
-27,29,50
-27,29,50
-29,30,49
-30,27,48
-30,27,50
-29,28,51
-29,28,50
-27,26,52
-29,25,52
-29,26,52
-29,26,52
-27,26,51
-27,25,51
-28,26,52
-30,26,51
-29,25,51
-28,25,52
-29,26,51
-27,24,52
-26,24,53
-28,25,52
-28,25,52
-29,26,51
-28,26,52
-28,25,52
-30,25,52
-31,25,51
-28,25,52
-28,24,52
-29,24,52
-29,24,52
-29,25,51
-30,25,51
-30,24,51
-30,25,51
-29,25,51
-29,25,51
-30,25,51
-29,25,51
-30,25,51
-30,25,51
-30,25,51
-30,25,51
-30,25,51
-30,25,51
-30,25,51
-30,25,51
-30,25,51
-30,25,51
-30,25,51
-30,25,51
-30,25,51
-30,24,51
-30,24,51
-30,25,51
-29,24,51
-30,24,51
-30,24,51
-30,24,51
-30,24,52
-30,24,51
-30,24,51
-30,24,51
-30,24,51
-30,24,51
-30,24,51
-29,24,51
-29,24,51
-29,24,52
-29,25,52
-31,24,51
-32,22,49
-35,18,48
-35,18,49
-33,15,47
-32,15,47
-30,12,48
-36,12,47
-36,11,48
-37,8,49
-39,7,48
-39,11,53
-41,15,50
-52,18,31
-56,20,25
-53,24,17
-54,22,5
-67,26,-14
-76,28,-32
-68,32,-38
-57,28,-38
-48,26,-36
-56,24,-34
-68,19,-36
-46,13,-17
-37,10,-10
-57,-4,-6
-69,-9,-13
-65,-17,-9
-64,-20,-9
-80,-15,-13
-64,-14,-16
-62,-6,-19
-52,-9,1
-59,-15,-3
-72,-5,-12
-78,2,-13
-65,-10,3
-69,-2,8
-67,1,-5
-70,2,-3
-62,-5,14
-65,-12,18
-73,-19,26
-67,-17,29
-63,-22,31
-69,-30,25
-67,-31,19
-64,-22,3
-63,-15,1
-71,10,-17
-81,18,-33
-69,31,-23
-55,32,-12
-36,35,-11
-47,39,-18
-68,35,-5
-53,31,0
-65,29,-6
-59,23,1
-52,16,0
-80,5,-23
-76,2,-18
-72,-2,-20
-72,-6,-20
-85,-10,-35
-76,-9,-34
-61,-9,-23
-51,-11,-21
-62,-13,-19
-66,-16,-20
-53,-1,0
-58,3,2
-52,-6,6
-65,17,6
-54,19,1
-62,17,-24
-75,17,-27
-72,14,-5
-75,11,-6
-46,13,3
-51,7,4
-63,11,-1
-76,-9,20
-55,0,19
-43,8,18
-57,1,6
-42,3,-4
-49,9,-14
-67,10,-35
-69,8,-41
-64,2,-32
-51,6,-29
-39,10,-29
-42,12,-29
-41,9,-30
-56,11,-38
-55,14,-41
-60,13,-67
-55,23,-79
-43,21,-61
-46,11,-40
-57,1,-4
-57,1,-5
-69,-10,-31
-71,-5,-24
-59,-6,-20
-57,-11,-17
-48,-23,-17
-47,-32,-11
-45,-41,-16
-51,-50,-13
-54,-58,-22
-56,-55,-25
-52,-55,-29
-52,-59,-46
-55,-53,-50
-63,-41,-39
-73,-34,-40
-103,-29,-45
-94,-38,-38
-40,-52,-1
-66,-43,-12
-71,-42,-39
-17,-30,-27
-19,-28,-29
-40,-32,-40
-39,-24,-35
-40,-22,-34
-36,-20,-27
-55,-8,-32
-77,-4,-42
-50,-1,-25
-55,2,-28
-60,1,-47
-46,-1,-40
-43,0,-31
-29,-4,-22
-32,-7,-27
-68,-17,-45
-73,-12,-44
-74,-10,-39
-70,-4,-49
-55,2,-43
-55,3,-49
-64,-6,-31
-66,-9,-19
-70,-9,-15
-72,-7,-26
-64,-6,-29
-61,3,-33
-60,8,-37
-54,12,-29
-52,14,-42
-44,24,-49
-43,27,-44
-40,32,-35
-36,34,-35
-29,37,-34
-38,39,-30
-40,36,-36
-43,34,-36
-43,35,-32
-47,35,-30
-47,35,-31
-51,33,-31
-51,34,-29
-48,36,-27
-48,36,-28
-54,38,-28
-57,39,-24
-54,40,-20
-50,38,-19
-51,37,-19
-53,35,-20
-53,34,-21
-49,28,-27
-53,25,-32
-62,21,-42
-63,20,-39
-47,14,-24
-39,12,-20
-44,32,-25
-44,38,-24
-31,35,-17
-50,41,-14
-54,40,-14
-50,34,-10
-50,28,-6
-57,24,-5
-58,24,-3
-55,25,2
-55,26,3
-57,26,4
-58,27,3
-56,28,4
-56,29,0
-59,30,-4
-58,28,-6
-60,27,-7
-58,25,-7
-60,24,-8
-62,28,-8
-58,30,-6
-58,33,-6
-58,33,-7
-57,32,-9
-58,31,-8
-57,30,-6
-57,30,-7
-58,29,-6
-57,30,-2
-57,30,-1
-58,29,-1
-60,29,0
-60,29,5
-61,28,3
-61,25,1
-59,23,6
-61,23,3
-64,20,0
-64,12,6
-61,12,7
-60,10,9
-62,8,11
-65,10,12
-62,9,10
-63,6,14
-60,5,9
-55,6,9
-64,7,9
-71,10,8
-63,11,11
-56,11,13
-71,11,9
-69,11,18
-63,13,17
-65,13,12
-63,13,16
-58,18,10
-56,19,13
-63,14,25
-58,17,14
-60,16,4
-66,14,13
-58,10,29
-61,10,22
-62,4,21
-57,0,21
-56,2,13
-69,5,10
-69,4,11
-65,4,9
-65,5,2
-68,7,-4
-65,5,-5
-57,12,-8
-59,16,-7
-61,12,-5
-58,17,-7
-53,16,-19
-58,11,-26
-58,11,-27
-47,9,-29
-43,7,-28
-41,9,-30
-40,10,-31
-41,12,-32
-45,14,-31
-53,19,-23
-56,19,-20
-63,17,-23
-68,16,-22
-64,21,-14
-67,19,-8
-73,13,-6
-87,-10,-2
-88,-21,5
-98,-39,-4
-88,-50,-7
-36,-46,11
-28,-57,15
-25,-80,23
-20,-86,29
-2,-86,45
4,-81,49
4,-77,47
-10,-79,35
-16,-78,29
-24,-75,31
-21,-73,33
-20,-62,38
-21,-59,37
-32,-52,31
-32,-48,33
-41,-41,33
-42,-36,34
-28,-27,38
-16,-24,41
-21,-17,47
-34,-10,62
-22,3,73
-2,12,76
7,14,70
-15,23,50
-13,27,34
-3,25,18
-4,26,21
0,27,47
7,24,59
3,18,65
7,21,71
19,24,63
4,29,59
-10,33,52
-5,34,50
16,35,58
1,23,63
-1,27,48
1,27,50
6,31,45
5,35,57
-2,28,80
-9,26,60
0,29,58
8,29,53
2,27,59
3,23,55
11,21,54
9,24,56
-7,23,62
-7,20,57
3,14,58
5,19,67
3,17,67
5,15,57
-1,15,61
2,17,57
1,16,62
4,15,61
5,14,62
-3,14,59
1,13,65
7,14,58
8,14,64
0,12,65
2,14,59
3,15,62
-2,15,61
3,16,58
6,16,59
-7,14,61
4,15,59
6,13,64
-1,14,59
2,15,65
1,14,64
-1,15,61
2,16,64
1,16,56
3,14,56
2,13,65
-1,15,62
-1,15,57
0,13,63
3,14,60
3,15,67
1,14,65
3,16,59
4,14,62
2,15,59
2,16,60
1,13,61
1,14,59
2,14,65
2,14,63
0,13,60
4,14,64
3,14,64
2,15,61
3,15,62
2,15,58
0,16,61
0,15,62
1,15,58
4,14,64
2,14,63
1,15,63
2,15,65
4,14,63
2,16,61
3,15,65
1,14,57
2,15,60
0,14,61
1,14,58
4,15,65
2,14,62
2,15,63
3,14,65
2,15,59
2,15,62
4,15,64
-1,14,58
1,15,61
-3,13,62
1,14,58
6,13,64
1,13,63
1,14,64
4,12,65
2,12,59
1,12,61
-1,13,61
1,10,59
2,9,62
-1,7,69
-8,-7,68
-10,-25,72
-37,-17,25
-40,-10,30
-32,3,35
-25,10,39
-17,29,40
-13,35,40
-30,33,29
-54,29,26
-75,29,29
-93,21,42
-94,13,46
-85,-2,45
-83,-5,46
-85,-10,38
-75,-7,43
-55,2,39
-52,8,27
-54,14,6
-55,12,-6
-78,12,-33
-54,19,-20
-45,19,-18
-49,20,-21
-50,18,-29
-48,12,-40
-47,5,-31
-55,14,-41
-46,11,-42
-49,16,-48
-56,19,-39
-54,30,-45
-56,34,-45
-53,39,-35
-48,39,-34
-47,41,-32
-33,43,-25
-33,41,-24
-40,40,-33
-46,38,-36
-46,32,-31
-45,30,-27
-49,30,-25
-55,28,-24
-57,22,-28
-55,20,-22
-55,17,-14
-62,23,-13
-70,24,-12
-59,34,3
-39,43,13
-72,53,8
-44,55,7
-28,59,17
-41,62,7
-52,62,-5
-54,64,-9
-33,57,21
-31,58,17
-30,55,6
-22,50,-1
-19,46,-6
-27,53,-28
-21,54,-51
-35,40,-44
-51,44,-23
-53,51,-7
-45,47,-16
-51,49,-21
-45,46,-15
-46,43,2
-56,35,-5
-79,32,-18
-9,32,9
24,32,26
-58,22,28
-61,22,23
-29,19,22
-59,14,7
-59,19,16
-65,18,19
-65,26,28
-60,31,31
-41,34,36
-43,42,38
-39,38,34
-63,40,15
-55,39,19
-5,36,36
12,44,43
41,50,49
48,59,37
17,74,20
-14,58,13
-65,21,24
-51,8,45
-18,-11,70
-48,-20,58
-54,-27,43
-54,-31,46
-57,-33,48
-49,-34,25
-57,-35,17
-75,-34,23
-73,-35,20
-85,-35,24
-93,-29,27
-70,-18,28
-63,-13,22
-62,-17,8
-56,-19,5
-58,-19,5
-65,-18,15
-67,-20,17
-76,-18,15
-56,-18,29
-35,-19,46
-54,-19,36
-48,-13,30
-49,-9,29
-70,2,18
-65,1,17
-41,5,20
-59,-6,28
-65,-12,28
-68,-16,35
-67,-21,37
-24,-25,53
-15,-33,56
-21,-44,53
-25,-46,49
-22,-45,44
-29,-40,43
-42,-26,41
-50,-12,32
-49,-6,35
-52,1,31
-52,3,32
-55,3,33
-51,-2,37
-44,-15,36
-46,-23,40
-40,-24,44
-37,-30,36
-51,-37,22
-69,-45,19
-59,-43,31
-67,-39,43
-72,-28,46
-70,-21,25
-71,-17,19
-48,-14,17
-57,-18,14
-57,-15,22
-55,-14,25
-50,-20,18
-56,-25,18
-47,-35,24
-52,-32,17
-60,-22,2
-50,-27,13
-43,-35,14
-64,-29,5
-69,-25,1
-56,-37,11
-51,-33,17
-62,-29,7
-60,-27,3
-36,-41,16
-30,-46,13
-65,-19,-7
-75,-10,-17
-58,-12,-6
-61,-32,6
-62,-37,11
-59,-43,14
-54,-39,12
-55,-44,8
-54,-48,22
-43,-36,26
-50,-42,20
-44,-39,27
-22,-33,41
-25,-49,37
-25,-39,30
-18,-47,26
-25,-40,14
-38,-47,6
-51,-42,8
-46,-42,9
-69,-37,3
-71,-30,6
-69,-32,-3
-89,-32,-11
-77,-19,-1
-66,-11,3
-67,-18,-8
-64,-17,-5
-65,-19,-13
-57,-16,-13
-56,-16,-15
-61,-17,-22
-67,-18,-26
-57,-14,-20
-56,-13,-21
-64,-14,-27
-65,-12,-26
-61,-9,-15
-60,-10,-15
-65,-12,-23
-59,-11,-22
-51,-7,-25
-56,-7,-29
-56,-6,-27
-62,-9,-22
-66,-11,-19
-59,-9,-17
-57,-7,-18
-63,-8,-21
-59,-8,-22
-56,-9,-27
-58,-9,-33
-52,-7,-34
-53,-6,-39
-55,-7,-39
-55,-5,-33
-55,-7,-35
-57,-10,-35
-56,-12,-35
-58,-12,-36
-55,-9,-29
-50,-14,-31
-56,-13,-34
-55,-13,-33
-58,-14,-31
-56,-11,-27
-54,-14,-30
-54,-13,-31
-56,-15,-28
-57,-16,-29
-52,-19,-33
-55,-21,-37
-56,-18,-28
-55,-18,-16
-60,-17,-28
-59,-10,-32
-47,-8,-31
-56,-9,-38
-59,-7,-40
-48,-1,-39
-43,0,-39
-59,-3,-58
-43,5,-49
-35,5,-47
-43,9,-44
-44,1,-47
-43,0,-51
-45,-2,-62
-40,0,-53
-29,-1,-48
-36,1,-46
-47,3,-41
-49,8,-32
-49,8,-31
-54,8,-26
-59,9,-25
-62,14,-18
-63,14,-16
-67,11,-9
-69,12,-10
-67,10,-10
-65,11,-5
-69,11,1
-76,11,7
-75,12,12
-61,12,22
-54,8,21
-68,9,23
-61,12,25
-45,14,33
-42,10,29
-64,9,26
-61,8,31
-49,2,38
-60,-5,25
-73,-1,20
-61,2,29
-55,1,32
-53,-1,31
-54,0,30
-59,3,22
-61,5,17
-64,10,8
-71,6,2
-74,3,3
-64,4,12
-66,3,13
-60,1,10
-65,2,7
-60,-6,7
-67,-7,9
-71,-5,28
-77,-5,32
-75,-13,19
-76,-12,20
-56,-12,30
-51,-15,23
-52,-10,6
-57,-7,6
-60,0,12
-37,0,21
-41,-6,21
-59,-1,40
-39,4,36
-64,-6,30
-61,-7,36
-53,-7,41
-55,-7,42
-37,-7,58
-41,-7,54
-48,-7,49
-39,-8,49
-26,-11,61
-29,-9,58
-10,-8,58
-19,-10,64
-19,-10,67
-26,-6,51
-23,-10,48
-19,-7,53
-24,-6,51
-21,-13,56
-31,-18,54
-31,-17,44
-30,-20,41
-49,-36,50
-29,-36,63
-23,-27,48
-26,-31,55
-30,-38,67
-16,-19,50
-24,-23,43
-31,-18,62
-33,-9,58
-38,-12,39
-39,-17,34
-52,-16,43
-46,-18,52
-30,-21,43
-45,-29,40
-46,-29,41
-36,-28,27
-37,-29,18
-67,-35,22
-64,-37,30
-44,-40,36
-43,-38,34
-40,-37,30
-34,-36,35
-49,-45,44
-50,-47,35
-52,-60,24
-50,-63,33
-44,-63,37
-40,-60,39
-37,-59,31
-38,-56,34
-41,-48,48
-48,-45,47
-43,-37,47
-26,-36,22
-30,-31,25
-37,-19,31
-36,-16,25
-41,-8,5
-83,-5,0
-65,-3,11
-57,-4,2
-64,-8,17
-58,-10,17
-70,-9,25
-62,-4,27
-34,0,22
-37,10,68
-37,14,56
-2,14,52
16,7,54
10,11,75
5,7,66
8,6,56
-12,3,57
-24,1,48
4,4,58
27,-1,54
-20,2,54
6,4,62
-7,9,70
6,6,63
-9,-9,53
-14,-1,60
-3,5,74
-6,3,63
-6,2,67
-24,2,55
-28,2,52
-33,4,55
-47,-2,44
-34,-9,21
-49,-9,27
-76,-2,28
-63,-4,19
-70,-3,4
-72,-2,6
-67,-1,-1
-66,1,-14
-74,2,-10
-69,0,-14
-63,1,-7
-63,1,1
-59,1,1
-57,-1,-1
-58,-4,0
-61,-5,3
-62,-7,1
-75,-9,-8
-52,-10,9
-49,-7,13
-37,-11,35
-33,-13,42
-49,-12,46
-51,-18,39
-28,-18,58
-25,-12,62
-22,-11,56
-9,-8,66
-9,-7,70
-26,-9,63
-24,-5,66
-30,-5,61
-31,-6,60
-22,-5,59
-20,-5,59
-16,-7,63
-25,-10,62
-27,-9,61
-24,-8,63
-17,-12,64
-23,-11,64
-16,-5,63
-11,-3,63
-15,-4,62
-26,-4,58
-29,-4,56
-24,-4,57
-25,-4,60
-23,-4,63
-21,-3,62
-22,-5,61
-23,-5,60
-22,-1,58
-23,-2,56
-24,-1,56
-24,-2,58
-24,-2,61
-24,-2,64
-23,-2,63
-25,-2,59
-28,-2,58
-25,-2,60
-24,-1,61
-24,1,59
-25,1,57
-30,0,56
-31,0,56
-28,3,58
-29,4,57
-31,4,56
-31,3,56
-30,4,57
-29,5,57
-29,5,57
-28,3,54
-33,2,55
-38,2,56
-37,4,58
-31,5,55
-33,4,54
-38,6,55
-43,5,53
-38,8,53
-43,7,53
-44,6,51
-43,7,43
-35,9,48
-43,9,43
-41,8,42
-46,7,39
-41,7,42
-55,-8,42
-58,-13,42
-42,-6,43
-38,0,37
-46,-13,43
-40,-15,49
-31,-6,43
-43,-9,54
-44,-13,49
-34,-16,53
-32,-15,59
-33,-12,53
-30,-9,54
-42,-8,52
-43,-10,53
-45,-10,48
-36,-8,51
-45,-10,47
-53,-14,38
-52,-11,36
-51,-13,42
-51,-17,40
-53,-15,36
-55,-16,33
-56,-17,22
-54,-16,23
-57,-14,32
-59,-18,27
-57,-16,23
-58,-13,28
-61,-15,25
-64,-19,21
-61,-18,24
-56,-18,16
-60,-21,19
-59,-18,24
-57,-17,25
-58,-18,20
-61,-19,21
-68,-16,17
-63,-18,18
-57,-16,26
-59,-19,24
-54,-19,24
-50,-20,24
-50,-22,22
-49,-23,24
-52,-24,24
-53,-27,25
-53,-28,25
-56,-29,23
-57,-28,24
-52,-27,27
-49,-27,27
-57,-26,21
-59,-25,20
-51,-26,23
-56,-25,24
-55,-26,25
-56,-27,26
-57,-27,26
-55,-25,27
-54,-25,28
-56,-25,28
-55,-24,28
-52,-24,28
-47,-24,32
-49,-26,34
-49,-26,31
-46,-25,32
-48,-25,30
-50,-26,29
-48,-27,31
-45,-27,32
-47,-25,31
-51,-25,31
-56,-27,31
-55,-27,33
-48,-25,32
-48,-23,29
-50,-24,29
-54,-26,29
-54,-25,32
-51,-24,32
-52,-25,30
-54,-24,28
-55,-24,28
-54,-25,29
-51,-26,30
-51,-26,31
-50,-26,33
-52,-25,31
-53,-25,30
-53,-26,32
-51,-24,32
-50,-25,31
-52,-26,30
-55,-26,30
-59,-25,32
-60,-27,30
-55,-25,31
-54,-27,32
-58,-25,35
-50,-28,26
-16,-19,35
46,3,80
40,7,74
-26,1,47
-30,-6,47
-10,-19,57
-1,-21,60
-3,-30,53
-34,-36,43
-27,-36,66
-23,-42,71
-33,-38,63
-42,-35,57
-31,-30,45
-36,-23,49
-43,-19,48
-29,-12,40
-32,-11,38
-29,-8,44
-21,-11,46
-20,-22,55
-28,-25,51
-14,-35,59
-16,-43,59
-14,-41,60
-13,-39,55
-3,-38,51
-9,-42,53
-21,-42,55
-24,-36,52
-29,-33,49
-27,-29,52
-27,-27,51
-33,-20,55
-32,-23,51
-36,-29,45
-25,-29,54
-4,-35,44
-7,-38,36
-30,-36,46
-26,-35,54
-24,-32,55
-28,-28,58
-27,-27,59
-24,-26,59
-26,-26,57
-25,-25,55
-24,-25,54
-22,-24,53
-23,-26,51
-26,-29,51
-18,-25,54
-18,-24,56
-20,-23,55
-20,-23,56
-17,-23,59
-15,-23,59
-20,-24,56
-23,-27,54
-18,-28,53
-15,-26,55
-13,-25,58
-13,-25,58
-12,-24,57
-12,-22,56
-12,-21,56
-12,-20,57
-11,-21,58
-15,-25,59
-17,-27,59
-14,-27,59
-11,-26,60
-10,-23,57
-12,-23,56
-11,-23,56
-12,-23,56
-11,-25,58
-11,-25,60
-11,-25,61
-14,-25,59
-12,-25,60
-12,-23,59
-10,-23,59
-12,-23,58
-12,-22,58
-11,-23,58
-11,-23,58
-11,-23,58
-11,-22,58
-11,-22,58
-11,-23,59
-11,-23,59
-11,-23,59
-11,-24,59
-15,-23,57
-14,-23,56
-12,-22,58
-11,-22,59
-11,-24,59
-14,-24,59
-15,-25,59
-15,-25,58
-15,-25,58
-12,-24,60
-11,-24,61
-13,-27,58
-15,-27,56
-15,-24,56
-8,-19,58
-4,-17,58
-4,-15,56
-2,-10,62
-3,-7,62
2,-4,61
4,-4,55
-8,-2,56
-19,-3,58
-19,-5,56
-28,-5,60
-31,-5,62
-23,-8,67
-20,-9,69
-16,-11,68
-16,-12,65
-16,-11,60
-16,-10,59
-18,-10,59
-20,-9,59
-22,-8,59
-21,-7,60
-20,-8,60
-18,-8,60
-18,-8,60
-18,-7,60
-19,-8,60
-19,-8,61
-20,-8,62
-19,-8,62
-19,-8,61
-17,-8,61
-17,-7,61
-18,-6,63
-22,-5,60
-22,-5,58
-26,-6,57
-27,-6,56
-23,-6,58
-22,-7,59
-18,-7,63
-18,-7,63
-20,-6,61
-22,-6,59
-22,-5,59
-23,-5,58
-22,-5,59
-22,-5,59
-21,-6,60
-20,-6,61
-21,-6,61
-22,-6,60
-22,-7,59
-22,-6,60
-22,-6,59
-22,-5,59
-21,-5,59
-22,-6,60
-22,-5,60
-22,-5,59
-22,-6,61
-22,-7,61
-22,-7,61
-21,-6,61
-21,-6,61
-21,-6,60
-21,-6,60
-21,-5,60
-22,-4,59
-22,-5,59
-22,-6,60
-21,-6,62
-21,-6,62
-19,-5,62
-19,-5,64
-21,-4,62
-24,-5,59
-23,-5,58
-22,-6,53
-43,-3,51
-48,-3,49
-30,-5,55
-44,-7,43
-54,-11,35
-53,-11,31
-57,-11,27
-71,-7,15
-64,-12,10
-66,-16,15
-67,-19,10
-69,-17,11
-64,-16,13
-51,-12,24
-51,-14,24
-58,-16,15
-63,-19,7
-65,-20,7
-65,-22,9
-66,-21,9
-57,-21,10
-61,-22,7
-65,-21,3
-59,-20,3
-55,-17,10
-57,-16,11
-58,-19,16
-61,-21,16
-68,-22,15
-65,-19,15
-61,-19,17
-55,-17,25
-58,-18,26
-57,-18,30
-50,-15,34
-40,-15,43
-46,-16,42
-48,-16,41
-42,-15,42
-44,-15,41
-50,-17,37
-51,-15,40
-37,-15,53
-32,-16,55
-38,-19,50
-41,-20,47
-44,-16,47
-42,-15,48
-31,-14,51
-30,-15,52
-40,-14,48
-39,-14,48
-41,-16,49
-45,-17,46
-41,-15,47
-38,-16,48
-38,-16,49
-38,-16,49
-38,-16,49
-38,-16,50
-38,-15,50
-38,-16,49
-37,-16,49
-36,-16,50
-36,-16,51
-35,-16,51
-34,-16,50
-33,-16,49
-35,-18,46
-39,-19,46
-42,-23,47
-39,-23,50
-33,-22,58
-31,-23,56
-34,-25,54
-34,-24,54
-33,-24,54
-40,-26,49
-42,-24,51
-33,-26,52
-37,-28,48
-45,-29,41
-51,-31,34
-37,-24,46
-33,-20,57
-20,-14,55
-11,-12,58
3,-15,36
-9,-20,40
4,-31,52
13,-38,52
3,-47,57
25,-52,67
26,-50,69
-9,-47,61
-7,-42,60
-5,-35,49
-22,-33,45
-38,-23,43
-28,-16,46
-8,-14,56
-20,-17,54
-37,-13,44
-38,-11,44
-42,-9,42
-50,-10,31
-51,-8,32
-44,-10,40
-45,-11,43
-44,-11,41
-43,-7,40
-41,-2,41
-42,-3,42
-49,-3,40
-55,-5,41
-54,-4,37
-54,-3,34
-48,-3,32
-51,1,22
-54,3,19
-53,8,13
-56,8,9
-66,3,0
-69,-1,-1
-82,-3,-6
-76,-2,3
-66,-12,13
-71,-14,13
-67,-14,23
-65,-14,26
-47,-24,39
-39,-29,50
-37,-28,49
-19,-29,53
-18,-33,52
-14,-34,62
-16,-40,62
-27,-44,41
-18,-46,50
-20,-37,46
-28,-39,42
-2,-33,48
-13,-38,48
-12,-45,66
-6,-39,65
-5,-37,53
-27,-41,57
-35,-41,64
-31,-37,58
-29,-38,55
-25,-33,51
-26,-30,50
-27,-24,52
-29,-22,53
-20,-19,53
-32,-19,51
-27,-15,49
-20,-17,54
-23,-17,54
-26,-14,52
-26,-17,56
-31,-20,57
-29,-17,60
-38,-16,63
-41,-14,60
-30,-11,62
-28,-9,59
-51,-5,41
-37,-2,43
-34,-1,36
-71,1,14
-62,-3,26
-41,-3,33
-39,-1,30
-49,-6,26
-44,-10,31
-34,-15,38
-42,-19,35
-58,-40,43
-55,-44,43
-45,-42,40
-50,-42,40
-51,-41,33
-31,-27,26
-41,-23,28
-41,-9,27
-41,-4,11
-52,2,2
-66,-1,11
-75,-19,12
-65,-22,20
-64,-30,32
-67,-29,32
-73,-22,19
-65,-17,24
-56,-17,26
-54,-10,13
-58,-15,10
-69,-27,19
-54,-25,40
-40,-21,38
-39,-28,29
-56,-24,44
-39,-10,56
-71,-16,51
-40,-12,57
-35,-14,60
-20,-11,64
-17,-13,63
-20,-15,61
-22,-15,61
-25,-11,54
-24,-11,54
-15,-9,45
-23,-12,42
-35,-23,48
-26,-26,52
-34,-24,50
-27,-17,47
-30,-15,38
-32,-11,24
-37,-7,31
-44,-11,39
-36,-12,46
-41,-19,52
-46,-22,56
-39,-23,58
-39,-23,46
-46,-31,42
-47,-35,44
-51,-49,36
-58,-59,19
-49,-59,13
-48,-52,22
-36,-40,47
-31,-32,57
-34,-25,56
-20,-27,62
-32,-34,61
-18,-45,60
-35,-49,29
-27,-46,12
-18,-38,16
-52,-20,-4
-67,1,-11
-53,2,-29
-55,-8,-69
-50,-19,-67
-42,-26,-44
-44,-23,-47
-33,-20,-50
-52,-17,-60
-65,-38,-57
-46,-36,-26
-51,-21,-18
-37,-34,-45
-50,-21,-50
-18,-23,-29
-19,-8,2
-48,-23,-44
-39,-20,-55
-33,-3,-65
-44,-1,-61
-72,-9,-68
-74,-10,-61
-44,-8,-21
-6,-11,-30
-20,-6,-52
-44,-4,-59
-43,3,-57
-27,10,-64
-23,14,-70
-48,23,-63
-50,26,-39
-29,21,-55
-25,22,-62
-44,32,-62
-2,30,18
-19,24,-42
-19,13,-72
-15,25,-50
-20,32,-35
-6,21,-70
-50,32,-54
-52,39,-59
0,26,-30
-9,28,-9
-8,27,-74
-31,26,-68
-46,35,-33
-20,34,-53
-58,34,-53
-41,35,-39
-51,46,-43
-34,48,-52
-44,47,-51
-38,45,-28
-31,45,-13
-26,35,-14
-23,37,-21
-39,42,-30
-49,41,-37
-31,41,-26
-30,41,-22
-37,45,-20
-47,46,-27
-47,47,-35
-50,50,-31
-48,49,-35
-71,54,-35
-71,54,-31
-40,49,-32
-27,46,-32
-27,40,-23
-17,30,-22
-40,35,-2
-29,38,-16
-29,38,-15
-29,38,-9
-25,37,-11
-19,42,-6
-21,42,-2
-28,40,-3
-32,40,-2
-39,43,4
-43,41,2
-50,36,-5
-60,45,-2
-60,44,-3
-60,40,-8
-40,50,1
-34,52,1
-33,51,-2
-33,50,-2
-30,57,-2
-16,60,-1
-22,61,2
-20,62,7
-17,60,6
-41,56,2
-43,59,1
-32,57,-4
-39,53,-5
-41,52,-8
-33,43,-18
-41,39,-27
-45,35,-31
-40,35,-30
-44,29,-27
-52,25,-29
-61,20,-25
-79,20,-20
-79,18,-24
-62,12,-21
-85,18,-20
-92,21,-20
-76,20,-16
-78,18,-16
-75,17,-12
-61,15,-2
-66,15,2
-63,20,-3
-55,24,-4
-63,24,-8
-52,23,-8
-46,21,-9
-56,18,-19
-56,16,-27
-60,14,-26
-49,9,11
-61,11,-32
-75,22,-56
-48,23,-41
-44,22,-31
-56,23,-32
-54,22,-30
-49,23,-26
-56,26,-34
-79,18,-53
-56,13,-25
-48,5,-8
-66,8,-18
-56,19,-34
-57,16,-36
-55,10,-25
-62,2,-4
-73,5,-22
-67,3,-11
-64,2,-10
-66,1,2
-60,0,6
-62,3,-2
-67,4,-4
-69,5,-10
-66,10,-13
-72,18,-13
-66,18,-12
-69,18,-16
-72,23,-17
-72,23,-16
-61,22,-8
-63,22,-8
-64,22,-9
-59,22,-8
-59,22,-6
-60,20,-6
-64,17,-8
-62,17,-6
-60,19,-6
-62,18,-7
-60,18,-7
-55,22,-6
-54,26,-3
-52,30,-2
-50,30,-1
-57,31,0
-55,32,-3
-55,30,-4
-55,29,-3
-55,26,3
-54,23,6
-44,24,12
-49,23,9
-48,22,5
-40,16,6
-46,17,3
-53,13,-2
-36,10,5
-54,10,1
-60,9,1
-52,3,10
-51,-2,9
-65,-2,5
-61,-7,4
-60,-11,4
-66,-14,-6
-75,-19,-11
-70,-19,-22
-67,-19,-26
-86,-16,-29
-69,-11,-24
-70,-20,-39
-68,-19,-28
-55,-18,-26
-62,-15,-39
-70,-11,-41
-68,-21,-15
-54,-6,-47
-53,-9,-57
-48,-12,-47
-41,-6,-30
-48,-16,-29
-55,-17,-42
-49,-14,-50
-50,-17,-35
-38,-17,-36
-48,-22,-38
-51,-22,-42
-46,-23,-37
-46,-4,-44
-50,2,-50
-49,-18,-40
-45,-17,-37
-58,-20,-25
-53,-26,-22
-59,-27,-37
-62,-17,-37
-56,-33,-19
-57,-45,-7
-55,-37,28
-13,-14,65
-37,-13,13
-65,-15,-57
-63,-15,-60
-48,-6,-32
-39,-3,-23
-57,-21,-12
-53,-25,-3
-54,-29,-7
-60,-32,-7
-66,-41,6
-62,-46,7
-50,-45,3
-62,-39,-11
-59,-42,-23
-57,-30,-35
-70,-25,-43
-56,-21,-34
-46,-20,-26
-56,-22,-15
-60,-25,-13
-54,-31,-7
-46,-32,3
-52,-35,12
-57,-35,11
-65,-28,6
-67,-23,-6
-67,-21,-9
-63,-19,-6
-62,-19,-6
-66,-19,-11
-70,-18,-10
-80,-7,-4
-83,-4,3
-76,-1,21
-71,-3,25
-55,-12,34
-49,-15,38
-45,-20,36
-44,-23,23
-32,-26,29
-12,-32,32
-16,-37,19
-8,-46,28
5,-43,45
-8,-52,52
15,-47,56
6,-44,46
0,-51,44
6,-49,41
17,-41,35
11,-42,31
7,-50,42
16,-51,46
27,-50,51
23,-55,51
21,-61,49
22,-63,47
12,-63,40
-3,-68,35
-16,-67,44
-17,-65,51
-16,-57,56
-21,-47,45
-34,-40,36
-67,-29,24
-68,-24,27
-54,-12,19
-61,-5,16
-67,8,10
-66,7,-1
-72,9,-14
-70,11,-6
-48,16,3
-48,15,0
-58,15,2
-57,16,0
-60,18,-3
-54,19,-7
-54,15,-7
-73,21,-26
-68,21,-17
-50,21,-7
-51,25,-10
-53,32,-18
-55,36,-21
-50,35,-22
-57,36,-50
-64,32,-55
-67,33,-29
-64,28,-25
-45,22,-9
-27,18,4
-56,18,13
-63,10,19
-53,10,23
-37,6,37
-55,10,56
-58,14,50
-46,13,47
-50,17,57
-56,23,49
-19,27,57
-22,28,56
-25,26,51
-24,24,52
-16,25,56
1,26,54
3,26,66
-3,24,54
15,25,47
6,22,48
2,23,48
10,21,52
10,20,56
3,22,50
14,23,54
19,23,56
15,23,55
12,24,52
14,26,52
4,26,51
7,28,54
15,31,59
17,31,63
8,30,51
6,30,49
9,29,53
-9,28,47
-10,30,45
-1,32,52
-1,32,48
-16,32,47
-15,35,44
-16,38,40
-21,38,33
-26,40,31
-27,40,29
-37,39,28
-39,37,26
-38,38,23
-37,32,19
-39,29,16
-47,26,16
-53,24,16
-55,18,19
-53,17,18
-53,12,18
-62,8,19
-59,4,23
-59,1,25
-58,-3,32
-44,-15,52
-41,-21,59
-43,-27,64
-50,-30,60
-53,-26,49
-56,-29,47
-78,-22,36
-84,-16,24
-89,-7,10
-88,2,9
-81,10,12
-82,11,17
-76,15,-1
-65,22,3
-58,23,1
-76,17,-16
-78,22,-8
-47,19,8
-66,17,-1
-79,12,2
-64,18,5
-63,20,3
-62,24,13
-62,29,12
-56,28,2
-53,36,-1
-49,37,3
-38,36,5
-40,39,6
-43,38,7
-40,40,5
-37,38,3
-46,41,3
-45,38,4
-42,33,10
-37,30,12
-30,31,12
-29,32,13
-34,29,16
-44,32,13
-50,36,15
-54,47,12
-61,56,9
-55,54,10
-70,51,5
-64,48,12
-55,48,14
-51,44,15
-50,42,15
-24,38,7
-33,31,16
-26,34,20
-30,38,16
-32,37,13
-39,35,16
-43,39,15
-49,42,18
-62,42,2
-64,41,17
-54,42,16
-46,39,14
-48,36,11
-43,34,13
-41,35,15
-45,33,13
-48,34,15
-52,30,4
-44,33,18
-42,30,17
-55,27,16
-57,25,18
-51,29,13
-56,28,15
-54,34,25
-55,34,26
-56,33,30
-57,32,37
-56,30,39
-59,24,35
-61,21,34
-55,23,39
-56,24,35
-58,25,33
-57,26,35
-57,21,28
-59,19,24
-59,21,24
-58,19,24
-51,23,23
-52,21,22
-50,21,21
-57,21,17
-60,22,17
-62,24,18
-64,27,18
-62,30,15
-63,31,15
-60,32,17
-57,34,16
-54,34,12
-57,34,11
-54,32,12
-51,30,15
-52,31,15
-58,28,12
-59,28,11
-57,32,15
-59,33,17
-58,34,16
-58,34,15
-53,38,21
-48,41,24
-55,46,16
-61,51,3
-60,52,-4
-57,53,-8
-56,55,-20
-53,55,-25
-45,56,-23
-44,56,-30
-40,55,-28
-31,58,-29
-29,58,-31
-26,55,-27
-24,54,-20
-35,51,-13
-26,49,-9
-26,46,-11
-39,46,-12
-40,46,-9
-44,42,-10
-45,41,-11
-49,44,-15
-42,42,-4
-76,41,-7
-52,38,-6
-28,42,17
-57,44,4
-42,42,11
-33,46,27
-41,44,28
-19,40,29
-27,44,28
-36,40,25
-31,42,25
-28,44,23
-30,44,24
-25,47,25
-27,44,23
-36,44,19
-37,45,23
-39,45,20
-44,41,21
-37,44,22
-41,51,16
-32,53,25
-32,47,22
-35,49,25
-29,55,15
-27,54,9
-33,53,21
-25,55,17
-37,58,9
-29,55,15
-29,56,15
-33,56,14
-23,58,15
-25,56,16
-33,52,12
-35,57,9
-30,57,12
-32,50,10
-32,49,12
-26,49,8
-25,49,10
-26,48,14
-33,49,12
-37,49,11
-35,48,14
-39,50,14
-36,49,19
-36,52,18
-36,52,19
-40,49,21
-38,54,23
-40,52,22
-43,52,19
-44,52,20
-43,47,19
-41,48,20
-38,50,22
-34,50,17
-31,50,15
-33,46,18
-33,46,18
-35,46,23
-33,49,25
-41,45,23
-40,44,33
-37,46,28
-40,43,26
-33,43,33
-25,44,46
-31,42,41
-32,41,37
-33,41,40
-27,42,39
-32,41,40
-31,42,41
-28,42,42
-30,41,41
-30,40,40
-31,42,38
-34,41,34
-29,42,36
-23,44,41
-27,42,40
-32,39,37
-24,36,38
-5,43,48
-3,43,50
0,41,52
-3,40,52
-3,38,53
-4,39,54
1,39,53
-1,43,50
-5,41,51
0,40,50
9,42,51
3,40,47
-1,39,48
0,38,49
0,37,50
3,40,45
-2,39,46
1,35,48
0,36,47
-5,36,50
-2,37,54
1,38,56
-10,38,49
-13,38,49
-8,37,53
-12,37,55
-11,36,50
-13,37,49
-15,36,46
-16,37,46
-14,40,43
-11,42,43
-18,42,42
-14,43,46
-13,44,45
-19,44,41
-28,44,40
-16,47,50
-18,47,48
-25,47,46
-25,46,48
-21,47,47
-23,48,48
-22,49,49
-19,49,46
-22,45,46
-23,46,47
-22,47,47
-19,46,44
-20,45,43
-24,47,40
-22,47,40
-21,47,35
-25,46,33
-30,45,34
-30,46,36
-25,45,36
-25,44,36
-33,45,36
-28,47,34
-22,49,38
-25,47,36
-28,48,34
-23,48,32
-22,48,32
-30,46,23
-30,46,22
-22,48,28
-20,47,26
-26,41,25
-14,49,37
-17,50,30
-6,48,36
-6,48,41
-6,52,42
-7,53,41
-14,50,39
-19,51,36
-11,57,34
-9,53,37
-14,56,31
-15,56,28
-12,52,32
-12,52,30
-6,53,34
-6,52,34
-8,54,33
-5,51,37
-4,51,37
-3,49,41
-4,49,40
-5,50,36
0,50,40
1,49,40
-10,50,32
5,52,39
-16,54,17
-3,48,28
-1,48,39
11,43,49
15,43,56
5,43,52
-8,41,42
-11,46,32
-4,51,30
3,47,38
15,41,52
19,39,55
8,33,50
15,35,52
14,42,46
10,41,44
15,42,46
14,38,45
17,44,49
14,38,50
15,37,50
23,41,52
17,40,48
16,38,45
18,40,47
20,41,46
14,38,46
18,37,48
29,40,49
31,44,49
17,44,43
10,45,42
11,44,39
16,43,42
22,44,45
19,42,48
15,43,43
20,48,41
26,50,40
20,51,37
17,52,33
15,51,32
14,52,34
14,51,28
8,50,32
9,49,33
6,49,31
4,47,37
3,46,37
1,44,32
-1,41,35
-1,41,37
-2,37,34
3,38,31
-2,38,29
-3,38,30
-6,42,30
-7,43,29
-1,41,27
-4,47,28
-7,47,30
-6,46,27
-12,44,32
-18,44,30
-37,41,31
-64,31,38
-71,26,39
-83,16,45
-84,10,46
-74,1,53
-77,-4,59
-60,-13,63
-50,-14,64
-43,-13,59
-48,-15,54
-49,-15,42
-47,-14,40
-46,-13,40
-44,-12,37
-44,-12,36
-49,-14,37
-50,-14,36
-50,-16,38
-50,-16,38
-51,-17,36
-52,-17,35
-52,-17,33
-52,-17,33
-51,-16,33
-50,-15,33
-51,-14,32
-52,-13,33
-53,-13,33
-56,-14,33
-59,-15,33
-62,-17,34
-60,-18,35
-58,-22,32
-57,-23,31
-55,-25,30
-53,-25,29
-51,-26,27
-54,-28,25
-56,-29,25
-57,-29,24
-57,-29,24
-57,-29,24
-56,-28,25
-56,-27,25
-56,-27,25
-55,-28,28
-55,-29,29
-54,-30,28
-53,-30,28
-52,-29,28
-51,-28,27
-49,-26,27
-47,-25,28
-46,-25,30
-46,-25,33
-45,-26,33
-45,-27,36
-44,-27,36
-43,-28,38
-41,-29,38
-41,-30,40
-42,-32,41
-39,-34,42
-35,-36,41
-33,-36,40
-31,-36,37
-29,-36,36
-28,-35,34
-26,-35,33
-32,-38,32
-29,-38,32
-25,-39,31
-26,-42,31
-28,-48,31
-25,-50,31
-21,-56,32
-27,-62,31
-26,-66,29
-22,-67,26
-21,-66,24
-23,-64,23
-24,-63,24
-25,-61,23
-25,-60,22
-24,-60,23
-24,-59,23
-24,-59,22
-23,-59,21
-23,-59,21
-21,-59,21
-21,-60,22
-21,-60,21
-20,-60,21
-19,-60,21
-18,-60,22
-17,-60,22
-16,-60,22
-15,-60,22
-15,-60,22
-14,-59,22
-13,-58,23
-13,-57,22
-13,-56,22
-14,-55,22
-15,-55,22
-16,-56,22
-17,-56,22
-18,-57,22
-20,-58,22
-21,-59,22
-21,-61,23
-21,-62,23
-21,-63,23
-20,-62,21
-20,-61,21
-18,-59,19
-18,-58,19
-17,-56,18
-18,-56,18
-17,-56,18
-16,-57,19
-16,-57,19
-17,-58,20
-17,-57,20
-17,-58,21
-16,-59,22
-17,-59,23
-17,-59,23
-18,-60,23
-18,-60,23
-19,-60,23
-19,-61,23
-19,-61,22
-19,-61,21
-21,-60,20
-21,-59,20
-21,-58,19
-21,-59,19
-21,-58,19
-21,-58,19
-20,-59,19
-19,-59,20
-19,-59,20
-19,-58,20
-18,-58,19
-18,-59,20
-18,-59,20
-17,-59,20
-17,-59,21
-17,-58,21
-17,-59,21
-17,-59,21
-17,-59,21
-17,-59,21
-17,-59,20
-17,-59,20
-18,-58,19
-18,-58,19
-18,-58,19
-18,-58,19
-18,-58,20
-18,-59,20
-19,-58,19
-19,-59,19
-19,-59,20
-19,-59,20
-20,-60,21
-19,-61,22
-19,-61,23
-18,-61,23
-17,-60,23
-17,-59,22
-17,-59,21
-17,-58,20
-17,-58,20
-17,-57,19
-17,-57,18
-18,-57,18
-19,-58,17
-19,-58,18
-18,-58,18
-18,-57,17
-18,-56,18
-18,-57,18
-19,-58,20
-19,-60,20
-19,-61,21
-18,-61,21
-18,-61,22
-17,-61,21
-17,-60,21
-16,-60,20
-16,-59,19
-17,-60,18
-17,-60,18
-17,-60,18
-17,-60,19
-17,-59,19
-17,-58,19
-18,-58,19
-18,-59,19
-19,-59,18
-20,-60,18
-19,-60,18
-19,-60,18
-19,-60,18
-18,-59,18
-18,-58,18
-17,-58,18
-17,-58,18
-16,-57,18
-16,-57,18
-16,-58,17
-16,-58,18
-18,-58,19
-18,-59,19
-18,-59,20
-18,-60,22
-20,-60,22
-20,-60,23
-20,-60,23
-20,-60,24
-20,-61,23
-21,-60,23
-22,-59,23
-23,-60,23
-21,-61,22
-20,-61,22
-21,-60,22
-20,-60,22
-19,-60,21
-18,-60,22
-17,-58,20
-17,-57,20
-16,-56,18
-16,-56,18
-15,-56,17
-15,-57,16
-16,-59,16
-18,-60,16
-18,-61,16
-18,-62,16
-17,-62,17
-16,-60,18
-16,-59,18
-14,-58,19
-13,-58,19
-13,-57,18
-14,-57,17
-15,-56,15
-15,-56,15
-17,-57,14
-17,-61,14
-17,-62,13
-19,-65,11
-20,-66,10
-24,-66,9
-26,-65,8
-27,-65,10
-25,-65,11
-21,-66,13
-19,-67,13
-17,-67,14
-17,-66,13
-18,-64,11
-19,-62,10
-19,-62,10
-18,-60,10
-17,-59,10
-18,-58,10
-18,-58,10
-18,-57,10
-19,-58,11
-19,-61,11
-21,-65,12
-22,-67,12
-23,-68,13
-26,-61,16
-25,-56,20
-23,-56,22
-16,-58,24
-12,-60,24
-7,-63,22
-6,-63,21
-10,-62,16
-12,-62,15
-18,-57,14
-20,-56,15
-17,-56,18
-14,-57,19
-9,-54,22
-8,-50,25
-9,-49,27
-15,-51,28
-20,-54,27
-31,-63,27
-35,-66,27
-36,-61,26
-32,-57,26
-29,-52,26
-30,-50,26
-34,-49,24
-36,-51,23
-41,-70,22
-41,-79,18
-36,-76,16
-29,-62,15
-28,-59,16
-33,-63,22
-36,-65,24
-34,-64,20
-31,-65,19
-33,-56,17
-34,-49,16
-32,-35,17
-34,-31,15
-42,-27,11
-40,-25,15
-39,-26,18
-39,-28,23
-39,-29,27
-42,-29,32
-44,-28,34
-50,-30,34
-53,-30,38
-55,-33,44
-52,-35,47
-47,-35,51
-45,-37,51
-36,-38,49
-41,-39,34
-38,-38,30
-39,-36,27
-40,-34,24
-44,-29,26
-50,-27,27
-56,-20,29
-57,-18,29
-56,-16,29
-54,-15,30
-54,-12,30
-58,-8,28
-60,-7,28
-61,-8,27
-59,-11,24
-64,-19,14
-65,-19,15
-65,-16,16
-67,-19,14
-68,-21,10
-67,-21,9
-63,-25,14
-61,-28,16
-62,-32,18
-57,-30,17
-55,-28,16
-54,-26,16
-55,-25,14
-58,-23,15
-60,-22,16
-71,-21,10
-77,-20,9
-74,-24,12
-72,-26,11
-67,-24,5
-58,-23,6
-41,-5,-9
-37,13,-37
-52,20,-45
-53,12,-25
-46,11,-26
-60,9,-64
-44,19,-68
-28,28,-34
-45,26,-27
-65,25,-27
-65,22,-31
-92,14,-37
-91,19,-29
-57,15,-1
-46,13,6
-46,9,6
-27,6,-11
-30,9,-6
-48,13,-34
-44,16,-55
-47,16,-45
-53,17,-37
-56,21,-32
-64,21,-32
-70,16,-29
-68,15,-24
-66,10,-24
-66,2,-30
-66,1,-30
-62,-1,-24
-63,-1,-25
-64,-3,-27
-66,-4,-27
-67,-6,-26
-66,-7,-24
-65,-5,-25
-65,-3,-29
-65,-3,-30
-61,-1,-28
-60,-1,-28
-58,-1,-32
-56,-1,-33
-51,0,-31
-50,1,-30
-54,0,-32
-57,-1,-33
-58,-3,-32
-56,-4,-31
-51,-6,-27
-52,-6,-26
-57,-5,-25
-62,-5,-26
-62,-5,-26
-62,-5,-24
-63,-4,-24
-64,-4,-26
-64,-3,-28
-60,-3,-27
-58,-4,-26
-58,-4,-23
-59,-5,-23
-61,-5,-23
-62,-6,-23
-61,-6,-23
-63,-8,-24
-61,-9,-24
-58,-7,-22
-57,-6,-22
-58,-3,-19
-59,-3,-17
-62,-10,-12
-62,-16,-9
-57,-26,-5
-55,-27,-3
-51,-22,7
-51,-18,9
-54,-15,3
-48,-12,-1
-44,-8,-3
-36,-4,-4
-39,-6,-5
-39,-8,-10
-41,-10,-14
-47,-18,-23
-48,-27,-25
-39,-36,-25
-35,-42,-27
-39,-59,-19
-42,-65,-22
-31,-65,-20
-20,-62,-18
-15,-59,-18
-15,-58,-20
-12,-58,-19
-6,-67,-18
-7,-68,-18
-9,-70,-17
-11,-69,-12
-15,-74,-8
-27,-83,-7
-13,-83,1
-21,-81,-6
-9,-88,1
-5,-83,9
-5,-83,4
3,-81,9
-2,-82,12
-9,-75,13
-9,-73,21
-29,-69,23
-16,-78,27
10,-67,4
-10,-73,9
-14,-59,24
-24,-55,22
-22,-61,24
-39,-59,20
-43,-59,14
-56,-54,3
-62,-52,-5
-40,-51,11
-22,-52,7
-1,-50,11
-4,-56,16
-11,-62,16
-20,-60,10
-18,-73,10
-27,-78,40
-12,-63,16
5,-71,6
2,-85,-3
-4,-92,14
-12,-93,13
-47,-90,5
-64,-91,1
-70,-81,17
-77,-69,26
-78,-55,24
-76,-47,29
-68,-28,30
-57,-13,31
-59,-8,30
-45,1,22
-30,4,15
-14,13,7
-13,20,4
-27,27,-5
-27,27,-15
-42,31,-13
-43,23,-6
-64,-36,11
-75,-88,36
-83,-106,34
-48,-67,21
-37,-49,16
-29,-37,16
-27,-36,16
-27,-36,19
-26,-35,24
-41,-35,35
-46,-34,34
-53,-41,32
-61,-41,36
-72,-37,33
-72,-26,33
-75,-24,33
-66,-23,30
-64,-25,31
-69,-20,23
-61,-21,18
-58,-29,16
-55,-31,16
-53,-33,11
-47,-30,14
-39,-24,19
-39,-18,20
-43,-6,31
-52,-5,45
-55,-8,45
-47,-13,39
-40,-12,38
-43,-13,37
-46,-12,30
-59,-5,19
-64,-3,17
-64,3,17
-62,6,19
-60,11,24
-65,12,24
-69,17,29
-71,25,30
-71,30,30
-85,35,23
-85,36,18
-80,41,12
-77,42,8
-67,45,1
-62,44,0
-56,36,3
-48,30,4
-41,31,9
-45,27,11
-37,17,18
-42,-8,31
-41,-21,29
-36,-30,38
-36,-27,43
-30,-28,45
-27,-31,45
-58,-18,39
-62,-9,42
-15,11,61
-14,16,67
-27,21,51
-21,16,40
-25,2,56
-8,10,59
-11,9,66
-22,-2,61
-31,-14,57
-35,-6,64
0,3,68
8,3,62
25,-6,67
11,-19,69
9,-20,70
-15,-18,69
-33,-22,68
-26,-22,74
-35,-34,61
-53,-32,43
-97,-9,30
-79,-4,42
-69,12,42
-72,18,28
-51,13,7
-41,9,20
-18,-1,41
7,-8,61
49,-28,98
19,-35,108
-46,-14,63
-2,3,68
-8,1,58
-31,0,53
-38,1,54
-64,8,45
-66,12,38
-62,12,37
-51,3,41
10,-1,64
-18,-5,59
-77,-1,41
-47,0,47
-17,-6,61
-49,-33,63
-58,-24,59
-90,-7,43
-76,-4,36
-53,1,37
-63,7,26
-73,19,22
-59,21,24
-42,16,27
-45,11,31
-28,4,42
-13,-2,49
16,-19,64
14,-20,89
-34,-12,69
-31,-4,48
-31,-3,44
-37,4,49
-55,4,48
-68,16,39
-59,13,42
-46,21,58
-47,20,52
-54,14,56
-47,15,54
-28,9,49
-23,0,47
-25,-1,47
-10,-3,56
-7,-8,73
-38,3,50
-33,2,60
-22,1,70
-18,2,71
-26,6,56
-22,4,57
-19,0,62
-29,-4,63
-32,-2,60
-27,0,54
-18,4,55
-22,7,61
-34,8,62
-31,5,62
-15,2,68
-11,1,66
-14,-2,58
-8,-8,60
-5,-10,64
-24,-7,59
-25,-4,64
-31,-1,60
-32,0,49
-28,4,53
-30,6,44
-38,3,43
-44,0,47
-43,-3,52
-30,-14,71
-34,-15,66
-45,-6,48
-33,-2,47
-43,-10,42
-28,-11,54
3,-13,63
7,-14,62
-25,1,46
-49,11,48
-42,17,43
-16,15,47
-9,6,47
1,-83,80
58,-58,127
-119,63,-3
-128,66,-35
-1,76,33
-26,16,53
-17,20,67
-28,-2,48
-42,-10,50
-80,-9,40
-81,-14,24
-79,-28,24
-67,-33,31
-49,-39,38
-51,-41,37
-47,-38,35
-36,-37,36
-31,-43,39
-38,-38,39
-36,-39,37
-31,-35,43
-27,-38,46
-9,-40,49
1,-32,53
11,-31,59
18,-34,57
31,-26,26
46,-24,51
22,-49,59
36,-46,48
34,-51,51
32,-36,41
11,-39,35
27,-34,29
47,-29,30
40,-28,37
39,-29,36
35,-27,30
42,-27,29
42,-33,31
37,-35,30
42,-43,37
19,-7,127
86,-128,-95
93,-59,36
83,-51,20
4,-21,29
-19,-4,35
-11,3,8
-11,-13,16
-10,-16,42
-16,4,54
-37,-11,47
-38,-15,41
-48,-2,45
-52,-1,34
-52,-3,19
-73,-5,0
-81,-2,-6
-79,11,-4
-67,9,-5
-65,4,-3
-70,3,-4
-57,-1,-6
-58,0,-5
-68,1,-15
-69,-2,-16
-67,-6,-17
-64,-2,-22
-66,-7,-30
-52,-2,-13
-62,0,-8
-68,-9,-18
-71,-9,-23
-71,-7,-26
-68,-7,-23
-58,-6,-16
-57,-6,-12
-53,-6,-20
-55,-9,-25
-54,-3,-3
-63,-13,-17
-57,-17,-22
-61,-17,-38
-57,-16,-32
-67,-13,-46
-62,-8,-42
-43,-8,-23
-57,-6,-23
-50,-7,-25
-55,-9,-29
-59,-7,-35
-49,-7,-32
-49,-9,-27
-57,-7,-30
-58,-8,-31
-57,-8,-34
-60,-7,-35
-58,-5,-32
-58,-6,-32
-53,-16,-33
-53,-7,-35
-49,-6,-34
-49,-5,-31
-51,-8,-35
-52,-11,-34
-52,-9,-34
-49,-8,-34
-52,-8,-37
-58,-11,-36
-59,-15,-40
-49,-15,-41
-45,-7,-26
-61,-17,-35
-59,-19,-43
-53,-13,-39
-44,-17,-45
-46,-9,-36
-60,-18,-29
-61,-14,-33
-53,-14,-40
-54,-14,-38
-57,-13,-37
-53,-11,-39
-53,-12,-31
-56,-11,-33
-55,-10,-29
-51,-13,-29
-57,-11,-27
-53,-11,-30
-51,-12,-26
-58,-10,-25
-62,-7,-29
-59,-4,-29
-59,-6,-28
-63,-4,-34
-63,-2,-32
-59,0,-22
-61,-1,-23
-58,-5,-35
-58,-6,-33
-57,-2,-26
-57,-3,-35
-60,-3,-33
-56,-2,-30
-58,-2,-27
-59,-1,-27
-57,-2,-35
-58,-1,-27
-54,-3,-28
-59,1,-32
-58,2,-31
-58,3,-36
-59,-1,-28
-59,6,-24
-52,0,-44
-54,4,-33
-56,8,-19
-54,4,-33
-59,4,-32
-60,7,-24
3,-76,-46
-62,-10,-48
-62,15,-2
-61,5,-23
-61,0,-50
-53,6,-9
-59,4,-29
-56,3,-27
-55,6,-25
-65,7,-29
-60,8,-22
-19,127,-86
-12,63,70
-128,-30,24
-91,-12,80
-26,1,71
-41,-4,34
-32,-3,-69
-64,1,-53
-59,7,-15
-46,3,-10
-51,-1,-14
-56,-3,-10
-57,-5,-10
-62,-8,-16
-65,-7,-17
-53,-7,-13
-51,-7,-14
-48,-8,-27
-53,-5,-46
-59,-3,-54
-60,-1,-57
-57,1,-60
-59,3,-61
-62,4,-63
-64,1,-60
-61,-2,-56
-61,-7,-53
-64,-6,-50
-60,-8,-41
-53,-8,-38
-53,-2,-37
-50,4,-39
-53,2,-38
-48,-2,-44
-51,-6,-50
-42,-14,-37
-35,-2,-35
-46,1,-54
-43,-8,-53
-18,-14,-35
-16,-18,-31
-43,-31,-44
-50,-39,-39
-50,-39,-31
-46,-32,-48
-74,-28,-47
-54,-19,-52
-47,-13,-65
-49,-7,-57
-39,-3,-64
-34,3,-65
-39,2,-58
-26,3,-68
-20,4,-71
-17,1,-69
-17,1,-76
-23,1,-66
-18,1,-61
-30,7,-69
-35,5,-50
-24,6,-44
-44,10,-55
-51,4,-46
-45,-4,-23
-35,-8,-17
-47,-5,-5
-47,-6,-4
-29,-2,11
-12,3,30
-19,7,44
-4,-4,53
-53,-6,63
-31,-5,51
-18,-2,61
-41,-2,38
-23,-3,45
-15,-16,56
-26,-16,52
-9,-19,46
7,-23,39
-13,-36,47
-18,-37,44
-17,-39,39
-13,-41,28
-34,-54,8
-24,-72,19
-21,-81,29
-27,-79,28
-31,-74,20
-18,-68,18
-14,-68,18
-7,-66,7
-2,-61,8
0,-67,12
0,-67,8
3,-67,8
2,-66,10
-2,-71,2
-4,-70,2
-4,-72,3
-2,-73,4
1,-74,3
7,-78,5
8,-82,3
11,-89,0
14,-92,-1
23,-89,-3
20,-89,0
5,-84,1
-1,-79,8
-15,-75,8
-10,-74,8
-9,-71,9
-9,-69,3
-7,-67,5
-7,-63,0
-7,-60,4
-11,-53,7
-3,-52,-2
-14,-65,8
-6,-67,8
-6,-63,-5
-18,-65,-9
-22,-65,-11
-27,-61,-7
-25,-57,-2
-31,-57,-2
-31,-56,-2
-29,-57,-3
-33,-60,-5
-33,-61,-6
-35,-61,-5
-40,-65,-1
-41,-58,2
-44,-44,12
-38,-39,10
-40,-39,18
-33,-38,26
-32,-37,26
-38,-34,32
-37,-33,33
-40,-31,36
-41,-32,36
-45,-29,37
-48,-27,36
-45,-22,41
-43,-19,47
-43,-22,48
-29,-26,51
-25,-24,55
-24,-26,55
-24,-27,55
-32,-23,57
-28,-22,53
-31,-24,46
-33,-25,45
-35,-25,39
-30,-23,40
-41,-24,36
-44,-22,37
-52,-21,40
-53,-17,53
-48,-16,59
-36,-11,68
-34,-10,66
-32,-4,62
-31,-1,60
-35,3,51
-41,5,48
-43,7,46
-40,7,45
-34,3,43
-34,2,46
-35,-9,59
-31,-20,60
-35,-21,62
-31,-21,50
-33,-18,47
-30,-11,51
-28,-9,53
-31,-1,56
-35,3,58
-31,4,59
-30,5,58
-24,8,55
-22,5,50
-24,3,54
-27,2,58
-27,4,59
-26,5,62
-23,6,64
-23,6,62
-26,6,62
-29,6,61
-29,6,59
-28,4,56
-29,3,58
-25,6,58
-16,6,58
-15,5,61
-27,0,63
-27,-1,55
-18,6,55
-26,5,47
-31,17,51
-27,15,56
-34,6,75
-26,2,62
-32,5,52
-40,10,52
-36,11,55
-35,11,54
-36,11,52
-40,8,46
-40,11,48
-37,8,48
-45,7,47
-43,9,45
-41,11,47
-39,11,50
-41,10,50
-45,10,46
-44,11,46
-40,12,48
-41,13,48
-42,11,48
-41,12,48
-42,12,47
-41,13,47
-41,13,48
-41,12,49
-41,13,48
-41,13,48
-40,13,48
-40,13,48
-41,13,49
-40,13,48
-40,12,49
-40,12,49
-41,12,48
-41,11,49
-41,12,50
-39,12,49
-42,12,48
-41,11,49
-39,9,48
-41,10,49
-42,12,49
-40,9,51
-39,8,50
-41,9,48
-42,9,49
-39,7,50
-40,7,49
-42,6,47
-40,4,47
-41,4,48
-42,5,49
-43,2,48
-42,-1,47
-42,-4,49
-46,-14,42
-44,-18,37
-45,-22,39
-41,-19,47
-34,-19,56
-30,-19,57
-7,-19,65
6,-19,79
-28,-23,62
-57,-23,46
-68,-15,41
-65,-15,37
-55,-3,26
-64,4,19
-64,9,18
-69,10,18
-67,8,18
-64,4,22
-66,2,21
-67,-1,18
-66,-3,19
-64,-9,24
-61,-15,26
-60,-21,25
-60,-23,21
-62,-17,20
-73,-14,14
-69,-15,15
-64,-16,17
-63,-17,17
-60,-19,15
-59,-20,15
-56,-19,14
-53,-19,13
-51,-15,11
-53,-15,10
-57,-17,10
-59,-19,12
-63,-22,14
-63,-24,19
-63,-25,20
-63,-26,22
-61,-26,22
-58,-25,23
-58,-25,23
-59,-27,24
-60,-30,24
-62,-36,24
-62,-38,23
-53,-37,23
-44,-31,22
-44,-29,21
-47,-27,17
-48,-26,16
-47,-25,15
-48,-24,15
-52,-22,13
-57,-21,13
-64,-21,13
-66,-21,13
-64,-21,15
-62,-22,17
-59,-24,20
-56,-24,22
-55,-23,23
-57,-23,22
-57,-23,21
-59,-24,21
-60,-25,20
-61,-28,20
-59,-29,21
-57,-30,20
-56,-31,20
-54,-31,18
-54,-31,17
-54,-30,16
-53,-30,16
-53,-31,16
-52,-32,17
-51,-32,18
-51,-33,19
-51,-33,19
-53,-32,19
-55,-32,19
-55,-31,19
-55,-32,19
-55,-33,20
-54,-33,20
-52,-34,21
-51,-35,21
-51,-35,21
-49,-36,20
-48,-37,20
-50,-38,18
-51,-39,17
-51,-41,16
-50,-41,15
-47,-40,13
-47,-41,13
-46,-42,12
-45,-42,12
-44,-44,13
-44,-46,13
-43,-47,14
-42,-48,15
-41,-48,16
-42,-47,16
-42,-47,16
-43,-47,16
-44,-47,16
-43,-47,15
-42,-47,15
-43,-48,15
-42,-48,14
-42,-48,14
-41,-48,13
-41,-49,13
-40,-49,12
-40,-48,12
-42,-48,12
-42,-48,12
-43,-48,12
-42,-49,12
-42,-48,13
-42,-48,13
-43,-47,13
-43,-48,13
-44,-49,14
-42,-51,13
-41,-52,12
-40,-50,11
-40,-48,11
-42,-46,11
-43,-45,12
-42,-44,13
-43,-44,13
-46,-42,13
-47,-41,13
-51,-38,12
-51,-38,13
-54,-37,12
-55,-36,11
-56,-36,11
-56,-34,14
-58,-35,14
-60,-39,15
-57,-40,18
-52,-42,24
-47,-44,25
-41,-49,20
-39,-52,20
-40,-58,14
-39,-57,18
-38,-47,25
-29,-46,14
-31,-45,14
-40,-56,-3
-40,-56,-2
-30,-55,1
-24,-57,4
-19,-58,9
-22,-62,8
-27,-62,8
-25,-62,10
-23,-61,11
-24,-62,15
-22,-60,17
-18,-56,19
-17,-55,17
-20,-52,17
-21,-52,19
-26,-53,21
-27,-55,22
-28,-62,25
-23,-64,27
-14,-63,25
-10,-63,23
-13,-65,18
-15,-71,18
-20,-74,16
-28,-73,15
-34,-70,19
-42,-62,26
-40,-60,25
-43,-59,18
-51,-54,20
-66,-47,16
-70,-46,9
-74,-44,5
-73,-42,6
-73,-38,1
-72,-36,3
-71,-33,3
-59,-29,7
-57,-30,8
-52,-31,12
-49,-31,18
-37,-31,29
-31,-31,35
-20,-28,38
-19,-25,37
-37,-25,37
-46,-26,41
-51,-21,41
-50,-15,38
-50,-14,37
-56,-8,38
-56,-8,39
-53,-14,42
-51,-14,46
-41,-10,48
-38,-7,49
-63,6,39
-82,9,26
-57,5,33
-43,1,43
-32,-3,45
-54,0,38
-58,-2,37
-50,-2,41
-44,-1,43
-43,-5,49
-42,-5,48
-39,2,45
-40,8,43
-39,16,46
-44,15,46
-57,11,43
-38,17,32
-36,23,21
-20,-2,46
-15,-4,52
-82,-7,34
-54,-6,44
-48,-1,32
-56,2,26
-45,10,31
-38,15,35
-32,16,38
-31,17,35
-37,18,33
-66,2,26
-87,-24,8
-41,-30,27
-52,-66,22
-72,-66,-16
-89,-70,-36
-71,-64,-22
-62,-59,-26
-53,-44,-43
-51,-41,-45
-44,-41,-39
-37,-42,-36
-29,-42,-38
-37,-38,-44
-42,-33,-50
-45,-29,-54
-47,-27,-53
-59,-25,-47
-63,-28,-45
-68,-33,-40
-70,-33,-35
-73,-35,-26
-74,-39,-23
-71,-51,-18
-65,-60,-14
-54,-83,-6
-30,-83,9
-21,-73,15
-18,-62,13
-19,-65,10
-21,-71,7
-20,-69,5
-24,-65,3
-26,-69,2
-19,-60,2
-18,-57,1
-23,-54,0
-26,-55,-2
-24,-51,-2
-22,-48,1
-21,-49,3
-17,-53,5
-16,-55,6
-16,-56,10
-18,-56,13
-24,-58,21
-24,-61,23
-20,-65,24
-17,-68,23
-12,-80,25
-11,-87,26
-11,-87,26
-14,-73,23
-16,-68,20
-21,-61,15
-22,-61,13
-20,-60,8
-20,-61,5
-21,-59,1
-22,-56,0
-35,-58,6
-40,-61,11
-39,-63,17
-36,-63,22
-35,-62,25
-34,-53,30
-37,-50,34
-44,-42,40
-45,-37,45
-42,-25,45
-44,-19,42
-56,-15,31
-60,-14,25
-57,-7,22
-56,-3,20
-58,1,14
-68,1,7
-74,0,6
-68,0,15
-64,3,13
-67,5,6
-68,4,9
-72,4,22
-72,1,29
-55,-4,35
-45,-5,39
-23,3,58
-16,8,59
-42,11,35
-53,16,19
-50,22,14
-44,32,3
-47,35,-8
-43,44,-19
-46,50,-13
-48,50,2
-41,49,12
-16,35,22
-14,30,36
-13,24,86
-21,24,82
-52,35,31
-49,50,1
-49,55,-4
-69,59,-10
-71,57,-11
-66,52,-7
-53,50,0
-13,53,0
-14,20,5
-35,11,52
-30,16,54
-42,15,41
-43,16,40
-36,22,43
-39,22,42
-46,19,43
-45,19,46
-44,17,46
-42,18,50
-43,18,49
-45,17,49
-45,16,48
-44,20,48
-46,20,43
-47,21,42
-46,24,40
-46,25,40
-46,28,39
-47,30,40
-53,33,41
-56,32,40
-52,33,43
-49,35,46
-48,39,47
-47,39,47
-47,36,47
-54,31,43
-54,31,44
-46,33,42
-39,34,44
-28,37,35
-27,40,29
-16,41,17
-1,46,14
21,59,10
8,55,10
14,60,38
38,62,57
7,34,26
-54,-34,11
-70,-20,52
-64,2,58
-39,14,58
-16,34,54
-15,37,52
-26,37,47
-32,32,46
-39,26,48
-39,26,51
-37,27,51
-37,27,49
-31,27,48
-30,27,47
-30,28,45
-30,29,45
-31,30,45
-33,29,45
-35,28,45
-34,30,46
-35,31,45
-35,29,46
-35,27,48
-31,26,53
-30,25,53
-31,25,51
-32,24,49
-34,21,50
-53,8,46
-55,8,49
-47,12,51
-35,16,52
-14,29,47
-7,34,41
5,49,34
14,55,36
19,51,40
14,44,44
-10,28,50
-32,15,53
-65,-4,54
-60,6,58
-50,12,56
-36,20,53
-32,21,53
-31,22,50
-31,21,50
-34,18,53
-38,15,52
-43,13,52
-44,12,53
-42,12,53
-44,11,51
-45,11,49
-44,10,50
-43,11,52
-47,10,52
-47,10,52
-46,13,48
-48,15,45
-51,20,37
-51,22,35
-45,26,31
-45,30,28
-50,38,21
-51,42,13
-52,43,11
-45,48,10
-49,48,6
-48,51,16
-40,50,20
-19,55,26
-15,58,25
-21,60,25
-27,58,22
-32,53,37
-40,47,48
-12,41,71
-28,40,26
-33,15,13
-41,4,50
-50,9,63
-37,21,63
-34,23,54
-43,27,39
-45,28,37
-45,28,38
-44,27,39
-42,24,42
-40,24,44
-40,25,44
-44,24,40
-46,24,39
-42,26,40
-43,26,40
-42,26,41
-44,26,41
-44,25,41
-43,25,41
-44,24,40
-43,23,40
-42,22,41
-42,21,42
-42,21,43
-43,20,43
-42,21,43
-42,20,43
-42,20,44
-46,18,46
-45,17,47
-47,17,51
-47,16,53
-52,15,53
-55,17,52
-56,21,47
-53,29,35
-54,36,32
-48,44,27
-41,46,22
-29,52,15
-26,54,12
-25,54,6
-22,54,4
-16,56,7
-16,56,7
-14,55,10
-14,56,13
-15,56,16
-18,56,20
-18,57,22
2,59,25
18,60,27
19,51,42
-9,42,38
-23,27,-2
-49,20,-50
-120,26,-73
-57,39,-20
-37,52,1
-40,51,2
-37,53,6
-49,51,-3
-57,48,-10
-61,44,-16
-54,44,-13
-45,43,-6
-44,42,-4
-46,41,-4
-48,41,-3
-49,40,-2
-48,40,-2
-48,41,-3
-48,41,-4
-50,41,-5
-52,41,-4
-51,41,-3
-51,42,-2
-50,42,-2
-48,43,-2
-48,43,-3
-48,42,-5
-48,42,-5
-49,41,-5
-48,41,-5
-45,42,-4
-45,42,-4
-47,41,-7
-50,41,-10
-51,42,-11
-49,44,-10
-49,45,-9
-50,45,-8
-51,45,-8
-51,44,-8
-50,44,-8
-50,42,-8
-50,42,-8
-48,41,-6
-47,41,-5
-46,40,-4
-48,38,-5
-54,37,-8
-62,37,-13
-62,39,-12
-58,41,-10
-57,43,-9
-58,45,-7
-56,46,-4
-46,47,5
-38,47,9
-25,49,18
-19,48,23
-7,49,27
11,53,27
17,53,27
18,51,25
16,49,22
1,42,19
-13,36,13
-52,25,-11
-77,21,-42
-102,36,-55
-85,45,-38
-51,58,-19
-45,61,-15
-45,61,-4
-51,57,-10
-56,55,-13
-54,51,-10
-46,51,-9
-39,49,-7
-41,49,-6
-39,51,0
-39,52,6
-35,53,14
-32,53,17
-25,53,21
-23,54,23
-20,52,25
-10,50,28
-6,49,31
3,48,36
4,47,40
7,46,41
5,47,43
9,46,48
9,45,47
2,42,48
0,40,48
10,38,48
4,38,48
5,36,47
7,35,43
0,33,41
5,32,47
5,34,48
1,34,49
1,35,52
2,36,53
5,35,54
4,36,55
2,38,54
-1,38,52
-5,37,49
-2,38,51
-6,38,51
-7,39,52
-5,39,52
-6,40,49
-5,41,49
-5,41,50
-8,41,51
-7,41,51
-11,40,52
-12,39,52
-13,37,51
-13,37,54
-12,37,54
-18,37,53
-19,39,53
-18,38,49
-20,39,47
-15,41,48
-13,42,48
-15,41,47
-16,42,49
-19,41,43
-24,38,48
-23,40,43
-25,37,40
-29,36,40
-36,36,40
-39,35,39
-47,34,35
-46,34,36
-36,35,37
-33,35,36
-32,38,37
-25,39,42
-16,38,43
-15,37,46
-12,33,48
-7,27,58
-10,24,57
-10,23,52
-8,23,49
-8,20,49
-10,20,57
-14,19,70
-11,19,74
-2,18,73
-1,16,70
0,16,63
1,13,58
1,10,59
1,4,59
1,3,58
-1,-2,57
2,-5,62
3,-14,70
3,-24,69
5,-30,70
-3,-30,66
-17,-32,55
-14,-44,46
7,-37,54
22,-26,60
24,-27,63
28,-25,56
26,-25,58
12,-21,61
6,-23,60
-1,-18,55
-1,-17,43
47,20,113
40,-11,70
28,-3,66
25,-5,61
18,6,59
18,11,59
22,11,56
20,20,50
17,19,49
12,18,50
13,21,49
16,23,44
11,25,42
6,31,42
11,33,42
10,34,42
5,38,39
0,38,31
-3,45,30
-8,49,35
-12,49,32
-14,47,29
-20,50,39
-29,47,38
-37,49,38
-40,48,45
-42,44,51
-36,43,53
-31,40,51
-39,39,53
-33,37,53
-28,38,53
-27,37,53
-26,36,47
-24,35,45
-22,33,46
-20,34,48
-20,33,50
-19,34,49
-20,35,48
-11,35,55
-6,35,55
-19,36,51
-17,37,51
-3,37,57
-9,36,53
-9,35,47
-4,35,49
11,34,62
3,34,58
6,33,56
8,32,54
7,32,55
8,30,55
9,29,53
9,30,56
10,29,55
7,28,55
8,29,59
7,31,60
11,28,54
-4,29,54
5,30,58
11,29,56
9,29,55
11,31,53
18,29,52
19,27,53
22,27,57
22,26,55
18,27,55
16,28,54
17,27,54
16,26,56
9,28,56
10,29,55
12,28,53
11,27,55
12,27,60
15,28,53
12,29,53
11,27,52
8,28,52
6,28,54
5,29,55
-1,33,56
4,31,59
3,33,59
2,33,58
4,32,56
6,32,57
5,32,57
5,33,56
5,33,57
1,36,55
0,37,55
1,37,52
3,36,52
6,35,57
9,35,57
10,36,53
9,35,49
12,35,49
12,34,49
18,28,52
6,30,51
12,28,54
11,27,52
12,27,52
11,26,48
11,27,48
10,29,49
7,30,49
3,33,52
2,34,53
6,35,53
8,35,53
5,34,53
2,32,55
1,32,55
6,31,54
7,31,51
1,30,48
-4,29,48
-5,28,51
-2,25,48
-5,24,39
-13,24,43
-15,22,47
-10,23,42
-20,27,42
-24,29,50
-25,32,49
-31,36,48
-35,38,51
-39,41,48
-41,42,46
-50,46,41
-51,45,40
-55,42,39
-60,40,39
-61,39,39
-59,38,37
-50,38,38
-44,40,33
-43,40,29
-46,40,30
-44,39,32
-43,38,30
-43,36,30
-42,34,32
-40,34,33
-37,35,36
-38,34,39
-35,33,40
-34,34,41
-34,36,40
-34,35,40
-33,34,38
-35,33,35
-37,34,36
-39,37,36
-40,38,39
-34,40,43
-33,40,44
-29,39,44
-29,39,43
-28,42,42
-29,45,38
-32,45,35
-34,47,33
-35,50,31
-41,52,25
-44,51,23
-39,49,18
-36,45,17
-41,42,16
-42,43,14
-41,42,19
-38,41,23
-56,37,24
-58,31,29
-53,29,34
-46,21,42
-42,19,45
-40,16,46
-37,13,46
-30,6,53
-28,4,54
-20,3,60
-17,3,62
-26,3,59
-23,4,61
-16,4,63
-20,4,61
-22,5,62
-17,4,63
-17,3,63
-18,2,63
-15,3,63
-17,5,58
-18,7,57
-20,5,59
-18,3,60
-18,1,63
-20,-2,63
-21,-2,64
-20,-1,64
-22,0,65
-21,-1,62
-19,-3,62
-14,0,67
-15,2,65
-17,7,60
-21,8,57
-18,7,57
-17,5,58
-15,5,60
-16,2,60
-20,-4,61
-15,-5,61
-14,-7,58
-12,-9,60
-9,-11,64
-1,-16,67
2,-16,69
-9,-14,67
-15,-12,66
-23,-8,62
-22,-5,60
-30,1,52
-38,8,48
-44,11,51
-49,13,44
-51,19,37
-49,32,43
-48,35,45
-46,36,45
-45,35,42
-42,32,46
-39,29,47
-37,22,51
-32,19,51
-25,19,53
-25,19,55
-25,22,54
-31,23,54
-30,22,52
-21,26,53
-22,28,55
-24,27,54
-25,28,53
-30,27,55
-31,29,51
-33,30,47
-26,26,44
-40,29,42
-37,34,37
-34,32,35
-31,30,30
-36,32,30
-36,34,30
-30,37,30
-35,39,34
-42,39,37
-43,38,35
-33,38,33
-41,37,36
-39,36,35
-36,37,34
-42,33,38
-44,32,39
-36,36,42
-34,37,42
-34,39,38
-35,41,37
-37,45,31
-37,48,28
-40,49,23
-43,50,18
-49,53,10
-50,53,8
-49,53,7
-52,50,6
-52,50,5
-38,51,10
-33,51,14
-41,48,11
-43,47,9
-44,49,6
-40,48,8
-40,44,6
-41,40,3
-51,38,2
-40,33,7
-38,31,7
-46,28,-2
-54,25,-4
-50,21,-1
-40,17,-1
-57,9,-16
-68,6,-19
-78,1,-18
-79,0,-13
-77,-1,-4
-76,-3,0
-71,0,15
-69,3,32
-58,2,36
-37,7,53
-28,7,61
-10,7,66
-7,6,69
-9,4,71
-16,5,68
-26,5,56
-29,-1,57
-24,0,59
-28,-1,59
-15,-4,61
-45,8,34
-46,8,33
-45,1,39
-39,-3,42
-18,-15,62
-22,-23,75
-16,-15,77
-14,-13,77
-22,-8,70
-14,-7,68
-21,-3,63
-20,0,63
-15,-1,70
-24,1,62
-19,-1,68
-22,-1,61
-23,-1,56
-25,4,54
-28,3,57
-29,10,50
-31,13,44
-30,10,45
-26,7,48
-29,1,43
-30,-2,48
-28,-7,52
-25,-9,57
-25,-10,60
-25,-7,58
-24,-6,59
-22,-6,63
-20,-8,63
-22,-11,63
-24,-13,66
-27,-13,64
-27,-12,61
-25,-11,62
-27,-11,61
-31,-6,59
-31,-1,58
-31,-1,59
-32,2,55
-31,3,54
-33,3,55
-35,2,53
-35,1,52
-36,-1,52
-37,-2,55
-36,-2,54
-35,3,53
-35,6,50
-34,8,50
-37,7,49
-38,8,48
-42,6,45
-40,4,43
-43,4,49
-44,7,53
-42,10,52
-45,13,49
-31,19,40
-31,23,45
-25,32,46
-27,28,39
-32,33,37
-36,37,33
-39,40,37
-29,46,39
-35,49,40
-44,50,37
-47,53,36
-47,56,35
-48,59,35
-49,58,37
-49,56,38
-45,54,29
-34,54,25
-32,55,20
-31,55,12
-31,54,12
-15,51,13
-8,50,13
0,51,22
3,49,25
6,45,36
6,42,44
7,40,50
6,39,46
8,42,41
7,37,43
6,38,46
2,40,48
1,39,48
-7,44,44
-7,48,45
-3,46,48
-4,48,48
-1,45,47
-4,48,43
0,44,44
1,43,46
-10,39,37
-3,42,40
-1,44,38
1,50,41
9,50,46
7,45,43
7,45,44
4,45,48
7,44,49
6,45,44
7,44,44
13,46,48
10,45,49
6,41,44
0,41,46
6,40,51
5,38,50
1,38,51
3,37,62
6,38,66
-15,37,54
-17,39,58
-16,41,59
-27,46,51
-17,47,39
-3,40,46
23,25,53
20,20,46
22,21,44
9,22,41
1,22,43
-18,20,39
-21,28,36
-19,30,33
-19,33,30
-18,43,26
-18,48,24
-19,57,15
-18,73,7
-23,70,6
-41,71,1
-44,68,1
-37,64,1
-33,59,-7
-43,58,-12
-45,56,-6
-43,47,-8
-47,49,-22
-62,55,-16
-61,53,-10
-56,52,-17
-60,51,-16
-57,49,-7
-55,42,-5
-55,37,-11
-67,25,-19
-69,22,-16
-47,21,-8
-46,14,-4
-65,8,-10
-60,6,-9
-51,2,-5
-59,1,-8
-60,-1,-6
-55,-5,-2
-64,-6,-4
-59,-8,3
-51,-11,4
-69,-12,-2
-70,-12,-1
-64,-16,4
-67,-18,4
-73,-16,6
-71,-17,4
-80,-18,7
-80,-20,9
-82,-30,9
-72,-28,9
-67,-21,10
-41,-2,26
-35,3,33
-43,17,25
-48,33,21
-57,44,26
-51,44,27
-50,59,21
-46,59,19
-27,55,23
-12,45,27
1,44,35
8,41,43
9,39,43
16,35,49
17,37,49
13,36,46
9,38,43
-2,41,47
-5,41,48
6,41,48
4,43,48
4,44,49
6,42,51
5,42,52
-7,44,44
-12,45,41
-13,41,44
-9,40,46
1,44,48
2,44,47
-5,43,44
-8,42,45
-7,41,48
-8,43,46
-6,40,45
-4,41,48
-1,42,49
0,40,49
-1,40,49
-2,43,48
-2,44,48
-1,41,47
-1,42,47
1,42,47
1,43,48
-2,43,46
-1,43,46
0,45,49
2,42,48
-1,43,49
-5,43,47
-6,43,46
-1,42,48
-5,42,47
-3,42,47
-2,43,48
11,44,54
7,45,50
-6,48,46
-6,49,47
6,51,48
6,52,48
3,53,48
2,49,50
0,50,48
-5,49,43
-6,49,42
-3,47,49
0,47,51
9,50,51
7,49,48
1,48,46
1,48,45
7,50,43
6,48,43
6,46,43
8,42,41
7,42,38
7,41,31
15,39,27
27,35,22
36,36,23
49,36,21
50,32,22
51,22,23
52,22,23
56,17,21
50,21,20
49,22,21
50,27,24
49,35,26
46,39,35
41,41,39
33,33,45
23,33,49
21,31,49
19,27,45
25,24,37
23,28,25
35,30,22
53,33,18
63,34,21
73,35,28
69,33,30
57,32,34
51,33,33
36,33,33
28,30,35
25,27,40
31,23,38
31,22,44
22,20,43
30,22,42
41,28,47
27,33,48
23,34,46
21,35,51
34,32,49
32,32,47
11,30,54
15,24,59
21,20,63
19,21,59
16,23,54
18,23,59
12,24,58
5,26,61
5,23,56
12,17,60
15,15,62
14,14,60
20,13,59
18,15,66
1,16,56
2,15,56
1,15,60
-13,15,59
-13,14,63
-12,13,63
-13,14,64
-14,12,62
-25,10,64
-15,11,66
-14,13,62
-17,16,61
-20,21,60
-15,23,54
-20,24,52
-24,27,47
-17,33,51
-24,36,49
-24,38,45
-27,34,46
-23,31,51
-16,29,56
-14,30,56
-6,31,56
-6,31,55
-12,31,56
-14,33,55
-9,39,50
-19,39,50
-17,38,49
-18,39,45
-18,40,44
-17,38,47
-18,39,48
-13,36,50
-13,38,50
-15,37,48
-14,35,53
-9,35,56
-11,35,54
-12,35,56
-15,34,53
-20,34,52
-15,34,55
-16,35,54
-19,36,46
-19,36,46
-23,35,57
-18,36,61
-13,38,56
-12,34,61
-2,26,67
-1,25,64
-2,22,63
2,22,59
-1,22,57
-3,19,48
-5,20,49
-5,19,55
-3,21,54
-4,29,51
-4,31,53
3,33,54
10,35,52
8,36,49
5,37,47
1,38,40
2,37,33
-1,35,30
-5,33,25
-9,30,22
-22,28,12
-27,29,9
-41,27,4
-47,27,1
-58,27,0
-60,26,-1
-69,31,-6
-71,34,-8
-76,33,-8
-79,34,-7
-80,31,-6
-83,32,-7
-84,33,-8
-77,31,-10
-75,30,-7
-67,26,-7
-62,25,-7
-59,24,-12
-59,24,-14
-60,19,-16
-57,17,-18
-55,19,-16
-56,18,-19
-59,16,-19
-60,15,-17
-62,17,-16
-61,16,-17
-62,16,-15
-62,17,-20
-63,19,-21
-63,17,-22
-63,18,-20
-66,17,-22
-67,15,-20
-64,16,-19
-61,17,-19
-64,16,-20
-63,18,-20
-62,18,-22
-62,21,-18
-60,21,-18
-57,18,-19
-58,18,-20
-59,19,-23
-58,17,-21
-55,16,-17
-54,12,-15
-56,13,-12
-54,10,-11
-56,7,-14
-67,6,-16
-67,8,-16
-65,9,-16
-65,9,-17
-63,9,-17
-63,10,-17
-62,11,-18
-63,10,-18
-63,9,-15
-62,12,-13
-62,12,-15
-65,11,-17
-63,11,-16
-64,9,-16
-63,10,-13
-61,10,-12
-61,9,-15
-64,8,-16
-63,10,-14
-62,10,-15
-63,9,-17
-62,9,-16
-63,10,-15
-64,10,-15
-69,9,-16
-70,9,-16
-71,9,-13
-71,9,-9
-72,10,-5
-69,11,-3
-67,16,-4
-66,16,-2
-69,21,-5
-67,23,-6
-64,28,1
-59,34,-7
-58,34,-12
-36,39,-5
-32,41,-6
-19,47,-14
-14,51,-14
3,51,-15
10,56,-18
5,59,-20
-2,59,-20
-12,59,-14
-22,59,-12
-32,59,-11
-33,61,-13
-35,61,-15
-32,60,-19
-29,59,-19
-26,57,-17
-27,55,-17
-34,54,-20
-36,56,-22
-32,56,-17
-31,56,-15
-38,55,-14
-44,53,-12
-40,52,-7
-35,49,1
-32,47,2
-32,47,0
-33,47,-2
-38,46,0
-46,42,0
-48,39,5
-46,39,8
-47,38,12
-52,37,12
-57,36,10
-56,37,10
-56,38,8
-58,38,6
-57,37,6
-54,36,6
-53,35,6
-52,33,7
-52,33,7
-54,33,7
-56,33,7
-57,33,8
-57,33,8
-59,32,8
-59,33,7
-58,34,6
-57,35,6
-57,35,6
-58,37,6
-58,38,6
-60,37,6
-58,38,7
-58,39,6
-59,39,4
-60,38,2
-59,36,1
-57,34,1
-53,30,2
-49,28,3
-41,29,6
-41,30,6
-42,32,6
-43,35,7
-49,42,6
-54,44,4
-60,47,2
-59,45,4
-52,42,7
-49,40,8
-45,38,8
-46,37,6
-48,35,5
-49,34,5
-49,33,7
-52,32,9
-51,31,9
-52,32,6
-56,33,2
-59,34,-1
-59,32,-1
-60,29,-2
-64,25,-3
-61,22,1
-56,17,4
-56,14,5
-57,12,5
-56,12,4
-58,9,0
-60,8,-1
-64,7,-1
-66,8,-1
-71,11,-1
-74,12,-2
-77,10,1
-77,9,5
-77,9,5
-74,10,5
-72,10,4
-66,12,1
-65,11,1
-63,12,-1
-63,14,-1
-73,17,-6
-78,17,-11
-72,15,-5
-70,12,-2
-65,8,3
-58,7,4
-56,6,2
-62,6,-2
-63,5,-1
-56,4,2
-60,6,1
-60,7,-2
-61,8,0
-60,6,3
-65,5,5
-68,2,6
-71,2,10
-69,0,16
-62,-2,18
-60,-3,18
-61,-6,20
-63,-5,21
-63,-2,23
-63,0,27
-61,-4,33
-63,-10,31
-63,-14,27
-59,-11,27
-53,-11,28
-52,-12,27
-46,-16,30
-46,-22,34
-42,-21,36
-36,-19,46
-36,-18,48
-35,-14,54
-33,-13,57
-35,-15,65
-33,-15,67
-24,-13,69
-25,-11,67
-28,-17,61
-26,-20,57
-37,-32,49
-29,-40,45
-29,-44,44
-31,-51,40
-31,-48,40
-15,-42,44
-6,-42,45
-6,-43,42
-9,-47,39
-10,-51,44
-5,-51,47
-2,-48,50
-2,-49,45
3,-46,47
2,-42,47
-6,-42,46
-24,-45,49
-20,-43,54
-5,-34,54
-15,-33,48
-13,-35,51
-15,-34,51
-14,-42,51
-13,-42,46
-22,-39,39
-23,-39,43
-18,-38,42
-10,-43,47
-14,-45,49
-15,-38,47
-14,-40,45
-13,-38,49
-10,-40,53
-8,-42,50
-11,-42,45
-14,-40,44
-10,-41,47
-3,-43,49
-9,-42,51
-10,-42,48
-12,-43,45
-10,-38,46
-12,-38,45
-11,-39,46
-3,-44,51
-5,-43,51
-3,-41,50
-4,-41,49
-5,-42,49
-4,-42,48
-5,-42,46
-5,-42,47
-4,-44,50
-2,-41,50
-5,-42,47
-3,-41,47
-2,-43,46
-5,-40,46
-5,-39,48
-31,-45,49
-1,-40,55
4,-38,53
-2,-40,51
2,-42,51
-1,-41,47
-2,-40,46
-2,-41,46
-1,-41,47
0,-42,48
-2,-42,48
-2,-39,49
-1,-41,49
-1,-42,47
-2,-42,46
-2,-42,45
0,-42,41
1,-44,36
-2,-46,22
-5,-50,12
-5,-50,26
-19,-52,28
-25,-49,22
-22,-48,25
-18,-57,29
-22,-62,30
-32,-84,25
-23,-90,27
-10,-101,26
2,-100,27
6,-96,29
6,-86,25
5,-78,24
3,-67,22
2,-62,22
-9,-58,19
-11,-56,18
-19,-53,16
-21,-52,16
-22,-50,17
-22,-49,19
-23,-51,22
-25,-52,22
-25,-52,23
-28,-54,25
-30,-58,26
-30,-64,27
-27,-66,27
-24,-67,28
-23,-66,29
-24,-64,30
-25,-65,29
-30,-63,29
-32,-63,33
-39,-62,36
-45,-59,35
-49,-56,37
-51,-46,37
-55,-42,36
-57,-36,38
-59,-33,39
-57,-25,39
-58,-20,40
-59,-9,40
-62,-3,38
-61,7,35
-60,9,35
-44,20,34
-36,26,36
-33,28,37
-21,31,36
-15,35,38
-6,35,36
2,36,35
14,36,35
18,36,34
24,33,30
25,32,29
25,30,31
25,28,32
27,29,33
22,31,36
24,33,37
26,39,36
26,40,36
23,41,35
21,42,41
25,40,39
27,44,42
26,46,44
26,45,43
26,43,40
24,41,42
26,38,39
29,40,34
27,41,35
28,39,35
29,40,36
29,42,39
30,41,40
30,40,37
31,41,35
32,40,34
34,39,35
36,41,36
35,41,35
34,41,35
34,42,38
35,42,38
33,42,38
31,42,36
30,40,34
31,40,34
32,40,33
34,39,33
33,40,36
32,40,36
31,40,34
33,41,34
34,41,35
31,41,36
31,41,36
34,41,37
34,41,37
33,40,35
32,40,36
31,39,36
30,39,38
29,33,42
37,27,33
23,27,34
31,25,33
28,24,31
26,27,29
25,26,27
27,24,23
21,25,19
6,27,34
-2,29,41
-10,23,29
-20,20,22
-40,19,35
-54,15,35
-56,8,32
-64,-7,46
-60,-18,47
-23,-26,62
-14,-38,66
-29,-58,56
-41,-70,48
-39,-73,38
-29,-71,36
-18,-76,33
-15,-77,31
-17,-81,28
-21,-83,24
-27,-81,17
-26,-77,15
-24,-73,14
-20,-67,13
-19,-64,12
-19,-60,12
-20,-58,11
-18,-54,9
-19,-55,9
-21,-56,9
-21,-56,8
-21,-58,8
-21,-59,8
-20,-60,9
-19,-60,10
-18,-59,11
-16,-60,12
-16,-59,13
-16,-59,13
-17,-59,13
-20,-60,14
-25,-62,13
-27,-62,13
-33,-66,16
-56,-80,18
-59,-75,27
-76,-64,26
-92,-51,10
-81,-47,13
-65,-42,15
-70,-37,14
-64,-35,5
-51,-30,9
-27,-16,18
-28,-8,21
-25,-3,15
-27,1,16
-39,6,13
-60,2,6
-61,0,6
-75,5,1
-69,7,5
-48,10,17
-49,11,17
-60,7,11
-62,7,10
-66,12,9
-68,13,8
-68,12,8
-66,13,9
-59,15,11
-57,14,11
-59,13,10
-65,11,7
-68,11,5
-67,12,7
-64,13,9
-62,12,10
-64,11,10
-65,11,8
-65,10,8
-65,12,8
-64,12,7
-63,13,7
-62,13,7
-62,13,7
-61,13,6
-61,13,5
-62,12,6
-62,12,6
-60,11,6
-61,10,6
-62,10,6
-62,10,6
-62,10,6
-62,10,5
-62,9,4
-62,9,4
-62,8,4
-62,7,4
-63,7,5
-65,5,7
-65,4,9
-66,1,14
-66,-1,14
-65,-3,13
-66,-2,15
-65,-1,14
-65,0,9
-65,1,7
-65,4,4
-65,4,3
-65,5,1
-65,5,1
-65,6,-2
-68,6,-4
-78,0,-11
-80,-1,-11
-76,-4,-9
-72,-5,-7
-66,-5,-6
-63,-5,-7
-62,-5,-8
-62,-4,-9
-62,-4,-9
-69,-4,-11
-77,-5,-11
-89,-9,-8
-89,-10,-2
-78,-10,17
-66,-9,18
-61,-1,20
-79,0,5
-85,12,-12
-72,17,-17
-60,18,-13
-43,22,-5
-38,28,-6
-34,37,-9
-29,40,-4
-25,43,6
-24,43,-1
-8,51,-12
-2,54,-13
5,57,-15
7,60,-18
9,58,-11
-7,58,-2
-14,59,0
-26,61,0
-27,62,-2
-26,66,-12
-23,66,-17
-36,63,-20
-42,60,-20
-43,58,-5
-56,51,-7
-78,39,-3
-19,6,59
-1,-15,88
-57,-15,84
-76,-1,64
-69,22,39
-57,26,34
-33,39,31
-24,42,25
-23,46,10
-25,45,1
-8,44,-5
-5,43,-10
-2,41,-16
2,31,-26
0,25,-41
-12,14,-71
-16,12,-82
-16,22,-86
-16,26,-87
-7,29,-77
-7,30,-71
-13,34,-62
-17,35,-60
-23,37,-57
-26,36,-55
-30,33,-56
-29,26,-67
-29,24,-72
-30,27,-73
-31,33,-65
-36,37,-47
-36,38,-39
-42,44,-21
-44,49,-11
-38,53,2
-38,55,-2
-17,57,4
-7,58,4
-7,55,7
-28,50,3
-38,45,0
-48,44,-4
-47,41,-1
-55,32,5
-51,31,-3
-67,30,-35
-61,29,-28
-41,37,-3
-41,38,5
-40,49,4
-46,50,6
-61,50,12
-36,53,17
-45,47,12
-43,33,-6
-41,29,-4
-52,23,36
-33,38,38
-35,51,24
-38,52,19
-27,58,26
-33,57,31
-34,51,17
-37,41,13
-27,39,15
-25,24,14
-29,26,23
-59,43,37
-47,43,50
-13,57,34
-16,52,24
-39,46,11
-27,46,9
-29,39,32
-35,36,37
-43,32,36
-37,31,44
-34,36,54
-60,43,55
-57,44,56
-27,55,39
-37,49,31
-21,39,3
-35,28,14
-27,32,72
-31,35,86
-17,50,58
-14,47,38
-35,36,-9
-62,35,9
-42,48,47
-21,44,46
-16,43,42
-5,42,36
-16,44,29
-49,51,15
-56,51,15
-46,49,22
-41,46,25
-32,44,36
-31,44,39
-26,41,48
-27,39,49
-28,37,46
-33,38,42
-35,40,40
-36,38,37
-36,36,37
-36,31,34
-35,28,35
-33,26,37
-31,29,39
-30,29,38
-30,28,38
-29,27,40
-28,26,41
-28,26,41
-29,24,41
-29,21,41
-29,20,42
-29,20,43
-29,17,43
-29,16,43
-29,10,40
-31,9,40
-34,4,41
-34,0,43
-45,-9,45
-53,-18,49
-49,-21,54
-40,-29,60
-37,-33,64
-25,-43,67
-18,-44,63
-19,-40,52
-24,-42,48
-29,-53,44
-28,-54,41
-23,-57,38
-22,-56,38
-21,-58,37
-18,-57,38
-18,-55,38
-19,-57,40
-19,-58,40
-21,-63,40
-21,-66,40
-18,-69,39
-17,-69,37
-17,-67,32
-17,-66,28
-19,-65,22
-20,-63,19
-22,-62,12
-23,-58,8
-24,-56,7
-27,-54,5
-27,-53,4
-27,-53,3
-27,-54,3
-24,-57,5
-23,-58,6
-22,-59,9
-23,-61,10
-21,-62,12
-20,-64,14
-18,-65,15
-17,-67,17
-15,-67,18
-13,-66,20
-13,-65,20
-12,-64,21
-12,-63,21
-13,-60,20
-13,-60,20
-13,-59,20
-13,-58,19
-13,-58,19
-14,-58,18
-15,-59,18
-17,-60,16
-18,-60,16
-21,-60,15
-23,-59,15
-25,-60,16
-25,-59,16
-23,-59,18
-23,-58,18
-24,-60,17
-24,-61,15
-22,-60,15
-24,-61,13
-25,-61,13
-23,-61,15
-22,-61,16
-20,-61,17
-19,-62,17
-16,-61,18
-16,-60,18
-16,-60,17
-16,-59,17
-16,-61,17
-16,-61,16
-15,-60,14
-18,-59,12
-19,-58,12
-21,-60,11
-21,-60,11
-21,-60,12
-21,-60,12
-22,-60,13
-21,-60,12
-21,-60,12
-20,-60,11
-21,-61,10
-21,-61,10
-21,-61,9
-22,-60,9
-23,-60,9
-21,-60,10
-21,-59,11
-19,-60,13
-18,-60,14
-17,-61,15
-17,-61,15
-17,-61,15
-18,-61,15
-18,-61,14
-18,-61,13
-19,-61,13
-20,-60,12
-20,-60,11
-19,-60,10
-19,-60,10
-20,-60,9
-20,-59,9
-21,-59,9
-21,-59,10
-20,-60,11
-20,-61,11
-20,-61,12
-20,-61,12
-20,-62,12
-20,-61,11
-20,-61,11
-20,-61,11
-20,-61,11
-27,-62,11
-37,-66,10
-47,-74,12
-42,-75,16
-30,-73,23
-27,-74,23
-32,-61,10
-28,-46,-14
-50,-31,-11
-57,-40,22
-44,-28,36
-29,-12,25
-28,-18,16
-49,-26,-5
-45,-34,-16
-17,-31,-8
-7,-33,-1
8,-46,7
11,-53,10
0,-70,11
-37,-91,13
-57,-96,13
-42,-85,3
-19,-79,3
9,-83,17
9,-82,22
-6,-76,22
-15,-70,20
-27,-59,17
-30,-56,16
-23,-55,16
-21,-58,16
-17,-64,15
-14,-67,12
-13,-66,11
-14,-66,10
-13,-66,8
-13,-64,6
-13,-63,5
-14,-61,4
-15,-60,3
-17,-58,3
-18,-57,4
-18,-56,5
-16,-55,7
-15,-55,8
-15,-57,10
-16,-59,11
-17,-62,13
-18,-64,13
-20,-67,15
-21,-68,16
-20,-68,16
-19,-67,16
-17,-67,15
-16,-67,15
-17,-66,13
-17,-64,9
-18,-63,8
-21,-61,6
-22,-60,5
-23,-58,5
-23,-58,5
-21,-58,6
-20,-58,7
-18,-59,7
-17,-59,8
-17,-59,10
-18,-60,11
-17,-60,13
-19,-60,19
-25,-61,23
-34,-68,26
-37,-72,31
-55,-71,38
-74,-70,22
-107,-62,4
-108,-64,5
-82,-63,14
-78,-62,17
-82,-61,13
-74,-59,14
-52,-48,21
-45,-37,22
-41,-32,24
-27,-20,27
-25,-15,31
-19,-10,33
-18,-8,33
-20,-5,35
-21,-4,37
-17,-2,39
-15,-2,40
-13,1,40
-11,3,40
-10,5,39
-5,6,40
-14,6,44
-26,-2,51
-23,-7,56
-2,-17,68
11,-20,71
30,-24,73
36,-26,73
31,-25,68
26,-24,66
19,-21,67
18,-21,68
17,-19,70
19,-14,73
20,-12,75
15,-13,74
12,-14,75
11,-11,74
12,-10,74
16,-10,63
17,-9,58
16,-2,51
15,-1,46
22,0,43
27,1,42
24,3,46
12,4,48
18,6,48
26,14,43
20,4,43
22,-10,47
28,-13,46
41,-16,45
46,-13,45
42,-10,42
38,-4,41
33,7,53
33,-1,55
26,-7,65
39,-16,64
45,-16,63
40,-14,53
38,-16,48
36,-13,44
37,-16,43
37,-21,43
39,-19,45
38,-18,43
36,-16,43
36,-23,41
39,-21,40
49,-18,34
38,-21,30
31,-30,28
39,-38,26
40,-37,26
11,-32,17
-4,-35,20
-19,-39,32
-24,-45,37
-14,-50,43
-7,-50,47
7,-54,45
-14,-62,40
-30,-69,42
-29,-72,36
-28,-68,33
-53,-78,31
-55,-81,23
-60,-68,25
-67,-61,29
-70,-46,38
-65,-52,54
-65,-69,56
-61,-80,55
-44,-91,46
-43,-99,43
-43,-99,44
-33,-84,32
-28,-72,23
-25,-64,9
-25,-66,6
-30,-72,4
-32,-71,2
-29,-64,-5
-24,-68,-7
-18,-65,-4
-18,-64,-4
-18,-63,-3
-17,-60,-2
-17,-57,-1
-13,-58,0
-10,-57,1
-10,-61,5
-11,-59,8
-16,-64,17
-13,-65,19
-3,-63,20
-1,-67,25
-9,-69,33
-12,-68,32
-11,-62,27
-10,-71,20
-11,-77,16
-10,-86,9
-10,-82,6
-12,-65,1
-15,-56,0
-26,-46,-2
-31,-44,-3
-38,-43,-2
-35,-44,-1
-29,-45,6
-27,-45,10
-33,-53,19
-31,-60,21
-30,-61,20
-33,-65,17
-34,-74,15
-34,-95,17
-27,-98,19
-13,-80,22
-12,-68,20
-14,-59,15
-18,-60,13
-26,-63,10
-26,-64,1
-22,-60,-1
-15,-55,1
-14,-53,2
-19,-49,1
-21,-48,0
-23,-48,-1
-22,-51,-1
-19,-59,2
-16,-63,4
-9,-66,7
-8,-67,9
-12,-69,13
-14,-74,13
-17,-74,16
-24,-67,22
-23,-62,23
-15,-55,22
-12,-58,20
-9,-72,15
-9,-77,12
-10,-74,7
-10,-66,4
-14,-51,0
-18,-47,-1
-26,-44,-1
-32,-44,3
-28,-45,4
-24,-47,9
-24,-50,13
-27,-60,20
-27,-64,21
-29,-71,22
-31,-76,22
-37,-93,21
-32,-104,19
-11,-82,20
-9,-67,19
-15,-61,12
-24,-67,8
-26,-71,5
-22,-62,-2
-20,-57,-3
-20,-52,1
-21,-53,3
-23,-54,0
-22,-54,-1
-18,-55,-1
-16,-57,-1
-11,-59,1
-9,-60,2
-11,-59,4
-20,-58,7
-25,-58,11
-26,-64,18
-20,-69,18
-5,-78,25
0,-76,30
0,-68,37
-2,-65,34
-7,-68,19
-9,-72,12
-9,-77,5
-12,-66,3
-14,-57,4
-22,-44,6
-25,-42,8
-29,-43,8
-27,-43,9
-21,-44,12
-18,-45,16
-20,-52,23
-22,-57,24
-33,-74,20
-45,-92,18
-48,-95,20
-32,-80,21
-23,-79,18
-35,-78,16
-41,-77,16
-58,-61,15
-51,-50,15
-42,-39,12
-40,-38,8
-39,-35,9
-38,-35,11
-46,-38,17
-46,-40,21
-38,-41,28
-29,-35,36
-29,-31,38
-37,-21,40
-43,-16,40
-45,-2,38
-42,4,37
-38,8,33
-37,8,29
-41,8,18
-41,8,7
-41,0,-23
-54,-1,-27
-66,-8,-41
-48,-24,-34
-54,-29,-39
-55,-27,-34
-52,-25,-31
-50,-30,-24
-52,-32,-27
-47,-42,-37
-46,-50,-35
-35,-74,-52
-30,-77,-62
-16,-72,-81
-19,-57,-84
-12,-21,-76
-81,-8,3
-69,6,55
-64,-2,7
-52,-21,-13
-23,-42,-128
-5,-49,-128
2,-32,-96
-18,-17,-74
-103,-7,58
-57,-5,62
-54,-8,-11
-22,-50,-103
-2,-53,-128
-4,-36,-92
-13,-16,-83
-89,6,85
-52,-5,71
-47,-19,-13
-24,-34,-54
-8,-41,-128
-14,-27,-112
-22,-11,-77
-79,2,44
-41,-17,35
-47,-35,-23
-33,-48,-83
-8,-35,-128
-10,-28,-76
-22,-22,-81
-83,-8,31
-59,-18,44
-55,-5,5
-21,-46,-77
-28,-60,-128
-11,-25,-91
-17,-17,-84
-78,1,51
-41,-16,37
-54,-13,-2
-32,-51,-101
-22,-57,-128
-20,-18,-56
-16,-11,-81
-75,2,36
-66,11,87
-56,-5,-1
-41,-37,-20
-34,-52,-128
-34,-28,-128
-36,-11,-68
-73,11,42
-41,6,67
-56,-17,-19
-48,-36,-36
-24,-53,-128
-40,-29,-85
-35,-23,-73
-42,-24,-28
-70,-17,11
-57,-13,11
-69,-17,-16
-91,-23,-17
-95,-25,-60
-83,-6,-56
-82,-5,-44
-65,4,-33
-59,9,-29
-47,17,-20
-43,19,-14
-38,11,-24
-34,12,-28
-38,6,-33
-38,0,-37
-34,-3,-45
-34,-9,-51
-27,1,-50
-34,9,-45
-32,10,-49
-32,14,-36
-32,20,-40
-37,22,-52
-38,23,-52
-32,21,-52
-34,21,-53
-39,19,-50
-36,18,-46
-33,18,-43
-38,11,-45
-32,5,-43
-21,4,-36
-26,10,-40
-16,6,-40
-16,3,-41
-28,14,-54
-28,19,-53
-39,30,-58
-44,33,-66
-59,39,-77
-60,38,-77
-56,35,-77
-38,28,-77
-31,25,-77
-26,23,-66
-27,22,-58
-30,15,-51
-32,10,-43
-32,7,-36
-29,3,-35
-33,6,-37
-31,5,-38
-42,7,-39
-38,4,-36
-38,11,-46
-36,15,-45
-38,18,-53
-39,17,-50
-37,17,-47
-43,17,-46
-41,15,-43
-37,13,-45
-38,12,-47
-35,8,-48
-31,4,-47
-28,-3,-53
-25,-5,-54
-21,-8,-67
-40,-8,-60
-43,-1,-54
-18,25,-46
-25,35,-35
-62,42,-28
-54,50,-10
-62,43,29
-46,36,54
-67,16,71
-51,-1,83
17,-24,109
-4,-7,78
-21,-16,39
-91,-15,0
-114,4,0
-93,25,19
-56,8,80
17,-8,127
45,-10,127
20,-22,81
-10,-13,27
-64,-29,-22
-120,-25,-38
-122,13,-10
-89,15,28
-8,-2,127
66,-18,127
42,-7,99
-18,-13,16
-30,-31,6
-128,-27,-37
-128,3,-21
-81,26,39
-59,3,64
15,-18,122
55,-22,127
17,-18,82
1,-14,35
-54,-32,-11
-128,-12,-28
-123,4,-7
-72,24,46
-45,4,72
-10,-14,105
45,-12,127
30,-20,79
3,-1,29
-48,-27,1
-76,-27,-25
-125,-9,-17
-81,8,41
-85,20,42
-29,4,106
-4,-12,101
29,-1,113
22,-15,86
-38,-10,10
-44,-24,4
-84,-17,-27
-113,-8,-17
-87,11,34
-86,21,54
-34,8,106
31,-4,115
39,-1,125
-8,0,17
-42,-4,9
-77,-36,-20
-84,-22,-31
-113,-2,-10
-77,14,26
-73,3,46
-47,5,97
-6,-14,106
47,4,106
29,-17,67
-56,-8,6
-43,-21,13
-76,-14,-17
-84,-6,0
-88,0,21
-74,10,53
-50,6,69
-50,9,78
10,-2,97
4,13,86
-23,-2,50
-50,2,42
-24,-9,34
15,-15,48
-1,-20,49
18,-30,38
19,-21,22
-69,-28,9
-119,-62,-3
-128,-14,-46
-127,2,-29
-103,20,60
-64,6,98
36,13,118
56,-13,127
-1,-44,13
-67,-42,-20
-88,-42,-33
-128,5,-58
-100,6,22
-53,-2,51
-55,6,69
65,0,112
95,-25,100
-48,-37,7
-56,-39,-6
-128,-48,-70
-128,-3,21
-66,6,47
2,-4,80
63,-15,120
59,-42,62
-33,-34,19
-33,-36,-4
-128,-52,-39
-128,-5,-18
-91,4,44
-49,10,50
-32,9,75
98,-11,127
-7,-34,23
-51,-34,1
-128,-62,-34
-128,-36,-51
-104,8,48
-83,20,33
-31,6,77
32,-21,99
66,-32,67
7,-31,37
-28,-43,4
-119,-50,-23
-128,0,-20
-88,15,28
-60,17,45
50,-1,116
95,-15,127
7,-26,38
-50,-31,23
-121,-49,-37
-128,-44,-53
-100,-1,17
-87,7,39
8,6,71
112,-14,126
42,-38,71
-33,-45,2
-113,-47,-13
-128,4,-23
-107,6,15
-66,4,14
-16,-10,32
111,-23,127
95,-22,110
-43,0,27
-120,10,-7
-128,-3,-9
-116,5,11
-36,10,30
96,6,127
62,7,123
-42,-9,-2
-104,-9,-13
-128,-3,-37
-100,8,13
2,-1,5
127,-4,92
60,-20,123
-26,-32,42
-128,-15,-29
-128,-23,-30
-93,12,4
32,-6,39
125,-21,115
32,-28,106
-13,-18,60
-128,-10,-39
-128,-46,-41
-102,1,20
-72,18,-6
109,3,108
127,-37,127
16,-26,61
-84,-34,-8
-128,-48,-56
-128,5,-6
-85,11,3
54,-16,83
127,-37,127
43,-20,77
-8,-27,14
-128,-50,-22
-128,-24,-18
-59,1,35
-82,16,-2
88,-6,101
82,-12,124
10,-10,78
-85,3,10
-115,-1,-14
-112,-15,-7
-60,3,41
-37,13,58
-25,8,60
-50,-3,21
-78,7,5
-70,7,-28
-61,19,-36
-45,22,-34
-65,19,-57
-50,20,-40
-40,14,-45
-45,5,-48
-59,14,-52
-60,18,-60
-50,11,-46
-61,31,-44
-62,12,-28
-78,10,-37
4,14,-11
-11,21,36
-35,1,50
-43,-3,72
-39,-1,65
-42,3,53
-69,-15,26
-67,8,30
-53,9,33
-61,13,19
-70,9,14
-39,3,38
-54,11,39
-71,7,-36
-68,4,-8
-56,6,4
-54,9,-4
-55,11,0
-62,11,-8
-67,10,-11
-62,8,-11
-65,8,-17
-70,6,-32
-73,4,-25
-64,6,-14
-70,10,-27
-55,5,-3
-44,-1,26
-64,-4,26
-81,0,16
-66,5,25
-58,-5,42
-52,-8,45
-31,-10,46
-29,-16,50
-41,-15,38
-38,-15,38
-37,-24,39
-38,-24,42
-48,-19,47
-51,-13,44
-50,-12,42
-49,-15,40
-48,-14,40
-49,-9,39
-48,-8,38
-50,-9,34
-54,-9,30
-65,-8,24
-62,-7,25
-60,-11,24
-64,-10,18
-65,-7,14
-64,-9,14
-61,-9,13
-73,-11,2
-75,-6,0
-60,-5,6
-60,-3,4
-67,-4,-2
-68,-3,-5
-61,-5,1
-59,-4,3
-73,-2,-6
-69,1,-5
-72,-18,-4
-69,-14,-4
-57,-11,7
-55,-18,33
-61,-17,27
-39,-13,29
-53,-24,18
-67,-18,20
-61,-19,25
-63,-27,30
-64,-13,30
-48,6,30
-43,-1,33
-42,3,37
-58,-12,29
-66,-11,29
-58,-6,30
-58,-6,31
-57,-5,32
-59,-7,30
-52,-6,34
-49,-4,36
-50,-3,32
-51,-1,29
-62,-4,23
-70,0,15
-62,2,21
-53,-1,27
-54,-2,24
-56,3,22
-95,15,-6
-58,-28,29
-63,-9,35
-60,-14,27
-55,-9,27
-53,-10,32
-52,-5,34
-56,-4,28
-57,-11,26
-56,-15,27
-55,-10,36
-54,-13,34
-55,-21,29
-56,-25,30
-60,-25,33
-43,-6,36
-37,-10,39
-69,0,30
-47,-3,35
-54,-7,32
-65,-3,26
-61,-8,23
-64,-6,18
-61,-6,21
-56,-6,22
-62,-6,20
-63,-5,13
-67,-4,10
-67,-5,11
-57,-2,16
-53,-2,18
-80,-9,-4
-83,-9,-9
-61,2,5
-55,0,9
-58,-1,-1
-70,-15,-8
-66,-10,-8
-54,-1,-6
-56,-7,-11
-85,-19,-30
-78,-16,-24
-65,-11,-13
-61,-5,-8
-62,-16,-1
-56,-25,6
-57,-8,19
-62,-12,10
-70,-13,0
-67,-15,0
-53,-16,12
-59,-20,7
-60,-27,6
-73,-19,-5
-71,-16,4
-65,-9,4
-70,-11,-5
-67,-11,-5
-65,-13,-3
-60,-12,0
-62,-14,-4
-62,-15,-4
-61,-12,-7
-65,-10,-9
-64,-9,-9
-84,39,-11
-57,-23,19
-62,-44,-6
-57,-17,-9
-58,-17,-17
-65,-14,-26
-54,-9,-27
-57,0,-47
-83,-5,-33
-36,-4,-27
-60,-3,-35
-58,-2,-38
-68,-3,-45
-57,1,-32
-65,7,-33
-74,2,-19
-71,9,11
-56,5,34
-59,-5,18
-54,0,15
-54,-4,11
-37,-18,5
-52,-26,-19
-113,-15,-36
-92,-4,-10
-59,3,26
-61,5,51
-49,-7,88
-24,-13,101
-1,-4,74
-27,-8,48
-38,-1,9
-40,-26,11
-104,-25,-36
-98,-9,-6
-88,-1,0
-60,4,36
-60,-11,87
-15,-3,95
-19,-10,82
-53,4,-6
-61,8,2
-60,-20,-17
-91,-27,-27
-108,-11,-7
-86,-4,17
-74,2,26
-47,-2,51
5,-13,94
-17,-18,37
-49,-3,12
-40,-14,26
-39,-15,10
-120,-29,-16
-128,-17,1
-84,6,21
-18,3,64
-25,1,56
-25,-2,58
-53,-10,20
-77,-8,12
-77,-12,15
-57,-15,5
-68,-21,5
-82,-22,-16
-65,-17,-13
-64,-26,-5
-63,-30,-2
-64,-26,-3
-63,-25,-6
-54,-25,7
-60,-26,9
-59,-27,9
-56,-27,14
-56,-28,15
-56,-29,13
-56,-30,12
-58,-32,11
-57,-32,12
-56,-33,13
-54,-34,13
-56,-33,11
-60,-32,9
-66,-32,7
-59,-30,15
-56,-30,21
-55,-29,22
-40,-30,29
-12,-39,45
-8,-38,48
-12,-38,53
-12,-38,53
-5,-35,52
-6,-34,54
-5,-33,56
-3,-33,57
-2,-29,55
-2,-26,56
-3,-27,56
-3,-31,54
-3,-31,53
1,-32,56
2,-34,54
3,-35,52
2,-35,52
3,-33,51
2,-34,51
-2,-36,55
-5,-36,56
-5,-35,54
-10,-36,60
-13,-39,64
-11,-35,62
-13,-36,56
-16,-40,46
-16,-37,47
-19,-27,47
-22,-24,48
-28,-20,51
-28,-14,51
-28,-15,53
-28,-14,54
-29,-13,53
-29,-13,53
-31,-16,54
-33,-23,55
-32,-25,56
-30,-27,54
-30,-26,52
-34,-24,49
-34,-26,49
-29,-24,49
-29,-25,49
-30,-22,49
-32,-23,49
-32,-23,50
-32,-22,51
-33,-22,51
-35,-24,51
-34,-23,51
-32,-24,51
-32,-24,51
-32,-24,51
-32,-24,50
-30,-24,49
-31,-21,50
-35,-22,52
-37,-23,52
-37,-24,49
-41,-20,46
-41,-20,45
-40,-12,39
-41,-9,37
-51,-8,39
-51,-1,38
-51,9,40
-50,9,29
-48,6,24
-54,-5,23
-42,-8,23
-73,-25,15
-71,-30,10
-40,-41,23
-33,-42,12
-78,-44,-22
-84,-59,-18
-81,-21,-25
-91,-13,-22
-78,-14,2
-70,-8,6
-47,-9,37
-54,-9,22
-63,-20,7
-39,-28,19
-53,-30,-22
-54,-30,-62
-44,-31,-74
-56,-35,-98
-36,-28,-62
-10,-23,-63
-35,-20,-62
-78,-1,17
-71,-7,17
-57,-10,-34
-24,-15,-25
-7,-32,-84
-4,-36,-128
-10,-27,-92
1,-25,-70
-11,-22,-59
-81,-17,24
-65,-31,6
-54,-14,-21
-36,-16,-5
-4,-47,-127
8,-37,-128
-5,-23,-86
-39,-13,-38
-83,0,60
-56,-26,-6
-41,-28,-33
-6,-45,-119
11,-42,-128
-18,-19,-51
-13,-26,-67
-32,-18,-19
-48,-17,23
-35,-33,-32
-36,-33,-62
-37,-34,-73
-30,-28,-60
-48,-31,-53
-50,-32,-40
-50,-31,-35
-44,-24,-37
-44,-22,-40
-46,-18,-42
-46,-16,-43
-46,-14,-42
-47,-14,-42
-47,-11,-41
-48,-11,-39
-49,-10,-34
-49,-11,-32
-51,-11,-33
-55,-14,-33
-55,-15,-32
-54,-14,-31
-53,-13,-30
-56,-14,-31
-55,-12,-31
-57,-10,-35
-59,-10,-37
-59,-6,-34
-58,-6,-32
-57,-7,-26
-64,-13,-24
-64,-15,-19
-59,-16,-7
-57,-15,2
-50,-20,15
-48,-25,17
-48,-27,-6
-60,-27,-15
-52,-26,20
-39,-25,33
-43,-27,20
-55,-26,6
-97,-31,-24
-67,-17,15
-61,-21,18
-54,-22,9
-61,-19,4
-76,-21,7
-65,-18,15
-48,-18,29
-50,-20,28
-47,-22,25
-49,-21,21
-59,-25,14
-60,-26,13
-52,-26,21
-56,-27,24
-61,-27,22
-60,-25,25
-58,-24,25
-59,-24,23
-60,-25,21
-59,-23,22
-58,-22,23
-58,-22,22
-59,-22,22
-59,-23,24
-59,-23,26
-55,-21,25
-53,-19,25
-53,-17,24
-52,-16,24
-53,-14,24
-55,-14,24
-56,-15,24
-58,-17,24
-60,-18,21
-62,-20,21
-62,-21,23
-64,-24,25
-64,-26,25
-61,-26,25
-60,-23,25
-63,-22,24
-61,-15,29
-55,-12,30
-50,-10,36
-50,-10,44
-35,-7,45
-26,-6,46
-24,-8,50
-20,-6,56
3,-4,59
-6,-11,57
-4,-9,57
31,-54,52
19,-48,106
-30,10,78
-63,14,77
-22,26,61
10,17,60
-22,16,52
-37,27,46
-43,35,36
-43,36,37
-39,37,44
-30,41,45
-20,35,60
-46,35,-3
-37,40,-52
-2,51,-95
0,50,-101
-34,24,-115
-41,18,-94
-50,-19,-46
-128,-110,7
127,-58,127
118,16,127
-23,18,47
-16,18,84
40,1,95
-1,-21,48
-34,-16,41
-40,-26,54
-58,-11,52
-52,-42,72
-65,-49,53
-18,-30,69
-11,-19,64
-27,-12,48
-33,-13,39
-40,-8,38
-55,-25,23
-62,-22,29
-64,-19,22
-71,-20,18
-79,-21,17
-75,-25,12
-69,-28,11
-65,-25,12
-67,-24,12
-64,-23,12
-70,-25,11
-63,-22,15
-67,-35,9
-45,-36,28
-43,-35,31
-30,-38,30
-33,-41,28
-49,-44,19
-41,-43,17
-35,-43,27
-35,-44,26
-60,-57,5
-48,-59,10
-30,-53,34
-36,-47,34
-38,-45,35
-34,-43,31
-33,-46,27
-41,-43,27
-35,-41,24
-37,-46,18
-37,-46,22
-44,-47,20
-46,-48,15
-44,-46,17
-43,-46,18
-34,-48,22
-33,-53,20
-32,-53,22
-25,-52,24
-25,-54,25
-27,-55,24
-25,-53,23
-26,-55,23
-25,-56,24
-26,-56,24
-24,-56,25
-25,-56,18
-22,-58,23
-23,-58,25
-25,-57,21
-26,-57,20
-24,-57,19
-25,-58,17
-24,-58,15
-24,-59,15
-24,-58,16
-23,-57,17
-24,-57,18
-24,-58,19
-23,-58,19
-22,-58,19
-21,-59,18
-20,-57,17
-20,-56,17
-22,-56,19
-23,-56,19
-25,-56,21
-27,-58,23
-31,-62,25
-33,-65,26
-36,-65,26
-38,-63,26
-46,-56,18
-54,-53,11
-70,-47,-1
-74,-42,-6
-73,-36,-7
-74,-26,-13
-73,-21,-12
-67,-13,-17
-72,-8,-21
-70,-4,-18
-68,-1,-17
-71,1,-15
-69,4,-10
-53,10,2
-43,13,7
-42,14,19
-25,12,34
-9,10,36
8,11,38
21,9,42
10,12,58
5,12,55
-11,-7,61
18,-16,75
-5,25,74
-1,14,63
36,34,37
-59,29,25
16,31,65
-39,14,16
-72,17,18
-46,34,52
-43,28,60
-29,17,50
-98,1,26
-63,30,-11
-32,37,-16
-43,50,-67
-40,65,-67
3,85,-80
-2,53,-65
-21,32,-80
-128,-44,-15
127,-128,127
-90,-15,35
-46,-16,41
-47,-17,42
19,-15,73
85,-36,117
7,-36,82
35,-16,115
-81,-11,57
-123,3,2
-128,-12,-6
-120,25,-6
4,-12,72
0,-31,69
70,-14,106
105,-4,108
-15,22,80
-55,24,54
-128,43,-16
-74,21,5
11,-4,32
-11,-4,17
27,-5,77
-15,4,127
-60,9,125
-77,19,65
-81,18,59
-52,17,25
-40,14,-17
-18,21,-19
-27,33,27
-55,34,24
-44,41,26
-48,40,33
-49,43,86
-62,46,113
-43,56,38
-41,-9,-63
-23,43,-59
-52,52,18
-28,39,44
-29,43,43
-29,44,19
-38,51,-8
-44,56,3
-22,47,20
-52,33,23
-45,39,20
-40,26,44
-42,32,41
-47,28,41
-41,34,41
-33,38,35
-35,39,39
-42,40,29
-43,40,24
-46,37,23
-51,37,26
-53,36,25
-59,34,23
-62,28,22
-64,23,28
-67,20,30
-66,19,29
-70,14,22
-67,19,8
-56,36,3
-35,38,12
-61,27,7
-58,26,12
-67,25,15
-59,22,23
-19,15,44
-20,-18,50
-2,3,60
-35,16,54
-28,37,51
-47,32,50
-38,18,65
-25,15,70
-27,10,59
-15,-11,74
13,-27,33
-12,-19,66
-1,-8,73
-18,-11,71
-1,-14,62
0,-7,63
5,-16,64
7,28,68
-24,6,54
-12,23,64
-23,23,44
-23,18,37
-24,25,52
-9,30,49
-24,33,59
-35,33,51
-40,31,55
-36,20,45
-34,25,50
-37,22,41
-41,27,42
-41,24,31
-43,30,33
-59,24,25
-58,35,23
-39,31,31
-42,31,30
-53,35,18
-55,27,17
-66,33,15
-58,27,17
-56,25,13
-59,24,9
-62,28,11
-64,35,0
-53,30,0
-50,34,-1
-73,23,-13
-96,35,-36
-89,24,-45
-14,48,-45
-9,28,-7
-26,28,-7
-59,24,-32
-64,24,-39
-41,20,-35
-35,18,-42
-57,22,-36
-57,24,-38
-40,24,-17
-41,25,-17
-53,24,-39
-52,28,-43
-22,47,-19
-64,43,-41
-73,43,29
-58,20,56
-55,35,55
-42,25,21
-34,19,14
-19,25,51
-34,22,59
-58,11,5
-52,-12,7
-62,10,73
-44,11,67
-41,1,50
-45,-1,36
-29,-21,15
22,-17,40
-1,-26,76
-37,19,72
-85,16,76
-80,21,78
-70,22,69
-54,19,51
-49,10,43
-31,-2,52
10,-128,-54
-14,54,89
-29,6,74
-35,-11,71
-52,2,47
-6,11,71
-16,-6,49
-63,6,18
-68,9,24
-56,14,21
-37,17,3
-45,12,-12
-66,15,-45
-45,19,-35
-66,25,-42
-71,32,-45
-59,33,-31
-37,38,-20
-38,42,-25
-48,37,0
-45,28,5
-30,-14,36
46,-43,127
-23,10,67
-31,8,43
-50,6,57
-35,6,56
-7,15,67
-33,19,45
-48,19,34
-37,20,55
-28,17,54
-32,17,59
-33,16,56
-41,15,53
-41,10,56
-19,-2,66
9,-9,70
94,-53,82
44,-81,23
-113,-109,15
-87,-74,32
-88,-60,41
-58,-39,59
-52,-35,58
-48,-31,38
-50,-34,24
-49,-41,-10
-47,-34,-27
-54,-44,-33
-66,-50,-43
-76,-40,-41
-63,-28,-37
-53,-20,-28
-58,-25,-25
-50,-43,-16
-29,-24,8
-30,-18,10
-43,-30,0
-52,-40,-4
-47,-58,-18
-39,-65,-18
-32,-90,-2
-23,-96,11
-1,-91,33
11,-71,45
4,-69,44
-8,-66,31
-10,-65,25
-22,-91,13
-16,-77,16
-7,-67,13
-12,-66,12
-16,-60,7
-17,-56,5
-19,-56,2
-21,-57,1
-15,-55,3
-13,-55,3
-18,-58,1
-21,-53,6
-25,-54,9
-34,-64,19
-34,-65,23
-22,-67,30
-16,-66,34
-2,-57,41
0,-58,41
-4,-63,36
-3,-63,33
-5,-60,26
-12,-54,22
-14,-50,22
-19,-47,19
-20,-48,18
-21,-49,14
-22,-50,15
-22,-52,19
-23,-54,21
-24,-58,25
-26,-60,26
-25,-62,28
-24,-62,29
-24,-63,29
-27,-74,30
-30,-89,31
-20,-99,24
-16,-86,21
-18,-62,15
-20,-59,12
-24,-60,7
-25,-66,4
-21,-69,-1
-16,-66,-1
-15,-59,1
-18,-58,2
-21,-58,1
-21,-53,-1
-20,-53,-1
-17,-54,1
-17,-57,2
-14,-60,5
-14,-61,7
-17,-61,14
-18,-61,19
-14,-63,24
-12,-69,25
-6,-74,33
-2,-69,40
1,-64,40
-2,-57,32
-4,-60,28
-8,-68,21
-10,-74,18
-16,-75,4
-21,-69,-1
-31,-57,2
-34,-53,0
-33,-53,-6
-30,-55,-3
-18,-53,7
-11,-60,10
-7,-65,17
-14,-67,23
-28,-65,15
-58,-74,7
-44,-74,24
-35,-65,21
-40,-60,3
-33,-64,-8
-39,-70,-37
-45,-44,-49
-20,-38,-40
-3,-42,-25
-18,-52,-29
-14,-48,-30
-17,-50,-39
-20,-46,-40
-14,-48,-37
-16,-47,-34
-33,-59,-35
-41,-50,-35
-39,-53,-36
-33,-50,-34
-26,-57,-33
-27,-59,-28
-17,-49,11
-23,-70,-18
-7,-74,-29
-27,-75,-36
-46,-75,-27
-14,-61,-24
-1,-52,-27
3,-38,-29
6,-32,-26
6,-37,-18
0,-37,-18
-26,-48,-25
-31,-62,-23
-31,-64,-20
-36,-66,-22
-37,-67,-21
-22,-60,-11
-19,-55,-4
-26,-56,-1
-32,-52,-3
-23,-51,-2
-35,-51,-12
-27,-57,-8
-27,-58,-15
-24,-58,-21
-16,-64,-25
-26,-63,-64
-24,-58,-55
-14,-56,-46
-6,-47,-26
-13,-44,-30
-21,-48,-37
-22,-48,-41
-12,-49,-36
-8,-48,-34
-9,-51,-31
-10,-52,-30
-14,-45,-31
-9,-41,-33
-5,-40,-34
-1,-52,-32
-5,-58,-37
0,-68,-38
-2,-68,-42
-6,-68,-45
-14,-66,-48
-29,-65,-49
-32,-66,-40
-7,-63,-20
8,-59,-15
27,-55,-18
7,-50,-37
2,-48,-38
27,-57,-7
2,-56,-16
24,-52,10
0,-42,-3
-47,-50,-20
-62,-54,-12
-45,-58,18
-38,-73,22
1,-89,19
9,-98,31
-13,-94,-20
-10,-97,-40
-8,-92,-38
0,-63,-38
2,-51,-36
4,-55,-10
-6,-48,-15
-12,-43,9
-24,-45,9
-41,-50,2
-50,-59,-9
-41,-68,-25
-24,-73,-36
-11,-76,-44
-20,-77,-30
-23,-71,-27
-23,-70,-24
-24,-71,-21
-19,-77,-19
-19,-79,-19
-20,-79,-12
-22,-82,-9
-26,-85,-4
-23,-82,-1
-15,-75,9
-12,-69,14
-5,-65,22
-2,-62,18
-2,-61,13
-5,-58,10
-7,-58,10
-13,-55,9
-21,-56,9
-39,-62,6
-41,-61,6
-35,-58,12
-29,-56,17
-27,-51,23
-31,-47,17
-47,-44,9
-67,-43,-11
-72,-44,-18
-58,-56,-28
-54,-67,-30
-56,-75,-33
-55,-77,-33
-43,-70,-34
-39,-66,-32
-31,-59,-24
-31,-55,-21
-33,-53,-14
-31,-58,4
-28,-61,6
-18,-60,8
-13,-59,9
-7,-56,8
-10,-55,9
-18,-56,8
-20,-53,8
-23,-57,14
-21,-64,13
-9,-80,9
-4,-83,7
-12,-88,7
-29,-78,7
-36,-72,8
-31,-60,7
-26,-62,7
-14,-65,6
-10,-68,6
-8,-70,5
-8,-68,3
-13,-54,-2
-16,-48,-5
-28,-39,-4
-35,-38,-1
-45,-46,8
-37,-54,12
-25,-58,15
2,-67,29
6,-68,33
-7,-74,27
-18,-80,23
-43,-103,18
-42,-104,16
-25,-66,15
-21,-53,15
-21,-56,12
-24,-61,9
-26,-71,3
-22,-70,-1
-18,-67,-1
-16,-58,0
-16,-56,1
-20,-57,-1
-21,-56,-2
-21,-58,-4
-19,-59,-3
-16,-61,-1
-14,-62,0
-11,-66,4
-9,-68,5
-10,-69,9
-22,-67,18
-27,-63,23
-21,-57,30
-10,-57,30
9,-62,28
11,-68,24
6,-76,15
0,-77,12
-13,-67,9
-17,-58,7
-24,-48,4
-27,-47,3
-30,-46,2
-24,-47,4
-21,-49,7
-19,-52,10
-20,-56,10
-34,-77,10
-50,-92,13
-60,-104,7
-45,-88,7
-12,-60,14
-10,-59,14
-15,-66,11
-17,-72,11
-18,-77,13
-12,-69,9
-11,-64,5
-13,-60,1
-16,-61,-1
-20,-61,-7
-20,-62,-10
-19,-65,-15
-18,-66,-15
-16,-64,-12
-13,-64,-10
-11,-70,-6
-17,-71,-3
-33,-59,10
-44,-41,24
-33,-37,27
5,-55,36
20,-65,35
32,-75,26
27,-74,22
2,-67,17
-13,-62,16
-32,-53,12
-34,-51,10
-34,-49,5
-29,-51,7
-26,-54,10
-21,-59,15
-21,-61,15
-24,-64,16
-27,-64,15
-34,-71,14
-39,-82,14
-38,-110,14
-28,-98,16
-20,-62,16
-21,-60,12
-23,-65,3
-23,-80,0
-22,-80,0
-15,-74,-1
-13,-68,0
-10,-72,-1
-9,-68,-2
-13,-62,-6
-15,-60,-7
-18,-59,-9
-18,-59,-10
-16,-57,-9
-14,-56,-7
-15,-58,-1
-22,-58,8
-24,-59,13
-24,-57,28
-15,-57,34
15,-59,41
26,-64,43
21,-84,31
12,-90,23
-4,-92,12
-9,-88,9
-17,-71,3
-19,-63,2
-23,-51,-1
-27,-44,-2
-29,-44,-3
-29,-44,-2
-28,-47,-1
-24,-50,3
-23,-52,6
-29,-57,10
-35,-66,12
-52,-94,16
-46,-108,14
-8,-85,22
-2,-66,24
-12,-64,17
-18,-77,12
-17,-82,11
-14,-68,7
-14,-60,7
-18,-58,9
-17,-60,8
-15,-59,2
-15,-57,0
-14,-57,0
-13,-58,0
-12,-58,-1
-12,-55,1
-12,-55,2
-12,-57,4
-12,-61,3
-15,-73,2
-20,-77,5
-36,-81,11
-39,-79,13
-26,-80,18
-15,-81,18
6,-82,16
12,-80,13
6,-76,6
-14,-67,-1
-25,-61,-2
-39,-56,3
-39,-55,5
-23,-56,6
-12,-56,8
8,-53,16
13,-50,19
15,-50,22
12,-51,21
4,-56,18
1,-58,17
-4,-60,18
-7,-62,21
-7,-64,23
-2,-66,27
3,-64,28
11,-58,28
11,-56,26
5,-53,25
1,-52,25
-1,-51,23
0,-50,22
3,-51,19
4,-54,18
5,-55,17
7,-56,15
6,-56,14
1,-58,13
-2,-60,12
-4,-59,12
-3,-58,12
-7,-61,16
-7,-63,16
-6,-61,17
-8,-64,20
-14,-71,23
-16,-70,25
-19,-70,26
-27,-74,28
-30,-73,26
-30,-68,24
-32,-66,23
-44,-58,18
-50,-54,16
-49,-44,16
-50,-38,16
-49,-34,19
-48,-30,19
-50,-19,17
-58,-16,20
-62,-23,22
-53,-25,19
-47,-22,19
-49,-14,19
-56,-9,15
-65,-2,10
-66,0,11
-67,3,12
-68,7,11
-69,15,11
-70,18,13
-66,23,18
-56,22,18
-51,24,21
-44,23,27
-41,23,27
-42,19,27
-51,12,22
-62,3,21
-73,1,25
-69,4,31
-56,4,33
-52,3,34
-48,-2,37
-45,-6,32
-60,-6,19
-64,-11,28
-63,-14,37
-64,-18,35
-69,-14,31
-65,-13,31
-57,-9,25
-52,-8,23
-46,-10,20
-47,-13,17
-59,-19,12
-63,-22,11
-57,-18,9
-59,-13,8
-61,-10,8
-63,-6,8
-65,-5,9
-63,-2,12
-66,-1,11
-74,3,9
-74,6,9
-73,7,-5
-72,8,-5
-80,6,-17
-83,2,-31
-79,6,-31
-66,8,-29
-60,6,-25
-54,4,-23
-54,3,-25
-54,2,-26
-55,1,-27
-53,2,-29
-56,2,-34
-54,1,-42
-55,2,-46
-53,4,-53
-52,7,-60
-54,8,-62
-49,14,-61
-49,15,-61
-48,19,-64
-52,19,-63
-46,20,-58
-43,21,-56
-39,25,-55
-39,27,-54
-35,31,-51
-32,33,-47
-29,41,-43
-29,44,-36
-30,45,-32
-28,45,-24
-24,45,-21
-24,47,-17
-25,46,-16
-35,45,-14
-36,43,-12
-40,42,-8
-41,42,-9
-39,43,-7
-42,45,-7
-45,44,-3
-46,43,6
-49,44,8
-48,45,8
-46,46,9
-43,46,11
-41,46,11
-41,49,9
-40,48,9
-38,48,9
-38,49,9
-37,49,11
-36,49,12
-38,51,12
-36,51,14
-36,51,15
-36,51,18
-36,51,18
-36,51,19
-35,52,20
-36,53,20
-35,52,22
-32,49,26
-30,49,28
-28,49,34
-28,49,35
-29,50,39
-25,51,45
-26,53,45
-24,55,44
-24,55,41
-22,52,35
-22,51,33
-18,48,29
-16,47,29
-10,42,37
-13,41,40
-17,44,39
-18,45,40
-24,45,42
-37,48,32
-37,48,31
-28,43,41
-28,42,38
-27,41,39
-25,40,40
-26,39,40
-28,40,41
-26,42,40
-25,42,40
-24,43,43
-21,45,45
-19,45,39
-21,40,39
-16,39,45
-13,37,51
-10,35,52
-9,36,58
-12,38,56
-17,41,49
-17,41,51
-20,38,48
-18,34,48
-14,33,51
-13,31,51
-10,29,53
-14,27,52
-18,26,51
-12,26,53
-7,25,58
-7,23,54
-7,20,50
7,16,56
16,13,60
11,8,65
8,12,65
10,10,57
3,5,50
13,3,50
40,0,40
55,0,41
68,-4,41
64,-6,39
47,-1,38
39,4,35
35,12,28
34,17,28
33,25,35
34,27,35
33,35,36
21,41,33
12,42,32
-4,48,33
-8,49,30
-16,56,29
-18,59,28
-24,66,27
-32,68,32
-47,64,41
-51,60,45
-58,42,54
-55,34,57
-34,22,61
-20,18,58
-18,18,57
-25,18,52
-29,18,50
-31,17,46
-30,19,47
-24,19,49
-23,18,49
-23,14,50
-21,13,50
-25,8,51
-19,4,46
-15,-1,42
-25,-15,42
-26,-26,41
-38,-43,39
-44,-50,40
-39,-62,38
-36,-64,34
-30,-67,26
-22,-69,22
-13,-78,14
-15,-79,13
-18,-78,15
-22,-74,16
-30,-66,17
-31,-61,15
-27,-60,16
-21,-56,17
-20,-55,19
-23,-57,23
-24,-56,25
-26,-55,27
-26,-59,27
-24,-78,27
-18,-89,23
-5,-94,12
-10,-77,9
-15,-68,10
-21,-56,8
-23,-55,7
-28,-56,6
-25,-56,6
-12,-55,8
-11,-54,7
-15,-51,6
-20,-52,3
-29,-46,14
-26,-48,11
-25,-50,15
-16,-52,18
-17,-56,17
-23,-59,16
-26,-60,15
-29,-60,18
-27,-60,21
-26,-61,21
-26,-64,22
-20,-65,29
-16,-67,30
-11,-76,27
-14,-76,29
-21,-68,22
-26,-53,18
-24,-49,20
-15,-54,16
-9,-58,15
0,-58,13
-5,-57,9
-17,-52,8
-21,-49,9
-23,-49,15
-19,-52,20
-10,-52,31
-11,-51,33
-24,-47,33
-30,-45,31
-35,-46,30
-44,-51,26
-48,-52,24
-74,-66,18
-83,-78,2
-79,-71,-8
-60,-56,-4
-44,-47,-4
-44,-48,-6
-52,-50,-12
-42,-49,-10
-39,-47,-7
-36,-46,-4
-38,-46,-1
-38,-49,1
-37,-49,1
-31,-47,5
-27,-49,7
-16,-52,12
-12,-54,15
-9,-58,18
-9,-59,17
-14,-65,12
-21,-76,11
-27,-79,11
-36,-68,15
-35,-63,16
-20,-64,14
-13,-66,11
-9,-75,6
-9,-77,4
-7,-64,1
-7,-56,-1
-15,-45,-6
-21,-40,-7
-35,-38,-7
-42,-42,-3
-40,-44,0
-36,-53,7
-34,-58,12
-26,-72,20
-25,-77,22
-31,-92,22
-36,-104,23
-23,-105,22
-10,-84,21
-6,-63,14
-10,-63,12
-22,-72,10
-26,-77,3
-24,-75,-1
-16,-66,-4
-14,-62,-4
-14,-58,-4
-16,-55,-5
-23,-53,-8
-24,-53,-9
-19,-54,-8
-16,-54,-6
-13,-55,-1
-12,-56,1
-14,-57,8
-17,-59,12
-23,-59,19
-31,-57,28
-29,-57,30
-15,-66,31
-7,-72,29
4,-85,19
7,-85,15
4,-73,14
-2,-65,13
-16,-50,8
-22,-44,5
-31,-39,1
-37,-42,0
-38,-46,0
-37,-53,5
-37,-57,8
-36,-65,14
-35,-70,17
-35,-85,18
-36,-98,17
-15,-111,17
-3,-88,17
-1,-63,11
-16,-66,9
-21,-71,9
-26,-68,3
-23,-65,-2
-13,-55,-4
-12,-52,-3
-14,-49,-2
-20,-51,-2
-23,-55,-4
-21,-58,-6
-7,-63,2
-9,-61,-2
-12,-62,-9
-22,-64,-10
-31,-65,-6
-62,-59,14
-78,-54,19
-40,-58,13
-2,-69,28
26,-101,40
21,-109,36
-2,-99,29
-11,-87,31
-13,-65,36
-11,-52,33
-15,-31,23
-24,-17,17
-11,-5,17
14,19,26
28,24,32
100,34,67
71,-1,35
-44,-45,-73
-128,-24,-128
-128,10,-128
19,107,-128
43,-119,69
14,-38,7
-22,-89,17
-43,-52,41
-45,-39,36
-22,-34,28
-17,-33,22
-21,-37,6
-21,-41,6
-27,-52,10
-25,-56,13
-11,-59,17
-3,-61,17
0,-64,16
-1,-65,14
-3,-61,8
-6,-62,4
-10,-68,3
-27,-74,6
-36,-71,8
-36,-67,11
-27,-67,11
-5,-74,9
2,-79,8
2,-86,4
-1,-82,0
-5,-67,-10
-8,-58,-16
-19,-45,-25
-36,-42,-25
-44,-43,-23
-52,-48,-17
-49,-46,-13
-49,-48,-5
-54,-54,1
-63,-74,2
-57,-92,-1
-10,-122,9
11,-107,15
12,-79,14
8,-73,10
-8,-75,9
-27,-74,6
-17,-74,10
-20,-67,1
-19,-63,-4
-12,-64,-6
-13,-62,-5
-18,-60,-6
-20,-59,-8
-16,-59,-9
-14,-59,-8
-12,-57,-6
-11,-59,-6
-11,-60,-6
-19,-63,0
-29,-58,9
-43,-42,22
-39,-39,22
-9,-61,26
8,-73,28
26,-87,23
26,-86,19
15,-80,14
6,-72,13
-22,-56,2
-27,-50,1
-35,-44,1
-34,-46,1
-31,-50,3
-25,-56,6
-25,-58,9
-37,-69,13
-49,-78,15
-74,-97,9
-58,-109,3
0,-82,11
4,-68,12
-7,-69,7
-21,-77,6
-23,-75,6
-21,-66,2
-19,-61,0
-18,-55,-2
-19,-54,-2
-22,-55,-4
-22,-56,-5
-19,-60,-5
-15,-62,-5
-9,-63,0
-7,-64,2
-4,-63,6
-10,-63,7
-16,-64,10
-30,-60,27
-31,-55,30
-14,-50,28
-2,-54,27
10,-71,22
8,-78,17
-1,-81,11
-6,-76,8
-15,-61,3
-20,-54,0
-31,-46,-3
-40,-45,-2
-41,-47,-2
-35,-53,3
-33,-55,6
-31,-61,12
-31,-63,16
-35,-69,19
-42,-79,18
-47,-112,12
-27,-117,9
2,-79,15
-1,-69,12
-10,-68,8
-21,-72,7
-24,-71,4
-21,-65,-2
-16,-61,-3
-11,-57,-3
-12,-56,-3
-17,-53,-5
-19,-52,-6
-21,-53,-8
-18,-55,-7
-15,-57,-5
-13,-59,-3
-10,-63,1
-12,-65,7
-16,-68,10
-29,-65,25
-29,-62,29
-13,-57,30
-3,-62,31
8,-78,27
8,-85,21
6,-82,12
3,-75,8
-8,-61,2
-17,-48,-4
-21,-44,-7
-31,-42,-8
-36,-45,-7
-39,-50,-6
-37,-51,-4
-37,-56,3
-40,-60,8
-49,-74,13
-55,-87,11
-30,-114,7
-3,-100,12
9,-68,15
-4,-71,9
-13,-75,9
-23,-73,7
-24,-67,3
-20,-55,-1
-17,-51,-1
-15,-49,0
-18,-49,-1
-23,-52,-5
-23,-54,-7
-18,-60,-6
-15,-61,-4
-9,-62,0
-6,-66,3
-8,-66,3
-18,-67,5
-27,-64,11
-33,-54,19
-31,-50,19
-16,-55,20
-9,-62,19
0,-77,17
3,-79,16
6,-73,17
3,-67,15
-19,-53,3
-28,-46,0
-29,-46,2
-38,-51,2
-36,-54,3
-28,-59,7
-25,-62,10
-22,-64,16
-24,-66,17
-37,-82,17
-45,-100,16
-22,-105,12
-1,-63,13
-4,-60,10
-15,-69,6
-19,-70,4
-24,-69,-1
-22,-63,-3
-18,-53,-3
-16,-51,-1
-17,-51,-1
-20,-50,-3
-22,-53,-5
-20,-54,-5
-15,-60,-5
-11,-61,-1
-10,-65,0
-9,-68,1
-12,-71,0
-25,-72,7
-34,-67,15
-37,-57,22
-23,-60,22
11,-70,26
22,-74,25
26,-82,21
19,-80,16
-5,-64,0
-24,-52,-7
-25,-47,-5
-34,-42,-3
-34,-42,-1
-28,-44,2
-24,-47,3
-20,-54,6
-20,-59,8
-30,-71,10
-39,-79,11
-63,-103,11
-53,-107,9
-5,-78,17
-3,-63,15
-8,-65,11
-18,-71,6
-21,-74,6
-21,-68,4
-18,-59,3
-15,-54,0
-16,-53,0
-22,-54,-4
-25,-55,-8
-23,-56,-8
-20,-58,-7
-16,-61,-3
-11,-65,2
-9,-66,4
-8,-68,8
-8,-71,9
-13,-78,15
-18,-73,21
-21,-57,28
-16,-54,27
-2,-59,22
1,-65,17
-3,-78,10
-3,-80,7
-7,-68,4
-10,-53,-2
-13,-48,-5
-25,-41,-8
-32,-42,-9
-41,-48,-8
-39,-51,-7
-29,-54,-1
-28,-56,4
-36,-64,12
-46,-72,15
-62,-102,11
-49,-117,7
8,-89,18
7,-63,16
0,-62,12
-17,-69,9
-25,-70,9
-31,-63,3
-29,-59,-1
-19,-56,-2
-16,-57,-2
-20,-61,-3
-22,-61,-5
-20,-60,-7
-17,-62,-7
-11,-60,-5
-9,-58,-5
-10,-60,-6
-13,-63,-7
-18,-68,-6
-35,-66,7
-45,-57,17
-33,-51,22
-13,-56,25
19,-71,30
23,-78,25
18,-82,17
7,-74,10
-3,-65,5
-17,-51,-5
-19,-46,-7
-27,-39,-8
-31,-39,-6
-37,-49,-4
-37,-53,-5
-36,-61,-2
-40,-68,3
-57,-85,9
-62,-97,8
-28,-116,7
1,-72,16
-2,-63,14
-15,-59,10
-22,-64,9
-29,-71,6
-28,-71,2
-21,-65,-2
-18,-62,-2
-17,-61,-4
-18,-62,-5
-22,-61,-9
-22,-60,-11
-17,-65,-11
-13,-64,-10
-12,-62,-10
-14,-60,-6
-16,-58,-3
-22,-64,3
-28,-61,10
-39,-48,23
-28,-46,21
3,-54,24
13,-61,26
13,-79,22
8,-83,21
-2,-73,17
-8,-58,12
-14,-55,9
-26,-51,6
-32,-51,6
-37,-55,4
-34,-57,5
-30,-60,8
-30,-62,10
-29,-63,13
-29,-64,14
-35,-75,14
-41,-86,15
-29,-116,10
-4,-75,10
-6,-64,9
-15,-67,5
-19,-69,2
-24,-71,-4
-23,-69,-6
-19,-59,-8
-17,-54,-6
-15,-51,-5
-18,-53,-5
-23,-55,-8
-19,-59,-9
-16,-59,-9
-13,-61,-7
-12,-63,-6
-12,-65,-2
-15,-67,1
-33,-72,14
-40,-70,22
-27,-60,25
-13,-59,28
17,-74,32
24,-78,24
20,-78,20
4,-70,12
-5,-64,9
-18,-52,3
-23,-47,0
-29,-43,-1
-31,-44,-1
-39,-47,-3
-42,-50,-5
-45,-52,-7
-44,-52,-7
-42,-50,-5
-42,-52,-5
-52,-65,-9
-83,-88,-13
-77,-85,-13
-29,-63,-6
-14,-64,-2
-6,-72,10
-9,-73,10
-16,-64,5
-17,-58,3
-15,-52,1
-13,-51,2
-17,-47,1
-21,-47,0
-21,-53,-2
-17,-59,-1
-14,-61,0
-7,-66,3
-5,-68,4
-9,-75,0
-13,-80,-2
-26,-76,1
-33,-67,3
-41,-50,8
-38,-50,11
-21,-62,9
-3,-74,8
3,-75,10
3,-63,9
-2,-55,7
-20,-45,0
-31,-43,0
-52,-52,2
-55,-55,5
-45,-59,14
-40,-58,17
-38,-57,23
-53,-57,19
-73,-54,12
-86,-64,19
-102,-76,16
-72,-77,28
-81,-69,20
-95,-63,12
-71,-50,23
-94,-46,19
-96,-41,13
-50,-30,15
-37,-24,15
-13,-14,13
-8,-5,7
6,7,11
-2,17,19
4,17,29
11,20,33
6,22,39
5,31,55
1,37,53
8,45,46
8,55,50
1,53,54
-4,42,53
-13,31,49
-16,30,48
-5,33,52
-13,25,39
-20,23,38
-20,17,40
-18,16,42
-13,16,43
-12,15,45
-8,18,44
-3,21,41
2,15,33
-9,5,26
-28,0,14
-34,-2,13
-100,-22,11
-100,-48,14
-69,-81,3
2,-101,35
-3,-88,34
-29,-92,20
-36,-89,18
-48,-80,15
-46,-72,14
-33,-58,8
-28,-53,8
-25,-51,11
-29,-56,9
-30,-60,7
-23,-68,6
-18,-71,6
-7,-76,7
-4,-79,6
-8,-78,-3
-12,-78,-6
-28,-72,-4
-36,-61,0
-39,-44,3
-33,-43,3
-17,-51,4
-4,-61,6
1,-63,7
-1,-59,10
-7,-55,12
-18,-50,13
-22,-50,13
-24,-53,15
-24,-53,17
-19,-54,18
-15,-57,21
-16,-64,22
-22,-66,19
-37,-75,16
-66,-94,14
-72,-103,9
-34,-102,5
-9,-75,9
-3,-60,7
-9,-62,4
-25,-70,2
-30,-68,1
-29,-59,-5
-25,-54,-6
-20,-53,-5
-20,-57,-5
-22,-61,-6
-21,-63,-7
-19,-65,-7
-16,-66,-6
-14,-65,-5
-13,-70,-2
-13,-72,1
-21,-64,12
-29,-58,20
-26,-48,22
-14,-48,22
11,-58,26
17,-65,26
15,-76,22
2,-74,17
-4,-69,14
-18,-57,8
-19,-55,8
-32,-53,3
-32,-54,4
-31,-60,4
-29,-63,6
-28,-66,10
-28,-65,11
-33,-62,13
-38,-65,13
-52,-84,11
-38,-111,8
-13,-97,8
-2,-68,10
-9,-70,8
-23,-74,3
-24,-77,0
-19,-65,-5
-16,-58,-5
-16,-52,-3
-16,-52,-2
-20,-54,-5
-22,-55,-6
-22,-59,-8
-16,-63,-7
-14,-62,-6
-10,-65,-3
-9,-68,-2
-13,-73,0
-19,-72,3
-39,-57,19
-41,-51,23
-17,-54,21
-1,-59,22
18,-74,23
20,-81,22
11,-80,17
-3,-64,11
-14,-58,7
-26,-49,4
-30,-47,3
-32,-47,2
-29,-47,3
-23,-51,7
-21,-55,9
-23,-61,11
-26,-64,12
-36,-72,13
-44,-81,13
-53,-106,10
-14,-91,11
-4,-73,13
-10,-63,8
-16,-66,6
-25,-69,4
-28,-70,2
-23,-63,-2
-19,-59,-2
-16,-54,-1
-16,-53,-2
-20,-57,-3
-19,-56,-5
-17,-57,-5
-14,-61,-4
-12,-63,-3
-11,-68,-2
-12,-69,-1
-19,-68,1
-23,-75,2
-22,-82,10
-17,-76,16
7,-59,16
37,-72,39
-54,-60,-1
-17,-56,9
-3,-66,7
-25,-70,-15
-56,-60,-26
-36,-42,-21
-39,-37,-20
-32,-38,-11
-28,-39,-14
-36,-47,-8
-26,-45,-1
-37,-45,-23
-39,-49,-40
-53,-52,-54
-11,-57,-50
-65,-69,-79
-49,-62,-67
-16,-55,-38
-12,-45,-26
-19,-47,-28
21,-38,-8
1,-39,-30
0,-36,-45
-12,-31,-64
-10,-26,-67
-1,-29,-61
-10,-42,-50
-22,-51,-36
-14,-56,-20
-20,-57,-31
-30,-56,-42
-17,-61,-46
-8,-62,-45
-18,-56,-63
-19,-53,-60
-27,-44,-44
-24,-44,-32
-6,-55,-11
7,-51,-18
-4,-61,-36
-19,-53,-49
-24,-45,-47
-27,-36,-39
-26,-33,-35
-28,-25,-31
-31,-25,-31
-40,-21,-39
-35,-22,-44
-25,-23,-60
-30,-27,-66
-47,-37,-70
-34,-44,-74
-15,-43,-83
-7,-44,-74
2,-43,-55
-1,-29,-42
-12,-14,-37
-23,-12,-58
-2,-5,-58
22,-19,-44
13,-24,-46
-15,-30,-55
-6,-29,-52
-7,-30,-53
-16,-29,-56
-5,-31,-52
0,-31,-59
-2,-30,-64
-7,-33,-66
-2,-36,-67
3,-40,-73
-8,-40,-73
-21,-45,-56
-22,-48,-42
-8,-56,-23
-3,-53,-25
5,-41,-39
1,-29,-51
-2,-27,-53
-20,-23,-57
-23,-23,-57
-25,-26,-51
-25,-25,-47
-26,-23,-52
-24,-19,-58
-25,-20,-54
-34,-17,-60
-40,-23,-57
-41,-21,-55
-49,-20,-63
-51,-19,-55
-30,-20,-53
-51,-24,-63
-22,-26,-50
-23,-40,-24
-25,-46,-15
-13,-38,0
-8,-54,4
-34,-71,-8
-50,-72,-29
-49,-56,-13
-30,-49,-2
-40,-67,7
-16,-64,23
-10,-57,35
-29,-66,10
-5,-67,-1
-30,-64,-23
-21,-61,-22
-21,-58,-30
-23,-65,-33
-23,-71,-35
-27,-78,-34
-42,-68,-42
-40,-54,-31
-33,-50,-23
-15,-52,-14
-9,-56,-9
22,-55,8
20,-54,-1
-3,-62,-25
-14,-60,-33
-33,-49,-41
-38,-49,-40
-31,-49,-29
-24,-43,-33
-26,-43,-29
-23,-39,-30
-31,-38,-36
-42,-42,-44
-48,-40,-49
-44,-45,-40
-41,-47,-36
-45,-51,-60
-40,-52,-66
-16,-58,-43
-16,-56,-35
-3,-50,-26
4,-48,-27
3,-44,-41
3,-41,-51
6,-40,-51
-4,-45,-40
-8,-48,-35
-15,-52,-31
-19,-55,-32
-18,-48,-37
-16,-45,-39
-6,-43,-39
-3,-45,-39
-5,-50,-41
-7,-51,-41
-8,-54,-41
-4,-48,-49
-17,-61,-40
-16,-72,-49
-20,-59,-48
-24,-56,-34
-17,-53,-24
1,-53,-13
4,-59,-6
13,-56,-9
11,-58,-20
-7,-62,-43
-12,-55,-49
-21,-57,-40
-27,-58,-29
-27,-55,-23
-25,-47,-16
-28,-45,-19
-40,-38,-28
-47,-39,-33
-40,-45,-34
-43,-54,-39
-34,-52,-65
-24,-44,-74
-6,-41,-75
5,-42,-64
7,-45,-41
20,-39,-31
41,-28,-42
52,-38,-13
3,-56,-26
-68,-81,-27
-77,-76,-20
-43,-59,-23
-36,-78,-21
-7,-83,-14
16,-67,-21
8,-63,-19
2,-72,-24
-3,-75,-15
-5,-68,-11
-8,-68,-12
-21,-64,-20
-22,-64,-28
-15,-65,-31
-21,-66,-29
-25,-66,-24
-23,-67,-20
-5,-58,-11
2,-59,-9
26,-59,-2
39,-61,0
33,-72,-4
15,-81,-17
6,-80,-26
-7,-71,-40
-13,-65,-46
-18,-54,-50
-21,-53,-48
-41,-68,-27
-51,-81,-20
-42,-93,6
-35,-98,19
-16,-105,32
5,-100,38
7,-98,44
56,7,-86
-50,-9,-128
-41,-42,-38
-72,-31,-13
-74,-9,-32
-64,-8,-40
-50,-12,-34
-52,-15,-33
-56,-24,-31
-56,-28,-30
-58,-26,-26
-52,-22,-26
-47,-24,-24
-56,-16,-24
-56,-16,-24
-58,-24,-23
-59,-24,-24
-57,-25,-23
-53,-25,-28
-55,-27,-27
-55,-27,-25
-51,-27,-29
-49,-30,-36
-47,-36,-38
-47,-38,-33
-47,-37,-33
-48,-32,-35
-47,-31,-37
-43,-31,-37
-40,-31,-36
-37,-33,-35
-37,-34,-35
-38,-34,-37
-35,-37,-39
-35,-40,-38
-36,-40,-38
-34,-40,-39
-34,-36,-38
-33,-35,-40
-30,-35,-42
-30,-36,-43
-31,-35,-44
-31,-34,-44
-31,-33,-44
-31,-33,-44
-30,-34,-44
-30,-34,-44
-30,-35,-45
-30,-35,-45
-32,-35,-44
-32,-35,-43
-32,-35,-44
-31,-34,-43
-32,-34,-44
-31,-34,-45
-31,-34,-45
-32,-34,-45
-32,-34,-45
-31,-34,-45
-31,-34,-45
-31,-33,-45
-31,-33,-45
-31,-32,-45
-32,-33,-45
-32,-34,-45
-33,-34,-44
-33,-34,-44
-33,-34,-44
-33,-34,-44
-32,-34,-44
-33,-34,-44
-33,-34,-44
-33,-34,-44
-33,-34,-44
-33,-33,-44
-33,-33,-45
-33,-32,-44
-33,-32,-45
-33,-32,-45
-33,-33,-45
-33,-33,-45
-33,-32,-44
-33,-33,-45
-33,-33,-45
-33,-33,-44
-33,-32,-44
-33,-33,-45
-33,-33,-44
-33,-33,-44
-33,-33,-45
-33,-33,-44
-33,-33,-44
-33,-33,-44
-32,-33,-44
-32,-33,-43
-31,-33,-42
-30,-33,-42
-30,-34,-44
-31,-34,-44
-33,-34,-43
-34,-34,-42
-34,-34,-41
-35,-33,-42
-37,-33,-42
-39,-33,-40
-39,-33,-39
-40,-33,-38
-41,-32,-39
-44,-29,-39
-44,-28,-38
-45,-27,-39
-46,-26,-39
-48,-25,-38
-49,-24,-36
-49,-24,-35
-50,-23,-36
-50,-23,-36
-51,-22,-35
-50,-23,-34
-50,-23,-33
-50,-24,-32
-50,-24,-31
-51,-24,-32
-51,-25,-31
-51,-25,-30
-52,-25,-31
-52,-26,-30
-51,-26,-30
-51,-26,-30
-51,-26,-29
-51,-26,-29
-52,-26,-29
-52,-27,-28
-52,-27,-29
-52,-28,-29
-52,-28,-29
-52,-28,-28
-51,-29,-28
-51,-29,-27
-51,-30,-27
-51,-30,-27
-52,-31,-27
-52,-32,-27
-51,-31,-27
-51,-31,-26
-50,-31,-26
-50,-31,-26
-49,-31,-27
-49,-31,-27
-49,-32,-27
-49,-32,-28
-49,-32,-28
-49,-33,-29
-50,-33,-28
-49,-34,-28
-49,-33,-28
-48,-33,-29
-48,-33,-29
-47,-33,-30
-47,-33,-30
-47,-34,-31
-46,-34,-31
-46,-34,-32
-45,-34,-33
-46,-35,-33
-47,-35,-31
-45,-34,-31
-43,-34,-33
-42,-33,-33
-42,-34,-34
-42,-33,-34
-42,-33,-34
-42,-34,-34
-41,-34,-35
-41,-34,-35
-42,-35,-35
-42,-34,-35
-42,-34,-36
-41,-34,-35
-41,-34,-35
-42,-34,-35
-42,-34,-35
-42,-34,-36
-42,-34,-36
-42,-34,-36
-42,-34,-36
-42,-34,-35
-42,-34,-35
-42,-34,-35
-42,-34,-35
-42,-34,-35
-42,-34,-36
-42,-34,-36
-42,-34,-35
-42,-34,-35
-42,-34,-35
-42,-34,-35
-42,-34,-35
-42,-34,-35
-42,-34,-35
-42,-34,-35
-42,-34,-35
-42,-34,-35
-42,-34,-35
-42,-34,-35
-43,-34,-35
-43,-34,-35
-42,-34,-35
-42,-34,-35
-42,-34,-35
-42,-34,-35
-42,-34,-35
-43,-34,-35
-43,-34,-35
-43,-34,-35
-43,-34,-35
-43,-34,-35
-43,-34,-35
-43,-34,-35
-43,-34,-34
-43,-34,-35
-43,-34,-34
-43,-34,-34
-43,-34,-34
-43,-34,-35
-43,-33,-35
-44,-33,-35
-44,-32,-35
-44,-33,-35
-44,-33,-34
-45,-33,-34
-45,-32,-34
-44,-32,-34
-44,-32,-34
-44,-32,-34
-44,-32,-34
-45,-32,-34
-44,-32,-34
-44,-32,-34
-44,-31,-34
-44,-31,-34
-45,-31,-34
-45,-31,-34
-46,-31,-34
-45,-31,-33
-45,-32,-33
-45,-32,-33
-46,-32,-32
-46,-31,-32
-46,-31,-31
-46,-31,-31
-47,-31,-31
-48,-32,-30
-49,-31,-29
-50,-31,-29
-50,-30,-29
-50,-30,-29
-51,-30,-28
-51,-29,-28
-51,-29,-27
-52,-28,-27
-52,-28,-27
-53,-26,-27
-53,-26,-27
-54,-26,-25
-53,-25,-24
-52,-25,-23
-52,-22,-22
-53,-21,-22
-57,-20,-24
-61,-20,-24
-64,-23,-19
-63,-26,-17
-61,-29,-12
-61,-29,-11
-61,-26,-12
-60,-24,-14
-59,-20,-15
-59,-20,-15
-60,-21,-14
-61,-22,-12
-61,-23,-13
-60,-22,-16
-59,-23,-18
-57,-29,-21
-57,-31,-21
-56,-30,-20
-55,-28,-20
-54,-27,-20
-50,-28,-24
-49,-30,-27
-50,-34,-27
-51,-34,-26
-51,-33,-25
-51,-32,-25
-49,-32,-25
-48,-32,-24
-48,-33,-25
-48,-34,-25
-49,-35,-24
-50,-35,-23
-51,-34,-23
-51,-32,-24
-51,-31,-25
-51,-30,-26
-52,-30,-26
-53,-30,-27
-54,-30,-27
-54,-29,-26
-55,-29,-26
-56,-30,-25
-57,-31,-26
-56,-32,-25
-55,-32,-25
-50,-32,-25
-46,-31,-26
-45,-30,-26
-43,-30,-27
-43,-31,-27
-44,-33,-27
-45,-34,-27
-47,-35,-27
-48,-35,-27
-47,-35,-27
-46,-35,-27
-45,-34,-28
-45,-34,-28
-46,-34,-29
-47,-35,-29
-46,-35,-28
-45,-36,-28
-46,-37,-28
-46,-38,-27
-47,-38,-25
-51,-39,-26
-59,-38,-28
-66,-31,-19
-57,-29,-17
-44,-30,-20
-50,-26,-18
-56,-24,-17
-61,-22,-16
-61,-22,-13
-61,-26,-11
-63,-26,-14
-63,-22,-18
-62,-18,-17
-57,-18,-17
-56,-19,-17
-57,-23,-14
-59,-25,-13
-61,-25,-11
-62,-27,-11
-61,-27,-10
-60,-26,-7
-60,-26,-6
-60,-24,-7
-59,-23,-7
-60,-23,-8
-60,-23,-9
-61,-24,-20
-62,-26,-29
-71,-29,-33
-72,-29,-26
-58,-23,-15
-41,-17,-26
-37,-18,-33
-44,-29,-33
-53,-33,-27
-59,-38,-16
-56,-38,-13
-49,-34,-16
-48,-35,-18
-45,-37,-10
-46,-39,-6
-47,-43,-6
-46,-42,-7
-51,-39,-9
-52,-38,-15
-52,-36,-14
-53,-38,-15
-58,-39,-23
-82,-42,-45
-80,-33,-26
-53,-32,-3
-51,-33,-8
-51,-20,-11
-54,-12,-14
-58,-7,-22
-58,-10,-22
-54,-13,-20
-56,-16,-17
-60,-16,-14
-65,-16,-3
-64,-18,0
-60,-16,-1
-60,-14,-4
-62,-15,-15
-62,-16,-16
-65,-17,-9
-64,-19,-8
-66,-19,-20
-70,-19,-26
-74,-22,-34
-57,-22,-24
-51,-19,-19
-49,-19,-20
-56,-31,-21
-55,-40,-3
-49,-43,1
-39,-41,-4
-46,-43,-13
-40,-46,-18
-32,-52,-14
-20,-73,-5
-36,-66,-12
-9,-52,2
8,-49,16
21,-52,22
-1,-66,5
-16,-73,-3
-10,-83,11
-9,-106,18
-21,-128,9
-20,-128,-10
0,-102,-22
-1,-74,-31
-25,-42,-50
-49,-47,-51
-85,-80,-43
-58,-74,-35
-38,-73,-36
-7,-78,-36
11,-74,-22
16,-64,15
10,-62,23
20,-55,30
16,-55,29
-3,-58,19
-9,-58,16
-10,-57,20
-11,-62,25
-9,-67,28
-14,-76,33
-14,-77,34
-8,-75,39
-9,-76,41
-8,-77,39
-13,-76,34
-12,-75,17
-9,-75,9
-14,-61,-1
-18,-52,-3
-26,-41,-5
-34,-35,3
-37,-37,8
-32,-42,10
-29,-45,13
-22,-55,22
-16,-57,26
-7,-73,44
-13,-83,46
-23,-106,36
-15,-110,29
4,-78,24
2,-65,21
-7,-62,14
-17,-66,10
-20,-68,8
-20,-66,4
-19,-62,3
-15,-56,1
-14,-54,1
-19,-52,0
-22,-53,-1
-26,-58,-4
-23,-60,-5
-16,-59,-3
-13,-61,-1
-9,-63,3
-14,-65,11
-17,-69,12
-22,-73,20
-24,-70,29
-12,-59,41
5,-53,41
25,-59,32
22,-69,23
9,-77,14
3,-76,11
-9,-60,10
-17,-48,5
-20,-45,3
-28,-43,2
-31,-45,1
-31,-49,1
-29,-52,5
-26,-57,11
-23,-58,13
-19,-63,20
-18,-66,23
-18,-75,24
-18,-87,24
-10,-114,21
2,-84,21
-1,-66,19
-10,-62,12
-12,-69,9
-14,-73,1
-15,-69,-3
-19,-65,-5
-19,-64,-5
-16,-57,-4
-16,-57,-6
-21,-55,-6
-22,-54,-7
-20,-58,-9
-14,-58,-7
-12,-57,-5
-9,-62,-2
-10,-63,-1
-19,-65,5
-25,-68,10
-32,-69,21
-29,-69,26
2,-65,34
19,-61,37
30,-75,30
29,-83,26
11,-79,14
-5,-67,10
-11,-61,11
-19,-48,8
-20,-45,7
-21,-43,5
-22,-43,5
-21,-47,8
-21,-49,10
-18,-55,14
-17,-59,16
-15,-63,20
-16,-63,21
-18,-68,20
-24,-92,21
-22,-103,20
-10,-85,19
-8,-68,20
-11,-58,15
-12,-62,11
-13,-66,4
-15,-68,1
-19,-70,-2
-19,-65,-2
-13,-58,-2
-13,-56,-2
-15,-55,-3
-19,-52,-4
-19,-54,-5
-15,-57,-3
-12,-58,-1
-9,-60,4
-9,-64,5
-11,-74,6
-15,-76,7
-23,-70,13
-21,-64,19
-18,-65,20
-11,-65,24
-7,-67,19
1,-67,12
2,-68,10
-6,-70,4
-12,-67,3
-24,-60,3
-28,-56,4
-27,-53,5
-21,-52,7
-9,-52,12
-6,-51,15
-5,-51,21
-11,-55,22
-14,-57,24
-24,-61,22
-35,-61,17
-35,-67,12
-26,-76,16
-10,-86,18
-6,-83,15
-7,-76,16
-12,-72,14
-17,-63,8
-16,-61,5
-21,-61,3
-29,-66,-5
-30,-68,-7
-23,-68,-12
-21,-67,-16
-17,-67,-13
-15,-66,-13
-18,-64,-14
-18,-61,-8
-20,-60,-12
-16,-59,-9
-12,-59,-7
-9,-56,-4
-19,-68,-7
-12,-72,-3
-8,-73,-2
-19,-72,5
-22,-69,12
-25,-71,17
-20,-71,18
-6,-75,19
4,-77,21
19,-70,27
19,-65,29
4,-53,29
-7,-50,19
-15,-51,16
-15,-46,20
-12,-47,21
-17,-51,19
-14,-49,26
-12,-45,32
-13,-47,33
-17,-50,34
-19,-51,33
-23,-54,34
-23,-56,33
-24,-72,29
-29,-83,31
-28,-81,29
-21,-62,28
-19,-56,25
-15,-50,29
-15,-50,28
-18,-59,19
-14,-61,17
-16,-65,11
-18,-62,9
-21,-55,6
-25,-54,6
-28,-54,5
-27,-54,5
-23,-55,5
-15,-56,7
-11,-57,8
-8,-61,10
-9,-63,10
-12,-65,9
-13,-68,9
-17,-74,12
-19,-78,15
-22,-73,23
-21,-69,27
-10,-63,29
3,-58,26
7,-60,22
8,-66,16
6,-68,11
-5,-65,7
-11,-63,7
-23,-54,13
-25,-52,14
-27,-51,23
-27,-55,27
-31,-61,32
-28,-58,34
-32,-53,40
-49,-47,39
-58,-43,35
-71,-39,32
-67,-36,33
-59,-26,34
-61,-21,30
-64,-16,27
-66,-13,25
-72,-8,30
-74,-6,32
-71,0,31
-66,3,33
-57,8,29
-53,7,27
-48,8,28
-44,9,31
-42,11,33
-35,12,32
-35,9,31
-34,0,33
-34,-2,36
-25,-3,49
-22,-7,50
-23,-6,48
-22,-6,50
-16,1,51
-18,10,52
-16,12,57
-26,19,63
-28,20,63
-18,26,53
-18,27,52
-20,29,57
-16,33,56
-15,28,60
-15,18,63
-24,15,67
-33,8,69
-32,9,63
-26,20,62
-24,22,62
-23,23,60
-22,24,62
-32,20,60
-32,19,61
-26,23,58
-29,26,49
-30,30,44
-27,25,47
-25,16,54
-36,29,37
-41,29,36
-27,16,53
-19,7,63
-17,10,65
-22,17,57
-49,8,45
-50,6,41
-29,15,41
-16,17,36
-6,30,18
-1,46,13
-6,56,-3
-12,56,-13
-16,52,-14
-32,48,-3
-44,45,6
-50,37,15
-62,32,23
-87,24,23
-86,25,19
-89,13,28
-80,9,31
-73,5,20
-73,5,17
-68,2,13
-72,5,16
-69,10,11
-65,14,13
-62,15,14
-67,18,13
-67,20,15
-80,21,28
-77,20,33
-39,15,51
-33,8,54
-41,1,47
-34,3,50
-10,-2,62
-28,7,60
-38,6,55
-48,9,47
-54,15,43
-61,22,28
-56,24,24
-51,25,19
-62,21,14
-57,16,12
-54,14,16
-68,7,11
-67,4,14
-66,5,16
-62,4,17
-63,4,18
-62,5,14
-62,7,14
-59,14,14
-57,15,14
-63,20,15
-63,23,15
-60,25,13
-58,24,14
-62,23,17
-57,23,17
-55,24,18
-56,25,15
-57,26,15
-54,27,17
-54,27,18
-55,27,18
-55,26,19
-56,27,21
-56,28,21
-58,26,21
-58,26,21
-58,27,21
-57,27,19
-56,26,19
-55,26,17
-52,27,20
-51,27,21
-53,27,19
-57,25,19
-57,26,19
-55,26,20
-55,26,20
-57,26,20
-57,25,20
-57,25,20
-57,25,19
-57,25,18
-58,25,19
-56,26,19
-55,26,20
-55,26,20
-57,25,18
-56,25,18
-55,25,19
-56,24,19
-57,25,19
-57,25,19
-57,25,19
-56,26,19
-56,26,18
-57,25,19
-57,26,19
-56,26,18
-56,26,18
-56,25,18
-57,26,19
-58,25,18
-57,26,18
-56,26,18
-57,26,18
-57,27,18
-57,26,18
-56,26,18
-56,26,18
-56,26,19
-57,26,19
-58,26,19
-57,26,18
-56,27,18
-56,27,18
-57,26,18
-57,26,18
-56,27,18
-56,26,18
-57,27,19
-57,26,19
-56,26,19
-56,26,19
-56,26,18
-56,26,18
-57,26,19
-56,26,19
-56,26,19
-56,26,18
-57,26,18
-57,26,18
-57,26,18
-56,26,18
-56,26,18
-57,26,18
-57,26,18
-56,26,18
-56,26,18
-57,26,18
-57,26,19
-57,25,18
-57,25,18
-56,26,18
-56,26,18
-57,25,18
-57,25,18
-56,26,18
-56,27,18
-56,27,18
-56,26,18
-56,26,18
-57,26,17
-57,26,18
-57,26,18
-57,26,18
-56,26,17
-56,27,17
-56,27,18
-57,27,18
-57,26,18
-56,27,18
-57,26,17
-56,27,18
-56,26,18
-56,27,17
-57,27,17
-57,27,18
-56,27,18
-56,27,18
-57,27,17
-57,27,17
-56,27,17
-56,27,18
-57,27,17
-57,27,17
-57,27,17
-56,27,18
-56,27,17
-57,27,17
-57,27,17
-57,27,17
-56,27,18
-56,27,18
-57,27,17
-57,27,17
-56,27,17
-57,27,18
-56,28,18
-55,27,19
-55,27,19
-55,27,19
-55,27,18
-56,27,17
-56,27,18
-56,27,19
-56,27,19
-55,27,19
-55,28,18
-55,27,18
-56,27,18
-56,27,18
-56,27,19
-57,27,19
-57,27,19
-57,27,18
-57,26,19
-56,26,19
-56,27,19
-57,27,18
-55,27,18
-54,26,16
-55,27,17
-56,26,18
-57,26,19
-56,27,19
-57,27,18
-56,27,18
-56,27,19
-55,28,18
-56,27,18
-56,27,19
-55,27,18
-55,27,18
-56,27,19
-57,27,18
-56,27,19
-56,27,18
-56,27,19
-56,27,19
-57,27,19
-56,27,19
-56,27,18
-56,27,18
-56,27,19
-56,27,19
-57,27,18
-56,27,19
-56,27,18
-56,27,18
-56,28,18
-56,27,19
-56,27,18
-56,27,18
-56,27,18
-56,27,18
-57,27,18
-56,27,19
-56,27,18
-56,27,18
-56,27,18
-56,27,18
-56,27,18
-56,27,18
-56,27,18
-56,27,18
-56,27,18
-56,27,18
-56,27,18
-56,27,18
-55,27,18
-56,27,18
-56,27,18
-56,27,19
-56,27,19
-56,27,18
-56,27,18
-56,27,18
-56,27,18
-56,27,18
-56,27,18
-56,27,18
-56,27,18
-56,27,18
-56,27,18
-56,27,18
-56,27,18
-56,27,18
-56,27,18
-56,27,18
-56,27,18
-57,27,18
-56,27,18
-56,27,18
-56,27,18
-56,27,18
-55,27,18
-56,27,18
-56,27,18
-56,27,18
-56,27,19
-56,27,18
-56,27,18
-56,28,19
-55,27,19
-54,26,18
-55,29,18
-56,29,17
-56,28,18
-55,27,18
-55,26,18
-56,25,18
-54,23,17
-54,23,18
-54,22,18
-55,22,18
-53,20,18
-54,19,19
-60,17,17
-56,19,18
-58,19,18
-60,17,16
-60,17,15
-61,17,15
-61,18,16
-61,18,17
-61,18,17
-62,16,16
-64,16,14
-62,15,11
-61,15,12
-65,14,8
-62,15,9
-61,14,8
-70,15,6
-70,16,7
-67,17,7
-68,16,5
-66,13,2
-66,13,3
-65,10,2
-65,11,1
-64,8,1
-63,6,-1
-62,5,2
-66,4,3
-67,2,2
-66,2,2
-63,-1,4
-70,2,5
-70,3,4
-64,-1,4
-62,0,5
-64,-2,4
-66,-2,4
-66,-3,5
-66,-4,7
-68,-8,5
-71,-18,0
-73,-28,2
-66,-40,-5
-58,-38,-19
-48,-20,-29
-47,-14,-35
-54,4,-37
-54,10,-37
-47,14,-30
-44,14,-20
-50,2,-8
-57,-6,-3
-61,-15,-6
-57,-51,-22
-68,-56,-7
-49,-44,14
-30,-45,16
-35,-48,17
-42,-48,18
-43,-58,13
-41,-65,11
-38,-75,15
-34,-76,15
-29,-73,16
-35,-66,20
-38,-64,17
-37,-61,14
-36,-60,15
-33,-58,20
-29,-57,22
-21,-57,24
-19,-58,24
-17,-59,22
-15,-61,19
-15,-61,13
-15,-58,10
-18,-56,7
-25,-54,8
-28,-52,11
-24,-52,15
-21,-53,17
-20,-60,20
-23,-70,20
-30,-88,21
-33,-90,21
-28,-71,21
-20,-53,20
-20,-53,20
-30,-57,12
-43,-59,5
-57,-64,2
-48,-62,7
-45,-54,11
-53,-49,10
-60,-43,11
-57,-41,15
-49,-37,25
-51,-35,30
-53,-36,34
-49,-37,38
-46,-34,41
-44,-32,36
-46,-30,35
-52,-24,25
-51,-19,21
-50,-14,29
-44,-10,30
-43,-13,21
-40,-18,22
-43,-30,10
-46,-33,-6
-50,-39,-26
-62,-42,-13
-58,-12,28
-80,2,6
-76,5,4
-57,-13,14
-53,-24,18
-59,-9,22
-64,-11,21
-60,-6,18
-65,-2,18
-65,4,14
-66,5,13
-68,9,7
-69,12,2
-65,13,4
-58,13,8
-63,13,6
-69,14,1
-64,16,1
-62,18,0
-62,17,-2
-61,15,-4
-62,15,-6
-59,10,-10
-61,8,-14
-69,6,-8
-68,13,-16
-64,11,-21
-62,14,-21
-61,14,-18
-64,14,-16
-65,13,-14
-59,16,-8
-59,17,-10
-65,12,-17
-65,11,-10
-62,12,-6
-61,12,-8
-64,16,-1
-61,22,-1
-59,21,-4
-62,22,4
-62,23,8
-62,23,7
-59,21,14
-58,20,15
-57,21,15
-62,20,9
-62,18,6
-68,15,5
-64,15,8
-59,14,10
-62,13,6
-64,12,7
-62,11,10
-63,10,9
-64,11,5
-64,11,6
-66,12,2
-66,13,1
-65,11,7
-66,8,12
-61,10,11
-65,12,8
-62,13,9
-61,13,11
-64,12,12
-54,13,21
-56,11,23
-61,7,20
-63,7,18
-63,13,17
-61,13,18
-56,15,20
-58,17,18
-59,18,12
-57,16,12
-59,20,13
-62,23,18
-62,24,16
-58,27,20
-55,27,21
-62,26,16
-63,28,14
-67,28,8
-64,27,12
-60,25,15
-62,25,6
-57,22,7
-57,23,9
-61,20,8
-64,15,9
-64,15,9
-70,13,-1
-66,11,3
-54,11,7
-57,12,-1
-64,9,0
-63,9,5
-62,9,0
-67,9,-3
-67,6,-3
-67,7,-2
-66,7,-4
-65,3,-6
-63,3,-6
-62,3,-6
-63,4,-6
-63,2,-6
-63,2,-7
-65,3,-6
-65,3,-5
-65,4,-5
-65,4,-6
-64,3,-8
-63,3,-8
-65,3,-8
-66,2,-8
-65,2,-9
-63,3,-9
-62,3,-9
-63,3,-9
-64,3,-9
-66,3,-10
-66,2,-10
-64,3,-10
-65,3,-9
-65,4,-9
-64,3,-10
-64,3,-10
-65,2,-10
-64,3,-10
-64,3,-9
-64,3,-9
-63,3,-9
-62,3,-9
-64,3,-9
-64,4,-10
-63,4,-9
-64,4,-10
-65,4,-10
-66,3,-10
-65,3,-11
-64,3,-10
-64,3,-10
-64,3,-10
-64,3,-10
-64,3,-10
-63,3,-10
-64,3,-10
-64,3,-10
-65,3,-10
-65,3,-10
-65,4,-10
-63,3,-10
-64,3,-10
-64,3,-11
-64,3,-10
-64,3,-10
-64,3,-10
-64,3,-10
-65,3,-10
-66,3,-10
-65,2,-10
-64,2,-10
-64,2,-10
-64,2,-10
-64,2,-10
-64,2,-10
-63,2,-10
-63,2,-10
-64,2,-10
-65,2,-10
-64,2,-10
-64,2,-10
-64,2,-10
-64,2,-10
-64,2,-10
-64,2,-10
-63,2,-10
-63,2,-10
-64,2,-10
-65,2,-10
-65,2,-10
-64,2,-10
-63,2,-11
-64,2,-11
-65,2,-11
-65,2,-11
-65,2,-11
-65,3,-11
-64,3,-11
-64,2,-11
-63,3,-10
-63,3,-11
-63,3,-11
-62,3,-10
-64,4,-10
-65,4,-10
-64,4,-10
-64,4,-10
-64,5,-10
-65,5,-10
-66,5,-10
-64,5,-10
-63,6,-9
-62,7,-9
-63,8,-7
-64,9,-7
-64,9,-8
-65,10,-6
-66,10,-5
-67,11,-5
-67,10,-5
-65,11,-5
-63,12,-5
-57,12,-4
-60,13,-5
-65,10,-5
-68,13,-9
-72,12,-9
-64,11,-2
-62,12,-5
-62,11,-8
-63,12,-7
-65,12,-7
-62,12,-5
-64,13,-6
-61,12,-6
-65,12,-7
-66,14,-6
-64,12,-6
-61,10,-4
-63,11,-3
-64,12,-5
-63,14,-4
-62,14,-2
-61,15,-4
-63,18,-3
-64,19,0
-59,18,4
-60,18,0
-63,18,3
-63,17,7
-65,16,8
-65,15,10
-64,14,10
-68,11,17
-70,7,20
-72,4,14
-64,2,4
-51,9,-10
-43,3,6
-43,7,11
-40,6,17
-38,3,15
-51,-7,6
-79,-15,0
-79,-16,9
-84,-20,8
-104,-41,5
-88,-32,-3
-67,-24,-31
-62,-22,-45
-45,-16,-51
-42,-15,-55
-40,-14,-57
-30,-24,-26
-48,-19,-27
-47,-12,-41
-43,-5,-46
-46,-2,-46
-46,-1,-45
-42,-2,-46
-46,-2,-50
-43,4,-53
-43,6,-53
-38,5,-50
-35,4,-45
-34,4,-43
-42,4,-47
-44,4,-51
-40,3,-56
-36,6,-55
-39,8,-54
-38,7,-51
-37,7,-52
-37,5,-50
-38,6,-49
-39,5,-49
-39,4,-46
-38,4,-46
-40,4,-47
-45,4,-50
-48,4,-50
-51,3,-48
-51,3,-48
-50,1,-45
-51,1,-47
-50,1,-41
-52,-1,-43
-61,-2,-44
-64,-3,-45
-57,-6,-42
-61,-9,-50
-66,-11,-50
-51,-12,-35
-44,-13,-28
-47,-14,-26
-52,-14,-27
-41,-23,-12
-44,-25,-7
-67,-24,-17
-70,-20,-23
-64,-9,-10
-58,-8,-5
-60,-11,-2
-60,-12,-1
-65,-11,7
-57,-10,6
-61,-9,2
-66,-16,5
-61,-13,5
-74,-10,3
-76,-14,0
-72,-10,-2
-66,-9,-4
-68,-7,-5
-68,-8,-3
-66,-3,-3
-66,-2,-4
-60,-2,-2
-62,-2,2
-64,-2,2
-66,-2,1
-69,-2,3
-72,1,-1
-71,2,2
-59,1,12
-57,0,16
-68,1,11
-71,0,13
-63,-1,16
-53,5,26
-58,-13,2
-59,-7,-6
-58,-8,-4
-52,-9,-14
-61,-7,-23
-66,-6,-23
-65,-2,-27
-65,-1,-25
-68,1,-31
-72,0,-33
-72,-2,-27
-75,-7,-15
-60,-11,-1
-50,-14,15
-58,-22,30
-61,-26,28
-56,-28,23
-47,-25,13
-29,-12,2
-22,-11,-16
-26,-11,-72
-26,-14,-128
-21,-4,-128
20,-20,-128
-44,-22,-53
-125,-15,55
-128,-16,70
-60,-16,44
-12,-13,26
51,-44,-114
40,-59,-128
20,-32,-128
-20,-39,-105
-128,-16,61
-128,-18,102
-60,-17,57
8,-17,-1
58,-50,-128
40,-19,-128
-17,-23,-101
-128,-20,79
-128,-24,125
-39,-34,58
30,-30,-11
95,-30,-128
88,-2,-128
-35,-17,-63
-117,-13,26
-128,-5,105
-83,-2,86
41,-11,-43
45,-6,-128
10,7,-128
-48,-5,-44
-72,-3,10
-83,12,29
-78,19,11
-39,29,-27
-57,32,-61
-66,20,-77
-56,19,-58
-51,18,-38
-42,21,-19
-45,24,-17
-57,22,-12
-56,23,-8
-65,20,-3
-65,16,-1
-61,10,10
-60,11,9
-54,9,5
-72,9,-2
-58,10,5
-52,14,6
-64,16,0
-61,17,-4
-59,17,-4
-63,17,-7
-61,15,-9
-57,25,-13
-58,27,-16
-55,25,-15
-56,23,-14
-62,22,-17
-61,21,-16
-61,24,-23
-63,24,-23
-64,22,-25
-61,21,-17
-62,22,-16
-62,20,-15
-65,25,-18
-61,25,-11
-64,22,-7
-56,20,4
-55,21,3
-60,17,6
-61,18,6
-49,19,9
-56,18,6
-62,19,8
-64,20,11
-65,21,10
-63,22,12
-64,22,13
-59,20,14
-57,20,15
-61,19,14
-59,19,15
-57,18,16
-59,19,15
-59,18,17
-58,19,17
-60,19,17
-62,20,14
-63,19,12
-58,19,17
-58,19,17
-63,18,17
-56,17,17
-56,17,15
-61,18,15
-68,19,10
-60,17,13
-56,18,18
-64,18,14
-66,18,15
-62,19,14
-66,18,12
-62,18,11
-60,19,12
-58,19,13
-57,19,14
-62,19,13
-63,19,11
-58,21,14
-58,21,16
-63,18,9
-61,18,13
-61,19,17
-66,15,13
-70,14,13
-60,16,18
-60,19,18
-62,19,14
-53,16,19
-63,16,22
-62,15,20
-47,6,33
-50,6,37
-60,3,35
-48,1,45
-45,3,47
-45,3,45
-39,4,48
-31,2,56
-32,2,56
-37,1,54
-31,2,57
-25,2,59
-28,2,56
-16,2,60
-7,2,64
0,-1,65
-2,-1,65
-7,4,61
-2,0,62
4,-4,66
-6,6,60
-18,6,54
4,-4,68
16,-5,76
-23,7,54
-33,12,46
-8,1,63
11,-3,76
-5,3,65
-39,15,42
-29,6,50
11,-2,79
-3,2,70
-30,13,49
-23,8,54
2,1,73
-3,3,68
-32,11,47
-26,10,52
-10,1,66
-6,0,69
-38,6,46
-32,10,51
-49,8,40
-30,-1,50
-22,2,66
-8,15,72
-15,15,65
-37,11,59
-45,10,56
-48,13,46
-49,14,40
-57,11,29
-57,6,19
-68,0,3
-62,-4,-4
-60,-4,-6
-53,-5,-10
-49,-3,-10
-43,-2,-16
-43,-2,-18
-46,-5,-25
-44,-5,-27
-41,-8,-27
-46,-14,-36
-44,-17,-42
-46,-20,-47
-59,-27,-53
-57,-39,-52
-60,-44,-53
-68,-49,-62
-75,-45,-64
-81,-37,-57
-72,-39,-50
-53,-42,-29
-41,-46,-25
-21,-51,-22
-18,-60,-33
-16,-70,-44
-29,-56,-54
-25,-55,-54
-9,-63,-37
-21,-67,-32
-39,-62,-45
-59,-57,-52
-74,-44,-35
-70,-33,-23
-61,-14,-8
-60,-7,-3
-81,-8,4
-68,-23,-1
-64,-28,1
-43,-23,4
-44,-12,-1
-69,-3,-31
-51,-8,-22
-63,1,-31
-72,5,-36
-55,5,-34
-50,7,-24
-76,-2,-9
-87,-7,-1
-54,-41,46
-15,-49,63
-14,-21,-10
-37,22,-128
-71,10,-128
2,33,-128
-84,16,-15
4,-77,127
6,-56,127
8,-11,-113
-67,-39,-128
0,10,-128
-34,-4,-46
-49,-76,127
17,-70,127
-36,-21,-128
-11,41,-128
-20,48,-128
-49,-32,101
42,-36,127
-46,-4,-55
-101,5,-128
-70,24,-83
-66,22,-37
-43,-4,9
-29,-12,11
-52,4,-26
-58,7,-42
-57,16,-46
-53,17,-47
-56,13,-38
-57,8,-33
-55,9,-34
-54,11,-38
-52,13,-40
-51,11,-38
-53,10,-39
-54,8,-36
-53,9,-34
-54,10,-34
-56,10,-35
-55,9,-34
-57,10,-31
-55,10,-30
-58,12,-27
-56,12,-28
-61,11,-21
-64,11,-24
-56,11,-15
-60,11,-16
-64,11,-21
-64,12,-16
-62,14,-12
-64,14,-13
-63,13,-9
-65,14,-7
-57,15,-2
-64,15,-5
-62,14,-5
-69,15,-13
-59,18,-5
-60,16,0
-61,16,2
-67,19,-4
-66,20,-4
-62,20,-1
-66,20,-4
-64,20,-3
-60,18,-1
-60,18,1
-62,18,0
-61,18,0
-62,16,2
-61,17,2
-63,17,0
-62,17,2
-60,15,4
-58,14,3
-65,14,1
-67,13,5
-68,12,8
-69,10,8
-67,11,9
-61,10,9
-60,9,10
-67,6,3
-70,7,5
-64,8,9
-60,8,12
-66,7,12
-65,5,18
-62,5,20
-60,4,23
-59,5,27
-53,6,35
-52,7,37
-48,7,40
-48,6,42
-36,9,53
-31,8,55
-28,5,54
-25,5,59
-16,4,59
-6,1,61
-4,1,61
1,7,58
6,5,59
11,-5,70
8,0,71
-15,8,54
-18,4,55
8,3,72
4,4,72
-17,16,47
-15,17,43
-2,2,66
-3,7,76
-31,16,53
-21,15,51
-1,6,65
3,9,73
-33,19,51
-32,8,52
-3,2,71
9,5,73
-14,9,54
-24,2,50
-10,1,65
-5,1,68
-31,0,50
-35,3,44
-28,10,32
-28,8,20
-77,5,17
-72,12,23
-57,11,14
-58,9,9
-67,-1,-12
-66,-5,-19
-67,-10,-28
-67,-9,-28
-58,-13,-29
-53,-12,-25
-47,-11,-24
-42,-11,-25
-45,-10,-28
-42,-12,-35
-37,-13,-38
-43,-9,-46
-45,-9,-46
-39,-14,-51
-43,-17,-54
-53,-20,-50
-57,-19,-45
-57,-27,-40
-67,-35,-32
-62,-40,-28
-77,-44,-34
-89,-41,-31
-92,-41,-25
-91,-43,-24
-57,-50,-24
-54,-50,-26
-31,-50,-37
-26,-52,-40
-20,-55,-31
-17,-51,-31
-18,-47,-37
-20,-51,-52
-11,-52,-47
-25,-49,-52
-39,-45,-61
-68,-32,-60
-77,-28,-55
-72,-18,-38
-67,-16,-24
-67,-18,-9
-69,-22,-13
-79,-43,-20
-65,-37,-14
-42,-11,-11
-43,-6,-26
-40,-7,-30
-39,-1,-40
-44,0,-46
-43,1,-46
-43,5,-47
-36,14,-51
-43,13,-52
-49,14,-49
-49,13,-46
-48,16,-48
-50,19,-48
-51,19,-49
-38,19,-44
-38,18,-41
-46,15,-37
-50,13,-38
-53,12,-44
-51,14,-46
-46,12,-32
-52,8,-30
-57,7,-35
-58,8,-34
-66,7,-32
-71,-1,-21
-73,-7,-9
-67,-17,9
-55,-22,17
-44,-24,12
-45,-19,0
-11,-2,-31
-8,9,-77
-101,12,-128
-35,20,-128
-22,23,-128
-48,2,-52
-63,-62,127
-10,-41,127
0,-18,63
-54,-8,-128
-37,14,-128
-54,6,-87
-101,-52,102
-14,-68,127
-17,-47,127
-34,-38,-128
-68,18,-128
-25,38,-105
-78,-14,78
-4,-56,127
-10,-24,-84
-84,-26,-128
-15,46,-128
-48,40,-33
0,-75,127
21,-63,127
-48,-68,-128
-73,-32,-128
-18,27,-128
-74,22,35
24,-52,127
34,-41,117
-101,-18,-128
-35,38,-128
-66,47,-42
-40,-28,41
-5,-33,56
-71,1,-20
-63,1,-53
-50,18,-47
-56,19,-39
-56,6,-26
-54,4,-22
-60,7,-26
-63,10,-28
-61,10,-30
-61,14,-34
-58,12,-31
-57,9,-32
-55,9,-31
-55,9,-27
-56,10,-27
-60,12,-30
-59,13,-30
-57,12,-29
-57,13,-27
-59,13,-28
-61,13,-26
-59,12,-26
-59,12,-20
-62,12,-19
-59,11,-23
-60,10,-21
-62,11,-21
-62,11,-20
-66,12,-14
-67,12,-15
-63,12,-12
-62,14,-11
-58,12,-12
-64,12,-7
-65,13,-5
-61,13,1
-57,12,2
-60,12,-4
-66,12,-3
-66,10,-2
-62,8,-1
-62,9,2
-63,10,3
-66,10,-1
-64,10,-1
-64,11,-1
-69,12,-4
-63,12,-1
-62,11,3
-64,11,2
-64,12,2
-65,13,-1
-65,13,-1
-63,13,2
-62,12,4
-64,12,3
-62,11,0
-63,11,3
-67,12,3
-69,8,0
-67,10,0
-67,12,1
-68,13,2
-50,12,5
-62,14,0
-70,13,-3
-67,12,-3
-74,11,2
-75,9,3
-66,11,12
-60,6,26
-57,4,27
-49,5,38
-46,7,40
-44,5,42
-41,6,44
-34,5,52
-25,4,55
-26,1,53
-19,0,56
-7,-2,65
-6,-3,66
10,-1,73
9,-4,68
8,0,62
-25,18,39
-31,18,38
11,-5,65
30,-8,76
-5,5,68
-36,15,45
-26,7,53
23,-9,87
18,-5,83
-7,8,63
-42,13,45
-20,-7,79
9,-6,81
-34,13,47
-39,13,43
2,-2,71
3,-4,74
-34,15,44
-38,18,43
-9,3,68
-8,1,76
-15,6,62
-31,15,40
-61,28,21
-37,7,49
-19,-4,70
-32,9,60
-59,10,39
-68,11,27
-62,9,33
-44,5,33
-39,4,29
-49,1,21
-54,-3,14
-63,-2,-2
-64,-3,-10
-69,-10,-29
-66,-11,-32
-60,-11,-30
-44,-11,-30
-45,-10,-33
-41,-10,-40
-34,-11,-41
-33,-9,-46
-32,-9,-50
-24,-10,-50
-25,-10,-46
-14,-18,-59
-17,-19,-61
-34,-20,-62
-41,-24,-59
-46,-28,-61
-61,-29,-64
-61,-31,-69
-75,-31,-70
-80,-30,-62
-67,-38,-53
-60,-39,-42
-33,-44,-32
-20,-48,-35
-22,-54,-35
-20,-56,-39
-15,-56,-45
-24,-48,-49
-21,-51,-52
-17,-55,-49
-20,-55,-50
-43,-53,-64
-56,-45,-62
-63,-33,-41
-67,-21,-35
-63,-12,-21
-62,-12,-17
-81,-23,-24
-64,-27,-22
-43,-19,-14
-46,-2,-22
-51,2,-30
-47,-1,-32
-34,1,-28
-49,8,-40
-54,12,-49
-30,13,-25
-41,11,-29
-58,14,-38
-67,19,-42
-66,19,-33
-80,15,-28
-89,9,-22
-63,-11,17
-29,-19,29
-16,-2,-11
-6,27,-68
-83,25,-128
-10,31,-128
-81,14,-22
-87,-25,80
19,-48,127
-5,-21,86
-128,8,-128
-62,39,-128
-55,27,-47
42,-21,105
-2,-28,79
-122,-18,-41
-119,-15,-75
-80,8,-50
-71,6,-30
-43,-6,6
-42,-6,7
-61,-2,-15
-65,2,-25
-62,9,-24
-60,10,-18
-61,7,-17
-61,4,-24
-56,4,-24
-56,6,-26
-57,6,-30
-60,12,-37
-65,12,-37
-60,8,-30
-57,8,-29
-55,9,-27
-57,9,-32
-56,9,-33
-58,8,-31
-58,8,-30
-59,9,-30
-58,9,-31
-56,9,-32
-56,9,-27
-61,10,-28
-63,12,-29
-61,12,-26
-58,11,-23
-61,12,-24
-62,12,-17
-60,12,-17
-67,11,-17
-62,10,-14
-62,14,-11
-62,15,-10
-58,13,-9
-53,15,-6
-63,16,-7
-64,15,-10
-61,16,-7
-63,16,-5
-66,17,-11
-65,17,-11
-64,17,-12
-61,18,-10
-61,17,-12
-65,15,-15
-60,15,-13
-60,14,-10
-62,13,-10
-63,13,-13
-62,13,-14
-59,14,-13
-60,12,-16
-64,12,-16
-62,10,-13
-63,9,-13
-63,12,-14
-64,10,-12
-66,11,-12
-64,11,-10
-63,10,-14
-68,10,-14
-63,11,-15
-58,9,-10
-77,9,-14
-79,9,-15
-61,11,-1
-65,7,8
-68,7,8
-63,8,18
-58,8,23
-58,9,26
-57,9,29
-51,9,36
-45,8,39
-38,6,45
-40,5,50
-24,5,54
-19,4,59
-16,4,64
-7,7,62
-5,8,62
-8,10,52
-5,11,48
6,0,64
6,-8,69
-16,0,64
-34,8,55
-26,0,60
-2,-4,71
0,6,69
-31,14,48
-38,3,51
4,-2,82
-13,3,71
-45,17,41
-38,12,44
0,-3,73
-4,-2,73
-51,17,36
-52,21,33
-16,2,64
-9,1,74
-43,14,44
-54,14,33
-35,-5,55
-29,-1,68
-51,6,52
-43,4,46
-29,2,58
-36,10,46
-33,16,35
-47,16,13
-73,8,10
-60,-1,18
-64,2,10
-81,2,-11
-67,2,-7
-63,1,-7
-62,0,-18
-57,0,-23
-55,0,-31
-57,-1,-39
-53,-3,-43
-49,-7,-41
-48,-10,-37
-44,-11,-33
-39,-9,-25
-37,-10,-27
-37,-10,-33
-31,-9,-39
-31,-8,-46
-32,-11,-58
-32,-11,-61
-27,-11,-69
-28,-13,-75
-37,-10,-75
-45,-10,-76
-50,-6,-67
-51,-6,-59
-63,-8,-60
-66,-11,-62
-65,-15,-57
-51,-41,-44
-34,-54,-40
-16,-68,-44
-13,-70,-51
-12,-54,-49
-14,-44,-46
-30,-43,-50
-31,-51,-56
-20,-67,-52
-39,-70,-54
-79,-53,-45
-84,-42,-33
-80,-33,-16
-85,-17,18
-76,-12,20
-53,-26,38
-54,-31,33
-38,-22,25
-31,-12,32
-41,-3,32
-38,-7,28
-30,-8,42
-35,-2,41
-46,1,34
-48,4,40
-50,5,42
-50,3,44
-42,7,46
-38,7,52
-41,2,57
-30,-8,74
-10,-13,85
-25,-12,55
-32,-16,40
-9,-20,-64
-100,-13,-128
-31,17,-128
-35,10,-77
-55,3,-10
-39,-18,123
-6,-23,127
-34,-5,70
-6,-6,15
-77,-7,-128
-87,-13,-128
-52,5,-128
-82,-14,-30
-55,-29,127
19,-50,127
5,-11,61
-94,-17,-128
-93,-10,-128
-67,8,-119
-91,-5,8
-28,-26,127
40,-33,127
10,-18,-12
-61,-23,-128
-48,30,-128
-52,29,-128
-81,-10,108
-17,-30,127
12,-8,113
-97,-25,-128
-73,12,-128
-61,27,-104
-70,16,-22
-25,-9,64
-15,-9,67
-61,-1,-11
-63,4,-36
-66,19,-50
-69,20,-46
-65,12,-22
-64,8,-17
-55,4,-18
-58,13,-29
-56,15,-31
-59,14,-32
-62,12,-34
-65,8,-32
-60,8,-30
-52,10,-31
-53,11,-32
-57,10,-27
-59,9,-29
-60,10,-29
-60,10,-29
-58,11,-30
-56,11,-26
-58,10,-26
-58,10,-27
-58,10,-25
-59,11,-23
-59,12,-25
-60,13,-27
-59,13,-25
-61,13,-22
-65,13,-23
-63,13,-22
-63,13,-18
-63,13,-15
-60,13,-12
-60,14,-11
-66,13,-12
-66,12,-9
-63,16,-5
-60,15,-4
-64,15,-3
-62,15,0
-63,15,1
-63,16,3
-57,15,7
-57,15,5
-61,13,9
-61,12,9
-68,14,3
-62,11,6
-61,12,9
-65,11,10
-68,11,9
-64,13,8
-64,12,8
-64,11,9
-65,12,10
-61,15,8
-58,13,11
-60,13,11
-63,14,6
-62,13,4
-65,13,7
-61,13,11
-60,13,12
-60,13,10
-64,13,7
-65,13,5
-66,12,7
-63,12,8
-64,12,8
-65,11,7
-64,11,10
-67,12,13
-65,13,13
-62,12,18
-69,11,20
-55,13,23
-54,12,27
-54,10,32
-55,9,35
-48,8,41
-47,8,44
-50,8,42
-38,8,48
-38,7,49
-46,6,49
-44,6,48
-33,6,55
-36,6,55
-33,6,53
-29,6,56
-19,2,60
-13,1,65
-7,0,66
-11,5,58
-13,10,50
3,-9,66
9,-8,73
-28,9,51
-32,9,49
-6,-4,70
0,-5,76
-33,10,49
-36,15,44
-8,0,67
-2,-3,74
-35,17,44
-46,30,41
-22,12,58
-1,2,84
-14,9,71
-57,28,34
-43,23,41
-8,-1,69
-8,-2,73
-49,18,37
-47,20,35
-13,1,61
-12,-4,73
-37,15,48
-42,17,43
-29,8,53
-25,4,65
-45,13,48
-52,23,36
-50,16,39
-42,5,52
-37,7,54
-39,13,36
-44,15,22
-53,16,23
-54,12,23
-56,5,18
-64,7,4
-64,6,-4
-70,3,-19
-71,3,-22
-66,-1,-33
-65,-3,-38
-59,-5,-36
-51,-6,-34
-50,-7,-37
-54,-5,-39
-42,-4,-37
-41,-5,-39
-35,-6,-43
-37,-4,-45
-35,-4,-45
-28,-7,-51
-29,-4,-52
-32,-3,-52
-31,-5,-56
-34,-7,-56
-40,-6,-56
-49,-8,-64
-55,-6,-66
-69,-2,-69
-71,-5,-71
-66,-17,-63
-47,-38,-39
-29,-52,-40
-23,-67,-42
-22,-70,-45
-5,-58,-44
-4,-47,-36
-9,-41,-27
-11,-43,-28
-15,-49,-28
-14,-51,-26
-25,-57,-32
-33,-59,-30
-35,-58,-27
-47,-55,-21
-73,-56,-18
-97,-57,-18
-94,-59,-19
-82,-53,-17
-79,-50,-19
-77,-50,-27
-67,-52,-25
-51,-50,-25
-46,-47,-23
-47,-37,-19
-39,-30,-13
-39,-24,-11
-47,-26,-14
-47,-19,-11
-46,-15,-12
-48,-15,-11
-53,-13,-7
-56,-12,-7
-59,-12,-5
-63,-11,-2
-70,-8,-1
-72,-8,-1
-68,-6,2
-65,-5,1
-65,-3,0
-72,-3,-6
-70,-1,-6
-66,2,-5
-65,3,-5
-66,5,-5
-65,6,-5
-67,9,-4
-68,11,-2
-68,13,-2
-70,14,-1
-68,16,4
-71,19,6
-71,21,6
-72,22,8
-70,24,10
-72,23,11
-70,22,12
-64,21,18
-61,22,22
-54,21,28
-48,19,32
-49,15,33
-47,15,37
-43,14,39
-43,6,38
-42,7,37
-49,8,31
-43,10,33
-29,7,39
-33,6,37
-41,7,42
-33,6,47
-25,7,54
-27,5,52
-25,7,52
-25,6,53
-28,12,53
-25,16,57
-19,19,58
-23,15,54
-23,16,53
-28,14,52
-28,13,57
-22,17,55
-21,18,54
-24,19,57
-26,18,60
-28,21,56
-29,21,53
-30,19,54
-26,20,54
-27,20,54
-27,19,55
-28,20,55
-28,21,54
-28,20,53
-28,23,53
-29,21,52
-28,21,54
-28,20,55
-27,20,56
-29,21,53
-29,22,53
-28,20,53
-29,20,54
-29,21,55
-29,20,54
-30,20,54
-29,20,54
-30,21,52
-30,20,53
-29,19,54
-28,19,54
-29,19,53
-30,20,53
-29,20,53
-29,19,53
-30,20,53
-30,20,53
-30,20,53
-30,20,53
-30,20,53
-29,20,53
-30,20,52
-30,19,53
-30,20,53
-31,20,53
-30,20,53
-31,20,53
-31,20,53
-30,20,54
-30,20,53
-30,20,53
-30,20,53
-30,20,53
-30,20,52
-30,19,52
-29,20,52
-30,19,53
-30,20,53
-30,20,53
-31,20,53
-31,19,53
-30,20,53
-30,20,53
-30,21,53
-31,21,52
-31,20,52
-30,19,53
-30,19,52
-29,19,53
-30,20,53
-31,20,53
-31,20,52
-30,20,52
-30,20,54
-30,20,53
-31,20,52
-31,20,53
-30,20,54
-31,20,53
-30,20,52
-30,20,53
-30,20,53
-31,20,53
-31,20,52
-30,20,53
-31,20,53
-30,20,53
-30,20,53
-31,20,53
-31,20,53
-31,20,53
-31,20,53
-32,22,56
-34,24,59
-30,23,54
-31,24,48
-32,22,51
-25,18,54
-23,17,54
-27,12,51
-30,10,50
-26,3,53
-25,4,51
-32,3,45
-33,3,42
-41,7,39
-40,8,39
-39,6,37
-43,20,31
-44,17,35
-38,21,37
-39,30,37
-39,28,40
-40,21,42
-45,27,41
-51,27,36
-60,11,34
-62,8,34
-48,19,51
-51,14,47
-57,15,43
-53,18,40
-51,19,37
-42,18,35
-45,18,34
-56,20,25
-59,22,21
-60,25,20
-62,29,20
-74,29,18
-80,28,16
-76,27,15
-68,23,17
-63,21,16
-64,18,14
-65,18,14
-62,15,12
-61,15,12
-59,17,11
-63,18,9
-64,19,8
-65,20,9
-64,20,11
-63,21,10
-59,23,11
-61,23,12
-58,22,11
-59,21,11
-59,22,11
-61,23,11
-59,23,11
-57,24,12
-57,23,12
-59,22,14
-60,21,13
-60,22,10
-63,25,9
-64,25,17
-61,24,21
-60,21,20
-62,20,23
-59,17,27
-66,12,19
-65,10,17
-55,5,25
-55,3,24
-56,0,25
-51,-5,26
-49,-8,27
-48,-11,24
-48,-17,30
-50,-22,34
-51,-23,35
-48,-25,40
-40,-26,46
-29,-26,54
-33,-29,48
-32,-30,47
-32,-31,50
-30,-27,51
-29,-28,51
-26,-32,53
-21,-25,57
-23,-23,56
-26,-25,56
-26,-26,58
-22,-22,56
-25,-19,54
-27,-24,59
-25,-24,60
-24,-22,58
-27,-23,57
-25,-25,58
-26,-25,61
-30,-22,58
-34,-22,55
-40,-27,48
-38,-30,45
-38,-27,42
-54,-17,36
-51,-13,39
-51,-3,34
-51,2,33
-41,7,35
-33,16,31
-35,31,27
-36,36,25
-40,45,24
-43,48,21
-47,50,8
-65,46,17
-67,41,11
-45,44,10
-45,46,8
-67,40,6
-60,36,6
-50,34,17
-57,33,20
-61,27,15
-52,28,19
-56,24,28
-53,22,29
-41,22,36
-29,20,52
-31,15,47
-37,13,42
-43,16,42
-48,16,30
-59,13,19
-78,3,25
-68,9,34
-63,16,41
-49,13,43
-34,19,53
-40,13,17
-52,12,22
-61,6,35
-54,10,31
-51,13,49
-48,17,58
-42,12,47
-40,14,42
-42,11,19
-59,8,30
-64,6,31
-59,13,39
-48,23,50
-47,19,41
-45,11,31
-47,5,23
-74,1,38
-54,12,42
-48,21,56
-42,18,46
-46,17,41
-37,4,10
-60,1,33
-61,5,37
-45,17,49
-49,22,46
-40,13,36
-32,7,20
-67,3,34
-79,5,32
-54,16,46
-43,22,56
-44,20,42
-47,15,36
-32,4,11
-65,-1,34
-73,9,25
-51,14,63
-52,26,49
-46,17,36
-23,13,24
-59,-4,34
-73,2,41
-54,16,40
-49,23,56
-50,22,42
-49,20,40
-36,11,14
-48,1,26
-59,5,43
-52,15,54
-43,19,59
-57,19,29
-37,17,27
-43,-2,33
-64,-2,42
-70,11,33
-48,17,56
-59,22,39
-47,18,40
-27,11,13
-48,-2,24
-70,6,38
-46,19,56
-52,20,46
-45,18,40
-39,15,23
-50,-1,32
-69,1,44
-49,13,49
-41,21,63
-54,19,32
-45,16,24
-45,2,27
-72,2,35
-63,13,38
-54,24,44
-50,16,34
-40,11,17
-51,1,11
-79,6,33
-71,10,31
-35,28,53
-37,21,37
-45,9,16
-58,4,19
-75,5,40
-54,10,49
-43,19,39
-58,11,30
-55,7,35
-53,8,37
-56,11,36
-53,16,36
-49,18,38
-50,17,36
-50,16,34
-51,17,33
-48,19,34
-46,19,28
-49,18,25
-49,20,26
-48,22,24
-53,23,23
-57,21,20
-55,21,21
-59,25,25
-61,25,23
-59,23,20
-60,23,23
-63,21,23
-63,20,23
-59,21,21
-57,21,20
-62,20,19
-60,25,16
-57,27,13
-56,30,14
-57,27,19
-60,15,23
-55,16,31
-58,25,22
-54,29,17
-57,29,11
-55,25,13
-46,17,24
-56,20,26
-54,30,14
-51,34,9
-59,28,13
-61,11,30
-64,19,32
-55,29,18
-53,33,13
-49,22,15
-55,13,21
-64,22,19
-64,27,12
-55,28,20
-46,20,24
-58,21,21
-60,29,16
-55,23,19
-58,11,34
-62,14,34
-56,19,24
-55,20,24
-57,19,25
-53,18,25
-63,12,18
-60,10,16
-60,6,8
-69,3,-3
-68,2,-8
-62,-1,-18
-57,0,-20
-48,0,-23
-46,0,-27
-42,-2,-33
-39,-3,-37
-45,-4,-44
-47,-5,-45
-50,-8,-48
-56,-11,-48
-56,-17,-36
-60,-26,-32
-63,-29,-31
-60,-38,-25
-61,-43,-20
-68,-40,-11
-74,-43,-13
-53,-54,-13
-49,-51,-2
-51,-58,-7
-57,-58,-8
-53,-57,-1
-35,-54,13
-44,-48,9
-67,-54,-14
-72,-53,-18
-72,-48,-20
-79,-45,-26
-96,-38,-38
-102,-34,-36
-86,-13,-17
-84,-5,-17
-89,-1,-19
-77,2,-11
-64,0,-5
-54,-1,2
-42,6,19
-25,8,31
-26,11,36
5,18,52
8,19,48
10,29,44
11,30,43
20,28,39
18,26,37
5,35,42
7,35,42
-2,39,40
3,39,46
8,40,57
-11,40,55
-14,37,59
-12,35,63
-15,32,63
-11,31,58
-7,34,50
-20,42,40
-6,42,44
-5,40,43
-7,36,47
-9,35,48
-14,43,41
-14,36,44
-14,35,47
-25,34,45
-43,34,42
-22,34,54
-22,38,42
-24,37,43
-12,41,51
-15,44,36
-19,48,44
-14,53,43
-20,55,31
-8,54,41
-5,46,37
-5,55,43
2,49,44
-5,42,48
1,41,50
4,39,48
-1,41,47
2,40,47
5,41,45
-1,45,43
-8,44,40
-4,49,46
-1,47,44
3,47,38
2,47,39
10,47,44
24,45,48
27,45,49
25,44,39
17,44,40
25,43,44
32,43,43
20,43,41
17,42,41
27,43,44
26,43,44
23,43,42
20,46,42
21,44,40
18,42,39
13,41,42
14,41,44
17,41,46
16,43,48
19,40,45
7,37,41
5,37,45
12,37,45
18,38,46
15,38,49
13,37,47
14,38,43
10,36,47
7,35,49
11,39,48
13,39,52
14,34,58
14,36,58
8,36,50
16,34,53
16,33,54
10,33,51
11,35,49
14,34,47
15,33,48
25,31,55
27,33,55
22,36,47
20,34,44
26,37,53
26,37,51
20,36,43
19,35,45
21,36,49
24,34,49
18,32,42
24,38,52
23,39,51
23,35,43
13,34,41
13,33,51
12,29,52
13,29,53
18,30,53
17,28,45
26,30,50
34,29,50
27,24,40
27,21,39
51,18,46
50,16,43
41,18,40
36,20,33
34,18,26
35,17,24
41,25,18
41,29,16
24,31,28
5,33,32
-5,40,35
-18,54,43
-27,56,42
-39,66,32
-43,72,26
-56,81,17
-54,84,12
-50,89,5
-49,87,2
-45,77,-4
-45,72,-4
-41,64,0
-41,57,7
-41,54,9
-33,51,23
-28,50,29
-20,49,40
-14,49,44
-7,51,51
-7,51,51
0,50,49
2,50,49
2,47,47
4,46,46
3,47,44
-2,45,42
-6,44,41
-12,40,39
-14,37,39
-17,39,38
-18,39,39
-20,42,36
-25,45,34
-26,50,38
-30,49,40
-28,45,50
-29,46,53
-28,48,46
-24,47,38
-21,46,36
-1,44,41
-7,43,37
-17,35,31
-19,36,33
-26,30,31
-24,26,30
-11,38,36
-13,38,34
-25,38,37
-27,42,39
-25,45,43
-36,51,30
-32,51,30
-22,43,38
-23,39,39
-37,42,34
-38,43,28
-31,48,22
-34,46,22
-30,51,24
-32,48,26
-33,48,27
-37,50,29
-33,49,30
-29,47,30
-37,47,28
-30,49,27
-28,49,27
-47,50,16
-43,50,15
-45,48,15
-44,49,15
-33,49,23
-33,48,21
-42,49,13
-33,49,18
-33,48,17
-41,50,16
-39,51,18
-35,51,19
-33,50,18
-37,49,20
-35,50,21
-34,51,22
-47,49,16
-29,49,23
-29,51,23
-41,50,18
-35,50,19
-25,50,23
-33,49,19
-39,51,15
-38,50,19
-38,49,18
-27,47,29
-29,43,30
-28,44,33
-24,38,32
-24,34,33
-22,29,36
-8,22,40
-12,25,44
-9,23,41
-6,22,42
-10,27,42
-6,24,34
-4,20,37
-12,24,38
-11,25,39
-7,25,42
-10,31,44
-15,31,47
-16,30,49
-11,46,41
-28,38,40
-32,36,32
-40,43,9
-58,47,-6
-89,47,-33
-95,49,-36
-85,53,-30
-89,54,-24
-102,45,-17
-101,36,-14
-85,28,-5
-79,28,-1
-75,26,2
-60,20,5
-58,19,6
-64,15,5
-66,12,7
-65,6,14
-63,4,16
-66,2,18
-66,0,19
-61,-6,27
-55,-5,28
-52,-2,29
-52,-6,26
-53,0,25
-72,-3,27
-66,-2,26
-56,3,26
-59,1,26
-52,5,21
-51,7,21
-65,0,22
-60,1,24
-59,1,26
-63,-3,25
-59,-1,27
-62,1,22
-65,1,20
-65,-4,26
-62,-4,25
-53,2,27
-54,3,26
-59,4,22
-58,4,24
-62,-2,25
-62,-5,26
-53,-6,35
-51,-5,33
-55,0,28
-57,2,28
-59,3,29
-59,3,32
-59,3,31
-58,1,30
-57,0,29
-59,2,30
-59,2,31
-58,4,28
-59,3,27
-60,2,27
-58,1,28
-59,1,27
-59,0,26
-55,0,26
-58,0,25
-59,1,25
-65,2,25
-61,3,28
-57,2,31
-58,2,29
-58,1,33
-59,-1,35
-55,-1,31
-54,0,33
-54,0,35
-53,0,35
-53,1,36
-55,0,36
-51,-1,38
-54,-2,36
-50,-1,37
-54,-2,42
-55,-2,42
-46,-2,40
-47,-2,39
-47,-2,43
-48,-1,44
-46,-1,45
-46,-3,43
-47,-3,44
-49,-3,44
-48,-2,43
-48,-3,45
-47,-3,46
-46,-2,48
-48,-4,48
-49,-5,46
-45,-3,48
-39,-6,47
-45,4,43
-47,6,37
-62,8,27
-64,8,34
-66,6,41
-62,6,41
-57,3,41
-52,2,44
-35,1,35
-29,0,35
-43,-5,41
-39,-5,38
-44,-3,40
-50,-2,51
-51,-1,48
-38,3,49
-42,0,54
-47,-1,46
-38,-1,45
-41,-2,50
-44,-1,50
-40,0,50
-40,-1,50
-41,-2,50
-41,-3,47
-44,-2,47
-39,-1,50
-38,-1,50
-44,-3,48
-45,-1,47
-40,-1,48
-44,-1,48
-41,0,49
-40,0,49
-44,-2,45
-42,-1,46
-42,-2,48
-47,-2,49
-43,-1,49
-29,-1,47
-30,-1,40
-58,-12,47
-48,-10,50
-39,4,41
-36,1,32
-73,3,26
-72,4,29
-52,7,22
-51,7,30
-62,6,28
-66,8,25
-63,10,25
-60,8,27
-62,5,27
-53,4,27
-53,5,24
-62,0,26
-64,-1,29
-54,3,35
-55,2,36
-58,-1,40
-46,-1,39
-45,-1,39
-51,0,43
-51,-2,42
-43,-1,43
-50,-2,41
-51,-2,43
-45,-1,43
-49,-2,41
-48,-2,40
-49,-2,44
-48,-1,41
-50,-1,40
-51,-3,43
-47,0,38
-51,-2,44
-48,-1,42
-50,-2,42
-51,-3,41
-48,-2,41
-49,-1,40
-50,-1,41
-50,-2,41
-50,-1,41
-51,-2,43
-49,-1,42
-49,-2,43
-51,-1,44
-51,-3,48
-46,-3,46
-45,-6,43
-45,-5,43
-47,1,47
-48,2,45
-45,8,45
-52,10,47
-62,16,39
-61,19,35
-62,22,23
-62,24,16
-58,20,9
-65,9,-7
-68,6,-12
-62,3,-4
-63,0,-3
-72,1,-7
-70,1,-3
-64,5,6
-68,5,8
-67,2,9
-68,3,13
-64,5,22
-62,4,23
-59,-2,24
-47,-6,35
-40,-9,38
-43,-20,27
-53,-25,31
-30,-23,47
-20,-21,47
-21,-32,46
-16,-43,66
-27,-24,47
-23,-23,53
-17,-30,57
-25,-29,53
-26,-29,52
-22,-27,53
-19,-24,55
-17,-22,61
-23,-22,58
-29,-20,54
-36,-19,50
-31,-20,55
-26,-20,56
-22,-22,53
-25,-23,55
-22,-25,55
-20,-26,54
-22,-26,52
-17,-25,54
-17,-26,56
-22,-24,58
-24,-25,58
-25,-25,54
-23,-26,54
-22,-26,54
-22,-26,56
-15,-21,58
-17,-21,57
-28,-15,54
-29,-9,55
-19,-14,61
-52,-22,47
-30,-13,58
-39,-16,50
-29,-19,54
-22,-17,58
-22,-18,54
-18,-24,54
-16,-26,54
-28,-29,55
-25,-27,54
-24,-25,51
-22,-26,50
-21,-27,51
-34,-26,63
-40,-29,55
-24,-22,52
-21,-22,51
-23,-24,54
-24,-24,56
-22,-22,58
-24,-24,55
-16,-26,55
-15,-26,54
-15,-28,50
-19,-31,52
-21,-30,52
-20,-25,54
-19,-23,59
-24,-23,61
-25,-23,58
-25,-22,56
-23,-22,56
-22,-21,55
-26,-23,51
-22,-23,57
-24,-21,58
-36,-24,47
-38,-19,54
-32,-14,57
-52,-16,38
-54,-24,38
-57,-13,40
-53,-15,39
-57,-16,31
-62,-17,18
-60,-8,18
-56,-1,15
-59,7,-2
-55,23,-3
-49,28,-1
-51,32,-6
-58,38,-4
-65,50,11
-60,50,13
-50,51,24
-59,48,23
-41,44,30
-33,43,34
-45,34,36
-53,27,36
-48,20,40
-41,20,41
-40,17,41
-40,16,44
-42,19,45
-38,19,41
-35,17,42
-54,18,47
-53,19,46
-40,20,43
-38,19,42
-45,18,40
-44,18,40
-42,18,41
-31,15,39
-30,12,46
-41,11,53
-38,12,54
-30,11,57
-31,10,57
-41,9,53
-41,10,54
-38,8,52
-39,1,49
-50,-1,48
-50,3,49
-53,4,40
-58,-3,29
-54,-4,23
-70,-5,21
-69,-6,13
-53,-4,18
-54,-6,16
-61,-8,11
-63,-8,12
-61,-10,12
-58,-10,14
-55,-9,18
-51,-8,20
-50,-10,20
-49,-13,18
-47,-13,17
-31,-16,12
-32,-24,13
-33,-38,19
-39,-46,22
-55,-57,17
-51,-56,20
-51,-63,23
-54,-66,17
-37,-69,16
-34,-71,12
-32,-73,9
-37,-76,11
-39,-77,11
-37,-72,12
-33,-70,12
-29,-68,12
-28,-70,12
-25,-71,12
-23,-70,12
-20,-64,13
-17,-60,14
-12,-55,13
-11,-54,13
-13,-54,11
-21,-54,9
-24,-53,8
-37,-55,8
-45,-59,8
-43,-58,6
-37,-57,6
-30,-56,7
-31,-53,8
-34,-49,8
-37,-47,8
-41,-46,8
-40,-46,7
-34,-46,9
-31,-47,11
-31,-49,10
-33,-54,9
-33,-57,8
-29,-63,17
-22,-70,23
-28,-68,21
-22,-67,17
-17,-61,8
-19,-60,4
-19,-66,-5
-20,-66,-13
-16,-64,-12
-10,-68,-13
-24,-67,-18
-34,-65,-18
-33,-60,-20
-37,-49,-28
-37,-51,-25
-35,-54,-22
-26,-54,-20
-25,-64,-13
-37,-63,-20
-42,-60,-10
-22,-45,6
-34,-42,1
-32,-41,-1
-29,-38,-4
-32,-29,-17
-38,-29,-16
-36,-36,-16
-48,-36,-29
-62,-36,-43
-59,-36,-42
-53,-38,-46
-45,-36,-46
-35,-34,-54
-31,-34,-55
-36,-36,-51
-29,-33,-51
-14,-27,-51
-11,-19,-58
-10,-13,-61
2,-34,-45
-9,-35,-49
-17,-45,-46
-22,-43,-50
-27,-34,-49
-21,-31,-48
-9,-25,-44
-8,-26,-47
-11,-23,-58
-16,-23,-60
-29,-29,-60
-43,-41,-55
-29,-41,-58
-31,-40,-61
-30,-38,-54
-28,-39,-48
-34,-34,-54
-15,-18,-50
-15,-30,-46
-47,-34,-52
-21,-35,-31
-12,-35,-31
-16,-47,-31
-17,-52,-31
-16,-54,-32
-18,-53,-42
-29,-48,-42
-27,-41,-43
-20,-30,-50
-24,-24,-57
-31,-18,-61
-42,-26,-45
-47,-28,-40
-49,-27,-35
-51,-27,-26
-42,-30,-28
-47,-25,-25
-43,-41,-25
-49,-42,-25
-54,-46,-28
-45,-50,-23
-65,-50,-20
-43,-50,-8
-35,-30,9
-9,-37,19
-21,-63,-1
-42,-66,-21
-44,-69,-22
-30,-63,-3
-13,-54,11
-23,-63,23
-23,-69,14
-24,-63,13
-22,-62,18
-11,-62,12
5,-63,3
0,-79,-23
-32,-77,-6
-21,-73,-9
-19,-70,-44
-16,-68,-44
-22,-55,-42
-29,-49,-46
-11,-52,-25
-8,-55,-22
-5,-50,-38
-2,-51,-37
0,-50,-30
-2,-52,-31
9,-45,-47
-43,-50,-34
-32,-51,-31
-41,-49,-29
-20,-52,-27
-24,-40,-43
-23,-38,-39
-19,-41,-43
-23,-39,-38
-38,-32,-47
-46,-29,-66
4,-47,-29
25,-77,19
-33,-62,-18
94,-28,14
76,-29,19
-48,-94,-43
-84,-110,-24
-75,-75,-44
-37,-62,-32
-29,-80,-29
-25,-76,-25
11,-77,0
19,-62,25
-14,-73,15
-28,-78,7
-29,-80,0
-22,-75,-10
-18,-73,-11
-19,-66,-8
-22,-61,-8
-26,-54,-8
-28,-57,-7
-29,-59,0
-27,-55,5
-24,-49,14
-19,-49,20
5,-53,23
14,-63,22
11,-71,19
-2,-79,16
-8,-78,15
-17,-68,8
-20,-64,7
-24,-63,6
-31,-63,1
-27,-62,2
-25,-63,2
-25,-62,3
-27,-62,5
-33,-64,7
-38,-64,9
-37,-64,10
-37,-68,11
-39,-78,12
-33,-91,15
-22,-86,17
-11,-65,16
-12,-62,13
-16,-68,6
-19,-75,6
-18,-75,6
-24,-72,-1
-26,-65,-9
-20,-59,-8
-18,-56,-7
-21,-50,-8
-22,-47,-9
-23,-44,-9
-21,-44,-6
-19,-47,-2
-17,-50,0
-15,-53,5
-17,-54,9
-14,-60,13
-9,-66,14
34,-100,46
-47,-90,0
-50,-83,4
-40,-61,5
-29,-58,6
-13,-62,9
-16,-68,6
-21,-73,2
-20,-68,0
-15,-53,-2
-14,-47,-2
-21,-42,-4
-33,-44,-2
-35,-47,-2
-32,-51,4
-31,-53,9
-29,-57,20
-24,-60,23
-21,-74,26
-25,-82,24
-31,-99,20
-24,-98,19
-4,-74,18
-3,-62,14
-8,-63,10
-19,-70,6
-24,-71,2
-27,-65,-4
-24,-60,-6
-17,-55,-5
-17,-54,-4
-22,-52,-5
-24,-51,-7
-26,-49,-8
-23,-51,-8
-18,-54,-3
-15,-56,-1
-13,-59,5
-13,-64,10
-13,-65,10
-17,-73,12
-22,-76,18
-28,-72,30
-23,-67,31
-10,-56,28
-7,-58,24
-7,-70,15
-7,-75,13
-9,-75,12
-11,-67,10
-14,-52,6
-21,-48,2
-25,-48,0
-29,-50,-3
-29,-49,-2
-26,-51,6
-26,-53,9
-24,-59,15
-22,-63,18
-18,-65,22
-16,-64,22
-20,-70,19
-24,-79,18
-32,-103,19
-20,-81,18
-17,-65,17
-18,-52,11
-18,-55,8
-21,-62,2
-25,-64,-1
-30,-67,-5
-27,-69,-7
-21,-59,-6
-22,-57,-5
-23,-58,-6
-24,-59,-8
-24,-58,-11
-21,-58,-10
-18,-59,-8
-14,-62,-3
-13,-63,-1
-14,-65,4
-16,-64,8
-18,-68,15
-18,-70,19
-17,-74,30
-12,-72,33
22,-75,60
-8,-64,39
-16,-58,18
-3,-66,15
-2,-72,13
-11,-72,3
-11,-67,2
-16,-53,2
-21,-49,1
-30,-45,-1
-33,-45,-1
-31,-48,1
-28,-50,4
-25,-55,11
-26,-58,13
-31,-65,16
-42,-78,19
-44,-84,17
-30,-95,12
-17,-89,13
-1,-69,15
-2,-64,14
-10,-66,10
-15,-70,8
-24,-67,1
-26,-66,-5
-25,-63,-8
-23,-61,-8
-23,-59,-7
-24,-58,-8
-24,-57,-9
-22,-59,-9
-18,-59,-8
-14,-59,-7
-13,-59,-6
-13,-59,-4
-16,-61,-2
-21,-62,3
-26,-63,7
-37,-61,21
-26,-60,28
-12,-60,30
8,-64,29
10,-71,25
3,-83,21
0,-82,20
-6,-68,15
-10,-61,11
-18,-53,7
-22,-51,5
-27,-52,3
-27,-52,1
-24,-52,3
-24,-53,8
-26,-56,9
-25,-60,12
-24,-62,14
-22,-64,16
-21,-65,17
-21,-69,18
-20,-73,18
-19,-82,19
-18,-84,18
-13,-78,15
-16,-68,11
-17,-64,9
-17,-58,5
-17,-57,3
-19,-56,1
-21,-58,0
-23,-63,-3
-21,-61,-4
-20,-57,-7
-22,-61,-6
-24,-59,-4
-23,-56,-5
-24,-52,-4
-24,-54,-3
-21,-56,-1
-19,-61,2
-18,-64,5
-14,-70,8
-14,-69,11
-20,-67,17
-23,-66,20
-23,-64,23
-18,-64,24
-11,-65,21
-15,-64,15
-5,-63,14
-5,-64,14
-11,-65,9
-17,-59,5
-20,-57,4
-24,-52,4
-25,-51,4
-24,-54,4
-23,-59,6
-21,-66,8
-20,-68,9
-18,-67,12
-17,-64,13
-19,-65,12
-20,-67,9
-20,-68,9
-19,-67,8
-19,-66,7
-19,-64,6
-20,-63,5
-20,-60,3
-20,-59,2
-19,-58,1
-18,-58,1
-19,-58,1
-20,-57,1
-22,-56,1
-22,-57,2
-20,-57,3
-20,-58,5
-20,-59,5
-20,-62,7
-20,-63,8
-18,-65,10
-16,-66,10
-14,-67,10
-15,-66,11
-16,-65,10
-16,-64,10
-16,-62,10
-18,-60,8
-19,-60,7
-21,-60,6
-21,-61,6
-22,-63,7
-22,-64,7
-20,-65,7
-19,-64,7
-20,-63,7
-21,-62,6
-21,-60,5
-21,-60,5
-22,-59,4
-22,-59,4
-22,-60,5
-21,-60,6
-21,-61,6
-20,-61,7
-19,-61,7
-18,-61,8
-18,-61,8
-18,-61,8
-18,-61,8
-19,-61,8
-19,-61,8
-19,-61,8
-20,-62,8
-19,-62,8
-19,-62,8
-19,-61,8
-19,-61,8
-20,-60,7
-20,-60,7
-20,-60,7
-20,-60,7
-20,-61,6
-20,-61,6
-20,-61,6
-20,-61,6
-20,-61,7
-20,-61,7
-20,-62,7
-19,-61,7
-20,-61,8
-19,-62,8
-19,-61,8
-20,-61,7
-20,-61,7
-20,-61,7
-20,-61,6
-21,-62,6
-21,-62,7
-20,-61,8
-20,-60,9
-19,-60,9
-19,-60,8
-20,-61,8
-20,-61,7
-22,-61,6
-22,-61,6
-22,-60,5
-22,-61,5
-22,-62,5
-22,-59,5
-22,-59,5
-22,-59,6
-21,-58,6
-20,-59,6
-19,-58,6
-19,-60,6
-18,-61,6
-18,-63,5
-18,-64,5
-17,-65,5
-17,-64,4
-18,-62,4
-19,-61,4
-19,-62,5
-18,-65,4
-19,-67,3
-19,-73,1
-18,-73,0
-19,-69,-2
-21,-67,-4
-23,-63,-5
-24,-63,-6
-24,-62,-8
-24,-62,-8
-22,-63,-7
-17,-59,-4
-16,-57,-3
-18,-53,-2
-18,-52,-1
-17,-53,0
-17,-53,0
-17,-54,0
-17,-56,1
-19,-61,2
-21,-63,2
-24,-62,3
-25,-61,4
-5,-75,34
-22,-78,40
-27,-64,37
-29,-61,21
-33,-63,13
-27,-62,7
-25,-61,5
-19,-59,4
-17,-59,5
-18,-60,5
-19,-61,5
-21,-62,4
-21,-62,4
-20,-61,3
-19,-62,3
-19,-62,4
-18,-61,5
-16,-61,6
-15,-61,7
-13,-62,9
-8,-62,16
-8,-62,17
-16,-63,12
-17,-64,12
-20,-67,8
-21,-68,9
-20,-66,10
-18,-62,11
-17,-60,11
-18,-57,9
-18,-56,9
-19,-56,7
-19,-56,7
-21,-58,7
-22,-59,6
-24,-61,6
-25,-61,6
-24,-61,7
-21,-62,8
-20,-62,9
-19,-61,9
-20,-60,8
-20,-60,8
-20,-60,7
-21,-60,9
-20,-60,10
-21,-61,10
-20,-61,10
-20,-61,11
-20,-62,10
-18,-62,10
-18,-62,10
-18,-61,9
-19,-60,9
-19,-60,9
-20,-60,8
-20,-60,8
-20,-60,8
-20,-60,8
-21,-60,8
-22,-60,8
-22,-61,9
-22,-61,9
-22,-62,10
-21,-62,10
-21,-62,10
-20,-61,10
-21,-61,10
-20,-60,10
-20,-60,10
-21,-60,9
-21,-61,9
-21,-61,8
-20,-61,8
-20,-60,8
-20,-60,8
-19,-60,7
-19,-61,7
-20,-60,8
-20,-61,9
-20,-61,9
-24,-60,7
-24,-60,7
-22,-60,8
-22,-60,8
-22,-60,8
-22,-60,8
-22,-61,7
-22,-61,7
-21,-61,6
-22,-61,6
-22,-61,6
-22,-61,6
-21,-61,7
-21,-61,6
-21,-61,6
-20,-62,6
-20,-61,7
-20,-61,6
-20,-61,6
-20,-62,6
-20,-61,6
-20,-61,5
-20,-62,5
-20,-62,6
-21,-62,6
-20,-62,6
-20,-62,6
-19,-62,6
-18,-63,6
-19,-63,6
-19,-63,6
-18,-62,7
-17,-61,6
-17,-60,5
-15,-62,4
-17,-64,4
-18,-63,3
-17,-59,3
-18,-58,3
-21,-58,2
-20,-60,2
-16,-65,2
-17,-67,3
-17,-63,5
-18,-61,5
-18,-59,5
-20,-60,5
-20,-60,6
-19,-62,6
-18,-63,7
-16,-65,6
-16,-65,5
-19,-63,3
-20,-62,2
-22,-60,2
-21,-61,3
-21,-62,2
-20,-61,2
-20,-62,4
-19,-61,5
-19,-61,4
-19,-60,6
-20,-60,7
-13,-62,-3
-22,-65,10
-10,-61,15
-21,-61,8
-19,-62,12
-20,-61,13
-23,-60,11
-23,-60,11
-24,-59,10
-23,-60,9
-23,-60,8
-24,-61,8
-24,-61,8
-25,-60,9
-25,-60,8
-22,-61,9
-22,-61,9
-22,-61,9
-21,-61,9
-20,-60,10
-20,-59,10
-20,-59,10
-18,-59,11
-19,-59,10
-19,-60,11
-19,-60,11
-19,-61,11
-20,-61,11
-20,-61,11
-20,-61,10
-20,-60,8
-18,-66,3
-13,-60,15
-23,-60,7
-21,-59,10
-21,-58,11
-22,-58,10
-22,-59,11
-22,-60,12
-23,-60,15
-26,-60,17
-23,-59,21
-22,-58,19
-22,-58,16
-22,-58,14
-21,-58,11
-23,-59,10
-24,-60,10
-22,-62,11
-21,-62,12
-19,-64,13
-18,-65,13
-15,-66,14
-13,-65,13
-12,-62,13
-14,-61,12
-14,-60,11
-13,-59,12
-17,-61,12
-23,-59,12
-22,-60,13
-20,-60,12
-21,-61,13
-22,-61,12
-22,-62,11
-23,-64,9
-23,-65,8
-24,-66,7
-23,-64,6
-22,-60,6
-20,-64,3
-30,-57,8
-19,-59,5
-20,-60,3
-17,-56,10
-18,-55,9
-24,-56,6
-24,-56,6
-25,-58,6
-24,-58,7
-24,-61,8
-24,-62,8
-26,-62,9
-27,-61,11
-26,-60,11
-25,-61,11
-25,-62,11
-24,-63,9
-24,-62,10
-25,-60,10
-25,-60,10
-23,-61,10
-22,-61,10
-19,-60,11
-18,-60,10
-15,-64,5
-12,-57,15
-17,-58,9
-20,-58,11
-18,-58,14
-21,-59,13
-20,-61,14
-21,-63,16
-20,-62,16
-22,-60,16
-26,-58,14
-25,-57,13
-26,-58,12
-24,-58,11
-24,-60,16
-26,-60,18
-27,-61,15
-28,-61,14
-26,-60,17
-24,-59,17
-24,-58,17
-24,-58,15
-22,-60,18
-23,-62,17
-25,-65,19
-24,-66,18
-23,-64,17
-27,-63,14
-32,-64,12
-38,-65,8
-36,-66,-6
-55,-59,4
-40,-56,2
-58,-52,-4
-69,-49,-6
-69,-45,-11
-66,-38,-9
-69,-29,-10
-65,-27,-13
-55,-20,-2
-45,-16,3
-44,-12,6
-46,-12,6
-46,-9,7
-51,-6,5
-59,-5,3
-57,-5,2
-58,-6,2
-67,-3,-2
-62,-2,-3
-56,1,7
-64,2,5
-64,5,-3
-62,4,-4
-63,5,-3
-59,5,-4
-63,4,-6
-62,4,-2
-65,4,-3
-70,6,1
-71,7,-1
-64,8,0
-62,8,-1
-65,10,-3
-65,12,-1
-63,11,-2
-66,10,-6
-70,9,-6
-69,10,-4
-66,12,-2
-69,16,-3
-67,16,-6
-71,10,-11
-71,10,-9
-65,8,-8
-61,9,-8
-58,10,-8
-56,13,-10
-57,13,-11
-57,13,-13
-59,11,-13
-59,9,-11
-60,9,-11
-60,10,-10
-58,11,-10
-61,12,-9
-64,12,-10
-65,12,-12
-64,11,-12
-66,10,-12
-66,7,-11
-66,8,-10
-65,8,-7
-66,9,-9
-67,9,-12
-69,6,-12
-67,1,-12
-65,0,-10
-60,2,-9
-60,3,-12
-62,5,-12
-63,4,-12
-64,1,-9
-62,1,-7
-61,3,-6
-64,7,-7
-65,8,-6
-63,9,-5
-66,9,-5
-69,7,-6
-67,7,-7
-67,7,-7
-68,7,-9
-70,5,-11
-69,4,-12
-68,5,-13
-67,4,-13
-65,3,-12
-64,4,-11
-63,5,-10
-61,7,-10
-59,7,-11
-63,7,-13
-64,7,-14
-60,6,-13
-58,5,-12
-59,5,-12
-59,6,-11
-58,7,-11
-61,8,-10
-64,8,-10
-63,7,-10
-64,7,-10
-68,6,-12
-70,5,-12
-69,5,-12
-69,5,-11
-69,6,-10
-70,5,-11
-70,4,-12
-68,1,-12
-65,1,-11
-62,2,-8
-59,2,-6
-57,3,-7
-58,2,-6
-60,1,-8
-62,1,-8
-62,4,-6
-62,5,-6
-64,6,-6
-63,5,-7
-61,5,-4
-62,6,-2
-63,7,-1
-63,9,-1
-64,10,-2
-69,9,-5
-69,8,-5
-66,8,-5
-67,8,-5
-72,8,-7
-74,7,-9
-69,4,-9
-67,3,-9
-67,2,-10
-63,4,-8
-60,4,-8
-59,5,-11
-60,5,-12
-65,5,-15
-67,4,-17
-65,3,-15
-64,3,-15
-65,4,-14
-64,5,-13
-63,5,-12
-64,5,-11
-64,4,-10
-64,2,-10
-64,2,-10
-64,2,-10
-65,2,-10
-67,2,-8
-67,2,-7
-69,4,-7
-70,4,-8
-71,3,-9
-69,2,-9
-65,3,-7
-62,3,-7
-57,3,-5
-55,2,-7
-56,2,-9
-62,1,-10
-64,1,-9
-66,2,-6
-66,2,-5
-64,2,-4
-64,2,-4
-60,2,-5
-61,3,-5
-65,4,-4
-65,5,-3
-65,6,-2
-67,5,-5
-67,5,-5
-66,4,-4
-65,4,-4
-68,4,-5
-70,4,-7
-72,3,-10
-71,2,-9
-65,2,-7
-63,2,-7
-62,3,-8
-61,3,-9
-62,2,-13
-63,0,-16
-63,-1,-16
-64,0,-15
-64,0,-15
-65,1,-14
-64,1,-14
-61,0,-14
-61,0,-14
-62,1,-13
-62,2,-13
-62,3,-12
-63,3,-12
-66,2,-11
-68,0,-11
-67,0,-11
-66,1,-11
-67,1,-11
-67,2,-12
-67,2,-11
-69,2,-10
-69,3,-8
-66,2,-6
-65,2,-5
-64,3,-6
-65,2,-8
-65,1,-9
-62,-2,-8
-61,-3,-8
-60,-4,-6
-59,-5,-5
-60,-4,-4
-62,-3,-3
-66,-1,-4
-67,-1,-4
-69,-1,-4
-69,-1,-4
-66,0,-3
-63,1,-2
-63,3,-3
-65,2,-5
-67,2,-5
-67,2,-6
-66,2,-6
-67,2,-6
-67,1,-6
-66,-1,-7
-65,-1,-7
-63,-2,-6
-63,-2,-6
-62,-1,-5
-62,0,-4
-62,0,-5
-64,1,-5
-63,1,-5
-64,1,-7
-66,1,-8
-69,2,-8
-68,1,-8
-67,0,-6
-67,0,-5
-66,-1,-4
-65,-1,-4
-63,-2,-4
-63,-1,-5
-63,-1,-5
-63,0,-6
-63,0,-5
-64,1,-6
-64,2,-5
-65,2,-6
-65,2,-6
-67,2,-7
-67,2,-6
-66,1,-5
-65,0,-5
-65,0,-4
-65,0,-4
-65,0,-3
-65,0,-3
-66,-1,-4
-66,-2,-5
-65,-2,-5
-64,-2,-5
-63,-2,-5
-62,-1,-5
-62,-1,-5
-64,1,-6
-65,2,-6
-65,2,-5
-66,2,-5
-66,2,-5
-67,2,-5
-66,2,-6
-66,2,-7
-66,1,-7
-66,0,-7
-66,0,-6
-64,-1,-6
-63,-2,-6
-60,-2,-6
-61,0,-7
-62,0,-7
-62,1,-7
-63,1,-7
-65,1,-8
-66,1,-8
-68,1,-9
-69,1,-8
-68,0,-8
-67,0,-7
-65,-1,-6
-65,-1,-6
-66,-2,-5
-64,-3,-4
-63,-4,-4
-64,-3,-6
-64,-2,-6
-64,-1,-6
-64,0,-7
-64,0,-8
-64,0,-8
-65,0,-9
-66,0,-8
-66,-1,-6
-66,-1,-6
-63,-1,-4
-61,0,-3
-62,1,-3
-63,2,-3
-64,3,-4
-65,2,-5
-68,2,-6
-70,1,-6
-70,1,-5
-68,1,-5
-67,2,-5
-66,1,-4
-65,1,-3
-64,0,-4
-64,0,-3
-64,0,-3
-64,-1,-4
-63,-2,-4
-63,-2,-4
-64,-1,-3
-65,0,-3
-65,0,-3
-67,0,-2
-68,0,-2
-67,0,-1
-67,-1,-3
-67,-1,-4
-67,-1,-5
-66,-1,-5
-62,0,-3
-60,0,-2
-60,1,-2
-60,2,-3
-61,3,-4
-61,4,-5
-63,4,-6
-64,4,-6
-65,5,-6
-65,5,-5
-65,5,-5
-66,5,-5
-67,5,-5
-68,4,-7
-68,3,-8
-67,2,-8
-67,2,-8
-65,1,-7
-64,0,-7
-63,-1,-6
-63,-1,-6
-62,0,-7
-63,1,-7
-63,1,-8
-63,1,-8
-64,1,-8
-65,1,-8
-66,0,-8
-67,-1,-8
-67,-2,-8
-67,-2,-7
-66,-2,-7
-65,-2,-6
-64,-3,-6
-65,-2,-6
-64,-1,-7
-64,-1,-7
-64,-1,-8
-63,-1,-8
-65,-2,-9
-65,-1,-9
-63,-1,-9
-64,-2,-9
-64,-2,-9
-65,-2,-8
-65,-2,-8
-65,-1,-7
-65,-1,-7
-66,-1,-7
-67,-1,-7
-65,0,-7
-65,-1,-7
-65,-1,-8
-65,-1,-8
-65,-2,-7
-65,-2,-7
-64,-2,-6
-64,-3,-6
-63,-3,-6
-64,-3,-6
-64,-2,-6
-64,-1,-6
-64,-1,-5
-64,-1,-5
-65,0,-5
-67,0,-6
-67,0,-5
-67,0,-5
-65,0,-5
-65,0,-5
-64,0,-5
-64,-1,-6
-64,-1,-6
-64,-2,-6
-64,-2,-5
-64,-2,-5
-64,-2,-5
-64,-2,-5
-63,-2,-5
-63,-1,-5
-64,-1,-5
-65,-1,-5
-65,0,-5
-65,0,-5
-66,1,-5
-66,1,-6
-66,1,-6
-66,1,-6
-67,1,-6
-66,1,-6
-65,1,-6
-65,0,-6
-65,0,-7
-65,-1,-6
-65,-1,-6
-65,-1,-5
-64,-1,-6
-64,-2,-5
-63,-1,-6
-64,-1,-5
-64,-1,-6
-64,-1,-6
-65,0,-6
-65,0,-6
-65,0,-6
-65,0,-5
-66,0,-6
-65,0,-6
-65,0,-6
-64,0,-5
-64,-1,-5
-65,-1,-5
-65,-1,-5
-65,-1,-5
-64,-1,-5
-64,-1,-5
-64,-1,-6
-65,-1,-5
-65,-1,-6
-64,-1,-5
-64,-1,-5
-65,-1,-5
-65,-1,-5
-65,-1,-5
-66,-1,-5
-65,-1,-5
-65,-1,-5
-65,-1,-5
-65,-1,-6
-65,-1,-5
-65,-1,-5
-65,-1,-5
-65,-1,-5
-65,-1,-5
-65,-1,-5
-65,-1,-5
-65,-1,-5
-64,-1,-5
-64,-1,-5
-65,-1,-5
-65,-1,-5
-65,-1,-5
-65,-1,-5
-65,-1,-5
-65,-1,-5
-65,-1,-5
-65,0,-5
-65,-1,-5
-65,-1,-5
-65,-1,-5
-65,-1,-5
-65,-1,-5
-65,-1,-5
-65,-1,-5
-65,0,-5
-65,-1,-5
-65,-1,-5
-65,-1,-5
-65,-1,-5
-64,-1,-5
-63,0,-5
-64,0,-5
-64,0,-5
-66,0,-5
-66,0,-6
-65,0,-6
-65,0,-6
-65,-1,-6
-65,-1,-5
-65,-2,-5
-65,-2,-5
-64,-2,-4
-64,-2,-4
-65,-1,-4
-64,-1,-4
-65,0,-4
-64,0,-4
-65,0,-5
-65,0,-5
-65,0,-6
-66,0,-6
-66,0,-6
-65,0,-5
-65,0,-5
-64,0,-5
-64,0,-5
-63,0,-5
-63,0,-5
-63,0,-6
-65,-1,-6
-65,-1,-6
-66,0,-6
-66,0,-6
-66,0,-6
-66,0,-5
-65,0,-5
-65,0,-4
-65,0,-5
-65,0,-5
-65,0,-6
-65,0,-6
-65,-1,-6
-64,-1,-6
-64,0,-5
-64,0,-6
-64,0,-6
-65,-1,-6
-65,-1,-6
-65,-1,-5
-64,-1,-5
-65,-1,-4
-65,-1,-5
-65,-1,-5
-65,-1,-5
-65,-1,-5
-65,0,-5
-65,0,-5
-65,0,-5
-65,0,-5
-65,-1,-5
-65,-1,-5
-65,-1,-5
-65,-1,-5
-64,-1,-5
-64,-1,-5
-64,-1,-5
-64,-1,-5
-65,-1,-5
-64,-2,-5
-65,-1,-5
-65,-1,-5
-65,-1,-5
-65,-1,-4
-64,-1,-4
-65,-1,-5
-65,-1,-5
-65,-1,-5
-65,-1,-5
-65,-1,-5
-64,-1,-5
-64,-1,-5
-64,-1,-5
-65,-1,-6
-65,-1,-5
-65,-1,-5
-65,-1,-5
-65,-1,-5
-65,-1,-5
-65,0,-5
-65,0,-5
-65,-1,-5
-65,-1,-5
-65,-1,-5
-65,-1,-5
-64,-1,-5
-65,-1,-5
-64,-1,-5
-65,-1,-6
-65,0,-5
-65,0,-5
-65,0,-5
-65,0,-5
-65,0,-5
-65,0,-5
-65,0,-5
-65,0,-5
-65,-1,-6
-64,-1,-5
-64,-1,-5
-64,-1,-5
-65,0,-6
-65,0,-6
-65,0,-5
-65,0,-5
-65,0,-5
-65,0,-5
-65,0,-5
-65,-1,-5
-64,-1,-5
-65,-1,-5
-65,-1,-5
-64,-1,-5
-65,-1,-5
-65,-1,-5
-64,-1,-5
-65,-1,-5
-65,-1,-5
-65,0,-5
-65,0,-5
-65,-1,-5
-65,-1,-5
-65,-1,-5
-65,-1,-5
-64,-1,-5
-65,-1,-5
-65,-1,-5
-64,-1,-5
-64,-1,-5
-64,-1,-5
-65,-1,-5
-65,-1,-5
-65,-1,-5
-65,-1,-5
-65,-1,-5
-65,-1,-5
-65,-1,-5
-65,-1,-5
-65,-1,-5
-65,-1,-5
-65,-1,-5
-65,-1,-5
-65,-1,-5
-65,-1,-5
-65,-1,-5
-65,-1,-5
-64,-1,-5
-64,-1,-5
-65,-2,-5
-65,-2,-5
-65,-2,-5
-65,-2,-5
-65,-1,-5
-65,-1,-5
-65,-1,-4
-65,0,-5
-65,0,-5
-65,0,-5
-65,0,-5
-65,0,-5
-65,0,-5
-65,-1,-5
-65,-1,-4
-64,-2,-4
-64,-3,-4
-64,-3,-4
-63,-3,-4
-64,-3,-4
-63,-2,-4
-65,-2,-4
-65,-2,-5
-65,-2,-5
-65,-2,-5
-65,-2,-5
-65,-1,-5
-65,-1,-5
-65,-1,-5
-64,-1,-5
-65,-1,-5
-64,-1,-5
-65,-1,-6
-65,0,-6
-66,-1,-6
-65,-2,-6
-65,-2,-5
-66,-2,-5
-65,-2,-5
-65,-3,-5
-64,-2,-5
-63,-2,-6
-63,-1,-6
-65,-2,-8
-65,-1,-8
-65,0,-8
-65,0,-8
-66,1,-8
-65,1,-8
-64,2,-7
-63,2,-6
-62,2,-6
-62,2,-6
-62,2,-6
-64,1,-6
-64,1,-6
-67,1,-6
-68,1,-6
-67,2,-4
-67,3,-4
-67,3,-4
-69,2,-6
-71,1,-8
-74,0,-11
-74,-1,-11
-71,-4,-9
-67,-5,-7
-63,-4,-4
-63,-4,-3
-60,-5,-2
-59,-5,-4
-58,-5,-6
-61,-4,-6
-63,-2,-6
-66,-2,-5
-64,-2,-3
-62,-4,-3
-63,-4,-3
-64,-3,-3
-64,-4,-2
-62,-4,0
-64,-3,0
-65,-1,1
-66,0,0
-66,0,0
-67,1,-2
-68,2,-3
-72,3,-6
-73,2,-8
-69,2,-9
-65,1,-9
-62,2,-8
-62,4,-7
-59,5,-8
-60,6,-9
-62,6,-12
-66,6,-14
-68,4,-16
-63,5,-13
-61,5,-12
-61,6,-9
-61,6,-9
-62,5,-8
-62,5,-7
-64,4,-7
-65,4,-8
-67,1,-10
-68,0,-11
-69,-1,-12
-70,-1,-12
-71,-2,-12
-71,-1,-10
-70,0,-8
-69,-1,-5
-67,-2,-3
-59,-4,-3
-57,-4,-3
-57,-5,-7
-58,-6,-6
-60,-5,-6
-62,-5,-5
-65,-3,-4
-63,0,-2
-62,1,-2
-63,2,-1
-63,3,-1
-64,5,-2
-65,7,-3
-68,8,-5
-69,9,-6
-70,9,-7
-71,9,-8
-72,8,-11
-70,7,-12
-66,6,-11
-65,8,-10
-65,7,-10
-60,9,-10
-60,9,-11
-64,8,-14
-67,6,-17
-65,3,-17
-65,3,-16
-63,2,-14
-61,2,-12
-60,3,-10
-60,3,-9
-60,3,-9
-63,2,-9
-63,2,-10
-65,1,-10
-67,1,-9
-67,3,-8
-66,4,-7
-65,6,-9
-67,5,-10
-68,4,-13
-69,3,-15
-70,3,-15
-71,3,-13
-66,3,-6
-61,1,-5
-60,0,-4
-58,-3,-4
-57,-3,-5
-61,0,-4
-63,1,-4
-63,3,-2
-62,4,-2
-62,4,-3
-62,5,-3
-63,5,-2
-64,6,0
-65,8,1
-65,9,2
-65,11,0
-65,12,-3
-66,11,-4
-65,11,-3
-65,11,-2
-66,13,-3
-69,14,-4
-71,16,-6
-70,16,-6
-72,16,-10
-73,13,-11
-65,10,-8
-60,10,-12
-61,9,-14
-64,5,-15
-61,4,-15
-59,2,-15
-59,2,-15
-58,4,-14
-59,5,-14
-61,7,-14
-61,8,-12
-61,7,-11
-64,6,-11
-68,4,-10
-69,5,-7
-68,5,-7
-69,4,-8
-71,3,-9
-75,-2,-8
-73,-2,-6
-64,-3,0
-61,-4,1
-55,-5,-1
-53,-5,-3
-57,-5,-5
-60,-3,-6
-61,2,-3
-62,4,-3
-60,5,-2
-64,6,-1
-66,8,-1
-70,11,0
-70,12,1
-72,13,0
-73,12,-2
-72,9,-4
-71,10,-5
-76,12,-10
-81,11,-14
-79,4,-16
-65,2,-7
-64,4,-10
-62,3,-14
-61,3,-13
-53,4,-10
-51,2,-11
-52,1,-8
-52,2,-7
-56,4,-9
-59,6,-8
-63,4,-6
-60,2,-4
-63,1,-4
-74,0,-7
-78,-1,-8
-74,0,-4
-70,3,-1
-71,5,-5
-69,3,-5
-63,-1,-6
-60,-1,-5
-59,0,-7
-60,0,-8
-61,-2,-5
-58,1,-2
-57,3,-2
-56,5,-1
-57,7,-2
-62,12,-1
-66,14,0
-74,14,0
-76,14,2
-73,15,3
-73,14,0
-76,16,-8
-78,18,-11
-82,9,-19
-64,5,-11
-61,4,-12
-61,2,-14
-57,4,-13
-55,5,-11
-55,5,-9
-54,6,-5
-55,8,-5
-63,10,-6
-65,10,-8
-61,10,-9
-62,9,-9
-67,7,-11
-71,4,-12
-68,3,-12
-68,6,-11
-70,8,-12
-72,9,-11
-70,6,-7
-64,4,-1
-63,4,-2
-64,3,-4
-62,1,-6
-56,1,-7
-55,4,-6
-53,5,-5
-52,7,-3
-54,8,-2
-58,11,0
-61,12,1
-70,14,1
-73,15,-1
-75,16,-4
-75,16,-7
-75,18,-12
-77,19,-14
-81,10,-19
-65,6,-10
-61,7,-11
-63,7,-16
-63,6,-17
-61,4,-18
-61,4,-16
-56,6,-9
-54,7,-8
-56,6,-8
-54,5,-7
-54,4,-8
-56,3,-9
-61,1,-11
-64,0,-10
-68,-1,-10
-71,0,-9
-72,1,-8
-76,3,-11
-79,1,-10
-74,1,-3
-71,0,-3
-64,-3,-3
-60,-5,-5
-53,-3,-6
-55,-2,-7
-57,0,-4
-55,3,-1
-55,4,0
-61,8,2
-63,9,3
-69,10,1
-72,11,0
-76,14,-2
-77,15,-7
-80,15,-15
-84,15,-19
-79,4,-17
-68,4,-12
-64,5,-17
-63,3,-19
-62,1,-19
-55,1,-14
-52,1,-12
-51,4,-9
-54,6,-9
-63,10,-12
-63,9,-11
-55,5,-9
-56,4,-10
-63,2,-14
-68,0,-15
-69,-4,-15
-68,-2,-13
-73,-1,-15
-81,-5,-12
-76,-5,-1
-65,-4,3
-61,-3,2
-58,-4,-2
-55,-4,-2
-52,-1,-6
-57,-1,-8
-57,0,-6
-55,2,-5
-58,6,-4
-64,8,-3
-64,8,-1
-66,10,-2
-71,9,-3
-76,13,-2
-76,14,-5
-78,17,-11
-82,19,-14
-87,10,-20
-79,4,-18
-61,8,-13
-62,6,-17
-65,3,-18
-59,1,-17
-57,0,-14
-55,2,-10
-54,3,-9
-53,4,-8
-54,4,-7
-54,1,-9
-53,0,-9
-58,-2,-12
-62,-2,-12
-69,-5,-14
-73,-2,-9
-73,1,-7
-73,5,-11
-76,2,-13
-72,-4,-8
-63,-3,-3
-56,-1,-6
-60,-4,-7
-61,-7,-11
-63,-8,-11
-60,-8,-7
-58,-7,-6
-56,-5,-2
-56,-2,0
-57,0,1
-66,3,-2
-72,3,-3
-78,5,-3
-80,6,-5
-80,10,-9
-83,14,-13
-88,8,-19
-82,1,-20
-63,2,-14
-64,1,-18
-65,-3,-19
-57,-7,-18
-53,-6,-15
-53,-4,-13
-51,-4,-12
-52,-1,-11
-56,-1,-12
-58,-2,-12
-59,-3,-13
-61,-7,-14
-65,-8,-16
-71,-9,-16
-69,-7,-13
-73,-3,-13
-77,-7,-9
-70,-8,-3
-67,-7,-3
-65,-7,-5
-57,-9,-9
-51,-9,-9
-54,-7,-10
-58,-5,-9
-58,0,-7
-56,1,-7
-58,5,-5
-68,8,-7
-72,8,-7
-74,10,-2
-74,11,-1
-82,11,-10
-81,13,-14
-81,16,-16
-84,12,-19
-76,4,-17
-63,4,-11
-56,8,-15
-58,8,-17
-58,5,-19
-53,0,-19
-52,-1,-16
-58,-2,-16
-60,0,-17
-56,3,-12
-53,4,-9
-55,4,-10
-60,2,-13
-71,0,-12
-76,-1,-14
-71,-3,-10
-69,-1,-10
-71,-1,-11
-68,-2,-3
-66,-2,-2
-68,-4,-4
-64,-4,-7
-54,-2,-5
-50,1,-4
-55,5,-8
-55,7,-10
-51,9,-5
-60,12,-4
-68,14,-2
-72,16,-1
-72,17,4
-75,21,2
-74,20,-6
-67,19,-10
-68,19,-12
-77,20,-20
-80,18,-22
-70,8,-25
-62,7,-21
-64,8,-24
-67,8,-27
-70,5,-30
-65,1,-22
-53,0,-21
-54,0,-19
-52,0,-19
-53,0,-19
-52,1,-19
-59,0,-22
-62,-2,-23
-67,-4,-18
-72,-5,-17
-71,-6,-7
-69,-3,-7
-74,-1,-14
-70,-6,-8
-68,-7,-8
-63,-8,-9
-60,-9,-7
-53,-6,-7
-53,-4,-10
-51,3,-9
-53,6,-10
-64,8,-14
-68,8,-13
-67,8,-9
-67,9,-7
-74,11,-8
-70,12,-8
-68,13,-9
-68,14,-13
-70,14,-15
-74,16,-23
-78,15,-27
-76,3,-24
-66,3,-21
-62,2,-25
-62,-1,-26
-56,-1,-22
-55,-1,-22
-52,2,-20
-57,5,-18
-59,5,-17
-57,5,-17
-58,4,-17
-63,0,-21
-65,-3,-22
-66,-7,-19
-67,-8,-18
-62,-5,-11
-66,-1,-11
-76,0,-12
-74,-2,-10
-62,-5,-3
-63,-3,-9
-67,0,-11
-50,-1,-5
-44,-3,-3
-53,-4,-3
-57,-3,-3
-62,0,-3
-61,2,-1
-64,6,2
-71,8,2
-72,10,2
-71,10,1
-79,14,-3
-83,19,-12
-80,20,-15
-88,15,-22
-91,4,-25
-67,2,-12
-62,4,-13
-56,4,-17
-57,2,-18
-53,3,-18
-53,3,-19
-56,1,-18
-54,0,-17
-53,1,-15
-55,2,-13
-56,2,-14
-56,1,-13
-60,-1,-14
-66,-4,-14
-68,-5,-12
-75,-5,-9
-76,-3,-6
-78,2,-9
-82,0,-12
-74,-7,-9
-66,-6,-5
-57,-5,-7
-55,-3,-11
-53,-4,-12
-54,-7,-12
-55,-6,-13
-55,-2,-9
-55,1,-8
-58,5,-7
-59,6,-5
-64,8,-4
-69,9,-5
-76,12,-5
-77,13,-8
-78,14,-11
-83,16,-19
-84,15,-19
-91,6,-19
-86,1,-19
-62,2,-10
-57,4,-11
-58,4,-16
-57,4,-16
-52,3,-15
-49,2,-14
-49,3,-14
-50,5,-13
-50,5,-14
-54,4,-13
-56,2,-14
-59,-3,-17
-60,-5,-16
-68,-6,-14
-71,-8,-14
-73,-5,-9
-76,-3,-8
-76,-1,-11
-75,-3,-13
-67,1,-5
-68,-1,-9
-64,-4,-8
-55,-7,-11
-56,-9,-14
-60,-8,-11
-57,-5,-8
-54,-2,-5
-53,1,-2
-59,2,-4
-61,3,-1
-63,6,-3
-66,8,-4
-73,11,-6
-74,15,-11
-73,16,-15
-77,18,-20
-85,15,-26
-79,6,-22
-74,4,-21
-63,4,-18
-63,4,-19
-61,1,-18
-57,0,-15
-55,0,-14
-52,1,-11
-53,2,-12
-55,3,-12
-55,2,-12
-59,1,-14
-60,0,-13
-66,-2,-15
-71,-2,-15
-73,-4,-14
-73,-4,-12
-78,-1,-12
-86,-3,-14
-75,-5,-2
-66,-6,-1
-62,-7,-1
-52,-8,-3
-48,-9,-6
-47,-7,-7
-48,-6,-7
-51,-3,-10
-52,-1,-8
-56,3,-2
-62,5,-2
-71,8,-1
-75,9,-1
-78,10,-1
-75,12,-3
-72,13,-5
-75,18,-14
-77,20,-18
-89,8,-27
-79,4,-21
-64,6,-18
-64,6,-21
-66,3,-23
-62,3,-23
-55,1,-19
-53,1,-17
-49,1,-12
-49,2,-10
-50,2,-11
-55,1,-12
-58,0,-15
-61,-6,-14
-66,-7,-14
-71,-9,-12
-69,-9,-10
-71,-4,-8
-76,-4,-9
-80,-6,-9
-74,-4,-4
-70,-4,-4
-62,-5,-4
-59,-6,-6
-54,-7,-9
-55,-6,-10
-51,-3,-9
-51,-1,-8
-53,2,-7
-54,3,-6
-61,5,-5
-67,6,-5
-77,7,-5
-81,8,-5
-82,9,-10
-81,11,-13
-81,14,-16
-88,15,-21
-84,10,-21
-64,4,-14
-57,5,-13
-59,6,-18
-60,6,-19
-58,3,-23
-57,1,-22
-52,0,-19
-53,0,-16
-52,0,-15
-51,-1,-13
-51,-1,-13
-56,-5,-16
-58,-7,-16
-63,-9,-14
-67,-11,-12
-75,-10,-8
-75,-8,-4
-82,-5,-7
-87,-5,-10
-80,-6,-8
-67,-3,-7
-64,-2,-8
-56,-2,-12
-52,-2,-14
-50,-5,-16
-50,-6,-16
-51,-5,-14
-51,-3,-12
-52,3,-6
-53,6,-4
-63,10,-5
-67,11,-7
-73,11,-9
-75,12,-11
-74,13,-13
-71,16,-19
-71,19,-23
-86,17,-32
-86,8,-31
-71,4,-21
-66,4,-22
-66,3,-24
-65,1,-25
-57,0,-21
-55,-1,-19
-53,-1,-14
-52,-1,-11
-51,0,-11
-51,0,-11
-52,0,-12
-58,-4,-14
-61,-5,-14
-64,-8,-13
-66,-8,-12
-69,-8,-10
-70,-5,-9
-77,-2,-14
-81,-3,-16
-79,-4,-10
-71,-3,-9
-66,-3,-9
-54,-5,-11
-52,-7,-13
-54,-10,-16
-51,-10,-15
-51,-7,-12
-52,-4,-11
-53,0,-7
-56,2,-6
-64,4,-6
-68,5,-6
-70,8,-7
-71,9,-11
-73,9,-12
-74,12,-12
-73,14,-14
-85,16,-21
-95,7,-27
-70,-1,-12
-62,0,-6
-66,3,-11
-66,3,-15
-62,2,-15
-63,-1,-16
-60,-3,-11
-54,-2,-9
-54,-2,-8
-55,-3,-7
-56,-3,-6
-54,-4,-7
-55,-6,-6
-63,-9,-7
-64,-10,-6
-67,-12,-4
-66,-12,-2
-65,-9,-3
-70,-7,-5
-83,-7,-16
-85,-9,-17
-74,-7,-8
-68,-4,-6
-66,-3,-8
-56,-7,-9
-54,-8,-10
-58,-12,-13
-56,-14,-13
-55,-14,-10
-55,-12,-7
-52,-6,-2
-55,-3,-1
-61,0,0
-62,2,-3
-64,2,-6
-65,6,-10
-69,7,-13
-68,9,-14
-67,10,-15
-75,12,-22
-83,8,-28
-79,1,-22
-71,-1,-20
-67,1,-17
-65,1,-20
-65,0,-20
-62,-2,-18
-58,-2,-16
-56,-1,-13
-55,-1,-13
-58,0,-14
-58,0,-14
-58,-1,-14
-58,-2,-14
-61,-4,-13
-62,-4,-14
-63,-6,-14
-65,-6,-10
-65,-5,-10
-66,-3,-9
-63,-1,-11
-68,0,-17
-76,-2,-23
-70,-3,-15
-66,-2,-8
-63,0,-4
-59,-1,-6
-57,-5,-9
-57,-8,-10
-62,-11,-10
-64,-12,-6
-61,-12,-4
-65,-7,-3
-65,-6,-3
-62,-4,-1
-63,-3,-1
-64,-1,-6
-64,0,-8
-64,3,-8
-64,2,-10
-65,-4,-14
-63,-6,-15
-66,-13,-15
-64,-17,-14
-62,-15,-10
-60,-19,-12
-62,-20,-10
-61,-21,-5
-62,-23,-5
-60,-28,-4
-63,-30,-4
-60,-33,-4
-60,-32,-6
-56,-34,-5
-56,-33,-3
-57,-32,-2
-94,-34,2
-63,-25,-1
-65,-26,4
-68,-27,6
-62,-32,2
-52,-36,3
-65,-50,2
-62,-56,0
-55,-51,-2
-47,-51,-5
-39,-51,-10
-42,-50,-1
-41,-47,1
-39,-43,-11
-46,-40,-9
-44,-34,3
-38,-30,5
-45,-35,-1
-55,-32,-1
-73,-40,-2
-71,-41,3
-63,-37,10
-65,-39,8
-53,-39,10
-49,-44,7
-43,-39,17
-29,-39,20
-34,-49,11
-36,-50,13
-42,-48,13
-42,-46,17
-40,-48,15
-39,-49,21
-35,-45,29
-31,-60,15
-24,-63,19
-29,-69,13
-23,-65,12
-24,-61,10
-25,-56,5
-26,-56,1
-22,-62,-2
-27,-64,-5
-31,-67,-13
-24,-63,-16
-28,-65,-24
-20,-61,-24
-20,-61,-26
-22,-61,-26
-18,-58,-32
-12,-50,-30
-28,-54,-31
-23,-51,-36
0,-46,-37
0,-46,-37
-19,-52,-33
-17,-60,-33
-13,-55,-30
0,-48,-46
2,-50,-40
9,-50,-40
5,-54,-38
5,-48,-46
-5,-47,-52
-11,-48,-42
-14,-45,-48
-10,-44,-53
-20,-47,-46
-22,-49,-47
-7,-47,-29
-10,-56,-19
-39,-48,-43
-15,-42,-34
-5,-54,-19
-25,-59,-30
-25,-63,-23
-34,-60,-25
-34,-53,-11
-37,-52,-11
-42,-49,-10
-38,-49,-17
-30,-45,-7
-21,-54,-5
-29,-55,-1
-29,-62,4
-28,-64,2
-36,-59,-12
-34,-64,-16
-27,-62,-21
-36,-60,-25
-34,-58,-24
-39,-56,-23
-38,-51,-24
-36,-42,-27
-33,-39,-25
-34,-38,-27
-33,-39,-25
-22,-36,-19
-25,-33,-19
-28,-33,-16
-44,-35,-26
-43,-42,-30
-24,-46,-24
-33,-46,-28
-49,-51,-29
-36,-46,-19
-28,-45,-24
-36,-48,-24
-49,-46,-22
-44,-45,-19
-27,-50,-19
-35,-50,-22
-37,-47,-21
-43,-50,-24
-47,-48,-25
-46,-41,-26
-43,-44,-26
-44,-50,-17
-38,-49,-9
-40,-45,-5
-47,-45,-5
-44,-48,0
-44,-47,0
-47,-49,-4
-52,-49,-5
-49,-48,-4
-40,-48,-2
-39,-50,-6
-40,-49,-9
-37,-49,-15
-40,-51,-25
-39,-52,-25
-30,-47,-25
-31,-45,-27
-37,-46,-25
-30,-45,-23
-40,-44,-28
-43,-41,-32
-45,-41,-38
-27,-41,-28
-39,-45,-37
-25,-42,-34
-15,-43,-33
-24,-41,-38
-29,-43,-39
-14,-40,-37
-23,-42,-41
-24,-41,-48
-29,-41,-50
-25,-42,-53
-25,-43,-56
-16,-42,-50
-19,-40,-50
-22,-38,-54
-12,-37,-51
-10,-39,-49
-12,-37,-51
-17,-36,-52
-13,-38,-53
-12,-37,-51
-13,-39,-49
-11,-41,-50
-11,-38,-50
-10,-35,-49
-12,-38,-50
-11,-38,-50
-14,-38,-54
-16,-33,-57
-22,-37,-47
-17,-34,-53
-19,-37,-58
-17,-34,-57
-17,-36,-56
-11,-36,-53
-14,-35,-52
-12,-35,-52
-11,-34,-59
-22,-37,-58
-11,-33,-47
-13,-30,-49
-21,-33,-49
-27,-36,-50
-20,-34,-37
-14,-30,-40
-37,-28,-51
-41,-26,-54
-43,-28,-52
-36,-31,-48
-49,-27,-42
-61,-28,-39
-38,-33,-37
-31,-33,-22
-39,-33,-15
-32,-39,-8
-10,-36,6
-13,-33,19
-37,-44,-8
-35,-49,11
-47,-54,13
-51,-73,16
-65,-70,23
-37,-67,35
-50,-62,29
-49,-56,27
-29,-45,37
-24,-52,22
-31,-69,7
-23,-68,3
0,-60,10
4,-64,7
-3,-71,11
-16,-67,9
-38,-69,-3
-39,-62,-34
-32,-65,-30
-7,-53,-30
-16,-54,-36
-20,-48,-41
-15,-46,-39
-1,-43,-56
-12,-39,-47
-21,-35,-41
-18,-41,-38
-14,-47,-34
-9,-47,-35
3,-55,-28
-6,-53,-35
-17,-50,-45
-14,-47,-47
-13,-52,-41
-10,-51,-35
-11,-49,-33
-18,-42,-44
-11,-41,-42
-1,-46,-24
-19,-45,-40
-15,-46,-39
3,-51,-31
14,-60,-19
-11,-56,-35
93,-35,-15
31,-62,-12
-20,-102,-17
-98,-48,-44
-79,-50,-49
5,-66,31
16,-92,3
15,-99,12
12,-83,-13
51,-96,-6
0,-94,-21
-16,-75,-23
-21,-28,11
-27,-36,-13
-13,-43,-8
-17,-48,-4
-15,-59,-18
-19,-64,-10
-19,-71,-5
-16,-78,-20
12,-84,-27
4,-74,-13
-12,-64,7
-23,-62,8
-3,-67,-2
0,-64,1
0,-67,7
1,-66,12
2,-65,8
-13,-61,-2
-16,-60,-11
-5,-66,-7
-4,-66,-2
-3,-64,-5
-4,-64,-1
-2,-64,-2
5,-66,-4
1,-65,2
-2,-63,3
-2,-63,2
-3,-63,2
-4,-62,2
2,-67,-4
4,-66,-3
-1,-63,1
2,-64,1
7,-67,3
10,-66,5
6,-64,-2
2,-66,-2
7,-68,4
3,-64,4
2,-64,0
11,-62,2
9,-61,4
16,-60,15
26,-63,16
13,-64,-9
12,-67,-13
-4,-67,-25
-3,-68,-42
26,-55,-33
45,-47,-27
20,-41,-47
27,-38,-46
14,-44,-45
13,-50,-33
17,-45,-27
4,-53,-32
0,-54,-33
2,-48,-37
3,-50,-37
4,-51,-36
1,-53,-37
5,-50,-35
4,-51,-34
-9,-65,-30
-18,-55,-28
-22,-47,-34
-9,-57,-42
-10,-59,-47
-3,-56,-53
3,-59,-47
-6,-52,-42
-8,-52,-36
-8,-52,-36
-9,-52,-31
-7,-52,-29
-4,-52,-30
-2,-52,-33
-11,-52,-35
-10,-53,-30
-9,-52,-33
-2,-52,-37
0,-55,-39
-7,-52,-41
-9,-55,-36
-8,-57,-31
-3,-58,-36
-12,-55,-38
-4,-55,-30
-8,-52,-30
-13,-52,-30
-13,-54,-37
-14,-57,-36
-17,-52,-37
-16,-51,-37
-26,-51,-33
-31,-50,-31
-15,-51,-27
-18,-50,-30
-20,-53,-33
-18,-52,-33
-14,-48,-31
-19,-50,-36
-23,-47,-39
-21,-53,-39
-20,-55,-41
-20,-54,-38
-23,-52,-36
-19,-51,-29
-20,-50,-28
-20,-52,-31
-15,-52,-30
-13,-51,-33
-12,-55,-33
-6,-54,-33
-8,-54,-27
-5,-53,-25
4,-52,-36
5,-56,-33
-1,-60,-36
1,-60,-37
2,-57,-35
5,-60,-33
-3,-53,-37
-1,-49,-41
7,-50,-44
9,-50,-37
-7,-51,-46
-8,-46,-60
-9,-46,-46
-13,-52,-27
-12,-54,-28
-4,-56,-21
-4,-56,-25
-16,-58,-29
-26,-61,-22
-22,-62,-23
-10,-58,-15
-17,-50,-32
-10,-54,-29
-14,-52,-28
-30,-48,-26
-25,-51,-25
-20,-44,-34
-15,-46,-33
-43,-45,-22
-46,-47,-24
-26,-44,-25
-15,-66,-13
-44,-78,-19
-31,-78,-34
-34,-64,-17
-47,-59,-34
-57,-60,-16
-47,-53,-3
-32,-42,-9
-27,-40,7
-36,-40,12
-44,-41,20
-39,-37,16
-33,-41,25
-34,-40,18
-45,-32,29
-50,-31,21
-59,-21,19
-65,-24,17
-56,-27,26
-51,-25,24
-55,-25,19
-69,-25,12
-55,-30,24
-55,-26,25
-54,-24,24
-41,-24,29
-36,-26,34
-56,-30,32
-58,-31,32
-27,-28,48
-14,-26,55
-10,-23,56
-20,-20,59
-29,-17,56
-65,-15,41
-71,-12,43
-51,-11,45
-43,-12,47
-42,-11,45
-43,-14,44
-33,-15,51
-28,-15,53
-39,-15,54
-34,-16,49
-34,-16,50
-32,-12,54
-25,-12,53
-30,-13,53
-35,-15,47
-41,-20,44
-40,-19,42
-47,-19,51
-46,-19,53
-47,-17,48
-46,-16,43
-47,-15,40
-48,-13,34
-49,-13,31
-50,-13,28
-50,-14,27
-49,-17,30
-48,-19,32
-49,-24,38
-46,-26,43
-38,-29,50
-34,-31,52
-32,-34,52
-33,-34,50
-39,-33,46
-44,-30,43
-45,-29,42
-46,-26,39
-45,-25,39
-43,-24,39
-42,-24,39
-40,-24,39
-39,-24,40
-40,-28,41
-39,-29,41
-31,-31,40
-29,-31,38
-28,-35,36
-31,-39,31
-33,-41,26
-45,-47,21
-50,-50,21
-36,-47,20
-32,-47,15
-45,-51,8
-47,-57,7
-8,-66,42
-7,-46,50
-33,-49,20
-26,-48,24
-27,-47,32
-28,-43,32
-33,-41,32
-45,-53,30
-37,-54,25
-32,-56,16
-33,-53,16
-31,-47,22
-35,-47,21
-44,-51,20
-44,-49,18
-39,-50,17
-38,-52,18
-39,-53,16
-38,-54,13
-36,-55,13
-33,-53,14
-33,-52,15
-33,-55,14
-34,-58,12
-29,-61,-1
-31,-59,7
-35,-62,-1
-31,-65,-3
-31,-62,2
-26,-59,3
-24,-56,12
-21,-62,8
-20,-63,8
-19,-66,10
-19,-64,11
-30,-64,18
-36,-61,20
-48,-59,30
-27,-69,0
8,-100,-54
2,-88,-65
16,-57,-45
9,-50,-42
18,-41,-35
5,-51,-32
-6,-48,-36
-34,-44,-26
-25,-39,-24
-6,-35,-35
1,-47,-19
-11,-49,-25
-31,-57,-35
-10,-59,-20
-8,-62,-22
-13,-65,-12
0,-63,8
-3,-66,3
-3,-74,-17
3,-74,-29
5,-63,-39
-4,-58,-38
-7,-53,-26
-6,-48,-17
-10,-42,-17
-13,-41,-16
-14,-40,-13
-3,-38,-14
-1,-45,-25
-14,-64,-28
-17,-71,-32
-37,-72,-63
-32,-70,-70
-2,-59,-42
13,-60,-30
17,-48,-34
12,-44,-37
-18,-31,-57
-20,-30,-63
-8,-34,-62
5,-35,-59
0,-38,-54
7,-46,-44
5,-44,-49
-18,-30,-69
-19,-25,-69
-16,-28,-62
-4,-28,-56
21,-35,-32
38,-42,-7
27,-26,-16
39,-33,-17
-61,-116,-3
-60,-85,-10
-70,-88,-20
17,-92,-12
58,-84,-13
58,-81,-37
49,-89,-30
14,-73,-30
23,-66,-16
-9,-58,-12
-12,-53,-11
-12,-51,-8
-13,-52,-8
-17,-57,-9
-16,-63,-10
-19,-62,-8
-21,-65,1
-11,-63,9
-18,-61,26
-20,-59,28
-18,-52,31
-16,-47,35
-10,-43,34
-14,-42,31
-21,-44,29
-24,-48,25
-27,-55,14
-28,-60,22
-38,-69,7
-39,-73,13
-40,-64,12
-33,-57,13
-45,-63,-3
-37,-58,9
-30,-56,10
-30,-57,3
-31,-60,-1
-25,-56,25
-25,-56,20
-30,-51,11
-25,-52,12
-28,-54,12
-28,-54,13
-26,-53,14
-4,-64,43
-20,-57,37
-29,-62,20
-30,-59,19
-29,-56,21
-33,-56,12
-32,-55,12
-33,-55,14
-27,-58,9
-23,-60,15
-24,-61,15
-23,-61,19
-22,-60,17
-23,-59,14
-21,-58,14
-18,-57,18
-21,-60,16
-25,-58,14
-19,-58,19
-18,-55,23
-32,-57,15
-28,-57,16
-14,-54,35
-16,-59,23
-16,-58,18
-15,-59,16
-8,-61,24
-24,-55,24
-29,-54,32
-11,-59,31
0,-60,31
-3,-60,26
-13,-54,21
0,-57,25
-10,-59,23
-14,-58,22
-11,-60,26
-9,-61,31
-17,-56,24
-6,-64,19
-3,-57,25
-11,-61,17
-5,-63,14
-3,-61,13
-3,-59,17
-5,-59,18
-3,-60,16
-4,-64,15
-7,-63,22
-8,-65,23
-7,-59,28
-16,-64,17
-33,-57,26
-9,-61,34
-6,-58,31
-8,-53,31
-7,-54,27
-12,-58,22
-2,-59,23
-11,-57,26
-11,-63,24
-2,-67,20
-1,-67,16
-2,-63,17
-8,-66,23
-23,-70,42
-8,-79,47
-15,-92,36
-17,-95,37
-17,-70,26
-30,-60,20
-63,-37,11
-56,-25,23
-44,-23,26
-44,-19,18
-66,-26,19
-100,-47,40
26,-12,32
-58,-27,20
-40,10,0
-42,-5,-11
-45,-2,0
-27,-11,33
-7,-4,41
37,-12,94
-15,-15,64
-18,-23,59
-53,-4,67
-32,-6,72
-14,-5,68
-14,-10,68
-27,-19,56
-28,-14,59
-23,-14,60
-16,-11,63
-24,-11,54
-18,-13,61
-5,-13,62
-10,-8,61
-11,-11,61
-3,-8,66
-2,-6,68
-2,-12,62
9,-8,63
18,-3,71
-12,-13,58
-13,-9,56
-12,-18,55
5,-12,66
5,-13,66
-17,-9,63
-7,-10,58
-4,-11,63
-12,-10,64
-16,-5,59
-17,-5,62
-17,-8,65
-11,-5,64
-17,-3,61
-25,-3,59
-19,-1,61
-13,-2,60
-8,-1,61
-9,-5,49
-22,-7,57
-14,-1,64
-19,0,64
-20,3,63
-25,4,69
-20,5,77
-11,4,55
-11,5,52
-10,9,68
-16,11,70
-21,9,62
-6,11,62
-19,3,59
-27,-1,57
-18,3,57
-20,2,59
-5,7,65
-17,2,60
-21,5,61
-24,4,62
-16,4,58
-13,4,63
-21,-1,59
-30,-2,55
-15,7,63
-26,4,62
-9,11,68
-33,2,57
-19,-2,57
-35,-1,56
-23,-2,63
-28,-6,62
-21,-11,62
-27,-14,60
-14,-18,58
-18,-20,51
-27,-18,49
-21,-18,55
-24,-22,49
0,-28,73
-6,-43,42
-12,-39,17
-15,-43,13
-1,-48,25
-4,-49,35
-39,-66,16
-58,-78,10
-51,-78,-4
-43,-90,-18
-54,-103,-7
-41,-93,15
-54,-89,9
-50,-71,9
-51,-61,4
-50,-36,4
-69,-27,-30
-59,-49,3
-37,-46,10
-36,-50,12
-32,-42,13
-32,-51,7
-40,-57,0
-49,-62,-10
-36,-74,-20
-28,-75,-20
-23,-66,-7
-27,-59,-13
-22,-52,-27
-21,-52,-30
-30,-33,-51
-36,-35,-47
-25,-27,-47
-32,-27,-55
-38,-27,-57
-36,-40,-40
-29,-48,-35
-21,-33,-55
-15,-33,-53
-30,-32,-51
-24,-34,-42
-31,-43,-40
-30,-38,-45
-29,-29,-41
-23,-34,-43
-36,-35,-47
-41,-36,-37
-32,-41,-42
-22,-46,-35
-30,-45,-47
-33,-43,-52
-37,-36,-61
-36,-35,-64
-32,-34,-59
-27,-36,-49
-38,-36,-53
-47,-39,-40
-42,-45,-28
-36,-44,-12
-16,-41,-6
-14,-35,-7
-20,-51,-1
-14,-60,21
0,-63,31
16,-56,44
-28,-75,30
-39,-75,24
-64,-57,-10
-23,-39,46
-64,-64,18
-39,-60,19
-7,-48,32
5,-46,35
-6,-88,-4
-29,-69,27
-13,-66,21
1,-70,8
-17,-68,-8
-17,-69,-31
-12,-68,-33
-15,-55,-34
-17,-53,-34
-29,-51,-37
-22,-44,-40
-26,-50,-38
-16,-48,-37
-32,-49,-38
-12,-52,-32
-18,-54,-33
-10,-45,-48
-10,-43,-50
5,-37,-54
0,-36,-59
-19,-34,-70
-15,-34,-73
84,-29,-33
127,-29,-5
57,-56,53
-67,-111,-3
-83,-55,-7
-24,-92,11
1,-104,21
42,-90,0
35,-87,-12
29,-66,-23
21,-79,-11
-45,-81,-27
-42,-70,-23
-26,-61,-9
-26,-56,-7
-28,-60,-2
-32,-62,-1
-38,-58,1
-36,-58,4
-31,-59,6
-24,-68,16
-21,-70,21
-18,-66,26
-17,-62,26
-17,-51,26
-17,-48,26
-15,-44,26
-14,-42,27
-17,-39,27
-19,-37,26
-23,-37,26
-31,-45,22
-36,-48,21
-43,-53,17
-44,-53,15
-39,-57,14
-38,-56,15
-42,-54,11
-45,-51,9
-45,-50,8
-44,-50,8
-42,-48,9
-39,-48,11
-36,-45,10
-40,-44,11
-44,-44,9
-50,-42,6
-49,-43,8
-49,-46,6
-50,-51,5
-45,-58,4
-41,-60,4
-39,-55,-1
-43,-55,-3
-43,-54,-2
-39,-49,-5
-41,-49,-8
-40,-44,-11
-43,-45,-11
-44,-41,-19
-44,-38,-28
-67,-47,-31
-58,-38,-33
-48,-33,-23
-38,-49,-17
-20,-49,-5
-29,-58,2
-8,-64,13
-23,-67,-6
-21,-66,-8
-12,-65,-10
-13,-62,-18
-39,-73,-23
-16,-64,-8
-9,-53,-8
-12,-51,-13
-24,-61,-10
-21,-59,-13
-25,-56,-17
-20,-55,-17
-9,-55,-24
-12,-61,-21
-13,-63,-16
-41,-62,-12
-34,-65,-9
-33,-61,-6
-31,-55,-7
-24,-39,-5
-26,-33,-7
-18,-31,-2
-26,-33,-5
-15,-37,-1
-14,-64,-5
-44,-72,-18
-28,-61,-34
-31,-65,-26
-36,-60,-29
-48,-58,-30
-62,-55,-33
-68,-53,-34
-71,-53,-25
-71,-55,-28
-32,-39,6
-48,-51,-2
-56,-35,9
-59,-35,12
-52,-35,11
-54,-39,7
-56,-41,9
-45,-42,10
-43,-42,13
-51,-48,11
-56,-49,10
-60,-46,9
-61,-43,10
-47,-33,14
-42,-26,17
-43,-26,18
-45,-24,21
-42,-23,24
-43,-21,28
-44,-22,28
-51,-24,29
-51,-23,31
-48,-22,35
-48,-22,36
-48,-21,40
-49,-21,43
-51,-21,45
-51,-21,44
-49,-21,43
-47,-20,46
-47,-17,46
-48,-15,43
-48,-14,43
-51,-16,38
-43,-15,41
-27,-14,45
-25,-15,47
-18,-23,51
-12,-24,51
-13,-28,53
-16,-30,53
-22,-42,62
-19,-17,74
-18,-10,64
-6,-5,60
-12,-10,59
-21,-14,65
-25,-14,60
-11,-10,61
-6,-10,64
-7,-10,61
-10,-8,66
-13,-8,65
-10,-9,61
-14,-9,59
-15,-6,63
-13,-7,63
-11,-9,61
-12,-10,58
-14,-5,63
-18,-6,63
-13,-11,61
-13,-11,58
-15,-8,63
-15,-9,61
-17,-9,62
-9,-10,60
-13,-9,61
-17,-8,60
-18,-8,63
-11,-10,59
-16,-8,64
-16,-7,62
-14,-9,62
-10,-9,61
-13,-10,61
-17,-9,60
-13,-10,61
-12,-10,60
-15,-9,62
-18,-8,63
-14,-9,61
-11,-9,60
-16,-10,60
-19,-9,59
-11,-8,60
-13,-9,60
-16,-6,63
-14,-6,64
-15,-6,60
-16,-7,61
-19,-5,60
-17,-4,64
-14,-4,63
-18,-4,63
-16,-6,60
-19,-5,61
-21,-5,62
-18,-6,59
-18,-5,59
-18,-8,61
-17,-8,62
-18,-5,62
-19,-4,63
-19,-9,69
-20,-9,65
-22,-9,63
-17,-8,70
-16,-9,76
-18,-9,73
-17,-7,67
-26,-2,48
-30,-1,49
-27,2,47
-21,1,51
-33,3,46
-39,2,43
-29,2,47
-44,-2,46
-42,2,48
-33,2,50
-38,-1,50
-26,0,61
-19,-2,67
-29,-3,65
-36,-3,63
-40,-1,55
-40,1,52
-40,5,52
-40,5,54
-38,4,52
-32,5,50
-32,4,48
-37,2,47
-35,2,50
-34,2,53
-33,2,54
-35,3,55
-38,2,54
-38,2,55
-36,3,55
-33,3,54
-35,3,52
-35,3,52
-35,1,52
-34,1,52
-32,2,54
-32,1,55
-33,2,55
-33,2,55
-32,3,55
-33,4,55
-34,4,54
-35,5,54
-35,6,53
-36,7,51
-34,7,53
-36,6,54
-38,6,53
-37,6,54
-39,5,53
-38,4,50
-37,4,51
-37,1,52
-37,1,51
-37,2,50
-39,2,50
-41,1,50
-40,1,49
-39,1,49
-39,3,50
-40,2,50
-42,2,50
-42,2,50
-43,3,49
-44,2,48
-44,2,48
-43,2,47
-44,1,47
-43,0,47
-43,-1,47
-44,-4,46
-43,-4,46
-43,-4,46
-44,-4,46
-47,-4,45
-48,-4,44
-49,-4,42
-48,-4,42
-48,-6,41
-49,-6,42
-48,-6,42
-47,-6,41
-47,-6,41
-51,-9,39
-52,-10,40
-50,-11,40
-49,-10,40
-52,-11,36
-55,-12,37
-50,-10,36
-51,-11,36
-52,-10,37
-54,-10,37
-55,-9,36
-53,-8,35
-52,-7,36
-52,-8,36
-53,-8,36
-52,-9,37
-51,-10,36
-51,-10,35
-53,-9,35
-55,-10,36
-55,-10,35
-54,-11,36
-52,-12,37
-45,-13,31
-48,-6,46
-44,-1,51
-39,7,50
-43,5,46
-42,-2,41
-38,-2,47
-33,2,56
-31,2,56
-30,1,57
-34,2,57
-38,4,53
-39,5,51
-42,5,51
-47,2,46
-53,0,46
-43,-1,51
-32,-1,56
-30,2,61
-35,4,56
-37,2,54
-34,1,54
-34,1,55
-35,1,55
-34,0,54
-34,0,54
-33,-1,54
-33,-1,54
-32,-1,53
-36,3,57
-36,3,58
-31,-1,53
-33,0,54
-33,1,56
-33,1,56
-32,1,55
-33,1,55
-33,1,56
-32,1,55
-32,1,57
-32,0,56
-33,0,56
-32,-1,56
-32,-1,56
-31,-3,55
-32,-3,55
-33,-3,55
-32,-4,55
-33,-3,56
-31,-4,56
-29,-6,54
-31,-4,56
-31,-5,56
-31,-5,55
-31,-5,55
-30,-5,56
-31,-5,57
-30,-5,56
-30,-5,56
-30,-5,57
-30,-5,56
-30,-6,56
-30,-6,55
-31,-6,57
-31,-7,55
-31,-7,55
-30,-7,55
-31,-8,55
-33,-7,55
-32,-8,54
-31,-7,54
-31,-6,55
-35,-6,54
-35,-7,53
-33,-7,50
-32,-8,49
-32,-11,43
-34,-9,38
-35,-10,41
-21,-7,58
-16,-8,53
-41,-5,42
-35,-6,56
-31,-3,76
-30,-3,71
-27,2,60
-33,-9,54
-26,-4,51
-33,-10,46
-47,-23,49
-42,-27,35
-38,-32,15
-44,-66,22
-79,-58,8
-90,-57,-22
-97,-57,-21
-45,-46,30
-39,-52,15
-37,-60,-1
-27,-64,-7
-14,-64,-17
-23,-69,-24
-39,-63,-34
-23,-60,-26
-25,-62,-20
-8,-55,-2
-35,-55,-32
-29,-51,-26
-23,-53,-32
-4,-62,-16
-21,-52,-41
12,-64,-3
13,-57,-15
6,-64,-19
0,-67,-33
-5,-57,-32
-9,-50,-44
-13,-42,-43
-8,-45,-32
-7,-42,-32
-24,-44,-32
-20,-45,-33
-15,-43,-20
-13,-46,-19
-17,-56,-14
-17,-59,-10
-22,-57,3
-31,-64,4
-23,-71,2
-26,-79,-35
-19,-76,-38
-16,-62,-44
-15,-57,-43
-17,-48,-33
-20,-44,-32
-21,-47,-28
-20,-49,-28
-24,-48,-30
-24,-46,-30
-26,-40,-30
-27,-34,-26
-26,-32,-20
-28,-31,-25
-18,-33,-28
-23,-45,-36
-25,-48,-35
-37,-51,-32
-45,-57,-34
-30,-53,-23
-30,-54,-18
-44,-53,-13
-44,-58,-14
-31,-58,-7
-21,-56,-5
-24,-53,-3
-46,-51,-1
-49,-45,1
-43,-40,1
-37,-42,-2
-37,-44,-1
-40,-46,4
-39,-53,11
-40,-53,10
-41,-52,11
-41,-50,11
-44,-50,7
-47,-55,1
-50,-55,0
-40,-51,3
-41,-49,0
-43,-51,-11
-42,-52,-11
-36,-52,-10
-36,-54,-17
-44,-54,-18
-42,-53,-18
-32,-48,-17
-44,-45,-15
-43,-44,-14
-38,-43,-22
-40,-42,-27
-33,-43,-18
-33,-42,-22
-32,-40,-25
-32,-35,-28
-19,-41,-36
-29,-36,-42
-29,-44,-48
-25,-42,-45
-25,-49,-39
-18,-48,-36
-24,-45,-43
-18,-46,-45
-18,-45,-51
-33,-16,-58
-18,-45,-59
-5,-46,-49
-6,-46,-46
-17,-46,-44
-15,-46,-40
-23,-42,-48
-21,-41,-45
-16,-36,-51
-15,-39,-59
-18,-41,-57
-24,-45,-45
-30,-45,-48
-45,-43,-63
-44,-37,-69
-11,-31,-48
4,-41,-33
-33,-32,-58
-14,-33,-47
-12,-37,-33
-16,-43,-28
-28,-38,-20
-36,-38,-27
-42,-38,-28
-52,-30,-32
-53,-30,-36
-45,-37,-41
-48,-37,-42
-46,-37,-33
-46,-36,-26
-48,-47,-18
-40,-45,-7
-24,-39,-3
-20,-38,1
-28,-48,-9
-11,-55,-13
-29,-57,-8
-50,-60,-21
-64,-59,-25
-54,-102,-17
-53,-22,20
-38,-58,19
-49,-68,14
-21,-63,12
-26,-63,13
-33,-60,5
-34,-63,-2
-9,-58,-10
-1,-64,-13
-1,-55,-23
-5,-67,-38
-26,-72,-35
-28,-64,-28
-30,-69,-32
-25,-67,-27
-4,-62,-31
-13,-54,-43
-17,-50,-48
-24,-46,-46
-9,-43,-49
-13,-43,-45
5,-39,-47
-8,-40,-43
-23,-43,-44
-21,-44,-38
-12,-48,-31
-19,-43,-42
-8,-40,-44
-15,-33,-52
-6,-17,-53
31,-23,-19
82,-27,16
-85,-69,-10
-113,-89,-55
-33,-61,-2
-1,-101,4
9,-103,-2
38,-92,-4
40,-89,-19
5,-85,-46
12,-68,-36
24,-61,-25
-1,-51,-43
-9,-51,-41
-45,-45,-50
-7,-41,-26
-12,-41,-39
-18,-56,-36
-16,-63,-30
-23,-65,-31
-19,-68,-30
-18,-66,-28
-18,-62,-25
-25,-55,-32
-28,-56,-35
-10,-56,-28
-10,-54,-30
9,-66,-12
2,-64,-21
-2,-59,-27
6,-42,-21
-12,-66,-24
-25,-61,-18
-21,-61,-20
-21,-64,-22
-31,-65,-27
-23,-63,-34
-23,-57,-26
-32,-52,-32
-31,-49,-31
-18,-55,-27
1,-61,-23
-6,-59,-31
-15,-63,-30
-22,-59,-30
-18,-55,-29
-10,-57,-23
-7,-56,-23
-10,-55,-25
-10,-57,-26
-7,-57,-23
-10,-60,-30
-9,-55,-35
-6,-59,-30
-3,-55,-30
-3,-56,-29
-11,-54,-32
-11,-56,-27
-2,-57,-25
-4,-56,-30
-5,-61,-27
-5,-59,-27
-6,-59,-27
-4,-56,-31
-2,-56,-29
10,-52,-28
12,-52,-29
6,-55,-28
6,-59,-31
10,-59,-36
6,-57,-35
-17,-57,-34
-23,-54,-33
-9,-50,-32
-14,-54,-30
-22,-59,-29
-15,-58,-23
-13,-55,-28
-8,-59,-24
-21,-59,-17
-26,-49,-18
-8,-52,-12
-9,-59,-18
-14,-57,-25
-25,-63,-21
-35,-65,-20
-24,-65,-24
-27,-66,-26
-25,-63,-17
-30,-57,-19
-26,-57,-21
-20,-63,-17
-16,-64,-17
-6,-71,-8
2,-73,-11
-9,-66,-13
-7,-62,-15
-10,-60,-16
-17,-54,-20
-11,-52,-29
-29,-48,-35
-61,-52,-37
-63,-46,-36
-60,-32,-2
-71,-28,7
-60,-32,13
-52,-33,22
-48,-35,23
-24,-29,83
-53,-21,78
-66,-49,15
-60,-58,23
-42,-50,30
-48,-45,19
-35,-44,13
-36,-44,32
-49,-50,24
-45,-56,7
-39,-59,17
-30,-52,26
-30,-48,29
-40,-48,21
-35,-53,14
-25,-49,28
-25,-57,16
-27,-54,28
-37,-49,17
-26,-47,28
-30,-48,35
-43,-37,35
-36,-49,26
-37,-59,17
-38,-61,10
-42,-55,13
-38,-50,22
-47,-43,28
-32,-43,31
-25,-49,28
-28,-56,19
-29,-52,25
-38,-63,3
-30,-52,18
-25,-40,49
-18,-42,31
-18,-47,34
-52,-41,34
-54,-41,33
-41,-49,20
-33,-61,10
-30,-62,9
-34,-58,17
-28,-59,12
-30,-57,16
-24,-57,23
-28,-58,25
-32,-50,25
-34,-42,27
-35,-47,21
-26,-60,22
-41,-58,24
-41,-40,16
-34,-35,18
-60,-50,18
-55,-50,10
-20,-52,19
-27,-54,20
-42,-51,21
-32,-46,21
-36,-45,22
-46,-42,20
-44,-41,22
-47,-41,23
-47,-41,22
-41,-41,32
-47,-35,42
-52,-19,43
-44,-16,26
-44,-10,5
-36,-12,-8
-23,-16,-26
-14,-23,-31
-6,-29,-40
-11,-45,-33
-10,-55,-36
-35,-77,-54
-44,-77,-49
-26,-77,-37
-19,-75,-33
-44,-89,-40
-51,-123,-33
-23,-84,-6
-14,-78,-10
3,-74,3
-47,-57,-1
-27,-69,-15
-12,-57,-29
-12,-59,-30
-24,-56,-33
-28,-60,-36
-26,-51,-39
-18,-51,-38
-28,-46,-38
-38,-51,-29
-27,-54,-18
-24,-59,-23
-21,-62,-23
-32,-44,-30
-22,-41,-24
-17,-46,-15
-25,-47,-16
-29,-53,-29
-31,-40,-31
-27,-39,-30
-26,-54,-26
-32,-63,-24
-33,-61,-25
-22,-51,-24
-26,-51,-21
-29,-51,-24
-31,-51,-23
-28,-50,-21
-25,-52,-20
-24,-54,-24
-30,-56,-24
-33,-58,-26
-36,-59,-32
-35,-64,-30
-28,-60,-23
-25,-54,-22
-28,-45,-23
-29,-46,-22
-30,-49,-22
-33,-53,-24
-35,-54,-24
-41,-57,-25
-36,-54,-24
-41,-69,-8
-69,-76,-7
-89,-87,-9
-67,-99,-9
-15,-74,3
-13,-67,23
-31,-68,42
-58,-38,23
-80,-27,8
-77,-16,6
-58,-13,13
-34,1,21
-31,6,22
-20,11,32
-17,10,31
-9,10,40
-10,10,45
-7,7,49
-1,5,55
-8,-5,56
-11,-9,63
-11,-8,66
-11,-11,63
-7,-3,64
-15,8,56
-22,9,56
-23,11,71
-19,17,73
-17,17,64
-16,13,62
-1,2,61
-2,1,67
-33,1,68
5,8,60
1,9,58
-24,6,62
-12,7,62
-14,5,61
-17,8,62
-12,4,60
-18,4,61
-16,4,61
-9,6,60
-18,7,60
-13,7,61
-12,8,62
-13,8,64
-14,8,65
-17,6,62
-14,5,60
-13,6,62
-14,6,60
-12,5,61
-9,6,61
-12,8,63
-17,10,60
-14,6,63
-16,8,62
-14,10,62
-17,9,64
-16,9,63
-11,7,60
-16,7,62
-15,7,62
-15,6,61
-15,6,60
-19,7,60
-21,6,62
-7,6,59
-23,7,64
-14,4,60
-11,4,61
-17,7,62
-15,7,59
-13,6,57
-15,3,58
-17,6,61
-8,5,59
-21,8,68
-21,4,65
-11,4,58
-9,4,57
-17,1,62
-20,1,67
-20,0,67
-16,-1,71
-14,-5,72
-11,-6,66
-9,-8,62
-3,0,42
-3,4,38
-15,3,47
-10,3,64
-27,26,61
-24,25,59
-7,23,54
-37,6,56
-50,-4,52
-40,-19,58
-40,-9,72
-39,-5,53
-42,-3,43
-38,-2,48
-36,-1,53
-40,-4,53
-42,-9,54
-40,-13,61
-41,-22,55
-39,-35,50
-45,-38,51
-42,-38,49
-41,-39,42
-40,-41,38
-34,-41,36
-29,-42,34
-32,-43,23
-32,-40,23
-39,-39,2
-42,-39,-2
-58,-39,-14
-60,-37,-20
-45,-34,-25
-52,-36,-28
-53,-41,-28
-48,-35,-30
-43,-34,-30
-39,-47,-23
-20,-50,-4
-3,-55,-2
-34,-58,-17
-45,-63,-16
-23,-76,-17
9,-62,1
-50,-71,-24
-41,-75,-18
-12,-72,-17
-28,-57,-41
-5,-62,-22
2,-67,-8
-12,-53,-42
-19,-49,-49
11,-53,-25
-2,-53,-33
-13,-53,-41
-11,-46,-46
20,-51,-24
15,-51,-32
2,-55,-39
-11,-45,-47
-19,-43,-51
-4,-50,-36
1,-59,-35
1,-57,-40
2,-58,-39
-8,-57,-40
-6,-54,-37
-17,-54,-35
-16,-49,-38
-10,-38,-41
0,-47,-39
-4,-43,-48
6,-46,-50
3,-49,-46
-13,-60,-51
-24,-42,-52
-3,-48,-39
-11,-48,-41
-15,-49,-42
-12,-50,-38
-9,-47,-25
-25,-46,-30
-27,-54,-29
-25,-51,-28
-30,-53,-25
-32,-54,-20
-32,-55,-22
-26,-53,-17
-22,-51,-11
-31,-55,-16
-32,-56,-20
-32,-58,-20
-25,-58,-17
-18,-58,-18
-22,-58,-17
-16,-59,-16
2,-53,-13
6,-48,-12
0,-45,-4
-43,-96,-25
-2,-9,-15
7,-98,-2
11,-56,-8
15,-68,-4
13,-66,3
26,-31,24
-31,-55,-24
13,-60,-18
21,-63,-21
23,-78,-9
15,-85,-20
8,-83,-9
-3,-85,10
-10,-76,20
13,-63,23
20,-67,32
-4,-77,12
-18,-63,-2
-7,-70,5
38,-87,50
-12,-96,7
-9,-94,14
-27,-87,13
-35,-82,9
-45,-66,11
-38,-55,20
-59,-49,11
-57,-42,15
-53,-24,21
-59,-19,19
-46,2,21
-43,7,23
-43,15,32
-34,15,29
-31,16,34
-22,20,45
-16,22,49
-18,23,50
-11,26,52
-9,30,59
-11,28,60
-6,20,58
-16,16,60
-21,8,60
2,8,57
0,7,61
-19,-7,47
-14,-5,47
-8,-2,61
-15,-9,59
-17,-14,58
-14,-14,67
-14,-16,72
-12,-15,68
-16,-10,59
-13,-6,62
-11,-6,63
-12,-2,59
-14,-1,62
-10,0,65
-3,2,59
-8,2,57
-16,-2,58
-17,-7,66
-17,-3,65
-16,0,60
-21,-3,58
-42,-6,61
-25,-1,66
-29,-1,63
-28,0,62
-25,0,59
-22,-5,56
-29,-9,54
-21,-16,57
-23,-20,56
-28,-22,49
-21,-20,47
-23,-42,57
-30,-31,58
-33,-21,56
-40,-6,57
-39,-11,49
-23,-7,57
-33,-7,57
-39,-6,50
-36,-2,52
-35,0,53
-39,-1,52
-34,-4,51
-33,-6,53
-29,-5,57
-29,-5,56
-30,-5,57
-33,-5,55
-36,-7,54
-31,-8,56
-29,-7,57
-32,-7,55
-37,-9,54
-31,-6,55
-29,-6,56
-34,-9,54
-30,-7,56
-30,-6,56
-33,-8,55
-31,-8,55
-30,-8,56
-31,-7,55
-30,-7,56
-31,-7,55
-30,-7,56
-30,-7,55
-30,-7,56
-29,-7,56
-33,-8,54
-33,-7,54
-32,-6,55
-34,-6,56
-33,-7,53
-35,-8,54
-33,-6,54
-34,-6,53
-34,-5,54
-32,-6,55
-32,-7,55
-32,-7,55
-33,-5,55
-34,-6,54
-35,-6,54
-36,-5,53
-37,-5,52
-38,-6,52
-39,-6,51
-41,-5,49
-45,-6,48
-43,-5,49
-41,-5,50
-41,-5,50
-46,-6,49
-47,-5,50
-45,-5,50
-43,-3,52
-49,-2,52
-52,-1,53
-48,4,56
-46,12,53
-43,16,46
-38,21,41
-32,22,45
-22,24,49
-21,23,49
-17,20,52
-21,17,52
-21,9,53
-18,3,51
-22,-8,45
-22,-11,47
-28,-11,51
-38,-12,58
-49,-12,68
-44,-9,61
-33,-3,61
-37,6,59
-43,6,52
-47,7,48
-43,5,54
-35,-1,55
-34,-3,55
-30,-5,58
-26,-5,59
-25,-5,57
-26,-6,56
-27,-9,55
-40,-10,58
-33,-5,54
-36,4,60
-37,2,57
-23,-5,50
-18,-9,55
-19,-33,74
-4,-25,69
-13,-25,63
-24,-28,67
-10,-20,68
-9,-9,66
-13,-1,63
-20,-1,51
-23,0,47
-30,3,41
-30,7,40
-33,8,43
-34,8,47
-47,10,54
-51,12,58
-39,14,62
-33,12,54
-38,11,52
-35,3,52
-31,2,52
-24,2,57
-26,1,60
-32,-3,61
-27,-3,62
-27,-4,59
-31,-3,58
-29,0,59
-27,2,57
-27,4,55
-26,1,54
-31,-6,52
-32,-10,60
-24,-3,55
-36,2,58
-28,1,51
-23,-5,56
-21,-16,67
-12,-13,68
-11,-9,66
-26,1,63
-19,2,47
-32,-5,49
-33,-12,65
-26,-9,65
-39,6,63
-28,9,57
-4,10,52
-12,-1,53
-28,-1,65
-21,1,61
-35,7,67
-33,11,67
-23,14,63
-24,14,60
-28,16,56
-30,17,52
-33,16,52
-30,13,51
-25,11,48
-21,6,43
-19,4,42
-20,-1,46
-21,-5,47
-39,-13,53
-43,-16,56
-36,-11,62
-36,-6,64
-37,4,68
-32,5,64
-30,4,61
-29,2,59
-29,2,57
-30,0,55
-32,0,56
-32,-1,56
-32,-2,56
-30,-1,58
-28,-1,58
-28,0,57
-30,1,56
-30,1,55
-32,-1,56
-33,-1,56
-34,0,56
-32,0,55
-31,0,56
-30,0,56
-28,0,57
-28,0,57
-27,-1,57
-27,-2,58
-28,-3,59
-28,-3,58
-28,-3,57
-28,-2,58
-28,-1,58
-28,-1,57
-28,-1,57
-29,-1,58
-28,-1,58
-28,-1,57
-26,0,58
-25,1,58
-24,2,57
-23,0,58
-24,0,64
-30,2,68
-16,-5,45
-21,-17,57
-34,-8,52
-29,-3,61
-23,-1,56
-22,-1,53
-23,-2,56
-23,-4,59
-21,-6,65
-23,-6,64
-24,-5,57
-23,-4,58
-23,-3,58
-23,-3,61
-23,-3,60
-21,-4,58
-24,-4,59
-23,-3,61
-23,-2,59
-26,-3,57
-24,-2,59
-22,0,60
-23,2,60
-27,2,60
-25,-5,58
-32,-6,59
-26,-1,53
-29,1,53
-27,1,55
-27,-1,57
-21,-5,62
-20,-7,63
-17,-6,63
-15,-5,62
-11,-15,68
-18,-19,71
-10,-9,54
-16,-9,59
-20,-5,63
-19,1,64
-21,3,58
-30,4,57
-31,1,58
-23,1,63
-21,-2,64
-20,-11,59
-20,-11,56
-24,-10,58
-26,-25,58
-31,-30,64
-21,-23,53
-24,-30,56
-18,-17,59
-13,-8,60
-9,17,67
-16,19,63
-12,13,52
-17,12,55
-14,3,62
-51,-11,54
-22,-16,72
-35,-12,49
-22,-6,63
-2,7,72
-5,5,70
-16,9,60
-16,9,62
-17,13,68
-23,16,67
-32,19,64
-42,21,57
-46,24,48
-44,26,43
-40,29,31
-26,34,28
-14,37,30
-2,40,31
7,49,35
11,48,33
11,49,35
17,52,42
19,52,40
16,48,35
7,46,32
-15,49,33
-22,51,36
-12,49,33
-20,49,37
-10,50,43
-11,48,41
-8,46,43
-10,47,43
-15,47,42
-19,47,40
-16,45,39
-18,46,46
-17,46,47
-18,42,43
-18,41,44
-19,45,42
-22,43,43
-26,42,40
-18,45,42
-14,45,43
-21,44,37
-24,45,37
-27,43,42
-25,43,43
-29,43,34
-33,45,29
-33,46,37
-28,45,44
-27,46,39
-21,47,45
-18,47,40
-22,48,33
-20,49,35
-12,48,42
-17,48,37
-24,53,35
-23,52,32
-16,51,40
-13,49,42
-17,46,39
-19,46,38
-17,43,38
-18,45,37
-19,45,38
-14,41,47
-16,42,45
-20,44,43
-23,43,41
-14,47,47
-21,46,41
-39,47,33
-36,46,38
-41,38,41
-43,37,41
-33,33,51
-34,37,49
-29,36,47
-23,41,46
-30,41,42
-32,42,41
-24,41,43
-11,40,51
-19,40,47
-27,41,41
-20,41,43
-20,38,44
-23,41,37
-23,41,40
-31,37,41
-39,34,42
-36,32,44
-40,32,35
-37,33,37
-31,32,42
-20,26,43
-23,23,50
-33,23,46
-33,24,42
-26,28,39
-39,30,36
-42,31,35
-31,31,34
-37,30,34
-39,30,33
-33,34,33
-22,37,34
-23,34,32
-34,42,22
-28,42,22
-37,47,17
-48,45,16
-47,42,15
-56,42,9
-65,38,8
-69,31,9
-73,29,7
-71,27,2
-70,25,-1
-63,24,-1
-61,25,-6
-58,26,-11
-58,25,-10
-70,20,-19
-72,19,-18
-57,20,-13
-73,20,-14
-71,20,-10
-52,22,9
-61,23,8
-67,22,3
-62,21,3
-64,26,0
-66,27,-2
-59,29,-1
-57,30,0
-58,30,-6
-57,29,-17
-57,28,-20
-57,30,-18
-51,29,-18
-53,29,-23
-57,30,-24
-53,29,-24
-51,29,-23
-52,28,-25
-49,27,-28
-52,23,-33
-56,23,-32
-62,20,-30
-56,8,-25
-69,0,-23
-107,-18,-44
-105,-23,-52
-52,-2,-12
-14,7,16
28,46,60
10,60,51
-27,63,27
-36,65,28
-40,52,27
-31,53,23
-25,60,28
-28,50,23
-42,43,21
-59,28,22
-62,25,30
-65,26,43
-67,28,45
-68,26,26
-62,18,22
-63,6,10
-54,9,5
-39,7,-11
-47,6,-18
-59,19,-21
-67,20,-18
-73,19,-14
-72,16,-12
-75,11,-14
-71,7,-1
-66,7,1
-62,4,-9
-64,6,-6
-66,9,-7
-67,2,-11
-66,-1,-5
-68,4,-6
-65,7,-8
-65,2,-10
-74,1,-10
-64,2,-8
-61,2,-9
-67,4,-5
-72,4,-4
-61,6,2
-62,7,2
-70,5,-3
-68,4,2
-68,5,4
-70,6,3
-71,6,1
-71,7,-1
-67,8,3
-66,10,0
-66,11,-1
-65,15,4
-61,17,3
-62,19,2
-62,22,8
-58,23,5
-57,24,6
-57,24,8
-52,23,8
-44,25,10
-54,23,11
-58,21,9
-50,18,9
-54,16,13
-60,12,9
-57,12,12
-61,7,15
-64,5,14
-60,4,17
-62,4,18
-70,2,17
-64,2,16
-63,1,18
-67,-1,15
-66,0,20
-69,7,10
-70,8,9
-87,11,11
-56,11,15
-63,7,8
-64,6,9
-64,6,12
-64,5,10
-65,6,14
-63,5,14
-62,5,11
-63,6,13
-64,6,13
-64,5,13
-63,6,14
-63,7,15
-63,6,15
-66,5,12
-65,6,14
-63,4,17
-58,3,19
-61,5,17
-63,5,15
-63,5,14
-61,5,15
-62,4,14
-65,4,12
-65,4,11
-66,4,10
-65,3,11
-63,3,13
-65,3,12
-65,3,12
-64,4,14
-62,4,14
-63,4,15
-63,5,15
-61,4,13
-63,4,13
-64,4,12
-64,4,12
-65,3,11
-65,3,11
-64,4,12
-63,3,12
-62,4,13
-63,4,13
-63,3,13
-63,3,12
-64,3,12
-64,3,12
-65,2,11
-65,2,12
-65,1,11
-64,2,13
-63,3,13
-63,2,12
-63,3,12
-64,2,11
-64,2,10
-64,2,10
-65,0,12
-65,0,12
-64,0,13
-64,1,12
-63,1,12
-64,1,13
-63,1,13
-63,1,14
-63,1,13
-64,1,12
-63,1,14
-63,1,15
-62,0,15
-64,1,13
-64,1,13
-63,1,14
-63,1,14
-62,1,14
-63,1,14
-64,1,14
-65,2,15
-61,1,13
-60,1,12
-64,1,13
-65,0,14
-63,0,15
-62,2,16
-63,1,15
-64,1,15
-64,1,14
-64,1,14
-64,1,14
-63,1,15
-63,2,15
-63,1,14
-64,1,14
-63,2,15
-63,2,15
-62,2,15
-63,2,14
-64,1,13
-65,1,12
-64,2,12
-63,3,13
-62,2,14
-65,1,11
-65,1,11
-64,2,11
-63,2,12
-65,2,10
-64,3,10
-64,3,11
-64,3,10
-64,2,11
-64,2,12
-64,2,12
-63,2,13
-63,3,14
-64,3,13
-63,3,14
-63,3,13
-64,3,12
-64,3,12
-64,3,13
-64,3,12
-64,3,12
-64,3,12
-64,2,13
-64,2,12
-64,2,13
-64,2,13
-63,2,13
-63,3,13
-63,3,13
-64,2,13
-64,2,13
-64,2,13
-64,2,13
-64,2,13
-64,2,13
-63,2,13
-64,2,13
-64,2,13
-64,2,13
-63,2,14
-63,2,14
-64,2,13
-64,2,13
-64,2,13
-63,2,14
-63,2,14
-64,2,14
-64,2,13
-67,3,14
-65,3,14
-64,2,13
-65,2,14
-68,2,15
-65,2,17
-64,1,17
-68,4,17
-66,4,19
-59,5,20
-60,6,20
-61,10,17
-63,14,16
-61,17,18
-57,15,14
-55,13,15
-60,14,15
-61,18,8
-62,21,11
-54,22,13
-57,19,12
-59,18,8
-62,20,10
-61,21,9
-58,22,6
-58,22,7
-61,22,8
-60,20,7
-59,19,5
-60,19,4
-63,18,4
-63,17,1
-61,16,4
-62,16,0
-64,16,-2
-65,15,0
-64,15,1
-63,15,-3
-62,15,-3
-61,14,-4
-62,14,-3
-64,11,-7
-65,10,-9
-65,9,-9
-66,8,-10
-65,6,-11
-67,5,-12
-66,5,-12
-62,6,-11
-61,6,-12
-67,4,-16
-62,6,-12
-65,6,-15
-64,6,-13
-67,4,-10
-63,6,-6
-64,6,-8
-65,5,-14
-65,3,-12
-68,1,-14
-73,1,-17
-63,-2,-22
-58,0,-17
-65,1,-24
-64,0,-28
-60,2,-33
-54,1,-37
-45,2,-42
-47,1,-45
-39,11,-51
-27,23,-51
-23,31,-49
-29,42,-43
-41,43,-34
-53,45,-23
-52,37,-34
-63,22,-41
-39,23,-11
-55,16,-11
-63,13,-20
-52,2,-5
-57,-3,-7
-72,-3,-9
-73,-3,-4
-72,-8,-4
-80,-5,15
-64,-2,-5
-50,8,-18
-59,12,-14
-58,13,-16
-54,16,-12
-58,19,-13
-60,19,-17
-76,17,-12
-73,15,-15
-64,10,-23
-60,8,-11
-57,11,-8
-62,14,-7
-64,13,-10
-61,12,-12
-62,11,-12
-66,9,-10
-66,9,-8
-62,9,-9
-63,10,-12
-63,11,-12
-64,11,-10
-63,14,-10
-63,14,-7
-63,14,-6
-62,12,-5
-62,11,-5
-65,11,-8
-65,11,-10
-66,11,-8
-65,11,-8
-63,11,-9
-62,11,-8
-63,11,-7
-64,11,-7
-63,11,-8
-64,11,-9
-64,11,-9
-63,10,-8
-63,10,-8
-64,10,-9
-64,10,-9
-64,10,-8
-64,10,-8
-64,10,-9
-64,10,-7
-64,10,-8
-64,10,-9
-63,10,-9
-65,10,-8
-64,10,-8
-63,10,-8
-63,10,-8
-64,10,-8
-64,10,-8
-63,10,-8
-64,10,-9
-64,10,-8
-64,10,-8
-64,10,-8
-63,10,-8
-63,10,-8
-64,10,-8
-63,9,-8
-64,9,-9
-64,9,-8
-64,9,-8
-64,10,-8
-64,10,-8
-64,9,-8
-64,9,-9
-64,9,-9
-64,10,-9
-64,9,-8
-63,9,-8
-64,9,-8
-64,10,-8
-64,9,-9
-64,9,-9
-64,9,-9
-64,9,-8
-64,9,-8
-64,9,-8
-64,9,-8
-64,9,-8
-64,9,-8
-63,9,-8
-63,9,-8
-64,9,-8
-64,9,-8
-63,9,-8
-64,9,-8
-64,9,-8
-64,9,-8
-64,9,-8
-64,9,-8
-64,9,-8
-64,9,-8
-64,9,-8
-64,9,-8
-64,9,-8
-64,9,-9
-64,9,-8
-63,9,-8
-63,9,-9
-64,9,-8
-64,9,-8
-64,9,-8
-64,9,-8
-64,9,-9
-64,9,-9
-64,9,-9
-64,9,-9
-64,9,-8
-64,9,-9
-64,9,-9
-64,9,-9
-64,9,-9
-64,9,-9
-64,9,-9
-64,9,-9
-64,9,-9
-63,9,-9
-64,9,-8
-64,9,-9
-64,9,-9
-64,9,-9
-64,9,-9
-63,9,-9
-64,9,-9
-64,9,-8
-64,9,-8
-63,8,-8
-64,9,-9
-64,9,-9
-64,9,-9
-64,9,-8
-64,9,-8
-64,9,-8
-64,9,-9
-64,9,-8
-64,9,-8
-64,8,-8
-63,9,-7
-64,9,-8
-65,9,-9
-63,9,-8
-64,9,-7
-64,9,-8
-64,9,-8
-64,9,-8
-64,9,-8
-64,9,-8
-64,9,-8
-64,9,-8
-65,9,-9
-66,9,-9
-63,9,-10
-62,9,-10
-64,10,-9
-64,11,-10
-63,11,-12
-62,11,-11
-60,11,-12
-62,12,-14
-63,11,-15
-61,11,-15
-61,11,-15
-61,10,-17
-61,10,-18
-62,10,-18
-63,10,-19
-62,10,-20
-62,11,-19
-62,11,-19
-63,11,-17
-65,11,-18
-63,12,-17
-64,10,-16
-66,12,-9
-66,13,-6
-63,12,3
-57,12,10
-54,13,15
-58,13,17
-60,11,20
-57,9,7
-60,8,4
-65,11,9
-70,7,4
-63,9,-1
-63,11,-2
-67,9,-1
-67,8,0
-63,7,0
-64,6,2
-73,4,0
-67,8,-2
-62,10,-6
-65,8,-7
-65,9,-7
-63,8,-6
-65,7,-6
-65,6,-2
-64,6,-1
-63,6,-2
-64,7,-3
-66,5,-5
-65,6,-4
-65,8,-6
-63,7,-6
-63,6,-1
-66,7,-3
-66,6,-3
-65,5,-2
-64,6,-2
-65,6,-2
-66,6,-3
-65,5,-2
-62,4,0
-65,5,5
-67,4,5
-64,5,2
-65,5,-1
-64,4,1
-64,5,5
-68,5,2
-63,4,2
-64,5,1
-66,6,0
-66,6,0
-62,6,1
-65,6,-1
-67,4,2
-63,4,4
-66,6,0
-66,4,3
-64,4,4
-63,3,8
-62,3,12
-65,4,7
-65,3,5
-62,4,7
-65,6,5
-67,6,2
-63,6,3
-62,4,6
-63,5,7
-68,4,6
-64,5,5
-64,5,5
-63,4,7
-63,3,10
-66,5,10
-67,4,8
-63,4,7
-63,5,6
-65,5,7
-63,4,8
-66,4,7
-65,3,6
-64,5,11
-69,3,8
-66,4,7
-64,4,6
-63,4,7
-64,4,7
-62,4,9
-65,4,7
-66,4,8
-65,3,9
-63,3,9
-63,3,10
-63,3,10
-63,4,10
-66,4,7
-65,4,7
-65,3,7
-66,6,6
-63,4,9
-63,3,11
-66,4,5
-65,5,6
-63,7,5
-63,7,4
-62,5,9
-65,5,7
-66,5,6
-64,5,7
-64,5,8
-64,5,8
-64,5,8
-64,5,8
-64,6,7
-64,6,6
-64,6,7
-64,5,9
-68,5,7
-65,5,7
-63,5,6
-64,6,7
-63,5,8
-64,5,8
-64,4,6
-62,4,9
-65,2,15
-63,3,15
-64,5,6
-64,6,4
-66,5,5
-64,5,6
-65,5,7
-67,5,6
-64,3,9
-63,5,8
-66,4,7
-65,4,9
-63,5,9
-66,3,8
-61,4,11
-67,4,8
-67,4,9
-64,4,8
-62,4,7
-60,3,8
-65,5,7
-67,4,8
-64,6,8
-65,4,8
-62,4,12
-64,4,10
-65,5,9
-62,4,11
-66,4,10
-66,4,9
-61,5,10
-64,5,8
-65,5,8
-62,4,11
-64,5,11
-65,4,10
-65,4,9
-62,3,11
-64,4,10
-63,4,11
-65,4,11
-64,5,9
-64,5,9
-63,4,10
-64,4,10
-64,4,11
-64,4,10
-62,3,11
-66,4,10
-65,4,10
-63,4,11
-63,4,12
-65,4,9
-65,4,9
-63,4,11
-64,4,11
-67,4,9
-62,4,10
-61,5,10
-65,5,9
-63,4,9
-65,6,10
-66,5,9
-64,4,9
-63,5,10
-65,5,10
-65,5,9
-63,5,9
-64,4,10
-65,4,10
-61,3,11
-62,5,13
-65,3,12
-65,4,11
-65,4,10
-65,5,10
-66,4,10
-64,3,11
-64,4,11
-64,4,12
-65,3,10
-64,5,9
-63,6,5
-65,4,9
-66,4,10
-67,6,8
-64,5,7
-63,5,7
-61,5,13
-65,3,11
-61,4,12
-61,4,9
-63,3,10
-66,4,11
-65,3,16
-65,2,15
-63,5,12
-62,4,13
-66,4,15
-66,4,18
-66,4,8
-63,7,4
-62,5,5
-62,5,5
-62,7,6
-63,6,8
-67,4,9
-65,5,9
-64,5,10
-64,5,10
-63,5,10
-64,5,10
-64,5,9
-64,5,10
-65,5,10
-64,5,9
-64,5,9
-64,5,9
-64,5,10
-64,5,10
-64,5,10
-65,5,10
-64,5,9
-64,5,9
-64,5,9
-64,5,9
-64,5,10
-64,5,9
-64,5,9
-64,5,9
-64,5,9
-64,5,9
-64,5,9
-64,5,9
-64,5,9
-64,5,9
-64,5,9
-64,5,9
-63,5,9
-65,4,10
-66,5,9
-64,6,8
-64,6,8
-65,6,8
-64,6,8
-64,6,9
-64,6,8
-64,6,7
-65,6,7
-63,5,8
-63,7,9
-64,6,9
-64,6,9
-64,5,10
-64,2,13
-65,4,10
-64,5,6
-66,5,7
-65,6,11
-61,5,9
-62,4,11
-64,5,10
-67,6,9
-66,7,8
-64,5,7
-63,6,13
-64,5,11
-62,5,9
-60,6,9
-63,5,10
-65,4,11
-63,2,15
-67,4,14
-65,3,14
-57,3,18
-59,4,18
-70,7,4
-66,8,3
-61,7,7
-64,5,9
-65,5,16
-67,4,16
-60,6,17
-67,5,11
-69,4,8
-60,6,6
-60,8,5
-64,6,6
-65,3,10
-61,4,13
-65,5,11
-65,5,9
-64,5,7
-65,6,7
-64,5,10
-64,3,15
-65,3,16
-62,5,14
-66,4,8
-63,5,11
-63,5,13
-68,5,9
-64,4,11
-65,5,8
-61,5,13
-66,4,11
-62,6,10
-62,5,11
-67,4,13
-67,4,16
-68,4,15
-63,7,1
-62,8,0
-63,3,3
-65,9,3
-60,8,8
-66,8,7
-66,4,9
-65,4,9
-64,5,9
-63,5,9
-64,6,8
-65,5,9
-64,6,10
-64,5,9
-63,5,9
-64,6,8
-65,6,8
-64,5,10
-63,5,10
-64,5,9
-65,6,8
-65,5,9
-64,5,10
-63,5,10
-64,6,9
-65,6,8
-64,5,10
-63,6,11
-64,5,10
-63,5,9
-64,5,9
-64,5,9
-65,6,10
-63,6,10
-64,5,10
-63,5,10
-63,6,8
-66,6,7
-66,7,6
-59,6,4
-57,7,8
-63,5,15
-66,3,17
-66,2,21
-68,2,14
-66,5,6
-66,5,4
-63,6,7
-63,5,8
-63,5,10
-65,4,10
-64,3,13
-63,3,15
-64,4,12
-67,4,7
-65,5,8
-64,5,9
-65,4,10
-65,4,9
-63,4,10
-65,4,8
-64,5,8
-63,4,9
-64,5,7
-66,4,7
-61,3,13
-62,4,12
-65,4,10
-67,4,9
-64,5,8
-63,4,9
-64,4,12
-65,4,13
-64,4,11
-62,6,7
-62,6,6
-66,6,6
-63,5,8
-69,6,6
-67,8,6
-59,3,11
-62,5,10
-66,5,9
-65,6,7
-60,5,12
-62,3,13
-65,3,11
-65,5,8
-64,5,9
-62,5,12
-62,5,13
-66,4,16
-63,2,17
-63,4,12
-62,4,13
-64,4,13
-65,5,11
-63,3,14
-62,4,15
-64,3,16
-63,3,16
-63,4,15
-63,4,16
-63,3,17
-60,3,19
-61,4,19
-67,4,14
-64,6,12
-63,4,11
-65,4,12
-59,4,13
-59,4,16
-65,5,13
-63,5,16
-61,5,16
-63,3,18
-62,4,17
-65,4,12
-62,6,14
-62,5,12
-60,4,14
-65,5,13
-65,6,13
-65,5,11
-68,6,10
-60,5,17
-60,4,17
-60,5,17
-60,4,20
-62,5,15
-66,6,12
-65,5,11
-62,5,10
-65,7,7
-64,6,14
-65,4,17
-61,3,25
-62,4,24
-64,6,14
-62,6,12
-63,6,12
-65,6,13
-64,6,12
-64,6,11
-62,5,12
-61,4,18
-66,5,15
-63,5,14
-60,4,16
-62,5,18
-68,5,17
-66,4,11
-60,6,9
-62,5,8
-59,4,16
-63,4,16
-66,4,13
-64,5,13
-62,4,10
-60,3,14
-67,4,15
-67,4,14
-63,3,11
-62,9,9
-60,4,13
-67,6,14
-67,5,13
-63,5,10
-60,5,12
-67,6,15
-64,3,16
-61,4,16
-63,5,13
-63,6,13
-62,6,15
-64,6,13
-62,5,14
-64,6,13
-63,6,13
-65,6,13
-64,6,12
-63,6,12
-62,4,16
-63,3,19
-66,4,17
-64,5,14
-62,6,10
-61,7,10
-63,6,12
-63,6,13
-63,6,12
-63,6,9
-64,8,10
-65,5,15
-64,4,16
-64,4,15
-63,4,13
-65,5,13
-65,6,13
-62,5,15
-65,6,15
-64,5,14
-61,5,14
-61,7,14
-62,5,14
-63,3,15
-61,1,21
-63,3,20
-66,4,15
-64,3,15
-63,4,16
-62,4,16
-66,5,14
-68,5,12
-61,5,11
-64,6,10
-65,5,9
-63,5,11
-62,6,11
-62,5,13
-64,4,14
-63,3,16
-60,4,18
-65,5,13
-69,5,10
-62,5,13
-62,5,13
-62,4,17
-61,4,16
-63,5,14
-66,5,15
-67,4,12
-62,7,9
-62,6,9
-63,5,10
-62,4,13
-65,5,12
-65,5,11
-61,5,14
-65,6,11
-64,5,12
-63,5,12
-63,6,12
-64,5,12
-64,5,12
-60,3,17
-62,5,17
-66,4,12
-62,4,13
-62,6,13
-66,6,12
-63,5,12
-64,6,12
-67,7,9
-64,5,10
-62,4,12
-64,6,10
-64,4,13
-63,4,13
-61,3,15
-62,5,17
-67,5,14
-60,0,23
-62,3,17
-65,5,11
-64,5,11
-62,5,14
-60,3,19
-62,5,16
-63,4,13
-63,5,14
-64,5,14
-64,5,14
-63,5,14
-63,5,12
-64,5,12
-64,5,12
-63,5,12
-65,5,11
-63,5,11
-64,4,11
-64,5,10
-65,5,10
-64,5,10
-64,5,10
-64,5,10
-64,5,10
-64,5,9
-65,4,9
-65,4,10
-64,4,10
-65,4,10
-64,4,9
-63,4,10
-64,4,10
-64,4,10
-65,4,10
-64,4,10
-64,5,10
-64,4,10
-64,4,10
-64,4,10
-63,5,10
-64,5,10
-65,5,9
-65,5,9
-64,4,10
-64,4,10
-64,3,11
-64,4,11
-62,4,12
-67,4,10
-65,4,10
-63,4,9
-63,6,8
-64,6,9
-64,5,9
-65,5,10
-66,5,8
-62,5,10
-66,4,8
-65,5,10
-64,5,10
-64,4,9
-64,5,10
-64,4,9
-65,4,10
-64,5,10
-65,5,8
-64,4,9
-65,5,12
-63,4,11
-64,4,10
-63,4,12
-64,4,12
-64,4,12
-62,3,13
-62,3,14
-64,4,12
-65,4,12
-64,4,12
-62,5,10
-63,5,10
-65,5,9
-65,4,9
-64,5,10
-63,5,10
-62,4,10
-63,5,9
-65,4,8
-64,4,8
-65,4,9
-65,3,8
-65,4,7
-65,4,7
-65,3,8
-64,4,8
-64,4,8
-65,4,8
-65,4,8
-65,4,8
-65,4,8
-65,4,8
-64,4,8
-64,4,9
-64,4,9
-64,4,9
-64,4,8
-65,4,8
-64,3,9
-65,4,8
-65,4,8
-65,4,8
-64,4,9
-65,3,8
-65,4,8
-64,4,8
-64,4,8
-64,3,8
-64,4,8
-65,4,8
-65,4,8
-64,3,9
-64,4,9
-64,4,8
-65,4,8
-66,4,6
-66,4,7
-63,4,10
-63,3,11
-63,3,11
-64,3,11
-62,2,11
-63,2,13
-63,2,14
-65,2,14
-64,3,12
-61,5,14
-67,3,12
-63,3,10
-64,3,8
-64,6,7
-63,6,7
-63,4,11
-64,5,11
-65,4,9
-64,5,10
-63,4,12
-69,5,7
-63,4,8
-65,5,11
-63,4,12
-63,3,13
-61,3,13
-63,4,11
-66,4,11
-64,4,11
-63,4,11
-65,5,11
-63,4,11
-64,4,11
-65,4,11
-63,4,11
-64,4,11
-63,4,12
-64,4,11
-64,4,11
-64,4,11
-64,4,11
-64,4,12
-64,4,12
-64,4,11
-63,4,11
-63,4,12
-64,4,11
-64,4,12
-64,4,11
-64,4,11
-63,4,12
-64,4,11
-64,4,11
-64,4,11
-64,4,11
-64,4,11
-64,4,12
-64,4,11
-64,4,11
-64,4,12
-64,4,12
-64,4,11
-64,4,12
-64,4,11
-64,4,11
-62,4,13
-64,5,11
-65,4,11
-63,4,12
-64,4,12
-64,3,13
-62,3,14
-62,3,13
-65,4,12
-63,4,12
-63,4,12
-64,4,11
-65,4,11
-63,4,11
-63,4,11
-64,4,12
-64,4,11
-65,4,10
-64,4,11
-62,4,12
-64,3,12
-64,4,12
-63,4,12
-63,4,11
-64,4,11
-64,4,10
-65,3,9
-65,3,9
-65,3,9
-65,4,9
-65,4,10
-64,4,10
-63,4,10
-63,4,11
-64,4,11
-64,4,11
-64,4,11
-64,4,11
-64,4,11
-64,4,11
-64,4,10
-64,4,10
-64,4,11
-65,4,11
-64,4,10
-64,4,10
-65,4,10
-65,4,10
-64,4,11
-64,4,10
-63,4,11
-63,4,11
-64,4,11
-65,4,10
-65,3,10
-64,3,11
-65,3,10
-62,4,10
-62,4,10
-63,4,11
-64,4,10
-63,4,9
-63,3,8
-64,4,9
-65,4,9
-67,3,7
-65,3,7
-65,3,7
-64,3,6
-64,5,5
-64,4,6
-64,5,5
-65,5,3
-66,5,1
-65,4,-1
-66,6,-1
-64,8,2
-64,8,3
-64,6,1
-66,5,0
-64,6,2
-63,6,3
-64,6,3
-65,4,3
-65,4,4
-64,4,5
-64,5,4
-64,4,2
-64,5,1
-64,6,-3
-65,6,-6
-66,5,-7
-64,6,-8
-65,6,-8
-64,6,-9
-65,6,-10
-63,7,-10
-62,8,-12
-63,7,-14
-63,7,-15
-62,7,-15
-63,7,-16
-64,6,-16
-63,7,-15
-63,7,-14
-63,6,-13
-63,5,-13
-64,5,-14
-63,6,-13
-63,6,-13
-63,6,-13
-63,6,-13
-63,6,-13
-63,5,-13
-63,5,-13
-64,5,-13
-64,5,-13
-64,5,-13
-63,5,-13
-64,5,-13
-63,5,-12
-63,5,-12
-64,5,-12
-64,5,-13
-64,5,-13
-64,5,-12
-63,5,-12
-64,5,-12
-63,6,-12
-63,6,-12
-63,6,-12
-64,5,-12
-64,5,-12
-64,5,-12
-64,5,-12
-64,5,-11
-63,5,-11
-63,6,-11
-63,6,-11
-64,5,-11
-64,5,-12
-64,5,-12
-64,5,-11
-64,5,-11
-64,5,-12
-64,5,-12
-64,5,-12
-63,5,-12
-64,5,-12
-64,5,-12
-64,5,-11
-64,5,-11
-63,5,-12
-64,5,-12
-64,5,-11
-64,5,-12
-64,5,-11
-64,5,-12
-64,5,-11
-64,5,-11
-63,5,-12
-64,5,-11
-64,5,-11
-64,5,-11
-64,5,-12
-64,5,-11
-64,5,-11
-64,5,-11
-63,5,-10
-64,5,-10
-64,5,-10
-64,5,-10
-64,5,-10
-64,5,-9
-63,4,-9
-64,5,-9
-66,4,-12
-65,5,-11
-63,6,-10
-62,7,-10
-63,7,-11
-63,6,-10
-63,6,-9
-64,6,-9
-65,5,-9
-65,5,-9
-65,5,-9
-64,6,-10
-64,5,-9
-64,5,-9
-64,5,-10
-64,6,-9
-64,6,-8
-64,5,-8
-64,5,-8
-64,5,-8
-64,6,-8
-64,6,-8
-64,6,-8
-65,5,-9
-65,5,-8
-65,5,-7
-65,5,-7
-64,6,-7
-63,7,-7
-63,7,-8
-64,6,-8
-64,5,-9
-65,5,-10
-65,4,-10
-65,4,-10
-64,4,-11
-64,4,-10
-64,5,-9
-64,6,-9
-63,6,-9
-64,5,-9
-64,5,-9
-64,4,-10
-64,4,-10
-64,4,-11
-65,4,-11
-65,4,-10
-64,5,-10
-64,6,-10
-63,7,-9
-63,6,-9
-64,5,-10
-64,4,-10
-64,4,-10
-64,4,-11
-64,4,-10
-64,4,-11
-64,5,-11
-64,4,-10
-64,4,-11
-64,4,-11
-64,4,-12
-64,4,-12
-64,4,-11
-64,4,-12
-64,4,-12
-63,4,-11
-64,4,-12
-64,4,-12
-64,4,-12
-64,4,-12
-64,4,-12
-64,4,-12
-64,4,-12
-64,4,-12
-64,4,-12
-64,4,-12
-64,4,-12
-64,5,-12
-64,4,-11
-64,4,-11
-64,5,-11
-64,5,-11
-64,5,-11
-64,5,-11
-64,4,-11
-64,5,-11
-64,4,-10
-64,5,-10
-64,5,-9
-64,5,-10
-64,4,-10
-64,4,-9
-64,5,-9
-64,5,-9
-63,5,-9
-64,4,-10
-65,4,-10
-64,4,-9
-64,5,-9
-64,5,-9
-64,5,-10
-64,5,-9
-64,5,-9
-64,6,-8
-64,5,-9
-64,5,-9
-64,6,-9
-63,6,-9
-63,7,-11
-64,6,-11
-64,5,-12
-64,5,-12
-64,5,-12
-64,6,-12
-63,6,-12
-63,6,-12
-63,6,-12
-64,6,-12
-64,6,-12
-64,6,-12
-64,6,-12
-63,6,-12
-64,6,-12
-64,5,-10
-64,5,-10
-64,5,-11
-64,5,-10
-64,5,-10
-64,5,-10
-63,5,-11
-64,5,-12
-63,5,-11
-64,5,-12
-64,5,-12
-64,5,-12
-64,5,-11
-64,5,-12
-64,5,-12
-64,6,-11
-64,6,-11
-64,6,-10
-63,6,-11
-64,6,-11
-64,5,-11
-64,5,-11
-64,5,-12
-64,5,-12
-64,5,-12
-64,5,-12
-64,6,-12
-63,6,-12
-63,6,-12
-64,6,-11
-63,6,-11
-64,6,-11
-63,5,-11
-64,5,-11
-64,5,-11
-64,5,-11
-65,5,-11
-64,5,-11
-64,6,-11
-63,5,-11
-63,7,-11
-63,7,-11
-63,6,-12
-64,5,-12
-64,5,-12
-64,5,-12
-64,5,-11
-63,5,-12
-63,6,-11
-63,6,-12
-65,5,-13
-63,5,-12
-64,5,-13
-64,5,-12
-64,5,-12
-64,5,-12
-63,5,-12
-64,5,-12
-63,5,-11
-64,5,-12
-64,6,-12
-63,6,-11
-63,6,-11
-64,5,-11
-64,4,-11
-64,4,-10
-64,5,-10
-64,4,-10
-64,4,-10
-64,5,-10
-63,6,-10
-63,6,-10
-63,6,-10
-64,5,-10
-64,5,-11
-64,5,-10
-65,5,-10
-64,5,-10
-64,5,-10
-64,5,-10
-64,5,-10
-65,5,-10
-64,5,-10
-64,5,-9
-64,6,-9
-64,5,-8
-64,5,-8
-65,4,-8
-65,4,-8
-65,5,-8
-66,6,-8
-65,6,-8
-64,7,-9
-64,8,-8
-63,9,-9
-62,9,-9
-63,10,-8
-63,10,-8
-61,10,-8
-62,11,-8
-63,11,-7
-63,10,-8
-65,8,-8
-66,7,-7
-66,6,-5
-66,6,-4
-63,6,-3
-64,7,-4
-65,7,-3
-64,6,-4
-66,6,-5
-67,8,-4
-66,7,-3
-63,2,4
-62,3,7
-65,4,1
-65,5,-2
-64,6,-3
-65,5,-3
-64,7,-2
-63,5,-1
-63,4,1
-65,4,0
-65,3,0
-67,4,-2
-66,4,-1
-65,4,0
-63,4,0
-65,5,-6
-65,6,-8
-65,5,-6
-65,3,-5
-64,3,-5
-64,4,-7
-65,5,-8
-66,5,-9
-66,6,-7
-64,5,-7
-63,5,-6
-64,3,-5
-64,3,-5
-64,4,-5
-65,4,-5
-66,4,-4
-64,4,-2
-65,4,-2
-65,4,-1
-65,4,-2
-65,5,-3
-64,5,-2
-64,4,-2
-65,4,-2
-65,4,-2
-65,4,-3
-65,4,-3
-66,4,-3
-65,4,-3
-65,3,-3
-65,4,-2
-65,4,-1
-65,3,-1
-65,4,-3
-65,3,-2
-66,3,-2
-66,3,-2
-65,4,-1
-64,4,-2
-65,5,-2
-65,4,-1
-65,4,-1
-65,4,-1
-65,4,-1
-65,4,0
-65,4,0
-64,4,0
-64,4,0
-65,4,0
-65,4,-1
-65,4,-1
-65,4,0
-65,4,1
-64,4,1
-65,4,0
-64,4,1
-65,4,0
-66,4,0
-65,4,0
-65,4,0
-65,4,0
-65,5,0
-64,4,1
-64,4,1
-65,4,1
-65,4,0
-64,5,-1
-65,5,-1
-65,4,0
-65,4,0
-65,5,0
-65,5,0
-64,5,0
-64,5,0
-64,5,-1
-64,5,-2
-65,5,-3
-64,5,-4
-57,7,-7
-69,2,-6
-72,2,-2
-67,3,-1
-68,2,-1
-67,2,-5
-67,3,-5
-67,3,-4
-66,3,-3
-65,4,-2
-64,4,-2
-62,7,-6
-64,6,-7
-65,5,-5
-63,4,-1
-63,4,-2
-65,4,-4
-65,5,-4
-65,5,-3
-65,4,-3
-65,4,-3
-65,4,-3
-65,5,-3
-65,4,-3
-64,4,-3
-65,5,-3
-65,4,-2
-65,4,-3
-65,4,-3
-65,4,-2
-65,4,-2
-65,5,-2
-65,4,-2
-65,4,-1
-65,4,-1
-65,4,-2
-65,4,-2
-65,4,-2
-65,4,-1
-65,5,-1
-65,5,-2
-65,5,-2
-65,5,-2
-66,5,-2
-64,4,-1
-65,4,-1
-65,4,-1
-65,4,-2
-65,4,-1
-65,4,-1
-65,4,-2
-65,4,-2
-65,4,-2
-64,4,-1
-65,4,-1
-64,5,0
-65,5,-1
-65,5,-1
-65,4,0
-65,4,0
-65,4,1
-65,4,0
-65,4,0
-63,4,1
-65,5,-1
-64,6,-4
-65,5,-3
-67,4,-3
-65,4,-3
-65,4,-4
-65,5,-2
-65,5,-2
-64,5,-1
-64,4,0
-65,5,-3
-67,4,-4
-65,5,-3
-64,4,-2
-65,5,-1
-65,5,-2
-65,5,-3
-65,5,-2
-65,7,-2
-64,4,-2
-64,4,-1
-64,5,-1
-68,7,-5
-65,5,-8
-56,3,5
-66,2,8
-65,2,5
-62,4,3
-65,4,3
-67,4,3
-64,3,2
-63,4,2
-64,6,-3
-65,4,0
-64,4,5
-64,4,4
-65,4,5
-63,2,6
-65,3,6
-66,2,9
-65,2,9
-63,3,5
-63,4,2
-68,6,0
-65,6,1
-64,6,1
-65,5,2
-67,5,2
-68,4,1
-61,3,7
-62,4,6
-65,5,4
-65,5,3
-65,5,3
-64,6,3
-64,5,3
-65,5,2
-65,5,3
-65,6,2
-64,6,2
-66,5,2
-65,6,2
-65,5,3
-65,5,3
-64,5,3
-66,5,2
-65,5,3
-65,5,3
-64,5,3
-65,6,2
-64,6,2
-64,5,4
-66,5,2
-65,5,2
-64,5,3
-65,5,3
-65,6,4
-65,5,4
-64,5,3
-65,6,3
-65,6,2
-65,6,1
-64,7,1
-64,5,2
-66,6,3
-66,9,1
-63,9,0
-63,8,1
-63,4,5
-65,6,3
-66,6,1
-65,7,2
-63,7,3
-64,7,4
-64,6,3
-65,7,3
-66,7,3
-64,7,3
-64,7,2
-65,6,2
-66,6,3
-65,7,2
-64,6,5
-66,5,4
-65,7,2
-65,7,2
-65,6,3
-64,5,3
-66,6,4
-65,6,3
-65,6,2
-64,6,3
-65,5,3
-65,5,3
-65,6,3
-66,6,2
-66,6,3
-63,3,6
-62,3,7
-66,4,3
-66,6,2
-65,6,5
-64,5,6
-63,4,8
-62,4,8
-65,5,4
-65,5,5
-65,5,4
-64,5,6
-65,6,6
-64,5,6
-64,5,7
-64,6,5
-63,5,7
-65,4,7
-63,3,8
-61,1,15
-67,2,15
-64,0,13
-61,2,11
-64,4,8
-67,4,7
-64,5,7
-64,5,7
-64,5,7
-64,4,9
-62,3,10
-66,4,7
-68,4,7
-63,3,10
-64,4,7
-64,5,6
-64,5,5
-62,4,9
-65,4,10
-66,3,9
-64,4,9
-64,4,10
-65,4,9
-65,5,7
-65,5,5
-63,6,4
-65,6,4
-65,5,3
-65,6,2
-65,6,2
-64,6,3
-64,5,3
-63,5,3
-65,6,3
-66,6,3
-62,3,6
-66,5,3
-65,5,4
-65,4,4
-65,5,4
-65,5,4
-64,5,4
-64,3,5
-64,3,5
-65,4,4
-66,4,4
-64,5,3
-65,6,2
-62,5,3
-63,5,3
-66,5,3
-66,5,3
-64,4,6
-65,3,7
-63,2,10
-65,3,9
-65,2,8
-65,3,6
-64,3,7
-63,3,9
-64,2,10
-64,2,9
-65,2,8
-64,2,8
-64,2,8
-66,2,6
-66,2,6
-66,1,8
-68,1,9
-65,1,5
-61,3,5
-61,3,7
-62,3,10
-63,3,10
-63,2,9
-64,2,8
-65,1,7
-66,1,6
-68,2,3
-68,3,2
-66,3,3
-65,3,5
-68,3,4
-65,3,6
-66,4,4
-67,6,2
-69,6,0
-63,7,2
-60,8,3
-66,8,-3
-67,9,-2
-61,9,6
-60,10,8
-63,8,7
-59,8,7
-60,10,6
-64,11,-1
-63,11,-2
-68,10,2
-67,12,2
-71,9,1
-65,9,2
-61,5,0
-66,5,-1
-70,8,-1
-66,9,4
-63,9,8
-63,10,10
-63,11,9
-64,10,7
-63,11,7
-59,9,8
-59,9,9
-62,11,10
-62,12,11
-60,10,11
-61,10,11
-66,12,11
-66,7,9
-69,7,10
-67,5,9
-66,6,9
-63,8,11
-62,8,11
-62,8,7
-63,7,8
-64,7,6
-65,6,7
-65,6,8
-65,5,9
-63,5,11
-62,5,11
-63,5,10
-63,5,9
-64,4,8
-67,3,7
-67,3,6
-66,2,5
-65,2,5
-64,4,5
-65,4,5
-65,3,5
-66,2,6
-64,3,6
-62,5,6
-62,6,4
-63,5,0
-64,4,-2
-67,3,-3
-68,2,-4
-69,3,-4
-68,4,-3
-63,4,-1
-63,5,0
-64,5,-1
-65,4,0
-65,4,0
-66,4,0
-65,4,1
-64,5,2
-64,5,2
-64,4,1
-65,4,2
-66,4,1
-66,4,2
-66,4,2
-66,4,2
-63,4,3
-64,5,4
-62,6,5
-64,6,6
-65,5,5
-65,4,5
-65,4,5
-65,4,5
-65,4,5
-63,4,7
-62,4,7
-65,3,6
-65,2,5
-71,2,4
-66,3,5
-62,4,8
-63,4,8
-63,4,9
-62,4,9
-62,4,9
-63,4,9
-63,4,9
-66,2,8
-66,1,8
-66,3,9
-66,3,8
-70,1,13
-72,-1,17
-71,-1,19
-68,0,24
-66,1,23
-63,4,24
-56,6,24
-50,12,24
-50,14,23
-48,20,25
-48,24,25
-45,25,23
-46,26,25
-49,27,28
-50,24,30
-51,21,29
-52,20,38
-53,18,40
-55,15,42
-56,12,43
-53,13,46
-50,14,45
-50,16,45
-50,16,44
-48,19,45
-44,21,45
-37,22,45
-35,22,45
-35,22,47
-35,23,54
-33,24,57
-26,24,61
-20,23,61
2,21,55
10,22,50
11,26,51
3,17,50
-7,17,32
-10,27,34
-38,40,26
-43,27,13
-42,25,1
-55,33,-10
-59,41,-11
-61,48,2
-86,71,10
-66,38,-2
-63,26,2
-58,22,2
-54,21,5
-60,20,3
-60,15,2
-67,9,-1
-70,11,-6
-70,11,-8
-74,7,-7
-70,5,0
-65,3,1
-67,3,-5
-65,5,3
-63,4,-1
-66,5,-1
-64,4,-2
-70,0,-13
-62,4,0
-61,4,2
-68,4,-2
-68,4,-4
-62,5,-3
-63,6,-4
-72,6,-6
-72,6,-5
-65,6,-6
-67,7,-6
-67,9,-6
-66,11,-6
-63,12,-4
-63,15,-1
-64,15,-1
-63,18,-2
-63,18,0
-60,21,2
-57,21,3
-58,23,0
-60,24,3
-56,24,2
-53,23,1
-55,23,1
-58,23,1
-57,21,2
-61,20,4
-62,19,4
-61,15,8
-61,14,10
-65,12,11
-64,11,10
-63,11,11
-64,8,10
-68,5,6
-63,3,10
-64,1,8
-65,0,7
-69,1,9
-66,3,8
-64,2,8
-64,0,7
-66,-1,4
-61,0,7
-59,2,7
-68,1,7
-73,2,7
-57,3,7
-58,5,8
-64,4,11
-65,4,9
-65,3,4
-63,4,9
-67,6,11
-64,3,10
-64,3,10
-65,4,13
-67,4,15
-70,-1,19
-71,-3,21
-76,-9,22
-79,-10,22
-78,-15,22
-67,-12,21
-69,-11,16
-56,-5,27
-45,0,30
-33,2,23
-28,5,21
-14,14,35
1,13,44
-34,7,42
-39,11,41
-52,5,39
-57,3,44
-51,8,53
-51,14,64
-59,11,65
-60,0,56
-45,0,52
-22,3,52
-24,5,53
-36,-2,61
-35,-6,61
-24,-9,61
-19,-8,60
-37,-6,57
-38,-3,55
-31,-1,53
-39,-2,50
-37,-3,52
-33,-6,55
-33,-6,52
-38,-8,53
-38,-7,52
-34,-7,54
-33,-7,54
-33,-6,55
-33,-5,57
-27,-6,57
-30,-7,57
-31,-9,57
-29,-8,57
-29,-6,57
-31,-5,57
-29,-6,57
-26,-6,59
-28,-7,57
-31,-7,56
-29,-6,57
-31,-7,56
-31,-7,56
-28,-6,57
-27,-6,58
-30,-7,56
-28,-6,56
-27,-6,57
-29,-6,57
-28,-7,57
-28,-7,57
-28,-7,58
-28,-7,57
-30,-6,57
-29,-6,56
-29,-7,57
-30,-7,56
-29,-7,57
-28,-7,57
-30,-6,56
-30,-7,56
-29,-6,57
-28,-6,57
-30,-7,57
-30,-6,56
-29,-7,56
-29,-6,58
-28,-7,57
-29,-6,55
-31,-6,56
-31,-6,56
-30,-7,56
-31,-7,56
-31,-7,55
-31,-6,56
-30,-7,56
-30,-6,56
-30,-6,56
-31,-6,55
-32,-6,56
-30,-6,56
-30,-6,56
-31,-6,56
-31,-7,55
-31,-6,56
-32,-6,55
-32,-6,55
-32,-6,55
-32,-7,55
-33,-7,54
-36,-8,52
-33,-5,56
-26,-5,59
-25,-4,57
-33,-4,54
-35,-5,53
-37,-5,53
-36,-5,53
-33,-4,55
-33,-3,54
-35,-4,54
-35,-4,54
-33,-3,55
-32,-3,55
-35,-4,54
-37,-4,53
-38,-4,52
-40,-6,49
-43,-6,48
-40,-5,51
-40,-6,49
-40,-4,51
-39,-5,51
-38,-5,51
-40,-5,51
-38,-5,51
-37,-5,52
-37,-4,53
-36,-4,52
-34,-4,54
-34,-5,54
-37,-4,52
-35,-4,54
-35,-4,53
-35,-5,54
-34,-4,54
-35,-4,54
-35,-5,54
-33,-4,54
-32,-3,55
-35,-5,54
-33,-3,54
-32,-2,55
-32,-4,56
-33,-4,55
-31,-3,56
-30,-3,56
-34,-4,55
-35,-4,55
-32,-4,54
-31,-4,55
-32,-4,56
-33,-4,56
-34,-4,55
-33,-4,54
-34,-4,54
-33,-4,54
-34,-4,54
-35,-4,54
-34,-4,54
-34,-4,54
-34,-4,54
-35,-4,54
-33,-4,54
-34,-4,55
-34,-4,54
-35,-4,54
-34,-4,54
-33,-4,54
-36,-4,53
-35,-4,54
-34,-4,54
-35,-4,54
-35,-4,53
-35,-4,53
-34,-4,54
-35,-4,54
-34,-4,54
-37,-5,52
-35,-4,53
-35,-4,54
-35,-4,53
-35,-4,53
-35,-4,54
-36,-4,53
-36,-4,53
-35,-4,54
-35,-4,53
-35,-4,54
-35,-4,53
-36,-4,54
-36,-4,54
-38,-4,53
-39,-3,52
-44,-7,52
-39,-12,52
-39,-15,56
-61,-1,60
-56,3,57
-73,3,39
-72,10,37
-63,20,24
-52,22,10
-33,24,-12
-25,26,-14
-28,24,-13
-46,13,-13
-51,9,-15
-76,0,-4
-74,1,-6
-71,-3,-14
-73,-7,-13
-75,-12,-13
-77,-15,-14
-69,-17,-14
-67,-21,-13
-73,-17,-20
-61,-13,-18
-62,-11,-25
-63,-11,-27
-67,-10,-26
-61,-7,-24
-59,-6,-28
-59,-3,-24
-58,-2,-27
-55,-4,-34
-59,-5,-32
-62,-5,-24
-57,-7,-18
-65,-12,-15
-67,-13,-13
-48,-19,11
-66,-20,1
-69,-23,-4
-68,-20,-3
-65,-18,-4
-62,-17,-14
-66,-14,-10
-61,-18,-6
-61,-19,-6
-63,-20,-10
-61,-22,-10
-64,-26,-7
-61,-26,-2
-65,-23,-3
-70,-23,-9
-69,-20,-3
-66,-13,3
-67,-10,0
-72,-9,-5
-65,-4,-3
-58,-2,-3
-52,-1,0
-60,6,-1
-61,9,-4
-44,13,-1
-44,20,1
-58,25,-10
-68,26,-15
-62,27,-9
-63,26,-10
-68,25,-13
-71,23,-12
-67,23,-9
-64,21,-5
-69,19,-5
-77,16,-5
-81,16,-3
-89,14,-3
-91,13,-3
-78,20,3
-69,30,-3
-66,34,-8
-53,40,-7
-33,45,-2
-15,51,-1
-18,53,0
-24,53,-1
-17,52,5
9,48,17
14,47,24
3,44,24
6,43,29
14,42,36
4,38,41
3,37,44
9,30,49
11,29,50
1,26,52
-2,24,56
-1,23,60
3,28,58
3,26,59
5,24,62
10,16,74
16,13,84
26,7,82
42,-4,83
23,-3,77
-30,4,67
-42,5,62
-80,10,31
-58,16,33
-13,13,31
-14,6,42
-52,-12,44
-36,-12,48
-16,-11,59
-48,-29,52
-94,-39,46
-46,-21,55
-44,-21,54
-22,-26,56
-38,-24,62
-41,-17,57
-27,-4,53
-13,12,36
-17,23,30
-15,38,14
-25,46,-3
-50,48,-20
-77,42,-25
-64,40,-28
-47,36,-23
-68,29,-17
-68,17,-36
-74,14,-40
-55,11,-26
-58,8,-23
-69,2,-26
-66,1,-24
-52,-8,-23
-55,4,-36
-54,2,-41
-56,5,-37
-53,-4,-41
-57,7,-31
-56,-1,-29
-55,4,-29
-59,3,-31
-57,3,-30
-57,4,-29
-58,-1,-29
-56,-2,-30
-58,-9,-30
-57,-9,-30
-55,-9,-30
-59,-3,-31
-56,-3,-33
-61,-7,-43
-89,2,-55
-74,-7,-49
-48,1,-39
-27,13,2
-33,10,6
-48,11,13
-64,9,14
-84,-4,13
-74,-1,20
-74,1,28
-59,0,11
-68,1,5
-34,-5,26
-61,-10,25
-53,-5,29
-56,-9,28
-60,-6,27
-57,-4,31
-59,-5,28
-59,-5,28
-56,-3,32
-54,-6,34
-55,-6,33
-56,-5,32
-57,-5,31
-56,-5,33
-56,-6,32
-56,-6,31
-56,-6,32
-56,-6,32
-58,-6,30
-56,-5,33
-56,-6,32
-56,-6,32
-55,-6,33
-55,-6,33
-56,-6,32
-56,-6,32
-55,-6,33
-54,-6,34
-56,-5,32
-57,-6,33
-57,-7,33
-57,-8,32
-54,-7,32
-57,-6,31
-56,-7,32
-55,-7,31
-57,-7,31
-56,-7,30
-55,-6,30
-54,-7,31
-60,-8,30
-56,-8,32
-54,-8,30
-58,-7,29
-59,-7,30
-53,-7,33
-56,-7,31
-61,-7,29
-54,-7,32
-53,-6,32
-60,-9,27
-54,-8,31
-57,-6,27
-60,-8,29
-55,-8,30
-55,-8,29
-60,-7,28
-58,-8,29
-57,-8,29
-58,-9,28
-58,-8,27
-57,-9,28
-57,-10,24
-60,-10,22
-59,-9,20
-50,-12,27
-44,-13,35
-59,-7,31
-62,-8,15
-74,-5,4
-68,-6,4
-66,-8,4
-65,-5,2
-67,-7,-5
-66,-9,-8
-65,-8,-9
-60,-8,6
-62,-8,-1
-66,-3,8
-70,0,15
-63,2,22
-60,3,26
-58,5,23
-63,1,16
-70,2,15
-63,-6,15
-59,-6,19
-56,-10,22
-58,-10,22
-63,-8,20
-62,-7,20
-62,-6,21
-62,-6,20
-63,-5,21
-60,-5,24
-59,-7,23
-59,-7,25
-63,-8,22
-57,-7,25
-60,-7,26
-60,-6,27
-57,-7,27
-64,-7,22
-61,-5,22
-61,-8,21
-59,-9,20
-61,-8,20
-64,-6,19
-59,-8,20
-60,-7,21
-63,-8,17
-63,-7,18
-61,-8,18
-61,-8,20
-61,-10,18
-61,-10,18
-61,-8,18
-64,-10,16
-60,-11,17
-61,-12,15
-63,-10,17
-61,-11,18
-60,-9,20
-59,-12,19
-64,-10,14
-63,-10,16
-60,-10,20
-61,-12,16
-63,-12,15
-63,-12,14
-58,-10,20
-60,-12,20
-59,-9,21
-62,-9,20
-59,-10,21
-56,-11,24
-58,-12,20
-63,-9,15
-63,-5,14
-66,-4,9
-71,-4,6
-73,3,10
-68,3,9
-63,7,3
-63,11,4
-60,14,-5
-62,15,-7
-59,17,-7
-60,19,-10
-63,17,-14
-56,17,-12
-58,18,-14
-61,19,-17
-60,18,-17
-61,18,-19
-59,16,-21
-59,17,-21
-58,17,-20
-61,17,-23
-60,17,-25
-56,20,-23
-60,20,-23
-60,22,-22
-57,23,-21
-55,22,-24
-57,20,-17
-59,20,-16
-63,19,-16
-67,18,-14
-72,17,-15
-73,18,-16
-67,17,-16
-63,17,-14
-57,17,-14
-54,17,-15
-48,15,-14
-45,15,-14
-45,13,-14
-48,12,-14
-50,11,-14
-54,11,-15
-56,11,-16
-62,11,-18
-64,12,-20
-73,16,-26
-75,16,-30
-66,17,-27
-57,15,-22
-55,14,-22
-52,14,-26
-56,14,-28
-62,15,-29
-63,14,-29
-66,12,-29
-65,12,-28
-60,10,-27
-60,10,-26
-62,11,-28
-62,15,-27
-62,16,-27
-58,18,-28
-54,19,-27
-50,20,-27
-47,20,-25
-43,21,-23
-46,20,-22
-54,17,-20
-51,14,-17
-59,9,-14
-59,7,-11
-67,4,-10
-71,3,-8
-70,1,-8
-70,1,-9
-57,1,11
-78,6,-15
-73,2,-13
-64,4,-13
-62,5,-12
-63,4,-9
-65,5,-8
-83,4,-15
-80,1,-4
-65,2,8
-83,-1,14
-74,-1,17
-51,3,22
-31,6,24
2,13,36
13,16,48
14,13,60
3,14,57
-38,14,45
-61,14,32
-74,12,20
-65,12,17
-72,8,19
-65,2,20
-55,-2,22
-65,-7,24
-68,-8,25
-66,-11,30
-62,-8,31
-61,-13,26
-68,-11,26
-53,-8,35
-51,-11,37
-57,-7,33
-58,-5,31
-54,-9,34
-46,-10,40
-49,-8,38
-57,-8,32
-54,-8,34
-55,-8,34
-54,-9,34
-56,-9,33
-56,-8,33
-55,-8,33
-55,-8,34
-55,-9,33
-54,-8,34
-52,-9,37
-55,-8,35
-53,-9,37
-51,-10,38
-52,-9,36
-54,-9,34
-54,-10,34
-52,-10,36
-47,-9,41
-65,-5,26
-67,-7,23
-51,-10,36
-53,-10,35
-55,-9,35
-50,-9,37
-55,-9,34
-56,-8,33
-55,-8,34
-51,-8,35
-57,-9,32
-54,-8,35
-52,-9,36
-56,-8,33
-55,-8,34
-56,-8,31
-55,-8,31
-55,-8,34
-48,-10,39
-49,-9,38
-60,-9,29
-64,-8,20
-66,-5,17
-62,-8,23
-54,-8,32
-56,-7,30
-59,-8,26
-58,-8,28
-57,-9,30
-58,-8,29
-52,-9,33
-57,-8,30
-56,-8,31
-55,-8,33
-56,-8,32
-55,-9,33
-53,-8,33
-59,-9,26
-56,-9,29
-54,-11,32
-52,-6,36
-73,-3,14
-36,-13,45
-57,-13,31
-49,-11,37
-47,-11,35
-57,-9,23
-59,-6,19
-68,-1,10
-74,-2,3
-70,3,3
-68,1,6
-66,1,9
-65,1,12
-65,1,13
-63,1,17
-63,2,19
-63,1,15
-62,2,15
-60,6,19
-60,6,16
-60,8,14
-62,9,13
-62,8,8
-63,8,7
-62,6,7
-63,6,6
-65,6,2
-63,6,2
-63,6,2
-65,6,0
-65,6,0
-65,7,-2
-65,7,-3
-66,7,-6
-66,6,-8
-65,6,-8
-65,7,-9
-64,6,-9
-64,7,-10
-64,7,-10
-64,7,-12
-64,6,-11
-64,7,-12
-64,7,-13
-65,6,-14
-64,7,-12
-62,7,-13
-63,7,-13
-63,8,-13
-63,8,-12
-62,7,-11
-62,6,-12
-63,6,-13
-64,7,-13
-64,7,-14
-63,6,-15
-63,6,-16
-63,6,-15
-63,5,-15
-63,5,-13
-63,4,-13
-63,5,-13
-63,5,-14
-63,6,-14
-63,6,-14
-63,6,-14
-63,6,-14
-63,6,-14
-63,6,-14
-63,6,-14
-63,6,-14
-64,7,-14
-62,7,-14
-63,7,-15
-63,7,-15
-63,6,-14
-63,6,-14
-63,6,-14
-63,6,-14
-63,6,-14
-63,6,-15
-63,6,-14
-63,6,-14
-63,5,-15
-63,6,-14
-63,6,-14
-63,6,-13
-62,6,-13
-63,6,-14
-62,7,-14
-63,7,-15
-63,7,-14
-63,7,-15
-63,7,-14
-63,7,-14
-63,7,-14
-63,7,-14
-63,7,-14
-63,7,-14
-63,7,-15
-63,7,-14
-63,7,-15
-63,7,-14
-63,7,-14
-63,7,-14
-63,7,-14
-63,7,-14
-64,7,-13
-63,7,-14
-62,6,-13
-63,7,-15
-64,5,-16
-64,5,-16
-63,6,-14
-62,7,-13
-61,7,-13
-62,8,-13
-60,6,-15
-62,8,-17
-62,8,-18
-66,6,-21
-69,6,-21
-69,6,-18
-67,5,-17
-67,6,-14
-64,7,-10
-60,13,-18
-59,14,-13
-65,16,-10
-120,2,-68
-33,28,15
-29,1,29
-28,-1,43
-55,-10,50
-58,-10,43
-46,-2,32
-52,-2,25
-71,-19,40
-51,-13,39
-69,1,38
-54,-3,35
-51,-7,39
-43,-9,45
-44,-7,45
-53,-7,38
-55,-7,35
-53,-7,38
-49,-8,41
-48,-7,42
-47,-8,42
-49,-9,41
-50,-8,40
-50,-7,40
-48,-8,42
-48,-8,43
-53,-7,38
-52,-8,38
-49,-8,41
-50,-8,41
-47,-9,42
-48,-10,42
-50,-9,41
-47,-9,42
-48,-8,39
-52,-8,38
-47,-10,41
-55,-4,35
-61,-7,30
-51,-10,38
-46,-10,42
-50,-8,40
-51,-8,40
-47,-8,41
-49,-8,40
-55,-7,35
-53,-8,35
-53,-9,37
-52,-9,38
-51,-8,39
-52,-8,38
-49,-9,38
-53,-8,36
-55,-7,36
-57,-6,33
-54,-10,37
-54,-9,37
-50,-9,38
-51,-9,37
-52,-8,36
-53,-8,35
-56,-7,35
-50,-10,38
-51,-10,38
-46,-8,41
-61,-5,29
-61,-6,29
-47,-10,40
-50,-9,38
-54,-7,35
-57,-8,33
-50,-9,39
-52,-8,38
-54,-8,35
-55,-8,34
-53,-8,35
-58,-7,33
-58,-7,31
-51,-9,38
-52,-8,37
-52,-8,36
-52,-8,36
-54,-8,32
-57,-9,32
-54,-7,35
-51,-8,38
-52,-8,35
-55,-5,34
-61,-5,30
-56,-7,32
-48,-9,40
-53,-8,36
-54,-9,35
-54,-7,34
-57,-6,32
-57,-7,32
-54,-8,35
-53,-8,36
-55,-8,35
-53,-8,36
-56,-6,33
-54,-8,32
-56,-6,33
-52,-6,37
-59,-5,31
-59,-6,30
-46,-9,39
-53,-7,36
-55,-7,33
-55,-8,31
-55,-7,34
-53,-6,35
-56,-7,33
-52,-7,36
-54,-8,33
-58,-7,30
-58,-5,32
-59,-6,29
-58,-7,31
-55,-7,34
-56,-6,32
-54,-8,35
-53,-8,36
-53,-8,35
-54,-7,34
-57,-6,32
-57,-6,33
-59,-6,30
-54,-8,33
-53,-8,34
-40,-12,46
-39,-11,41
-68,-11,24
-74,-3,19
-72,-4,3
-68,-2,-7
-66,3,-15
-65,4,-25
-58,13,-27
-53,14,-26
-47,13,-29
-42,14,-27
-40,20,-26
-47,29,-37
-56,32,-38
-52,29,-37
-51,28,-32
-58,22,-29
-63,21,-33
-58,17,-16
-63,14,-13
-66,9,-2
-62,4,11
-63,1,16
-49,-3,29
-53,-8,37
-58,-17,47
-41,-25,47
-37,-14,38
-56,-25,33
-61,-11,26
-49,-8,37
-48,-9,43
-45,-6,45
-47,-7,41
-55,-9,35
-52,-9,38
-48,-10,41
-50,-9,40
-50,-8,40
-48,-9,41
-50,-9,40
-52,-8,38
-48,-9,41
-48,-9,41
-49,-10,41
-48,-9,41
-50,-10,41
-45,-11,44
-46,-8,42
-50,-9,38
-50,-10,40
-46,-7,43
-58,-5,34
-52,-10,37
-40,-12,47
-49,-9,40
-51,-8,38
-50,-9,40
-49,-9,41
-49,-8,41
-50,-8,40
-51,-9,39
-55,-7,36
-56,-7,36
-51,-11,40
-43,-9,44
-51,-9,40
-48,-9,42
-49,-8,40
-54,-10,36
-47,-10,41
-51,-4,40
-64,-4,30
-37,-11,47
-50,-10,40
-47,-10,43
-45,-8,46
-64,-17,34
-51,-7,33
-58,-2,31
-54,-5,31
-47,-10,41
-51,-7,41
-54,-7,37
-54,-7,38
-50,-13,43
-51,-9,41
-49,-9,41
-45,-9,42
-47,-8,41
-51,-10,41
-49,-7,43
-60,-5,33
-55,-7,36
-43,-11,44
-52,-8,38
-53,-8,37
-50,-7,39
-51,-8,39
-50,-7,40
-52,-8,38
-53,-9,36
-54,-8,37
-49,-8,39
-52,-8,37
-50,-8,39
-50,-8,39
-45,-9,43
-62,-5,31
-62,-4,29
-37,-8,45
-52,-9,38
-49,-8,42
-44,-6,46
-58,-8,33
-59,-11,32
-59,-5,33
-52,-7,35
-49,-8,36
-55,-7,35
-49,-10,41
-52,-9,40
-51,-8,39
-46,-8,43
-48,-8,42
-54,-7,33
-55,-9,33
-50,-9,40
-58,-8,35
-59,-4,33
-49,-11,38
-46,-9,40
-53,-9,37
-51,-10,39
-59,-3,34
-66,-5,27
-39,-9,45
-51,-10,40
-48,-8,41
-52,-8,37
-54,-8,36
-54,-7,36
-51,-8,38
-51,-8,37
-50,-8,38
-49,-9,40
-55,-5,35
-61,-6,29
-48,-11,42
-51,-9,39
-49,-8,38
-50,-8,37
-53,-8,36
-50,-6,39
-58,-4,34
-55,-9,33
-50,-11,39
-55,-7,35
-55,-7,35
-51,-8,37
-53,-7,36
-48,-8,40
-59,-5,32
-59,-6,31
-46,-8,41
-52,-9,36
-55,-7,33
-55,-8,34
-55,-7,34
-52,-8,37
-51,-9,37
-53,-7,38
-64,-3,27
-54,-10,37
-44,-10,39
-56,-6,34
-56,-6,34
-51,-8,37
-54,-8,34
-56,-7,33
-52,-7,35
-55,-7,34
-57,-4,34
-65,-3,25
-47,-10,39
-52,-8,36
-57,-6,33
-54,-7,36
-53,-7,37
-52,-8,35
-57,-5,31
-55,-5,34
-51,-6,37
-55,-8,33
-43,-12,41
-45,-11,38
-58,-7,20
-65,-4,11
-75,-1,4
-79,1,-7
-75,2,-7
-64,5,-6
-65,5,-11
-64,9,-4
-64,10,-4
-60,10,-3
-61,11,-3
-63,11,-4
-62,12,-3
-62,12,-4
-63,12,-3
-64,12,-3
-67,12,-8
-65,13,-6
-70,16,2
-75,16,3
-67,17,0
-71,20,7
-73,16,10
-59,18,18
-56,20,22
-67,20,26
-66,20,34
-59,18,39
-54,17,45
-58,20,45
-58,18,50
-54,6,57
-40,3,52
-12,0,49
3,2,49
9,4,36
1,9,26
2,21,30
-3,33,22
-20,101,32
-38,47,20
-22,49,28
-11,61,50
-10,54,38
-15,55,35
-19,55,35
-11,54,29
-8,52,27
-8,53,29
-4,54,31
-3,54,35
-4,54,33
-8,54,31
-7,53,35
-8,52,35
-11,50,36
-9,50,39
-9,50,39
-6,50,39
-5,51,41
-6,50,40
-7,50,39
-5,50,41
-5,50,41
-4,50,39
-5,50,39
-6,50,38
-6,51,38
-4,51,39
-5,51,38
-4,52,38
-3,51,38
-2,50,38
-2,50,39
-2,50,39
-2,50,38
1,51,39
1,50,39
2,51,38
3,49,41
-1,50,42
-8,52,46
-2,51,42
15,44,41
6,43,40
-2,45,43
-1,45,46
-1,43,49
-2,43,47
-3,44,46
-1,46,47
2,47,46
1,48,44
2,52,43
2,49,42
0,48,40
2,47,36
4,46,39
2,45,43
6,47,43
6,46,43
5,47,43
6,48,44
3,48,41
3,48,38
1,48,41
2,49,41
1,46,43
0,45,44
4,46,43
3,44,45
0,45,46
1,46,44
2,45,44
-1,47,42
-1,47,41
0,48,42
0,48,42
2,48,42
4,47,43
2,47,44
3,46,46
5,46,44
6,46,42
4,45,45
6,45,44
8,46,43
6,46,44
5,46,45
6,46,42
8,46,43
5,45,45
6,46,46
10,44,43
9,44,44
7,45,44
7,45,44
9,45,46
12,44,48
6,44,45
8,45,46
11,46,45
11,46,43
11,46,42
8,47,41
10,47,41
10,47,41
10,47,42
12,46,42
12,46,42
11,47,42
10,48,41
10,48,40
10,47,39
11,48,40
11,47,40
11,47,40
11,47,40
12,47,41
13,47,41
12,47,41
12,46,42
11,46,42
12,46,43
12,46,42
11,47,42
12,47,42
12,47,41
13,47,41
13,46,41
13,47,41
12,47,42
12,47,41
13,47,41
12,47,41
12,47,41
12,47,41
12,47,41
12,47,41
12,47,41
12,47,41
12,47,40
13,47,40
13,48,39
12,48,39
12,47,39
12,47,40
13,46,42
13,46,43
12,45,44
13,45,45
14,45,45
14,46,43
13,46,42
13,47,40
13,47,39
13,47,38
14,48,38
13,48,38
13,47,38
14,47,40
14,47,41
14,46,41
14,46,42
13,47,42
12,46,42
13,46,42
14,46,41
14,47,40
15,47,40
15,48,40
14,46,41
13,45,42
14,46,41
14,46,42
15,47,41
15,47,41
14,47,40
15,47,40
14,47,40
14,47,41
14,47,41
14,47,40
14,47,40
14,47,41
15,46,41
15,47,41
14,46,41
15,46,41
14,46,41
15,47,40
15,47,40
14,47,40
15,47,40
15,47,40
15,47,41
14,46,41
14,45,42
14,46,42
15,46,41
15,47,41
16,47,39
15,47,38
14,47,38
13,47,39
14,47,40
14,47,42
14,46,42
14,46,42
15,46,42
16,46,42
17,46,42
16,47,40
14,47,40
13,48,38
13,49,38
13,50,39
11,54,46
12,53,47
19,52,47
23,49,41
17,46,29
14,49,26
9,50,22
10,50,21
13,51,21
15,52,23
18,55,26
22,58,27
22,58,27
17,57,27
14,57,27
11,56,26
11,56,26
13,55,27
15,55,28
17,54,30
18,54,30
17,54,31
16,54,30
15,54,30
15,54,30
15,54,30
15,54,30
15,54,31
16,54,30
16,54,31
16,55,30
16,55,30
15,52,29
13,52,29
14,53,31
15,52,34
15,52,35
15,53,34
14,54,33
14,55,30
16,56,30
15,58,30
15,59,30
12,57,28
13,55,29
11,52,31
8,50,30
3,55,28
-4,56,27
-3,58,28
-2,58,28
-2,58,27
-2,58,27
-8,58,26
-10,57,27
-9,56,27
-11,58,30
-10,57,29
-12,56,25
-9,57,27
-5,56,29
-6,57,25
-3,58,26
-8,57,27
-11,56,30
-10,56,32
-10,56,31
-10,57,27
-7,58,28
-8,57,28
-9,57,27
-12,57,30
-13,56,30
-15,56,28
-13,57,27
-9,58,28
-10,57,27
-11,57,27
-9,58,28
-10,58,28
-12,58,25
-11,58,24
-11,58,27
-10,57,29
-14,56,26
-17,56,26
-15,55,27
-15,56,30
-14,56,27
-14,56,23
-10,56,27
-16,56,31
-23,54,29
-23,54,30
-20,55,32
-17,53,32
-21,52,28
-19,55,32
-13,54,35
-15,54,32
-11,54,30
-10,53,28
-22,55,28
-28,54,27
-34,50,24
-37,50,24
-37,49,26
-36,49,32
-32,38,30
-30,33,34
-29,14,39
-52,23,48
-55,28,48
-43,35,42
-19,34,54
-19,37,51
-32,43,40
-39,46,29
-28,47,34
-13,53,40
-26,56,34
-22,49,25
-20,51,24
-18,57,27
-12,57,22
-11,57,20
-8,58,22
-11,58,20
-15,58,25
-15,58,27
-13,56,33
-13,56,32
-17,55,21
-12,56,22
-12,56,28
-11,55,31
-4,55,34
-9,53,34
-9,52,35
-6,54,33
-5,54,32
-2,55,35
-2,53,35
-4,53,36
-5,52,35
-5,53,34
-2,53,34
0,54,33
2,54,33
4,54,33
4,53,34
3,53,35
1,52,35
3,52,37
6,51,38
8,50,38
8,50,41
7,49,40
5,50,40
4,50,41
5,49,40
6,49,40
7,49,41
7,49,41
8,49,41
10,48,41
11,48,41
12,48,41
13,49,40
11,49,39
11,49,39
12,49,38
12,49,37
10,50,39
12,52,38
12,50,36
8,50,41
8,49,40
6,50,37
9,49,37
5,50,37
4,50,35
5,52,36
10,52,38
9,51,38
5,51,38
7,51,38
8,51,38
8,51,38
5,51,37
4,52,37
6,51,35
6,51,37
5,52,36
8,52,37
12,52,36
11,52,35
6,52,35
7,52,35
6,51,36
6,50,39
7,50,40
9,50,40
10,50,39
11,51,38
10,51,37
9,51,36
9,51,35
7,52,35
9,52,36
7,51,37
8,51,37
8,50,38
8,51,37
11,50,36
8,52,37
8,51,36
10,50,35
6,51,36
9,51,37
10,51,37
10,52,35
10,52,35
9,52,35
9,51,35
9,51,36
9,51,37
9,51,36
10,51,37
10,51,37
11,51,37
11,51,36
11,52,36
11,51,36
10,51,35
10,52,35
11,51,36
11,51,36
11,51,36
12,51,37
11,51,37
9,50,36
10,52,36
12,51,35
11,52,36
11,52,38
15,52,41
11,49,41
0,46,40
-10,45,46
-3,46,43
-6,46,37
-21,46,35
-13,49,41
-3,49,47
-6,49,41
-11,49,35
-12,49,38
-8,48,42
-4,48,41
6,50,40
6,51,39
2,50,40
0,49,41
0,50,40
0,49,42
1,49,44
4,51,42
5,50,40
1,48,39
1,48,40
2,49,36
4,49,37
2,50,37
3,52,37
6,51,39
8,51,39
7,50,38
7,50,38
6,50,38
8,51,39
8,50,39
7,50,39
7,50,39
7,50,38
6,50,39
7,50,39
8,50,39
8,50,39
7,50,39
7,50,39
8,50,39
8,50,38
7,50,39
7,50,39
8,50,39
8,50,39
7,49,39
7,49,39
7,49,40
7,49,40
7,49,40
7,49,39
7,50,39
7,50,39
7,49,40
8,49,39
8,50,40
7,50,39
7,50,39
7,50,39
8,49,40
7,49,40
7,50,39
7,49,39
7,50,39
7,50,39
8,50,39
7,50,39
8,50,40
7,49,40
7,50,39
7,50,39
7,50,39
7,49,39
8,49,39
8,49,38
8,50,39
7,50,39
7,50,38
6,50,38
6,50,39
6,49,35
6,51,41
9,52,39
9,52,36
7,52,38
8,52,37
8,52,36
6,52,32
5,53,33
10,55,34
9,55,34
5,53,28
4,54,28
5,54,28
8,55,28
12,55,26
15,55,26
19,53,26
22,52,26
25,52,27
28,52,27
29,52,26
27,50,29
26,50,30
26,49,31
25,49,32
25,49,32
25,49,34
26,48,34
25,48,33
23,48,33
22,49,32
25,48,34
25,48,34
25,48,33
23,48,32
24,47,31
23,48,30
20,50,31
28,48,32
32,48,33
33,48,30
33,47,27
29,49,26
33,49,29
33,48,29
31,47,27
29,48,29
29,49,32
28,48,30
30,47,30
31,49,30
33,45,27
28,47,28
30,45,32
33,44,34
33,44,34
31,44,34
28,47,34
32,47,32
26,47,29
24,48,25
24,48,24
29,48,25
32,48,28
31,49,29
31,48,28
29,47,29
28,48,30
32,48,34
28,48,31
27,47,29
30,47,28
30,48,28
28,48,28
29,47,29
30,47,30
29,48,30
29,48,29
29,48,30
29,48,31
28,47,31
27,47,31
28,46,31
28,46,31
28,46,31
29,46,32
28,47,31
28,47,32
29,47,32
30,46,32
28,46,32
28,46,31
34,46,29
37,46,29
39,46,30
30,47,29
27,48,29
22,49,29
23,49,28
23,50,29
26,49,29
26,49,31
27,49,30
29,48,30
28,47,30
27,48,30
27,48,30
28,47,31
28,48,31
29,48,31
30,47,29
31,47,29
30,47,28
28,48,29
26,49,30
25,49,31
24,49,32
23,48,33
23,48,34
24,48,35
25,47,35
25,47,34
25,47,34
26,47,34
26,47,33
27,47,33
27,47,33
27,46,33
26,47,33
25,47,34
25,47,34
25,47,34
25,47,34
25,47,34
25,47,34
25,47,34
26,47,35
26,47,34
25,47,34
25,47,33
26,47,32
26,47,32
27,47,32
27,47,33
26,46,34
25,47,35
25,47,34
25,47,34
25,47,33
26,47,33
26,47,33
26,47,33
26,47,33
26,47,33
26,47,33
25,48,33
25,47,33
25,47,34
26,47,34
26,47,34
25,47,33
25,47,33
26,47,33
26,47,33
26,47,33
26,47,32
25,47,33
25,47,33
25,47,34
26,47,34
26,46,35
26,47,35
26,47,34
25,47,33
25,47,34
25,47,33
25,47,33
26,47,33
26,47,33
27,47,33
26,47,34
26,47,34
25,47,34
24,47,34
25,47,34
25,47,34
26,47,34
26,47,33
26,47,33
26,47,33
26,47,33
25,46,34
25,47,34
25,47,34
25,47,34
26,47,34
27,47,34
25,47,34
24,47,34
25,47,34
25,47,34
27,47,34
26,46,33
26,47,33
26,47,33
26,47,32
26,47,33
26,47,33
25,47,34
25,47,33
26,47,34
26,47,34
26,47,33
26,47,33
26,47,33
26,47,33
26,47,33
25,47,33
25,47,33
25,47,33
26,47,33
26,47,33
26,47,33
25,47,33
25,47,33
25,47,33
26,47,33
26,47,33
26,47,33
26,47,33
26,47,33
25,47,33
26,47,33
26,47,32
26,48,32
26,48,32
26,47,33
26,47,33
25,46,35
25,46,37
25,46,37
26,47,36
25,48,33
26,48,32
26,48,30
25,48,30
26,48,32
25,46,34
26,46,35
27,46,36
27,46,36
27,47,33
26,48,32
25,48,31
24,48,31
25,47,32
26,47,32
27,46,35
27,47,36
27,47,35
25,47,33
26,47,32
26,47,32
26,47,32
27,47,33
27,47,33
26,47,33
26,47,34
26,47,33
26,47,33
27,47,33
27,48,34
26,46,33
28,47,36
28,47,34
25,47,35
23,47,35
22,45,29
19,45,30
24,54,41
21,51,37
15,52,36
15,52,33
16,50,30
15,51,32
13,51,33
20,49,30
17,51,35
17,51,35
16,50,34
14,51,36
14,51,36
15,51,36
14,51,35
13,50,36
13,50,34
14,51,35
17,51,35
16,51,35
16,50,35
16,50,35
15,51,35
15,51,35
16,50,35
15,50,35
15,50,35
15,50,36
16,50,35
16,50,35
15,50,35
16,51,35
17,50,34
16,51,35
16,50,35
17,50,35
17,50,35
16,50,35
16,50,35
17,50,35
17,50,35
17,51,34
18,51,34
17,50,35
16,50,36
15,50,35
15,50,35
17,50,35
18,50,34
18,50,34
18,49,35
17,50,36
16,49,35
16,50,35
18,49,35
19,48,35
17,48,39
20,48,39
18,48,38
17,49,37
19,49,35
20,50,33
18,50,33
16,50,35
17,50,34
21,49,34
19,49,35
17,49,37
17,49,36
18,49,37
17,49,36
18,49,35
18,49,35
18,50,36
19,49,36
25,46,28
1,52,38
23,50,33
22,49,35
20,48,35
17,50,36
18,49,36
21,48,34
19,49,35
19,49,35
20,49,34
20,49,35
20,49,35
19,48,35
19,49,36
19,49,36
20,49,35
20,49,35
20,49,35
19,48,36
19,48,36
19,48,36
19,48,37
20,48,36
20,48,36
18,49,35
18,49,35
19,49,35
19,49,36
19,49,35
19,49,35
20,49,35
20,49,36
19,48,36
19,48,36
20,49,36
19,49,34
19,49,34
20,49,34
20,49,34
20,49,34
20,49,34
19,49,34
19,49,34
20,49,35
20,49,36
20,49,37
20,49,36
19,49,35
19,49,35
20,49,34
20,49,35
19,49,34
20,49,34
20,49,35
20,48,35
20,49,35
20,49,36
19,49,35
19,49,35
20,49,35
20,49,35
21,49,35
21,49,34
20,49,34
19,49,34
20,49,35
20,49,34
19,49,34
19,49,34
20,49,36
20,48,37
20,48,38
20,48,36
20,49,34
20,50,32
20,50,32
19,49,34
20,49,35
19,48,37
20,48,38
21,48,37
21,49,35
21,49,34
20,49,33
20,49,33
20,48,35
20,48,36
20,48,38
20,48,37
19,49,35
19,49,34
20,49,33
20,49,33
21,49,35
20,48,36
20,48,36
20,48,36
20,49,36
20,49,36
21,48,36
20,49,35
20,49,35
20,49,35
20,49,35
20,49,35
20,49,35
20,49,35
20,49,35
20,49,35
20,49,35
19,49,35
19,49,36
19,49,36
19,49,35
19,49,35
19,49,35
20,49,35
20,49,34
20,49,35
19,49,35
19,49,35
20,49,35
20,49,36
19,49,36
19,49,34
19,50,33
20,49,33
20,49,33
20,48,33
21,48,34
23,48,36
23,48,38
24,49,37
27,49,34
23,50,33
17,52,30
17,51,29
18,50,30
19,50,32
23,50,31
24,49,31
31,44,29
37,43,32
29,46,39
20,47,34
22,47,32
28,47,34
27,47,35
22,46,36
19,47,34
22,48,35
22,48,35
21,47,36
21,47,36
22,48,35
22,47,35
22,47,35
22,47,36
22,47,36
23,47,36
22,47,36
22,47,36
23,46,35
25,46,34
28,45,35
31,46,37
31,45,37
27,45,34
26,47,34
28,49,30
30,47,28
29,48,28
25,49,29
25,49,29
26,47,30
26,47,31
25,47,32
26,47,33
26,47,34
27,47,35
27,46,35
27,46,35
28,46,34
27,47,33
27,47,32
27,47,32
27,47,32
28,46,31
28,47,32
28,47,33
28,47,32
28,47,32
27,47,32
27,47,32
27,47,33
27,47,33
27,46,33
27,46,34
28,47,33
28,47,32
27,47,31
28,47,31
28,47,32
28,46,33
28,46,33
28,46,33
28,47,33
27,46,32
27,47,32
28,47,32
28,47,32
28,46,32
28,46,33
27,46,33
27,46,34
27,46,34
27,46,34
27,46,34
28,46,33
28,46,32
28,46,32
28,46,32
29,46,32
28,46,32
28,46,32
29,46,32
28,46,33
28,46,33
28,46,33
28,46,32
28,47,32
29,46,32
28,46,32
28,46,33
28,46,33
28,46,33
28,46,33
27,46,33
28,46,33
28,46,33
28,46,33
28,46,32
28,46,33
28,46,33
28,46,33
27,47,33
28,46,33
28,46,33
28,46,33
28,47,33
27,46,33
27,46,33
27,46,33
28,46,33
28,47,32
27,47,32
28,47,33
28,46,33
28,46,32
27,47,32
27,47,32
28,47,33
28,46,33
28,46,33
28,46,32
28,47,31
28,47,31
28,47,31
28,47,32
28,46,32
28,46,32
28,46,33
28,47,33
28,46,33
28,46,32
28,47,32
28,46,32
28,46,33
28,46,33
28,46,33
28,46,33
28,46,33
27,47,32
27,47,33
28,46,32
28,46,33
28,47,33
28,47,33
28,47,33
27,48,34
27,47,35
28,45,35
29,45,34
32,45,31
32,46,30
32,47,28
31,49,26
29,50,25
26,51,25
25,51,25
26,52,25
27,52,24
28,52,23
27,52,23
27,53,21
27,53,20
26,54,19
25,55,19
24,56,19
23,56,18
22,56,18
19,56,19
20,56,20
21,56,22
22,56,22
23,55,23
24,55,22
25,56,20
25,56,20
21,56,18
20,57,17
18,57,17
17,58,17
18,58,18
19,58,18
19,58,19
20,58,21
20,57,21
16,57,22
16,57,25
14,57,24
12,57,23
6,58,24
4,59,25
2,59,24
2,58,26
0,58,28
-9,56,28
-8,56,30
-12,54,32
-13,54,34
-19,52,34
-21,52,31
-20,53,34
-19,52,35
-19,53,33
-18,54,30
-18,54,30
-13,53,34
-8,52,37
-14,53,32
-18,55,29
-20,55,28
-18,55,30
-18,55,27
-18,56,27
-16,56,27
-17,56,28
-22,53,32
-21,53,30
-21,53,27
-21,58,19
-18,58,18
-18,58,19
-16,58,20
-10,57,24
-10,57,26
-13,56,29
-13,56,32
-23,53,30
-27,53,28
-29,52,27
-18,54,31
-19,53,30
-15,57,31
-12,56,28
-12,57,26
-12,55,31
-14,56,26
-14,56,24
-4,53,35
-5,52,33
-6,55,29
-3,55,29
13,54,36
6,55,31
7,55,33
10,55,30
18,56,34
20,56,34
15,55,31
7,56,27
7,56,27
11,55,29
12,56,31
11,55,31
11,55,30
12,56,30
12,54,30
11,55,30
10,55,32
12,54,33
11,53,32
11,54,33
10,55,33
10,54,33
10,54,32
10,54,32
13,54,30
17,53,29
17,52,30
16,53,33
15,52,31
13,54,35
7,55,32
1,57,31
-1,58,30
4,58,27
5,57,26
8,55,24
9,55,25
13,51,24
22,60,36
23,63,36
28,56,36
27,52,37
35,49,37
27,46,38
25,50,27
23,43,21
9,28,31
-1,31,43
4,26,49
7,23,50
-5,12,49
24,26,65
25,22,56
-16,6,70
-24,8,70
-19,19,78
-23,25,83
-21,29,68
-20,26,56
-25,16,52
-29,12,48
-47,3,38
-47,1,46
-42,4,59
-42,0,64
-45,-2,59
-34,-2,54
-27,-1,53
-26,-1,58
-33,-6,55
-37,-7,65
-29,-4,61
-30,-3,57
-32,-1,60
-32,-1,54
-34,-3,54
-40,-4,51
-34,-4,52
-29,-6,53
-37,-10,54
-33,-10,54
-27,-9,52
-28,-16,55
-31,-12,59
-33,-10,54
-36,-12,55
-34,-10,53
-38,-10,50
-40,-8,48
-45,-11,47
-41,-7,47
-43,-8,46
-43,-4,48
-45,-3,47
-43,-2,48
-43,-4,48
-41,-4,49
-40,-5,51
-41,-7,51
-40,-8,51
-37,-7,53
-35,-6,54
-34,-7,54
-29,-5,56
-29,-6,56
-31,-8,55
-31,-8,56
-32,-8,55
-30,-7,56
-29,-7,56
-28,-7,56
-30,-7,56
-31,-6,56
-30,-6,56
-28,-6,58
-29,-6,57
-30,-5,55
-32,-5,55
-33,-4,53
-37,-4,51
-45,-5,48
-43,-6,49
-48,-6,44
-52,-5,43
-43,-3,46
-43,-2,47
-44,-2,47
-46,-3,46
-48,-4,45
-46,-3,45
-46,-3,45
-43,-4,46
-43,-5,47
-47,-5,47
-45,-3,46
-41,-5,48
-42,-5,47
-40,-8,48
-38,-8,50
-42,-9,48
-40,-8,49
-40,-7,50
-38,-7,52
-36,-6,53
-32,-5,55
-31,-6,55
-30,-6,56
-30,-6,56
-34,-6,54
-34,-7,55
-31,-7,55
-35,-6,54
-31,-4,55
-30,-3,56
-30,-3,56
-32,-5,55
-31,-5,55
-29,-5,56
-29,-5,56
-34,-6,54
-35,-5,55
-33,-6,56
-28,-5,56
-34,-6,54
-32,-6,55
-30,-6,57
-33,-7,54
-34,-6,54
-33,-6,54
-34,-6,54
-35,-7,54
-34,-6,54
-32,-6,55
-32,-7,53
-36,-6,53
-37,-6,53
-35,-6,53
-32,-6,55
-32,-6,55
-35,-6,53
-35,-6,54
-33,-6,55
-34,-7,54
-35,-7,53
-35,-6,54
-32,-6,55
-33,-6,55
-35,-7,53
-34,-6,54
-33,-6,55
-34,-7,54
-34,-6,54
-34,-6,54
-33,-6,55
-33,-6,54
-34,-6,54
-34,-6,54
-34,-6,54
-34,-6,54
-33,-6,54
-34,-6,54
-34,-6,54
-34,-6,54
-34,-6,54
-34,-6,54
-34,-6,54
-34,-6,54
-34,-6,54
-34,-6,54
-34,-6,54
-34,-6,54
-34,-6,54
-34,-6,54
-34,-6,54
-34,-6,54
-34,-6,54
-34,-6,54
-34,-6,54
-34,-6,54
-35,-6,54
-34,-6,54
-34,-6,54
-34,-6,54
-34,-6,54
-34,-6,54
-34,-6,53
-34,-6,54
-35,-6,54
-34,-6,53
-34,-6,54
-34,-6,54
-34,-6,54
-34,-6,54
-35,-6,53
-35,-6,53
-35,-7,53
-35,-6,53
-35,-5,54
-35,-6,53
-34,-6,54
-35,-6,53
-35,-6,54
-35,-6,53
-34,-6,54
-34,-6,54
-34,-6,54
-35,-6,54
-34,-6,54
-34,-6,54
-34,-6,54
-35,-6,53
-35,-6,53
-34,-6,54
-35,-6,54
-34,-6,54
-34,-6,54
-34,-6,54
-34,-6,54
-34,-6,54
-34,-6,54
-35,-6,54
-35,-6,54
-35,-6,54
-35,-6,54
-34,-6,54
-34,-6,53
-35,-6,54
-35,-6,53
-35,-6,54
-35,-6,54
-35,-6,54
-35,-6,53
-35,-6,53
-35,-6,53
-35,-6,53
-35,-6,54
-35,-6,54
-35,-6,54
-35,-6,54
-35,-6,54
-35,-6,54
-34,-6,54
-35,-6,54
-35,-6,53
-35,-6,53
-35,-6,54
-35,-6,53
-35,-6,54
-34,-6,54
-35,-6,54
-35,-6,54
-35,-6,53
-34,-6,54
-34,-6,53
-35,-6,53
-35,-6,54
-34,-6,54
-35,-6,54
-35,-6,53
-34,-6,54
-35,-8,53
-37,-6,53
-36,-6,53
-35,-6,53
-35,-6,53
-35,-6,53
-35,-6,54
-36,-6,53
-36,-6,53
-36,-6,53
-36,-6,53
-36,-6,53
-35,-6,53
-35,-6,53
-35,-6,53
-36,-6,53
-37,-6,53
-37,-6,53
-36,-6,53
-36,-6,53
-36,-6,53
-36,-6,53
-36,-6,52
-36,-6,52
-37,-6,52
-37,-6,52
-37,-6,52
-37,-6,52
-36,-6,53
-36,-6,53
-36,-6,53
-36,-6,53
-36,-6,53
-36,-6,53
-36,-6,53
-36,-6,53
-36,-6,53
-36,-6,53
-36,-6,53
-36,-6,53
-36,-6,53
-37,-6,52
-36,-6,53
-36,-6,53
-36,-6,53
-36,-6,53
-36,-6,53
-37,-6,52
-36,-6,53
-36,-6,53
-36,-6,53
-36,-6,53
-36,-6,53
-36,-6,53
-36,-6,53
-36,-6,52
-36,-6,52
-36,-6,53
-36,-6,53
-35,-6,53
-36,-6,54
-35,-6,53
-36,-7,53
-36,-6,53
-35,-6,53
-36,-6,53
-36,-6,52
-37,-6,53
-37,-7,52
-36,-7,52
-36,-6,53
-36,-6,53
-36,-6,53
-36,-6,52
-37,-6,53
-36,-6,52
-37,-7,52
-36,-7,53
-36,-6,53
-36,-6,53
-36,-6,53
-37,-6,52
-37,-7,52
-36,-6,52
-37,-6,52
-36,-6,53
-36,-6,53
-36,-6,52
-37,-6,52
-37,-6,52
-37,-7,52
-37,-6,52
-36,-6,53
-37,-6,53
-36,-6,53
-37,-6,53
-37,-6,52
-37,-7,52
-37,-7,52
-37,-6,52
-36,-6,53
-36,-6,53
-37,-6,52
-37,-7,52
-37,-6,52
-37,-6,52
-37,-6,52
-36,-6,53
-36,-6,52
-37,-6,52
-37,-6,52
-37,-6,52
-37,-7,52
-37,-6,52
-37,-6,52
-36,-6,52
-37,-6,52
-37,-6,52
-37,-6,52
-37,-7,51
-37,-7,52
-37,-7,52
-37,-6,52
-37,-6,53
-37,-6,52
-38,-7,52
-37,-7,52
-37,-7,52
-37,-6,52
-37,-6,53
-37,-6,52
-37,-6,52
-37,-7,52
-38,-7,52
-37,-7,52
-37,-6,52
-37,-6,53
-37,-6,52
-37,-6,52
-37,-7,52
-38,-7,52
-37,-6,52
-37,-6,53
-37,-6,52
-37,-6,52
-37,-6,52
-37,-7,51
-37,-7,52
-37,-6,52
-37,-6,52
-37,-6,52
-37,-6,53
-37,-6,52
-37,-7,52
-37,-7,52
-37,-6,52
-37,-6,52
-37,-6,52
-37,-6,52
-37,-6,52
-37,-6,52
-37,-7,52
-37,-6,52
-37,-6,52
-37,-6,52
-37,-6,52
-37,-6,52
-37,-6,52
-37,-7,52
-37,-6,52
-37,-6,52
-37,-6,52
-37,-6,52
-37,-7,52
-37,-6,52
-37,-6,52
-37,-6,52
-37,-6,52
-37,-6,53
-37,-7,52
-37,-7,52
-38,-6,52
-38,-6,52
-37,-7,52
-37,-6,52
-36,-6,52
-37,-6,52
-38,-7,52
-38,-7,51
-37,-7,52
-37,-6,52
-37,-6,52
-37,-7,52
-37,-6,52
-37,-7,52
-37,-7,52
-37,-7,52
-37,-6,52
-37,-6,52
-37,-6,52
-37,-7,52
-37,-6,52
-37,-7,52
-38,-7,52
-37,-7,52
-37,-6,52
-37,-7,52
-37,-6,52
-37,-6,52
-37,-6,52
-37,-7,52
-37,-6,52
-37,-7,52
-37,-7,52
-37,-7,52
-37,-7,52
-37,-7,52
-37,-7,52
-37,-7,52
-37,-7,52
-37,-6,52
-37,-7,52
-37,-6,52
-37,-7,52
-37,-7,52
-37,-7,52
-37,-7,52
-37,-6,52
-37,-6,52
-37,-6,52
-37,-7,52
-37,-6,52
-37,-6,52
-37,-6,52
-37,-6,52
-37,-7,52
-37,-7,52
-37,-7,52
-37,-7,52
-37,-6,52
-37,-7,52
-37,-7,52
-37,-6,52
-37,-7,52
-37,-6,52
-37,-7,52
-37,-7,52
-37,-7,52
-37,-7,52
-37,-7,52
-37,-7,52
-37,-7,52
-37,-7,52
-37,-6,52
-37,-7,52
-37,-7,52
-37,-7,52
-37,-6,52
-37,-7,52
-37,-7,52
-37,-7,52
-37,-6,52
-37,-7,52
-37,-6,52
-37,-7,52
-37,-6,52
-38,-7,52
-37,-7,52
-37,-7,52
-37,-7,52
-37,-6,52
-37,-7,52
-37,-6,52
-37,-7,52
-37,-7,52
-37,-7,52
-37,-6,52
-37,-6,52
-37,-7,52
-37,-7,52
-37,-7,52
-37,-7,52
-37,-7,52
-37,-6,52
-37,-6,52
-37,-7,52
-37,-6,52
-37,-7,52
-37,-7,52
-37,-7,52
-37,-7,52
-37,-6,52
-37,-7,52
-37,-7,52
-37,-7,52
-37,-7,52
-37,-6,52
-37,-7,52
-37,-6,52
-38,-7,52
-37,-6,52
-37,-7,52
-37,-6,52
-37,-7,52
-37,-7,52
-37,-6,52
-37,-6,52
-37,-6,52
-37,-7,52
-37,-7,52
-37,-6,52
-37,-7,52
-37,-7,52
-37,-6,52
-37,-6,52
-37,-6,52
-37,-6,52
-37,-6,52
-37,-6,52
-37,-6,52
-37,-6,53
-37,-6,52
-37,-6,52
-37,-6,52
-37,-6,52
-37,-6,52
-37,-6,52
-37,-6,52
-37,-6,52
-37,-7,52
-37,-6,52
-37,-6,52
-37,-6,52
-37,-6,52
-37,-7,52
-37,-6,52
-37,-6,52
-37,-7,52
-37,-6,52
-37,-6,52
-37,-6,52
-37,-7,52
-37,-6,52
-37,-6,52
-37,-7,52
-37,-6,52
-37,-7,52
-37,-7,51
-39,-8,51
-39,-7,50
-38,-4,51
-38,-4,52
-35,-7,53
-35,-7,53
-36,-6,53
-35,-6,54
-38,-4,51
-38,-7,51
-37,-8,51
-36,-6,52
-37,-6,53
-38,-5,52
-38,-6,52
-38,-7,51
-37,-9,51
-39,-6,51
-39,-5,52
-38,-6,52
-39,-7,50
-38,-9,51
-39,-6,51
-39,-5,52
-39,-7,50
-39,-8,50
-38,-7,52
-37,-6,53
-38,-5,51
-39,-6,51
-38,-7,51
-38,-7,52
-38,-6,52
-39,-6,51
-38,-7,51
-38,-7,51
-38,-7,51
-39,-6,51
-38,-6,51
-38,-7,51
-38,-7,51
-39,-6,51
-38,-6,51
-38,-6,51
-39,-6,51
-39,-7,51
-39,-6,51
-40,-7,50
-40,-6,50
-39,-7,51
-38,-6,51
-38,-6,52
-39,-6,51
-39,-6,51
-39,-7,51
-39,-7,51
-39,-7,51
-39,-6,51
-38,-7,52
-38,-7,52
-38,-6,51
-38,-6,52
-38,-6,51
-38,-6,51
-38,-6,51
-37,-6,51
-38,-6,51
-39,-6,51
-39,-7,51
-39,-7,51
-39,-7,51
-39,-7,51
-39,-6,51
-39,-6,51
-39,-7,51
-39,-7,51
-39,-7,51
-39,-7,51
-39,-7,51
-39,-7,51
-39,-6,51
-39,-6,51
-39,-7,51
-39,-6,51
-39,-6,51
-39,-7,51
-39,-6,51
-39,-7,51
-39,-6,51
-39,-7,51
-39,-6,51
-39,-6,51
-39,-6,51
-40,-6,50
-39,-7,50
-39,-7,51
-39,-7,51
-39,-6,51
-39,-6,51
-39,-6,51
-39,-7,50
-39,-6,51
-39,-7,51
-39,-6,51
-39,-6,50
-40,-7,50
-39,-7,50
-39,-7,51
-39,-7,51
-39,-6,51
-39,-7,51
-39,-7,51
-39,-6,51
-39,-7,51
-39,-7,51
-39,-7,51
-39,-7,51
-39,-7,51
-39,-7,51
-39,-6,51
-39,-6,51
-39,-7,50
-39,-7,50
-39,-7,50
-39,-7,51
-39,-7,51
-39,-6,51
-39,-6,51
-39,-6,50
-39,-7,51
-39,-7,50
-39,-7,51
-39,-7,51
-38,-6,51
-39,-6,52
-39,-6,51
-39,-7,51
-39,-7,50
-39,-7,51
-39,-7,51
-39,-7,51
-38,-6,52
-38,-6,51
-39,-6,51
-39,-7,50
-39,-7,51
-39,-7,51
-39,-7,51
-39,-6,51
-39,-6,51
-39,-6,51
-39,-6,51
-39,-7,51
-39,-7,50
-38,-6,51
-38,-6,51
-38,-6,51
-39,-6,51
-39,-7,51
-39,-7,51
-39,-7,50
-38,-6,51
-38,-6,51
-39,-6,51
-39,-6,51
-39,-7,51
-39,-7,51
-39,-7,51
-38,-6,51
-38,-7,51
-39,-6,51
-40,-6,50
-39,-6,50
-40,-7,50
-39,-7,51
-39,-6,51
-39,-6,51
-39,-6,51
-39,-6,51
-39,-7,51
-39,-7,51
-39,-7,50
-39,-6,51
-38,-7,51
-39,-6,51
-40,-6,50
-39,-6,50
-39,-7,51
-40,-7,50
-39,-7,50
-39,-6,51
-38,-6,52
-38,-6,52
-39,-6,51
-39,-6,51
-39,-7,51
-38,-7,51
-38,-7,51
-38,-6,52
-38,-6,52
-39,-6,51
-39,-7,50
-40,-7,50
-39,-7,51
-39,-7,51
-39,-7,51
-39,-6,51
-38,-6,51
-39,-7,51
-39,-7,50
-39,-7,50
-38,-6,51
-38,-6,51
-39,-6,51
-39,-6,51
-39,-6,51
-39,-7,51
-39,-7,51
-39,-6,51
-38,-6,51
-39,-6,51
-39,-6,51
-39,-6,51
-39,-7,51
-39,-7,51
-38,-7,51
-39,-6,51
-39,-6,51
-39,-6,51
-39,-7,50
-40,-7,50
-39,-7,50
-38,-6,51
-38,-6,51
-38,-6,51
-38,-6,51
-38,-7,51
-39,-7,51
-38,-7,51
-39,-6,51
-39,-6,51
-39,-6,51
-39,-6,51
-39,-7,51
-39,-7,50
-39,-7,50
-39,-7,51
-39,-6,51
-39,-5,51
-39,-6,51
-38,-7,51
-38,-7,51
-39,-7,51
-39,-7,51
-38,-6,51
-39,-6,51
-39,-6,51
-39,-6,51
-38,-7,51
-38,-7,51
-38,-6,51
-38,-6,51
-38,-6,52
-39,-6,51
-39,-7,51
-39,-7,51
-38,-7,51
-38,-6,51
-38,-6,51
-39,-6,51
-39,-6,51
-39,-7,51
-39,-7,51
-38,-7,51
-38,-6,51
-38,-6,52
-38,-6,51
-39,-7,51
-39,-7,50
-39,-7,51
-38,-7,51
-38,-6,51
-38,-6,51
-38,-6,52
-39,-6,51
-39,-6,51
-39,-7,50
-39,-7,51
-38,-6,51
-38,-6,52
-38,-6,52
-39,-6,51
-39,-6,51
-38,-7,51
-38,-7,52
-39,-7,51
-39,-6,51
-39,-6,51
-39,-6,51
-39,-6,50
-40,-7,50
-40,-7,49
-39,-6,50
-39,-6,51
-38,-6,52
-38,-6,51
-38,-6,52
-38,-7,51
-39,-7,50
-39,-7,51
-39,-7,51
-39,-7,51
-39,-6,51
-38,-6,51
-39,-6,51
-39,-7,50
-39,-7,50
-40,-7,50
-40,-6,51
-38,-6,52
-38,-6,52
-38,-7,51
-39,-7,51
-39,-7,50
-38,-6,51
-38,-7,51
-38,-6,52
-38,-6,52
-39,-6,51
-39,-7,50
-39,-7,50
-39,-7,50
-39,-7,51
-39,-6,51
-38,-6,52
-38,-7,51
-39,-7,50
-39,-7,50
-39,-7,50
-39,-6,51
-39,-6,51
-39,-6,51
-39,-7,51
-39,-7,50
-39,-7,51
-39,-7,50
-39,-7,51
-39,-6,51
-39,-6,51
-39,-7,51
-39,-7,50
-39,-7,50
-39,-7,51
-39,-7,51
-39,-7,51
-39,-6,51
-39,-6,51
-39,-7,51
-40,-7,50
-40,-7,50
-40,-7,50
-39,-6,50
-39,-6,51
-38,-6,52
-37,-6,52
-39,-7,50
-40,-7,50
-40,-6,50
-40,-7,50
-40,-7,50
-39,-7,51
-38,-6,52
-39,-6,51
-39,-6,51
-38,-7,51
-39,-6,51
-39,-6,51
-39,-7,51
-40,-7,50
-39,-6,51
-38,-6,52
-38,-6,51
-39,-6,51
-40,-7,51
-39,-7,51
-39,-7,50
-40,-7,50
-39,-7,50
-38,-6,51
-39,-6,51
-38,-6,51
-39,-6,51
-39,-7,51
-39,-7,50
-39,-7,51
-39,-7,51
-39,-6,51
-38,-6,52
-39,-6,51
-40,-6,51
-39,-8,50
-37,-8,51
-38,-7,52
-39,-6,51
-39,-5,51
-38,-6,52
-37,-7,52
-38,-7,51
-39,-6,50
-39,-7,50
-39,-7,51
-39,-6,51
-37,-6,52
-38,-6,52
-39,-6,51
-39,-7,50
-39,-7,51
-38,-6,51
-38,-6,51
-38,-6,52
-39,-6,51
-38,-6,51
-39,-7,51
-38,-6,51
-39,-7,51
-38,-6,51
-39,-6,51
-39,-6,51
-39,-7,50
-39,-7,51
-39,-6,51
-39,-6,51
-40,-7,50
-40,-7,50
-41,-7,49
-41,-7,50
-41,-7,50
-40,-7,49
-40,-7,49
-40,-7,49
-40,-8,49
-40,-6,50
-40,-6,50
-40,-7,50
-40,-7,50
-40,-7,50
-40,-7,50
-39,-6,51
-39,-6,51
-39,-6,50
-40,-7,50
-40,-6,50
-40,-7,50
-39,-7,50
-39,-7,50
-39,-7,50
-39,-7,51
-38,-6,51
-38,-6,51
-39,-6,51
-38,-6,51
-39,-6,51
-40,-6,50
-39,-6,50
-39,-6,51
-39,-6,51
-39,-6,51
-39,-6,51
-39,-7,50
-40,-6,50
-39,-6,50
-40,-6,50
-40,-6,50
-40,-6,50
-40,-6,50
-39,-6,50
-40,-7,50
-40,-6,50
-39,-6,51
-39,-6,50
-39,-6,51
-40,-6,50
-39,-6,51
-39,-6,50
-40,-6,50
-40,-6,50
-40,-6,50
-40,-6,50
-40,-6,50
-39,-6,50
-40,-6,50
-40,-6,50
-40,-6,50
-39,-6,51
-40,-7,50
-40,-6,50
-39,-6,51
-40,-6,50
-40,-6,50
-40,-6,50
-39,-6,50
-40,-6,50
-40,-7,50
-40,-6,50
-40,-7,50
-40,-7,49
-41,-7,49
-41,-6,49
-41,-6,50
-40,-7,49
-40,-6,49
-41,-6,49
-40,-7,49
-41,-7,49
-41,-7,48
-41,-7,49
-41,-7,48
-42,-6,49
-41,-7,49
-41,-7,49
-41,-7,49
-41,-7,49
-41,-7,49
-41,-7,49
-41,-6,49
-41,-6,49
-40,-6,49
-40,-6,49
-40,-7,50
-40,-6,50
-40,-7,49
-40,-6,50
-40,-6,50
-40,-6,50
-40,-7,50
-40,-6,50
-39,-6,51
-40,-6,50
-40,-6,50
-39,-6,50
-40,-6,50
-41,-7,49
-40,-6,49
-40,-6,50
-40,-6,50
-39,-6,50
-40,-6,51
-40,-6,50
-40,-6,50
-40,-6,50
-40,-6,50
-40,-6,50
-40,-6,50
-40,-6,50
-40,-6,50
-39,-7,50
-40,-6,50
-40,-6,50
-40,-7,50
-40,-7,50
-40,-7,50
-40,-6,50
-40,-6,50
-40,-6,50
-40,-7,50
-40,-6,50
-40,-6,50
-40,-7,50
-40,-6,50
-39,-6,50
-40,-7,50
-40,-6,50
-40,-6,50
-40,-6,50
-40,-7,50
-39,-6,50
-40,-6,50
-40,-6,50
-40,-6,50
-40,-7,50
-40,-6,50
-40,-6,50
-40,-6,50
-40,-6,50
-40,-6,50
-39,-6,50
-40,-6,50
-39,-6,50
-40,-6,50
-40,-6,50
-39,-7,51
-40,-7,50
-40,-6,50
-39,-6,51
-39,-6,50
-39,-6,50
-39,-6,51
-39,-6,51
-39,-7,51
-39,-6,50
-40,-6,51
-40,-6,50
-40,-7,49
-40,-6,50
-40,-7,50
-40,-6,50
-39,-6,50
-41,-6,50
-39,-7,50
-39,-7,51
-38,-6,51
-39,-6,51
-40,-7,50
-40,-6,49
-40,-6,50
-40,-7,50
-39,-6,51
-39,-6,51
-39,-6,51
-39,-6,51
-40,-6,50
-40,-6,50
-39,-6,51
-39,-7,50
-40,-7,49
-41,-7,49
-40,-6,50
-38,-6,51
-40,-6,50
-41,-7,49
-41,-8,49
-41,-8,49
-42,-7,49
-41,-6,50
-39,-6,51
-40,-6,50
-41,-6,49
-41,-5,49
-42,-5,48
-44,-6,47
-42,-8,47
-43,-9,47
-43,-7,47
-43,-6,47
-43,-6,48
-41,-6,49
-42,-6,49
-41,-6,49
-41,-6,48
-42,-6,48
-42,-6,48
-41,-6,49
-41,-6,49
-40,-5,50
-40,-6,49
-41,-5,49
-42,-7,48
-42,-8,48
-43,-5,48
-43,-4,48
-43,-6,47
-44,-7,47
-42,-7,48
-42,-5,48
-41,-4,49
-41,-5,49
-43,-5,48
-43,-5,48
-43,-5,48
-42,-5,48
-43,-6,48
-43,-5,48
-43,-5,48
-42,-5,49
-40,-5,48
-44,-6,48
-43,-5,48
-43,-5,48
-42,-4,48
-43,-5,48
-44,-5,47
-44,-5,47
-42,-5,48
-42,-5,48
-42,-4,48
-42,-4,48
-42,-5,49
-42,-5,49
-41,-5,48
-41,-5,49
-42,-6,49
-41,-5,48
-42,-5,49
-42,-5,48
-42,-5,48
-42,-5,48
-42,-5,48
-43,-5,47
-42,-5,48
-43,-5,47
-45,-6,46
-43,-5,48
-41,-5,49
-41,-6,48
-42,-6,49
-42,-6,48
-43,-6,48
-43,-5,48
-46,-6,47
-42,-4,47
-42,-5,49
-42,-5,49
-44,-6,48
-44,-6,48
-35,-4,52
-34,-4,53
-33,-3,54
-33,-3,54
-32,-3,54
-32,-3,55
-33,-3,55
-37,-4,53
-37,-4,53
-35,-5,53
-34,-5,54
-35,-5,53
-35,-6,53
-37,-5,53
-39,-7,51
-39,-7,52
-38,-6,51
-39,-6,51
-40,-6,50
-39,-6,51
-40,-7,51
-40,-7,50
-39,-7,51
-39,-6,51
-39,-7,50
-39,-6,51
-41,-7,48
-42,-8,48
-42,-8,48
-43,-7,48
-43,-6,48
-41,-6,49
-41,-7,49
-40,-7,49
-41,-6,49
-40,-6,49
-40,-7,50
-40,-7,50
-41,-7,50
-41,-7,49
-40,-7,49
-40,-7,50
-41,-7,49
-40,-7,50
-40,-7,50
-41,-7,49
-41,-6,49
-40,-6,49
-40,-7,50
-40,-7,49
-40,-7,50
-41,-7,49
-41,-6,49
-39,-7,50
-39,-7,51
-41,-7,49
-42,-9,49
-44,-9,47
-42,-9,48
-43,-6,47
-43,-5,47
-42,-3,49
-42,-4,49
-41,-4,50
-38,-4,50
-40,-5,52
-37,-5,50
-36,-5,52
-35,-6,53
-35,-5,53
-36,-5,52
-36,-5,52
-37,-5,52
-36,-5,52
-37,-5,52
-37,-5,52
-38,-6,52
-37,-5,52
-37,-5,52
-37,-5,52
-38,-5,51
-38,-5,53
-39,-6,54
-38,-2,50
-39,-2,49
-42,-3,49
-43,-4,49
-43,-6,48
-43,-6,47
-44,-6,47
-45,-6,46
-44,-4,47
-44,-4,46
-45,-4,46
-43,-4,48
-43,-5,47
-43,-4,48
-42,-5,47
-45,-6,47
-45,-6,47
-46,-6,46
-41,-5,47
-38,-3,51
-39,-4,51
-38,-5,51
-38,-5,52
-38,-5,52
-39,-5,52
-38,-5,52
-39,-4,51
-39,-5,51
-40,-6,50
-39,-5,49
-40,-5,50
-40,-5,49
-40,-5,50
-40,-5,51
-40,-5,51
-40,-5,50
-39,-5,51
-39,-5,50
-39,-5,51
-40,-6,51
-40,-6,50
-38,-5,51
-39,-5,51
-39,-5,50
-40,-5,50
-39,-5,51
-39,-5,51
-39,-5,51
-39,-5,51
-39,-5,51
-39,-5,51
-39,-5,51
-39,-5,51
-39,-5,51
-39,-5,51
-39,-5,51
-39,-5,51
-39,-5,51
-39,-5,51
-39,-5,51
-39,-5,51
-40,-5,51
-39,-5,50
-39,-5,51
-40,-5,50
-39,-5,51
-39,-5,51
-39,-5,50
-39,-5,51
-40,-5,50
-39,-5,51
-39,-5,51
-40,-5,51
-39,-5,51
-39,-5,50
-39,-5,51
-39,-5,50
-39,-5,51
-39,-5,51
-39,-5,51
-39,-5,51
-39,-5,51
-39,-5,51
-39,-5,51
-39,-5,51
-39,-5,51
-39,-5,51
-39,-5,51
-39,-5,51
-39,-5,51
-39,-5,51
-39,-5,51
-39,-5,51
-39,-5,51
-39,-5,50
-39,-5,51
-39,-5,51
-39,-5,51
-39,-5,51
-39,-5,51
-39,-5,51
-39,-5,51
-39,-5,51
-39,-5,51
-39,-5,51
-39,-5,51
-39,-5,51
-39,-5,51
-39,-5,51
-39,-5,51
-39,-5,51
-39,-5,51
-39,-5,51
-39,-5,51
-39,-5,51
-39,-5,51
-39,-5,51
-39,-5,51
-39,-5,51
-39,-5,51
-39,-5,51
-38,-5,51
-38,-5,51
-38,-5,52
-39,-5,51
-39,-5,51
-39,-5,51
-39,-5,51
-38,-5,51
-39,-4,51
-38,-5,51
-39,-5,51
-39,-5,51
-39,-5,51
-39,-5,51
-38,-5,51
-39,-5,51
-38,-5,51
-39,-5,51
-39,-5,51
-39,-5,51
-39,-5,51
-38,-5,51
-39,-5,51
-39,-5,51
-39,-5,51
-39,-5,51
-39,-5,51
-39,-5,51
-39,-5,51
-39,-5,51
-39,-5,51
-40,-5,51
-40,-5,50
-40,-5,50
-40,-4,50
-40,-5,51
-40,-5,50
-39,-5,50
-40,-5,51
-40,-5,50
-40,-5,51
-39,-5,50
-39,-5,50
-40,-5,50
-39,-5,50
-39,-5,50
-39,-5,51
-39,-5,51
-39,-5,51
-39,-5,51
-39,-4,51
-39,-4,51
-39,-5,51
-39,-5,51
-39,-5,51
-39,-5,51
-40,-5,51
-39,-5,51
-39,-5,51
-39,-5,51
-40,-4,51
-39,-5,51
-39,-5,51
-39,-4,51
-39,-5,52
-39,-5,51
-39,-5,51
-39,-5,51
-39,-5,51
-39,-5,51
-39,-5,51
-39,-5,51
-39,-5,51
-39,-5,51
-39,-5,51
-39,-5,51
-39,-4,51
-39,-5,51
-39,-5,51
-39,-5,51
-39,-5,51
-39,-5,51
-39,-5,51
-39,-5,51
-39,-5,51
-39,-5,51
-38,-5,51
-39,-5,51
-39,-5,51
-38,-5,51
-39,-5,51
-38,-4,51
-39,-5,51
-39,-4,51
-39,-4,51
-39,-5,51
-38,-5,51
-38,-5,51
-39,-5,51
-39,-5,51
-39,-5,51
-39,-5,51
-39,-5,51
-39,-5,51
-39,-5,51
-39,-5,51
-39,-5,51
-38,-5,51
-39,-5,51
-39,-5,51
-39,-5,51
-39,-5,51
-38,-5,51
-40,-5,51
-40,-5,50
-40,-5,51
-39,-5,51
-38,-5,51
-39,-5,51
-38,-5,51
-38,-5,52
-38,-5,53
-39,-4,51
-40,-5,51
-39,-5,51
-39,-5,51
-39,-5,51
-39,-5,51
-39,-5,51
-39,-5,51
-40,-5,51
-39,-5,51
-39,-5,51
-39,-5,51
-39,-5,51
-39,-5,51
-39,-5,51
-39,-5,51
-39,-5,51
-39,-5,51
-39,-5,51
-39,-5,51
-39,-5,51
-38,-5,51
-39,-5,51
-39,-5,51
-39,-5,51
-39,-4,51
-40,-5,51
-40,-5,50
-39,-5,51
-39,-5,51
-39,-5,51
-39,-5,51
-39,-5,50
-40,-5,50
-41,-4,50
-40,-4,50
-39,-4,51
-38,-4,52
-37,-3,52
-39,-4,50
-43,-5,50
-39,-3,50
-37,-3,53
-36,-4,53
-35,-4,53
-35,-4,53
-37,-5,52
-38,-5,52
-39,-5,51
-39,-5,51
-39,-5,51
-39,-5,51
-40,-5,50
-39,-4,51
-40,-5,51
-39,-4,51
-39,-4,51
-39,-4,51
-39,-4,51
-40,-4,50
-40,-4,50
-38,-3,50
-40,-4,50
-40,-4,50
-41,-4,49
-41,-4,50
-40,-5,50
-40,-4,50
-40,-4,50
-41,-4,50
-40,-4,50
-40,-4,50
-41,-4,49
-42,-4,49
-41,-4,50
-41,-4,49
-41,-3,49
-41,-3,48
-44,-3,47
-43,-2,48
-42,-3,48
-41,-3,49
-44,-4,48
-42,-3,49
-42,-1,48
-42,0,49
-41,-1,49
-41,-2,51
-41,-2,49
-40,-1,50
-39,0,51
-39,0,50
-41,-1,52
-38,0,52
-38,2,51
-40,2,51
-39,2,49
-38,2,51
-40,1,51
-42,1,49
-41,1,48
-43,0,48
-43,-2,48
-42,-3,48
-43,-2,48
-42,-3,48
-42,0,48
-43,1,48
-44,1,48
-43,2,47
-43,1,47
-43,0,48
-44,0,48
-43,1,47
-44,1,46
-45,1,46
-46,0,46
-46,0,45
-47,0,45
-46,0,45
-46,0,45
-46,0,46
-45,0,46
-45,0,45
-46,-1,45
-47,-1,45
-46,-1,45
-46,-1,45
-46,-1,45
-47,-1,45
-46,-1,45
-46,-1,45
-46,0,45
-46,-1,45
-46,-1,45
-46,-1,45
-46,-1,45
-47,0,44
-46,0,45
-45,0,45
-44,0,46
-44,-1,47
-44,-1,47
-46,-1,46
-46,-1,45
-46,-1,45
-46,-1,45
-46,-1,46
-45,-1,46
-46,-1,45
-46,-2,45
-46,-1,45
-46,-1,45
-45,0,46
-45,-1,46
-45,-1,46
-45,0,46
-45,-1,46
-45,-1,46
-45,-1,46
-45,-1,46
-45,-1,46
-45,-1,46
-45,-1,46
-45,-1,46
-45,-1,46
-45,-1,46
-45,0,46
-45,0,46
-45,0,46
-45,0,46
-46,0,46
-46,0,46
-46,0,45
-47,0,46
-47,0,45
-46,2,45
-45,2,44
-46,3,46
-46,3,44
-45,3,46
-45,3,45
-47,3,45
-48,3,45
-47,3,46
-48,4,43
-48,5,44
-48,6,45
-48,6,46
-49,6,42
-48,8,44
-45,10,45
-47,13,41
-49,13,38
-47,14,38
-49,13,36
-53,13,36
-49,11,33
-52,11,34
-50,12,35
-49,10,36
-55,9,36
-57,9,37
-54,11,40
-40,10,44
-27,6,57
-32,3,58
-47,2,53
-42,3,50
-31,6,49
-34,6,48
-46,4,49
-44,2,52
-41,0,48
-43,0,50
-40,1,50
-37,2,48
-36,-1,54
-39,-4,56
-34,-4,56
-38,-1,49
-39,-2,48
-35,-4,54
-36,-5,55
-35,-2,52
-36,-4,53
-39,-5,51
-40,-4,49
-41,-6,51
-39,-7,52
-37,-6,53
-36,-4,54
-35,-3,55
-33,-2,55
-33,-2,55
-31,-2,55
-31,-3,55
-32,-4,56
-34,-5,55
-32,-6,55
-31,-5,56
-33,-5,55
-30,-7,55
-31,-6,55
-33,-3,55
-33,-3,55
-33,-4,54
-33,-5,55
-33,-5,56
-32,-4,55
-31,-4,55
-31,-4,56
-31,-5,56
-31,-4,56
-31,-4,56
-31,-5,55
-31,-4,56
-31,-5,55
-32,-5,55
-32,-5,56
-31,-5,56
-31,-5,56
-31,-4,56
-31,-5,56
-32,-5,55
-32,-5,56
-31,-5,56
-32,-5,55
-32,-5,55
-31,-5,56
-32,-5,56
-32,-5,56
-32,-5,55
-32,-5,55
-32,-5,55
-32,-5,55
-32,-5,55
-32,-5,55
-32,-5,55
-32,-5,55
-32,-5,55
-32,-5,55
-32,-5,55
-32,-5,55
-32,-5,55
-32,-4,55
-32,-5,56
-32,-5,55
-32,-5,56
-32,-5,55
-32,-5,55
-32,-5,55
-32,-5,55
-32,-5,55
-32,-5,55
-32,-5,55
-32,-5,55
-32,-5,55
-32,-5,55
-32,-5,55
-32,-5,55
-32,-5,55
-32,-5,55
-32,-5,55
-32,-5,55
-32,-5,55
-32,-5,55
-32,-5,55
-32,-5,55
-32,-5,55
-32,-4,55
-32,-5,55
-32,-5,55
-32,-5,55
-32,-5,55
-32,-5,55
-32,-5,55
-32,-5,55
-32,-5,55
-32,-5,55
-32,-5,55
-32,-5,55
-32,-5,55
-32,-5,55
-32,-5,55
-32,-5,55
-32,-5,56
-32,-5,55
-32,-5,55
-32,-5,55
-32,-5,55
-33,-5,55
-30,-5,55
-33,-4,55
-35,-4,57
-34,-4,55
-35,-2,54
-40,1,56
-47,0,50
-44,5,49
-43,9,52
-39,13,50
-41,11,42
-32,15,46
-44,22,25
-56,16,5
-66,8,-25
-66,11,-26
-65,13,-28
-62,15,-25
-44,16,-23
-49,12,-23
-54,10,-24
-54,8,-26
-58,11,-26
-57,10,-22
-59,5,-21
-71,2,-21
-66,-2,-20
-57,-12,-77
-56,2,-55
-56,2,-32
-53,-1,-36
-57,1,-33
-57,2,-31
-56,2,-30
-60,2,-23
-58,0,-30
-58,-1,-28
-58,-1,-27
-58,-1,-30
-58,2,-30
-59,-2,-28
-57,0,-26
-59,0,-28
-58,-1,-26
-59,-4,-26
-58,-3,-27
-61,-1,-28
-59,-1,-26
-58,-2,-26
-59,-2,-26
-59,-1,-27
-59,-1,-25
-60,-1,-26
-60,-1,-26
-59,-1,-27
-59,-1,-26
-59,-1,-26
-59,-1,-26
-59,-1,-26
-59,-1,-26
-59,-1,-26
-59,-1,-26
-59,-1,-27
-59,-1,-26
-60,-1,-26
-60,-1,-26
-59,-1,-26
-59,-1,-26
-59,-1,-27
-60,-1,-28
-63,-2,-29
-66,-2,-25
-78,-3,-25
-81,-6,-19
-85,-7,-19
-73,-3,-7
-49,-4,-2
-10,6,28
-14,11,28
-53,16,11
-72,17,5
-80,12,4
-72,10,8
-73,-1,16
-70,-6,17
-60,-14,25
-54,-18,26
-60,-22,28
-63,-9,16
-66,-4,13
-66,-5,14
-60,-5,20
-59,-7,23
-60,-7,23
-61,-3,23
-64,-6,18
-65,-5,19
-67,0,15
-67,3,9
-63,3,10
-66,4,9
-69,4,6
-59,2,8
-62,3,18
-63,3,13
-59,8,3
-62,9,2
-67,11,14
-64,9,10
-54,4,31
-51,3,33
-64,1,32
-62,0,31
-52,1,29
-57,4,26
-58,5,26
-64,8,26
-58,6,21
-55,5,27
-58,5,27
-61,6,27
-62,4,27
-64,2,26
-58,1,26
-55,-1,30
-57,-1,30
-61,-1,30
-52,-2,35
-53,-1,36
-56,-1,35
-56,-1,34
-55,0,33
-55,1,33
-55,0,33
-54,0,33
-55,0,34
-55,0,33
-57,-1,32
-57,-2,32
-57,-1,32
-56,-1,33
-56,-1,33
-56,-1,33
-56,0,33
-56,0,33
-55,0,32
-55,0,33
-56,0,33
-55,0,33
-55,0,33
-56,0,33
-55,-2,33
-56,-2,34
-56,-2,35
-55,-1,35
-54,-1,35
-54,-1,35
-54,-1,36
-54,-1,36
-54,-1,36
-53,-1,36
-52,-1,36
-52,-1,37
-50,-4,39
-54,-5,39
-53,-4,40
-53,-4,40
-53,-3,39
-50,-2,38
-50,-2,40
-52,0,39
-51,0,40
-55,-1,40
-59,-2,39
-49,-1,41
-46,1,43
-39,1,45
-39,-1,47
-41,-2,47
-46,-2,47
-48,-3,46
-48,-3,45
-47,-3,45
-46,-4,45
-46,-4,45
-46,-3,46
-45,-3,46
-45,-2,46
-45,-2,46
-46,-2,45
-45,-2,45
-45,-2,46
-45,-3,46
-45,-3,46
-45,-2,47
-45,-2,46
-45,-2,46
-45,-2,46
-45,-2,46
-44,-2,46
-44,-2,46
-44,-2,46
-45,-2,46
-45,-2,46
-45,-2,46
-46,-3,46
-46,-3,46
-46,-3,46
-46,-3,46
-46,-3,45
-46,-3,45
-46,-2,45
-46,-2,45
-46,-2,46
-46,-2,46
-46,-2,46
-46,-2,46
-45,-2,46
-45,-2,46
-46,-2,46
-46,-3,45
-45,-2,46
-44,-2,46
-44,-2,46
-45,-2,46
-45,-2,46
-45,-2,46
-45,-2,46
-45,-2,46
-46,-2,45
-46,-2,46
-45,-2,46
-45,-2,46
-46,-2,46
-46,-2,46
-46,-2,45
-46,-2,45
-45,-2,46
-45,-2,46
-45,-2,45
-45,-2,45
-45,-2,45
-46,-2,46
-46,-2,46
-45,-2,46
-45,-2,46
-45,-2,46
-45,-2,46
-45,-2,46
-45,-3,45
-45,-2,46
-45,-3,46
-46,-3,46
-46,-3,45
-46,-3,46
-45,-3,46
-45,-3,46
-45,-2,46
-45,-2,46
-45,-2,46
-45,-2,45
-46,-1,45
-46,-2,45
-46,-2,45
-46,-2,45
-46,-2,45
-46,-2,45
-46,-2,46
-45,-2,46
-45,-2,46
-45,-2,46
-45,-1,46
-45,-2,45
-45,-2,46
-45,-2,46
-46,-2,46
-46,-3,46
-46,-3,46
-45,-2,46
-46,-2,45
-46,-2,45
-45,-2,46
-45,-2,46
-45,-2,46
-46,-2,45
-46,-2,46
-46,-2,45
-46,-2,45
-46,-2,45
-45,-2,46
-46,-2,46
-45,-2,46
-45,-2,46
-45,-3,46
-46,-2,46
-45,-2,46
-45,-2,46
-45,-2,45
-46,-2,45
-46,-2,45
-46,-2,45
-45,-2,46
-45,-2,46
-46,-2,46
-46,-2,45
-46,-2,45
-46,-2,45
-46,-3,45
-46,-3,45
-45,-2,45
-45,-2,45
-46,-2,46
-46,-2,46
-46,-2,45
-46,-2,45
-46,-2,46
-45,-2,46
-45,-2,45
-46,-2,45
-46,-2,46
-45,-2,46
-45,-2,46
-46,-2,46
-46,-2,46
-46,-2,45
-46,-2,45
-45,-2,46
-45,-2,46
-46,-2,46
-46,-2,45
-46,-2,45
-46,-2,46
-46,-2,46
-45,-2,46
-45,-2,46
-45,-2,46
-45,-2,45
-45,-2,46
-46,-2,46
-46,-2,45
-46,-2,45
-45,-2,45
-45,-2,45
-45,-2,46
-45,-2,45
-45,-2,45
-46,-3,46
-46,-2,46
-45,-2,45
-46,-2,46
-46,-2,46
-46,-2,45
-46,-2,46
-46,-2,46
-46,-2,45
-45,-2,45
-46,-3,45
-46,-3,45
-46,-4,43
-48,-4,46
-47,-4,47
-45,-4,46
-43,-3,46
-44,-1,47
-44,-1,46
-45,-1,47
-44,-1,47
-44,-1,47
-44,0,47
-44,0,48
-43,0,48
-41,1,49
-42,1,49
-42,2,49
-41,3,50
-40,3,50
-39,3,50
-39,3,50
-40,4,51
-39,4,50
-39,4,51
-39,4,50
-38,4,51
-38,4,51
-38,5,52
-38,6,52
-38,6,52
-38,6,50
-37,6,50
-37,5,50
-38,5,51
-39,4,51
-40,3,52
-40,3,52
-39,3,52
-38,3,52
-38,4,52
-37,4,51
-37,4,51
-38,4,51
-39,4,51
-39,4,51
-39,3,51
-40,3,52
-40,2,52
-41,2,52
-41,2,51
-42,3,50
-42,4,49
-40,5,50
-39,5,50
-35,4,52
-34,3,53
-32,3,56
-31,3,56
-30,3,56
-30,2,56
-30,2,55
-30,2,56
-31,1,57
-32,1,58
-33,0,58
-33,1,57
-31,2,58
-27,3,57
-24,3,58
-22,4,57
-21,4,57
-22,5,58
-23,5,58
-24,5,58
-28,4,58
-29,3,58
-30,3,58
-29,2,58
-26,3,59
-25,3,59
-25,3,59
-26,3,59
-25,4,58
-25,4,58
-24,4,58
-24,4,58
-24,4,58
-24,3,59
-24,3,59
-24,3,60
-25,3,60
-25,2,60
-24,3,60
-24,3,59
-24,3,59
-23,3,59
-22,4,59
-20,4,59
-16,4,59
-16,4,60
-17,3,61
-17,3,61
-18,2,62
-22,1,62
-25,2,61
-24,2,60
-23,3,59
-24,3,59
-25,2,59
-25,3,59
-23,3,59
-21,3,59
-22,2,60
-20,2,61
-19,2,61
-17,2,61
-16,2,61
-15,1,61
-16,2,61
-16,1,62
-17,1,62
-20,0,61
-22,1,61
-24,1,60
-25,1,59
-26,0,59
-27,1,59
-27,1,59
-26,1,60
-25,2,60
-24,1,60
-23,0,60
-19,3,60
-18,3,59
-17,3,60
-16,4,60
-16,4,60
-16,4,62
-16,3,61
-17,3,61
-17,3,62
-16,3,63
-15,3,63
-16,3,61
-15,4,62
-16,4,61
-15,5,61
-15,4,62
-15,3,62
-13,3,62
-14,3,61
-13,4,61
-12,4,61
-13,4,62
-13,4,62
-13,4,62
-13,3,62
-13,4,63
-13,4,62
-12,3,62
-14,3,62
-14,4,62
-14,4,62
-14,5,62
-15,4,61
-14,5,62
-14,3,62
-15,3,61
-16,4,61
-13,5,63
-13,4,61
-14,5,61
-15,5,62
-17,5,63
-16,6,61
-17,7,62
-19,9,61
-19,10,59
-21,10,58
-25,11,60
-25,11,58
-24,11,58
-26,14,58
-27,15,58
-27,15,54
-27,15,53
-29,14,53
-28,15,56
-32,14,54
-37,13,53
-37,13,45
-43,9,22
-51,10,15
-63,11,7
-64,10,-3
-70,10,-13
-66,12,-11
-68,11,-15
-71,11,-18
-64,5,-14
-69,3,-17
-72,5,-18
-68,3,-15
-63,1,-12
-65,-1,-8
-64,-1,-8
-66,-1,-8
-67,0,-7
-62,-1,1
-66,-1,3
-66,-1,4
-67,-2,3
-66,0,10
-68,-2,10
-63,-2,12
-62,0,15
-64,1,17
-64,0,18
-60,-1,16
-54,-2,23
-57,-4,24
-54,-10,25
-49,-15,26
-65,-17,36
-61,-4,18
-70,-7,15
-63,-4,23
-53,-4,31
-48,-8,37
-54,-6,38
-54,-8,35
-53,-7,37
-60,-9,41
-58,-15,42
-41,-18,51
-42,-2,44
-53,-8,37
-39,-4,34
-26,-3,31
-46,-4,34
-60,-10,37
-26,-8,35
-33,-15,47
-58,-7,32
-52,-5,39
-49,-11,40
-53,-9,37
-53,-8,36
-48,-10,40
-50,-10,40
