1594140175.000000, IBI
109.312500,0.687500
110.015625,0.703125
110.718750,0.703125
111.421875,0.703125
112.140625,0.718750
112.843750,0.703125
113.546875,0.703125
114.250000,0.703125
114.953125,0.703125
115.656250,0.703125
116.375000,0.718750
117.046875,0.671875
117.750000,0.703125
118.468750,0.718750
119.171875,0.703125
119.875000,0.703125
120.609375,0.734375
121.375000,0.765625
122.109375,0.734375
122.828125,0.718750
123.531250,0.703125
124.234375,0.703125
124.937500,0.703125
125.640625,0.703125
126.343750,0.703125
127.046875,0.703125
127.734375,0.687500
128.390625,0.656250
129.062500,0.671875
129.750000,0.687500
130.453125,0.703125
131.125000,0.671875
137.265625,0.671875
137.968750,0.703125
138.656250,0.687500
142.046875,0.687500
142.718750,0.671875
143.375000,0.656250
144.031250,0.656250
144.734375,0.703125
145.406250,0.671875
146.093750,0.687500
146.781250,0.687500
147.484375,0.703125
148.171875,0.687500
148.859375,0.687500
157.578125,0.718750
173.921875,0.734375
174.703125,0.781250
175.484375,0.781250
176.250000,0.765625
177.015625,0.765625
177.812500,0.796875
178.578125,0.765625
179.359375,0.781250
180.140625,0.781250
180.906250,0.765625
181.687500,0.781250
182.437500,0.750000
183.171875,0.734375
183.906250,0.734375
184.656250,0.750000
185.406250,0.750000
186.140625,0.734375
186.890625,0.750000
187.640625,0.750000
188.359375,0.718750
194.156250,0.718750
194.890625,0.734375
195.640625,0.750000
196.359375,0.718750
196.968750,0.609375
197.828125,0.859375
198.546875,0.718750
199.234375,0.687500
199.937500,0.703125
200.656250,0.718750
201.390625,0.734375
202.062500,0.671875
202.796875,0.734375
203.515625,0.718750
204.234375,0.718750
204.953125,0.718750
205.640625,0.687500
216.406250,0.734375
217.187500,0.781250
217.953125,0.765625
218.687500,0.734375
219.421875,0.734375
220.046875,0.625000
285.828125,0.734375
286.515625,0.687500
287.078125,0.562500
291.375000,0.671875
292.078125,0.703125
292.765625,0.687500
293.484375,0.718750
294.203125,0.718750
294.921875,0.718750
295.656250,0.734375
301.250000,0.703125
305.171875,0.625000
338.000000,0.796875
338.718750,0.718750
339.453125,0.734375
340.171875,0.718750
340.921875,0.750000
341.625000,0.703125
375.031250,0.484375
393.609375,0.765625
394.328125,0.718750
395.062500,0.734375
399.687500,0.781250
400.312500,0.625000
517.500000,0.468750
525.468750,0.625000
526.109375,0.640625
526.796875,0.687500
527.453125,0.656250
528.203125,0.750000
528.921875,0.718750
874.468750,0.734375
888.578125,0.718750
889.156250,0.578125
977.203125,0.796875
995.515625,0.718750
1084.328125,0.734375
1085.046875,0.718750
1183.671875,0.671875
1184.390625,0.718750
1185.109375,0.718750
1185.843750,0.734375
1186.546875,0.703125
1187.265625,0.718750
1188.015625,0.750000
1298.640625,0.796875
1299.421875,0.781250
1300.218750,0.796875
1300.968750,0.750000
1301.765625,0.796875
1302.406250,0.640625
1306.281250,0.734375
1307.015625,0.734375
1307.765625,0.750000
1308.531250,0.765625
1309.187500,0.656250
1310.062500,0.875000
1310.812500,0.750000
1311.546875,0.734375
1312.250000,0.703125
1312.921875,0.671875
1313.609375,0.687500
1314.328125,0.718750
1329.671875,0.765625
1412.296875,0.765625
1413.062500,0.765625
1413.843750,0.781250
1856.375000,0.671875
1857.078125,0.703125
1860.703125,0.781250
1869.937500,0.843750
1874.531250,0.562500
1885.875000,0.781250
1886.578125,0.703125
1887.265625,0.687500
1887.937500,0.671875
1888.640625,0.703125
1889.359375,0.718750
1890.046875,0.687500
1890.796875,0.750000
1891.453125,0.656250
1892.109375,0.656250
1892.796875,0.687500
1893.500000,0.703125
1894.218750,0.718750
1894.937500,0.718750
1895.640625,0.703125
1896.343750,0.703125
1897.031250,0.687500
1897.718750,0.687500
1898.421875,0.703125
1899.109375,0.687500
1899.796875,0.687500
1900.484375,0.687500
1901.296875,0.812500
1908.625000,0.671875
1909.296875,0.671875
1930.968750,0.875000
1937.640625,0.687500
1938.359375,0.718750
1939.046875,0.687500
1939.765625,0.718750
1940.421875,0.656250
1941.156250,0.734375
1941.843750,0.687500
1942.562500,0.718750
1947.453125,0.593750
1960.703125,0.671875
1975.015625,0.718750
1975.718750,0.703125
1976.406250,0.687500
1977.109375,0.703125
1977.812500,0.703125
2027.843750,0.578125
2028.687500,0.843750
2029.421875,0.734375
2030.093750,0.671875
2030.796875,0.703125
2105.031250,0.671875
2105.765625,0.734375
2161.156250,0.593750
2161.812500,0.656250
2162.390625,0.578125
2165.140625,0.718750
2168.906250,0.687500
2169.515625,0.609375
2186.312500,0.828125
2193.437500,1.140625
2632.531250,0.625000
2633.015625,0.484375
2983.187500,0.640625
2983.859375,0.671875
2984.500000,0.640625
2985.109375,0.609375
3012.781250,0.718750
3013.484375,0.703125
3084.484375,0.718750
3085.328125,0.843750
3098.250000,0.765625
3110.375000,0.687500
3111.046875,0.671875
3111.734375,0.687500
3112.468750,0.734375
3113.203125,0.734375
3113.953125,0.750000
3128.359375,0.687500
3140.796875,0.703125
3141.468750,0.671875
3142.156250,0.687500
3142.843750,0.687500
3143.531250,0.687500
3144.203125,0.671875
3144.859375,0.656250
3145.515625,0.656250
3146.218750,0.703125
3146.875000,0.656250
3147.578125,0.703125
3148.265625,0.687500
3624.359375,0.671875
3717.937500,0.609375
3718.500000,0.562500
3730.296875,0.625000
3741.421875,0.593750
3742.062500,0.640625
3820.750000,0.750000
3853.390625,0.546875
3853.906250,0.515625
3854.500000,0.593750
4003.281250,0.703125
4071.343750,0.593750
4071.953125,0.609375
4115.531250,0.593750
4116.156250,0.625000
4116.750000,0.593750
4117.359375,0.609375
4124.875000,0.515625
4125.484375,0.609375
4126.046875,0.562500
4126.609375,0.562500
4127.187500,0.578125
4127.781250,0.593750
4147.000000,0.609375
4147.609375,0.609375
4148.218750,0.609375
4148.843750,0.625000
4149.453125,0.609375
4150.062500,0.609375
4150.671875,0.609375
4151.281250,0.609375
4151.890625,0.609375
4152.515625,0.625000
4153.156250,0.640625
4153.796875,0.640625
4154.421875,0.625000
4155.062500,0.640625
4158.734375,0.593750
4159.343750,0.609375
4159.937500,0.593750
4160.578125,0.640625
4161.218750,0.640625
4161.843750,0.625000
4162.468750,0.625000
4163.093750,0.625000
4163.703125,0.609375
4173.921875,0.609375
4174.531250,0.609375
4182.109375,0.578125
4182.703125,0.593750
4189.875000,0.625000
4190.437500,0.562500
4191.062500,0.625000
4191.687500,0.625000
4192.312500,0.625000
4192.921875,0.609375
4193.515625,0.593750
4194.125000,0.609375
4194.718750,0.593750
4200.765625,0.609375
4201.359375,0.593750
4201.953125,0.593750
4202.578125,0.625000
4211.406250,0.687500
4212.093750,0.687500
4212.781250,0.687500
4213.468750,0.687500
4214.156250,0.687500
4214.843750,0.687500
4215.531250,0.687500
4216.203125,0.671875
4216.890625,0.687500
4217.546875,0.656250
4218.218750,0.671875
4218.859375,0.640625
4219.500000,0.640625
4390.812500,0.578125
4391.421875,0.609375
4391.984375,0.562500
4567.156250,0.593750
4567.734375,0.578125
4568.359375,0.625000
4569.015625,0.656250
4569.671875,0.656250
4597.828125,0.687500
4612.625000,0.578125
4613.265625,0.640625
4613.890625,0.625000
4629.656250,0.625000
4630.234375,0.578125
4630.796875,0.562500
4631.375000,0.578125
4631.953125,0.578125
4632.453125,0.500000
4817.171875,0.578125
4935.937500,0.593750
4936.546875,0.609375
4937.171875,0.625000
4937.765625,0.593750
4938.343750,0.578125
4938.937500,0.593750
4939.562500,0.625000
5073.296875,0.625000
5073.937500,0.640625
5074.578125,0.640625
5075.218750,0.640625
5079.031250,0.687500
5079.671875,0.640625
5080.296875,0.625000
5080.937500,0.640625
5081.578125,0.640625
5126.421875,0.640625
5127.000000,0.578125
5127.718750,0.718750
5128.343750,0.625000
5128.968750,0.625000
5129.546875,0.578125
5130.140625,0.593750
5130.765625,0.625000
5131.390625,0.625000
5132.000000,0.609375
5132.593750,0.593750
5133.203125,0.609375
5133.796875,0.593750
5134.437500,0.640625
5135.046875,0.609375
5135.671875,0.625000
5136.296875,0.625000
5136.906250,0.609375
5137.531250,0.625000
5138.171875,0.640625
5138.859375,0.687500
5139.562500,0.703125
5140.250000,0.687500
5140.937500,0.687500
5141.640625,0.703125
5142.312500,0.671875
5152.406250,0.687500
5153.093750,0.687500
5153.750000,0.656250
5154.375000,0.625000
5155.031250,0.656250
5155.718750,0.687500
5156.406250,0.687500
5157.078125,0.671875
5157.734375,0.656250
5158.359375,0.625000
5158.984375,0.625000
5159.718750,0.734375
5160.328125,0.609375
5176.093750,0.687500
5176.781250,0.687500
5177.437500,0.656250
5178.062500,0.625000
5178.718750,0.656250
5179.359375,0.640625
5180.015625,0.656250
5180.687500,0.671875
5181.375000,0.687500
5182.062500,0.687500
5182.718750,0.656250
5183.390625,0.671875
5184.062500,0.671875
5184.750000,0.687500
5185.421875,0.671875
5186.078125,0.656250
5186.781250,0.703125
5187.484375,0.703125
5209.140625,0.671875
5214.093750,0.750000
5214.828125,0.734375
5215.546875,0.718750
5216.265625,0.718750
5221.875000,0.968750
5246.875000,0.812500
5247.609375,0.734375
5252.765625,0.734375
5253.500000,0.734375
5254.265625,0.765625
5269.328124,0.656250
5270.015624,0.687500
5270.703124,0.687500
5271.437499,0.734375
5272.171874,0.734375
5272.874999,0.703125
5273.546874,0.671875
5274.281249,0.734375
5274.968749,0.687500
5281.609374,0.671875
5282.234374,0.625000
5329.312499,0.656250
5329.921874,0.609375
5330.640624,0.718750
5335.921874,0.656250
5336.624999,0.703125
5337.359374,0.734375
5370.640624,0.687500
5371.343749,0.703125
5371.906249,0.562500
5422.718749,0.609375
5423.359374,0.640625
5424.015624,0.656250
5424.671874,0.656250
5425.328124,0.656250
5425.937499,0.609375
5426.624999,0.687500
5427.328124,0.703125
5427.984374,0.656250
5428.609374,0.625000
5429.265624,0.656250
5429.859374,0.593750
5430.562499,0.703125
5434.578124,0.687500
5444.046874,0.906250
5444.796874,0.750000
5445.453124,0.656250
5456.187499,0.656250
5456.843749,0.656250
5457.546874,0.703125
5458.218749,0.671875
5458.890624,0.671875
5459.562499,0.671875
5460.281249,0.718750
5460.999999,0.718750
5517.593749,0.671875
5518.281249,0.687500
5518.968749,0.687500
5519.656249,0.687500
5520.343749,0.687500
5521.031249,0.687500
5521.734374,0.703125
5522.421874,0.687500
5523.140624,0.718750
5523.843749,0.703125
5530.656249,0.718750
5531.312499,0.656250
5531.984374,0.671875
5590.687499,0.796875
5591.640624,0.953125
5592.671874,1.031250
5653.015624,0.765625
5659.343749,0.609375
5701.718749,0.656250
5702.437499,0.718750
5703.109374,0.671875
5703.796874,0.687500
5709.140624,0.687500
5709.671874,0.531250
5794.343749,0.640625
5794.984374,0.640625
5795.578124,0.593750
5796.265624,0.687500
5796.984374,0.718750
5815.640624,0.828125
5816.453124,0.812500
5817.374999,0.921875
6140.874999,0.656250
6141.499999,0.625000
6142.171874,0.671875
6198.296874,0.718750
6198.906249,0.609375
6223.187499,0.968750
6223.999999,0.812500
6226.734374,0.484375
6564.953124,0.609375
6565.578124,0.625000
6605.656249,0.562500
6647.640624,0.656250
6651.984374,0.703125
6670.781249,0.640625
6685.828124,0.656250
6686.453124,0.625000
6687.187499,0.734375
6709.562499,0.578125
6710.124999,0.562500
6710.687499,0.562500
6734.390624,0.609375
6735.046874,0.656250
6748.015624,0.656250
6748.624999,0.609375
6749.328124,0.703125
6750.015624,0.687500
6750.703124,0.687500
6751.406249,0.703125
6752.109374,0.703125
6752.796874,0.687500
6753.562499,0.765625
6754.171874,0.609375
6789.234374,0.625000
6789.843749,0.609375
6790.421874,0.578125
6791.062499,0.640625
6836.093749,0.593750
6836.687499,0.593750
6837.296874,0.609375
6837.906249,0.609375
6838.515624,0.609375
6844.749999,0.625000
6845.343749,0.593750
6845.968749,0.625000
6846.749999,0.781250
6849.640624,0.578125
6850.234374,0.593750
6853.265624,0.640625
6858.671874,1.203125
6859.671874,1.000000
6895.874999,0.562500
6900.062499,0.703125
6900.718749,0.656250
6901.374999,0.656250
6902.015624,0.640625
6902.687499,0.671875
6903.343749,0.656250
6903.984374,0.640625
6904.781249,0.796875
6909.781249,0.656250
6910.437499,0.656250
6911.093749,0.656250
6911.734374,0.640625
6917.296874,0.609375
6917.921874,0.625000
6918.546874,0.625000
6919.156249,0.609375
6919.812499,0.656250
6920.437499,0.625000
6921.046874,0.609375
6921.671874,0.625000
6922.312499,0.640625
6922.953124,0.640625
6923.578124,0.625000
6924.203124,0.625000
6924.843749,0.640625
6925.468749,0.625000
6926.093749,0.625000
6926.703124,0.609375
6927.312499,0.609375
6927.937499,0.625000
6928.546874,0.609375
6929.171874,0.625000
6929.812499,0.640625
6930.437499,0.625000
6931.046874,0.609375
6931.687499,0.640625
6939.484374,0.609375
6940.078124,0.593750
6940.687499,0.609375
6941.296874,0.609375
6945.671874,0.609375
6964.499999,0.609375
6965.124999,0.625000
6965.765624,0.640625
6966.390624,0.625000
6967.046874,0.656250
6967.687499,0.640625
6968.343749,0.656250
6968.984374,0.640625
6998.609374,0.656250
6999.203124,0.593750
7016.515624,0.703125
7017.156249,0.640625
7017.843749,0.687500
7018.499999,0.656250
7019.171874,0.671875
7019.828124,0.656250
7020.484374,0.656250
7021.171874,0.687500
7021.796874,0.625000
7026.374999,0.671875
7358.531249,0.750000
7359.203124,0.671875
7359.874999,0.671875
7365.671874,0.703125
7366.406249,0.734375
7367.062499,0.656250
7367.812499,0.750000
7389.624999,0.671875
7390.296874,0.671875
7390.968749,0.671875
7391.671874,0.703125
7392.359374,0.687500
7393.015624,0.656250
7393.656249,0.640625
7394.296874,0.640625
7394.953124,0.656250
7395.609374,0.656250
7396.281249,0.671875
7396.937499,0.656250
7397.609374,0.671875
7398.249999,0.640625
7398.937499,0.687500
7399.624999,0.687500
7400.312499,0.687500
7401.015624,0.703125
7401.656249,0.640625
7402.281249,0.625000
7402.937499,0.656250
7403.578124,0.640625
7404.234374,0.656250
7404.859374,0.625000
7405.484374,0.625000
7406.124999,0.640625
7406.734374,0.609375
7407.421874,0.687500
7414.578124,0.640625
7415.203124,0.625000
7415.828124,0.625000
7416.484374,0.656250
7417.124999,0.640625
7417.796874,0.671875
7418.468749,0.671875
7419.124999,0.656250
7419.812499,0.687500
7420.468749,0.656250
7437.406249,0.671875
7438.031249,0.625000
7438.703124,0.671875
7439.374999,0.671875
7440.046874,0.671875
7440.718749,0.671875
7441.374999,0.656250
7465.390624,0.656250
7466.062499,0.671875
7466.734374,0.671875
7467.421874,0.687500
7468.109374,0.687500
7468.749999,0.640625
7485.453124,0.640625
7486.140624,0.687500
7486.843749,0.703125
7487.531249,0.687500
7488.234374,0.703125
7488.921874,0.687500
7489.624999,0.703125
7490.234374,0.609375
7490.828124,0.593750
7491.578124,0.750000
7492.249999,0.671875
7499.015624,0.671875
7499.718749,0.703125
7500.390624,0.671875
7501.093749,0.703125
7501.765624,0.671875
7505.656249,0.656250
7506.312499,0.656250
7513.531249,0.656250
7514.156249,0.625000
7521.249999,0.640625
7521.859374,0.609375
7522.453124,0.593750
7523.078124,0.625000
7523.718749,0.640625
7524.343749,0.625000
7528.187499,0.625000
7528.843749,0.656250
7529.531249,0.687500
7530.156249,0.625000
7539.578124,0.781250
7540.187499,0.609375
7576.343749,0.625000
7576.921874,0.578125
7599.984374,0.625000
7600.656249,0.671875
7604.781249,0.687500
7605.515624,0.734375
7638.890624,0.625000
7653.453124,0.640625
7653.953124,0.500000
7657.640624,0.593750
7658.234374,0.593750
7658.828124,0.593750
7659.468749,0.640625
7702.218749,0.640625
