1593094946.000000, IBI
16.703125,0.734375
26.968750,0.734375
27.828125,0.859375
28.750000,0.921875
29.671875,0.921875
30.546875,0.875000
31.453125,0.906250
32.296875,0.843750
33.125000,0.828125
33.921875,0.796875
34.640625,0.718750
35.375000,0.734375
36.109375,0.734375
273.078125,0.593750
283.312500,0.812500
283.953125,0.640625
434.796875,0.750000
435.625000,0.828125
493.343750,0.640625
522.046875,0.578125
522.671875,0.625000
523.250000,0.578125
530.296875,0.671875
530.906250,0.609375
531.515625,0.609375
542.671875,0.921875
557.515625,0.703125
619.593750,0.500000
620.171875,0.578125
620.718750,0.546875
621.312500,0.593750
621.843750,0.531250
622.453125,0.609375
622.968750,0.515625
728.031250,0.515625
743.765625,0.390625
744.187500,0.421875
744.546875,0.359375
744.890625,0.343750
755.390625,0.421875
755.765625,0.375000
775.187500,0.500000
775.656250,0.468750
776.093750,0.437500
776.468750,0.375000
776.968750,0.500000
777.328125,0.359375
853.578125,0.500000
973.203125,0.671875
974.093750,0.890625
974.781250,0.687500
1009.375000,0.640625
1013.671875,0.640625
1014.296875,0.625000
1015.015625,0.718750
1015.750000,0.734375
1064.921875,0.765625
1065.640625,0.718750
1066.390625,0.750000
1067.093750,0.703125
1067.859375,0.765625
1068.593750,0.734375
1069.359375,0.765625
1070.109375,0.750000
1070.843750,0.734375
1071.609375,0.765625
1075.984375,0.750000
1076.718750,0.734375
1077.406250,0.687500
1078.109375,0.703125
1078.875000,0.765625
1079.625000,0.750000
1080.312500,0.687500
1081.078125,0.765625
1081.765625,0.687500
1082.500000,0.734375
1083.218750,0.718750
1083.937500,0.718750
1182.890625,0.671875
1183.625000,0.734375
1184.343750,0.718750
1523.140625,0.578125
1535.984375,0.609375
1536.593750,0.609375
1537.203125,0.609375
1537.812500,0.609375
1538.328125,0.515625
1538.812500,0.484375
1543.921875,0.593750
1544.531250,0.609375
1545.125000,0.593750
1545.765625,0.640625
1546.390625,0.625000
1551.296875,0.609375
1551.921875,0.625000
1552.593750,0.671875
1585.437500,0.578125
1601.093750,0.625000
1601.734375,0.640625
1666.687500,0.515625
1667.281250,0.593750
1667.937500,0.656250
1668.484375,0.546875
1743.765625,0.468750
1866.921875,0.656250
1879.437500,0.609375
1904.796875,0.468750
1905.468750,0.671875
1906.062500,0.593750
1924.828125,0.609375
1925.421875,0.593750
1979.656250,0.734375
1980.234375,0.578125
1981.046875,0.812500
1981.671875,0.625000
1982.328125,0.656250
1982.953125,0.625000
1983.500000,0.546875
1984.015625,0.515625
2007.265625,0.718750
2007.796875,0.531250
2008.500000,0.703125
2009.093750,0.593750
2009.703125,0.609375
2010.296875,0.593750
2010.890625,0.593750
2011.500000,0.609375
2012.093750,0.593750
2012.687500,0.593750
2013.359375,0.671875
2013.953125,0.593750
2014.625000,0.671875
2015.234375,0.609375
2015.843750,0.609375
2016.453125,0.609375
2019.937500,0.593750
2020.515625,0.578125
2021.125000,0.609375
2021.687500,0.562500
2074.062500,1.015625
2098.031250,0.500000
2098.609375,0.578125
2099.140625,0.531250
2099.687500,0.546875
2100.250000,0.562500
2111.437500,0.562500
2112.000000,0.562500
2112.578125,0.578125
2113.296875,0.718750
2147.484375,0.593750
2155.093750,0.562500
2155.687500,0.593750
2156.265625,0.578125
2156.906250,0.640625
2157.515625,0.609375
2158.109375,0.593750
2158.734375,0.625000
2159.359375,0.625000
2159.890625,0.531250
2324.187500,0.562500
2324.843750,0.656250
2325.328125,0.484375
2328.671875,0.609375
2329.328125,0.656250
2329.968750,0.640625
2330.500000,0.531250
2331.250000,0.750000
2331.937500,0.687500
2332.625000,0.687500
2339.781250,0.671875
2340.421875,0.640625
2341.078125,0.656250
2341.750000,0.671875
2342.406250,0.656250
2343.062500,0.656250
2343.718750,0.656250
2344.390625,0.671875
2345.062500,0.671875
2345.750000,0.687500
2346.421875,0.671875
2347.109375,0.687500
2347.796875,0.687500
2348.500000,0.703125
2352.515625,0.671875
2353.203125,0.687500
2353.875000,0.671875
2354.562500,0.687500
2355.234375,0.671875
2355.906250,0.671875
2356.562500,0.656250
2357.234375,0.671875
2357.921875,0.687500
2358.609375,0.687500
2359.281250,0.671875
2359.968750,0.687500
2360.671875,0.703125
2361.359375,0.687500
2362.062500,0.703125
2362.734375,0.671875
2363.406250,0.671875
2364.093750,0.687500
2364.781250,0.687500
2365.468750,0.687500
2366.140625,0.671875
2366.843750,0.703125
2367.546875,0.703125
2368.281250,0.734375
2369.000000,0.718750
2369.703125,0.703125
2370.390625,0.687500
2371.078125,0.687500
2371.734375,0.656250
2372.406250,0.671875
2373.109375,0.703125
2373.781250,0.671875
2374.468750,0.687500
2375.171875,0.703125
2375.875000,0.703125
2376.546875,0.671875
2377.218750,0.671875
2377.875000,0.656250
2378.515625,0.640625
2379.203125,0.687500
2379.859375,0.656250
2380.531250,0.671875
2381.203125,0.671875
2381.859375,0.656250
2382.531250,0.671875
2383.203125,0.671875
2383.875000,0.671875
2384.562500,0.687500
2385.234375,0.671875
2385.890625,0.656250
2386.578125,0.687500
2387.234375,0.656250
2387.906250,0.671875
2388.546875,0.640625
2389.203125,0.656250
2389.859375,0.656250
2390.500000,0.640625
2391.156250,0.656250
2391.812500,0.656250
2392.484375,0.671875
2393.140625,0.656250
2393.796875,0.656250
2394.531250,0.734375
2399.468750,0.640625
2400.156250,0.687500
2400.812500,0.656250
2401.500000,0.687500
2402.187500,0.687500
2402.812500,0.625000
2403.515625,0.703125
2404.171875,0.656250
2404.812500,0.640625
2405.453125,0.640625
2406.109375,0.656250
2406.781250,0.671875
2407.421875,0.640625
2408.140625,0.718750
2408.812500,0.671875
2409.468750,0.656250
2410.171875,0.703125
2410.843750,0.671875
2411.515625,0.671875
2412.203125,0.687500
2413.000000,0.796875
2413.843750,0.843750
2414.671875,0.828125
2564.359375,0.578125
2564.906250,0.546875
2565.468750,0.562500
2613.406250,0.578125
2912.000000,0.812500
3303.828125,0.781250
3304.468750,0.640625
3305.218750,0.750000
3305.906250,0.687500
3306.578125,0.671875
3307.187500,0.609375
3311.468750,0.734375
3312.046875,0.578125
3312.656250,0.609375
3320.296875,0.656250
3321.000000,0.703125
3321.656250,0.656250
3322.359375,0.703125
3323.046875,0.687500
3323.750000,0.703125
3324.406250,0.656250
3325.140625,0.734375
3325.796875,0.656250
3326.406250,0.609375
3327.156250,0.750000
3327.843750,0.687500
3328.546875,0.703125
3329.265625,0.718750
3349.609375,0.765625
3355.015625,0.609375
3355.453125,0.437500
3358.359375,0.421875
3373.953125,0.656250
3389.734375,0.515625
3583.812500,0.531250
4771.437500,0.359375
4968.546875,0.843750
4969.171875,0.625000
5534.421875,0.765625
5626.156249,0.921875
5719.609374,0.781250
5720.281249,0.671875
5721.046874,0.765625
5829.953124,0.609375
5830.640624,0.687500
6136.187499,0.703125
7697.187499,0.750000
7941.109374,0.515625
8652.874999,0.453125
8818.812499,0.562500
8864.968749,0.687500
8928.828124,0.828125
9282.999999,0.609375
10543.218750,0.765625
10548.312500,0.390625
10848.890625,0.656250
10849.406250,0.515625
11601.937500,0.671875
11801.671875,0.718750
11802.281250,0.609375
11802.812500,0.531250
