1593029038.000000, IBI
121.812500,0.625000
122.453125,0.640625
123.109375,0.656250
135.203125,0.750000
135.953125,0.750000
136.765625,0.812500
141.312500,0.734375
142.015625,0.703125
142.781250,0.765625
143.531250,0.750000
144.265625,0.734375
145.000000,0.734375
145.750000,0.750000
146.531250,0.781250
147.218750,0.687500
154.812500,0.593750
155.468750,0.656250
156.140625,0.671875
156.843750,0.703125
161.343750,0.656250
162.062500,0.718750
162.875000,0.812500
167.937500,0.734375
168.625000,0.687500
189.968750,0.718750
190.765625,0.796875
191.500000,0.734375
489.906250,0.703125
490.484375,0.578125
491.109375,0.625000
491.734375,0.625000
492.359375,0.625000
493.062500,0.703125
493.750000,0.687500
503.359375,0.718750
504.078125,0.718750
504.781250,0.703125
505.484375,0.703125
506.234375,0.750000
522.515625,0.671875
523.203125,0.687500
533.328125,0.718750
1577.374999,0.671875
1578.156249,0.781250
1578.921874,0.765625
1628.109374,0.765625
1628.843749,0.734375
1629.593749,0.750000
1630.390624,0.796875
1631.171874,0.781250
1631.906249,0.734375
1632.687499,0.781250
1633.437499,0.750000
1634.187499,0.750000
1642.203124,0.765625
1642.906249,0.703125
1643.609374,0.703125
1760.281249,0.703125
1761.031249,0.750000
2011.656249,0.515625
2116.703124,0.625000
2117.562499,0.859375
2118.406249,0.843750
2128.390624,0.843750
2129.031249,0.640625
2129.874999,0.843750
2130.515624,0.640625
2131.437499,0.921875
2176.265624,0.718750
2176.984374,0.718750
2209.328124,0.703125
2210.046874,0.718750
2210.828124,0.781250
2211.609374,0.781250
2212.328124,0.718750
2213.046874,0.718750
2213.734374,0.687500
2214.484374,0.750000
2215.296874,0.812500
2216.078124,0.781250
2216.906249,0.828125
2217.749999,0.843750
2218.562499,0.812500
2219.343749,0.781250
2220.156249,0.812500
2221.203124,1.046875
2396.812499,0.734375
2397.562499,0.750000
2398.296874,0.734375
2399.031249,0.734375
2399.703124,0.671875
2400.484374,0.781250
2401.265624,0.781250
2409.484374,0.812500
2410.234374,0.750000
2410.999999,0.765625
2411.828124,0.828125
2412.609374,0.781250
2413.234374,0.625000
2529.015624,0.625000
2529.671874,0.656250
2563.156249,0.640625
2703.953124,0.703125
2803.406249,0.734375
2804.203124,0.796875
2804.953124,0.750000
2805.671874,0.718750
2806.437499,0.765625
2807.187499,0.750000
2807.953124,0.765625
2808.687499,0.734375
2991.124999,1.109375
3055.374999,0.765625
3056.140624,0.765625
3056.859374,0.718750
3057.624999,0.765625
3058.374999,0.750000
3068.124999,0.734375
3068.843749,0.718750
3069.546874,0.703125
3070.265624,0.718750
3071.015624,0.750000
3071.718749,0.703125
3072.484374,0.765625
3073.234374,0.750000
3073.968749,0.734375
3074.687499,0.718750
3075.437499,0.750000
3085.015624,0.750000
3085.765624,0.750000
3086.484374,0.718750
3087.249999,0.765625
3088.015624,0.765625
3088.749999,0.734375
3089.531249,0.781250
3090.312499,0.781250
3091.046874,0.734375
3091.812499,0.765625
3092.593749,0.781250
3093.312499,0.718750
3094.046874,0.734375
3094.749999,0.703125
3095.437499,0.687500
3096.124999,0.687500
3102.468749,0.671875
3103.156249,0.687500
3103.828124,0.671875
3104.562499,0.734375
3105.312499,0.750000
3106.015624,0.703125
3106.687499,0.671875
3107.390624,0.703125
3108.093749,0.703125
3108.796874,0.703125
3109.499999,0.703125
3110.218749,0.718750
3110.937499,0.718750
3111.624999,0.687500
3112.359374,0.734375
3113.062499,0.703125
3113.749999,0.687500
3114.437499,0.687500
3115.124999,0.687500
3115.812499,0.687500
3116.515624,0.703125
3117.249999,0.734375
3117.937499,0.687500
3118.624999,0.687500
3119.328124,0.703125
3120.046874,0.718750
3120.781249,0.734375
3121.499999,0.718750
3125.609374,0.640625
3126.234374,0.625000
3126.921874,0.687500
3127.656249,0.734375
3128.406249,0.750000
3129.078124,0.671875
3129.812499,0.734375
3130.562499,0.750000
3131.343749,0.781250
3132.109374,0.765625
3132.859374,0.750000
3133.593749,0.734375
3139.906249,0.656250
3140.546874,0.640625
3141.203124,0.656250
3141.874999,0.671875
3142.390624,0.515625
3146.328124,0.656250
3147.031249,0.703125
3147.796874,0.765625
3148.499999,0.703125
3149.171874,0.671875
3149.890624,0.718750
3150.609374,0.718750
3151.359374,0.750000
3152.062499,0.703125
3152.796874,0.734375
3153.531249,0.734375
3154.249999,0.718750
3154.968749,0.718750
3155.656249,0.687500
3156.203124,0.546875
3159.609374,0.640625
3160.296874,0.687500
3161.015624,0.718750
3161.703124,0.687500
3162.406249,0.703125
3163.109374,0.703125
3163.796874,0.687500
3164.531249,0.734375
3165.234374,0.703125
3165.921874,0.687500
3166.593749,0.671875
3167.296874,0.703125
3167.968749,0.671875
3174.546874,0.734375
3175.234374,0.687500
3175.968749,0.734375
3176.687499,0.718750
3177.406249,0.718750
3178.156249,0.750000
3178.921874,0.765625
3179.640624,0.718750
3180.390624,0.750000
3181.140624,0.750000
3181.874999,0.734375
3186.124999,0.671875
3186.796874,0.671875
3187.421874,0.625000
3188.109374,0.687500
3188.765624,0.656250
3189.390624,0.625000
3199.968749,0.656250
3200.593749,0.625000
3201.218749,0.625000
3201.828124,0.609375
3202.421874,0.593750
3203.046874,0.625000
3203.687499,0.640625
3204.328124,0.640625
3204.984374,0.656250
3205.624999,0.640625
3206.281249,0.656250
3206.968749,0.687500
3207.718749,0.750000
3208.437499,0.718750
3217.343749,0.703125
3218.015624,0.671875
3218.703124,0.687500
3219.421874,0.718750
3220.078124,0.656250
3220.828124,0.750000
3221.546874,0.718750
3222.265624,0.718750
3222.999999,0.734375
3223.734374,0.734375
3224.468749,0.734375
3225.156249,0.687500
3225.906249,0.750000
3226.671874,0.765625
3227.406249,0.734375
3228.109374,0.703125
3228.859374,0.750000
3229.562499,0.703125
3230.281249,0.718750
3231.015624,0.734375
3231.734374,0.718750
3232.421874,0.687500
3233.140624,0.718750
3248.031249,0.718750
3248.718749,0.687500
3249.421874,0.703125
3250.124999,0.703125
3250.796874,0.671875
3251.468749,0.671875
3291.374999,0.640625
3292.078124,0.703125
3299.578124,0.828125
3300.171874,0.593750
3300.890624,0.718750
3301.687499,0.796875
3306.124999,0.843750
3316.031249,0.750000
3316.734374,0.703125
3317.312499,0.578125
3343.562499,0.734375
3344.140624,0.578125
3352.749999,0.750000
3353.484374,0.734375
3354.296874,0.812500
3355.062499,0.765625
3355.812499,0.750000
3356.578124,0.765625
3357.343749,0.765625
3358.109374,0.765625
3358.796874,0.687500
3359.531249,0.734375
3360.124999,0.593750
3370.453124,0.750000
3371.171874,0.718750
3388.546874,0.687500
3389.234374,0.687500
3389.953124,0.718750
3390.640624,0.687500
3391.359374,0.718750
3392.046874,0.687500
3392.749999,0.703125
3393.468749,0.718750
3394.156249,0.687500
3394.874999,0.718750
3395.593749,0.718750
3396.343749,0.750000
3397.062499,0.718750
3397.796874,0.734375
3398.546874,0.750000
3399.281249,0.734375
3400.015624,0.734375
3400.718749,0.703125
3401.468749,0.750000
3402.187499,0.718750
3402.906249,0.718750
3403.671874,0.765625
3407.312499,0.703125
3408.031249,0.718750
3408.749999,0.718750
3409.468749,0.718750
3410.171874,0.703125
3410.890624,0.718750
3411.609374,0.718750
3412.296874,0.687500
3412.999999,0.703125
3413.734374,0.734375
3414.421874,0.687500
3415.124999,0.703125
3415.812499,0.687500
3416.546874,0.734375
3417.249999,0.703125
3417.937499,0.687500
3422.812499,0.703125
3428.812499,0.656250
3429.484374,0.671875
3430.156249,0.671875
3430.843749,0.687500
3431.546874,0.703125
3432.249999,0.703125
3432.937499,0.687500
3433.640624,0.703125
3434.359374,0.718750
3435.062499,0.703125
3435.749999,0.687500
3436.468749,0.718750
3437.187499,0.718750
3437.874999,0.687500
3438.578124,0.703125
3439.296874,0.718750
3440.031249,0.734375
3440.718749,0.687500
3441.453124,0.734375
3442.171874,0.718750
3442.874999,0.703125
3443.578124,0.703125
3444.312499,0.734375
3445.031249,0.718750
3445.734374,0.703125
3446.453124,0.718750
3447.156249,0.703125
3447.890624,0.734375
3448.578124,0.687500
3449.249999,0.671875
3449.953124,0.703125
3450.593749,0.640625
3451.218749,0.625000
3451.843749,0.625000
3452.468749,0.625000
3453.124999,0.656250
3453.796874,0.671875
3454.468749,0.671875
3455.156249,0.687500
3455.859374,0.703125
3456.531249,0.671875
3457.218749,0.687500
3457.890624,0.671875
3458.593749,0.703125
3459.249999,0.656250
3459.921874,0.671875
3460.593749,0.671875
3461.249999,0.656250
3461.921874,0.671875
