1595523613.000000, IBI
38.203125,0.843750
39.093750,0.890625
39.984375,0.890625
40.890625,0.906250
41.796875,0.906250
42.734375,0.937500
43.656250,0.921875
44.640625,0.984375
45.562500,0.921875
46.484375,0.921875
47.437500,0.953125
48.359375,0.921875
49.234375,0.875000
50.140625,0.906250
51.046875,0.906250
51.968750,0.921875
59.234375,0.890625
60.109375,0.875000
61.015625,0.906250
61.937500,0.921875
62.843750,0.906250
63.750000,0.906250
64.656250,0.906250
65.531250,0.875000
66.437500,0.906250
67.328125,0.890625
68.203125,0.875000
69.109375,0.906250
70.015625,0.906250
70.921875,0.906250
71.781250,0.859375
72.703125,0.921875
73.625000,0.921875
74.500000,0.875000
75.390625,0.890625
76.250000,0.859375
77.156250,0.906250
78.046875,0.890625
78.937500,0.890625
79.875000,0.937500
80.765625,0.890625
81.718750,0.953125
82.625000,0.906250
83.531250,0.906250
84.437500,0.906250
85.359375,0.921875
86.250000,0.890625
97.671875,0.937500
98.546875,0.875000
99.468750,0.921875
100.421875,0.953125
101.359375,0.937500
102.281250,0.921875
116.812500,0.875000
117.765625,0.953125
118.656250,0.890625
119.578125,0.921875
127.734375,0.906250
128.625000,0.890625
129.562500,0.937500
214.906250,1.031250
215.765625,0.859375
216.859375,1.093750
220.968750,0.468750
221.500000,0.531250
230.734375,0.859375
231.718750,0.984375
232.656250,0.937500
233.609375,0.953125
234.484375,0.875000
235.437500,0.953125
291.765625,0.968750
292.734375,0.968750
293.625000,0.890625
424.156250,0.953125
425.093750,0.937500
426.062500,0.968750
426.984375,0.921875
427.937500,0.953125
428.968750,1.031250
429.937500,0.968750
430.890625,0.953125
431.812500,0.921875
432.859375,1.046875
433.859375,1.000000
488.406250,0.890625
489.140625,0.734375
547.109375,0.968750
548.156250,1.046875
549.171875,1.015625
550.140625,0.968750
551.171875,1.031250
552.187500,1.015625
553.203125,1.015625
571.734375,0.953125
572.703125,0.968750
573.750000,1.046875
574.656250,0.906250
575.656250,1.000000
576.500000,0.843750
577.609375,1.109375
578.468750,0.859375
588.468750,0.937500
594.156250,1.015625
595.218750,1.062500
596.109375,0.890625
597.015625,0.906250
597.937500,0.921875
598.906250,0.968750
599.875000,0.968750
600.781250,0.906250
601.781250,1.000000
602.765625,0.984375
603.734375,0.968750
604.625000,0.890625
617.187500,0.953125
629.750000,1.546875
640.437500,0.953125
646.203125,0.953125
647.171875,0.968750
648.171875,1.000000
649.156250,0.984375
650.109375,0.953125
651.078125,0.968750
675.093750,1.078125
676.312500,1.218750
677.281250,0.968750
707.265625,1.093750
708.218750,0.953125
709.140625,0.921875
719.875000,0.968750
727.656250,1.000000
728.500000,0.843750
729.437500,0.937500
739.500000,1.078125
740.468750,0.968750
741.515625,1.046875
742.593750,1.078125
756.015625,0.859375
756.843750,0.828125
757.750000,0.906250
858.312500,0.640625
859.187500,0.875000
859.859375,0.671875
860.609375,0.750000
864.859375,0.734375
1074.953125,0.796875
1075.671875,0.718750
1130.093750,0.843750
1130.968750,0.875000
1131.750000,0.781250
1132.578125,0.828125
1133.390625,0.812500
1134.187500,0.796875
1135.062500,0.875000
1135.859375,0.796875
1136.671875,0.812500
1137.531250,0.859375
1138.359375,0.828125
1248.203125,0.859375
1249.031250,0.828125
1249.750000,0.718750
1250.531250,0.781250
1306.718750,0.796875
1402.953125,0.718750
1403.750000,0.796875
1404.578125,0.828125
1405.343750,0.765625
1406.109375,0.765625
1406.921875,0.812500
1407.859375,0.937500
1414.328125,0.765625
1415.093750,0.765625
1415.890625,0.796875
1416.671875,0.781250
1417.468750,0.796875
1418.250000,0.781250
1418.859375,0.609375
1422.796875,0.734375
1423.546875,0.750000
1424.312500,0.765625
1425.046875,0.734375
1425.812500,0.765625
1426.546875,0.734375
1427.421875,0.875000
1428.203125,0.781250
1435.015625,0.718750
1435.781250,0.765625
1436.484375,0.703125
1437.234375,0.750000
1437.953125,0.718750
1438.703125,0.750000
1439.468750,0.765625
1440.109375,0.640625
1440.734375,0.625000
1901.421875,0.875000
1902.312500,0.890625
1903.218750,0.906250
1923.656250,0.812500
1924.500000,0.843750
1925.328125,0.828125
1926.140625,0.812500
2233.593750,0.843750
2304.359375,0.906250
2305.125000,0.765625
2439.593750,1.125000
2715.218750,0.859375
2715.984375,0.765625
2716.843750,0.859375
2717.671875,0.828125
2718.406250,0.734375
2719.421875,1.015625
2720.265625,0.843750
2759.343750,0.828125
2765.375000,0.875000
2766.250000,0.875000
2888.046875,0.828125
2888.875000,0.828125
2921.718750,0.796875
2930.421875,0.859375
2931.234375,0.812500
2932.093750,0.859375
3062.453125,0.953125
3070.406250,0.890625
3071.312500,0.906250
3072.171875,0.859375
3073.031250,0.859375
3073.937500,0.906250
3074.812500,0.875000
3075.703125,0.890625
3076.593750,0.890625
3077.515625,0.921875
3078.406250,0.890625
3079.312500,0.906250
3080.281250,0.968750
3081.140625,0.859375
3082.078125,0.937500
3111.843750,0.906250
3112.828125,0.984375
3113.562500,0.734375
3429.421875,0.843750
3430.281250,0.859375
3431.156250,0.875000
3432.015625,0.859375
3432.890625,0.875000
3433.671875,0.781250
3434.546875,0.875000
3435.500000,0.953125
3436.281250,0.781250
3446.531250,0.796875
3447.375000,0.843750
3448.343750,0.968750
3449.125000,0.781250
3452.531250,0.890625
3453.484375,0.953125
3487.265625,0.812500
3488.187500,0.921875
3489.015625,0.828125
3489.843750,0.828125
3490.718750,0.875000
3491.578125,0.859375
3492.375000,0.796875
3493.234375,0.859375
3494.125000,0.890625
3495.000000,0.875000
3495.828125,0.828125
3496.703125,0.875000
3504.375000,0.859375
3505.234375,0.859375
3523.468750,0.796875
